2.34944
-0
-0
-0
-0
-0
-0
1.90534
14.6834
31.8332
-0
-0
-0
-0
-0
14.557
-0
-0
15.3684
-0
-0
-0
-0
-0
-0
-0
27.7793
-0
-0
-0
7.79581
-0
-0
-0
6.87343
-0
-0
-0
-0
-0
-0
-0
-0
0.403868
-0
18.3137
-0
-0
-0
-0
-0
-0
-0
-0
-0
-0
12.5249
0.0872967
42.6198
28.6481
-0
-0
13.2819
-0
6.24077
-0
-0
3.1116
-0
2.61644
-0
-0
-0
-0
-0
2.73286
-0
-0
-0
-0
-0
93.8701
5.4848
25.1168
17.1574
-0
-0
10.3791
-0
-0
2.08531
0.346713
-0
-0
16.0789
-0
2.24698
-0
8.59075
-0
-0
-0
-0
18.0424
-0
-0
-0
-0
-0
-0
8.12575
-0
-0
-0
-0
-0
-0
-0
36.5825
0.699832
38.5521
-0
47.7782
-0
3.50632
-0
-0
-0
-0
-0
-0
27.9701
-0
-0
-0
-0
-0
-0
-0
-0
5.09438
-0
-0
-0
-0
-0
-0
-0
-0
-0
-0
-0
-0
37.355
-0
-0
-0
-0
-0
2.06369
2.03378
-0
-0
-0
-0
-0
-0
-0
-0
66.3319
-0
2.79534
-0
-0
-0
-0
-0
-0
3.89522
-0
-0
-0
-0
-0
-0
12.2233
-0
-0
53.0702
-0
-0
18.6063
-0
19.6838
-0
-0
-0
9.7488
-0
-0
-0
-0
-0
-0
-0
11.485
-0
-0
-0
-0
-0
-0
38.9129
-0
-0
-0
-0
-0
-0
-0
-0
-0
-0
7.75109
-0
-0
-0
-0
-0
-0
-0
-0
-0
-0
-0
-0
-0
-0
-0
-0
-0
-0
-0
-0
-0
-0
51.5652
-0
-0
-0
-0
-0
-0
-0
-0
-0
-0
1.65941
14.5618
-0
-0
-0
-0
-0
-0
-0
-0
-0
-0
-0
-0
-0
-0
15.5299
-0
-0
-0
-0
-0
-0
-0
0.272769
-0
-0
-0
-0
-0
-0
-0
-0
13.4147
-0
24.2739
-0
0.144521
-0
17.94
-0
-0
28.4509
-0
-0
1.87445
-0
8.28357
12.7002
-0
-0
25.6963
-0
14.6742
-0
-0
-0
-0
1.06098
-0
-0
-0
-0
-0
-0
7.70866
10.7053
44.6689
-0
-0
-0
-0
-0
-0
-0
7.27581
-0
-0
-0
-0
3.01515
-0
10.8549
-0
-0
-0
-0
-0
-0
-0
-0
11.246
-0
-0
-0
-0
-0
19.5592
-0
-0
-0
10.7071
-0
-0
-0
-0
44.4941
15.8777
3.67089
-0
-0
33.5042
-0
-0
-0
0.782118
12.7776
-0
-0
-0
-0
-0
-0
-0
23.187
-0
-0
-0
28.6436
-0
-0
-0
-0
-0
-0
-0
-0
-0
-0
-0
19.0619
-0
-0
-0
-0
-0
-0
-0
-0
-0
-0
-0
-0
-0
-0
-0
-0
-0
27.7741
-0
-0
-0
-0
48.9753
-0
-0
-0
-0
-0
-0
-0
-0
6.96661
-0
16.3049
-0
-0
54.2928
-0
-0
-0
-0
-0
-0
-0
-0
-0
-0
-0
-0
-0
-0
-0
43.6714
22.4538
-0
-0
-0
25.1295
-0
-0
-0
-0
-0
-0
4.05693
-0
30.872
-0
31.493
-0
-0
-0
-0
-0
-0
-0
-0
29.7527
13.0504
-0
-0
-0
4.53413
-0
-0
-0
-0
-0
-0
-0
-0
10.6123
-0
-0
-0
-0
7.6882
30.0495
20.2186
-0
-0
17.7662
-0
-0
23.3632
4.45514
-0
-0
-0
-0
-0
-0
-0
-0
-0
21.3784
-0
5.97085
-0
-0
-0
-0
7.65994
-0
-0
18.8465
-0
-0
0.0870647
-0
-0
-0
-0
-0
-0
-0
2.00718
-0
12.2697
14.8601
-0
-0
-0
-0
-0
-0
-0
-0
-0
-0
-0
-0
-0
-0
-0
-0
60.615
31.4859
-0
-0
37.999
-0
-0
-0
0.729138
-0
-0
-0
-0
-0
-0
4.74268
-0
7.85476
-0
-0
-0
-0
-0
-0
22.5569
-0
-0
-0
-0
-0
-0
1.79347
-0
-0
-0
55.1256
-0
-0
36.2623
-0
-0
-0
-0
19.369
-0
-0
-0
-0
-0
-0
-0
-0
-0
-0
-0
-0
-0
-0
1.93739
-0
-0
-0
54.0255
-0
-0
4.79529
-0
-0
-0
38.135
-0
-0
-0
-0
-0
-0
-0
-0
-0
-0
-0
-0
-0
-0
-0
-0
-0
-0
-0
-0
2.95961
-0
-0
-0
-0
2.51281
-0
-0
-0
-0
-0
-0
-0
-0
-0
-0
-0
-0
-0
1.88706
-0
25.0716
-0
-0
-0
-0
-0
-0
-0
-0
-0
-0
-0
4.62775
1.77314
-0
-0
-0
16.9911
-0
-0
17.6691
-0
-0
6.39601
-0
-0
-0
2.0003
-0
-0
-0
-0
-0
-0
-0
-0
-0
-0
-0
-0
-0
-0
-0
-0
-0
-0
29.2078
-0
-0
-0
-0
7.77668
-0
-0
-0
-0
24.6887
-0
-0
25.226
-0
-0
-0
-0
8.89801
14.9038
-0
-0
10.5457
-0
-0
-0
1.90935
-0
-0
-0
-0
-0
-0
-0
26.9868
-0
-0
-0
13.635
4.03489
-0
-0
-0
14.6767
-0
-0
-0
12.8479
-0
-0
1.482
-0
-0
-0
-0
13.1389
-0
-0
-0
-0
-0
-0
-0
-0
-0
-0
2.69927
-0
18.6243
-0
-0
-0
-0
-0
-0
31.4738
62.0177
-0
-0
-0
-0
-0
-0
4.16168
-0
-0
-0
12.921
-0
23.1916
-0
-0
-0
-0
-0
-0
-0
4.3941
-0
3.65263
-0
-0
-0
-0
21.7332
-0
-0
-0
12.3722
-0
-0
44.4385
-0
-0
-0
-0
11.042
-0
-0
37.2158
-0
-0
21.4919
-0
-0
32.687
-0
-0
-0
-0
-0
-0
-0
-0
48.817
7.31882
-0
-0
-0
-0
-0
7.28587
-0
-0
-0
14.3116
6.329
-0
-0
-0
-0
-0
-0
-0
-0
-0
-0
-0
-0
-0
-0
-0
26.9007
-0
43.0192
-0
-0
-0
-0
0.702168
-0
-0
-0
-0
-0
2.4438
-0
-0
16.9632
-0
-0
-0
-0
-0
-0
18.9279
4.15505
-0
0.542725
-0
-0
-0
-0
-0
-0
-0
-0
-0
-0
-0
64.5029
-0
-0
-0
-0
-0
-0
-0
-0
-0
-0
-0
-0
14.1116
-0
-0
6.33445
-0
-0
-0
-0
-0
33.6002
-0
-0
-0
-0
-0
-0
-0
-0
-0
-0
13.3463
-0
40.204
22.2914
-0
-0
-0
-0
-0
-0
-0
28.1306
-0
0.789485
-0
-0
-0
-0
-0
5.53602
-0
-0
-0
-0
-0
-0
-0
28.954
-0
31.7329
-0
-0
-0
46.7565
-0
-0
-0
-0
-0
-0
-0
-0
-0
-0
-0
-0
-0
-0
-0
-0
-0
-0
11.4619
4.18135
-0
19.0584
-0
12.6252
-0
-0
-0
14.3725
-0
11.9305
-0
12.2747
-0
-0
-0
-0
21.9852
-0
-0
-0
-0
-0
-0
-0
-0
-0
0.879074
-0
-0
-0
-0
-0
-0
-0
-0
-0
-0
-0
-0
-0
-0
28.1949
-0
-0
-0
-0
39.158
-0
-0
-0
-0
-0
25.8518
-0
11.2675
10.363
32.9501
-0
-0
-0
-0
-0
-0
-0
13.9384
-0
-0
42.2071
-0
-0
-0
-0
-0
-0
-0
20.9069
-0
32.8464
-0
-0
-0
-0
-0
-0
-0
-0
-0
-0
-0
10.259
-0
-0
7.46349
-0
-0
3.99184
4.13745
-0
-0
-0
-0
-0
-0
-0
15.5697
-0
-0
-0
-0
-0
-0
-0
-0
6.68477
-0
27.34
-0
-0
-0
-0
28.7109
11.2501
-0
-0
-0
-0
14.1256
-0
-0
-0
-0
-0
-0
-0
21.1422
6.54556
-0
-0
-0
-0
-0
2.02944
-0
-0
-0
-0
21.3165
5.2411
-0
-0
-0
-0
-0
-0
-0
-0
-0
-0
-0
-0
23.1893
10.6043
-0
24.5196
-0
-0
10.1693
7.29211
-0
-0
-0
-0
-0
-0
18.6994
4.4163
-0
-0
-0
-0
-0
-0
-0
28.4417
20.3406
11.8663
9.87027
-0
-0
-0
-0
-0
-0
-0
-0
-0
-0
-0
-0
-0
-0
-0
-0
-0
-0
-0
-0
-0
-0
-0
-0
-0
-0
-0
-0
-0
-0
-0
-0
-0
26.508
-0
18.0007
-0
-0
-0
-0
24.0483
-0
-0
-0
-0
-0
-0
-0
-0
2.07199
-0
-0
-0
-0
-0
-0
-0
-0
-0
-0
-0
-0
-0
-0
8.01325
-0
-0
-0
-0
-0
-0
-0
-0
18.7993
-0
-0
27.9437
-0
-0
-0
-0
-0
-0
-0
12.808
3.3506
-0
-0
11.542
-0
-0
-0
-0
25.4641
-0
-0
3.45927
-0
-0
-0
-0
-0
18.9522
-0
14.4222
-0
15.1575
-0
-0
-0
11.3643
-0
-0
62.8108
-0
-0
-0
-0
-0
42.815
-0
35.7739
27.8054
-0
4.21731
16.4305
-0
-0
-0
-0
50.1529
-0
-0
-0
8.68437
-0
-0
54.1066
0.473344
4.87117
-0
-0
-0
10.3077
-0
-0
50.93
-0
-0
-0
-0
-0
-0
-0
-0
-0
-0
9.25536
-0
-0
-0
-0
24.2424
-0
4.90114
-0
11.8218
-0
-0
-0
-0
-0
-0
-0
-0
-0
-0
-0
-0
-0
-0
-0
-0
4.77978
-0
-0
6.69682
-0
-0
-0
18.9893
-0
-0
-0
-0
-0
-0
-0
-0
21.9422
-0
-0
-0
-0
-0
-0
-0
-0
-0
-0
-0
-0
33.2656
43.1382
71.2709
-0
-0
-0
-0
-0
-0
-0
18.5521
-0
-0
-0
-0
7.71881
-0
-0
31.2923
-0
12.4661
9.86664
-0
37.1914
-0
-0
-0
-0
-0
-0
9.26556
-0
-0
-0
27.9964
-0
0.781863
-0
22.7244
-0
0.491683
-0
-0
-0
-0
-0
-0
14.9755
-0
-0
-0
-0
-0
-0
-0
-0
-0
-0
-0
10.0345
-0
-0
-0
-0
-0
-0
-0
-0
-0
-0
-0
-0
7.05235
-0
-0
-0
-0
-0
24.2631
-0
-0
-0
-0
-0
-0
-0
-0
-0
-0
-0
-0
-0
-0
43.0092
-0
26.7136
2.742
6.09244
-0
-0
-0
24.4874
-0
-0
-0
-0
-0
-0
-0
33.3193
-0
-0
-0
-0
-0
-0
-0
-0
-0
-0
-0
11.3139
-0
-0
-0
-0
-0
-0
-0
-0
-0
-0
-0
22.2592
7.54041
-0
-0
37.3215
-0
-0
0.0794506
-0
-0
-0
-0
54.3708
-0
-0
23.5276
5.10349
-0
-0
-0
-0
12.2566
-0
-0
-0
-0
-0
-0
-0
20.3777
-0
-0
-0
-0
-0
-0
-0
-0
-0
-0
-0
-0
-0
-0
53.8175
-0
-0
-0
-0
-0
-0
-0
-0
17.452
-0
-0
14.5939
13.6265
-0
-0
-0
26.0229
-0
-0
-0
-0
61.5211
-0
3.62557
-0
-0
-0
18.5682
-0
-0
-0
-0
-0
-0
15.1361
-0
-0
-0
-0
-0
-0
-0
-0
-0
-0
-0
4.01501
-0
-0
-0
-0
-0
-0
-0
-0
-0
15.1866
-0
-0
-0
-0
-0
-0
-0
2.71077
-0
-0
-0
-0
16.6206
22.5503
-0
37.4852
-0
-0
-0
-0
-0
10.3493
-0
-0
-0
32.1809
-0
-0
-0
-0
-0
-0
-0
3.47887
4.28529
-0
-0
-0
-0
-0
-0
-0
-0
-0
-0
-0
-0
-0
-0
-0
-0
6.64081
-0
-0
21.3291
-0
-0
-0
-0
-0
68.9021
-0
-0
-0
-0
-0
-0
-0
-0
-0
-0
20.8859
27.6407
16.1332
-0
11.8256
-0
-0
-0
-0
17.1326
-0
-0
-0
30.8506
-0
26.3041
-0
-0
-0
-0
-0
-0
-0
-0
-0
-0
-0
-0
-0
-0
-0
-0
-0
-0
-0
-0
-0
40.5412
-0
-0
-0
-0
-0
-0
-0
-0
19.3218
-0
-0
-0
-0
-0
-0
-0
30.3644
23.4791
14.7067
19.6636
-0
-0
-0
-0
-0
-0
-0
-0
-0
-0
-0
12.2523
-0
0.34391
-0
-0
-0
-0
-0
-0
-0
23.7631
-0
-0
-0
-0
-0
-0
3.46652
-0
-0
34.8475
-0
1.89624
36.048
-0
-0
-0
-0
-0
-0
-0
-0
-0
-0
-0
-0
-0
-0
-0
-0
-0
-0
-0
-0
-0
-0
-0
-0
-0
-0
-0
-0
-0
-0
1.92424
-0
-0
52.8631
-0
-0
-0
-0
-0
-0
-0
1.9114
-0
-0
14.9723
-0
9.88431
-0
-0
-0
-0
-0
-0
-0
-0
-0
-0
-0
-0
-0
-0
4.56852
-0
18.156
-0
-0
-0
-0
-0
-0
3.86026
2.58156
-0
-0
19.6549
-0
31.4029
2.8785
19.8231
-0
-0
-0
-0
-0
-0
-0
-0
-0
-0
-0
76.1594
-0
-0
-0
-0
-0
-0
-0
-0
55.8717
22.3489
-0
-0
-0
-0
-0
-0
44.9767
-0
-0
-0
-0
-0
-0
-0
-0
-0
0.049044
-0
-0
-0
78.5787
-0
-0
-0
50.6606
-0
-0
40.4529
-0
-0
-0
25.5858
0.0361481
3.48808
-0
-0
1.76499
-0
-0
-0
-0
-0
-0
-0
-0
2.15353
-0
24.2695
-0
-0
-0
-0
-0
3.70862
-0
11.1387
-0
-0
-0
-0
-0
-0
12.068
-0
-0
-0
-0
-0
-0
-0
-0
38.7628
-0
-0
51.0607
-0
-0
-0
-0
4.98497
-0
-0
-0
-0
-0
20.1416
-0
-0
41.6953
7.62005
-0
-0
-0
-0
-0
-0
11.2358
-0
-0
-0
30.0154
35.1917
-0
-0
-0
-0
0.256616
-0
36.5485
-0
14.715
-0
-0
-0
3.82365
-0
-0
13.7635
-0
9.22561
-0
-0
61.8031
-0
-0
-0
-0
-0
-0
3.84171
42.5163
-0
-0
-0
58.436
-0
-0
48.6805
-0
-0
-0
14.9288
-0
-0
-0
5.23621
-0
-0
49.438
-0
-0
-0
-0
-0
-0
6.32218
-0
-0
-0
18.1703
-0
-0
-0
-0
-0
-0
-0
-0
28.248
-0
-0
-0
52.9795
-0
-0
-0
-0
-0
-0
-0
-0
-0
-0
-0
-0
-0
-0
-0
-0
-0
18.6537
0.412991
-0
-0
-0
-0
-0
-0
-0
-0
-0
-0
-0
-0
-0
-0
-0
-0
-0
-0
-0
-0
-0
-0
-0
-0
-0
-0
-0
35.0189
-0
-0
-0
17.8784
-0
-0
-0
-0
-0
-0
-0
-0
3.52935
0.0624342
-0
-0
13.8329
-0
-0
-0
-0
26.8701
57.7599
-0
-0
42.0453
-0
-0
-0
6.13147
-0
-0
-0
-0
-0
6.5093
9.06739
-0
-0
-0
-0
-0
-0
-0
11.5143
-0
14.149
-0
-0
-0
-0
-0
-0
18.0103
-0
0.251556
-0
-0
-0
-0
-0
-0
12.2071
49.2886
-0
19.5773
-0
-0
-0
-0
-0
-0
-0
-0
-0
61.64
17.1791
-0
-0
-0
-0
-0
-0
9.64248
-0
-0
-0
-0
3.42403
-0
-0
-0
-0
-0
-0
24.6712
-0
-0
-0
-0
-0
-0
-0
-0
-0
-0
24.4553
-0
-0
-0
-0
-0
-0
-0
-0
-0
-0
-0
-0
-0
-0
-0
-0
-0
-0
-0
-0
51.0121
-0
26.923
12.2795
40.4977
-0
32.5146
-0
-0
-0
-0
48.5706
-0
-0
-0
-0
-0
-0
-0
-0
-0
-0
-0
-0
-0
-0
-0
-0
-0
-0
-0
0.493432
-0
-0
-0
-0
-0
-0
0.695697
-0
5.66908
-0
-0
-0
-0
-0
21.1128
-0
-0
-0
-0
-0
-0
3.66361
-0
-0
-0
-0
-0
-0
-0
-0
-0
-0
-0
-0
31.8078
-0
14.1881
-0
-0
-0
-0
-0
6.39231
-0
-0
-0
-0
-0
-0
-0
48.3519
3.35164
6.65959
-0
-0
-0
15.2142
-0
-0
-0
-0
-0
-0
-0
12.4814
-0
-0
-0
-0
-0
6.24477
-0
-0
-0
-0
-0
-0
20.8536
-0
-0
-0
-0
-0
-0
-0
-0
-0
-0
-0
1.08385
-0
8.74267
-0
-0
-0
4.20016
-0
19.9089
-0
18.2754
-0
-0
-0
7.02155
-0
-0
-0
47.6295
-0
-0
24.4726
0.181898
20.2275
-0
-0
-0
-0
-0
-0
3.7519
-0
63.1561
23.7831
5.60721
-0
-0
-0
-0
-0
-0
-0
7.91741
-0
-0
-0
5.74368
-0
-0
-0
-0
-0
-0
-0
-0
-0
-0
-0
16.9274
-0
-0
3.40635
-0
-0
-0
-0
-0
-0
-0
-0
21.523
-0
18.768
12.5985
-0
7.07407
-0
-0
-0
-0
-0
-0
-0
10.0809
-0
-0
-0
6.58055
-0
-0
-0
-0
-0
-0
-0
-0
-0
-0
-0
2.55666
51.2161
3.97948
-0
-0
-0
-0
-0
-0
1.1589
-0
-0
-0
-0
-0
-0
-0
-0
-0
5.10149
-0
-0
-0
-0
-0
-0
-0
-0
-0
-0
-0
-0
-0
12.5508
20.5157
-0
15.084
-0
-0
-0
-0
-0
-0
-0
-0
-0
-0
-0
-0
24.0299
-0
-0
-0
-0
-0
-0
5.27399
-0
-0
-0
15.6733
-0
-0
7.97725
-0
-0
8.04021
4.90595
-0
43.8566
-0
6.43735
-0
-0
-0
-0
-0
-0
-0
-0
38.565
7.9443
-0
-0
-0
-0
21.8647
-0
-0
22.8228
-0
-0
-0
-0
-0
-0
-0
-0
-0
4.09039
-0
-0
0.448676
-0
-0
-0
-0
-0
-0
-0
-0
-0
-0
-0
-0
-0
49.4287
-0
-0
-0
-0
-0
-0
-0
-0
-0
-0
-0
-0
-0
-0
-0
4.66769
-0
-0
-0
-0
1.91732
36.842
-0
-0
-0
-0
-0
-0
-0
-0
-0
3.28834
-0
-0
-0
-0
1.15437
-0
-0
37.5284
-0
-0
-0
-0
-0
11.8007
-0
-0
-0
-0
-0
-0
-0
-0
-0
-0
-0
-0
-0
-0
-0
-0
-0
-0
-0
9.28355
-0
-0
0.373546
-0
-0
-0
-0
-0
44.1354
-0
17.4595
24.8324
-0
-0
-0
46.5996
-0
-0
-0
-0
-0
-0
-0
2.96116
-0
39.9057
-0
-0
-0
14.4887
-0
-0
-0
-0
37.9958
-0
7.70632
-0
-0
1.07812
-0
-0
-0
-0
-0
-0
-0
-0
-0
14.2258
-0
-0
15.8872
-0
-0
-0
-0
-0
-0
-0
-0
-0
-0
-0
-0
-0
-0
5.15678
-0
-0
3.5544
-0
-0
-0
20.2701
-0
-0
-0
-0
-0
-0
-0
26.8198
-0
-0
-0
-0
-0
30.7173
-0
-0
-0
-0
-0
-0
-0
-0
-0
-0
0.133106
22.84
-0
-0
-0
52.0593
-0
-0
-0
-0
8.66875
1.43249
-0
-0
-0
-0
-0
14.0355
-0
-0
-0
-0
-0
-0
21.747
-0
-0
-0
10.9338
-0
-0
-0
-0
-0
-0
-0
-0
-0
-0
-0
14.8321
-0
-0
-0
-0
-0
-0
24.978
-0
16.8398
-0
-0
-0
-0
-0
-0
1.69028
-0
-0
-0
-0
-0
-0
-0
-0
-0
-0
-0
49.7118
-0
-0
-0
-0
-0
-0
-0
-0
-0
-0
-0
-0
-0
-0
-0
2.84069
18.8822
-0
-0
10.3473
-0
13.4794
13.1233
-0
-0
-0
-0
16.4233
-0
-0
-0
35.3551
-0
-0
19.8815
-0
-0
-0
-0
-0
-0
16.8114
-0
-0
-0
-0
10.3189
36.0594
-0
-0
3.11354
1.20734
-0
-0
19.5516
-0
-0
-0
17.494
8.53626
-0
-0
-0
35.02
-0
56.2917
-0
5.31472
-0
16.4212
-0
-0
-0
-0
-0
-0
-0
-0
-0
3.96461
0.936375
-0
-0
13.3443
-0
-0
-0
7.31361
-0
-0
3.93363
3.23051
-0
-0
-0
-0
-0
-0
-0
-0
-0
-0
2.74432
-0
-0
25.3656
-0
-0
-0
-0
-0
-0
7.47499
16.9748
-0
-0
-0
-0
-0
-0
38.4081
-0
-0
7.11402
-0
-0
32.6431
-0
38.9184
12.2367
-0
-0
-0
8.27183
-0
-0
-0
-0
-0
-0
-0
11.2807
-0
-0
-0
1.36639
-0
-0
-0
-0
-0
-0
-0
-0
-0
-0
-0
-0
-0
-0
-0
62.9834
0.42835
-0
-0
-0
-0
-0
-0
-0
-0
-0
60.1221
-0
-0
6.22415
-0
-0
11.83
-0
-0
-0
-0
-0
-0
7.44442
0.545433
47.4349
-0
-0
-0
4.61979
-0
-0
-0
-0
-0
-0
22.3779
12.2731
-0
-0
-0
-0
-0
-0
-0
2.41152
-0
-0
-0
12.1117
-0
-0
-0
-0
-0
-0
-0
-0
-0
-0
-0
-0
-0
-0
-0
3.71104
-0
-0
-0
-0
-0
-0
-0
-0
-0
-0
-0
-0
-0
-0
-0
-0
-0
-0
-0
-0
-0
42.6115
-0
-0
-0
-0
-0
-0
-0
-0
-0
-0
-0
-0
-0
18.0594
53.0157
7.10273
-0
-0
-0
-0
25.4395
9.82594
-0
-0
-0
-0
-0
-0
-0
-0
-0
-0
-0
4.35362
40.4562
-0
5.19463
-0
3.50132
-0
7.74379
-0
-0
-0
-0
-0
1.23638
-0
-0
-0
-0
-0
6.0223
-0
-0
-0
-0
-0
-0
-0
-0
-0
-0
3.38508
-0
-0
-0
5.75472
-0
4.28842
-0
-0
-0
4.63247
-0
-0
-0
-0
-0
-0
-0
-0
-0
-0
-0
-0
9.07698
-0
-0
-0
-0
-0
-0
8.08807
-0
-0
-0
-0
-0
-0
7.10343
5.81874
-0
-0
-0
-0
-0
-0
-0
-0
-0
-0
-0
-0
-0
-0
-0
-0
-0
-0
-0
-0
-0
11.1281
-0
-0
-0
-0
-0
-0
-0
-0
-0
33.8318
-0
-0
-0
-0
-0
-0
-0
-0
-0
13.3783
-0
-0
-0
-0
-0
-0
-0
-0
33.6163
33.4187
23.8537
-0
10.7293
11.8634
-0
-0
-0
-0
-0
0.255857
-0
-0
-0
-0
-0
-0
-0
-0
-0
24.6323
-0
-0
-0
-0
-0
-0
-0
-0
-0
33.8443
-0
29.6374
-0
-0
-0
-0
13.2261
-0
-0
-0
-0
-0
-0
66.4786
-0
-0
37.9991
3.45112
-0
-0
-0
-0
4.95639
-0
-0
-0
-0
-0
-0
-0
-0
-0
-0
-0
-0
-0
-0
-0
-0
25.9373
-0
-0
-0
1.57417
-0
-0
-0
-0
-0
2.91666
-0
-0
11.6834
-0
-0
-0
-0
-0
-0
-0
-0
-0
-0
-0
-0
-0
-0
-0
-0
-0
36.2531
-0
2.16977
-0
-0
-0
-0
-0
-0
-0
6.49215
-0
0.0522795
1.35211
-0
-0
28.1266
-0
-0
-0
-0
-0
-0
-0
-0
-0
-0
-0
-0
-0
-0
-0
-0
-0
-0
-0
-0
16.1131
-0
-0
-0
30.2793
-0
2.59177
-0
-0
-0
60.1192
-0
-0
23.8969
0.587125
0.347389
2.73102
-0
13.3387
-0
18.7663
19.7547
-0
8.70874
-0
11.9518
-0
-0
-0
-0
17.2255
-0
-0
-0
-0
-0
-0
-0
-0
-0
-0
-0
-0
-0
-0
-0
12.4531
-0
-0
-0
-0
-0
-0
-0
-0
-0
-0
-0
-0
11.4871
-0
10.5146
-0
-0
-0
-0
-0
-0
-0
-0
-0
-0
-0
37.8786
-0
-0
-0
-0
-0
18.6268
-0
-0
-0
32.5046
-0
-0
-0
-0
-0
-0
-0
-0
-0
-0
-0
-0
-0
12.0435
-0
-0
6.06302
-0
-0
-0
-0
21.1884
-0
-0
17.0106
13.3271
-0
-0
-0
-0
-0
28.2269
3.60054
-0
-0
-0
2.73898
-0
-0
20.3038
-0
-0
-0
-0
-0
-0
6.02265
-0
-0
-0
-0
-0
-0
6.10909
-0
-0
67.7644
-0
-0
-0
-0
-0
-0
-0
-0
-0
-0
-0
-0
-0
-0
-0
49.0145
-0
-0
-0
-0
-0
-0
-0
-0
-0
-0
-0
-0
-0
-0
-0
-0
-0
-0
-0
-0
26.355
-0
51.0463
1.54454
-0
-0
-0
-0
-0
-0
-0
-0
-0
-0
-0
-0
-0
-0
-0
-0
38.6743
-0
-0
-0
-0
-0
-0
-0
14.2345
-0
-0
-0
2.19406
-0
-0
6.51046
-0
32.7546
-0
-0
-0
-0
-0
-0
-0
6.54046
-0
-0
-0
-0
-0
-0
-0
-0
26.4428
-0
2.47064
-0
-0
12.3933
-0
5.65485
5.67611
-0
-0
-0
-0
-0
-0
-0
4.5655
-0
-0
-0
-0
-0
2.14886
63.2038
-0
2.19737
53.1138
11.9281
-0
-0
30.7277
-0
-0
-0
-0
-0
10.3593
-0
-0
-0
-0
-0
-0
-0
-0
-0
8.61697
-0
-0
-0
-0
26.2443
-0
-0
-0
-0
6.1538
-0
-0
-0
-0
-0
-0
-0
-0
24.8893
-0
-0
-0
-0
-0
-0
-0
-0
-0
-0
-0
-0
-0
29.1212
-0
-0
48.5756
1.84797
-0
-0
-0
-0
-0
14.2435
-0
-0
-0
-0
24.1699
-0
-0
12.8582
5.21058
-0
-0
-0
-0
-0
-0
-0
-0
-0
-0
15.1587
-0
4.64881
-0
-0
-0
-0
-0
-0
0.194986
34.7638
-0
-0
15.9384
-0
-0
-0
-0
-0
-0
-0
-0
42.2585
-0
15.0571
-0
-0
6.01249
-0
10.1607
-0
-0
-0
-0
0.0759943
48.5253
-0
-0
-0
-0
-0
4.94477
-0
-0
-0
-0
-0
-0
-0
-0
-0
-0
-0
3.89067
-0
-0
-0
-0
-0
-0
-0
2.5131
-0
-0
29.3019
-0
-0
-0
-0
-0
-0
29.7713
-0
-0
27.7975
-0
-0
-0
-0
-0
-0
-0
-0
-0
-0
-0
-0
-0
11.6278
-0
-0
-0
-0
3.9696
-0
-0
-0
4.38696
-0
7.28539
-0
25.6793
-0
21.3446
-0
15.2676
-0
-0
-0
-0
-0
-0
-0
10.0978
-0
-0
43.0916
-0
-0
-0
3.16031
-0
2.63779
36.995
6.39387
45.1367
-0
-0
-0
1.71531
-0
-0
0.279277
-0
-0
-0
-0
-0
-0
-0
-0
18.7676
2.62633
-0
-0
4.46677
-0
-0
-0
-0
-0
-0
-0
-0
-0
10.7742
-0
-0
5.07598
-0
-0
-0
-0
-0
1.68208
-0
-0
-0
-0
34.8602
12.5814
23.9216
-0
-0
-0
-0
-0
-0
-0
-0
-0
-0
-0
-0
-0
-0
9.38143
4.02691
-0
-0
-0
-0
-0
-0
-0
15.6974
-0
-0
-0
35.7288
-0
-0
-0
-0
-0
-0
-0
31.8188
-0
-0
-0
7.5495
-0
-0
-0
1.43407
-0
-0
12.0866
-0
-0
-0
-0
-0
14.137
-0
-0
-0
-0
-0
-0
-0
-0
6.64494
0.0166864
-0
14.5638
-0
-0
-0
-0
-0
-0
-0
-0
-0
33.0726
-0
-0
-0
-0
-0
-0
-0
-0
-0
-0
-0
-0
-0
36.5538
7.41277
38.5582
7.00809
-0
-0
-0
-0
-0
-0
-0
19.7378
-0
-0
-0
-0
-0
7.33324
-0
-0
-0
-0
-0
-0
-0
-0
-0
-0
-0
-0
-0
-0
-0
-0
54.3945
-0
-0
-0
-0
-0
-0
-0
6.49672
-0
-0
-0
-0
79.1148
-0
-0
-0
-0
-0
-0
35.1287
32.5005
-0
-0
53.5334
6.37705
-0
-0
-0
-0
-0
-0
75.437
-0
-0
4.0271
19.2575
-0
35.0687
-0
-0
-0
-0
-0
-0
-0
-0
3.89799
-0
9.50632
-0
-0
-0
-0
-0
-0
13.9953
-0
-0
-0
38.1016
-0
-0
-0
-0
-0
-0
-0
-0
-0
-0
-0
-0
-0
-0
-0
-0
-0
-0
13.197
8.48694
-0
-0
-0
-0
-0
-0
-0
-0
-0
-0
-0
-0
-0
-0
-0
-0
65.1567
-0
-0
-0
-0
5.9559
-0
-0
-0
