2.71195
-0
-0
-0
-0
-0
-0
-0
16.7328
10.2786
15.52
-0
-0
-0
-0
3.72831
-0
-0
-0
-0
-0
-0
-0
-0
-0
5.88511
-0
-0
-0
-0
7.59053
-0
-0
-0
5.23412
-0
-0
-0
-0
-0
-0
-0
-0
-0
-0
29.9856
-0
-0
-0
-0
-0
-0
-0
-0
-0
-0
-0
2.74042
22.1833
-0
-0
-0
18.302
-0
12.1266
-0
-0
-0
4.17365
0.952922
-0
-0
-0
-0
-0
1.38085
1.79036
-0
-0
-0
-0
118.457
2.12415
18.6134
7.73542
-0
-0
71.4001
-0
-0
31.4413
0.0669348
-0
-0
8.08876
-0
0.658479
-0
-0
-0
3.54586
-0
-0
-0
-0
-0
-0
-0
-0
-0
9.45704
-0
-0
-0
-0
-0
8.65349
-0
18.4887
47.2168
16.8856
-0
42.9651
20.5116
11.6276
-0
-0
-0
-0
-0
-0
-0
22.7294
-0
-0
-0
-0
-0
-0
-0
10.6516
-0
-0
-0
-0
-0
-0
-0
-0
-0
-0
-0
-0
-0
-0
-0
-0
-0
-0
1.3628
-0
-0
-0
-0
-0
-0
-0
-0
-0
82.247
46.1047
2.30983
-0
-0
-0
-0
-0
-0
-0
14.0657
1.44643
-0
-0
-0
-0
17.3608
-0
-0
56.1687
-0
-0
61.2024
-0
1.70293
-0
-0
-0
11.8335
-0
-0
-0
6.78226
-0
-0
-0
-0
-0
-0
-0
-0
-0
-0
39.4287
-0
-0
-0
-0
-0
-0
-0
-0
-0
-0
-0
-0
-0
-0
-0
-0
-0
-0
12.0042
-0
-0
-0
-0
-0
-0
-0
-0
-0
-0
-0
-0
-0
-0
20.6861
-0
-0
-0
-0
-0
-0
-0
-0
-0
-0
-0
25.6515
-0
-0
-0
-0
-0
-0
-0
-0
-0
-0
-0
-0
7.53718
-0
15.5528
-0
-0
-0
-0
-0
-0
-0
-0
-0
-0
-0
-0
-0
29.5203
-0
-0
-0
-0
-0
-0
20.5293
-0
-0
-0
-0
32.9373
-0
-0
5.87788
-0
7.53537
22.689
-0
-0
70.1854
-0
-0
-0
-0
-0
-0
1.41005
-0
-0
-0
-0
-0
-0
-0
21.3896
39.5106
-0
-0
-0
-0
-0
-0
-0
-0
-0
-0
-0
-0
-0
-0
18.2069
-0
-0
-0
24.4499
-0
-0
-0
-0
11.0821
-0
-0
-0
-0
-0
21.7151
-0
-0
-0
-0
-0
-0
-0
-0
63.8154
-0
1.28618
-0
-0
40.2831
-0
-0
1.15329
0.877582
-0
-0
-0
-0
-0
-0
-0
-0
-0
10.4825
-0
-0
38.0892
-0
-0
-0
-0
-0
29.5872
-0
-0
-0
-0
-0
25.8502
-0
-0
-0
-0
-0
-0
11.8628
-0
-0
-0
4.78533
0.899979
-0
-0
-0
-0
-0
15.9641
-0
-0
-0
-0
58.2413
-0
-0
-0
-0
1.15612
-0
5.82956
-0
45.7954
-0
22.7288
37.7512
-0
58.5129
-0
-0
-0
-0
-0
-0
21.82
-0
-0
-0
-0
-0
-0
-0
-0
11.0134
28.8121
-0
-0
28.7533
-0
-0
-0
-0
-0
-0
-0
-0
-0
-0
-0
9.56935
-0
-0
-0
-0
-0
7.77468
-0
-0
-0
27.9674
-0
-0
-0
-0
-0
-0
3.66146
-0
-0
-0
-0
-0
8.51148
2.49732
-0
-0
-0
-0
-0
68.7677
-0
-0
-0
-0
-0
6.61697
-0
-0
-0
7.42431
-0
-0
3.17259
-0
-0
-0
4.76812
-0
-0
-0
-0
-0
-0
-0
-0
-0
8.22023
-0
-0
-0
-0
-0
-0
-0
-0
-0
-0
32.4308
-0
-0
4.83659
5.22276
-0
-0
-0
-0
-0
-0
-0
-0
-0
-0
12.561
-0
-0
-0
-0
34.1289
6.17264
-0
-0
30.3889
-0
-0
-0
35.2538
-0
-0
-0
-0
-0
-0
-0
-0
16.8359
-0
-0
-0
-0
-0
-0
7.26259
-0
-0
-0
-0
-0
-0
-0
-0
-0
3.37064
45.7342
-0
-0
48.9586
-0
-0
-0
-0
27.5614
-0
1.16964
23.1614
-0
-0
-0
-0
-0
-0
-0
-0
-0
-0
-0
-0
-0
-0
-0
-0
-0
-0
-0
-0
-0
-0
19.1231
-0
-0
-0
-0
-0
-0
-0
-0
-0
-0
-0
-0
-0
-0
-0
-0
-0
-0
-0
-0
-0
-0
-0
-0
4.48607
3.57307
-0
-0
-0
-0
9.30081
8.86982
-0
-0
-0
-0
3.59398
-0
9.29368
12.3502
-0
5.0285
-0
-0
-0
-0
23.5853
-0
-0
-0
-0
12.4053
-0
-0
0.512753
-0
24.8226
-0
-0
-0
-0
6.81924
-0
-0
-0
-0
-0
-0
-0
-0
-0
-0
-0
-0
-0
6.72009
-0
-0
-0
-0
9.19058
-0
-0
-0
-0
-0
-0
24.7668
-0
-0
-0
-0
-0
-0
-0
-0
-0
-0
-0
-0
24.7052
-0
-0
-0
-0
-0
15.132
-0
-0
57.5508
-0
-0
-0
1.91574
-0
-0
-0
-0
-0
-0
-0
13.4578
-0
-0
8.55093
-0
-0
-0
-0
-0
-0
-0
-0
-0
55.3815
-0
-0
-0
-0
-0
15.2276
-0
30.2954
-0
-0
-0
-0
-0
-0
-0
-0
-0
-0
-0
-0
5.2164
-0
-0
-0
-0
-0
-0
4.85942
29.0212
-0
9.70359
-0
-0
-0
-0
-0
-0
5.78878
-0
46.8708
-0
12.0733
-0
-0
-0
-0
-0
-0
-0
-0
-0
-0
-0
-0
-0
-0
-0
-0
-0
-0
57.6001
-0
-0
-0
-0
-0
-0
-0
7.64898
-0
-0
25.3488
-0
-0
9.91183
-0
-0
11.3717
-0
-0
-0
1.24036
-0
-0
-0
-0
26.6109
-0
-0
-0
-0
-0
-0
81.6134
-0
-0
-0
2.00143
21.5797
-0
-0
-0
-0
-0
-0
19.7964
-0
-0
-0
-0
-0
-0
-0
-0
43.9044
9.44722
30.8748
-0
-0
-0
-0
-0
-0
-0
-0
-0
-0
-0
-0
-0
42.2891
-0
-0
-0
-0
-0
-0
19.4768
-0
-0
5.9637
-0
-0
-0
-0
-0
-0
-0
-0
-0
-0
-0
52.4777
-0
-0
-0
-0
-0
13.9453
26.8061
-0
-0
-0
-0
-0
15.7706
-0
-0
-0
-0
-0
-0
-0
-0
81.0654
-0
-0
-0
-0
-0
-0
-0
-0
1.6967
-0
11.5901
-0
10.3429
11.4815
-0
-0
-0
-0
-0
-0
-0
41.126
-0
0.863469
-0
-0
-0
-0
-0
12.5555
-0
-0
-0
-0
-0
1.77483
-0
8.89959
-0
2.3864
-0
-0
-0
23.1956
-0
-0
-0
-0
-0
-0
-0
-0
-0
-0
-0
-0
-0
-0
-0
-0
-0
-0
-0
-0
-0
-0
-0
-0
-0
-0
-0
11.658
-0
46.3271
-0
6.24127
-0
-0
-0
-0
24.3857
15.8999
-0
-0
-0
5.44397
-0
-0
-0
-0
30.7394
-0
-0
-0
-0
-0
-0
-0
-0
-0
-0
-0
-0
-0
8.10738
7.53491
-0
-0
-0
-0
-0
-0
-0
-0
-0
-0
27.9282
-0
4.6584
-0
-0
-0
-0
-0
-0
-0
-0
-0
66.6619
-0
-0
67.5536
-0
-0
-0
19.6159
-0
-0
-0
-0
-0
29.8892
-0
-0
-0
-0
-0
-0
-0
-0
-0
-0
-0
15.1411
4.47234
-0
7.48104
-0
26.7856
-0
-0
11.7394
-0
-0
-0
5.4368
-0
-0
4.26626
-0
-0
-0
-0
-0
-0
-0
-0
17.9701
-0
31.3284
-0
-0
-0
-0
39.4727
6.95029
-0
-0
-0
23.4245
24.4642
-0
-0
-0
-0
-0
-0
-0
13.0946
7.62785
-0
-0
-0
-0
-0
-0
-0
-0
-0
-0
3.67598
12.9895
-0
-0
-0
7.36013
-0
-0
-0
-0
-0
-0
-0
-0
53.7362
4.93341
-0
17.4633
-0
-0
-0
36.9791
-0
-0
-0
-0
-0
-0
11.2039
-0
-0
-0
-0
-0
-0
-0
-0
1.44074
19.1167
12.7256
10.7378
-0
3.40272
-0
6.91745
-0
-0
-0
-0
-0
-0
-0
-0
36.5308
-0
-0
-0
-0
-0
-0
-0
-0
-0
17.3819
-0
-0
-0
-0
-0
-0
-0
-0
-0
-0
1.99156
-0
40.1104
-0
-0
-0
-0
2.39888
-0
-0
3.15439
-0
-0
19.8904
-0
-0
-0
-0
8.09698
-0
-0
-0
-0
-0
-0
-0
-0
-0
-0
-0
-0
29.8304
-0
-0
-0
-0
1.58461
-0
-0
-0
42.4924
-0
-0
-0
11.8879
-0
-0
28.7732
-0
-0
-0
25.428
-0
-0
-0
-0
-0
-0
-0
-0
31.5646
-0
-0
9.07916
-0
-0
-0
-0
-0
11.0885
-0
-0
-0
-0
-0
3.46227
-0
48.8859
-0
-0
59.6056
-0
0.166741
-0
-0
-0
62.3016
-0
10.6267
18.2364
-0
8.64197
30.6779
-0
-0
-0
-0
33.4222
-0
-0
-0
-0
-0
-0
-0
5.18778
-0
-0
-0
-0
68.9247
20.1707
-0
42.0761
14.1042
-0
-0
-0
-0
-0
-0
-0
-0
0.190652
4.64892
-0
17.0033
-0
-0
18.526
-0
-0
-0
-0
-0
-0
-0
-0
-0
-0
-0
-0
-0
-0
-0
-0
-0
-0
-0
-0
11.9235
-0
-0
-0
-0
-0
-0
2.96539
-0
-0
-0
-0
-0
-0
-0
-0
19.7035
-0
-0
-0
-0
-0
-0
-0
-0
-0
-0
1.70092
-0
43.3072
43.5974
25.1486
-0
32.9482
-0
-0
-0
-0
-0
-0
-0
-0
-0
-0
3.34325
-0
-0
17.966
-0
25.0118
-0
-0
13.0139
-0
-0
-0
-0
-0
-0
-0
-0
-0
-0
-0
-0
3.65048
25.8047
10.8369
-0
0.930285
-0
-0
-0
-0
0.636576
5.36667
19.3025
-0
-0
-0
-0
-0
-0
-0
-0
-0
28.5769
-0
-0
-0
-0
-0
-0
-0
-0
-0
-0
-0
-0
-0
-0
-0
-0
-0
-0
-0
-0
-0
-0
-0
-0
-0
-0
-0
-0
-0
-0
-0
-0
-0
-0
3.58511
57.6604
-0
-0
14.4997
5.65919
8.46113
-0
-0
3.64881
-0
-0
-0
-0
-0
-0
-0
-0
-0
-0
-0
1.21511
-0
-0
-0
-0
-0
-0
-0
8.24433
-0
-0
-0
-0
-0
-0
-0
-0
-0
-0
-0
40.1564
20.2705
-0
5.01067
45.5369
-0
-0
0.0674715
-0
-0
-0
-0
20.439
14.1038
-0
-0
-0
-0
-0
-0
-0
35.7023
-0
-0
-0
-0
-0
-0
-0
13.7343
-0
-0
0.857783
-0
-0
-0
-0
-0
-0
-0
-0
-0
-0
-0
9.1955
-0
-0
-0
-0
-0
-0
5.14367
-0
7.05233
-0
-0
-0
22.7048
-0
-0
-0
46.081
-0
-0
-0
-0
48.6529
-0
-0
-0
-0
-0
50.5387
-0
16.1628
-0
-0
-0
-0
41.9571
-0
-0
-0
-0
1.25271
-0
-0
-0
-0
21.0137
-0
0.205619
19.777
-0
-0
-0
-0
-0
-0
-0
-0
35.1669
3.63924
-0
-0
4.05548
-0
-0
-0
-0
-0
-0
-0
-0
7.43685
-0
-0
53.5961
-0
-0
12.7563
12.5967
-0
17.9445
-0
-0
-0
24.5341
-0
-0
-0
-0
-0
-0
0.337624
15.9231
8.29288
10.8998
17.9531
-0
1.82054
-0
-0
-0
-0
-0
8.46001
-0
28.0624
-0
-0
-0
-0
-0
-0
-0
53.1266
-0
-0
-0
-0
-0
23.7942
-0
-0
-0
-0
16.9951
-0
-0
-0
-0
-0
1.72075
-0
-0
-0
10.4882
-0
-0
-0
-0
-0
-0
-0
-0
39.3466
-0
31.4068
-0
-0
-0
-0
-0
-0
-0
8.27206
-0
-0
-0
-0
-0
-0
-0
-0
22.675
-0
27.4788
-0
-0
37.5655
-0
-0
-0
23.357
-0
-0
37.2944
-0
-0
-0
-0
-0
-0
-0
-0
-0
3.31227
35.4686
-0
-0
-0
-0
-0
-0
-0
-0
-0
-0
-0
-0
-0
-0
-0
-0
-0
-0
6.33979
-0
-0
-0
-0
36.6253
-0
-0
-0
-0
-0
-0
-0
-0
-0
16.0167
-0
-0
-0
-0
-0
-0
-0
-0
15.0534
-0
-0
-0
-0
-0
-0
-0
-0
-0
-0
-0
-0
-0
-0
-0
-0
-0
-0
-0
-0
-0
-0
-0
-0
-0
-0
-0
15.6492
-0
-0
-0
-0
-0
-0
-0
-0
-0
-0
12.4779
-0
-0
-0
-0
-0
-0
-0
-0
-0
-0
-0
-0
-0
-0
-0
-0
22.5734
-0
-0
14.0525
-0
-0
-0
-0
-0
-0
1.80413
-0
-0
36.1055
-0
4.48903
-0
20.2564
-0
-0
-0
-0
-0
-0
-0
-0
-0
-0
-0
83.0456
-0
-0
-0
-0
-0
-0
-0
-0
69.9825
20.7558
-0
-0
12.4881
9.2966
-0
-0
76.3828
-0
-0
-0
27.2759
10.144
-0
-0
-0
-0
9.28308
-0
-0
-0
39.792
-0
16.4399
-0
42.2482
-0
-0
61.5596
36.8059
16.3688
-0
29.0282
-0
-0
-0
-0
-0
-0
-0
-0
-0
-0
-0
-0
-0
-0
-0
22.6602
8.49647
-0
-0
-0
-0
-0
-0
-0
-0
-0
-0
-0
-0
-0
8.26533
-0
-0
-0
-0
2.88772
-0
-0
-0
64.5024
-0
-0
25.4323
13.5137
-0
-0
-0
-0
5.55064
-0
-0
-0
-0
13.4988
57.8686
-0
47.9468
37.0493
-0
-0
-0
-0
-0
-0
7.53965
-0
-0
-0
45.5307
10.2019
-0
-0
-0
-0
0.186969
-0
63.6194
-0
-0
-0
14.9402
0.360778
-0
-0
-0
21.0176
-0
39.3172
-0
-0
36.609
-0
-0
-0
-0
-0
-0
0.152342
37.1149
-0
35.4334
-0
70.9936
-0
-0
27.8196
-0
-0
0.0328372
4.46642
-0
-0
-0
15.2895
-0
-0
29.416
7.86799
-0
-0
-0
-0
-0
26.8815
-0
-0
-0
16.3259
-0
-0
8.18157
-0
-0
-0
-0
-0
2.97959
-0
2.41221
-0
13.5966
15.4344
-0
-0
-0
-0
-0
-0
-0
-0
-0
-0
-0
26.0373
-0
-0
-0
-0
32.9124
-0
2.28383
-0
7.08068
-0
-0
11.1228
-0
6.80636
-0
9.65031
-0
7.34137
-0
-0
-0
-0
-0
-0
-0
-0
-0
-0
-0
-0
-0
20.2259
27.7287
45.1148
-0
-0
-0
40.5964
-0
-0
-0
1.37124
-0
2.30659
-0
-0
3.22519
11.7681
2.58053
-0
35.9897
-0
-0
-0
-0
28.4315
14.3235
-0
-0
16.55
-0
-0
4.13342
-0
-0
-0
-0
-0
-0
-0
-0
-0
-0
-0
-0
-0
-0
-0
9.66222
-0
20.9145
0.872762
-0
-0
-0
-0
1.3626
-0
-0
23.1838
12.3646
-0
-0
-0
-0
-0
-0
9.176
-0
8.27234
-0
-0
-0
-0
-0
10.8802
-0
5.57412
-0
23.3697
28.9005
8.41826
7.92064
-0
-0
-0
-0
-0
2.63593
-0
-0
-0
-0
-0
-0
-0
-0
-0
-0
19.4727
-0
-0
-0
-0
-0
-0
-0
-0
28.1912
-0
15.8559
-0
8.28979
-0
-0
-0
0.201444
31.0646
-0
-0
-0
-0
8.00608
-0
-0
-0
-0
-0
-0
-0
-0
50.3402
-0
14.6181
9.98889
51.1575
-0
-0
-0
-0
-0
-0
41.7208
19.9291
-0
-0
-0
-0
-0
-0
-0
-0
-0
-0
-0
-0
-0
-0
-0
-0
-0
-0
4.92845
-0
-0
-0
-0
-0
17.7672
-0
-0
-0
-0
-0
-0
-0
-0
33.2961
-0
-0
-0
-0
-0
-0
8.6897
-0
-0
-0
-0
-0
-0
-0
-0
-0
-0
-0
5.32852
-0
-0
-0
-0
-0
7.1813
-0
-0
-0
-0
-0
-0
-0
-0
-0
-0
23.5928
44.1814
61.9594
-0
-0
14.2211
1.31518
30.7914
1.37269
-0
-0
-0
-0
-0
-0
-0
-0
-0
-0
-0
-0
6.49716
-0
8.84058
-0
-0
-0
5.23
7.49134
-0
-0
-0
-0
-0
-0
-0
-0
-0
-0
0.819631
-0
16.9078
-0
-0
5.53562
-0
-0
-0
-0
1.0109
-0
-0
-0
7.73538
-0
-0
-0
59.7441
-0
-0
23.0754
-0
4.6127
-0
-0
-0
-0
-0
-0
4.11303
20.0365
46.0117
1.22204
16.3809
-0
-0
-0
-0
-0
-0
-0
4.42675
-0
-0
-0
1.7647
-0
-0
-0
1.87713
-0
-0
-0
-0
-0
-0
-0
36.7003
-0
-0
-0
-0
-0
-0
-0
-0
8.22872
-0
-0
-0
-0
-0
9.56642
-0
12.6808
-0
-0
-0
-0
-0
-0
22.5229
37.9608
-0
-0
-0
27.1309
3.02291
-0
-0
-0
-0
-0
-0
-0
-0
-0
-0
11.8286
43.9996
43.5924
-0
-0
-0
-0
-0
-0
-0
-0
-0
-0
-0
-0
-0
-0
-0
-0
2.93303
-0
-0
-0
-0
-0
-0
-0
-0
-0
-0
-0
-0
-0
0.0463475
-0
-0
23.0296
-0
-0
-0
-0
-0
3.17026
-0
-0
-0
-0
-0
-0
25.841
-0
-0
-0
-0
-0
-0
10.6963
-0
-0
-0
26.3259
-0
-0
9.58571
-0
-0
9.11379
-0
8.05283
45.8445
-0
-0
-0
-0
-0
-0
-0
-0
-0
-0
27.6805
-0
-0
-0
-0
-0
-0
-0
-0
21.9341
-0
-0
7.57454
8.23683
-0
-0
-0
-0
-0
17.2503
-0
-0
-0
-0
-0
-0
-0
-0
-0
-0
-0
-0
-0
-0
-0
-0
22.9391
-0
-0
-0
12.9599
-0
-0
-0
-0
-0
-0
-0
-0
-0
-0
-0
32.8518
-0
-0
-0
-0
17.8711
52.9157
42.4947
-0
-0
11.2514
-0
-0
-0
-0
-0
1.9881
-0
24.3808
-0
-0
1.51246
-0
-0
45.842
-0
-0
-0
10.5946
-0
44.0572
-0
-0
-0
-0
-0
-0
-0
-0
8.40578
-0
-0
-0
-0
-0
-0
-0
-0
-0
-0
9.01215
-0
-0
4.138
-0
-0
-0
-0
-0
43.5631
-0
10.5688
28.7582
-0
-0
-0
45.0859
-0
-0
-0
-0
-0
-0
-0
24.8548
-0
-0
-0
-0
-0
-0
-0
-0
-0
-0
54.4887
-0
-0
-0
-0
-0
-0
-0
-0
-0
7.36606
-0
-0
-0
-0
14.7413
-0
-0
11.9767
-0
-0
7.97542
-0
-0
-0
-0
-0
-0
3.31619
-0
-0
-0
-0
-0
-0
-0
-0
-0
2.61643
-0
9.69652
-0
-0
-0
-0
-0
-0
-0
-0
-0
-0
-0
-0
-0
26.7178
-0
-0
-0
-0
-0
-0
-0
-0
-0
0.0132708
-0
11.7171
-0
-0
-0
25.0098
-0
-0
-0
-0
-0
2.54155
18.4615
33.389
-0
-0
-0
9.89491
-0
-0
-0
-0
-0
-0
50.5558
-0
-0
-0
37.7511
-0
-0
2.4105
-0
8.19198
-0
-0
-0
-0
-0
-0
-0
16.5131
-0
-0
-0
-0
-0
48.3539
-0
-0
-0
-0
-0
-0
-0
-0
-0
-0
-0
-0
-0
8.7099
-0
-0
-0
-0
-0
-0
74.4137
-0
-0
-0
-0
-0
-0
-0
-0
-0
-0
-0
-0
-0
-0
-0
3.74735
6.008
-0
-0
-0
-0
-0
17.0582
19.6794
-0
-0
-0
24.1216
-0
-0
-0
26.6059
-0
-0
27.964
-0
-0
-0
-0
-0
-0
11.5359
-0
-0
-0
-0
-0
-0
-0
-0
0.101597
-0
-0
-0
52.5764
-0
9.98657
-0
36.7641
27.1099
-0
-0
11.4784
21.6736
-0
43.6957
-0
-0
-0
39.238
-0
-0
-0
15.4037
-0
-0
-0
-0
-0
8.14242
-0
-0
-0
29.4131
-0
-0
1.35318
22.1582
35.1771
-0
-0
12.8624
-0
-0
-0
-0
-0
-0
-0
-0
-0
-0
-0
-0
21.2553
25.3639
-0
-0
-0
-0
16.4698
-0
-0
28.9409
-0
-0
-0
-0
-0
-0
20.2227
-0
-0
12.6026
-0
9.9164
-0
0.567583
32.9088
5.70532
-0
-0
-0
-0
-0
-0
-0
-0
37.9232
-0
-0
4.43107
-0
-0
-0
14.6648
-0
-0
-0
-0
-0
-0
-0
-0
-0
-0
-0
-0
-0
6.17555
-0
22.2423
13.0408
-0
-0
-0
-0
-0
-0
12.6787
-0
-0
57.3075
-0
-0
28.1781
-0
-0
67.1679
-0
20.3009
-0
-0
-0
-0
40.6925
-0
67.3507
-0
-0
-0
-0
-0
-0
-0
-0
-0
-0
43.5297
-0
-0
-0
-0
-0
-0
-0
-0
3.96141
-0
-0
-0
9.93159
-0
-0
-0
2.67982
-0
16.6933
-0
-0
-0
-0
-0
-0
-0
-0
-0
-0
-0
-0
-0
-0
-0
-0
-0
-0
-0
24.3226
-0
-0
-0
-0
-0
-0
-0
-0
-0
-0
-0
40.7218
-0
-0
-0
-0
-0
-0
-0
-0
-0
-0
-0
-0
-0
-0
13.4166
16.035
18.7883
-0
-0
-0
12.2325
4.66232
-0
-0
-0
-0
-0
-0
-0
-0
-0
-0
-0
9.06577
24.0991
-0
6.97286
-0
-0
-0
4.31163
-0
-0
-0
-0
-0
0.688031
-0
-0
-0
7.49699
-0
12.7524
46.326
-0
0.999117
-0
-0
-0
-0
-0
-0
-0
34.7121
-0
-0
-0
-0
-0
7.25996
-0
24.4698
-0
6.66534
-0
-0
-0
-0
-0
-0
-0
-0
-0
-0
21.1625
-0
32.0941
-0
23.1716
-0
-0
-0
21.9203
30.0861
-0
-0
-0
3.03826
-0
-0
9.00787
6.93707
-0
-0
-0
-0
-0
-0
-0
-0
-0
-0
-0
-0
-0
33.6137
-0
-0
-0
-0
-0
-0
-0
-0
11.1273
-0
-0
-0
21.7217
-0
-0
-0
-0
46.2072
-0
-0
-0
-0
-0
-0
-0
-0
-0
18.0164
-0
-0
-0
-0
-0
-0
-0
0.71926
-0
38.8816
11.1896
37.2004
34.4419
10.1941
-0
-0
-0
-0
-0
0.900845
-0
-0
-0
-0
-0
-0
-0
-0
-0
-0
-0
-0
-0
-0
28.023
-0
-0
-0
-0
20.4251
-0
22.0326
-0
-0
-0
-0
12.9749
-0
-0
-0
-0
6.7943
-0
48.3993
-0
-0
38.1206
26.8079
-0
-0
-0
-0
25.3407
-0
-0
12.5526
-0
-0
-0
-0
-0
-0
-0
-0
-0
-0
-0
-0
-0
26.125
-0
-0
-0
-0
-0
-0
-0
-0
-0
-0
-0
-0
-0
-0
-0
-0
23.1231
-0
-0
-0
-0
-0
-0
-0
-0
-0
-0
-0
10.6262
-0
3.63901
-0
-0
5.34995
-0
-0
-0
-0
-0
-0
5.69299
-0
0.590094
-0
-0
-0
-0
-0
-0
3.14161
-0
-0
-0
-0
-0
-0
-0
-0
-0
3.95507
-0
-0
-0
-0
-0
-0
-0
-0
-0
-0
7.15386
9.89135
-0
8.72965
-0
-0
-0
56.3071
-0
-0
27.3676
5.63138
-0
-0
-0
-0
-0
2.35312
6.92163
-0
27.1368
-0
28.0106
-0
-0
-0
-0
-0
-0
-0
12.9295
-0
-0
-0
-0
-0
-0
-0
-0
-0
-0
7.91659
-0
2.06114
57.9129
-0
-0
6.68316
14.2335
-0
-0
-0
-0
-0
-0
-0
45.2771
-0
45.1575
14.7428
-0
-0
-0
-0
26.6345
-0
-0
-0
-0
-0
39.2645
-0
-0
-0
4.08369
-0
18.733
-0
3.25564
-0
8.21507
-0
-0
-0
-0
-0
-0
15.2492
20.2989
29.8517
-0
-0
-0
-0
55.077
-0
27.7245
-0
12.9447
-0
29.4208
-0
22.4283
-0
-0
4.78938
8.31444
-0
-0
-0
46.402
-0
33.5279
2.12995
9.58231
-0
-0
-0
-0
-0
55.4903
-0
16.2907
-0
7.72429
-0
-0
-0
-0
-0
-0
-0
-0
-0
9.53191
-0
-0
53.6815
-0
-0
-0
-0
16.0585
-0
41.8577
-0
-0
-0
-0
-0
-0
-0
-0
20.2516
-0
-0
-0
-0
-0
-0
33.3841
-0
-0
-0
-0
-0
-0
-0
9.99927
-0
-0
-0
-0
-0
28.6251
-0
24.2157
21.8531
-0
9.16476
-0
-0
-0
-0
-0
-0
-0
-0
-0
-0
-0
-0
-0
13.6949
-0
-0
-0
-0
-0
-0
-0
21.1358
-0
-0
-0
-0
-0
-0
-0
5.37331
-0
-0
-0
3.57645
-0
-0
-0
-0
-0
13.7797
-0
12.1951
-0
-0
-0
-0
-0
-0
9.34852
0.0749407
46.5495
0.232392
-0
5.48341
-0
2.3122
-0
-0
-0
-0
0.939812
-0
-0
-0
-0
-0
-0
-0
-0
-0
-0
48.4589
-0
38.1593
17.4854
8.14645
-0
-0
4.74964
-0
-0
-0
-0
-0
40.6214
-0
-0
-0
-0
-0
-0
-0
-0
-0
19.8195
-0
-0
-0
-0
19.8216
33.2197
-0
-0
-0
-0
-0
-0
-0
-0
-0
-0
-0
-0
17.5732
-0
-0
-0
-0
13.1809
-0
-0
-0
-0
-0
-0
-0
-0
4.00619
-0
-0
28.3755
-0
-0
-0
-0
18.9784
-0
-0
0.95624
-0
-0
-0
51.8983
-0
-0
27.9355
60.5268
-0
-0
-0
-0
-0
-0
-0
-0
-0
1.16452
12.7518
0.740197
-0
-0
-0
-0
-0
-0
-0
-0
21.9009
-0
-0
-0
-0
-0
-0
-0
-0
-0
6.65902
-0
34.4444
-0
4.49005
-0
-0
4.3862
28.1994
-0
-0
-0
-0
-0
4.94025
47.287
26.0676
-0
-0
-0
-0
11.3001
-0
-0
-0
-0
-0
-0
-0
-0
-0
-0
-0
36.2158
-0
-0
-0
-0
-0
-0
-0
-0
-0
-0
15.0069
-0
11.5421
-0
-0
-0
13.7931
11.0051
0.0334865
-0
-0
-0
-0
-0
-0
-0
-0
5.44565
-0
-0
34.7632
-0
-0
-0
-0
-0
-0
-0
-0
-0
-0
-0
-0
25.2164
-0
39.7281
2.11133
6.20779
-0
47.8775
17.1317
-0
-0
-0
-0
-0
-0
-0
-0
53.2262
-0
-0
29.2868
-0
-0
-0
21.2536
-0
34.0066
54.3755
0.306149
50.6864
-0
-0
-0
-0
-0
-0
1.01229
-0
-0
-0
-0
61.2129
-0
-0
-0
32.2714
18.0718
2.72203
-0
-0
-0
-0
-0
-0
-0
-0
-0
-0
-0
-0
-0
-0
16.0221
-0
-0
-0
-0
-0
-0
-0
-0
-0
-0
35.3834
17.3095
41.7535
-0
-0
-0
-0
-0
-0
-0
-0
-0
-0
-0
-0
-0
-0
-0
58.9354
4.17233
-0
-0
-0
-0
10.5435
-0
12.8671
-0
-0
-0
18.5981
-0
-0
-0
-0
9.73077
-0
-0
55.3413
-0
-0
-0
17.7252
-0
-0
-0
-0
-0
-0
19.7821
-0
-0
-0
-0
-0
0.973183
-0
-0
33.6803
-0
-0
-0
-0
-0
12.4998
0.0943604
-0
-0
-0
-0
-0
-0
-0
-0
-0
-0
-0
40.895
-0
-0
-0
-0
-0
-0
-0
-0
-0
-0
-0
-0
-0
59.9118
23.8633
11.2375
20.6347
-0
-0
-0
-0
-0
-0
-0
5.90488
-0
-0
-0
-0
8.9106
29.411
16.3906
-0
-0
-0
-0
-0
-0
-0
-0
-0
-0
-0
-0
-0
-0
-0
16.6536
-0
-0
-0
24.5279
-0
-0
-0
3.99062
-0
-0
-0
-0
89.9828
-0
-0
0.954572
-0
-0
12.5713
-0
28.5094
-0
-0
75.3549
-0
14.8339
-0
-0
7.31473
-0
6.20516
107.173
2.42319
-0
3.99641
29.3712
-0
-0
-0
-0
-0
-0
-0
-0
-0
-0
4.60414
-0
-0
-0
-0
-0
-0
-0
13.7178
5.49353
-0
-0
-0
33.6582
-0
-0
-0
-0
-0
-0
-0
-0
-0
-0
-0
2.51289
-0
16.9991
-0
-0
-0
-0
-0
73.4815
-0
-0
-0
-0
-0
-0
-0
6.83834
-0
-0
-0
5.2557
-0
-0
-0
-0
26.2821
-0
-0
-0
-0
-0
-0
-0
-0
