2.09443
-0
-0
-0
-0
2.91602
-0
-0
12.2932
32.9232
-0
-0
-0
-0
-0
8.43683
-0
-0
-0
-0
-0
-0
-0
-0
-0
18.5472
2.50211
-0
-0
-0
-0
-0
-0
-0
6.13805
-0
-0
-0
-0
-0
-0
-0
-0
8.88894
-0
21.0695
-0
18.4105
-0
-0
-0
-0
-0
-0
-0
-0
10.2383
2.2324
3.71479
30.1331
-0
-0
-0
-0
8.59575
-0
-0
-0
-0
1.3387
-0
-0
-0
-0
-0
4.50395
13.7021
-0
-0
-0
-0
98.0995
10.8848
15.0947
22.1634
-0
-0
18.8001
-0
-0
-0
-0
-0
-0
14.2473
-0
11.3288
-0
-0
-0
-0
-0
-0
-0
-0
-0
7.06224
-0
-0
-0
-0
-0
-0
-0
-0
-0
-0
-0
25.592
41.6317
-0
-0
34.8149
-0
16.5141
-0
-0
-0
-0
0.782627
6.09988
6.04436
18.9704
-0
-0
-0
-0
11.5849
-0
-0
9.76668
-0
-0
-0
-0
-0
-0
-0
-0
-0
6.03402
-0
-0
-0
-0
-0
11.5349
-0
-0
2.74284
5.29598
-0
-0
-0
-0
-0
-0
-0
-0
53.1325
5.33467
-0
-0
-0
0.804438
-0
-0
-0
2.16316
5.54855
-0
-0
-0
-0
-0
29.821
-0
-0
50.6461
-0
-0
50.5376
-0
27.7325
-0
-0
-0
-0
-0
-0
-0
-0
-0
-0
-0
12.6414
-0
-0
-0
-0
-0
-0
18.1365
-0
-0
-0
-0
-0
-0
-0
-0
-0
-0
-0
-0
-0
-0
-0
-0
-0
-0
1.79737
-0
-0
-0
-0
-0
-0
-0
-0
-0
4.95028
-0
-0
-0
-0
34.0122
-0
-0
-0
-0
-0
-0
-0
-0
-0
-0
0.00081706
6.72955
-0
-0
18.3954
-0
8.701
-0
-0
-0
-0
-0
-0
-0
5.03707
-0
33.4328
-0
-0
-0
-0
-0
-0
-0
2.23585
-0
-0
-0
-0
-0
15.7796
-0
-0
-0
-0
-0
-0
-0
-0
-0
-0
-0
7.56012
-0
-0
3.72532
-0
32.1163
20.3107
5.07884
-0
43.8891
-0
6.07979
-0
-0
-0
-0
1.6928
-0
-0
-0
0.0092417
-0
-0
3.64654
61.407
28.0183
-0
-0
-0
-0
-0
-0
-0
-0
-0
-0
-0
-0
-0
-0
7.48958
-0
-0
-0
9.29689
-0
-0
17.9585
-0
0.788733
-0
-0
-0
-0
-0
37.204
-0
-0
-0
-0
-0
-0
-0
-0
0.0590388
24.3819
1.22937
-0
-0
16.1515
-0
-0
2.44487
0.918792
0.713293
-0
-0
-0
-0
-0
-0
-0
-0
1.29715
-0
-0
40.8987
-0
-0
-0
-0
-0
-0
-0
-0
-0
-0
-0
29.2162
-0
-0
27.8966
-0
-0
-0
-0
-0
-0
3.26843
-0
26.332
-0
-0
-0
-0
-0
18.6665
-0
-0
-0
-0
54.6069
-0
-0
-0
-0
-0
-0
8.63533
-0
13.8398
-0
10.7697
-0
-0
38.8309
-0
-0
-0
-0
-0
-0
-0
-0
-0
-0
-0
-0
-0
-0
-0
12.0525
74.7638
-0
-0
19.8116
0.925282
-0
-0
-0
-0
-0
-0
22.5539
-0
18.0382
6.36479
22.996
-0
-0
-0
-0
-0
-0
-0
-0
4.13786
38.0823
-0
-0
-0
-0
-0
-0
-0
-0
-0
-0
1.8859
-0
27.0285
25.3817
-0
-0
-0
-0
-0
33.4945
-0
-0
14.7193
-0
-0
28.0676
10.0733
-0
-0
4.39705
-0
-0
14.2445
-0
-0
-0
24.9068
-0
-0
-0
-0
10.7039
-0
21.6984
-0
-0
-0
-0
-0
28.4071
-0
-0
-0
-0
-0
-0
-0
-0
-0
18.5989
26.0269
-0
-0
-0
-0
-0
-0
-0
-0
1.90252
-0
-0
-0
-0
-0
-0
-0
51.7398
12.2042
-0
-0
36.9167
-0
-0
-0
11.9199
-0
-0
-0
-0
-0
-0
-0
-0
-0
-0
9.6254
-0
-0
-0
-0
6.84925
-0
-0
-0
-0
-0
-0
-0
-0
-0
17.2506
48.6993
-0
-0
37.8933
-0
-0
-0
-0
7.69508
4.07702
4.42034
14.3226
-0
-0
-0
-0
-0
-0
13.7593
-0
3.14177
-0
-0
1.69293
-0
-0
-0
15.5978
-0
-0
-0
-0
-0
-0
2.57157
-0
-0
-0
-0
-0
-0
-0
-0
-0
-0
-0
-0
-0
-0
-0
-0
-0
-0
-0
-0
-0
-0
-0
-0
-0
-0
-0
-0
-0
-0
-0
-0
-0
-0
-0
-0
-0
-0
8.8565
1.44836
-0
28.7135
-0
-0
-0
-0
-0
-0
-0
0.164728
-0
-0
-0
-0
-0
-0
-0
-0
-0
-0
-0
1.54829
-0
-0
6.6648
-0
-0
-0
-0
-0
-0
-0
-0
-0
-0
23.7397
4.87297
-0
-0
-0
1.83253
-0
-0
-0
-0
-0
-0
23.1817
-0
-0
-0
-0
15.9344
-0
-0
-0
-0
16.7749
-0
-0
11.1129
-0
-0
-0
-0
25.3777
16.3379
-0
-0
42.8251
-0
-0
-0
0.909857
-0
-0
-0
-0
-0
-0
-0
7.18501
-0
-0
-0
-0
-0
-0
-0
-0
4.09904
-0
-0
-0
24.9161
-0
-0
-0
-0
-0
5.26812
1.74659
18.5677
-0
-0
-0
-0
-0
-0
-0
-0
-0
-0
-0
-0
27.57
20.6305
-0
-0
-0
-0
-0
25.9178
50.9514
-0
-0
-0
-0
-0
-0
-0
-0
2.77554
-0
19.123
-0
25.9255
-0
-0
-0
-0
-0
-0
-0
-0
-0
-0
-0
-0
-0
-0
10.5521
-0
-0
-0
32.8996
-0
-0
4.90004
-0
-0
-0
-0
6.45967
13.8141
-0
31.606
-0
-0
27.0579
-0
-0
9.20044
-0
-0
-0
-0
-0
-0
-0
-0
1.73459
-0
-0
-0
-0
-0
-0
2.89622
-0
-0
-0
-0
-0
-0
-0
-0
-0
-0
-0
-0
-0
-0
-0
-0
-0
-0
-0
-0
22.9799
-0
23.9854
-0
-0
-0
-0
-0
0.870953
-0
-0
-0
-0
-0
-0
-0
29.7884
-0
-0
-0
-0
-0
2.31859
21.638
-0
-0
10.0112
-0
0.846152
-0
-0
-0
-0
-0
-0
-0
-0
8.00976
46.5142
-0
-0
-0
-0
-0
-0
-0
2.63609
-0
-0
-0
-0
30.2635
-0
-0
-0
-0
-0
-0
-0
-0
65.5174
-0
-0
-0
18.8654
-0
12.4969
2.51472
-0
6.98644
-0
7.11959
-0
17.7472
-0
-0
-0
-0
-0
-0
-0
-0
32.5947
-0
-0
-0
-0
-0
-0
-0
11.3556
-0
-0
-0
-0
-0
-0
-0
33.1064
-0
-0
-0
-0
-0
20.6227
-0
-0
-0
-0
-0
-0
-0
-0
-0
-0
-0
-0
-0
-0
-0
-0
-0
11.8387
17.575
-0
6.21053
-0
-0
-0
7.81823
-0
-0
0.16741
-0
-0
-0
0.476929
-0
-0
-0
-0
37.2085
8.64969
-0
-0
-0
-0
-0
-0
-0
-0
29.4086
-0
-0
-0
1.6442
-0
-0
-0
-0
-0
-0
-0
-0
-0
-0
20.8025
-0
-0
-0
-0
25.5998
-0
-0
-0
-0
-0
21.917
-0
10.0472
-0
-0
-0
-0
-0
-0
-0
-0
-0
8.75379
-0
-0
56.5477
-0
-0
-0
3.62571
-0
-0
-0
-0
-0
24.7389
-0
-0
19.5967
-0
-0
-0
-0
-0
-0
-0
-0
-0
3.25118
-0
6.41173
-0
-0
7.77828
-0
18.0666
-0
-0
-0
4.44133
-0
-0
-0
-0
-0
-0
-0
-0
-0
-0
-0
30.3055
-0
15.62
-0
-0
-0
-0
18.3903
-0
-0
-0
-0
-0
12.7421
-0
-0
-0
-0
-0
-0
-0
9.64249
0.273874
-0
-0
-0
-0
-0
-0
-0
-0
-0
-0
19.0819
-0
-0
-0
-0
11.9329
-0
-0
-0
-0
-0
-0
-0
-0
12.2285
-0
-0
13.3854
-0
-0
-0
32.0212
-0
-0
-0
-0
-0
-0
22.6467
-0
-0
-0
-0
-0
-0
-0
-0
26.1801
27.2966
-0
8.73843
-0
-0
-0
9.60335
-0
-0
-0
-0
-0
-0
-0
-0
29.9203
-0
-0
-0
-0
-0
-0
-0
20.8672
-0
-0
-0
-0
-0
-0
-0
-0
-0
-0
-0
-0
-0
-0
61.3717
-0
-0
-0
-0
22.5881
-0
-0
19.3429
-0
-0
6.93442
-0
-0
-0
-0
-0
-0
3.74848
-0
-0
-0
-0
-0
-0
-0
-0
-0
-0
20.9777
-0
-0
-0
-0
-0
-0
-0
-0
4.94802
-0
-0
-0
12.4462
-0
-0
-0
-0
-0
-0
24.0602
28.0812
-0
-0
4.66079
-0
-0
-0
-0
-0
-0
-0
20.902
-0
-0
-0
-0
-0
25.9823
-0
6.11594
-0
-0
-0
26.6662
-0
46.0736
17.9494
-0
47.3259
-0
-0
-0
-0
-0
30.1708
-0
19.1568
20.5395
-0
6.88297
25.8827
-0
-0
-0
4.48705
20.323
-0
-0
-0
-0
-0
0.612242
46.5707
-0
6.25134
-0
-0
-0
32.4997
6.90949
-0
45.6982
-0
-0
-0
-0
-0
-0
-0
-0
-0
-0
8.82422
-0
17.1338
-0
-0
-0
-0
-0
6.52345
-0
16.8722
-0
-0
-0
-0
-0
-0
-0
-0
-0
-0
-0
-0
-0
-0
-0
27.1223
-0
-0
19.5171
-0
-0
-0
-0
-0
-0
-0
-0
-0
-0
-0
-0
7.80822
-0
-0
-0
-0
-0
-0
-0
-0
-0
6.15368
-0
-0
22.6719
36.091
21.7373
-0
7.72099
-0
-0
-0
-0
-0
16.4238
-0
-0
-0
-0
-0
-0
-0
20.9931
-0
9.86836
-0
-0
60.2415
-0
-0
-0
-0
-0
-0
-0
-0
-0
-0
-0
-0
3.16372
45.8625
42.1009
-0
0.751742
-0
-0
-0
-0
1.25431
-0
-0
-0
-0
-0
4.38481
-0
-0
-0
-0
-0
4.05142
-0
-0
-0
-0
-0
-0
-0
-0
-0
-0
-0
-0
-0
-0
8.51043
-0
-0
-0
-0
-0
7.11877
-0
-0
-0
-0
-0
-0
-0
-0
-0
-0
-0
-0
-0
-0
7.45545
-0
-0
13.0027
12.1673
-0
-0
-0
-0
-0
-0
-0
-0
-0
-0
-0
27.3196
-0
-0
-0
1.58191
-0
-0
-0
-0
-0
-0
-0
0.625244
-0
-0
-0
-0
-0
-0
-0
-0
-0
-0
-0
0.120428
27.2991
-0
-0
18.4254
-0
-0
-0
-0
-0
-0
-0
44.196
-0
-0
-0
3.78154
-0
-0
-0
-0
20.8937
-0
-0
-0
-0
-0
-0
-0
22.0168
-0
-0
-0
-0
-0
-0
-0
-0
-0
-0
-0
-0
-0
-0
13.6175
-0
-0
-0
-0
-0
-0
5.57005
-0
-0
-0
-0
-0
4.20006
-0
-0
-0
24.78
-0
-0
-0
-0
37.8993
-0
2.89529
-0
-0
-0
52.7906
-0
-0
-0
-0
-0
-0
6.1237
-0
-0
-0
-0
19.1289
-0
-0
-0
-0
6.92276
-0
-0
7.94999
-0
-0
-0
-0
-0
-0
-0
-0
51.2531
-0
-0
-0
22.2191
-0
-0
-0
-0
-0
0.222613
-0
-0
4.28761
16.3108
-0
47.9628
-0
-0
31.7627
-0
-0
38.0214
-0
-0
-0
22.9701
-0
-0
-0
-0
-0
-0
20.3655
24.7172
7.74554
10.4037
-0
-0
10.8826
-0
-0
-0
-0
-0
-0
-0
14.8118
-0
-0
-0
-0
-0
-0
-0
41.2141
-0
-0
-0
-0
-0
14.6316
-0
-0
2.38372
-0
17.4603
-0
-0
-0
-0
-0
17.1476
28.2132
11.1266
-0
-0
-0
-0
-0
-0
-0
-0
-0
-0
25.3991
-0
34.07
-0
-0
-0
-0
-0
-0
-0
-0
-0
-0
-0
-0
-0
-0
-0
-0
12.7549
-0
5.10926
-0
-0
-0
-0
13.5506
-0
28.9342
-0
-0
33.8256
5.56341
-0
-0
-0
-0
-0
-0
-0
-0
7.07207
14.8714
-0
7.43159
-0
-0
1.0546
-0
-0
-0
-0
-0
-0
-0
-0
-0
-0
1.86832
-0
-0
3.41272
-0
-0
-0
-0
24.8879
-0
-0
2.74864
-0
-0
-0
-0
-0
-0
-0
-0
-0
2.48545
-0
-0
-0
-0
-0
-0
-0
-0
-0
-0
-0
-0
-0
-0
-0
-0
-0
-0
-0
-0
-0
-0
-0
-0
-0
-0
-0
-0
-0
-0
-0
-0
-0
27.5946
-0
-0
-0
-0
-0
-0
-0
-0
8.59586
-0
-0
-0
-0
-0
-0
-0
-0
-0
-0
-0
-0
-0
-0
-0
-0
-0
-0
2.68914
-0
-0
-0
-0
-0
-0
-0
-0
-0
2.34162
-0
-0
0.194612
-0
16.8074
-0
20.8043
-0
-0
-0
-0
-0
-0
-0
-0
-0
-0
-0
78.8474
-0
-0
-0
-0
-0
-0
-0
-0
30.2325
31.9347
-0
-0
4.58587
9.0979
-0
-0
33.3978
-0
-0
0.0921054
13.319
-0
-0
-0
-0
-0
-0
-0
-0
-0
64.5376
-0
-0
-0
48.1968
-0
-0
55.9324
20.0617
-0
-0
19.387
-0
-0
-0
-0
0.710934
-0
-0
-0
-0
-0
-0
-0
-0
-0
-0
31.639
35.8169
-0
-0
-0
-0
-0
-0
10.0701
-0
-0
-0
-0
-0
-0
26.9
-0
-0
-0
-0
-0
-0
-0
-0
39.378
-0
-0
28.494
-0
-0
-0
-0
-0
-0
-0
-0
-0
-0
50.0225
38.8348
-0
23.2023
-0
-0
-0
-0
-0
-0
-0
47.4792
-0
-0
-0
35.0453
13.0753
-0
-0
-0
-0
1.15419
-0
47.6109
-0
25.1671
-0
-0
-0
-0
-0
-0
6.76715
-0
39.5077
-0
-0
10.6619
-0
-0
9.79255
-0
-0
-0
1.92832
34.9968
-0
-0
-0
61.4265
-0
-0
30.6653
-0
-0
-0
11.2407
-0
-0
-0
9.82874
-0
-0
32.7946
-0
-0
-0
-0
-0
-0
-0
-0
-0
-0
33.1536
-0
-0
29.6565
-0
-0
-0
-0
-0
17.4871
-0
1.64786
-0
36.0671
-0
-0
-0
17.2009
0.621813
-0
-0
-0
-0
-0
-0
-0
-0
-0
-0
-0
-0
11.6315
-0
-0
-0
-0
-0
-0
24.7991
-0
16.395
-0
-0
-0
-0
-0
-0
-0
-0
-0
-0
-0
-0
-0
-0
-0
-0
-0
22.6215
1.43408
36.1027
-0
-0
-0
33.8137
-0
-0
-0
1.46788
-0
-0
-0
-0
9.69057
7.71225
-0
-0
29.9085
-0
-0
-0
-0
44.1671
42.9055
-0
15.8417
32.587
-0
-0
18.258
4.9834
-0
-0
-0
-0
-0
-0
-0
-0
-0
-0
-0
-0
-0
-0
2.22656
-0
26.1347
-0
-0
-0
-0
-0
5.26933
-0
-0
5.69432
-0
-0
-0
-0
-0
-0
9.0669
30.0716
-0
-0
-0
-0
-0
-0
-0
13.3765
-0
-0
-0
3.27327
5.76056
28.3062
7.91371
-0
-0
-0
-0
4.28194
5.25257
-0
-0
-0
7.95187
-0
-0
-0
-0
-0
-0
16.8347
-0
-0
-0
-0
-0
-0
-0
6.01921
14.4387
-0
36.9781
-0
-0
-0
-0
-0
20.3144
2.60304
-0
-0
-0
-0
-0
-0
-0
-0
-0
-0
-0
-0
-0
27.2357
-0
30.3225
10.7576
31.5822
-0
-0
-0
-0
-0
-0
13.8979
4.77969
-0
20.5543
-0
-0
-0
-0
-0
-0
-0
-0
-0
-0
-0
-0
-0
4.39303
-0
-0
-0
-0
-0
-0
-0
3.0346
19.5569
-0
-0
-0
-0
-0
5.13202
-0
-0
60.4732
-0
-0
-0
-0
-0
-0
6.74628
-0
-0
-0
-0
-0
-0
-0
-0
-0
12.8227
-0
25.8456
23.5836
-0
22.2008
-0
-0
-0
-0
-0
3.87524
-0
-0
-0
-0
-0
-0
-0
19.9081
15.5448
13.7222
-0
-0
-0
-0
-0
-0
-0
-0
-0
-0
-0
16.0753
-0
-0
-0
-0
-0
-0
3.60933
-0
-0
-0
-0
-0
26.7819
6.43842
-0
-0
-0
-0
-0
-0
-0
-0
-0
-0
-0
-0
15.1709
-0
-0
6.00639
15.0407
-0
-0
-0
10.7486
-0
0.963274
-0
-0
-0
16.3126
-0
18.9333
-0
-0
30.4626
-0
3.61781
-0
-0
-0
-0
-0
-0
7.96766
1.12539
9.28852
17.5841
10.1599
-0
-0
-0
-0
-0
-0
-0
11.7406
-0
-0
-0
-0
-0
-0
-0
-0
-0
-0
-0
-0
-0
-0
-0
3.47162
-0
-0
-0
-0
-0
-0
-0
-0
-0
-0
-0
-0
-0
-0
-0
-0
30.5479
-0
-0
-0
-0
-0
-0
22.5474
10.6577
-0
-0
-0
26.7176
-0
-0
-0
-0
-0
-0
-0
-0
-0
-0
-0
-0
59.5226
-0
-0
-0
-0
-0
-0
-0
7.83004
-0
-0
-0
-0
-0
-0
-0
-0
-0
3.9153
-0
-0
1.77523
-0
-0
-0
-0
-0
-0
-0
-0
-0
-0
19.1573
14.0308
-0
16.4013
-0
-0
-0
-0
-0
-0
-0
-0
2.91659
-0
-0
-0
29.1348
-0
-0
-0
-0
-0
-0
5.35226
-0
-0
-0
19.4242
-0
-0
3.13148
-0
-0
10.7272
12.6288
-0
50.3207
-0
40.6608
-0
-0
7.73223
-0
-0
12.9265
-0
-0
24.9433
4.38833
-0
-0
-0
-0
-0
-0
-0
0.156906
-0
3.81753
5.54257
0.290623
-0
-0
-0
-0
-0
-0
-0
-0
43.6784
-0
-0
-0
-0
-0
-0
-0
-0
-0
-0
-0
-0
-0
28.2635
-0
-0
-0
-0
-0
-0
-0
-0
-0
-0
-0
-0
-0
1.04559
-0
48.3396
-0
-0
-0
-0
21.0362
22.8418
32.6296
-0
20.7726
-0
-0
-0
-0
-0
-0
4.5647
-0
13.702
-0
-0
2.97316
-0
-0
31.5476
-0
-0
-0
27.763
-0
26.8732
-0
-0
-0
-0
-0
-0
-0
-0
-0
-0
-0
-0
-0
-0
-0
-0
-0
-0
-0
23.5082
-0
-0
4.86952
-0
-0
-0
-0
-0
44.085
-0
-0
-0
-0
-0
-0
33.9172
-0
-0
11.6343
-0
-0
-0
-0
15.7924
-0
11.0632
-0
-0
-0
-0
-0
-0
-0
-0
29.4917
-0
-0
-0
-0
-0
-0
-0
-0
-0
2.76215
-0
-0
-0
-0
14.6788
-0
-0
-0
-0
-0
4.56683
-0
-0
-0
-0
-0
-0
23.1915
-0
-0
-0
-0
-0
-0
-0
-0
-0
-0
-0
29.0417
-0
-0
-0
-0
-0
-0
-0
-0
-0
-0
6.92542
-0
-0
20.8289
-0
-0
-0
0.873947
-0
-0
-0
-0
-0
-0
-0
-0
-0
-0
-0
41.2327
9.04377
-0
-0
-0
-0
18.3723
23.9328
-0
-0
-0
-0
39.2539
-0
-0
-0
-0
-0
-0
28.7803
-0
-0
-0
9.96227
-0
-0
-0
15.4089
8.88006
-0
-0
-0
-0
-0
-0
-0
6.12778
-0
-0
-0
-0
-0
1.73195
-0
42.582
-0
-0
-0
4.87709
-0
-0
-0
-0
-0
-0
-0
17.9447
-0
-0
-0
-0
-0
-0
75.1843
-0
-0
-0
-0
-0
-0
-0
-0
-0
-0
-0
-0
-0
-0
-0
28.7649
22.4115
-0
-0
-0
-0
-0
13.68
-0
-0
-0
-0
27.5486
-0
-0
-0
24.6964
-0
-0
28.7688
-0
-0
-0
-0
-0
-0
10.7393
-0
-0
-0
-0
-0
3.04359
-0
-0
21.1164
-0
-0
-0
30.4569
-0
7.79439
-0
31.8953
37.9171
-0
-0
-0
24.0473
-0
41.9639
-0
1.65642
-0
26.9989
-0
-0
-0
-0
-0
-0
-0
-0
0.904985
8.42923
-0
-0
-0
2.21109
-0
-0
3.18074
-0
10.2162
-0
24.5895
-0
-0
-0
-0
-0
-0
-0
-0
-0
-0
-0
-0
-0
7.71795
7.77163
-0
-0
-0
-0
-0
-0
-0
6.80104
-0
-0
3.61711
-0
-0
-0
13.629
-0
-0
4.86266
-0
2.0121
35.9097
-0
45.6381
12.7626
-0
-0
-0
-0
-0
-0
-0
-0
-0
-0
-0
-0
-0
1.5247
-0
19.926
-0
-0
-0
-0
-0
-0
-0
-0
-0
-0
-0
-0
-0
-0
-0
17.2253
20.7962
-0
-0
-0
-0
-0
-0
-0
-0
-0
36.6877
-0
-0
-0
-0
-0
37.1569
-0
-0
-0
-0
8.65367
-0
46.444
-0
51.6582
-0
-0
-0
1.55084
-0
-0
-0
-0
-0
-0
19.2079
-0
-0
-0
-0
-0
-0
-0
-0
-0
-0
-0
-0
6.91294
-0
-0
-0
-0
-0
-0
-0
-0
-0
-0
-0
-0
-0
-0
-0
29.9686
4.82036
-0
-0
-0
-0
-0
-0
-0
-0
26.9134
-0
-0
-0
-0
-0
-0
-0
-0
-0
16.6589
-0
39.4354
-0
-0
-0
-0
-0
-0
-0
-0
-0
-0
-0
-0
-0
-0
45.9505
-0
-0
-0
-0
-0
16.0873
-0
-0
-0
-0
-0
-0
-0
-0
-0
-0
-0
-0
23.8313
37.9604
-0
-0
-0
18.9159
-0
-0
-0
-0
-0
-0
-0
0.261244
-0
-0
-0
-0
-0
2.2256
-0
-0
-0
-0
-0
-0
-0
-0
-0
-0
15.6693
-0
-0
-0
-0
-0
-0
-0
5.18498
-0
-0
-0
-0
-0
-0
-0
-0
-0
-0
-0
-0
17.4678
-0
-0
-0
13.3037
-0
-0
-0
-0
15.2265
-0
-0
-0
16.792
-0
-0
-0
11.6289
-0
-0
-0
-0
-0
-0
-0
-0
-0
-0
-0
14.3604
-0
-0
-0
-0
-0
-0
-0
-0
-0
-0
7.02272
-0
-0
-0
-0
-0
-0
-0
-0
31.7917
-0
-0
-0
-0
-0
-0
-0
-0
-0
8.27052
-0
-0
-0
-0
13.0685
-0
-0
5.79236
-0
38.3287
10.2136
-0
40.892
12.3714
6.65517
-0
-0
-0
-0
0.974338
-0
-0
-0
-0
-0
14.6544
-0
-0
-0
-0
-0
-0
-0
-0
14.7697
-0
-0
-0
20.6597
17.9289
-0
-0
-0
-0
-0
-0
30.7577
-0
-0
-0
-0
-0
-0
70.4
-0
-0
21.4908
-0
-0
-0
-0
-0
30.1084
-0
-0
9.54826
-0
-0
-0
-0
-0
-0
-0
-0
-0
-0
-0
-0
-0
23.6711
-0
-0
-0
-0
-0
-0
-0
-0
2.05589
0.0506812
-0
12.4145
0.0565262
-0
5.63377
-0
3.22778
-0
-0
-0
-0
-0
-0
-0
-0
-0
-0
-0
-0
-0
26.6809
-0
-0
-0
-0
-0
-0
-0
-0
-0
5.37572
-0
-0
-0
-0
-0
13.9837
-0
4.10635
-0
-0
-0
-0
-0
-0
-0
-0
-0
-0
-0
-0
-0
-0
-0
-0
-0
0.00799346
14.5664
-0
-0
-0
25.5649
-0
-0
-0
-0
-0
51.4032
-0
-0
13.9763
-0
-0
-0
-0
-0
-0
-0
-0
-0
13.8786
-0
5.72116
-0
-0
-0
-0
-0
-0
-0
28.9507
-0
-0
-0
-0
-0
-0
-0
-0
-0
-0
-0
-0
-0
-0
-0
-0
0.893213
9.58981
-0
-0
-0
-0
-0
-0
20.0538
49.4238
-0
49.4116
-0
-0
-0
-0
-0
13.6018
-0
-0
-0
-0
-0
25.9609
-0
-0
-0
36.8426
-0
11.6164
-0
-0
-0
3.07819
-0
-0
-0
-0
-0
-0
13.8495
7.85038
1.07072
-0
-0
-0
-0
2.7239
-0
9.2902
-0
-0
-0
4.67883
-0
23.7668
-0
-0
-0
-0
-0
-0
-0
24.5495
-0
10.0037
3.0481
3.19282
-0
-0
-0
-0
-0
52.5532
-0
6.60262
-0
1.54592
-0
-0
4.29282
-0
-0
-0
-0
-0
-0
13.2074
-0
-0
29.7626
-0
-0
2.3332
-0
32.2259
10.0656
-0
3.05166
-0
-0
-0
-0
-0
-0
-0
34.8724
-0
-0
-0
-0
-0
-0
2.57851
-0
-0
-0
-0
-0
-0
-0
23.6487
-0
-0
-0
-0
-0
21.692
-0
38.5116
30.1315
-0
-0
-0
-0
-0
-0
-0
-0
-0
-0
-0
-0
-0
-0
-0
15.6024
19.7535
-0
-0
-0
-0
-0
-0
13.4915
15.7933
-0
-0
-0
14.7114
-0
-0
16.9345
-0
-0
-0
21.4681
-0
-0
-0
-0
9.33917
9.65823
-0
-0
-0
-0
-0
-0
-0
-0
8.59202
-0
18.3815
2.17665
-0
3.8212
-0
17.3615
-0
-0
-0
-0
7.81406
-0
-0
-0
4.19069
-0
-0
-0
-0
-0
-0
83.9822
-0
9.246
10.9755
5.22577
-0
-0
29.3756
-0
-0
-0
-0
-0
35.1681
-0
-0
-0
-0
-0
-0
-0
-0
-0
5.70392
-0
-0
-0
-0
34.8341
-0
-0
-0
-0
-0
-0
-0
-0
-0
-0
-0
-0
-0
9.44727
-0
-0
-0
-0
-0
-0
-0
-0
-0
-0
-0
-0
-0
-0
-0
-0
13.5027
-0
-0
-0
-0
29.8221
-0
-0
-0
-0
-0
-0
55.4275
-0
-0
39.365
24.3667
-0
-0
-0
-0
-0
-0
-0
-0
-0
-0
10.1965
-0
-0
-0
-0
-0
-0
-0
-0
5.64156
40.558
-0
-0
-0
1.64813
-0
-0
-0
-0
-0
-0
-0
10.5333
-0
8.37718
-0
-0
-0
10.6698
6.65741
-0
-0
-0
-0
9.80643
54.8736
32.1427
-0
-0
-0
-0
1.31424
-0
-0
-0
-0
-0
-0
-0
-0
-0
-0
-0
53.6671
-0
-0
-0
-0
-0
-0
-0
-0
-0
-0
0.606875
-0
-0
-0
-0
-0
5.13024
13.3281
0.811328
-0
19.6926
-0
-0
-0
-0
-0
-0
-0
-0
-0
-0
-0
-0
-0
24.3477
-0
-0
-0
-0
6.57436
-0
-0
0.622189
19.4339
-0
17.0345
-0
-0
-0
16.8055
-0
11.4682
-0
-0
-0
-0
-0
-0
-0
43.828
-0
-0
41.3549
-0
-0
-0
-0
-0
6.06379
18.3464
-0
28.8636
-0
-0
-0
-0
-0
42.7941
20.3593
-0
-0
-0
-0
31.4684
-0
-0
-0
11.3429
16.4064
-0
-0
-0
-0
-0
-0
-0
-0
-0
-0
-0
34.7592
-0
-0
-0
0.639254
-0
-0
-0
-0
-0
-0
-0
-0
-0
-0
15.102
-0
35.4592
-0
-0
-0
-0
-0
-0
-0
-0
-0
-0
-0
12.4192
-0
-0
10.7192
34.8751
-0
-0
-0
-0
-0
2.68992
-0
6.88155
-0
-0
-0
37.5833
-0
-0
-0
-0
8.63957
-0
-0
20.0563
-0
13.8123
-0
20.0637
30.0734
20.1144
-0
-0
-0
-0
-0
-0
-0
-0
-0
-0
12.5552
-0
-0
13.8319
-0
-0
-0
-0
-0
-0
0.413379
-0
-0
-0
-0
-0
-0
-0
-0
-0
-0
-0
32.9629
-0
-0
-0
-0
-0
-0
-0
-0
-0
-0
-0
-0
-0
45.2943
27.4623
20.3356
8.96453
-0
-0
-0
-0
-0
-0
-0
5.40889
-0
-0
-0
-0
-0
17.0991
9.54473
-0
15.797
-0
-0
-0
-0
-0
-0
-0
-0
-0
-0
-0
-0
-0
-0
-0
-0
-0
6.45119
-0
-0
-0
-0
-0
-0
-0
-0
76.3333
-0
-0
-0
11.53
-0
-0
19.6679
0.78362
-0
-0
38.3435
-0
5.95346
-0
-0
22.3343
-0
-0
96.335
-0
-0
4.1597
-0
-0
7.58348
2.39936
-0
-0
-0
-0
-0
-0
-0
4.32465
2.6653
3.77767
-0
-0
-0
-0
-0
18.7387
18.2308
-0
-0
-0
7.72675
-0
-0
6.22112
-0
-0
-0
34.0856
-0
-0
-0
-0
-0
-0
-0
-0
-0
-0
-0
16.9361
61.9706
-0
6.0462
-0
-0
-0
-0
-0
1.13258
14.5996
-0
-0
-0
5.47417
-0
-0
-0
41.9736
-0
-0
-0
-0
-0
-0
-0
-0
