5.55088
-0
-0
-0
-0
23.4998
-0
-0
50.6511
12.554
27.1979
-0
4.58407
-0
-0
1.57698
-0
-0
-0
-0
-0
0.0495596
-0
-0
-0
15.8793
-0
-0
-0
-0
-0
-0
-0
-0
0.675473
-0
-0
-0
2.39867
-0
-0
-0
-0
16.1574
-0
17.3463
-0
-0
-0
-0
-0
-0
-0
4.74444
-0
-0
-0
3.27386
40.5729
-0
-0
-0
17.6532
-0
45.7242
-0
-0
-0
15.124
1.98615
-0
-0
-0
-0
-0
-0
-0
2.75576
-0
-0
-0
119.027
-0
12.64
-0
-0
-0
94.2758
-0
-0
-0
-0
-0
-0
0.107721
-0
0.115296
-0
7.89092
-0
-0
-0
-0
-0
-0
-0
0.582929
-0
-0
-0
27.3209
-0
-0
-0
-0
-0
12.1133
-0
31.9995
49.2519
26.3183
-0
68.6756
-0
7.94232
-0
-0
-0
-0
-0
32.4876
-0
53.5766
-0
-0
-0
-0
-0
-0
-0
10.1209
-0
-0
-0
0.841942
-0
-0
-0
-0
-0
-0
-0
-0
-0
-0
-0
16.2356
-0
-0
2.37103
-0
-0
-0
-0
-0
-0
27.5342
-0
-0
83.8039
31.5688
6.59514
-0
-0
-0
-0
-0
-0
-0
7.88222
-0
-0
-0
-0
-0
-0
-0
-0
59.848
-0
-0
72.9088
8.49914
61.2142
-0
-0
-0
-0
-0
-0
-0
-0
-0
-0
-0
-0
-0
-0
-0
-0
-0
-0
43.1241
-0
-0
17.9033
-0
-0
-0
-0
5.7869
-0
-0
-0
-0
-0
-0
-0
-0
-0
-0
-0
-0
-0
-0
-0
-0
-0
-0
-0
-0
-0
-0
-0
-0
-0
13.919
-0
-0
-0
-0
-0
-0
-0
0.259972
-0
-0
2.56009
40.7196
-0
-0
-0
-0
-0
-0
-0
-0
-0
-0
-0
-0
-0
-0
28.9933
-0
-0
-0
-0
-0
-0
-0
-0
-0
-0
-0
-0
-0
27.7271
-0
-0
3.01905
21.8865
-0
-0
-0
-0
-0
-0
-0
-0
-0
-0
6.70323
-0
-0
32.8168
14.2944
-0
66.4192
-0
-0
-0
-0
-0
-0
2.20767
-0
-0
-0
-0
-0
-0
7.93466
43.4639
28.9055
-0
11.7453
-0
-0
-0
-0
-0
-0
-0
-0
-0
-0
-0
-0
1.90238
-0
-0
-0
29.7043
-0
-0
-0
-0
-0
-0
-0
-0
-0
-0
53.9854
-0
-0
-0
-0
-0
-0
-0
-0
53.8996
-0
1.92473
-0
-0
82.7661
-0
-0
1.91364
-0
36.6464
-0
-0
-0
-0
-0
-0
-0
-0
22.3981
-0
-0
5.16022
-0
-0
-0
-0
-0
-0
-0
-0
-0
-0
-0
-0
-0
-0
-0
-0
-0
-0
11.2425
-0
-0
-0
-0
20.704
-0
-0
-0
-0
-0
10.9591
-0
-0
-0
-0
77.4225
-0
-0
-0
-0
17.4769
66.7024
7.45894
-0
39.2702
-0
28.3068
34.8381
-0
60.3462
-0
19.6832
-0
-0
-0
-0
34.1353
14.2303
-0
-0
-0
-0
-0
-0
-0
-0
25.5514
-0
-0
55.0559
-0
-0
5.41161
-0
-0
-0
-0
-0
-0
14.7866
9.78291
1.16657
-0
28.7036
-0
-0
-0
19.4649
-0
-0
-0
60.5489
-0
-0
-0
-0
-0
-0
-0
-0
-0
-0
-0
-0
17.0972
-0
-0
-0
-0
-0
3.57614
38.5933
-0
-0
2.28213
-0
-0
27.2511
11.8913
-0
-0
-0
-0
-0
20.5092
-0
-0
-0
9.3621
-0
-0
-0
-0
-0
-0
-0
-0
2.11175
57.6758
-0
-0
23.1419
-0
-0
8.44674
-0
-0
-0
-0
24.3838
17.7343
14.9672
39.9476
17.7549
-0
-0
-0
-0
-0
10.0719
-0
-0
-0
-0
26.6444
-0
-0
-0
-0
35.7709
-0
-0
-0
35.1715
-0
-0
-0
64.0907
-0
-0
-0
-0
-0
-0
-0
-0
-0
-0
17.5041
5.1174
-0
-0
-0
14.9017
-0
-0
-0
7.4385
9.39964
-0
-0
-0
-0
18.7225
44.1704
-0
-0
86.707
-0
-0
-0
-0
36.3224
-0
23.8997
10.4552
-0
-0
-0
-0
-0
-0
-0
-0
23.416
-0
-0
0.317494
-0
-0
-0
12.8
-0
-0
-0
-0
-0
-0
-0
-0
-0
-0
-0
-0
-0
-0
-0
-0
-0
-0
-0
8.92727
-0
13.3274
-0
-0
-0
-0
-0
-0
-0
-0
-0
21.4833
-0
-0
-0
-0
-0
-0
-0
-0
-0
-0
-0
-0
-0
42.6467
19.0499
-0
14.8843
-0
-0
-0
-0
-0
-0
-0
8.04558
-0
1.86057
-0
4.54453
0.208235
14.2529
26.5013
6.21339
-0
-0
-0
2.67784
-0
-0
-0
-0
-0
-0
-0
-0
-0
-0
-0
-0
-0
-0
0.0429586
-0
-0
-0
-0
-0
-0
-0
-0
-0
-0
-0
-0
-0
-0
-0
-0
-0
-0
-0
-0
22.1104
-0
-0
-0
-0
-0
-0
-0
-0
30.9351
41.1584
-0
51.9731
-0
-0
-0
0.847216
8.01414
-0
-0
-0
-0
-0
-0
49.0873
-0
-0
-0
-0
-0
-0
-0
-0
-0
-0
-0
-0
72.4432
-0
0.229607
-0
-0
-0
22.1138
16.5073
2.15543
-0
-0
18.4042
-0
-0
-0
11.3145
-0
-0
-0
-0
-0
0.634834
-0
-0
-0
-0
-0
-0
48.7445
61.4504
-0
22.8903
-0
-0
-0
-0
26.4721
-0
-0
-0
20.9626
-0
32.4405
-0
3.16711
-0
-0
-0
-0
-0
-0
-0
-0
-0
-0
-0
-0
-0
-0
-0
-0
55.8257
-0
-0
1.44098
-0
-0
-0
-0
3.54855
-0
-0
39.7383
-0
-0
-0
-0
-0
58.6506
3.67661
-0
-0
13.3831
-0
-0
-0
18.5399
15.5352
45.798
-0
-0
-0
-0
-0
69.2449
-0
-0
-0
-0
-0
-0
-0
-0
-0
-0
-0
12.5227
-0
-0
-0
-0
-0
-0
-0
-0
54.0954
-0
60.2801
-0
-0
-0
-0
-0
-0
-0
-0
-0
17.8624
28.8999
3.34494
-0
78.7649
-0
-0
-0
-0
-0
-0
9.8748
-0
-0
23.6561
-0
40.7278
-0
-0
-0
-0
-0
-0
-0
-0
27.8086
37.9345
-0
-0
-0
-0
-0
47.5694
-0
-0
-0
-0
-0
-0
10.5308
-0
-0
17.3885
-0
-0
-0
6.22496
-0
96.96
-0
-0
-0
9.03613
-0
34.9425
-0
-0
-0
2.12061
-0
-0
24.4321
-0
-0
-0
-0
-0
-0
-0
4.00598
51.8291
-0
0.675415
-0
-0
-0
-0
-0
22.4284
-0
-0
-0
-0
-0
-0
-0
36.1822
-0
9.87707
-0
-0
-0
38.6306
13.8958
-0
-0
-0
-0
-0
-0
-0
-0
-0
-0
-0
-0
-0
-0
-0
-0
-0
0.530956
-0
5.78819
1.90573
-0
-0
-0
-0
-0
20.7257
-0
42.8604
-0
-0
-0
-0
-0
1.74658
1.95151
13.326
-0
-0
-0
5.96623
-0
-0
-0
-0
33.7373
-0
-0
-0
-0
-0
-0
-0
-0
-0
-0
-0
-0
-0
17.7413
-0
-0
-0
-0
-0
4.44984
5.39746
-0
-0
-0
18.6256
13.9299
-0
11.9417
-0
-0
-0
-0
-0
-0
-0
-0
-0
62.1922
-0
-0
46.3657
-0
-0
-0
-0
-0
-0
-0
4.03976
-0
11.8788
-0
-0
-0
-0
-0
-0
-0
15.3577
-0
-0
-0
8.09283
26.8503
23.3867
15.5543
-0
7.95712
-0
-0
33.1712
-0
7.44379
-0
-0
-0
-0
68.5867
-0
-0
-0
-0
-0
-0
-0
-0
5.79092
-0
9.19236
-0
-0
-0
-0
63.112
8.27399
-0
-0
-0
22.8974
17.3711
-0
-0
-0
-0
-0
-0
-0
7.83797
6.99276
-0
-0
-0
-0
-0
1.24254
-0
-0
-0
-0
10.5847
33.6063
-0
-0
-0
48.1488
-0
-0
-0
-0
-0
-0
-0
-0
66.1328
-0
-0
-0
-0
-0
-0
45.8854
9.43706
-0
-0
-0
-0
-0
-0
-0
-0
-0
-0
-0
-0
-0
-0
-0
31.6019
29.9589
46.6861
5.69254
-0
-0
-0
-0
-0
-0
-0
-0
-0
-0
-0
4.33745
-0
-0
-0
-0
-0
-0
-0
-0
-0
19.9671
-0
-0
-0
-0
-0
20.9847
-0
-0
-0
-0
4.08291
-0
32.7213
-0
-0
-0
-0
38.3955
-0
-0
8.12967
10.0841
-0
27.736
-0
-0
-0
-0
-0
-0
-0
5.07386
4.18636
-0
-0
20.8356
-0
-0
-0
-0
-0
74.7255
-0
-0
-0
0.782775
-0
-0
-0
-0
-0
-0
29.9732
-0
6.20105
-0
-0
-0
-0
-0
-0
22.8799
-0
-0
-0
-0
-0
-0
-0
-0
23.332
-0
-0
44.3319
-0
-0
-0
-0
-0
14.6974
-0
-0
-0
-0
-0
-0
-0
79.8312
-0
-0
43.4642
-0
-0
-0
-0
-0
78.6486
-0
-0
69.6907
-0
12.5095
73.1365
-0
-0
-0
-0
-0
18.9465
-0
-0
-0
-0
11.4362
39.8882
51.883
21.1214
-0
-0
-0
67.8351
-0
-0
71.1422
9.30339
-0
-0
-0
-0
-0
-0
-0
-0
-0
-0
-0
27.1044
-0
-0
-0
-0
-0
10.6195
-0
-0
2.57464
-0
-0
-0
-0
-0
-0
-0
-0
-0
-0
-0
-0
-0
-0
20.8137
-0
-0
24.4716
-0
-0
-0
-0
-0
-0
-0
-0
-0
-0
-0
-0
42.1198
-0
-0
-0
-0
-0
-0
-0
-0
-0
5.52818
-0
-0
13.8346
18.9465
72.4085
-0
42.8175
-0
-0
-0
-0
-0
-0
-0
-0
-0
-0
17.586
-0
-0
29.4368
-0
34.5529
-0
-0
29.9513
-0
-0
-0
-0
-0
-0
-0
-0
-0
-0
8.48816
7.63478
38.0682
49.1041
17.6535
-0
0.69872
-0
-0
-0
27.8595
1.0654
-0
11.8228
-0
-0
-0
-0
-0
-0
-0
10.4102
-0
16.0618
-0
-0
-0
-0
-0
-0
-0
-0
-0
22.8219
-0
-0
-0
-0
18.0313
-0
-0
-0
-0
-0
-0
-0
-0
3.50534
-0
-0
-0
-0
-0
-0
-0
-0
-0
-0
-0
40.1647
-0
-0
25.4863
17.4022
1.92624
-0
-0
18.8622
-0
-0
-0
-0
-0
3.74573
-0
-0
1.72424
-0
-0
2.10754
-0
-0
-0
-0
-0
-0
-0
16.9621
-0
-0
-0
-0
-0
-0
-0
-0
-0
-0
-0
13.8781
37.1678
-0
-0
25.833
-0
0.980818
-0
-0
-0
-0
-0
28.0193
35.4785
-0
-0
-0
-0
-0
-0
-0
14.0844
-0
-0
-0
-0
-0
-0
-0
11.6164
-0
-0
-0
-0
-0
-0
-0
-0
-0
-0
-0
-0
-0
-0
16.0192
-0
-0
-0
-0
-0
-0
21.4039
-0
13.9417
-0
-0
-0
35.6238
-0
-0
-0
70.1878
-0
-0
-0
-0
59.7364
-0
-0
-0
-0
-0
63.5397
-0
24.6844
-0
-0
-0
-0
36.8631
-0
-0
-0
-0
-0
-0
8.884
-0
-0
47.025
-0
-0
61.7613
-0
-0
-0
-0
-0
-0
-0
-0
68.9118
21.992
-0
-0
11.4482
12.0585
-0
-0
1.40629
-0
-0
-0
-0
0.625169
8.50729
-0
39.7029
-0
-0
37.178
-0
-0
32.9119
-0
-0
-0
52.683
-0
-0
-0
-0
-0
-0
-0
-0
4.96124
47.3709
30.3467
-0
6.00634
-0
-0
-0
-0
-0
-0
-0
18.3048
-0
-0
-0
-0
-0
-0
-0
33.4615
-0
-0
-0
-0
-0
20.4186
-0
-0
-0
-0
65.7247
-0
6.59598
-0
-0
-0
71.5746
-0
-0
-0
7.07319
-0
-0
-0
-0
-0
-0
-0
-0
33.7052
-0
10.7354
-0
-0
-0
14.4628
-0
-0
-0
-0
-0
-0
-0
-0
-0
0.346475
-0
-0
29.2637
-0
-0
-0
-0
26.4439
0.221136
9.44109
-0
56.7872
-0
-0
46.4548
-0
24.6789
-0
-0
-0
-0
-0
-0
-0
-0
34.1246
-0
-0
-0
-0
-0
-0
-0
-0
-0
-0
-0
-0
-0
-0
-0
-0
-0
-0
22.711
-0
-0
-0
31.0759
37.1239
-0
-0
0.258309
-0
-0
-0
-0
-0
-0
21.0658
-0
-0
18.8118
-0
-0
-0
-0
-0
17.8127
-0
-0
-0
-0
-0
-0
-0
-0
-0
-0
-0
-0
-0
-0
-0
-0
-0
-0
-0
-0
-0
-0
-0
-0
-0
-0
-0
35.2614
-0
-0
-0
-0
-0
-0
-0
-0
-0
-0
-0
-0
54.8308
-0
-0
-0
-0
-0
-0
-0
-0
-0
-0
-0
-0
-0
-0
34.8248
-0
-0
-0
-0
-0
-0
-0
-0
-0
2.1817
-0
-0
29.0116
-0
29.1964
24.6355
30.2442
-0
-0
-0
-0
-0
-0
-0
-0
-0
-0
-0
114.363
-0
-0
-0
-0
-0
-0
-0
-0
39.0905
31.492
-0
-0
-0
12.0042
-0
-0
94.7547
-0
-0
-0
35.4427
48.5781
-0
-0
-0
-0
41.4355
-0
-0
-0
36.5326
-0
-0
-0
34.2834
-0
-0
66.9562
29.4122
33.1963
-0
22.9295
-0
-0
13.4209
-0
-0
-0
-0
-0
-0
-0
-0
-0
-0
-0
-0
17.6589
6.92892
-0
0.366331
-0
-0
-0
-0
-0
-0
-0
2.77366
-0
-0
-0
-0
-0
-0
-0
28.5333
0.866512
-0
-0
-0
64.0543
-0
-0
20.8509
-0
-0
-0
-0
-0
-0
-0
1.89679
-0
-0
40.0396
-0
2.8733
23.2616
51.2571
-0
-0
-0
-0
-0
-0
39.4023
-0
-0
-0
49.5437
36.0023
-0
-0
-0
-0
0.0417547
-0
26.0804
-0
-0
-0
-0
0.0795608
-0
-0
-0
11.9855
7.00771
33.6114
-0
-0
45.9147
-0
-0
-0
-0
15.1349
-0
-0
53.766
-0
24.4703
-0
47.707
-0
-0
55.681
-0
-0
-0
4.77369
-0
-0
-0
20.4303
-0
4.32851
17.795
49.1551
-0
-0
-0
-0
-0
21.0053
-0
-0
-0
-0
-0
-0
23.2591
-0
-0
-0
-0
42.8561
-0
-0
1.28384
-0
33.852
7.72644
-0
-0
-0
-0
-0
-0
-0
-0
-0
-0
-0
29.4889
-0
-0
-0
-0
32.7992
-0
-0
-0
18.2804
-0
-0
14.4945
-0
7.76258
-0
25.9092
-0
-0
-0
-0
-0
-0
-0
-0
-0
-0
-0
-0
-0
-0
-0
6.53413
22.0644
86.3443
-0
-0
-0
37.605
-0
-0
37.1205
26.6899
-0
-0
-0
-0
44.909
15.0016
3.10646
-0
44.7432
-0
-0
-0
-0
46.5014
22.0531
-0
5.95636
20.8232
-0
-0
2.3591
-0
-0
32.0026
-0
-0
-0
8.61669
-0
-0
-0
-0
-0
-0
-0
-0
-0
-0
34.0744
23.1817
-0
-0
2.05165
-0
3.58414
8.14479
-0
28.0695
-0
-0
-0
-0
-0
-0
11.9158
-0
-0
-0
-0
-0
-0
-0
-0
-0
-0
-0
-0
38.2939
46.6771
-0
8.0937
-0
-0
-0
-0
-0
4.72014
-0
-0
-0
37.7436
-0
-0
-0
-0
-0
-0
41.4519
-0
-0
-0
-0
-0
-0
-0
2.67949
2.15637
-0
42.1875
-0
-0
-0
-0
-0
-0
59.0994
-0
7.40353
-0
-0
6.31374
-0
14.7322
-0
-0
-0
-0
-0
-0
20.7754
-0
3.17514
0.324239
61.0081
-0
-0
-0
-0
-0
-0
24.8783
42.1062
-0
-0
-0
-0
-0
-0
-0
-0
-0
-0
-0
-0
-0
-0
-0
-0
-0
-0
34.7892
-0
-0
-0
-0
-0
36.3653
9.06776
-0
-0
-0
-0
-0
-0
-0
47.0847
-0
-0
-0
-0
-0
-0
5.83719
4.74438
-0
-0
-0
-0
-0
-0
-0
-0
-0
-0
2.55738
-0
-0
-0
-0
-0
-0
-0
-0
-0
-0
-0
1.53915
-0
-0
-0
1.60042
47.7583
45.8213
64.7163
-0
-0
-0
1.93776
7.22736
-0
-0
-0
-0
-0
-0
17.3022
-0
-0
-0
-0
-0
-0
-0
-0
-0
-0
-0
-0
36.765
19.4415
-0
-0
-0
-0
-0
-0
-0
-0
-0
-0
-0
-0
11.5132
17.9816
-0
1.91965
-0
-0
11.4275
-0
31.0368
-0
-0
-0
-0
-0
-0
-0
73.6618
-0
-0
35.8211
-0
6.61608
-0
-0
-0
-0
-0
0.733556
-0
22.2909
59.9897
22.3183
-0
-0
15.7563
-0
29.3378
-0
-0
-0
10.1411
-0
-0
-0
6.30935
-0
-0
-0
2.67377
-0
-0
-0
-0
-0
-0
-0
27.2831
-0
-0
-0
20.0998
-0
-0
-0
-0
-0
-0
-0
9.54475
-0
-0
1.77697
-0
53.5812
-0
-0
-0
-0
-0
-0
-0
58.0267
-0
-0
-0
13.9098
-0
-0
-0
-0
-0
-0
-0
-0
-0
-0
-0
8.56291
68.2035
12.4755
-0
-0
-0
-0
-0
-0
-0
-0
-0
-0
-0
-0
-0
-0
-0
-0
1.79253
-0
-0
37.1507
-0
-0
-0
3.50499
-0
-0
-0
-0
-0
-0
34.3161
12.2204
-0
-0
-0
-0
-0
-0
-0
-0
-0
-0
21.353
-0
-0
-0
30.4688
-0
-0
-0
-0
-0
-0
8.39559
-0
-0
-0
28.3087
-0
-0
-0
-0
0.990938
2.54601
14.6915
13.9124
42.9985
-0
48.9119
-0
-0
21.655
-0
-0
-0
-0
-0
55.9384
-0
-0
-0
-0
-0
-0
-0
-0
27.9147
-0
-0
0.889384
8.70662
-0
-0
-0
-0
-0
3.71206
-0
-0
-0
-0
-0
-0
-0
-0
-0
-0
-0
-0
-0
-0
-0
-0
-0
-0
-0
-0
6.50843
-0
-0
-0
-0
-0
-0
-0
-0
-0
22.696
-0
16.9509
0.064374
-0
-0
-0
29.3278
-0
33.6282
-0
-0
36.7353
-0
-0
-0
0.522597
-0
6.71097
-0
9.92836
-0
-0
2.64107
-0
-0
39.2051
-0
-0
-0
1.58387
-0
37.1907
-0
-0
9.98876
-0
-0
-0
-0
-0
32.5452
-0
-0
0.575131
-0
-0
-0
-0
-0
-0
-0
-0
-0
-0
4.20404
-0
-0
-0
-0
-0
60.6499
-0
-0
6.33794
-0
-0
-0
46.7844
-0
-0
-0
-0
-0
-0
-0
21.7724
-0
-0
-0
-0
-0
-0
-0
-0
-0
-0
60.1075
-0
-0
-0
-0
-0
-0
-0
-0
-0
-0
-0
-0
-0
-0
50.3573
-0
-0
2.34492
-0
-0
-0
-0
12.1295
-0
-0
-0
-0
-0
-0
-0
-0
-0
-0
-0
-0
-0
-0
31.928
-0
18.7053
-0
8.28405
-0
-0
-0
-0
-0
4.38048
-0
-0
-0
-0
-0
50.0913
-0
-0
-0
3.1145
-0
-0
-0
-0
-0
22.0925
1.28784
14.8882
-0
1.93827
-0
8.73966
-0
-0
-0
-0
-0
27.3634
36.2394
5.0064
-0
-0
-0
-0
-0
-0
-0
-0
-0
-0
76.1145
-0
-0
-0
39.0735
-0
-0
-0
7.60793
-0
-0
-0
-0
-0
-0
-0
-0
-0
-0
-0
-0
-0
-0
49.8902
-0
15.0718
-0
-0
22.2741
11.8877
-0
-0
-0
-0
-0
-0
-0
-0
-0
-0
-0
-0
-0
-0
103.512
-0
-0
-0
-0
-0
-0
-0
-0
-0
-0
-0
-0
-0
-0
-0
2.71505
-0
-0
-0
9.69386
17.8449
-0
38.5499
44.2628
-0
-0
-0
19.9066
-0
-0
-0
20.3907
-0
-0
24.498
-0
-0
-0
-0
-0
-0
14.4461
-0
-0
-0
-0
14.9273
35.554
-0
-0
1.29999
-0
-0
-0
21.1083
-0
56.446
-0
37.2733
34.8136
-0
-0
18.8512
39.5102
-0
47.7032
7.33353
-0
-0
-0
-0
-0
-0
-0
-0
-0
-0
-0
-0
29.8558
-0
-0
-0
-0
-0
-0
16.4618
19.4345
6.24014
-0
17.631
7.39165
-0
-0
-0
-0
-0
-0
-0
-0
-0
-0
-0
-0
-0
-0
-0
-0
-0
-0
-0
-0
-0
8.16244
-0
-0
-0
-0
-0
-0
-0
-0
-0
48.8086
-0
-0
-0
-0
10.5761
18.6704
-0
16.7058
-0
7.14787
-0
-0
-0
-0
20.8283
-0
-0
0.896522
-0
-0
-0
-0
-0
-0
-0
7.94236
-0
-0
-0
-0
-0
-0
-0
-0
-0
-0
-0
45.4842
30.9036
-0
-0
-0
-0
-0
-0
0.141705
-0
-0
56.7269
-0
-0
11.5939
-0
-0
105.849
-0
23.8169
-0
-0
7.43654
-0
17.3265
-0
31.26
-0
-0
-0
-0
-0
-0
-0
-0
-0
-0
25.3958
-0
-0
-0
9.44601
-0
-0
-0
8.4273
-0
-0
-0
-0
-0
-0
-0
-0
-0
-0
-0
-0
-0
-0
-0
-0
-0
-0
-0
-0
-0
20.1
-0
-0
-0
0.957205
-0
-0
-0
-0
13.6455
-0
-0
-0
-0
-0
-0
-0
-0
-0
5.61884
-0
-0
-0
14.7544
-0
1.81943
1.80002
-0
-0
-0
-0
-0
-0
-0
-0
-0
13.7096
-0
24.4774
6.19513
-0
-0
23.9741
-0
-0
-0
-0
-0
-0
-0
-0
-0
-0
-0
-0
15.6214
5.43433
-0
-0
-0
-0
-0
5.21663
-0
-0
-0
1.39232
-0
0.444622
-0
-0
-0
-0
-0
11.2652
57.7012
-0
31.5091
-0
-0
-0
-0
10.264
-0
-0
2.5997
-0
-0
-0
-0
-0
10.1346
-0
24.3728
-0
11.3776
-0
9.19365
1.23111
-0
-0
-0
-0
-0
-0
-0
20.767
-0
5.23995
-0
48.0427
-0
-0
-0
39.3051
31.2561
8.25148
-0
-0
32.4012
-0
-0
-0
-0
-0
-0
-0
-0
-0
-0
-0
10.3994
-0
-0
-0
-0
-0
42.0703
-0
5.95502
-0
-0
-0
-0
-0
-0
14.8259
0.681745
-0
-0
34.9731
-0
2.15077
-0
-0
31.0571
-0
-0
-0
-0
-0
-0
-0
-0
15.0031
51.0371
-0
-0
-0
-0
40.2541
-0
-0
-0
-0
21.7682
-0
54.0304
11.3575
8.85008
-0
-0
-0
-0
-0
1.00652
-0
-0
-0
-0
-0
-0
-0
-0
-0
-0
-0
-0
-0
-0
40.6123
-0
-0
-0
-0
40.7973
-0
8.68986
-0
-0
-0
-0
17.8306
-0
-0
-0
-0
-0
-0
40.6342
3.8096
-0
47.6026
-0
-0
-0
-0
-0
29.9508
-0
-0
22.7098
-0
-0
-0
-0
-0
-0
-0
-0
-0
-0
-0
0.18856
-0
28.7431
-0
-0
-0
-0
-0
-0
-0
-0
49.776
-0
-0
-0
-0
-0
55.8574
-0
26.5571
-0
-0
-0
-0
-0
-0
-0
-0
-0
-0
-0
30.3786
-0
-0
-0
-0
-0
-0
-0
-0
-0
-0
-0
6.20605
-0
-0
-0
-0
-0
-0
-0
-0
-0
-0
-0
-0
-0
-0
-0
0.519559
-0
-0
7.12306
-0
-0
-0
-0
-0
-0
14.5576
-0
-0
-0
11.9756
48.4667
2.97859
-0
-0
-0
-0
68.1992
-0
-0
28.3028
10.6484
-0
-0
-0
-0
-0
-0
23.8972
11.098
21.7744
-0
9.23431
-0
-0
-0
-0
-0
-0
-0
13.6386
-0
-0
-0
-0
-0
-0
-0
-0
-0
-0
-0
-0
-0
59.0727
-0
0.643357
20.9948
27.9627
0.856515
-0
0.0798106
-0
-0
-0
-0
43.91
-0
46.2844
20.4534
-0
-0
-0
-0
36.9291
-0
-0
-0
-0
-0
53.7512
-0
-0
-0
21.6219
-0
19.5817
-0
-0
-0
13.4993
-0
-0
-0
-0
-0
-0
-0
37.5728
6.0269
-0
-0
-0
-0
81.1997
-0
36.5044
-0
10.3881
-0
37.3523
-0
8.11985
-0
-0
-0
24.4459
-0
-0
-0
49.2545
-0
53.365
1.06142
23.0605
-0
-0
-0
-0
-0
66.2688
-0
23.8767
-0
8.28023
-0
-0
-0
-0
-0
-0
-0
-0
-0
16.6714
1.99482
-0
41.8153
-0
-0
13.5459
-0
24.5069
-0
-0
2.09377
-0
-0
-0
-0
-0
-0
-0
3.70619
-0
-0
-0
-0
-0
-0
23.787
-0
-0
-0
-0
8.29821
-0
-0
13.7989
-0
-0
-0
-0
-0
59.6749
-0
45.6699
28.6513
-0
1.99504
-0
-0
-0
-0
-0
-0
-0
-0
-0
-0
-0
-0
-0
-0
26.3034
-0
-0
-0
-0
-0
-0
39.1771
-0
-0
-0
17.5125
-0
27.1053
-0
27.0496
-0
16.579
-0
29.9874
-0
-0
-0
-0
-0
11.7575
-0
17.5689
0.974784
-0
-0
-0
-0
-0
8.33698
10.3962
11.3569
-0
-0
19.2462
-0
39.0003
-0
-0
-0
-0
7.79284
-0
-0
-0
2.80105
-0
-0
-0
-0
-0
-0
75.7873
-0
28.4957
7.45728
5.48909
-0
-0
18.3072
-0
-0
-0
35.1887
-0
50.3566
-0
-0
-0
-0
-0
-0
-0
-0
-0
-0
-0
-0
47.4832
-0
35.8367
25.4792
-0
-0
-0
-0
-0
-0
-0
-0
-0
-0
-0
11.2477
-0
-0
-0
-0
-0
-0
-0
54.5453
-0
-0
-0
-0
-0
-0
-0
4.75699
-0
25.3679
60.983
-0
-0
24.7971
5.51625
-0
-0
22.2736
-0
-0
-0
32.1149
-0
-0
14.9256
38.3991
-0
-0
3.15768
-0
-0
-0
-0
-0
-0
13.6802
36.2242
26.0197
-0
-0
-0
-0
-0
-0
-0
13.1867
52.3694
-0
-0
-0
13.5427
-0
-0
-0
-0
-0
-0
-0
19.0614
-0
3.44056
-0
-0
-0
24.2877
-0
-0
-0
-0
-0
33.84
35.1065
59.7966
-0
-0
-0
-0
16.6637
-0
-0
-0
-0
-0
-0
-0
-0
-0
-0
-0
65.545
-0
-0
-0
-0
-0
-0
-0
18.9969
-0
-0
25.3327
4.09525
14.1168
-0
5.92733
-0
-0
20.2007
-0
-0
6.82951
-0
-0
-0
-0
-0
-0
-0
-0
-0
39.4143
-0
-0
-0
17.9632
-0
-0
-0
-0
-0
-0
-0
-0
25.4415
18.1004
13.5308
10.6073
20.2651
-0
47.7095
6.78067
-0
-0
-0
4.82367
-0
-0
-0
-0
43.3344
-0
-0
38.5022
-0
-0
-0
4.45499
-0
-0
66.3628
-0
38.6886
-0
-0
-0
-0
5.4703
13.0608
-0
-0
-0
-0
-0
52.225
-0
-0
-0
36.26
29.4903
29.4842
-0
-0
-0
-0
-0
-0
-0
-0
-0
-0
50.9236
-0
10.5601
-0
44.9966
-0
-0
-0
-0
-0
22.4063
-0
-0
-0
-0
26.3364
4.11413
51.9487
-0
6.19141
-0
-0
1.88834
-0
-0
8.77627
-0
-0
-0
30.6412
-0
-0
4.1164
50.5198
-0
-0
-0
-0
-0
-0
-0
29.1922
-0
-0
-0
3.62335
-0
-0
-0
-0
11.1881
-0
-0
74.5165
-0
17.5972
-0
-0
12.2375
-0
-0
-0
-0
-0
-0
-0
-0
-0
-0
-0
32.3494
-0
-0
46.0661
-0
-0
-0
-0
-0
-0
-0
-0
-0
-0
-0
-0
-0
-0
-0
-0
-0
-0
49.5063
-0
-0
-0
-0
-0
-0
-0
-0
-0
-0
-0
-0
-0
78.8131
31.0675
8.23999
3.36901
-0
-0
-0
-0
-0
-0
-0
-0
-0
-0
-0
-0
10.0151
5.24034
-0
-0
-0
-0
-0
-0
-0
-0
-0
-0
-0
-0
-0
-0
-0
-0
-0
-0
-0
-0
44.228
-0
-0
-0
11.2107
-0
-0
-0
-0
86.6664
-0
-0
38.032
-0
-0
-0
-0
2.33382
-0
-0
61.0848
-0
22.0713
-0
-0
44.2977
-0
38.9918
110.21
15.7285
-0
3.90359
-0
-0
-0
-0
-0
-0
-0
-0
-0
-0
-0
6.13121
-0
1.28133
-0
-0
-0
-0
-0
26.5692
8.02438
-0
-0
-0
9.54731
-0
-0
-0
-0
-0
-0
-0
-0
-0
-0
-0
3.38963
-0
11.19
-0
0.814062
-0
-0
-0
54.3257
-0
-0
-0
-0
-0
-0
24.9216
9.92788
-0
7.74208
-0
-0
-0
-0
-0
-0
38.6061
-0
-0
-0
-0
-0
-0
-0
-0
