0.91819
-0
-0
-0
-0
19.1852
-0
-0
30.2928
12.2363
18.7777
-0
-0
-0
-0
-0
-0
-0
-0
-0
-0
-0
-0
-0
-0
8.51044
-0
-0
-0
-0
-0
-0
-0
-0
9.19595
-0
-0
-0
-0
-0
-0
-0
-0
7.97349
-0
18.1156
-0
31.9044
-0
-0
-0
-0
-0
-0
-0
-0
2.97551
1.17461
8.19686
19.5253
-0
-0
26.5968
-0
5.78463
-0
-0
-0
-0
0.982452
-0
-0
-0
-0
-0
6.3019
21.1422
-0
-0
-0
-0
73.7128
16.9374
-0
0.300511
-0
-0
47.195
-0
-0
-0
-0
-0
-0
-0
-0
14.6705
-0
11.6272
-0
-0
-0
-0
4.21814
-0
-0
-0
-0
-0
-0
-0
-0
-0
-0
-0
-0
-0
-0
24.3718
55.7151
-0
-0
40.9984
-0
37.5583
-0
-0
17.4076
-0
-0
21.3491
12.3126
38.7422
-0
-0
-0
3.94945
-0
-0
-0
13.1657
-0
-0
-0
-0
-0
-0
-0
-0
-0
-0
-0
-0
-0
-0
-0
20.0993
-0
-0
1.42633
5.62481
-0
-0
-0
-0
-0
-0
-0
-0
40.5606
18.0891
1.34307
-0
-0
-0
-0
-0
-0
-0
-0
23.0226
-0
-0
-0
-0
25.6696
-0
-0
55.1856
-0
-0
38.4875
-0
26.0683
-0
-0
-0
-0
-0
-0
-0
-0
-0
-0
-0
19.51
-0
-0
-0
-0
-0
-0
24.9677
-0
-0
-0
-0
-0
-0
-0
-0
-0
-0
-0
-0
5.37716
-0
-0
-0
-0
-0
-0
-0
-0
-0
-0
-0
-0
-0
-0
-0
-0
-0
-0
-0
-0
55.4856
-0
-0
-0
-0
-0
-0
-0
-0
-0
-0
-0
10.699
-0
-0
4.76231
-0
14.6772
-0
-0
-0
-0
-0
-0
-0
-0
3.5255
21.2796
-0
-0
-0
-0
-0
-0
-0
1.49432
-0
-0
-0
-0
-0
-0
-0
-0
4.5445
-0
0.00478089
-0
1.62901
-0
32.7662
-0
-0
35.944
-0
-0
4.00633
-0
10.8721
6.69588
-0
-0
44.8838
-0
18.5478
-0
-0
-0
-0
1.64869
-0
-0
-0
-0
-0
-0
-0
58.3429
46.6268
-0
-0
-0
-0
-0
-0
-0
-0
-0
-0
-0
-0
-0
-0
16.3856
-0
-0
-0
-0
-0
-0
7.83141
-0
11.8906
-0
-0
-0
-0
-0
47.7698
-0
-0
-0
-0
-0
-0
-0
-0
3.70687
19.8897
1.1226
-0
-0
34.5128
-0
-0
-0
0.887205
-0
-0
-0
-0
-0
0.584925
-0
-0
-0
16.1527
-0
-0
16.6887
-0
-0
-0
-0
-0
-0
-0
-0
-0
-0
-0
3.08981
-0
-0
-0
-0
-0
-0
-0
-0
-0
3.55536
-0
-0
-0
-0
-0
-0
-0
13.3148
-0
-0
-0
-0
55.869
-0
-0
-0
-0
-0
-0
14.0063
19.3041
53.5941
-0
2.53106
-0
-0
31.3856
-0
-0
-0
-0
-0
-0
11.2583
32.8986
-0
-0
1.5942
-0
-0
-0
-0
2.40607
35.7738
-0
-0
29.7858
11.7328
-0
-0
-0
-0
-0
-0
16.7959
-0
26.2416
5.73891
38.5589
-0
-0
-0
-0
-0
-0
-0
-0
7.85463
71.0791
-0
-0
-0
-0
-0
-0
1.37448
-0
-0
-0
6.04811
-0
52.132
8.72063
-0
-0
-0
19.2043
-0
36.7295
-0
-0
15.6053
-0
-0
26.7962
-0
-0
-0
-0
-0
-0
9.86977
-0
-0
-0
-0
-0
8.3128
4.17485
-0
-0
-0
9.74364
-0
-0
10.1986
-0
-0
19.9197
-0
-0
-0
-0
-0
-0
-0
-0
-0
37.7399
10.6638
-0
-0
-0
-0
-0
-0
-0
-0
7.24969
-0
14.0731
33.8051
-0
-0
-0
-0
95.3607
35.7215
-0
-0
26.1409
-0
-0
-0
20.5613
-0
-0
-0
-0
-0
-0
12.8972
-0
-0
-0
21.9154
-0
16.8102
-0
-0
22.4049
-0
-0
-0
-0
-0
-0
-0
-0
-0
17.0429
52.2507
-0
-0
6.42944
-0
-0
-0
-0
48.3029
7.54471
-0
-0
-0
-0
-0
-0
-0
-0
17.8769
-0
-0
-0
-0
2.56575
-0
-0
-0
25.4935
-0
-0
-0
-0
-0
-0
-0
-0
-0
-0
-0
-0
-0
-0
-0
-0
-0
-0
-0
-0
-0
-0
-0
-0
-0
-0
-0
-0
-0
-0
-0
-0
-0
-0
-0
-0
-0
8.92643
-0
-0
-0
-0
-0
-0
-0
-0
19.2255
-0
42.881
-0
-0
-0
-0
-0
-0
-0
-0
-0
9.53309
-0
-0
-0
-0
0.682577
-0
-0
-0
-0
14.8245
-0
-0
-0
-0
-0
-0
-0
-0
-0
-0
-0
-0
-0
32.3429
26.6135
-0
-0
-0
-0
-0
-0
-0
-0
-0
-0
4.33846
-0
-0
-0
-0
23.6473
-0
8.3918
-0
-0
-0
-0
-0
24.4828
-0
-0
-0
-0
23.8988
44.2145
-0
-0
40.3399
-0
-0
-0
0.329256
-0
-0
-0
-0
-0
-0
-0
12.4799
-0
-0
-0
-0
-0
-0
-0
-0
-0
-0
-0
-0
82.8454
-0
-0
-0
-0
-0
-0
4.54687
23.2757
-0
-0
17.9382
-0
-0
-0
-0
-0
-0
-0
-0
-0
50.0899
-0
-0
-0
-0
-0
-0
47.209
54.2561
-0
11.5516
-0
-0
-0
-0
-0
-0
-0
-0
-0
-0
29.2623
-0
-0
-0
-0
-0
-0
-0
-0
-0
-0
-0
-0
-0
-0
28.3449
-0
-0
-0
38.3788
-0
-0
13.5118
-0
-0
-0
-0
5.96815
-0
16.9677
41.0357
-0
-0
8.66995
-0
-0
12.3003
0.665912
-0
-0
-0
-0
-0
-0
-0
18.4865
-0
-0
3.01401
-0
-0
-0
-0
0.792152
-0
-0
7.22627
3.6802
-0
-0
-0
-0
-0
-0
-0
-0
-0
-0
-0
-0
-0
-0
-0
16.7299
-0
28.7888
-0
-0
-0
-0
-0
-0
-0
-0
-0
-0
-0
-0
-0
41.8692
-0
-0
-0
-0
-0
8.6722
5.85974
-0
-0
25.267
-0
-0
-0
-0
-0
-0
-0
-0
-0
-0
8.98748
55.2813
-0
-0
-0
-0
-0
17.3074
-0
14.9892
0.706311
-0
-0
-0
31.5679
1.08078
-0
11.0586
-0
-0
-0
-0
-0
52.5209
-0
-0
-0
9.56338
-0
9.73701
-0
-0
-0
-0
6.85219
-0
20.98
-0
-0
-0
-0
-0
-0
-0
4.36628
1.93131
-0
0.149386
-0
-0
-0
-0
-0
4.34939
-0
-0
-0
-0
-0
-0
-0
24.9348
-0
34.8219
-0
-0
-0
10.6733
-0
-0
-0
-0
-0
-0
-0
-0
-0
-0
-0
-0
-0
-0
-0
-0
-0
7.03791
32.2376
-0
12.7166
21.1593
-0
-0
-0
-0
-0
-0
-0
2.98792
-0
-0
3.65912
-0
-0
4.34447
16.1414
10.5825
-0
-0
-0
-0
-0
-0
-0
-0
22.8554
-0
-0
-0
-0
-0
-0
-0
-0
-0
-0
-0
-0
-0
-0
24.337
-0
-0
-0
-0
50.3555
-0
-0
-0
-0
-0
15.2492
-0
5.90157
-0
-0
-0
-0
-0
-0
-0
-0
-0
9.02812
-0
-0
33.5814
-0
-0
-0
-0
-0
-0
-0
6.41933
-0
41.6737
-0
-0
12.6827
-0
-0
-0
-0
-0
-0
-0
-0
1.75629
-0
-0
-0
-0
-0
-0
-0
20.7618
-0
4.2215
-0
-0
-0
-0
3.32393
-0
-0
-0
-0
-0
-0
-0
-0
11.7409
-0
24.2055
-0
-0
-0
-0
22.1475
-0
-0
-0
-0
-0
39.0449
-0
-0
-0
-0
-0
-0
-0
7.74758
4.36687
-0
-0
-0
-0
-0
-0
-0
-0
-0
-0
21.1478
26.7374
-0
-0
-0
17.2872
-0
-0
-0
-0
-0
2.22082
-0
-0
12.1367
-0
-0
-0
-0
-0
-0
54.325
-0
-0
-0
-0
-0
-0
22.7938
-0
-0
-0
-0
-0
9.33324
-0
-0
40.1006
26.2282
9.22978
23.0421
-0
-0
-0
11.0344
-0
-0
-0
-0
-0
-0
-0
-0
1.9877
-0
-0
-0
-0
-0
-0
-0
-0
-0
7.8027
-0
-0
-0
-0
-0
-0
-0
4.25508
-0
-0
3.12599
-0
52.1794
-0
-0
-0
-0
30.0245
-0
-0
-0
17.7271
-0
27.2256
-0
-0
-0
-0
-0
-0
6.91271
-0
-0
-0
-0
-0
-0
-0
-0
8.26434
-0
48.8609
-0
-0
-0
-0
-0
0.93854
-0
-0
10.5322
-0
-0
1.6475
0.50698
-0
-0
-0
-0
-0
-0
63.7373
16.0781
-0
-0
-0
-0
-0
-0
-0
-0
-0
-0
23.2835
-0
-0
-0
-0
-0
24.6987
-0
15.6069
-0
-0
-0
17.5231
-0
13.466
-0
-0
32.3368
-0
-0
-0
-0
-0
15.9768
-0
34.7468
28.2987
-0
7.82244
25.8973
-0
-0
-0
4.21813
18.917
-0
-0
-0
-0
-0
-0
24.9209
33.3775
2.30284
-0
-0
-0
12.0589
-0
-0
72.3734
1.89406
-0
1.91436
-0
-0
-0
-0
-0
-0
-0
4.8464
-0
-0
-0
-0
8.31302
-0
-0
28.6325
-0
-0
-0
-0
-0
-0
-0
-0
-0
-0
-0
-0
-0
-0
-0
-0
-0
8.94657
-0
-0
16.228
-0
-0
-0
-0
-0
-0
-0
-0
-0
-0
-0
-0
-0
-0
-0
-0
-0
-0
-0
-0
-0
-0
12.7677
20.2499
-0
0.043859
12.1112
19.2201
-0
4.88927
-0
-0
-0
-0
-0
-0
-0
-0
-0
-0
-0
-0
-0
2.25058
-0
30.0618
5.87873
-0
49.6724
-0
-0
-0
-0
-0
-0
-0
-0
-0
-0
-0
-0
-0
17.2489
27.2158
-0
0.889337
-0
-0
-0
1.26116
0.295552
12.1118
-0
-0
-0
-0
1.24978
-0
-0
-0
-0
-0
-0
-0
-0
-0
-0
-0
-0
-0
-0
-0
14.8251
-0
-0
-0
-0
-0
-0
-0
-0
-0
-0
15.4616
-0
-0
-0
-0
-0
-0
-0
-0
-0
-0
-0
-0
-0
-0
14.8511
-0
-0
17.1978
-0
29.3728
-0
-0
-0
-0
-0
-0
-0
-0
-0
-0
38.93
-0
-0
-0
1.74807
2.30987
-0
-0
-0
-0
-0
-0
-0
-0
-0
-0
-0
-0
-0
-0
-0
-0
-0
-0
44.3089
17.3676
-0
-0
51.7714
-0
-0
-0
-0
-0
-0
-0
56.2115
4.94077
-0
-0
8.29193
-0
-0
-0
-0
23.0794
-0
-0
-0
-0
-0
-0
-0
5.05372
-0
-0
-0
-0
-0
-0
-0
-0
-0
-0
-0
-0
-0
-0
24.894
-0
-0
-0
-0
-0
-0
2.94789
-0
-0
-0
-0
-0
11.8002
-0
-0
-0
43.3414
-0
-0
-0
-0
38.7586
-0
5.84534
-0
-0
-0
10.5806
-0
5.60706
-0
-0
-0
-0
33.5527
-0
-0
-0
-0
-0
-0
-0
-0
-0
9.69709
-0
-0
5.19185
-0
-0
-0
-0
-0
-0
-0
-0
34.9319
-0
-0
-0
-0
-0
-0
-0
7.07906
-0
9.46774
-0
-0
18.8423
15.5647
-0
47.9375
-0
-0
32.3205
16.9915
-0
41.0369
-0
-0
-0
23.8909
-0
-0
-0
-0
-0
-0
6.79184
6.17655
11.6272
21.8489
-0
-0
-0
-0
-0
-0
-0
-0
1.12361
-0
22.7615
-0
-0
-0
-0
-0
-0
-0
35.094
-0
-0
-0
-0
-0
45.3127
-0
-0
3.6038
-0
18.47
-0
6.99191
-0
-0
-0
29.988
22.1523
4.6668
-0
-0
0.492474
-0
-0
-0
-0
-0
-0
25.582
5.09343
-0
29.4995
-0
-0
-0
-0
-0
-0
-0
-0
-0
-0
-0
-0
-0
-0
-0
-0
-0
-0
37.1465
-0
-0
-0
-0
10.1675
-0
33.6436
-0
-0
6.60621
-0
32.936
-0
-0
-0
-0
-0
-0
-0
-0
-0
-0
19.1559
-0
-0
-0
-0
-0
-0
-0
-0
-0
-0
-0
2.85547
-0
0.573793
-0
-0
37.5619
-0
-0
-0
-0
59.3429
-0
-0
-0
-0
-0
-0
-0
-0
-0
32.9688
-0
1.03708
5.03145
-0
-0
-0
-0
-0
-0
-0
-0
-0
-0
-0
-0
-0
-0
-0
-0
15.8704
-0
-0
-0
-0
-0
-0
-0
0.671433
-0
-0
-0
-0
-0
-0
-0
-0
64.4196
-0
-0
-0
-0
-0
-0
-0
-0
-0
-0
8.14763
-0
-0
-0
-0
-0
-0
-0
-0
-0
-0
-0
-0
-0
-0
-0
-0
-0
-0
-0
-0
-0
-0
-0
-0
-0
-0
1.12797
-0
-0
-0
-0
30.4673
-0
26.3962
-0
-0
-0
2.44667
-0
-0
-0
-0
-0
-0
-0
70.0308
-0
-0
-0
-0
-0
-0
-0
-0
6.10166
14.7399
-0
-0
-0
6.10379
-0
-0
26.1647
-0
-0
3.03724
-0
-0
-0
-0
-0
-0
3.41717
-0
-0
-0
59.1912
-0
-0
-0
57.3088
-0
-0
44.8107
10.3448
-0
-0
27.1787
-0
-0
-0
-0
0.770751
-0
-0
-0
-0
-0
-0
-0
-0
-0
-0
14.0644
18.1681
-0
-0
-0
-0
-0
-0
10.9474
-0
-0
-0
-0
-0
-0
16.0462
-0
-0
-0
6.99358
-0
-0
-0
-0
64.1263
-0
-0
20.2988
-0
-0
-0
-0
-0
-0
-0
-0
10.794
-0
27.6897
13.81
-0
45.6337
3.47718
-0
-0
-0
-0
-0
-0
30.1031
-0
-0
-0
40.3624
2.91615
-0
-0
-0
-0
0.860667
-0
46.9821
-0
22.0758
-0
-0
-0
-0
-0
-0
-0
-0
24.5803
-0
-0
20.4841
-0
-0
-0
-0
-0
-0
-0
28.6088
-0
19.8002
-0
66.6077
11.1744
-0
24.1917
-0
-0
-0
3.40458
-0
-0
-0
8.25809
-0
-0
24.0245
-0
-0
-0
-0
-0
-0
-0
-0
-0
-0
7.00525
-0
-0
-0
-0
-0
-0
-0
-0
-0
-0
1.62254
-0
19.5617
-0
-0
-0
-0
1.96697
-0
-0
-0
-0
-0
-0
-0
-0
-0
-0
-0
-0
17.3963
-0
-0
-0
-0
-0
-0
4.66288
-0
-0
-0
-0
-0
-0
-0
-0
-0
-0
-0
-0
-0
-0
-0
-0
-0
-0
-0
16.8934
9.27177
40.2687
-0
-0
-0
33.1449
-0
-0
3.97232
10.16
-0
-0
-0
-0
18.1909
21.0267
-0
-0
25.1108
-0
2.10642
-0
-0
41.8584
44.1013
-0
16.9308
36.4647
-0
-0
44.2494
-0
-0
-0
-0
-0
-0
-0
4.70396
-0
-0
-0
-0
-0
-0
-0
-0
-0
33.3379
-0
-0
-0
-0
-0
5.20899
-0
-0
36.4003
-0
-0
-0
-0
-0
-0
-0
43.5488
-0
2.24853
-0
-0
-0
-0
-0
2.61936
-0
-0
-0
37.424
30.2629
5.2027
2.14235
-0
-0
-0
-0
-0
5.24485
-0
-0
-0
12.8706
-0
-0
-0
-0
-0
-0
27.1555
-0
-0
-0
-0
-0
-0
-0
16.0115
-0
-0
58.8594
-0
-0
-0
-0
-0
40.8168
11.2062
-0
-0
-0
-0
-0
13.865
-0
-0
-0
-0
-0
-0
-0
40.8243
-0
43.3203
27.663
20.8052
-0
17.2319
-0
-0
-0
-0
29.6134
-0
-0
-0
-0
-0
-0
-0
-0
-0
-0
-0
-0
-0
-0
-0
-0
-0
-0
-0
-0
-0
-0
-0
-0
-0
18.6768
-0
-0
-0
-0
-0
1.61321
-0
-0
66.6555
-0
-0
-0
-0
-0
-0
6.2783
0.132322
-0
-0
-0
-0
-0
-0
-0
-0
3.96811
-0
44.5403
14.0937
-0
-0
-0
-0
-0
-0
-0
-0
-0
-0
-0
-0
-0
-0
-0
3.81431
29.0424
42.2043
-0
-0
-0
-0
-0
-0
-0
-0
-0
-0
-0
0.135094
-0
-0
-0
-0
-0
-0
8.27139
-0
-0
-0
-0
-0
18.2198
0.147084
-0
-0
-0
-0
-0
-0
-0
-0
-0
-0
-0
-0
31.0697
-0
-0
0.170403
26.246
-0
12.2301
-0
6.77854
-0
-0
-0
-0
-0
-0
7.93052
42.7193
-0
-0
31.7629
-0
12.2525
-0
-0
-0
-0
-0
-0
-0
15.9172
9.7285
0.597465
7.05106
-0
10.4911
-0
-0
-0
-0
-0
7.43491
-0
-0
-0
-0
-0
-0
-0
-0
-0
-0
-0
-0
-0
-0
-0
12.2014
-0
-0
-0
-0
-0
-0
-0
-0
-0
-0
-0
33.2647
-0
-0
-0
-0
11.3766
-0
-0
-0
-0
-0
-0
42.6765
25.9287
-0
-0
-0
29.3802
-0
-0
-0
-0
-0
-0
-0
1.36369
-0
-0
-0
19.1341
93.2791
-0
-0
-0
-0
-0
-0
-0
-0
-0
-0
-0
-0
-0
-0
-0
-0
-0
4.1135
-0
-0
14.7344
-0
-0
-0
-0
-0
-0
-0
-0
-0
-0
14.8525
29.2435
-0
11.297
-0
-0
-0
-0
-0
-0
-0
-0
-0
-0
-0
-0
4.15083
-0
-0
-0
-0
-0
-0
6.14599
-0
-0
-0
9.18137
-0
-0
-0
-0
-0
18.359
17.6403
17.8575
55.9449
-0
49.3843
-0
-0
-0
-0
-0
34.6843
-0
-0
47.6287
-0
-0
-0
4.68974
-0
-0
-0
-0
11.3321
-0
-0
-0
-0
-0
-0
-0
-0
-0
2.30054
-0
-0
7.84123
-0
-0
-0
-0
-0
-0
-0
-0
-0
-0
-0
-0
-0
24.7507
-0
-0
-0
-0
-0
-0
-0
-0
-0
-0
-0
0.604218
-0
10.9375
-0
18.6426
-0
-0
-0
-0
11.3416
37.9858
23.1283
-0
18.8794
17.7386
-0
-0
-0
8.73952
-0
4.10058
-0
9.22326
-0
-0
1.64742
-0
-0
38.0977
-0
-0
-0
24.4159
-0
15.0243
-0
-0
-0
-0
-0
-0
-0
-0
-0
-0
-0
-0
-0
-0
-0
0.0380321
-0
-0
-0
32.5046
-0
-0
6.22194
-0
-0
-0
-0
-0
49.3724
-0
23.5463
-0
-0
-0
-0
35.7832
-0
-0
2.19755
-0
-0
-0
-0
46.5759
-0
35.0023
-0
-0
-0
1.3884
-0
-0
-0
-0
37.2622
-0
-0
-0
-0
-0
-0
-0
-0
-0
9.50071
-0
-0
-0
-0
4.5879
-0
-0
-0
-0
-0
3.25096
6.16694
-0
-0
-0
-0
-0
-0
-0
-0
-0
-0
-0
0.556551
-0
-0
-0
-0
-0
39.4212
-0
-0
-0
-0
-0
-0
-0
-0
-0
-0
-0
-0
-0
30.2648
-0
-0
-0
1.94358
-0
-0
-0
-0
-0
-0
-0
-0
-0
-0
-0
21.181
16.1145
-0
-0
-0
-0
2.56384
-0
-0
-0
-0
-0
30.3476
-0
-0
-0
-0
-0
-0
35.8814
-0
-0
-0
-0
-0
-0
-0
19.4335
-0
-0
-0
-0
-0
-0
-0
-0
-0
-0
-0
-0
-0
-0
15.2208
-0
34.7258
-0
-0
3.39669
5.35236
-0
-0
-0
-0
26.3089
-0
-0
-0
-0
-0
-0
8.50514
-0
17.761
64.1262
-0
-0
-0
-0
-0
-0
-0
-0
-0
-0
1.29383
-0
-0
-0
-0
19.14
6.91909
-0
-0
12.4003
-0
-0
17.1101
16.4597
-0
7.72727
-0
-0
-0
-0
-0
38.558
-0
-0
33.5171
-0
-0
-0
-0
-0
-0
-0
-0
-0
-0
-0
-0
5.67555
-0
-0
-0
1.57863
17.906
-0
8.22321
-0
2.24839
-0
39.4496
34.9013
-0
-0
22.3499
46.417
-0
32.7069
-0
7.11482
-0
38.133
-0
-0
-0
-0
-0
-0
-0
-0
-0
-0
-0
-0
-0
29.5455
-0
-0
-0
10.3284
22.0645
-0
0.374497
-0
-0
-0
-0
-0
-0
-0
-0
-0
-0
-0
-0
-0
-0
7.87425
-0
-0
-0
-0
4.53073
-0
-0
13.6873
-0
-0
33.7933
-0
-0
-0
26.8303
-0
-0
14.6866
-0
-0
34.9629
-0
43.9017
5.49691
-0
0.578114
-0
-0
-0
-0
-0
-0
4.20199
-0
-0
-0
-0
-0
-0
-0
-0
-0
-0
9.95827
-0
-0
-0
-0
-0
-0
-0
4.46269
-0
-0
-0
34.9994
26.6182
-0
-0
-0
-0
-0
-0
6.38909
-0
-0
69.8428
-0
-0
-0
-0
-0
36.1274
-0
-0
-0
-0
-0
-0
40.5431
11.2322
23.3283
-0
0.12867
-0
9.99394
-0
-0
-0
-0
-0
-0
19.7582
-0
-0
-0
-0
-0
-0
-0
20.3774
-0
-0
-0
-0
-0
-0
-0
-0
-0
-0
-0
-0
-0
-0
-0
-0
-0
-0
-0
-0
8.85889
-0
-0
-0
-0
-0
-0
-0
-0
-0
25.2427
-0
-0
-0
-0
-0
-0
-0
-0
-0
6.22788
-0
63.3566
-0
-0
-0
-0
7.33312
-0
-0
-0
-0
-0
-0
-0
-0
-0
18.1758
-0
-0
-0
-0
-0
42.1377
1.51327
-0
-0
-0
-0
-0
-0
-0
-0
-0
-0
-0
20.0503
32.2676
-0
-0
4.43433
4.52343
-0
-0
-0
-0
-0
-0
-0
0.457773
-0
-0
-0
-0
-0
21.2537
-0
-0
4.11779
-0
-0
-0
-0
-0
-0
-0
-0
-0
-0
-0
13.118
15.6882
-0
-0
-0
-0
-0
-0
-0
-0
-0
-0
-0
-0
-0
-0
-0
2.88674
-0
-0
-0
4.08237
-0
-0
-0
-0
25.8542
-0
-0
-0
-0
-0
-0
-0
14.3801
-0
-0
-0
-0
-0
-0
-0
-0
-0
-0
-0
2.63103
-0
19.2598
-0
-0
-0
-0
-0
-0
-0
30.2004
18.1045
-0
-0
-0
14.0011
-0
4.05115
5.28786
-0
5.43432
-0
-0
-0
-0
-0
-0
-0
-0
-0
27.2414
-0
-0
-0
-0
14.708
-0
-0
22.13
-0
41.0655
5.43681
-0
36.0726
11.2288
-0
-0
-0
-0
-0
1.16886
-0
-0
-0
-0
-0
-0
-0
-0
-0
21.6414
-0
-0
-0
-0
23.415
-0
-0
-0
30.3968
16.6569
-0
-0
-0
-0
-0
-0
13.7373
-0
-0
-0
-0
-0
-0
50.2764
4.16041
-0
-0
-0
-0
-0
-0
-0
44.9229
-0
-0
9.34368
-0
-0
-0
-0
-0
-0
-0
-0
-0
-0
-0
-0
-0
56.8318
-0
-0
-0
-0
-0
-0
-0
-0
12.9065
-0
-0
7.69268
-0
-0
17.4879
-0
-0
-0
-0
-0
-0
-0
-0
-0
-0
-0
-0
-0
-0
-0
19.4114
-0
-0
-0
-0
-0
-0
-0
-0
-0
3.05537
-0
-0
1.08151
-0
-0
29.6152
-0
-0
-0
-0
-0
-0
-0
-0
-0
-0
12.6615
0.941066
-0
-0
4.41942
-0
-0
-0
-0
1.7008
16.9132
-0
-0
0.520839
24.2441
0.612939
4.05135
-0
-0
-0
72.5976
-0
-0
8.60688
-0
-0
-0
-0
-0
-0
9.05143
-0
-0
10.3751
-0
17.7004
-0
-0
-0
-0
-0
-0
-0
39.7341
-0
-0
-0
-0
-0
-0
-0
-0
-0
-0
5.22708
-0
-0
-0
-0
-0
-0
-0
10.6853
-0
-0
-0
-0
-0
15.7513
41.6517
-0
40.0651
2.0679
-0
-0
-0
-0
19.8214
-0
-0
-0
-0
-0
69.5306
-0
-0
-0
48.8338
19.7551
24.5394
-0
10.7327
-0
36.679
-0
-0
-0
-0
-0
-0
12.1551
6.80354
19.3701
-0
-0
-0
-0
23.3107
9.75758
11.3157
-0
-0
-0
4.24675
-0
12.4356
-0
-0
-0
11.2368
-0
-0
-0
40.9592
-0
25.9764
1.58739
-0
-0
-0
-0
-0
-0
44.1331
-0
-0
-0
-0
-0
-0
-0
-0
-0
-0
-0
-0
-0
20.8405
-0
-0
43.3892
-0
-0
-0
-0
20.9962
12.6156
-0
5.44937
-0
-0
-0
-0
-0
-0
-0
55.6785
-0
-0
-0
-0
-0
-0
3.28105
-0
-0
-0
-0
-0
-0
-0
28.796
-0
-0
-0
-0
-0
40.9932
-0
19.6668
-0
-0
-0
-0
-0
-0
-0
-0
-0
-0
-0
-0
-0
-0
-0
-0
-0
15.9756
-0
-0
-0
-0
-0
-0
13.1428
4.82389
-0
-0
-0
10.4489
-0
-0
14.263
-0
-0
-0
19.2483
-0
-0
-0
-0
0.698522
8.82754
-0
-0
-0
-0
-0
-0
-0
-0
10.4927
-0
0.47554
9.74121
-0
24.2137
-0
42.7619
-0
-0
-0
-0
14.2007
-0
-0
-0
7.92143
-0
-0
-0
-0
-0
-0
83.5587
-0
8.40818
13.0538
-0
-0
-0
5.63801
-0
-0
-0
-0
-0
17.9681
-0
-0
-0
0.802696
-0
-0
-0
-0
-0
4.00214
-0
-0
4.35193
-0
45.5086
-0
-0
-0
-0
-0
-0
-0
-0
-0
4.19736
-0
-0
-0
8.17789
-0
-0
14.5755
-0
-0
-0
-0
-0
-0
-0
-0
-0
8.6145
-0
-0
-0
26.8923
24.3263
-0
-0
-0
5.30083
-0
-0
-0
-0
-0
-0
60.7648
-0
-0
-0
5.50399
-0
-0
-0
-0
-0
-0
-0
-0
-0
-0
12.5645
-0
-0
-0
-0
-0
-0
3.03229
-0
-0
61.8939
-0
-0
26.5547
-0
-0
-0
-0
-0
-0
-0
-0
26.9659
-0
16.4169
-0
-0
9.1359
6.50262
1.52934
-0
-0
-0
-0
15.2573
51.6107
14.6185
-0
-0
-0
-0
-0
-0
-0
-0
-0
-0
-0
-0
-0
-0
-0
-0
59.1107
-0
-0
-0
-0
-0
-0
-0
16.4463
-0
-0
34.306
-0
11.4416
-0
-0
-0
19.7063
-0
-0
-0
9.55187
-0
-0
-0
-0
-0
-0
-0
-0
-0
-0
-0
-0
-0
15.847
-0
-0
2.53078
-0
2.21079
5.27585
-0
-0
12.0166
4.54642
-0
23.3342
10.342
-0
55.3412
-0
36.322
-0
-0
9.77802
-0
-0
6.61535
-0
41.0521
-0
-0
32.5387
-0
-0
-0
-0
-0
17.0709
12.385
-0
11.7914
-0
-0
-0
-0
-0
25.7259
-0
-0
-0
-0
-0
9.38643
-0
24.2544
-0
-0
17.0866
6.6083
-0
-0
-0
-0
-0
-0
-0
-0
-0
-0
7.72045
6.17158
-0
-0
-0
-0
-0
-0
-0
-0
17.023
-0
-0
-0
-0
0.822124
-0
12.5752
-0
-0
-0
-0
18.299
-0
-0
-0
-0
-0
-0
9.91098
-0
-0
21.5759
-0
-0
-0
-0
-0
-0
-0
-0
4.29808
-0
-0
-0
40.6816
-0
-0
-0
-0
7.22688
-0
-0
44.9537
-0
8.58286
-0
24.7441
20.8449
2.5678
-0
-0
-0
-0
10.3794
-0
-0
-0
-0
-0
39.5947
-0
-0
18.1776
-0
-0
-0
-0
-0
-0
-0
-0
11.8854
-0
-0
-0
-0
-0
-0
-0
-0
-0
38.9771
-0
-0
-0
-0
-0
-0
-0
-0
-0
-0
-0
-0
-0
61.7456
15.7761
27.0838
-0
-0
-0
-0
-0
-0
-0
-0
-0
-0
-0
-0
-0
1.82861
35.7501
2.1685
-0
31.7979
-0
37.0481
-0
2.24862
-0
-0
-0
-0
-0
-0
-0
-0
-0
16.8837
-0
-0
-0
10.446
-0
-0
-0
28.047
-0
-0
-0
-0
69.5411
-0
-0
-0
-0
-0
-0
2.16319
27.9086
-0
-0
35.4377
-0
-0
-0
-0
15.0836
-0
24.325
55.4862
9.06011
-0
4.27358
-0
-0
-0
-0
-0
-0
-0
-0
-0
-0
-0
3.97449
0.0709853
12.1851
-0
-0
-0
-0
-0
10.9617
13.489
-0
-0
-0
1.92375
-0
4.84346
-0
-0
-0
-0
7.57314
-0
-0
-0
-0
-0
-0
-0
-0
-0
-0
-0
-0
65.7178
-0
-0
-0
-0
-0
-0
-0
3.67087
-0
-0
-0
-0
-0
-0
-0
-0
76.9874
-0
-0
-0
-0
-0
-0
-0
-0
