4.87681
-0
-0
-0
-0
-0
-0
-0
-0
-0
38.103
-0
38.7513
-0
-0
-0
-0
-0
-0
-0
-0
-0
1.07505
-0
-0
2.7089
-0
-0
-0
-0
-0
-0
-0
-0
1.22296
-0
-0
-0
14.5461
-0
-0
-0
-0
-0
-0
-0
-0
22.6434
-0
-0
-0
-0
-0
-0
-0
-0
-0
3.00723
43.0944
-0
-0
-0
21.8872
-0
36.379
-0
-0
-0
-0
1.01008
-0
-0
-0
-0
-0
1.25313
-0
11.1576
-0
-0
-0
94.6115
-0
2.80181
5.46533
-0
-0
19.7437
-0
-0
-0
-0
-0
-0
5.52001
-0
-0
-0
-0
-0
-0
-0
-0
-0
-0
-0
-0
26.3776
-0
-0
-0
-0
0.0566778
-0
-0
-0
-0
-0
22.1368
30.2464
8.67743
-0
19.4089
18.7026
9.42596
-0
31.4394
-0
-0
-0
-0
32.6088
-0
-0
-0
-0
-0
7.45933
-0
19.0271
4.54657
-0
-0
-0
37.9251
-0
-0
-0
-0
-0
-0
-0
-0
-0
23.4736
-0
-0
-0
-0
0.746061
-0
-0
-0
27.9665
-0
-0
-0
-0
-0
65.955
-0
9.279
-0
-0
-0
-0
-0
-0
4.56616
-0
-0
-0
-0
-0
-0
64.7168
-0
-0
0.478454
-0
-0
34.1931
12.4633
-0
-0
-0
-0
-0
-0
-0
-0
16.5589
-0
-0
-0
-0
-0
-0
-0
-0
-0
-0
3.45911
-0
-0
-0
-0
5.76749
-0
-0
-0
-0
-0
-0
-0
-0
-0
-0
-0
-0
-0
-0
-0
-0
-0
-0
-0
-0
-0
-0
-0
-0
-0
-0
-0
-0
22.2948
-0
32.1011
-0
-0
-0
-0
-0
-0
-0
-0
-0
-0
-0
-0
0.0790868
-0
-0
-0
-0
8.24609
-0
-0
-0
-0
12.7567
-0
8.61608
-0
-0
-0
-0
-0
-0
-0
5.13223
-0
34.0648
-0
-0
-0
-0
-0
-0
10.806
1.54608
-0
-0
33.8095
-0
-0
-0
-0
-0
-0
-0
0.995703
-0
-0
31.7396
7.15849
-0
-0
-0
-0
-0
-0
-0
-0
2.7239
-0
-0
-0
-0
-0
-0
20.9229
38.4518
-0
-0
-0
-0
-0
4.62639
-0
-0
-0
-0
-0
-0
-0
12.5838
-0
2.28684
-0
-0
-0
8.85744
-0
-0
-0
-0
27.374
-0
7.22647
-0
-0
-0
13.1799
-0
-0
-0
-0
0.00147915
22.4696
-0
-0
9.20376
-0
1.17571
-0
-0
20.5396
-0
-0
1.16542
0.0428696
-0
-0
10.5284
-0
-0
-0
-0
-0
-0
-0
-0
-0
35.6579
18.6697
-0
-0
-0
-0
-0
-0
-0
-0
-0
-0
13.0067
-0
-0
28.2201
-0
-0
-0
-0
-0
-0
-0
-0
30.3485
-0
-0
-0
-0
-0
0.669678
-0
-0
-0
-0
24.3447
-0
-0
-0
-0
-0
33.1121
8.15535
-0
16.727
-0
43.8907
5.79967
-0
-0
-0
-0
-0
-0
-0
-0
30.3299
7.54135
-0
-0
-0
-0
-0
-0
-0
26.1552
17.8217
-0
12.4338
28.0874
28.3955
-0
2.50225
-0
-0
-0
-0
30.9919
-0
-0
-0
-0
-0
-0
-0
-0
-0
-0
-0
-0
-0
36.3425
-0
-0
-0
-0
-0
-0
-0
-0
-0
-0
-0
-0
-0
38.0976
-0
-0
-0
-0
-0
7.23598
-0
-0
-0
-0
-0
-0
-0
-0
-0
17.9183
-0
-0
9.64757
-0
-0
-0
7.36377
-0
-0
9.50993
-0
-0
-0
-0
0.942954
7.56392
-0
-0
-0
-0
-0
33.2207
20.7943
-0
-0
-0
-0
2.3696
38.2814
42.2761
-0
0.016503
-0
-0
-0
-0
-0
3.74698
-0
-0
-0
-0
-0
-0
-0
-0
-0
-0
-0
-0
-0
2.00592
-0
-0
-0
32.8807
-0
-0
-0
-0
-0
-0
13.5472
-0
-0
-0
23.5709
-0
-0
-0
-0
-0
-0
23.934
-0
8.18334
44.8565
-0
-0
-0
16.4795
0.463839
15.5816
-0
-0
54.0766
-0
-0
1.07498
-0
-0
-0
-0
31.4843
-0
-0
-0
-0
-0
-0
1.81706
-0
43.3677
-0
-0
-0
-0
-0
-0
42.1273
-0
7.48515
-0
-0
-0
-0
-0
-0
-0
-0
-0
-0
-0
-0
-0
-0
-0
-0
-0
31.851
-0
-0
-0
-0
-0
-0
-0
-0
-0
-0
32.4593
46.3514
-0
-0
-0
-0
-0
-0
-0
-0
-0
-0
-0
-0
-0
16.6901
14.7766
-0
12.7991
-0
-0
-0
-0
-0
-0
-0
9.38265
4.20876
-0
-0
-0
0.402455
48.8394
19.5603
8.85327
-0
-0
-0
39.0402
-0
-0
-0
-0
-0
-0
-0
-0
-0
-0
-0
-0
-0
-0
2.88588
-0
-0
-0
35.1863
26.3245
-0
-0
-0
-0
-0
-0
-0
-0
-0
-0
-0
-0
-0
-0
-0
6.03928
7.81444
-0
11.1172
-0
-0
-0
-0
8.84673
-0
34.0705
-0
43.6168
-0
27.1216
-0
1.60295
-0
-0
-0
-0
-0
-0
-0
23.7561
-0
-0
-0
17.633
31.8858
-0
-0
-0
-0
-0
-0
-0
45.1334
-0
0.0275297
-0
-0
-0
-0
-0
3.84857
-0
-0
16.4306
-0
-0
-0
6.15538
-0
-0
-0
-0
-0
10.4939
27.0349
-0
13.0443
-0
-0
-0
35.0356
37.4761
-0
-0
-0
-0
-0
-0
-0
-0
-0
-0
23.4866
-0
-0
-0
14.9371
-0
-0
-0
-0
-0
-0
-0
-0
-0
-0
-0
-0
-0
-0
-0
-0
11.6004
-0
-0
8.5187
-0
-0
-0
40.575
7.8055
-0
-0
48.1752
-0
3.46654
6.25456
-0
-0
26.2068
-0
-0
-0
-0
-0
-0
-0
-0
14.9051
36.5212
-0
-0
0.0792737
-0
-0
21.7849
-0
-0
-0
-0
-0
-0
-0
-0
-0
-0
-0
38.5631
-0
-0
-0
-0
7.26807
-0
-0
-0
15.4306
-0
21.0059
-0
-0
-0
-0
-0
-0
-0
3.28623
-0
-0
7.61779
-0
-0
26.2599
-0
-0
-0
-0
-0
-0
6.35489
-0
-0
28.8212
-0
47.5794
-0
-0
-0
-0
-0
-0
-0
-0
-0
3.99139
-0
-0
-0
-0
-0
5.34434
0.798145
27.9905
-0
-0
-0
-0
9.81875
-0
10.487
-0
-0
-0
-0
-0
-0
15.4146
-0
-0
-0
8.13212
-0
17.7417
-0
-0
24.011
-0
-0
-0
3.40284
-0
-0
-0
-0
-0
-0
-0
-0
25.6646
-0
0.141425
-0
-0
-0
-0
13.8024
9.17193
-0
-0
-0
-0
-0
5.47449
-0
-0
-0
-0
-0
-0
4.15949
7.75068
-0
29.6084
-0
-0
-0
-0
-0
21.1737
-0
-0
-0
-0
-0
-0
-0
-0
-0
0.92384
26.3626
-0
-0
19.0226
-0
-0
14.05
-0
-0
31.8737
8.62033
11.0775
-0
-0
-0
-0
-0
22.6069
-0
6.52959
-0
-0
-0
-0
-0
-0
-0
-0
12.2881
-0
-0
-0
-0
-0
-0
-0
-0
-0
-0
-0
-0
-0
43.7527
-0
-0
-0
-0
-0
36.0508
-0
-0
-0
-0
5.89818
22.816
-0
-0
-0
12.2586
-0
-0
-0
-0
-0
-0
-0
3.18006
-0
-0
83.0535
-0
-0
-0
-0
-0
-0
-0
-0
3.1235
-0
-0
-0
4.78593
-0
-0
-0
-0
-0
-0
-0
-0
17.8944
22.3156
-0
-0
-0
-0
-0
-0
-0
-0
8.94139
-0
-0
-0
-0
12.0444
-0
-0
-0
-0
-0
-0
-0
-0
10.6234
-0
29.0258
-0
-0
-0
-0
4.25568
-0
-0
-0
-0
12.1863
-0
-0
-0
-0
-0
-0
-0
-0
10.4132
4.01924
-0
-0
-0
-0
-0
-0
-0
8.61982
-0
-0
8.86053
-0
-0
-0
-0
65.2268
-0
-0
-0
-0
-0
-0
-0
-0
10.8336
-0
-0
-0
-0
-0
-0
-0
26.8104
-0
-0
-0
-0
32.7475
20.9514
-0
4.38888
-0
-0
-0
-0
-0
-0
20.0149
-0
22.1559
-0
-0
-0
-0
-0
-0
-0
-0
-0
-0
-0
-0
-0
24.1643
-0
-0
-0
-0
-0
-0
-0
-0
-0
19.2839
-0
-0
-0
-0
-0
39.2895
-0
-0
-0
-0
-0
-0
36.3046
-0
-0
-0
-0
-0
-0
-0
-0
-0
-0
-0
3.25255
-0
-0
-0
11.0602
-0
-0
-0
5.18156
-0
-0
-0
-0
-0
-0
-0
-0
-0
-0
-0
-0
-0
15.0989
5.79403
-0
-0
-0
-0
1.26299
-0
-0
-0
-0
-0
-0
-0
-0
16.4817
28.6713
-0
-0
13.6543
-0
-0
-0
-0
-0
-0
-0
25.6307
-0
-0
-0
-0
4.24691
29.1034
-0
-0
-0
4.29187
12.8411
37.0955
-0
29.2701
21.1418
-0
-0
-0
-0
1.10441
-0
-0
18.3627
-0
6.45249
8.68336
-0
2.29479
48.4132
-0
-0
-0
-0
-0
-0
-0
-0
45.83
-0
-0
8.12278
0.931085
15.0546
-0
1.79
6.96021
40.8384
-0
-0
33.0243
4.11388
-0
-0
-0
39.0922
-0
-0
-0
35.3027
1.33045
-0
-0
46.1851
-0
-0
-0
-0
-0
22.212
1.04881
15.9896
11.2127
-0
-0
21.0859
-0
-0
-0
-0
-0
-0
-0
-0
-0
-0
-0
34.652
24.3154
-0
9.99554
-0
-0
6.06244
6.91437
-0
-0
-0
-0
-0
-0
-0
-0
21.5477
-0
-0
-0
20.2287
-0
-0
-0
-0
-0
44.6803
22.1168
-0
8.33085
27.4279
6.82048
-0
22.521
-0
-0
-0
-0
-0
14.3228
-0
-0
-0
-0
20.3189
-0
-0
23.7858
-0
-0
-0
-0
-0
-0
-0
-0
-0
-0
-0
-0
-0
-0
-0
-0
17.19
-0
5.9362
28.1105
-0
0.321942
-0
-0
-0
10.961
0.72756
-0
-0
-0
-0
-0
1.8882
-0
-0
-0
-0
-0
42.0011
-0
-0
-0
-0
-0
-0
15.3145
-0
-0
19.513
-0
-0
-0
-0
7.14302
-0
-0
-0
-0
-0
9.61383
-0
-0
-0
-0
-0
-0
-0
-0
-0
-0
-0
-0
-0
21.8212
7.2219
-0
-0
-0
56.0037
-0
-0
-0
26.3172
-0
-0
-0
-0
-0
-0
-0
-0
-0
-0
-0
2.09784
-0
2.61822
-0
-0
-0
-0
-0
57.149
-0
-0
-0
-0
-0
-0
-0
-0
-0
-0
-0
13.5771
19.7196
-0
-0
-0
-0
-0
-0
-0
-0
-0
-0
35.4572
-0
-0
25.9686
-0
-0
-0
-0
-0
-0
-0
-0
-0
-0
-0
-0
-0
-0
-0
-0
-0
-0
-0
-0
-0
-0
-0
-0
14.5384
-0
-0
-0
23.7576
-0
-0
-0
-0
-0
-0
-0
-0
-0
-0
-0
23.3793
25.002
-0
-0
-0
29.9281
-0
-0
-0
-0
26.2387
-0
-0
-0
-0
-0
56.6957
-0
14.502
-0
-0
-0
-0
23.6482
-0
-0
-0
-0
-0
-0
-0
-0
-0
39.7321
-0
2.39358
19.9459
-0
-0
-0
-0
-0
-0
-0
5.16814
1.63957
-0
6.8927
-0
36.0183
14.2567
-0
-0
-0
-0
-0
0.201095
-0
-0
40.055
-0
4.27938
-0
13.2662
38.7701
-0
-0
8.22684
-0
-0
-0
17.3473
-0
2.54808
-0
9.50719
-0
-0
-0
47.6276
0.478744
40.6253
23.1146
-0
10.6814
-0
-0
-0
53.1596
-0
-0
-0
45.83
-0
-0
-0
-0
-0
-0
-0
20.9207
-0
9.82078
22.6522
-0
-0
-0
-0
-0
-0
-0
12.1924
-0
-0
-0
-0
-0
-0
-0
15.1544
-0
1.39962
-0
-0
-0
-0
-0
-0
-0
-0
46.4114
-0
37.5407
-0
-0
-0
-0
-0
24.6296
-0
-0
-0
-0
-0
-0
-0
-0
-0
-0
-0
-0
15.2567
-0
-0
-0
30.4207
-0
-0
-0
-0
-0
19.6787
-0
-0
-0
-0
-0
-0
-0
-0
-0
-0
32.2043
-0
-0
-0
-0
-0
-0
-0
-0
13.7705
-0
-0
-0
-0
-0
-0
-0
-0
-0
10.0248
-0
-0
-0
31.6495
12.793
-0
-0
-0
-0
-0
-0
35.5299
-0
-0
-0
-0
-0
2.78236
-0
9.32926
-0
-0
-0
-0
-0
-0
-0
-0
-0
-0
-0
-0
-0
-0
-0
-0
-0
-0
-0
-0
-0
-0
-0
-0
-0
-0
-0
-0
-0
26.2711
-0
15.85
-0
-0
-0
-0
-0
-0
-0
-0
-0
-0
-0
-0
25.1491
-0
-0
-0
-0
-0
-0
3.63661
-0
-0
-0
-0
-0
-0
-0
44.2571
-0
-0
43.5491
-0
-0
-0
-0
-0
-0
0.855988
-0
-0
24.1821
-0
19.4709
22.9462
25.8356
28.4673
-0
-0
-0
-0
6.10418
-0
-0
-0
-0
-0
54.981
-0
-0
-0
-0
-0
-0
-0
-0
24.0991
61.5856
-0
-0
-0
11.4511
-0
-0
9.65416
-0
-0
31.7879
-0
19.8061
-0
-0
-0
-0
16.8949
5.61182
-0
-0
49.4082
-0
-0
-0
28.092
-0
-0
36.0029
49.0729
6.2602
-0
0.755686
-0
-0
-0
9.92206
-0
-0
-0
-0
-0
2.0073
-0
-0
-0
-0
-0
15.2643
4.76876
-0
-0
3.14181
-0
-0
-0
-0
-0
-0
-0
-0
19.1872
-0
-0
-0
-0
-0
8.02274
0.596526
-0
-0
15.8468
-0
36.4688
-0
-0
-0
-0
-0
-0
4.68329
3.95789
-0
-0
30.9755
-0
35.2244
36.1364
-0
-0
43.625
-0
-0
-0
-0
-0
-0
1.64174
-0
-0
-0
-0
16.7871
-0
-0
-0
-0
-0
-0
51.785
2.93182
-0
-0
24.2233
0.413941
-0
-0
-0
-0
-0
67.726
7.76036
-0
26.9252
-0
-0
-0
-0
3.83189
-0
12.642
37.3573
-0
-0
-0
23.2898
-0
-0
20.4158
-0
-0
-0
-0
-0
-0
-0
10.4908
-0
-0
41.9568
70.0479
-0
-0
-0
-0
-0
49.093
-0
-0
-0
42.9497
-0
-0
20.7682
-0
-0
-0
-0
36.5957
-0
-0
1.37129
10.5237
40.6642
22.4065
-0
-0
15.9949
-0
-0
-0
-0
-0
-0
-0
-0
62.5935
-0
-0
-0
-0
28.3377
-0
-0
-0
21.2477
-0
-0
60.7813
-0
8.24074
-0
42.2599
-0
13.7471
-0
-0
-0
-0
-0
-0
-0
-0
4.52146
-0
-0
-0
-0
28.2954
4.11129
-0
-0
-0
1.91782
18.7268
-0
-0
20.3675
31.4308
-0
0.346286
0.416724
-0
37.5732
-0
13.7884
-0
17.5257
-0
-0
-0
-0
-0
-0
-0
-0
6.73341
-0
-0
-0
-0
-0
2.42654
-0
-0
-0
-0
27.0311
-0
43.8161
-0
-0
12.4401
-0
-0
7.5005
-0
57.3561
-0
-0
-0
-0
-0
-0
16.5921
-0
-0
-0
-0
-0
-0
-0
-0
18.4208
-0
-0
15.37
-0
-0
-0
-0
-0
-0
-0
23.1895
-0
-0
-0
43.8647
3.53895
-0
-0
-0
-0
-0
4.06055
-0
-0
-0
30.7557
-0
-0
-0
-0
-0
-0
16.8413
-0
-0
-0
26.7314
-0
-0
-0
-0
-0
-0
7.54085
-0
22.1694
-0
-0
-0
-0
31.1682
1.43016
8.21382
-0
-0
-0
-0
-0
-0
-0
-0
18.8954
-0
-0
19.4773
-0
27.165
35.178
5.36923
-0
-0
-0
-0
1.16957
-0
35.1379
26.0319
-0
6.42471
11.0099
-0
-0
-0
-0
-0
-0
-0
-0
-0
-0
-0
-0
-0
-0
-0
29.0753
-0
-0
-0
-0
-0
24.9749
7.51378
-0
-0
-0
-0
-0
-0
-0
43.9767
-0
-0
-0
-0
-0
-0
0.711078
18.3445
10.6147
16.0906
-0
-0
-0
-0
-0
-0
-0
-0
-0
25.4818
3.71237
-0
4.78361
-0
-0
2.34712
-0
-0
-0
-0
-0
-0
-0
-0
7.18598
0.192326
32.593
-0
-0
-0
-0
-0
11.2514
12.4522
-0
-0
-0
-0
-0
33.6475
-0
-0
-0
-0
-0
-0
-0
-0
-0
-0
-0
-0
44.7948
-0
-0
-0
-0
-0
-0
-0
-0
-0
-0
-0
-0
-0
-0
29.8513
-0
-0
9.7686
-0
-0
-0
-0
-0
-0
-0
-0
-0
-0
4.31599
0.379995
61.5543
-0
-0
-0
6.61412
-0
-0
-0
-0
-0
10.2363
9.46104
-0
35.6776
-0
-0
-0
18.3573
-0
17.0147
-0
-0
-0
9.57028
-0
-0
-0
1.31108
38.8508
-0
-0
-0
-0
-0
-0
-0
-0
-0
-0
15.7394
-0
-0
-0
24.2637
-0
-0
-0
-0
-0
-0
-0
-0
-0
-0
-0
61.207
-0
-0
-0
-0
-0
-0
-0
-0
-0
-0
-0
-0
3.04221
-0
-0
-0
-0
-0
-0
-0
-0
-0
-0
-0
-0
51.5156
0.911394
-0
-0
-0
-0
-0
-0
-0
-0
-0
-0
-0
-0
-0
-0
-0
-0
-0
-0
-0
4.4245
-0
-0
-0
-0
-0
47.8949
-0
-0
-0
-0
-0
-0
-0
27.8664
-0
-0
-0
-0
-0
19.4508
-0
-0
29.5702
-0
-0
-0
24.4058
-0
-0
-0
-0
-0
-0
9.08895
-0
-0
-0
-0
-0
-0
-0
-0
-0
-0
44.8698
32.7227
25.957
-0
28.2646
-0
-0
5.96766
-0
-0
-0
-0
17.1697
10.2608
-0
-0
-0
-0
20.9907
13.224
-0
-0
-0
27.6988
-0
16.9504
12.3532
-0
-0
-0
-0
7.4201
17.1846
-0
-0
5.38999
-0
-0
-0
-0
-0
-0
-0
-0
-0
-0
-0
-0
-0
-0
-0
-0
-0
14.4136
-0
-0
-0
-0
-0
-0
-0
-0
-0
22.2401
-0
55.0497
8.51999
-0
-0
-0
15.8222
8.14286
25.2584
-0
-0
-0
-0
-0
-0
-0
-0
5.26505
-0
11.0133
-0
-0
3.86308
-0
-0
26.502
-0
-0
-0
2.84826
-0
-0
-0
-0
42.8759
-0
-0
-0
-0
-0
2.0214
-0
-0
-0
-0
-0
-0
-0
-0
-0
-0
-0
-0
-0
1.41672
-0
-0
-0
-0
-0
-0
-0
-0
80.6544
-0
-0
-0
23.1689
-0
-0
8.83516
-0
-0
-0
-0
61.0737
-0
-0
-0
-0
-0
-0
-0
-0
-0
-0
-0
-0
-0
-0
2.006
-0
-0
-0
-0
-0
-0
-0
-0
-0
-0
28.6913
-0
-0
-0
-0
-0
-0
-0
44.1408
-0
-0
-0
-0
-0
-0
-0
-0
-0
9.74079
18.9572
-0
2.49877
-0
18.7773
11.6595
22.5935
-0
-0
-0
-0
-0
-0
-0
-0
-0
50.5492
47.5423
-0
-0
-0
-0
-0
-0
-0
-0
-0
-0
-0
-0
-0
2.36707
6.79551
-0
13.5936
-0
29.9097
41.1048
24.1876
-0
-0
13.4032
-0
7.31386
-0
-0
-0
-0
-0
-0
-0
8.88305
-0
-0
-0
-0
-0
-0
-0
12.958
-0
-0
14.5433
-0
-0
-0
-0
-0
-0
-0
-0
-0
-0
-0
-0
-0
-0
-0
5.91431
-0
15.5499
8.53273
-0
-0
-0
-0
-0
-0
-0
-0
-0
-0
13.3131
-0
-0
-0
-0
-0
-0
44.9804
-0
-0
-0
-0
-0
-0
-0
-0
-0
-0
-0
-0
-0
-0
-0
2.91216
-0
-0
-0
2.12424
2.75153
-0
-0
2.98137
-0
-0
8.9546
-0
-0
-0
-0
-0
-0
-0
-0
-0
-0
5.86497
2.76022
-0
-0
-0
-0
-0
-0
-0
16.308
3.43863
-0
-0
-0
-0
-0
-0
-0
-0
5.78
-0
24.1576
36.1374
-0
-0
-0
62.658
-0
16.4788
6.27079
-0
-0
-0
-0
-0
-0
22.5728
-0
-0
-0
-0
3.498
-0
-0
-0
-0
-0
-0
-0
-0
-0
-0
-0
22.905
7.60733
-0
-0
-0
-0
4.21238
36.3636
-0
-0
-0
-0
-0
-0
38.0791
-0
21.4569
-0
6.75199
-0
-0
-0
3.3747
-0
-0
-0
-0
-0
-0
-0
-0
-0
-0
25.3546
-0
0.539986
37.0216
-0
-0
5.32746
-0
-0
-0
-0
-0
-0
-0
8.12333
23.9524
-0
-0
51.9178
-0
-0
-0
1.11721
-0
-0
-0
-0
-0
-0
-0
-0
-0
-0
23.1626
9.50148
15.3585
-0
-0
-0
7.25822
-0
-0
-0
-0
-0
-0
-0
-0
-0
-0
-0
16.8104
2.05301
-0
-0
30.359
-0
-0
-0
-0
24.4097
-0
30.8518
-0
12.2891
-0
-0
-0
-0
-0
-0
-0
-0
-0
-0
-0
-0
-0
-0
-0
-0
-0
-0
7.37745
-0
-0
-0
-0
-0
14.8139
-0
-0
29.6972
-0
-0
-0
-0
-0
-0
-0
-0
-0
-0
-0
-0
-0
-0
-0
-0
-0
-0
-0
-0
-0
9.17152
-0
-0
-0
-0
-0
-0
1.26303
-0
-0
22.2079
-0
-0
-0
-0
-0
-0
32.4378
-0
-0
-0
-0
-0
0.519414
-0
-0
11.8422
-0
20.1923
46.4805
-0
-0
12.6414
14.1726
-0
44.0856
-0
-0
-0
-0
-0
-0
-0
-0
-0
-0
4.30251
-0
1.15642
-0
-0
12.0593
-0
17.5771
-0
-0
-0
-0
-0
0.358121
-0
-0
-0
9.23193
-0
38.1666
27.2732
-0
-0
-0
-0
-0
20.7006
-0
-0
-0
-0
-0
-0
-0
0.483284
-0
6.12771
-0
1.01918
-0
65.4031
-0
-0
0.551377
-0
-0
-0
-0
-0
-0
27.2215
9.36772
-0
-0
-0
33.6278
2.35678
-0
-0
22.3302
21.2629
-0
-0
-0
39.4655
1.84055
-0
-0
-0
-0
-0
-0
-0
-0
-0
-0
-0
25.1911
-0
-0
-0
-0
-0
-0
-0
-0
-0
-0
5.50902
36.3265
-0
-0
1.76815
-0
-0
31.7833
-0
2.0937
-0
-0
-0
-0
-0
-0
-0
-0
-0
-0
-0
-0
-0
-0
-0
-0
-0
37.6452
-0
11.9051
16.2482
-0
20.7773
4.92794
27.4043
7.29999
3.66166
-0
-0
0.724787
-0
-0
0.509362
-0
-0
-0
-0
-0
10.7487
-0
31.6165
-0
7.33688
-0
-0
-0
-0
74.5951
-0
-0
-0
11.1109
-0
-0
40.235
-0
-0
-0
-0
-0
-0
-0
-0
-0
20.8806
-0
11.3655
-0
-0
-0
24.3722
-0
-0
18.4579
-0
50.058
-0
-0
1.38127
-0
-0
-0
-0
-0
-0
-0
-0
-0
-0
-0
-0
-0
25.0679
-0
-0
12.4958
-0
-0
-0
-0
-0
2.37733
-0
-0
7.63242
14.3822
-0
27.8061
-0
-0
-0
-0
-0
-0
-0
-0
-0
-0
-0
-0
-0
-0
-0
32.0519
-0
-0
-0
-0
-0
-0
-0
-0
-0
0.479695
-0
-0
-0
-0
-0
-0
-0
-0
40.1916
31.0461
-0
-0
-0
-0
-0
30.765
-0
2.91778
-0
-0
-0
-0
-0
-0
-0
-0
-0
-0
-0
15.1536
48.4429
23.1876
-0
-0
-0
-0
2.74393
-0
-0
10.7794
20.3635
-0
-0
-0
3.38673
-0
-0
-0
-0
-0
-0
-0
-0
-0
-0
-0
-0
-0
-0
3.15362
-0
-0
-0
-0
-0
-0
-0
-0
-0
-0
-0
-0
-0
18.4823
26.2251
2.52015
28.025
-0
-0
-0
4.62861
7.36596
-0
-0
-0
48.7829
-0
16.3932
-0
-0
-0
-0
4.36565
16.8794
-0
-0
-0
-0
9.86577
45.309
11.8606
-0
-0
14.2886
-0
-0
-0
-0
-0
31.4825
-0
-0
-0
-0
-0
-0
-0
-0
-0
-0
-0
-0
-0
25.5581
-0
2.69793
-0
-0
-0
-0
-0
7.03237
-0
-0
-0
0.535227
-0
-0
-0
4.17299
-0
48.5597
2.28076
51.5272
-0
-0
-0
-0
-0
-0
-0
22.8646
-0
-0
-0
3.4512
-0
-0
-0
-0
-0
-0
-0
9.80424
-0
-0
15.5909
-0
-0
32.0284
-0
-0
-0
-0
-0
-0
-0
-0
-0
-0
-0
3.43548
31.2079
-0
-0
-0
-0
-0
20.1985
7.09098
19.0113
-0
-0
-0
40.075
13.2181
-0
-0
-0
-0
-0
-0
3.72308
32.1025
-0
49.9287
21.4445
-0
0.746781
-0
-0
-0
-0
-0
14.6082
-0
-0
34.2714
-0
-0
-0
-0
-0
5.79864
-0
-0
-0
-0
-0
-0
-0
-0
-0
-0
-0
-0
-0
-0
14.3776
-0
-0
-0
-0
-0
-0
-0
-0
-0
9.27523
-0
22.0331
-0
-0
-0
-0
-0
-0
42.4191
-0
35.5462
0.48963
3.02105
27.5448
-0
20.9259
-0
-0
-0
-0
-0
-0
-0
-0
4.67648
-0
-0
-0
-0
-0
-0
58.6294
-0
31.8794
-0
-0
-0
-0
47.9587
-0
-0
-0
-0
-0
75.7441
-0
-0
-0
-0
-0
-0
-0
-0
-0
-0
-0
-0
-0
-0
-0
-0
24.4066
-0
5.43742
-0
-0
-0
-0
-0
-0
20.7784
-0
27.7809
13.7313
-0
2.53497
7.8905
-0
-0
-0
38.2954
-0
-0
-0
-0
-0
-0
-0
33.6059
-0
8.1386
44.6427
-0
-0
-0
14.7499
-0
-0
16.8182
-0
-0
-0
25.6803
-0
-0
-0
18.5521
10.0784
-0
41.19
-0
-0
-0
-0
-0
-0
23.4077
3.8012
-0
-0
-0
-0
-0
-0
-0
-0
-0
14.5967
-0
-0
-0
-0
-0
-0
-0
-0
-0
-0
-0
39.496
-0
-0
-0
-0
9.5809
4.74021
19.7662
-0
-0
-0
-0
7.0209
-0
9.27551
-0
-0
28.9122
-0
-0
42.6284
-0
-0
-0
-0
-0
3.83468
-0
-0
-0
-0
-0
-0
-0
-0
-0
-0
-0
0.167068
-0
-0
-0
14.1389
-0
-0
-0
-0
15.2721
-0
-0
-0
-0
10.6773
-0
-0
-0
-0
-0
-0
-0
-0
-0
16.9684
-0
42.7224
-0
32.7851
-0
-0
-0
-0
28.488
-0
-0
-0
-0
-0
56.5385
-0
9.61597
-0
24.0273
0.315467
-0
-0
-0
-0
-0
-0
-0
-0
2.14199
-0
-0
3.09182
-0
-0
-0
-0
-0
26.6525
43.4759
-0
12.4625
-0
-0
-0
-0
16.4141
56.6496
-0
-0
-0
-0
-0
39.7951
-0
-0
-0
-0
-0
-0
-0
-0
-0
-0
11.8149
-0
-0
-0
-0
-0
24.9093
-0
4.94045
-0
-0
-0
-0
-0
-0
-0
9.57181
-0
-0
-0
-0
54.2515
7.57825
9.11324
-0
-0
-0
-0
-0
-0
-0
-0
-0
-0
-0
19.2095
-0
-0
-0
39.5203
4.90277
-0
-0
-0
-0
-0
-0
18.8746
-0
-0
-0
2.12882
-0
-0
-0
-0
-0
-0
-0
53.6554
-0
11.5746
-0
-0
21.2261
-0
-0
-0
-0
-0
-0
-0
-0
22.5808
-0
-0
10.4341
-0
-0
59.4555
-0
-0
-0
-0
-0
25.5274
-0
-0
-0
-0
-0
-0
-0
-0
-0
-0
-0
-0
34.8127
-0
-0
-0
-0
-0
-0
1.74318
-0
-0
-0
-0
-0
-0
28.988
16.0432
5.99555
-0
-0
-0
-0
-0
-0
-0
26.9631
7.01644
-0
-0
-0
-0
-0
-0
-0
-0
-0
-0
-0
-0
-0
-0
-0
-0
-0
-0
-0
-0
-0
-0
-0
-0
-0
-0
-0
-0
-0
-0
21.3148
-0
-0
-0
-0
72.4099
-0
-0
-0
14.7742
-0
-0
-0
-0
-0
-0
49.9761
-0
-0
-0
-0
21.7891
7.40282
-0
52.0711
-0
-0
3.85666
4.0625
-0
-0
-0
-0
-0
-0
-0
-0
-0
-0
3.41255
38.8348
-0
-0
-0
-0
-0
-0
1.74787
17.0199
-0
-0
-0
28.1545
-0
-0
-0
-0
-0
-0
2.82587
-0
-0
-0
11.2048
-0
-0
-0
-0
-0
-0
-0
-0
30.042
-0
-0
-0
-0
-0
-0
-0
-0
-0
-0
-0
-0
-0
-0
-0
-0
32.9429
-0
-0
-0
-0
-0
-0
37.432
-0
