3.46024
-0
-0
-0
-0
-0
-0
-0
13.8712
-0
31.6185
-0
35.7381
-0
-0
8.59847
16.0345
-0
-0
-0
-0
16.2202
-0
1.72426
-0
0.471293
-0
-0
-0
-0
-0
-0
-0
-0
1.39518
-0
-0
-0
12.0905
-0
-0
-0
7.30947
-0
-0
5.03148
-0
10.6931
-0
-0
-0
-0
-0
-0
0.0604015
-0
-0
2.82293
20.6449
-0
-0
-0
11.6453
-0
21.4623
-0
0.120488
-0
-0
0.861516
-0
-0
-0
-0
-0
2.02536
10.9282
3.072
-0
8.4392
-0
87.0581
-0
1.86193
4.1085
-0
-0
10.2075
-0
-0
5.44664
-0
-0
-0
13.821
-0
1.06669
-0
-0
-0
-0
-0
-0
-0
6.4887
-0
9.66189
16.5779
-0
0.959757
-0
-0
0.117591
-0
-0
9.55488
-0
-0
17.8143
29.6678
22.8739
-0
23.6323
12.4076
0.725948
-0
20.8851
-0
-0
-0
-0
23.3011
16.8718
-0
-0
-0
-0
17.8961
-0
22.8028
9.87741
-0
-0
13.0247
41.5712
-0
-0
0.081461
-0
-0
-0
-0
-0
0.616126
18.3649
-0
11.9498
-0
-0
0.650672
-0
-0
-0
22.631
10.7011
-0
5.87569
-0
-0
77.1968
-0
7.58778
0.603187
-0
-0
-0
-0
-0
-0
23.7612
-0
-0
-0
-0
-0
46.8534
-0
-0
18.0288
2.33137
-0
44.9442
40.1079
-0
-0
-0
-0
-0
-0
-0
-0
-0
-0
-0
-0
-0
-0
-0
11.9476
-0
-0
-0
13.425
-0
-0
6.50824
-0
10.3648
-0
-0
-0
-0
-0
-0
-0
-0
-0
-0
-0
-0
-0
19.4006
-0
-0
-0
-0
-0
-0
-0
-0
-0
-0
-0
-0
-0
-0
15.3624
-0
16.5941
-0
-0
-0
-0
-0
7.08745
-0
-0
2.21488
5.30566
-0
-0
17.5654
-0
-0
-0
-0
-0
-0
-0
-0
-0
46.8222
7.43003
27.5261
-0
-0
-0
-0
-0
-0
5.68622
6.92283
-0
29.2956
-0
-0
-0
-0
-0
-0
5.13958
17.2816
-0
-0
37.4451
-0
-0
-0
-0
20.866
-0
-0
4.27488
-0
19.1706
21.3447
-0
-0
21.3437
-0
-0
-0
-0
-0
-0
2.72994
-0
-0
-0
-0
-0
-0
20.9756
-0
-0
-0
3.97284
-0
-0
-0
-0
-0
10.2724
-0
-0
-0
-0
5.13615
-0
11.2774
-0
-0
-0
40.691
-0
-0
-0
-0
8.91972
-0
0.940727
-0
-0
-0
30.7322
-0
-0
-0
-0
-0
27.1752
-0
-0
19.2423
-0
1.28713
-0
-0
14.7556
-0
-0
6.34817
0.150983
18.3888
-0
-0
-0
-0
-0
-0
-0
-0
-0
-0
-0
40.3663
-0
-0
-0
-0
-0
-0
-0
-0
-0
-0
-0
-0
-0
16.7015
21.2403
-0
-0
-0
1.80969
2.33579
-0
-0
7.23139
15.2604
-0
-0
-0
-0
-0
24.1726
-0
-0
-0
-0
24.5024
-0
-0
-0
2.0274
-0
17.8315
12.4849
28.7478
22.2304
-0
35.4764
12.9935
-0
5.93555
-0
-0
-0
-0
-0
-0
9.90448
12.4525
-0
-0
-0
-0
-0
-0
-0
25.2102
18.7184
-0
-0
13.6281
18.6676
-0
26.587
-0
-0
-0
-0
8.77228
-0
-0
4.72225
-0
-0
15.2826
-0
-0
-0
-0
-0
-0
-0
23.4682
-0
-0
-0
-0
-0
-0
-0
-0
-0
-0
-0
-0
2.48235
42.7251
-0
-0
-0
-0
-0
26.1797
-0
-0
-0
0.46646
-0
-0
-0
-0
-0
5.80363
-0
-0
-0
-0
-0
-0
-0
-0
-0
5.31899
-0
-0
-0
-0
4.12927
12.8413
2.00777
-0
-0
-0
-0
35.8852
20.1784
-0
-0
-0
-0
37.2894
19.8894
59.1895
5.50566
-0
-0
-0
-0
-0
-0
9.33467
-0
-0
-0
-0
1.7172
-0
-0
-0
-0
-0
12.8131
-0
-0
4.46618
-0
-0
-0
29.4482
-0
-0
-0
-0
-0
-0
13.621
-0
1.53756
-0
35.7248
-0
-0
-0
-0
-0
-0
27.7261
-0
15.0692
27.4383
-0
-0
-0
2.1152
8.65456
22.8329
-0
-0
44.5951
-0
-0
-0
-0
-0
10.6381
5.38026
24.2891
-0
-0
-0
-0
-0
-0
-0
-0
37.1677
-0
-0
4.08107
-0
-0
-0
21.6883
-0
10.5564
-0
-0
-0
-0
-0
-0
-0
-0
-0
-0
-0
-0
-0
-0
-0
-0
-0
22.8501
-0
-0
-0
-0
-0
-0
-0
-0
-0
-0
26.0779
51.4033
-0
-0
-0
-0
-0
2.95723
-0
-0
-0
-0
-0
-0
-0
12.145
3.26299
-0
14.6792
11.0633
-0
-0
-0
-0
-0
-0
-0
-0
-0
-0
-0
-0
33.3411
26.6272
8.85906
-0
-0
-0
15.6802
-0
-0
-0
-0
-0
-0
-0
-0
-0
-0
-0
-0
-0
-0
1.46885
-0
-0
-0
25.5557
17.8281
-0
-0
-0
-0
-0
7.0648
-0
-0
-0
-0
-0
-0
-0
-0
-0
-0
0.968942
-0
12.5585
-0
-0
-0
1.55837
11.3487
-0
9.27244
-0
39.8184
-0
27.8841
-0
1.38449
-0
-0
-0
-0
-0
-0
-0
4.81381
-0
-0
-0
10.3458
24.734
-0
-0
-0
-0
-0
-0
-0
42.2393
-0
0.297019
-0
-0
-0
-0
10.8835
24.8811
-0
-0
-0
-0
-0
-0
10.4383
-0
-0
-0
-0
-0
22.8372
24.5114
-0
21.8066
-0
-0
-0
31.9927
67.8381
-0
0.780544
-0
-0
-0
-0
-0
-0
-0
-0
24.5933
-0
-0
-0
17.8595
-0
-0
-0
-0
-0
-0
-0
-0
-0
-0
-0
-0
14.9039
-0
-0
-0
22.443
-0
-0
3.67753
-0
-0
-0
16.8555
8.043
-0
-0
33.106
-0
-0
-0
-0
-0
24.3451
7.99187
-0
-0
-0
-0
-0
-0
-0
33.0549
36.4131
3.66272
-0
-0
-0
-0
40.7511
-0
-0
-0
-0
-0
-0
-0
-0
-0
-0
-0
16.9167
-0
-0
-0
-0
-0
-0
-0
-0
17.2942
3.8364
-0
-0
-0
-0
-0
-0
-0
-0
3.41246
-0
-0
15.3771
-0
-0
44.0507
-0
-0
-0
-0
-0
-0
29.0129
-0
-0
38.1023
-0
34.8379
-0
-0
-0
-0
-0
-0
-0
-0
13.0534
11.5203
-0
-0
-0
-0
-0
10.1064
-0
33.8927
-0
-0
-0
-0
8.75755
-0
3.71461
-0
-0
-0
-0
-0
-0
23.8428
-0
11.5663
-0
9.99478
-0
6.91202
14.4711
-0
15.5051
4.35429
-0
-0
-0
-0
-0
-0
-0
6.21013
-0
-0
10.3971
58.0578
-0
0.575737
-0
-0
-0
-0
-0
5.95354
14.7286
4.57085
-0
-0
-0
22.6734
-0
-0
-0
-0
-0
-0
-0
-0
-0
18.6342
-0
-0
-0
-0
-0
19.0927
-0
-0
-0
-0
-0
-0
-0
-0
-0
4.68851
22.5784
-0
-0
0.235743
-0
-0
21.1691
-0
-0
25.044
-0
13.1077
-0
-0
-0
-0
-0
-0
4.8225
16.3104
-0
-0
-0
-0
-0
-0
-0
-0
26.5753
-0
7.11781
-0
24.919
-0
-0
-0
-0
-0
-0
-0
-0
-0
56.0536
23.9292
-0
-0
-0
-0
31.247
2.7276
-0
-0
5.02389
-0
-0
-0
-0
-0
18.2429
-0
15.4674
-0
-0
7.32894
-0
-0
8.37302
1.01773
-0
72.746
-0
-0
-0
20.4553
-0
-0
-0
-0
20.5953
-0
-0
-0
-0
-0
-0
-0
-0
-0
-0
-0
-0
25.5961
45.8818
-0
-0
-0
1.63283
5.49916
-0
-0
-0
11.6124
-0
-0
-0
-0
13.9342
-0
-0
-0
-0
-0
-0
-0
-0
5.05887
-0
9.09142
-0
-0
-0
11.0129
16.9014
-0
-0
-0
-0
8.09118
-0
-0
-0
-0
-0
-0
-0
-0
9.05614
3.98091
-0
-0
-0
-0
-0
-0
-0
14.2629
-0
-0
18.3963
11.5023
-0
-0
-0
57.0544
-0
-0
-0
-0
-0
-0
-0
-0
19.0754
-0
-0
-0
-0
-0
-0
-0
8.8925
-0
-0
-0
-0
31.8413
16.2937
-0
16.4605
-0
-0
-0
-0
-0
-0
7.01744
12.8473
42.946
-0
-0
-0
-0
-0
-0
-0
-0
-0
-0
-0
-0
-0
21.7791
-0
2.89924
-0
-0
-0
-0
-0
-0
-0
-0
-0
-0
-0
-0
-0
43.0807
-0
23.6433
-0
-0
-0
-0
18.419
-0
-0
-0
-0
-0
-0
-0
-0
-0
-0
-0
-0
-0
-0
-0
-0
-0
-0
-0
6.99634
-0
-0
-0
-0
-0
-0
-0
-0
12.7781
-0
-0
-0
1.18197
-0
-0
0.350954
-0
-0
-0
0.510167
-0
-0
-0
-0
8.88816
-0
-0
-0
18.016
22.0294
-0
-0
29.785
-0
-0
-0
-0
-0
-0
-0
5.1666
-0
-0
-0
-0
-0
54.3969
-0
-0
-0
6.25534
29.5351
17.9843
-0
28.4545
28.9695
-0
24.4308
-0
-0
8.0864
-0
-0
-0
-0
10.7278
24.3085
-0
1.16428
40.1984
33.1994
-0
-0
-0
-0
-0
-0
-0
31.9226
-0
-0
11.813
2.1198
19.4775
-0
39.9677
-0
44.4567
-0
-0
39.646
9.50793
-0
-0
-0
21.9323
-0
-0
-0
51.5254
1.17605
-0
-0
48.404
-0
-0
-0
-0
-0
-0
-0
14.0894
20.4301
-0
-0
21.788
-0
-0
-0
-0
-0
-0
-0
-0
-0
2.65738
-0
-0
36.9056
-0
2.92642
-0
-0
-0
3.38667
-0
-0
-0
-0
-0
-0
-0
-0
27.4834
-0
-0
-0
0.850468
-0
-0
-0
14.1283
-0
44.7327
13.0421
-0
9.9283
-0
22.4321
-0
13.7943
-0
-0
-0
-0
-0
32.1143
-0
-0
-0
-0
20.7767
-0
-0
22.5582
-0
-0
-0
-0
16.9239
-0
-0
-0
-0
-0
-0
-0
-0
-0
-0
-0
32.5317
-0
5.27206
43.1105
-0
0.100342
-0
-0
-0
26.5397
0.783135
-0
-0
-0
-0
-0
9.41556
-0
-0
-0
26.3479
-0
33.375
-0
-0
-0
-0
-0
-0
21.984
-0
-0
16.7897
-0
-0
-0
-0
-0
-0
-0
-0
-0
-0
36.012
-0
-0
-0
-0
-0
-0
-0
-0
-0
-0
-0
-0
-0
9.52091
9.73955
-0
-0
12.788
27.5287
-0
-0
-0
36.1102
-0
-0
-0
-0
-0
-0
-0
-0
-0
-0
-0
1.46626
-0
3.02144
-0
7.35163
-0
-0
-0
46.2314
-0
-0
-0
-0
-0
-0
-0
-0
-0
-0
-0
12.9208
15.3117
-0
-0
-0
-0
-0
-0
-0
-0
-0
-0
2.13851
8.79255
-0
13.5334
-0
-0
-0
-0
-0
32.6643
-0
-0
-0
-0
-0
-0
-0
-0
-0
-0
-0
-0
-0
-0
-0
-0
-0
-0
-0
-0
-0
-0
-0
-0
-0
-0
-0
-0
-0
-0
-0
-0
3.59888
-0
0.673551
19.7276
-0
-0
-0
42.7304
-0
-0
-0
-0
36.5565
-0
-0
-0
-0
-0
40.8685
-0
36.2588
-0
-0
-0
-0
49.5465
-0
-0
-0
-0
-0
-0
-0
8.17387
-0
54.1819
-0
1.63426
2.05714
-0
-0
-0
-0
-0
-0
-0
8.72261
27.906
11.1291
0.539753
-0
22.6404
9.61026
-0
-0
-0
-0
-0
-0
-0
-0
13.9805
-0
-0
-0
-0
36.6199
-0
-0
-0
-0
-0
-0
4.21724
-0
10.3395
-0
-0
-0
-0
22.1346
56.3772
8.87344
62.9509
15.3036
-0
19.4988
-0
5.73584
-0
10.0565
-0
-0
-0
39.8988
-0
-0
-0
-0
-0
-0
-0
20.8853
-0
0.898137
14.814
-0
-0
-0
-0
-0
-0
-0
12.9088
-0
-0
-0
-0
-0
-0
7.11487
26.6019
-0
-0
-0
-0
-0
-0
-0
-0
-0
-0
38.8015
-0
26.7966
-0
-0
-0
3.484
-0
0.965774
-0
-0
-0
-0
-0
-0
-0
-0
-0
-0
-0
-0
15.1977
-0
-0
11.8532
31.248
-0
-0
5.22746
-0
-0
21.9566
-0
-0
-0
-0
-0
-0
-0
-0
-0
-0
53.9515
-0
-0
-0
-0
0.882388
-0
-0
-0
9.35756
-0
-0
-0
-0
-0
-0
-0
-0
-0
13.8718
-0
-0
-0
14.3466
21.1403
-0
-0
3.51471
-0
-0
-0
39.513
-0
-0
-0
-0
-0
6.2763
14.1823
13.171
-0
-0
-0
23.2601
-0
-0
-0
-0
-0
-0
-0
-0
-0
-0
-0
-0
-0
-0
-0
-0
-0
-0
2.8804
-0
-0
-0
-0
-0
-0
19.1546
-0
12.6057
-0
-0
-0
-0
-0
-0
-0
-0
-0
-0
-0
-0
18.9048
-0
-0
-0
-0
-0
-0
4.38191
-0
-0
-0
-0
-0
-0
-0
29.0396
-0
-0
25.4002
-0
-0
-0
-0
-0
-0
0.261592
-0
-0
-0
-0
14.4404
15.3338
28.8269
21.2516
-0
-0
7.8921
-0
8.50388
-0
-0
-0
-0
-0
51.1818
-0
-0
-0
-0
-0
-0
-0
-0
17.6432
37.5882
-0
-0
-0
-0
-0
-0
32.5163
-0
-0
20.7066
-0
32.6846
-0
-0
-0
-0
20.8378
-0
-0
-0
35.5044
-0
10.6309
-0
34.7866
-0
1.69403
36.029
43.0015
13.8643
-0
-0
-0
-0
-0
-0
-0
-0
-0
-0
-0
-0
-0
-0
-0
-0
-0
3.21866
-0
-0
-0
-0
-0
-0
-0
8.38693
-0
-0
3.88412
-0
5.10058
-0
8.26135
-0
-0
-0
23.7804
3.91403
3.25551
-0
6.30632
8.26111
17.4734
-0
-0
-0
8.22828
-0
-0
-0
6.1294
-0
18.3356
41.662
-0
57.5336
24.6783
16.6421
-0
49.0123
-0
-0
-0
-0
-0
-0
-0
-0
-0
9.26541
-0
38.4576
-0
-0
-0
-0
-0
-0
55.8046
-0
6.5012
-0
13.1717
0.378082
-0
-0
-0
1.08551
-0
47.4128
4.83743
-0
32.0023
-0
-0
12.7885
-0
11.7865
-0
-0
9.04393
-0
-0
-0
10.6749
-0
-0
10.6443
-0
-0
-0
1.60894
-0
-0
-0
15.5031
-0
-0
21.6255
61.199
-0
-0
-0
-0
-0
40.2636
-0
-0
-0
31.8067
-0
-0
14.7477
-0
-0
-0
-0
42.1309
-0
-0
2.0551
17.8055
20.0998
31.0127
-0
-0
26.4899
-0
-0
-0
-0
-0
-0
-0
-0
56.3838
-0
-0
-0
-0
17.303
-0
10.0662
-0
41.2268
-0
-0
32.0988
-0
1.21704
-0
51.0726
-0
29.7931
-0
-0
-0
-0
-0
-0
-0
-0
-0
-0
-0
-0
-0
16.1792
-0
-0
-0
-0
-0
27.3354
-0
-0
-0
42.3594
-0
7.44384
-0
-0
44.9827
3.89579
11.8773
-0
29.9029
-0
16.4285
-0
-0
11.55
-0
-0
-0
12.0032
-0
-0
-0
-0
-0
-0
-0
-0
-0
-0
-0
-0
31.5334
-0
-0
-0
-0
-0
-0
-0
30.7323
-0
-0
-0
-0
0.92801
1.89713
2.61766
-0
5.15914
-0
-0
-0
-0
-0
-0
22.2155
-0
-0
17.201
-0
-0
-0
-0
-0
-0
-0
16.1571
-0
10.2988
-0
46.3746
22.3292
-0
-0
7.43669
-0
-0
4.34413
-0
-0
-0
51.1413
-0
-0
-0
-0
-0
-0
29.0949
-0
-0
-0
13.7019
-0
-0
-0
-0
-0
-0
4.762
-0
28.0941
-0
-0
-0
-0
18.8318
-0
10.3993
-0
-0
-0
-0
-0
-0
-0
-0
27.5594
-0
-0
8.38519
-0
23.9429
22.3578
20.1168
-0
5.20245
-0
-0
0.313438
-0
27.4164
37.3273
-0
11.5948
15.47
-0
-0
-0
-0
-0
-0
-0
-0
-0
-0
-0
-0
-0
-0
-0
22.3628
-0
-0
-0
-0
-0
19.8122
13.5585
-0
-0
-0
-0
-0
-0
-0
36.5789
-0
-0
-0
-0
-0
-0
1.02578
8.80411
1.69664
7.49511
-0
-0
-0
-0
-0
-0
-0
-0
-0
9.08832
-0
-0
-0
-0
-0
-0
-0
-0
-0
-0
-0
-0
-0
-0
4.75895
15.3958
19.0376
-0
-0
-0
13.2086
3.70263
-0
7.87257
-0
-0
-0
-0
-0
25.9463
-0
-0
-0
-0
-0
-0
-0
-0
-0
-0
-0
-0
20.0559
-0
-0
-0
-0
-0
-0
-0
-0
-0
-0
-0
-0
-0
-0
31.3726
-0
0.412165
-0
-0
4.33034
-0
-0
-0
0.493743
-0
-0
-0
-0
-0
-0
60.1233
-0
-0
-0
-0
-0
16.4596
-0
-0
-0
16.6533
-0
13.8468
43.3984
-0
-0
-0
11.6454
14.5534
16.2699
-0
-0
-0
14.4598
-0
-0
-0
0.74372
56.2642
-0
-0
-0
-0
-0
8.13012
-0
-0
22.2855
-0
12.3485
-0
-0
-0
58.9933
-0
-0
-0
-0
-0
-0
-0
-0
-0
-0
17.6457
43.6488
-0
-0
-0
-0
-0
-0
-0
-0
6.06398
-0
-0
-0
-0
2.96212
-0
-0
-0
-0
-0
-0
-0
-0
-0
-0
19.4554
44.158
23.9323
-0
-0
-0
-0
-0
-0
-0
-0
6.53942
-0
-0
-0
-0
-0
-0
-0
1.02112
-0
-0
7.29193
-0
-0
-0
-0
-0
17.0085
-0
-0
-0
-0
-0
-0
-0
44.8089
-0
-0
-0
-0
-0
29.027
-0
-0
36.4488
-0
-0
-0
12.7812
-0
-0
-0
-0
-0
-0
11.95
-0
-0
-0
-0
-0
-0
-0
-0
-0
-0
39.8919
23.1293
-0
-0
11.3786
-0
-0
6.51737
-0
-0
-0
-0
5.64842
19.4998
2.88939
-0
-0
8.77086
21.6912
10.9357
-0
-0
-0
16.058
-0
14.6067
24.9697
-0
-0
-0
-0
-0
6.37963
-0
-0
7.6607
-0
-0
-0
-0
-0
-0
-0
-0
-0
-0
-0
-0
-0
-0
-0
1.20205
-0
22.8991
-0
-0
-0
-0
-0
-0
-0
-0
-0
3.76509
-0
47.6868
-0
-0
-0
-0
40.7411
2.33656
35.3018
-0
-0
20.4899
-0
-0
-0
-0
-0
5.64885
-0
27.0546
-0
-0
3.49059
-0
-0
2.57405
-0
-0
-0
-0
-0
-0
-0
-0
27.6577
-0
-0
-0
-0
-0
19.6318
-0
-0
6.55692
-0
-0
-0
-0
9.17046
-0
-0
-0
-0
-0
4.36129
-0
-0
-0
-0
-0
-0
-0
1.07894
54.0305
-0
-0
-0
6.68658
-0
-0
16.6511
-0
-0
-0
-0
30.6315
-0
4.8916
-0
-0
-0
-0
-0
-0
-0
-0
12.7717
-0
-0
-0
7.4062
-0
-0
-0
-0
-0
10.1702
-0
-0
-0
-0
12.3539
-0
-0
11.5153
-0
-0
-0
-0
26.2324
-0
-0
-0
-0
-0
-0
-0
-0
-0
-0
1.04752
-0
6.80283
-0
20.7488
1.01555
35.8164
-0
-0
-0
-0
-0
-0
-0
-0
-0
18.8743
22.6647
-0
-0
-0
-0
-0
-0
3.73763
-0
-0
-0
-0
-0
-0
1.04551
-0
-0
3.76462
-0
43.8948
45.1322
27.9671
-0
-0
-0
-0
9.29052
-0
-0
-0
-0
-0
-0
13.5718
26.5146
-0
-0
-0
3.21371
-0
-0
-0
17.8021
-0
-0
-0
-0
-0
-0
-0
-0
-0
-0
-0
5.66553
1.60152
-0
-0
-0
-0
-0
5.9225
-0
21.3354
-0
-0
-0
-0
21.3981
-0
-0
-0
-0
-0
-0
31.496
-0
-0
-0
14.5093
-0
-0
50.9939
-0
-0
-0
-0
-0
-0
-0
-0
-0
-0
-0
-0
-0
-0
-0
8.16257
-0
-0
-0
-0
6.32173
-0
-0
15.1347
-0
-0
-0
16.6907
-0
-0
-0
-0
-0
-0
9.13451
-0
-0
11.4656
-0
-0
-0
-0
-0
-0
-0
-0
7.29666
-0
-0
29.7834
8.13414
-0
-0
-0
-0
-0
25.3673
-0
21.4864
22.6857
-0
-0
4.94331
34.5833
-0
34.0234
10.1389
-0
-0
-0
-0
-0
-0
4.91073
-0
-0
-0
-0
-0
-0
-0
-0
-0
-0
-0
-0
10.1896
-0
-0
-0
32.4225
23.3556
-0
-0
-0
-0
-0
19.0145
-0
11.9573
-0
-0
-0
-0
44.8523
-0
-0
4.32747
-0
-0
-0
-0
5.61199
3.80975
-0
-0
-0
-0
-0
-0
12.8723
-0
-0
56.4727
-0
-0
19.5666
-0
7.05257
6.6431
-0
-0
-0
-0
-0
-0
-0
2.12161
24.6642
-0
-0
31.6626
-0
-0
-0
15.0876
-0
-0
-0
-0
-0
-0
-0
-0
-0
-0
7.128
31.15
0.769689
37.2599
-0
-0
19.0147
4.24353
-0
-0
15.3412
-0
-0
-0
-0
-0
-0
-0
6.82378
-0
-0
-0
33.776
-0
6.48175
-0
-0
28.4088
-0
25.9502
14.271
7.59475
-0
-0
-0
-0
-0
-0
-0
-0
-0
-0
11.6093
-0
-0
-0
-0
-0
-0
0.504022
-0
-0
-0
-0
-0
-0
13.8868
-0
-0
35.8955
-0
-0
-0
-0
-0
-0
-0
-0
-0
-0
-0
-0
-0
-0
-0
-0
-0
-0
-0
-0
-0
18.674
-0
-0
-0
-0
3.40539
-0
-0
-0
-0
42.4198
1.67412
-0
-0
-0
-0
-0
44.3257
-0
-0
-0
-0
11.0495
17.2566
-0
-0
20.0223
-0
22.5899
60.83
-0
-0
13.1697
18.9604
-0
33.5856
-0
-0
-0
-0
-0
-0
-0
-0
-0
-0
-0
-0
9.66215
-0
-0
21.3121
-0
22.1939
-0
-0
-0
-0
-0
0.15152
-0
-0
-0
2.68241
9.81432
13.7438
15.1833
-0
2.4137
-0
-0
-0
7.97864
-0
-0
-0
14.0454
-0
-0
-0
-0
4.24393
-0
-0
32.9088
-0
40.3642
-0
-0
0.814749
-0
-0
-0
-0
-0
-0
13.4537
3.17354
-0
20.0344
-0
26.3912
-0
-0
-0
20.6102
19.3699
8.97603
-0
0.769499
32.1034
-0
-0
-0
-0
-0
-0
-0
6.80058
-0
2.39603
-0
8.18813
26.0029
-0
-0
-0
-0
13.9406
-0
-0
-0
-0
-0
10.2782
29.4711
-0
-0
1.64796
-0
-0
47.6849
-0
-0
-0
-0
4.40119
-0
-0
-0
-0
8.47288
-0
-0
-0
-0
-0
-0
-0
-0
-0
25.9339
-0
-0
13.2399
-0
36.2918
39.9142
35.81
4.50897
11.6215
-0
-0
-0
-0
-0
0.736081
-0
-0
-0
-0
-0
-0
-0
2.95509
-0
-0
-0
-0
-0
-0
65.5887
-0
-0
-0
-0
-0
18.3261
24.4913
-0
-0
-0
-0
-0
-0
-0
-0
0.456927
33.178
-0
24.4945
-0
-0
10.2905
17.7234
-0
-0
18.1821
-0
37.0159
-0
-0
27.8635
-0
-0
-0
-0
-0
-0
3.04165
-0
-0
-0
-0
22.1587
-0
9.95158
-0
-0
10.6936
-0
-0
-0
-0
-0
10.5942
-0
-0
16.284
12.9792
16.9139
14.2178
-0
-0
-0
16.0934
-0
-0
-0
-0
-0
-0
-0
-0
-0
-0
-0
11.8208
-0
-0
-0
-0
-0
-0
-0
-0
-0
2.26454
-0
-0
0.0311451
-0
-0
-0
-0
-0
22.5802
41.3373
-0
-0
26.0398
-0
-0
18.166
-0
-0
5.68211
-0
-0
-0
-0
-0
-0
9.18844
-0
-0
-0
20.6817
31.6219
25.3043
-0
-0
-0
-0
-0
-0
-0
20.2857
24.7729
-0
-0
-0
10.4158
-0
-0
-0
-0
-0
0.590556
-0
-0
-0
-0
-0
-0
-0
-0
-0
3.52932
-0
-0
-0
-0
-0
-0
-0
-0
-0
6.13015
-0
18.2335
21.8476
35.6535
1.86423
20.2183
5.00247
-0
-0
-0
17.1582
-0
-0
-0
32.8697
-0
17.7844
7.19151
-0
-0
-0
-0
50.6977
-0
5.36635
-0
-0
-0
47.2614
8.37006
-0
-0
28.0674
-0
7.26731
-0
-0
-0
9.0846
-0
-0
-0
-0
-0
-0
14.2111
0.446461
-0
-0
5.79374
-0
-0
33.1149
-0
2.21729
-0
8.24546
-0
-0
-0
-0
-0
-0
-0
22.6202
-0
-0
-0
14.7021
-0
27.8151
1.38558
39.3835
-0
-0
-0
-0
-0
15.6338
-0
23.2576
-0
-0
-0
-0
-0
-0
-0
-0
-0
-0
-0
-0
6.67331
-0
25.2684
-0
-0
25.1568
-0
-0
-0
-0
1.12631
-0
-0
-0
4.66512
-0
-0
16.8615
12.6896
-0
-0
-0
-0
-0
-0
5.32805
23.788
-0
-0
-0
32.8507
18.2411
-0
-0
-0
-0
-0
-0
2.056
54.1588
-0
48.2284
-0
-0
-0
-0
-0
-0
-0
-0
27.4335
-0
-0
20.5255
-0
-0
-0
-0
-0
18.3033
-0
-0
-0
-0
1.36546
-0
-0
1.48678
-0
-0
-0
7.38714
-0
-0
10.6683
-0
-0
-0
-0
-0
1.0356
-0
-0
1.80116
10.191
-0
42.9385
-0
-0
-0
-0
-0
-0
23.7418
-0
27.2587
7.3597
1.89936
7.9567
-0
33.6356
-0
-0
-0
-0
0.823359
-0
-0
-0
-0
-0
-0
-0
1.12613
-0
-0
24.9688
-0
26.1941
-0
-0
-0
-0
35.1069
-0
-0
-0
2.07054
-0
59.7131
-0
-0
-0
-0
-0
-0
-0
-0
-0
-0
-0
-0
10.3467
-0
23.3285
-0
5.24004
-0
7.50082
-0
-0
-0
-0
-0
-0
4.48119
-0
13.1864
20.1043
-0
-0
-0
-0
-0
-0
52.5648
-0
-0
-0
-0
-0
-0
-0
36.1572
-0
15.5799
38.0146
-0
-0
11.9553
30.5703
-0
-0
16.5666
-0
-0
-0
28.0384
-0
-0
-0
20.2352
29.4515
-0
36.1898
-0
-0
-0
-0
-0
-0
38.8421
19.4635
0.176864
-0
-0
-0
-0
-0
-0
-0
-0
17.4236
-0
-0
-0
41.1868
-0
-0
-0
-0
-0
-0
-0
49.0211
-0
0.643518
-0
-0
-0
2.6266
19.4288
-0
-0
-0
-0
18.3686
-0
47.2781
-0
-0
6.28331
-0
-0
48.3839
-0
-0
-0
-0
-0
31.2283
-0
-0
-0
-0
-0
-0
-0
-0
-0
-0
-0
-0
-0
-0
10.287
8.50039
-0
-0
-0
-0
16.5836
5.20463
-0
-0
-0
1.33827
-0
7.57357
5.56591
-0
-0
-0
-0
-0
-0
9.66922
-0
28.6283
-0
23.2209
-0
-0
-0
-0
3.35055
-0
-0
-0
-0
6.01268
30.1441
-0
-0
-0
16.1351
-0
-0
-0
-0
-0
-0
-0
-0
-0
5.87093
-0
-0
12.9917
-0
-0
-0
2.43897
-0
24.3738
56.9446
6.81092
18.3261
-0
-0
-0
4.86003
2.99993
47.2876
-0
-0
-0
-0
-0
24.1193
-0
-0
-0
-0
-0
6.21517
-0
2.1821
-0
-0
29.62
-0
-0
-0
-0
-0
25.1779
-0
3.67138
-0
-0
-0
-0
-0
-0
-0
23.0277
-0
-0
-0
-0
44.8366
-0
23.7876
-0
-0
-0
-0
-0
-0
-0
-0
-0
-0
-0
15.4226
-0
-0
-0
57.2526
-0
-0
-0
-0
-0
35.3714
-0
13.1215
-0
-0
-0
-0
-0
-0
-0
-0
2.07596
-0
-0
24.7745
-0
23.3298
-0
-0
-0
-0
7.07198
-0
5.51327
-0
-0
-0
-0
30.0268
-0
-0
18.8529
-0
-0
27.0688
-0
-0
-0
-0
-0
25.1906
2.9563
-0
-0
-0
-0
-0
-0
-0
-0
-0
-0
-0
45.5616
-0
-0
-0
-0
-0
-0
3.09234
-0
-0
-0
-0
-0
-0
43.497
20.8933
9.86329
15.3464
-0
-0
-0
0.842785
-0
-0
12.9265
25.9349
-0
-0
-0
-0
-0
-0
-0
-0
-0
-0
-0
-0
-0
-0
-0
-0
-0
-0
-0
-0
-0
-0
-0
-0
-0
-0
23.3208
-0
-0
-0
17.0138
-0
-0
-0
-0
71.1563
-0
-0
-0
25.7795
-0
-0
-0
-0
-0
-0
45.6669
-0
-0
-0
-0
31.5907
14.0238
-0
49.0248
2.67767
-0
3.62108
0.0271566
-0
-0
-0
-0
-0
-0
-0
-0
-0
-0
3.77227
24.3639
0.172187
-0
-0
-0
-0
-0
25.7238
16.2009
-0
-0
-0
38.6721
-0
-0
-0
-0
-0
-0
11.2837
-0
-0
-0
-0
-0
-0
7.3461
-0
-0
3.15817
-0
-0
50.8849
-0
-0
-0
-0
-0
-0
-0
7.00928
-0
6.21176
-0
-0
-0
-0
-0
-0
24.221
-0
-0
-0
-0
-0
-0
25.3125
-0
