4.95093
-0
-0
-0
-0
-0
-0
-0
1.07441
-0
26.0334
-0
36.5677
-0
-0
-0
25.0453
-0
5.82101
-0
-0
-0
6.1592
-0
-0
-0
-0
-0
-0
-0
-0
-0
-0
-0
1.23776
-0
-0
-0
-0
-0
-0
-0
-0
-0
-0
10.9503
-0
53.576
-0
-0
-0
-0
-0
-0
-0
-0
-0
1.55446
37.426
-0
-0
-0
18.2669
-0
40.7636
-0
10.1405
-0
1.23016
0.419369
-0
-0
-0
-0
-0
2.46095
-0
20.4685
-0
11.3923
-0
99.9491
-0
-0
-0
-0
-0
15.6945
-0
-0
-0
-0
6.70474
-0
30.57
-0
-0
-0
-0
-0
-0
-0
-0
-0
6.30081
-0
0.25824
41.3155
-0
-0
-0
-0
0.343372
-0
-0
-0
2.33949
-0
13.6364
12.6484
3.75712
-0
10.8101
14.3674
-0
-0
29.0509
-0
-0
-0
-0
13.8933
-0
-0
-0
-0
-0
-0
-0
4.95665
6.24693
-0
-0
1.45508
47.6168
-0
-0
-0
-0
-0
-0
-0
-0
-0
11.3353
-0
-0
-0
-0
0.599484
-0
-0
-0
37.7131
6.16204
-0
11.3325
-0
-0
55.7117
-0
9.47503
-0
-0
-0
-0
9.22044
-0
10.8909
1.13504
-0
-0
-0
-0
-0
65.3672
-0
-0
12.9614
-0
-0
22.8654
12.8285
-0
-0
-0
-0
-0
-0
-0
-0
-0
-0
-0
-0
-0
-0
-0
4.40787
-0
-0
-0
-0
-0
-0
1.22073
-0
3.11644
-0
-0
-0
-0
6.7094
-0
-0
-0
-0
-0
-0
-0
-0
25.3754
-0
-0
-0
-0
-0
-0
-0
-0
-0
-0
-0
-0
-0
-0
4.94137
-0
19.2479
-0
-0
-0
-0
-0
-0
-0
-0
4.11726
2.23513
-0
-0
15.2529
-0
-0
-0
-0
-0
-0
-0
-0
-0
29.1068
-0
17.5319
-0
-0
-0
-0
-0
-0
-0
6.2815
-0
36.2377
-0
-0
-0
-0
-0
-0
5.63845
12.0727
-0
-0
27.0736
-0
-0
-0
-0
13.3514
-0
-0
-0
-0
20.7504
27.8084
14.8578
-0
-0
-0
-0
-0
-0
-0
-0
3.06291
-0
-0
-0
-0
-0
-0
27.4043
24.7424
-0
-0
3.76079
-0
-0
-0
-0
-0
-0
-0
-0
-0
-0
10.7271
-0
-0
-0
-0
-0
25.9066
-0
-0
-0
-0
29.9114
-0
18.4022
-0
-0
-0
22.5211
-0
-0
-0
-0
16.6927
13.0068
-0
-0
34.1191
-0
0.316165
-0
-0
2.77612
-0
-0
8.78805
-0
10.7257
-0
-0
-0
-0
-0
-0
-0
-0
-0
-0
-0
56.1806
29.0719
-0
-0
-0
-0
-0
-0
-0
-0
-0
-0
-0
-0
-0
6.16093
-0
-0
-0
5.82095
6.87416
-0
-0
19.834
14.0862
9.80869
-0
-0
-0
-0
1.76827
-0
-0
-0
-0
17.7785
-0
-0
-0
11.4519
-0
42.0499
10.0081
11.122
33.0343
-0
32.4416
20.3953
-0
-0
-0
4.57716
-0
-0
-0
-0
5.98093
8.35404
-0
-0
-0
-0
-0
-0
-0
6.95136
18.0689
-0
19.0784
25.7114
23.8732
-0
25.7882
-0
-0
-0
-0
10.9346
-0
-0
5.77877
-0
-0
-0
-0
-0
-0
-0
-0
-0
-0
37.4099
-0
-0
-0
-0
-0
-0
-0
-0
-0
-0
-0
-0
-0
37.5934
-0
-0
7.38617
-0
-0
11.3188
-0
-0
-0
-0
-0
-0
-0
-0
-0
-0
-0
-0
10.1322
-0
-0
-0
8.94885
-0
-0
19.7122
-0
-0
-0
-0
5.03493
5.50261
-0
-0
-0
-0
-0
41.9817
11.1119
-0
-0
-0
-0
12.5486
37.299
46.2778
17.8442
6.16987
-0
-0
-0
-0
-0
-0
-0
-0
-0
-0
-0
4.51035
-0
-0
-0
2.33401
-0
-0
-0
8.87441
-0
-0
-0
26.2651
-0
-0
-0
-0
-0
-0
-0
-0
-0
-0
30.6522
-0
-0
-0
-0
-0
-0
36.1469
-0
10.2408
30.8709
-0
-0
-0
14.8956
7.50331
6.71566
-0
-0
47.2687
-0
-0
-0
-0
-0
0.922901
2.44293
27.9285
-0
-0
-0
-0
-0
-0
-0
-0
40.1346
-0
-0
-0
-0
-0
-0
2.82686
-0
3.75751
-0
-0
-0
-0
7.67691
-0
-0
-0
-0
-0
-0
-0
-0
-0
-0
-0
-0
22.4463
-0
-0
-0
-0
-0
-0
-0
-0
-0
-0
27.6832
48.7503
-0
-0
-0
-0
-0
0.432993
-0
-0
-0
-0
-0
-0
-0
6.99087
11.4829
-0
0.944108
-0
-0
-0
-0
-0
-0
-0
7.75447
15.3386
3.73893
-0
-0
0.125825
30.902
18.3848
32.4664
-0
-0
-0
44.9758
-0
-0
-0
-0
-0
-0
-0
-0
-0
-0
-0
-0
-0
-0
10.2709
-0
-0
-0
24.7274
24.8527
-0
-0
-0
-0
-0
8.71049
-0
-0
-0
-0
-0
-0
3.05095
-0
-0
1.05706
-0
-0
36.2898
-0
-0
-0
-0
38.159
-0
13.2405
-0
53.3063
-0
20.2621
-0
2.48573
-0
-0
-0
-0
10.2874
-0
-0
24.1104
-0
-0
-0
16.8881
41.8036
-0
-0
-0
-0
-0
-0
-0
43.4264
-0
0.521752
-0
-0
-0
-0
-0
13.8815
-0
-0
14.7944
-0
-0
-0
3.71599
-0
-0
-0
-0
-0
-0
42.8979
-0
13.84
-0
-0
-0
41.1734
65.9466
-0
1.06003
-0
-0
-0
-0
-0
-0
-0
-0
54.9983
-0
-0
-0
20.0824
-0
-0
-0
-0
-0
-0
-0
-0
-0
-0
-0
-0
-0
-0
-0
-0
27.3735
-0
-0
15.5731
-0
-0
-0
25.3509
4.5601
-0
-0
55.8116
-0
13.6768
15.1342
-0
-0
8.1834
-0
-0
-0
-0
-0
-0
-0
-0
22.73
37.3292
-0
-0
-0
-0
-0
28.076
-0
-0
-0
-0
-0
-0
-0
-0
-0
-0
-0
24.3126
-0
-0
-0
-0
-0
-0
-0
-0
22.834
4.62227
24.4573
-0
-0
-0
-0
-0
-0
-0
7.25401
-0
-0
11.5157
-0
-0
22.5683
-0
-0
-0
-0
-0
-0
5.24833
-0
-0
26.2546
-0
44.028
-0
-0
-0
-0
-0
-0
-0
-0
20.8909
-0
-0
-0
-0
-0
-0
0.603739
-0
25.8385
-0
-0
-0
-0
5.6033
-0
15.8119
-0
-0
-0
-0
-0
-0
9.96867
-0
8.41863
-0
22.887
1.89049
-0
-0
-0
8.70858
-0
-0
-0
5.89838
-0
-0
-0
-0
22.6651
-0
-0
26.5445
13.815
-0
0.213279
-0
-0
-0
-0
11.4167
2.70784
3.35074
-0
-0
-0
-0
4.0571
-0
31.5421
-0
24.4342
-0
-0
-0
6.70522
11.9857
54.835
-0
-0
-0
-0
-0
5.21863
-0
-0
-0
-0
-0
-0
-0
-0
-0
-0
1.08418
-0
-0
16.5074
-0
-0
10.7546
-0
-0
61.5065
-0
14.9858
-0
-0
-0
-0
-0
1.47509
-0
7.63312
-0
-0
-0
-0
-0
-0
-0
-0
18.3726
-0
29.6371
-0
1.4363
-0
-0
-0
-0
-0
-0
-0
-0
-0
32.0098
-0
-0
-0
-0
-0
29.0572
-0
-0
17.3794
-0
23.1765
2.65413
-0
-0
-0
31.8756
-0
7.20418
-0
-0
18.1051
-0
-0
1.05908
-0
-0
77.0059
-0
-0
-0
-0
-0
-0
-0
-0
-0
-0
-0
-0
-0
-0
-0
-0
-0
9.77486
-0
-0
-0
0.988195
5.92297
-0
-0
-0
-0
14.4813
-0
-0
-0
8.70664
-0
-0
-0
-0
13.6204
-0
-0
-0
-0
-0
-0
-0
-0
30.157
-0
23.558
-0
-0
-0
8.7731
3.43035
-0
-0
-0
-0
27.932
-0
-0
0.119319
-0
-0
-0
-0
-0
4.35927
2.62535
-0
-0
-0
-0
-0
-0
-0
12.339
-0
-0
18.5897
-0
-0
-0
-0
70.4911
-0
-0
-0
-0
-0
-0
-0
-0
14.1411
-0
-0
-0
-0
-0
-0
-0
30.2111
-0
-0
-0
-0
41.955
33.9426
-0
-0
1.28189
-0
-0
-0
-0
-0
34.5657
-0
29.8239
-0
-0
-0
-0
-0
-0
-0
-0
-0
-0
-0
-0
6.92981
17.3474
-0
-0
-0
-0
-0
-0
-0
-0
-0
37.7001
-0
-0
-0
-0
-0
25.8146
-0
19.5866
-0
-0
-0
-0
43.0888
-0
-0
-0
-0
-0
-0
-0
-0
-0
-0
-0
1.49374
-0
-0
-0
8.50165
-0
-0
-0
-0
-0
-0
-0
-0
-0
-0
-0
-0
-0
-0
-0
-0
-0
0.268211
3.4295
-0
-0
-0
-0
-0
-0
-0
-0
-0
-0
-0
-0
-0
11.8545
20.5657
-0
-0
-0
-0
-0
-0
-0
-0
-0
-0
1.35171
-0
-0
-0
-0
-0
47.065
-0
-0
-0
4.6206
25.8143
11.279
-0
14.6297
5.26199
-0
14.9256
-0
4.71414
-0
-0
-0
15.4938
-0
34.3141
10.7628
-0
0.978637
52.3613
7.3976
-0
-0
-0
-0
-0
-0
-0
40.3085
-0
-0
1.45232
-0
11.0499
-0
0.887584
4.57002
34.4171
-0
-0
27.7494
10.8236
-0
-0
-0
44.5056
-0
-0
-0
36.983
2.68177
-0
-0
54.1201
-0
1.4376
-0
-0
-0
9.684
-0
26.866
11.3069
-0
-0
17.9222
-0
-0
-0
-0
-0
-0
-0
3.67093
-0
-0
-0
32.2862
18.3916
-0
-0
-0
-0
11.8034
7.9319
-0
-0
-0
-0
-0
-0
-0
-0
35.8583
-0
-0
-0
17.0398
-0
-0
-0
9.46598
-0
18.7566
27.1929
-0
9.26962
29.5079
30.5692
-0
31.0982
-0
-0
-0
-0
-0
13.6488
-0
-0
-0
-0
32.1511
-0
-0
40.3386
-0
-0
-0
-0
9.47205
-0
-0
-0
-0
-0
-0
-0
-0
-0
-0
2.7255
21.737
-0
17.5449
-0
-0
0.638183
-0
-0
-0
7.29996
0.888203
-0
-0
-0
-0
-0
7.20081
-0
-0
-0
-0
-0
49.9276
-0
-0
-0
-0
-0
-0
17.9267
-0
-0
31.8549
-0
-0
-0
-0
23.573
-0
-0
-0
-0
-0
12.0582
-0
-0
-0
-0
-0
-0
-0
-0
-0
-0
-0
-0
-0
-0
5.80169
-0
-0
-0
38.1757
-0
-0
-0
29.0613
-0
-0
-0
-0
-0
-0
-0
-0
1.82741
-0
-0
2.16634
-0
-0
-0
-0
-0
-0
-0
46.9449
-0
-0
-0
-0
-0
-0
-0
-0
-0
-0
-0
12.5778
26.0321
-0
-0
-0
-0
-0
-0
-0
3.78585
-0
-0
31.083
6.05777
-0
19.9774
-0
-0
-0
-0
-0
11.2909
-0
-0
-0
-0
-0
-0
-0
-0
-0
-0
-0
-0
-0
1.15865
-0
-0
-0
-0
-0
-0
-0
-0
27.0442
-0
-0
-0
-0
-0
-0
2.52845
22.0912
-0
-0
-0
26.5638
17.4202
-0
-0
-0
32.1777
4.5784
-0
-0
-0
14.5683
-0
-0
-0
-0
-0
64.1925
-0
2.0257
-0
-0
-0
-0
23.8439
-0
-0
-0
-0
-0
-0
-0
4.75373
-0
59.2333
-0
2.7852
20.5317
-0
-0
-0
-0
-0
-0
-0
12.0413
29.1683
-0
9.78577
-0
35.4007
9.41593
-0
-0
-0
-0
-0
14.6973
-0
-0
17.1637
-0
3.43107
-0
-0
30.0054
-0
-0
-0
-0
-0
-0
18.21
-0
10.1688
-0
5.30669
-0
-0
-0
42.0219
-0
45.0652
7.12219
-0
25.8579
-0
-0
-0
47.9729
-0
-0
-0
53.406
-0
-0
-0
-0
-0
-0
-0
37.2045
-0
2.99067
16.7339
-0
-0
-0
-0
-0
-0
-0
7.46602
-0
-0
-0
16.5634
-0
-0
15.6611
14.6788
-0
-0
-0
-0
-0
-0
-0
-0
-0
-0
48.317
-0
64.4599
-0
-0
-0
0.830403
-0
36.9037
-0
-0
-0
-0
-0
-0
-0
-0
-0
-0
-0
-0
32.8274
-0
-0
12.881
18.9878
-0
-0
14.0961
-0
-0
27.6182
11.7259
-0
-0
-0
-0
-0
-0
-0
-0
-0
15.1068
-0
-0
-0
-0
0.654122
-0
-0
-0
15.0776
-0
-0
-0
-0
-0
-0
-0
-0
-0
17.9494
-0
-0
-0
23.8703
10.1573
-0
-0
-0
-0
-0
-0
21.6399
-0
-0
-0
-0
-0
1.15503
-0
-0
-0
-0
-0
4.07342
-0
-0
-0
-0
-0
-0
22.6199
-0
-0
-0
-0
-0
-0
-0
-0
-0
-0
-0
-0
-0
-0
-0
-0
-0
-0
13.732
-0
-0
-0
-0
-0
-0
-0
-0
-0
-0
-0
-0
-0
-0
21.9875
-0
-0
-0
-0
-0
-0
-0
-0
-0
-0
-0
-0
-0
-0
40.5654
-0
-0
30.3909
-0
-0
-0
-0
-0
-0
0.731595
-0
-0
24.967
-0
10.5036
35.2344
22.6839
20.6145
-0
-0
-0
-0
4.09422
-0
-0
-0
-0
-0
61.4591
-0
-0
-0
-0
2.43193
-0
-0
-0
34.1677
66.002
-0
-0
-0
15.9458
-0
-0
18.1468
-0
-0
53.1787
13.1012
52.6548
-0
-0
-0
-0
0.281228
-0
-0
-0
44.8692
-0
-0
-0
23.3093
-0
21.8198
38.6324
49.8208
21.1044
-0
3.07491
-0
-0
-0
0.379718
-0
-0
-0
-0
-0
-0
-0
-0
-0
-0
-0
7.08066
11.9204
-0
-0
-0
-0
-0
-0
-0
-0
-0
4.57235
-0
18.3492
-0
1.69729
-0
-0
-0
-0
6.26474
-0
-0
2.89801
-0
53.2141
-0
1.50577
-0
-0
14.8873
-0
7.39542
15.4275
-0
13.636
24.1087
-0
44.8892
28.9215
9.82047
-0
45.4741
-0
-0
-0
-0
-0
-0
-0
-0
-0
1.76053
-0
10.0147
-0
-0
-0
-0
-0
-0
42.1534
-0
1.78309
-0
24.9398
0.426354
-0
-0
-0
2.68272
-0
77.3761
7.48159
4.92799
22.6688
-0
-0
-0
-0
30.1627
-0
13.023
43.1781
-0
-0
-0
28.063
-0
-0
0.665702
-0
7.90081
-0
1.73148
-0
-0
-0
12.681
-0
-0
38.3736
82.0615
-0
-0
-0
-0
-0
37.358
-0
-0
-0
32.136
-0
-0
25.1826
-0
-0
-0
-0
40.9699
-0
-0
0.91366
10.4122
24.9782
11.8005
-0
-0
16.8223
-0
-0
-0
-0
-0
-0
-0
-0
56.6577
-0
-0
-0
-0
24.8628
-0
14.4319
-0
26.4929
-0
-0
68.925
-0
1.39688
-0
52.7647
-0
27.9443
-0
-0
-0
-0
-0
-0
-0
-0
-0
-0
2.53985
-0
-0
0.187752
1.08031
-0
-0
-0
13.5689
21.966
-0
5.31342
-0
36.7898
-0
13.6324
-0
-0
26.3634
-0
15.0402
-0
18.9511
-0
15.9281
-0
-0
-0
-0
-0
-0
-0
-0
-0
-0
-0
-0
-0
-0
-0
-0
0.105887
15.0885
-0
48.7766
-0
-0
13.8553
-0
-0
-0
-0
42.8521
-0
-0
-0
-0
-0
-0
4.98086
-0
-0
-0
-0
-0
-0
-0
-0
5.16424
-0
-0
5.21509
-0
-0
-0
-0
-0
-0
-0
29.2982
-0
-0
-0
48.0984
31.7492
-0
-0
-0
-0
-0
4.85624
-0
-0
-0
39.3232
-0
-0
-0
-0
-0
-0
3.10754
-0
-0
-0
26.9077
-0
-0
-0
9.81217
-0
-0
17.1183
-0
31.2759
-0
-0
-0
-0
21.7507
-0
33.0728
-0
-0
-0
-0
-0
-0
-0
-0
52.0735
-0
-0
32.2623
-0
8.61829
24.4472
15.1498
-0
-0
-0
-0
10.7226
-0
21.3055
29.5227
-0
17.7642
30.2529
-0
-0
-0
-0
-0
-0
-0
-0
-0
-0
-0
-0
-0
-0
-0
27.3927
-0
-0
-0
-0
-0
42.3678
20.5042
-0
-0
-0
-0
-0
-0
-0
51.6731
-0
-0
5.97762
-0
-0
-0
0.508083
15.3716
5.78177
9.52893
-0
-0
-0
-0
-0
-0
-0
-0
-0
6.9953
5.02005
-0
23.5362
-0
-0
-0
-0
-0
-0
-0
-0
-0
-0
-0
19.0578
11.1712
16.7056
-0
-0
-0
20.1447
1.20556
10.4031
22.8217
-0
-0
-0
-0
-0
6.16639
-0
-0
-0
-0
-0
-0
-0
-0
-0
-0
-0
-0
22.4498
-0
4.51764
-0
-0
-0
-0
-0
-0
-0
-0
-0
-0
-0
-0
26.9786
-0
-0
1.98865
-0
-0
-0
6.45723
-0
-0
-0
-0
-0
-0
-0
-0
66.5716
-0
-0
-0
-0
-0
-0
-0
-0
-0
0.973577
1.99614
1.60163
49.716
-0
-0
-0
14.2983
5.16337
24.2049
-0
4.3129
-0
10.1029
-0
-0
-0
1.43347
37.8569
-0
-0
-0
-0
-0
-0
-0
-0
-0
-0
18.6853
-0
-0
-0
30.4018
-0
-0
-0
-0
-0
-0
-0
-0
-0
-0
4.54145
51.7567
-0
-0
-0
-0
-0
-0
-0
-0
-0
-0
-0
-0
-0
11.302
-0
-0
-0
-0
-0
-0
0.719532
-0
-0
-0
3.09801
37.4391
12.2905
-0
5.87358
-0
-0
-0
-0
-0
-0
17.9475
-0
-0
-0
-0
-0
-0
-0
-0
-0
-0
8.2077
-0
-0
-0
4.33357
-0
48.948
-0
-0
-0
-0
-0
-0
-0
43.5665
-0
-0
-0
-0
-0
21.2311
-0
-0
32.3275
-0
-0
-0
30.5637
-0
-0
-0
-0
-0
-0
8.93658
-0
-0
-0
-0
-0
-0
-0
-0
-0
-0
35.6881
30.72
37.3951
-0
11.5042
-0
-0
19.5422
-0
-0
-0
-0
13.2813
7.25116
5.49698
-0
-0
-0
41.7817
6.6438
-0
-0
-0
12.3857
-0
21.5187
14.0458
-0
-0
-0
-0
12.3742
-0
-0
-0
-0
-0
-0
-0
-0
-0
-0
-0
-0
-0
-0
4.08649
-0
-0
-0
-0
-0
-0
21.7435
-0
-0
-0
-0
-0
-0
-0
-0
-0
12.1752
-0
50.5995
30.3151
-0
-0
-0
23.1607
16.5233
21.8451
-0
-0
17.5372
-0
-0
-0
1.93081
-0
4.63458
-0
31.3387
-0
-0
4.83083
-0
-0
-0
11.1558
-0
-0
-0
-0
-0
-0
-0
29.9097
-0
-0
-0
-0
-0
8.7533
-0
-0
13.0121
-0
-0
-0
-0
20.5994
-0
-0
-0
-0
-0
1.0276
-0
-0
-0
-0
-0
-0
-0
-0
59.9633
-0
-0
-0
-0
-0
-0
27.3621
0.221375
-0
-0
-0
68.0628
-0
-0
-0
-0
-0
-0
-0
0.783576
-0
-0
-0
-0
12.5869
-0
14.596
-0
-0
-0
-0
-0
-0
-0
-0
-0
-0
19.9585
-0
-0
1.0573
-0
-0
-0
-0
56.6158
-0
-0
-0
-0
-0
-0
-0
-0
-0
-0
6.66873
-0
-0
-0
8.9006
-0
1.43984
-0
-0
-0
-0
-0
-0
-0
-0
-0
22.2035
36.4511
-0
-0
-0
-0
-0
-0
-0
-0
-0
-0
-0
-0
-0
2.94916
13.088
-0
25.9057
-0
31.7555
53.6102
22.6173
-0
-0
8.56209
-0
36.6824
8.89343
-0
-0
-0
-0
-0
18.453
19.3973
-0
6.92841
-0
4.91163
-0
-0
-0
14.8754
-0
6.47585
11.0344
-0
-0
-0
-0
-0
-0
8.68201
-0
-0
-0
-0
-0
-0
-0
-0
1.3113
-0
9.48523
13.4526
-0
-0
2.99062
0.156827
-0
-0
-0
-0
-0
-0
24.5513
-0
-0
-0
1.43697
-0
-0
56.5084
-0
-0
-0
-0
-0
-0
-0
-0
-0
-0
-0
-0
-0
-0
-0
13.5247
-0
-0
-0
7.27151
-0
-0
5.56396
-0
-0
-0
-0
-0
-0
-0
-0
-0
-0
-0
-0
-0
-0
22.5013
-0
-0
-0
-0
-0
-0
-0
-0
11.051
-0
-0
24.9421
-0
-0
-0
-0
-0
-0
18.5731
-0
14.6358
34.161
-0
-0
3.86683
37.2593
-0
27.1243
13.9408
-0
-0
-0
-0
-0
-0
27.525
-0
-0
-0
-0
0.584747
-0
-0
11.9588
-0
10.9351
-0
-0
12.6687
-0
29.6657
-0
10.3002
33.1458
-0
-0
-0
-0
-0
40.5983
-0
-0
-0
-0
-0
-0
48.5472
-0
19.3716
0.686196
9.38254
-0
-0
-0
-0
8.06199
-0
-0
2.88665
-0
-0
-0
-0
-0
-0
38.2632
-0
-0
24.9721
-0
-0
16.3036
-0
-0
-0
-0
-0
-0
-0
7.57886
17.6187
-0
-0
19.6741
-0
-0
-0
8.50692
-0
-0
-0
-0
-0
-0
-0
-0
-0
-0
13.1412
20.6141
-0
9.16755
-0
-0
14.0985
2.85403
-0
-0
-0
-0
-0
-0
-0
-0
-0
-0
11.0551
17.5899
-0
-0
33.8987
-0
0.632512
-0
-0
34.7659
-0
31.6583
7.47907
14.1866
-0
-0
-0
-0
-0
-0
-0
-0
-0
-0
-0
-0
-0
-0
-0
-0
-0
-0
8.42691
-0
-0
-0
-0
-0
33.7981
-0
-0
50.8759
-0
-0
-0
-0
-0
-0
-0
-0
-0
-0
-0
-0
-0
-0
-0
-0
11.1274
-0
-0
-0
-0
19.5423
-0
-0
-0
-0
-0
10.9547
1.04635
-0
-0
37.2618
-0
-0
-0
-0
-0
-0
37.4379
-0
-0
-0
-0
5.09113
-0
-0
-0
19.3614
-0
42.9794
62.7229
-0
-0
15.618
11.4087
-0
29.1088
-0
-0
-0
-0
-0
-0
-0
-0
-0
-0
0.513141
-0
-0
-0
4.89014
24.2334
-0
40.0292
-0
-0
-0
9.75437
5.44451
0.163726
7.8421
-0
-0
2.37379
-0
5.26084
16.0118
-0
26.9576
-0
-0
-0
17.1089
-0
-0
-0
17.7661
-0
-0
-0
-0
-0
12.0857
-0
23.7309
-0
73.6226
-0
-0
0.0854318
-0
-0
-0
-0
-0
-0
19.9958
6.0639
-0
18.4631
-0
33.231
3.63194
-0
-0
14.1123
13.3591
-0
-0
-0
32.5499
5.35316
-0
-0
-0
-0
-0
-0
-0
-0
19.7337
-0
-0
45.3254
11.818
-0
-0
-0
0.0301437
11.7804
-0
12.1449
-0
-0
29.5179
45.5441
-0
10.7782
0.341286
-0
-0
52.7012
-0
3.97905
-0
-0
-0
-0
-0
-0
1.84629
6.07018
-0
-0
-0
-0
-0
-0
-0
-0
-0
37.1904
-0
16.8272
10.5397
-0
29.5099
15.401
34.5364
6.31494
7.82806
-0
-0
-0
-0
-0
0.732724
-0
-0
-0
-0
-0
-0
-0
2.70207
-0
18.0058
-0
-0
-0
-0
65.925
-0
-0
-0
0.965036
-0
15.1727
32.955
-0
-0
-0
-0
-0
-0
-0
-0
-0
29.9238
-0
3.16282
-0
-0
-0
34.2273
8.07123
-0
20.4933
-0
42.1286
-0
-0
15.6122
-0
-0
-0
-0
-0
-0
-0
-0
-0
-0
-0
9.78627
-0
27.6502
-0
-0
-0
-0
-0
-0
-0
-0
6.60887
-0
-0
-0
29.835
18.7309
15.8572
-0
-0
-0
10.0896
-0
-0
-0
-0
-0
-0
-0
-0
-0
6.40829
-0
39.4585
-0
-0
-0
-0
-0
-0
-0
-0
-0
0.458494
-0
-0
1.82778
-0
-0
-0
-0
17.2701
37.0024
22.7063
-0
2.70577
13.9439
-0
-0
23.6664
16.9981
22.4869
-0
-0
-0
-0
-0
-0
-0
-0
-0
-0
-0
35.3979
52.6626
28.8365
-0
-0
-0
-0
-0
-0
-0
25.5508
3.04345
-0
7.71526
-0
3.01816
-0
17.2577
-0
-0
-0
12.5394
-0
-0
-0
-0
-0
-0
-0
-0
10.6062
-0
-0
-0
-0
-0
-0
-0
-0
-0
-0
-0
-0
2.3438
30.0654
33.1477
-0
19.0052
-0
-0
-0
7.31141
16.7015
-0
-0
-0
23.1204
-0
6.79683
-0
-0
-0
-0
31.4819
71.4175
-0
-0
24.5495
-0
0.0666211
40.8482
16.9513
-0
-0
17.7932
-0
4.69696
-0
-0
-0
17.8794
-0
-0
-0
-0
-0
-0
-0
-0
-0
-0
-0
-0
-0
23.2588
-0
9.22052
-0
-0
-0
-0
-0
-0
-0
-0
-0
1.20561
-0
-0
-0
18.4317
-0
25.9679
1.61684
52.5636
-0
-0
-0
-0
-0
-0
-0
-0
-0
15.3046
-0
-0
12.1766
-0
-0
-0
-0
-0
-0
-0
-0
-0
-0
-0
-0
20.7954
-0
-0
-0
-0
-0
-0
-0
-0
1.07359
-0
-0
-0
18.7834
-0
-0
-0
-0
-0
3.45258
8.33921
20.9404
-0
-0
-0
18.4634
19.2453
-0
-0
-0
-0
-0
-0
16.6127
38.5288
-0
53.6876
17.829
-0
12.6504
-0
-0
-0
-0
-0
22.2694
-0
-0
36.2716
-0
-0
-0
-0
-0
7.37631
-0
-0
-0
-0
-0
-0
-0
-0
-0
-0
10.0861
-0
14.1282
-0
35.0336
-0
-0
-0
-0
-0
1.82879
-0
-0
-0
9.52277
4.55103
23.6651
-0
-0
-0
-0
-0
-0
26.9482
-0
28.2142
6.82682
5.41478
6.88078
-0
58.4718
-0
-0
-0
-0
-0
-0
-0
-0
1.48016
-0
-0
-0
-0
-0
-0
42.0331
-0
33.5709
0.766752
-0
-0
-0
44.1948
-0
-0
-0
21.6189
-0
43.1224
-0
-0
-0
-0
-0
-0
-0
-0
-0
-0
-0
-0
-0
-0
-0
2.3633
4.31176
4.48438
17.2758
-0
-0
-0
-0
-0
9.67839
23.24
-0
12.5692
5.28759
-0
4.30918
2.29191
-0
-0
-0
68.4279
-0
-0
-0
-0
-0
11.7935
-0
43.9712
6.08111
9.30445
37.5672
-0
-0
-0
14.6374
-0
-0
26.0322
-0
-0
-0
31.6638
-0
-0
-0
5.49894
10.8018
-0
16.3267
-0
-0
-0
-0
-0
0.86282
29.0818
22.8119
13.749
-0
-0
-0
-0
-0
-0
-0
-0
3.22758
-0
-0
-0
3.90911
-0
-0
-0
-0
-0
-0
-0
57.9144
-0
23.4974
-0
-0
-0
3.69796
5.2282
-0
-0
-0
-0
-0
-0
12.0231
-0
-0
31.3732
-0
-0
61.0159
-0
-0
-0
-0
-0
22.2321
-0
2.23307
-0
-0
12.1868
-0
-0
-0
-0
-0
-0
16.1851
-0
6.28813
-0
15.8421
-0
-0
-0
-0
17.0548
-0
-0
-0
-0
15.9967
-0
-0
-0
-0
-0
-0
-0
-0
-0
23.5446
-0
14.6533
-0
52.2874
-0
-0
-0
-0
30.1957
-0
-0
-0
2.09211
2.65159
53.8049
-0
16.5226
-0
29.7299
-0
-0
-0
-0
-0
-0
-0
-0
-0
23.1586
-0
-0
11.8242
-0
-0
-0
9.79231
-0
16.632
58.2725
-0
19.8498
-0
-0
-0
16.402
1.17723
41.6518
-0
-0
-0
-0
-0
42.6477
-0
-0
-0
-0
-0
-0
-0
-0
2.72005
-0
24.5359
-0
-0
-0
-0
-0
14.8946
-0
-0
0.0128852
-0
-0
-0
-0
-0
-0
8.87876
-0
-0
-0
-0
41.4523
10.2734
8.57521
-0
-0
-0
-0
-0
-0
-0
1.2118
-0
-0
-0
13.6092
-0
-0
-0
35.7983
2.43693
-0
-0
-0
-0
13.298
-0
18.9235
-0
-0
-0
-0
-0
-0
-0
-0
-0
-0
5.68623
40.1097
-0
23.269
-0
-0
23.9128
-0
-0
-0
-0
-0
-0
-0
-0
24.4777
-0
-0
13.0605
7.72177
-0
48.8732
-0
-0
-0
-0
-0
64.3258
2.73169
-0
-0
-0
-0
-0
-0
-0
-0
-0
-0
-0
37.3622
-0
-0
-0
-0
-0
-0
32.7985
-0
-0
-0
-0
-0
-0
34.1858
30.3081
13.0925
4.7661
-0
-0
-0
-0
-0
-0
13.6718
15.347
-0
-0
-0
-0
-0
11.1191
0.372024
-0
-0
-0
-0
-0
-0
-0
-0
-0
-0
-0
-0
-0
-0
-0
-0
-0
-0
-0
4.56229
-0
1.65907
-0
5.74282
-0
-0
-0
3.03546
85.1187
-0
-0
-0
39.1582
-0
-0
-0
-0
-0
-0
34.848
-0
-0
-0
-0
29.8214
15.8521
-0
68.8898
-0
-0
3.28014
-0
-0
-0
-0
-0
-0
-0
-0
-0
-0
-0
3.17659
27.1144
-0
9.2639
-0
-0
-0
-0
28.7246
18.671
-0
-0
-0
38.7251
-0
-0
-0
-0
-0
-0
-0
-0
-0
-0
4.16713
-0
-0
-0
-0
-0
-0
-0
-0
31.9422
-0
5.83215
-0
-0
-0
-0
-0
10.6441
-0
6.59636
-0
-0
-0
-0
-0
-0
22.9404
-0
-0
3.36583
-0
-0
-0
53.8388
-0
