1.8829
-0
-0
-0
-0
18.9635
-0
-0
2.19073
2.3723
1.54312
-0
-0
-0
-0
18.0282
-0
-0
-0
-0
-0
-0
-0
-0
3.03797
-0
1.83671
-0
-0
-0
-0
-0
-0
-0
8.38723
-0
-0
-0
-0
-0
-0
-0
-0
-0
-0
-0
-0
19.6179
-0
12.2545
-0
-0
-0
-0
-0
-0
-0
1.74938
23.1653
0.49606
-0
-0
-0
-0
17.2577
-0
12.306
6.24469
-0
0.44362
-0
-0
-0
-0
-0
9.7084
9.48404
2.30694
-0
-0
-0
56.0181
-0
8.44634
6.42378
-0
-0
-0
-0
-0
-0
-0
-0
-0
7.0387
-0
20.0607
-0
-0
-0
-0
-0
-0
-0
-0
-0
21.5712
-0
-0
-0
-0
-0
-0
-0
-0
43.0421
-0
-0
59.0925
54.5721
-0
-0
1.95862
-0
15.7314
-0
8.05665
-0
-0
10.9865
-0
2.55838
24.4088
-0
-0
-0
-0
22.6571
-0
-0
-0
-0
-0
-0
1.41658
-0
-0
-0
-0
-0
-0
-0
-0
-0
-0
-0
-0
-0
-0
1.17954
-0
-0
-0
7.86308
11.3033
-0
9.89959
-0
-0
12.3159
11.9238
5.0757
-0
-0
-0
-0
-0
-0
-0
-0
-0
-0
-0
-0
-0
35.1138
-0
-0
14.1238
-0
-0
30.2529
7.01019
-0
-0
-0
-0
-0
-0
-0
-0
-0
6.58261
-0
-0
10.065
-0
-0
-0
-0
-0
-0
-0
-0
-0
-0
11.1883
3.88978
-0
-0
-0
-0
-0
14.4607
-0
-0
-0
5.15918
-0
-0
-0
-0
-0
-0
-0
1.13093
-0
-0
-0
-0
-0
-0
-0
-0
-0
-0
20.8923
-0
-0
-0
-0
-0
-0
-0
1.99691
-0
-0
0.762551
-0
-0
-0
-0
-0
28.2609
-0
-0
-0
-0
-0
-0
-0
17.8258
3.2163
17.8201
-0
-0
-0
-0
-0
-0
-0
7.27453
-0
-0
-0
-0
-0
24.722
-0
-0
-0
-0
-0
-0
-0
-0
-0
-0
-0
51.8061
-0
-0
1.25853
-0
58.4598
16.7156
-0
-0
3.14753
-0
22.7077
8.26926
-0
-0
20.4356
1.7648
-0
-0
-0
0.530558
-0
-0
-0
47.3347
43.3875
-0
-0
-0
-0
10.0314
-0
-0
-0
-0
-0
-0
-0
-0
-0
7.53824
-0
-0
-0
27.6179
-0
-0
21.7625
-0
-0
-0
15.8366
-0
-0
-0
16.4849
-0
-0
-0
-0
-0
30.9187
-0
-0
-0
22.9447
1.18757
-0
-0
33.7473
-0
-0
-0
0.568071
25.8453
-0
-0
-0
-0
-0
-0
-0
-0
21.2259
-0
-0
-0
0.122627
-0
-0
-0
-0
3.61528
-0
-0
-0
-0
-0
-0
-0
-0
1.77086
-0
-0
-0
-0
-0
-0
3.27752
-0
19.7461
-0
-0
-0
-0
0.311038
-0
-0
-0
2.12096
-0
-0
-0
-0
-0
5.83137
-0
-0
6.01138
7.22239
-0
-0
22.7561
-0
-0
16.2976
-0
-0
-0
-0
-0
-0
-0
7.93235
-0
-0
-0
-0
-0
-0
-0
-0
-0
-0
-0
26.8821
5.92634
-0
-0
-0
-0
-0
-0
27.9541
-0
-0
-0
4.43341
-0
-0
-0
-0
-0
-0
-0
-0
-0
14.4575
-0
-0
-0
-0
-0
-0
4.00769
-0
-0
-0
14.8812
-0
14.1944
71.4055
-0
-0
-0
11.435
-0
12.1445
-0
-0
-0
-0
-0
8.84592
17.4428
-0
-0
4.07246
-0
-0
59.6164
-0
-0
-0
-0
-0
-0
21.6983
-0
6.36842
-0
21.2941
-0
-0
-0
-0
-0
5.49779
-0
2.98054
-0
-0
-0
-0
-0
27.2456
-0
10.4183
57.1531
-0
-0
-0
-0
-0
-0
-0
-0
3.61304
-0
-0
0.13239
-0
-0
-0
-0
49.0904
18.7579
-0
-0
18.3272
13.9027
-0
-0
8.67787
-0
-0
-0
-0
-0
-0
16.3216
-0
-0
-0
18.4712
-0
-0
-0
-0
-0
-0
-0
-0
-0
-0
-0
-0
-0
4.72516
1.07636
33.1829
-0
-0
-0
10.7387
-0
-0
-0
-0
31.0807
14.4852
-0
-0
-0
-0
-0
-0
-0
0.0727885
-0
7.49453
-0
-0
-0
-0
-0
-0
1.597
-0
-0
-0
-0
-0
-0
14.8007
-0
-0
-0
-0
-0
-0
-0
0.25702
-0
-0
-0
-0
-0
-0
-0
-0
-0
-0
-0
-0
-0
-0
-0
-0
-0
-0
-0
-0
-0
-0
-0
-0
-0
-0
-0
-0
11.9366
12.2072
12.6412
18.6639
-0
31.7482
-0
-0
-0
-0
-0
-0
-0
6.85611
-0
34.672
-0
-0
-0
25.3538
1.20647
20.0637
-0
-0
-0
35.2075
-0
-0
21.8325
-0
-0
-0
-0
-0
-0
-0
-0
-0
-0
12.376
7.85929
-0
-0
-0
21.9055
-0
-0
-0
-0
-0
-0
7.85965
-0
-0
-0
-0
5.17682
-0
-0
-0
-0
13.2473
-0
-0
46.2363
-0
-0
8.36886
14.0214
23.593
35.1935
-0
-0
30.634
-0
-0
-0
0.773996
-0
-0
-0
-0
-0
-0
-0
44.7525
-0
-0
-0
22.9733
-0
-0
-0
-0
-0
-0
-0
-0
34.1609
-0
0.764706
-0
-0
-0
5.65454
7.33041
30.0285
-0
-0
-0
-0
-0
-0
-0
-0
-0
-0
-0
-0
59.9326
-0
-0
-0
-0
-0
-0
41.2253
19.3261
-0
-0
-0
-0
-0
-0
2.64474
-0
1.54706
-0
-0
-0
-0
-0
4.03487
-0
-0
-0
-0
-0
49.2242
-0
-0
-0
-0
-0
-0
10.1967
-0
22.6691
-0
7.11777
-0
-0
6.75264
-0
-0
-0
-0
0.101292
-0
20.8742
26.1493
-0
23.5423
10.9709
-0
-0
-0
-0
-0
-0
-0
-0
-0
-0
-0
25.2607
-0
-0
-0
15.3334
-0
-0
-0
7.1547
-0
-0
14.8863
-0
-0
14.4043
-0
-0
-0
-0
-0
-0
-0
-0
-0
-0
-0
-0
-0
-0
-0
43.7047
-0
-0
-0
-0
-0
-0
-0
-0
-0
-0
-0
-0
-0
-0
-0
-0
-0
-0
-0
-0
34.1783
-0
-0
37.4328
3.90622
7.33819
-0
6.91286
-0
-0
-0
-0
-0
-0
10.6932
-0
-0
-0
-0
-0
-0
30.5018
-0
8.97117
7.97636
3.72287
-0
-0
18.3453
8.30233
-0
-0
-0
-0
-0
1.57471
-0
18.2019
-0
-0
-0
33.143
-0
37.2512
36.0653
-0
-0
-0
-0
-0
-0
-0
-0
-0
-0
-0
-0
-0
-0
-0
-0
-0
-0
-0
-0
-0
6.46186
4.2237
-0
-0
-0
-0
-0
5.63636
-0
18.6933
-0
28.0099
-0
-0
-0
11.5879
-0
-0
-0
-0
-0
-0
-0
-0
-0
-0
-0
-0
-0
-0
-0
-0
-0
1.08114
-0
-0
0.334971
-0
-0
-0
20.3681
-0
-0
-0
-0
35.0442
-0
-0
0.423633
-0
-0
29.3236
39.4238
-0
-0
-0
-0
-0
-0
-0
4.97294
-0
-0
37.5591
-0
15.0705
-0
-0
-0
-0
-0
-0
-0
-0
-0
-0
-0
11.5934
-0
-0
-0
-0
10.4939
-0
-0
-0
-0
-0
-0
21.3966
4.67502
-0
6.49376
-0
2.56107
-0
-0
-0
-0
-0
-0
-0
-0
15.8985
-0
-0
-0
-0
-0
-0
-0
-0
-0
32.5086
-0
-0
22.0182
-0
-0
-0
-0
-0
-0
-0
-0
4.60946
-0
-0
-0
-0
-0
11.3876
-0
-0
-0
-0
-0
-0
-0
-0
-0
-0
-0
-0
-0
-0
-0
-0
-0
8.01393
-0
20.511
-0
-0
-0
-0
2.50998
-0
-0
-0
-0
-0
23.8795
-0
-0
-0
-0
-0
-0
-0
-0
6.21596
-0
-0
-0
-0
-0
-0
-0
-0
-0
-0
21.5937
-0
-0
-0
-0
32.3996
-0
-0
-0
-0
-0
-0
-0
-0
13.6456
-0
-0
11.4387
-0
-0
0.0965072
-0
-0
-0
-0
-0
-0
0.944147
-0
-0
8.96809
-0
-0
-0
-0
-0
-0
74.7404
21.3841
0.850467
11.4009
-0
-0
-0
-0
-0
-0
-0
-0
-0
-0
-0
-0
9.59693
-0
4.74504
-0
-0
-0
-0
-0
12.6081
-0
-0
-0
-0
-0
-0
3.6542
-0
-0
0.1666
-0
-0
6.47679
-0
53.924
-0
-0
-0
-0
-0
-0
-0
23.0619
9.0747
-0
15.3872
-0
-0
-0
8.95653
16.7417
-0
-0
-0
-0
-0
-0
-0
-0
-0
-0
-0
-0
21.8702
-0
-0
-0
-0
0.904394
21.9259
-0
-0
-0
-0
-0
-0
27.7881
-0
-0
-0
-0
-0
-0
46.0575
16.3698
-0
-0
20.1975
-0
-0
-0
-0
-0
-0
-0
4.30275
-0
-0
-0
-0
-0
-0
-0
35.7772
-0
-0
17.4751
34.9764
-0
16.4407
17.721
-0
-0
-0
-0
39.0716
-0
-0
-0
-0
-0
25.4572
-0
3.89622
2.93992
-0
-0
-0
16.9248
-0
-0
-0
-0
21.7113
-0
-0
18.9005
14.1424
9.91161
-0
-0
-0
11.0727
-0
-0
2.92717
-0
-0
18.2919
-0
-0
-0
-0
-0
-0
-0
-0
-0
-0
-0
12.374
44.197
-0
-0
21.3256
-0
42.2518
-0
-0
-0
-0
-0
-0
-0
-0
-0
0.621526
-0
-0
-0
-0
-0
-0
26.1275
-0
-0
-0
17.9759
-0
-0
-0
-0
-0
-0
-0
-0
-0
-0
6.09713
-0
-0
-0
-0
-0
-0
-0
4.71566
-0
-0
8.91507
-0
-0
-0
10.5634
-0
-0
-0
-0
-0
-0
34.5477
-0
-0
-0
-0
-0
-0
-0
8.83873
31.9271
-0
5.58912
14.0182
-0
58.2754
-0
-0
-0
-0
-0
-0
-0
-0
-0
-0
-0
-0
-0
6.62842
26.0977
-0
1.37656
-0
-0
-0
27.7047
-0
34.9428
-0
-0
-0
-0
-0
-0
-0
-0
-0
-0
2.17816
-0
-0
-0
-0
-0
-0
-0
-0
1.51176
-0
-0
-0
-0
-0
-0
-0
-0
-0
-0
-0
9.19209
23.0314
-0
-0
-0
-0
-0
-0
-0
-0
-0
-0
-0
-0
-0
14.2506
-0
-0
-0
15.4493
21.3575
0.388835
-0
-0
-0
-0
-0
-0
0.103763
-0
-0
20.0171
-0
-0
-0
3.96207
-0
-0
-0
-0
-0
-0
-0
-0
-0
-0
-0
-0
-0
-0
11.7616
-0
-0
-0
-0
55.0618
2.39533
-0
-0
-0
-0
13.0342
-0
-0
-0
-0
-0
44.3388
-0
-0
-0
22.9286
-0
-0
-0
-0
-0
-0
-0
-0
-0
-0
-0
-0
-0
3.2519
23.9187
-0
-0
-0
-0
-0
-0
-0
-0
-0
-0
-0
-0
34.5722
-0
-0
-0
-0
-0
-0
27.9912
-0
33.9553
15.2866
-0
9.58296
-0
-0
-0
-0
1.42416
-0
-0
-0
-0
5.64671
-0
-0
11.8967
-0
-0
12.9745
-0
-0
-0
-0
-0
-0
10.6623
-0
-0
-0
-0
5.998
-0
-0
-0
-0
17.2188
-0
-0
-0
-0
-0
-0
-0
-0
-0
0.640411
-0
27.5179
-0
-0
-0
7.6191
-0
-0
-0
-0
-0
30.4006
-0
-0
6.54329
27.3446
-0
10.4172
-0
-0
39.1139
8.6313
-0
13.5663
-0
9.44346
-0
21.0848
-0
26.7742
-0
-0
-0
-0
-0
-0
16.517
4.70174
2.26863
-0
-0
-0
-0
-0
18.0767
-0
-0
-0
18.896
-0
-0
-0
-0
-0
-0
-0
44.1501
-0
-0
13.7985
-0
-0
19.625
-0
-0
-0
-0
-0
-0
7.41357
-0
-0
-0
21.6551
10.4329
16.1918
-0
-0
4.2794
-0
-0
-0
-0
-0
-0
5.33198
2.96921
-0
26.9754
-0
-0
-0
-0
-0
-0
-0
-0
-0
-0
-0
-0
-0
-0
-0
-0
-0
-0
33.3611
-0
-0
-0
18.2818
-0
-0
46.4308
-0
-0
21.8971
-0
18.9629
-0
-0
-0
-0
-0
-0
-0
-0
0.483633
-0
11.4559
-0
-0
-0
-0
-0
5.18494
-0
-0
-0
-0
-0
-0
-0
0.965545
-0
-0
1.43427
-0
-0
-0
9.36055
39.0069
-0
-0
6.60998
-0
-0
3.12011
0.990324
-0
-0
-0
-0
-0
-0
9.69004
-0
-0
-0
-0
-0
-0
-0
-0
-0
-0
-0
-0
10.9437
-0
-0
-0
-0
-0
-0
-0
-0
-0
-0
-0
-0
-0
-0
-0
-0
-0
4.00557
-0
15.9307
-0
-0
-0
-0
-0
-0
-0
5.8689
26.5147
-0
-0
-0
13.0969
-0
-0
-0
-0
-0
-0
-0
-0
-0
-0
-0
-0
-0
-0
-0
-0
12.2627
-0
-0
-0
-0
-0
-0
-0
0.493006
-0
-0
-0
-0
27.9866
2.1167
17.7192
3.77005
-0
-0
19.27
-0
-0
2.83882
-0
-0
-0
-0
35.9998
-0
-0
-0
-0
-0
-0
-0
-0
18.6729
19.4427
-0
-0
-0
18.1269
-0
-0
-0
-0
-0
6.58192
-0
-0
-0
-0
-0
-0
10.4176
-0
-0
-0
33.5006
23.9298
-0
-0
36.7502
-0
9.36477
28.0003
49.1822
-0
-0
34.5064
-0
-0
11.8783
-0
1.31259
-0
-0
-0
-0
-0
-0
-0
-0
-0
-0
18.8397
-0
-0
3.33054
-0
-0
-0
-0
10.0741
-0
-0
-0
-0
-0
-0
6.69252
-0
-0
-0
3.98018
-0
1.79214
-0
7.52833
5.52585
-0
11.5517
43.0258
-0
-0
-0
-0
-0
-0
-0
19.1878
25.6202
-0
27.7791
-0
22.3531
13.4103
28.8594
-0
-0
-0
-0
-0
-0
8.0141
-0
-0
-0
25.5513
19.4547
-0
-0
-0
-0
2.16767
-0
61.6419
-0
-0
-0
-0
-0
-0
-0
-0
-0
18.7224
44.2528
-0
-0
5.08825
-0
-0
20.6871
-0
-0
-0
-0
8.94407
-0
5.89939
-0
26.4166
8.55793
-0
6.12714
-0
-0
-0
3.33989
15.4973
-0
-0
1.51297
-0
-0
22.2298
41.1007
-0
-0
-0
-0
5.36133
-0
-0
-0
-0
21.6984
-0
-0
2.88083
-0
0.338555
-0
-0
7.602
13.1298
-0
0.891211
-0
45.796
-0
-0
-0
-0
14.3412
-0
-0
-0
-0
-0
-0
-0
-0
-0
-0
-0
-0
-0
-0
-0
-0
27.2929
-0
-0
-0
-0
23.8653
-0
-0
-0
5.78686
-0
-0
-0
-0
-0
-0
-0
-0
-0
-0
-0
-0
-0
27.0398
-0
-0
-0
-0
-0
54.4295
-0
-0
-0
4.93733
-0
-0
-0
-0
-0
-0
28.8548
-0
27.464
-0
0.299495
-0
-0
35.4519
12.3541
-0
-0
15.9499
-0
-0
35.5554
-0
-0
-0
-0
-0
-0
1.81288
-0
-0
-0
-0
-0
-0
-0
-0
-0
-0
19.3253
25.4423
-0
-0
-0
-0
6.00295
-0
-0
14.6022
-0
-0
-0
-0
-0
-0
-0
15.5817
-0
11.6275
-0
-0
-0
-0
-0
-0
-0
-0
-0
12.4344
-0
17.0767
8.64105
-0
-0
-0
-0
-0
5.20768
-0
-0
-0
4.50769
4.14046
-0
-0
-0
-0
-0
23.6768
-0
-0
-0
11.5616
-0
-0
-0
4.89365
-0
-0
32.1262
-0
-0
-0
-0
-0
-0
3.97531
-0
0.0467371
-0
-0
-0
-0
-0
-0
-0
11.9663
5.23179
-0
-0
28.0984
-0
5.58316
27.5159
-0
-0
10.079
-0
-0
8.30435
-0
30.6319
26.8548
-0
25.3844
-0
-0
-0
-0
-0
-0
-0
-0
-0
-0
-0
-0
-0
-0
-0
-0
4.71598
-0
-0
-0
-0
-0
-0
-0
-0
2.13878
-0
-0
4.66614
-0
-0
34.5965
-0
-0
5.41367
-0
-0
-0
0.445918
-0
-0
-0
-0
-0
-0
-0
-0
-0
-0
4.55278
46.0323
24.5039
-0
3.75762
-0
38.6786
-0
-0
-0
-0
-0
-0
-0
-0
-0
-0
-0
2.96082
-0
-0
-0
-0
-0
-0
8.41073
-0
-0
-0
-0
-0
-0
23.9017
-0
-0
-0
-0
-0
9.38979
-0
-0
-0
-0
-0
-0
-0
-0
-0
-0
-0
-0
-0
-0
-0
-0
-0
-0
5.30221
-0
26.5993
18.1153
-0
6.83572
5.76261
-0
0.245247
-0
-0
-0
-0
-0
-0
-0
7.44498
9.42245
25.9902
-0
-0
-0
-0
-0
-0
10.0264
-0
-0
-0
-0
-0
10.71
24.4274
-0
-0
-0
13.087
4.28792
-0
-0
-0
-0
1.91016
-0
-0
-0
-0
-0
-0
-0
-0
-0
-0
-0
-0
-0
-0
-0
-0
-0
-0
-0
-0
-0
-0
-0
15.6425
-0
-0
-0
63.5482
-0
0.290784
-0
1.16436
16.0001
-0
-0
-0
-0
-0
-0
13.6878
-0
-0
-0
-0
21.5408
-0
-0
-0
-0
-0
-0
-0
-0
-0
-0
-0
-0
67.1119
-0
-0
-0
-0
-0
-0
-0
-0
-0
10.8283
-0
-0
-0
-0
-0
-0
-0
3.20433
-0
-0
-0
-0
-0
-0
-0
-0
4.96798
-0
-0
25.7678
-0
6.57243
1.39116
-0
25.0446
-0
-0
3.57238
-0
-0
-0
-0
-0
5.79706
-0
-0
-0
9.99525
-0
-0
-0
4.43044
-0
-0
1.48037
-0
-0
-0
14.8365
-0
-0
-0
-0
-0
-0
35.072
-0
53.0466
-0
18.108
-0
-0
-0
-0
-0
20.9086
-0
-0
60.0994
-0
-0
-0
0.868544
-0
19.3316
-0
-0
-0
-0
-0
-0
-0
-0
-0
-0
-0
26.1305
-0
-0
-0
26.9001
-0
-0
-0
-0
-0
10.2115
-0
-0
-0
-0
5.25718
-0
-0
7.90974
-0
-0
-0
-0
-0
-0
-0
-0
-0
-0
-0
20.3139
-0
-0
-0
26.0027
14.3875
-0
-0
-0
18.36
5.65938
-0
-0
-0
-0
-0
-0
-0
-0
-0
5.70891
-0
11.2933
-0
-0
-0
-0
-0
-0
2.83584
-0
-0
9.09771
-0
-0
-0
-0
23.1858
-0
-0
-0
-0
-0
-0
-0
-0
-0
-0
-0
-0
-0
0.133919
-0
-0
-0
-0
-0
-0
-0
-0
-0
5.25654
-0
13.1869
-0
15.021
8.13718
-0
-0
-0
21.2638
-0
25.0705
11.0311
-0
-0
-0
-0
61.3477
-0
17.0917
-0
-0
0.00193083
3.23725
-0
-0
-0
-0
-0
-0
-0
-0
-0
19.8595
-0
-0
-0
-0
-0
-0
-0
-0
-0
-0
-0
-0
-0
-0
8.48151
-0
19.5451
-0
-0
-0
-0
-0
-0
-0
-0
-0
-0
18.6028
11.6896
-0
-0
-0
-0
-0
-0
-0
-0
-0
-0
-0
-0
-0
-0
-0
18.0994
10.1603
-0
11.413
7.27522
-0
-0
-0
-0
-0
-0
-0
-0
-0
-0
-0
-0
-0
-0
-0
15.1572
14.6817
28.1596
-0
-0
-0
-0
-0
-0
-0
-0
-0
0.438649
-0
-0
25.351
-0
25.0536
-0
14.0191
-0
-0
-0
21.6506
-0
21.7039
-0
19.4918
-0
-0
-0
-0
-0
-0
-0
-0
-0
-0
-0
-0
-0
-0
-0
-0
38.5663
19.748
-0
9.52254
-0
-0
-0
-0
-0
15.0557
-0
-0
21.2325
-0
-0
-0
4.70986
-0
-0
60.3214
-0
-0
-0
-0
-0
-0
-0
-0
-0
-0
7.70354
-0
-0
-0
-0
-0
-0
-0
-0
6.2884
-0
-0
29.9204
-0
-0
4.98104
-0
0.16754
-0
-0
-0
-0
2.1698
-0
21.9451
-0
-0
-0
-0
-0
13.626
-0
-0
-0
-0
-0
35.4283
-0
-0
-0
14.348
10.9734
-0
-0
5.03875
-0
18.1498
-0
1.90966
32.6374
-0
-0
-0
39.3875
-0
-0
22.0949
0.60359
-0
42.3306
-0
-0
-0
-0
-0
-0
-0
-0
-0
-0
-0
-0
-0
-0
-0
-0
-0
4.21061
2.48397
-0
0.869545
-0
-0
-0
-0
-0
-0
10.4751
-0
-0
-0
-0
-0
-0
-0
-0
-0
8.38836
-0
-0
15.9542
-0
8.14789
-0
-0
-0
0.661509
-0
-0
-0
19.167
-0
-0
40.6584
-0
15.5318
11.2656
-0
27.4743
14.7355
-0
16.6643
-0
-0
-0
-0
-0
-0
36.1367
-0
-0
-0
22.5563
-0
-0
28.082
-0
-0
-0
9.26648
-0
-0
-0
-0
-0
-0
-0
-0
-0
-0
-0
-0
18.6226
-0
-0
-0
-0
-0
-0
14.2454
-0
-0
25.559
-0
9.02148
-0
-0
-0
19.8358
-0
0.409812
-0
-0
-0
-0
49.426
7.10981
23.9669
-0
-0
-0
4.41123
-0
-0
-0
37.5096
-0
-0
-0
-0
-0
-0
-0
-0
-0
5.33239
14.5134
1.69374
-0
-0
-0
12.4941
1.5884
-0
-0
-0
-0
-0
-0
-0
-0
15.7157
-0
-0
-0
-0
-0
15.1899
-0
-0
-0
-0
-0
-0
-0
-0
-0
7.17986
-0
-0
-0
-0
-0
-0
5.47416
-0
-0
37.6716
26.6025
11.2979
-0
-0
3.93341
-0
-0
-0
-0
-0
-0
-0
1.90415
6.69433
-0
-0
41.179
-0
-0
10.9388
-0
-0
39.1339
3.91105
-0
-0
-0
-0
-0
-0
-0
-0
-0
-0
-0
9.27218
48.4054
-0
4.61834
19.0347
38.3172
-0
-0
4.81676
-0
5.72644
-0
-0
0.315724
4.55887
-0
-0
-0
-0
-0
-0
-0
-0
-0
-0
-0
22.4368
-0
-0
-0
-0
-0
-0
-0
-0
20.2334
10.0074
10.599
11.2055
-0
-0
-0
-0
-0
-0
-0
-0
-0
-0
-0
-0
-0
-0
-0
-0
-0
-0
-0
-0
-0
20.2718
-0
-0
2.39042
42.0118
-0
-0
-0
-0
-0
-0
-0
10.9047
-0
8.73328
-0
-0
-0
-0
-0
1.50072
-0
11.6592
5.19462
-0
-0
-0
-0
-0
-0
34.2939
10.2357
-0
-0
-0
40.0015
-0
-0
-0
-0
-0
-0
-0
-0
-0
-0
-0
-0
13.3348
-0
19.2446
-0
-0
-0
-0
39.1588
-0
-0
14.2337
-0
30.2623
35.4323
4.34204
-0
6.96251
7.61191
-0
-0
-0
-0
0.217835
-0
-0
-0
6.40311
-0
-0
-0
-0
-0
-0
-0
-0
-0
-0
-0
-0
-0
-0
20.0834
-0
-0
10.1988
-0
-0
-0
-0
28.7075
-0
-0
-0
-0
-0
-0
33.1293
-0
-0
-0
-0
24.9137
-0
-0
-0
25.0604
-0
-0
2.70958
-0
-0
-0
-0
-0
-0
-0
-0
-0
-0
-0
20.5458
-0
30.5131
-0
-0
5.81223
-0
-0
-0
-0
-0
-0
-0
-0
17.2715
15.913
-0
27.0663
-0
-0
-0
-0
-0
-0
-0
-0
-0
-0
-0
-0
-0
-0
-0
28.978
-0
-0
-0
-0
-0
-0
-0
-0
-0
2.93029
-0
-0
0.805576
-0
-0
-0
-0
23.4153
-0
4.50845
-0
-0
39.5997
-0
-0
14.3187
37.2616
3.60322
-0
-0
19.783
-0
-0
-0
-0
-0
-0
-0
-0
-0
24.0529
11.6281
-0
-0
-0
-0
32.3058
-0
-0
-0
22.8642
-0
16.3455
-0
-0
-0
-0
-0
-0
-0
-0
-0
-0
-0
-0
-0
-0
-0
-0
12.8737
-0
-0
-0
-0
-0
-0
-0
-0
-0
-0
2.39804
21.1737
-0
21.5394
-0
-0
2.22897
-0
-0
-0
-0
-0
-0
-0
-0
-0
-0
52.9045
-0
-0
-0
-0
-0
19.8971
-0
-0
-0
-0
-0
35.8415
-0
-0
-0
50.9425
-0
7.26581
4.73414
22.3194
-0
62.1185
-0
-0
-0
-0
-0
-0
24.2105
7.86253
-0
-0
-0
-0
-0
2.03261
-0
-0
-0
-0
-0
-0
-0
16.9441
-0
-0
-0
-0
-0
5.2188
-0
19.5903
-0
18.9343
3.42755
8.77075
-0
-0
4.24064
-0
-0
-0
-0
-0
-0
-0
-0
-0
-0
-0
-0
-0
-0
-0
-0
-0
-0
-0
-0
-0
-0
8.18697
-0
-0
61.5735
-0
-0
-0
-0
-0
-0
-0
-0
-0
32.8807
-0
-0
-0
-0
-0
3.3318
-0
-0
-0
-0
-0
7.32652
4.49015
-0
6.22714
-0
-0
-0
-0
-0
19.2503
-0
68.3424
47.3421
-0
-0
-0
-0
-0
-0
-0
-0
-0
-0
20.4119
-0
-0
-0
-0
-0
12.219
-0
-0
-0
-0
-0
-0
-0
30.3412
-0
-0
-0
-0
-0
-0
25.1898
-0
-0
-0
44.7649
-0
-0
-0
-0
-0
5.58162
-0
-0
-0
-0
-0
-0
-0
-0
-0
-0
-0
0.421314
-0
-0
-0
27.7317
-0
-0
-0
-0
9.29277
-0
-0
-0
6.48329
-0
-0
-0
16.6621
-0
-0
48.1016
-0
-0
39.0154
-0
-0
-0
-0
-0
-0
-0
-0
-0
14.9778
-0
-0
-0
-0
-0
-0
-0
-0
-0
9.59622
-0
-0
12.7609
-0
28.5939
-0
-0
-0
-0
-0
-0
-0
-0
-0
-0
-0
-0
-0
19.7317
-0
-0
48.2912
-0
-0
-0
18.6422
-0
-0
-0
-0
-0
39.8986
-0
9.39095
-0
37.3966
26.1103
4.18024
-0
-0
3.31026
-0
-0
-0
-0
-0
-0
10.2953
-0
-0
11.7433
-0
-0
-0
4.44406
-0
-0
-0
-0
-0
-0
-0
-0
-0
-0
-0
-0
-0
-0
-0
-0
-0
15.7126
-0
-0
7.09985
-0
-0
-0
-0
-0
-0
0.658516
-0
41.8064
-0
12.5584
-0
-0
-0
20.3558
22.6053
-0
-0
-0
-0
5.78579
33.1294
-0
-0
-0
-0
-0
-0
-0
-0
-0
-0
-0
-0
-0
-0
8.54113
-0
-0
4.69706
5.39883
-0
-0
-0
-0
-0
-0
-0
-0
-0
35.8292
-0
-0
-0
-0
-0
-0
-0
-0
-0
-0
-0
-0
-0
-0
-0
-0
-0
-0
-0
-0
-0
0.824032
-0
48.5559
-0
-0
-0
-0
-0
-0
-0
2.85406
39.0668
-0
-0
4.22165
24.1976
-0
20.1118
7.18892
28.12
-0
-0
12.472
-0
-0
0.298021
-0
8.85629
-0
-0
64.686
-0
-0
-0
-0
-0
1.06032
-0
25.6329
-0
-0
-0
-0
-0
2.28327
29.2827
-0
-0
-0
-0
-0
-0
-0
-0
-0
18.5208
16.9699
-0
-0
13.5812
-0
-0
-0
-0
-0
-0
-0
-0
1.37694
2.85613
-0
-0
-0
-0
-0
-0
-0
-0
-0
-0
-0
-0
-0
-0
23.1949
-0
-0
-0
-0
-0
-0
-0
-0
-0
-0
-0
-0
-0
-0
-0
21.9716
25.3781
-0
-0
-0
-0
-0
38.5331
-0
-0
-0
-0
-0
26.1855
-0
-0
-0
-0
4.71655
-0
-0
45.1769
-0
-0
-0
16.0801
27.6109
27.0745
-0
-0
-0
26.5226
-0
-0
-0
28.2076
-0
-0
-0
-0
1.19894
24.8214
-0
-0
-0
-0
-0
11.3534
3.83759
-0
-0
-0
-0
-0
-0
-0
-0
-0
-0
-0
-0
-0
-0
-0
-0
-0
-0
-0
-0
-0
3.21146
-0
-0
-0
54.5568
-0
-0
-0
-0
-0
-0
2.33892
-0
-0
-0
-0
-0
-0
-0
-0
-0
13.4647
-0
-0
5.53479
-0
7.94929
-0
-0
-0
-0
-0
-0
-0
-0
-0
-0
16.3766
15.2946
-0
-0
-0
8.95574
-0
-0
-0
9.62497
-0
-0
-0
-0
43.7369
-0
19.7786
-0
19.3947
-0
-0
5.90944
25.8896
-0
-0
8.75024
-0
-0
-0
-0
8.27888
-0
77.5282
43.2331
-0
-0
4.03012
-0
-0
-0
-0
-0
-0
-0
-0
-0
-0
-0
2.39138
-0
-0
-0
-0
-0
-0
-0
19.6359
18.985
-0
-0
-0
5.77433
0.8286
27.8609
8.5568
-0
-0
-0
28.8327
-0
-0
-0
8.63764
-0
-0
-0
-0
-0
-0
-0
-0
29.8841
-0
-0
-0
-0
-0
-0
11.7676
-0
19.9882
-0
-0
-0
42.7783
-0
-0
-0
39.5833
-0
-0
-0
-0
2.21769
-0
-0
-0
