4.15974
-0
-0
-0
-0
-0
-0
-0
6.01623
4.3194
27.0722
-0
-0
-0
-0
21.9001
-0
-0
-0
-0
-0
-0
-0
-0
-0
-0
23.18
-0
-0
-0
-0
-0
-0
-0
4.60542
-0
-0
-0
-0
-0
-0
-0
-0
27.0563
-0
-0
-0
-0
-0
-0
-0
-0
-0
-0
-0
-0
-0
4.58708
38.5068
-0
-0
-0
11.2489
-0
-0
-0
13.5979
9.67865
-0
0.397415
-0
-0
-0
-0
-0
6.20706
-0
9.6464
-0
-0
-0
96.0684
-0
-0
5.82648
-0
-0
-0
-0
-0
-0
-0
-0
-0
-0
-0
4.68273
-0
-0
-0
-0
-0
-0
-0
-0
-0
3.27156
-0
-0
-0
0.317935
-0
0.0690783
-0
-0
34.4595
-0
-0
59.671
45.9785
-0
-0
15.1099
-0
42.0192
-0
-0
-0
-0
14.9313
-0
18.7675
-0
-0
-0
-0
5.69758
-0
-0
25.3654
-0
-0
-0
8.07891
-0
-0
-0
3.33526
-0
-0
-0
-0
-0
-0
-0
-0
31.6672
-0
-0
1.1239
12.1531
-0
-0
38.948
-0
-0
-0
-0
-0
42.8379
23.6252
12.7362
-0
-0
-0
-0
-0
-0
-0
-0
-0
-0
-0
-0
-0
41.406
-0
-0
27.9153
-0
-0
24.0176
-0
22.0383
-0
-0
-0
-0
-0
-0
-0
-0
-0
-0
-0
37.0391
-0
-0
-0
-0
-0
-0
2.68169
-0
-0
2.50369
-0
-0
-0
-0
-0
-0
-0
0.160813
-0
-0
-0
-0
-0
-0
-0
4.04851
-0
-0
-0
-0
-0
-0
-0
-0
-0
-0
-0
-0
-0
-0
20.8608
-0
-0
-0
-0
-0
-0
-0
23.8015
-0
-0
-0
25.5349
-0
-0
-0
-0
-0
-0
-0
-0
-0
-0
-0
-0
26.2748
-0
24.6213
-0
-0
-0
-0
-0
-0
-0
1.80867
-0
-0
-0
-0
-0
14.6203
-0
-0
0.743523
0.753076
-0
-0
4.66354
-0
9.18914
-0
-0
14.6542
-0
-0
2.88838
-0
15.9567
40.5429
-0
-0
43.9492
-0
16.6173
37.4307
-0
-0
-0
1.13178
-0
-0
-0
0.0346104
-0
-0
-0
22.4593
55.8349
-0
-0
-0
-0
-0
-0
-0
-0
-0
-0
-0
-0
5.36624
-0
0.110728
-0
-0
-0
11.5036
-0
-0
52.2899
-0
17.5703
-0
30.1079
-0
-0
-0
-0
-0
-0
-0
-0
-0
25.8545
-0
-0
12.2731
-0
1.12881
-0
-0
37.1804
-0
-0
-0
1.47744
40.3912
-0
-0
-0
-0
-0
-0
-0
-0
9.72781
-0
-0
6.48589
17.3475
-0
-0
-0
7.34829
11.6403
-0
-0
-0
-0
-0
-0
-0
-0
-0
3.45196
-0
-0
4.66323
-0
-0
-0
-0
4.17392
-0
-0
-0
-0
-0
8.416
-0
-0
-0
-0
35.3396
-0
-0
-0
-0
-0
9.41294
-0
5.11435
-0
-0
13.0596
-0
-0
26.5106
-0
9.89665
-0
-0
-0
-0
-0
41.893
-0
-0
-0
-0
-0
-0
-0
3.99438
-0
-0
-0
52.5041
14.2999
-0
-0
-0
-0
-0
-0
6.24344
-0
3.48161
10.3003
36.4071
-0
-0
-0
-0
-0
-0
-0
-0
-0
-0
-0
-0
-0
-0
-0
-0
18.5882
-0
-0
-0
33.8483
-0
-0
48.498
-0
-0
11.4533
8.41305
17.4132
13.2796
-0
-0
-0
-0
-0
-0
-0
-0
-0
11.3286
-0
-0
15.6968
-0
-0
-0
-0
-0
-0
-0
-0
13.925
-0
8.07467
-0
-0
6.91297
-0
-0
-0
9.70055
-0
-0
-0
-0
-0
-0
-0
-0
13.6
33.7913
-0
-0
-0
-0
-0
-0
-0
-0
12.8251
-0
-0
13.7908
-0
-0
-0
-0
54.59
-0
-0
-0
19.736
-0
-0
-0
31.9031
-0
0.15647
-0
-0
-0
-0
1.37266
-0
-0
-0
-0
-0
19.6109
-0
-0
18.4756
1.1397
-0
-0
-0
-0
-0
-0
-0
-0
18.1578
32.8859
-0
-0
12.9739
1.91152
-0
-0
7.72661
16.7457
17.7247
-0
-0
-0
-0
-0
-0
-0
-0
-0
-0
11.1006
-0
2.38288
-0
-0
-0
-0
28.8561
-0
-0
-0
-0
-0
-0
14.8296
-0
-0
-0
-0
-0
-0
-0
-0
-0
-0
-0
-0
-0
-0
-0
-0
-0
-0
-0
-0
-0
-0
-0
-0
-0
-0
-0
-0
-0
-0
-0
-0
-0
-0
-0
-0
-0
-0
33.5126
-0
-0
43.8762
-0
-0
-0
-0
10.3672
-0
-0
-0
22.2924
11.4424
-0
-0
-0
9.88185
-0
-0
-0
-0
-0
-0
-0
-0
10.1994
-0
-0
-0
-0
-0
-0
8.52989
-0
-0
-0
18.2919
-0
-0
-0
-0
20.7138
-0
-0
-0
-0
-0
-0
22.1803
-0
-0
-0
-0
-0
-0
-0
-0
-0
6.40325
-0
-0
34.7328
-0
-0
-0
24.2197
29.4907
36.993
-0
-0
18.3383
-0
-0
-0
1.82976
-0
-0
-0
-0
-0
-0
-0
54.9772
-0
-0
-0
29.9627
4.85974
-0
-0
-0
-0
-0
-0
-0
35.2551
-0
-0
-0
-0
-0
10.3885
12.5624
43.1914
-0
-0
-0
-0
-0
-0
-0
-0
-0
-0
-0
-0
88.7819
-0
-0
-0
-0
-0
-0
40.7122
29.2571
-0
-0
-0
-0
-0
-0
-0
-0
-0
-0
0.13517
-0
3.51436
-0
15.1582
-0
-0
20.2304
-0
-0
1.16331
-0
-0
-0
-0
-0
-0
4.37234
-0
-0
-0
31.1289
-0
-0
10.2957
-0
-0
-0
-0
1.04833
-0
-0
6.07945
-0
20.0472
-0
-0
-0
-0
11.9216
-0
-0
-0
-0
-0
-0
-0
33.7785
11.6782
-0
3.45322
13.6423
-0
-0
-0
-0
-0
-0
6.32779
-0
-0
-0
-0
-0
-0
-0
9.66088
-0
-0
-0
-0
-0
-0
-0
-0
-0
-0
33.3325
-0
-0
-0
-0
-0
-0
-0
-0
-0
-0
-0
-0
6.14404
-0
-0
-0
-0
-0
-0
-0
52.3674
-0
-0
38.4112
-0
35.6008
-0
-0
-0
-0
7.08702
-0
-0
-0
29.9718
-0
-0
-0
-0
-0
-0
11.6067
-0
-0
-0
-0
-0
14.2871
10.6127
21.4514
-0
5.00784
-0
-0
-0
10.6579
-0
12.8675
-0
-0
-0
-0
-0
-0
38.9268
-0
-0
-0
11.7088
-0
17.0763
-0
-0
-0
-0
-0
-0
-0
-0
-0
-0
-0
-0
-0
-0
-0
-0
-0
-0
-0
-0
-0
-0
18.6896
-0
35.7008
-0
21.067
-0
-0
-0
16.649
-0
4.17443
-0
-0
-0
-0
-0
-0
-0
-0
-0
-0
-0
-0
-0
-0
-0
7.86843
-0
-0
-0
-0
-0
-0
19.1531
-0
-0
4.39392
-0
15.468
-0
-0
-0
-0
-0
17.5968
41.6341
14.8259
-0
-0
-0
-0
-0
-0
16.5659
-0
-0
-0
-0
0.419658
-0
-0
-0
-0
-0
-0
-0
-0
-0
-0
-0
-0
-0
-0
-0
-0
42.1391
-0
-0
-0
-0
-0
-0
-0
6.6011
-0
12.8447
-0
-0
-0
-0
-0
-0
-0
14.2899
-0
-0
43.6872
-0
-0
-0
-0
-0
-0
-0
-0
-0
33.0369
-0
-0
24.4255
-0
-0
-0
-0
-0
-0
-0
-0
3.75471
-0
-0
-0
-0
-0
9.17917
-0
-0
-0
-0
-0
-0
-0
-0
16.4455
-0
-0
-0
-0
-0
-0
-0
-0
18.1301
-0
33.0886
-0
-0
-0
-0
19.6781
-0
-0
-0
-0
-0
28.2351
-0
-0
-0
-0
-0
-0
-0
-0
5.20399
-0
-0
-0
-0
-0
-0
-0
-0
-0
-0
36.4145
-0
-0
-0
-0
4.38767
-0
-0
-0
-0
7.85263
22.5509
-0
-0
27.8766
15.4448
-0
6.72534
-0
-0
-0
-0
-0
-0
-0
-0
-0
-0
-0
-0
-0
-0
-0
-0
3.9072
-0
-0
61.1835
29.8181
16.501
8.15906
-0
-0
-0
-0
-0
-0
-0
-0
2.21009
-0
-0
-0
6.16425
-0
-0
-0
-0
-0
-0
-0
19.1798
-0
-0
-0
-0
-0
-0
15.0671
-0
-0
-0
-0
-0
33.474
-0
55.7641
-0
-0
-0
-0
18.6383
-0
-0
4.5321
18.9384
-0
25.2956
-0
-0
-0
-0
-0
-0
-0
-0
-0
-0
-0
-0
-0
-0
-0
-0
-0
28.1425
-0
-0
-0
-0
-0
10.7629
-0
-0
-0
-0
15.576
-0
-0
-0
-0
-0
-0
-0
-0
63.4375
8.66627
-0
-0
26.3064
-0
-0
-0
-0
-0
-0
-0
4.03453
-0
-0
-0
-0
-0
5.41901
-0
7.15886
-0
14.3277
-0
22.5346
-0
1.56804
-0
-0
0.395765
-0
-0
-0
-0
-0
-0
-0
-0
42.9408
-0
3.81286
25.6398
-0
-0
-0
10.6943
-0
-0
-0
-0
0.676982
-0
-0
46.9594
6.89153
-0
-0
-0
-0
-0
-0
-0
8.98232
-0
-0
1.13511
-0
9.34068
-0
-0
5.34784
-0
-0
13.0784
-0
-0
-0
19.1222
45.1729
-0
-0
-0
-0
37.6227
-0
-0
-0
-0
-0
-0
-0
-0
-0
-0
-0
-0
-0
-0
-0
19.9062
19.4693
-0
-0
-0
-0
14.9967
3.40221
-0
-0
-0
-0
-0
-0
-0
-0
12.3665
-0
-0
-0
-0
-0
-0
-0
27.0948
-0
14.0572
6.94464
-0
5.84019
-0
20.3754
-0
-0
-0
-0
-0
15.0916
19.7722
17.5542
-0
-0
-0
-0
-0
-0
-0
35.5127
-0
19.8253
8.3612
-0
45.7403
-0
-0
-0
-0
-0
-0
-0
-0
-0
-0
24.3997
-0
3.04508
3.06755
7.72511
-0
1.52599
-0
-0
-0
-0
0.819769
27.317
3.81703
-0
-0
-0
-0
-0
-0
-0
-0
-0
-0
-0
-0
-0
-0
-0
-0
1.15777
-0
-0
-0
-0
-0
-0
-0
-0
-0
-0
-0
-0
-0
-0
26.3978
-0
-0
-0
-0
-0
-0
-0
-0
-0
-0
-0
-0
-0
21.019
-0
-0
7.49822
26.6313
15.1117
10.374
-0
15.2531
2.73799
-0
-0
-0
-0
-0
-0
0.993745
9.39757
-0
-0
4.8621
-0
-0
-0
-0
-0
-0
-0
-0
-0
-0
-0
-0
-0
-0
-0
-0
-0
-0
-0
68.5357
9.58924
-0
-0
-0
-0
-0
0.184183
-0
-0
-0
-0
14.0805
-0
-0
-0
17.9572
-0
-0
-0
0.259835
-0
-0
-0
-0
-0
-0
-0
-0
-0
-0
21.6875
-0
-0
-0
-0
-0
-0
-0
-0
-0
-0
-0
-0
22.0508
-0
-0
-0
-0
-0
-0
35.3487
-0
41.4919
-0
-0
-0
7.41778
-0
-0
-0
28.1942
-0
-0
-0
-0
6.60461
-0
-0
-0
-0
-0
35.5223
-0
-0
-0
-0
-0
-0
49.5055
-0
-0
-0
-0
-0
-0
-0
-0
-0
19.8004
-0
2.39865
-0
-0
-0
-0
-0
-0
16.2644
-0
6.11681
46.6022
-0
-0
-0
-0
-0
-0
-0
-0
-0
2.93294
10.2989
-0
-0
23.8606
-0
22.1077
-0
-0
35.6867
-0
-0
37.2284
-0
-0
-0
36.4392
-0
-0
-0
-0
-0
-0
-0
-0
18.0669
1.16249
3.05525
-0
-0
-0
-0
-0
19.4871
-0
-0
-0
-0
-0
-0
-0
-0
-0
-0
-0
57.3965
-0
-0
-0
-0
-0
48.3838
-0
-0
-0
-0
7.86137
-0
11.2781
-0
1.07015
-0
-0
-0
-0
-0
-0
15.4736
-0
-0
-0
-0
-0
-0
-0
23.8818
-0
1.63237
-0
-0
-0
-0
-0
-0
-0
1.01629
-0
-0
-0
-0
-0
-0
-0
-0
19.1272
-0
20.941
-0
-0
8.91436
-0
-0
-0
21.6941
-0
-0
56.655
-0
-0
-0
-0
-0
-0
-0
-0
-0
-0
18.359
5.41887
-0
-0
-0
-0
-0
-0
-0
-0
-0
-0
-0
-0
29.1573
-0
-0
-0
-0
-0
-0
-0
-0
-0
5.19945
-0
-0
2.03554
-0
-0
-0
-0
-0
-0
25.2096
-0
0.977555
2.32849
-0
-0
13.4907
-0
-0
-0
-0
-0
-0
-0
-0
-0
-0
-0
-0
-0
-0
-0
-0
-0
-0
-0
-0
-0
-0
-0
-0
-0
-0
-0
-0
11.4925
-0
50.9566
-0
-0
-0
-0
-0
-0
-0
-0
11.1154
-0
-0
-0
10.7673
-0
-0
-0
-0
-0
-0
-0
-0
-0
-0
-0
-0
-0
-0
-0
-0
-0
23.3867
-0
-0
-0
-0
-0
-0
1.21189
-0
-0
9.97942
-0
38.4729
13.9233
17.3789
8.86706
-0
-0
-0
-0
-0
-0
-0
-0
-0
-0
33.0739
-0
-0
-0
-0
-0
-0
-0
-0
39.9664
25.7462
-0
-0
-0
3.15534
-0
-0
-0
-0
-0
-0
-0
-0
-0
-0
-0
-0
-0
-0
-0
-0
73.2424
21.1117
-0
-0
35.4257
-0
-0
73.9716
8.59023
-0
-0
12.6276
-0
21.1084
-0
-0
1.73044
-0
-0
-0
-0
-0
-0
-0
-0
-0
-0
16.7616
-0
-0
-0
-0
-0
5.39547
-0
-0
-0
-0
-0
-0
-0
-0
-0
-0
-0
-0
34.1718
2.03127
-0
-0
8.66173
13.4102
-0
-0
48.951
-0
-0
-0
-0
-0
-0
-0
24.4844
6.44089
-0
29.2076
4.49408
-0
21.3065
27.8352
-0
-0
-0
-0
-0
-0
-0
-0
-0
-0
-0
26.3057
-0
-0
-0
-0
0.816095
-0
69.632
-0
-0
-0
13.7608
-0
-0
-0
-0
-0
-0
52.6666
-0
-0
42.4183
-0
-0
-0
-0
-0
-0
1.91407
-0
-0
-0
-0
25.9132
-0
-0
51.751
-0
-0
-0
5.7342
-0
-0
-0
6.475
-0
-0
59.5845
15.6686
-0
-0
-0
-0
-0
8.61123
-0
-0
-0
-0
-0
-0
6.27684
-0
-0
-0
-0
26.0804
22.0937
-0
1.35096
-0
43.063
-0
-0
-0
-0
-0
-0
-0
-0
-0
-0
-0
-0
-0
-0
-0
-0
-0
-0
-0
-0
-0
14.7277
-0
-0
-0
-0
-0
-0
-0
-0
-0
-0
-0
-0
-0
-0
-0
-0
-0
-0
-0
-0
-0
-0
24.554
-0
-0
-0
-0
-0
26.9964
-0
5.40805
-0
-0
-0
-0
-0
-0
-0
-0
8.69531
-0
21.1662
-0
-0
-0
-0
46.725
27.6184
-0
-0
28.9264
-0
-0
9.85167
-0
-0
20.0275
-0
-0
-0
-0
-0
-0
-0
-0
-0
-0
-0
-0
-0
-0
44.0845
27.3557
-0
-0
-0
-0
2.71896
5.0085
-0
24.0505
-0
-0
-0
-0
-0
-0
-0
10.9811
-0
40.2633
-0
-0
-0
-0
-0
-0
-0
14.4913
-0
9.52839
-0
-0
38.3113
-0
-0
-0
-0
-0
6.66854
-0
-0
-0
0.197285
-0
-0
-0
-0
-0
-0
33.6967
-0
-0
-0
14.3148
-0
-0
-0
-0
0.229985
-0
56.3195
-0
3.23098
-0
-0
-0
-0
35.6918
-0
-0
-0
-0
3.97971
-0
-0
-0
-0
12.5682
-0
-0
-0
84.1807
-0
13.6058
33.7725
33.1419
-0
14.1958
-0
-0
-0
-0
23.9534
0.18479
-0
-0
-0
-0
-0
-0
-0
-0
-0
-0
-0
-0
-0
-0
-0
-0
-0
-0
15.6659
-0
-0
-0
-0
-0
-0
-0
-0
-0
-0
-0
0.714088
-0
-0
45.8401
-0
-0
17.023
-0
-0
-0
3.12945
5.52735
-0
-0
-0
-0
-0
-0
-0
-0
-0
-0
26.5963
23.6885
-0
8.26932
-0
27.3391
32.0376
-0
-0
-0
-0
-0
-0
-0
-0
-0
-0
15.6923
-0
15.0206
-0
-0
-0
-0
-0
-0
-0
-0
-0
-0
-0
9.25857
-0
-0
-0
-0
-0
-0
-0
-0
-0
-0
-0
-0
23.4154
-0
-0
-0
-0
-0
-0
-0
-0
-0
-0
-0
43.6281
-0
8.85672
21.7834
-0
-0
6.97229
-0
4.42954
-0
-0
-0
-0
-0
-0
-0
4.35965
11.4167
13.5236
-0
-0
-0
-0
-0
-0
-0
-0
-0
-0
-0
-0
0.447535
43.9176
-0
0.638334
-0
-0
-0
-0
-0
-0
-0
1.1074
-0
-0
-0
-0
-0
-0
-0
9.43798
-0
-0
-0
-0
-0
8.74391
-0
-0
-0
-0
-0
0.593116
-0
-0
-0
-0
-0
-0
-0
38.7992
-0
10.3114
24.9293
26.8842
-0
-0
-0
-0
-0
-0
-0
39.0928
-0
-0
-0
-0
3.79612
-0
-0
-0
-0
-0
-0
-0
-0
-0
-0
-0
-0
74.413
12.1909
-0
-0
-0
-0
-0
-0
3.21804
-0
-0
-0
-0
-0
-0
-0
-0
-0
2.31058
-0
-0
1.21128
-0
-0
-0
-0
-0
-0
-0
-0
6.22458
-0
-0
20.3791
-0
5.5748
-0
-0
20.6727
-0
-0
-0
-0
-0
-0
-0
-0
-0
13.2055
-0
-0
-0
3.71481
-0
-0
1.36451
-0
-0
-0
9.72108
-0
-0
-0
-0
-0
4.76181
53.842
2.49655
38.0776
-0
11.1097
-0
-0
-0
-0
-0
-0
-0
-0
51.8894
-0
-0
-0
-0
-0
39.2938
-0
-0
-0
-0
-0
-0
-0
-0
-0
-0
-0
19.3314
-0
-0
-0
8.37704
-0
-0
-0
-0
-0
-0
-0
-0
-0
-0
-0
-0
-0
19.554
-0
-0
-0
-0
-0
-0
-0
-0
-0
-0
-0
-0
-0
-0
-0
11.5299
-0
-0
-0
-0
24.2279
33.7305
-0
-0
-0
-0
-0
-0
-0
-0
-0
5.58378
-0
-0
-0
-0
-0
-0
-0
19.2951
-0
-0
-0
-0
-0
-0
-0
-0
10.9916
-0
-0
-0
-0
-0
-0
-0
-0
-0
-0
-0
-0
-0
-0
-0
-0
-0
-0
-0
0.321915
-0
-0
-0
-0
-0
10.4554
-0
19.8504
-0
-0
-0
-0
28.3006
-0
9.97162
11.0443
-0
-0
-0
-0
48.4931
-0
49.9919
-0
-0
-0
-0
-0
-0
-0
-0
16.9191
-0
-0
-0
-0
28.461
-0
-0
-0
-0
1.24885
-0
-0
-0
-0
-0
-0
-0
-0
-0
6.51809
-0
-0
-0
-0
-0
-0
-0
-0
-0
-0
-0
-0
23.5063
1.79317
-0
-0
-0
-0
-0
12.8018
-0
-0
-0
-0
-0
-0
-0
-0
4.65135
21.489
-0
-0
13.0848
29.9884
-0
-0
-0
-0
-0
-0
-0
-0
-0
-0
-0
-0
-0
-0
-0
-0
4.57711
12.8901
-0
-0
-0
16.7896
-0
-0
-0
-0
-0
-0
-0
-0
11.4579
-0
17.784
-0
49.6148
-0
-0
-0
22.3321
-0
14.4541
-0
-0
9.27117
-0
-0
-0
-0
-0
-0
-0
-0
-0
4.72492
-0
-0
-0
-0
-0
23.704
24.6396
-0
12.9138
-0
-0
8.44542
-0
-0
-0
-0
-0
-0
-0
-0
-0
-0
-0
-0
51.2482
-0
-0
-0
-0
-0
-0
-0
-0
-0
-0
-0
-0
-0
-0
-0
17.3376
2.61252
-0
-0
-0
-0
-0
-0
-0
-0
-0
-0
27.96
-0
-0
-0
29.0455
-0
-0
37.5575
-0
-0
-0
-0
-0
7.72393
-0
-0
-0
-0
-0
16.2826
-0
-0
-0
35.3641
19.9618
-0
-0
27.181
-0
-0
-0
-0
23.6451
-0
-0
-0
40.0625
-0
11.7762
-0
-0
-0
30.4905
-0
-0
-0
-0
-0
-0
-0
-0
-0
-0
-0
-0
-0
-0
-0
-0
-0
37.4038
-0
-0
-0
16.8064
-0
-0
-0
-0
-0
-0
-0
-0
-0
-0
-0
-0
17.918
-0
-0
26.4435
-0
-0
9.67914
-0
28.5795
1.85311
-0
-0
-0
-0
-0
-0
26.45
-0
-0
20.3679
-0
20.4018
46.8925
-0
25.5935
-0
-0
21.4633
-0
5.29532
-0
-0
-0
-0
19.6743
-0
-0
3.69081
13.6174
-0
-0
37.0409
-0
-0
-0
4.9603
-0
-0
-0
-0
-0
-0
-0
-0
-0
-0
-0
-0
15.3704
-0
7.62476
-0
-0
-0
-0
-0
-0
-0
37.1716
-0
-0
-0
-0
-0
11.7748
-0
-0
-0
-0
-0
-0
34.6768
1.23102
44.7436
-0
-0
-0
12.6846
-0
-0
-0
-0
-0
-0
-0
-0
-0
-0
-0
6.35311
-0
-0
17.2975
6.33968
-0
-0
-0
34.7969
-0
-0
-0
-0
-0
-0
-0
-0
-0
-0
-0
-0
-0
-0
-0
-0
-0
-0
-0
-0
-0
-0
-0
-0
-0
-0
-0
-0
-0
-0
-0
-0
6.60745
-0
-0
21.1141
32.8166
48.6074
-0
-0
-0
-0
-0
-0
-0
-0
-0
-0
-0
-0
-0
-0
38.9246
1.29099
-0
-0
-0
-0
6.06936
-0
-0
-0
-0
-0
-0
-0
-0
-0
-0
-0
-0
8.56813
30.4654
-0
13.3329
-0
14.8831
-0
16.8916
4.24843
-0
-0
-0
-0
0.622101
-0
-0
-0
-0
-0
-0
9.15809
-0
-0
-0
-0
-0
-0
-0
-0
-0
-0
-0
-0
-0
-0
-0
-0
-0
5.5739
-0
-0
-0
-0
-0
-0
-0
-0
-0
-0
-0
-0
14.7259
-0
-0
-0
-0
-0
0.255348
-0
-0
-0
-0
-0
-0
-0
-0
-0
-0
-0
-0
-0
-0
6.64711
-0
-0
-0
2.08024
-0
-0
-0
-0
-0
-0
-0
-0
-0
-0
-0
-0
-0
23.0115
2.52075
-0
-0
-0
-0
-0
-0
-0
3.20278
-0
-0
-0
-0
-0
-0
-0
-0
-0
-0
0.563071
-0
-0
-0
-0
19.0644
-0
-0
-0
-0
22.205
2.27201
-0
21.3718
2.72864
-0
-0
-0
-0
-0
0.729202
-0
-0
-0
-0
-0
-0
-0
-0
-0
-0
-0
-0
-0
-0
3.66586
-0
-0
-0
-0
-0
-0
55.4831
-0
-0
-0
-0
46.2452
-0
-0
-0
-0
-0
-0
42.5353
4.99275
-0
-0
-0
-0
-0
-0
-0
66.8432
-0
-0
-0
-0
-0
-0
-0
0.958479
-0
-0
-0
-0
-0
-0
2.57128
-0
10.2903
-0
-0
4.26133
12.6203
-0
-0
-0
-0
-0
-0
-0
-0
-0
-0
18.9803
-0
-0
-0
-0
-0
-0
-0
-0
-0
-0
-0
-0
-0
-0
-0
50.4394
-0
-0
-0
-0
-0
-0
-0
-0
-0
7.23682
-0
-0
-0
-0
-0
-0
-0
9.5307
-0
-0
-0
-0
4.35358
-0
-0
18.8076
22.6457
8.83532
-0
17.4873
23.5762
-0
-0
-0
-0
-0
-0
-0
-0
6.0537
58.8748
-0
-0
-0
-0
-0
41.9258
-0
-0
-0
4.07845
3.55706
-0
-0
13.4016
-0
-0
-0
-0
-0
-0
-0
-0
-0
-0
-0
-0
-0
-0
-0
-0
-0
-0
-0
-0
-0
-0
-0
-0
-0
-0
35.4865
-0
-0
-0
-0
14.9175
-0
-0
17.9154
-0
-0
-0
-0
-0
7.193
-0
53.3384
-0
-0
-0
-0
-0
22.8293
-0
8.6778
-0
-0
4.94412
26.9916
-0
-0
-0
40.1883
-0
16.7824
13.0156
-0
-0
47.7718
-0
-0
-0
-0
-0
-0
39.5003
25.8511
6.10148
-0
-0
-0
-0
-0
14.9386
-0
-0
-0
-0
-0
-0
25.2316
-0
-0
-0
-0
-0
-0
-0
-0
-0
14.7483
3.25111
26.6924
-0
-0
-0
-0
-0
17.3087
-0
-0
-0
-0
-0
-0
-0
-0
-0
-0
7.4216
-0
-0
-0
-0
-0
-0
-0
-0
-0
-0
-0
25.8536
-0
-0
-0
-0
-0
-0
-0
-0
-0
51.0066
-0
-0
-0
-0
-0
-0
26.5071
-0
-0
-0
-0
5.00178
3.50234
-0
-0
-0
-0
-0
-0
-0
23.4586
-0
54.5318
35.3205
-0
6.53286
-0
-0
-0
-0
-0
-0
-0
-0
41.3091
-0
-0
-0
-0
-0
47.7626
-0
-0
-0
-0
-0
-0
-0
19.92
-0
-0
-0
-0
-0
-0
0.490823
-0
36.3674
-0
55.9693
-0
-0
-0
-0
-0
8.09707
14.5944
-0
-0
-0
-0
-0
-0
-0
-0
-0
-0
-0
-0
-0
-0
-0
-0
-0
-0
-0
3.43884
-0
-0
-0
10.5911
-0
-0
-0
2.28371
-0
-0
32.2879
-0
2.55685
42.1475
-0
-0
-0
21.1275
-0
-0
-0
-0
-0
22.9703
-0
-0
-0
-0
-0
-0
-0
-0
-0
-0
-0
-0
-0
-0
18.3826
-0
-0
-0
-0
-0
-0
-0
-0
-0
-0
-0
-0
-0
17.6787
-0
-0
34.6753
-0
-0
-0
31.6462
-0
-0
-0
-0
-0
18.9
-0
-0
-0
37.7104
17.8862
15.5604
-0
-0
27.0011
-0
-0
-0
-0
-0
-0
46.9526
-0
-0
-0
-0
-0
-0
13.1249
-0
-0
-0
-0
-0
-0
-0
14.2891
6.12
-0
-0
-0
-0
-0
-0
-0
-0
11.84
-0
-0
-0
6.35496
-0
-0
-0
-0
-0
-0
-0
31.116
-0
8.50837
-0
-0
-0
13.7041
-0
-0
-0
-0
-0
17.9019
44.1464
0.0121627
-0
-0
-0
-0
-0
-0
-0
-0
-0
-0
-0
13.8548
-0
-0
-0
-0
-0
12.7016
-0
-0
-0
-0
-0
-0
-0
-0
11.0616
9.64271
-0
-0
-0
-0
-0
-0
-0
-0
-0
32.698
-0
-0
-0
-0
-0
-0
-0
-0
-0
-0
12.6634
-0
-0
39.0809
-0
-0
-0
-0
-0
-0
-0
6.19439
20.4843
-0
4.35638
-0
13.6594
-0
29.4065
-0
23.3768
-0
-0
12.6327
-0
-0
-0
-0
27.8655
-0
-0
74.0773
-0
-0
-0
-0
-0
24.0244
65.9365
9.87369
37.9874
-0
-0
-0
-0
-0
12.8701
-0
-0
-0
-0
-0
-0
-0
-0
-0
-0
28.9699
-0
-0
-0
-0
-0
-0
-0
-0
-0
-0
-0
-0
-0
-0
-0
-0
-0
-0
-0
-0
-0
-0
-0
-0
-0
-0
9.07974
-0
15.3778
-0
-0
-0
-0
-0
-0
-0
-0
-0
-0
-0
2.6556
-0
-0
-0
21.0049
-0
-0
-0
-0
-0
26.2267
-0
6.52051
-0
-0
-0
32.6616
-0
-0
-0
-0
4.96079
-0
-0
31.3809
-0
-0
-0
5.66394
-0
30.5784
-0
-0
-0
1.09972
-0
-0
-0
-0
-0
-0
-0
-0
4.93601
-0
-0
-0
-0
-0
-0
33.5587
1.68442
-0
-0
-0
-0
-0
-0
-0
-0
-0
-0
-0
34.9745
-0
-0
-0
-0
-0
-0
-0
-0
-0
-0
-0
-0
-0
45.6728
-0
7.82641
19.8018
-0
-0
-0
-0
-0
-0
-0
-0
-0
-0
-0
-0
-0
26.1056
-0
-0
22.9854
-0
4.73378
-0
-0
-0
-0
-0
-0
-0
-0
-0
-0
-0
40.1672
-0
-0
-0
-0
-0
-0
-0
9.66122
-0
-0
-0
-0
51.2755
-0
-0
-0
6.92843
-0
-0
17.1814
34.2542
-0
-0
15.2042
22.9665
-0
-0
-0
6.49469
-0
32.6623
69.444
3.68152
-0
3.4357
2.61688
-0
-0
-0
-0
-0
-0
-0
-0
-0
-0
2.6792
-0
-0
-0
-0
-0
-0
-0
-0
12.2632
-0
-0
-0
20.5243
-0
-0
-0
-0
-0
-0
-0
-0
-0
-0
-0
2.69728
-0
-0
-0
-0
10.2512
-0
-0
24.3485
-0
-0
-0
-0
-0
-0
5.96578
32.4727
31.7863
-0
7.13927
-0
33.5995
-0
-0
-0
47.9155
-0
-0
-0
-0
6.62551
-0
-0
-0
