3.1343
-0
-0
-0
-0
-0
-0
16.3413
3.82162
26.2606
18.5963
-0
-0
-0
-0
35.6927
-0
-0
-0
-0
-0
-0
-0
-0
-0
-0
24.5381
-0
-0
-0
-0
-0
-0
-0
2.63199
-0
-0
-0
-0
-0
-0
-0
-0
-0
-0
-0
-0
-0
-0
21.6669
-0
-0
-0
-0
-0
-0
7.76734
4.39455
52.7018
20.6281
-0
-0
-0
-0
-0
-0
8.9603
-0
-0
1.57271
-0
-0
-0
-0
-0
2.68227
-0
7.29952
-0
-0
-0
105.547
-0
13.9209
7.12709
-0
-0
-0
-0
-0
-0
-0
-0
-0
-0
-0
-0
-0
-0
-0
-0
-0
-0
1.60117
-0
-0
17.924
-0
-0
-0
-0
-0
-0
-0
-0
38.4962
-0
-0
65.4733
50.7404
-0
-0
8.67871
-0
25.0781
-0
-0
-0
-0
9.86907
11.0207
20.6847
5.70226
-0
-0
-0
9.22087
8.22678
-0
9.77682
-0
-0
-0
-0
3.791
-0
-0
-0
-0
-0
-0
-0
-0
-0
-0
-0
15.7849
-0
-0
1.73613
17.5469
-0
-0
34.0162
-0
-0
-0
-0
-0
71.0654
0.75298
8.59846
-0
-0
-0
-0
-0
-0
-0
-0
-0
-0
-0
-0
-0
17.7011
-0
-0
29.0772
-0
-0
21.3757
-0
7.3062
-0
-0
-0
-0
-0
-0
-0
-0
-0
-0
-0
32.744
-0
-0
-0
-0
-0
-0
8.24405
-0
-0
-0
-0
-0
-0
-0
-0
-0
-0
3.46702
-0
-0
-0
-0
-0
-0
-0
-0
-0
-0
-0
-0
-0
-0
-0
-0
-0
-0
-0
-0
-0
-0
10.9901
-0
-0
-0
-0
-0
-0
0.0863338
15.0042
-0
-0
-0
15.875
-0
-0
-0
-0
-0
-0
-0
-0
-0
-0
-0
-0
14.2052
-0
25.5424
-0
-0
-0
-0
-0
-0
-0
4.80013
-0
-0
-0
-0
-0
4.93296
-0
-0
-0
-0
8.36308
-0
21.3739
-0
1.08246
-0
-0
-0
-0
-0
0.703179
-0
0.391387
35.5784
-0
-0
47.1682
-0
0.49374
25.3152
-0
-0
-0
2.11924
-0
-0
-0
-0
-0
-0
2.7562
32.951
43.6879
-0
-0
-0
-0
12.2778
-0
-0
-0
-0
-0
-0
-0
5.43057
-0
-0
-0
-0
-0
13.4108
-0
-0
47.6936
-0
-0
-0
13.5754
-0
-0
-0
-0
-0
-0
-0
-0
-0
-0
-0
-0
6.66714
-0
2.63037
-0
-0
50.6917
-0
-0
-0
0.634429
38.412
-0
-0
-0
-0
-0
-0
-0
-0
14.6105
-0
-0
4.80727
-0
-0
-0
-0
-0
-0
-0
-0
-0
-0
-0
-0
-0
-0
-0
2.78839
-0
-0
-0
-0
-0
-0
-0
7.59293
-0
-0
-0
-0
-0
0.822771
-0
-0
-0
-0
19.1173
-0
-0
-0
-0
-0
-0
0.433433
-0
-0
-0
11.2657
-0
-0
12.3988
-0
-0
-0
-0
-0
-0
-0
19.3067
-0
-0
-0
-0
-0
-0
-0
39.0777
15.2347
-0
3.26465
63.875
57.0862
-0
-0
-0
-0
-0
-0
-0
-0
15.7785
-0
32.0291
-0
-0
-0
32.6236
-0
-0
-0
-0
1.11038
-0
-0
-0
-0
-0
-0
-0
-0
-0
-0
-0
23.2444
-0
7.78741
58.1833
-0
-0
-0
15.5288
8.6077
13.7095
-0
-0
-0
-0
-0
-0
-0
-0
-0
22.5307
-0
-0
15.2538
-0
-0
-0
-0
-0
-0
-0
-0
7.83948
-0
22.4361
-0
-0
15.4459
-0
-0
-0
-0
-0
4.93327
-0
-0
-0
-0
2.98813
-0
26.4213
23.7902
-0
-0
-0
-0
-0
-0
-0
2.44555
-0
-0
-0
-0
-0
-0
-0
-0
53.4739
16.5507
-0
-0
18.8086
5.18569
-0
-0
36.7495
-0
2.30058
-0
-0
-0
-0
14.9972
-0
-0
-0
-0
-0
33.3786
-0
-0
-0
-0
-0
-0
-0
14.6403
-0
-0
-0
-0
1.07362
43.277
-0
-0
11.4229
-0
-0
-0
-0
9.34993
-0
-0
-0
-0
-0
-0
-0
-0
-0
1.2449
-0
25.8629
-0
-0
-0
-0
-0
-0
30.0263
-0
-0
-0
-0
-0
-0
14.0523
-0
-0
-0
-0
-0
-0
-0
-0
-0
-0
-0
-0
-0
-0
-0
-0
-0
-0
-0
-0
-0
-0
-0
-0
-0
-0
-0
-0
-0
-0
-0
-0
-0
-0
-0
-0
-0
12.4539
36.8907
20.2923
-0
30.5086
-0
-0
-0
-0
-0
-0
-0
-0
22.9442
12.2697
-0
-0
0.235746
8.89833
-0
-0
-0
-0
-0
23.5454
-0
-0
14.9403
-0
-0
-0
-0
-0
-0
10.8807
-0
-0
-0
-0
-0
-0
-0
-0
31.9479
-0
-0
-0
-0
-0
-0
22.6956
-0
-0
-0
-0
-0
-0
-0
-0
-0
19.4044
-0
-0
32.2921
-0
-0
-0
4.82603
20.1325
42.2191
-0
-0
36.874
-0
-0
-0
1.53743
-0
-0
-0
-0
-0
-0
-0
41.8447
-0
-0
-0
11.7238
14.6706
-0
-0
-0
1.35849
-0
-0
-0
38.5983
-0
-0
-0
-0
-0
5.07521
8.00953
42.6583
3.07261
-0
-0
-0
-0
-0
-0
-0
-0
-0
-0
-0
72.337
-0
-0
-0
-0
-0
-0
40.0692
15.7171
-0
-0
-0
-0
-0
-0
1.82348
-0
-0
-0
-0
-0
1.64553
-0
-0
-0
-0
-0
-0
-0
11.0459
-0
-0
-0
-0
-0
-0
4.02016
-0
-0
-0
7.85558
-0
-0
0.891846
-0
-0
-0
-0
2.10481
-0
6.28066
34.864
-0
7.38291
-0
-0
-0
-0
-0
-0
-0
-0
-0
-0
-0
-0
44.4561
6.06015
-0
-0
20.5246
-0
-0
-0
-0
-0
-0
7.04784
-0
-0
-0
-0
-0
-0
-0
2.36687
-0
-0
-0
-0
-0
-0
-0
-0
-0
-0
54.2955
-0
-0
-0
-0
-0
-0
-0
-0
-0
-0
-0
-0
-0
-0
-0
-0
-0
-0
-0
-0
32.1267
-0
-0
21.221
-0
29.9705
-0
2.76969
-0
-0
-0
-0
-0
-0
25.491
-0
-0
-0
-0
-0
-0
13.3291
-0
0.139453
-0
-0
-0
11.7291
12.6135
13.7897
-0
9.12929
-0
-0
-0
-0
-0
18.42
-0
-0
-0
-0
-0
6.78343
17.9775
-0
-0
-0
11.6348
-0
7.0748
-0
-0
-0
-0
-0
-0
-0
-0
-0
-0
-0
-0
-0
-0
-0
-0
-0
-0
-0
-0
-0
-0
16.8196
-0
25.9406
-0
18.0854
-0
-0
-0
12.8624
-0
-0
-0
-0
-0
-0
-0
-0
-0
-0
-0
-0
-0
-0
-0
-0
-0
21.0178
17.3884
-0
-0
12.3854
-0
-0
47.8993
-0
-0
20.411
-0
14.4555
-0
-0
-0
-0
-0
12.0819
38.2703
10.0293
-0
-0
-0
-0
-0
-0
15.2796
-0
-0
-0
-0
-0
-0
-0
-0
-0
-0
-0
-0
-0
-0
-0
-0
-0
-0
-0
-0
-0
45.2235
-0
-0
-0
-0
-0
6.0626
-0
13.346
-0
6.95918
-0
-0
-0
-0
-0
-0
-0
-0
-0
-0
52.8028
-0
-0
-0
-0
-0
-0
-0
-0
-0
27.3346
-0
-0
53.0152
-0
-0
-0
-0
-0
-0
-0
-0
-0
-0
-0
-0
-0
-0
-0
-0
-0
-0
-0
-0
-0
-0
-0
5.84051
-0
-0
-0
-0
-0
-0
-0
-0
12.3281
-0
27.1319
-0
-0
-0
-0
4.87219
-0
-0
-0
-0
-0
27.981
-0
-0
-0
-0
-0
-0
-0
2.42472
5.80591
-0
-0
-0
-0
-0
-0
-0
-0
-0
-0
24.7153
-0
-0
-0
-0
4.27742
-0
-0
-0
-0
-0
15.1122
-0
-0
19.681
8.56588
-0
12.4324
-0
-0
10.9018
3.41428
-0
-0
-0
-0
-0
-0
-0
-0
0.491774
-0
-0
-0
-0
-0
-0
64.7194
20.5335
12.4678
3.88914
-0
-0
-0
-0
-0
-0
-0
-0
-0
-0
-0
-0
11.4995
-0
-0
-0
-0
-0
-0
-0
22.6917
-0
-0
-0
-0
-0
-0
-0
-0
-0
-0
-0
-0
30.9642
-0
25.289
-0
-0
-0
-0
25.6907
-0
-0
12.1
18.1134
-0
14.5271
-0
-0
-0
-0
22.3173
-0
-0
-0
-0
-0
-0
1.16803
-0
-0
-0
-0
-0
31.3098
-0
-0
-0
-0
-0
7.08144
-0
-0
-0
-0
5.83574
3.52301
-0
-0
-0
-0
-0
-0
-0
55.2805
1.54076
-0
-0
43.1723
-0
-0
-0
-0
11.0313
-0
-0
33.3576
-0
-0
-0
-0
-0
-0
-0
32.1009
-0
27.1399
-0
32.4755
-0
-0
-0
-0
12.8721
-0
-0
-0
-0
-0
-0
-0
-0
46.0595
-0
2.72502
4.53925
-0
-0
-0
1.62774
30.8024
-0
-0
-0
-0
-0
-0
41.9591
1.55388
-0
-0
-0
-0
-0
-0
-0
36.2593
-0
-0
-0
0.394794
12.9082
-0
-0
-0
-0
-0
-0
-0
-0
-0
8.55762
68.7032
-0
-0
2.7812
-0
69.2841
-0
-0
-0
-0
-0
-0
-0
-0
-0
-0
-0
-0
-0
-0
-0
6.5438
5.81612
-0
-0
-0
-0
-0
11.7078
-0
-0
-0
-0
-0
-0
-0
-0
10.9903
-0
3.73732
-0
-0
-0
-0
-0
-0
-0
9.40489
-0
-0
-0
-0
47.4964
-0
-0
-0
-0
-0
-0
0.22462
16.9239
-0
-0
-0
-0
10.3951
-0
-0
42.2963
-0
8.84642
23.6233
-0
35.3031
-0
-0
-0
-0
-0
-0
-0
-0
-0
-0
32.9801
-0
7.41381
-0
21.5704
-0
0.978744
-0
-0
-0
19.6924
0.423125
12.6688
-0
-0
-0
-0
-0
-0
-0
-0
-0
-0
-0
-0
-0
-0
-0
-0
-0
13.1032
-0
-0
-0
-0
-0
-0
-0
-0
-0
-0
-0
-0
-0
0.107823
29.6153
-0
-0
-0
-0
-0
-0
-0
-0
-0
-0
-0
-0
-0
-0
-0
-0
-0
37.6929
-0
-0
-0
1.0135
7.38588
-0
-0
-0
1.58822
8.46465
-0
34.2204
-0
-0
-0
2.46952
-0
-0
-0
-0
-0
-0
-0
-0
-0
-0
-0
-0
-0
-0
-0
-0
-0
-0
-0
37.7652
17.6274
-0
-0
-0
-0
-0
-0
-0
-0
-0
-0
28.6358
-0
-0
-0
14.0103
-0
-0
-0
0.181122
-0
-0
-0
-0
-0
-0
-0
-0
0.464119
-0
12.6783
-0
-0
-0
-0
1.30791
-0
-0
-0
-0
-0
-0
-0
34.2266
-0
-0
-0
-0
-0
-0
30.5183
-0
32.4225
-0
-0
-0
24.1751
-0
-0
-0
4.14361
-0
-0
-0
-0
22.9943
-0
-0
-0
-0
-0
41.2175
-0
-0
-0
-0
-0
-0
6.70505
-0
-0
-0
-0
1.58216
-0
-0
-0
-0
17.0042
-0
3.12149
-0
-0
-0
-0
-0
-0
-0
-0
-0
21.136
-0
-0
-0
-0
-0
-0
-0
-0
-0
-0
-0
-0
-0
29.7406
-0
16.8185
-0
-0
32.8673
4.90942
-0
33.1993
-0
-0
-0
36.1875
-0
-0
-0
-0
-0
-0
-0
-0
2.71376
13.3248
7.36975
-0
4.7018
-0
-0
-0
-0
-0
-0
-0
-0
-0
-0
-0
-0
0.385184
-0
-0
60.9562
-0
-0
11.1605
-0
-0
59.5747
-0
-0
-0
-0
8.01282
-0
-0
-0
19.0449
-0
15.0512
-0
8.79156
-0
1.91697
2.24282
-0
-0
-0
-0
-0
-0
-0
46.0165
-0
9.18934
-0
-0
-0
-0
-0
-0
-0
-0
-0
-0
-0
-0
-0
-0
-0
-0
27.3751
-0
8.01645
-0
-0
23.7622
-0
-0
-0
49.5461
-0
-0
62.6724
-0
-0
-0
-0
-0
-0
-0
-0
-0
-0
8.03033
3.50172
-0
-0
-0
-0
-0
-0
2.94165
-0
-0
-0
-0
-0
25.666
-0
2.82245
-0
-0
-0
-0
-0
-0
-0
-0
-0
-0
-0
-0
-0
-0
-0
-0
-0
24.4142
-0
2.67691
-0
-0
-0
-0
-0
-0
-0
-0
-0
-0
-0
-0
-0
-0
-0
-0
-0
-0
-0
-0
-0
-0
-0
-0
-0
-0
-0
-0
-0
-0
-0
-0
7.11332
-0
52.7813
-0
-0
-0
-0
-0
-0
-0
8.2165
9.55184
-0
-0
-0
7.46347
-0
-0
-0
-0
-0
-0
-0
-0
-0
-0
-0
-0
-0
-0
-0
-0
11.005
17.2247
-0
-0
-0
-0
-0
-0
2.32493
-0
-0
15.1426
-0
26.6817
-0
16.4937
3.0515
-0
-0
-0
-0
5.54627
8.6475
-0
-0
-0
-0
48.5828
-0
-0
-0
-0
-0
-0
-0
-0
29.6774
26.5408
-0
-0
-0
-0
-0
-0
-0
-0
-0
-0
-0
-0
-0
-0
-0
-0
17.0561
-0
-0
-0
75.9247
5.38318
-0
-0
60.1948
-0
-0
36.8159
39.2842
-0
-0
21.1478
-0
-0
3.80878
-0
0.176754
-0
-0
-0
-0
-0
-0
-0
-0
1.9922
-0
37.6087
-0
-0
-0
8.01126
-0
11.0063
-0
11.7757
-0
-0
-0
-0
-0
-0
-0
-0
-0
-0
23.9455
6.12006
-0
-0
18.1076
2.01732
-0
-0
33.0737
-0
-0
-0
-0
-0
-0
-0
13.6969
2.86059
-0
34.7052
-0
-0
41.6351
34.3512
-0
-0
-0
-0
-0
5.40538
15.7437
-0
-0
-0
0.884881
39.6702
-0
-0
-0
-0
2.42711
-0
36.8597
-0
-0
-0
-0
-0
-0
-0
-0
27.655
-0
54.237
-0
-0
56.5015
-0
-0
-0
-0
2.03411
-0
9.02481
-0
-0
20.0089
-0
41.7907
1.89534
-0
31.4831
-0
-0
-0
8.47211
-0
-0
-0
9.22547
-0
-0
77.868
-0
-0
-0
-0
-0
-0
13.6018
-0
-0
-0
18.2684
-0
-0
23.0249
-0
-0
-0
-0
0.410263
35.2945
-0
0.733089
-0
57.4337
-0
-0
-0
-0
-0
-0
-0
-0
-0
-0
-0
-0
-0
-0
-0
-0
-0
-0
-0
-0
-0
19.2343
-0
-0
-0
-0
27.839
-0
-0
-0
-0
-0
-0
-0
-0
-0
-0
-0
-0
-0
-0
-0
-0
-0
14.4887
-0
8.76195
-0
-0
-0
65.8045
-0
-0
-0
-0
-0
-0
-0
-0
4.20812
8.73497
17.3245
3.29927
29.1784
-0
-0
-0
-0
46.8741
52.6069
-0
-0
47.1343
-0
-0
18.0484
-0
-0
8.88266
-0
-0
-0
2.68126
-0
-0
-0
-0
-0
-0
-0
-0
-0
-0
18.344
25.3393
-0
-0
-0
-0
-0
4.01582
-0
14.5386
-0
-0
-0
-0
-0
-0
13.7849
1.83262
-0
27.2867
-0
-0
-0
-0
-0
-0
-0
12.4791
40.1701
5.60892
-0
-0
13.3049
-0
-0
-0
-0
-0
3.82906
-0
-0
-0
11.3592
-0
-0
-0
-0
-0
-0
26.2856
-0
-0
-0
3.85975
-0
-0
-0
-0
-0
-0
50.8941
-0
-0
-0
-0
-0
-0
27.6916
-0
-0
-0
-0
-0
-0
-0
-0
-0
36.4575
-0
-0
-0
72.0421
-0
33.1555
49.06
19.6624
-0
41.1134
-0
-0
-0
-0
21.7539
0.176051
-0
-0
-0
-0
-0
-0
-0
-0
-0
-0
-0
-0
-0
-0
-0
2.7634
-0
-0
-0
-0
-0
-0
-0
-0
-0
-0
-0
9.05741
-0
-0
-0
-0
-0
88.4982
-0
-0
-0
-0
-0
-0
4.42816
-0
-0
-0
-0
-0
8.75375
-0
-0
-0
-0
-0
13.9867
16.5377
-0
2.17016
-0
28.9966
27.0875
-0
-0
5.28425
-0
-0
-0
-0
-0
-0
-0
35.8436
-0
0.107666
-0
-0
-0
-0
-0
-0
-0
-0
-0
-0
-0
26.9806
-0
-0
-0
-0
-0
4.64539
-0
-0
-0
-0
-0
-0
29.1427
20.9278
-0
-0
-0
-0
-0
-0
-0
-0
-0
-0
42.6075
-0
31.4284
10.2059
-0
-0
-0
-0
-0
-0
-0
-0
-0
-0
-0
-0
21.0301
27.2023
16.9373
-0
-0
-0
-0
4.75941
-0
-0
-0
-0
-0
-0
-0
-0
28.4248
-0
-0
-0
-0
-0
-0
-0
-0
-0
5.12827
-0
-0
-0
-0
-0
-0
-0
-0
-0
-0
-0
-0
-0
0.400261
-0
-0
-0
-0
-0
-0
-0
-0
-0
-0
-0
-0
-0
32.4165
9.34549
31.4601
19.4761
20.2728
2.81807
-0
-0
-0
-0
-0
-0
12.753
-0
-0
-0
-0
2.59998
-0
-0
-0
-0
-0
-0
-0
-0
-0
-0
-0
-0
88.5177
-0
-0
-0
-0
-0
-0
-0
11.9326
-0
-0
-0
-0
-0
-0
-0
-0
-0
4.13943
-0
-0
10.9044
-0
-0
-0
-0
-0
-0
-0
-0
-0
-0
14.6669
8.34376
-0
33.6104
-0
-0
19.3766
-0
-0
-0
-0
-0
-0
-0
-0
-0
16.1981
-0
-0
-0
1.74132
-0
-0
1.39426
-0
-0
-0
11.2
-0
-0
-0
-0
-0
11.1355
39.896
-0
27.3241
-0
17.5807
-0
-0
-0
-0
-0
-0
-0
-0
52.3739
11.8747
-0
-0
-0
-0
23.4841
-0
-0
-0
0.448341
-0
-0
-0
-0
-0
-0
-0
30.8683
-0
-0
-0
15.0044
-0
-0
-0
-0
-0
-0
-0
-0
-0
-0
0.750077
-0
-0
1.98776
-0
-0
-0
-0
-0
-0
-0
-0
-0
-0
-0
-0
-0
-0
-0
22.6721
2.86698
-0
-0
-0
12.4097
20.5164
-0
-0
-0
-0
-0
-0
-0
-0
-0
4.94721
-0
-0
-0
-0
-0
-0
-0
32.5746
-0
-0
-0
-0
-0
-0
-0
-0
6.32385
-0
-0
-0
-0
-0
-0
-0
-0
-0
-0
-0
-0
-0
-0
-0
-0
-0
-0
-0
-0
-0
-0
-0
-0
-0
8.27178
-0
13.3814
21.2361
-0
-0
-0
34.8054
-0
26.5703
4.0209
-0
-0
-0
-0
38.5553
-0
38.0834
-0
-0
-0
-0
-0
-0
-0
-0
4.81246
-0
-0
-0
-0
14.0017
-0
-0
-0
-0
-0
-0
-0
-0
-0
0.792092
-0
-0
-0
-0
7.55396
-0
-0
-0
-0
-0
-0
-0
-0
-0
-0
-0
-0
21.9241
18.6424
-0
-0
-0
-0
-0
47.095
-0
3.26908
-0
-0
-0
-0
-0
-0
-0
-0
-0
-0
-0
-0
-0
-0
-0
-0
-0
-0
-0
-0
-0
-0
-0
13.758
-0
-0
-0
-0
-0
-0
-0
-0
-0
25.2967
14.8687
-0
-0
-0
-0
-0
-0
-0
35.2105
-0
14.9135
-0
39.611
-0
-0
-0
21.3931
-0
14.7762
-0
-0
-0
-0
-0
-0
-0
-0
-0
-0
-0
-0
1.47084
-0
-0
-0
-0
-0
47.0114
36.0937
-0
9.54278
-0
-0
-0
-0
-0
2.35158
-0
-0
5.66251
-0
-0
-0
8.54695
-0
0.906065
43.027
-0
-0
-0
-0
-0
-0
-0
-0
-0
-0
-0
-0
-0
-0
-0
15.7833
1.33727
-0
-0
-0
-0
7.01718
2.28655
-0
-0
-0
-0
50.9202
-0
-0
-0
24.3285
6.62561
-0
52.8891
-0
-0
-0
-0
-0
15.5853
15.8331
-0
-0
-0
-0
31.788
19.9279
-0
-0
32.279
15.212
-0
-0
11.7854
-0
-0
-0
-0
36.1578
-0
-0
-0
41.7927
-0
16.2742
-0
-0
-0
21.0067
-0
-0
-0
-0
-0
-0
-0
-0
-0
-0
-0
-0
-0
-0
-0
-0
9.68484
28.3518
-0
-0
7.24986
16.3781
-0
-0
-0
-0
-0
3.96261
-0
-0
-0
-0
-0
-0
9.23571
-0
-0
2.77208
-0
-0
6.56537
-0
25.1347
-0
-0
-0
-0
-0
-0
-0
24.0286
-0
-0
21.4454
-0
-0
48.0564
-0
25.4147
0.339818
-0
26.9508
-0
-0
-0
-0
-0
-0
25.2202
-0
-0
-0
29.9625
1.10792
-0
34.1081
-0
-0
-0
17.6768
-0
-0
-0
-0
-0
-0
-0
-0
-0
-0
-0
-0
27.3386
-0
-0
-0
-0
-0
-0
-0
-0
-0
33.6628
-0
-0
-0
-0
-0
5.22282
-0
4.2845
-0
-0
-0
-0
57.3297
8.6883
40.2703
-0
-0
-0
4.55515
-0
-0
-0
-0
1.16537
-0
-0
-0
-0
-0
-0
-0
-0
-0
9.23726
-0
-0
-0
-0
29.6289
-0
-0
0.59977
-0
-0
-0
-0
-0
-0
-0
-0
-0
-0
-0
-0
16.294
-0
-0
-0
-0
-0
-0
-0
-0
-0
-0
-0
-0
-0
-0
-0
-0
12.9659
-0
-0
20.8268
20.4459
33.4409
-0
-0
-0
-0
-0
-0
-0
-0
-0
-0
-0
-0
-0
-0
58.5105
-0
-0
-0
-0
-0
14.9549
-0
-0
-0
-0
-0
-0
-0
-0
-0
-0
-0
-0
22.5896
26.5013
-0
20.2608
-0
16.9932
-0
12.3177
-0
-0
-0
1.03515
-0
0.527188
-0
-0
-0
-0
-0
2.78246
17.723
-0
-0
-0
-0
-0
9.09323
-0
-0
-0
-0
-0
-0
-0
-0
1.1948
-0
-0
5.27726
-0
-0
-0
-0
-0
-0
-0
-0
-0
-0
-0
-0
9.08582
-0
-0
-0
7.21463
-0
-0
-0
-0
7.07774
-0
-0
2.89017
18.5493
-0
-0
-0
-0
-0
-0
-0
4.04154
-0
9.05251
-0
-0
-0
-0
-0
-0
-0
-0
5.37506
-0
-0
-0
-0
-0
-0
32.1978
9.49203
-0
-0
-0
-0
-0
-0
-0
5.52448
-0
-0
-0
-0
-0
-0
-0
-0
-0
-0
-0
-0
-0
-0
-0
28.5379
-0
-0
-0
-0
24.6348
14.4218
5.79953
28.781
10.4138
11.8218
-0
-0
-0
-0
1.17366
-0
-0
-0
-0
-0
-0
-0
-0
-0
-0
-0
-0
-0
-0
-0
-0
-0
-0
1.21882
-0
-0
50.0296
-0
-0
-0
-0
46.7745
-0
-0
-0
-0
-0
-0
52.3152
-0
-0
-0
-0
-0
-0
-0
-0
43.5858
-0
-0
-0
-0
-0
-0
-0
-0
-0
-0
-0
-0
-0
-0
-0
-0
18.7558
-0
-0
-0
9.87148
-0
-0
-0
-0
-0
3.66109
-0
-0
-0
-0
18.7713
-0
-0
-0
-0
-0
-0
-0
-0
-0
-0
-0
-0
-0
-0
-0
76.3554
-0
-0
-0
-0
-0
-0
-0
-0
-0
7.51286
-0
0.717582
-0
-0
-0
-0
-0
2.20274
-0
-0
-0
-0
-0
-0
-0
42.5478
9.94993
-0
-0
34.9948
-0
-0
-0
-0
-0
-0
8.43255
-0
-0
-0
43.5595
-0
-0
-0
-0
-0
58.0641
-0
-0
7.10532
-0
-0
-0
-0
-0
-0
-0
-0
-0
-0
-0
-0
-0
-0
-0
-0
-0
-0
-0
7.70336
-0
-0
-0
-0
-0
-0
-0
-0
-0
-0
-0
30.2292
-0
-0
-0
10.8322
0.715957
-0
-0
-0
-0
-0
-0
-0
1.19485
14.4046
-0
56.9135
4.08852
-0
-0
-0
-0
13.0279
-0
4.59684
-0
-0
4.1031
32.5671
-0
-0
-0
44.1621
-0
14.1237
19.7886
-0
-0
63.9359
-0
-0
-0
-0
-0
-0
18.9988
28.4164
-0
-0
-0
-0
-0
0.483676
9.32253
-0
0.0876114
-0
-0
-0
-0
13.0436
-0
-0
-0
-0
-0
-0
-0
-0
-0
28.1269
4.4029
13.2337
-0
-0
-0
-0
-0
18.041
-0
-0
-0
-0
-0
-0
-0
-0
-0
-0
-0
-0
-0
10.7383
-0
-0
-0
-0
-0
-0
-0
-0
23.4442
-0
-0
-0
-0
-0
-0
-0
-0
-0
53.6508
-0
-0
-0
-0
-0
8.70498
0.0876839
-0
-0
-0
-0
2.05239
-0
-0
-0
-0
-0
-0
-0
-0
53.6072
-0
57.1423
20.9014
-0
-0
8.16687
-0
-0
-0
-0
-0
-0
-0
19.0739
-0
-0
-0
-0
-0
30.7732
-0
-0
-0
-0
-0
-0
-0
13.8997
-0
-0
-0
-0
-0
-0
26.4774
-0
29.1516
-0
42.4365
-0
-0
-0
-0
-0
8.95259
-0
-0
-0
-0
-0
-0
-0
-0
14.9371
-0
-0
-0
-0
-0
-0
-0
-0
-0
-0
-0
0.8316
-0
-0
-0
4.52074
-0
-0
-0
32.3998
-0
-0
53.5339
-0
-0
37.4576
-0
-0
-0
15.9632
-0
-0
-0
-0
-0
30.3429
-0
-0
-0
-0
-0
-0
-0
-0
-0
2.60187
-0
-0
-0
-0
15.7796
-0
-0
-0
-0
-0
-0
-0
-0
-0
-0
-0
-0
-0
29.7643
-0
-0
35.4757
-0
-0
-0
16.9396
-0
-0
-0
-0
-0
-0
-0
-0
17.8855
31.5931
23.119
16.5418
-0
-0
9.68955
-0
-0
-0
-0
-0
-0
50.79
-0
-0
11.7741
16.9151
-0
-0
26.9622
-0
-0
-0
-0
-0
-0
-0
5.66974
-0
-0
-0
-0
-0
-0
-0
-0
-0
10.3043
-0
-0
0.961393
5.84892
-0
-0
-0
-0
-0
-0
-0
26.8728
-0
15.5968
-0
-0
-0
6.97058
-0
-0
-0
-0
-0
1.61262
56.4898
-0
-0
-0
-0
-0
-0
-0
-0
-0
-0
-0
-0
7.33845
-0
-0
-0
-0
-0
-0
-0
-0
-0
-0
-0
-0
-0
-0
-0
25.6991
-0
-0
-0
-0
-0
-0
2.98688
-0
-0
11.0964
-0
-0
-0
-0
-0
-0
-0
-0
-0
-0
-0
-0
-0
49.0809
-0
-0
-0
-0
-0
-0
-0
-0
24.6155
-0
30.7222
-0
19.6456
-0
13.863
-0
-0
-0
-0
-0
-0
-0
-0
-0
41.977
-0
-0
70.37
-0
-0
-0
-0
-0
3.7304
20.664
-0
30.3171
-0
-0
-0
-0
-0
23.0661
-0
-0
-0
-0
-0
21.2145
-0
-0
-0
-0
9.5639
-0
-0
-0
-0
-0
-0
-0
-0
-0
-0
-0
-0
-0
-0
-0
-0
-0
-0
-0
-0
-0
-0
-0
-0
-0
-0
24.4569
-0
30.3796
-0
-0
-0
-0
-0
-0
-0
-0
-0
-0
5.65739
-0
-0
-0
-0
19.6885
-0
-0
-0
-0
-0
-0
-0
9.0219
-0
-0
-0
6.67351
-0
-0
-0
-0
9.95899
-0
-0
31.0622
-0
-0
-0
10.9745
-0
2.72208
-0
-0
-0
19.6688
-0
-0
-0
3.84627
-0
-0
11.3601
-0
3.72899
17.4883
-0
-0
-0
-0
-0
17.3081
4.87043
-0
2.48446
-0
-0
-0
-0
-0
-0
-0
-0
-0
24.8216
-0
-0
-0
-0
-0
-0
-0
-0
-0
-0
-0
-0
-0
45.7729
-0
8.4099
7.8468
-0
-0
-0
-0
-0
-0
-0
-0
-0
-0
-0
-0
-0
-0
-0
-0
-0
-0
6.19256
-0
-0
-0
-0
-0
-0
-0
-0
-0
-0
4.24921
23.4696
-0
-0
-0
1.13112
-0
-0
-0
23.2792
-0
-0
-0
-0
84.2271
-0
-0
-0
-0
-0
-0
24.1324
28.9739
-0
-0
14.8872
-0
-0
1.67208
-0
11.0196
-0
40.9263
73.2789
-0
-0
4.13229
9.63723
-0
22.7524
-0
-0
-0
-0
-0
-0
-0
-0
3.04929
-0
-0
-0
-0
-0
-0
-0
-0
20.9449
13.4799
-0
-0
12.4517
-0
3.59169
-0
-0
-0
-0
10.3579
-0
-0
-0
-0
7.49689
-0
-0
-0
-0
-0
-0
-0
11.6905
-0
-0
-0
-0
-0
-0
2.5455
5.27772
28.1954
-0
-0
-0
14.8049
-0
-0
-0
42.0198
-0
-0
-0
-0
11.3595
-0
4.78769
-0
