2.65257
-0
-0
-0
-0
35.408
-0
10.829
21.2715
7.95635
25.1029
-0
-0
-0
-0
23.7173
-0
-0
-0
-0
-0
4.95066
-0
-0
-0
-0
0.0659035
-0
-0
-0
-0
-0
-0
-0
0.615561
-0
-0
-0
-0
-0
-0
-0
-0
-0
-0
-0
-0
2.98209
-0
-0
-0
-0
-0
-0
-0
-0
-0
2.6907
35.9597
10.0343
-0
-0
4.88674
-0
-0
-0
16.9303
18.1965
-0
0.934895
-0
-0
-0
-0
-0
2.59578
-0
9.76913
-0
-0
-0
64.1545
-0
1.69208
5.8625
-0
-0
-0
-0
-0
-0
-0
-0
-0
-0
-0
3.62908
-0
-0
-0
-0
-0
-0
-0
1.61679
-0
12.6653
-0
-0
13.375
-0
3.48565
-0
-0
6.90852
46.3501
-0
-0
40.9071
24.5018
-0
-0
-0
-0
45.0905
-0
-0
-0
-0
18.7217
-0
28.0787
7.36596
-0
-0
-0
8.90873
25.7895
-0
24.9737
-0
-0
-0
4.99013
8.06792
-0
-0
1.17265
-0
-0
-0
-0
-0
-0
-0
-0
13.9218
-0
-0
1.40114
3.02107
-0
-0
32.3792
-0
-0
-0
-0
-0
37.5885
-0
16.2697
-0
-0
-0
-0
-0
-0
-0
-0
-0
-0
-0
-0
-0
32.0749
-0
-0
28.3006
-0
-0
26.5192
22.0143
-0
-0
-0
-0
-0
-0
-0
-0
-0
13.0646
-0
-0
7.49089
-0
-0
-0
-0
-0
-0
-0
-0
-0
-0
-0
-0
-0
-0
-0
-0
-0
6.22741
-0
-0
-0
-0
-0
-0
-0
4.52531
-0
-0
-0
-0
-0
-0
-0
-0
-0
3.63245
-0
-0
-0
-0
12.3372
-0
-0
-0
-0
-0
-0
-0
29.5156
-0
-0
6.36547
6.98971
-0
-0
-0
-0
-0
-0
-0
-0
-0
-0
-0
-0
32.7011
-0
17.5871
-0
-0
-0
-0
-0
-0
-0
6.18914
-0
-0
-0
-0
-0
-0
-0
-0
-0
-0
11.6448
-0
30.7589
-0
-0
-0
-0
8.00886
-0
-0
3.85412
-0
25.6169
28.2552
-0
-0
39.9291
-0
8.53882
25.5173
-0
-0
-0
1.23042
-0
-0
-0
0.64807
-0
-0
3.68669
20.6221
37.2835
-0
-0
-0
-0
24.431
-0
-0
-0
-0
-0
-0
-0
-0
-0
-0
-0
-0
-0
25.664
-0
-0
20.5692
-0
-0
-0
10.9949
-0
-0
-0
4.31728
-0
-0
-0
-0
-0
24.6232
-0
-0
5.17388
-0
1.17737
-0
-0
9.08842
-0
-0
1.73858
0.738836
54.5306
-0
-0
-0
6.39897
-0
-0
-0
-0
-0
-0
-0
-0
-0
-0
-0
-0
23.1574
15.6567
-0
-0
-0
-0
-0
0.639227
-0
3.37351
14.4402
6.13677
-0
-0
5.91308
-0
-0
-0
-0
6.87954
-0
-0
-0
-0
2.04502
37.8028
-0
-0
-0
-0
-0
-0
-0
-0
-0
-0
3.29373
11.1425
24.2537
1.8718
-0
23.0987
-0
-0
13.0679
-0
-0
-0
-0
-0
-0
-0
42.9362
-0
-0
-0
-0
-0
-0
-0
27.6781
4.53475
-0
-0
38.4195
28.6279
-0
-0
-0
-0
-0
-0
4.03283
-0
9.02333
-0
-0
-0
-0
-0
-0
-0
-0
-0
-0
-0
1.02917
-0
-0
-0
-0
-0
-0
10.017
-0
-0
-0
27.8846
-0
-0
73.3088
-0
-0
12.8121
-0
-0
-0
-0
-0
-0
-0
-0
-0
3.90624
-0
-0
5.2091
-0
-0
18.138
-0
-0
-0
-0
-0
-0
5.61988
-0
9.7849
-0
-0
-0
-0
22.8568
-0
-0
-0
16.6513
-0
-0
-0
-0
-0
-0
30.7578
-0
22.2254
8.65444
-0
-0
-0
-0
-0
-0
-0
0.733902
27.7164
-0
-0
0.0534333
-0
-0
-0
-0
38.3952
4.35177
-0
-0
1.14348
7.6695
-0
-0
27.3342
-0
0.533473
-0
-0
-0
-0
-0
-0
-0
-0
19.8759
-0
4.78737
-0
-0
14.0592
-0
-0
-0
-0
-0
-0
-0
-0
6.49104
10.313
33.2392
-0
-0
5.03487
-0
-0
1.225
5.36013
4.12815
15.5575
-0
-0
-0
-0
-0
-0
-0
-0
-0
-0
21.5059
-0
15.5088
6.61468
-0
-0
-0
27.8903
-0
7.63512
-0
-0
-0
-0
-0
-0
-0
-0
-0
-0
-0
-0
11.0997
-0
-0
-0
-0
-0
-0
-0
-0
-0
-0
-0
-0
11.3434
-0
-0
-0
7.39209
-0
-0
-0
-0
-0
-0
-0
-0
-0
-0
-0
11.5286
13.7141
48.5549
5.11339
-0
41.0012
6.38286
-0
-0
-0
-0
-0
-0
-0
20.9351
26.0951
-0
-0
-0
18.3322
-0
-0
-0
-0
-0
-0
-0
-0
-0
-0
-0
-0
8.5728
-0
-0
4.33992
-0
-0
-0
2.95433
2.26001
-0
-0
-0
18.9845
-0
-0
-0
-0
-0
-0
22.91
-0
-0
-0
-0
-0
-0
-0
3.76921
-0
0.379963
-0
-0
14.3173
-0
-0
-0
19.7154
34.5171
8.35578
-0
-0
31.4547
-0
-0
-0
2.44649
-0
-0
-0
-0
-0
-0
-0
38.062
-0
-0
-0
25.0517
22.5656
-0
-0
-0
1.55191
-0
-0
-0
30.4468
-0
-0
-0
-0
-0
-0
27.8986
40.9927
-0
-0
-0
-0
-0
-0
-0
-0
-0
-0
-0
-0
50.3719
-0
-0
-0
-0
-0
-0
34.9407
22.2173
-0
-0
-0
-0
-0
-0
-0
-0
-0
-0
-0
-0
-0
-0
23.2151
-0
-0
6.83116
-0
2.82116
25.6106
-0
-0
-0
-0
-0
-0
2.03368
-0
-0
-0
10.7187
-0
-0
-0
-0
-0
-0
-0
2.86279
-0
9.36138
14.6332
-0
9.41202
-0
-0
-0
9.2355
17.3518
-0
-0
1.21607
-0
-0
-0
-0
23.7887
6.76562
-0
-0
8.52689
-0
-0
-0
23.0952
-0
-0
-0
-0
-0
18.6871
-0
-0
-0
-0
9.69505
-0
-0
-0
-0
-0
-0
-0
-0
3.47967
-0
11.7334
-0
-0
-0
-0
0.573357
-0
-0
-0
-0
-0
6.23239
-0
-0
4.69205
-0
-0
-0
-0
-0
-0
38.1374
-0
-0
36.3538
-0
25.0592
-0
-0
-0
-0
9.11276
-0
-0
-0
40.7337
-0
-0
-0
-0
-0
-0
39.6416
-0
-0
-0
4.67696
-0
22.6386
6.65506
1.64999
-0
-0
-0
-0
-0
0.0152727
6.20948
2.60792
-0
-0
2.67396
11.0469
-0
23.2374
25.2023
0.618145
-0
3.01447
-0
-0
-0
-0
-0
-0
-0
-0
-0
-0
-0
-0
-0
-0
-0
-0
-0
-0
-0
-0
5.15102
2.91775
-0
-0
-0
43.7487
-0
3.66638
-0
18.921
-0
-0
-0
-0
-0
-0
-0
-0
-0
-0
-0
-0
-0
-0
-0
-0
-0
4.88353
-0
-0
-0
13.3972
32.8747
-0
-0
-0
-0
0.696726
46.605
-0
-0
-0
-0
23.298
-0
-0
-0
-0
-0
18.178
48.8807
12.7772
-0
-0
-0
-0
-0
-0
19.9273
-0
-0
4.23693
-0
-0
28.8983
-0
-0
-0
-0
-0
-0
-0
-0
-0
17.2086
-0
-0
-0
-0
-0
34.0226
7.60965
-0
11.7422
-0
-0
-0
3.84703
9.6513
-0
-0
-0
12.679
-0
-0
-0
-0
-0
19.5551
-0
-0
58.0713
-0
-0
-0
-0
-0
-0
-0
-0
-0
31.2568
-0
-0
45.1268
-0
-0
-0
-0
-0
-0
-0
-0
17.7861
-0
-0
-0
-0
-0
-0
-0
-0
-0
-0
-0
-0
-0
-0
4.43112
-0
-0
-0
-0
-0
-0
-0
-0
26.4445
-0
21.5799
-0
-0
-0
-0
-0
-0
-0
-0
-0
-0
21.2092
-0
-0
-0
-0
-0
-0
-0
4.6402
5.33887
-0
-0
-0
-0
-0
-0
-0
-0
-0
-0
28.9127
-0
-0
-0
-0
21.5351
-0
-0
-0
-0
-0
25.9714
-0
-0
22.2525
22.0898
-0
-0
-0
-0
8.51292
-0
-0
-0
-0
-0
-0
-0
-0
-0
11.4854
-0
-0
-0
20.7315
-0
-0
44.3996
24.4978
33.5746
-0
-0
-0
-0
-0
-0
-0
-0
-0
9.52775
-0
-0
-0
5.15355
-0
-0
-0
-0
-0
-0
-0
7.95343
-0
-0
-0
-0
-0
-0
17.6645
-0
-0
0.975452
-0
-0
43.8732
-0
41.2466
-0
-0
-0
-0
17.6088
-0
-0
15.9463
29.4653
-0
31.3205
-0
-0
-0
5.70144
20.121
-0
2.28021
-0
-0
-0
-0
-0
-0
-0
-0
1.75797
-0
26.7115
-0
-0
-0
-0
-0
11.7952
-0
-0
-0
-0
2.89688
-0
-0
-0
-0
-0
-0
-0
-0
76.449
21.1698
-0
-0
30.7314
-0
-0
-0
-0
-0
-0
-0
-0
-0
-0
-0
0.0876043
4.5698
-0
-0
32.0191
-0
18.6219
28.8526
48.706
-0
1.66657
-0
-0
-0
-0
-0
-0
-0
-0
-0
-0
-0
46.6098
-0
1.32658
13.7834
7.83658
-0
-0
13.1761
-0
-0
-0
10.1718
15.0642
-0
-0
56.0033
14.4551
-0
-0
0.897139
-0
-0
-0
-0
7.93254
-0
-0
13.9623
-0
18.825
-0
-0
3.00364
5.90882
-0
10.1207
-0
1.11863
-0
24.2836
32.267
-0
-0
-0
-0
47.5196
0.294711
-0
-0
-0
-0
-0
-0
-0
-0
-0
5.40875
-0
-0
4.8213
-0
5.39007
6.63767
-0
-0
-0
25.2849
-0
16.932
-0
-0
-0
-0
-0
-0
-0
-0
14.3419
-0
17.6995
-0
-0
-0
-0
-0
15.4468
-0
30.5707
25.3795
-0
-0
-0
28.7616
-0
-0
-0
-0
-0
0.991388
16.7198
10.3849
-0
-0
-0
-0
-0
-0
18.1541
52.0585
-0
-0
2.26048
-0
30.167
-0
-0
-0
-0
-0
-0
-0
-0
-0
-0
5.79282
-0
-0
-0
27.6524
-0
1.63722
-0
-0
-0
39.0656
-0
32.2214
-0
-0
-0
-0
-0
-0
-0
-0
-0
3.88381
-0
-0
-0
-0
-0
-0
-0
16.339
-0
-0
-0
-0
-0
-0
-0
-0
-0
-0
-0
-0
-0
20.9651
1.61521
-0
-0
-0
-0
-0
-0
-0
-0
-0
-0
-0
-0
-0
9.70874
-0
-0
-0
33.0736
1.48598
-0
-0
9.79768
-0
-0
-0
-0
-0
13.015
-0
16.3305
5.65124
-0
-0
5.33101
-0
-0
-0
-0
-0
-0
-0
-0
-0
0.438663
-0
-0
-0
-0
9.9381
-0
-0
-0
-0
53.693
13.5635
-0
-0
-0
-0
-0
0.0364886
-0
-0
-0
-0
7.86892
-0
-0
-0
12.1331
-0
-0
-0
-0
-0
-0
-0
-0
-0
-0
-0
-0
-0
-0
19.7898
-0
-0
-0
-0
-0
-0
-0
-0
-0
-0
-0
2.59139
-0
-0
-0
-0
-0
-0
-0
15.5422
-0
18.3765
-0
-0
13.4971
-0
-0
-0
-0
32.6231
-0
-0
-0
-0
14.7375
-0
-0
26.2933
-0
-0
31.5345
-0
-0
-0
-0
-0
-0
27.2836
-0
-0
-0
-0
-0
-0
18.7631
5.40716
-0
31.3121
-0
0.839783
-0
-0
-0
3.62306
-0
-0
8.44775
-0
-0
18.7576
7.12471
-0
-0
10.0553
-0
-0
-0
-0
-0
-0
27.3234
-0
10.9799
29.9928
-0
-0
-0
9.71223
21.9165
3.34744
-0
-0
-0
-0
-0
35.7835
-0
-0
-0
-0
-0
-0
-0
15.4716
21.4545
16.7424
11.5101
-0
-0
-0
3.99333
-0
22.5156
-0
-0
-0
18.5829
-0
-0
-0
-0
-0
-0
-0
69.6049
-0
-0
21.1483
-0
-0
21.0119
-0
-0
-0
-0
-0
-0
-0
-0
13.0452
-0
14.7501
-0
15.2033
-0
-0
22.0477
-0
-0
-0
-0
-0
-0
39.5434
28.5429
-0
-0
-0
-0
-0
-0
-0
-0
-0
8.27076
-0
-0
-0
4.13572
-0
-0
-0
-0
14.523
-0
32.1063
-0
-0
3.92338
25.3424
-0
-0
53.6945
-0
-0
29.7367
-0
-0
-0
-0
-0
-0
-0
-0
-0
-0
11.8538
-0
-0
-0
-0
-0
-0
-0
-0
-0
-0
-0
-0
8.26133
-0
-0
2.34062
-0
-0
-0
-0
-0
-0
-0
19.8776
-0
-0
5.5693
-0
-0
12.6811
-0
-0
-0
3.4487
-0
-0
0.250746
5.62181
-0
-0
-0
-0
7.99686
-0
-0
-0
-0
-0
-0
-0
-0
-0
-0
-0
-0
-0
-0
-0
-0
-0
-0
-0
-0
-0
-0
-0
-0
-0
17.6821
-0
33.6218
-0
-0
-0
-0
-0
-0
-0
-0
23.4581
-0
-0
-0
-0
-0
-0
-0
-0
-0
4.33274
-0
-0
-0
-0
-0
-0
-0
-0
10.5955
-0
22.0945
13.7019
-0
-0
-0
-0
-0
-0
1.90692
-0
-0
-0
-0
29.3656
13.3068
23.0555
2.52733
-0
-0
7.08316
-0
32.4483
-0
-0
-0
-0
-0
15.0915
-0
-0
-0
-0
-0
-0
-0
-0
-0
21.5741
-0
-0
-0
9.14455
-0
-0
-0
-0
-0
3.24156
-0
-0
-0
1.57075
-0
-0
5.32212
3.85226
-0
-0
51.0155
9.24229
5.57837
-0
54.8069
-0
-0
33.5113
17.1251
-0
-0
5.10233
-0
30.8242
4.69661
-0
0.205386
-0
-0
-0
-0
-0
-0
-0
-0
0.917842
-0
21.1066
-0
-0
-0
2.68161
-0
-0
-0
24.0698
-0
-0
-0
-0
-0
-0
3.94445
-0
-0
-0
50.358
19.6511
7.60326
-0
-0
-0
-0
-0
22.2027
-0
2.44173
-0
-0
1.81484
-0
-0
32.1178
26.6105
-0
19.0184
-0
-0
19.8623
44.8496
-0
-0
-0
-0
-0
-0
-0
-0
5.74572
13.0689
-0
34.576
-0
-0
-0
-0
0.889485
-0
51.6292
-0
-0
-0
-0
-0
-0
-0
-0
-0
-0
75.7728
-0
-0
23.1404
-0
-0
6.63244
-0
-0
16.6626
-0
-0
-0
-0
-0
33.4458
10.9612
-0
31.7734
-0
-0
-0
8.35097
-0
-0
-0
7.80703
-0
-0
49.0997
2.88544
-0
-0
-0
-0
-0
11.7394
-0
-0
-0
14.0683
-0
-0
-0
-0
4.8364
-0
-0
16.5249
0.130845
-0
0.570059
-0
29.3894
7.53837
-0
-0
-0
-0
-0
-0
-0
-0
-0
-0
-0
-0
-0
-0
-0
-0
-0
-0
-0
-0
45.9855
-0
-0
-0
-0
21.1645
-0
6.76194
-0
-0
-0
-0
-0
-0
-0
-0
-0
-0
-0
-0
-0
-0
-0
5.93935
-0
-0
-0
-0
-0
21.4638
-0
-0
-0
8.53284
-0
-0
-0
-0
17.2073
16.7831
31.6376
10.0606
17.9557
-0
-0
-0
-0
24.754
27.9468
-0
-0
26.1365
-0
-0
25.7244
-0
-0
-0
-0
-0
-0
0.846274
-0
-0
1.26495
-0
-0
4.02359
-0
-0
-0
-0
20.914
17.2114
-0
-0
-0
-0
0.22759
1.46384
-0
18.1304
9.78823
-0
-0
-0
-0
-0
6.98331
12.7943
-0
48.5518
-0
-0
-0
-0
-0
-0
-0
20.8333
24.8309
2.57073
-0
3.63621
30.5648
-0
-0
0.301327
-0
-0
3.90322
-0
-0
-0
12.0647
-0
-0
-0
-0
-0
-0
38.0987
-0
-0
-0
1.24654
-0
-0
-0
-0
0.478273
-0
53.3192
-0
-0
-0
-0
-0
-0
16.9341
-0
-0
-0
-0
-0
-0
-0
-0
-0
6.20685
-0
-0
-0
62.8272
-0
17.6202
12.146
29.454
-0
31.1359
6.67615
-0
-0
-0
10.9635
10.1393
-0
2.05441
1.85681
-0
-0
-0
4.12529
-0
-0
-0
-0
-0
-0
-0
-0
-0
-0
-0
-0
-0
-0
-0
-0
-0
-0
-0
-0
2.74079
-0
-0
7.57983
-0
7.5052
33.1485
-0
-0
28.1296
-0
-0
-0
3.47007
5.56573
0.540751
-0
-0
-0
1.75542
-0
-0
-0
-0
-0
10.4837
17.9304
-0
7.70566
-0
34.7766
33.304
-0
-0
8.0344
-0
-0
-0
-0
-0
-0
-0
18.9985
4.61303
-0
-0
-0
-0
-0
4.15417
3.80816
-0
-0
-0
-0
-0
29.9058
-0
-0
-0
-0
-0
-0
-0
-0
-0
-0
-0
-0
7.67951
3.17575
-0
0.00868287
-0
-0
2.65046
-0
-0
-0
-0
-0
31.8712
-0
41.4573
29.0321
-0
3.50324
3.16756
-0
13.0563
-0
-0
-0
0.0281363
-0
-0
-0
-0
32.5076
5.2515
-0
-0
-0
-0
-0
12.6128
9.83788
-0
-0
-0
-0
-0
3.87392
41.2491
-0
-0
-0
21.0369
-0
-0
-0
-0
-0
11.4303
-0
-0
-0
-0
12.6196
-0
-0
4.7162
-0
-0
-0
-0
-0
22.3384
-0
8.72398
-0
-0
0.204782
6.31712
-0
-0
-0
-0
-0
14.3961
-0
35.6415
-0
-0
21.2169
20.376
-0
-0
-0
-0
-0
-0
1.99867
23.4363
-0
-0
-0
-0
-0
-0
-0
-0
-0
-0
-0
-0
-0
-0
-0
-0
-0
81.7641
-0
2.80266
-0
-0
-0
-0
-0
-0
-0
-0
5.94111
-0
-0
-0
-0
-0
-0
2.1235
-0
-0
11.4155
-0
-0
0.945402
-0
-0
10.1054
-0
-0
-0
-0
-0
-0
-0
13.6468
-0
-0
5.08112
-0
-0
-0
-0
-0
-0
-0
-0
-0
-0
-0
-0
-0
1.14715
-0
-0
2.90353
-0
-0
-0
-0
-0
-0
-0
-0
-0
-0
33.1348
8.93518
17.7805
-0
21.0263
-0
-0
-0
-0
-0
-0
-0
-0
35.1047
9.8438
-0
-0
6.24122
-0
25.6644
-0
-0
-0
0.217862
-0
-0
-0
-0
-0
-0
-0
28.9218
-0
-0
-0
20.6147
-0
-0
-0
-0
-0
-0
-0
-0
-0
-0
-0
-0
-0
2.55165
-0
0.0480603
-0
-0
-0
-0
-0
-0
-0
-0
-0
-0
-0
-0
-0
22.2886
-0
-0
-0
-0
11.8907
-0
14.3735
-0
-0
-0
-0
-0
-0
-0
-0
4.03679
-0
12.8199
-0
-0
-0
-0
-0
6.90646
-0
-0
-0
-0
-0
-0
-0
-0
-0
-0
-0
-0
-0
-0
-0
-0
-0
0.203628
-0
-0
-0
-0
-0
-0
-0
-0
-0
-0
3.61807
-0
-0
-0
9.09129
-0
-0
-0
13.5752
13.4507
-0
-0
-0
16.3795
-0
-0
23.015
-0
-0
11.6099
-0
25.093
-0
19.0069
-0
-0
-0
-0
-0
-0
-0
-0
5.07469
-0
-0
-0
-0
16.1725
-0
-0
-0
-0
-0
-0
-0
-0
-0
10.2848
-0
-0
-0
-0
20.5138
-0
-0
-0
-0
-0
-0
-0
-0
-0
-0
-0
-0
16.2869
14.198
-0
-0
-0
11.5717
-0
25.6592
-0
-0
-0
-0
-0
-0
-0
-0
0.70596
11.6048
-0
-0
16.7325
17.0469
-0
-0
-0
-0
-0
-0
-0
-0
-0
-0
-0
11.6481
-0
-0
-0
6.06955
20.8942
-0
-0
-0
-0
8.90047
5.38903
-0
-0
-0
-0
-0
-0
-0
29.8371
-0
14.1453
-0
14.1354
-0
-0
-0
28.7487
-0
26.301
-0
3.48226
6.21688
-0
-0
-0
-0
-0
-0
-0
-0
-0
13.094
-0
-0
-0
-0
-0
31.1066
25.3928
-0
17.6726
-0
-0
5.44366
-0
-0
12.2495
-0
-0
33.414
-0
-0
-0
-0
-0
-0
36.2952
-0
-0
-0
-0
-0
-0
-0
-0
-0
-0
-0
-0
-0
-0
-0
15.1556
-0
-0
-0
-0
-0
-0
-0
9.52592
-0
-0
-0
6.53597
-0
-0
-0
6.93608
25.6121
-0
21.0748
-0
-0
-0
-0
-0
24.5462
3.05746
-0
-0
-0
-0
23.9563
-0
-0
5.91833
20.8779
23.7845
-0
-0
6.5639
-0
-0
-0
11.9592
22.0736
-0
-0
-0
7.03504
-0
4.81996
24.9463
0.409865
-0
27.7832
-0
-0
-0
-0
-0
-0
-0
-0
-0
-0
0.763634
-0
-0
-0
-0
-0
6.53987
17.1698
-0
-0
7.28761
-0
-0
-0
-0
-0
2.27566
-0
-0
-0
-0
-0
-0
1.91889
33.0665
-0
-0
16.3027
-0
-0
18.4931
-0
36.3778
-0
-0
-0
-0
-0
-0
-0
12.747
-0
-0
28.5277
-0
-0
20.3855
-0
8.6991
11.2143
-0
3.19845
-0
-0
-0
-0
-0
-0
13.9584
-0
-0
2.61804
-0
9.31651
-0
25.1949
-0
-0
-0
-0
-0
-0
-0
-0
-0
-0
11.3836
8.50429
-0
1.53362
-0
-0
23.2999
-0
-0
-0
-0
-0
-0
4.29814
-0
-0
6.66289
-0
4.62984
-0
-0
-0
16.3685
-0
7.1603
-0
-0
16.9281
-0
45.1698
27.047
23.7087
-0
-0
-0
-0
-0
-0
-0
-0
0.428543
-0
-0
-0
-0
-0
-0
8.13781
-0
-0
28.6848
0.577774
-0
-0
-0
32.595
-0
-0
-0
-0
-0
-0
-0
-0
-0
-0
-0
-0
-0
-0
-0
8.9751
-0
-0
-0
-0
-0
-0
-0
-0
-0
-0
-0
-0
-0
-0
-0
-0
12.9319
-0
-0
39.597
22.635
9.72876
-0
-0
-0
-0
-0
-0
-0
-0
-0
-0
0.70259
-0
-0
-0
24.8347
3.93224
11.322
-0
-0
0.675829
13.1698
-0
3.14279
-0
-0
-0
-0
-0
-0
-0
-0
-0
-0
10.0641
30.9152
10.5743
21.8505
-0
10.8526
-0
13.4129
9.78484
-0
-0
-0
-0
0.260109
-0
-0
-0
-0
4.26128
-0
-0
-0
-0
-0
-0
4.44732
-0
-0
-0
-0
-0
-0
-0
-0
-0
28.8551
6.48475
0.482747
36.527
-0
8.24605
-0
-0
17.7036
-0
-0
-0
-0
-0
-0
-0
0.878616
-0
-0
-0
-0
16.776
12.2268
-0
-0
-0
-0
-0
1.28117
8.8164
-0
-0
-0
-0
-0
-0
-0
15.6616
-0
-0
-0
-0
-0
-0
-0
-0
-0
2.86412
7.33855
-0
-0
-0
1.22511
-0
-0
29.7355
10.7216
-0
-0
-0
26.8969
-0
-0
8.15506
3.54505
-0
-0
-0
-0
-0
-0
-0
-0
-0
-0
-0
-0
-0
-0
-0
38.462
-0
-0
5.5413
-0
13.2899
13.6583
-0
11.4823
9.50624
4.36819
-0
-0
-0
-0
1.5206
-0
12.1712
-0
-0
-0
-0
-0
-0
-0
-0
-0
-0
-0
-0
1.57942
-0
-0
-0
10.546
-0
7.03903
52.524
-0
-0
-0
-0
34.2286
-0
-0
-0
-0
-0
-0
24.1161
-0
-0
-0
-0
-0
-0
2.26636
-0
66.534
-0
-0
-0
-0
-0
11.396
-0
-0
-0
4.4461
-0
-0
-0
-0
4.98427
-0
8.2885
-0
-0
5.89917
5.91207
-0
-0
-0
-0
-0
3.98658
-0
-0
0.280109
-0
17.7972
-0
5.12848
-0
-0
35.8831
-0
-0
-0
-0
-0
-0
-0
-0
-0
-0
54.3197
-0
-0
-0
-0
-0
-0
-0
25.1393
-0
6.09551
-0
-0
3.03186
-0
-0
-0
-0
-0
-0
3.92967
0.572933
-0
19.5284
-0
-0
31.1752
25.5266
-0
-0
-0
8.36011
-0
-0
-0
-0
11.5452
2.34663
-0
-0
4.37619
30.601
4.2273
-0
-0
-0
-0
25.9214
-0
-0
-0
8.63895
-0
-0
-0
17.4995
-0
-0
-0
-0
-0
-0
-0
-0
-0
-0
-0
2.1499
-0
-0
-0
-0
-0
-0
-0
-0
-0
-0
-0
-0
-0
-0
29.5237
-0
-0
17.6009
-0
-0
-0
-0
-0
-0
-0
0.387577
-0
0.135935
7.62654
-0
54.5003
-0
-0
-0
-0
-0
12.7452
-0
-0
-0
-0
4.61148
22.7621
-0
-0
-0
11.8191
-0
13.7718
17.4545
6.16026
-0
39.4891
-0
-0
-0
-0
-0
-0
39.7721
23.9374
-0
-0
-0
-0
-0
20.6996
-0
-0
9.77407
-0
-0
-0
-0
6.55193
-0
-0
-0
-0
-0
-0
-0
-0
-0
9.36452
3.8473
17.6374
-0
-0
-0
-0
-0
29.2229
-0
-0
-0
-0
-0
-0
-0
-0
-0
-0
-0
-0
-0
-0
-0
-0
-0
-0
-0
-0
-0
-0
26.1453
-0
-0
-0
-0
-0
-0
-0
-0
-0
20.5296
-0
-0
-0
-0
-0
4.99833
17.4418
-0
-0
-0
-0
26.8336
27.6246
-0
-0
-0
-0
-0
-0
-0
56.0487
-0
42.1569
18.2153
-0
9.11177
-0
-0
-0
-0
-0
-0
-0
-0
42.6041
-0
-0
-0
-0
-0
20.5183
-0
-0
-0
-0
-0
-0
-0
26.7165
-0
-0
3.01904
-0
1.26772
-0
23.7423
-0
9.67957
-0
33.8977
-0
-0
-0
-0
-0
2.66066
-0
-0
-0
-0
-0
-0
-0
-0
14.6166
-0
-0
-0
-0
-0
-0
13.7226
-0
-0
-0
-0
3.10616
-0
-0
-0
7.61724
-0
-0
-0
28.7202
-0
-0
16.8805
-0
-0
37.0874
-0
-0
-0
9.04196
-0
-0
18.1998
-0
-0
6.39198
-0
-0
-0
-0
-0
-0
-0
-0
-0
-0
-0
-0
-0
-0
20.2762
-0
-0
-0
-0
-0
-0
-0
-0
-0
-0
-0
-0
-0
29.3257
-0
-0
51.3558
-0
-0
-0
25.8326
-0
-0
-0
-0
-0
1.31662
-0
-0
-0
25.0553
24.6293
28.3506
-0
-0
31.4417
-0
0.319242
-0
-0
-0
-0
19.1197
-0
-0
16.4477
-0
-0
-0
37.0598
-0
-0
-0
-0
-0
-0
-0
-0
-0
-0
-0
-0
-0
-0
-0
-0
-0
15.5998
-0
-0
23.9652
11.7916
-0
-0
-0
-0
-0
3.00914
-0
42.508
-0
14.5942
-0
-0
-0
9.85371
9.59437
-0
-0
-0
-0
22.8846
19.3783
15.1464
-0
-0
-0
-0
-0
-0
-0
-0
-0
-0
-0
4.8458
-0
15.0272
-0
-0
3.01697
9.10405
-0
-0
-0
-0
-0
-0
-0
-0
-0
37.349
-0
10.8117
-0
-0
-0
-0
-0
-0
-0
18.7754
-0
-0
-0
-0
-0
-0
-0
-0
-0
3.11103
-0
-0
-0
14.9008
-0
-0
4.28957
-0
5.65516
-0
-0
3.24167
7.10736
-0
7.15518
-0
14.9927
-0
-0
-0
-0
-0
-0
-0
-0
-0
-0
-0
22.085
-0
-0
55.2598
-0
-0
-0
-0
-0
7.83554
33.805
22.8616
17.8269
-0
-0
-0
-0
-0
16.4382
-0
-0
-0
-0
-0
2.43584
-0
0.00520289
-0
-0
34.3296
-0
-0
9.19477
-0
-0
-0
-0
-0
-0
-0
-0
-0
-0
-0
-0
-0
-0
-0
-0
-0
-0
1.73578
-0
-0
-0
-0
-0
7.54825
10.1662
-0
-0
-0
3.03846
-0
-0
-0
-0
-0
-0
-0
-0
-0
-0
-0
-0
-0
-0
-0
-0
-0
23.8695
-0
-0
-0
-0
-0
15.1201
-0
-0
-0
-0
9.6772
-0
-0
16.7016
-0
-0
-0
-0
-0
38.0588
-0
-0
-0
-0
-0
-0
-0
24.0298
-0
-0
-0
-0
9.23525
6.33242
-0
16.498
-0
-0
-0
10.6795
3.00387
-0
-0
-0
-0
6.70686
-0
-0
-0
-0
-0
-0
38.0184
-0
-0
-0
-0
-0
-0
-0
-0
-0
-0
-0
-0
-0
71.2849
-0
-0
5.10848
-0
-0
-0
-0
-0
-0
-0
-0
-0
-0
-0
-0
-0
3.05678
-0
-0
-0
-0
17.9178
-0
-0
-0
-0
-0
-0
-0
-0
-0
-0
-0
27.973
-0
-0
-0
-0
-0
-0
-0
23.7338
-0
-0
-0
-0
50.1691
-0
-0
-0
4.13718
-0
-0
25.51
23.9724
-0
-0
14.8118
15.3421
-0
14.4228
-0
-0
-0
39.3746
37.3259
0.0947818
-0
3.85607
16.3459
2.1182
-0
-0
-0
-0
-0
-0
-0
-0
-0
2.18338
-0
1.18457
-0
-0
-0
-0
-0
-0
10.3323
12.7921
-0
-0
17.8582
15.5782
4.46385
9.48944
-0
-0
-0
12.5296
-0
-0
-0
-0
-0
-0
-0
-0
-0
-0
-0
-0
35.2488
-0
-0
-0
-0
-0
-0
9.77618
17.1596
29.7864
4.58717
-0
-0
25.8943
-0
-0
-0
35.6373
-0
-0
-0
-0
11.5515
-0
-0
-0
