2.89882
-0
-0
-0
-0
-0
-0
-0
26.9304
12.3383
-0
-0
-0
-0
-0
15.3949
-0
-0
-0
-0
-0
-0
-0
-0
-0
-0
2.43811
-0
-0
-0
-0
-0
-0
-0
1.23333
-0
-0
-0
-0
-0
-0
-0
-0
9.15499
-0
-0
-0
11.9679
-0
19.5509
-0
-0
-0
-0
-0
-0
-0
2.26074
58.0294
-0
-0
-0
15.8374
-0
5.50453
-0
14.3118
8.40997
-0
1.90506
-0
-0
-0
-0
-0
3.2641
-0
6.58626
-0
-0
-0
91.8951
-0
-0
4.1551
-0
-0
7.19651
-0
-0
-0
-0
-0
-0
-0
-0
0.622427
-0
-0
-0
-0
-0
-0
-0
-0
-0
11.699
-0
-0
-0
-0
-0
-0
-0
-0
38.6005
-0
-0
34.6202
19.3999
-0
-0
9.55085
-0
37.2744
-0
-0
-0
-0
38.8448
-0
3.78364
-0
-0
-0
-0
-0
-0
-0
-0
2.48717
-0
-0
-0
28.5139
-0
-0
-0
-0
-0
-0
-0
-0
-0
-0
-0
1.65016
-0
-0
1.07174
14.0134
-0
-0
21.5852
-0
4.70211
-0
-0
-0
56.6727
-0
8.83717
-0
-0
-0
-0
-0
-0
-0
-0
10.6897
-0
-0
-0
-0
50.3275
-0
-0
62.869
-0
-0
10.7924
-0
12.6128
-0
-0
-0
-0
-0
-0
-0
-0
-0
-0
-0
39.9532
-0
-0
-0
-0
-0
-0
-0
-0
-0
-0
-0
-0
-0
-0
-0
-0
-0
19.8093
-0
-0
-0
-0
-0
-0
-0
-0
-0
-0
-0
-0
-0
-0
-0
-0
-0
-0
-0
-0
-0
-0
31.8067
-0
-0
-0
-0
-0
-0
-0
28.9342
-0
-0
-0
6.9678
-0
-0
-0
-0
-0
-0
-0
14.6703
-0
-0
-0
-0
4.33777
-0
24.2421
-0
-0
-0
-0
-0
-0
-0
2.40568
-0
-0
-0
-0
-0
-0
-0
-0
-0
-0
4.28416
-0
4.00953
-0
-0
-0
-0
30.4788
-0
-0
-0
-0
14.6945
25.9096
-0
-0
24.0016
-0
1.72163
24.1139
-0
-0
-0
1.28218
-0
-0
-0
-0
-0
-0
6.22004
0.310362
42.9237
-0
-0
-0
-0
21.2987
-0
-0
-0
-0
-0
-0
-0
6.6445
-0
2.41609
-0
-0
-0
-0
-0
-0
20.01
-0
29.8159
-0
6.01567
-0
-0
-0
19.85
-0
-0
-0
-0
-0
14.0126
-0
-0
17.3057
-0
0.790569
-0
-0
24.7751
-0
-0
-0
1.26613
47.607
-0
-0
-0
2.56787
-0
-0
-0
-0
3.56787
-0
-0
17.902
22.4817
-0
-0
-0
4.91142
-0
-0
-0
-0
-0
-0
-0
-0
-0
-0
8.43216
-0
-0
-0
-0
-0
-0
-0
-0
-0
-0
-0
-0
-0
-0
-0
-0
-0
-0
9.33422
-0
-0
-0
-0
-0
-0
-0
7.94443
15.7051
-0
26.4507
-0
-0
-0
-0
-0
-0
-0
-0
-0
-0
22.2945
-0
-0
-0
-0
-0
-0
-0
28.8338
-0
-0
-0
23.3341
35.1483
-0
-0
-0
-0
-0
-0
-0
-0
4.19278
4.14495
3.89205
-0
0.624502
-0
8.60246
-0
-0
-0
-0
3.17537
22.813
-0
-0
-0
-0
-0
-0
-0
-0
-0
-0
37.3296
-0
16.2791
40.397
-0
-0
17.438
3.17245
32.0019
50.8036
-0
-0
-0
-0
-0
-0
-0
-0
-0
9.36292
-0
-0
20.7646
-0
-0
-0
-0
-0
12.7025
-0
-0
17.0969
-0
11.0864
-0
-0
44.6813
-0
-0
0.0072242
8.82465
-0
0.63326
-0
-0
-0
-0
7.86329
-0
-0
30.0192
-0
-0
-0
-0
-0
-0
-0
-0
-0
-0
-0
-0
-0
-0
-0
-0
56.0992
3.32309
-0
-0
-0
-0
-0
-0
-0
-0
-0
-0
-0
-0
-0
21.0483
-0
-0
-0
17.8643
-0
1.2109
-0
-0
-0
8.17242
-0
-0
-0
-0
-0
-0
-0
9.21764
2.49457
27.1806
-0
-0
30.5306
-0
-0
-0
-0
-0
43.4232
-0
-0
-0
-0
-0
-0
-0
-0
-0
-0
5.32063
-0
-0
-0
-0
-0
-0
18.5624
-0
-0
-0
-0
-0
-0
13.4668
-0
-0
-0
-0
-0
-0
-0
-0
-0
-0
-0
-0
-0
-0
-0
-0
-0
-0
-0
-0
-0
-0
-0
-0
-0
-0
-0
-0
-0
-0
-0
-0
-0
-0
-0
-0
3.16656
-0
33.0575
-0
-0
5.37078
2.23997
-0
-0
-0
-0
-0
-0
-0
-0
13.0362
-0
-0
-0
15.3858
-0
9.54588
-0
-0
-0
4.99697
-0
-0
10.2055
-0
-0
-0
4.04071
-0
-0
-0
-0
-0
-0
23.1222
-0
-0
-0
-0
29.0906
-0
-0
-0
-0
-0
-0
10.535
-0
-0
-0
-0
-0
-0
-0
-0
-0
21.8836
-0
-0
19.2767
-0
-0
-0
-0
1.10206
26.1168
14.7243
-0
17.7532
-0
-0
-0
2.65888
-0
-0
-0
-0
-0
-0
-0
40.2655
-0
-0
-0
24.7529
-0
-0
-0
-0
-0
-0
-0
-0
32.1809
-0
-0
-0
-0
-0
-0
2.30643
43.2843
-0
-0
-0
-0
-0
-0
-0
-0
-0
-0
-0
-0
86.5156
-0
-0
-0
-0
-0
-0
21.3685
28.0695
-0
-0
-0
-0
-0
-0
-0
-0
-0
-0
12.1179
24.7999
4.74888
-0
7.86204
-0
-0
11.5545
-0
-0
13.7407
-0
-0
-0
-0
-0
-0
-0
-0
-0
-0
25.6831
-0
-0
0.618256
-0
17.4787
-0
-0
4.29284
-0
-0
32.7674
-0
34.9217
12.9478
-0
-0
15.7907
-0
-0
-0
-0
-0
-0
-0
-0
6.4229
7.71301
-0
-0
1.90118
-0
-0
-0
2.90273
-0
-0
-0
-0
-0
-0
-0
-0
-0
-0
21.7536
-0
-0
-0
-0
3.46359
-0
-0
-0
0.162589
9.16709
42.7163
-0
-0
-0
-0
-0
-0
-0
-0
-0
-0
12.9099
-0
-0
-0
-0
-0
-0
-0
-0
-0
37.1816
-0
-0
19.2327
-0
23.9131
-0
-0
-0
-0
-0
-0
-0
-0
15.7098
-0
-0
-0
-0
-0
-0
15.0521
-0
-0
-0
-0
-0
7.14508
6.25809
-0
-0
-0
-0
-0
-0
0.51544
-0
15.6261
-0
-0
-0
16.9652
-0
-0
-0
-0
-0
-0
18.5063
-0
9.75936
-0
-0
-0
-0
-0
-0
-0
-0
13.9139
-0
-0
-0
-0
-0
-0
-0
-0
-0
-0
-0
-0
-0
18.1684
-0
34.6515
-0
27.4955
-0
-0
-0
28.8776
-0
-0
-0
-0
-0
-0
-0
-0
-0
-0
-0
-0
-0
-0
-0
-0
-0
2.76711
-0
-0
-0
-0
-0
-0
11.6528
-0
-0
25.5745
-0
6.08185
-0
-0
3.07163
-0
-0
-0
54.5342
4.38598
-0
-0
-0
-0
-0
-0
-0
-0
-0
-0
-0
-0
-0
-0
-0
-0
-0
-0
-0
-0
-0
-0
-0
-0
-0
-0
-0
-0
74.7556
-0
-0
-0
-0
-0
-0
-0
6.33883
-0
16.0015
-0
-0
-0
-0
-0
-0
-0
-0
-0
-0
55.118
-0
-0
-0
-0
-0
-0
-0
-0
-0
31.7723
-0
-0
21.1964
-0
-0
-0
-0
-0
-0
-0
-0
-0
-0
-0
-0
-0
-0
18.7738
-0
-0
-0
-0
-0
-0
-0
-0
27.9292
-0
-0
-0
-0
-0
-0
-0
-0
25.0216
-0
30.6372
-0
-0
-0
13.6092
-0
-0
-0
-0
-0
-0
33.9803
-0
-0
-0
-0
-0
-0
-0
-0
7.1789
-0
-0
-0
-0
-0
-0
-0
-0
-0
-0
22.792
-0
-0
-0
-0
20.6296
-0
-0
-0
-0
-0
0.346539
-0
-0
26.0535
26.2139
-0
-0
-0
-0
1.84105
-0
3.64484
-0
-0
-0
-0
-0
3.04235
-0
-0
-0
-0
-0
-0
-0
-0
72.6841
35.7081
25.1427
9.16233
-0
-0
-0
-0
-0
-0
-0
-0
-0
-0
-0
-0
27.2918
-0
-0
-0
-0
-0
-0
-0
5.42596
-0
-0
-0
-0
-0
-0
3.04614
-0
-0
-0
-0
-0
21.8487
-0
52.8116
-0
-0
-0
-0
12.6173
-0
-0
14.9618
19.3319
-0
32.1531
-0
-0
-0
-0
-0
-0
-0
-0
-0
-0
-0
-0
-0
-0
-0
-0
-0
13.4624
-0
0.817504
-0
-0
-0
0.362726
-0
-0
-0
-0
15.0955
-0
23.3256
-0
-0
-0
-0
-0
-0
33.9005
13.1965
-0
-0
19.5798
-0
-0
-0
-0
-0
-0
-0
-0
-0
-0
-0
-0
-0
25.4616
-0
-0
-0
25.6309
-0
12.6866
-0
19.7412
-0
-0
1.38277
-0
-0
11.9055
-0
-0
-0
-0
16.8112
60.4145
-0
3.70379
26.9986
-0
-0
-0
5.19717
12.2197
-0
-0
-0
1.13705
-0
-0
15.6609
26.3944
-0
-0
-0
-0
-0
-0
-0
32.4045
-0
-0
-0
-0
13.4458
-0
-0
19.5267
-0
-0
-0
-0
9.5723
-0
3.65207
19.6054
-0
-0
-0
-0
34.7547
-0
-0
-0
-0
-0
-0
-0
-0
-0
0.965348
-0
-0
-0
-0
-0
-0
36.9333
-0
-0
-0
-0
-0
-0
-0
-0
-0
-0
-0
-0
-0
-0
18.6898
-0
-0
-0
-0
-0
-0
-0
22.3732
-0
-0
3.5102
-0
-0
-0
24.4729
-0
-0
-0
-0
-0
1.96202
5.03903
37.3187
-0
-0
-0
-0
-0
-0
-0
-0
-0
6.67172
13.3774
-0
44.6445
-0
-0
-0
-0
-0
-0
-0
-0
-0
-0
3.25765
-0
-0
-0
-0
-0
1.02204
-0
-0
-0
18.1993
1.4256
13.5594
14.9294
-0
-0
-0
-0
-0
-0
-0
-0
-0
-0
-0
-0
-0
-0
-0
-0
20.9731
-0
-0
-0
-0
-0
-0
-0
8.90232
-0
-0
-0
-0
-0
5.44451
9.95188
-0
-0
-0
-0
-0
-0
-0
-0
-0
-0
-0
-0
-0
21.4697
-0
3.91333
-0
8.10241
7.84026
-0
-0
-0
-0
-0
-0
-0
-0
6.96584
-0
-0
17.0008
-0
-0
1.38821
-0
-0
-0
-0
-0
-0
-0
-0
-0
-0
-0
-0
-0
-0
-0
-0
-0
-0
-0
60.7254
3.04338
-0
-0
-0
-0
12.0948
0.10504
-0
6.86637
-0
-0
61.8418
-0
-0
-0
2.44487
-0
-0
-0
0.243256
-0
-0
-0
-0
-0
-0
-0
-0
-0
-0
50.8124
-0
-0
-0
-0
-0
-0
-0
-0
-0
-0
-0
-0
33.9667
-0
-0
-0
-0
-0
-0
32.196
-0
20.7408
2.59907
-0
-0
9.19224
-0
-0
-0
31.8728
-0
-0
-0
-0
-0
-0
-0
12.7774
-0
-0
36.6703
-0
-0
-0
-0
-0
-0
25.2606
-0
-0
-0
-0
-0
-0
-0
-0
-0
13.8114
-0
0.159757
-0
-0
-0
-0
-0
-0
-0
-0
4.27411
18.8707
2.07325
-0
-0
0.375224
-0
-0
-0
-0
-0
-0
-0
-0
-0
21.1806
-0
0.512158
-0
-0
10.1297
-0
-0
-0
-0
-0
-0
70.0239
-0
-0
-0
-0
-0
-0
-0
8.4499
11.3472
22.1895
2.57358
-0
-0
-0
-0
-0
24.0778
-0
-0
-0
47.2534
-0
-0
-0
-0
-0
-0
-0
46.7466
-0
-0
13.4669
-0
-0
35.5213
-0
-0
-0
-0
25.1773
-0
-0
-0
5.86019
-0
24.6513
17.6599
21.2431
-0
-0
-0
-0
-0
-0
-0
-0
-0
16.3
38.1905
-0
-0
-0
-0
-0
2.37824
-0
-0
-0
-0
-0
-0
-0
1.94923
-0
-0
-0
-0
-0
-0
-0
-0
-0
18.5605
-0
-0
-0
34.7559
-0
-0
54.1453
-0
-0
-0
-0
-0
-0
-0
-0
-0
-0
0.756344
-0
-0
-0
-0
-0
-0
-0
-0
-0
-0
-0
-0
18.6481
16.654
-0
0.21231
-0
-0
1.2956
-0
-0
-0
-0
20.1989
-0
-0
3.4954
-0
-0
-0
-0
-0
-0
9.95485
-0
-0
-0
-0
-0
-0
-0
-0
-0
-0
-0
-0
-0
-0
-0
-0
-0
-0
-0
-0
-0
-0
-0
-0
-0
-0
-0
-0
-0
-0
-0
-0
-0
-0
3.31268
-0
34.0931
-0
-0
-0
-0
-0
-0
-0
10.2571
11.7074
-0
-0
-0
1.67429
-0
-0
-0
-0
-0
-0
-0
-0
-0
-0
-0
-0
-0
-0
-0
-0
16.4611
12.1021
-0
-0
-0
-0
-0
2.4796
1.2275
-0
-0
17.894
-0
30.2953
3.14417
23.3893
8.45028
-0
-0
-0
-0
-0
-0
-0
-0
-0
-0
31.0224
-0
-0
-0
-0
-0
-0
-0
-0
23.1585
33.762
-0
-0
-0
-0
-0
-0
28.927
-0
-0
-0
-0
-0
-0
-0
-0
-0
16.6376
-0
-0
-0
84.7908
6.39582
-0
-0
23.1073
-0
-0
38.2583
14.4789
-0
-0
-0
-0
9.06855
-0
-0
0.320921
-0
-0
-0
-0
-0
-0
-0
-0
-0
-0
18.3926
-0
-0
-0
-0
-0
-0
-0
8.06489
-0
-0
-0
-0
19.2363
-0
-0
-0
-0
-0
42.3234
2.528
-0
-0
1.75866
-0
-0
-0
63.3564
-0
-0
-0
-0
4.29715
-0
-0
9.50578
-0
-0
42.4699
-0
-0
36.8492
35.6633
-0
-0
-0
-0
-0
-0
1.19949
-0
-0
-0
-0
27.5686
-0
-0
-0
-0
0.289822
-0
57.2368
-0
-0
-0
-0
-0
-0
-0
-0
1.62112
-0
53.2355
-0
-0
29.7297
-0
-0
-0
-0
3.05366
-0
10.9512
2.79091
-0
-0
-0
13.7252
-0
-0
74.2917
-0
-0
-0
7.14056
-0
-0
-0
7.28744
-0
-0
73.3472
4.26039
-0
-0
-0
-0
-0
25.0936
-0
-0
-0
2.38419
-0
-0
9.3607
-0
-0
-0
-0
37.1713
-0
-0
-0
-0
41.5513
-0
-0
-0
0.210952
-0
-0
-0
-0
-0
-0
-0
-0
-0
-0
-0
-0
-0
-0
-0
-0
-0
-0
-0
-0
1.1757
-0
21.7672
-0
9.1757
-0
-0
-0
-0
-0
-0
-0
-0
-0
-0
-0
-0
-0
-0
-0
3.40116
-0
3.16835
-0
-0
-0
35.2268
-0
-0
-0
-0
-0
-0
-0
-0
21.8522
13.8841
15.6107
-0
39.2967
-0
12.063
-0
-0
5.91249
46.5202
-0
-0
33.2704
-0
-0
16.7657
-0
-0
21.3999
-0
-0
-0
22.1779
-0
-0
-0
-0
-0
-0
-0
-0
27.3871
-0
31.2213
21.5118
-0
-0
-0
-0
1.89339
-0
-0
23.5278
-0
-0
-0
-0
-0
-0
-0
-0
-0
-0
-0
-0
-0
-0
-0
-0
-0
-0
-0
-0
-0
-0
41.6357
-0
-0
-0
-0
-0
5.09718
-0
-0
-0
14.0205
-0
-0
-0
-0
-0
-0
32.5479
-0
-0
-0
4.2918
-0
-0
-0
-0
-0
-0
39.5792
-0
9.37238
-0
-0
-0
-0
16.279
-0
-0
-0
-0
-0
-0
-0
-0
-0
2.87343
-0
-0
-0
53.5315
-0
45.0214
27.7271
23.774
-0
19.0893
-0
-0
-0
-0
49.6656
-0
-0
13.3829
-0
-0
-0
-0
-0
-0
-0
-0
-0
-0
-0
-0
-0
-0
-0
-0
22.1371
-0
-0
-0
-0
-0
-0
-0
-0
-0
-0
-0
-0
-0
-0
58.5742
-0
-0
2.41189
-0
-0
-0
1.94004
-0
-0
-0
-0
-0
-0
-0
-0
-0
-0
-0
-0
26.9815
-0
4.44128
-0
26.6862
21.9288
-0
-0
-0
-0
-0
-0
-0
-0
-0
-0
37.8405
-0
-0
-0
-0
-0
-0
-0
-0
-0
-0
-0
-0
-0
3.98762
-0
-0
-0
-0
-0
-0
-0
-0
-0
-0
-0
-0
12.115
-0
-0
-0
-0
-0
20.5273
-0
-0
-0
-0
-0
30.6718
-0
27.0817
12.7439
-0
-0
-0
-0
14.8389
-0
-0
-0
-0
-0
-0
-0
-0
9.88086
0.287777
-0
-0
-0
-0
-0
-0
-0
-0
-0
-0
-0
-0
-0
36.0975
-0
11.4984
-0
-0
-0
-0
-0
-0
-0
-0
-0
-0
-0
-0
-0
-0
-0
-0
-0
-0
-0
-0
-0
18.338
-0
10.002
-0
-0
-0
-0
-0
-0
-0
-0
-0
-0
-0
38.0996
-0
9.79037
20.8721
7.23717
-0
-0
-0
-0
-0
-0
-0
-0
-0
-0
-0
-0
-0
-0
-0
-0
-0
-0
-0
-0
-0
-0
-0
-0
14.9642
80.3429
6.7835
-0
-0
-0
-0
-0
-0
-0
-0
-0
-0
-0
-0
-0
-0
-0
-0
1.9097
-0
-0
-0
-0
-0
-0
-0
-0
-0
-0
-0
-0
-0
-0
14.1729
-0
-0
-0
-0
-0
-0
-0
-0
-0
-0
6.21287
-0
-0
-0
9.31424
-0
-0
-0
-0
-0
-0
2.66823
-0
-0
-0
-0
-0
-0
-0
-0
-0
1.21515
51.3432
-0
48.5323
-0
28.0062
-0
-0
-0
-0
-0
4.22949
-0
-0
35.7552
6.33929
-0
-0
-0
-0
31.9814
-0
-0
-0
-0
-0
-0
-0
-0
-0
-0
-0
0.344811
5.78132
-0
-0
19.6675
-0
-0
-0
-0
-0
-0
-0
-0
-0
-0
-0
-0
-0
-0
-0
7.96588
-0
-0
-0
-0
-0
-0
-0
-0
-0
-0
-0
-0
-0
32.1938
-0
-0
-0
-0
5.39177
28.7881
-0
-0
-0
-0
-0
-0
-0
-0
-0
2.49655
-0
-0
-0
-0
-0
-0
-0
12.6077
-0
-0
-0
-0
-0
-0
-0
-0
-0
-0
-0
-0
-0
-0
-0
-0
-0
-0
-0
-0
-0
-0
-0
-0
-0
-0
-0
-0
0.920213
-0
-0
-0
-0
-0
31.8108
-0
6.0884
8.09935
-0
-0
-0
18.5829
-0
-0
16.2745
-0
-0
1.99351
-0
29.9072
-0
-0
-0
-0
-0
-0
-0
-0
-0
-0
20.7474
-0
-0
-0
-0
33.7407
-0
-0
-0
-0
-0
-0
-0
-0
-0
10.0029
-0
-0
2.89335
-0
31.0666
-0
-0
13.0558
-0
-0
-0
-0
-0
-0
-0
-0
-0
-0
5.7749
-0
-0
-0
-0
-0
-0
-0
-0
-0
-0
-0
-0
-0
1.21766
5.38177
10.7973
1.59193
-0
22.2132
33.2541
-0
-0
-0
-0
-0
-0
-0
-0
-0
-0
-0
12.7035
-0
-0
-0
5.77449
5.53064
-0
-0
-0
24.9565
2.6346
13.8961
-0
-0
-0
-0
-0
-0
-0
46.9229
-0
28.5559
-0
34.4858
-0
-0
-0
43.3544
-0
22.3157
-0
-0
-0
-0
-0
-0
-0
-0
-0
-0
-0
-0
-0
12.9454
-0
-0
25.9888
-0
20.7676
10.5894
-0
-0
-0
-0
19.1114
-0
-0
-0
-0
-0
-0
-0
-0
-0
15.0043
-0
-0
14.0234
-0
-0
-0
-0
-0
-0
-0
-0
-0
-0
-0
-0
-0
-0
-0
8.16529
-0
-0
-0
11.5371
-0
-0
2.96694
8.21206
-0
-0
-0
29.5172
-0
-0
-0
9.78113
-0
-0
23.4491
-0
-0
-0
-0
0.10433
-0
-0
-0
-0
-0
-0
-0
0.667306
-0
-0
18.7823
14.9644
-0
-0
-0
-0
14.5153
-0
-0
14.3814
-0
-0
-0
37.6639
-0
19.1096
-0
-0
-0
-0
-0
-0
-0
-0
-0
-0
-0
-0
-0
-0
-0
-0
-0
-0
-0
-0
-0
1.03937
-0
-0
-0
27.5423
-0
-0
-0
-0
-0
35.1946
-0
-0
-0
-0
-0
-0
43.1784
-0
-0
36.3153
-0
-0
-0
-0
33.8555
7.9121
-0
-0
-0
-0
-0
-0
33.9857
-0
-0
25.2597
-0
17.47
22.927
-0
22.4845
-0
-0
3.01451
-0
-0
-0
-0
-0
-0
5.62641
-0
-0
-0
1.28167
-0
-0
12.4613
-0
-0
-0
-0
-0
-0
-0
-0
-0
-0
-0
-0
-0
-0
-0
2.31688
16.6578
-0
-0
-0
-0
-0
-0
8.86337
-0
-0
26.3331
-0
9.55475
-0
-0
-0
12.5916
-0
-0
-0
-0
-0
-0
41.6455
-0
17.0875
-0
-0
-0
-0
-0
-0
-0
-0
-0
-0
-0
-0
-0
-0
-0
-0
-0
-0
5.31243
10.3481
-0
-0
-0
1.56018
10.4914
-0
-0
-0
-0
-0
-0
-0
-0
-0
-0
-0
-0
-0
-0
-0
-0
-0
-0
-0
-0
-0
-0
-0
-0
-0
-0
-0
-0
-0
-0
-0
-0
-0
-0
31.3064
24.5084
36.2832
-0
-0
-0
-0
-0
-0
-0
-0
-0
-0
-0
-0
-0
-0
30.2488
19.5593
-0
-0
-0
6.43638
13.4967
-0
-0
-0
-0
-0
-0
-0
-0
-0
-0
-0
-0
5.44104
64.0328
-0
-0
-0
-0
-0
5.25755
-0
-0
-0
-0
-0
0.971689
-0
-0
-0
-0
-0
-0
-0
-0
-0
-0
-0
-0
-0
-0
-0
-0
-0
-0
-0
-0
-0
13.1329
-0
-0
21.8482
-0
17.8924
-0
-0
-0
-0
-0
-0
-0
-0
-0
-0
-0
-0
-0
-0
-0
3.43236
-0
-0
-0
-0
-0
-0
-0
21.3582
-0
-0
22.1731
-0
-0
-0
-0
-0
-0
-0
-0
-0
-0
-0
-0
-0
-0
-0
-0
-0
-0
-0
-0
-0
-0
-0
-0
-0
-0
-0
-0
-0
-0
-0
-0
-0
-0
-0
-0
-0
-0
-0
-0
1.51909
-0
-0
-0
-0
-0
-0
26.539
-0
-0
-0
-0
23.7345
9.78617
-0
18.2399
8.44724
11.9731
-0
-0
-0
-0
1.02944
-0
-0
-0
-0
-0
-0
-0
-0
-0
-0
-0
-0
-0
-0
29.0489
-0
-0
-0
3.42056
-0
10.0177
77.9088
-0
-0
-0
-0
50.6404
-0
-0
-0
-0
-0
-0
12.0558
-0
-0
-0
-0
-0
-0
-0
-0
47.3292
-0
-0
-0
-0
-0
-0
-0
-0
-0
-0
-0
-0
-0
-0
8.11718
-0
17.779
-0
-0
-0
-0
-0
-0
-0
-0
-0
-0
-0
9.26519
-0
-0
44.8731
-0
-0
-0
3.56343
4.99459
-0
-0
-0
-0
-0
-0
-0
-0
-0
-0
78.8776
-0
-0
-0
-0
-0
-0
-0
-0
-0
5.457
-0
-0
0.991517
-0
-0
17.3237
-0
-0
-0
-0
-0
-0
3.76418
-0
-0
6.95756
12.2287
-0
-0
41.3694
7.27412
-0
-0
-0
-0
-0
-0
-0
-0
7.5362
27.4435
-0
-0
-0
-0
-0
24.0713
-0
-0
11.3359
-0
24.3508
-0
-0
-0
-0
-0
-0
-0
-0
-0
9.79915
-0
-0
-0
-0
-0
-0
-0
-0
-0
-0
-0
-0
-0
-0
-0
-0
-0
-0
-0
17.293
-0
-0
4.60954
-0
20.4041
-0
-0
-0
-0
-0
-0
-0
20.2391
-0
-0
52.4256
-0
-0
-0
-0
-0
19.753
-0
-0
-0
-0
18.3681
34.4452
-0
-0
-0
36.0912
-0
19.0204
6.58737
-0
-0
41.2411
-0
-0
-0
-0
-0
-0
20.6067
-0
-0
-0
-0
-0
-0
25.1655
-0
-0
-0
-0
-0
-0
-0
3.82557
-0
-0
-0
-0
-0
-0
-0
-0
-0
10.6939
4.62247
6.69791
-0
-0
-0
-0
-0
11.5878
-0
-0
-0
-0
-0
-0
-0
-0
-0
-0
-0
-0
-0
-0
-0
-0
-0
-0
-0
-0
-0
-0
14.0141
-0
-0
-0
-0
-0
-0
-0
-0
-0
57.8141
-0
-0
-0
-0
-0
-0
-0
-0
-0
-0
-0
-0
-0
-0
-0
-0
-0
-0
-0
-0
22.3354
-0
62.4332
26.1376
-0
-0
-0
-0
-0
-0
-0
-0
-0
-0
20.4524
-0
-0
-0
-0
-0
27.8888
-0
-0
-0
-0
-0
-0
-0
17.6897
-0
-0
-0
-0
-0
-0
12.0498
-0
13.577
-0
46.323
-0
-0
-0
-0
-0
7.84987
7.20432
-0
-0
-0
-0
-0
-0
-0
-0
-0
-0
-0
-0
-0
-0
26.5328
-0
-0
-0
-0
-0
-0
-0
-0
6.89292
-0
-0
-0
-0
-0
-0
25.8949
-0
-0
34.8666
2.85238
-0
-0
33.9198
-0
-0
13.2377
-0
-0
12.2549
-0
-0
-0
-0
-0
-0
-0
-0
-0
2.79059
-0
-0
-0
-0
8.55725
-0
-0
-0
-0
-0
-0
-0
-0
-0
-0
-0
-0
-0
25.0122
-0
-0
43.6199
-0
-0
-0
15.5939
-0
-0
-0
-0
-0
-0
-0
6.93934
29.5011
41.0909
2.50309
-0
-0
-0
6.4945
-0
-0
-0
-0
-0
-0
40.7981
-0
-0
-0
-0
-0
-0
21.9207
-0
-0
-0
-0
-0
-0
-0
27.3979
-0
4.55129
-0
-0
-0
-0
-0
-0
-0
38.3487
-0
-0
-0
11.6191
-0
-0
-0
-0
-0
-0
-0
22.3
-0
27.6785
-0
-0
-0
12.4501
16.6494
-0
-0
-0
-0
11.6331
43.8295
-0
-0
-0
-0
-0
-0
-0
-0
-0
-0
-0
-0
9.74412
-0
18.9416
-0
-0
-0
-0
-0
-0
-0
-0
-0
-0
-0
-0
-0
-0
-0
-0
-0
-0
-0
-0
-0
-0
-0
28.6405
-0
2.72134
-0
-0
-0
-0
-0
-0
-0
15.0241
-0
-0
-0
63.3175
-0
-0
-0
-0
27.1541
-0
-0
-0
2.77366
-0
11.7886
-0
15.9896
-0
3.63792
15.7742
-0
-0
-0
-0
-0
-0
-0
-0
40.7999
-0
-0
44.3473
-0
-0
-0
-0
-0
21.7191
64.5835
-0
32.8813
-0
-0
-0
-0
-0
22.6997
-0
-0
-0
-0
-0
1.61435
-0
-0
-0
-0
32.8983
-0
-0
-0
-0
-0
-0
-0
-0
-0
-0
-0
-0
-0
-0
-0
-0
-0
-0
-0
-0
-0
-0
-0
-0
-0
-0
13.657
3.75537
17.2195
-0
-0
-0
-0
-0
-0
-0
-0
-0
-0
-0
15.1499
-0
-0
-0
30.9297
-0
-0
-0
-0
-0
8.34654
-0
13.7437
-0
-0
-0
11.8305
-0
-0
-0
-0
2.79634
-0
-0
44.3345
-0
-0
-0
-0
-0
28.9802
-0
-0
-0
-0
-0
-0
-0
38.9167
-0
-0
-0
-0
-0
16.5588
-0
-0
-0
-0
-0
48.4979
-0
-0
-0
-0
-0
-0
-0
-0
-0
-0
-0
-0
13.875
-0
-0
-0
-0
-0
-0
-0
-0
-0
-0
-0
-0
-0
23.1193
-0
1.21032
5.05771
-0
-0
-0
-0
-0
-0
-0
-0
-0
-0
-0
-0
-0
8.07845
-0
-0
-0
-0
16.422
-0
-0
-0
-0
-0
-0
-0
-0
-0
-0
-0
31.4392
-0
-0
-0
-0
-0
-0
-0
9.47432
-0
-0
-0
-0
75.4874
-0
-0
-0
13.863
-0
-0
31.6428
23.8323
-0
-0
22.379
-0
-0
-0
-0
-0
-0
28.7862
83.4949
12.8771
-0
3.14504
5.1855
-0
16.6719
-0
-0
-0
-0
-0
-0
-0
-0
1.67023
-0
-0
-0
-0
-0
-0
-0
5.90079
10.0712
-0
-0
-0
50.0379
-0
-0
-0
-0
-0
-0
24.4679
-0
-0
-0
15.6405
5.76598
-0
-0
-0
-0
-0
-0
-0
34.783
-0
-0
-0
-0
-0
-0
-0
30.8218
27.0072
5.14303
-0
-0
9.70586
-0
-0
-0
35.6528
-0
-0
-0
-0
1.00834
-0
6.40113
-0
