2.97801
-0
-0
-0
-0
-0
-0
-0
11.3918
-0
14.5911
-0
-0
-0
-0
21.3382
-0
-0
-0
-0
-0
-0
-0
-0
-0
-0
13.0563
-0
-0
-0
-0
-0
-0
-0
3.20201
-0
-0
-0
-0
-0
-0
-0
-0
21.4279
-0
-0
-0
-0
-0
1.47061
-0
-0
-0
-0
-0
-0
-0
5.34123
56.3168
-0
-0
-0
8.39181
-0
5.75677
-0
-0
18.7445
-0
1.37023
-0
-0
-0
-0
-0
8.18538
2.9429
13.019
-0
-0
-0
97.9541
-0
-0
-0
-0
-0
-0
-0
-0
-0
-0
-0
-0
-0
-0
13.3875
-0
-0
-0
-0
-0
-0
-0
-0
-0
2.67051
-0
-0
-0
-0
-0
-0
-0
-0
68.2889
-0
-0
47.7398
33.9265
-0
-0
7.52812
-0
62.212
-0
-0
-0
-0
39.1482
4.81939
29.4694
12.1438
-0
-0
-0
7.60386
-0
-0
13.7354
-0
-0
-0
-0
-0
-0
-0
-0
-0
-0
-0
-0
-0
-0
-0
-0
29.0365
-0
-0
1.632
43.8001
-0
-0
44.8854
-0
-0
-0
-0
-0
49.8426
7.13216
11.2636
-0
-0
-0
-0
-0
-0
-0
-0
12.0733
-0
-0
-0
-0
17.8175
-0
-0
30.6494
-0
-0
51.4225
-0
23.9023
-0
-0
-0
-0
-0
-0
-0
-0
-0
-0
-0
35.0525
-0
-0
-0
-0
-0
-0
-0
-0
-0
-0
-0
-0
-0
-0
-0
-0
-0
20.4071
-0
-0
-0
-0
-0
-0
-0
-0
-0
-0
-0
-0
-0
-0
-0
-0
-0
-0
-0
-0
-0
-0
32.0771
-0
-0
-0
-0
-0
-0
-0
31.6118
-0
-0
-0
11.2075
-0
-0
-0
-0
0.129123
-0
-0
-0
-0
-0
-0
-0
27.4321
4.05708
4.8718
-0
-0
-0
-0
-0
-0
-0
0.777776
-0
-0
-0
-0
-0
4.82772
-0
-0
2.59896
-0
4.54623
-0
-0
-0
16.1532
-0
-0
28.9975
-0
-0
2.44637
-0
17.0263
36.2381
-0
-0
34.9635
-0
3.69883
41.8402
-0
-0
-0
1.81313
-0
-0
-0
-0
-0
-0
-0
35.0498
38.5744
-0
-0
-0
-0
17.6491
-0
-0
-0
-0
-0
-0
-0
-0
-0
-0
-0
-0
-0
16.0724
-0
-0
42.0023
-0
7.64013
-0
4.07902
-0
-0
-0
6.54051
-0
-0
-0
-0
-0
36.0948
-0
-0
16.4272
0.397745
1.14591
-0
-0
62.1322
-0
-0
-0
2.2027
72.7718
-0
-0
-0
-0
-0
-0
-0
3.85007
33.7576
-0
-0
-0
-0
-0
-0
-0
-0
45.9676
-0
-0
-0
-0
-0
-0
-0
-0
-0
9.92997
-0
-0
-0
-0
-0
-0
-0
25.3664
-0
-0
-0
-0
-0
-0
-0
-0
-0
-0
20.9359
-0
-0
-0
-0
-0
7.13711
0.182435
33.3385
3.57689
-0
2.46819
-0
-0
6.86773
-0
11.9479
-0
-0
-0
-0
0.940084
20.9671
-0
-0
-0
-0
-0
-0
-0
23.0013
-0
-0
-0
74.1176
32.9849
-0
-0
-0
-0
-0
-0
-0
-0
-0
8.67506
34.6204
-0
-0
-0
23.1592
-0
-0
-0
-0
-0
-0
-0
-0
-0
-0
-0
-0
-0
-0
-0
-0
53.7344
-0
13.3739
62.858
-0
-0
-0
13.3866
33.0684
44.4124
-0
-0
-0
-0
-0
-0
-0
-0
-0
18.8997
-0
-0
20.8661
-0
-0
-0
-0
-0
-0
-0
-0
1.09957
-0
23.7819
-0
-0
9.7822
-0
-0
-0
11.0278
-0
-0
-0
-0
-0
-0
2.63845
-0
16.8854
19.3561
-0
-0
-0
-0
-0
-0
-0
-0
31.9712
-0
-0
15.7323
-0
-0
-0
-0
86.8423
28.4864
-0
-0
16.232
-0
-0
-0
56.4544
-0
0.56408
-0
-0
-0
-0
26.8539
-0
-0
-0
-0
-0
25.4782
-0
-0
-0
-0
-0
-0
-0
7.0296
-0
-0
-0
-0
25.5193
45.4942
-0
-0
-0
-0
-0
-0
-0
41.8529
23.0814
-0
-0
-0
-0
-0
-0
-0
-0
-0
-0
8.33435
-0
-0
-0
-0
-0
-0
36.8665
-0
-0
-0
-0
-0
-0
5.53865
-0
-0
-0
-0
-0
-0
-0
-0
-0
-0
-0
-0
-0
-0
-0
-0
-0
-0
-0
-0
-0
-0
-0
-0
-0
-0
-0
-0
-0
-0
-0
5.14956
-0
-0
-0
-0
-0
-0
49.0877
-0
-0
51.1889
-0
-0
-0
-0
-0
-0
-0
-0
13.3465
30.1318
-0
-0
-0
-0
-0
-0
-0
-0
-0
-0
-0
-0
1.22135
-0
-0
-0
-0
-0
-0
-0
-0
-0
-0
45.3616
-0
-0
-0
-0
31.3261
-0
-0
-0
-0
-0
-0
9.5715
-0
-0
-0
-0
-0
-0
-0
-0
-0
9.23339
-0
-0
23.6842
-0
-0
-0
-0
10.9267
59.9162
-0
-0
35.4782
-0
-0
-0
1.89171
-0
-0
-0
-0
-0
-0
-0
53.4544
-0
-0
-0
40.7918
-0
-0
-0
-0
-0
-0
-0
-0
58.8308
-0
-0
-0
-0
-0
-0
10.4351
56.7022
-0
-0
-0
-0
-0
-0
-0
-0
-0
-0
-0
-0
113.286
-0
-0
-0
-0
-0
-0
46.6566
27.4704
-0
-0
-0
-0
-0
-0
5.25858
-0
-0
-0
-0
-0
12.8808
-0
2.87742
-0
-0
-0
-0
-0
2.60929
-0
-0
-0
-0
-0
-0
-0
-0
-0
-0
50.8362
-0
-0
-0
-0
-0
-0
-0
-0
-0
16.0696
22.4012
-0
36.3738
-0
-0
-0
-0
16.5524
-0
-0
-0
-0
-0
-0
-0
31.747
-0
-0
12.6759
2.08578
-0
-0
-0
2.371
-0
-0
33.5535
-0
-0
-0
-0
-0
-0
-0
37.0125
-0
-0
-0
-0
-0
-0
-0
-0
0.23228
-0
56.6319
-0
-0
-0
-0
-0
-0
-0
-0
-0
-0
-0
-0
-0
-0
-0
-0
-0
-0
-0
-0
26.7509
-0
-0
39.2618
-0
34.9058
-0
-0
-0
-0
-0
-0
-0
-0
21.1364
-0
-0
-0
-0
-0
-0
21.8638
-0
6.74669
-0
-0
-0
20.2674
10.9245
8.87433
-0
-0
-0
-0
-0
-0
-0
-0
-0
-0
-0
-0
-0
17.5519
52.5267
-0
-0
-0
-0
-0
-0
-0
-0
-0
-0
-0
-0
-0
-0
-0
-0
-0
-0
-0
-0
-0
-0
-0
-0
-0
-0
-0
-0
42.0161
-0
26.3209
-0
28.496
-0
-0
-0
15.0133
-0
-0
-0
-0
-0
-0
-0
-0
-0
-0
-0
-0
-0
8.63721
-0
-0
-0
8.22358
15.9481
-0
-0
-0
-0
-0
6.61219
-0
-0
8.30699
-0
39.74
-0
-0
2.15509
-0
-0
21.4092
46.7337
9.98019
-0
-0
-0
-0
-0
-0
20.7165
-0
-0
5.22981
-0
-0
-0
-0
-0
-0
-0
-0
-0
-0
-0
-0
-0
-0
-0
-0
-0
-0
59.1945
-0
-0
-0
-0
-0
-0
-0
12.4724
-0
-0
-0
-0
-0
-0
-0
-0
-0
5.58011
-0
-0
35.003
-0
-0
-0
-0
-0
-0
-0
-0
-0
31.8546
-0
-0
16.854
-0
-0
-0
-0
-0
-0
-0
-0
2.97046
-0
-0
-0
-0
-0
-0
-0
-0
-0
7.51378
-0
-0
-0
-0
15.69
-0
-0
-0
0.848278
-0
-0
-0
-0
42.4563
-0
43.1706
-0
-0
-0
-0
27.0445
-0
-0
-0
-0
-0
55.2125
-0
-0
-0
-0
-0
-0
-0
-0
9.21523
-0
-0
-0
-0
-0
-0
-0
-0
-0
-0
34.6677
-0
-0
-0
-0
7.94226
-0
-0
-0
-0
25.9469
18.3933
-0
-0
23.3435
38.3069
-0
-0
-0
-0
-0
11.3955
-0
-0
-0
-0
-0
-0
-0
-0
-0
-0
-0
-0
-0
-0
-0
77.2861
40.1413
-0
5.91288
-0
-0
-0
-0
-0
-0
-0
-0
-0
-0
-0
-0
12.8132
-0
-0
-0
-0
-0
-0
-0
25.5172
-0
-0
-0
-0
-0
-0
4.96773
-0
-0
-0
-0
-0
34.7551
-0
61.2076
-0
-0
-0
-0
46.041
-0
-0
4.87876
31.2025
-0
47.2675
-0
-0
-0
1.73055
7.83023
-0
-0
-0
-0
-0
-0
-0
-0
-0
-0
-0
-0
31.6165
-0
-0
-0
-0
-0
0.22902
-0
-0
-0
-0
29.5174
-0
-0
-0
-0
-0
-0
-0
-0
80.3102
24.1125
-0
-0
25.4962
-0
-0
-0
-0
-0
-0
-0
-0
-0
-0
-0
-0
-0
10.446
-0
6.60645
-0
26.3122
-0
32.191
-0
5.91849
-0
-0
4.72735
-0
-0
-0
-0
-0
-0
-0
-0
19.4965
-0
2.28867
29.2451
-0
-0
-0
-0
29.976
-0
-0
-0
-0
-0
-0
41.6291
9.52686
-0
-0
-0
-0
-0
-0
-0
-0
-0
-0
-0
-0
6.32023
-0
-0
19.9835
-0
-0
6.77016
-0
-0
-0
17.3249
67.6563
-0
-0
8.03057
-0
40.0311
-0
-0
-0
-0
-0
-0
-0
-0
-0
-0
-0
-0
-0
-0
-0
27.494
43.1081
-0
-0
-0
-0
8.35911
-0
-0
-0
-0
-0
-0
-0
-0
-0
-0
-0
-0
-0
-0
-0
-0
-0
25.966
-0
-0
7.18351
-0
-0
-0
37.523
-0
-0
-0
-0
-0
23.9463
12.8014
15.6876
-0
-0
-0
-0
-0
-0
-0
22.2177
-0
29.0646
-0
-0
42.8881
-0
-0
-0
-0
-0
-0
-0
-0
-0
-0
14.5558
-0
8.63584
-0
20.9428
-0
0.932407
34.8574
-0
-0
-0
-0
5.5502
10.1804
-0
-0
-0
-0
-0
-0
-0
-0
-0
-0
-0
-0
-0
-0
-0
-0
-0
-0
-0
-0
-0
-0
-0
-0
-0
-0
-0
-0
-0
-0
-0
12.7933
-0
-0
-0
-0
-0
-0
-0
-0
-0
-0
-0
-0
-0
28.6727
-0
-0
-0
-0
11.5354
20.2204
-0
-0
-0
-0
-0
-0
-0
16.0553
-0
11.8935
21.3119
-0
-0
4.40911
-0
-0
-0
-0
-0
-0
-0
-0
-0
-0
0.0552948
-0
-0
-0
-0
-0
-0
-0
-0
96.902
-0
-0
-0
-0
-0
-0
-0
-0
-0
-0
-0
48.3064
-0
-0
-0
13.7848
-0
-0
-0
0.658621
-0
-0
-0
-0
-0
-0
-0
-0
-0
-0
30.15
-0
-0
-0
-0
-0
-0
-0
-0
-0
-0
-0
-0
31.8202
-0
-0
-0
-0
-0
-0
14.2282
2.11673
49.7021
-0
-0
-0
24.82
-0
-0
-0
22.7867
-0
-0
-0
-0
19.3871
-0
-0
0.221637
-0
-0
29.616
-0
-0
-0
-0
-0
-0
33.1119
-0
-0
-0
-0
-0
-0
-0
-0
-0
32.1889
-0
2.3287
-0
-0
-0
-0
-0
-0
-0
-0
-0
41.4427
-0
-0
-0
-0
-0
-0
-0
-0
-0
-0
-0
-0
-0
5.50645
-0
21.8257
-0
-0
24.3649
-0
-0
38.64
-0
-0
-0
71.9361
-0
-0
-0
-0
-0
-0
-0
-0
27.1462
12.1494
-0
-0
-0
-0
-0
-0
32.8078
-0
8.08004
-0
33.397
-0
-0
-0
-0
-0
-0
-0
112.086
-0
-0
1.99987
-0
-0
83.8765
-0
-0
-0
-0
3.42692
-0
4.19044
-0
4.85433
-0
6.68478
-0
-0
-0
-0
-0
-0
-0
-0
-0
-0
-0
-0
15.0999
-0
-0
-0
-0
-0
-0
-0
-0
-0
-0
-0
-0
-0
-0
-0
-0
-0
-0
7.75194
-0
12.7069
-0
-0
4.67785
-0
-0
-0
44.404
-0
-0
78.6366
-0
-0
-0
-0
-0
-0
-0
-0
-0
-0
39.5974
11.8242
-0
-0
-0
-0
-0
-0
-0
-0
-0
-0
-0
5.77603
13.3786
-0
1.96026
-0
-0
-0
-0
-0
-0
-0
19.8827
-0
-0
-0
-0
-0
-0
-0
-0
-0
49.1537
-0
-0
10.8131
-0
6.16691
-0
-0
-0
-0
-0
-0
-0
-0
-0
-0
-0
-0
-0
-0
-0
-0
-0
-0
-0
-0
-0
-0
-0
-0
-0
-0
-0
-0
-0
-0
-0
68.7767
-0
-0
-0
-0
-0
-0
-0
14.0383
-0
-0
-0
-0
-0
-0
-0
-0
-0
-0
-0
-0
-0
-0
-0
-0
-0
-0
-0
-0
-0
28.8665
38.0806
-0
-0
-0
-0
-0
-0
1.75132
-0
-0
26.5639
-0
38.6134
6.34407
25.9903
9.11616
-0
-0
4.27562
-0
-0
-0
-0
-0
-0
-0
49.661
-0
-0
-0
-0
-0
-0
-0
-0
45.6617
20.9312
-0
-0
-0
-0
-0
-0
2.81255
-0
-0
-0
-0
-0
-0
-0
-0
-0
-0
-0
-0
-0
72.7721
30.8795
-0
-0
43.2751
-0
-0
55.1887
49.3016
-0
-0
-0
-0
-0
-0
-0
0.928373
-0
-0
-0
-0
-0
-0
-0
-0
-0
-0
26.4402
-0
-0
-0
-0
-0
-0
-0
10.7138
-0
-0
-0
-0
-0
-0
-0
-0
-0
-0
37.8488
12.2094
-0
-0
17.649
-0
-0
-0
60.1918
-0
-0
-0
-0
-0
-0
-0
15.0542
-0
-0
39.4355
-0
-0
40.8875
54.6379
-0
-0
-0
-0
-0
-0
-0
-0
-0
-0
-0
8.67769
-0
-0
-0
-0
2.23003
-0
70.8387
-0
-0
-0
-0
-0
-0
-0
-0
-0
-0
55.0412
-0
-0
47.4881
-0
-0
-0
-0
-0
-0
-0
-0
-0
-0
-0
32.7274
26.4512
-0
71.1234
-0
-0
-0
11.2116
-0
-0
-0
8.72181
-0
-0
80.4839
-0
-0
-0
-0
-0
-0
7.27434
-0
-0
-0
6.79088
-0
-0
27.0956
-0
-0
-0
-0
39.9521
7.82095
-0
1.1489
-0
53.4855
-0
-0
-0
-0
-0
-0
-0
-0
-0
-0
-0
-0
-0
-0
-0
-0
-0
-0
-0
-0
-0
10.9169
-0
-0
-0
-0
20.8361
-0
-0
-0
-0
-0
-0
-0
-0
-0
-0
-0
-0
-0
-0
-0
-0
-0
31.231
-0
-0
-0
-0
-0
67.6679
-0
-0
-0
-0
-0
-0
-0
-0
-0
-0
24.0369
-0
62.0894
-0
-0
-0
-0
59.8742
34.4368
-0
-0
32.1015
-0
-0
45.9492
-0
-0
31.3686
-0
-0
-0
4.8639
23.8117
-0
-0
-0
-0
-0
-0
-0
-0
-0
32.2895
33.1039
-0
-0
-0
-0
4.16
20.6106
-0
46.8864
-0
-0
-0
-0
-0
-0
-0
7.50403
-0
49.8853
-0
-0
-0
-0
-0
-0
-0
7.55657
25.0883
15.3137
-0
-0
13.1627
-0
-0
-0
-0
-0
8.70276
-0
-0
-0
-0
-0
-0
-0
-0
-0
-0
33.449
-0
-0
-0
0.790917
-0
-0
-0
-0
-0
-0
59.4079
-0
2.25577
-0
-0
-0
-0
25.1416
-0
-0
-0
-0
-0
-0
-0
-0
-0
13.7658
-0
-0
-0
100.568
-0
42.8212
25.3427
16.0105
-0
32.5396
-0
-0
-0
-0
23.232
8.50846
-0
7.68317
-0
-0
-0
-0
-0
-0
-0
-0
-0
-0
-0
-0
-0
-0
-0
-0
14.4382
-0
-0
-0
-0
-0
-0
-0
-0
-0
-0
-0
-0
-0
-0
70.3776
-0
-0
7.81908
-0
-0
-0
3.63874
-0
-0
-0
-0
-0
-0
-0
-0
-0
-0
-0
26.5818
45.3104
-0
16.694
-0
32.8994
32.3088
-0
-0
-0
-0
-0
-0
-0
-0
-0
-0
21.9785
-0
-0
-0
-0
-0
-0
-0
-0
-0
-0
-0
-0
-0
4.62511
-0
-0
-0
-0
-0
-0
-0
-0
18.6727
-0
-0
-0
33.0222
-0
-0
-0
-0
-0
-0
-0
-0
-0
-0
-0
47.9137
-0
32.9435
10.8987
-0
-0
-0
-0
6.77263
-0
-0
-0
-0
-0
-0
-0
1.29355
38.0486
32.7683
-0
-0
-0
-0
-0
-0
-0
-0
-0
-0
-0
-0
21.3837
21.3008
-0
-0
-0
-0
3.52125
-0
-0
-0
-0
-0
-0
-0
-0
-0
-0
-0
-0
-0
-0
-0
-0
-0
-0
7.72174
-0
-0
-0
-0
-0
-0
-0
-0
-0
-0
-0
4.42142
-0
50.8541
-0
-0
31.6041
-0
6.29187
-0
-0
-0
-0
-0
-0
41.0385
-0
-0
-0
-0
5.06519
-0
-0
-0
-0
-0
-0
-0
-0
-0
-0
-0
-0
108.497
-0
-0
-0
-0
-0
-0
-0
-0
-0
-0
-0
-0
-0
-0
-0
-0
-0
2.398
-0
-0
23.7288
-0
-0
-0
-0
-0
-0
-0
-0
20.2466
-0
-0
17.2377
-0
2.88568
-0
-0
-0
-0
-0
-0
-0
-0
3.76966
-0
-0
-0
17.3838
-0
-0
-0
-0
-0
-0
1.87133
-0
-0
-0
33.2371
-0
-0
-0
-0
-0
12.1248
47.7626
-0
54.7674
-0
33.9013
-0
-0
-0
-0
-0
-0
-0
-0
63.3913
5.68674
-0
-0
-0
1.35727
42.9426
-0
-0
-0
-0
-0
-0
-0
-0
-0
-0
-0
-0
-0
-0
-0
31.3569
-0
-0
-0
-0
-0
-0
-0
-0
-0
-0
-0
-0
-0
1.77052
-0
4.07087
-0
-0
-0
-0
-0
-0
-0
-0
-0
-0
-0
-0
-0
21.4555
-0
-0
-0
-0
1.11697
23.7076
-0
-0
-0
-0
-0
-0
-0
18.0247
-0
5.65577
-0
3.20866
-0
-0
-0
-0
-0
35.8993
-0
-0
-0
-0
-0
-0
-0
-0
-0
-0
-0
-0
-0
-0
-0
-0
-0
-0
-0
-0
-0
-0
-0
-0
-0
-0
-0
-0
-0
-0
-0
-0
-0
-0
11.4523
-0
23.9285
-0
-0
-0
-0
-0
-0
2.15511
19.1792
-0
-0
-0
-0
68.9433
-0
49.2899
-0
-0
-0
-0
-0
-0
-0
-0
24.028
-0
-0
-0
-0
22.648
-0
-0
-0
-0
4.8709
-0
-0
-0
-0
0.601328
-0
-0
-0
-0
41.4684
-0
-0
-0
-0
-0
-0
-0
-0
-0
-0
-0
-0
18.336
-0
-0
-0
-0
-0
-0
-0
-0
-0
-0
-0
-0
-0
-0
-0
7.81191
-0
-0
-0
1.08259
17.191
-0
-0
-0
-0
-0
-0
-0
-0
-0
-0
-0
4.94575
-0
-0
-0
-0
18.5548
-0
-0
-0
-0
31.0765
16.6601
-0
-0
-0
-0
-0
-0
-0
-0
-0
20.0652
-0
66.8322
-0
-0
-0
38.218
-0
-0
2.52513
-0
-0
-0
-0
-0
-0
-0
-0
-0
-0
-0
-0
-0
-0
-0
-0
-0
24.8907
24.7572
-0
17.8028
-0
-0
5.31164
-0
-0
19.2559
-0
-0
-0
-0
-0
-0
-0
-0
10.6595
68.1936
-0
-0
-0
-0
-0
-0
-0
-0
-0
-0
-0
-0
-0
-0
-0
36.5942
-0
-0
-0
-0
-0
5.9584
-0
-0
-0
-0
-0
44.4341
-0
-0
-0
23.5512
-0
-0
50.3389
-0
-0
-0
-0
-0
-0
-0
-0
-0
-0
-0
-0
-0
-0
-0
36.6076
8.86294
-0
-0
35.9932
-0
0.343037
-0
-0
15.725
-0
-0
-0
26.8835
-0
22.2518
-0
-0
-0
41.0281
-0
-0
-0
-0
-0
-0
-0
-0
-0
-0
-0
-0
-0
-0
-0
-0
-0
46.6059
-0
-0
-0
25.3874
-0
-0
-0
-0
-0
3.95124
-0
-0
-0
-0
-0
-0
20.3089
-0
-0
2.03687
-0
-0
0.865579
-0
29.6644
-0
-0
-0
-0
-0
-0
-0
21.8502
-0
-0
40.8775
-0
13.546
56.9881
5.92055
16.5422
-0
-0
38.036
-0
-0
-0
-0
-0
-0
42.4268
-0
-0
6.05056
27.7865
-0
-0
41.3083
-0
-0
-0
22.7614
-0
-0
-0
-0
-0
-0
-0
-0
-0
-0
-0
-0
23.4574
-0
-0
-0
-0
-0
-0
-0
-0
-0
58.2621
-0
-0
-0
-0
-0
6.21635
-0
-0
-0
-0
-0
-0
44.0019
18.7701
61.3615
-0
-0
-0
-0
-0
-0
-0
-0
-0
-0
-0
-0
-0
-0
-0
8.07005
-0
-0
40.7611
0.739472
-0
-0
-0
22.0528
-0
4.75886
-0
-0
-0
-0
-0
-0
-0
-0
-0
-0
-0
-0
-0
-0
-0
-0
-0
-0
-0
-0
-0
-0
-0
-0
-0
-0
-0
-0
-0
-0
0.170068
-0
-0
17.583
40.8878
45.7369
-0
-0
-0
-0
-0
-0
-0
-0
-0
-0
-0
-0
-0
-0
37.5805
14.3083
-0
-0
-0
-0
12.1957
-0
-0
-0
-0
-0
-0
-0
-0
-0
-0
-0
-0
-0
46.1154
-0
9.82486
-0
8.53709
-0
-0
-0
-0
-0
-0
-0
0.921625
-0
-0
-0
-0
-0
-0
-0
-0
-0
-0
-0
-0
-0
-0
-0
-0
-0
-0
-0
-0
-0
20.9037
-0
-0
-0
-0
11.6756
-0
-0
-0
-0
-0
-0
-0
-0
-0
-0
-0
-0
5.52325
-0
-0
-0
2.04631
-0
-0
-0
-0
-0
1.43763
2.10017
-0
-0
14.5293
-0
-0
-0
-0
9.80738
-0
-0
-0
-0
-0
-0
-0
-0
-0
4.13042
3.41411
-0
-0
-0
-0
-0
-0
57.4333
-0
-0
-0
-0
-0
-0
-0
-0
-0
-0
-0
-0
-0
-0
-0
-0
-0
-0
-0
-0
-0
-0
-0
-0
48.0587
-0
-0
-0
-0
10.2181
-0
-0
21.8476
7.04816
-0
-0
-0
-0
-0
0.928113
-0
-0
-0
-0
-0
-0
-0
-0
-0
-0
-0
-0
-0
-0
6.02987
-0
-0
-0
-0
-0
-0
69.6973
-0
-0
-0
-0
54.7293
-0
-0
-0
-0
-0
-0
39.8885
-0
-0
-0
-0
-0
-0
-0
-0
69.101
-0
-0
-0
-0
-0
5.07056
-0
-0
-0
-0
-0
-0
-0
-0
-0
-0
20.6796
-0
-0
13.3839
-0
-0
-0
2.40693
-0
-0
-0
-0
3.89457
-0
-0
13.0716
-0
-0
-0
-0
-0
-0
-0
-0
-0
-0
-0
-0
-0
-0
-0
70.5317
-0
-0
-0
-0
-0
-0
-0
-0
-0
7.25709
-0
-0
3.57979
-0
-0
-0
-0
-0
-0
-0
-0
-0
-0
-0
-0
23.5121
30.5379
-0
-0
45.8607
39.0323
-0
-0
-0
-0
-0
-0
-0
-0
-0
32.6241
-0
-0
-0
-0
-0
32.6076
-0
-0
-0
24.1307
-0
-0
-0
7.19218
-0
-0
6.4726
-0
-0
-0
-0
-0
-0
-0
-0
-0
-0
-0
33.2712
-0
-0
-0
-0
-0
-0
-0
-0
-0
-0
-0
33.7854
-0
0.728163
-0
-0
3.73969
-0
-0
-0
-0
-0
-0
-0
17.2469
15.255
-0
58.6763
-0
-0
-0
-0
-0
23.6537
-0
-0
-0
-0
-0
39.5274
-0
-0
-0
62.3105
-0
14.5777
6.92801
8.5914
-0
68.3876
-0
-0
-0
-0
-0
-0
48.4502
34.0187
14.8367
-0
-0
-0
-0
6.05357
11.1567
-0
-0
-0
-0
-0
-0
9.70384
-0
-0
-0
-0
-0
-0
-0
-0
-0
26.7923
3.95923
4.7349
-0
-0
-0
-0
-0
30.7374
-0
-0
-0
-0
-0
-0
-0
-0
-0
-0
11.1527
-0
-0
-0
-0
-0
-0
-0
-0
-0
-0
-0
30.745
-0
-0
-0
-0
-0
-0
-0
-0
-0
53.2147
-0
-0
-0
-0
-0
-0
16.6498
-0
-0
-0
-0
11.1298
-0
-0
-0
-0
-0
-0
-0
-0
34.7088
-0
66.849
18.1119
-0
6.47723
-0
-0
-0
-0
-0
-0
-0
-0
23.9677
-0
-0
-0
-0
3.19429
35.2684
-0
-0
-0
-0
-0
-0
-0
5.08269
-0
-0
-0
-0
-0
-0
14.324
-0
28.6712
-0
64.5896
-0
-0
-0
-0
-0
14.3558
13.3832
-0
-0
-0
-0
-0
-0
-0
-0
-0
-0
-0
-0
-0
-0
-0
-0
-0
-0
-0
5.35654
-0
-0
-0
9.51679
-0
-0
-0
8.46183
-0
-0
65.928
-0
-0
22.1801
-0
-0
-0
34.8467
-0
-0
7.43374
-0
-0
29.5365
-0
-0
-0
-0
-0
-0
-0
-0
-0
2.7538
-0
-0
-0
-0
27.9599
-0
-0
-0
-0
-0
-0
-0
-0
-0
-0
-0
-0
-0
13.3256
-0
-0
50.143
-0
-0
-0
24.3311
-0
-0
-0
-0
-0
0.565292
-0
-0
-0
45.7718
1.2653
-0
-0
-0
46.1366
-0
-0
-0
-0
-0
-0
46.0318
-0
-0
-0
-0
-0
-0
8.79637
-0
-0
-0
-0
-0
-0
-0
29.9251
6.91887
2.07269
-0
-0
-0
-0
-0
-0
-0
51.4218
-0
-0
-0
-0
-0
-0
-0
-0
-0
-0
-0
49.121
-0
40.2979
-0
-0
-0
10.3439
-0
-0
-0
-0
-0
-0
67.2957
-0
-0
-0
-0
-0
-0
-0
-0
-0
-0
-0
-0
10.9922
-0
6.25506
-0
-0
-0
-0
-0
-0
-0
-0
-0
-0
-0
-0
13.8684
39.579
-0
11.3048
-0
-0
-0
-0
-0
2.17578
-0
16.771
-0
-0
-0
-0
-0
-0
-0
-0
-0
-0
15.8897
-0
-0
40.5634
-0
-0
-0
-0
15.17
-0
-0
1.31786
7.76799
-0
20.6642
-0
11.2135
-0
16.266
26.8736
15.4616
-0
-0
3.95723
-0
-0
-0
-0
51.3992
-0
-0
79.595
-0
-0
-0
-0
-0
28.7731
46.3658
-0
42.377
-0
-0
-0
-0
-0
-0
-0
-0
-0
-0
-0
-0
-0
-0
-0
-0
44.2976
-0
-0
15.9965
-0
-0
-0
-0
-0
-0
-0
-0
-0
-0
-0
-0
-0
-0
-0
-0
-0
-0
-0
-0
-0
-0
-0
-0
3.20566
7.16552
-0
-0
-0
-0
-0
-0
-0
-0
-0
-0
-0
-0
-0
-0
-0
9.38741
-0
-0
-0
-0
-0
17.8191
-0
7.81019
-0
-0
-0
30.2652
-0
-0
-0
-0
-0
-0
-0
27.5584
-0
-0
-0
-0
-0
21.5609
-0
-0
-0
-0
-0
-0
-0
-0
-0
-0
-0
-0
-0
-0
-0
-0
-0
-0
-0
45.3132
1.03246
-0
-0
-0
-0
-0
-0
-0
-0
-0
-0
-0
35.1444
-0
-0
-0
-0
-0
-0
-0
-0
-0
-0
-0
-0
-0
58.5143
-0
30.5739
3.62875
-0
-0
-0
-0
-0
-0
-0
-0
-0
-0
-0
-0
-0
26.1011
-0
-0
31.3597
-0
25.3926
-0
-0
-0
-0
-0
-0
-0
-0
-0
-0
4.6698
45.3014
-0
-0
-0
-0
-0
-0
-0
27.2189
-0
-0
-0
-0
61.2764
-0
10.9944
-0
7.08152
-0
-0
10.4444
33.3474
-0
-0
37.4068
14.8282
-0
-0
-0
1.89647
-0
26.9867
94.2646
13.9368
-0
5.68878
9.77837
-0
4.68861
-0
-0
-0
-0
-0
-0
-0
-0
2.97542
-0
-0
-0
-0
-0
-0
-0
-0
12.5776
-0
-0
-0
11.2774
-0
-0
-0
-0
-0
-0
4.39086
-0
-0
-0
-0
22.1726
-0
-0
-0
-0
-0
-0
-0
39.7725
-0
-0
-0
-0
-0
-0
-0
45.5888
26.1194
-0
-0
-0
25.3402
-0
-0
-0
43.3387
-0
-0
-0
-0
-0
-0
-0
-0
