0.973245
-0
-0
-0
-0
10.4275
-0
-0
13.0205
16.9475
-0
-0
-0
-0
-0
11.9659
-0
-0
-0
-0
-0
-0
-0
-0
-0
-0
27.0345
-0
-0
-0
-0
-0
-0
-0
10.8024
-0
-0
-0
-0
-0
-0
-0
-0
8.92841
-0
-0
-0
50.213
-0
3.92788
-0
-0
-0
-0
-0
-0
-0
2.67271
33.4884
-0
-0
-0
17.8025
-0
-0
-0
28.0248
-0
-0
0.585905
-0
-0
-0
-0
-0
11.5209
6.03292
9.60548
-0
-0
-0
79.0289
-0
-0
-0
-0
-0
8.75017
-0
-0
-0
-0
-0
-0
15.847
-0
15.2783
-0
4.30941
-0
-0
-0
-0
-0
-0
-0
23.0307
-0
-0
-0
-0
-0
-0
-0
-0
26.8058
-0
-0
44.2399
72.8095
-0
-0
19.5858
-0
7.19348
-0
-0
10.1449
-0
42.2453
7.27956
-0
19.7217
-0
-0
-0
4.10462
4.662
-0
-0
3.16709
-0
-0
-0
-0
-0
-0
-0
-0
-0
-0
-0
-0
-0
-0
-0
20.6432
-0
-0
1.34274
6.28956
-0
-0
10.0093
8.94126
-0
-0
-0
-0
48.8532
36.3389
-0
-0
-0
10.9676
-0
-0
-0
-0
-0
-0
-0
-0
-0
-0
32.3657
-0
-0
27.5084
-0
-0
17.0844
-0
8.50015
-0
-0
-0
-0
-0
-0
-0
-0
-0
-0
-0
23.8772
-0
-0
-0
-0
-0
-0
-0
-0
-0
-0
-0
1.24404
-0
-0
-0
-0
-0
22.5996
-0
-0
-0
-0
-0
-0
-0
-0
-0
-0
-0
-0
-0
-0
-0
-0
-0
-0
-0
-0
-0
-0
6.47885
-0
-0
-0
-0
-0
-0
6.75201
27.3751
-0
-0
-0
29.4106
-0
-0
-0
-0
6.49697
-0
-0
-0
-0
-0
-0
-0
14.4169
-0
30.7186
-0
-0
-0
-0
-0
-0
-0
1.02319
-0
-0
-0
-0
-0
13.1137
-0
-0
-0
-0
-0
-0
-0
-0
-0
-0
-0
42.4065
-0
-0
-0
-0
57.5387
17.5661
-0
-0
22.5519
-0
-0
11.4514
-0
-0
23.5699
2.02315
-0
-0
-0
-0
-0
-0
0.653278
57.5095
35.4989
-0
-0
1.33781
-0
18.1793
-0
-0
-0
-0
-0
-0
-0
-0
-0
3.96874
-0
-0
-0
26.9467
-0
-0
45.3219
-0
6.26837
-0
12.961
-0
-0
-0
14.1419
-0
-0
-0
-0
-0
-0
-0
-0
14.7934
11.9576
1.56413
-0
-0
63.3742
-0
-0
-0
0.495154
32.4939
-0
-0
-0
-0
-0
-0
-0
-0
19.0408
-0
-0
16.1089
9.3897
-0
-0
-0
-0
-0
-0
-0
-0
-0
-0
-0
-0
-0
-0
-0
-0
-0
-0
-0
-0
2.45543
-0
6.44774
-0
-0
-0
-0
-0
-0
-0
-0
-0
-0
30.7467
-0
-0
-0
1.40589
-0
-0
-0
-0
26.1409
-0
44.5123
2.769
-0
38.7981
-0
-0
-0
-0
-0
-0
-0
7.27422
-0
-0
-0
-0
-0
-0
-0
-0
3.09251
-0
7.29859
41.0462
17.4504
-0
-0
-0
-0
-0
-0
9.42776
-0
-0
12.706
17.4469
-0
-0
-0
-0
-0
-0
-0
-0
-0
10.1089
-0
-0
-0
-0
-0
-0
1.72855
-0
-0
-0
28.0412
-0
9.94505
58.0109
-0
-0
-0
15.5869
10.6071
28.4454
-0
2.20188
3.77806
-0
-0
9.18007
7.10649
-0
-0
31.9286
-0
-0
31.3719
-0
-0
-0
-0
-0
-0
-0
-0
-0
-0
16.8539
-0
-0
-0
-0
-0
-0
-0
-0
16.3956
-0
-0
-0
-0
10.9761
-0
11.2672
64.2123
-0
-0
-0
-0
-0
-0
-0
-0
19.7855
-0
-0
-0
1.2769
-0
-0
-0
72.0903
-0
-0
-0
39.3555
5.0217
-0
-0
8.87612
-0
-0
-0
-0
-0
-0
26.3019
-0
-0
-0
-0
-0
-0
-0
-0
9.9638
-0
-0
-0
-0
-0
-0
-0
-0
-0
-0
27.9704
-0
-0
-0
20.0693
-0
-0
-0
25.1747
5.20045
38.021
-0
-0
-0
-0
-0
-0
-0
1.4563
-0
-0
-0
-0
-0
-0
-0
-0
-0
-0
-0
-0
-0
-0
-0
11.5333
-0
-0
-0
-0
-0
-0
-0
-0
-0
-0
-0
-0
-0
-0
-0
-0
-0
-0
-0
-0
-0
-0
-0
-0
-0
-0
-0
-0
-0
-0
-0
-0
-0
-0
-0
-0
21.3673
-0
1.84268
22.7976
-0
15.654
12.36
-0
-0
-0
5.63741
-0
-0
0.668762
-0
28.8454
-0
-0
-0
13.719
-0
4.08992
-0
-0
-0
31.8028
-0
-0
22.5293
-0
-0
-0
-0
-0
-0
-0
-0
-0
-0
21.9591
5.10324
-0
-0
-0
1.29434
-0
-0
-0
-0
-0
-0
31.1756
-0
-0
-0
-0
0.754959
-0
-0
-0
-0
34.3312
-0
-0
58.7781
-0
-0
0.192774
-0
37.7664
61.14
-0
-0
31.9277
-0
-0
-0
1.46218
-0
-0
-0
-0
-0
-0
-0
39.787
-0
-0
-0
30.4095
-0
-0
-0
-0
-0
6.41796
-0
-0
36.9121
-0
-0
-0
-0
-0
-0
-0
24.7509
-0
-0
-0
-0
-0
-0
-0
-0
-0
-0
-0
-0
95.1381
-0
-0
-0
-0
-0
-0
42.0676
2.63491
-0
8.16337
-0
-0
-0
-0
12.4893
-0
4.1043
-0
4.07378
12.8384
20.1514
-0
-0
-0
-0
-0
-0
-0
27.5597
-0
-0
-0
-0
-0
-0
8.28615
-0
-0
-0
-0
-0
-0
-0
-0
17.3515
-0
-0
1.45642
-0
16.3652
55.4986
-0
51.9534
21.1016
-0
-0
-0
-0
-0
-0
-0
-0
-0
-0
-0
3.42652
-0
-0
-0
-0
-0
-0
-0
-0
-0
-0
-0
-0
-0
-0
-0
-0
-0
-0
-0
-0
-0
-0
-0
-0
-0
-0
-0
-0
-0
43.5247
-0
-0
-0
-0
-0
-0
-0
-0
-0
-0
-0
-0
7.45461
-0
-0
-0
-0
-0
-0
-0
10.2066
-0
-0
56.3477
-0
26.7174
-0
1.61899
-0
-0
-0
-0
-0
-0
32.5242
2.66815
-0
-0
-0
-0
-0
23.0991
-0
6.84654
-0
-0
-0
-0
21.5881
1.35542
-0
-0
-0
-0
-0
-0
-0
41.701
-0
-0
-0
5.15497
-0
12.4645
25.2423
-0
-0
-0
-0
-0
-0
-0
-0
-0
-0
10.0596
-0
-0
-0
-0
-0
-0
-0
-0
-0
-0
-0
8.94228
-0
-0
-0
-0
-0
-0
-0
52.7414
-0
30.4475
-0
-0
-0
39.173
-0
-0
-0
-0
-0
-0
-0
-0
-0
-0
-0
-0
-0
-0
-0
-0
-0
7.84679
-0
-0
-0
7.86046
-0
-0
15.611
-0
-0
32.4931
-0
26.4625
-0
-0
-0
-0
-0
-0
57.9046
1.74244
-0
-0
-0
-0
-0
-0
-0
-0
-0
25.1831
-0
-0
-0
15.1489
-0
-0
-0
-0
-0
-0
-0
-0
-0
22.0253
-0
-0
-0
-0
50.3894
-0
-0
-0
-0
-0
12.0759
-0
0.0454078
-0
13.2533
-0
-0
-0
-0
-0
-0
-0
-0
-0
-0
11.3981
-0
-0
-0
-0
-0
-0
-0
-0
-0
39.7992
-0
-0
-0
-0
-0
-0
-0
-0
-0
-0
-0
-0
-0
-0
-0
-0
-0
22.9469
-0
-0
-0
-0
-0
-0
-0
-0
-0
-0
-0
-0
-0
-0
-0
-0
-0
22.5768
-0
35.6485
-0
-0
-0
-0
-0
-0
-0
-0
-0
-0
28.299
-0
-0
-0
-0
-0
-0
-0
-0
4.03414
-0
-0
-0
-0
-0
-0
-0
-0
-0
-0
39.0643
-0
-0
-0
-0
45.6886
-0
-0
-0
-0
-0
3.69689
-0
-0
17.8684
-0
-0
33.7675
-0
-0
9.74584
-0
3.12567
-0
-0
-0
-0
-0
13.4765
-0
-0
-0
1.64793
-0
-0
-0
-0
77.032
6.54706
22.1957
10.2949
-0
-0
-0
-0
-0
-0
-0
-0
-0
-0
-0
-0
13.7984
-0
-0
-0
-0
-0
-0
-0
23.9596
-0
-0
-0
-0
-0
-0
-0
-0
-0
5.30195
-0
-0
-0
-0
67.9197
-0
-0
-0
-0
14.719
-0
-0
18.2154
3.82123
-0
35.4508
-0
-0
-0
8.77493
-0
-0
-0
-0
-0
-0
-0
-0
-0
-0
-0
-0
-0
25.1836
-0
-0
-0
-0
6.24465
29.5825
-0
-0
-0
-0
8.98887
-0
29.44
-0
-0
-0
-0
-0
-0
38.6995
6.5509
-0
-0
-0
-0
0.876859
-0
-0
-0
-0
-0
22.0168
-0
-0
-0
-0
6.45372
27.3881
-0
15.2171
-0
-0
11.7705
23.8763
-0
11.7127
3.93727
-0
1.93507
-0
-0
12.9478
-0
-0
-0
-0
-0
22.7413
-0
2.94615
7.0982
-0
-0
-0
11.6332
28.3459
-0
-0
-0
-0
-0
-0
1.71472
18.0253
-0
-0
-0
-0
-0
4.95593
-0
5.68435
-0
-0
8.32971
-0
5.24078
-0
-0
-0
-0
-0
-0
-0
8.03601
-0
-0
36.9682
-0
-0
0.370369
-0
25.8037
-0
-0
-0
-0
-0
-0
-0
-0
-0
-0
-0
-0
-0
-0
-0
-0
14.1381
-0
-0
-0
-0
-0
-0
-0
-0
-0
-0
-0
-0
-0
-0
10.4456
-0
-0
-0
-0
-0
-0
-0
-0
-0
-0
20.1463
-0
-0
-0
55.6228
-0
-0
-0
-0
-0
-0
13.959
4.70122
-0
-0
-0
-0
-0
-0
-0
9.44109
-0
57.0134
26.398
-0
55.7567
-0
-0
-0
-0
-0
-0
-0
-0
-0
-0
15.1737
-0
18.178
8.90603
0.912921
-0
1.32241
-0
-0
-0
10.738
1.09095
15.4685
-0
-0
11.9065
-0
-0
-0
-0
-0
-0
-0
17.7363
-0
-0
-0
-0
-0
-0
-0
-0
-0
-0
-0
-0
-0
-0
-0
-0
-0
-0
-0
-0
-0
29.8994
-0
-0
-0
-0
-0
-0
-0
-0
-0
-0
-0
-0
-0
4.61357
-0
-0
-0
12.613
39.3465
-0
-0
-0
-0
-0
-0
-0
-0
-0
-0
2.58683
-0
-0
-0
2.54044
-0
-0
-0
-0
-0
-0
-0
-0
-0
-0
-0
-0
-0
-0
-0
-0
-0
-0
-0
70.069
1.48264
-0
-0
10.0015
-0
44.2753
-0
-0
-0
-0
-0
51.9688
-0
-0
-0
9.09277
-0
-0
-0
0.0867277
-0
-0
-0
-0
-0
-0
-0
-0
-0
8.20269
21.9127
-0
-0
-0
-0
-0
-0
-0
-0
-0
-0
-0
-0
23.5289
-0
-0
-0
-0
-0
-0
26.0634
-0
34.1997
-0
-0
-0
5.50371
-0
-0
-0
-0
-0
-0
-0
-0
-0
-0
-0
15.2281
-0
-0
29.4618
-0
-0
-0
-0
-0
-0
-0
-0
-0
-0
-0
9.9431
-0
-0
-0
-0
30.4291
-0
-0
-0
-0
-0
-0
-0
-0
-0
-0
-0
43.557
-0
-0
-0
-0
-0
-0
-0
-0
-0
23.0975
-0
-0
13.6232
15.2152
-0
36.0342
-0
-0
40.0704
8.33863
-0
32.51
-0
18.3821
-0
27.4514
-0
-0
-0
-0
-0
-0
-0
-0
19.3688
28.0661
0.360646
-0
15.4607
-0
-0
-0
5.29975
-0
-0
-0
38.0531
-0
-0
-0
-0
21.2576
-0
-0
74.2211
-0
-0
-0
-0
-0
35.5596
-0
-0
0.443127
-0
30.6195
-0
4.21815
-0
22.7162
-0
0.422951
-0
11.1591
-0
-0
-0
-0
-0
-0
-0
-0
-0
-0
21.5913
-0
5.32358
-0
-0
-0
-0
-0
-0
-0
-0
-0
-0
-0
-0
-0
-0
-0
-0
-0
-0
43.0308
-0
-0
22.8995
-0
-0
-0
64.9995
-0
-0
57.4676
-0
6.82031
-0
-0
-0
-0
-0
-0
-0
-0
-0
-0
-0
-0
-0
-0
-0
-0
9.66661
-0
-0
-0
-0
-0
12.42
-0
-0
-0
-0
-0
-0
-0
-0
7.94511
29.8127
-0
-0
-0
-0
-0
-0
-0
-0
-0
-0
-0
-0
-0
2.55097
-0
-0
-0
-0
-0
-0
-0
-0
-0
-0
-0
-0
9.21723
-0
-0
-0
-0
-0
-0
-0
-0
-0
-0
-0
-0
-0
-0
-0
-0
-0
-0
-0
22.0612
-0
-0
-0
-0
-0
-0
-0
5.96255
-0
-0
-0
-0
12.1616
-0
-0
-0
-0
-0
-0
-0
-0
-0
-0
-0
-0
-0
-0
-0
-0
30.0868
-0
-0
-0
-0
-0
-0
-0
0.714101
-0
-0
29.1641
-0
-0
-0
12.9962
1.76979
-0
-0
-0
-0
-0
-0
-0
-0
-0
-0
64.1963
-0
-0
-0
-0
-0
-0
-0
-0
46.6296
43.5614
-0
-0
-0
6.65127
-0
-0
-0
-0
-0
-0
-0
-0
-0
-0
-0
-0
11.1763
-0
-0
-0
36.19
7.47776
-0
-0
41.8951
-0
-0
47.8592
29.0094
-0
-0
30.0551
-0
-0
-0
-0
0.346728
-0
-0
-0
-0
-0
-0
-0
-0
-0
-0
11.61
-0
-0
-0
-0
-0
-0
-0
-0
-0
-0
-0
-0
-0
-0
-0
-0
-0
-0
-0
-0
-0
-0
15.2248
5.80323
-0
0.747874
62.1455
-0
-0
-0
-0
-0
-0
-0
-0
0.517205
-0
28.4126
0.883916
-0
30.5255
22.2196
-0
-0
-0
-0
-0
-0
18.9769
-0
-0
-0
22.7279
14.079
-0
-0
-0
-0
1.18578
-0
56.393
-0
-0
-0
9.02968
-0
-0
4.01899
-0
2.47368
-0
37.208
-0
-0
5.96934
-0
-0
-0
-0
-0
-0
-0
25.6063
-0
25.1727
-0
27.9805
16.6252
-0
3.5141
-0
-0
-0
2.03868
2.98516
-0
-0
5.2891
-0
-0
45.2329
26.6981
-0
-0
-0
-0
-0
8.69771
-0
-0
-0
12.0104
-0
-0
29.8786
-0
-0
-0
-0
-0
-0
-0
0.627973
-0
41.7283
-0
-0
-0
1.24463
8.2678
7.41131
-0
-0
-0
-0
-0
-0
-0
-0
-0
-0
-0
-0
0.264426
-0
-0
-0
-0
-0
-0
-0
22.8978
-0
-0
-0
-0
-0
-0
-0
-0
-0
-0
-0
-0
-0
-0
-0
-0
-0
5.49496
-0
9.55176
-0
-0
-0
61.743
-0
-0
-0
13.2484
-0
-0
-0
-0
-0
-0
26.7374
-0
21.9397
-0
7.25316
-0
-0
22.0947
35.3262
-0
4.22328
28.8438
-0
-0
53.2199
-0
-0
-0
-0
-0
-0
20.757
7.63306
-0
-0
-0
-0
-0
-0
8.42755
-0
-0
47.9216
3.1974
-0
-0
-0
-0
7.34685
-0
-0
21.6872
-0
-0
-0
-0
-0
-0
-0
-0
-0
-0
-0
-0
-0
-0
-0
-0
-0
-0
-0
8.79388
-0
21.7392
17.3818
-0
-0
-0
-0
-0
8.93638
-0
-0
-0
20.5239
-0
-0
-0
-0
-0
-0
13.9092
-0
-0
-0
11.6526
-0
-0
-0
-0
-0
-0
56.2758
-0
-0
-0
-0
-0
3.97647
-0
-0
3.57504
-0
-0
-0
-0
-0
-0
-0
43.8822
23.4653
-0
-0
35.8074
-0
25.4555
32.2524
19.2381
-0
-0
-0
-0
2.26948
-0
6.82194
18.2851
-0
21.3372
-0
-0
-0
-0
-0
-0
-0
-0
-0
-0
-0
-0
-0
-0
-0
-0
-0
-0
-0
-0
-0
-0
-0
-0
-0
-0
-0
-0
-0
-0
-0
60.1076
-0
-0
-0
-0
-0
-0
1.15363
-0
-0
-0
-0
-0
-0
-0
-0
-0
4.46319
-0
44.0466
-0
-0
10.1594
-0
26.8765
-0
-0
-0
-0
-0
-0
-0
-0
-0
-0
-0
11.4643
-0
-0
-0
-0
-0
-0
-0
-0
-0
-0
-0
-0
-0
33.2615
-0
-0
-0
-0
-0
-0
-0
-0
-0
-0
-0
-0
-0
34.6954
-0
-0
-0
-0
-0
-0
-0
-0
-0
-0
24.5585
-0
4.93896
-0
-0
-0
32.4621
-0
-0
-0
-0
-0
-0
-0
-0
-0
4.36674
-0
34.8253
-0
-0
3.96241
-0
-0
-0
-0
-0
-0
-0
-0
-0
7.87368
5.59142
-0
-0
-0
-0
2.67924
-0
-0
-0
-0
-0
-0
-0
-0
-0
-0
-0
-0
-0
-0
-0
-0
-0
-0
-0
-0
-0
-0
-0
-0
-0
-0
-0
-0
-0
-0
-0
-0
32.4551
-0
29.6837
-0
21.1926
6.05622
-0
-0
-0
-0
-0
-0
-0
-0
-0
-0
-0
7.46056
-0
-0
-0
-0
-0
-0
-0
0.626429
-0
-0
-0
-0
89.7459
12.121
-0
-0
-0
-0
-0
-0
12.4262
-0
23.9065
-0
-0
-0
-0
-0
-0
-0
2.36088
-0
-0
-0
-0
-0
-0
-0
-0
4.70752
-0
-0
26.4619
-0
10.6491
-0
-0
28.326
-0
-0
5.32397
-0
-0
-0
-0
-0
3.58581
-0
-0
-0
1.94655
-0
-0
-0
-0
-0
-0
1.24833
-0
-0
-0
-0
-0
-0
-0
-0
-0
14.3807
56.2848
-0
57.5885
-0
23.1501
-0
-0
-0
-0
-0
30.5979
-0
-0
72.5833
6.18938
-0
-0
-0
-0
8.80219
-0
-0
-0
-0
-0
-0
-0
-0
-0
-0
-0
17.7287
-0
-0
-0
36.3349
-0
-0
-0
-0
-0
-0
-0
-0
-0
-0
3.97032
-0
-0
-0
-0
2.54759
-0
-0
-0
11.9864
-0
-0
-0
-0
-0
6.59185
-0
-0
-0
33.3725
11.5012
-0
-0
-0
25.4722
15.5734
0.597592
-0
-0
-0
-0
-0
-0
0.889074
-0
6.1144
-0
33.5022
-0
-0
-0
-0
-0
-0
15.9908
-0
-0
17.1288
-0
-0
-0
-0
-0
-0
-0
-0
-0
-0
0.203725
-0
-0
-0
-0
-0
-0
-0
3.32917
-0
-0
-0
-0
-0
-0
-0
-0
-0
3.19558
-0
16.8302
-0
-0
13.0228
-0
-0
-0
7.39237
-0
23.8801
41.1083
-0
-0
-0
-0
91.8119
-0
20.3701
-0
-0
-0
-0
-0
-0
-0
-0
-0
-0
10.6001
-0
-0
-0
-0
-0
-0
-0
-0
-0
-0
-0
-0
-0
-0
-0
-0
-0
-0
-0
-0
-0
-0
-0
-0
-0
-0
-0
-0
-0
-0
48.2626
-0
-0
-0
-0
-0
-0
3.23135
-0
12.9934
-0
-0
-0
-0
-0
-0
-0
16.7222
-0
-0
-0
22.228
-0
-0
-0
-0
-0
-0
-0
-0
-0
-0
-0
-0
-0
-0
-0
-0
-0
2.31093
-0
-0
-0
3.10151
27.3048
-0
-0
-0
-0
9.82605
-0
-0
14.6377
-0
34.0134
-0
2.47947
-0
-0
-0
-0
-0
13.4441
-0
9.31927
-0
-0
-0
-0
-0
-0
-0
-0
6.95472
-0
-0
-0
-0
-0
-0
-0
53.7021
17.3009
-0
-0
-0
-0
12.7369
-0
-0
8.41621
-0
-0
-0
-0
-0
-0
-0
-0
-0
58.5495
-0
-0
-0
-0
-0
-0
-0
-0
-0
-0
32.6647
-0
-0
-0
-0
-0
2.48674
-0
-0
15.8996
-0
-0
16.638
-0
-0
-0
-0
21.0418
-0
-0
-0
14.3044
-0
-0
50.3897
-0
-0
-0
-0
-0
-0
-0
-0
-0
-0
-0
32.8033
5.74518
-0
-0
25.1024
4.54187
-0
-0
-0
-0
13.849
-0
-0
52.6616
-0
-0
-0
37.7805
-0
3.596
-0
-0
-0
41.2507
-0
-0
-0
-0
-0
-0
-0
-0
-0
-0
-0
-0
-0
-0
-0
-0
-0
13.0386
-0
-0
-0
11.6627
-0
-0
-0
-0
-0
41.8029
-0
-0
-0
-0
-0
-0
-0
-0
-0
39.964
-0
-0
-0
-0
7.0097
4.17762
-0
-0
-0
-0
-0
-0
16.2015
-0
-0
43.1672
-0
33.4136
47.9534
-0
30.4319
12.771
-0
54.1428
-0
-0
-0
-0
-0
-0
12.5311
-0
-0
-0
30.9173
6.27789
-0
34.3565
-0
-0
-0
25.7785
-0
-0
-0
-0
-0
-0
-0
-0
-0
-0
-0
-0
20.5478
-0
-0
-0
-0
-0
-0
3.03696
-0
-0
51.6035
-0
-0
19.1855
-0
-0
-0
-0
2.96091
-0
-0
-0
-0
50.0684
-0
-0
-0
-0
-0
-0
-0
-0
-0
0.920735
-0
-0
-0
-0
-0
-0
-0
-0
-0
-0
27.996
-0
-0
-0
-0
12.1565
8.10311
-0
-0
-0
-0
-0
-0
-0
-0
2.78551
-0
6.08839
-0
-0
-0
4.54506
-0
-0
-0
0.718017
-0
-0
-0
-0
-0
6.67688
-0
-0
-0
-0
-0
-0
2.32155
-0
-0
36.3157
16.1614
22.145
-0
-0
-0
-0
-0
-0
-0
-0
-0
-0
7.17239
-0
-0
-0
36.1324
-0
-0
6.16658
-0
-0
5.67573
-0
-0
-0
-0
-0
-0
-0
-0
-0
-0
-0
-0
10.7531
79.1537
-0
1.40832
12.6021
26.0767
-0
-0
-0
-0
-0
6.15981
-0
0.666319
-0
-0
-0
-0
-0
-0
-0
-0
-0
-0
-0
-0
-0
-0
-0
-0
-0
-0
-0
-0
-0
16.7766
-0
-0
15.9164
-0
-0
-0
-0
-0
-0
-0
-0
-0
-0
-0
-0
-0
-0
-0
-0
-0
-0
-0
-0
-0
24.2604
-0
-0
0.493963
46.3605
0.839859
-0
-0
-0
-0
-0
-0
10.213
-0
11.6711
-0
0.0750706
-0
-0
-0
-0
-0
11.4105
-0
-0
-0
10.0573
-0
-0
-0
28.8713
6.84805
-0
-0
-0
2.26211
-0
-0
-0
3.40443
-0
-0
-0
-0
-0
-0
-0
-0
3.06302
-0
29.0374
-0
-0
-0
-0
34.7607
-0
-0
-0
-0
39.0521
46.7181
0.639141
-0
10.8571
-0
-0
-0
-0
-0
0.251437
-0
-0
-0
-0
-0
0.391917
-0
-0
-0
-0
-0
-0
-0
-0
1.74399
-0
-0
-0
9.08597
-0
-0
-0
-0
-0
-0
-0
39.895
-0
-0
-0
-0
-0
-0
33.2811
-0
-0
-0
-0
-0
-0
-0
-0
6.19578
-0
-0
-0
-0
-0
-0
-0
-0
-0
-0
-0
-0
-0
-0
-0
-0
39.0637
-0
-0
-0
-0
-0
-0
-0
-0
-0
-0
-0
9.22064
-0
0.144607
4.81429
-0
-0
-0
-0
-0
-0
-0
-0
-0
-0
-0
-0
-0
-0
-0
44.2081
-0
-0
-0
-0
-0
-0
-0
-0
-0
4.42179
-0
-0
-0
-0
-0
-0
-0
26.7091
-0
-0
-0
-0
20.8297
-0
-0
7.03453
27.5562
9.94877
-0
31.7408
25.2169
-0
-0
-0
-0
-0
-0
-0
-0
-0
55.8988
-0
-0
-0
-0
-0
44.392
-0
-0
-0
6.00658
-0
15.155
-0
-0
-0
-0
-0
-0
-0
-0
-0
-0
-0
-0
-0
-0
-0
-0
17.2596
-0
-0
-0
6.19508
-0
-0
-0
-0
-0
-0
-0
2.14139
-0
3.72539
-0
-0
-0
-0
-0
-0
-0
-0
-0
-0
-0
1.73933
-0
38.3393
-0
-0
-0
-0
-0
33.0343
-0
-0
-0
-0
-0
54.6161
-0
-0
-0
75.3036
-0
16.5551
9.09213
8.71593
-0
57.3756
-0
-0
-0
-0
-0
-0
21.4848
4.60565
14.4551
-0
5.86372
-0
-0
-0
11.7545
-0
-0
-0
0.484079
-0
-0
26.1718
-0
-0
-0
-0
-0
2.91128
-0
41.3239
-0
19.7093
3.6694
13.6172
-0
-0
-0
0.735788
-0
1.88279
-0
-0
-0
-0
-0
-0
-0
-0
-0
-0
-0
-0
-0
-0
-0
-0
-0
-0
-0
-0
-0
-0
61.8276
-0
-0
-0
-0
-0
-0
-0
-0
-0
38.5583
-0
-0
-0
-0
-0
8.39378
-0
-0
-0
-0
-0
-0
-0
-0
12.6269
-0
-0
-0
-0
-0
35.1915
-0
68.065
39.5166
-0
-0
-0
-0
-0
-0
-0
-0
-0
2.59176
-0
-0
-0
-0
-0
6.51857
8.04396
-0
-0
-0
-0
-0
-0
-0
12.4421
-0
-0
-0
-0
-0
-0
31.7961
-0
4.42282
-0
64.2694
-0
-0
-0
-0
12.0574
13.4087
22.0586
-0
-0
-0
-0
-0
4.18975
-0
18.0898
-0
-0
-0
-0
-0
-0
4.10947
-0
-0
-0
-0
8.98018
-0
-0
-0
-0
-0
-0
-0
16.1946
-0
-0
65.2833
-0
-0
38.2763
-0
-0
-0
-0
-0
-0
-0
-0
-0
0.150654
-0
-0
-0
5.75204
-0
-0
-0
-0
-0
48.3502
-0
-0
-0
-0
22.6006
-0
-0
-0
-0
-0
-0
-0
-0
-0
-0
-0
-0
-0
9.86172
-0
-0
22.4698
-0
-0
-0
32.4172
-0
-0
-0
-0
-0
30.5922
-0
-0
22.3806
44.7102
18.8133
-0
-0
-0
14.6968
-0
-0
-0
-0
-0
-0
59.0932
-0
-0
-0
10.8984
-0
-0
-0
-0
-0
-0
-0
-0
-0
-0
7.09011
-0
-0
-0
-0
-0
-0
-0
-0
-0
19.8762
-0
-0
-0
0.882092
-0
-0
-0
-0
-0
-0
-0
25.5942
-0
13.7892
-0
-0
-0
29.4406
0.151884
-0
-0
-0
-0
-0
56.7743
-0
-0
-0
-0
-0
-0
-0
-0
-0
-0
-0
-0
13.686
-0
18.9611
-0
-0
21.9611
-0
-0
-0
-0
-0
-0
-0
-0
-0
-0
15.5106
-0
-0
-0
-0
-0
-0
-0
-0
-0
28.6111
-0
-0
-0
-0
-0
-0
-0
-0
-0
-0
-0
-0
-0
71.483
-0
-0
-0
-0
-0
-0
-0
1.46665
49.7733
-0
9.455
0.210696
33.5122
-0
26.3803
18.3265
28.3697
-0
-0
-0
-0
-0
25.4412
-0
24.3196
-0
-0
104.478
-0
-0
-0
11.691
-0
2.82027
-0
11.1914
36.7865
-0
-0
-0
-0
14.0574
30.9647
-0
-0
-0
-0
-0
26.8848
-0
-0
-0
29.3117
4.39931
-0
-0
-0
-0
-0
-0
-0
-0
-0
-0
-0
-0
-0
-0
-0
-0
-0
3.88524
-0
-0
-0
-0
-0
-0
-0
-0
-0
31.2443
11.6586
-0
-0
-0
-0
-0
-0
-0
-0
-0
-0
-0
-0
-0
-0
13.33
30.0164
-0
-0
-0
-0
-0
9.18156
-0
3.64915
-0
-0
-0
13.6876
-0
-0
-0
-0
-0
-0
-0
53.4113
-0
0.0097599
-0
-0
19.6585
7.29516
-0
-0
-0
21.1836
-0
-0
-0
19.0742
-0
-0
13.3535
-0
-0
18.9718
-0
-0
-0
-0
-0
34.5134
1.6062
-0
-0
-0
-0
-0
-0
-0
-0
-0
-0
-0
18.2043
-0
-0
-0
-0
-0
-0
-0
-0
-0
-0
-0
-0
-0
59.5288
-0
20.9242
-0
-0
-0
-0
26.7182
-0
-0
-0
-0
-0
-0
-0
-0
-0
24.2502
-0
-0
30.78
-0
5.61479
-0
-0
-0
-0
-0
-0
-0
-0
-0
-0
25.5336
23.9444
-0
-0
-0
2.10651
-0
-0
-0
15.1725
-0
-0
-0
-0
72.0369
-0
5.09709
-0
25.802
-0
-0
2.71068
29.9695
-0
-0
21.5116
-0
-0
-0
-0
15.5501
-0
51.8556
59.106
-0
-0
3.6272
-0
-0
-0
-0
-0
-0
-0
-0
-0
-0
-0
1.84019
-0
-0
-0
-0
-0
-0
-0
25.5348
27.4191
-0
-0
-0
31.9274
-0
-0
-0
-0
-0
-0
4.03444
-0
-0
-0
2.34834
-0
-0
-0
-0
-0
-0
-0
-0
13.5691
-0
-0
-0
-0
-0
-0
12.6184
-0
20.8455
-0
-0
-0
53.4845
-0
-0
-0
42.3627
-0
-0
-0
-0
-0
-0
7.22924
-0
