2.5661
-0
-0
-0
-0
-0
-0
12.3063
19.6536
9.80243
24.3449
-0
-0
-0
-0
20.1494
-0
1.5324
-0
-0
-0
-0
-0
-0
2.00741
-0
3.18508
-0
-0
-0
-0
-0
-0
-0
6.92431
-0
-0
-0
-0
-0
-0
-0
-0
19.8019
-0
-0
-0
15.7654
-0
24.5245
-0
-0
-0
-0
-0
-0
-0
0.77111
40.1051
-0
-0
-0
17.4341
-0
10.5508
-0
30.85
23.2208
0.90536
1.29668
-0
-0
-0
-0
-0
6.07686
-0
-0
-0
-0
-0
62.681
-0
-0
9.0977
-0
-0
-0
-0
-0
-0
-0
-0
-0
7.9747
-0
8.60509
-0
-0
-0
-0
-0
-0
16.1353
-0
-0
17.0304
-0
-0
-0
-0
-0
-0
-0
-0
41.1944
-0
-0
67.6056
28.7773
-0
-0
3.57613
-0
27.7027
-0
3.09424
3.38633
-0
12.3625
-0
13.8982
15.1352
-0
-0
-0
-0
12.1073
-0
-0
-0
-0
-0
-0
-0
-0
-0
-0
-0
-0
-0
-0
-0
-0
-0
-0
-0
-0
-0
0.791288
5.37385
-0
-0
28.3936
-0
-0
-0
-0
-0
20.9402
-0
12.5094
-0
-0
0.930353
-0
-0
-0
-0
-0
9.36682
-0
-0
-0
-0
20.9265
-0
-0
29.4269
-0
-0
2.75999
14.8998
1.41626
-0
-0
-0
-0
-0
-0
-0
1.00209
-0
-0
-0
31.4782
-0
-0
-0
-0
-0
-0
-0
-0
-0
-0
-0
9.0123
-0
-0
-0
-0
2.63011
38.1822
-0
-0
-0
-0
-0
-0
-0
5.30964
-0
-0
-0
-0
-0
-0
-0
-0
-0
-0
-0
-0
-0
-0
38.5821
-0
-0
-0
-0
-0
-0
-0
27.9601
-0
-0
1.47787
-0
-0
-0
-0
-0
9.72162
-0
-0
-0
-0
-0
-0
-0
10.083
-0
24.7094
-0
-0
-0
-0
-0
-0
-0
4.56086
-0
-0
-0
-0
-0
4.90374
-0
-0
-0
-0
15.1886
-0
-0
-0
-0
-0
-0
41.8059
-0
-0
0.894282
-0
26.039
26.9952
-0
-0
18.6728
-0
35.4997
25.441
-0
-0
35.3949
1.25169
-0
-0
-0
-0
-0
-0
10.4976
21.6019
38.3415
-0
-0
-0
-0
8.731
-0
-0
-0
-0
-0
-0
-0
4.34049
-0
2.06419
-0
-0
-0
15.721
-0
3.94495
20.0543
-0
3.55458
-0
20.5524
-0
-0
-0
23.9989
-0
-0
-0
-0
-0
20.776
-0
-0
17.5811
12.6997
1.05405
-0
-0
25.6263
-0
-0
0.0107813
0.905632
21.15
-0
-0
-0
-0
-0
-0
-0
22.5217
-0
-0
-0
16.2556
1.28596
-0
-0
-0
23.5167
-0
-0
-0
-0
-0
-0
-0
-0
-0
-0
10.9239
-0
-0
-0
-0
-0
-0
-0
3.50397
-0
-0
-0
-0
-0
13.3219
-0
-0
-0
-0
-0
-0
-0
-0
7.29572
-0
-0
5.37872
7.84189
30.4424
-0
15.7436
-0
-0
29.5907
-0
-0
-0
-0
-0
-0
-0
12.5233
-0
-0
-0
-0
-0
-0
-0
28.1304
1.19586
-0
-0
23.8501
-0
-0
5.05014
-0
-0
-0
-0
9.03584
-0
0.111834
8.18696
35.8914
-0
-0
-0
3.47671
-0
-0
-0
-0
7.02239
11.6714
-0
-0
-0
-0
-0
-0
0.516894
-0
-0
-0
49.0572
-0
1.68279
52.3655
-0
-0
3.79834
2.9542
1.45537
-0
-0
-0
-0
-0
-0
0.685691
-0
-0
-0
-0
-0
-0
31.3908
-0
-0
-0
-0
-0
-0
8.85974
-0
19.4874
-0
2.30408
-0
3.67699
16.1061
-0
-0
-0
18.7371
-0
-0
-0
-0
-0
-0
-0
-0
14.1316
40.9635
-0
-0
-0
-0
-0
-0
-0
-0
15.6113
-0
16.0365
-0
-0
-0
-0
-0
46.972
15.3002
-0
-0
29.2123
17.3229
-0
-0
13.2541
-0
-0
-0
-0
-0
-0
25.6682
-0
-0
-0
24.3266
-0
-0
-0
-0
5.09459
-0
-0
-0
-0
-0
-0
-0
-0
4.28841
24.6438
30.8403
-0
-0
-0
2.71443
-0
-0
-0
4.13852
22.844
2.34106
-0
-0
-0
-0
-0
-0
-0
-0
-0
23.8585
-0
-0
-0
-0
-0
-0
15.8552
-0
-0
1.5605
-0
-0
-0
26.8104
-0
-0
-0
-0
-0
-0
-0
-0
-0
-0
-0
-0
-0
-0
-0
-0
-0
-0
-0
-0
-0
-0
-0
-0
-0
-0
-0
-0
-0
-0
-0
-0
-0
-0
-0
-0
6.56997
-0
3.75115
-0
-0
20.5508
-0
-0
-0
-0
-0
-0
-0
-0
-0
30.3167
-0
-0
-0
24.3086
-0
12.4196
-0
-0
-0
12.5665
-0
-0
11.295
-0
-0
-0
0.181856
-0
-0
6.01423
-0
-0
-0
4.47548
8.92128
-0
-0
-0
-0
-0
-0
-0
-0
-0
-0
14.3993
-0
-0
-0
-0
17.8436
-0
-0
-0
-0
15.129
-0
-0
22.2267
-0
-0
6.23393
14.1671
38.5792
37.603
-0
-0
20.7488
-0
-0
-0
1.73985
-0
-0
-0
3.96001
-0
-0
-0
23.0729
-0
-0
-0
6.52043
9.24436
-0
-0
-0
-0
-0
-0
-0
43.6414
-0
0.106631
-0
-0
-0
-0
6.14521
29.8357
-0
-0
12.4993
-0
-0
-0
-0
-0
-0
-0
-0
-0
64.6604
-0
1.6681
-0
-0
-0
-0
29.1948
22.3451
-0
2.91901
-0
-0
-0
-0
-0
-0
24.4858
-0
-0
-0
-0
-0
23.6986
-0
-0
4.66624
-0
-0
21.3305
-0
-0
-0
-0
-0
-0
11.0406
-0
20.0935
-0
0.489142
-0
-0
4.98391
-0
-0
-0
-0
0.588597
-0
25.8331
22.905
-0
19.8201
24.9117
-0
-0
-0
-0
-0
-0
-0
-0
-0
-0
-0
8.29553
-0
-0
-0
25.6823
-0
-0
-0
12.7653
-0
1.9997
16.6961
-0
-0
-0
-0
-0
-0
-0
-0
-0
-0
-0
-0
-0
-0
-0
-0
-0
-0
36.6123
-0
-0
-0
-0
-0
0.207786
-0
-0
-0
-0
20.2644
-0
19.7749
-0
-0
-0
-0
-0
-0
-0
18.0135
-0
-0
38.6357
-0
-0
-0
21.3857
-0
-0
-0
-0
-0
-0
16.5827
-0
-0
-0
-0
-0
-0
25.4512
-0
4.84451
13.0931
-0
-0
2.18988
12.5971
-0
-0
4.36691
-0
-0
-0
-0
-0
-0
-0
-0
5.78433
34.5222
-0
-0
15.7407
-0
-0
-0
0.327541
-0
-0
-0
-0
-0
-0
1.80617
-0
-0
-0
-0
-0
-0
-0
-0
-0
-0
-0
-0
5.48818
-0
-0
-0
-0
18.5371
-0
35.8384
-0
42.7
-0
-0
-0
9.62604
-0
-0
-0
-0
-0
-0
-0
-0
-0
-0
-0
-0
-0
9.66352
-0
-0
-0
21.5228
-0
-0
-0
-0
-0
-0
-0
-0
-0
9.67838
-0
-0
-0
1.23556
3.40532
-0
-0
4.74195
66.4333
2.24778
-0
-0
-0
-0
-0
-0
-0
-0
-0
33.5147
-0
-0
-0
-0
-0
-0
-0
-0
-0
-0
-0
-0
-0
9.16519
4.28598
-0
-0
-0
44.8388
-0
-0
7.29116
-0
-0
2.01902
-0
4.13009
-0
12.3966
-0
7.54952
-0
-0
-0
-0
-0
-0
-0
-0
11.5488
-0
-0
-0
-0
-0
-0
-0
-0
-0
38.7493
-0
-0
-0
-0
-0
-0
-0
-0
-0
-0
-0
2.61711
-0
-0
-0
-0
-0
21.9619
-0
-0
-0
-0
-0
-0
-0
-0
16.8658
-0
-0
-0
-0
-0
-0
-0
-0
31.3831
-0
31.9705
-0
-0
-0
-0
-0
-0
-0
-0
-0
-0
52.1545
-0
-0
-0
-0
-0
-0
-0
-0
5.93621
-0
-0
-0
-0
-0
-0
-0
-0
-0
-0
23.6817
-0
-0
-0
-0
25.6399
-0
-0
-0
-0
17.3461
26.0855
-0
-0
12.033
-0
-0
15.534
-0
-0
15.2808
-0
-0
-0
-0
-0
-0
4.3125
15.591
-0
-0
-0
-0
-0
-0
-0
-0
66.4151
9.06564
27.5764
35.9111
-0
-0
-0
-0
-0
-0
-0
-0
-0
-0
-0
-0
29.6097
-0
-0
-0
-0
-0
-0
-0
20.9731
-0
-0
-0
-0
-0
-0
-0
-0
-0
9.86769
-0
-0
25.5834
-0
65.969
-0
-0
-0
-0
12.4997
-0
-0
25.1711
29.9568
-0
32.1867
-0
-0
-0
5.6589
-0
-0
-0
-0
-0
-0
-0
-0
-0
-0
-0
21.748
-0
4.83431
-0
-0
-0
-0
5.36502
23.6645
-0
-0
-0
-0
4.34593
-0
16.8125
-0
-0
-0
-0
-0
-0
42.0363
13.695
-0
-0
5.72544
-0
6.21281
-0
-0
-0
-0
-0
-0
-0
-0
-0
-0
-0
20.7294
-0
42.1556
-0
17.5739
-0
10.9226
-0
15.711
-0
-0
-0
-0
-0
3.8023
-0
-0
-0
-0
-0
43.0289
-0
-0
3.41995
-0
-0
-0
29.4647
-0
-0
-0
-0
10.7366
-0
-0
37.5889
20.6026
-0
-0
-0
-0
-0
13.4956
-0
14.1129
-0
-0
11.3614
-0
-0
-0
-0
11.5938
-0
-0
2.7954
-0
14.9449
-0
20.0038
37.1047
-0
-0
8.4424
-0
29.0257
1.56426
-0
-0
-0
-0
-0
-0
-0
-0
9.39281
-0
-0
-0
-0
-0
1.94042
9.91789
-0
-0
-0
-0
-0
19.8485
-0
-0
-0
-0
-0
-0
-0
-0
6.44199
-0
-0
-0
-0
-0
-0
-0
3.94709
-0
-0
27.3779
-0
-0
-0
24.8218
-0
-0
-0
-0
-0
-0
-0
-0
-0
-0
-0
-0
-0
-0
6.76401
22.1048
-0
6.13411
22.0739
-0
64.1799
-0
-0
-0
-0
-0
-0
-0
-0
-0
-0
-0
-0
-0
-0
-0
-0
2.00963
0.0806487
-0
-0
20.1362
0.372629
30.7381
3.0631
-0
-0
-0
-0
-0
-0
1.88562
-0
1.34685
-0
-0
-0
-0
-0
-0
-0
-0
-0
-0
-0
-0
-0
-0
-0
-0
-0
-0
-0
-0
-0
-0
23.8006
-0
0.800977
-0
-0
-0
-0
-0
-0
-0
-0
-0
-0
-0
11.8995
-0
0.538408
-0
18.7145
6.36988
-0
-0
-0
-0
-0
-0
-0
-0
-0
-0
14.1349
-0
-0
-0
2.01706
-0
-0
-0
-0
-0
-0
-0
-0
-0
-0
-0
-0
-0
-0
0.211211
-0
-0
-0
-0
53.6695
12.2082
-0
-0
-0
-0
7.63653
-0
-0
-0
-0
-0
31.7674
-0
-0
-0
4.58266
-0
-0
-0
0.341418
-0
-0
-0
-0
-0
-0
-0
-0
-0
0.90323
39.6059
-0
-0
-0
-0
-0
-0
-0
-0
-0
-0
-0
-0
24.7581
-0
-0
-0
-0
-0
-0
21.4102
5.68148
19.0906
-0
-0
-0
-0
-0
-0
-0
34.8168
-0
-0
-0
-0
1.83077
-0
-0
16.2272
-0
-0
31.8997
-0
-0
-0
-0
-0
-0
17.28
-0
-0
-0
-0
-0
-0
8.80375
-0
-0
25.5676
-0
-0
-0
-0
-0
-0
-0
-0
-0
-0
-0
33.4899
-0
-0
-0
-0
-0
-0
-0
-0
-0
23.972
15.7834
-0
6.3567
40.0084
-0
14.1865
-0
-0
22.0553
14.5892
-0
7.98261
-0
-0
-0
36.1543
-0
-0
-0
-0
-0
-0
-0
15.7299
20.1003
-0
-0
-0
-0
-0
-0
-0
10.038
-0
-0
-0
28.0183
-0
-0
-0
-0
12.8618
-0
-0
65.4734
-0
-0
18.1767
-0
-0
39.0018
-0
-0
-0
-0
-0
-0
-0
-0
16.8215
-0
25.8388
8.71054
9.09301
-0
-0
10.2877
-0
-0
-0
-0
-0
-0
26.5081
-0
-0
11.0959
-0
-0
-0
2.09849
-0
-0
3.71002
0.622
-0
-0
-0
-0
-0
-0
-0
-0
-0
-0
29.2813
-0
-0
21.6725
16.3567
-0
-0
62.6487
-0
-0
22.7296
-0
5.77048
-0
-0
-0
-0
-0
-0
-0
-0
-0
4.95458
-0
-0
-0
-0
-0
-0
-0
-0
-0
-0
-0
-0
25.2898
-0
-0
-0
-0
5.69626
-0
-0
-0
-0
34.6968
-0
-0
2.06321
-0
-0
-0
-0
-0
-0
-0
-0
-0
-0
0.078275
-0
-0
-0
-0
-0
-0
-0
-0
-0
-0
-0
-0
17.4655
-0
-0
-0
-0
-0
-0
-0
4.68895
-0
-0
-0
-0
-0
-0
-0
-0
-0
-0
-0
38.3427
-0
-0
-0
-0
-0
-0
-0
19.9845
9.84733
-0
-0
-0
-0
-0
-0
-0
-0
-0
-0
-0
-0
-0
-0
-0
-0
-0
-0
1.86663
-0
27.9053
-0
-0
-0
-0
-0
-0
-0
0.953875
-0
-0
-0
-0
42.8704
6.26084
16.2333
-0
-0
-0
13.8057
-0
14.7768
6.16538
-0
-0
-0
-0
16.5312
-0
-0
-0
-0
6.00552
-0
-0
-0
11.8192
14.2622
-0
-0
-0
5.71571
-0
-0
-0
-0
-0
19.8158
-0
-0
-0
-0
-0
-0
-0
-0
-0
-0
57.016
11.4112
-0
-0
12.5812
-0
-0
17.2571
-0
-0
-0
18.5685
-0
31.4137
-0
-0
0.84009
-0
-0
-0
-0
-0
-0
-0
-0
-0
-0
5.13752
-0
-0
-0
-0
-0
-0
-0
9.33198
-0
-0
-0
-0
3.2055
-0
-0
-0
-0
-0
16.0524
7.93072
16.8812
-0
13.9864
-0
-0
-0
45.9614
-0
0.724718
-0
-0
17.8823
-0
-0
29.9258
15.9767
-0
40.12
-0
15.2836
60.3274
23.7025
-0
-0
-0
-0
-0
-0
23.9977
-0
-0
2.00622
0.9157
17.1988
-0
-0
-0
-0
0.128929
-0
40.3943
-0
-0
-0
3.91583
-0
-0
-0
-0
-0
-0
45.4914
-0
-0
8.72478
-0
-0
-0
-0
-0
-0
-0
-0
-0
-0
-0
31.8594
-0
-0
31.9758
-0
-0
-0
-0
-0
-0
-0
1.11282
-0
-0
49.3527
17.774
-0
-0
-0
-0
-0
-0
-0
-0
-0
26.2639
-0
-0
8.94026
-0
-0
-0
-0
35.9665
16.541
-0
1.23208
-0
33.0363
-0
-0
-0
3.90611
3.95959
-0
-0
-0
-0
-0
-0
-0
-0
-0
-0
-0
-0
-0
0.200893
-0
-0
-0
-0
-0
-0
-0
18.4203
-0
10.5938
-0
-0
-0
-0
-0
-0
-0
-0
-0
-0
-0
-0
-0
-0
-0
-0
-0
-0
-0
19.5538
-0
18.3227
-0
-0
-0
7.92711
-0
-0
-0
-0
7.92537
0.384035
23.3923
-0
11.0595
-0
-0
6.17533
-0
8.01186
27.7968
-0
15.494
19.8654
-0
-0
28.1148
-0
-0
-0
-0
-0
-0
38.0755
-0
-0
-0
-0
-0
-0
-0
-0
-0
-0
20.8989
3.67701
-0
-0
-0
-0
2.80021
3.05444
-0
10.9953
-0
-0
-0
-0
2.64559
-0
-0
-0
-0
29.238
-0
-0
-0
-0
-0
-0
-0
-0
6.95493
1.33845
-0
4.02764
30.417
-0
-0
-0
-0
0.314184
5.22728
-0
-0
-0
-0
-0
-0
-0
-0
-0
-0
10.8371
-0
-0
-0
1.61069
-0
-0
-0
-0
1.09987
-0
41.0279
-0
-0
-0
-0
-0
7.68612
20.3342
-0
25.6853
-0
-0
1.69628
6.2409
-0
-0
-0
20.7493
-0
-0
-0
60.9469
-0
8.84234
9.19587
11.9791
-0
-0
-0
-0
-0
-0
34.2769
2.30586
-0
6.28814
-0
-0
-0
-0
10.1481
-0
-0
-0
-0
-0
-0
-0
-0
-0
-0
-0
5.07714
-0
-0
-0
-0
-0
-0
-0
-0
-0
-0
-0
0.138174
-0
-0
51.5819
-0
-0
1.48204
-0
-0
-0
2.10419
-0
-0
-0
-0
-0
-0
-0
-0
-0
-0
-0
19.4003
29.1534
-0
27.6706
-0
21.5295
6.0848
-0
-0
-0
-0
-0
-0
-0
-0
-0
-0
4.04154
-0
-0
-0
-0
-0
-0
-0
-0
-0
-0
-0
-0
-0
8.65735
-0
-0
-0
-0
-0
24.9066
-0
-0
-0
4.99386
-0
-0
-0
6.14406
-0
-0
-0
-0
16.1576
-0
-0
-0
-0
-0
31.4476
-0
50.1362
8.94871
-0
-0
15.1407
-0
-0
-0
-0
-0
-0
-0
-0
-0
-0
35.5527
27.2929
12.4561
-0
-0
-0
-0
8.11942
9.47571
-0
-0
17.1991
-0
-0
4.01474
22.8392
-0
10.7701
-0
-0
-0
-0
-0
-0
-0
1.04115
-0
-0
-0
-0
-0
-0
-0
-0
-0
-0
-0
-0
-0
13.9708
-0
1.42319
-0
-0
6.92475
-0
-0
-0
-0
-0
-0
5.25306
-0
55.0003
-0
6.0417
23.5582
20.2546
-0
-0
-0
-0
-0
-0
-0
-0
-0
-0
-0
-0
7.80304
-0
-0
-0
-0
-0
-0
-0
-0
-0
-0
-0
-0
73.7026
-0
-0
-0
-0
-0
-0
-0
14.5212
-0
-0
-0
-0
-0
-0
-0
-0
-0
1.36729
-0
-0
8.56456
-0
-0
-0
-0
-0
15.9172
-0
-0
3.02131
-0
-0
17.5164
-0
-0
-0
-0
2.27049
-0
-0
-0
-0
-0
7.40306
-0
-0
-0
20.6107
-0
-0
-0
-0
-0
3.62815
-0
-0
-0
-0
-0
-0
-0
-0
-0
-0
-0
41.7881
-0
41.134
-0
24.6508
-0
-0
-0
-0
-0
13.9517
-0
-0
42.4564
2.92327
-0
-0
-0
-0
21.4383
-0
-0
-0
-0
-0
-0
-0
-0
-0
-0
-0
4.09581
-0
-0
-0
23.17
-0
-0
-0
-0
-0
1.23496
-0
-0
-0
-0
-0
-0
-0
3.76135
-0
-0
-0
-0
9.12017
5.87446
-0
-0
-0
-0
-0
14.48
-0
-0
-0
23.94
-0
-0
-0
-0
26.4056
-0
-0
-0
-0
-0
-0
-0
-0
3.87042
-0
4.16688
-0
19.3148
-0
-0
-0
-0
-0
-0
18.2449
-0
-0
-0
-0
-0
-0
-0
-0
-0
-0
-0
-0
-0
-0
-0
-0
7.00543
-0
-0
-0
-0
-0
-0
-0
-0
-0
-0
0.640143
-0
-0
-0
15.2868
-0
9.70754
-0
10.3495
-0
-0
-0
-0
20.2693
-0
-0
7.22904
-0
-0
-0
-0
62.0998
-0
28.3334
-0
-0
-0
-0
-0
-0
-0
-0
7.53288
-0
27.0673
-0
-0
23.0339
-0
-0
-0
-0
-0
-0
-0
-0
-0
-0
-0
-0
-0
-0
14.0624
-0
-0
-0
-0
-0
-0
-0
-0
-0
-0
-0
-0
22.4809
2.03988
-0
-0
-0
-0
-0
-0
-0
-0
-0
-0
-0
1.48992
-0
-0
10.5004
22.9704
-0
-0
-0
34.3835
-0
-0
-0
-0
-0
-0
-0
-0
-0
-0
-0
-0
-0
-0
-0
25.4737
13.6107
-0
-0
-0
25.6628
-0
4.54637
-0
-0
-0
-0
4.21649
-0
-0
15.2536
-0
21.185
-0
18.6636
-0
-0
-0
15.8242
-0
51.9283
-0
2.6608
9.00451
-0
-0
-0
-0
-0
-0
-0
-0
-0
-0
-0
-0
-0
-0
-0
42.5796
19.4021
-0
13.9439
-0
-0
-0
-0
-0
18.2412
-0
-0
15.807
-0
-0
-0
-0
-0
-0
58.5823
-0
-0
-0
-0
-0
-0
-0
-0
-0
-0
4.40551
-0
-0
-0
-0
-0
-0
-0
-0
17.4215
-0
-0
3.98717
-0
-0
8.73828
-0
3.77857
-0
-0
-0
15.3666
4.87808
-0
20.8333
-0
-0
-0
-0
-0
16.9186
1.16563
-0
-0
-0
-0
-0
-0
-0
1.29392
8.32823
42.1124
-0
-0
-0
-0
12.6655
-0
15.3316
30.6529
-0
-0
-0
43.5102
-0
16.5085
16.1559
-0
-0
23.9771
-0
-0
-0
-0
-0
-0
-0
-0
-0
-0
-0
-0
-0
-0
-0
-0
-0
-0
15.6399
-0
4.02098
0.192954
-0
-0
-0
-0
-0
29.6679
-0
-0
-0
-0
-0
-0
14.7471
-0
-0
39.2977
-0
-0
-0
-0
-0
17.9617
-0
-0
14.8748
-0
-0
-0
31.5656
-0
-0
25.191
-0
-0
22.5069
0.904028
0.37434
0.0685968
-0
14.5644
-0
-0
-0
-0
-0
-0
19.0627
-0
-0
-0
8.04208
-0
-0
13.2227
-0
-0
-0
3.93977
-0
-0
-0
-0
-0
-0
-0
-0
-0
-0
-0
-0
24.1008
-0
-0
-0
-0
-0
-0
-0
-0
-0
16.7503
-0
19.4208
-0
-0
-0
14.6418
-0
-0
-0
-0
-0
-0
34.7144
10.0306
23.8143
-0
-0
-0
-0
-0
-0
-0
-0
-0
-0
1.61898
-0
-0
-0
-0
1.49013
-0
-0
-0
-0
-0
-0
-0
6.48351
-0
-0
-0
-0
-0
-0
-0
-0
-0
10.0079
-0
-0
-0
-0
-0
3.37903
-0
-0
-0
-0
-0
-0
-0
-0
-0
-0
-0
-0
-0
-0
-0
-0
0.543669
-0
-0
21.8947
30.6108
35.6482
-0
-0
4.23294
-0
-0
-0
-0
-0
-0
-0
-0
-0
-0
-0
17.7202
9.50418
6.76321
0.0160286
-0
11.4338
27.8667
5.23452
-0
-0
-0
-0
-0
-0
-0
-0
-0
-0
-0
18.1801
53.2149
-0
-0
1.55736
22.6941
-0
6.0768
-0
-0
-0
-0
-0
0.442343
-0
-0
-0
-0
-0
-0
-0
-0
-0
-0
-0
-0
-0
-0
-0
-0
-0
-0
-0
-0
-0
37.6966
15.9027
8.73222
10.0977
-0
-0
-0
-0
-0
-0
-0
-0
-0
-0
-0
-0
-0
-0
1.3515
-0
-0
-0
7.28366
-0
-0
13.5071
-0
-0
0.0885161
12.9143
-0
-0
-0
-0
-0
-0
-0
15.9881
-0
32.4041
-0
-0
-0
-0
-0
-0
-0
3.56054
7.84646
-0
-0
-0
-0
-0
-0
31.1371
29.6717
-0
-0
-0
21.0705
-0
-0
-0
-0
-0
-0
-0
-0
-0
-0
-0
-0
16.8519
-0
-0
-0
-0
-0
-0
29.1103
-0
-0
20.3046
-0
10.397
14.0071
-0
-0
5.0164
1.39449
-0
-0
-0
-0
-0
-0
-0
-0
-0
-0
-0
-0
-0
-0
19.2946
-0
-0
-0
-0
-0
-0
-0
-0
20.6583
-0
12.8282
58.4026
-0
-0
-0
-0
23.8953
-0
-0
-0
-0
-0
-0
20.4357
3.61328
-0
-0
-0
4.44979
-0
-0
-0
19.1132
-0
-0
-0
-0
-0
10.0088
-0
-0
-0
-0
-0
-0
-0
-0
-0
-0
13.0622
-0
-0
0.717254
-0
-0
-0
15.2688
-0
-0
0.334047
-0
3.35294
4.9959
-0
6.63151
-0
-0
-0
-0
5.30525
-0
-0
-0
-0
-0
-0
-0
-0
-0
-0
54.8302
-0
-0
-0
-0
-0
-0
-0
-0
-0
2.77893
-0
-0
4.27514
-0
-0
13.1856
-0
-0
-0
10.0485
-0
-0
16.5832
-0
-0
-0
20.5528
16.2231
-0
17.6585
-0
-0
-0
-0
-0
-0
-0
-0
-0
1.37123
35.7093
5.15411
-0
-0
-0
-0
40.734
-0
-0
-0
-0
5.37008
-0
-0
-0
-0
-0
-0
-0
-0
-0
-0
-0
-0
-0
-0
-0
-0
-0
-0
-0
-0
-0
-0
-0
-0
-0
-0
-0
-0
-0
23.7433
-0
-0
-0
-0
-0
-0
-0
-0
-0
-0
-0
-0
-0
-0
-0
39.7989
-0
-0
-0
-0
-0
32.1851
-0
-0
-0
-0
-0
15.6789
-0
-0
-0
38.312
-0
10.1976
17.7817
8.38175
-0
36.9912
-0
-0
-0
-0
-0
-0
15.9167
-0
8.42097
-0
-0
-0
-0
21.2251
-0
-0
-0
-0
-0
-0
-0
25.7986
-0
-0
-0
-0
-0
2.96099
-0
-0
-0
40.115
2.65907
24.0514
-0
-0
10.0011
0.279007
-0
34.2189
-0
-0
-0
-0
-0
-0
-0
-0
-0
-0
-0
-0
-0
-0
-0
-0
-0
-0
-0
-0
-0
10.8744
48.781
-0
-0
-0
-0
-0
-0
-0
-0
-0
31.5092
-0
-0
-0
-0
-0
-0
8.74233
-0
-0
-0
-0
11.5649
11.3418
-0
-0
-0
-0
-0
-0
-0
31.229
-0
67.7381
19.0881
-0
-0
1.34104
-0
-0
-0
-0
-0
-0
10.113
6.85295
-0
-0
-0
-0
15.9152
21.971
-0
-0
-0
-0
-0
-0
-0
18.5128
-0
-0
-0
-0
-0
-0
37.5992
-0
22.0636
-0
24.1894
-0
-0
-0
-0
-0
6.47279
-0
-0
-0
-0
-0
-0
-0
-0
-0
-0
12.4602
2.77177
-0
-0
-0
22.5011
-0
-0
-0
-0
5.72389
-0
-0
-0
7.68779
-0
-0
-0
33.0306
-0
3.46551
39.3389
-0
-0
57.8509
-0
-0
-0
19.4485
-0
-0
-0
-0
-0
-0
-0
-0
-0
5.68281
-0
-0
-0
-0
-0
16.7967
-0
-0
16.8402
-0
10.503
-0
-0
-0
-0
-0
-0
-0
-0
-0
-0
-0
-0
-0
11.6748
-0
-0
34.928
-0
-0
-0
41.9066
-0
-0
-0
-0
-0
29.1641
-0
13.1944
3.14688
41.6195
51.687
-0
-0
2.35405
-0
-0
-0
-0
-0
-0
-0
13.0219
-0
-0
3.4112
7.19423
-0
-0
-0
-0
-0
-0
-0
-0
-0
-0
-0
-0
11.8266
-0
-0
-0
-0
-0
-0
-0
19.8235
-0
-0
27.9546
-0
-0
-0
-0
-0
-0
-0
-0
27.8469
-0
8.40957
-0
-0
-0
0.62633
0.474059
-0
-0
-0
-0
18.3644
56.349
5.73834
-0
-0
-0
-0
-0
-0
-0
-0
-0
-0
-0
13.2064
-0
28.9613
-0
-0
-0
8.33407
-0
-0
-0
-0
-0
-0
23.4242
-0
-0
46.3921
-0
16.7496
-0
-0
-0
-0
-0
-0
-0
13.0802
-0
-0
-0
-0
-0
-0
-0
-0
-0
3.41631
-0
-0
-0
22.7826
-0
-0
-0
-0
26.6799
-0
-0
-0
25.4177
-0
13.572
-0
23.8794
-0
7.205
-0
-0
-0
-0
10.1268
-0
-0
-0
-0
4.75137
-0
-0
64.1635
-0
-0
-0
-0
-0
5.08961
29.079
6.77604
15.4324
-0
-0
-0
-0
-0
4.26933
-0
-0
-0
-0
-0
15.1635
-0
-0
-0
-0
27.8348
-0
-0
-0
-0
-0
-0
-0
-0
-0
-0
-0
-0
13.5506
-0
-0
-0
-0
-0
-0
-0
-0
1.21199
-0
-0
-0
-0
-0
9.32302
-0
-0
-0
-0
-0
-0
-0
-0
-0
-0
-0
-0
-0
-0
-0
12.1424
-0
-0
-0
-0
-0
-0
3.75111
-0
-0
-0
-0
-0
-0
-0
-0
-0
-0
8.43649
-0
-0
30.2729
-0
9.23374
-0
-0
-0
45.1423
-0
-0
-0
0.284624
-0
-0
-0
18.6947
-0
-0
-0
-0
5.50526
-0
-0
7.91763
-0
-0
-0
35.4713
5.76003
-0
3.63217
-0
-0
-0
-0
-0
-0
-0
-0
-0
5.95182
-0
-0
-0
-0
-0
-0
-0
-0
-0
-0
-0
-0
-0
53.2242
-0
38.3275
6.34384
-0
-0
-0
0.0138577
-0
-0
-0
-0
-0
-0
-0
-0
-0
16.3396
-0
-0
14.6911
-0
17.2093
-0
-0
-0
-0
-0
-0
-0
-0
-0
-0
0.934489
38.8039
-0
-0
-0
-0
-0
-0
-0
24.9148
-0
-0
-0
-0
36.6175
-0
-0
-0
16.4095
-0
-0
29.5122
29.5646
-0
-0
9.27618
-0
-0
-0
-0
-0
-0
56.7391
50.6187
-0
-0
3.51494
-0
-0
3.3036
-0
-0
-0
-0
-0
-0
-0
-0
1.30321
-0
-0
-0
-0
-0
-0
-0
11.9198
5.3403
-0
-0
-0
18.281
-0
1.62298
1.10183
-0
-0
-0
-0
-0
-0
-0
16.6878
-0
-0
-0
-0
-0
-0
-0
-0
40.6144
-0
-0
-0
-0
-0
-0
-0
3.23945
31.1726
6.96649
-0
-0
27.5688
-0
-0
-0
46.2565
-0
-0
-0
-0
19.6774
-0
-0
-0
