3.23702
-0
-0
-0
-0
-0
-0
15.7729
27.5325
6.7728
-0
-0
-0
-0
-0
16.8399
-0
-0
-0
-0
-0
-0
-0
-0
-0
-0
9.11361
-0
-0
-0
-0
-0
-0
-0
2.92027
-0
-0
-0
-0
-0
-0
-0
-0
15.2256
-0
-0
-0
-0
-0
23.1201
-0
-0
-0
-0
-0
-0
2.33022
4.10233
52.3275
-0
-0
-0
-0
-0
1.50318
-0
3.82058
8.64191
-0
1.91834
-0
-0
-0
-0
-0
6.34507
-0
21.9385
-0
-0
-0
80.2094
-0
12.8848
8.56424
-0
-0
-0
-0
-0
-0
-0
-0
-0
-0
-0
16.3673
-0
-0
-0
-0
-0
-0
0.881037
-0
-0
19.7035
-0
-0
-0
-0
-0
-0
-0
-0
63.9805
-0
-0
55.598
52.2569
-0
-0
7.14994
-0
37.337
-0
-0
-0
-0
49.7719
-0
14.7998
23.2894
-0
-0
-0
10.5277
27.0396
-0
0.124916
-0
-0
-0
-0
14.0558
-0
-0
-0
-0
-0
-0
-0
-0
-0
-0
-0
18.3913
-0
-0
1.77147
36.4969
-0
-0
35.6725
-0
-0
-0
-0
-0
29.726
-0
8.6787
-0
-0
-0
-0
-0
-0
-0
-0
-0
-0
-0
-0
-0
27.4265
-0
-0
23.0856
-0
-0
37.4237
-0
19.6438
-0
-0
-0
-0
-0
-0
-0
-0
-0
-0
-0
38.3793
-0
-0
-0
-0
-0
-0
-0
-0
-0
-0
-0
4.7521
-0
-0
-0
-0
-0
31.8914
-0
-0
-0
-0
-0
-0
-0
-0
-0
-0
-0
-0
-0
-0
-0
-0
-0
-0
-0
-0
-0
-0
39.528
-0
-0
-0
-0
-0
-0
-0
21.9119
-0
-0
-0
21.3945
-0
-0
-0
-0
7.51877
-0
-0
-0
-0
-0
-0
-0
10.0325
-0
8.63662
-0
-0
-0
-0
-0
-0
-0
3.3394
-0
-0
-0
-0
-0
0.888388
-0
-0
-0
-0
10.29
-0
-0
-0
-0
-0
-0
5.27735
-0
-0
0.907017
-0
18.6212
37.7962
-0
-0
36.634
-0
4.47985
32.4266
-0
-0
15.9127
1.49404
-0
-0
-0
-0
-0
-0
3.73754
46.7541
20.6573
-0
-0
-0
-0
16.2012
-0
-0
-0
-0
-0
-0
-0
-0
-0
-0
-0
-0
-0
18.8731
-0
-0
52.5143
-0
-0
-0
-0
-0
-0
-0
20.0813
-0
-0
-0
-0
-0
14.4235
-0
-0
-0
-0
1.06392
-0
-0
47.3049
-0
-0
-0
1.03607
51.5561
-0
-0
-0
-0
-0
-0
-0
3.76249
5.71406
-0
-0
3.11779
-0
-0
-0
-0
9.04908
17.5132
-0
-0
-0
-0
-0
-0
-0
-0
-0
3.20195
-0
-0
-0
-0
-0
-0
-0
25.3826
-0
-0
-0
-0
-0
1.19742
-0
-0
-0
-0
16.2367
-0
-0
-0
-0
-0
-0
2.14666
20.2292
-0
-0
-0
-0
-0
-0
-0
1.42629
-0
-0
-0
-0
-0
17.8253
-0
-0
-0
-0
0.984577
-0
-0
32.7408
8.90458
-0
4.84555
53.2722
52.9081
-0
-0
-0
-0
-0
-0
-0
-0
-0
-0
29.3148
-0
-0
-0
19.1719
-0
-0
-0
-0
-0
13.0657
-0
-0
-0
-0
-0
-0
-0
-0
-0
-0
47.1396
-0
23.2317
76.2376
-0
-0
-0
12.8677
18.7515
46.0686
-0
-0
-0
-0
-0
3.38729
-0
-0
-0
12.0887
-0
-0
49.0889
-0
-0
-0
-0
-0
-0
-0
-0
20.4878
-0
32.6449
-0
-0
30.7166
-0
-0
-0
-0
-0
8.69684
-0
-0
-0
-0
10.0233
-0
-0
49.7482
-0
-0
-0
-0
-0
-0
-0
-0
31.9738
-0
5.30421
0.4205
-0
-0
-0
-0
72.9144
45.4655
-0
-0
4.02488
27.1394
-0
-0
39.0604
-0
-0
-0
-0
-0
-0
16.6585
-0
-0
-0
-0
-0
17.375
-0
-0
-0
-0
-0
-0
-0
4.89556
-0
-0
-0
-0
20.2368
41.61
-0
-0
5.43917
-0
-0
-0
-0
7.34755
31.7335
-0
-0
-0
-0
-0
-0
-0
-0
-0
-0
7.4247
-0
-0
-0
-0
-0
-0
-0
-0
-0
-0
-0
-0
-0
19.1923
-0
-0
-0
-0
-0
-0
-0
-0
-0
-0
-0
-0
-0
-0
-0
-0
-0
-0
-0
-0
4.80693
-0
-0
-0
-0
-0
-0
-0
-0
-0
-0
-0
-0
-0
-0
-0
-0
-0
49.3968
2.26947
-0
35.905
4.72964
-0
-0
-0
-0
-0
-0
-0
15.2307
36.869
-0
-0
-0
7.92261
-0
20.9179
-0
-0
-0
-0
-0
-0
20.2694
-0
-0
-0
-0
-0
-0
11.1123
-0
-0
-0
38.2568
6.84972
-0
-0
-0
24.1594
-0
-0
-0
-0
-0
-0
19.2048
-0
-0
-0
-0
-0
-0
-0
-0
-0
33.9618
-0
-0
0.570719
-0
-0
-0
-0
14.0365
57.9622
-0
-0
35.6535
-0
-0
-0
2.01516
11.1963
-0
-0
-0
-0
-0
-0
22.1702
-0
-0
-0
-0
3.99937
-0
-0
-0
-0
-0
-0
-0
44.1349
-0
-0
-0
-0
-0
-0
0.144978
46.2582
-0
-0
2.93733
-0
-0
-0
-0
-0
-0
-0
-0
-0
99.4269
-0
-0
-0
-0
-0
-0
36.3043
23.7091
-0
-0
-0
-0
-0
-0
3.42285
-0
-0
-0
-0
-0
7.5169
-0
8.51561
-0
-0
-0
-0
-0
33.533
-0
-0
-0
-0
-0
-0
-0
-0
-0
-0
38.3552
-0
-0
-0
-0
-0
-0
-0
0.0776671
-0
27.6152
22.0598
-0
61.9444
23.8097
-0
-0
-0
6.42236
-0
-0
-0
-0
-0
-0
-0
17.4259
-0
-0
-0
22.3869
-0
-0
-0
8.18573
-0
-0
12.3711
-0
-0
-0
-0
-0
-0
-0
16.013
-0
-0
-0
-0
-0
-0
-0
-0
3.02077
-0
65.9836
-0
-0
-0
-0
-0
-0
-0
-0
-0
4.53004
-0
-0
1.14737
-0
-0
-0
8.7983
-0
-0
-0
13.8462
-0
-0
37.7289
-0
25.3527
-0
26.14
-0
-0
-0
-0
-0
-0
7.06546
-0
-0
-0
-0
-0
-0
45.6151
-0
-0
-0
-0
-0
25.961
-0
-0
-0
12.5224
-0
-0
-0
-0
-0
-0
-0
-0
1.76584
-0
-0
12.8495
22.3202
-0
-0
-0
-0
-0
-0
-0
-0
-0
-0
-0
-0
-0
-0
-0
-0
-0
-0
-0
-0
-0
-0
-0
-0
-0
-0
-0
-0
16.85
-0
36.7446
-0
19.6239
-0
-0
-0
24.1799
-0
-0
-0
-0
-0
-0
-0
-0
-0
-0
-0
-0
-0
1.9646
-0
-0
-0
15.0752
6.09112
-0
-0
-0
-0
-0
23.8927
-0
-0
4.09875
-0
34.9744
-0
-0
23.3139
-0
-0
1.28702
45.9366
5.19664
-0
-0
-0
-0
-0
-0
6.66181
-0
-0
19.4551
-0
-0
-0
-0
-0
-0
-0
-0
-0
-0
-0
-0
-0
-0
-0
-0
-0
-0
55.8102
-0
-0
-0
-0
-0
-0
-0
8.98222
-0
-0
-0
-0
-0
-0
-0
-0
-0
-0
-0
-0
30.1461
-0
-0
-0
-0
-0
-0
-0
-0
-0
25.7254
-0
-0
9.47883
-0
-0
-0
-0
-0
-0
-0
-0
-0
-0
5.35551
-0
-0
-0
-0
-0
-0
-0
-0
-0
-0
-0
-0
30.8016
-0
-0
-0
-0
-0
-0
-0
-0
33.9206
-0
33.3149
-0
-0
-0
-0
5.86339
-0
-0
-0
-0
-0
48.8257
-0
-0
-0
-0
-0
-0
-0
-0
6.19338
-0
-0
-0
-0
-0
-0
-0
-0
-0
-0
26.0107
-0
-0
-0
-0
16.6804
-0
-0
-0
-0
1.01849
5.12229
-0
-0
38.17
11.8706
-0
6.29404
-0
-0
-0
-0
-0
-0
-0
-0
-0
-0
-0
-0
3.27328
-0
-0
-0
-0
-0
-0
85.9217
46.8243
14.1081
17.0268
-0
-0
-0
-0
-0
-0
-0
-0
-0
-0
-0
-0
10.3842
-0
-0
-0
-0
-0
-0
-0
23.5372
-0
-0
-0
-0
-0
-0
-0
-0
-0
-0
-0
-0
25.5552
-0
54.3769
-0
-0
-0
-0
41.0318
-0
-0
30.0738
33.8195
-0
53.4718
-0
-0
-0
-0
17.1599
-0
0.404102
-0
-0
-0
-0
-0
-0
-0
-0
3.42733
-0
50.4978
-0
-0
-0
-0
-0
11.2383
-0
-0
-0
-0
36.4776
-0
-0
-0
-0
-0
-0
-0
-0
64.3776
31.1506
-0
-0
20.3115
-0
-0
-0
-0
-0
-0
-0
5.79974
-0
-0
-0
-0
-0
30.6757
-0
15.9377
-0
18.7919
-0
24.4889
-0
34.0925
-0
-0
-0
-0
-0
7.08718
-0
-0
-0
-0
-0
51.275
-0
2.37666
20.3242
-0
-0
-0
5.28737
21.275
-0
-0
-0
-0
-0
-0
56.788
25.0668
-0
-0
-0
-0
-0
-0
-0
12.0174
-0
-0
0.506952
12.4023
2.18622
-0
-0
2.03398
-0
-0
-0
-0
7.94143
-0
22.9973
36.3663
-0
-0
17.6443
-0
44.749
-0
-0
-0
-0
-0
-0
-0
-0
-0
5.80308
-0
-0
-0
-0
-0
15.8798
49.7709
-0
-0
-0
-0
-0
-0
-0
-0
-0
-0
-0
-0
-0
-0
-0
-0
0.866828
-0
-0
-0
-0
-0
3.23551
-0
-0
3.2666
-0
1.84156
-0
41.3289
-0
-0
-0
-0
-0
-0
15.9956
19.1606
-0
-0
-0
-0
-0
-0
2.29772
22.7328
-0
31.697
10.7314
-0
73.1501
-0
-0
-0
-0
-0
-0
-0
-0
-0
-0
9.05705
-0
11.7822
13.7672
9.90019
1.60006
1.44728
12.4944
-0
-0
21.0268
0.189013
-0
6.72464
-0
-0
-0
-0
-0
-0
-0
-0
-0
-0
-0
-0
-0
-0
-0
-0
-0
-0
-0
-0
-0
-0
-0
-0
4.82317
-0
-0
-0
-0
-0
-0
29.4744
-0
7.3567
-0
-0
-0
-0
-0
-0
-0
-0
-0
-0
-0
24.0326
-0
-0
-0
31.1801
24.1157
7.42206
-0
-0
22.0127
-0
-0
-0
0.199364
11.3204
-0
8.55547
14.58
-0
-0
2.44867
-0
-0
-0
-0
-0
-0
-0
-0
-0
-0
-0
-0
-0
-0
2.75434
-0
-0
-0
-0
75.3327
-0
-0
-0
-0
-0
-0
-0
-0
7.26726
-0
-0
45.3549
-0
-0
-0
5.19231
-0
-0
-0
1.5403
-0
-0
-0
-0
-0
-0
-0
-0
-0
-0
45.5128
-0
-0
-0
-0
-0
-0
-0
-0
-0
-0
-0
-0
42.0958
14.3662
-0
-0
-0
-0
-0
35.1832
-0
40.6849
2.50257
-0
-0
23.4642
-0
-0
-0
17.6746
-0
-0
-0
-0
31.7735
-0
-0
25.6794
-0
-0
40.9239
-0
-0
-0
-0
-0
-0
5.00445
-0
-0
-0
-0
-0
-0
9.66529
-0
-0
33.5481
-0
-0
19.0941
-0
-0
-0
-0
-0
-0
-0
-0
65.0242
-0
-0
-0
-0
-0
-0
-0
-0
-0
12.5208
-0
-0
-0
11.4333
-0
33.3442
-0
-0
16.9866
-0
-0
19.0563
-0
-0
-0
68.9145
-0
-0
-0
-0
-0
-0
-0
-0
24.5932
28.1086
20.2818
-0
-0
-0
-0
-0
14.4748
-0
-0
-0
48.0417
-0
-0
-0
-0
-0
-0
-0
80.8959
-0
-0
5.86685
-0
-0
53.0095
-0
-0
-0
-0
11.4188
-0
-0
-0
14.452
-0
37.5287
-0
12.5963
-0
-0
-0
-0
-0
-0
-0
-0
-0
15.9333
13.5252
-0
-0
-0
-0
-0
8.26907
-0
-0
-0
-0
-0
-0
-0
-0
-0
-0
-0
-0
13.9589
-0
3.20657
-0
-0
8.84392
4.79058
-0
-0
58.3726
-0
-0
68.6603
-0
-0
-0
-0
-0
-0
-0
-0
-0
-0
-0
14.527
-0
-0
-0
-0
-0
-0
-0
-0
-0
-0
-0
14.2396
4.95052
-0
1.08585
-0
-0
-0
-0
-0
-0
-0
26.2584
-0
-0
3.82081
-0
-0
-0
-0
-0
-0
14.4411
-0
-0
-0
-0
-0
3.06503
-0
-0
-0
-0
-0
-0
-0
-0
-0
-0
9.60327
-0
-0
-0
-0
-0
-0
-0
-0
-0
-0
-0
-0
-0
-0
-0
-0
-0
-0
-0
50.5378
-0
-0
-0
-0
-0
-0
-0
4.78551
10.2129
-0
-0
-0
-0
-0
-0
-0
-0
-0
12.2975
-0
-0
-0
-0
-0
-0
-0
-0
-0
-0
32.5612
-0
-0
-0
-0
-0
-0
-0
1.35101
-0
-0
5.38771
-0
34.9075
-0
24.253
-0
-0
-0
20.0829
-0
-0
-0
-0
-0
-0
-0
31.4185
-0
-0
11.3423
-0
-0
-0
-0
-0
19.7566
24.9104
-0
-0
-0
1.30219
-0
-0
23.8949
-0
-0
-0
-0
-0
-0
-0
-0
-0
7.03339
-0
-0
-0
93.5964
24.5382
-0
-0
19.3807
-0
-0
37.6003
33.7528
-0
-0
6.79379
-0
-0
1.91075
-0
0.980231
-0
-0
-0
-0
-0
-0
-0
-0
-0
-0
7.7437
-0
-0
-0
2.74221
-0
-0
-0
6.96716
-0
-0
-0
-0
3.32731
-0
-0
-0
-0
-0
34.1043
5.21112
-0
-0
-0
-0
-0
-0
47.629
-0
-0
-0
-0
-0
-0
-0
22.1042
-0
-0
66.9214
-0
-0
43.5228
55.0386
-0
-0
-0
-0
-0
-0
14.1349
-0
-0
-0
-0
25.6512
-0
-0
-0
-0
2.00648
-0
16.247
-0
-0
-0
-0
-0
-0
-0
-0
-0
-0
58.883
-0
-0
11.7547
-0
-0
-0
-0
-0
23.7063
0.930559
-0
-0
5.5956
-0
43.4233
8.83324
-0
73.8458
-0
-0
-0
5.14305
-0
-0
-0
4.9069
-0
-0
75.8598
-0
-0
-0
-0
-0
-0
-0
-0
-0
-0
24.8215
-0
-0
48.8929
-0
-0
-0
-0
23.3108
11.6284
-0
0.227408
-0
10.3274
-0
-0
-0
5.72914
0.011875
-0
-0
-0
-0
-0
-0
-0
-0
-0
-0
-0
-0
-0
-0
-0
-0
10.4749
-0
-0
-0
-0
41.3133
-0
6.03646
-0
-0
-0
-0
-0
-0
-0
-0
-0
-0
-0
-0
-0
-0
-0
17.0501
-0
10.6179
-0
-0
-0
78.1159
-0
-0
-0
-0
-0
-0
-0
-0
-0
-0
47.0955
6.63959
38.0314
-0
-0
-0
-0
20.0236
45.291
-0
-0
43.5199
-0
-0
51.4312
-0
-0
26.9439
-0
-0
-0
9.45263
-0
-0
-0
-0
-0
-0
-0
-0
5.55682
-0
35.608
24.3408
-0
-0
-0
-0
4.9476
-0
-0
35.969
-0
-0
-0
-0
-0
-0
-0
-0
-0
19.0108
-0
-0
-0
-0
-0
-0
-0
-0
14.6671
8.09177
-0
-0
27.3151
-0
-0
-0
-0
-0
8.00339
-0
-0
-0
3.40954
-0
-0
-0
-0
-0
-0
24.6096
-0
-0
-0
-0
-0
-0
-0
-0
0.21238
-0
58.0784
-0
2.32809
-0
-0
-0
-0
-0
-0
17.5721
-0
-0
-0
-0
-0
-0
-0
8.61781
3.83297
-0
-0
83.892
-0
28.1867
15.8503
8.01762
-0
-0
-0
-0
-0
-0
30.3829
23.1811
-0
16.822
-0
-0
-0
-0
-0
-0
-0
-0
-0
-0
-0
-0
-0
-0
-0
-0
3.67457
-0
-0
-0
-0
-0
-0
-0
-0
-0
-0
-0
-0
-0
-0
72.34
-0
-0
0.941712
-0
-0
-0
1.32771
-0
-0
-0
-0
-0
-0
-0
-0
-0
-0
-0
2.36133
34.1382
-0
-0
-0
42.0639
13.3791
-0
-0
-0
-0
-0
-0
-0
-0
-0
-0
13.3254
-0
-0
-0
-0
-0
-0
-0
-0
-0
-0
-0
-0
-0
25.5404
-0
-0
-0
-0
-0
-0
0.686653
-0
-0
-0
-0
-0
37.4584
-0
-0
0.303027
-0
-0
-0
-0
-0
-0
-0
-0
37.3454
-0
37.4506
0.413257
-0
-0
8.41984
-0
-0
-0
-0
-0
-0
-0
-0
-0
32.0792
35.4986
16.0999
-0
-0
-0
-0
-0
-0
8.53384
-0
-0
-0
-0
-0
45.8188
11.1256
-0
7.68728
-0
-0
-0
-0
-0
-0
-0
-0
-0
-0
-0
-0
-0
-0
-0
-0
-0
-0
-0
-0
-0
28.0596
-0
6.58648
-0
-0
-0
-0
-0
-0
-0
2.93689
-0
-0
-0
43.8129
-0
10.1149
16.8112
-0
24.8071
-0
-0
-0
-0
-0
-0
-0
-0
-0
-0
-0
13.7168
-0
-0
-0
-0
-0
-0
-0
-0
-0
-0
-0
-0
90.5238
-0
-0
-0
-0
-0
-0
-0
-0
-0
-0
-0
-0
-0
-0
-0
-0
-0
2.52583
-0
-0
-0
-0
-0
-0
-0
-0
-0
-0
-0
34.2079
-0
-0
12.9859
-0
-0
-0
-0
3.31117
-0
-0
-0
-0
-0
7.01398
-0
-0
-0
17.1273
-0
-0
-0
-0
-0
-0
-0
-0
-0
-0
13.6391
-0
-0
-0
-0
-0
18.7044
52.3236
-0
67.137
-0
48.025
-0
-0
-0
-0
-0
-0
-0
-0
47.1956
-0
-0
-0
-0
-0
37.5892
-0
-0
-0
-0
-0
-0
-0
-0
-0
-0
-0
9.7447
-0
-0
-0
50.6994
-0
-0
-0
-0
-0
-0
-0
-0
-0
-0
-0
-0
-0
-0
-0
-0
-0
-0
-0
-0
-0
-0
-0
-0
-0
6.29606
-0
-0
-0
46.6575
-0
-0
-0
-0
-0
-0
-0
-0
-0
-0
-0
-0
-0
-0
-0
4.33625
-0
23.6589
-0
-0
-0
-0
-0
22.0832
-0
-0
-0
-0
-0
-0
-0
-0
-0
-0
-0
-0
-0
-0
-0
-0
-0
1.73571
-0
-0
-0
-0
-0
-0
-0
-0
-0
-0
-0
-0
-0
-0
-0
-0
25.6998
-0
6.39936
-0
-0
-0
-0
8.59132
-0
6.94305
8.15493
-0
-0
-0
-0
46.9879
-0
5.68269
-0
-0
-0
-0
-0
-0
-0
-0
27.5209
-0
-0
-0
-0
25.9976
-0
-0
-0
-0
-0
-0
-0
-0
-0
-0
-0
-0
-0
-0
35.8456
-0
4.8396
-0
-0
-0
-0
-0
-0
-0
-0
-0
-0
11.6521
-0
-0
-0
-0
-0
-0
10.735
-0
-0
-0
-0
-0
-0
-0
-0
6.75718
-0
23.0691
-0
31.9151
37.563
-0
-0
-0
-0
-0
-0
-0
-0
-0
-0
-0
11.8636
-0
-0
-0
-0
13.5263
-0
-0
-0
-0
17.9015
22.465
-0
-0
-0
-0
-0
-0
-0
22.513
-0
20.6198
-0
70.5013
-0
-0
-0
50.2725
-0
32.0468
-0
-0
4.40541
-0
-0
-0
-0
-0
-0
-0
-0
-0
-0
-0
-0
-0
-0
-0
38.6057
42.5958
-0
34.1268
-0
-0
13.8538
-0
-0
19.4621
-0
-0
18.5384
-0
-0
-0
7.23273
-0
1.69837
45.1641
-0
-0
-0
-0
-0
-0
-0
-0
-0
-0
-0
-0
-0
-0
-0
11.4023
-0
-0
-0
-0
-0
-0
9.47459
4.74061
-0
-0
-0
39.4539
-0
-0
-0
9.13596
-0
-0
37.0736
-0
-0
-0
-0
-0
-0
-0
-0
-0
-0
-0
4.6677
4.56862
-0
-0
55.6916
15.096
-0
-0
21.5414
-0
16.7691
11.1849
3.33833
17.9797
-0
-0
-0
12.3044
-0
7.43456
3.86913
-0
-0
26.7129
-0
-0
-0
-0
-0
-0
-0
-0
-0
-0
-0
-0
-0
-0
-0
-0
-0
28.4265
-0
-0
-0
14.044
-0
-0
-0
-0
-0
42.5429
-0
-0
-0
-0
-0
-0
24.473
-0
-0
29.7025
-0
-0
-0
-0
17.6915
-0
-0
-0
-0
-0
-0
-0
18.7035
-0
-0
42.34
-0
-0
39.3332
1.46479
36.6693
2.60685
-0
37.6466
-0
-0
-0
-0
-0
-0
22.2734
-0
-0
-0
40.4483
-0
-0
28.759
-0
-0
-0
25.5102
-0
-0
-0
-0
-0
-0
-0
-0
-0
-0
-0
-0
10.2815
-0
-0
-0
-0
-0
-0
-0
-0
-0
28.599
-0
8.04422
-0
-0
-0
11.6921
-0
-0
-0
-0
-0
-0
52.1863
-0
51.6592
-0
-0
-0
-0
-0
-0
-0
-0
-0
-0
-0
-0
-0
-0
-0
22.2546
-0
-0
21.7667
-0
-0
-0
-0
18.2251
13.3784
7.5652
-0
-0
-0
-0
-0
-0
-0
-0
-0
-0
-0
-0
-0
0.99781
-0
-0
-0
-0
-0
-0
-0
-0
-0
-0
-0
-0
-0
-0
-0
-0
-0
-0
-0
44.7954
24.1784
45.8942
-0
-0
-0
-0
-0
-0
-0
-0
-0
-0
-0
-0
-0
-0
26.0052
16.9031
-0
8.87263
-0
-0
18.022
-0
-0
-0
-0
-0
-0
-0
-0
-0
-0
-0
-0
8.02322
58.1544
-0
1.57511
-0
15.3666
-0
-0
-0
-0
-0
-0
-0
0.791684
-0
-0
-0
-0
-0
-0
-0
-0
-0
-0
-0
-0
-0
-0
-0
-0
-0
-0
-0
-0
-0
20.8041
-0
-0
-0
-0
-0
-0
-0
-0
-0
-0
-0
-0
-0
-0
-0
-0
-0
-0
-0
-0
-0
6.3073
-0
-0
0.953973
-0
-0
0.954734
25.849
-0
-0
7.07378
-0
-0
-0
-0
18.9687
-0
-0
-0
-0
-0
-0
-0
-0
-0
-0
-0
-0
-0
-0
-0
-0
-0
28.6834
-0
-0
-0
-0
6.33195
-0
-0
-0
-0
-0
-0
-0
-0
-0
-0
-0
-0
1.74798
-0
-0
-0
-0
-0
-0
47.4209
-0
-0
-0
-0
7.18829
-0
1.81593
28.7581
7.37598
10.3207
-0
-0
-0
-0
0.687671
-0
-0
-0
-0
-0
-0
-0
-0
-0
-0
-0
-0
-0
-0
17.4609
-0
-0
-0
19.5906
-0
-0
52.3326
-0
-0
-0
-0
81.9916
-0
-0
-0
-0
-0
-0
46.5018
-0
-0
-0
-0
-0
-0
-0
-0
50.9394
-0
-0
-0
-0
-0
0.364448
-0
-0
-0
-0
-0
-0
-0
-0
-0
-0
13.5852
-0
-0
-0
-0
-0
-0
-0
-0
1.22085
-0
-0
-0
-0
-0
38.1506
-0
-0
-0
-0
14.5037
-0
-0
-0
-0
-0
-0
-0
-0
-0
-0
80.0614
-0
-0
-0
-0
-0
-0
-0
-0
-0
4.19082
-0
-0
-0
-0
-0
-0
-0
-0
-0
-0
-0
-0
3.17399
-0
-0
17.3442
16.4864
-0
-0
47.3811
29.0712
-0
-0
-0
-0
-0
-0
-0
-0
-0
26.8827
-0
-0
-0
-0
-0
49.0539
-0
-0
-0
-0
0.974993
-0
-0
-0
-0
-0
-0
-0
-0
-0
-0
-0
-0
-0
-0
-0
-0
-0
18.7227
-0
-0
-0
1.77307
-0
-0
-0
-0
-0
-0
-0
37.8138
-0
-0
-0
-0
6.95085
3.38825
-0
-0
-0
-0
-0
-0
7.24147
-0
-0
79.1933
-0
-0
-0
-0
-0
22.6098
-0
-0
-0
-0
2.80973
19.6696
-0
-0
-0
87.2694
-0
2.00615
10.1418
-0
-0
47.7666
-0
-0
-0
-0
-0
-0
37.4217
10.7404
-0
-0
-0
-0
-0
23.8984
1.94166
-0
1.522
-0
-0
1.67436
-0
11.8913
-0
-0
-0
-0
-0
21.6288
-0
-0
-0
13.6409
3.42595
3.89798
-0
-0
-0
-0
-0
29.4038
-0
-0
-0
-0
-0
2.54128
-0
-0
-0
-0
-0
-0
-0
-0
-0
-0
-0
-0
-0
4.7427
-0
-0
56.1779
-0
-0
-0
-0
-0
-0
-0
-0
-0
49.0963
-0
-0
-0
-0
-0
-0
-0
-0
-0
-0
-0
2.24723
-0
-0
5.19508
-0
-0
-0
-0
-0
45.5102
-0
61.1759
52.7439
-0
-0
-0
-0
-0
-0
-0
-0
-0
1.01708
8.53971
-0
-0
-0
-0
0.560328
13.2687
-0
-0
-0
-0
-0
-0
-0
18.022
-0
-0
-0
-0
-0
-0
30.8392
-0
10.5814
-0
50.164
-0
-0
-0
-0
-0
11.1199
7.88292
-0
-0
-0
-0
-0
-0
-0
0.536776
-0
-0
-0
-0
-0
-0
-0
-0
-0
-0
-0
6.81484
-0
-0
-0
6.31633
-0
-0
-0
13.9188
-0
5.37856
73.2227
-0
-0
32.8672
-0
-0
-0
32.1274
-0
-0
11.6842
-0
-0
4.74922
-0
-0
-0
-0
-0
-0
-0
-0
-0
-0
-0
-0
-0
-0
20.6128
-0
-0
-0
-0
-0
-0
-0
-0
-0
-0
-0
-0
-0
4.23671
-0
-0
43.2319
-0
-0
-0
32.6747
-0
-0
-0
-0
-0
2.52084
-0
-0
3.83074
25.8201
12.2776
-0
-0
-0
31.4065
-0
-0
-0
-0
-0
-0
30.6657
-0
-0
8.10048
-0
-0
-0
10.9763
-0
-0
-0
-0
-0
-0
-0
25.2971
7.04056
2.52202
-0
-0
-0
-0
-0
-0
-0
39.7042
-0
-0
-0
18.3615
-0
-0
-0
-0
-0
-0
-0
17.0895
-0
45.5583
-0
-0
-0
19.2102
-0
-0
-0
-0
-0
9.05466
77.9534
-0
-0
-0
-0
-0
-0
-0
-0
-0
-0
2.76401
-0
11.1884
-0
9.10141
-0
-0
7.65085
-0
-0
-0
-0
-0
-0
-0
-0
-0
-0
30.899
-0
-0
-0
-0
-0
-0
-0
-0
-0
0.169022
-0
-0
-0
2.21988
-0
-0
-0
-0
-0
5.07075
5.33829
-0
-0
56.3128
-0
-0
-0
-0
18.1693
-0
-0
6.99082
31.3684
-0
20.5221
-0
-0
-0
-0
19.6739
-0
-0
-0
11.4294
-0
-0
-0
-0
49.3908
-0
-0
90.3541
-0
-0
-0
-0
-0
5.89359
28.5015
3.60103
29.0604
-0
-0
-0
-0
-0
31.4377
-0
-0
-0
-0
-0
3.29422
-0
-0
-0
-0
45.2656
-0
-0
-0
-0
-0
-0
-0
-0
-0
-0
-0
-0
-0
-0
-0
-0
-0
-0
-0
-0
-0
-0
-0
-0
-0
-0
-0
-0
-0
-0
-0
-0
-0
-0
-0
-0
-0
-0
-0
-0
-0
-0
-0
2.96054
18.0591
-0
-0
-0
-0
-0
13.343
-0
-0
-0
-0
-0
14.0503
-0
-0
-0
-0
-0
-0
-0
19.5959
-0
-0
-0
-0
-0
42.8609
-0
-0
-0
1.24672
-0
-0
-0
18.6277
-0
-0
-0
-0
-0
-0
-0
-0
-0
-0
-0
30.8935
2.26322
-0
13.7431
-0
-0
-0
-0
-0
-0
-0
-0
-0
22.5538
-0
-0
-0
-0
-0
-0
-0
-0
-0
-0
-0
-0
-0
36.3878
-0
5.95203
-0
-0
-0
-0
-0
-0
-0
-0
-0
-0
-0
-0
-0
-0
9.705
-0
-0
23.4448
-0
46.5447
-0
-0
-0
-0
-0
-0
-0
-0
-0
-0
6.05904
60.0147
-0
-0
-0
-0
-0
-0
-0
24.2809
-0
-0
-0
-0
69.0772
-0
5.12499
-0
20.0194
-0
-0
11.8535
13.8818
-0
-0
16.6613
-0
-0
-0
-0
5.48021
-0
46.0516
105.382
2.89258
-0
4.2478
-0
-0
10.7693
-0
-0
-0
-0
-0
-0
-0
-0
1.88728
-0
-0
-0
-0
-0
-0
-0
-0
9.71093
-0
-0
-0
12.6783
-0
33.0331
11.417
-0
-0
-0
21.3788
-0
-0
-0
-0
-0
-0
-0
-0
-0
-0
-0
-0
37.3551
-0
-0
-0
-0
-0
-0
-0
15.9438
23.4251
-0
-0
-0
25.4088
-0
-0
-0
30.2469
-0
-0
-0
-0
7.85834
-0
12.396
-0
