0.909696
-0
-0
-0
-0
1.44925
-0
51.3503
17.7694
-0
36.0999
-0
-0
-0
-0
2.15229
-0
-0
-0
-0
-0
-0
-0
-0
9.6248
4.0508
-0
-0
-0
-0
-0
-0
-0
-0
6.99898
-0
-0
-0
-0
-0
-0
-0
-0
3.76756
-0
1.6669
-0
10.8822
-0
12.5265
-0
-0
-0
-0
-0
-0
31.4251
0.165332
13.4411
19.5907
-0
-0
22.7073
-0
10.5246
-0
6.85516
-0
-0
0.878798
-0
-0
-0
-0
-0
4.00574
18.5086
-0
-0
-0
-0
40.5582
-0
-0
10.1303
-0
-0
-0
-0
-0
11.2549
-0
-0
-0
12.5567
-0
4.81284
-0
-0
-0
-0
-0
-0
10.3896
-0
-0
-0
-0
-0
-0
-0
-0
-0
-0
1.94789
8.29204
-0
-0
35.1674
40.9021
16.7105
-0
25.6958
-0
4.54807
-0
-0
-0
-0
-0
-0
14.7744
10.5628
-0
2.71814
-0
-0
14.2139
-0
3.54548
4.41805
-0
-0
-0
17.9908
-0
-0
-0
-0
-0
-0
-0
-0
-0
6.54753
-0
7.91202
-0
-0
0.0958916
-0
-0
-0
5.61585
15.9114
-0
-0
-0
-0
44.6608
-0
7.84306
13.1986
-0
-0
-0
-0
-0
10.128
-0
2.25238
-0
-0
-0
-0
46.2518
-0
-0
48.2473
-0
16.646
17.2234
3.64929
-0
-0
-0
-0
5.76923
-0
-0
-0
14.0057
7.8585
-0
20.6553
-0
-0
-0
-0
-0
-0
-0
-0
-0
-0
5.77744
8.85509
-0
-0
-0
10.4764
-0
-0
-0
-0
-0
-0
-0
-0
11.7533
-0
-0
-0
-0
-0
-0
-0
-0
-0
-0
29.3327
-0
-0
-0
-0
-0
51.3662
-0
-0
-0
-0
-0
-0
-0
-0
-0
-0
16.9728
-0
-0
8.50358
-0
-0
-0
1.81115
-0
-0
-0
-0
-0
-0
25.3799
27.2423
18.2852
-0
-0
-0
-0
-0
-0
16.5752
5.12667
-0
-0
-0
-0
-0
-0
-0
-0
-0
-0
-0
-0
34.5346
-0
4.06
-0
16.4707
47.1578
-0
4.68132
0.92052
-0
34.5164
3.73146
-0
-0
-0
-0
-0
-0
11.0016
-0
-0
1.08757
-0
-0
-0
0.614725
-0
-0
-0
21.0382
22.394
-0
-0
-0
-0
10.5883
-0
-0
-0
-0
-0
0.262426
-0
5.73432
-0
34.0111
-0
-0
-0
9.45168
-0
-0
-0
0.780772
15.1947
-0
-0
-0
19.5471
-0
29.8059
-0
-0
-0
7.38032
-0
18.1308
-0
-0
3.1685
-0
1.04418
-0
-0
16.2999
-0
-0
-0
0.344233
-0
-0
-0
-0
-0
-0
-0
-0
-0
-0
-0
-0
13.0561
-0
-0
-0
-0
-0
-0
-0
-0
-0
-0
-0
-0
-0
-0
1.46728
-0
-0
-0
-0
-0
-0
-0
-0
-0
-0
-0
-0
-0
3.40478
23.41
-0
-0
-0
-0
12.7455
-0
-0
-0
-0
-0
-0
16.5221
25.045
15.0144
-0
5.93549
3.81611
-0
34.2037
-0
-0
-0
-0
-0
-0
-0
6.91801
-0
-0
-0
-0
-0
-0
-0
14.1586
0.114677
-0
-0
-0
19.1114
-0
7.58017
-0
-0
-0
-0
16.1205
-0
-0
-0
-0
-0
-0
-0
-0
-0
-0
-0
-0
-0
30.1784
-0
-0
-0
-0
-0
-0
0.183456
-0
-0
-0
-0
-0
32.2
28.1302
-0
-0
-0
-0
-0
1.44114
-0
-0
-0
5.39108
-0
-0
-0
-0
-0
-0
-0
-0
3.6073
-0
-0
7.4516
-0
-0
-0
11.418
-0
-0
-0
-0
-0
5.18266
-0
6.37562
-0
21.2202
9.33097
-0
-0
-0
-0
-0
-0
15.5332
-0
23.1631
6.32117
1.15485
-0
-0
-0
-0
-0
-0
0.884857
-0
-0
-0
-0
7.2806
-0
-0
-0
36.0371
33.5657
-0
-0
0.913461
16.7352
-0
-0
-0
-0
-0
-0
-0
-0
-0
5.71331
-0
10.2234
2.21152
16.9943
-0
-0
-0
-0
14.8309
-0
-0
-0
-0
-0
-0
0.36498
-0
2.47709
16.0446
30.6748
-0
-0
5.69238
-0
-0
24.9233
-0
-0
-0
-0
-0
-0
-0
-0
-0
-0
-0
-0
-0
0.119404
-0
-0
1.25525
-0
-0
-0
-0
-0
0.835433
4.43772
-0
-0
-0
6.29613
-0
-0
-0
-0
-0
-0
-0
-0
-0
-0
-0
-0
-0
-0
15.7647
-0
-0
-0
-0
-0
-0
-0
-0
-0
-0
-0
-0
-0
-0
-0
26.4734
-0
-0
-0
-0
-0
-0
-0
-0
38.6204
-0
47.1969
4.08351
-0
-0
-0
-0
-0
-0
-0
6.09759
4.34742
8.87106
-0
-0
35.1295
23.5939
25.1512
25.8915
-0
-0
22.7905
-0
-0
-0
-0
-0
-0
-0
-0
-0
-0
-0
-0
-0
-0
53.1986
-0
-0
2.20542
-0
-0
-0
-0
-0
-0
-0
16.8015
-0
-0
-0
-0
-0
-0
-0
3.70244
18.1998
-0
-0
-0
22.0194
-0
-0
-0
12.171
-0
22.4471
-0
-0
4.72363
-0
-0
-0
1.02822
-0
-0
-0
-0
-0
-0
-0
1.08146
-0
-0
4.9005
2.67408
-0
-0
-0
-0
37.5668
14.4855
-0
-0
56.4188
-0
-0
6.05501
-0
-0
-0
0.643161
15.7704
-0
-0
-0
-0
-0
-0
-0
20.325
-0
-0
-0
-0
28.5442
-0
6.20267
-0
-0
-0
-0
-0
32.2176
-0
15.9393
-0
-0
7.69796
-0
15.6524
-0
6.25804
-0
-0
-0
-0
-0
4.76402
-0
-0
-0
-0
13.7779
20.7216
-0
-0
-0
-0
-0
-0
24.7135
-0
-0
-0
30.749
-0
-0
14.9338
-0
-0
-0
-0
12.5019
-0
-0
24.0518
-0
-0
-0
-0
-0
12.3313
20.074
-0
-0
-0
-0
-0
-0
-0
33.7069
-0
-0
-0
36.8811
1.73231
-0
7.11362
1.30714
-0
-0
12.5382
-0
-0
-0
-0
0.246542
-0
-0
-0
-0
-0
-0
-0
-0
-0
-0
-0
2.56166
-0
3.87399
6.07449
-0
-0
-0
1.58716
4.33372
-0
-0
-0
19.6477
11.0283
-0
1.39486
34.151
-0
-0
-0
-0
-0
-0
-0
-0
-0
24.3084
4.02797
0.513448
-0
-0
-0
-0
8.96513
-0
-0
-0
5.53402
-0
-0
-0
-0
-0
-0
6.64924
-0
12.4247
7.42407
0.149117
-0
-0
4.32211
-0
-0
8.00871
-0
-0
-0
-0
-0
17.2051
-0
-0
2.57973
14.3033
-0
10.545
-0
-0
-0
0.186474
27.8732
-0
-0
22.0984
-0
-0
-0
-0
-0
-0
21.2464
18.5876
1.8322
1.19859
-0
-0
-0
-0
11.0783
-0
20.7947
-0
-0
-0
-0
7.67512
-0
-0
-0
24.6068
-0
-0
-0
4.56702
-0
1.71119
-0
-0
-0
-0
3.56321
-0
-0
-0
-0
-0
-0
7.21407
-0
-0
-0
-0
-0
-0
-0
-0
-0
21.0553
-0
-0
-0
-0
-0
-0
-0
15.815
-0
-0
-0
2.06783
-0
-0
-0
-0
-0
-0
-0
-0
6.87935
-0
20.7476
-0
-0
9.12662
-0
-0
-0
2.77082
-0
-0
-0
-0
-0
-0
17.0003
37.7168
-0
-0
-0
-0
17.0875
-0
-0
-0
-0
-0
10.1453
-0
3.42198
-0
-0
-0
17.3989
-0
-0
-0
-0
-0
20.4692
-0
-0
22.7918
-0
-0
-0
-0
-0
-0
-0
20.3161
1.68952
1.90565
-0
-0
32.6605
-0
-0
-0
-0
-0
-0
-0
-0
-0
-0
-0
-0
-0
14.2939
-0
-0
-0
-0
-0
-0
-0
-0
-0
14.3579
-0
-0
-0
-0
-0
-0
-0
-0
-0
-0
22.11
-0
-0
-0
-0
30.7066
6.72091
-0
-0
-0
-0
2.54769
-0
-0
-0
-0
-0
-0
-0
14.2109
4.47344
-0
-0
-0
-0
-0
-0
0.0265484
-0
-0
-0
24.5898
2.50865
-0
-0
-0
12.7197
-0
-0
-0
-0
-0
15.3387
-0
-0
29.8121
-0
-0
-0
-0
0.599638
-0
12.1063
-0
-0
-0
3.4177
-0
8.82986
11.4108
4.53838
-0
-0
-0
9.66588
-0
-0
-0
2.5599
8.04936
-0
1.02867
-0
-0
-0
-0
-0
-0
-0
-0
-0
-0
-0
-0
11.462
-0
14.6517
-0
-0
-0
-0
-0
-0
-0
4.33535
-0
-0
-0
-0
5.86496
0.15319
-0
39.4141
-0
-0
-0
-0
15.7173
-0
-0
-0
-0
-0
-0
-0
-0
-0
-0
30.5349
-0
-0
-0
-0
1.85485
-0
-0
-0
7.00871
-0
-0
-0
-0
-0
-0
-0
-0
18.3497
3.77981
-0
-0
-0
-0
-0
0.746185
-0
5.95465
-0
-0
17.9339
-0
-0
-0
-0
-0
-0
-0
15.8323
-0
-0
-0
11.6306
-0
-0
15.3939
-0
14.7433
-0
-0
13.3883
-0
-0
-0
-0
-0
32.9989
-0
11.4244
-0
4.36163
3.14538
12.0147
-0
2.09708
-0
-0
27.8318
-0
15.2619
2.14769
-0
-0
-0
-0
38.4385
32.1057
-0
2.80666
6.30596
8.42921
-0
-0
7.67408
-0
15.7355
-0
22.9354
14.5476
-0
-0
-0
21.5525
17.3619
-0
-0
14.1564
8.11724
-0
-0
68.2875
9.94077
-0
7.27437
-0
-0
-0
-0
-0
4.93847
-0
-0
-0
-0
-0
25.5544
39.1755
-0
11.3398
17.6816
-0
7.14764
19.3292
-0
-0
-0
-0
-0
-0
-0
1.25051
17.5464
-0
-0
-0
0.78662
-0
-0
-0
-0
14.7219
-0
-0
-0
4.07872
-0
-0
-0
-0
-0
-0
16.2421
-0
-0
-0
5.70443
-0
-0
-0
-0
-0
-0
11.7385
8.02814
9.88099
-0
-0
-0
-0
-0
-0
-0
-0
-0
-0
23.223
-0
-0
-0
-0
-0
-0
-0
2.19915
8.89597
-0
12.006
11.7713
-0
3.43976
-0
-0
-0
-0
-0
-0
10.4648
-0
-0
-0
-0
-0
-0
-0
0.160707
-0
0.658498
-0
-0
-0
13.3968
0.298622
24.5629
-0
-0
-0
-0
5.48954
-0
-0
-0
-0
-0
-0
-0
1.7228
-0
-0
-0
-0
-0
-0
-0
3.78147
-0
-0
-0
-0
-0
-0
-0
-0
-0
-0
48.4124
3.04718
-0
-0
2.59268
-0
-0
-0
1.86646
-0
-0
-0
-0
-0
-0
26.9034
-0
6.45703
0.530892
8.14217
3.23377
-0
-0
9.92503
-0
-0
-0
-0
-0
-0
-0
34.4848
-0
-0
-0
1.53103
-0
4.01805
-0
24.2798
-0
-0
-0
7.23221
-0
-0
-0
-0
-0
-0
-0
-0
-0
-0
-0
64.0671
-0
-0
-0
5.85152
-0
-0
-0
-0
-0
-0
-0
15.1411
-0
-0
-0
8.77594
-0
-0
-0
-0
12.5159
7.99332
-0
-0
-0
-0
-0
-0
2.44958
-0
3.86727
-0
-0
-0
-0
-0
-0
-0
-0
-0
-0
-0
11.0416
4.38621
-0
-0
-0
-0
-0
-0
2.98887
-0
-0
3.38471
-0
11.7098
-0
-0
-0
-0
34.8968
-0
-0
-0
-0
35.1473
-0
20.2096
-0
-0
-0
18.3416
-0
16.8298
-0
-0
-0
-0
31.2693
-0
-0
-0
-0
-0
-0
-0
-0
-0
13.6592
-0
3.02016
-0
-0
-0
-0
-0
-0
-0
-0
2.10127
9.08958
0.275192
-0
-0
12.5535
27.1978
-0
-0
-0
-0
-0
-0
-0
19.8439
7.40481
-0
29.6112
-0
-0
5.42714
23.8228
-0
-0
-0
-0
-0
12.0257
-0
34.9327
-0
-0
-0
-0
13.5755
39.6251
15.4451
3.29786
3.34997
-0
12.7213
-0
-0
-0
-0
-0
-0
-0
-0
-0
0.479967
-0
-0
-0
-0
-0
-0
-0
-0
-0
-0
-0
20.9294
-0
-0
7.78352
12.2696
8.1592
-0
1.81297
-0
-0
3.1731
-0
1.76313
21.4572
-0
16.0305
11.1174
-0
-0
-0
-0
-0
-0
4.39881
13.4006
-0
53.468
-0
-0
-0
-0
-0
-0
-0
-0
-0
-0
-0
-0
-0
-0
-0
-0
-0
-0
33.4299
-0
-0
-0
14.7806
-0
-0
-0
-0
-0
5.07433
-0
24.6937
-0
-0
-0
-0
-0
-0
-0
-0
-0
1.76896
29.8251
-0
-0
-0
-0
-0
2.22066
19.0086
-0
-0
-0
9.26295
-0
-0
1.10037
-0
-0
6.64017
-0
-0
-0
-0
43.2186
-0
-0
-0
-0
-0
15.8079
28.036
-0
-0
8.302
-0
-0
-0
46.0371
5.23718
-0
-0
-0
-0
-0
-0
-0
-0
4.51996
-0
-0
-0
-0
-0
5.11715
3.66511
-0
-0
-0
-0
-0
-0
10.8298
-0
-0
-0
-0
-0
-0
-0
-0
13.9991
-0
-0
-0
-0
-0
-0
-0
-0
-0
-0
32.2867
-0
-0
3.92639
-0
-0
0.50519
-0
-0
-0
-0
-0
-0
-0
-0
-0
-0
-0
-0
17.7193
11.3906
-0
-0
-0
-0
-0
-0
1.02072
-0
-0
-0
-0
27.492
7.65938
18.6516
-0
-0
-0
25.502
-0
-0
-0
-0
-0
-0
-0
32.9328
-0
-0
-0
-0
-0
-0
-0
-0
14.4248
-0
-0
-0
-0
10.3232
-0
-0
10.2996
-0
-0
39.045
-0
-0
-0
-0
-0
-0
34.419
-0
-0
-0
26.2313
0.135876
-0
-0
29.6861
3.21514
2.09742
54.1297
27.5367
-0
-0
29.552
-0
-0
9.91299
-0
1.27969
-0
-0
-0
2.4473
-0
-0
-0
-0
-0
-0
-0
-0
-0
5.35493
-0
-0
-0
-0
18.5146
-0
-0
-0
-0
-0
-0
24.6936
-0
-0
-0
13.1306
-0
-0
-0
-0
23.7056
-0
-0
-0
-0
-0
-0
-0
15.0401
4.64774
-0
4.0163
25.3747
0.240811
30.9504
19.5092
5.51319
14.7012
50.7007
-0
-0
-0
-0
-0
-0
12.8154
-0
-0
-0
2.62284
4.9126
-0
-0
-0
-0
1.73003
-0
49.7989
-0
3.68457
-0
-0
0.229884
-0
6.97486
-0
-0
14.9083
28.816
1.02904
-0
29.4126
-0
-0
-0
-0
-0
-0
-0
23.6406
-0
33.3036
7.33021
54.874
2.03559
-0
13.8925
-0
-0
1.61161
9.10776
-0
-0
-0
6.27359
-0
-0
11.5628
3.46885
-0
-0
-0
-0
-0
24.0417
-0
-0
-0
12.7611
-0
-0
-0
-0
-0
-0
-0
6.60014
6.36046
-0
0.611762
-0
-0
-0
-0
-0
17.4647
4.52304
-0
-0
-0
-0
-0
-0
-0
14.1782
-0
-0
-0
-0
10.7924
-0
4.19299
-0
-0
-0
-0
-0
-0
-0
-0
13.156
-0
14.9875
-0
-0
-0
-0
26.9717
-0
-0
34.0258
21.6069
-0
-0
-0
-0
9.57725
-0
3.42042
-0
-0
-0
18.8015
-0
-0
6.32361
21.4383
-0
-0
-0
-0
33.9572
-0
0.615161
-0
17.7424
12.7815
-0
0.0531188
-0
1.23021
22.7153
-0
18.1082
45.3935
-0
-0
-0
-0
-0
-0
-0
-0
-0
1.62683
-0
-0
10.3147
-0
-0
17.4973
-0
-0
-0
-0
-0
3.02161
-0
-0
-0
-0
2.7319
11.321
-0
15.1194
25.8167
-0
-0
-0
-0
-0
20.7257
36.1478
-0
-0
-0
-0
-0
-0
-0
9.89523
2.81225
-0
-0
50.0825
28.6336
14.1468
22.8352
-0
-0
6.498
-0
-0
-0
-0
-0
-0
20.4039
-0
5.88467
-0
-0
-0
-0
11.0182
-0
-0
-0
-0
-0
-0
-0
5.83176
12.3786
-0
21.3018
-0
-0
-0
-0
-0
-0
10.1729
-0
-0
-0
-0
-0
4.26793
-0
-0
-0
-0
-0
-0
-0
1.1092
-0
15.2169
-0
22.998
-0
8.34624
-0
-0
-0
-0
34.0486
6.10432
-0
-0
-0
-0
-0
-0
9.88389
-0
-0
-0
-0
-0
-0
-0
-0
-0
-0
-0
-0
-0
-0
-0
-0
-0
1.87661
-0
-0
-0
-0
-0
11.304
-0
-0
32.2909
-0
0.403609
36.8712
-0
-0
-0
1.33969
11.6796
-0
6.10645
-0
-0
11.3053
-0
-0
-0
-0
-0
34.0285
38.051
-0
-0
-0
16.9148
-0
-0
-0
-0
-0
-0
-0
-0
-0
-0
-0
-0
32.4393
16.4728
-0
-0
20.3671
-0
-0
22.0135
-0
-0
-0
-0
-0
12.7402
-0
-0
-0
-0
-0
7.98871
-0
-0
-0
-0
-0
-0
13.0762
-0
-0
-0
-0
-0
0.600301
-0
-0
-0
-0
-0
-0
-0
5.11266
8.39454
-0
-0
8.49572
-0
-0
-0
-0
-0
3.19167
-0
-0
-0
-0
-0
58.4396
22.5813
-0
5.84713
0.171565
3.01325
-0
19.385
-0
-0
-0
1.20502
-0
17.1192
18.9722
-0
-0
-0
-0
-0
6.53843
-0
-0
-0
8.89105
-0
-0
-0
0.697255
-0
-0
-0
14.0296
-0
-0
-0
-0
-0
11.1562
-0
15.9764
-0
-0
-0
9.32191
-0
-0
-0
-0
-0
2.3098
-0
29.0242
-0
-0
11.7486
7.53272
-0
-0
-0
-0
-0
-0
6.51082
14.3924
16.9175
-0
-0
-0
-0
-0
-0
-0
-0
-0
-0
-0
-0
-0
-0
-0
20.3019
40.2292
12.2075
1.59759
-0
-0
-0
-0
-0
-0
-0
10.9693
-0
-0
-0
-0
-0
-0
-0
3.9833
-0
-0
-0
-0
-0
-0
-0
-0
-0
-0
-0
-0
-0
21.9776
1.93791
-0
41.3244
-0
-0
0.309477
-0
-0
-0
-0
12.3616
-0
-0
-0
-0
16.9784
-0
-0
-0
-0
-0
-0
10.6338
-0
-0
-0
-0
33.6824
-0
-0
2.74976
-0
17.1294
18.8804
11.405
30.6231
-0
20.1387
-0
-0
-0
-0
-0
12.123
-0
3.16888
18.5506
10.5885
0.59376
-0
32.1844
-0
15.0808
-0
-0
-0
1.99299
14.0595
-0
-0
-0
-0
-0
-0
8.43245
29.711
-0
-0
3.67588
-0
-0
-0
-0
-0
-0
-0
-0
-0
-0
16.8322
-0
-0
7.81287
-0
-0
-0
13.9708
-0
-0
-0
-0
-0
-0
-0
9.6075
-0
-0
-0
2.36604
-0
-0
-0
-0
41.0438
24.0582
4.65738
-0
-0
-0
-0
-0
-0
-0
-0
1.15141
-0
15.9672
-0
-0
-0
-0
-0
15.6339
-0
-0
-0
8.31349
-0
-0
-0
-0
17.2779
-0
-0
-0
-0
-0
-0
-0
-0
-0
-0
-0
-0
-0
-0
-0
-0
5.37364
-0
-0
10.4966
-0
-0
-0
-0
-0
4.14162
-0
51.8313
48.7882
-0
-0
-0
44.3112
-0
-0
11.689
-0
-0
27.7125
-0
37.1863
-0
38.8143
-0
-0
8.24525
28.6654
-0
-0
-0
-0
34.6957
-0
-0
-0
-0
-0
-0
-0
-0
-0
16.9852
-0
-0
-0
-0
17.1081
-0
-0
28.4048
-0
-0
-0
-0
24.8474
-0
-0
-0
-0
-0
-0
-0
-0
-0
-0
1.3546
-0
0.257865
-0
-0
-0
25.1577
-0
-0
-0
-0
-0
-0
-0
2.00738
4.95392
7.01632
-0
-0
-0
1.37063
-0
-0
-0
-0
-0
-0
-0
-0
-0
-0
-0
13.0226
-0
-0
-0
34.6257
13.5552
-0
-0
-0
23.7562
-0
-0
-0
-0
-0
-0
20.2791
-0
-0
17.6141
-0
0.141772
-0
6.94964
-0
-0
-0
23.2371
-0
-0
-0
-0
-0
-0
-0
-0
-0
11.8461
-0
6.86167
-0
-0
-0
-0
-0
-0
26.233
-0
14.9246
-0
-0
-0
-0
-0
-0
-0
-0
-0
-0
5.16423
-0
-0
-0
-0
11.2001
-0
-0
26.6848
-0
-0
-0
-0
-0
-0
-0
-0
-0
-0
-0
-0
-0
-0
-0
1.97253
7.67286
-0
-0
12.7521
-0
7.66715
-0
30.0505
-0
7.80671
-0
-0
-0
-0
-0
-0
-0
-0
5.09562
-0
-0
10.7563
-0
-0
10.9432
-0
-0
-0
-0
-0
9.1214
22.3496
-0
-0
-0
9.66555
-0
-0
-0
-0
15.8785
-0
29.0282
21.9898
-0
-0
39.9826
42.4533
-0
-0
17.686
5.97226
-0
7.16332
-0
-0
5.83661
15.5128
-0
-0
-0
-0
-0
1.07427
3.19844
-0
-0
32.2104
-0
-0
-0
-0
1.99141
-0
19.8625
-0
-0
-0
-0
7.20435
-0
-0
-0
-0
-0
-0
-0
-0
17.9669
16.3524
-0
-0
-0
-0
12.8999
-0
15.1409
21.3519
-0
-0
-0
-0
-0
-0
28.0772
-0
-0
13.6251
-0
10.6873
-0
-0
35.4924
11.0407
-0
-0
-0
-0
-0
-0
-0
-0
16.0612
-0
-0
14.484
-0
-0
-0
0.0753198
-0
-0
-0
-0
-0
-0
-0
-0
-0
-0
-0
27.3004
-0
13.6929
-0
9.712
10.6024
-0
-0
-0
-0
-0
-0
4.83186
-0
-0
13.0341
-0
-0
-0
-0
-0
20.3008
-0
-0
-0
-0
-0
-0
19.7159
17.3863
2.4714
-0
-0
-0
12.4744
-0
-0
-0
26.4091
-0
-0
-0
-0
-0
-0
-0
-0
-0
-0
17.0683
1.67719
-0
-0
-0
-0
-0
-0
-0
11.5088
-0
-0
-0
-0
-0
-0
-0
-0
-0
-0
-0
15.8464
-0
-0
-0
-0
-0
-0
-0
-0
-0
-0
-0
-0
-0
-0
4.29064
-0
8.12552
-0
-0
3.95472
13.8628
28.8456
-0
-0
-0
-0
8.29246
-0
-0
-0
-0
-0
31.3647
8.82892
-0
-0
6.94814
9.49646
2.20704
-0
-0
23.1261
31.9388
13.453
-0
-0
-0
-0
-0
-0
-0
-0
-0
-0
-0
5.82884
-0
-0
10.2767
13.1247
13.075
-0
-0
-0
-0
-0
-0
-0
0.468823
-0
-0
-0
-0
-0
-0
-0
-0
12.1954
-0
-0
-0
-0
-0
-0
-0
16.4567
-0
-0
-0
27.2052
10.58
-0
11.2549
9.51225
-0
18.1629
-0
-0
-0
-0
-0
-0
-0
-0
-0
-0
-0
-0
-0
-0
6.47091
7.8668
-0
-0
-0
12.5966
5.95331
-0
1.86275
-0
-0
-0
-0
-0
-0
-0
-0
-0
-0
-0
-0
-0
14.6409
-0
-0
3.70443
-0
-0
-0
-0
7.26845
4.22474
-0
-0
6.85977
-0
20.0669
-0
-0
-0
21.89
-0
3.80264
8.67869
-0
1.48752
-0
-0
-0
-0
-0
-0
-0
-0
-0
6.68141
-0
-0
-0
-0
25.636
-0
-0
36.0141
-0
55.5532
40.0508
-0
-0
10.9826
-0
-0
-0
-0
-0
0.81268
-0
-0
-0
-0
-0
-0
-0
-0
-0
34.5337
-0
-0
-0
-0
13.3018
-0
-0
-0
-0
0.772473
17.8379
0.338338
-0
-0
-0
-0
0.640169
-0
1.31778
-0
-0
-0
-0
41.2064
8.53462
-0
10.9898
22.3624
6.26709
-0
-0
-0
10.4521
-0
-0
16.6143
-0
-0
-0
24.391
12.0177
-0
27.6114
-0
-0
1.36672
-0
1.93854
-0
19.7118
-0
3.50149
8.76094
-0
-0
-0
-0
-0
2.96563
2.85038
-0
19.3549
18.4081
-0
16.4469
-0
-0
-0
-0
-0
-0
-0
-0
-0
-0
-0
-0
-0
-0
-0
-0
-0
-0
-0
0.279711
-0
-0
-0
-0
-0
1.10788
-0
0.230665
0.389661
-0
-0
-0
-0
-0
44.7073
-0
-0
-0
1.42084
-0
-0
11.1451
-0
13.6951
-0
-0
-0
-0
-0
-0
-0
7.04809
-0
-0
20.4046
11.3575
9.84012
-0
-0
-0
-0
-0
17.0886
-0
-0
8.61753
3.83956
-0
20.5326
-0
22.9529
-0
41.2607
-0
-0
-0
-0
12.0761
-0
-0
-0
1.51085
-0
15.3381
-0
-0
-0
-0
-0
-0
-0
-0
-0
-0
-0
-0
21.5422
-0
0.793951
-0
-0
29.6526
-0
-0
-0
-0
-0
-0
-0
-0
-0
5.40148
-0
51.4361
-0
-0
-0
-0
-0
-0
-0
-0
-0
-0
-0
41.0104
-0
-0
-0
-0
-0
16.2499
-0
3.98299
-0
36.0289
-0
-0
-0
-0
-0
-0
21.7143
-0
0.290468
-0
2.35424
-0
-0
21.2391
2.86847
11.8653
-0
-0
-0
-0
-0
19.2153
-0
-0
-0
26.8962
-0
-0
-0
24.1018
-0
16.8097
2.84953
20.4854
-0
-0
-0
-0
-0
-0
-0
-0
-0
-0
-0
8.41813
-0
-0
-0
6.97451
-0
-0
-0
-0
16.8999
2.88828
19.5427
-0
-0
-0
-0
-0
15.8074
-0
-0
-0
-0
-0
-0
-0
-0
9.97203
51.6349
-0
-0
-0
-0
-0
-0
-0
-0
-0
-0
-0
-0
0.0137885
-0
-0
-0
-0
-0
-0
-0
34.9806
-0
36.2628
2.98864
-0
20.4242
-0
-0
-0
-0
-0
-0
-0
-0
12.5698
-0
-0
-0
-0
-0
12.6082
-0
-0
-0
-0
9.99242
-0
-0
9.96721
-0
-0
-0
1.38277
-0
-0
-0
-0
-0
-0
-0
-0
-0
-0
-0
-0
3.23496
-0
31.377
-0
-0
-0
-0
-0
-0
19.5013
-0
10.2954
1.66554
-0
-0
-0
24.1185
-0
-0
-0
-0
3.36909
-0
-0
-0
7.27278
-0
-0
-0
12.5493
-0
34.2834
29.5994
-0
7.1402
34.6212
-0
-0
-0
6.43421
-0
-0
-0
-0
-0
18.642
-0
-0
-0
-0
-0
-0
-0
-0
-0
-0
-0
-0
-0
-0
26.4148
15.8083
14.2432
2.87527
11.5648
0.349959
-0
-0
-0
-0
-0
-0
-0
-0
36.9762
-0
-0
20.5371
-0
2.17088
-0
-0
-0
-0
-0
-0
13.9029
-0
16.5676
4.1283
-0
35.8118
14.5667
-0
-0
-0
-0
-0
36.3641
-0
-0
-0
-0
16.9624
-0
-0
24.8422
11.2701
-0
-0
14.6373
-0
-0
-0
-0
-0
-0
30.4341
-0
-0
-0
-0
-0
-0
-0
11.6615
-0
-0
-0
-0
-0
12.3947
11.182
-0
-0
-0
-0
-0
33.1918
-0
41.5403
-0
11.7921
-0
-0
13.3364
3.23098
-0
-0
-0
-0
-0
-0
2.81379
33.3114
-0
-0
-0
-0
-0
-0
-0
-0
-0
-0
-0
-0
-0
-0
-0
-0
26.2233
13.8425
-0
-0
-0
-0
-0
-0
12.4668
-0
-0
44.7044
-0
-0
-0
-0
-0
11.6695
-0
-0
-0
24.6718
-0
-0
0.062592
-0
-0
-0
24.1631
-0
-0
14.8431
-0
8.98652
-0
13.1414
-0
-0
-0
-0
6.0934
6.81055
-0
-0
9.23102
-0
-0
-0
4.12439
-0
25.0153
-0
27.5944
-0
-0
-0
-0
-0
-0
-0
-0
-0
-0
-0
-0
-0
-0
6.94059
-0
8.88261
3.00271
-0
-0
-0
-0
-0
-0
-0
-0
0.447229
-0
-0
-0
-0
-0
-0
1.96771
-0
2.46839
-0
-0
-0
22.8061
-0
-0
21.7541
-0
-0
-0
-0
-0
11.1776
26.1082
-0
-0
-0
-0
-0
-0
-0
-0
35.8555
-0
-0
-0
-0
14.4661
20.5365
10.5717
-0
-0
-0
0.90466
-0
-0
-0
-0
-0
-0
-0
-0
-0
-0
18.8685
30.0875
-0
-0
-0
-0
-0
17.9276
21.5507
-0
-0
-0
-0
22.1847
-0
-0
-0
-0
6.28351
-0
-0
38.1475
-0
23.7359
-0
25.6377
-0
-0
7.61712
3.30538
15.2656
-0
31.7552
-0
-0
34.3402
-0
-0
12.7091
-0
-0
21.1579
-0
8.69016
-0
-0
-0
-0
-0
-0
20.6991
-0
-0
-0
-0
-0
-0
-0
-0
-0
32.0111
-0
-0
-0
-0
-0
-0
-0
-0
-0
-0
-0
-0
-0
9.62785
40.1848
4.4015
-0
-0
-0
-0
1.18825
-0
-0
0.980852
-0
-0
-0
-0
1.76347
-0
5.25628
-0
-0
-0
-0
33.2256
-0
20.3385
11.1254
-0
-0
-0
-0
-0
-0
-0
-0
21.928
-0
-0
-0
16.5917
11.845
-0
-0
22.9937
-0
-0
-0
-0
23.2195
-0
10.1857
-0
3.63308
-0
-0
35.189
42.6844
-0
-0
36.5655
8.58272
-0
3.00248
-0
-0
-0
27.2162
8.71445
0.584728
-0
4.60651
36.7753
-0
6.91469
-0
-0
-0
-0
-0
-0
-0
-0
0.189312
-0
26.5636
-0
-0
-0
-0
-0
6.66662
7.71078
-0
-0
-0
-0
-0
10.2308
-0
-0
-0
-0
22.9625
-0
-0
-0
-0
-0
-0
-0
-0
1.50989
8.08081
6.91514
2.37544
55.7077
-0
-0
-0
-0
-0
-0
1.933
-0
-0
3.94127
-0
13.2103
6.90471
-0
-0
-0
55.1476
-0
-0
-0
-0
-0
-0
-0
-0
