-0
-0
-0
-0
-0
-0
-0
0.815827
34.2646
-0
-0
-0
-0
-0
-0
-0
-0
-0
-0
-0
-0
-0
-0
-0
0.490989
-0
-0
-0
-0
-0
-0
-0
-0
-0
14.185
-0
-0
-0
-0
-0
-0
-0
-0
2.23856
-0
-0
-0
25.8959
-0
20.2806
-0
-0
-0
-0
-0
-0
29.3597
0.11744
-0
0.112176
-0
-0
9.4248
-0
-0
-0
-0
-0
18.4317
0.446579
-0
-0
-0
-0
-0
12.866
36.5244
0.744021
-0
-0
-0
49.0349
-0
-0
-0
-0
-0
-0
-0
-0
-0
-0
-0
-0
2.13927
-0
8.43877
-0
25.4327
-0
-0
-0
-0
-0
-0
-0
-0
18.8516
-0
-0
-0
-0
0.171679
-0
14.82
48.233
-0
-0
8.31667
52.5539
15.5996
-0
13.4706
-0
-0
-0
-0
-0
-0
-0
5.40119
-0
14.8535
-0
-0
-0
8.57153
25.9008
-0
-0
9.49255
-0
1.05154
-0
-0
-0
-0
-0
-0
-0
-0
-0
-0
-0
-0
-0
2.6479
-0
-0
-0
2.51813
-0
-0
-0
-0
-0
21.6667
-0
-0
47.1529
-0
0.194284
-0
-0
-0
-0
-0
-0
9.04353
-0
41.5344
-0
-0
-0
-0
48.7455
-0
-0
43.6031
-0
-0
53.8807
39.44
-0
-0
-0
-0
-0
-0
-0
-0
11.9926
11.692
-0
-0
-0
-0
-0
-0
-0
-0
-0
-0
-0
-0
-0
-0
-0
-0
-0
-0
-0
-0
-0
1.13657
-0
-0
12.1642
-0
12.1149
-0
13.58
-0
-0
-0
-0
-0
-0
-0
-0
0.434622
0.845163
-0
-0
-0
-0
27.6695
-0
-0
-0
-0
-0
-0
-0
-0
-0
-0
17.0536
-0
-0
21.2854
-0
-0
17.1971
9.29034
-0
-0
-0
-0
-0
-0
45.1236
26.9947
0.414048
-0
-0
-0
-0
-0
-0
-0
4.23408
-0
1.25814
-0
-0
5.71994
-0
-0
-0
-0
-0
-0
-0
18.1547
-0
-0
-0
19.2239
46.7415
-0
-0
1.74136
-0
40.1966
-0
-0
-0
-0
-0
-0
-0
-0
-0
18.0087
2.45127
-0
-0
-0
-0
-0
-0
24.132
14.0803
22.3371
-0
-0
-0
-0
31.621
-0
-0
-0
-0
-0
-0
-0
-0
-0
29.3991
-0
-0
4.85541
1.59344
-0
-0
19.8324
-0
7.76499
1.90044
-0
-0
6.08311
-0
35.4032
-0
-0
-0
14.7593
-0
-0
-0
-0
-0
20.8463
0.39176
-0
-0
26.1688
-0
-0
-0
0.349474
11.8663
-0
-0
7.53812
-0
-0
-0
-0
-0
27.2007
-0
-0
10.3273
12.1083
-0
-0
-0
-0
29.9173
-0
-0
-0
-0
-0
-0
-0
-0
-0
-0
-0
-0
-0
-0
-0
2.69476
-0
-0
-0
-0
-0
-0
30.6097
2.01227
-0
-0
-0
-0
18.2281
-0
-0
-0
-0
-0
-0
14.332
32.8267
35.5125
-0
-0
-0
-0
-0
-0
-0
-0
-0
-0
-0
-0
-0
-0
-0
-0
-0
-0
-0
-0
1.49359
-0
-0
-0
16.4677
7.07941
-0
14.3804
-0
-0
-0
-0
28.6293
-0
-0
-0
-0
-0
-0
-0
-0
-0
-0
-0
-0
-0
23.1331
-0
-0
3.23635
-0
-0
-0
-0
-0
-0
-0
-0
-0
58.4327
42.2034
-0
-0
-0
-0
19.8041
37.2042
-0
-0
20.6345
-0
-0
-0
-0
-0
-0
11.0623
-0
-0
43.2207
-0
-0
5.03993
-0
-0
-0
17.0178
-0
-0
-0
-0
8.81564
-0
-0
-0
-0
4.90583
29.6461
-0
7.67732
-0
-0
-0
-0
24.8564
-0
-0
1.85933
-0
-0
-0
-0
-0
-0
-0
-0
-0
-0
-0
-0
26.286
-0
-0
-0
58.6803
47.6286
-0
-0
-0
14.0399
-0
-0
14.0233
-0
-0
-0
-0
-0
-0
20.0213
-0
-0
-0
8.3479
8.09952
-0
-0
-0
17.3873
-0
-0
-0
-0
-0
-0
-0
-0
0.851082
5.11182
30.7516
-0
-0
-0
-0
-0
-0
-0
6.10462
11.1563
-0
-0
-0
-0
-0
-0
-0
-0
7.54852
-0
-0
-0
14.7281
-0
-0
-0
-0
12.3286
7.19315
22.6649
21.6077
-0
-0
-0
-0
-0
-0
-0
-0
-0
-0
-0
6.69906
-0
-0
-0
-0
-0
-0
5.72337
-0
-0
-0
-0
-0
-0
-0
-0
-0
-0
-0
-0
-0
-0
23.2347
9.47647
-0
-0
-0
-0
-0
1.23408
-0
-0
18.4066
-0
7.30503
14.2256
-0
-0
-0
-0
-0
-0
-0
-0
22.7575
16.9266
-0
-0
23.2069
17.7511
33.4342
9.13013
-0
-0
-0
-0
-0
-0
-0
-0
-0
-0
-0
-0
-0
-0
-0
-0
5.37604
35.7476
-0
-0
-0
1.06643
-0
-0
-0
-0
-0
-0
9.88973
-0
33.0861
-0
-0
-0
-0
15.0665
-0
-0
-0
-0
-0
51.6994
-0
-0
-0
-0
5.05175
11.872
-0
-0
11.7942
-0
-0
-0
0.502111
-0
-0
-0
15.4604
3.02394
-0
-0
18.1263
-0
-0
-0
-0
-0
-0
-0
-0
45.1588
-0
-0
-0
56.4327
-0
-0
-0
-0
-0
-0
-0
27.1237
-0
-0
-0
-0
-0
-0
-0
-0
-0
-0
-0
-0
33.5267
-0
1.26986
-0
-0
-0
-0
-0
34.5438
-0
18.7305
-0
-0
28.6759
-0
-0
-0
32.9022
-0
-0
-0
-0
-0
10.5625
-0
-0
-0
-0
6.04285
31.6197
-0
-0
-0
-0
-0
-0
-0
-0
-0
-0
7.88033
-0
-0
21.4816
-0
-0
-0
-0
8.70365
-0
12.9059
43.7752
-0
16.1654
4.19413
-0
-0
-0
-0
-0
-0
1.9178
-0
-0
-0
-0
11.4713
-0
-0
11.8508
36.0837
-0
-0
-0
-0
-0
-0
6.83298
-0
-0
21.3121
-0
-0
-0
-0
-0
-0
-0
-0
-0
4.18212
-0
-0
-0
-0
1.07478
11.5267
8.98058
-0
-0
-0
3.5664
31.4286
-0
-0
-0
-0
-0
8.0902
3.93318
10.0678
-0
-0
1.8642
-0
-0
-0
-0
-0
-0
33.7721
-0
-0
-0
-0
-0
-0
-0
-0
-0
-0
-0
-0
-0
-0
-0
-0
-0
51.3091
-0
33.7608
12.2116
-0
-0
-0
21.7935
-0
-0
-0
-0
-0
-0
-0
-0
7.64995
-0
-0
-0
-0
-0
14.2794
9.47061
-0
-0
-0
-0
-0
-0
4.68789
-0
-0
-0
-0
-0
-0
8.65891
-0
-0
0.5606
-0
5.95678
-0
-0
9.22898
-0
22.082
-0
-0
-0
-0
-0
-0
-0
-0
1.34412
-0
-0
-0
-0
-0
11.039
-0
-0
-0
-0
-0
-0
-0
-0
-0
-0
-0
-0
-0
-0
-0
-0
5.95057
-0
-0
-0
-0
-0
-0
-0
-0
-0
-0
18.9474
-0
-0
-0
-0
-0
10.7127
-0
-0
-0
-0
-0
-0
-0
-0
-0
-0
34.6577
6.35364
-0
-0
-0
9.70021
-0
-0
-0
-0
-0
-0
-0
-0
-0
8.2898
-0
-0
-0
-0
-0
3.21799
5.59229
-0
-0
-0
-0
-0
-0
13.6836
-0
-0
-0
-0
-0
-0
-0
-0
-0
-0
-0
-0
-0
-0
-0
-0
-0
-0
-0
-0
-0
33.748
-0
-0
10.2428
-0
-0
-0
-0
-0
-0
-0
-0
-0
-0
-0
-0
-0
10.8913
-0
-0
-0
-0
2.63769
-0
2.18288
-0
-0
-0
-0
-0
-0
-0
-0
-0
-0
-0
-0
-0
33.8761
-0
-0
-0
-0
35.255
-0
-0
-0
-0
-0
9.47188
-0
-0
-0
-0
-0
-0
-0
-0
5.45396
-0
-0
-0
-0
-0
-0
-0
-0
-0
-0
32.2665
9.64648
-0
-0
-0
23.2886
1.53541
-0
-0
-0
-0
-0
-0
-0
36.0935
-0
-0
17.7752
-0
-0
2.46817
-0
-0
-0
-0
-0
-0
26.1292
-0
-0
-0
-0
-0
-0
-0
-0
-0
44.3023
-0
16.2944
6.39555
-0
-0
-0
-0
-0
-0
-0
-0
-0
-0
-0
-0
20.2142
-0
25.7015
-0
-0
5.8036
-0
-0
17.2018
-0
-0
-0
-0
-0
-0
12.5191
7.73357
-0
44.5849
-0
-0
-0
-0
30.0295
-0
-0
-0
-0
0.967597
-0
0.432894
-0
-0
-0
1.65082
-0
-0
-0
-0
3.3171
-0
-0
-0
0.357236
-0
-0
-0
-0
-0
-0
-0
-0
0.879419
-0
-0
-0
-0
-0
15.5172
0.872949
-0
3.10937
-0
16.5425
-0
18.9256
6.74432
-0
-0
-0
-0
-0
13.4095
-0
-0
-0
-0
-0
13.152
7.69943
-0
2.23217
-0
-0
-0
31.8793
-0
-0
-0
11.9348
51.105
-0
3.61728
-0
5.87818
-0
13.2495
-0
-0
22.918
-0
50.5163
-0
25.4774
46.0734
-0
-0
-0
-0
35.1826
-0
-0
5.36928
23.0223
-0
-0
-0
-0
11.4773
-0
-0
-0
-0
-0
-0
10.2452
19.3419
-0
-0
13.1705
36.3976
-0
-0
-0
40.095
11.6798
-0
9.66338
-0
-0
-0
-0
-0
14.0538
1.55946
-0
-0
-0
-0
18.2857
50.2528
-0
-0
36.3713
-0
-0
2.7186
-0
-0
-0
-0
-0
-0
-0
-0
2.19337
-0
-0
-0
11.5723
-0
29.4828
11.0688
-0
-0
-0
-0
-0
-0
6.91175
-0
-0
-0
-0
-0
-0
-0
-0
-0
-0
-0
-0
-0
-0
-0
-0
-0
2.1561
3.88694
-0
-0
-0
2.8063
-0
-0
-0
-0
-0
0.450089
37.3054
-0
-0
-0
-0
8.72991
8.17444
-0
5.2638
13.9851
-0
37.3578
24.7763
-0
34.3936
-0
-0
-0
-0
-0
-0
-0
-0
-0
-0
-0
-0
-0
1.31543
-0
-0
0.717152
-0
-0
-0
25.1556
0.690446
12.5247
-0
-0
5.42316
-0
-0
-0
-0
-0
-0
-0
14.9754
-0
-0
-0
-0
-0
-0
-0
-0
2.18683
4.03473
-0
-0
-0
-0
-0
-0
-0
-0
-0
-0
44.576
-0
-0
-0
-0
-0
-0
-0
-0
-0
-0
-0
-0
-0
-0
19.2179
-0
4.91238
-0
17.9755
11.1561
-0
-0
-0
-0
-0
-0
-0
-0
-0
-0
22.1952
0.0895196
-0
-0
1.98408
-0
-0
-0
29.0075
-0
-0
-0
-0
-0
-0
-0
-0
-0
-0
5.67568
-0
-0
-0
-0
55.095
-0
-0
-0
-0
-0
10.4689
-0
-0
-0
-0
-0
62.6058
-0
-0
-0
-0
-0
-0
-0
-0
6.47452
1.93441
32.4814
-0
-0
-0
-0
-0
-0
18.9352
12.9113
-0
-0
-0
-0
-0
-0
-0
-0
-0
-0
-0
-0
-0
-0
-0
9.40259
-0
-0
-0
-0
19.295
0.90067
-0
-0
-0
-0
-0
-0
-0
17.4151
-0
-0
-0
-0
-0
-0
-0
-0
-0
-0
2.86043
-0
-0
-0
-0
-0
-0
25.3086
-0
-0
-0
-0
9.69678
-0
-0
-0
-0
4.89227
-0
3.03211
10.4403
5.17312
-0
-0
-0
-0
-0
8.62525
5.46438
10.5451
4.19791
3.72525
-0
5.9929
-0
-0
-0
-0
-0
21.0351
-0
7.44894
45.3573
17.507
-0
10.5613
-0
-0
19.9112
38.0738
-0
-0
-0
-0
-0
20.8354
-0
58.9105
-0
-0
-0
-0
27.2946
25.4955
24.7076
18.1306
5.6978
-0
13.9171
-0
-0
-0
11.0709
-0
-0
-0
13.6547
-0
-0
-0
-0
-0
-0
-0
25.2497
-0
-0
15.6746
-0
-0
21.4231
-0
-0
-0
-0
7.9329
-0
3.20956
-0
-0
-0
2.72141
-0
55.4634
-0
12.5089
-0
-0
-0
-0
-0
-0
-0
-0
14.8872
-0
26.9442
-0
-0
-0
-0
-0
-0
-0
-0
-0
-0
-0
-0
-0
-0
-0
-0
-0
-0
35.322
-0
-0
10.7528
19.0527
-0
-0
-0
-0
-0
15.6655
-0
-0
-0
-0
-0
-0
-0
-0
-0
-0
17.493
-0
27.253
-0
-0
-0
-0
-0
10.3253
17.6079
-0
-0
-0
-0
-0
-0
-0
-0
-0
39.6895
-0
-0
-0
-0
50.1555
-0
-0
1.55935
-0
-0
-0
23.6172
-0
-0
-0
-0
-0
-0
30.2647
4.57672
-0
-0
-0
-0
-0
-0
-0
-0
-0
-0
-0
-0
-0
-0
1.68677
-0
-0
-0
-0
-0
-0
-0
25.8773
-0
-0
-0
-0
-0
-0
-0
-0
11.966
-0
-0
-0
-0
-0
-0
-0
7.80254
-0
-0
15.6076
-0
-0
-0
-0
-0
-0
-0
-0
-0
-0
-0
-0
-0
-0
-0
-0
-0
-0
28.484
-0
-0
-0
-0
-0
-0
0.47469
-0
-0
-0
-0
-0
22.6645
8.97931
17.7901
-0
-0
-0
26.1583
-0
-0
-0
-0
-0
-0
-0
56.4657
-0
-0
-0
-0
-0
-0
-0
-0
11.0985
6.56725
-0
-0
-0
11.131
-0
-0
10.6925
-0
-0
17.7863
0.544011
-0
-0
-0
-0
-0
19.7949
-0
-0
-0
9.30433
-0
-0
-0
5.62716
-0
13.8317
4.94833
53.8305
-0
-0
13.5309
-0
-0
-0
-0
-0
-0
-0
-0
-0
0.0441345
-0
-0
-0
-0
-0
5.2892
-0
-0
-0
-0
-0
-0
-0
18.5526
-0
-0
-0
-0
12.1697
-0
23.1688
-0
-0
-0
-0
-0
-0
-0
5.40817
10.314
-0
-0
4.34907
-0
-0
4.41172
-0
-0
20.8937
-0
-0
13.1433
-0
62.4925
10.1515
-0
0.55738
45.676
-0
-0
-0
-0
-0
-0
-0
-0
-0
-0
-0
-0
-0
-0
-0
-0
2.22505
-0
29.9517
-0
2.31185
-0
-0
-0
-0
14.8435
-0
1.35334
26.8347
22.65
-0
-0
14.3837
-0
-0
-0
-0
-0
-0
4.69626
36.6893
-0
28.6157
11.1938
41.9583
-0
-0
-0
-0
-0
1.16857
10.4348
15.166
-0
-0
8.17633
-0
-0
4.23351
14.978
-0
-0
-0
-0
-0
5.77188
-0
-0
-0
16.5782
-0
-0
-0
-0
-0
-0
-0
0.956293
-0
-0
1.40316
-0
-0
-0
-0
-0
14.8854
17.9915
26.3334
-0
-0
-0
-0
-0
-0
4.94762
-0
-0
-0
-0
19.1043
0.642864
1.85532
-0
-0
-0
-0
-0
-0
5.83489
-0
4.61139
-0
-0
-0
-0
-0
-0
30.4333
-0
-0
26.9154
11.8869
-0
-0
-0
-0
12.3184
-0
15.3748
-0
-0
5.23241
54.7743
-0
-0
4.60683
16.2192
-0
16.2352
-0
-0
7.67718
7.84866
2.01858
-0
41.7545
26.2955
-0
-0
-0
30.0016
23.9468
-0
0.90854
12.4131
-0
-0
0.7641
-0
-0
-0
-0
-0
-0
-0
0.46132
-0
2.2585
-0
-0
-0
-0
11.8086
-0
-0
42.8749
27.178
-0
-0
-0
-0
12.0404
-0
-0
16.3542
-0
-0
-0
-0
-0
-0
-0
-0
-0
-0
-0
-0
-0
-0
-0
9.3501
-0
-0
-0
48.2272
7.92422
-0
27.2585
-0
-0
11.8323
-0
-0
4.60502
-0
-0
-0
0.488045
7.28818
-0
-0
-0
-0
-0
0.184082
-0
-0
-0
8.0331
-0
-0
-0
31.433
3.84515
-0
39.1629
-0
-0
-0
-0
-0
-0
-0
8.0003
2.36018
-0
-0
-0
3.46413
10.1233
-0
-0
-0
41.8442
-0
-0
-0
-0
24.4095
-0
15.7156
-0
4.08012
-0
-0
-0
-0
35.0957
6.1437
-0
10.0971
-0
-0
-0
-0
9.39129
-0
-0
-0
-0
-0
-0
-0
-0
-0
-0
-0
-0
-0
-0
-0
13.6207
-0
12.6053
-0
-0
-0
-0
-0
1.84344
-0
-0
61.466
-0
-0
29.3498
-0
-0
-0
0.240906
0.877513
-0
19.9251
-0
-0
0.859171
-0
-0
-0
9.44942
23.7216
36.0117
27.586
-0
-0
-0
21.3224
-0
4.34794
-0
-0
-0
13.5593
-0
-0
2.92441
-0
-0
0.793401
44.1764
10.981
-0
-0
0.442989
-0
-0
13.92
-0
-0
-0
-0
-0
-0
-0
-0
-0
-0
-0
-0
4.72866
-0
-0
-0
-0
-0
-0
-0
-0
-0
-0
-0
-0
-0
-0
-0
-0
-0
5.5655
-0
-0
-0
-0
1.2127
9.02802
-0
20.9146
-0
-0
-0
1.19958
-0
-0
-0
-0
-0
43.6645
-0
-0
8.56976
-0
-0
-0
18.8183
-0
-0
-0
0.808996
-0
0.937375
-0
-0
-0
-0
-0
1.5499
-0
-0
-0
-0
-0
-0
0.689347
-0
0.282546
-0
-0
-0
2.47463
-0
-0
-0
-0
-0
27.4122
-0
7.34554
-0
-0
-0
-0
-0
-0
-0
7.50045
-0
-0
-0
35.564
-0
-0
1.5699
-0
-0
-0
-0
-0
-0
-0
-0
30.4197
34.7897
-0
-0
-0
7.29662
-0
-0
-0
-0
-0
-0
-0
1.73926
-0
-0
-0
31.1929
17.2588
28.3457
-0
4.28485
-0
-0
-0
-0
-0
-0
58.2389
-0
-0
-0
-0
-0
-0
-0
4.51344
-0
-0
-0
-0
-0
-0
10.3418
-0
-0
-0
-0
16.4616
-0
11.5132
-0
-0
34.0991
-0
-0
-0
-0
-0
-0
-0
-0
-0
-0
-0
-0
-0
-0
-0
-0
-0
-0
-0
8.57822
-0
-0
-0
23.7908
42.6203
-0
-0
-0
-0
3.30637
10.141
21.2002
32.8303
-0
30.0073
-0
-0
-0
-0
0.0853318
12.0406
-0
7.64152
36.2932
8.59659
-0
-0
-0
-0
-0
-0
-0
-0
-0
-0
13.7415
-0
-0
-0
-0
-0
-0
39.855
17.4041
-0
21.3584
-0
-0
-0
-0
-0
1.8086
-0
-0
-0
-0
9.45374
-0
-0
10.156
-0
-0
-0
-0
-0
-0
-0
-0
-0
-0
-0
26.4339
-0
4.10847
-0
37.01
-0
-0
-0
-0
29.8481
25.8704
-0
-0
-0
-0
-0
-0
-0
-0
-0
0.594175
-0
16.1134
-0
-0
0.849371
-0
-0
1.97889
-0
-0
-0
26.1088
-0
1.95972
-0
-0
-0
-0
-0
-0
-0
-0
-0
-0
-0
-0
-0
-0
-0
-0
-0
-0
-0
-0
-0
-0
6.59459
-0
-0
-0
-0
-0
7.89821
-0
36.8418
54.9954
-0
-0
-0
7.36243
-0
-0
43.434
-0
-0
-0
-0
41.6984
-0
13.5786
-0
-0
-0
12.8715
-0
-0
-0
-0
-0
-0
-0
-0
-0
8.88646
-0
-0
-0
-0
7.23549
-0
-0
-0
-0
20.1497
-0
-0
-0
-0
45.4016
-0
-0
35.547
-0
-0
0.173407
-0
-0
-0
-0
-0
-0
-0
9.58661
-0
-0
12.0003
-0
2.94272
-0
-0
4.4351
-0
-0
-0
-0
-0
-0
13.705
-0
6.51421
-0
-0
-0
-0
-0
-0
-0
-0
-0
-0
-0
-0
-0
1.64402
-0
-0
-0
-0
20.8865
23.0885
-0
-0
-0
-0
-0
-0
-0
-0
-0
-0
19.4568
-0
-0
-0
-0
-0
-0
-0
-0
-0
-0
-0
-0
-0
-0
20.3627
-0
-0
-0
-0
-0
-0
-0
4.24647
-0
-0
-0
-0
-0
-0
28.1188
-0
10.3599
-0
-0
-0
1.69278
-0
-0
-0
-0
5.0111
-0
-0
-0
-0
-0
-0
15.5915
-0
-0
26.6943
-0
-0
-0
-0
-0
-0
-0
-0
-0
-0
9.90273
-0
-0
-0
-0
14.0779
-0
-0
-0
15.9611
-0
-0
27.7818
-0
-0
-0
-0
-0
-0
-0
-0
-0
-0
-0
5.75595
-0
-0
2.75945
-0
-0
-0
-0
-0
-0
-0
-0
11.092
11.9452
-0
-0
-0
-0
-0
-0
7.30391
-0
15.4498
-0
5.30033
19.1371
-0
-0
21.196
43.8201
-0
2.08189
16.7173
7.6306
-0
13.5274
-0
-0
-0
-0
-0
-0
9.03974
-0
-0
21.3633
-0
-0
-0
25.4658
-0
-0
-0
-0
-0
-0
8.27678
-0
-0
-0
-0
-0
-0
-0
-0
-0
-0
-0
-0
-0
16.112
-0
-0
7.75176
-0
-0
15.9354
-0
26.5913
8.46296
-0
-0
-0
-0
-0
-0
16.3492
-0
-0
25.7924
-0
0.979248
13.3336
7.48063
41.3727
26.4674
-0
27.1152
-0
-0
-0
-0
-0
22.506
24.1235
-0
-0
-0
0.155047
-0
-0
6.58973
-0
-0
-0
-0
-0
-0
-0
-0
-0
-0
-0
-0
-0
-0
-0
21.3641
-0
-0
-0
-0
-0
-0
-0
-0
-0
-0
28.7283
-0
14.6604
-0
-0
-0
5.52616
-0
-0
-0
-0
-0
-0
9.94937
12.3131
-0
-0
-0
-0
-0
7.35529
-0
-0
24.848
-0
-0
-0
-0
-0
-0
2.42689
10.3802
-0
1.75806
9.27658
-0
-0
-0
-0
-0
10.1084
-0
-0
-0
-0
-0
-0
-0
-0
12.4915
-0
-0
-0
-0
-0
-0
-0
-0
15.7363
22.0626
5.53598
-0
-0
-0
-0
-0
-0
-0
-0
-0
9.23092
-0
-0
-0
-0
11.2456
37.1887
18.0169
-0
-0
0.390206
-0
2.81496
-0
-0
-0
-0
-0
8.80853
3.1861
-0
13.9531
-0
-0
4.88275
15.4875
-0
10.9932
29.7408
6.67466
-0
-0
-0
15.2612
-0
9.68264
-0
-0
-0
-0
-0
-0
11.6284
-0
-0
37.5001
6.16012
-0
-0
-0
-0
15.4333
-0
-0
0.342958
-0
-0
-0
-0
7.54476
-0
-0
-0
19.1289
-0
-0
-0
18.8514
20.216
-0
-0
17.4743
-0
-0
-0
-0
12.9044
11.1637
-0
-0
-0
19.951
-0
-0
-0
-0
-0
-0
-0
-0
-0
-0
-0
-0
-0
-0
-0
10.5082
-0
-0
-0
22.7139
-0
-0
2.80434
8.38033
-0
-0
-0
0.0502434
-0
-0
-0
-0
-0
-0
-0
-0
16.6373
-0
-0
-0
-0
14.4421
2.83997
-0
-0
16.1313
-0
-0
-0
-0
6.32186
-0
-0
-0
33.3362
-0
-0
12.8818
-0
15.3081
-0
10.345
-0
-0
-0
-0
-0
-0
-0
18.8682
-0
-0
-0
-0
28.3684
-0
28.0488
62.3054
-0
76.601
22.751
-0
1.21941
12.4336
0.70074
-0
-0
-0
-0
0.425022
-0
-0
-0
-0
-0
-0
-0
-0
-0
32.1057
-0
-0
-0
-0
41.6362
-0
-0
-0
-0
-0
-0
-0
-0
-0
-0
-0
-0
-0
2.93921
-0
-0
-0
-0
34.2197
11.4313
-0
-0
9.50965
17.1183
-0
9.76878
-0
-0
-0
-0
9.93284
-0
-0
-0
-0
-0
-0
4.33739
-0
-0
-0
-0
0.565398
-0
27.7978
-0
0.493861
25.7339
7.65683
-0
-0
-0
-0
-0
-0
-0
33.3802
5.74069
15.6667
23.3269
-0
-0
-0
3.70215
-0
-0
-0
-0
-0
-0
5.9776
-0
-0
-0
-0
-0
-0
-0
-0
-0
-0
-0
-0
-0
-0
-0
18.6555
-0
-0
-0
-0
16.43
-0
-0
19.4155
-0
12.8415
-0
17.7518
-0
-0
6.86834
44.4245
30.0103
-0
-0
0.485519
-0
-0
-0
-0
-0
-0
-0
13.1206
1.43583
-0
-0
-0
-0
-0
-0
3.9296
-0
-0
19.3375
8.22855
-0
30.0865
-0
-0
-0
27.6024
11.4163
-0
31.1133
-0
23.0597
-0
-0
5.77096
-0
-0
4.35251
-0
32.5005
6.87415
-0
-0
-0
-0
-0
-0
-0
-0
-0
2.22274
-0
-0
12.2704
1.01257
37.0676
-0
-0
2.78924
1.39456
-0
-0
-0
-0
19.6617
-0
-0
22.5792
-0
-0
-0
-0
-0
13.2832
-0
-0
-0
-0
5.01068
56.4476
-0
-0
-0
18.4028
-0
14.2647
-0
16.5803
-0
31.5065
-0
-0
-0
-0
-0
-0
52.4593
-0
30.3923
-0
-0
-0
-0
13.724
13.6837
9.51749
-0
-0
23.3151
-0
-0
9.66282
-0
-0
-0
-0
-0
18.9898
-0
43.831
-0
25.8105
2.32793
-0
-0
-0
-0
-0
-0
-0
-0
-0
-0
-0
-0
5.99814
9.54135
-0
-0
-0
-0
-0
-0
16.4674
-0
-0
-0
-0
-0
-0
-0
-0
31.4139
7.81991
-0
-0
-0
-0
5.13482
-0
-0
-0
18.9644
-0
-0
-0
-0
-0
11.8939
-0
-0
-0
-0
-0
24.8384
6.01874
-0
21.8471
-0
-0
-0
-0
-0
19.8164
-0
42.2056
9.98176
-0
27.0431
-0
-0
-0
-0
-0
-0
-0
-0
-0
-0
-0
-0
-0
-0
14.9314
-0
-0
-0
-0
-0
-0
-0
-0
-0
-0
-0
-0
-0
-0
19.747
-0
-0
-0
-0
-0
-0
-0
-0
-0
11.2047
-0
2.02931
-0
-0
-0
-0
21.8761
-0
9.27316
-0
3.34596
-0
-0
-0
-0
-0
-0
-0
-0
-0
7.85738
-0
-0
-0
2.72718
-0
-0
-0
-0
9.29179
-0
62.6736
-0
-0
3.34331
-0
-0
-0
2.0484
-0
-0
-0
-0
-0
-0
-0
-0
-0
8.43425
-0
-0
-0
-0
-0
24.421
-0
-0
-0
-0
15.0835
6.11598
-0
-0
-0
-0
-0
-0
-0
-0
-0
-0
-0
-0
17.0325
-0
-0
-0
-0
-0
-0
2.03965
-0
-0
-0
-0
-0
38.4109
-0
14.8098
-0
32.0629
19.422
-0
-0
-0
21.5493
-0
-0
-0
-0
-0
-0
24.7468
-0
-0
7.53516
-0
-0
-0
-0
-0
-0
-0
-0
-0
-0
16.8491
4.62974
-0
-0
-0
-0
-0
-0
27.1485
-0
-0
25.8252
-0
-0
-0
-0
-0
-0
-0
-0
-0
-0
-0
50.1808
-0
25.7509
-0
-0
-0
29.2543
-0
-0
-0
-0
-0
6.20792
12.6411
-0
-0
-0
-0
-0
-0
-0
-0
-0
-0
-0
-0
-0
-0
26.5313
-0
-0
28.806
-0
-0
-0
-0
-0
-0
-0
-0
-0
-0
62.8705
-0
-0
-0
-0
-0
21.0982
-0
-0
-0
-0
-0
-0
17.4825
-0
-0
-0
12.0982
-0
-0
11.3253
-0
34.958
-0
40.1921
-0
-0
-0
-0
25.463
-0
-0
-0
-0
-0
-0
-0
-0
-0
14.2571
30.8654
23.9882
-0
-0
-0
-0
-0
-0
-0
16.1402
-0
-0
3.06015
-0
-0
-0
25.4312
-0
15.3991
-0
-0
-0
-0
-0
-0
-0
-0
-0
-0
-0
-0
-0
-0
20.3911
-0
13.4221
-0
12.853
15.3988
-0
-0
26.8423
-0
-0
15.9691
-0
-0
-0
-0
-0
-0
18.1899
10.3197
-0
-0
-0
-0
-0
-0
-0
12.6862
-0
-0
-0
-0
18.5365
30.7098
-0
-0
-0
-0
-0
-0
-0
-0
-0
-0
-0
-0
-0
-0
-0
30.1759
25.0772
-0
-0
-0
-0
-0
28.2605
-0
-0
-0
-0
-0
38.8385
-0
-0
-0
-0
10.8164
-0
-0
46.1309
-0
9.55836
-0
-0
-0
1.85279
14.4347
-0
-0
-0
16.2914
-0
-0
20.721
-0
-0
2.1498
-0
-0
31.9987
-0
-0
-0
-0
-0
27.1162
-0
-0
-0
-0
-0
-0
-0
-0
-0
-0
-0
-0
6.81294
-0
-0
-0
-0
-0
-0
-0
-0
-0
-0
-0
-0
-0
9.10411
21.6909
-0
-0
-0
-0
-0
9.38941
-0
-0
-0
-0
-0
-0
-0
-0
11.3262
9.91711
-0
-0
-0
-0
26.988
-0
2.41644
-0
-0
-0
-0
-0
-0
-0
-0
-0
16.2645
-0
-0
-0
-0
-0
2.05072
-0
10.5582
-0
-0
-0
-0
38.9991
-0
23.7136
-0
8.49367
-0
-0
-0
13.662
-0
-0
43.9209
-0
-0
-0
-0
3.10567
-0
6.95832
25.415
-0
-0
3.61178
28.0872
-0
42.4653
-0
-0
-0
-0
-0
-0
-0
-0
1.50686
-0
19.8787
3.37152
-0
-0
-0
-0
51.4098
16.5766
-0
-0
-0
5.09046
-0
-0
6.00356
-0
-0
-0
38.8544
-0
-0
-0
-0
-0
-0
8.45286
-0
-0
-0
-0
-0
42.9574
-0
-0
-0
-0
-0
-0
-0
-0
-0
-0
-0
5.98496
32.2359
-0
-0
-0
44.0419
-0
-0
-0
-0
-0
-0
-0
-0
