0.404035
-0
-0
-0
-0
-0
-0
22.7621
42.4865
0.308848
27.7034
-0
-0
-0
-0
4.61581
-0
-0
-0
-0
-0
-0
-0
-0
-0
-0
-0
-0
-0
-0
-0
-0
-0
-0
7.89659
-0
-0
-0
-0
-0
-0
-0
-0
-0
-0
0.523745
-0
-0
-0
9.41706
-0
-0
-0
-0
-0
-0
20.8036
0.870549
49.4907
10.0305
-0
-0
44.2913
-0
19.0064
-0
-0
-0
-0
1.19527
-0
-0
-0
-0
-0
3.33877
2.02731
-0
-0
-0
-0
80.466
-0
29.3916
-0
-0
-0
39.5466
-0
-0
14.9208
0.00302912
-0
-0
-0
-0
-0
-0
-0
-0
-0
-0
-0
33.6298
-0
-0
-0
-0
-0
-0
-0
-0
-0
-0
-0
-0
-0
-0
32.4716
52.3999
27.0014
-0
38.0035
-0
16.3242
-0
-0
-0
-0
-0
-0
11.5593
32.3062
-0
4.73152
-0
-0
-0
-0
-0
8.02843
-0
-0
-0
20.5603
-0
-0
-0
-0
-0
-0
-0
-0
-0
-0
-0
20.3759
-0
-0
0.896184
-0
-0
-0
19.3032
12.2688
-0
-0
-0
-0
86.1248
-0
10.6026
-0
-0
3.79961
-0
-0
-0
-0
-0
11.4833
-0
-0
-0
-0
28.673
-0
-0
26.549
-0
-0
42.4951
21.288
11.7073
-0
-0
-0
2.39253
-0
-0
-0
12.4606
-0
-0
-0
22.1649
-0
-0
-0
-0
-0
-0
38.7822
-0
-0
26.069
-0
-0
-0
-0
-0
-0
-0
-0
-0
-0
-0
-0
-0
-0
-0
-0
-0
-0
-0
-0
-0
-0
-0
-0
-0
-0
-0
-0
-0
-0
61.3648
-0
-0
-0
-0
-0
-0
-0
-0
-0
-0
-0
23.8624
-0
9.88292
-0
-0
-0
-0
-0
-0
-0
-0
-0
-0
14.5244
14.2665
30.3809
-0
-0
-0
-0
-0
-0
-0
-0
-0
-0
-0
-0
-0
-0
-0
-0
-0
-0
-0
-0
47.376
-0
35.1544
-0
-0
24.3656
-0
-0
6.87186
-0
13.8977
21.5893
-0
-0
49.999
-0
-0
-0
-0
-0
-0
1.23152
-0
-0
-0
-0
-0
-0
23.8554
-0
43.1532
-0
-0
-0
-0
-0
-0
-0
-0
-0
-0
-0
-0
8.44359
-0
34.8811
-0
-0
12.7916
21.3668
-0
-0
20.2411
-0
26.0708
-0
24.3267
-0
9.93507
-0
20.5843
-0
-0
-0
-0
-0
-0
-0
-0
31.8535
15.5361
1.5035
-0
-0
25.5891
-0
-0
-0
1.06564
19.8444
-0
-0
-0
-0
-0
-0
-0
-0
-0
-0
-0
46.2789
-0
-0
-0
-0
-0
18.9592
-0
-0
-0
-0
-0
-0
-0
-0
-0
-0
-0
-0
8.50663
-0
-0
-0
-0
7.45703
-0
-0
-0
-0
8.17929
23.6977
-0
-0
-0
-0
25.9651
-0
-0
-0
-0
-0
-0
12.713
16.2798
42.7525
-0
-0
27.6785
-0
34.8606
-0
-0
-0
-0
-0
-0
4.99284
16.9963
-0
-0
-0
-0
-0
-0
-0
28.093
-0
-0
-0
20.8507
22.9608
-0
9.70977
-0
-0
-0
-0
4.28045
-0
-0
-0
37.4691
-0
-0
-0
-0
-0
-0
-0
-0
4.70195
17.1816
-0
-0
-0
-0
-0
-0
17.009
-0
-0
-0
-0
-0
35.3869
-0
-0
-0
-0
-0
11.4246
11.1825
-0
-0
-0
-0
-0
-0
-0
-0
-0
20.7201
-0
-0
15.1626
-0
-0
-0
-0
-0
-0
-0
-0
-0
-0
-0
-0
-0
39.017
-0
-0
-0
36.2643
-0
-0
-0
-0
-0
-0
19.2837
-0
30.1336
26.4981
-0
-0
-0
-0
-0
-0
-0
-0
22.0698
-0
-0
5.17594
-0
-0
-0
-0
63.9448
58.3825
-0
-0
33.7505
6.47713
-0
-0
23.6554
-0
-0
-0
-0
-0
-0
30.3565
-0
3.26941
-0
1.06326
-0
6.21487
-0
-0
6.01438
-0
-0
-0
-0
-0
-0
14.2348
-0
-0
20.104
40.2046
-0
-0
6.30979
-0
-0
25.9421
-0
10.0904
-0
-0
6.27591
-0
-0
-0
-0
-0
-0
-0
-0
-0
-0
15.6572
-0
-0
-0
-0
55.162
-0
1.87698
-0
-0
-0
-0
12.3169
-0
-0
-0
-0
-0
-0
-0
-0
-0
-0
-0
-0
-0
-0
-0
-0
-0
-0
-0
-0
3.9066
-0
-0
-0
0.831524
-0
-0
-0
-0
-0
6.52278
-0
-0
-0
-0
-0
-0
-0
9.40578
9.33062
-0
41.3424
-0
-0
-0
-0
-0
-0
-0
-0
6.21663
3.65771
-0
-0
0.4945
12.3584
22.9309
-0
-0
-0
-0
15.8632
-0
-0
1.53062
-0
-0
-0
-0
-0
-0
-0
-0
-0
-0
-0
9.84589
-0
-0
-0
18.652
-0
-0
-0
-0
-0
-0
12.6083
-0
-0
-0
-0
-0
-0
-0
-0
-0
-0
-0
-0
21.7391
-0
-0
-0
-0
46.6103
4.42872
4.73704
-0
26.263
-0
-0
-0
1.26852
-0
-0
-0
6.45104
-0
-0
-0
14.4287
-0
-0
-0
-0
-0
-0
-0
-0
19.8057
-0
-0
-0
80.5375
-0
-0
-0
-0
-0
-0
7.70228
40.4807
-0
-0
-0
-0
-0
-0
-0
-0
-0
-0
-0
-0
43.9034
-0
-0
-0
-0
-0
-0
22.4587
31.3462
-0
42.1221
-0
-0
-0
-0
3.24182
-0
2.76599
-0
-0
-0
11.9925
-0
9.34082
-0
-0
-0
-0
-0
-0
-0
-0
-0
-0
-0
-0
13.9177
-0
-0
-0
45.6822
-0
-0
10.5858
-0
-0
-0
-0
13.4657
-0
21.9775
18.3927
-0
-0
30.6549
-0
-0
6.99062
25.502
-0
-0
-0
9.43761
-0
-0
-0
66.3058
22.6924
-0
-0
22.6597
-0
-0
40.5368
-0
-0
-0
31.6001
1.37929
-0
-0
-0
-0
-0
-0
27.9724
-0
-0
-0
-0
-0
-0
-0
-0
34.0139
-0
6.53447
-0
-0
-0
-0
0.7813
26.7618
-0
-0
-0
14.3143
28.3221
-0
-0
23.3981
-0
-0
-0
-0
-0
3.13645
-0
-0
-0
38.3123
-0
6.9951
-0
-0
2.13376
-0
29.8599
-0
-0
-0
15.5671
29.6818
-0
-0
-0
-0
-0
-0
-0
-0
-0
-0
-0
-0
14.5974
-0
-0
26.6002
-0
-0
-0
-0
-0
30.8028
-0
-0
-0
-0
-0
16.7745
-0
-0
-0
-0
-0
-0
21.0937
16.5806
-0
-0
-0
-0
-0
-0
21.6695
1.04434
-0
0.880382
-0
-0
-0
-0
-0
27.4222
-0
-0
-0
-0
-0
-0
-0
16.1779
-0
0.53187
-0
-0
-0
13.9534
-0
-0
-0
-0
-0
-0
-0
-0
-0
-0
-0
-0
-0
-0
-0
-0
-0
0.00874472
1.01786
-0
-0
20.0632
-0
17.2199
-0
-0
-0
-0
-0
10.9786
-0
16.9945
-0
-0
-0
19.4758
44.0707
8.99293
-0
-0
-0
-0
-0
-0
-0
-0
39.7406
-0
-0
-0
-0
-0
-0
-0
-0
-0
3.48051
-0
-0
-0
26.0318
19.2417
-0
-0
-0
-0
24.7186
0.407881
-0
11.3865
-0
-0
28.06
-0
6.61314
-0
-0
-0
21.5466
-0
-0
-0
-0
-0
21.3617
-0
-0
28.6248
-0
-0
-0
-0
-0
-0
-0
-0
14.4375
0.668881
-0
-0
6.8179
-0
-0
-0
-0
-0
-0
-0
-0
4.34439
-0
-0
12.703
-0
-0
-0
-0
-0
-0
-0
-0
12.3573
-0
-0
33.3111
-0
-0
-0
-0
-0
-0
-0
-0
30.9725
-0
36.5403
-0
-0
-0
-0
64.3806
-0
-0
-0
-0
-0
24.1092
-0
-0
-0
-0
-0
-0
-0
12.5811
9.30214
-0
-0
-0
-0
-0
13.3424
-0
-0
-0
-0
24.0174
27.9205
-0
-0
-0
25.2855
-0
-0
-0
-0
-0
-0
-0
-0
44.5853
8.01691
-0
6.87758
-0
0.424946
-0
8.20921
-0
15.5198
-0
-0
-0
2.51739
24.862
-0
-0
-0
-0
-0
-0
-0
-0
10.1718
-0
22.2843
17.6194
-0
-0
-0
-0
-0
-0
-0
-0
-0
-0
-0
-0
17.8268
-0
-0
-0
-0
-0
-0
-0
2.97742
-0
9.08025
-0
-0
-0
-0
21.4399
8.01086
-0
13.1146
-0
-0
7.16849
-0
32.8013
-0
-0
-0
-0
-0
-0
-0
-0
-0
-0
46.6753
-0
-0
-0
-0
27.2188
-0
-0
-0
-0
-0
-0
-0
-0
-0
-0
5.46947
-0
42.3644
-0
-0
-0
-0
21.1904
-0
-0
-0
25.5808
-0
-0
30.0306
-0
-0
-0
-0
-0
-0
-0
58.7697
-0
-0
-0
2.88385
-0
-0
-0
-0
25.5378
-0
-0
24.7871
19.6303
-0
-0
-0
-0
52.8973
-0
26.8375
-0
-0
-0
17.58
-0
11.3207
-0
-0
27.9805
-0
2.68296
-0
-0
-0
14.2749
-0
36.379
32.3764
-0
9.96198
16.0188
3.35335
-0
-0
-0
2.75867
-0
-0
-0
7.08538
-0
-0
20.0498
44.0746
20.3869
-0
-0
-0
9.33521
3.72075
-0
75.9879
9.5132
-0
-0
-0
-0
-0
-0
-0
8.36775
-0
31.9939
-0
-0
-0
-0
70.2836
-0
-0
-0
-0
12.7671
8.43425
-0
-0
-0
-0
-0
-0
-0
-0
20.811
-0
-0
-0
-0
-0
13.7102
-0
-0
-0
-0
-0
-0
11.6324
-0
-0
-0
-0
-0
-0
-0
-0
0.145335
-0
0.410341
-0
-0
-0
-0
-0
-0
-0
-0
35.1922
-0
0.257842
6.75093
47.3835
-0
-0
-0
-0
-0
-0
-0
-0
-0
-0
-0
-0
-0
-0
-0
6.1621
-0
20.3969
-0
-0
33.276
-0
-0
-0
-0
-0
-0
-0
-0
-0
-0
-0
18.1345
-0
-0
29.3379
-0
1.55171
-0
-0
-0
8.98993
0.520848
15.0541
30.2947
-0
-0
-0
-0
-0
-0
-0
-0
-0
27.1045
-0
-0
-0
-0
-0
-0
-0
-0
-0
12.5766
-0
-0
-0
-0
-0
-0
-0
-0
-0
-0
15.4023
-0
-0
-0
-0
-0
-0
-0
-0
-0
-0
-0
-0
-0
-0
92.2103
-0
16.2618
35.8339
40.5454
-0
-0
-0
25.1951
-0
-0
-0
-0
-0
-0
-0
19.9497
-0
-0
-0
1.20502
-0
-0
-0
-0
-0
-0
-0
8.49503
-0
-0
-0
-0
-0
-0
-0
-0
-0
-0
-0
56.4017
11.3327
-0
-0
37.5711
-0
-0
0.443409
-0
-0
-0
-0
14.6809
-0
-0
14.4188
4.56628
-0
-0
-0
-0
27.7132
-0
-0
-0
-0
-0
-0
-0
5.09536
9.12976
-0
-0
-0
-0
-0
-0
-0
-0
-0
-0
-0
-0
12.3939
14.4024
-0
-0
-0
-0
-0
-0
-0
16.8652
5.81181
-0
-0
-0
13.1908
-0
-0
-0
38.7078
-0
-0
-0
-0
61.303
-0
-0
-0
-0
-0
14.6747
-0
26.8134
-0
-0
-0
-0
36.2628
-0
-0
-0
-0
2.94796
-0
-0
-0
-0
17.341
-0
5.89395
-0
-0
-0
-0
-0
-0
-0
-0
-0
48.7467
16.545
3.38009
-0
-0
18.941
-0
-0
-0
-0
-0
-0
-0
25.1435
24.7309
-0
7.51026
-0
-0
50.2732
11.6404
-0
8.35769
-0
-0
-0
46.7091
-0
-0
-0
-0
-0
-0
-0
19.7569
10.8561
15.3112
-0
-0
2.30987
-0
-0
-0
-0
1.6951
-0
-0
17.8099
-0
-0
-0
-0
-0
-0
-0
18.1486
-0
-0
-0
-0
-0
59.0526
-0
-0
-0
-0
13.9563
-0
-0
-0
-0
-0
13.4668
-0
15.7787
-0
6.05016
6.98984
-0
-0
-0
-0
-0
-0
-0
6.79596
-0
40.4269
-0
-0
-0
-0
-0
-0
-0
-0
-0
-0
-0
-0
-0
-0
-0
-0
29.1445
-0
1.0145
-0
-0
11.0949
-0
2.46042
-0
7.89921
-0
-0
58.1455
-0
11.808
-0
-0
-0
-0
-0
-0
-0
32.9076
17.4545
34.5605
-0
-0
-0
-0
-0
-0
-0
4.7605
-0
-0
-0
-0
8.15441
-0
-0
-0
-0
3.51685
-0
-0
-0
-0
46.3591
-0
-0
-0
-0
-0
-0
21.7313
-0
-0
34.8981
-0
-0
-0
22.006
-0
-0
-0
-0
15.7415
-0
-0
-0
-0
-0
-0
-0
-0
-0
-0
-0
-0
-0
-0
-0
-0
-0
-0
7.88337
-0
-0
-0
-0
-0
-0
-0
-0
30.5062
-0
-0
-0
-0
-0
5.59152
-0
-0
-0
-0
39.6133
-0
10.7711
-0
-0
-0
-0
-0
-0
-0
-0
-0
-0
-0
-0
-0
-0
9.39383
-0
16.3512
-0
-0
-0
-0
-0
-0
-0
1.33879
-0
-0
2.00292
-0
59.4211
3.79769
28.1111
-0
-0
-0
4.05652
-0
-0
-0
-0
-0
-0
-0
75.3697
-0
-0
-0
-0
-0
-0
-0
-0
38.0725
0.45604
-0
-0
-0
-0
-0
-0
62.9619
-0
-0
11.0021
-0
5.64404
-0
-0
-0
-0
14.5652
-0
-0
-0
33.1437
-0
-0
-0
31.5598
23.418
-0
40.1791
55.8541
-0
-0
25.9484
-0
27.3364
-0
-0
-0
-0
-0
-0
-0
-0
-0
-0
-0
-0
-0
29.3033
-0
-0
-0
-0
-0
-0
-0
11.0219
-0
-0
-0
-0
-0
-0
-0
-0
-0
-0
54.2112
-0
7.32783
-0
1.29913
36.1509
-0
-0
3.64089
-0
-0
-0
-0
-0
-0
-0
8.44179
11.6931
-0
50.697
20.5494
-0
19.2376
46.8665
-0
-0
-0
-0
-0
-0
14.6505
-0
-0
-0
9.5119
24.3705
-0
-0
-0
-0
0.0841026
-0
44.3311
-0
-0
-0
7.79021
0.200433
-0
-0
-0
-0
18.8217
36.0732
-0
-0
74.8795
-0
-0
-0
-0
1.69558
-0
-0
27.4606
-0
22.1581
-0
97.4547
2.82002
-0
34.2944
-0
-0
0.0114926
7.10831
2.976
-0
-0
8.9752
-0
-0
45.1189
18.9777
-0
-0
-0
-0
-0
27.2748
-0
-0
-0
39.5503
-0
-0
18.3481
-0
-0
-0
-0
27.0771
-0
-0
1.4264
-0
3.81774
-0
-0
-0
-0
-0
-0
-0
-0
-0
-0
-0
-0
24.6671
-0
-0
-0
-0
20.6342
-0
-0
-0
-0
-0
-0
-0
-0
17.645
-0
17.7698
-0
20.1147
-0
-0
-0
-0
-0
-0
-0
10.8106
-0
-0
-0
-0
-0
27.3735
8.25981
5.35356
-0
-0
8.88966
24.4567
-0
-0
-0
28.9895
-0
1.31139
-0
-0
57.8978
28.4758
17.9737
-0
28.0321
-0
-0
-0
-0
17.4569
22.3178
-0
29.3642
46.5859
-0
-0
1.74602
3.86626
-0
-0
-0
-0
-0
-0
28.2122
-0
-0
-0
-0
-0
-0
-0
-0
-0
31.6386
13.1745
-0
-0
-0
-0
2.7123
7.53669
-0
65.1594
29.4962
-0
-0
-0
-0
-0
19.2847
-0
-0
29.909
-0
-0
-0
-0
-0
16.1318
-0
25.5104
-0
98.8347
39.5709
12.0653
16.1588
-0
-0
-0
-0
-0
0.0977379
-0
-0
-0
4.78595
-0
-0
-0
-0
-0
-0
21.6723
-0
-0
-0
-0
-0
-0
-0
6.48932
7.05533
-0
44.7104
-0
-0
-0
-0
-0
-0
32.4056
-0
-0
-0
-0
16.8816
-0
-0
-0
-0
-0
-0
-0
-0
43.1055
-0
35.8678
2.8841
45.1649
-0
13.776
-0
-0
-0
-0
43.6885
3.17967
-0
-0
-0
-0
-0
-0
6.88272
-0
-0
-0
-0
-0
-0
-0
-0
-0
-0
-0
-0
-0
-0
-0
-0
-0
-0
-0
-0
-0
-0
-0
2.19765
-0
-0
72.5052
-0
-0
16.1684
-0
-0
-0
5.72369
-0
-0
4.49494
-0
-0
7.54507
-0
-0
-0
-0
4.06308
-0
51.6281
-0
-0
-0
-0
15.8093
0.136921
-0
-0
-0
-0
-0
-0
-0
-0
-0
0.273683
39.6665
42.3549
-0
-0
-0
-0
-0
9.6419
-0
-0
-0
-0
-0
8.55276
-0
-0
-0
-0
-0
30.2245
-0
-0
-0
-0
-0
-0
31.5542
-0
-0
-0
-0
-0
4.77684
-0
-0
-0
-0
-0
23.9338
-0
36.947
2.58956
-0
16.6754
-0
-0
29.3025
-0
-0
-0
2.27333
-0
4.47522
-0
-0
15.4936
72.9433
18.6035
-0
5.93686
-0
6.18195
-0
49.0767
-0
-0
-0
-0
-0
1.53822
38.7317
-0
-0
-0
-0
-0
-0
-0
-0
-0
6.20969
-0
-0
-0
0.0389321
-0
-0
-0
11.5267
-0
-0
-0
-0
-0
27.6153
-0
17.7616
-0
-0
-0
24.2582
-0
-0
-0
-0
-0
-0
-0
34.2232
-0
-0
21.6896
20.2845
-0
-0
-0
-0
-0
-0
9.3677
36.9477
47.3152
-0
-0
-0
6.36672
-0
-0
-0
-0
-0
-0
-0
2.63834
-0
-0
-0
43.5737
88.2743
22.9365
-0
-0
-0
-0
-0
-0
1.84043
-0
-0
-0
-0
-0
-0
-0
-0
-0
3.73483
-0
-0
-0
-0
-0
-0
-0
-0
-0
-0
-0
3.59253
-0
35.9655
-0
-0
46.3548
-0
-0
-0
-0
-0
-0
-0
6.27414
-0
-0
-0
-0
11.2841
-0
-0
-0
-0
-0
-0
7.02687
-0
-0
-0
26.8813
-0
-0
-0
-0
-0
7.38459
43.2321
-0
31.3087
-0
41.5677
-0
-0
-0
-0
-0
-0
-0
-0
59.0532
13.301
-0
-0
4.99145
-0
36.6678
-0
-0
-0
3.51971
-0
-0
-0
-0
-0
-0
-0
2.05512
7.2274
-0
-0
-0
-0
-0
-0
-0
-0
-0
-0
-0
-0
-0
-0
-0
-0
25.056
-0
-0
-0
-0
-0
-0
-0
-0
-0
-0
-0
-0
-0
-0
-0
45.4256
-0
-0
-0
-0
43.2611
23.484
9.0077
-0
-0
-0
-0
-0
-0
-0
-0
0.898482
-0
13.3745
-0
-0
-0
-0
-0
41.3804
-0
-0
-0
4.23136
-0
4.24732
-0
-0
-0
-0
-0
-0
-0
-0
12.5744
-0
-0
-0
-0
-0
-0
-0
-0
-0
-0
-0
-0
-0
6.23668
-0
-0
-0
-0
-0
50.5075
-0
37.5678
44.6655
-0
-0
-0
51.0914
-0
-0
4.1429
-0
-0
-0
-0
15.0757
-0
49.3959
-0
-0
-0
8.12461
-0
-0
-0
-0
46.9794
-0
20.154
-0
-0
-0
-0
-0
-0
-0
-0
-0
-0
-0
-0
18.7478
-0
-0
5.29394
-0
-0
-0
7.36088
-0
-0
-0
-0
-0
-0
-0
-0
-0
-0
7.38246
-0
-0
-0
-0
-0
5.06111
65.1314
-0
-0
-0
-0
-0
-0
-0
-0
8.8641
-0
-0
-0
-0
1.68474
-0
-0
-0
-0
-0
-0
-0
-0
-0
-0
-0
23.2707
-0
-0
-0
18.6721
6.94643
-0
-0
-0
-0
5.27302
-0
-0
-0
-0
-0
4.44285
-0
-0
5.6276
-0
2.03126
-0
68.6488
-0
-0
-0
17.7661
-0
-0
-0
0.0107889
-0
-0
-0
-0
-0
-0
-0
11.0631
-0
-0
0.0027957
-0
-0
-0
38.0943
-0
13.561
9.52733
-0
-0
-0
-0
-0
-0
-0
9.91438
-0
-0
-0
-0
-0
-0
0.609064
-0
-0
68.8254
-0
-0
-0
-0
-0
-0
-0
-0
-0
-0
-0
-0
-0
-0
-0
18.2229
14.4838
-0
-0
-0
-0
-0
-0
10.3253
-0
-0
-0
28.4599
-0
-0
-0
-0
-0
-0
44.8851
-0
-0
-0
-0
-0
4.9553
-0
-0
-0
-0
-0
3.77391
30.2765
-0
-0
-0
-0
-0
-0
21.2074
-0
17.0795
-0
25.3301
28.0571
-0
-0
28.7251
86.2129
-0
37.5588
24.9328
3.42743
-0
65.3573
-0
-0
-0
-0
-0
-0
-0
-0
-0
-0
-0
-0
-0
-0
-0
-0
16.3352
12.1642
8.10276
-0
8.22902
-0
-0
-0
-0
-0
-0
-0
-0
-0
-0
-0
-0
-0
6.63252
17.1854
-0
13.6601
-0
-0
20.347
-0
-0
4.4182
-0
-0
-0
-0
-0
-0
52.0559
-0
-0
48.5932
-0
-0
62.6524
-0
20.1641
-0
-0
25.9724
-0
23.1552
-0
-0
-0
-0
47.2924
-0
-0
37.4137
-0
-0
-0
-0
-0
-0
-0
-0
-0
-0
-0
-0
-0
-0
17.8286
-0
-0
-0
-0
27.3544
-0
-0
-0
-0
-0
-0
-0
16.6008
-0
-0
54.5043
-0
-0
-0
-0
-0
29.7473
-0
-0
-0
-0
-0
-0
26.8929
47.8252
21.657
-0
-0
-0
-0
-0
-0
-0
-0
-0
-0
17.199
-0
-0
-0
-0
10.7742
-0
-0
21.8956
-0
-0
-0
-0
6.4259
-0
-0
-0
15.5565
-0
-0
-0
-0
-0
-0
-0
-0
-0
-0
-0
-0
-0
-0
-0
-0
-0
-0
-0
-0
-0
0.559128
-0
-0
-0
-0
-0
-0
-0
-0
-0
12.9565
11.9481
42.5859
-0
-0
-0
-0
-0
-0
-0
-0
-0
-0
16.0294
-0
-0
-0
18.5394
47.609
9.00635
-0
-0
3.24008
49.3637
6.11451
-0
-0
-0
-0
-0
-0
-0
-0
-0
-0
-0
-0
-0
-0
30.8597
-0
15.486
-0
6.31489
-0
-0
-0
-0
-0
0.352861
-0
-0
-0
-0
-0
21.7519
18.729
-0
-0
-0
-0
5.62498
-0
4.73416
-0
-0
29.2059
-0
-0
-0
-0
2.45521
-0
2.67915
15.2831
-0
2.6076
-0
-0
-0
-0
-0
-0
-0
-0
-0
-0
3.17543
-0
21.5289
-0
-0
-0
-0
-0
-0
28.3121
-0
-0
0.172107
-0
-0
-0
-0
-0
-0
-0
-0
-0
-0
3.55553
-0
-0
-0
-0
-0
-0
-0
6.78697
-0
-0
-0
21.0255
-0
-0
-0
40.0223
7.3393
-0
-0
-0
20.7416
-0
-0
-0
-0
-0
-0
2.20163
-0
-0
-0
-0
-0
-0
-0
40.4141
-0
-0
-0
-0
8.86045
-0
-0
29.4067
-0
51.0481
16.1261
16.9503
28.3368
13.8425
0.58544
-0
-0
-0
-0
0.10734
-0
-0
-0
-0
-0
-0
-0
-0
-0
36.1583
-0
-0
-0
-0
54.3466
-0
-0
-0
2.14823
-0
-0
31.4374
-0
-0
-0
-0
13.8497
-0
-0
-0
-0
8.13144
-0
70.5739
11.4323
-0
-0
5.66669
-0
-0
-0
-0
25.4204
-0
-0
-0
-0
-0
-0
0.202091
-0
-0
0.23668
-0
-0
-0
-0
-0
-0
34.6458
-0
-0
-0
-0
-0
-0
-0
-0
-0
1.21442
-0
-0
29.1622
6.7263
33.9134
-0
10.2081
-0
-0
-0
-0
-0
-0
-0
-0
7.41202
-0
-0
0.677813
-0
17.6557
-0
-0
-0
-0
-0
-0
-0
-0
-0
-0
-0
-0
3.28238
-0
-0
-0
-0
-0
27.9124
-0
-0
-0
-0
-0
-0
-0
11.3253
1.26172
-0
-0
-0
-0
-0
-0
-0
-0
-0
-0
-0
8.97944
5.44113
-0
-0
-0
-0
-0
51.8241
-0
-0
4.11315
16.5337
-0
-0
-0
25.6679
-0
42.8339
-0
-0
-0
-0
18.7458
-0
-0
-0
-0
-0
20.3486
-0
20.6742
-0
-0
-0
-0
-0
-0
-0
-0
-0
-0
-0
-0
-0
-0
-0
-0
-0
-0
-0
7.61134
-0
-0
-0
-0
4.41057
52.2867
-0
47.1432
5.97026
-0
-0
-0
-0
37.2322
-0
-0
-0
-0
0.475605
61.441
-0
-0
-0
24.1283
-0
19.0694
-0
13.259
-0
32.6927
-0
-0
-0
-0
-0
-0
5.50544
-0
-0
-0
-0
-0
-0
60.5813
7.1365
1.09248
-0
-0
-0
-0
-0
24.771
-0
-0
0.0669444
24.8379
-0
-0
-0
7.25946
-0
45.8257
3.18422
30.9844
-0
-0
-0
-0
-0
11.2754
-0
-0
-0
-0
-0
11.0222
-0
-0
-0
7.74957
-0
-0
-0
26.5287
-0
-0
37.0459
-0
-0
-0
-0
-0
3.23962
5.2678
-0
-0
-0
-0
-0
-0
-0
-0
41.4713
-0
-0
-0
-0
-0
-0
6.87494
-0
-0
-0
-0
-0
-0
-0
-0
-0
-0
-0
-0
-0
61.1454
-0
43.9922
11.9033
-0
0.315396
-0
-0
-0
-0
-0
-0
-0
-0
-0
-0
-0
-0
-0
4.55869
29.1047
-0
-0
-0
-0
-0
-0
-0
-0
-0
-0
-0
16.9907
-0
-0
20.7832
-0
6.45947
-0
12.0469
-0
-0
-0
-0
-0
15.0393
-0
21.7599
-0
-0
-0
-0
1.876
-0
25.3586
-0
16.4493
-0
-0
16.4751
-0
10.9345
-0
-0
-0
-0
2.26535
-0
-0
-0
3.1583
-0
-0
-0
9.10331
2.73637
-0
84.7694
-0
16.0042
7.88762
-0
-0
-0
24.3607
-0
-0
-0
-0
-0
20.5844
-0
-0
-0
-0
-0
-0
-0
-0
-0
-0
-0
-0
-0
-0
20.1522
6.05031
-0
-0
-0
-0
-0
-0
-0
-0
-0
-0
-0
-0
31.0772
-0
-0
-0
-0
-0
-0
20.4953
-0
-0
-0
-0
-0
-0
2.3987
-0
-0
41.0784
3.34628
-0
-0
-0
24.9759
-0
13.3816
-0
-0
-0
-0
49.0401
-0
-0
19.3723
5.19361
-0
-0
18.0107
-0
-0
-0
-0
-0
-0
14.4547
29.9843
-0
5.60428
-0
-0
-0
-0
-0
-0
-0
41.3377
-0
-0
-0
-0
-0
-0
-0
-0
-0
11.9798
-0
27.1721
-0
15.8507
-0
-0
4.75673
10.808
-0
-0
-0
-0
-0
15.3466
13.1074
26.6501
-0
-0
-0
-0
4.02731
-0
-0
-0
-0
-0
-0
-0
-0
20.0446
-0
-0
32.5621
3.44499
-0
-0
-0
-0
-0
-0
6.98354
-0
2.64286
30.4158
-0
6.88225
-0
-0
-0
20.4066
-0
0.86543
1.05741
12.6628
-0
-0
-0
-0
-0
-0
-0
-0
-0
29.07
-0
13.6368
-0
15.7616
-0
-0
-0
-0
24.3544
-0
-0
-0
-0
-0
1.52363
-0
10.4257
-0
64.7538
25.5442
-0
-0
-0
11.5506
-0
-0
-0
-0
1.19642
-0
-0
43.0287
-0
-0
-0
-0
-0
26.8952
57.8792
16.1903
43.9433
-0
-0
-0
-0
-0
-0
-0
-0
-0
-0
-0
31.1359
-0
7.07057
-0
12.5895
10.6137
-0
-0
-0
-0
-0
-0
-0
-0
-0
-0
-0
8.68432
7.61806
-0
-0
-0
-0
-0
-0
-0
-0
16.6804
-0
-0
-0
-0
59.9059
9.59739
2.60938
-0
-0
-0
-0
16.2224
-0
-0
-0
-0
-0
-0
-0
-0
-0
19.5787
25.5242
-0
-0
-0
-0
-0
15.7542
-0
24.1896
-0
-0
-0
10.3773
-0
-0
-0
-0
10.2882
-0
-0
69.8952
-0
13.6851
-0
29.5976
-0
13.5819
4.48795
-0
-0
-0
39.961
-0
-0
14.8049
-0
-0
13.6326
-0
-0
15.4804
-0
-0
-0
-0
-0
8.92028
2.99718
-0
20.3326
-0
-0
-0
-0
-0
-0
-0
-0
-0
45.518
-0
-0
-0
-0
-0
-0
-0
-0
-0
-0
-0
-0
-0
44.9416
36.2653
40.8495
9.70059
-0
-0
-0
-0
-0
-0
-0
-0
-0
-0
-0
-0
-0
33.2755
-0
-0
-0
-0
-0
-0
19.1444
-0
-0
-0
-0
-0
-0
-0
-0
-0
57.4363
-0
-0
-0
-0
-0
-0
-0
49.9488
-0
-0
-0
-0
59.9731
-0
6.14315
-0
14.0633
-0
-0
20.295
44.9824
-0
-0
47.7909
8.27068
-0
-0
-0
5.68062
-0
8.15134
70.6058
-0
-0
4.1339
46.2997
-0
17.2847
-0
-0
-0
-0
-0
-0
-0
-0
2.99338
-0
17.0837
-0
-0
-0
-0
-0
37.1265
15.059
-0
-0
-0
25.3934
-0
-0
-0
-0
-0
-0
7.42807
-0
-0
-0
-0
-0
-0
6.3172
-0
-0
12.2845
-0
-0
62.0752
-0
-0
-0
-0
-0
-0
-0
-0
-0
-0
7.46057
-0
5.19273
-0
-0
-0
54.914
-0
-0
-0
-0
-0
-0
-0
-0
