-0
-0
-0
-0
-0
-0
-0
2.32545
40.1025
-0
35.305
-0
6.33154
-0
-0
-0
-0
-0
-0
-0
-0
-0
-0
-0
-0
-0
-0
-0
-0
-0
-0
-0
-0
-0
6.90072
-0
-0
-0
-0
-0
-0
-0
-0
-0
-0
4.14221
-0
10.0962
-0
14.616
-0
-0
-0
-0
-0
-0
9.67931
0.881303
42.7299
-0
-0
-0
49.8593
-0
28.45
-0
-0
-0
-0
1.17924
-0
-0
-0
-0
-0
4.39674
11.013
-0
-0
-0
-0
69.1849
-0
31.735
-0
-0
-0
53.4098
-0
-0
3.87438
-0
-0
-0
-0
-0
0.952785
-0
10.89
-0
-0
-0
-0
13.4776
-0
-0
-0
-0
-0
-0
-0
-0
0.00697392
-0
0.212733
-0
3.68797
-0
19.7437
59.8711
0.741486
-0
49.9222
8.78759
15.9467
-0
-0
-0
-0
-0
-0
9.07898
35.3531
-0
2.70542
-0
-0
-0
-0
-0
9.48364
-0
-0
-0
16.3144
-0
-0
-0
-0
-0
-0
-0
-0
-0
-0
-0
0.779244
-0
-0
0.836429
-0
-0
-0
19.972
0.834032
-0
-0
-0
-0
71.8997
1.89293
6.46866
-0
-0
-0
-0
-0
-0
-0
-0
17.7924
-0
-0
-0
-0
22.609
-0
-0
16.8532
-0
-0
57.3094
26.1117
6.08264
-0
-0
-0
-0
-0
-0
-0
13.7068
-0
-0
-0
14.6893
-0
-0
-0
-0
-0
-0
7.86745
-0
-0
12.4125
-0
-0
-0
-0
-0
-0
-0
5.46192
-0
5.38914
-0
-0
-0
-0
-0
1.69453
-0
-0
-0
-0
-0
-0
-0
-0
-0
-0
-0
-0
-0
-0
43.7177
-0
-0
-0
-0
-0
-0
-0
-0
-0
-0
2.53604
24.4435
-0
-0
-0
-0
6.40608
-0
-0
-0
-0
-0
-0
-0
13.745
21.0962
21.2785
-0
-0
-0
-0
-0
-0
-0
0.941
-0
-0
-0
-0
-0
5.01459
-0
-0
-0
-0
-0
-0
36.7248
-0
11.967
-0
-0
28.9565
-0
-0
5.08477
-0
12.1154
14.0563
-0
-0
36.6074
-0
-0
-0
-0
-0
2.33557
1.55834
-0
-0
-0
-0
-0
-0
34.4972
8.86294
36.0666
-0
-0
-0
-0
4.74566
-0
-0
-0
-0
-0
-0
-0
5.81761
-0
28.6315
-0
-0
9.40843
11.213
-0
-0
11.8081
-0
14.2188
-0
18.4066
-0
-0
-0
29.0259
-0
-0
-0
-0
-0
-0
-0
-0
19.0957
15.9025
0.903808
-0
-0
40.4845
-0
-0
-0
0.931093
15.5416
-0
-0
-0
-0
-0
-0
-0
-0
-0
-0
-0
41.8378
-0
-0
-0
-0
-0
31.7142
-0
-0
-0
-0
-0
-0
-0
-0
5.51367
-0
-0
-0
10.1202
-0
-0
-0
-0
6.53589
-0
-0
-0
-0
10.6799
19.2752
-0
-0
-0
-0
28.322
-0
-0
-0
-0
-0
2.82434
13.0893
28.3836
53.5229
-0
-0
20.1537
-0
29.2944
-0
-0
-0
-0
-0
-0
19.2658
6.00131
-0
-0
-0
-0
-0
-0
-0
10.4084
10.1705
-0
5.90848
30.082
15.2487
-0
4.44816
-0
-0
-0
-0
10.9045
-0
-0
-0
30.273
-0
3.75444
-0
-0
-0
-0
-0
-0
-0
24.4499
-0
-0
-0
-0
-0
-0
13.6336
-0
-0
-0
-0
-0
40.195
20.6957
-0
-0
-0
-0
8.84534
26.2932
-0
-0
-0
-0
-0
-0
-0
-0
-0
21.0976
-0
-0
27.1249
-0
-0
-0
-0
-0
-0
-0
-0
-0
-0
-0
-0
4.19115
20.1401
-0
-0
-0
17.9267
-0
-0
-0
-0
-0
-0
21.6967
-0
16.7975
30.183
-0
-0
-0
-0
-0
-0
-0
-0
19.7822
-0
-0
8.10365
-0
-0
-0
-0
58.2899
60.6792
-0
-0
28.5381
3.14883
-0
-0
38.2881
-0
-0
-0
-0
-0
-0
35.083
-0
-0
-0
1.22104
-0
-0
-0
-0
1.41581
-0
-0
-0
-0
-0
-0
-0
-0
-0
17.7348
37.8093
-0
-0
1.59858
8.04502
-0
7.69583
-0
10.3216
-0
-0
12.2957
-0
-0
-0
-0
-0
-0
-0
-0
-0
-0
16.3041
-0
-0
-0
-0
39.2168
-0
6.84602
-0
-0
-0
-0
11.0593
-0
-0
-0
-0
-0
-0
-0
-0
-0
-0
-0
-0
-0
-0
1.53451
-0
-0
-0
-0
-0
-0
-0
-0
-0
-0
-0
-0
-0
-0
0.0845144
25.5809
-0
-0
-0
-0
-0
-0
-0
5.17462
11.5489
-0
44.3661
-0
-0
-0
-0
14.7118
-0
-0
-0
16.6112
15.6706
-0
-0
0.228257
4.67072
27.3156
-0
-0
-0
-0
16.8826
-0
-0
-0
-0
-0
-0
-0
-0
-0
-0
-0
-0
-0
3.94263
14.2195
-0
-0
-0
23.6241
-0
-0
-0
-0
-0
-0
7.54975
-0
-0
-0
-0
-0
-0
3.73447
-0
-0
7.64344
-0
-0
37.2029
-0
-0
-0
-0
50.0457
24.8513
1.14027
-0
29.5978
-0
-0
-0
1.03614
-0
-0
-0
-0
-0
-0
-0
19.0542
-0
-0
-0
-0
-0
-0
-0
-0
19.9043
1.70312
-0
-0
92.6741
-0
-0
-0
-0
-0
-0
1.82864
37.057
-0
-0
-0
-0
-0
-0
-0
-0
-0
-0
-0
-0
46.3963
-0
-0
-0
-0
-0
-0
21.95
35.4361
-0
45.1615
-0
-0
-0
-0
2.36012
-0
11.995
-0
10.4385
-0
-0
-0
7.31515
-0
-0
-0
-0
-0
-0
-0
-0
-0
-0
-0
-0
-0
-0
-0
-0
45.2456
-0
-0
14.2972
-0
-0
-0
-0
11.5398
-0
23.1668
15.3934
-0
-0
36.4351
-0
-0
8.44627
17.6188
-0
-0
-0
-0
-0
-0
-0
58.1142
13.1231
-0
5.3863
21.0048
-0
-0
44.1547
-0
-0
-0
21.4975
-0
-0
-0
-0
-0
-0
-0
19.5005
-0
-0
-0
-0
-0
-0
-0
-0
34.5122
-0
21.8404
-0
-0
-0
-0
2.11483
17.6072
-0
-0
-0
7.87631
23.2632
-0
6.40858
31.0593
-0
-0
-0
-0
-0
-0
-0
-0
-0
34.268
-0
5.96027
-0
-0
-0
-0
3.73422
-0
-0
-0
21.0215
13.0892
-0
-0
-0
-0
-0
4.92412
-0
14.4515
2.94155
-0
-0
-0
14.8276
-0
-0
8.76905
-0
-0
-0
-0
-0
21.7935
-0
-0
-0
-0
-0
14.617
-0
-0
-0
-0
4.54851
-0
7.2558
19.5164
-0
-0
-0
-0
5.41116
-0
28.6354
-0
-0
0.730001
-0
-0
-0
-0
-0
44.8938
-0
-0
-0
-0
-0
-0
-0
20.1342
-0
1.8914
-0
-0
-0
7.8025
-0
8.92637
-0
-0
-0
-0
-0
-0
-0
-0
-0
-0
-0
-0
-0
-0
-0
-0
9.01842
-0
-0
2.55059
-0
11.1477
-0
-0
-0
-0
-0
32.3089
-0
6.49858
-0
-0
-0
23.3724
26.6211
2.61483
-0
-0
-0
-0
-0
-0
-0
-0
46.8616
16.8748
-0
-0
-0
-0
-0
-0
-0
-0
-0
-0
-0
-0
3.78967
30.2088
-0
-0
-0
-0
13.5283
-0
-0
-0
-0
-0
29.4725
-0
2.6991
-0
-0
-0
0.293261
-0
-0
-0
-0
-0
18.0251
-0
-0
9.15632
-0
-0
-0
-0
-0
-0
-0
-0
-0
9.91864
-0
-0
6.18169
-0
-0
-0
-0
-0
-0
-0
-0
-0
-0
-0
15.6953
-0
-0
-0
-0
-0
-0
-0
-0
4.21481
-0
-0
16.3862
-0
-0
-0
-0
-0
-0
-0
-0
31.2157
-0
35.0463
-0
-0
-0
-0
60.7317
-0
-0
-0
-0
-0
21.1164
-0
-0
-0
-0
-0
-0
-0
10.014
8.94299
-0
-0
-0
-0
-0
-0
-0
1.48956
-0
-0
23.2333
38.6737
-0
-0
-0
28.9373
-0
-0
-0
-0
-0
-0
-0
-0
43.9656
-0
-0
22.7226
-0
0.0588951
-0
3.57828
-0
4.38234
-0
-0
-0
7.82183
12.0607
-0
-0
-0
-0
-0
-0
-0
-0
17.3796
-0
21.5353
20.3897
-0
-0
-0
-0
-0
-0
-0
-0
-0
-0
-0
-0
12.7213
-0
-0
-0
-0
-0
-0
-0
-0
-0
15.6775
-0
-0
-0
-0
21.4772
0.662779
-0
16.1423
-0
-0
-0
-0
35.5748
-0
-0
-0
-0
2.26446
-0
-0
-0
-0
-0
32.7173
-0
-0
-0
-0
25.1024
-0
-0
-0
-0
-0
-0
-0
-0
-0
-0
12.9315
-0
33.9444
-0
-0
-0
-0
17.5399
0.836968
-0
-0
16.6292
-0
-0
29.1374
-0
-0
-0
-0
-0
-0
-0
61.238
2.07761
-0
-0
-0
-0
1.64286
-0
-0
23.8266
-0
-0
28.6244
21.4499
-0
-0
-0
-0
46.0329
-0
19.9685
-0
-0
-0
17.2255
-0
20.3552
-0
-0
32.3979
-0
11.2776
-0
-0
-0
4.36911
-0
19.4234
12.4774
-0
9.92528
23.0232
7.42487
-0
-0
-0
6.25715
-0
-0
-0
1.46054
-0
-0
7.44838
34.2775
22.224
-0
-0
-0
15.3379
7.2016
-0
61.1092
16.388
-0
-0
-0
-0
-0
-0
-0
-0
-0
30.0671
-0
-0
-0
-0
69.4167
-0
-0
0.4455
-0
4.06515
10.4636
-0
-0
-0
-0
-0
-0
-0
-0
4.90629
-0
-0
-0
-0
-0
21.1157
-0
-0
-0
-0
-0
-0
-0
-0
-0
-0
-0
-0
-0
-0
-0
-0
-0
-0
-0
-0
-0
-0
-0
-0
-0
-0
25.9118
-0
-0
12.8858
33.0498
-0
-0
-0
-0
-0
-0
-0
-0
-0
-0
-0
-0
5.49791
-0
-0
1.44222
-0
41.3293
2.31463
-0
32.3551
-0
-0
-0
-0
-0
-0
-0
-0
-0
-0
-0
16.0424
4.28864
-0
23.3658
-0
1.27229
-0
-0
-0
6.21189
0.434321
3.22705
12.6688
-0
-0
-0
-0
-0
-0
-0
-0
-0
22.4579
-0
-0
-0
-0
-0
-0
-0
-0
-0
17.4217
-0
-0
-0
-0
0.0702033
-0
-0
-0
-0
-0
6.42222
-0
-0
-0
-0
-0
-0
-0
-0
-0
-0
-0
-0
-0
-0
99.0737
-0
-0
28.183
47.4685
-0
-0
-0
12.0274
-0
-0
-0
-0
-0
-0
-0
10.1227
-0
-0
-0
1.82075
-0
-0
-0
-0
-0
-0
-0
8.42073
-0
-0
-0
-0
-0
-0
-0
-0
-0
-0
-0
44.1812
2.56296
-0
-0
31.9863
-0
-0
0.19584
-0
-0
-0
-0
26.0557
-0
-0
11.4429
4.10698
-0
-0
-0
0.257031
24.3636
-0
12.3809
-0
-0
-0
-0
-0
0.563299
20.4213
-0
5.31509
-0
-0
-0
-0
-0
-0
-0
-0
-0
-0
3.96352
24.4204
-0
-0
-0
-0
-0
-0
-0
15.6826
11.6962
-0
-0
-0
18.3573
-0
-0
-0
32.7195
-0
-0
-0
-0
40.3124
-0
-0
-0
-0
-0
7.44888
-0
14.6084
-0
-0
-0
-0
43.708
-0
-0
-0
-0
14.9554
-0
-0
0.351369
-0
26.7229
-0
5.76702
17.6781
1.46378
-0
-0
-0
-0
-0
1.16634
-0
43.2868
17.415
9.70652
-0
-0
15.1505
-0
-0
-0
-0
15.7647
-0
-0
34.3737
20.6568
-0
28.9151
-0
-0
52.5517
24.5958
-0
10.7572
-0
-0
-0
38.1876
-0
-0
-0
-0
-0
-0
-0
10.3265
10.2524
14.3796
2.18356
-0
2.51387
-0
-0
-0
-0
-0
-0
-0
24.4981
-0
-0
-0
-0
-0
-0
-0
22.384
-0
-0
-0
-0
-0
39.8696
-0
-0
-0
-0
24.0847
-0
-0
-0
-0
-0
17.4935
-0
15.5433
-0
5.90946
6.53215
-0
-0
-0
-0
-0
-0
-0
-0
-0
46.48
-0
-0
-0
-0
-0
-0
-0
-0
-0
-0
-0
-0
-0
-0
-0
-0
21.5387
-0
31.224
-0
-0
9.01816
2.1959
5.68355
-0
10.2702
-0
-0
61.3277
-0
5.35235
-0
-0
-0
-0
-0
-0
-0
10.8892
16.5098
12.6533
-0
-0
-0
-0
-0
-0
-0
10.9471
-0
-0
-0
-0
6.52192
-0
-0
-0
-0
8.5125
-0
-0
-0
-0
45.9651
-0
-0
-0
-0
-0
0.645919
21.4981
-0
-0
14.7149
-0
6.75083
-0
21.1615
-0
-0
-0
-0
17.7389
-0
-0
-0
-0
-0
-0
-0
-0
-0
-0
-0
-0
-0
-0
-0
-0
-0
-0
5.01129
-0
-0
-0
-0
-0
-0
-0
-0
19.4777
-0
-0
-0
-0
-0
-0
-0
-0
-0
-0
36.9459
-0
3.08184
-0
-0
-0
-0
-0
-0
-0
-0
-0
-0
-0
-0
-0
-0
7.77606
-0
8.26422
-0
-0
-0
-0
-0
-0
-0
1.41012
-0
-0
6.06753
-0
50.7535
7.40522
24.0428
-0
-0
-0
13.1924
-0
-0
-0
-0
-0
-0
-0
80.3419
-0
-0
-0
-0
-0
-0
-0
-0
33.9804
-0
-0
-0
-0
2.84545
-0
-0
36.2428
-0
-0
14.7198
0.535491
9.79595
-0
-0
-0
-0
8.84299
-0
-0
-0
20.106
-0
-0
-0
26.4505
20.5109
-0
39.796
60.5327
7.88079
-0
23.18
-0
-0
-0
-0
-0
-0
-0
-0
-0
-0
-0
-0
-0
-0
-0
17.4886
-0
-0
-0
-0
-0
-0
-0
9.57948
-0
-0
-0
-0
-0
-0
-0
-0
-0
-0
46.3388
-0
-0
-0
1.01258
33.9544
-0
-0
-0
-0
-0
-0
-0
-0
8.62428
-0
3.14221
12.4319
-0
50.7281
21.5218
12.8198
15.6586
51.6531
-0
-0
-0
-0
-0
-0
16.0116
-0
-0
-0
19.5424
11.8106
-0
-0
-0
-0
0.945917
-0
32.3563
-0
-0
-0
5.34679
0.202236
-0
-0
-0
-0
28.283
32.5823
-0
-0
53.153
-0
-0
-0
-0
1.37539
-0
-0
31.4481
-0
32.3552
-0
89.2664
-0
-0
32.523
-0
-0
0.399609
2.65443
16.2511
-0
-0
7.77043
-0
-0
31.1402
32.7044
-0
-0
-0
-0
-0
7.84125
-0
-0
-0
53.7372
-0
-0
21.2145
-0
-0
-0
-0
37.2526
11.2249
-0
1.43222
-0
-0
-0
-0
-0
1.55174
-0
-0
-0
-0
-0
-0
-0
-0
35.1883
-0
-0
-0
-0
9.03327
-0
1.19993
-0
-0
-0
-0
-0
-0
21.1739
-0
17.2894
-0
10.0752
-0
-0
-0
-0
-0
-0
-0
2.76699
-0
-0
-0
-0
-0
32.9631
-0
16.0965
-0
-0
12.7067
39.9727
-0
-0
5.26348
27.1471
-0
7.77667
-0
-0
46.7569
13.7818
10.8737
-0
30.509
0.347093
-0
-0
-0
12.9504
14.8944
-0
24.1876
40.0031
-0
-0
9.19557
-0
-0
-0
-0
-0
-0
-0
35.5395
-0
-0
-0
-0
-0
-0
-0
3.42634
-0
30.0157
10.2637
-0
-0
-0
-0
3.05693
11.9282
-0
58.2629
2.62296
-0
-0
-0
-0
-0
9.31472
-0
-0
20.6126
-0
-0
-0
-0
-0
19.6736
-0
6.79383
-0
79.0249
38.9226
1.11559
10.1935
-0
-0
-0
-0
-0
0.529281
-0
-0
-0
2.2435
1.12165
-0
-0
-0
-0
-0
6.33451
-0
-0
-0
-0
-0
-0
-0
25.8798
0.0860864
-0
53.2586
-0
-0
-0
-0
-0
-0
22.8506
-0
-0
-0
-0
23.162
-0
-0
-0
-0
-0
-0
-0
-0
36.0323
-0
37.0516
-0
31.3971
-0
5.38466
-0
-0
0.764108
-0
33.8216
10.5377
-0
-0
-0
-0
-0
-0
10.8375
-0
-0
-0
-0
-0
-0
-0
-0
-0
-0
-0
10.6964
-0
-0
-0
-0
-0
3.69814
-0
-0
-0
-0
-0
1.93725
-0
-0
88.6647
-0
-0
10.6397
-0
-0
-0
4.84179
-0
-0
7.88122
-0
-0
-0
-0
-0
-0
-0
2.95784
-0
40.2988
-0
-0
-0
2.10861
24.5683
-0
-0
-0
-0
-0
-0
-0
-0
-0
-0
-0
43.2494
33.7423
-0
-0
-0
-0
4.887
6.11771
-0
-0
-0
-0
-0
2.93125
-0
-0
-0
-0
-0
32.1882
-0
-0
-0
-0
-0
-0
27.5404
4.15068
-0
-0
-0
-0
4.42902
-0
-0
-0
-0
-0
27.4715
-0
39.8299
7.10106
-0
1.79256
-0
-0
14.4397
-0
-0
-0
2.31471
-0
-0
-0
-0
20.8163
69.4676
13.9695
-0
6.65612
-0
-0
-0
44.133
-0
-0
-0
-0
-0
11.2511
27.4606
-0
-0
-0
-0
-0
-0
-0
-0
-0
5.09395
-0
-0
-0
1.90205
-0
-0
-0
19.4907
-0
-0
-0
-0
-0
28.4982
-0
20.9358
-0
-0
-0
12.4807
-0
1.14957
-0
-0
-0
-0
-0
35.632
-0
-0
13.0844
15.5103
-0
-0
-0
-0
-0
-0
-0
21.6174
35.8275
-0
-0
-0
18.683
-0
-0
-0
-0
-0
-0
-0
2.11556
-0
-0
-0
40.9783
75.0037
20.0253
-0
-0
-0
-0
-0
-0
1.83813
-0
-0
-0
-0
-0
-0
-0
-0
-0
3.20007
-0
-0
-0
-0
-0
-0
3.20315
-0
-0
-0
-0
23.0454
-0
32.1406
-0
-0
40.125
-0
-0
-0
-0
-0
3.27709
-0
-0
-0
-0
-0
-0
7.31646
-0
-0
-0
-0
-0
-0
6.5234
-0
-0
-0
18.803
-0
-0
-0
-0
-0
6.69777
46.1917
6.69074
35.7303
-0
49.3329
-0
-0
-0
-0
0.216625
-0
-0
-0
48.9132
10.2365
-0
-0
-0
-0
32.2051
-0
-0
-0
-0
-0
-0
-0
-0
-0
-0
-0
-0
14.7915
-0
-0
-0
-0
-0
-0
-0
-0
8.43263
-0
-0
-0
-0
11.6905
-0
-0
10.4492
-0
-0
-0
-0
-0
0.948287
-0
-0
-0
-0
-0
-0
-0
-0
-0
42.3066
-0
-0
-0
-0
33.0284
16.3778
10.0127
-0
-0
-0
-0
-0
-0
-0
-0
1.01154
-0
17.3657
-0
-0
-0
-0
-0
33.2514
-0
-0
-0
4.79412
-0
3.39779
-0
-0
-0
-0
-0
-0
-0
-0
21.0465
-0
-0
-0
-0
-0
-0
-0
-0
-0
-0
-0
-0
-0
5.96784
-0
-0
-0
-0
-0
35.182
-0
32.0419
33.9473
-0
-0
-0
44.8786
-0
-0
8.64409
-0
-0
-0
-0
21.1054
-0
41.075
-0
-0
-0
-0
-0
-0
-0
-0
49.1452
-0
11.8178
-0
-0
-0
-0
-0
-0
-0
-0
-0
-0
-0
-0
15.8599
-0
-0
-0
-0
0.760172
-0
19.7027
-0
-0
-0
-0
-0
-0
-0
-0
-0
-0
-0
7.20987
-0
-0
-0
-0
-0
42.6732
-0
-0
-0
-0
-0
-0
-0
-0
6.04421
-0
-0
-0
-0
4.12445
-0
-0
-0
-0
-0
-0
-0
-0
-0
-0
-0
8.41658
-0
-0
-0
23.9122
2.06542
-0
-0
-0
-0
10.3577
-0
-0
-0
-0
-0
10.8579
-0
-0
-0
-0
-0
-0
63.9802
-0
-0
-0
14.4056
-0
16.1382
-0
8.36782
-0
-0
-0
-0
-0
-0
-0
8.33224
-0
-0
-0
-0
-0
-0
35.3204
-0
11.4562
5.27565
-0
-0
-0
-0
-0
-0
-0
14.7072
-0
-0
-0
-0
-0
-0
-0
-0
-0
68.0151
-0
-0
-0
-0
-0
-0
-0
-0
-0
-0
-0
-0
-0
-0
-0
24.26
-0
-0
-0
12.39
5.23523
-0
19.2283
-0
-0
-0
-0
32.1974
-0
-0
-0
-0
-0
-0
34.7063
-0
-0
-0
-0
-0
-0
-0
-0
-0
-0
-0
11.6931
32.4604
-0
-0
-0
-0
-0
-0
26.4041
-0
21.1176
-0
20.7153
12.4411
-0
-0
32.4343
84.0805
-0
28.8488
23.5508
3.37946
-0
61.6327
-0
-0
-0
0.0198469
-0
-0
-0
-0
-0
-0
-0
-0
-0
-0
-0
-0
18.1117
8.46368
6.60578
-0
1.3995
-0
-0
-0
-0
-0
-0
-0
-0
-0
-0
-0
-0
-0
4.83513
12.2281
-0
13.0541
-0
-0
25.9417
-0
-0
6.05299
-0
-0
-0
-0
-0
-0
38.2359
-0
-0
52.3959
-0
-0
46.7765
-0
26.6631
5.48487
-0
34.3385
-0
17.426
-0
-0
-0
-0
50.8522
-0
-0
33.8808
-0
-0
-0
-0
-0
-0
-0
3.42669
-0
-0
-0
-0
-0
-0
6.79558
3.35639
-0
4.69249
-0
12.5914
-0
-0
-0
-0
-0
-0
-0
3.42079
-0
-0
52.4982
-0
-0
-0
-0
-0
36.7126
-0
-0
-0
-0
-0
-0
36.7356
15.853
30.7746
-0
-0
-0
-0
-0
-0
-0
-0
-0
-0
21.5218
-0
-0
-0
-0
14.5494
-0
-0
19.7228
-0
-0
-0
-0
-0
-0
-0
-0
8.67558
-0
-0
-0
-0
-0
-0
-0
-0
-0
-0
-0
-0
-0
-0
-0
-0
-0
-0
-0
-0
-0
1.747
-0
-0
-0
-0
-0
-0
-0
-0
-0
14.8033
9.52626
35.8998
-0
-0
-0
-0
-0
-0
-0
-0
-0
-0
-0
-0
-0
-0
5.69176
33.187
9.96818
-0
-0
-0
47.0542
4.23459
-0
-0
-0
-0
-0
-0
-0
-0
-0
-0
-0
-0
-0
-0
23.0991
-0
25.4142
-0
-0
-0
-0
-0
-0
-0
0.190542
-0
-0
-0
-0
-0
32.4615
17.989
-0
2.03108
-0
-0
3.89676
-0
21.9009
-0
-0
29.6365
-0
-0
-0
-0
-0
7.00739
8.03891
8.61418
-0
5.76739
-0
-0
-0
-0
-0
-0
-0
-0
-0
-0
15.2673
-0
28.611
-0
-0
-0
-0
-0
0.304241
45.5742
-0
-0
0.191811
1.46362
-0
-0
-0
-0
-0
-0
-0
-0
-0
6.50028
-0
-0
-0
-0
-0
-0
-0
10.2773
-0
-0
-0
26.5819
-0
-0
-0
14.9699
14.0802
-0
-0
-0
38.4132
-0
-0
-0
-0
-0
-0
-0
-0
-0
-0
-0
-0
-0
-0
37.2967
-0
-0
-0
-0
12.5725
-0
-0
14.0923
-0
55.1884
11.6984
25.9451
26.0134
12.8565
-0
-0
-0
-0
-0
0.387746
-0
-0
-0
-0
-0
-0
-0
-0
-0
34.9417
-0
-0
-0
-0
57.6187
-0
-0
-0
-0
3.59185
-0
4.54085
-0
-0
-0
4.56482
9.37445
-0
-0
-0
-0
6.30373
-0
72.7958
17.8173
-0
-0
13.1651
-0
-0
-0
-0
7.12164
-0
-0
15.2152
-0
-0
-0
-0
-0
-0
-0
-0
-0
-0
-0
-0
-0
35.1109
-0
-0
-0
-0
-0
-0
-0
-0
-0
-0
-0
-0
15.3658
8.02956
37.9638
-0
10.6951
-0
-0
-0
-0
-0
-0
-0
-0
9.53955
-0
-0
-0
-0
14.7317
-0
-0
-0
-0
-0
-0
-0
-0
-0
-0
-0
-0
3.32869
-0
-0
-0
-0
-0
22.5887
2.25359
-0
-0
-0
-0
-0
7.63018
32.3485
16.654
1.35006
-0
9.32532
-0
-0
-0
-0
-0
-0
-0
-0
16.9812
5.2878
-0
-0
-0
-0
-0
55.5208
-0
-0
0.781985
13.3964
-0
-0
-0
11.723
-0
35.6099
-0
-0
-0
-0
19.1382
-0
-0
-0
-0
-0
20.9661
-0
22.933
-0
-0
-0
-0
-0
-0
-0
-0
-0
-0
-0
-0
-0
-0
-0
-0
-0
-0
0.641137
-0
-0
-0
-0
-0
4.04182
34.515
-0
32.3027
11.4374
-0
-0
-0
-0
40.0687
-0
-0
-0
-0
-0
62.2999
-0
-0
-0
34.4557
-0
15.0955
-0
1.2661
-0
22.5166
-0
-0
-0
-0
-0
-0
6.57795
0.398657
15.1103
-0
-0
-0
-0
62.4428
5.71826
-0
-0
0.43845
-0
-0
-0
26.1963
-0
-0
-0
24.6151
-0
-0
-0
21.4911
-0
54.2318
2.07125
21.4461
-0
-0
-0
-0
-0
16.2345
-0
-0
-0
-0
-0
10.4751
3.09529
-0
-0
-0
-0
-0
-0
29.3576
-0
-0
21.6116
-0
-0
-0
-0
-0
13.8696
1.82003
-0
-0
-0
-0
-0
-0
-0
-0
38.7308
-0
-0
-0
-0
-0
-0
3.17744
-0
-0
-0
-0
-0
-0
-0
-0
-0
-0
-0
-0
-0
46.8371
-0
55.4554
18.6923
-0
-0
-0
-0
-0
-0
-0
-0
-0
-0
-0
-0
-0
-0
-0
7.322
27.0217
-0
-0
-0
-0
-0
-0
-0
-0
-0
-0
-0
17.1095
-0
-0
25.4842
-0
-0
-0
-0
-0
-0
-0
-0
-0
14.1406
-0
23.5871
-0
-0
-0
-0
7.55091
-0
18.4083
-0
29.0801
0.175596
-0
15.2809
-0
14.7499
-0
-0
-0
-0
3.40822
-0
-0
-0
2.19628
-0
-0
-0
4.64165
0.49778
-0
96.1152
-0
16.9397
-0
-0
-0
-0
18.7328
-0
-0
-0
-0
-0
25.664
-0
-0
-0
-0
-0
-0
-0
-0
-0
-0
-0
-0
-0
-0
26.569
4.94564
7.28524
-0
-0
-0
-0
-0
-0
-0
-0
-0
-0
-0
20.6775
-0
-0
-0
-0
-0
-0
26.2067
-0
-0
-0
-0
-0
-0
-0
-0
-0
34.5207
22.6757
-0
-0
-0
27.2002
-0
12.3645
-0
-0
-0
-0
43.6656
-0
-0
16.6785
5.79194
-0
-0
7.76378
-0
-0
-0
-0
-0
-0
15.9029
25.2163
-0
15.8541
-0
-0
-0
-0
-0
-0
-0
29.175
-0
-0
-0
-0
-0
-0
-0
-0
-0
-0
-0
22.1297
-0
7.26495
-0
-0
-0
23.4175
-0
-0
-0
-0
-0
27.9389
34.2022
19.0296
-0
-0
-0
-0
-0
-0
-0
-0
-0
-0
-0
-0
-0
6.15869
-0
-0
34.2288
-0
-0
-0
-0
-0
-0
-0
13.1702
-0
-0
43.3158
-0
3.27218
-0
-0
-0
18.5094
-0
-0
0.983156
4.2438
-0
-0
-0
-0
-0
-0
2.88828
-0
-0
27.8161
-0
17.875
-0
21.282
-0
-0
-0
-0
28.3071
-0
-0
-0
5.52734
-0
3.45932
-0
1.73771
-0
52.3761
32.3407
-0
-0
-0
11.2484
-0
-0
-0
-0
10.1299
-0
-0
49.9731
-0
-0
-0
9.97936
-0
27.3776
53.956
21.3647
23.0018
-0
-0
-0
-0
-0
8.8646
-0
-0
-0
-0
-0
25.305
-0
2.94271
-0
1.5368
4.83174
5.73765
-0
-0
-0
-0
-0
-0
-0
-0
-0
-0
12.7147
6.16947
-0
-0
-0
-0
-0
-0
-0
-0
20.7637
-0
-0
-0
-0
64.261
15.2871
1.32951
-0
-0
-0
-0
-0
-0
-0
-0
-0
-0
-0
-0
-0
-0
28.3636
29.4813
-0
-0
-0
-0
-0
14.7792
-0
21.5237
-0
-0
-0
11.6891
-0
-0
-0
-0
6.97776
-0
-0
65.9999
-0
20.531
-0
9.85038
-0
6.25661
4.56837
-0
-0
-0
27.8927
-0
-0
2.22759
-0
-0
10.8608
-0
-0
29.701
-0
-0
-0
-0
-0
10.6583
3.43198
-0
14.5671
-0
-0
-0
-0
-0
-0
-0
-0
-0
35.8521
-0
-0
-0
-0
-0
-0
-0
-0
-0
-0
-0
-0
-0
55.8326
36.8301
30.8847
6.47064
-0
-0
-0
-0
-0
-0
-0
-0
-0
-0
5.49789
-0
-0
31.7737
-0
-0
-0
-0
-0
-0
-0
-0
-0
-0
-0
-0
-0
-0
-0
-0
57.856
-0
-0
-0
-0
-0
-0
-0
43.5813
-0
-0
-0
-0
61.671
-0
5.64477
-0
18.2681
-0
-0
15.3198
23.9961
-0
-0
45.025
11.8839
-0
-0
-0
11.8953
-0
10.6559
63.6879
-0
-0
3.78048
25.405
-0
-0
-0
-0
-0
-0
-0
-0
-0
-0
3.48097
-0
18.2466
-0
-0
-0
-0
-0
37.6905
11.6505
-0
-0
-0
20.6036
-0
-0
-0
-0
-0
-0
3.72027
-0
-0
-0
-0
-0
-0
4.95539
-0
-0
-0
-0
-0
64.5227
-0
-0
-0
-0
-0
-0
-0
-0
-0
-0
-0
-0
13.2627
-0
-0
-0
53.8103
-0
-0
-0
-0
-0
-0
-0
-0
