3.22653
-0
-0
-0
-0
-0
-0
-0
44.8395
-0
48.302
-0
-0
-0
-0
-0
-0
-0
-0
-0
-0
-0
-0
-0
-0
9.94547
-0
-0
-0
-0
-0
-0
-0
-0
5.41081
-0
-0
-0
-0
-0
-0
-0
-0
2.77103
-0
14.9315
-0
-0
-0
-0
-0
-0
-0
-0
-0
-0
-0
1.53694
25.9356
18.5611
-0
-0
28.7865
-0
35.3046
-0
-0
-0
-0
0.392033
-0
-0
-0
-0
-0
3.12071
13.6708
5.44672
-0
-0
-0
76.8264
-0
-0
-0
-0
-0
69.5805
-0
-0
-0
-0
-0
-0
9.11925
-0
0.443554
-0
8.6893
-0
-0
-0
-0
-0
-0
-0
-0
-0
-0
-0
-0
-0
-0
-0
-0
-0
20.3
-0
26.444
70.0509
23.0211
-0
42.8604
-0
16.2937
-0
-0
-0
-0
-0
13.7576
7.87953
34.2563
-0
-0
-0
6.71526
-0
-0
-0
5.7098
-0
-0
-0
24.9436
-0
-0
-0
-0
-0
-0
-0
-0
-0
-0
-0
16.6122
-0
-0
1.10904
-0
-0
-0
6.89824
6.49326
-0
-0
-0
-0
64.1694
-0
6.26656
-0
-0
-0
-0
-0
-0
4.4989
-0
26.2295
-0
-0
-0
-0
10.7765
-0
-0
34.1639
-0
-0
47.0517
2.63474
25.4845
-0
-0
-0
-0
-0
-0
-0
46.7143
-0
-0
-0
-0
-0
-0
-0
-0
-0
-0
23.9754
-0
-0
4.48355
-0
-0
-0
-0
-0
-0
-0
-0
-0
2.35127
-0
-0
-0
-0
-0
-0
-0
-0
-0
-0
-0
-0
-0
-0
4.18192
-0
-0
-0
-0
-0
15.383
-0
-0
-0
-0
-0
-0
-0
-0
-0
-0
3.23543
9.70612
-0
-0
-0
-0
12.8818
-0
-0
-0
-0
-0
-0
-0
24.9478
12.9054
14.1506
-0
-0
-0
-0
-0
-0
-0
1.56172
-0
-0
-0
-0
-0
-0
-0
-0
-0
-0
-0
-0
44.4055
-0
16.8685
-0
-0
28.4305
-0
11.1781
5.66253
-0
22.3256
15.5785
-0
-0
46.6219
-0
5.53284
-0
-0
-0
-0
1.91357
-0
-0
-0
-0
-0
-0
13.7495
25.0067
15.9117
-0
-0
-0
-0
5.00947
-0
-0
-0
-0
-0
-0
-0
-0
-0
14.949
-0
-0
-0
16.3486
-0
-0
9.65602
-0
5.58002
-0
18.5395
-0
-0
-0
33.4176
-0
-0
-0
-0
-0
2.65253
-0
-0
34.4623
-0
0.0494985
-0
-0
16.344
-0
-0
-0
0.412736
0.888084
-0
-0
-0
-0
-0
-0
-0
-0
17.0602
-0
-0
21.0094
1.11672
-0
-0
-0
-0
20.1225
-0
-0
-0
-0
-0
-0
-0
-0
-0
2.02329
-0
-0
-0
25.1971
-0
-0
-0
13.4359
-0
-0
-0
-0
-0
4.76762
-0
-0
-0
-0
38.5294
-0
-0
-0
-0
-0
21.8253
15.1541
31.8602
38.7415
-0
-0
26.4474
-0
34.6435
-0
-0
-0
-0
-0
-0
8.09947
19.3345
-0
-0
-0
-0
-0
-0
-0
-0
17.3221
-0
-0
43.3509
-0
-0
-0
-0
-0
-0
-0
0.0783706
-0
-0
5.14837
10.3475
-0
-0
-0
-0
-0
-0
-0
-0
-0
50.649
-0
-0
-0
-0
-0
-0
0.727883
-0
-0
-0
-0
-0
54.2199
20.4893
-0
-0
-0
-0
-0
3.94814
-0
-0
-0
-0
-0
-0
-0
-0
-0
-0
-0
-0
-0
-0
-0
-0
-0
-0
-0
-0
-0
-0
-0
-0
5.03055
-0
28.4375
-0
-0
-0
25.5687
-0
-0
-0
-0
-0
-0
27.6998
-0
18.7353
19.042
8.24037
-0
-0
-0
-0
-0
-0
-0
10.3667
-0
8.97799
-0
-0
-0
-0
-0
48.7132
15.6656
-0
-0
23.5506
-0
-0
-0
46.9872
-0
-0
-0
-0
-0
-0
14.6868
-0
13.4689
-0
21.1484
-0
7.19175
-0
-0
16.4678
1.44873
-0
-0
-0
-0
-0
-0
-0
-0
24.6303
40.3368
-0
-0
19.85
5.53353
-0
5.9222
-0
31.6342
15.6004
-0
6.28111
-0
-0
-0
-0
-0
-0
5.44859
-0
-0
-0
15.6494
-0
-0
-0
-0
39.0633
-0
-0
-0
-0
-0
-0
-0
-0
-0
-0
-0
-0
-0
-0
-0
-0
-0
-0
-0
-0
-0
9.09239
-0
-0
-0
-0
-0
-0
-0
-0
-0
6.02141
-0
-0
-0
-0
-0
28.1754
-0
-0
-0
-0
-0
-0
-0
-0
7.36715
-0
9.34614
-0
-0
-0
-0
-0
-0
-0
-0
10.8561
14.145
-0
-0
0.0217248
9.05638
15.2285
17.6131
-0
-0
-0
9.24442
-0
-0
-0
-0
-0
-0
-0
-0
-0
-0
-0
-0
-0
-0
22.5237
-0
-0
-0
-0
7.59665
-0
-0
-0
-0
-0
-0
-0
-0
-0
-0
18.3895
-0
19.2048
-0
-0
0.412953
8.01593
-0
19.3764
-0
-0
-0
-0
32.2385
26.9778
-0
-0
35.9268
-0
-0
-0
0.925585
-0
-0
-0
6.85142
7.22615
-0
-0
22.318
-0
-0
12.6811
0.336524
-0
-0
-0
-0
15.3647
14.2548
-0
-0
70.8709
-0
-0
-0
-0
-0
-0
-0
17.7032
-0
-0
-0
-0
-0
-0
-0
-0
-0
-0
-0
-0
28.7492
-0
-0
-0
-0
-0
-0
24.6371
46.5996
-0
32.1773
-0
-0
-0
-0
-0
-0
5.43661
-0
14.0086
-0
-0
-0
16.7422
-0
-0
7.77274
-0
-0
-0
-0
-0
-0
-0
-0
-0
6.19504
-0
-0
-0
51.0094
-0
-0
-0
-0
-0
-0
-0
8.58832
-0
27.9745
25.7349
-0
-0
-0
-0
-0
-0
3.22864
-0
-0
14.4818
-0
-0
-0
-0
51.6619
-0
-0
4.75235
21.4915
-0
-0
27.1221
-0
-0
-0
13.0583
-0
-0
-0
-0
-0
-0
-0
-0
-0
-0
-0
-0
-0
-0
-0
-0
29.3017
-0
55.1339
0.572396
-0
-0
-0
-0
-0
-0
-0
-0
18.9573
17.5029
-0
-0
54.2337
-0
-0
-0
-0
-0
-0
-0
-0
-0
22.4013
-0
8.06709
-0
-0
-0
-0
-0
-0
-0
-0
17.2745
19.7275
-0
-0
-0
-0
-0
21.4456
-0
35.3861
-0
-0
-0
-0
21.5437
-0
-0
-0
-0
-0
-0
-0
-0
49.4943
-0
-0
-0
16.7335
-0
20.291
1.61152
-0
-0
-0
14.1083
-0
13.4958
19.7745
-0
-0
-0
-0
-0
-0
24.6516
-0
-0
0.375424
-0
3.41199
-0
-0
-0
31.3408
6.13627
-0
-0
-0
-0
-0
-0
18.666
-0
8.02516
-0
-0
-0
8.84851
11.7309
11.9177
-0
-0
-0
-0
-0
-0
-0
-0
-0
-0
-0
-0
-0
-0
-0
-0
-0
-0
-0
3.52489
-0
14.84
-0
-0
-0
18.9228
-0
16.9217
-0
4.25156
6.00864
-0
-0
31.1346
26.9164
6.85348
-0
-0
-0
-0
-0
-0
-0
-0
53.3038
-0
-0
-0
-0
-0
-0
-0
-0
-0
-0
-0
-0
-0
-0
-0
-0
-0
-0
-0
17.1776
-0
-0
-0
-0
-0
-0
-0
3.17106
-0
10.605
-0
8.32577
-0
-0
-0
-0
-0
60.9297
-0
-0
25.4611
-0
-0
-0
-0
-0
-0
-0
23.1826
-0
20.6995
-0
-0
-0
-0
-0
-0
-0
-0
-0
-0
-0
22.9151
-0
-0
0.154562
-0
12.1284
-0
7.77395
3.74069
-0
-0
-0
-0
-0
-0
8.39625
-0
-0
-0
-0
-0
-0
-0
-0
12.5967
-0
36.4157
-0
-0
-0
-0
23.4784
-0
-0
-0
-0
12.7276
37.6173
-0
-0
-0
-0
-0
-0
-0
8.98099
8.4692
-0
-0
-0
-0
-0
-0
-0
13.2239
-0
-0
13.9114
36.2476
-0
-0
-0
26.0777
-0
-0
-0
-0
-0
-0
-0
-0
34.4018
-0
-0
-0
-0
-0
-0
34.1344
14.1697
-0
-0
-0
-0
19.963
5.71164
-0
-0
-0
-0
-0
-0
-0
5.62024
23.1334
-0
9.42769
30.7313
-0
-0
-0
-0
-0
-0
-0
-0
-0
-0
-0
-0
5.16599
-0
-0
-0
-0
-0
-0
-0
-0
-0
23.7279
-0
-0
-0
-0
14.7859
20.5158
-0
25.0891
-0
-0
10.9403
-0
37.371
-0
-0
-0
-0
-0
-0
-0
-0
-0
-0
23.7692
-0
-0
-0
-0
17.4375
-0
-0
-0
-0
-0
-0
-0
-0
-0
-0
5.70363
-0
17.8867
-0
-0
-0
1.10089
13.9231
2.74305
-0
-0
30.846
-0
-0
0.182403
-0
-0
-0
-0
-0
-0
-0
43.7695
-0
-0
-0
-0
-0
-0
-0
-0
8.17796
-0
-0
-0
-0
-0
-0
-0
-0
24.7466
-0
2.13759
-0
-0
-0
22.8594
-0
3.13532
-0
-0
31.8617
-0
-0
-0
-0
-0
37.0497
-0
20.9452
26.5744
-0
8.9613
38.4841
-0
-0
-0
-0
-0
-0
-0
-0
-0
-0
4.74488
-0
20.1157
6.6355
-0
-0
-0
28.3355
-0
-0
62.4439
11.7194
-0
-0
-0
-0
-0
-0
-0
17.3762
1.1394
10.1008
-0
-0
-0
2.08289
37.6654
-0
-0
28.0539
-0
-0
10.5161
-0
-0
-0
-0
-0
-0
-0
-0
6.60799
-0
-0
-0
-0
-0
37.2944
-0
-0
14.9738
-0
-0
-0
-0
-0
-0
-0
-0
-0
-0
-0
-0
-0
-0
3.69754
-0
-0
-0
-0
-0
-0
-0
-0
36.067
-0
-0
16.5324
32.2415
-0
-0
-0
-0
-0
-0
-0
-0
-0
-0
-0
-0
9.57329
-0
-0
7.60451
-0
19.0668
21.478
-0
40.4156
-0
-0
-0
-0
-0
-0
-0
-0
-0
-0
-0
12.7746
2.13737
-0
-0
-0
1.10227
-0
-0
-0
-0
0.497582
6.28054
14.0537
-0
-0
-0
-0
-0
-0
-0
-0
-0
4.0755
-0
-0
-0
-0
-0
-0
-0
-0
-0
1.22317
-0
-0
-0
-0
1.16165
-0
-0
-0
-0
-0
-0
-0
-0
-0
-0
-0
-0
-0
-0
-0
-0
-0
-0
-0
-0
63.0479
-0
-0
33.5238
19.1084
10.54
-0
-0
17.3472
-0
-0
-0
-0
-0
-0
-0
6.38291
8.9864
-0
-0
2.78087
-0
-0
-0
-0
-0
-0
-0
10.0955
-0
-0
-0
-0
-0
-0
-0
-0
-0
-0
-0
58.2559
9.02655
-0
-0
22.9105
-0
-0
0.207374
-0
-0
-0
-0
38.0754
-0
-0
8.77246
-0
-0
-0
-0
0.154018
33.1275
-0
21.3599
-0
-0
-0
-0
-0
6.07751
-0
-0
-0
-0
-0
-0
-0
-0
-0
-0
-0
-0
-0
-0
23.6472
-0
-0
-0
-0
-0
-0
-0
-0
0.644414
-0
-0
-0
20.6543
-0
-0
-0
54.9294
-0
-0
-0
-0
54.3009
-0
-0
-0
-0
-0
51.5535
-0
14.9258
-0
-0
-0
-0
47.8454
-0
-0
-0
-0
7.3388
-0
-0
1.62334
-0
32.9756
-0
4.88855
6.77271
-0
-0
-0
-0
-0
-0
-0
-0
19.2165
19.0797
9.44897
-0
8.27546
18.6228
-0
-0
-0
-0
8.49286
12.5922
-0
-0
-0
-0
38.9678
-0
-0
68.7834
39.9908
-0
23.315
-0
-0
-0
29.4908
-0
-0
-0
-0
-0
-0
-0
25.3594
3.50964
9.4122
-0
-0
-0
-0
-0
-0
-0
-0
-0
-0
16.3033
-0
-0
-0
-0
-0
-0
-0
17.5016
-0
-0
-0
-0
-0
37.7971
-0
-0
-0
-0
30.3329
-0
3.58417
-0
-0
10.8801
33.6149
-0
7.06796
-0
-0
15.9731
-0
-0
-0
-0
-0
-0
-0
12.7423
-0
57.3854
-0
-0
-0
-0
-0
-0
-0
9.61138
-0
-0
-0
-0
-0
-0
-0
-0
1.74622
-0
19.6364
-0
-0
7.62682
13.2864
23.1223
-0
21.7575
-0
-0
57.5616
-0
1.98493
-0
-0
-0
-0
-0
-0
-0
6.62256
-0
18.6878
-0
-0
-0
-0
-0
-0
-0
-0
-0
-0
-0
-0
12.3099
-0
-0
-0
-0
10.469
-0
-0
-0
-0
42.5707
-0
-0
-0
-0
-0
-0
-0
-0
-0
5.23751
-0
-0
-0
21.4299
-0
-0
-0
-0
8.24735
-0
-0
-0
-0
-0
-0
-0
-0
-0
-0
10.9627
-0
-0
-0
-0
-0
-0
-0
7.04636
-0
-0
-0
-0
-0
-0
-0
-0
13.8074
-0
-0
-0
-0
-0
-0
-0
-0
-0
-0
30.1355
-0
-0
-0
-0
-0
-0
-0
-0
-0
-0
-0
-0
-0
-0
-0
-0
14.9407
-0
9.0468
11.0266
-0
-0
-0
-0
-0
-0
0.167564
-0
-0
-0
-0
57.6791
6.31916
16.1038
-0
-0
-0
-0
-0
-0
-0
-0
-0
-0
-0
61.9839
-0
-0
-0
-0
-0
-0
-0
-0
31.7829
23.6095
-0
-0
-0
4.47043
-0
-0
46.7547
-0
-0
8.91177
12.7062
-0
-0
-0
-0
-0
-0
-0
-0
-0
26.6494
-0
-0
-0
21.3102
-0
4.17939
39.2639
0.21294
8.91593
-0
-0
-0
-0
-0
-0
-0
-0
-0
-0
-0
17.1738
-0
-0
-0
-0
-0
39.2914
2.7806
-0
10.6255
-0
-0
-0
-0
-0
-0
-0
-0
-0
-0
-0
7.77375
0.909285
-0
-0
22.2103
2.36293
-0
-0
-0
60.1502
18.0404
-0
3.98056
-0
-0
-0
-0
6.01862
5.80246
-0
-0
13.6711
-0
54.0379
40.7115
-0
39.4159
35.5634
-0
-0
-0
-0
-0
-0
28.9222
-0
-0
-0
5.24978
-0
-0
-0
-0
-0
0.565585
-0
41.0877
-0
-0
-0
17.5205
0.272008
-0
-0
-0
-0
28.753
39.1326
-0
-0
41.8368
-0
-0
-0
-0
13.0032
-0
-0
32.9287
-0
27.8121
2.16992
75.7157
8.17647
-0
11.1933
-0
-0
0.161663
1.14497
-0
-0
-0
5.75636
-0
-0
19.4255
5.32334
-0
-0
-0
-0
-0
22.9062
-0
-0
-0
26.0485
-0
-0
6.8038
-0
-0
-0
-0
33.5303
31.7887
-0
0.709823
-0
15.0326
-0
-0
-0
-0
-0
-0
-0
-0
-0
-0
-0
-0
32.4386
-0
-0
-0
-0
25.7077
-0
5.27254
-0
-0
-0
-0
-0
-0
19.8666
-0
40.3795
-0
4.96229
-0
-0
-0
-0
-0
-0
-0
-0
-0
-0
-0
-0
-0
24.7577
21.5078
28.2546
-0
-0
24.8577
39.729
-0
13.8177
11.9649
23.2465
-0
7.50127
-0
0.451228
40.5184
11.1782
19.5986
-0
25.5093
-0
-0
-0
-0
48.5322
5.94019
-0
2.48833
30.2891
-0
-0
22.4923
-0
-0
-0
-0
-0
-0
-0
-0
-0
6.13875
-0
-0
-0
-0
-0
-0
-0
34.4003
-0
-0
-0
-0
-0
3.72772
8.70487
-0
55.8835
25.0042
-0
-0
4.70077
-0
-0
10.8982
3.60383
-0
10.28
-0
-0
-0
-0
-0
11.8271
-0
-0
-0
49.5732
36.6751
7.49283
12.62
-0
-0
-0
-0
-0
1.30668
-0
-0
-0
-0
-0
-0
-0
-0
-0
-0
11.3095
-0
-0
-0
-0
-0
-0
-0
19.1131
-0
-0
50.7223
-0
-0
-0
-0
-0
20.5498
47.5967
-0
2.45524
-0
-0
28.1594
11.8965
-0
-0
-0
-0
-0
-0
-0
31.6259
-0
36.0405
5.17067
38.9937
-0
-0
-0
-0
-0
-0
43.4437
3.68059
-0
4.21082
-0
-0
-0
-0
3.80968
-0
-0
-0
-0
-0
-0
-0
-0
-0
-0
-0
25.7643
-0
-0
-0
-0
-0
25.0836
-0
-0
-0
-0
-0
-0
-0
-0
76.4583
-0
-0
11.5651
-0
-0
-0
2.9036
5.21641
-0
-0
-0
-0
-0
-0
-0
-0
-0
-0
7.115
27.4174
3.9875
-0
-0
-0
20.2923
24.7102
-0
-0
-0
-0
-0
-0
-0
-0
-0
-0
51.6183
50.7401
-0
-0
2.64801
-0
33.0274
16.8143
-0
-0
-0
-0
-0
15.0939
-0
-0
-0
-0
-0
-0
-0
-0
-0
-0
-0
-0
21.2227
-0
-0
-0
-0
-0
-0
-0
-0
-0
-0
-0
7.91339
-0
36.864
8.56833
-0
-0
26.7113
-0
-0
-0
-0
-0
0.971538
-0
-0
-0
-0
11.5069
53.2617
-0
-0
20.4444
-0
-0
-0
-0
-0
-0
-0
-0
-0
3.25522
32.3173
-0
7.11389
-0
-0
-0
-0
-0
-0
-0
5.05055
-0
-0
-0
4.07087
-0
-0
-0
14.7087
-0
-0
-0
-0
-0
6.26751
-0
23.3333
-0
-0
-0
0.68722
-0
-0
-0
-0
-0
-0
-0
38.1141
-0
-0
25.4332
12.8478
9.95307
-0
-0
-0
-0
-0
9.68849
41.9929
47.7186
-0
-0
-0
1.78557
2.49261
-0
-0
-0
-0
-0
-0
3.35603
-0
-0
-0
32.7094
47.3683
19.2075
-0
-0
-0
-0
-0
-0
-0
-0
-0
-0
-0
-0
-0
-0
-0
-0
1.84395
-0
-0
35.6791
-0
-0
-0
-0
-0
4.98137
-0
-0
-0
-0
39.3464
11.5616
-0
18.2667
-0
-0
-0
-0
-0
10.4196
-0
-0
-0
-0
-0
-0
56.084
-0
-0
-0
-0
-0
-0
5.52461
-0
-0
-0
38.7162
-0
-0
-0
-0
-0
1.71419
17.1843
17.4637
47.7212
-0
17.075
-0
-0
-0
-0
-0
6.18555
-0
-0
40.6878
7.67299
-0
-0
11.927
-0
-0
-0
-0
14.6955
-0
-0
-0
-0
-0
-0
-0
-0
10.1544
29.4219
-0
-0
-0
-0
-0
-0
-0
-0
1.0273
-0
-0
-0
-0
-0
-0
-0
-0
-0
-0
-0
-0
-0
-0
-0
-0
-0
-0
-0
-0
-0
8.89796
-0
31.3996
-0
-0
-0
-0
14.1803
23.9964
8.7004
-0
-0
0.0733788
-0
-0
-0
-0
-0
2.72742
-0
10.0674
-0
-0
-0
-0
-0
25.1348
-0
-0
-0
15.5934
-0
23.6036
-0
-0
-0
-0
-0
-0
-0
-0
26.0919
-0
-0
1.15317
-0
-0
-0
-0
-0
-0
-0
10.5506
-0
-0
4.98266
-0
-0
-0
-0
-0
29.0794
-0
26.4368
24.7009
-0
-0
-0
65.3531
-0
-0
27.6852
-0
-0
-0
-0
34.6313
-0
51.663
-0
-0
-0
-0
-0
-0
-0
-0
40.218
-0
5.45866
-0
-0
2.5536
-0
-0
-0
-0
6.17793
-0
-0
-0
-0
33.5637
-0
-0
-0
-0
10.5463
-0
13.2189
16.8771
-0
-0
-0
-0
-0
-0
-0
-0
-0
-0
-0
-0
-0
-0
-0
-0
20.4938
-0
0.405474
-0
-0
-0
-0
-0
-0
16.0067
8.74845
-0
-0
-0
7.71899
-0
-0
-0
-0
-0
-0
-0
-0
-0
-0
0.14453
-0
-0
-0
-0
22.5214
1.32167
-0
-0
-0
-0
-0
-0
5.5153
-0
-0
-0
10.558
-0
-0
-0
-0
-0
-0
39.9675
-0
-0
-0
9.7705
-0
-0
-0
0.246054
-0
-0
-0
-0
-0
11.4636
-0
-0
-0
-0
-0
-0
-0
-0
48.6764
-0
5.07488
1.8177
-0
-0
0.614736
-0
-0
-0
-0
3.44095
-0
-0
6.59904
-0
-0
-0
11.9903
-0
-0
60.1072
-0
-0
-0
-0
-0
-0
-0
-0
-0
-0
-0
-0
-0
-0
-0
6.58364
10.3148
-0
-0
-0
12.0757
-0
-0
5.44867
-0
-0
-0
-0
-0
-0
-0
5.90293
-0
-0
17.9822
-0
-0
-0
-0
-0
-0
-0
-0
-0
-0
-0
-0
21.4449
-0
-0
19.931
-0
-0
-0
40.4383
-0
31.004
-0
25.1834
49.4123
-0
-0
23.6199
57.1963
-0
41.5546
12.2213
2.42551
-0
46.1909
-0
-0
-0
-0
-0
-0
-0
-0
5.22613
-0
-0
7.25496
-0
36.7701
-0
-0
6.02987
12.2732
14.7055
-0
10.9397
1.56557
-0
-0
-0
-0
-0
-0
-0
-0
-0
-0
-0
-0
9.75976
3.64441
-0
1.80346
-0
-0
15.6843
-0
-0
7.74784
-0
-0
-0
-0
-0
-0
31.9866
-0
-0
17.738
-0
-0
30.0536
3.72655
-0
15.7224
-0
12.1047
-0
0.306901
-0
-0
-0
-0
34.9114
-0
-0
6.1699
-0
-0
-0
-0
-0
-0
-0
1.23937
-0
-0
-0
-0
-0
-0
-0
-0
-0
5.86673
-0
14.1424
15.5775
-0
-0
-0
-0
-0
-0
14.2552
-0
-0
48.9764
-0
-0
3.36886
-0
-0
44.9054
-0
-0
-0
-0
-0
-0
30.5139
21.0579
21.5141
-0
-0
-0
7.23352
-0
-0
-0
-0
-0
-0
6.69647
-0
-0
-0
-0
-0
-0
-0
36.8944
-0
-0
-0
-0
-0
-0
-0
-0
-0
-0
-0
-0
-0
-0
-0
-0
-0
-0
-0
-0
-0
0.216243
-0
-0
-0
-0
-0
-0
-0
-0
6.32958
-0
-0
-0
-0
-0
-0
-0
-0
-0
-0
-0
27.4398
-0
-0
-0
-0
18.9917
-0
-0
-0
-0
-0
-0
6.19833
-0
-0
0.452575
8.6201
27.8235
-0
-0
8.08576
38.4774
16.4181
-0
-0
-0
-0
-0
-0
-0
-0
-0
-0
-0
1.46243
8.2472
-0
-0
2.36286
20.9641
-0
20.7437
-0
-0
-0
-0
-0
0.137928
-0
-0
-0
-0
-0
12.5105
13.6636
-0
0.978436
-0
-0
-0
3.81592
-0
-0
-0
23.0594
-0
-0
-0
-0
31.7162
13.6149
-0
10.6034
-0
14.0822
-0
-0
2.15141
-0
-0
-0
-0
-0
-0
-0
11.1121
-0
4.47774
-0
-0
-0
16.4661
-0
1.31339
22.4317
-0
-0
-0
17.1631
-0
-0
-0
-0
-0
-0
-0
-0
-0
-0
-0
15.5612
-0
-0
-0
-0
-0
11.3354
-0
-0
-0
9.59166
-0
-0
-0
2.04038
11.6909
-0
-0
-0
32.8464
-0
-0
-0
-0
-0
-0
-0
-0
-0
18.8213
-0
-0
-0
-0
51.9125
-0
-0
-0
-0
7.47737
-0
-0
24.9348
-0
50.7458
0.321529
25.8854
21.6488
10.6864
-0
-0
-0
-0
-0
0.448208
-0
-0
-0
-0
-0
1.40934
-0
-0
-0
12.1116
-0
-0
-0
-0
43.4416
-0
-0
-0
-0
12.1211
-0
13.8425
-0
-0
-0
-0
12.2882
-0
-0
-0
-0
-0
-0
59.9035
25.1601
-0
-0
22.9959
21.1881
-0
-0
-0
32.7472
-0
-0
26.524
-0
-0
-0
1.8911
-0
-0
6.91757
-0
-0
-0
-0
-0
-0
38.5841
-0
-0
5.73786
-0
-0
-0
-0
-0
7.45702
-0
-0
-0
6.68844
14.4785
34.152
-0
17.8213
-0
-0
-0
-0
-0
-0
-0
-0
-0
-0
-0
10.0495
-0
-0
-0
-0
-0
-0
-0
-0
-0
-0
-0
2.00709
-0
-0
9.71083
-0
-0
-0
-0
10.2054
36.251
-0
-0
-0
-0
-0
-0
-0
43.9878
9.08454
-0
-0
0.351956
-0
-0
-0
-0
-0
3.10764
-0
-0
26.3637
22.3062
-0
-0
-0
-0
-0
49.4529
-0
-0
13.3222
-0
-0
-0
-0
24.983
-0
31.4757
-0
-0
-0
-0
28.4919
-0
-0
-0
-0
-0
-0
-0
27.9151
-0
-0
-0
-0
-0
-0
-0
8.75812
-0
-0
0.720765
-0
-0
-0
-0
-0
-0
-0
-0
-0
-0
-0
-0
-0
-0
49.6108
-0
42.267
18.3328
-0
-0
-0
-0
30.2879
-0
11.1565
-0
-0
-0
50.5892
-0
-0
-0
5.87573
-0
19.0492
-0
2.03067
-0
43.2352
-0
-0
-0
-0
-0
-0
13.7088
12.8721
8.91657
-0
-0
-0
-0
40.4
-0
14.2503
-0
-0
-0
-0
-0
45.2925
-0
-0
-0
7.76858
-0
-0
-0
18.1936
-0
51
0.966652
12.3299
-0
-0
-0
-0
-0
-0
-0
-0
-0
-0
-0
-0
-0
-0
-0
15.7299
-0
-0
-0
-0
-0
-0
32.7615
-0
-0
-0
-0
-0
14.1352
8.36335
-0
-0
-0
-0
-0
-0
-0
-0
43.4174
-0
-0
-0
-0
-0
-0
0.218891
-0
-0
-0
-0
-0
-0
-0
2.15273
-0
-0
-0
-0
-0
31.1075
-0
38.6902
1.24637
-0
14.493
-0
-0
-0
-0
-0
-0
-0
-0
-0
-0
-0
-0
-0
-0
-0
-0
-0
-0
-0
-0
-0
-0
-0
-0
-0
-0
1.32431
-0
-0
24.2831
-0
-0
-0
9.94989
-0
-0
-0
-0
-0
11.5432
-0
45.3217
-0
-0
-0
-0
-0
-0
17.2901
-0
36.6722
3.65627
-0
21.9372
-0
22.5894
-0
-0
-0
-0
5.37384
-0
-0
-0
1.93554
-0
-0
-0
3.65753
30.4287
-0
72.5308
-0
36.6216
22.8173
-0
-0
-0
23.3098
-0
-0
-0
-0
-0
35.7425
-0
-0
-0
-0
-0
-0
-0
-0
-0
5.22455
-0
-0
-0
-0
15.6232
33.7285
-0
-0
6.02196
-0
-0
-0
-0
-0
1.70947
-0
-0
-0
19.3437
-0
-0
-0
-0
-0
-0
22.9816
-0
-0
-0
-0
-0
29.1041
-0
-0
-0
30.7227
30.854
-0
-0
-0
-0
-0
-0
4.09162
-0
-0
-0
12.0293
-0
-0
12.4723
11.9155
-0
-0
-0
-0
-0
-0
-0
-0
-0
13.8158
21.8872
-0
4.30708
-0
-0
-0
-0
-0
-0
-0
8.46119
-0
-0
-0
-0
-0
-0
-0
-0
-0
-0
-0
30.1086
-0
20.5099
-0
-0
5.96188
21.0195
-0
-0
-0
-0
-0
-0
49.749
18.4587
-0
-0
-0
-0
-0
-0
-0
-0
-0
-0
-0
1.87269
-0
-0
-0
-0
47.1727
-0
-0
-0
-0
-0
-0
-0
10.9804
-0
4.83226
24.5056
-0
6.3519
-0
-0
-0
-0
-0
-0
-0
-0
-0
-0
-0
-0
-0
-0
-0
-0
-0
30.1438
-0
5.57851
-0
30.299
-0
-0
-0
-0
23.3469
-0
-0
-0
-0
-0
10.655
-0
24.7036
-0
47.2011
11.8897
21.3709
-0
-0
18.7359
-0
-0
-0
-0
27.9193
-0
-0
37.7217
-0
-0
-0
13.07
-0
9.30005
49.9268
5.23976
44.3594
-0
-0
-0
-0
-0
-0
-0
-0
-0
-0
-0
37.5106
-0
0.480509
-0
-0
1.88577
1.85455
-0
-0
-0
-0
-0
-0
-0
-0
-0
-0
12.0771
8.16977
28.4936
-0
-0
-0
-0
-0
-0
-0
18.5469
-0
-0
-0
-0
17.3646
20.393
4.73614
-0
-0
-0
-0
-0
-0
-0
-0
-0
-0
-0
-0
-0
-0
24.7814
39.6042
-0
-0
-0
-0
-0
-0
-0
13.3315
5.23642
-0
-0
17.1843
-0
-0
-0
-0
4.09576
-0
-0
81.3967
-0
10.3574
-0
9.18718
1.34477
-0
-0
-0
-0
-0
20.4344
-0
-0
-0
-0
-0
31.1286
-0
-0
9.34948
-0
-0
-0
-0
-0
29.1805
4.00727
-0
-0
-0
-0
-0
-0
-0
-0
-0
-0
-0
45.3
-0
-0
-0
-0
-0
-0
-0
-0
-0
-0
-0
-0
-0
44.5164
34.6799
12.5431
-0
-0
-0
-0
-0
-0
-0
-0
-0
-0
-0
-0
4.30629
1.06041
33.1745
-0
-0
-0
-0
-0
-0
0.521613
-0
-0
-0
-0
-0
-0
-0
-0
-0
12.0129
-0
-0
-0
38.5212
-0
-0
-0
25.3181
-0
-0
-0
-0
55.9756
-0
-0
-0
12.0904
-0
-0
9.64134
10.2411
-0
-0
46.2328
-0
11.6007
-0
-0
13.7142
-0
41.3179
73.6375
2.56652
-0
3.39903
18.8078
-0
-0
-0
-0
-0
-0
-0
-0
-0
-0
5.03951
0.0306596
-0
-0
-0
-0
-0
-0
47.8501
12.4226
-0
-0
-0
18.7124
-0
-0
-0
-0
-0
-0
-0
-0
-0
-0
-0
1.35182
-0
5.30367
-0
-0
-0
-0
-0
75.3083
-0
-0
-0
-0
-0
-0
7.74949
19.5822
-0
6.70017
10.8343
-0
19.2095
-0
-0
-0
53.8694
-0
-0
-0
-0
-0
-0
-0
-0
