3.57765
-0
-0
-0
-0
14.0545
-0
-0
67.0028
-0
10.1535
-0
-0
-0
-0
-0
-0
-0
-0
-0
-0
-0
-0
-0
-0
-0
-0
23.3162
-0
-0
-0
-0
-0
-0
5.74356
-0
-0
-0
-0
-0
-0
-0
-0
-0
-0
14.9854
-0
45.7717
-0
-0
-0
-0
-0
-0
-0
-0
-0
1.26245
-0
-0
-0
-0
26.5103
-0
36.4397
-0
-0
-0
-0
0.52316
-0
-0
-0
-0
-0
12.0408
19.9095
18.9333
-0
-0
-0
74.0053
-0
-0
-0
-0
-0
-0
-0
-0
-0
-0
-0
-0
-0
-0
11.8494
-0
60.1809
-0
-0
-0
-0
-0
-0
-0
-0
21.512
-0
-0
-0
-0
-0
-0
-0
19.6742
-0
-0
-0
38.7235
33.4414
-0
41.0718
31.7619
-0
-0
3.16539
-0
-0
-0
15.5768
-0
-0
-0
-0
-0
-0
15.2481
-0
-0
6.04118
-0
-0
-0
-0
-0
-0
-0
-0
-0
-0
-0
-0
-0
-0
-0
-0
-0
-0
1.14086
-0
-0
-0
-0
-0
-0
19.2118
-0
-0
28.4918
25.723
7.61006
-0
-0
-0
-0
-0
-0
27.9901
-0
39.6123
-0
-0
-0
-0
33.6727
-0
-0
25.0353
-0
-0
-0
-0
15.2795
-0
-0
-0
-0
-0
-0
-0
-0
25.2582
-0
-0
-0
-0
5.38644
-0
-0
-0
-0
-0
-0
-0
-0
-0
-0
-0
-0
-0
-0
-0
-0
-0
12.6954
-0
-0
-0
-0
-0
12.2278
-0
-0
-0
-0
-0
-0
-0
-0
-0
17.0792
-0
-0
-0
-0
48.9801
-0
-0
-0
-0
-0
-0
36.6732
19.6815
-0
-0
2.6242
-0
-0
1.35143
27.8368
-0
-0
-0
-0
-0
-0
-0
-0
-0
27.1161
30.7506
3.16505
-0
-0
-0
-0
-0
-0
-0
-0
-0
-0
-0
-0
-0
16.1955
-0
-0
-0
43.1736
-0
-0
3.33999
-0
-0
-0
-0
43.552
-0
2.39449
-0
-0
20.6608
-0
36.1906
-0
2.81198
-0
32.6425
-0
-0
-0
-0
1.05952
-0
-0
-0
-0
-0
-0
36.6525
28.3749
27.1154
-0
69.7674
-0
-0
8.83846
-0
-0
-0
-0
-0
-0
-0
-0
-0
25.5055
-0
-0
-0
23.838
-0
-0
-0
-0
18.7563
-0
-0
-0
-0
-0
42.535
-0
-0
-0
-0
-0
14.1096
-0
-0
9.10367
5.47279
-0
-0
-0
43.195
-0
-0
-0
-0
30.3774
-0
-0
27.4382
-0
0.440202
-0
-0
6.49683
31.8808
-0
-0
31.4629
5.76657
7.87234
-0
-0
-0
22.6983
-0
-0
-0
-0
-0
2.48585
-0
-0
3.23921
-0
-0
-0
-0
12.4679
-0
11.643
-0
27.7947
-0
-0
-0
-0
22.2912
31.6088
-0
-0
-0
-0
48.0823
-0
-0
-0
-0
-0
0.263847
17.3137
15.7044
12.403
-0
19.9542
27.2043
-0
71.3243
-0
-0
-0
-0
-0
-0
54.7631
37.7139
-0
-0
-0
-0
-0
-0
-0
-0
26.3909
-0
23.045
19.3804
-0
-0
7.53906
-0
-0
-0
-0
-0
-0
-0
31.7357
8.44297
-0
-0
-0
-0
2.75536
-0
-0
-0
-0
69.1989
-0
-0
11.364
-0
-0
-0
26.9992
-0
-0
-0
-0
-0
40.5303
63.2377
-0
-0
4.18182
-0
18.8806
54.5429
-0
-0
4.43407
-0
-0
9.15547
-0
-0
-0
-0
-0
-0
5.08969
-0
-0
3.67337
-0
-0
13.9674
-0
-0
-0
-0
-0
-0
-0
-0
-0
-0
-0
-0
10.7551
45.5309
-0
-0
-0
-0
27.5352
-0
9.58907
10.3497
1.37044
-0
-0
-0
-0
-0
-0
-0
0.359699
-0
-0
-0
17.6011
-0
-0
-0
72.485
-0
-0
-0
30.2894
-0
-0
29.2868
19.3088
-0
-0
-0
-0
-0
-0
-0
-0
3.14872
-0
21.5141
-0
-0
-0
-0
6.69981
-0
3.15769
-0
-0
-0
-0
-0
-0
-0
42.4618
19.3324
-0
-0
19.1149
-0
-0
-0
-0
-0
2.10136
-0
-0
-0
-0
-0
-0
-0
-0
19.6027
-0
8.99463
5.1921
26.4361
-0
-0
-0
-0
19.065
-0
-0
-0
-0
-0
-0
9.60413
-0
-0
-0
-0
-0
-0
-0
-0
-0
-0
-0
-0
-0
-0
5.76814
-0
-0
-0
-0
-0
-0
-0
-0
10.073
24.6042
-0
-0
-0
-0
-0
5.41239
-0
4.27527
-0
-0
-0
-0
4.80327
-0
-0
-0
70.0953
-0
-0
-0
-0
-0
-0
-0
33.4068
-0
19.4279
-0
6.77575
-0
-0
65.0449
44.4694
-0
-0
-0
10.1904
-0
-0
-0
-0
-0
-0
-0
-0
-0
-0
-0
-0
-0
42.8393
22.3382
-0
-0
-0
-0
7.97153
-0
-0
-0
0.0148538
-0
11.7068
-0
-0
-0
-0
-0
-0
12.8563
-0
-0
-0
2.77622
-0
7.38483
-0
-0
11.4476
-0
17.0388
10.6395
-0
-0
69.9129
-0
16.6734
-0
0.405916
-0
-0
-0
-0
-0
-0
-0
-0
-0
-0
-0
14.3393
-0
-0
-0
-0
-0
-0
-0
-0
64.8538
-0
-0
-0
-0
-0
-0
-0
36.6596
-0
-0
3.11054
-0
-0
-0
-0
-0
-0
-0
-0
-0
-0
-0
-0
-0
-0
-0
-0
58.5123
54.7432
-0
23.9327
-0
-0
-0
-0
-0
-0
-0
-0
20.1521
18.4023
90.4593
-0
-0
-0
-0
-0
-0
-0
-0
-0
-0
-0
-0
-0
-0
-0
-0
-0
-0
51.6361
-0
-0
-0
-0
18.5646
-0
-0
4.47247
-0
14.4926
22.0663
16.7681
19.5563
35.4138
-0
-0
26.3389
13.0026
-0
-0
-0
-0
-0
-0
-0
-0
-0
-0
-0
-0
-0
-0
0.050916
-0
-0
-0
-0
-0
-0
-0
-0
-0
-0
-0
-0
-0
-0
-0
-0
-0
-0
-0
25.3624
-0
23.1603
30.0861
-0
-0
-0
-0
-0
-0
-0
2.6803
-0
-0
-0
-0
-0
33.3098
-0
-0
69.635
-0
-0
-0
-0
-0
-0
37.4999
-0
1.28978
-0
-0
-0
-0
2.69259
-0
-0
-0
6.13089
11.8097
-0
-0
-0
-0
-0
22.3165
-0
52.0311
1.17633
-0
-0
2.37095
34.0408
-0
-0
-0
-0
13.3906
-0
-0
-0
-0
-0
-0
-0
-0
6.87625
74.2607
-0
22.2896
4.05729
-0
-0
-0
19.7188
-0
-0
-0
-0
30.4803
-0
-0
26.5006
-0
-0
0.47413
-0
-0
-0
-0
19.6395
14.7105
22.0788
-0
-0
-0
-0
-0
-0
14.7354
-0
6.19129
-0
-0
-0
26.4501
26.417
25.3441
-0
-0
-0
-0
-0
13.4216
-0
-0
-0
-0
-0
17.1695
-0
-0
-0
-0
21.8585
-0
23.8992
-0
-0
-0
-0
-0
-0
-0
-0
45.3686
-0
-0
-0
-0
-0
29.6703
-0
-0
-0
-0
-0
-0
-0
-0
-0
-0
-0
12.5558
-0
-0
25.9839
-0
-0
-0
-0
-0
-0
-0
-0
-0
-0
-0
-0
-0
-0
-0
11.4786
-0
0.211663
-0
-0
47.8349
-0
-0
-0
14.558
-0
-0
-0
-0
-0
-0
-0
-0
-0
-0
-0
11.5257
-0
-0
-0
-0
-0
-0
-0
-0
-0
49.8497
-0
-0
-0
-0
-0
-0
-0
23.2777
-0
-0
-0
27.7905
-0
16.3965
13.0649
-0
16.2494
1.78046
-0
-0
-0
-0
-0
-0
-0
-0
35.6096
-0
-0
-0
12.604
-0
-0
-0
-0
43.3919
-0
30.7647
-0
-0
-0
28.2339
18.4641
-0
-0
-0
-0
5.27611
6.28015
-0
-0
-0
-0
-0
-0
-0
9.1629
8.85351
-0
-0
-0
-0
-0
-0
-0
8.34095
-0
-0
-0
-0
-0
-0
-0
23.3056
-0
-0
-0
-0
22.391
-0
-0
-0
37.8484
-0
-0
-0
-0
-0
-0
-0
-0
-0
-0
-0
-0
-0
9.19431
-0
-0
-0
-0
-0
-0
-0
36.6376
9.11289
-0
47.7539
52.6074
-0
-0
-0
-0
-0
-0
-0
-0
5.81158
-0
-0
-0
-0
-0
8.79252
-0
-0
-0
-0
-0
-0
-0
17.0593
-0
-0
-0
-0
27.8704
10.3833
-0
9.25337
-0
-0
-0
-0
57.746
-0
-0
-0
-0
39.4446
-0
-0
-0
-0
-0
18.5597
-0
-0
-0
-0
-0
-0
-0
28.7418
11.2337
-0
-0
9.23759
-0
-0
-0
-0
-0
24.2465
-0
-0
-0
-0
4.64996
-0
-0
3.01964
-0
-0
27.159
-0
-0
20.5921
-0
-0
-0
-0
-0
28.6754
-0
-0
-0
-0
-0
-0
5.07051
-0
-0
-0
-0
-0
-0
-0
-0
-0
-0
0.305975
-0
13.0362
9.56133
-0
-0
-0
-0
-0
36.5466
5.5113
15.9619
-0
1.17195
4.71901
-0
-0
15.4947
-0
32.4489
27.8801
-0
8.78884
42.8084
-0
-0
-0
5.1619
-0
-0
-0
-0
-0
-0
-0
-0
36.3365
0.840045
-0
16.5392
-0
12.294
-0
2.28143
27.7456
22.4453
-0
-0
-0
-0
-0
-0
1.83377
-0
4.24114
-0
-0
-0
-0
-0
-0
-0
-0
-0
-0
-0
-0
-0
-0
33.8894
-0
-0
-0
-0
-0
-0
-0
-0
-0
-0
-0
27.6176
19.6413
-0
22.5013
-0
-0
10.0685
-0
-0
-0
-0
-0
-0
-0
2.13202
-0
5.6373
-0
-0
-0
-0
-0
-0
-0
-0
-0
-0
12.1355
-0
24.5883
25.1861
15.2981
-0
18.1688
-0
-0
-0
-0
-0
-0
-0
-0
-0
-0
6.78608
-0
-0
4.65492
-0
45.0064
-0
-0
4.15858
-0
-0
-0
-0
-0
-0
-0
-0
-0
-0
-0
-0
7.1303
13.6933
-0
-0
1.30279
-0
-0
-0
11.9302
1.27362
-0
-0
-0
-0
-0
28.6181
-0
-0
-0
-0
-0
14.9445
-0
-0
-0
-0
-0
-0
-0
-0
-0
50.0923
-0
-0
-0
-0
19.59
-0
-0
-0
-0
-0
-0
-0
-0
13.4665
-0
-0
-0
-0
-0
-0
-0
-0
-0
-0
-0
9.84113
-0
-0
5.41485
15.2414
18.3148
-0
-0
-0
-0
-0
-0
-0
-0
-0
-0
-0
24.0914
-0
-0
2.88889
-0
-0
-0
-0
-0
-0
-0
-0
-0
-0
-0
-0
-0
-0
-0
-0
-0
0.0153539
-0
51.7463
-0
-0
-0
-0
-0
22.3446
-0
-0
31.5065
-0
-0
71.3969
3.57687
-0
1.79176
5.21507
-0
-0
-0
1.29511
20.3995
-0
-0
-0
-0
-0
-0
-0
3.52756
8.50352
-0
-0
-0
-0
-0
-0
-0
-0
-0
-0
-0
-0
-0
6.4946
-0
-0
-0
-0
-0
-0
23.5546
32.2207
29.8649
-0
-0
-0
-0
-0
19.5205
-0
35.2172
-0
-0
-0
-0
5.17926
-0
73.7327
-0
-0
-0
5.14152
-0
40.0294
-0
-0
-0
-0
11.6901
-0
-0
-0
-0
-0
-0
-0
-0
-0
17.0671
-0
-0
2.08145
-0
-0
-0
-0
-0
-0
-0
14.7744
14.1231
12.4367
-0
-0
-0
-0
-0
8.19465
-0
-0
-0
2.54634
-0
2.99571
-0
-0
8.6625
-0
-0
20.7587
20.5093
-0
26.2277
-0
-0
-0
78.0198
-0
-0
-0
-0
-0
-0
-0
18.8238
27.8414
86.6423
-0
-0
17.485
-0
-0
24.7212
71.4808
-0
1.8973
-0
10.1191
-0
-0
-0
-0
22.8705
-0
-0
44.5881
-0
-0
-0
-0
-0
29.9884
-0
-0
-0
-0
49.288
-0
39.2239
-0
-0
3.57717
-0
51.1523
13.9906
-0
15.2764
-0
-0
-0
-0
-0
-0
-0
-0
10.4125
-0
13.2754
-0
-0
-0
-0
-0
47.2284
-0
16.4212
-0
-0
-0
3.30227
-0
-0
-0
-0
-0
-0
33.0991
-0
-0
10.6023
-0
-0
-0
33.483
-0
-0
62.4548
13.6179
14.0467
-0
-0
-0
-0
-0
-0
-0
-0
18.995
-0
-0
-0
-0
12.3503
-0
-0
1.34712
35.3084
-0
-0
-0
-0
-0
-0
-0
-0
-0
63.8402
-0
-0
-0
68.3982
24.3046
-0
-0
-0
-0
-0
-0
37.348
-0
-0
11.55
-0
-0
14.1617
8.40448
5.73539
-0
-0
-0
35.635
-0
-0
-0
-0
-0
-0
29.9192
-0
-0
-0
-0
-0
-0
-0
-0
-0
-0
-0
18.2776
-0
-0
-0
-0
-0
-0
-0
-0
43.1671
-0
-0
-0
-0
-0
-0
-0
-0
-0
-0
-0
-0
35.9625
-0
-0
-0
-0
-0
-0
-0
-0
-0
-0
-0
-0
-0
-0
-0
-0
26.4457
15.9417
-0
-0
-0
-0
-0
0.945923
-0
-0
-0
25.1877
-0
47.2651
21.2512
18.5902
4.61572
-0
-0
-0
-0
-0
-0
-0
-0
-0
-0
43.7181
-0
-0
10.9294
-0
-0
-0
-0
-0
4.53283
22.7412
-0
-0
-0
12.4725
-0
-0
-0
-0
-0
16.3353
21.5108
-0
-0
11.6674
-0
-0
-0
-0
-0
-0
-0
-0
1.83881
-0
90.9977
-0
32.1702
71.566
32.1459
-0
-0
-0
-0
-0
-0
-0
-0
-0
-0
-0
-0
2.55657
-0
-0
-0
-0
-0
37.2274
32.029
-0
-0
-0
-0
-0
-0
-0
-0
-0
-0
-0
37.2259
-0
7.5346
31.7357
-0
-0
-0
-0
-0
-0
19.0434
65.6142
-0
-0
31.7537
-0
-0
7.20625
-0
5.84989
-0
-0
-0
23.7625
-0
49.0647
28.751
19.0689
19.6256
28.7385
-0
-0
-0
-0
-0
-0
-0
-0
-0
-0
24.7913
-0
-0
-0
-0
-0
-0
-0
40.8389
-0
6.55336
-0
-0
0.199189
-0
-0
-0
-0
29.5554
17.6337
1.38246
-0
34.931
-0
-0
-0
-0
-0
-0
-0
9.61464
-0
7.45442
-0
0.386422
19.4812
-0
-0
-0
-0
-0
11.9797
-0
-0
-0
9.14833
-0
36.1508
7.28675
78.5988
-0
-0
-0
-0
-0
-0
-0
-0
-0
9.30336
-0
-0
39.6214
-0
1.21939
-0
-0
26.3785
-0
-0
1.99461
-0
-0
-0
-0
-0
0.640673
-0
-0
-0
-0
-0
-0
-0
-0
39.1706
-0
-0
-0
-0
9.03464
0.0375495
-0
-0
16.5706
-0
-0
25.302
-0
14.4352
-0
36.8347
-0
17.0533
-0
-0
-0
-0
-0
-0
-0
-0
-0
-0
-0
-0
-0
-0
-0
22.6826
-0
-0
-0
33.4073
-0
-0
6.43371
-0
-0
-0
-0
-0
5.4209
-0
-0
-0
52.7539
-0
-0
-0
-0
23.4437
-0
-0
-0
25.0754
-0
-0
59.4059
-0
-0
24.6847
-0
-0
-0
1.77355
20.6548
-0
-0
-0
-0
3.54599
-0
5.44234
-0
-0
34.0507
-0
-0
-0
-0
-0
9.97143
-0
-0
22.673
-0
-0
-0
-0
-0
1.65819
2.99126
-0
-0
2.35827
-0
-0
-0
-0
-0
-0
-0
17.0973
-0
-0
7.87374
-0
18.0859
-0
-0
24.621
-0
-0
8.20788
-0
-0
-0
11.544
6.24547
-0
-0
-0
-0
-0
37.4678
-0
-0
-0
-0
-0
-0
-0
8.20055
5.0041
-0
102.518
-0
-0
-0
-0
-0
-0
-0
-0
-0
-0
-0
8.60877
-0
-0
-0
-0
-0
45.8387
-0
-0
-0
-0
4.82767
10.6613
49.4285
-0
-0
-0
-0
0.757064
-0
-0
-0
-0
27.3122
-0
-0
-0
-0
-0
-0
-0
-0
-0
-0
-0
-0
-0
-0
-0
-0
7.92051
-0
-0
-0
-0
-0
50.9046
-0
-0
-0
-0
-0
-0
-0
-0
36.0563
-0
-0
4.06839
-0
-0
3.70297
3.90569
-0
-0
-0
-0
-0
-0
-0
-0
-0
11.3046
-0
55.8117
-0
-0
-0
-0
-0
15.8275
1.05519
-0
-0
-0
-0
-0
-0
-0
-0
-0
-0
-0
12.6962
-0
-0
20.1148
-0
6.33195
28.0254
-0
-0
-0
-0
-0
24.2804
-0
-0
-0
-0
-0
-0
1.60909
-0
-0
-0
-0
-0
-0
-0
-0
-0
-0
-0
-0
-0
-0
-0
-0
-0
19.711
-0
-0
18.4108
-0
-0
-0
-0
-0
-0
0.579604
-0
-0
-0
-0
-0
-0
-0
34.43
-0
-0
8.58568
-0
-0
-0
-0
-0
-0
-0
4.65969
13.5257
12.287
11.6081
-0
-0
1.83535
37.0238
10.3109
3.37336
-0
-0
-0
0.538806
-0
-0
-0
1.68619
10.1978
-0
-0
32.8965
-0
-0
-0
-0
-0
-0
-0
52.8004
-0
-0
-0
-0
-0
-0
-0
-0
21.3539
-0
-0
12.76
-0
-0
33.0806
26.0693
16.1946
-0
-0
-0
-0
-0
-0
-0
13.4438
-0
-0
-0
5.9622
-0
-0
-0
-0
-0
-0
-0
-0
-0
-0
-0
0.757499
34.5244
-0
-0
-0
-0
-0
-0
-0
13.619
-0
2.55114
-0
-0
-0
-0
-0
-0
-0
1.13745
-0
-0
-0
-0
-0
-0
26.6704
-0
20.0535
-0
-0
-0
-0
-0
8.6078
-0
20.2482
-0
-0
-0
-0
-0
47.7648
-0
-0
-0
-0
-0
-0
-0
-0
-0
-0
-0
-0
-0
4.01705
-0
-0
-0
-0
-0
-0
-0
-0
-0
-0
17.5213
32.7642
95.8356
-0
49.2553
-0
-0
-0
-0
-0
18.3937
4.00678
-0
17.3637
1.03281
1.44383
-0
-0
-0
4.94769
-0
-0
-0
-0
-0
13.1925
2.23498
-0
-0
-0
-0
-0
21.4584
-0
-0
11.332
-0
-0
-0
-0
-0
-0
-0
-0
-0
-0
19.6468
-0
-0
-0
-0
-0
-0
-0
-0
-0
-0
-0
-0
-0
-0
-0
-0
40.445
-0
30.5934
21.4081
-0
-0
-0
9.22691
33.622
38.4086
-0
-0
32.4347
-0
-0
-0
44.3325
-0
2.00586
-0
40.0911
-0
-0
2.97006
-0
-0
10.4664
-0
-0
-0
-0
-0
13.159
-0
-0
-0
-0
-0
-0
-0
-0
8.6425
-0
-0
-0
-0
-0
-0
-0
-0
-0
-0
-0
-0
-0
6.27435
-0
-0
-0
-0
-0
18.3153
-0
12.6233
27.4702
-0
-0
-0
4.01833
-0
-0
31.6903
-0
-0
-0
-0
47.6172
-0
10.7904
-0
-0
51.0177
-0
-0
-0
-0
-0
-0
-0
-0
-0
-0
13.4396
-0
-0
0.909855
-0
31.4779
-0
-0
-0
-0
34.0788
-0
-0
-0
-0
-0
-0
-0
31.7433
-0
-0
-0
-0
-0
-0
-0
-0
-0
-0
-0
-0
-0
21.5325
-0
18.3976
-0
-0
-0
-0
-0
-0
-0
-0
-0
21.394
0.939631
-0
-0
-0
14.052
-0
-0
-0
-0
-0
-0
1.26557
-0
-0
-0
0.774751
-0
-0
-0
15.0749
30.3954
40.4467
3.14742
-0
-0
-0
-0
50.2638
26.8358
-0
-0
-0
7.0205
-0
-0
-0
-0
-0
-0
-0
-0
-0
-0
-0
-0
11.4797
-0
11.0401
34.9153
-0
-0
-0
-0
-0
-0
-0
-0
-0
-0
-0
-0
-0
48.2974
-0
-0
-0
-0
-0
18.1807
-0
2.3739
-0
-0
-0
-0
7.92388
-0
-0
-0
-0
-0
-0
-0
58.0264
-0
-0
-0
0.43125
-0
-0
-0
-0
-0
-0
18.4128
-0
-0
-0
-0
-0
-0
-0
-0
-0
5.61817
-0
-0
27.897
-0
0.826467
-0
-0
-0
-0
-0
-0
-0
-0
10.0835
-0
-0
12.711
-0
-0
-0
-0
-0
-0
-0
-0
-0
5.54671
-0
-0
4.30175
-0
-0
-0
6.29315
-0
-0
-0
-0
32.2406
-0
-0
17.3437
25.3636
-0
-0
8.76569
-0
-0
35.3022
-0
-0
-0
23.8379
-0
-0
3.83236
-0
-0
27.0438
-0
-0
-0
-0
-0
-0
-0
-0
1.16474
-0
-0
11.7767
-0
-0
-0
-0
-0
34.9266
-0
-0
-0
-0
-0
-0
-0
-0
-0
3.7534
-0
-0
-0
-0
6.26895
25.2841
-0
-0
20.1552
-0
-0
-0
-0
-0
-0
52.2138
-0
-0
56.0001
-0
24.0651
16.8702
-0
20.6422
-0
-0
-0
-0
-0
-0
30.1388
-0
-0
25.8409
-0
-0
-0
-0
-0
-0
-0
2.18661
-0
-0
-0
-0
-0
-0
-0
-0
-0
48.5443
-0
-0
24.4447
5.60146
26.5531
-0
-0
-0
-0
-0
4.73484
-0
59.8236
-0
-0
12.8033
-0
-0
20.1104
-0
-0
-0
-0
31.878
-0
54.4688
-0
8.82293
-0
-0
-0
-0
-0
-0
-0
-0
-0
-0
-0
-0
-0
-0
5.17495
47.26
-0
-0
-0
-0
-0
-0
0.219289
-0
0.824066
-0
-0
-0
-0
-0
-0
-0
-0
21.3807
-0
-0
-0
-0
-0
-0
25.4863
-0
2.70921
0.455556
29.5432
-0
-0
-0
-0
14.7942
-0
-0
-0
-0
-0
-0
-0
-0
-0
35.6145
-0
44.7368
-0
-0
-0
-0
48.3785
-0
-0
-0
-0
-0
-0
-0
-0
10.0583
-0
-0
4.93401
16.2286
-0
15.0459
18.1564
-0
11.3243
-0
-0
-0
-0
-0
-0
-0
-0
-0
-0
1.62924
21.5185
-0
-0
26.0759
-0
-0
-0
-0
-0
-0
-0
-0
0.102688
-0
-0
-0
-0
-0
18.6436
-0
-0
29.7967
-0
-0
-0
-0
-0
-0
-0
-0
-0
-0
-0
-0
30.9305
7.31573
-0
25.0582
-0
29.0182
-0
-0
-0
-0
-0
-0
-0
-0
-0
7.88701
33.6208
-0
-0
-0
24.1216
-0
-0
-0
-0
3.14468
-0
-0
-0
-0
-0
-0
-0
62.1869
-0
-0
-0
-0
-0
-0
-0
-0
7.60065
-0
-0
-0
-0
28.9989
36.5777
-0
-0
-0
-0
8.17471
-0
6.85537
-0
-0
-0
-0
54.2971
-0
-0
-0
-0
36.277
-0
3.22261
-0
-0
0.820129
-0
-0
8.61154
-0
-0
-0
-0
-0
-0
48.1205
-0
27.2544
-0
-0
46.4768
7.93922
-0
-0
8.86125
-0
-0
3.45989
-0
-0
1.31513
-0
-0
-0
-0
-0
-0
-0
-0
-0
-0
-0
-0
-0
-0
59.6304
-0
-0
-0
-0
-0
-0
11.4407
-0
-0
-0
18.5529
-0
-0
-0
-0
-0
29.7969
-0
3.35923
11.0688
-0
36.3171
29.476
-0
-0
27.7051
-0
55.4222
-0
-0
-0
-0
-0
-0
-0
2.73057
-0
-0
-0
-0
-0
-0
4.41537
-0
77.1374
-0
-0
37.3607
18.8592
-0
-0
-0
-0
23.0897
-0
-0
5.89664
-0
-0
55.6972
-0
-0
-0
18.7263
-0
-0
-0
-0
-0
-0
-0
-0
-0
15.0577
-0
2.72858
-0
-0
6.82079
-0
4.9266
-0
-0
-0
-0
0.816228
-0
-0
10.0061
-0
-0
14.9684
-0
-0
30.5952
6.58283
-0
-0
-0
-0
-0
23.4313
45.4225
-0
57.4578
-0
24.7814
-0
-0
-0
-0
-0
-0
-0
-0
24.1463
27.3244
50.2851
-0
-0
-0
-0
-0
-0
-0
31.3731
-0
-0
7.97915
-0
-0
-0
33.3896
18.9743
-0
31.8128
-0
38.3296
-0
-0
1.45323
-0
-0
-0
-0
-0
-0
-0
-0
-0
-0
-0
-0
-0
-0
-0
25.2329
-0
-0
24.5691
11.5946
-0
-0
-0
-0
0.418764
19.8127
-0
-0
-0
46.8688
14.8684
-0
5.99551
-0
-0
-0
-0
-0
30.8503
-0
-0
-0
-0
5.08061
48.4379
-0
-0
-0
65.6515
-0
23.5757
-0
-0
-0
19.2832
-0
14.6434
-0
-0
-0
-0
3.46434
19.3202
52.5363
-0
-0
-0
-0
-0
-0
12.1936
0.920469
-0
-0
-0
-0
-0
-0
-0
9.85585
-0
-0
23.6609
-0
46.5112
-0
38.9204
1.36604
-0
-0
-0
-0
7.76215
-0
12.1981
-0
-0
-0
-0
-0
-0
-0
-0
-0
-0
18.6039
-0
-0
-0
-0
-0
26.8211
-0
-0
46.9894
-0
-0
13.6826
-0
-0
-0
-0
-0
-0
-0
-0
-0
5.1901
-0
-0
-0
-0
-0
-0
33.6768
-0
-0
-0
-0
3.2211
3.5719
-0
15.339
-0
-0
-0
-0
-0
22.4232
-0
64.9755
27.2583
-0
24.3643
-0
-0
-0
-0
-0
-0
-0
-0
42.1295
-0
-0
-0
-0
-0
52.1573
-0
-0
-0
-0
-0
-0
34.4122
-0
-0
-0
-0
-0
8.75792
-0
32.1141
-0
-0
-0
-0
-0
-0
-0
-0
10.9974
9.48348
-0
-0
-0
-0
-0
-0
-0
-0
0.0606854
-0
32.7991
6.46866
1.25613
3.37902
-0
15.301
7.67676
-0
-0
-0
7.4202
-0
-0
-0
9.88988
-0
-0
-0
-0
-0
-0
73.3245
-0
26.4745
-0
4.92413
-0
-0
28.7096
12.6656
-0
-0
-0
-0
43.6393
-0
-0
-0
-0
-0
-0
-0
-0
-0
-0
-0
-0
-0
-0
10.6878
27.7268
-0
-0
-0
-0
-0
-0
-0
-0
-0
-0
-0
-0
-0
-0
-0
16.2419
-0
8.36866
-0
16.8949
-0
-0
6.43193
-0
-0
4.87369
-0
28.1161
8.44922
32.5127
20.2592
-0
-0
1.80557
35.94
-0
-0
-0
-0
-0
-0
86.748
-0
-0
-0
4.77774
-0
-0
4.35095
-0
-0
-0
-0
-0
-0
-0
-0
-0
-0
-0
-0
-0
-0
-0
-0
-0
32.9385
-0
-0
7.98107
-0
-0
-0
-0
-0
-0
-0
-0
112.28
-0
10.3769
-0
-0
33.2409
18.0553
-0
-0
-0
-0
-0
-0
8.02912
37.1725
-0
-0
1.96226
-0
-0
43.3734
-0
-0
4.41365
-0
-0
-0
-0
25.7665
-0
-0
40.5529
16.5237
-0
-0
-0
-0
-0
-0
4.35614
-0
-0
74.9682
-0
-0
-0
-0
-0
44.5245
-0
-0
-0
55.3877
-0
-0
-0
-0
-0
-0
-0
-0
-0
-0
3.21193
9.73286
-0
18.0475
-0
-0
-0
-0
7.8209
-0
-0
-0
10.7536
-0
28.6491
11.6182
27.4597
-0
31.6816
45.5149
-0
-0
-0
-0
-0
-0
19.6755
-0
63.1817
-0
-0
60.061
-0
-0
-0
8.61465
-0
80.521
15.2984
16.4636
-0
-0
-0
-0
-0
51.1505
43.947
-0
-0
-0
-0
-0
28.9383
-0
-0
-0
5.33304
24.944
-0
-0
30.7227
-0
-0
-0
-0
-0
-0
-0
-0
-0
-0
8.49027
-0
44.3581
-0
-0
-0
-0
-0
-0
-0
-0
-0
-0
3.88127
24.3114
8.35616
-0
2.28368
-0
-0
-0
-0
-0
6.4868
-0
-0
-0
14.0788
-0
-0
11.8064
5.85638
-0
22.6438
-0
-0
-0
-0
-0
10.0681
-0
-0
-0
25.4736
-0
-0
-0
-0
-0
-0
-0
15.959
-0
23.0082
-0
3.92348
37.7269
-0
-0
7.4133
-0
-0
-0
-0
-0
-0
-0
-0
26.4439
-0
-0
42.6404
-0
-0
-0
-0
-0
62.335
-0
-0
3.33594
-0
-0
-0
-0
-0
-0
-0
-0
-0
24.2958
-0
-0
-0
-0
-0
-0
-0
-0
-0
-0
-0
-0
-0
73.7381
12.2895
-0
-0
-0
-0
-0
14.2388
-0
-0
32.3787
-0
-0
-0
-0
-0
17.3942
6.85612
22.0892
-0
-0
-0
-0
-0
-0
-0
-0
-0
-0
-0
-0
-0
-0
2.23231
15.8951
-0
-0
-0
5.28389
-0
0.804864
-0
-0
-0
-0
-0
-0
11.4608
-0
21.4585
14.7341
19.2593
-0
-0
-0
39.6829
-0
-0
40.7468
-0
19.8095
-0
-0
34.5086
-0
9.94261
16.5615
18.3208
-0
2.96469
-0
35.4738
-0
-0
-0
-0
-0
-0
-0
-0
-0
5.24668
-0
-0
-0
-0
-0
-0
-0
46.0056
1.75816
-0
-0
-0
-0
-0
4.66412
-0
-0
-0
-0
-0
-0
-0
-0
-0
-0
-0
-0
-0
-0
11.7243
-0
-0
53.8721
-0
-0
-0
-0
-0
-0
8.0369
-0
-0
1.4695
-0
36.592
-0
-0
-0
-0
27.4526
-0
-0
-0
23.2887
-0
-0
-0
-0
