1.23128
-0
-0
-0
-0
-0
-0
-0
-0
-0
-0
-0
30.9138
-0
-0
-0
9.0864
-0
-0
-0
-0
16.9511
-0
-0
-0
-0
13.5937
24.6605
-0
-0
-0
-0
-0
-0
2.01904
-0
-0
-0
-0
-0
-0
-0
-0
-0
-0
7.7171
-0
13.4748
-0
-0
-0
-0
-0
21.7635
0.926226
-0
-0
1.23537
9.33716
-0
-0
-0
20.2077
-0
9.38011
-0
-0
-0
-0
0.0881782
-0
-0
-0
-0
-0
-0
-0
-0
-0
-0
-0
48.6279
22.5211
2.09851
-0
-0
-0
19.9303
-0
-0
8.60988
0.102459
-0
-0
-0
-0
-0
-0
2.00107
-0
-0
-0
-0
-0
9.42576
-0
-0
-0
-0
12.6159
6.19782
-0
0.197374
-0
-0
-0
9.01005
-0
1.59615
41.1168
47.4943
-0
10.1894
-0
-0
-0
-0
-0
-0
-0
-0
9.76359
-0
-0
52.3564
-0
-0
-0
-0
25.3977
1.79246
-0
-0
-0
-0
-0
-0
-0
-0
-0
-0
-0
-0
-0
-0
-0
-0
-0
-0
-0
-0
-0
-0
23.5199
47.3686
-0
-0
-0
-0
55.212
-0
3.77123
11.3732
-0
17.3596
-0
-0
-0
0.922957
14.3943
-0
-0
-0
-0
-0
19.7336
-0
-0
5.27201
-0
-0
18.0324
0.26677
3.03558
-0
-0
-0
-0
-0
16.2666
-0
17.9008
0.45068
-0
-0
-0
2.15462
-0
-0
-0
-0
-0
0.148914
-0
-0
24.4181
4.3316
-0
-0
-0
-0
-0
-0
-0
-0
25.8037
-0
-0
-0
-0
-0
11.9665
-0
-0
-0
-0
-0
-0
-0
-0
-0
8.26093
-0
-0
-0
-0
0.96073
-0
13.9665
-0
-0
-0
-0
1.00877
-0
-0
-0
-0
-0
-0
3.56593
11.6049
0.0968569
-0
11.9797
-0
23.329
-0
-0
-0
9.81493
-0
-0
28.6577
-0
-0
-0
-0
-0
-0
-0
-0
-0
15.473
-0
-0
-0
-0
-0
-0
3.22932
4.3464
-0
-0
28.1774
-0
-0
-0
-0
-0
3.05796
-0
-0
-0
-0
32.6044
-0
-0
-0
-0
-0
-0
-0
-0
-0
-0
-0
-0
-0
-0
-0
-0
-0
-0
2.42816
-0
23.8068
-0
-0
-0
-0
-0
30.2004
9.97327
-0
-0
-0
11.3451
9.52424
22.5628
-0
8.53587
11.9952
-0
-0
-0
-0
-0
31.8843
-0
-0
8.11929
-0
-0
-0
-0
-0
-0
-0
33.4045
-0
-0
-0
49.5734
-0
0.667919
-0
-0
18.3565
-0
-0
-0
0.0377965
-0
-0
-0
-0
-0
-0
-0
-0
-0
-0
-0
-0
13.7829
16.3125
-0
-0
-0
-0
11.7215
-0
-0
-0
4.96192
-0
5.4939
-0
-0
30.8073
-0
-0
-0
12.5509
-0
-0
-0
38.4509
-0
-0
7.61431
-0
-0
0.337441
3.41495
-0
5.31124
-0
-0
6.44453
-0
-0
-0
-0
-0
11.051
0.000197828
-0
10.4505
-0
24.3626
14.4033
-0
5.50983
-0
-0
-0
-0
-0
-0
-0
12.9713
-0
-0
-0
-0
-0
-0
-0
-0
15.525
-0
-0
22.9376
-0
-0
5.85998
-0
-0
-0
-0
-0
-0
-0
-0
-0
-0
6.60672
-0
-0
-0
-0
-0
-0
-0
34.4471
-0
-0
-0
-0
-0
-0
34.2688
-0
15.305
-0
-0
-0
-0
-0
-0
25.4763
20.8246
-0
-0
-0
-0
-0
-0
4.76564
-0
-0
-0
-0
-0
13.313
-0
-0
-0
-0
-0
5.94228
2.51749
-0
21.375
-0
-0
-0
-0
5.25899
28.9814
-0
4.67028
-0
-0
-0
1.19786
-0
-0
-0
-0
-0
-0
-0
24.9591
6.63836
-0
-0
-0
-0
-0
-0
-0
-0
-0
-0
-0
-0
10.9066
-0
0.846271
19.2908
-0
-0
-0
-0
12.7846
9.50064
-0
-0
3.80775
-0
-0
-0
-0
-0
-0
-0
-0
-0
-0
-0
-0
-0
-0
-0
-0
-0
9.00968
7.3382
-0
6.03422
-0
-0
0.305306
-0
15.9792
-0
11.3871
7.61882
-0
27.5536
-0
-0
-0
25.4804
-0
-0
15.2157
8.55809
-0
-0
-0
-0
-0
-0
11.6992
-0
3.52693
-0
-0
-0
-0
-0
-0
28.705
-0
11.0734
-0
-0
-0
-0
3.46917
-0
-0
-0
-0
-0
-0
-0
-0
-0
-0
-0
-0
13.1974
-0
22.3251
-0
13.7364
-0
-0
-0
-0
28.9347
1.36898
-0
52.7537
0.86494
-0
-0
-0
-0
-0
-0
-0
-0
-0
-0
27.4255
-0
-0
5.40106
-0
-0
2.53605
-0
-0
-0
6.82548
-0
-0
-0
-0
-0
-0
15.8546
0.21803
7.24161
5.14404
-0
-0
-0
-0
1.04081
-0
-0
-0
-0
-0
-0
2.56949
12.7771
-0
-0
-0
-0
-0
-0
-0
-0
-0
-0
30.0625
-0
-0
-0
-0
-0
-0
3.83293
-0
-0
-0
-0
9.1625
-0
-0
9.83617
11.5559
13.5115
-0
-0
39.566
-0
4.81876
-0
24.7659
15.7348
-0
-0
-0
30.1691
9.5289
31.7119
-0
1.28901
-0
-0
-0
-0
34.0492
-0
-0
7.02551
-0
-0
24.972
6.16814
-0
1.79359
-0
-0
-0
-0
-0
-0
40.3416
-0
-0
-0
-0
11.674
-0
8.12026
32.3452
-0
-0
10.7262
-0
-0
0.288972
-0
-0
-0
-0
-0
-0
-0
5.69098
-0
2.9485
-0
-0
-0
-0
36.395
-0
10.1259
-0
2.27433
-0
-0
0.0354288
-0
-0
-0
32.6452
-0
0.0372918
-0
15.6625
-0
-0
12.3473
-0
-0
-0
-0
-0
-0
-0
-0
-0
-0
-0
-0
-0
21.1677
-0
-0
35.422
-0
5.17333
-0
2.58562
4.47463
-0
-0
-0
-0
-0
-0
-0
-0
10.5996
36.4069
-0
-0
-0
-0
-0
-0
-0
51.8246
-0
-0
-0
-0
-0
-0
41.0803
-0
-0
4.24524
-0
15.7754
-0
-0
-0
-0
-0
-0
24.348
-0
-0
-0
-0
-0
-0
-0
-0
11.7395
34.3727
-0
-0
-0
-0
-0
-0
-0
-0
-0
-0
-0
3.72869
-0
-0
26.3008
3.89613
-0
-0
-0
-0
-0
23.7256
-0
-0
0.554049
-0
36.0989
-0
-0
3.66939
2.14457
-0
-0
-0
-0
2.74712
28.8685
-0
-0
-0
-0
-0
-0
-0
8.13764
-0
13.1547
-0
-0
12.3842
-0
-0
-0
-0
-0
-0
5.6864
4.99948
-0
-0
-0
-0
1.04978
12.0431
20.7023
-0
20.2566
-0
31.8859
6.65278
-0
5.99243
11.499
-0
-0
5.08427
19.9038
-0
-0
30.0867
10.9647
-0
-0
-0
0.0501077
-0
-0
32.5512
2.10284
-0
-0
-0
-0
-0
-0
-0
-0
-0
12.0224
-0
-0
-0
-0
-0
-0
-0
-0
-0
-0
-0
23.9809
-0
-0
-0
-0
-0
-0
-0
-0
-0
6.11994
-0
-0
-0
12.5967
-0
6.3212
-0
-0
-0
30.2692
-0
-0
-0
-0
-0
-0
-0
6.99982
5.01796
9.51276
-0
-0
-0
-0
1.97348
-0
-0
-0
34.8432
-0
-0
-0
-0
19.2149
-0
-0
-0
-0
-0
-0
-0
-0
47.8794
-0
-0
-0
-0
-0
-0
-0
2.56724
3.96266
-0
-0
9.91124
-0
-0
-0
9.90003
-0
-0
-0
-0
-0
-0
-0
-0
-0
-0
43.2656
-0
-0
-0
27.2769
-0
-0
-0
-0
27.9549
-0
-0
-0
4.29607
-0
-0
3.8635
-0
-0
-0
-0
-0
9.70622
6.01889
-0
12.4904
-0
21.5434
-0
5.12891
-0
-0
16.6993
-0
-0
-0
-0
3.87502
-0
-0
-0
-0
-0
-0
-0
-0
11.6822
-0
21.1898
-0
-0
-0
12.7269
-0
-0
-0
-0
-0
13.0621
15.5323
-0
5.98486
-0
-0
10.7862
-0
-0
15.5751
3.53466
-0
-0
-0
-0
-0
-0
-0
19.3132
-0
-0
-0
12.3803
-0
-0
-0
-0
-0
-0
-0
-0
-0
-0
-0
-0
-0
-0
-0
-0
-0
-0
-0
11.7294
-0
-0
-0
-0
-0
16.4228
6.1304
2.00519
-0
-0
-0
-0
10.6842
-0
-0
-0
-0
21.5115
-0
-0
-0
-0
-0
-0
-0
-0
-0
-0
-0
-0
25.1074
21.2049
-0
-0
-0
-0
-0
26.7776
-0
-0
-0
21.0568
-0
-0
-0
-0
40.8183
-0
-0
19.6863
-0
-0
8.6333
-0
-0
-0
-0
-0
-0
-0
-0
-0
-0
-0
-0
-0
24.2268
-0
3.99441
-0
7.4727
-0
-0
-0
12.6436
-0
-0
7.12494
-0
-0
12.0355
-0
-0
-0
-0
6.34824
1.88624
23.4392
25.5439
-0
-0
-0
3.58211
-0
-0
-0
-0
-0
-0
-0
-0
-0
-0
2.09681
-0
-0
-0
10.6852
-0
-0
-0
-0
30.4895
-0
-0
7.20229
0.403193
-0
-0
-0
1.25439
-0
-0
-0
-0
2.39612
-0
11.2853
-0
-0
-0
-0
39.9018
-0
-0
-0
-0
-0
42.9278
-0
-0
-0
-0
13.088
-0
-0
-0
-0
-0
-0
-0
-0
-0
-0
-0
-0
17.7114
-0
-0
-0
-0
-0
49.5453
6.63927
-0
18.5197
15.8967
-0
-0
-0
23.924
-0
-0
-0
-0
0.339953
22.7778
-0
9.76754
-0
-0
-0
-0
-0
-0
28.6299
-0
30.6394
-0
-0
7.4426
-0
-0
-0
-0
-0
-0
-0
-0
-0
3.8158
-0
23.7727
-0
-0
-0
-0
-0
-0
-0
-0
-0
-0
-0
-0
-0
-0
-0
16.6404
-0
-0
-0
-0
2.9569
-0
-0
17.851
-0
10.3074
18.393
-0
-0
18.5364
-0
-0
2.12464
-0
-0
-0
-0
-0
-0
-0
-0
-0
4.05838
52.109
7.38494
-0
4.88565
-0
-0
-0
-0
11.1754
-0
-0
-0
-0
-0
-0
-0
-0
-0
-0
-0
13.8349
-0
12.1464
3.13124
-0
0.742727
-0
-0
-0
-0
1.97843
-0
-0
-0
-0
-0
-0
-0
-0
-0
-0
-0
31.4645
1.83773
-0
-0
-0
-0
-0
0.98817
-0
-0
1.9518
-0
-0
-0
-0
-0
-0
-0
-0
-0
-0
-0
-0
-0
-0
-0
-0
-0
-0
-0
-0
-0
-0
-0
-0
-0
-0
-0
-0
-0
28.7022
-0
-0
-0
26.81
-0
-0
-0
-0
20.4201
-0
-0
-0
-0
-0
-0
0.665813
-0
-0
-0
-0
-0
-0
6.71112
42.7252
-0
-0
-0
-0
-0
-0
-0
-0
-0
-0
-0
22.3197
26.7486
-0
-0
6.55486
-0
6.21857
0.0312789
-0
-0
-0
-0
4.81465
9.01079
-0
-0
-0
-0
-0
-0
0.154819
8.63258
-0
-0
-0
-0
-0
-0
-0
-0
3.15873
-0
-0
0.360819
13.7221
-0
-0
-0
-0
-0
-0
-0
-0
39.0418
-0
-0
-0
-0
-0
-0
-0
-0
11.7933
-0
-0
-0
11.4557
-0
-0
-0
-0
-0
4.60519
-0
2.47921
-0
-0
-0
14.1482
-0
-0
-0
15.3452
-0
5.08466
-0
-0
12.6482
-0
-0
-0
-0
-0
-0
-0
-0
-0
-0
-0
9.4597
-0
4.204
-0
-0
-0
-0
-0
-0
-0
5.17427
-0
-0
21.4553
15.5702
-0
17.905
6.696
-0
-0
-0
-0
-0
16.785
-0
-0
12.5519
-0
-0
-0
21.6561
20.6693
6.69503
-0
-0
-0
-0
-0
12.9253
-0
-0
1.55062
-0
-0
-0
-0
-0
-0
1.74778
-0
-0
27.4581
-0
-0
-0
21.2411
-0
-0
-0
-0
-0
-0
-0
-0
-0
-0
-0
-0
-0
2.77433
-0
-0
-0
-0
-0
-0
-0
-0
28.0097
-0
-0
-0
8.8995
-0
-0
9.58395
2.10357
-0
32.3779
-0
-0
-0
-0
-0
-0
-0
-0
34.6062
-0
17.1671
11.5825
-0
0.551758
-0
-0
-0
7.38316
0.150747
-0
-0
3.06368
-0
-0
8.05173
-0
-0
-0
-0
1.6315
-0
-0
-0
-0
-0
-0
-0
-0
-0
-0
-0
-0
-0
-0
-0
-0
-0
-0
-0
12.4413
1.60429
-0
-0
-0
-0
11.5546
-0
-0
-0
-0
-0
-0
-0
-0
-0
-0
-0
-0
-0
-0
-0
-0
-0
-0
3.25919
-0
-0
-0
5.88796
-0
-0
19.4939
-0
-0
-0
-0
23.2916
-0
-0
-0
-0
-0
-0
27.9076
-0
9.63615
-0
-0
28.5915
-0
3.25944
-0
-0
-0
-0
-0
-0
-0
-0
-0
-0
-0
-0
-0
-0
-0
-0
-0
-0
4.45155
-0
-0
-0
-0
-0
-0
-0
10.5486
-0
-0
-0
-0
14.7146
-0
49.9992
-0
-0
-0
-0
-0
-0
-0
-0
-0
-0
-0
-0
-0
-0
42.082
-0
-0
37.8184
-0
-0
-0
-0
-0
5.09338
-0
-0
-0
16.9641
-0
9.1124
9.83135
1.76253
10.9261
-0
-0
-0
-0
-0
-0
-0
-0
-0
18.352
32.6169
-0
-0
-0
-0
-0
-0
-0
-0
45.0617
11.5811
-0
-0
-0
5.50911
-0
-0
-0
-0
-0
4.39495
13.9827
3.3156
-0
-0
4.20436
-0
-0
-0
-0
-0
8.15243
-0
12.6752
-0
1.86321
-0
10.885
5.21626
40.7071
-0
6.6919
23.7233
-0
1.47553
-0
-0
-0
-0
-0
-0
-0
0.0628902
-0
-0
-0
-0
-0
29.5533
-0
-0
-0
-0
-0
-0
-0
11.6978
-0
-0
2.50025
-0
-0
-0
-0
16.6235
-0
-0
-0
-0
-0
-0
12.5251
4.59381
1.57297
-0
-0
-0
-0
2.40384
-0
-0
16.3233
-0
-0
-0
-0
-0
25.1408
-0
-0
14.6761
-0
-0
-0
-0
-0
-0
12.6671
-0
-0
-0
22.6928
1.13374
-0
-0
-0
-0
-0
-0
44.4929
-0
2.80634
-0
15.9453
0.368358
-0
-0
-0
6.34569
-0
-0
-0
7.98652
3.47823
-0
-0
-0
-0
33.1962
-0
-0
1.8104
-0
15.4903
-0
11.5648
-0
-0
-0
-0
1.46748
-0
3.56764
-0
-0
-0
4.37425
-0
3.27218
11.2414
-0
-0
-0
-0
-0
-0
7.99914
-0
-0
-0
-0
-0
-0
-0
-0
-0
-0
-0
-0
-0
-0
-0
1.61832
33.1888
31.6333
-0
-0
-0
-0
-0
-0
-0
-0
-0
-0
-0
47.971
-0
-0
-0
-0
42.3711
-0
10.7122
-0
1.59706
-0
-0
4.80224
-0
3.9317
-0
28.7912
-0
51.1523
-0
-0
-0
-0
-0
-0
-0
26.0409
-0
-0
2.32298
-0
-0
17.3262
4.78668
13.2335
2.05853
-0
-0
-0
-0
-0
-0
25.6217
-0
7.60495
9.36766
7.84906
18.2484
35.486
-0
12.7504
7.03186
-0
38.8212
6.54562
-0
6.71741
-0
-0
-0
-0
-0
-0
-0
-0
-0
-0
-0
-0
0.962193
-0
10.5389
-0
-0
-0
-0
-0
-0
-0
-0
-0
-0
-0
-0
-0
-0
-0
-0
6.02134
-0
-0
-0
-0
-0
-0
-0
-0
-0
-0
3.72671
-0
-0
-0
-0
-0
-0
31.7145
-0
33.4175
-0
-0
6.66531
4.07983
-0
-0
-0
-0
-0
-0
-0
-0
-0
-0
-0
-0
-0
-0
-0
-0
-0
1.60685
-0
-0
-0
23.8588
-0
-0
-0
-0
-0
-0
-0
-0
3.74606
-0
-0
-0
-0
25.0611
-0
-0
23.4211
-0
-0
-0
4.20353
-0
-0
-0
16.5822
-0
-0
-0
-0
-0
19.302
18.2321
-0
-0
-0
-0
13.7918
-0
19.8932
15.2602
-0
2.6983
-0
-0
-0
-0
-0
-0
-0
-0
-0
-0
-0
-0
-0
20.0066
-0
-0
11.6287
-0
-0
-0
-0
21.2905
4.52919
34.5511
-0
-0
-0
-0
-0
4.07645
-0
12.9249
-0
-0
4.91979
-0
-0
-0
6.45177
-0
6.54127
-0
-0
-0
-0
-0
-0
-0
-0
-0
-0
16.7985
-0
-0
-0
-0
3.57931
-0
-0
-0
-0
-0
-0
-0
-0
-0
27.5722
8.42378
-0
20.7887
-0
-0
-0
12.2197
3.21243
31.7778
-0
-0
-0
-0
-0
-0
-0
-0
7.53762
-0
-0
-0
-0
-0
1.77147
-0
-0
31.0202
14.0689
1.29996
-0
-0
-0
-0
-0
-0
-0
-0
-0
-0
13.6368
-0
21.5758
-0
-0
8.48496
-0
-0
-0
-0
12.3488
-0
-0
-0
-0
-0
-0
-0
11.9425
-0
-0
-0
-0
20.5156
-0
4.61242
0.691221
-0
-0
-0
35.5825
-0
31.5608
-0
-0
-0
31.2401
-0
4.33522
-0
4.79983
-0
5.08724
-0
-0
-0
4.47948
0.195887
-0
-0
13.387
-0
-0
28.0443
-0
-0
29.3295
-0
12.5195
3.88077
-0
-0
12.8524
-0
-0
18.5316
-0
5.83902
-0
-0
-0
-0
-0
1.86422
-0
-0
-0
-0
-0
-0
-0
-0
3.28985
-0
-0
-0
-0
9.07794
-0
-0
-0
-0
-0
-0
-0
2.03977
-0
-0
-0
40.7228
14.1871
31.6047
-0
-0
-0
-0
-0
-0
3.90697
18.6345
-0
-0
-0
-0
-0
-0
-0
-0
-0
-0
-0
-0
-0
-0
-0
-0
-0
-0
-0
-0
-0
-0
3.8654
-0
-0
25.916
-0
-0
0.78679
-0
-0
16.7746
-0
-0
7.21003
-0
-0
-0
-0
-0
-0
-0
-0
-0
-0
1.98968
-0
-0
-0
-0
-0
-0
-0
-0
-0
-0
22.7461
19.9427
-0
-0
-0
-0
-0
-0
-0
-0
-0
-0
29.542
-0
-0
-0
-0
-0
-0
-0
-0
-0
19.555
25.749
-0
17.5558
25.2884
-0
-0
-0
-0
5.49362
-0
35.3947
-0
-0
-0
-0
-0
-0
-0
2.07916
-0
-0
-0
-0
-0
-0
-0
15.0952
-0
-0
-0
41.2325
-0
11.9416
-0
-0
6.62872
-0
-0
-0
-0
13.8728
-0
4.58982
24.0299
-0
-0
-0
28.0779
29.7734
50.7866
-0
-0
-0
-0
-0
-0
-0
-0
3.98951
-0
-0
-0
-0
3.6585
5.44181
-0
22.2561
-0
-0
-0
-0
-0
-0
-0
-0
18.5708
-0
-0
-0
-0
-0
2.40715
-0
-0
-0
0.182056
-0
-0
-0
-0
-0
-0
-0
-0
-0
-0
-0
-0
-0
-0
-0
25.5765
-0
-0
55.4212
-0
-0
-0
36.6074
-0
-0
3.09116
-0
-0
-0
-0
12.5928
-0
-0
-0
-0
-0
0.514762
-0
-0
-0
-0
9.63827
-0
-0
-0
-0
0.634557
-0
-0
4.14202
-0
-0
-0
41.7816
-0
-0
-0
-0
9.86279
9.08594
-0
-0
43.5069
-0
-0
-0
-0
-0
-0
14.6696
-0
-0
-0
-0
-0
1.22331
-0
-0
17.0741
0.675644
10.4917
3.27924
-0
-0
-0
-0
-0
-0
-0
-0
-0
17.8871
-0
-0
-0
-0
-0
-0
-0
-0
-0
-0
-0
-0
-0
23.577
0.736126
38.5205
-0
14.6989
-0
30.3896
-0
-0
-0
-0
-0
11.1417
46.5175
-0
-0
-0
-0
-0
0.764764
3.77116
-0
-0
8.35954
-0
-0
-0
-0
-0
-0
-0
-0
9.82091
-0
-0
-0
-0
-0
-0
-0
-0
3.55247
15.2846
-0
4.48249
-0
-0
-0
8.14197
-0
-0
-0
-0
-0
5.91424
6.23858
16.5321
-0
-0
-0
-0
-0
-0
-0
-0
-0
-0
-0
-0
52.6515
-0
-0
7.44338
-0
-0
-0
-0
-0
-0
-0
-0
-0
-0
-0
-0
1.46252
-0
-0
-0
-0
7.2412
-0
-0
-0
-0
-0
-0
24.1961
6.56313
-0
-0
-0
-0
-0
-0
-0
-0
20.1794
-0
-0
0.1703
24.2905
7.50936
-0
-0
-0
10.814
-0
-0
17.0361
-0
-0
-0
-0
-0
-0
-0
-0
-0
0.454705
-0
-0
20.3692
16.024
-0
-0
0.55995
-0
-0
-0
-0
-0
-0
23.3885
-0
-0
-0
-0
12.9143
2.58949
-0
12.0456
22.9111
6.34875
-0
-0
-0
-0
19.7188
-0
-0
6.92435
-0
-0
-0
-0
-0
-0
-0
-0
-0
-0
-0
-0
34.9757
3.40052
2.76155
-0
-0
-0
15.4568
-0
13.9585
3.16644
-0
-0
-0
-0
-0
-0
53.6468
-0
-0
15.1439
-0
-0
27.7624
-0
-0
5.08938
-0
-0
-0
8.78415
-0
-0
-0
4.22543
25.7311
-0
-0
3.19115
-0
-0
-0
-0
-0
-0
-0
-0
-0
-0
-0
-0
-0
-0
-0
17.7325
-0
34.7741
-0
10.882
-0
-0
8.71972
-0
15.6741
-0
-0
-0
-0
-0
-0
-0
-0
35.0924
-0
-0
18.8029
-0
28.8857
-0
-0
10.3454
-0
-0
11.8258
-0
-0
-0
-0
-0
-0
-0
-0
-0
-0
-0
-0
17.0882
-0
-0
-0
-0
-0
-0
-0
-0
-0
-0
-0
-0
-0
-0
-0
15.2499
-0
0.867435
-0
-0
-0
-0
-0
-0
-0
-0
-0
-0
-0
-0
-0
-0
-0
-0
-0
-0
-0
1.12207
-0
-0
-0
-0
20.5626
-0
6.4287
-0
-0
15.56
-0
-0
-0
-0
-0
-0
7.89047
-0
-0
-0
-0
-0
-0
-0
-0
15.9749
10.2618
8.3537
27.5525
-0
-0
-0
2.30832
-0
15.5627
-0
-0
-0
-0
-0
-0
-0
-0
-0
-0
1.41774
-0
-0
1.4482
5.24155
-0
-0
41.0701
9.40351
-0
-0
11.0476
-0
0.46056
-0
-0
-0
5.74017
-0
20.6684
19.4976
-0
-0
-0
-0
-0
16.0011
-0
-0
-0
-0
-0
5.74807
-0
-0
-0
0.811476
3.16156
29.4739
-0
14.8956
-0
-0
-0
-0
-0
-0
-0
-0
-0
9.83909
42.5403
-0
41.1076
-0
2.43133
-0
-0
-0
-0
9.62362
-0
-0
-0
10.9118
-0
-0
-0
-0
-0
-0
-0
-0
-0
6.26621
-0
-0
-0
-0
-0
-0
-0
2.50798
-0
-0
3.01005
-0
-0
-0
-0
-0
-0
-0
-0
-0
32.4309
-0
-0
-0
-0
1.36765
-0
7.48535
-0
-0
-0
-0
-0
-0
-0
13.2048
-0
-0
-0
-0
1.23698
-0
-0
-0
-0
14.8984
3.92113
-0
-0
4.49385
3.37773
-0
26.2922
-0
-0
-0
-0
-0
-0
-0
-0
-0
-0
-0
-0
-0
-0
-0
-0
6.67347
25.6639
-0
-0
-0
-0
14.4041
17.3188
24.7657
-0
-0
-0
8.60893
-0
-0
-0
19.6609
20.4564
3.13051
-0
3.76274
-0
-0
8.49669
6.2908
-0
-0
18.8692
-0
21.1057
-0
10.1401
-0
-0
-0
-0
-0
5.51561
-0
-0
-0
-0
-0
-0
-0
-0
3.58904
-0
22.9282
-0
2.58485
-0
-0
-0
-0
-0
-0
-0
-0
-0
20.0611
3.66335
-0
18.4885
-0
31.3866
-0
-0
-0
-0
-0
-0
-0
-0
-0
1.92348
-0
-0
-0
32.9188
-0
-0
-0
-0
-0
-0
-0
-0
-0
-0
2.84644
-0
-0
12.8496
-0
8.79071
31.6034
0.737639
-0
17.066
-0
-0
-0
-0
-0
-0
-0
-0
-0
-0
-0
-0
-0
-0
-0
-0
-0
3.64949
14.7469
-0
-0
-0
6.87909
-0
2.8871
-0
-0
35.2454
2.44618
-0
5.68044
-0
-0
-0
8.34428
18.6017
-0
-0
-0
10.7544
-0
-0
-0
-0
-0
-0
-0
-0
8.02306
-0
33.6084
-0
-0
-0
-0
-0
-0
-0
-0
22.337
19.3121
4.18538
9.40565
-0
-0
-0
-0
5.23203
-0
-0
-0
-0
-0
22.2263
-0
-0
18.5823
-0
-0
-0
-0
5.50531
-0
16.9036
-0
-0
13.4537
36.2937
-0
-0
-0
-0
-0
5.79257
-0
-0
-0
-0
3.3383
-0
-0
-0
-0
-0
-0
-0
-0
-0
-0
-0
-0
-0
-0
10.1485
-0
12.3887
-0
-0
-0
18.2758
-0
-0
5.81966
-0
-0
-0
-0
3.52736
-0
-0
0.927533
8.13795
-0
-0
8.62721
14.6967
-0
-0
-0
28.2346
-0
-0
-0
-0
20.5067
-0
-0
-0
-0
-0
-0
6.87006
-0
-0
-0
-0
-0
8.98754
-0
-0
-0
17.4066
-0
16.1864
-0
-0
-0
-0
-0
-0
8.22433
-0
-0
19.9435
-0
-0
13.1941
25.909
22.082
-0
-0
-0
9.4107
-0
-0
-0
-0
-0
-0
-0
7.53734
14.826
-0
5.28702
-0
-0
-0
-0
-0
-0
-0
-0
23.3529
-0
-0
16.998
-0
-0
-0
-0
-0
20.6098
-0
-0
-0
-0
5.8655
-0
-0
-0
-0
-0
7.03794
-0
-0
-0
18.3798
-0
-0
-0
2.06116
-0
5.08072
-0
-0
-0
6.48438
5.04029
-0
-0
-0
-0
-0
6.55838
-0
9.67144
-0
25.0186
12.2175
-0
-0
-0
14.7837
-0
-0
-0
-0
-0
-0
-0
-0
2.37646
-0
-0
2.212
-0
-0
-0
-0
-0
32.244
-0
2.19327
-0
-0
15.7641
3.96093
-0
-0
9.04101
25.318
18.5795
-0
-0
-0
2.8645
-0
-0
-0
-0
-0
-0
-0
1.26027
1.45284
-0
-0
11.1972
-0
-0
24.2996
-0
-0
-0
-0
-0
-0
-0
-0
16.6306
17.4491
-0
-0
-0
-0
-0
-0
2.79671
-0
-0
-0
-0
-0
0.0510262
9.58427
-0
10.8653
29.9951
-0
-0
-0
0.216985
-0
-0
-0
10.3084
9.22753
-0
9.51079
54.7066
-0
-0
-0
46.4191
20.2698
-0
15.0509
-0
-0
-0
34.8464
-0
-0
-0
2.97785
-0
-0
-0
-0
-0
-0
-0
-0
-0
-0
-0
-0
-0
3.57419
-0
-0
-0
-0
-0
-0
-0
16.9765
-0
-0
-0
-0
11.7069
10.2555
7.34336
-0
-0
-0
-0
10.1702
-0
2.76935
-0
-0
33.0238
-0
18.5541
-0
-0
-0
-0
-0
12.5069
-0
-0
0.0858109
-0
-0
7.61535
34.3887
-0
-0
11.0283
-0
-0
15.0594
-0
16.9824
16.791
2.23145
-0
14.5275
-0
-0
-0
-0
-0
2.17368
-0
7.58282
-0
-0
14.7128
-0
29.634
-0
-0
-0
-0
28.3086
-0
0.600766
13.7842
26.9451
-0
-0
-0
-0
-0
-0
-0
-0
-0
2.59194
30.119
18.7119
32.5712
-0
5.40213
-0
-0
-0
-0
-0
-0
0.35403
-0
-0
-0
-0
-0
-0
-0
-0
-0
-0
-0
32.8239
24.7209
35.3437
12.0442
-0
-0
-0
-0
-0
0.817932
-0
-0
11.055
-0
-0
20.8751
-0
-0
-0
-0
-0
35.9158
-0
-0
-0
-0
-0
-0
-0
-0
-0
-0
-0
1.68261
-0
-0
-0
-0
-0
10.1913
-0
-0
-0
-0
-0
-0
-0
47.0922
5.589
4.37044
-0
-0
-0
-0
-0
-0
-0
3.41526
-0
-0
-0
-0
-0
-0
-0
6.00678
-0
-0
-0
-0
-0
12.6651
-0
26.9774
2.2092
-0
-0
-0
-0
-0
-0
-0
10.5252
-0
-0
49.1802
-0
-0
-0
23.0795
-0
-0
-0
-0
-0
11.1729
34.1159
-0
-0
-0
-0
-0
-0
-0
-0
30.8955
-0
7.5598
-0
-0
-0
0.91074
1.69566
-0
-0
-0
-0
2.8278
-0
-0
-0
-0
-0
-0
23.8662
-0
-0
-0
-0
-0
-0
22.1035
-0
-0
-0
-0
-0
-0
36.7215
6.50125
11.1975
4.47969
-0
-0
-0
-0
-0
-0
-0
14.252
-0
-0
-0
-0
-0
9.38022
-0
-0
-0
-0
-0
-0
-0
-0
-0
-0
-0
-0
-0
-0
-0
-0
-0
-0
3.99836
-0
-0
-0
0.124986
-0
0.393408
-0
-0
-0
10.5349
60.654
-0
-0
8.22908
14.7255
-0
2.58696
-0
21.9992
-0
-0
29.7986
-0
40.5729
-0
-0
-0
27.1534
1.80387
37.7282
-0
-0
1.84573
6.81045
-0
-0
-0
-0
-0
-0
-0
-0
-0
-0
2.87907
-0
-0
8.93821
7.03967
-0
-0
-0
-0
16.7342
-0
-0
-0
5.36302
-0
-0
1.37881
-0
-0
-0
-0
-0
-0
-0
-0
-0
-0
18.2036
-0
-0
10.1451
-0
-0
7.17137
-0
15.2152
-0
-0
-0
-0
-0
0.68881
-0
-0
7.59575
-0
-0
-0
-0
-0
27.3313
-0
-0
14.1868
-0
-0
-0
17.1184
-0
