1.09083
-0
-0
-0
-0
9.68475
-0
-0
-0
-0
25.3027
-0
-0
-0
-0
3.0754
-0
-0
42.1901
-0
-0
-0
-0
3.05676
-0
4.19727
41.8029
-0
-0
-0
-0
-0
-0
-0
-0
-0
-0
-0
-0
-0
-0
-0
2.21382
2.87266
-0
12.5546
-0
-0
-0
-0
-0
-0
-0
36.2723
-0
-0
-0
1.63309
12.1422
-0
-0
-0
51.1039
-0
-0
-0
-0
11.6117
-0
0.311513
-0
-0
-0
-0
-0
-0
-0
-0
-0
2.88656
-0
68.5907
23.2523
-0
-0
-0
-0
33.157
-0
-0
-0
-0
-0
-0
-0
-0
-0
-0
-0
-0
-0
-0
-0
-0
11.4839
-0
5.51282
-0
-0
-0
27.6885
-0
0.0533667
-0
-0
-0
21.1341
-0
41.0172
21.435
3.37856
-0
24.0482
9.27704
16.7472
-0
-0
20.0911
-0
-0
12.7839
-0
33.9177
-0
-0
-0
2.42043
-0
-0
-0
-0
-0
-0
8.20664
-0
-0
-0
-0
-0
-0
-0
-0
-0
34.2674
-0
-0
-0
-0
-0
0.76385
-0
-0
-0
13.0734
-0
-0
-0
-0
-0
35.779
-0
6.9038
-0
-0
5.91869
-0
-0
-0
11.4212
37.788
14.1265
-0
-0
-0
-0
5.71297
-0
-0
-0
-0
-0
8.03784
-0
48.1744
-0
-0
-0
-0
-0
-0
-0
12.1034
-0
-0
-0
-0
-0
-0
-0
-0
33.4142
-0
30.6596
-0
-0
25.2952
-0
11.1486
1.00156
-0
-0
-0
-0
-0
-0
-0
-0
-0
-0
-0
-0
8.16629
-0
-0
-0
-0
-0
-0
-0
-0
-0
-0
-0
-0
-0
-0
-0
-0
-0
-0
-0
-0
-0
-0
-0
-0
-0
-0
16.3775
-0
-0
29.2112
-0
-0
1.55445
2.15574
28.5329
19.2272
-0
-0
18.9794
-0
-0
21.6318
-0
-0
-0
-0
-0
-0
-0
5.05891
-0
10.5801
-0
-0
-0
-0
-0
-0
1.65448
-0
-0
-0
-0
-0
6.36197
-0
-0
1.06452
-0
-0
-0
-0
-0
20.9432
-0
-0
30.3308
-0
-0
24.6003
-0
-0
-0
0.206484
-0
-0
-0
-0
-0
-0
-0
-0
30.3213
-0
-0
-0
-0
-0
-0
-0
14.0006
22.2539
-0
-0
-0
6.77886
0.91212
20.099
-0
-0
-0
28.6007
-0
-0
-0
-0
22.2731
-0
15.4272
-0
-0
-0
-0
-0
-0
-0
-0
16.9457
7.84228
-0
-0
41.5346
-0
1.33439
-0
-0
-0
-0
-0
3.18504
0.321019
22.184
-0
-0
-0
-0
-0
-0
-0
-0
-0
-0
-0
2.00447
28.0589
-0
-0
-0
-0
-0
-0
-0
-0
27.31
-0
18.466
-0
-0
23.9835
28.7879
-0
-0
27.8576
-0
-0
9.40774
38.6707
42.4696
-0
-0
-0
-0
11.4724
-0
-0
-0
-0
-0
53.1222
-0
-0
-0
15.6945
15.8914
14.8989
-0
-0
36.7371
-0
35.5791
23.8508
-0
23.2655
-0
-0
-0
-0
-0
-0
12.4545
45.3405
-0
-0
-0
-0
-0
-0
-0
10.3221
39.971
-0
-0
29.5422
-0
-0
-0
-0
-0
-0
-0
-0
-0
12.8848
-0
-0
-0
-0
-0
-0
-0
-0
-0
-0
2.10229
5.38195
-0
-0
-0
-0
-0
-0
4.52713
-0
-0
-0
-0
-0
-0
-0
-0
-0
-0
-0
-0
-0
-0
-0
-0
-0
-0
-0
-0
-0
-0
12.1051
-0
-0
-0
-0
-0
-0
9.14417
-0
12.2355
-0
-0
23.8769
-0
-0
21.1648
-0
24.4788
-0
-0
-0
13.4551
-0
6.07016
-0
-0
-0
-0
-0
28.8378
15.7225
1.57024
-0
-0
-0
-0
-0
-0
-0
-0
-0
-0
15.0576
-0
-0
3.71967
-0
-0
31.0081
-0
-0
-0
32.2189
-0
-0
-0
4.50863
-0
-0
-0
-0
-0
-0
-0
-0
-0
9.64138
-0
-0
2.09473
-0
-0
2.06918
21.7556
41.2712
-0
8.39208
31.4609
-0
-0
-0
5.10869
16.4236
25.0848
-0
-0
23.6573
-0
-0
-0
12.5091
65.6913
-0
-0
14.8356
-0
-0
-0
-0
-0
-0
-0
-0
12.6524
-0
-0
-0
3.81538
-0
-0
65.0377
-0
-0
-0
12.3881
-0
-0
21.3381
-0
-0
-0
-0
-0
-0
-0
-0
-0
-0
-0
-0
-0
-0
-0
-0
-0
-0
-0
-0
-0
-0
-0
-0
20.6919
-0
-0
-0
-0
-0
-0
-0
-0
-0
-0
-0
-0
-0
14.5735
-0
-0
19.3021
-0
-0
-0
-0
-0
-0
-0
-0
-0
-0
-0
-0
-0
26.4938
4.39458
-0
9.02241
-0
-0
33.1409
-0
-0
-0
-0
-0
-0
-0
12.471
-0
-0
-0
-0
-0
-0
-0
-0
-0
-0
19.4965
-0
-0
-0
-0
-0
-0
22.3261
-0
-0
-0
-0
21.2726
-0
-0
-0
-0
41.5057
-0
-0
53.5638
-0
-0
-0
8.54104
1.32493
10.2994
26.337
-0
30.9607
1.16433
-0
-0
2.22972
-0
-0
-0
-0
-0
-0
-0
60.6828
-0
-0
-0
57.5323
-0
-0
-0
-0
-0
-0
-0
-0
42.4151
-0
-0
-0
-0
-0
6.65726
2.19938
26.3483
-0
-0
-0
-0
-0
-0
21.4692
-0
-0
-0
12.4191
-0
19.413
9.76024
-0
-0
-0
11.3756
-0
23.4549
53.2191
-0
32.4237
-0
-0
-0
-0
-0
-0
-0
-0
21.1523
-0
12.4932
-0
-0
-0
-0
13.8503
-0
-0
-0
-0
-0
-0
-0
-0
-0
16.9755
-0
-0
-0
27.6862
-0
-0
45.3961
-0
-0
-0
-0
5.74141
4.20052
-0
30.9452
-0
-0
-0
-0
-0
15.2306
36.0784
-0
-0
-0
-0
-0
-0
8.14757
39.2057
20.6112
-0
-0
-0
-0
-0
49.8071
-0
-0
-0
5.22296
19.5881
-0
-0
-0
-0
-0
-0
17.0292
-0
-0
-0
-0
-0
-0
-0
-0
-0
-0
-0
-0
-0
-0
-0
-0
-0
-0
4.55157
-0
-0
4.86983
-0
-0
36.6509
-0
-0
-0
-0
-0
-0
47.0255
12.554
-0
26.8726
-0
33.0135
-0
-0
-0
-0
-0
-0
-0
-0
19.7041
56.8223
-0
-0
-0
-0
-0
-0
6.05226
-0
-0
-0
-0
-0
18.1037
12.1809
1.52892
-0
-0
-0
-0
-0
-0
33.5708
-0
-0
-0
-0
-0
24.1901
6.23214
-0
-0
14.6398
21.5116
-0
22.6466
3.18524
-0
-0
-0
-0
-0
-0
12.9894
7.76557
19.7253
-0
-0
-0
-0
-0
-0
5.00322
-0
-0
-0
-0
-0
-0
-0
6.75656
-0
8.07322
-0
-0
11.5702
-0
-0
-0
-0
-0
-0
-0
-0
-0
-0
-0
-0
-0
-0
-0
-0
-0
-0
-0
10.2461
-0
-0
32.5527
-0
-0
-0
-0
-0
38.7852
1.08933
9.45891
-0
-0
-0
-0
-0
13.9978
5.85331
-0
-0
-0
-0
-0
-0
-0
-0
-0
-0
-0
-0
-0
-0
2.44273
-0
-0
-0
-0
-0
-0
-0
-0
65.0254
-0
-0
-0
-0
-0
68.8712
-0
-0
1.77416
-0
-0
-0
-0
4.07228
-0
62.2139
-0
-0
-0
-0
15.9424
-0
-0
22.1718
-0
-0
41.5537
-0
-0
-0
-0
-0
-0
-0
-0
3.27535
7.59575
-0
-0
12.8445
-0
-0
-0
-0
-0
-0
-0
-0
35.2115
20.0706
-0
7.32961
-0
12.2765
-0
-0
-0
-0
-0
-0
-0
-0
-0
9.46168
-0
-0
-0
-0
-0
-0
-0
-0
29.8758
-0
28.8164
-0
-0
-0
-0
22.0442
-0
-0
-0
-0
-0
26.9971
-0
5.31708
-0
-0
-0
-0
-0
13.0252
8.25732
-0
-0
-0
-0
-0
-0
-0
-0
-0
-0
3.81897
-0
-0
-0
-0
21.3086
-0
-0
-0
-0
-0
-0
-0
-0
-0
-0
-0
7.6373
-0
-0
2.20831
61.3004
-0
-0
-0
-0
-0
-0
2.34113
-0
18.4852
-0
16.333
-0
3.93982
-0
-0
5.33598
-0
12.4019
-0
-0
15.1892
-0
-0
-0
-0
-0
-0
-0
-0
-0
13.108
20.3496
-0
-0
-0
-0
-0
-0
-0
-0
-0
15.136
-0
-0
-0
-0
-0
-0
-0
-0
-0
-0
26.6459
-0
6.06181
-0
-0
-0
-0
-0
-0
-0
5.13005
-0
-0
-0
12.3139
-0
-0
5.71431
4.12556
-0
-0
2.06072
-0
-0
-0
-0
-0
-0
-0
-0
-0
-0
-0
6.32815
-0
-0
36.5343
-0
-0
-0
4.71372
-0
-0
4.30026
3.38596
-0
-0
7.08195
-0
-0
-0
23.0621
17.3208
-0
-0
-0
-0
-0
-0
-0
-0
-0
-0
62.5483
-0
-0
-0
0.692343
-0
1.54475
0.852023
-0
-0
-0
-0
6.21406
-0
26.9674
-0
-0
27.6704
-0
-0
-0
-0
-0
50.0136
9.79482
-0
2.01318
-0
6.67677
37.3969
-0
-0
-0
-0
-0
-0
-0
-0
-0
-0
-0
46.4036
-0
17.2447
-0
-0
-0
57.4548
9.05175
-0
35.069
-0
-0
2.61118
-0
43.3281
-0
-0
-0
-0
0.435083
8.59929
-0
-0
-0
-0
-0
-0
-0
-0
-0
-0
16.7446
-0
-0
-0
-0
-0
-0
-0
-0
-0
-0
-0
-0
-0
-0
30.1756
-0
-0
-0
-0
-0
-0
21.5285
-0
-0
-0
-0
-0
-0
-0
-0
32.9488
-0
-0
-0
-0
-0
-0
-0
-0
-0
3.14769
36.8994
-0
6.64828
-0
38.0114
-0
24.0048
-0
-0
-0
-0
-0
2.6395
-0
-0
-0
-0
24.5691
-0
-0
7.92365
-0
-0
30.2125
-0
-0
-0
-0
-0
-0
-0
-0
-0
-0
-0
-0
34.6209
-0
-0
-0
10.1726
-0
1.43057
-0
-0
-0
-0
1.4387
32.663
10.0422
-0
-0
-0
16.1898
-0
-0
-0
-0
-0
25.2159
6.99792
-0
-0
-0
-0
-0
-0
-0
-0
-0
-0
-0
-0
-0
8.76731
-0
-0
-0
-0
-0
-0
-0
-0
-0
-0
-0
-0
-0
-0
-0
-0
-0
-0
-0
10.5741
-0
-0
-0
1.98663
-0
-0
-0
-0
-0
-0
-0
-0
-0
3.96173
-0
8.26
-0
-0
-0
-0
2.42424
-0
-0
-0
-0
-0
-0
-0
20.0143
-0
-0
-0
-0
-0
-0
-0
-0
-0
-0
-0
32.512
41.1632
-0
-0
24.1175
-0
-0
-0
-0
0.411434
-0
-0
32.3888
4.60347
-0
18.0435
13.5658
-0
-0
-0
-0
4.57994
-0
-0
-0
-0
-0
-0
-0
-0
-0
-0
-0
-0
-0
-0
-0
-0
-0
-0
9.78062
-0
-0
5.70555
0.620318
-0
-0
-0
-0
-0
-0
11.5807
2.99283
28.5816
-0
-0
26.5075
32.1307
-0
-0
-0
24.2691
7.96567
-0
-0
-0
21.5881
-0
-0
-0
-0
-0
53.1633
-0
22.8499
-0
-0
-0
-0
32.9494
-0
-0
-0
-0
-0
-0
-0
-0
-0
-0
-0
3.8867
-0
-0
-0
-0
-0
-0
9.90984
-0
15.1028
3.19099
9.19177
-0
-0
12.907
-0
-0
-0
32.371
-0
-0
29.5109
-0
-0
37.2362
-0
20.2251
-0
14.5657
56.7526
5.13963
-0
40.5187
-0
-0
-0
6.38121
-0
-0
-0
-0
-0
-0
-0
-0
-0
-0
-0
-0
-0
-0
-0
-0
58.1848
-0
-0
-0
12.716
-0
2.74945
-0
-0
-0
-0
-0
51.6962
-0
-0
-0
-0
-0
26.3706
-0
-0
30.7472
-0
6.68746
-0
-0
-0
14.7252
-0
-0
23.3975
-0
-0
-0
-0
-0
-0
-0
-0
-0
-0
-0
26.9318
-0
3.87807
-0
-0
-0
-0
-0
-0
-0
33.3599
-0
-0
-0
-0
-0
-0
-0
-0
8.6901
-0
24.9802
-0
-0
-0
-0
-0
-0
18.7978
-0
-0
31.3282
-0
-0
-0
-0
-0
-0
-0
-0
-0
27.0549
38.8013
-0
-0
-0
-0
-0
-0
-0
9.40071
-0
-0
-0
-0
-0
34.2993
-0
-0
-0
-0
-0
-0
-0
-0
-0
-0
-0
-0
-0
7.17556
-0
-0
8.23015
-0
-0
-0
-0
7.00393
-0
-0
-0
-0
-0
-0
12.6583
-0
-0
-0
-0
6.98714
-0
-0
-0
-0
-0
15.1334
-0
-0
-0
-0
-0
-0
-0
-0
-0
-0
-0
-0
-0
-0
-0
-0
9.38229
-0
-0
-0
-0
-0
-0
-0
-0
0.444843
-0
-0
-0
41.0996
-0
-0
-0
-0
-0
-0
-0
-0
-0
-0
-0
-0
0.0644722
-0
38.9634
-0
-0
35.7235
-0
-0
-0
-0
-0
-0
1.44557
-0
-0
70.7999
-0
27.3419
28.5315
10.2716
7.91016
-0
-0
-0
-0
3.1134
-0
-0
-0
-0
-0
83.2126
-0
-0
-0
-0
-0
-0
-0
-0
36.0708
21.0386
2.40634
-0
-0
2.45458
-0
-0
4.17639
-0
-0
-0
-0
16.6937
-0
-0
-0
-0
10.5916
10.5099
-0
-0
48.4579
7.07859
12.2008
-0
40.9685
-0
-0
21.7973
16.5747
-0
-0
10.9158
-0
-0
-0
-0
-0
-0
-0
-0
-0
-0
-0
-0
-0
-0
-0
49.1231
3.26522
-0
-0
-0
-0
-0
-0
-0
-0
-0
-0
-0
-0
-0
12.4846
-0
-0
-0
-0
6.14259
-0
0.474939
19.8986
21.8965
47.0811
-0
-0
5.62042
17.1106
-0
-0
-0
25.8442
-0
-0
-0
-0
9.61349
33.9236
-0
0.577911
7.97683
-0
-0
-0
-0
-0
4.38001
22.3367
-0
-0
1.25726
3.67617
13.9425
-0
-0
-0
-0
-0
-0
48.4971
4.84273
13.9545
-0
21.7866
0.479503
-0
-0
-0
-0
-0
38.3274
-0
-0
2.60085
-0
-0
-0
-0
22.3018
-0
-0
0.231124
-0
-0
-0
-0
-0
-0
9.43508
-0
-0
-0
4.89554
-0
-0
-0
3.58709
-0
-0
61.3055
22.8994
-0
-0
-0
-0
-0
15.8621
-0
-0
-0
2.58957
-0
-0
-0
-0
-0
-0
-0
25.4077
-0
-0
-0
4.31203
68.5415
13.4354
-0
6.26861
-0
-0
-0
-0
-0
-0
-0
-0
-0
21.1591
-0
-0
-0
-0
22.2802
-0
4.1015
-0
24.3261
-0
-0
8.8239
-0
-0
-0
-0
-0
-0
-0
-0
-0
-0
-0
-0
-0
-0
-0
-0
-0
-0
-0
21.3549
7.44399
-0
-0
-0
-0
-0
-0
-0
-0
-0
-0
7.17475
4.74124
6.9126
16.014
2.10275
9.53524
5.63393
20.0822
-0
33.7431
-0
-0
39.104
-0
-0
-0
-0
-0
-0
-0
1.54068
-0
-0
-0
-0
-0
-0
-0
-0
-0
-0
-0
-0
-0
-0
-0
-0
48.5369
-0
-0
-0
20.0826
-0
-0
19.6078
-0
-0
-0
-0
-0
-0
-0
-0
1.78844
-0
2.10278
36.4359
-0
-0
-0
-0
-0
3.7659
-0
7.66679
-0
20.0602
-0
7.40449
-0
7.5532
-0
-0
-0
-0
1.26219
-0
-0
-0
-0
-0
-0
-0
-0
-0
-0
4.09192
-0
-0
-0
22.3503
-0
-0
-0
4.48693
-0
-0
15.3168
-0
44.7878
-0
-0
-0
-0
50.6109
-0
-0
-0
-0
-0
-0
-0
-0
-0
25.6403
-0
-0
-0
14.3005
-0
30.0964
12.1585
43.9612
-0
1.17172
-0
-0
-0
-0
20.4416
-0
-0
6.82043
-0
-0
-0
-0
-0
-0
8.60649
-0
-0
-0
-0
-0
-0
12.5389
-0
-0
17.746
9.78637
-0
-0
-0
-0
-0
29.5751
-0
-0
-0
-0
-0
-0
-0
51.7798
-0
-0
-0
-0
-0
-0
9.03145
1.02162
-0
-0
-0
-0
0.0858035
-0
-0
-0
-0
-0
7.99538
36.4312
-0
21.9603
-0
6.00101
14.592
-0
-0
-0
-0
-0
11.5261
-0
-0
-0
-0
-0
-0
23.8618
8.70242
-0
-0
-0
-0
19.2943
-0
-0
-0
-0
-0
-0
-0
-0
-0
-0
-0
-0
-0
-0
10.2492
-0
-0
6.00225
50.814
23.085
-0
-0
-0
-0
-0
-0
-0
-0
-0
-0
-0
-0
31.119
-0
-0
-0
-0
-0
-0
-0
19.5524
-0
-0
-0
6.40301
-0
-0
26.225
15.581
3.86863
-0
-0
-0
33.7906
-0
-0
-0
-0
3.52527
-0
23.0991
-0
37.3752
23.4138
-0
10.4827
12.6016
-0
1.07706
-0
28.5758
-0
11.0871
-0
-0
-0
5.41348
22.8784
-0
-0
15.203
-0
-0
-0
-0
-0
-0
-0
-0
8.84853
-0
-0
17.839
-0
-0
-0
-0
20.5848
-0
-0
31.9556
-0
-0
1.84024
29.9392
-0
-0
-0
-0
-0
-0
-0
-0
-0
-0
-0
-0
34.2516
-0
-0
-0
-0
-0
-0
-0
-0
-0
-0
-0
29.2502
73.4744
11.3655
-0
-0
-0
-0
-0
-0
34.8361
7.39698
-0
-0
-0
-0
-0
-0
-0
-0
1.07992
-0
-0
36.8922
-0
-0
-0
-0
-0
13.9529
-0
-0
-0
-0
-0
7.95468
-0
16.4292
-0
-0
-0
-0
-0
13.7104
-0
-0
18.9407
-0
-0
-0
-0
-0
-0
-0
-0
-0
-0
-0
-0
-0
-0
-0
-0
-0
-0
-0
-0
-0
2.41414
24.8705
12.0446
-0
-0
-0
-0
-0
-0
-0
-0
-0
-0
28.1487
2.10481
-0
-0
-0
18.7654
8.43234
-0
-0
43.548
1.91866
-0
22.2674
-0
-0
-0
-0
-0
22.9764
-0
-0
-0
-0
-0
-0
-0
-0
-0
-0
-0
-0
-0
-0
-0
-0
-0
-0
-0
1.88488
-0
-0
-0
17.4122
-0
-0
-0
-0
0.639494
-0
-0
-0
-0
52.7986
13.4357
-0
-0
-0
23.5257
29.9813
29.515
-0
-0
-0
-0
-0
-0
-0
-0
5.01299
-0
-0
-0
-0
3.08851
-0
-0
50.8699
-0
-0
-0
-0
-0
-0
-0
-0
5.1107
-0
-0
-0
-0
-0
-0
-0
-0
2.63022
-0
-0
-0
-0
-0
-0
-0
22.3031
-0
-0
-0
-0
-0
-0
-0
-0
56.3974
-0
1.74751
29.4076
-0
-0
-0
22.3591
-0
-0
-0
-0
-0
-0
-0
13.0403
-0
2.8321
-0
-0
-0
19.4507
-0
-0
-0
-0
18.8351
-0
25.2269
-0
-0
18.6459
-0
-0
-0
-0
-0
-0
-0
-0
-0
2.14611
-0
22.086
-0
-0
-0
23.9074
-0
6.8444
-0
-0
-0
-0
-0
-0
-0
-0
-0
23.7883
-0
-0
-0
-0
-0
-0
31.4615
-0
-0
-0
-0
-0
-0
-0
-0
0.726861
38.1277
-0
-0
-0
-0
-0
-0
-0
-0
-0
-0
-0
-0
-0
-0
1.34179
8.19466
-0
13.8394
-0
13.6595
11.3432
-0
-0
-0
-0
41.3796
-0
-0
-0
13.0423
-0
0.00994015
-0
-0
-0
-0
19.8478
-0
8.3475
-0
-0
-0
-0
-0
-0
28.1318
-0
-0
-0
-0
-0
-0
-0
-0
24.8691
-0
-0
-0
-0
-0
-0
-0
-0
37.2099
-0
-0
-0
-0
-0
22.671
-0
-0
6.82726
-0
-0
-0
3.22532
-0
-0
5.04101
-0
-0
89.825
-0
-0
-0
-0
-0
-0
-0
-0
-0
-0
-0
-0
-0
-0
-0
13.3103
9.4371
-0
-0
0.525743
-0
4.46721
-0
-0
-0
-0
-0
3.52214
-0
-0
-0
7.20775
-0
-0
3.66016
-0
-0
-0
1.70292
-0
-0
51.6201
-0
-0
-0
-0
13.1943
-0
-0
-0
16.9786
-0
-0
-0
21.9474
-0
-0
-0
12.2468
18.7773
-0
-0
-0
19.9352
-0
25.4337
-0
7.94332
-0
3.80196
-0
-0
-0
4.43896
-0
-0
-0
-0
0.862821
-0
-0
-0
-0
-0
-0
-0
-0
-0
-0
-0
-0
7.5404
-0
-0
-0
-0
-0
-0
-0
-0
-0
-0
-0
-0
5.51589
-0
7.99751
-0
-0
-0
7.00878
-0
6.58141
11.9599
-0
-0
-0
-0
-0
-0
25.013
-0
-0
-0
-0
-0
23.6252
-0
-0
2.42405
-0
-0
-0
19.4063
-0
-0
-0
-0
1.93184
-0
-0
-0
-0
-0
-0
5.79175
-0
-0
-0
10.743
-0
-0
-0
-0
-0
-0
-0
15.4732
-0
-0
-0
15.6127
10.4154
-0
-0
-0
1.45646
-0
-0
-0
-0
-0
0.518719
-0
-0
30.2648
-0
-0
22.7188
-0
1.729
-0
-0
2.23687
-0
-0
21.4246
12.0879
-0
-0
-0
9.53546
-0
-0
-0
-0
-0
-0
-0
6.20427
-0
-0
-0
-0
-0
-0
-0
-0
-0
-0
-0
13.3403
-0
-0
-0
-0
-0
0.895913
-0
-0
-0
-0
-0
-0
-0
-0
-0
11.9276
-0
-0
-0
-0
-0
-0
-0
-0
-0
-0
-0
-0
-0
-0
-0
-0
2.55855
-0
-0
-0
-0
-0
-0
-0
-0
-0
-0
-0
-0
-0
-0
-0
0.810207
-0
-0
-0
24.9571
-0
20.472
-0
-0
10.6854
28.1751
-0
6.41335
-0
-0
-0
-0
-0
-0
-0
-0
-0
-0
-0
44.9318
-0
1.79553
-0
14.595
-0
28.5157
-0
-0
-0
4.19954
-0
0.2651
-0
-0
-0
-0
-0
53.7834
40.5137
-0
-0
-0
-0
-0
-0
-0
-0
-0
7.2246
-0
-0
-0
20.8158
-0
22.3384
-0
34.5496
-0
36.0626
-0
-0
0.119899
-0
-0
-0
-0
-0
-0
-0
47.9513
-0
9.12862
-0
-0
-0
-0
-0
5.86146
42.3879
-0
-0
0.657374
-0
3.96887
-0
-0
19.5557
4.68807
-0
-0
-0
-0
21.5733
-0
-0
-0
-0
-0
-0
-0
-0
-0
-0
-0
-0
-0
-0
-0
-0
0.631096
0.85284
-0
-0
1.96808
-0
-0
-0
-0
-0
-0
2.93122
-0
-0
-0
-0
-0
-0
-0
-0
-0
-0
-0
-0
-0
-0
-0
-0
-0
2.85047
-0
4.33306
9.09558
8.32396
-0
-0
15.8655
-0
-0
0.814119
-0
-0
-0
-0
-0
-0
-0
-0
-0
17.4401
-0
-0
-0
-0
8.67732
-0
-0
-0
-0
-0
18.9382
46.3731
-0
-0
-0
11.6769
1.29621
-0
-0
-0
13.1869
-0
-0
51.8421
3.68078
-0
-0
36.6189
-0
-0
-0
-0
45.6192
-0
-0
13.0869
-0
-0
-0
-0
-0
10.2689
-0
-0
-0
-0
-0
-0
-0
15.4449
-0
-0
-0
-0
-0
-0
-0
-0
-0
-0
8.97562
-0
-0
-0
23.7174
-0
1.23892
-0
12.0795
-0
-0
-0
-0
-0
-0
-0
-0
-0
-0
-0
30.7251
-0
24.0793
-0
-0
-0
-0
-0
-0
-0
2.97955
-0
-0
0.647751
-0
-0
-0
-0
34.4022
-0
6.15382
-0
-0
-0
-0
-0
3.29404
-0
3.65091
15.9176
-0
-0
-0
-0
-0
-0
-0
17.0327
-0
-0
14.6868
33.5232
-0
-0
-0
-0
-0
37.793
-0
-0
24.9713
23.5558
-0
2.17476
-0
28.6561
-0
-0
32.1715
-0
-0
-0
7.12965
-0
-0
-0
-0
-0
-0
-0
18.339
-0
-0
-0
-0
0.363796
-0
-0
-0
-0
-0
-0
12.0198
22.3186
9.3013
-0
-0
0.349385
5.45574
-0
-0
-0
-0
-0
-0
-0
63.1752
-0
-0
-0
-0
-0
-0
-0
26.4254
-0
7.07374
-0
-0
-0
40.6077
25.3638
-0
-0
-0
-0
18.5871
-0
-0
-0
17.8594
-0
-0
-0
-0
-0
-0
-0
-0
20.6184
-0
-0
-0
-0
-0
-0
31.7487
1.06487
-0
-0
-0
-0
29.2843
-0
-0
31.2438
8.79073
-0
-0
-0
-0
-0
31.92
2.06926
12.4353
-0
-0
-0
53.5199
-0
0.6084
-0
-0
-0
2.07383
-0
-0
26.1706
-0
-0
-0
-0
4.45803
-0
-0
-0
-0
8.51441
16.1852
-0
-0
-0
5.65587
-0
36.8454
-0
8.40166
-0
-0
-0
-0
-0
-0
36.516
-0
-0
-0
-0
-0
-0
14.5891
-0
-0
-0
-0
36.1155
-0
-0
-0
-0
-0
-0
-0
-0
-0
-0
20.8832
-0
-0
5.44013
-0
-0
-0
-0
-0
-0
-0
-0
10.2413
-0
-0
-0
-0
24.8513
21.2192
-0
-0
-0
-0
-0
-0
23.8021
-0
-0
-0
42.7814
-0
12.6258
-0
-0
-0
-0
-0
30.0656
-0
-0
-0
-0
-0
4.37613
-0
-0
-0
-0
-0
-0
-0
-0
16.3343
-0
22.6857
3.61247
0.357295
34.4026
-0
42.1213
-0
-0
-0
-0
-0
-0
-0
-0
5.25842
-0
-0
-0
-0
4.25252
-0
21.1304
-0
17.2395
-0
20.8272
-0
-0
26.3585
-0
-0
-0
-0
-0
63.1217
-0
-0
-0
-0
-0
-0
-0
-0
-0
4.68338
-0
-0
-0
-0
-0
6.22371
-0
-0
6.98223
10.5129
-0
-0
-0
-0
-0
5.99245
-0
27.5187
21.9798
-0
-0
-0
-0
-0
-0
-0
-0
-0
-0
-0
-0
-0
20.4034
-0
-0
17.2193
22.3138
-0
-0
-0
25.2065
-0
7.35583
12.5339
-0
-0
-0
23.7765
-0
-0
3.86325
25.2019
3.97714
-0
-0
-0
-0
-0
-0
-0
-0
-0
25.7185
42.6629
-0
-0
-0
-0
-0
-0
-0
-0
3.796
-0
-0
6.29152
-0
-0
-0
-0
-0
-0
-0
-0
31.3679
-0
10.0237
-0
-0
35.0766
15.9451
3.9306
-0
-0
-0
-0
-0
3.3658
-0
-0
-0
5.11188
-0
26.9922
-0
-0
-0
-0
-0
-0
-0
-0
-0
-0
-0
-0
11.9249
-0
-0
-0
-0
-0
4.38669
-0
-0
2.65209
6.24523
-0
16.2834
4.72173
-0
21.1282
-0
5.72842
3.84685
-0
46.2188
-0
-0
-0
-0
-0
-0
-0
-0
-0
-0
10.874
36.0606
-0
40.3971
-0
-0
5.14059
-0
20.3322
16.4753
-0
-0
13.825
-0
14.6813
12.056
35.1139
-0
26.4947
-0
11.2183
-0
-0
7.24284
-0
-0
-0
-0
14.4705
-0
-0
15.4736
-0
-0
-0
-0
-0
24.9686
59.1793
14.1814
-0
-0
-0
-0
-0
-0
7.11916
-0
-0
-0
-0
-0
2.52689
-0
-0
-0
-0
-0
20.06
-0
-0
-0
-0
-0
-0
-0
-0
-0
-0
9.89764
-0
-0
0.634747
-0
-0
-0
-0
-0
-0
1.11706
4.39738
-0
-0
-0
28.2378
8.89698
7.46776
-0
-0
-0
0.651555
-0
-0
-0
-0
-0
-0
-0
-0
-0
-0
8.73818
17.437
-0
-0
-0
-0
-0
-0
-0
27.4446
8.06277
-0
-0
18.5811
-0
-0
-0
-0
16.8508
-0
-0
70.6652
-0
-0
-0
6.51857
5.82767
-0
-0
-0
-0
0.629959
11.3216
-0
-0
-0
-0
-0
29.0002
-0
-0
5.70368
-0
13.0062
-0
-0
-0
10.3121
2.01466
-0
-0
-0
-0
-0
-0
-0
-0
-0
-0
-0
22.4497
-0
-0
-0
-0
-0
-0
3.85388
-0
-0
-0
-0
-0
-0
55.139
-0
20.0758
28.6822
-0
-0
0.864372
11.8718
-0
-0
-0
-0
-0
-0
7.34048
-0
-0
14.5189
10.4196
-0
19.0971
-0
-0
-0
-0
-0
-0
-0
-0
-0
-0
-0
-0
36.6175
-0
-0
-0
-0
-0
-0
-0
-0
-0
-0
-0
-0
-0
44.3473
-0
-0
-0
9.16711
-0
9.84712
38.0247
7.50931
-0
-0
35.1634
23.5082
39.2454
-0
-0
31.3605
-0
-0
63.2941
-0
-0
3.14162
0.493367
-0
-0
-0
-0
-0
-0
-0
-0
-0
-0
4.6638
12.3724
-0
-0
-0
-0
-0
22.38
11.1194
19.4927
-0
-0
-0
37.5485
-0
-0
3.34638
-0
-0
-0
-0
-0
-0
-0
-0
7.24151
-0
-0
-0
-0
-0
-0
-0
0.558761
-0
-0
-0
-0
-0
-0
-0
18.3957
17.4489
-0
13.292
-0
-0
-0
-0
-0
32.7861
-0
-0
3.47117
-0
-0
-0
22.2135
-0
