1.8804
-0
-0
-0
-0
4.80909
-0
-0
-0
-0
28.2978
-0
-0
-0
-0
4.24431
-0
-0
7.96057
-0
-0
-0
-0
9.44256
-0
5.08334
31.0968
4.22674
-0
-0
-0
-0
-0
-0
4.47957
-0
-0
-0
-0
-0
-0
-0
-0
-0
-0
19.6224
-0
20.0908
-0
-0
-0
-0
-0
-0
0.651588
-0
-0
2.98089
32.9954
14.0083
-0
-0
22.1528
-0
6.29447
-0
0.233847
-0
-0
-0
-0
-0
-0
-0
-0
-0
15.0708
14.4625
-0
-0
-0
95.9387
-0
-0
-0
-0
-0
35.5586
-0
-0
15.517
-0
10.8429
-0
-0
-0
-0
-0
-0
-0
-0
-0
-0
-0
6.73104
-0
0.62457
-0
-0
-0
3.99451
-0
0.235083
-0
-0
-0
27.7941
-0
23.9668
32.0183
6.34859
-0
18.4599
0.940697
-0
-0
-0
17.7815
-0
-0
-0
12.596
21.0373
-0
-0
-0
-0
-0
-0
28.998
-0
-0
-0
10.949
9.16729
-0
-0
-0
-0
-0
-0
-0
-0
-0
-0
-0
36.6413
-0
-0
0.956635
-0
-0
-0
26.8558
6.71377
-0
-0
-0
-0
38.7036
2.42026
1.69436
-0
-0
2.43772
-0
-0
-0
-0
43.7702
7.85626
-0
-0
-0
-0
40.1554
-0
-0
-0
-0
-0
22.4701
-0
9.81295
-0
-0
-0
-0
-0
-0
-0
16.4122
-0
-0
-0
2.03048
-0
-0
-0
-0
-0
-0
35.8248
-0
-0
6.25624
0.0975192
2.87768
-0
-0
-0
-0
-0
-0
-0
1.27155
-0
-0
-0
-0
-0
31.5478
-0
-0
-0
-0
-0
-0
-0
-0
-0
-0
-0
-0
-0
-0
-0
-0
0.288556
-0
-0
2.86183
-0
20.4979
-0
-0
-0
-0
32.3869
-0
-0
35.7902
-0
-0
-0
-0
28.1013
-0
-0
-0
-0
10.3499
-0
25.7209
-0
-0
-0
-0
-0
-0
-0
4.18323
-0
20.9144
-0
-0
-0
-0
-0
-0
2.96473
-0
-0
-0
15.1581
-0
15.4869
-0
-0
-0
-0
-0
-0
-0
1.99077
23.9711
-0
-0
40.5608
-0
-0
22.3995
-0
-0
-0
0.424107
-0
-0
-0
-0
-0
-0
-0
15.854
9.09748
-0
-0
-0
-0
-0
-0
-0
-0
7.18896
-0
-0
-0
15.2693
-0
12.0788
-0
-0
-0
29.2828
-0
-0
-0
-0
40.5123
-0
36.8031
-0
-0
-0
-0
-0
-0
-0
-0
-0
-0
-0
-0
33.7016
6.35001
0.75672
-0
-0
-0
-0
-0
-0
0.732679
-0
-0
-0
-0
-0
-0
-0
-0
-0
-0
-0
-0
25.8254
4.27557
-0
-0
-0
-0
-0
-0
-0
-0
-0
-0
27.9298
-0
-0
4.26175
20.9976
-0
-0
21.037
3.31828
-0
-0
27.7403
17.9778
-0
-0
-0
-0
6.41677
-0
-0
-0
-0
-0
44.2071
-0
-0
-0
6.06069
-0
16.3439
0.403093
2.44186
31.0115
-0
18.169
46.6967
-0
9.7119
-0
10.7259
-0
-0
-0
-0
-0
18.7272
-0
-0
2.30813
-0
-0
-0
-0
-0
10.4838
-0
-0
38.9803
11.8792
-0
-0
-0
-0
-0
-0
-0
-0
-0
-0
-0
-0
-0
-0
-0
-0
-0
-0
-0
-0
-0
-0
-0
-0
-0
-0
-0
13.8622
-0
-0
-0
1.91607
-0
-0
-0
-0
-0
-0
-0
-0
-0
-0
-0
-0
-0
-0
-0
-0
-0
-0
21.3895
-0
-0
-0
-0
-0
-0
23.4032
-0
7.46076
-0
-0
17.1205
-0
-0
-0
11.612
-0
-0
-0
-0
-0
-0
-0
-0
-0
-0
-0
28.3608
43.1139
40.6259
-0
-0
-0
-0
-0
-0
-0
-0
-0
17.7107
-0
-0
-0
-0
-0
-0
-0
22.9183
-0
-0
-0
-0
-0
-0
-0
-0
-0
-0
-0
-0
-0
-0
-0
-0
-0
-0
-0
-0
-0
-0
-0
-0
8.73798
26.3896
-0
15.6791
21.5338
-0
-0
-0
-0
9.41242
14.1444
-0
-0
23.591
19.9278
-0
4.34823
19.5289
51.1176
-0
-0
13.2139
-0
-0
-0
-0
-0
-0
17.4777
-0
8.61409
-0
-0
-0
-0
-0
-0
45.9022
-0
11.1515
-0
-0
-0
-0
21.2348
-0
-0
-0
-0
-0
-0
-0
-0
-0
-0
-0
-0
7.2469
-0
-0
-0
-0
-0
-0
-0
-0
-0
-0
17.9076
69.0153
-0
-0
-0
-0
-0
-0
-0
-0
-0
-0
-0
-0
-0
10.7386
13.388
-0
-0
-0
-0
-0
-0
18.9241
-0
-0
-0
-0
-0
-0
-0
0.28757
-0
-0
-0
-0
-0
-0
27.3219
-0
-0
-0
-0
-0
-0
-0
-0
-0
-0
-0
-0
-0
-0
-0
-0
-0
-0
46.757
3.78443
-0
-0
-0
-0
-0
39.7129
-0
-0
-0
17.6787
3.69255
-0
-0
-0
-0
19.0467
24.6339
-0
48.5027
-0
-0
-0
-0
26.0566
10.1537
23.8705
-0
24.8291
-0
-0
-0
2.31977
-0
-0
-0
-0
-0
-0
-0
36.2287
-0
-0
-0
57.4572
11.9262
-0
-0
-0
0.276622
-0
-0
-0
44.9108
-0
0.132938
-0
-0
-0
-0
0.957662
40.4849
-0
-0
-0
-0
-0
-0
42.1628
-0
-0
-0
-0
-0
8.57572
37.2866
-0
-0
-0
3.33574
-0
14.1788
30.8427
-0
37.9774
-0
-0
-0
-0
18.5486
-0
-0
-0
33.4231
-0
20.9473
-0
-0
-0
-0
5.27619
-0
-0
-0
-0
-0
-0
-0
-0
-0
40.546
-0
-0
-0
43.9836
-0
-0
10.1332
-0
-0
-0
7.04902
7.99197
-0
-0
48.8251
-0
-0
1.93584
-0
-0
10.7946
39.837
-0
-0
-0
-0
-0
-0
-0
66.8911
24.7883
-0
-0
-0
-0
-0
27.3161
-0
-0
-0
16.8662
25.056
-0
-0
-0
-0
-0
-0
-0
-0
-0
-0
-0
-0
-0
-0
-0
-0
-0
-0
-0
-0
-0
-0
-0
-0
-0
-0
-0
2.92146
5.86706
-0
10.45
20.6101
-0
-0
-0
-0
-0
-0
35.9962
-0
-0
26.6797
-0
48.0141
-0
-0
-0
-0
-0
-0
-0
-0
26.7834
30.393
-0
-0
-0
-0
-0
-0
24.4272
6.44472
-0
6.06973
-0
-0
20.6728
-0
-0
-0
-0
-0
-0
-0
-0
42.7935
-0
-0
-0
-0
-0
2.72659
6.28779
-0
11.7466
0.00177896
15.1754
-0
-0
10.7063
-0
-0
-0
-0
-0
-0
34.7949
15.3531
-0
-0
-0
-0
-0
-0
-0
7.22421
-0
-0
-0
-0
-0
11.2596
-0
-0
-0
16.6928
-0
-0
11.6776
-0
-0
8.81914
-0
-0
-0
-0
-0
-0
-0
-0
-0
-0
-0
-0
-0
-0
-0
-0
-0
-0
-0
55.8897
-0
-0
11.5849
-0
-0
35.3344
-0
4.49095
-0
-0
-0
-0
-0
-0
9.39697
4.48562
-0
-0
-0
-0
-0
-0
-0
-0
22.6428
-0
-0
-0
1.89027
-0
-0
-0
-0
-0
-0
-0
-0
-0
45.2632
-0
-0
-0
-0
-0
35.3455
-0
-0
1.94901
-0
-0
-0
-0
-0
-0
26.8001
-0
-0
-0
-0
10.549
-0
-0
42.4572
-0
-0
76.1226
-0
-0
-0
-0
-0
-0
-0
-0
-0
-0
-0
-0
-0
-0
-0
-0
-0
-0
-0
-0
-0
23.5347
17.7148
-0
-0
-0
0.187457
-0
-0
-0
-0
0.577908
-0
-0
-0
-0
-0
-0
-0
-0
-0
-0
-0
-0
-0
-0
-0
55.6057
-0
-0
-0
-0
49.2001
-0
-0
-0
-0
13.6316
3.24793
-0
-0
-0
-0
1.52056
-0
-0
14.0524
5.60058
-0
-0
-0
-0
-0
2.40113
-0
12.0014
-0
-0
14.6497
-0
-0
-0
-0
8.17014
-0
-0
-0
-0
-0
-0
-0
-0
-0
-0
-0
20.6087
-0
-0
-0
19.059
-0
-0
-0
-0
-0
19.9711
32.5237
5.34751
6.174
-0
3.36517
-0
-0
-0
-0
26.0993
-0
15.4779
-0
-0
-0
-0
-0
-0
-0
-0
-0
-0
-0
-0
-0
21.3503
-0
-0
-0
-0
-0
-0
-0
19.694
-0
20.7099
-0
-0
-0
-0
13.8806
-0
-0
-0
-0
-0
4.98045
-0
10.6354
-0
-0
-0
-0
-0
-0
-0
-0
-0
-0
-0
13.5616
-0
-0
-0
27.383
-0
-0
-0
-0
-0
-0
-0
-0
-0
1.41105
-0
-0
9.9613
-0
-0
-0
-0
42.8776
-0
-0
-0
13.8305
-0
-0
-0
-0
-0
-0
-0
-0
-0
-0
37.7113
22.4145
-0
-0
2.30231
-0
-0
-0
-0
-0
-0
-0
43.8736
-0
-0
-0
-0
-0
56.3881
-0
7.28226
-0
-0
14.309
31.4797
-0
13.1007
4.68119
-0
36.8683
-0
3.25103
-0
-0
-0
44.383
-0
1.00572
6.98781
-0
10.7938
38.9236
-0
-0
-0
-0
-0
-0
-0
-0
-0
-0
-0
13.0181
-0
10.9626
-0
-0
-0
42.2333
13.5009
-0
10.8222
2.37768
-0
0.653792
-0
43.1367
-0
-0
-0
-0
2.25168
-0
-0
22.0778
-0
-0
-0
-0
-0
-0
-0
2.97392
15.3958
-0
-0
-0
-0
-0
-0
-0
-0
-0
-0
-0
-0
-0
-0
63.1857
-0
-0
-0
-0
-0
-0
44.5657
-0
-0
-0
-0
-0
-0
-0
-0
37.536
-0
-0
-0
-0
-0
-0
-0
7.1243
-0
-0
35.9817
-0
36.4384
30.6138
49.3819
-0
40.2657
-0
-0
-0
-0
-0
-0
-0
-0
-0
-0
14.7752
-0
-0
29.8016
-0
-0
12.5169
-0
5.23776
-0
-0
-0
-0
-0
-0
-0
-0
-0
-0
50.5199
-0
-0
-0
14.4588
-0
1.69976
-0
-0
-0
-0
1.29846
14.3076
22.1935
-0
-0
-0
-0
-0
-0
-0
-0
-0
48.2795
6.84321
-0
-0
-0
-0
-0
18.4154
-0
-0
-0
-0
-0
-0
-0
1.21876
-0
-0
-0
-0
-0
-0
-0
-0
-0
-0
-0
-0
-0
-0
-0
-0
-0
-0
-0
23.1802
-0
-0
-0
1.32607
11.9487
-0
-0
-0
17.1688
-0
-0
-0
-0
-0
-0
-0
-0
-0
-0
-0
3.07338
-0
-0
-0
-0
-0
-0
-0
10.3849
-0
-0
-0
-0
-0
-0
-0
-0
-0
-0
-0
58.0113
59.3141
-0
-0
15.0112
-0
-0
-0
-0
-0
-0
-0
26.1971
1.28299
-0
20.545
39.5819
-0
-0
-0
-0
35.9173
-0
-0
-0
-0
-0
-0
-0
-0
-0
2.68354
-0
-0
-0
-0
-0
-0
-0
-0
16.4299
-0
-0
3.14319
8.07129
-0
-0
-0
-0
-0
-0
-0
23.0789
11.8641
-0
-0
24.4119
35.3038
-0
-0
-0
22.2412
2.22634
-0
-0
-0
46.2747
-0
-0
-0
-0
-0
70.7087
-0
9.47815
-0
-0
-0
-0
31.959
-0
-0
-0
-0
21.2627
-0
-0
-0
-0
17.6642
-0
5.82781
32.6951
-0
-0
-0
-0
-0
5.08939
-0
14.9252
33.4706
-0
9.47578
-0
7.54628
30.4175
-0
-0
-0
-0
-0
12.0616
-0
-0
27.4522
-0
24.0933
-0
-0
61.464
-0
-0
32.1206
-0
-0
-0
17.6623
-0
-0
-0
-0
-0
-0
9.51064
1.31918
-0
-0
-0
-0
18.0567
-0
-0
-0
33.8884
-0
-0
-0
12.0089
0.885301
-0
-0
-0
-0
-0
-0
38.5283
-0
-0
-0
-0
-0
12.6387
-0
-0
23.0732
-0
-0
-0
6.1651
-0
7.60015
-0
-0
10.4849
-0
-0
7.50892
-0
-0
-0
-0
-0
-0
-0
-0
59.1388
-0
24.1979
-0
-0
-0
-0
-0
-0
-0
-0
-0
-0
-0
-0
-0
-0
-0
-0
3.90468
-0
19.0615
-0
-0
-0
-0
-0
-0
-0
-0
-0
46.1516
-0
-0
-0
-0
-0
-0
-0
-0
-0
5.92509
34.6683
-0
-0
-0
-0
-0
-0
-0
-0
-0
-0
-0
-0
-0
4.71229
-0
-0
-0
-0
-0
-0
-0
-0
-0
-0
-0
-0
-0
-0
-0
-0
2.58551
-0
-0
-0
-0
-0
-0
-0
-0
1.9299
-0
-0
23.9478
-0
-0
-0
-0
-0
-0
15.1943
-0
-0
-0
15.3886
-0
-0
-0
-0
-0
-0
-0
10.7967
-0
-0
-0
-0
-0
-0
-0
-0
2.422
-0
-0
-0
-0
-0
-0
-0
-0
-0
-0
16.6153
-0
14.9668
-0
-0
-0
-0
-0
-0
-0
-0
-0
-0
-0
-0
-0
-0
34.2924
-0
-0
40.4902
-0
-0
-0
-0
-0
5.44224
1.18166
-0
-0
51.7366
-0
7.43669
23.888
12.0372
32.8138
-0
-0
-0
-0
3.22107
-0
-0
-0
-0
-0
96.1965
-0
-0
-0
-0
-0
-0
-0
-0
53.1517
63.8774
-0
-0
-0
-0
-0
-0
-0
-0
-0
-0
-0
19.1358
-0
-0
-0
-0
-0
-0
-0
-0
54.3356
17.9346
17.3725
-0
17.5276
-0
-0
53.502
19.0636
-0
-0
4.9897
-0
-0
-0
-0
-0
-0
-0
-0
-0
-0
-0
-0
-0
-0
-0
34.7369
-0
-0
-0
-0
-0
-0
-0
-0
-0
-0
-0
-0
-0
-0
2.89328
-0
-0
-0
-0
7.76634
-0
0.657011
29.5057
33.6387
34.5247
-0
13.1853
-0
-0
-0
-0
-0
22.8575
-0
1.76219
-0
-0
38.9187
25.9351
-0
-0
-0
-0
-0
-0
-0
-0
-0
-0
-0
-0
-0
5.89487
24.2774
-0
-0
-0
-0
-0
-0
54.7879
12.814
-0
-0
33.3576
0.13009
-0
-0
-0
3.05358
-0
74.3276
-0
-0
32.0855
-0
-0
-0
-0
47.5555
-0
12.1327
27.1366
-0
-0
-0
16.1594
-0
-0
1.59039
-0
-0
-0
1.34167
-0
-0
-0
5.72921
-0
-0
64.5762
23.519
-0
-0
-0
-0
-0
18.0341
-0
7.90833
-0
0.429385
-0
-0
10.3177
-0
-0
-0
-0
16.2971
-0
-0
0.329746
29.5176
41.361
-0
-0
-0
-0
-0
-0
-0
-0
-0
-0
-0
-0
21.9922
-0
-0
-0
-0
34.7978
-0
28.2605
-0
41.1891
-0
-0
35.5159
-0
1.21305
-0
-0
-0
-0
-0
-0
-0
-0
-0
-0
-0
-0
-0
-0
-0
-0
-0
28.7563
7.84066
-0
-0
-0
4.19547
17.2178
-0
-0
-0
-0
-0
20.6452
-0
13.6641
-0
1.7357
39.6715
-0
-0
-0
23.6588
-0
-0
16.1599
-0
-0
6.12467
-0
-0
11.2304
-0
-0
-0
-0
-0
-0
-0
-0
-0
-0
4.5917
-0
-0
-0
-0
-0
-0
-0
55.9382
-0
-0
-0
-0
-0
-0
26.9099
-0
-0
-0
-0
-0
-0
-0
-0
-0
-0
-0
41.2268
-0
-0
-0
-0
-0
6.51236
-0
23.8268
-0
35.0286
-0
20.043
-0
-0
-0
-0
-0
8.17153
3.6489
-0
-0
-0
12.0381
-0
-0
-0
-0
-0
-0
-0
-0
-0
-0
43.3989
-0
-0
-0
-0
-0
-0
10.527
-0
34.6805
-0
-0
-0
-0
25.702
-0
13.9838
-0
-0
11.5943
-0
-0
-0
-0
6.62608
7.74181
-0
-0
50.724
-0
10.7612
43.5016
35.9507
-0
-0
-0
-0
-0
-0
43.868
14.7765
-0
-0
-0
-0
-0
-0
-0
-0
-0
-0
-0
-0
-0
-0
-0
-0
-0
-0
23.1831
-0
-0
-0
-0
-0
-0
43.998
-0
-0
-0
-0
-0
-0
-0
64.325
-0
-0
-0
-0
-0
-0
7.67845
-0
7.96922
-0
-0
-0
-0
-0
-0
-0
-0
19.1956
-0
41.1541
7.54449
-0
-0
4.80993
7.81939
4.78135
-0
-0
-0
-0
0.961517
-0
-0
-0
-0
0.84125
47.4921
17.2719
-0
-0
-0
-0
8.75255
4.5419
-0
-0
-0
-0
-0
3.52552
-0
-0
-0
-0
-0
-0
-0
-0
15.5246
-0
-0
-0
42.2168
33.6103
-0
-0
-0
-0
-0
-0
-0
-0
-0
-0
-0
-0
19.3032
-0
-0
1.56838
-0
-0
-0
-0
-0
-0
-0
-0
-0
-0
-0
-0
12.2679
1.50805
-0
-0
-0
2.94255
-0
-0
-0
-0
5.87669
-0
-0
-0
47.3734
-0
-0
8.89559
4.44817
-0
1.7759
-0
10.567
-0
9.2331
-0
-0
-0
1.83758
4.94226
-0
-0
3.9153
-0
-0
-0
-0
-0
13.981
-0
-0
-0
-0
-0
-0
-0
-0
-0
-0
-0
-0
-0
7.16717
-0
-0
13.8746
39.6344
-0
-0
-0
-0
-0
-0
1.03889
27.0831
-0
-0
-0
-0
-0
8.14614
-0
-0
-0
-0
-0
-0
2.63133
-0
-0
-0
33.2351
53.8285
32.7503
-0
15.0085
-0
-0
-0
-0
21.5837
-0
1.81737
-0
-0
-0
-0
-0
-0
-0
0.143529
-0
-0
29.537
-0
-0
-0
-0
-0
13.176
-0
-0
-0
-0
-0
-0
-0
48.4173
-0
-0
-0
-0
-0
41.9694
-0
-0
1.8449
-0
-0
-0
44.8221
-0
-0
-0
-0
-0
-0
-0
-0
-0
-0
-0
-0
-0
-0
-0
-0
-0
0.338581
-0
25.0802
-0
-0
-0
-0
-0
-0
-0
-0
-0
-0
19.3306
1.18536
-0
-0
-0
35.023
15.6142
-0
-0
10.0762
6.23873
-0
6.35166
4.07808
-0
-0
-0
-0
-0
-0
-0
2.64476
-0
-0
-0
-0
-0
-0
-0
-0
-0
-0
-0
-0
-0
-0
17.8242
-0
-0
-0
-0
-0
-0
-0
-0
-0
-0
-0
-0
-0
-0
-0
32.2506
1.99952
-0
-0
-0
43.3734
69.1478
0.627373
-0
-0
-0
-0
-0
-0
12.575
-0
5.61146
-0
-0
-0
-0
0.821294
-0
-0
24.6146
-0
-0
9.6591
6.48931
-0
-0
-0
-0
21.5251
-0
-0
-0
-0
-0
-0
-0
-0
7.21993
-0
-0
-0
-0
4.93061
-0
-0
-0
-0
-0
-0
-0
-0
-0
-0
-0
15.6767
-0
9.55981
46.0918
-0
-0
-0
17.1576
-0
-0
4.42421
-0
-0
-0
-0
20.3553
-0
16.5926
-0
-0
-0
14.0351
-0
-0
-0
-0
-0
-0
36.6767
-0
-0
9.21162
-0
-0
-0
-0
13.4235
-0
-0
-0
-0
-0
-0
8.86168
4.30637
-0
-0
-0
-0
-0
-0
-0
-0
-0
-0
-0
-0
-0
-0
34.3582
-0
-0
-0
-0
-0
20.7537
42.2656
-0
-0
-0
-0
-0
-0
-0
-0
-0
25.0663
-0
-0
-0
-0
-0
-0
-0
-0
-0
-0
-0
-0
-0
-0
-0
-0
-0
-0
-0
32.6321
55.8468
-0
-0
-0
-0
48.4258
33.9617
2.39843
-0
-0
-0
5.94726
-0
-0
-0
-0
51.6297
-0
53.2618
-0
-0
-0
-0
-0
-0
20.4392
-0
-0
-0
-0
-0
-0
-0
-0
13.8655
-0
-0
-0
-0
-0
-0
-0
-0
12.9274
24.591
-0
-0
-0
-0
16.8064
-0
-0
-0
-0
-0
0.42333
-0
-0
-0
10.9134
-0
-0
100.085
-0
-0
-0
-0
-0
-0
-0
-0
-0
-0
-0
-0
-0
-0
-0
12.9307
12.5548
-0
-0
-0
4.47772
-0
-0
-0
-0
11.1792
-0
34.5254
-0
-0
-0
-0
-0
-0
15.2935
-0
-0
-0
-0
-0
-0
33.4867
-0
-0
-0
-0
12.5528
-0
-0
-0
38.0708
-0
-0
-0
-0
-0
-0
-0
2.13182
56.142
-0
-0
-0
9.6764
-0
41.7091
6.04414
9.52807
-0
15.3074
-0
-0
-0
4.61913
-0
-0
-0
-0
-0
-0
-0
10.9959
-0
12.5448
-0
-0
-0
-0
9.74241
-0
2.99089
49.3136
-0
-0
-0
-0
-0
-0
-0
-0
-0
-0
-0
-0
35.1768
-0
26.7737
-0
-0
-0
-0
-0
-0
5.80368
-0
-0
-0
-0
-0
-0
7.7486
-0
-0
14.852
-0
-0
35.2175
-0
-0
-0
-0
-0
-0
11.1338
-0
-0
-0
8.08967
23.9672
-0
-0
-0
-0
-0
-0
1.97413
-0
-0
-0
-0
-0
-0
-0
-0
-0
-0
-0
37.277
-0
2.00401
-0
-0
3.34775
-0
-0
-0
-0
-0
-0
2.6606
-0
-0
-0
-0
-0
45.8843
-0
-0
1.9459
-0
-0
-0
-0
-0
-0
-0
23.0427
10.1719
-0
-0
-0
23.1688
-0
-0
-0
-0
-0
-0
-0
-0
-0
-0
-0
-0
-0
-0
5.90397
0.250423
-0
-0
-0
1.11746
2.74258
-0
-0
-0
-0
-0
-0
-0
-0
-0
-0
-0
-0
-0
-0
18.6911
-0
-0
-0
-0
-0
-0
-0
-0
-0
9.68033
-0
-0
-0
-0
-0
-0
-0
-0
-0
0.832273
-0
-0
-0
-0
-0
-0
0.437296
-0
-0
-0
-0
-0
16.2964
-0
-0
-0
-0
-0
39.1763
-0
-0
-0
18.5747
-0
20.1734
-0
-0
-0
-0
-0
-0
-0
-0
-0
-0
-0
-0
15.7462
-0
4.49623
18.5614
-0
42.8748
-0
-0
-0
5.49503
19.3673
-0
-0
-0
-0
-0
-0
7.34843
16.2037
-0
-0
-0
-0
-0
-0
-0
-0
-0
29.4417
-0
-0
-0
1.76867
-0
8.67427
-0
19.7362
-0
44.4916
-0
-0
-0
-0
-0
-0
-0
-0
-0
-0
21.1965
-0
19.7047
-0
26.398
-0
-0
-0
-0
33.3377
-0
-0
-0
-0
-0
-0
-0
13.9671
-0
-0
-0
-0
-0
37.5979
-0
-0
1.35392
-0
-0
-0
-0
-0
3.58805
-0
-0
-0
-0
-0
-0
-0
-0
-0
-0
-0
-0
-0
-0
-0
2.32764
1.8055
-0
-0
-0
-0
-0
-0
-0
-0
-0
4.01801
-0
-0
-0
-0
-0
-0
-0
-0
-0
27.6344
-0
3.18615
-0
14.1313
-0
-0
3.68757
-0
-0
0.466358
-0
-0
-0
-0
-0
13.8496
-0
-0
-0
10.1291
-0
-0
-0
-0
24.2949
-0
-0
-0
-0
-0
-0
29.9967
-0
-0
-0
3.09189
-0
-0
-0
-0
10.2709
17.6672
-0
67.843
9.33916
-0
-0
40.2233
-0
-0
-0
-0
70.6468
-0
-0
5.86831
-0
-0
-0
-0
-0
-0
5.58659
-0
-0
-0
-0
-0
-0
24.7931
-0
-0
11.0254
-0
-0
-0
-0
-0
-0
-0
-0
-0
0.292764
17.9931
8.10767
-0
-0
-0
-0
-0
-0
-0
-0
-0
-0
-0
-0
-0
21.8763
-0
18.3501
-0
26.2962
-0
-0
-0
-0
-0
-0
-0
-0
-0
1.17311
-0
-0
-0
-0
-0
42.2976
8.2853
-0
-0
21.3933
-0
-0
-0
14.3787
-0
21.7412
-0
-0
-0
-0
-0
-0
-0
-0
-0
-0
-0
17.4075
58.1174
8.28791
-0
-0
-0
-0
18.2317
-0
-0
11.9568
8.67314
-0
22.6072
-0
21.2953
-0
12.468
-0
-0
-0
-0
-0
-0
-0
-0
-0
-0
-0
-0
55.9688
-0
-0
-0
-0
-0
-0
-0
-0
-0
-0
6.95594
12.3801
9.50705
20.5854
5.18031
-0
2.167
-0
-0
1.92042
-0
-0
-0
-0
-0
46.5461
-0
-0
4.99789
-0
-0
-0
-0
44.6466
-0
20.5184
-0
-0
2.36725
62.4832
-0
-0
-0
-0
-0
20.3481
-0
-0
-0
60.991
-0
-0
-0
-0
-0
-0
-0
-0
-0
-0
-0
-0
-0
-0
15.1993
24.0122
18.861
-0
-0
-0
-0
34.3878
-0
-0
-0
20.7682
-0
-0
-0
-0
-0
13.8065
1.71289
46.025
-0
-0
-0
7.16652
-0
-0
-0
-0
-0
-0
-0
0.471409
11.6029
-0
-0
-0
-0
-0
-0
-0
-0
-0
-0
-0
-0
-0
-0
-0
-0
41.8044
-0
10.9867
-0
-0
-0
-0
-0
-0
39.4785
-0
-0
-0
-0
-0
-0
10.6947
-0
-0
-0
-0
11.0511
-0
-0
9.34308
-0
-0
-0
-0
-0
3.08522
-0
18.8684
23.0911
-0
18.8558
-0
-0
-0
-0
-0
-0
-0
-0
18.0251
-0
-0
-0
-0
20.4128
-0
-0
-0
-0
-0
-0
-0
-0
-0
-0
-0
19.6689
-0
-0
-0
-0
-0
-0
-0
18.5827
-0
-0
-0
-0
-0
11.0625
45.3787
-0
-0
-0
-0
-0
-0
-0
11.8382
-0
-0
-0
0.202812
22.6474
-0
37.3854
-0
-0
-0
-0
-0
-0
-0
-0
1.04821
-0
-0
-0
-0
27.9893
-0
31.408
-0
37.8105
3.9354
13.0731
-0
-0
17.8654
-0
-0
-0
-0
-0
51.1917
-0
-0
-0
1.94968
-0
-0
-0
-0
-0
19.5952
-0
-0
-0
-0
-0
3.27252
-0
-0
28.33
-0
-0
-0
-0
-0
-0
0.687426
-0
6.82894
19.5035
-0
6.60563
-0
-0
-0
-0
3.41586
-0
-0
-0
-0
-0
5.76577
1.58168
-0
-0
11.7289
25.0343
-0
-0
-0
36.5554
-0
27.4149
47.0084
2.05826
-0
-0
59.9675
-0
-0
-0
-0
-0
-0
11.9578
-0
-0
-0
-0
-0
-0
-0
47.2263
17.9059
-0
-0
-0
-0
-0
-0
-0
-0
-0
-0
-0
-0
-0
-0
-0
-0
-0
-0
-0
-0
30.6415
-0
25.5182
-0
-0
25.1877
12.6631
-0
-0
-0
-0
-0
-0
-0
-0
-0
-0
2.91127
-0
9.83205
13.3212
-0
-0
-0
-0
4.28323
34.6907
-0
-0
-0
-0
5.85326
21.3452
-0
-0
-0
-0
-0
-0
-0
-0
-0
-0
-0
0.178293
-0
-0
35.0269
-0
-0
7.37579
-0
37.6328
-0
-0
-0
-0
24.2046
-0
-0
-0
-0
-0
-0
8.21858
-0
38.6797
-0
-0
-0
-0
18.3838
18.4321
-0
-0
26.5003
0.0697458
58.3287
-0
35.8773
-0
39.3811
-0
22.9274
-0
-0
6.66578
-0
-0
-0
-0
21.5339
-0
-0
5.60596
-0
-0
-0
-0
-0
34.4074
65.6532
4.44434
20.0182
-0
-0
-0
-0
-0
54.7236
-0
-0
-0
-0
-0
1.69556
-0
-0
-0
-0
-0
11.2318
-0
-0
-0
-0
-0
-0
-0
-0
-0
-0
21.4206
-0
-0
-0
-0
-0
-0
-0
-0
-0
-0
-0
-0
-0
-0
49.2975
4.57018
-0
-0
-0
-0
-0
-0
-0
-0
-0
-0
-0
-0
-0
-0
-0
17.2696
25.953
4.47968
-0
-0
-0
-0
-0
-0
25.6344
-0
-0
-0
37.0322
-0
-0
-0
-0
9.78863
-0
-0
40.9282
-0
-0
-0
43.1007
-0
-0
-0
-0
-0
24.2852
-0
-0
-0
-0
-0
-0
22.4235
-0
-0
29.0358
-0
-0
-0
-0
-0
63.8924
5.13593
-0
-0
-0
-0
-0
-0
-0
-0
-0
-0
-0
17.0944
-0
-0
-0
-0
-0
-0
11.8767
-0
-0
2.88919
-0
-0
-0
35.1245
-0
4.48864
25.5496
-0
-0
-0
18.3163
-0
-0
-0
12.393
-0
-0
-0
-0
-0
32.1479
11.5423
-0
11.0713
-0
-0
-0
-0
-0
-0
-0
-0
-0
-0
-0
-0
33.3593
-0
-0
-0
-0
-0
-0
-0
-0
6.22122
-0
-0
-0
1.62598
82.2213
-0
-0
-0
32.1491
-0
10.0595
29.3858
43.6123
-0
-0
18.5741
16.7791
11.4182
-0
-0
15.4721
-0
-0
73.205
-0
-0
3.28281
7.60243
-0
-0
-0
-0
-0
-0
-0
-0
-0
-0
5.14585
17.4002
-0
-0
-0
-0
-0
1.51614
-0
25.1803
-0
-0
-0
24.9355
-0
-0
-0
-0
-0
-0
-0
-0
-0
-0
-0
-0
-0
-0
-0
-0
12.7336
-0
-0
11.3936
-0
-0
-0
-0
-0
-0
-0
41.4122
9.31624
-0
16.2043
-0
10.1927
-0
-0
-0
39.7075
-0
-0
-0
6.27219
-0
-0
1.79809
-0
