5.91308
-0
-0
-0
-0
-0
-0
-0
-0
-0
56.1187
-0
61.5227
-0
-0
-0
-0
-0
8.85661
-0
-0
-0
-0
-0
-0
23.1733
-0
-0
-0
-0
-0
-0
-0
-0
-0
-0
-0
-0
10.9587
-0
-0
-0
-0
-0
-0
1.37076
-0
34.0811
-0
-0
-0
-0
-0
-0
0.407676
-0
-0
3.21329
25.1622
-0
-0
-0
13.0167
-0
54.5398
-0
-0
-0
-0
1.05599
-0
-0
-0
-0
-0
-0
-0
-0
-0
-0
-0
63.41
-0
11.6541
-0
-0
-0
33.6781
-0
-0
-0
-0
-0
-0
11.749
-0
6.35538
-0
-0
-0
-0
-0
-0
-0
-0
-0
-0
-0
-0
-0
-0
-0
-0
-0
-0
-0
-0
-0
23.2048
68.7898
-0
-0
19.0848
11.7758
-0
-0
14.7595
9.74999
-0
-0
-0
30.4542
43.4296
-0
-0
-0
-0
29.9073
-0
7.50427
3.29208
-0
-0
-0
21.861
-0
-0
-0
-0
-0
-0
-0
-0
-0
-0
-0
10.3188
-0
-0
1.13454
-0
-0
-0
11.047
0.573527
-0
2.14657
-0
-0
31.2936
-0
3.02287
-0
-0
-0
-0
-0
-0
0.717414
4.47609
2.99859
-0
-0
-0
-0
27.8465
-0
-0
-0
-0
-0
15.8799
-0
-0
-0
-0
-0
-0
-0
-0
-0
10.0536
-0
-0
-0
-0
-0
-0
-0
-0
-0
-0
-0
-0
-0
1.99038
-0
-0
2.81343
-0
-0
-0
-0
-0
-0
-0
-0
13.2872
-0
-0
-0
5.92537
-0
-0
-0
-0
-0
-0
-0
-0
-0
-0
-0
-0
-0
-0
3.34841
-0
-0
-0
-0
-0
-0
-0
-0
-0
-0
-0
3.19648
-0
-0
17.2126
-0
-0
-0
-0
-0
-0
-0
-0
26.9942
7.64259
-0
4.71886
-0
-0
-0
-0
-0
-0
-0
5.87532
-0
-0
-0
-0
-0
-0
-0
-0
38.2155
-0
-0
-0
10.8246
-0
-0
-0
-0
17.9271
-0
-0
2.97285
0.516837
-0
23.3771
20.2479
-0
-0
-0
-0
-0
-0
-0
7.15091
2.15186
-0
-0
-0
-0
-0
-0
-0
50.917
-0
-0
-0
-0
-0
-0
-0
-0
-0
-0
-0
-0
-0
5.02481
-0
-0
-0
-0
-0
37.2386
-0
-0
-0
-0
2.9937
-0
-0
-0
-0
-0
22.4596
-0
-0
-0
-0
-0
29.5701
-0
-0
-0
-0
0.76835
-0
-0
12.1755
-0
-0
-0
-0
-0
-0
16.7154
-0
-0
-0
-0
-0
-0
-0
-0
-0
5.50246
-0
-0
-0
-0
20.7123
-0
-0
-0
-0
-0
-0
-0
-0
21.5894
45.4565
-0
-0
15.6832
4.82099
-0
-0
-0
-0
27.5709
-0
-0
-0
-0
-0
2.48467
-0
-0
-0
-0
21.0922
-0
-0
-0
-0
-0
7.69418
10.4116
5.67272
45.0019
-0
5.86879
19.101
-0
9.98712
-0
-0
-0
-0
-0
-0
10.7314
26.974
-0
-0
-0
-0
-0
-0
-0
7.77639
-0
-0
-0
21.5154
14.9049
-0
-0
-0
-0
-0
-0
-0
-0
-0
10.7402
-0
-0
-0
-0
-0
-0
-0
-0
-0
-0
62.9654
-0
-0
-0
-0
-0
-0
-0
-0
-0
-0
-0
-0
4.59126
39.9536
-0
-0
-0
-0
-0
16.9319
-0
-0
-0
-0
-0
-0
-0
-0
-0
-0
-0
-0
5.64362
-0
-0
-0
1.30729
-0
-0
26.4577
-0
2.21281
-0
-0
-0
6.35793
11.1756
-0
-0
-0
-0
9.09175
3.28101
-0
-0
-0
-0
14.2658
8.72374
8.22585
-0
10.7323
-0
-0
-0
-0
-0
-0
-0
-0
-0
-0
9.57452
-0
-0
-0
-0
18.1036
-0
-0
-0
-0
-0
-0
-0
36.7165
-0
-0
-0
-0
-0
-0
1.14349
-0
-0
-0
37.8807
-0
-0
-0
-0
-0
-0
33.2218
-0
-0
14.6889
-0
-0
-0
-0
5.26276
24.902
-0
-0
16.7045
-0
-0
-0
-0
16.8751
-0
-0
35.1989
-0
-0
-0
-0
-0
-0
21.6409
-0
43.4604
-0
-0
4.45235
20.2334
-0
-0
16.0853
-0
-0
-0
-0
-0
-0
5.01811
-0
-0
-0
-0
-0
-0
-0
-0
-0
-0
-0
-0
12.8756
-0
-0
-0
1.87585
-0
-0
-0
-0
-0
-0
19.1024
54.3436
-0
-0
-0
-0
-0
2.53612
-0
-0
-0
-0
-0
-0
-0
7.81892
4.52501
-0
17.0855
22.6591
-0
-0
-0
14.612
-0
-0
5.18227
21.1912
-0
-0
-0
-0
57.7722
7.17959
39.9825
-0
-0
-0
33.9777
-0
-0
-0
-0
-0
-0
-0
-0
-0
-0
-0
-0
-0
-0
16.3662
-0
-0
-0
8.75322
28.0624
-0
-0
-0
-0
-0
18.9167
-0
-0
-0
-0
11.8349
-0
9.51243
-0
-0
12.84
27.4844
-0
1.2319
-0
-0
-0
-0
28.0569
35.3815
11.0506
-0
36.9382
-0
-0
-0
1.40731
-0
-0
-0
-0
-0
-0
-0
33.3476
-0
-0
-0
-0
8.18814
-0
-0
-0
-0
-0
-0
-0
72.5469
-0
0.365111
1.60351
-0
-0
-0
-0
-0
-0
-0
35.2627
-0
-0
-0
20.9024
-0
-0
-0
-0
-0
28.219
36.3339
-0
-0
-0
-0
-0
40.7698
65.6482
-0
-0
-0
-0
-0
-0
-0
-0
-0
-0
8.64477
-0
-0
-0
-0
-0
-0
-0
-0
-0
-0
-0
-0
-0
-0
-0
-0
15.5314
-0
-0
-0
42.4776
-0
-0
28.4839
-0
-0
-0
34.4636
5.75317
-0
-0
25.9927
-0
-0
-0
-0
-0
35.6737
-0
-0
6.6301
-0
-0
-0
-0
-0
22.6982
22.15
-0
-0
-0
-0
-0
12.5869
-0
-0
-0
-0
0.0195376
-0
-0
-0
-0
-0
-0
22.6259
-0
-0
-0
-0
-0
-0
-0
-0
15.1715
-0
9.53514
-0
-0
-0
-0
-0
-0
-0
4.72718
-0
-0
22.6169
-0
-0
41.9498
-0
-0
-0
-0
-0
-0
14.9657
-0
-0
42.2466
-0
24.6911
-0
10.4106
-0
-0
-0
-0
-0
-0
7.65428
-0
-0
-0
-0
-0
-0
-0
-0
13.8869
2.39729
2.71681
-0
-0
-0
-0
-0
6.68203
-0
-0
-0
-0
-0
25.591
-0
-0
-0
15.5115
-0
-0
11.2928
-0
40.1153
37.8858
9.64689
-0
-0
-0
-0
-0
-0
-0
-0
-0
-0
11.7057
-0
-0
-0
-0
-0
-0
14.691
19.9597
-0
-0
-0
-0
-0
-0
-0
13.8501
-0
18.7866
-0
-0
21.8428
-0
-0
8.42991
-0
-0
-0
-0
-0
11.7709
-0
-0
-0
-0
-0
-0
-0
-0
-0
-0
45.3218
-0
-0
-0
-0
-0
0.155119
-0
-0
12.4728
-0
5.47728
-0
-0
-0
-0
-0
-0
4.41949
11.5751
-0
-0
-0
-0
-0
-0
7.57854
-0
26.7134
-0
-0
-0
-0
-0
-0
-0
-0
-0
-0
-0
-0
-0
9.40462
34.4519
-0
-0
-0
-0
37.4943
-0
-0
-0
-0
-0
16.1013
-0
-0
-0
7.20847
-0
-0
-0
-0
10.0413
-0
-0
17.1395
-0
-0
50.1456
-0
-0
-0
-0
-0
-0
-0
-0
-0
-0
-0
-0
42.4928
-0
-0
-0
-0
21.468
-0
8.72485
-0
4.01652
6.42309
-0
-0
-0
-0
-0
-0
-0
-0
31.2463
-0
-0
-0
-0
-0
-0
-0
-0
-0
-0
-0
-0
-0
18.0515
-0
9.26185
-0
-0
-0
-0
12.5174
14.2616
-0
-0
-0
3.6455
-0
-0
-0
-0
-0
0.278256
-0
-0
11.1331
0.0312456
-0
-0
-0
-0
-0
-0
-0
24.0204
-0
-0
2.27674
16.8075
-0
-0
-0
51.5629
-0
-0
-0
-0
-0
-0
-0
-0
-0
-0
-0
-0
-0
-0
-0
8.48506
1.26577
-0
-0
-0
-0
36.0334
7.09206
-0
0.459523
-0
-0
-0
-0
-0
-0
-0
-0
15.6656
3.35567
-0
-0
-0
-0
-0
-0
-0
-0
-0
-0
-0
-0
4.22951
-0
-0
-0
-0
-0
-0
-0
-0
-0
-0
-0
-0
-0
-0
-0
29.6359
-0
-0
-0
-0
-0
-0
26.0954
-0
-0
-0
-0
-0
-0
-0
-0
-0
-0
-0
-0
-0
-0
-0
1.81965
-0
-0
-0
-0
-0
-0
-0
-0
-0
-0
20.1743
-0
24.2097
-0
-0
-0
-0
35.691
0.00274056
-0
-0
-0
-0
27.48
-0
-0
-0
-0
8.90127
-0
-0
-0
47.2148
22.8096
-0
-0
24.7744
-0
-0
-0
-0
-0
-0
-0
44.7661
-0
-0
-0
-0
-0
34.6542
-0
10.7492
-0
5.60341
26.3749
24.5533
-0
48.9759
4.72147
-0
-0
-0
-0
-0
-0
-0
1.77754
-0
2.75242
40.9327
-0
-0
32.4659
17.4492
-0
-0
-0
4.17627
-0
-0
-0
30.3902
-0
-0
13.7809
13.5392
19.0685
-0
-0
-0
43.4255
-0
-0
45.69
-0
-0
-0
-0
13.4853
-0
-0
-0
34.0388
0.126771
-0
-0
42.4886
-0
10.2269
-0
-0
-0
18.1684
-0
-0
2.79377
-0
-0
16.9347
-0
-0
1.77502
-0
-0
-0
-0
-0
-0
-0
-0
28.6642
1.70464
-0
-0
-0
-0
-0
1.92626
-0
-0
-0
-0
-0
-0
-0
-0
21.4001
-0
-0
-0
11.916
-0
-0
-0
-0
-0
28.732
8.64687
-0
16.1784
5.68454
20.7093
-0
4.23569
-0
-0
-0
-0
-0
7.89478
-0
-0
-0
-0
33.1074
-0
-0
8.68736
-0
-0
29.8494
-0
-0
-0
-0
-0
-0
-0
-0
-0
-0
-0
-0
-0
18.9949
-0
-0
10.0242
-0
0.0486238
-0
-0
-0
41.9295
-0
-0
-0
-0
-0
-0
7.01356
-0
-0
-0
-0
-0
1.3273
-0
-0
-0
-0
-0
-0
29.5655
-0
-0
7.69131
-0
-0
-0
-0
19.3457
-0
-0
-0
-0
-0
18.3481
-0
-0
-0
0.670954
-0
-0
-0
-0
-0
-0
-0
-0
-0
13.4422
-0
-0
-0
-0
14.1441
-0
-0
-0
-0
-0
-0
-0
-0
-0
2.60847
-0
-0
-0
-0
-0
3.48903
-0
-0
-0
-0
-0
-0
5.17939
48.0532
-0
-0
-0
-0
-0
-0
-0
-0
-0
-0
-0
24.0019
27.0724
-0
-0
10.8856
-0
-0
-0
-0
-0
-0
-0
29.1333
-0
-0
16.4863
-0
-0
-0
-0
-0
9.74786
-0
-0
-0
-0
-0
-0
2.09332
9.08364
-0
21.4241
-0
-0
-0
-0
-0
-0
-0
-0
11.6091
-0
-0
0.109142
35.7834
-0
-0
-0
-0
-0
-0
-0
-0
-0
-0
-0
6.17136
27.5826
-0
12.7401
-0
23.2283
-0
-0
-0
-0
81.9596
-0
-0
-0
-0
-0
44.0566
-0
5.03068
-0
-0
-0
-0
12.8112
-0
-0
-0
-0
-0
-0
-0
-0
-0
30.5759
-0
0.945787
21.1965
-0
-0
-0
-0
-0
-0
-0
-0
-0
-0
-0
-0
34.6231
16.6488
-0
-0
-0
-0
-0
-0
-0
-0
41.8829
-0
16.2305
-0
-0
32.4023
-0
-0
13.1382
-0
-0
-0
9.04479
-0
-0
-0
-0
-0
-0
-0
22.4829
-0
49.9729
2.64264
-0
5.32432
-0
-0
-0
13.8343
-0
-0
-0
48.6577
-0
-0
-0
-0
-0
-0
-0
27.0333
-0
16.4214
-0
-0
-0
-0
-0
-0
-0
-0
9.86016
-0
-0
-0
-0
-0
14.8124
-0
-0
-0
-0
-0
-0
-0
-0
-0
-0
-0
-0
30.0868
-0
23.1201
-0
-0
-0
-0
-0
13.6332
-0
-0
-0
-0
1.12
-0
-0
-0
-0
-0
-0
-0
41.7959
-0
-0
5.15888
37.1236
26.7075
-0
-0
-0
-0
17.1297
-0
-0
-0
-0
-0
-0
-0
-0
-0
-0
-0
-0
-0
-0
-0
-0
-0
-0
-0
-0
-0
-0
-0
-0
-0
-0
-0
-0
-0
24.4569
-0
-0
-0
9.30914
10.4985
-0
-0
-0
-0
-0
-0
-0
-0
-0
-0
-0
-0
-0
26.5352
9.43708
9.56857
-0
-0
23.3813
-0
-0
-0
-0
-0
-0
19.566
-0
-0
-0
-0
-0
-0
-0
-0
-0
-0
-0
-0
-0
-0
-0
-0
-0
-0
6.29628
-0
9.72515
-0
-0
-0
-0
-0
-0
-0
-0
-0
-0
-0
-0
-0
-0
-0
-0
-0
-0
-0
21.1357
-0
-0
-0
-0
-0
-0
-0
47.2984
-0
-0
42.08
-0
-0
-0
-0
-0
-0
1.66914
-0
-0
-0
-0
13.3307
2.56824
30.4323
-0
-0
-0
-0
-0
-0
-0
-0
-0
-0
-0
48.8038
-0
-0
-0
-0
-0
-0
-0
-0
-0
41.5115
-0
-0
-0
9.8284
-0
-0
4.25261
-0
-0
37.413
11.8532
37.5782
-0
-0
-0
-0
10.4313
6.57923
-0
-0
90.431
-0
-0
-0
7.92379
-0
9.8131
25.3289
20.6165
-0
-0
-0
-0
-0
18.5867
5.8163
-0
-0
-0
-0
-0
-0
-0
-0
-0
-0
-0
3.13151
1.95564
-0
9.38456
-0
-0
-0
-0
-0
-0
-0
-0
-0
-0
-0
-0
-0
-0
-0
6.66936
-0
0.828216
-0
13.4093
1.17047
45.4021
19.8952
-0
-0
4.95245
-0
-0
3.87185
-0
-0
-0
71.2385
-0
31.4378
37.3526
10.1453
-0
34.8857
-0
-0
-0
-0
-0
-0
16.8415
-0
4.73199
-0
8.38035
-0
-0
-0
-0
-0
0.347057
-0
31.1892
24.0126
-0
-0
-0
0.166327
-0
-0
-0
-0
-0
81.0038
-0
-0
-0
-0
-0
-0
-0
-0
4.79201
-0
50.9364
-0
-0
-0
38.4881
-0
-0
19.8244
-0
-0
-0
-0
-0
-0
-0
10.8487
-0
-0
5.30744
42.9335
-0
-0
-0
-0
-0
30.6596
-0
-0
-0
56.5432
-0
-0
23.8409
-0
-0
-0
-0
28.2502
-0
-0
0.859346
38.3171
29.8218
26.4173
-0
-0
15.4466
-0
-0
-0
-0
-0
-0
-0
-0
35.7013
-0
-0
-0
-0
11.9597
-0
-0
-0
11.2345
-0
-0
48.4349
-0
-0
-0
35.8503
-0
25.9704
-0
-0
-0
-0
-0
-0
-0
-0
2.99694
-0
-0
-0
-0
2.66407
-0
28.0548
-0
-0
-0
54.8613
-0
1.24255
2.866
48.0106
-0
12.9483
-0
-0
-0
3.83062
10.4717
-0
4.43658
-0
8.45048
-0
-0
-0
-0
-0
-0
0.756184
-0
-0
8.6677
-0
-0
3.17334
-0
-0
-0
-0
16.6974
-0
48.1418
-0
-0
-0
-0
-0
-0
-0
42.2066
-0
-0
-0
3.03416
15.4485
-0
34.2979
-0
0.414475
-0
-0
-0
-0
-0
-0
12.6904
-0
-0
-0
-0
-0
-0
-0
-0
37.1573
-0
-0
-0
0.385897
-0
65.7594
25.4036
-0
-0
-0
-0
-0
3.43295
-0
-0
-0
31.2261
-0
-0
-0
-0
-0
-0
-0
-0
-0
-0
8.37729
-0
-0
-0
7.66709
-0
-0
56.9447
-0
20.8301
-0
-0
-0
-0
9.29775
-0
17.5451
-0
-0
-0
-0
-0
-0
-0
-0
44.8154
-0
-0
20.35
-0
17.5609
31.6764
2.43844
-0
-0
-0
-0
-0
-0
17.5075
27.6119
-0
10.4257
-0
-0
-0
-0
-0
-0
-0
-0
-0
-0
-0
-0
-0
-0
-0
-0
-0
-0
-0
-0
-0
-0
-0
-0
-0
-0
-0
-0
0.683344
-0
-0
23.0974
-0
-0
-0
-0
-0
-0
1.95766
19.7065
-0
8.38585
-0
-0
-0
-0
-0
-0
-0
-0
-0
-0
13.275
-0
-0
-0
-0
20.3875
-0
-0
-0
-0
-0
-0
-0
-0
2.91047
-0
24.6997
-0
-0
-0
-0
-0
11.2758
-0
-0
-0
-0
-0
-0
34.2096
-0
-0
-0
-0
-0
-0
-0
-0
-0
-0
-0
-0
51.8507
-0
6.40858
-0
-0
-0
-0
-0
-0
-0
-0
-0
-0
-0
23.3278
24.6511
-0
-0
7.82472
-0
-0
-0
-0
-0
-0
-0
-0
-0
-0
-0
9.41849
37.7092
-0
-0
-0
-0
-0
-0
-0
-0
-0
-0
-0
36.2506
34.7842
-0
3.6469
6.25968
-0
-0
18.2631
-0
7.3611
-0
11.2635
-0
-0
-0
1.83609
27.8546
-0
-0
10.9596
-0
-0
-0
-0
-0
-0
-0
11.5771
-0
-0
-0
15.6253
-0
-0
-0
-0
-0
0.744491
-0
7.8166
-0
-0
0.277834
37.7075
-0
-0
-0
-0
-0
-0
-0
9.20746
-0
-0
-0
-0
-0
-0
-0
-0
-0
-0
-0
-0
-0
-0
-0
-0
-0
52.9397
-0
-0
-0
-0
-0
-0
-0
-0
6.8211
-0
-0
-0
-0
-0
-0
-0
-0
-0
-0
-0
25.623
-0
-0
-0
-0
-0
-0
-0
-0
-0
-0
-0
1.30654
-0
16.0147
-0
-0
-0
-0
-0
18.9662
-0
-0
37.5294
-0
4.86006
-0
0.351626
-0
-0
-0
-0
-0
-0
7.30029
-0
-0
-0
-0
-0
-0
-0
-0
-0
-0
57.4728
57.7571
1.082
-0
26.5244
-0
-0
-0
-0
-0
-0
-0
-0
20.0424
-0
-0
-0
15.3396
-0
-0
-0
-0
-0
22.0672
-0
-0
12.1514
-0
-0
-0
-0
23.3908
-0
-0
5.74221
11.0506
-0
-0
-0
-0
-0
-0
-0
-0
-0
-0
-0
-0
-0
-0
-0
-0
-0
7.62869
-0
2.34554
-0
-0
-0
-0
-0
-0
-0
19.3039
-0
71.7491
9.60056
-0
-0
-0
25.0926
8.4949
24.4868
-0
-0
16.8718
-0
-0
-0
-0
-0
5.49407
-0
49.4981
-0
-0
5.3777
-0
-0
43.937
1.34566
-0
-0
9.96516
-0
-0
-0
-0
25.6971
-0
-0
-0
-0
-0
-0
-0
-0
9.9734
-0
-0
-0
-0
13.4832
-0
-0
-0
-0
-0
1.71586
-0
-0
-0
-0
-0
-0
-0
-0
43.2122
-0
-0
-0
7.45236
-0
-0
-0
5.8418
-0
-0
-0
53.9971
-0
4.30071
-0
-0
-0
-0
-0
-0
-0
-0
18.1275
-0
-0
-0
4.60198
-0
-0
-0
-0
-0
17.2473
-0
-0
-0
-0
10.9224
-0
-0
-0
-0
-0
-0
14.06
19.7299
-0
-0
-0
-0
-0
-0
-0
-0
-0
3.33925
26.8939
-0
10.6809
-0
5.39451
-0
34.3776
-0
-0
-0
-0
-0
-0
-0
-0
-0
40.6133
33.0462
-0
-0
-0
-0
-0
-0
-0
-0
-0
-0
-0
-0
15.4611
2.2276
-0
-0
-0
-0
32.9893
16.3977
2.46086
-0
-0
-0
3.85589
-0
-0
-0
6.59542
-0
-0
-0
21.0807
-0
-0
2.51773
-0
-0
0.174918
-0
-0
8.03088
-0
-0
8.52841
-0
-0
-0
-0
-0
-0
6.37401
-0
-0
-0
-0
-0
-0
-0
-0
-0
-0
51.733
19.0215
-0
-0
-0
-0
-0
-0
-0
-0
-0
-0
61.8902
-0
-0
-0
1.6678
-0
-0
54.333
-0
-0
-0
-0
-0
-0
-0
-0
-0
-0
-0
-0
-0
-0
-0
-0
-0
-0
-0
28.1417
-0
-0
22.6007
28.8765
-0
2.55893
-0
-0
-0
-0
-0
-0
-0
-0
-0
-0
-0
-0
15.2856
9.03442
-0
29.4839
-0
-0
-0
-0
2.7452
-0
-0
-0
4.28587
-0
-0
-0
-0
-0
3.60072
-0
27.7226
2.60246
-0
-0
7.8984
25.3425
-0
13.6661
6.84688
-0
-0
-0
-0
-0
-0
4.15195
-0
-0
-0
-0
-0
-0
-0
-0
-0
21.5364
-0
-0
0.357107
-0
1.28541
-0
29.6555
-0
-0
-0
-0
-0
-0
11.8389
-0
-0
-0
-0
-0
-0
39.1246
-0
-0
19.9815
-0
-0
-0
-0
7.67802
0.173274
-0
-0
19.3717
-0
-0
-0
20.3138
-0
-0
13.7266
-0
4.00711
38.2068
-0
-0
6.89448
-0
13.0531
-0
-0
-0
-0
-0
13.3709
58.176
-0
-0
17.3468
-0
-0
-0
0.262451
-0
-0
-0
-0
-0
-0
-0
-0
-0
-0
-0
13.3228
-0
-0
-0
6.91222
7.105
-0
-0
-0
-0
-0
-0
-0
-0
-0
15.8953
-0
17.8277
-0
-0
-0
35.6984
-0
-0
-0
-0
5.81029
-0
15.6532
28.4954
20.7325
-0
-0
-0
-0
-0
-0
-0
-0
-0
-0
4.24054
-0
-0
-0
-0
-0
-0
-0
-0
-0
-0
-0
-0
-0
-0
-0
-0
-0
-0
-0
-0
-0
-0
5.44582
-0
-0
-0
-0
-0
2.73661
-0
-0
-0
-0
-0
-0
-0
-0
-0
24.4656
-0
-0
-0
-0
-0
-0
-0
-0
-0
56.6693
-0
-0
-0
-0
-0
-0
55.2821
-0
-0
-0
-0
-0
-0
-0
-0
-0
-0
20.7379
69.2531
-0
-0
6.12895
21.9667
-0
35.4518
-0
-0
-0
-0
-0
-0
-0
-0
-0
-0
4.98026
-0
3.4739
-0
31.9826
23.5527
-0
14.5942
-0
-0
-0
-0
-0
-0
-0
-0
-0
-0
-0
32.2301
13.294
-0
9.47182
-0
-0
-0
-0
-0
-0
-0
8.48751
-0
-0
-0
32.0449
4.67071
1.56515
-0
10.7442
-0
25.9699
-0
-0
11.3918
-0
-0
-0
-0
-0
-0
-0
-0
-0
34.8329
-0
17.7578
-0
-0
-0
17.6068
53.388
-0
-0
-0
23.293
9.62989
-0
-0
-0
-0
-0
-0
-0
-0
-0
-0
22.4012
3.28607
10.5275
-0
-0
-0
28.1277
12.7641
-0
-0
-0
-0
1.69415
13.5375
-0
-0
2.20181
-0
-0
23.6345
-0
7.08535
-0
-0
-0
-0
-0
-0
-0
5.3089
-0
-0
-0
-0
11.7205
-0
-0
-0
-0
30.2784
-0
-0
29.6632
-0
13
20.947
48.192
28.0986
9.48804
-0
-0
-0
-0
-0
1.65984
-0
-0
-0
-0
-0
22.2011
-0
15.5027
-0
17.9518
-0
-0
-0
-0
42.6927
-0
-0
-0
29.0892
13.8071
19.54
-0
-0
-0
-0
-0
17.8543
-0
-0
-0
-0
-0
-0
61.1562
-0
-0
-0
37.8422
-0
-0
-0
-0
47.1751
-0
-0
50.7895
-0
-0
-0
-0
-0
-0
30.2472
-0
-0
-0
-0
-0
-0
38.7285
-0
-0
-0
-0
16.4558
-0
-0
-0
21.7337
-0
-0
6.41522
18.6735
-0
15.8428
-0
6.59692
-0
4.93677
-0
-0
-0
-0
-0
-0
-0
-0
-0
-0
-0
5.90755
-0
-0
-0
-0
-0
-0
-0
-0
-0
0.879617
-0
-0
-0
-0
-0
-0
-0
16.7077
44.1369
31.7376
-0
-0
-0
-0
-0
-0
-0
13.7671
-0
-0
-0
-0
-0
-0
-0
27.3886
13.4402
-0
-0
16.5611
57.9277
36.3705
-0
-0
-0
-0
21.6636
-0
-0
-0
1.51993
-0
-0
-0
22.3164
-0
-0
-0
6.50454
-0
-0
-0
-0
-0
-0
16.6837
-0
-0
-0
18.9842
-0
-0
-0
-0
-0
-0
-0
-0
-0
-0
-0
-0
3.63476
-0
-0
-0
0.376195
-0
3.87717
-0
-0
0.484452
-0
-0
-0
47.3596
-0
7.71606
-0
-0
-0
-0
-0
33.1197
-0
8.32467
-0
-0
5.95651
51.6117
8.7562
-0
-0
16.0696
-0
1.00885
-0
-0
-0
14.6985
-0
-0
-0
-0
-0
-0
-0
-0
-0
-0
-0
-0
-0
63.6208
2.66386
-0
32.8246
-0
-0
3.28941
-0
40.3416
-0
-0
3.73144
7.41256
-0
-0
-0
47.3983
-0
15.6908
0.492957
33.5559
-0
19.3223
-0
-0
-0
23.1332
-0
-0
-0
-0
-0
5.45077
14.3495
-0
-0
-0
-0
1.26798
-0
-0
18.8331
-0
21.6935
-0
-0
36.1822
-0
3.80423
21.0352
-0
-0
-0
-0
-0
-0
-0
-0
10.5965
57.427
-0
-0
-0
-0
-0
-0
9.92209
24.0772
-0
-0
-0
16.8477
-0
-0
-0
-0
-0
-0
-0
15.4547
6.07799
-0
21.1479
16.134
-0
-0
-0
-0
-0
-0
-0
-0
-0
-0
5.52868
-0
-0
-0
-0
-0
-0
-0
-0
-0
-0
-0
-0
-0
-0
-0
-0
-0
6.49495
10.1802
-0
20.2001
-0
-0
-0
-0
-0
-0
-0
-0
-0
5.70431
-0
20.1992
-0
-0
-0
-0
-0
-0
49.6521
-0
35.4092
13.0715
0.0326349
23.553
-0
37.2142
-0
-0
-0
-0
0.10141
-0
-0
-0
1.79391
-0
-0
-0
2.01824
-0
-0
63.1982
-0
17.7621
0.79761
-0
-0
-0
6.86446
-0
-0
-0
14.6811
-0
27.1149
-0
-0
-0
-0
-0
-0
-0
-0
-0
-0
-0
15.8512
32.2036
-0
-0
-0
10.9706
14.5209
-0
-0
-0
-0
-0
-0
38.5558
9.65172
-0
11.7553
5.80966
-0
-0
-0
-0
-0
-0
32.0138
-0
-0
-0
-0
-0
-0
-0
43.2811
-0
-0
51.6433
-0
-0
-0
-0
-0
11.4852
-0
0.485003
-0
-0
4.87994
-0
-0
-0
8.19541
17.873
-0
33.2256
-0
-0
-0
-0
-0
-0
31.8094
11.7169
2.2072
12.6888
-0
-0
-0
-0
-0
-0
-0
22.0763
-0
-0
-0
24.7526
-0
-0
-0
-0
-0
-0
-0
30.3139
-0
0.754345
-0
-0
-0
-0
20.6777
-0
-0
-0
-0
28.3449
36.5456
12.15
-0
-0
19.2237
-0
-0
40.5176
-0
-0
-0
-0
-0
-0
-0
-0
-0
-0
-0
-0
-0
-0
-0
-0
-0
-0
-0
-0
-0
40.2461
-0
-0
-0
-0
15.5799
-0
-0
-0
-0
-0
-0
-0
-0
-0
-0
-0
-0
-0
-0
18.9241
-0
8.37052
-0
58.9128
-0
-0
-0
-0
7.00178
-0
-0
-0
13.5731
-0
30.738
-0
14.1428
-0
29.0694
-0
-0
-0
-0
-0
-0
-0
-0
-0
14.0345
-0
-0
13.4961
-0
-0
-0
0.882439
-0
-0
54.9712
30.4352
0.990255
-0
-0
-0
4.25633
15.9622
70.8759
-0
-0
-0
-0
-0
-0
-0
-0
-0
-0
-0
15.484
-0
-0
-0
-0
-0
-0
-0
-0
-0
-0
57.3043
-0
9.43787
-0
-0
-0
-0
-0
-0
-0
16.4531
-0
-0
-0
-0
18.0196
-0
5.86347
-0
-0
-0
-0
-0
-0
-0
-0
-0
-0
-0
8.53981
-0
-0
3.88607
28.8026
-0
-0
-0
-0
-0
6.12892
-0
2.81412
-0
-0
-0
-0
-0
-0
-0
-0
-0
-0
-0
49.3937
-0
19.5044
-0
7.69713
19.8705
-0
-0
-0
-0
-0
-0
-0
-0
1.16702
-0
-0
4.41631
-0
-0
50.563
-0
-0
-0
-0
-0
21.953
-0
-0
-0
-0
-0
-0
-0
-0
-0
-0
-0
-0
34.3534
-0
-0
-0
-0
-0
-0
30.8829
-0
-0
-0
-0
-0
-0
28.4942
13.7147
2.29998
-0
-0
-0
-0
24.5071
-0
-0
-0
-0
-0
-0
6.13928
-0
-0
-0
2.68257
-0
10.9065
-0
-0
-0
-0
-0
-0
-0
-0
-0
-0
-0
-0
-0
-0
-0
-0
-0
7.26154
-0
-0
-0
13.5695
-0
-0
-0
-0
80.924
-0
-0
-0
18.5397
-0
-0
-0
-0
-0
-0
16.533
4.18112
-0
-0
-0
20.6227
12.6539
9.99444
50.1801
-0
-0
2.66105
13.3252
-0
-0
-0
-0
-0
-0
-0
-0
-0
-0
2.83085
59.0786
-0
-0
-0
-0
-0
-0
19.5802
14.2435
-0
-0
-0
0.433754
-0
-0
-0
-0
-0
-0
9.81633
-0
-0
-0
-0
-0
-0
-0
-0
-0
-0
-0
-0
67.7723
-0
-0
-0
-0
-0
-0
-0
-0
-0
-0
-0
-0
-0
-0
-0
-0
43.6376
-0
-0
-0
-0
-0
-0
64.9545
-0
