3.2291
-0
-0
-0
-0
-0
-0
-0
-0
-0
34.6538
-0
52.0507
-0
-0
5.94723
13.2041
-0
-0
-0
-0
-0
-0
-0
-0
8.82823
-0
-0
-0
-0
-0
-0
-0
-0
2.93685
-0
-0
-0
14.1408
-0
-0
-0
18.2745
-0
-0
13.0721
-0
6.51369
-0
-0
-0
-0
-0
-0
0.0654272
6.40002
-0
2.09693
36.8865
-0
-0
-0
17.8765
-0
27.3725
-0
-0
-0
-0
0.966977
-0
-0
-0
-0
-0
0.680724
0.0762086
-0
-0
11.3317
-0
65.3766
-0
-0
3.40133
-0
-0
19.3147
-0
-0
-0
-0
-0
-0
11.0934
-0
4.72037
-0
-0
-0
-0
-0
-0
-0
-0
-0
4.50464
17.6979
-0
2.05988
-0
-0
-0
-0
-0
4.47564
-0
-0
20.8679
28.4873
-0
-0
33.3043
33.1515
10.2923
-0
14.6742
-0
-0
-0
-0
22.6279
22.0227
-0
-0
-0
-0
20.5778
-0
34.5679
6.56499
-0
-0
-0
46.0482
-0
-0
-0
-0
-0
-0
-0
-0
-0
14.3262
-0
10.421
-0
-0
0.485886
-0
-0
-0
20.6251
-0
-0
19.3337
-0
-0
62.4039
-0
5.94735
-0
-0
-0
-0
-0
-0
-0
29.1831
-0
-0
-0
-0
-0
53.0243
-0
-0
-0
-0
-0
43.8952
19.2339
-0
-0
-0
-0
-0
-0
-0
-0
-0
-0
-0
-0
-0
-0
-0
-0
-0
-0
-0
3.11133
-0
-0
-0
-0
9.60864
-0
-0
-0
-0
4.27501
-0
-0
-0
-0
-0
-0
-0
-0
19.9418
-0
-0
-0
-0
-0
-0
-0
-0
-0
-0
-0
-0
-0
-0
10.9539
-0
7.24238
-0
-0
-0
-0
-0
11.3485
-0
-0
-0
-0
-0
-0
13.1197
-0
-0
-0
-0
-0
-0
-0
-0
-0
29.2357
0.731747
15.5668
-0
-0
-0
-0
-0
-0
-0
8.02874
-0
11.8575
-0
-0
-0
-0
-0
-0
4.53441
-0
-0
-0
13.7146
-0
-0
-0
-0
15.0439
-0
-0
2.04875
-0
1.57161
20.9042
1.22579
-0
10.7127
-0
-0
-0
-0
-0
-0
2.11379
-0
-0
-0
-0
-0
-0
2.79488
17.657
-0
-0
-0
-0
-0
0.0329044
-0
-0
-0
-0
-0
-0
-0
10.622
-0
9.43594
-0
-0
-0
27.0999
-0
-0
-0
-0
-0
-0
-0
-0
-0
-0
31.584
-0
-0
-0
-0
-0
18.4649
-0
-0
5.05294
-0
1.19202
-0
-0
32.7658
-0
-0
-0
0.128615
-0
-0
-0
-0
-0
-0
-0
-0
-0
-0
-0
-0
31.6199
-0
-0
-0
-0
-0
-0
-0
-0
-0
-0
-0
14.4288
-0
9.39501
19.9593
-0
-0
-0
12.2823
1.98474
-0
-0
-0
18.1326
-0
-0
-0
-0
-0
18.0698
-0
-0
-0
-0
28.6551
-0
-0
-0
-0
-0
7.62366
5.97446
25.4234
23.2263
-0
38.5541
12.0604
-0
6.37901
-0
-0
-0
-0
-0
-0
17.3953
-0
-0
-0
-0
-0
-0
-0
-0
28.2314
20.0912
-0
-0
12.3175
23.2776
-0
10.3668
-0
-0
-0
-0
10.562
-0
-0
-0
-0
-0
1.14538
-0
-0
-0
-0
-0
-0
-0
8.79096
-0
-0
-0
-0
-0
-0
-0
-0
-0
-0
-0
-0
2.07478
36.6173
-0
-0
-0
-0
-0
23.9151
-0
-0
-0
-0
-0
-0
-0
-0
-0
7.42954
-0
-0
-0
-0
-0
-0
-0
-0
1.74976
2.96487
-0
1.03679
-0
-0
-0
13.3314
-0
-0
-0
-0
-0
39.0905
20.5419
-0
-0
-0
-0
21.3013
24.11
53.2047
-0
-0
-0
-0
-0
-0
-0
9.92523
-0
5.4025
-0
-0
-0
-0
-0
-0
-0
-0
17.4163
-0
-0
9.48896
-0
-0
-0
38.4593
-0
-0
-0
-0
-0
-0
20.4772
-0
-0
-0
34.1533
-0
-0
-0
-0
-0
-0
50.0063
-0
18.1758
40.3336
-0
-0
-0
3.21134
7.9529
20.5482
-0
-0
56.144
-0
-0
-0
-0
-0
-0
-0
41.3849
-0
-0
-0
-0
-0
-0
-0
-0
42.0027
-0
-0
2.35645
-0
-0
-0
10.2343
-0
-0
-0
-0
-0
-0
5.10023
-0
-0
-0
-0
-0
-0
-0
-0
-0
-0
-0
-0
19.5015
-0
-0
-0
-0
-0
-0
-0
-0
-0
-0
14.4586
56.0676
-0
-0
-0
-0
-0
-0
-0
-0
-0
-0
-0
-0
-0
5.49193
3.33881
-0
12.3602
6.04705
-0
-0
-0
-0
-0
-0
-0
-0
-0
-0
-0
0.0968929
31.2747
28.4533
5.43407
-0
-0
-0
19.9955
-0
-0
-0
-0
-0
-0
-0
-0
-0
-0
-0
-0
-0
-0
14.8698
-0
-0
-0
35.7978
15.072
-0
-0
-0
-0
-0
24.8689
-0
-0
-0
-0
-0
-0
-0
-0
-0
2.64114
2.41043
-0
0.337583
-0
-0
-0
-0
23.0883
-0
25.9173
-0
34.5916
-0
2.8643
-0
1.76572
-0
-0
-0
-0
-0
-0
-0
7.30697
-0
-0
-0
8.99338
26.7356
-0
-0
-0
-0
-0
-0
3.59791
52.1183
-0
0.234501
-0
-0
-0
-0
-0
16.8966
-0
-0
11.5357
-0
-0
-0
16.7104
-0
-0
-0
-0
-0
18.664
21.8923
-0
2.89587
-0
-0
-0
22.9554
50.4394
-0
13.1962
-0
-0
-0
-0
-0
-0
-0
-0
25.0037
-0
-0
-0
-0
-0
-0
-0
-0
-0
-0
-0
4.82906
-0
-0
-0
-0
9.2757
-0
-0
-0
18.3373
-0
-0
1.83862
-0
-0
-0
20.1041
8.81478
-0
-0
31.2734
-0
-0
-0
-0
-0
36.7174
6.6171
-0
-0
-0
-0
-0
-0
-0
22.5804
35.0341
3.38491
-0
-0
-0
-0
33.9967
-0
-0
-0
2.20987
-0
-0
-0
-0
-0
-0
-0
28.0354
-0
-0
-0
-0
-0
-0
-0
-0
11.6047
-0
10.2811
-0
-0
-0
-0
-0
-0
-0
10.9051
-0
-0
8.05906
-0
-0
34.0363
-0
-0
-0
-0
-0
-0
10.1419
-0
-0
47.3319
-0
41.5286
-0
-0
-0
-0
-0
-0
-0
-0
-0
16.3488
-0
-0
-0
-0
-0
9.70618
-0
38.1332
-0
4.64121
-0
3.39042
3.37005
-0
4.85206
-0
-0
-0
-0
-0
-0
33.0301
-0
2.40744
-0
18.193
-0
-0
2.63695
-0
32.7108
0.653389
10.4899
-0
-0
-0
-0
-0
-0
5.93224
-0
-0
-0
60.5336
-0
0.338953
-0
-0
-0
-0
-0
10.1226
-0
-0
-0
-0
-0
19.1604
-0
-0
-0
6.03577
-0
-0
3.22604
-0
-0
23.6347
-0
-0
-0
-0
-0
9.32616
-0
-0
-0
-0
-0
-0
-0
-0
-0
-0
32.1703
-0
-0
-0
-0
-0
24.1292
-0
-0
8.69469
-0
15.2432
-0
-0
0.489456
-0
-0
-0
-0
6.39633
-0
-0
-0
-0
-0
-0
-0
-0
17.5572
-0
-0
-0
5.6602
-0
-0
-0
-0
-0
-0
-0
-0
-0
40.0441
31.0118
-0
-0
-0
-0
29.8209
-0
0.766969
-0
19.207
-0
17.7374
-0
-0
-0
14.532
-0
-0
-0
-0
20.1571
-0
-0
18.3996
3.79707
-0
68.6742
-0
-0
-0
13.8664
-0
-0
-0
-0
8.77171
-0
-0
-0
2.59822
-0
-0
-0
-0
-0
-0
-0
-0
14.3867
30.8304
-0
0.226804
-0
1.67763
-0
-0
-0
-0
8.03667
-0
2.00454
-0
-0
19.556
-0
-0
-0
-0
-0
-0
-0
-0
26.9483
-0
17.4604
-0
-0
-0
-0
24.4989
-0
-0
-0
-0
4.53524
-0
-0
-0
-0
-0
-0
-0
-0
8.41835
4.16841
-0
-0
-0
-0
-0
-0
-0
30.4494
-0
-0
18.7716
1.1799
-0
-0
-0
67.5617
-0
-0
-0
-0
-0
-0
-0
-0
3.14398
-0
-0
-0
-0
-0
-0
-0
5.33685
-0
-0
-0
-0
35.1905
8.40792
-0
9.51288
-0
-0
-0
-0
-0
-0
-0
-0
15.8028
-0
-0
-0
-0
-0
-0
-0
-0
-0
-0
-0
-0
-0
33.6953
-0
-0
-0
-0
-0
-0
-0
-0
-0
7.77295
-0
-0
-0
-0
-0
31.2546
-0
14.4938
-0
-0
-0
-0
13.7725
-0
-0
-0
-0
-0
-0
-0
-0
-0
-0
-0
-0
-0
-0
-0
-0
-0
-0
-0
-0
-0
-0
-0
-0
-0
-0
8.39824
-0
25.192
-0
-0
-0
-0
-0
-0
-0
-0
-0
-0
-0
-0
-0
-0
-0
3.13099
-0
-0
-0
23.07
36.2244
-0
-0
11.1201
-0
-0
-0
-0
-0
-0
-0
18.6529
2.1201
-0
-0
-0
-0
56.0212
-0
-0
-0
3.3226
13.9001
8.37016
-0
49.204
19.9707
-0
19.2751
-0
-0
-0
-0
-0
-0
-0
8.54041
28.2192
-0
-0
52.8124
29.6821
-0
-0
0.721748
0.506233
-0
-0
-0
34.1792
-0
-0
7.83327
6.49154
18.3923
-0
30.3543
2.61116
54.0548
-0
-0
37.8294
-0
-0
-0
-0
29.8717
-0
-0
-0
39.0168
0.464112
-0
-0
60.8302
-0
-0
-0
-0
-0
-0
-0
-0
22.5969
-0
-0
25.8242
-0
-0
4.27916
-0
-0
-0
-0
-0
-0
-0
-0
4.33508
41.1245
-0
-0
-0
-0
0.987415
17.0174
-0
-0
-0
-0
-0
-0
-0
-0
30.385
-0
-0
-0
6.06651
-0
-0
-0
7.21352
-0
38.7714
-0
-0
11.2653
16.6391
20.8256
-0
30.2291
-0
-0
-0
-0
-0
25.5042
-0
-0
-0
-0
-0
-0
-0
5.00985
-0
-0
5.43642
-0
2.43447
-0
-0
-0
-0
-0
-0
-0
-0
-0
-0
-0
17.3617
-0
15.0676
58.9821
-0
-0
-0
-0
0.513253
25.669
0.386101
-0
-0
-0
-0
-0
2.2964
-0
-0
-0
8.53844
-0
26.9684
-0
-0
-0
-0
-0
-0
31.2869
-0
-0
16.0355
-0
-0
-0
-0
-0
-0
-0
-0
-0
-0
17.5107
-0
-0
-0
-0
-0
-0
-0
-0
-0
-0
-0
-0
-0
28.0587
1.16452
-0
-0
17.7667
33.325
-0
-0
-0
26.95
-0
-0
-0
-0
-0
-0
-0
-0
-0
-0
-0
1.15954
-0
15.7153
-0
-0
-0
-0
-0
64.0324
-0
-0
-0
-0
-0
-0
-0
-0
-0
-0
-0
20.9543
15.4836
-0
-0
10.1548
-0
-0
-0
-0
13.8664
-0
-0
12.3124
5.89613
-0
24.3358
-0
-0
-0
-0
-0
30.0598
-0
-0
-0
-0
-0
-0
-0
-0
-0
-0
-0
-0
-0
-0
-0
-0
-0
-0
1.65791
-0
-0
-0
2.13725
-0
-0
-0
-0
-0
-0
-0
-0
-0
1.03691
-0
5.11256
16.307
-0
-0
-0
34.4843
-0
-0
-0
-0
51.411
-0
-0
-0
-0
-0
49.5196
-0
24.0623
-0
-0
-0
-0
39.6906
-0
-0
-0
-0
-0
-0
-0
-0
-0
55.9288
-0
0.0781784
15.2641
-0
-0
-0
-0
-0
-0
-0
13.6622
38.7946
1.46647
-0
-0
22.5294
33.3185
-0
-0
-0
-0
-0
-0
-0
-0
17.2321
-0
2.85325
-0
-0
31.2283
-0
-0
11.9389
-0
-0
-0
12.8876
-0
11.2771
-0
-0
-0
-0
18.0282
47.2259
4.30393
68.6683
16.7737
-0
11.0348
-0
4.53963
-0
17.3465
-0
-0
-0
48.891
-0
-0
-0
-0
-0
-0
-0
11.2209
-0
15.0535
5.85297
-0
-0
-0
-0
-0
-0
-0
0.892676
-0
-0
-0
1.10449
-0
-0
-0
17.0476
-0
-0
-0
-0
-0
-0
-0
-0
-0
-0
27.1627
-0
28.1604
-0
-0
-0
-0
-0
-0
-0
-0
-0
-0
-0
-0
-0
-0
-0
-0
-0
-0
27.6123
-0
-0
-0
29.3295
-0
-0
-0
-0
-0
28.784
-0
-0
-0
-0
-0
-0
-0
-0
-0
-0
55.0267
-0
-0
-0
-0
1.9102
-0
-0
-0
7.25883
-0
-0
-0
-0
-0
-0
-0
-0
-0
11.0715
-0
-0
-0
18.3309
19.6366
-0
-0
-0
-0
-0
-0
29.0686
-0
-0
-0
-0
-0
-0
15.0738
17.4877
-0
-0
-0
14.9718
-0
-0
-0
-0
-0
-0
-0
-0
-0
-0
-0
-0
-0
-0
-0
-0
-0
-0
-0
-0
-0
-0
-0
-0
-0
22.2397
-0
4.63332
-0
-0
-0
-0
-0
-0
-0
-0
-0
-0
-0
-0
12.9722
-0
-0
-0
-0
-0
-0
16.6707
-0
-0
-0
-0
-0
-0
-0
30.4932
-0
-0
25.9033
-0
-0
-0
-0
-0
-0
1.13905
-0
-0
0.436634
-0
7.00005
14.0475
21.9053
16.3543
-0
-0
6.2943
-0
5.58987
-0
-0
-0
-0
-0
52.3805
15.706
-0
-0
-0
-0
-0
-0
-0
19.7589
46.1364
-0
-0
-0
-0
-0
-0
35.9817
-0
-0
21.8437
-0
30.6995
-0
-0
-0
-0
23.734
-0
-0
-0
56.0595
-0
-0
-0
22.0944
-0
2.79457
41.094
51.1205
29.2232
-0
0.66143
-0
-0
-0
-0
-0
-0
-0
-0
-0
-0
-0
-0
-0
-0
-0
-0
0.177855
-0
-0
-0
-0
-0
-0
1.16058
-0
-0
-0
-0
-0
-0
-0
-0
-0
-0
22.2411
-0
16.5388
-0
11.9314
10.7382
15.4805
-0
-0
-0
2.34126
-0
-0
-0
12.2529
-0
24.0362
41.3702
-0
51.0145
45.9183
27.2052
-0
49.0584
-0
-0
-0
-0
-0
-0
2.71434
-0
-0
0.854178
3.51348
22.3697
-0
-0
-0
-0
-0
-0
49.6972
5.31824
-0
-0
14.1217
0.394025
-0
-0
-0
-0
-0
49.2059
-0
-0
36.1028
-0
-0
-0
-0
7.22032
-0
-0
17.0624
-0
-0
-0
29.927
-0
-0
35.9458
-0
-0
-0
-0
-0
-0
-0
11.2902
-0
-0
10.787
59.0633
-0
-0
-0
-0
-0
43.979
-0
-0
-0
33.7353
-0
-0
34.5068
-0
-0
-0
-0
40.7442
-0
-0
1.17977
12.3303
23.6097
17.4338
-0
-0
16.1839
-0
-0
-0
-0
-0
-0
-0
-0
58.254
-0
-0
-0
-0
14.5808
-0
1.22672
-0
29.7201
-0
-0
33.2935
-0
1.37704
-0
56.9006
-0
21.4449
-0
-0
-0
-0
-0
-0
-0
-0
24.7945
-0
-0
-0
-0
25.139
-0
0.360529
-0
-0
-0
47.652
-0
-0
12.2631
47.5317
-0
4.94789
-0
-0
27.6681
-0
16.7016
-0
14.3083
-0
-0
-0
-0
-0
-0
-0
-0
10.0455
-0
-0
-0
-0
-0
-0
-0
-0
-0
-0
9.40708
-0
43.6838
-0
-0
-0
-0
-0
21.2902
-0
27.3585
-0
-0
-0
-0
6.1599
1.21771
11.9786
-0
-0
-0
-0
-0
-0
-0
-0
20.8473
-0
-0
9.75376
-0
-0
-0
-0
-0
-0
-0
21.1877
-0
10.0015
-0
38.7204
6.61161
-0
-0
-0
-0
-0
2.96901
-0
-0
-0
54.1848
-0
-0
-0
-0
-0
-0
7.83646
-0
-0
-0
9.52522
-0
-0
-0
-0
4.24067
-0
12.5453
-0
43.3497
-0
-0
-0
-0
9.05299
-0
16.4109
-0
-0
-0
-0
-0
-0
-0
-0
26.4582
-0
-0
13.2697
-0
20.5336
23.8646
12.671
-0
-0
-0
-0
-0
-0
27.2672
27.3147
-0
4.50496
11.3548
-0
-0
-0
-0
-0
-0
-0
-0
-0
-0
-0
-0
-0
-0
-0
17.1186
-0
-0
-0
-0
-0
4.27871
11.1463
-0
-0
-0
-0
-0
-0
-0
29.8604
-0
-0
-0
-0
-0
-0
1.79835
12.8529
1.66446
17.9584
-0
-0
-0
-0
-0
-0
-0
-0
-0
11.8978
-0
-0
-0
-0
-0
-0
-0
-0
-0
-0
0.321353
-0
-0
-0
-0
-0
34.2017
-0
-0
-0
13.2486
-0
-0
3.61172
-0
-0
-0
-0
-0
29.5505
-0
-0
-0
-0
-0
-0
-0
-0
-0
-0
-0
-0
40.0785
-0
-0
-0
-0
-0
-0
-0
-0
-0
-0
-0
-0
-0
-0
24.2573
-0
-0
-0
-0
-0
-0
-0
-0
-0
-0
-0
-0
-0
8.86514
15.2025
74.2637
-0
-0
-0
0.255878
-0
8.72293
-0
-0
-0
7.68339
-0
15.224
38.2966
-0
-0
-0
-0
0.759806
10.1167
-0
-0
-0
10.9729
-0
-0
-0
4.61277
48.6258
-0
-0
-0
-0
-0
2.90878
-0
-0
6.36298
-0
17.3435
-0
-0
-0
27.5881
-0
-0
-0
-0
2.27324
-0
-0
-0
-0
-0
-0
42.3041
-0
-0
-0
-0
-0
-0
-0
-0
-0
-0
-0
-0
-0
2.37806
-0
-0
-0
-0
-0
-0
-0
-0
-0
-0
13.3029
62.2964
-0
-0
5.15112
-0
-0
-0
-0
-0
-0
4.13088
-0
-0
-0
-0
-0
-0
-0
-0
-0
-0
-0
-0
-0
-0
-0
-0
18.8746
-0
-0
-0
-0
-0
-0
-0
55.4532
-0
-0
-0
-0
-0
31.9707
-0
-0
43.0506
-0
-0
-0
20.8651
-0
-0
-0
-0
-0
-0
8.03059
-0
-0
-0
-0
-0
-0
-0
-0
-0
-0
47.035
21.3174
12.878
-0
16.7634
-0
-0
-0
-0
-0
-0
-0
7.15445
24.0877
-0
-0
-0
4.52048
14.786
20.915
-0
-0
-0
11.9132
-0
13.9976
24.5094
-0
-0
-0
-0
5.97862
13.7495
-0
-0
-0
-0
-0
-0
-0
-0
-0
-0
-0
-0
-0
-0
-0
-0
-0
-0
-0
-0
27.3523
-0
-0
-0
-0
-0
-0
-0
-0
-0
18.8017
-0
55.1585
-0
-0
-0
-0
32.7252
2.56399
29.762
-0
-0
7.49285
-0
-0
-0
-0
-0
3.43392
-0
37.2907
-0
-0
3.98277
-0
-0
19.8189
-0
-0
-0
-0
-0
-0
-0
-0
48.4732
-0
-0
-0
-0
-0
6.17611
-0
-0
1.54061
-0
-0
-0
-0
-0
-0
-0
-0
-0
-0
3.16304
-0
-0
-0
-0
-0
-0
-0
-0
59.1114
-0
-0
-0
10.5885
-0
-0
-0
5.67634
-0
-0
-0
39.2135
-0
9.12358
-0
-0
-0
-0
-0
-0
-0
-0
28.6494
-0
-0
-0
11.9704
-0
-0
-0
-0
-0
7.14941
-0
-0
-0
-0
16.291
-0
-0
15.5425
-0
-0
-0
-0
31.6099
-0
-0
-0
-0
-0
-0
-0
-0
-0
14.8624
-0
-0
10.2859
-0
10.1569
-0
27.1133
-0
-0
-0
-0
-0
-0
-0
-0
-0
20.9976
30.559
-0
-0
-0
-0
-0
-0
-0
-0
-0
-0
-0
-0
2.97636
2.0531
-0
-0
-0
-0
34.9043
45.7607
31.9936
-0
-0
-0
4.40584
-0
-0
-0
-0
-0
16.6783
-0
20.1718
6.37422
-0
0.795816
-0
17.0246
-0
-0
-0
24.506
-0
-0
-0
-0
3.24907
-0
-0
-0
-0
-0
-0
10.4391
-0
-0
-0
-0
-0
-0
-0
-0
39.2948
-0
-0
-0
-0
13.449
-0
-0
-0
-0
-0
-0
32.2979
-0
-0
-0
-0
-0
-0
56.1626
-0
-0
-0
-0
-0
-0
-0
-0
-0
-0
-0
-0
-0
-0
-0
3.42743
-0
-0
-0
-0
9.83203
-0
10.3115
8.33415
-0
-0
-0
7.36118
-0
-0
-0
-0
-0
-0
13.3106
-0
-0
-0
6.65717
-0
-0
20.4341
-0
-0
-0
-0
13.0947
7.04353
-0
13.2152
9.85625
-0
-0
-0
-0
-0
24.2278
-0
25.2857
7.06349
-0
-0
7.75991
26.09
-0
18.8029
18.2691
-0
-0
11.2827
-0
-0
3.95802
8.96393
-0
-0
-0
-0
-0
-0
-0
-0
-0
-0
-0
-0
-0
-0
15.8581
-0
24.2022
15.2712
-0
-0
-0
-0
-0
38.4504
-0
-0
-0
-0
-0
-0
51.2497
-0
15.4473
1.04884
-0
-0
-0
-0
-0
23.4284
-0
-0
-0
-0
-0
-0
5.74515
-0
-0
45.8911
-0
4.03632
25.56
-0
12.3033
10.2651
-0
-0
-0
-0
-0
-0
-0
0.503793
35.9785
-0
-0
46.5774
-0
-0
-0
-0
-0
-0
-0
-0
-0
-0
-0
-0
-0
-0
1.5776
14.4098
3.58426
26.8998
-0
-0
12.5475
0.629012
-0
-0
27.8331
-0
-0
-0
-0
-0
-0
-0
10.7944
-0
-0
-0
41.2752
-0
1.54613
-0
-0
18.3078
-0
17.1994
6.01828
22.7426
-0
-0
-0
-0
-0
-0
-0
-0
-0
-0
28.8105
-0
-0
-0
-0
-0
-0
-0
-0
-0
-0
-0
-0
-0
5.37959
-0
-0
41.045
-0
-0
-0
-0
-0
-0
-0
-0
-0
-0
-0
8.70651
-0
-0
-0
-0
-0
-0
-0
-0
-0
15.923
-0
-0
-0
-0
-0
14.6807
-0
-0
-0
41.4755
-0
-0
-0
-0
-0
-0
41.9167
-0
-0
-0
-0
-0
8.03176
-0
-0
13.8912
-0
17.437
51.5187
-0
-0
5.85664
9.52475
-0
26.9651
-0
-0
-0
-0
-0
-0
-0
-0
-0
-0
-0
-0
-0
0.620094
-0
29.5027
-0
2.4117
-0
-0
-0
-0
-0
-0
-0
-0
-0
0.696823
-0
22.099
34.8003
-0
-0
4.62398
-0
-0
-0
-0
-0
-0
19.8856
-0
-0
-0
9.56376
-0
-0
-0
3.47552
-0
31.5515
-0
3.29971
-0
-0
-0
-0
-0
-0
-0
-0
-0
-0
28.3275
-0
23.6133
-0
-0
-0
27.3867
41.7714
-0
-0
0.596131
39.4751
-0
-0
-0
-0
-0
-0
-0
2.11072
-0
5.6426
-0
2.3478
19.6409
-0
-0
-0
-0
-0
-0
-0
-0
-0
-0
8.17727
33.7302
-0
-0
0.454752
-0
-0
50.5169
-0
-0
-0
-0
-0
-0
-0
-0
-0
-0
-0
-0
-0
-0
-0
-0
-0
-0
-0
40.151
-0
3.81326
4.30559
-0
27.2412
23.8267
50.5756
22.9819
10.6981
-0
-0
-0
-0
-0
0.456995
-0
-0
-0
-0
-0
-0
2.02643
5.54972
-0
3.23174
-0
-0
-0
-0
67.9839
-0
-0
-0
9.04554
0.0724078
16.6891
24.192
-0
-0
-0
-0
-0
-0
-0
-0
-0
36.5986
-0
35.2873
5.62757
-0
0.0924886
18.1796
-0
-0
-0
-0
41.2023
-0
-0
43.485
-0
-0
-0
-0
-0
-0
8.94963
-0
-0
-0
-0
0.652455
-0
9.43792
-0
-0
20.6372
-0
-0
-0
-0
-0
-0
-0
-0
6.85892
10.2224
0.0236315
14.3594
-0
-0
-0
-0
-0
-0
-0
-0
-0
-0
-0
-0
-0
7.83263
-0
12.6529
-0
-0
-0
-0
-0
-0
-0
-0
-0
0.366257
-0
-0
-0
-0
-0
-0
-0
-0
11.3428
26.101
-0
-0
18.7111
-0
-0
15.9409
-0
2.37933
1.29987
-0
-0
-0
-0
-0
-0
17.1567
-0
-0
-0
8.19263
30.682
19.3435
-0
-0
-0
-0
13.8553
-0
1.41023
15.0387
18.3557
-0
-0
-0
19.6094
-0
-0
-0
-0
-0
-0
-0
-0
-0
-0
-0
-0
-0
-0
17.0789
-0
-0
-0
-0
-0
-0
-0
-0
-0
-0
4.65058
-0
30.2085
36.6619
25.7457
11.932
32.4018
2.12891
-0
-0
3.91787
4.43378
-0
-0
-0
44.2722
-0
21.3673
-0
-0
-0
-0
-0
29.2212
-0
-0
-0
-0
-0
43.7997
19.2417
-0
-0
31.5617
-0
0.50009
-0
-0
-0
-0
-0
-0
-0
-0
-0
-0
-0
-0
-0
-0
-0
-0
-0
46.5742
4.79321
2.20317
-0
-0
-0
-0
-0
-0
-0
-0
-0
26.9614
-0
-0
-0
29.0287
-0
28.0353
0.813572
34.8056
-0
-0
-0
-0
-0
37.9043
-0
30.8291
-0
-0
-0
2.88602
-0
-0
-0
-0
-0
-0
-0
-0
20.8494
-0
29.7169
-0
-0
31.4452
-0
-0
-0
-0
1.20741
-0
-0
-0
3.29755
-0
-0
27.4449
26.4537
-0
-0
-0
-0
-0
-0
-0
16.8191
-0
-0
-0
18.5671
-0
-0
-0
-0
-0
-0
-0
-0
40.0535
-0
45.4661
19.3003
-0
-0
-0
-0
-0
-0
-0
29.4595
-0
-0
26.1627
-0
-0
-0
-0
-0
-0
-0
-0
-0
-0
-0
-0
-0
-0
-0
-0
-0
11.7501
-0
-0
0.665044
-0
-0
-0
-0
-0
12.2492
-0
-0
-0
10.1025
-0
40.569
-0
-0
-0
-0
-0
-0
37.324
-0
39.4973
9.12061
4.00472
8.13201
-0
28.7171
-0
-0
-0
-0
0.255675
-0
-0
-0
-0
-0
-0
-0
-0
-0
17.6939
56.7855
-0
24.8519
-0
-0
-0
-0
22.6983
-0
-0
-0
1.34107
-0
50.4974
-0
-0
-0
-0
-0
-0
-0
-0
-0
-0
-0
-0
16.0696
-0
16.4501
-0
2.6617
-0
-0
-0
-0
-0
-0
-0
-0
-0
-0
17.0098
13.2939
-0
3.86254
-0
-0
-0
-0
39.5618
-0
-0
-0
-0
-0
-0
-0
41.6959
-0
5.39179
43.8139
-0
-0
7.1396
23.6104
-0
-0
-0
-0
-0
-0
27.0716
-0
-0
-0
34.5838
7.44669
-0
8.0294
-0
-0
-0
-0
-0
-0
44.6782
18.134
-0
-0
-0
-0
-0
-0
-0
-0
1.67795
9.44145
-0
-0
-0
24.9202
-0
-0
-0
-0
-0
-0
-0
40.527
-0
-0
-0
-0
-0
12.9571
6.96516
-0
-0
-0
-0
26.747
-0
36.2172
-0
-0
11.2821
-0
-0
55.4822
-0
-0
-0
-0
-0
21.9795
-0
-0
-0
-0
-0
-0
-0
-0
-0
-0
-0
-0
9.35362
-0
-0
20.0028
-0
-0
-0
-0
11.9882
21.1006
-0
-0
-0
-0
-0
5.26469
-0
-0
2.4661
-0
-0
-0
-0
1.10258
-0
20.1238
-0
28.5868
-0
-0
-0
-0
8.54006
-0
-0
-0
2.70988
-0
40.654
-0
-0
-0
10.4004
-0
-0
-0
-0
-0
-0
-0
-0
-0
19.2106
-0
-0
9.10836
-0
-0
-0
-0
-0
28.3456
49.7826
0.679496
10.0446
-0
-0
-0
8.21556
7.24139
61.9594
-0
-0
-0
-0
-0
23.8895
-0
-0
-0
-0
-0
2.57841
-0
-0
6.3983
-0
21.9174
-0
-0
-0
-0
-0
30.383
-0
2.9067
-0
-0
-0
-0
-0
-0
-0
27.7954
-0
-0
-0
-0
57.4364
-0
14.0322
-0
-0
-0
-0
-0
-0
-0
-0
-0
-0
-0
-0
-0
-0
5.86881
55.2019
-0
-0
-0
-0
-0
18.0739
-0
19.4771
-0
-0
-0
-0
-0
-0
-0
-0
-0
-0
-0
25.5767
-0
22.9547
-0
5.53498
13.1355
-0
9.73003
-0
3.58749
-0
-0
-0
-0
10.1362
-0
-0
4.77469
-0
-0
31.7403
-0
-0
-0
-0
-0
29.222
2.94028
-0
-0
-0
-0
-0
-0
-0
-0
-0
-0
-0
27.4009
-0
-0
-0
-0
-0
-0
18.5629
-0
-0
-0
-0
-0
-0
21.1239
11.7923
-0
7.92374
-0
-0
-0
6.95049
-0
-0
-0
5.31152
-0
-0
0.161059
-0
-0
-0
4.03417
-0
-0
-0
-0
-0
-0
-0
-0
-0
-0
-0
-0
-0
-0
-0
-0
-0
-0
-0
10.1324
-0
-0
-0
20.3834
-0
-0
-0
-0
64.5067
-0
-0
-0
24.5877
-0
-0
-0
-0
-0
-0
50.0739
-0
-0
-0
-0
24.6862
10.6199
-0
50.84
9.84927
-0
3.35874
0.705345
-0
-0
-0
-0
-0
-0
-0
-0
-0
-0
3.50951
40.9325
-0
-0
-0
-0
-0
-0
13.935
17.5797
-0
-0
-0
24.8754
-0
-0
-0
-0
-0
-0
-0
-0
-0
-0
-0
-0
-0
-0
-0
-0
3.89491
-0
-0
49.0534
-0
-0
-0
-0
-0
-0
-0
-0
-0
3.59788
-0
-0
-0
-0
-0
-0
12.0295
-0
-0
2.10793
-0
-0
-0
24.5491
-0
