3.42648
-0
-0
-0
-0
-0
-0
-0
3.60786
-0
17.9929
-0
4.28073
-0
-0
8.7546
6.03231
-0
-0
-0
-0
16.3577
-0
-0
-0
-0
-0
-0
-0
-0
-0
-0
-0
-0
2.15721
-0
-0
-0
7.28997
-0
-0
-0
-0
13.7049
-0
-0
-0
14.1067
-0
-0
-0
-0
-0
-0
-0
-0
-0
2.26991
20.6618
-0
-0
-0
1.94092
-0
21.1701
-0
12.0262
-0
-0
0.596767
-0
-0
-0
-0
-0
3.29119
-0
1.55729
-0
-0
-0
47.2182
-0
0.498342
20.1843
-0
-0
-0
-0
-0
9.83059
-0
-0
-0
-0
-0
9.22555
-0
-0
-0
0.549247
-0
-0
-0
18.7361
-0
3.63299
17.8062
-0
9.76365
-0
-0
0.533186
-0
-0
7.4655
-0
-0
24.8819
19.1274
-0
-0
-0
17.4618
23.0866
-0
20.871
-0
-0
-0
-0
1.38937
9.14033
-0
-0
-0
-0
4.19952
-0
6.91722
7.84815
-0
-0
-0
28.7939
-0
-0
-0
-0
-0
-0
-0
-0
-0
14.9833
-0
26.4157
-0
-0
1.00202
-0
-0
-0
15.3404
-0
-0
33.3773
7.29783
-0
15.0148
-0
13.7669
25.7755
-0
-0
-0
-0
-0
9.38166
10.6307
0.951205
-0
-0
-0
-0
31.5049
-0
-0
26.7608
3.18285
-0
47.6789
37.2231
3.90155
-0
-0
-0
-0
-0
-0
-0
-0
3.35111
-0
2.18884
-0
-0
-0
-0
-0
-0
-0
2.37208
-0
-0
-0
-0
11.4267
5.50862
-0
-0
-0
5.76392
-0
-0
-0
-0
-0
-0
-0
-0
-0
-0
-0
-0
11.8655
-0
-0
-0
-0
-0
0.827975
-0
-0
-0
-0
6.08675
-0
9.29418
-0
-0
-0
-0
-0
-0
-0
11.5953
22.2157
-0
-0
-0
7.01853
-0
-0
-0
-0
-0
7.08266
-0
-0
-0
26.5715
13.7258
17.1394
-0
-0
-0
-0
-0
-0
0.30251
5.37398
-0
-0
-0
-0
-0
29.322
-0
-0
2.43625
13.0855
5.27939
-0
24.0459
-0
-0
15.8023
10.0146
11.4852
-0
-0
4.25561
-0
41.333
17.6974
-0
-0
28.3627
-0
-0
-0
-0
-0
-0
3.24339
-0
-0
-0
1.21695
-0
-0
-0
26.6305
11.2869
-0
-0
-0
-0
11.8365
-0
-0
27.512
5.41183
-0
-0
-0
-0
-0
10.8598
-0
-0
-0
25.5645
-0
-0
-0
-0
8.90349
-0
7.87524
-0
-0
-0
46.1659
-0
-0
-0
-0
-0
24.2449
-0
-0
2.04814
-0
0.509628
-0
-0
26.5774
-0
-0
5.61096
-0
27.4218
-0
-0
0.114002
-0
-0
-0
-0
-0
-0
-0
-0
5.61241
-0
-0
-0
-0
-0
10.0037
-0
-0
-0
16.3199
-0
12.2313
-0
11.2473
31.2404
-0
-0
-0
14.4072
1.35454
-0
9.63517
-0
12.8559
-0
-0
-0
-0
17.6416
15.3747
-0
-0
-0
-0
0.175142
-0
-0
-0
-0
-0
20.8007
21.7754
30.3513
12.8846
-0
7.65855
14.2357
-0
8.65993
-0
-0
-0
-0
-0
-0
24.5999
-0
-0
-0
-0
-0
-0
-0
-0
13.1238
17.9473
-0
3.02665
27.2713
3.72047
-0
21.1439
-0
-0
-0
-0
24.9499
-0
7.74433
4.90743
-0
-0
10.6074
-0
4.96802
-0
-0
-0
-0
-0
27.4751
-0
-0
-0
7.62338
-0
-0
-0
-0
-0
-0
-0
-0
14.309
25.1094
-0
6.63127
3.22658
-0
-0
-0
-0
-0
8.48423
-0
-0
-0
-0
-0
-0
-0
-0
-0
17.84
-0
-0
-0
-0
-0
-0
8.59305
12.6929
1.71651
-0
-0
20.447
9.96504
2.9689
-0
-0
8.66821
26.8349
30.367
10.7405
-0
-0
-0
-0
19.51
15.5762
19.9484
18.5921
4.20408
-0
-0
-0
-0
-0
1.73603
-0
-0
2.89683
-0
4.82479
7.24569
9.07466
1.12972
-0
-0
19.9505
-0
-0
-0
14.1157
-0
-0
22.4085
-0
-0
-0
5.44457
-0
-0
7.20416
-0
24.7009
-0
35.7854
0.424108
-0
-0
-0
10.7962
-0
9.36714
-0
2.22409
3.4206
-0
-0
-0
-0
37.5444
33.4528
-0
-0
13.1669
-0
-0
-0
-0
16.8576
-0
-0
7.15907
-0
-0
-0
-0
-0
-0
-0
-0
30.414
-0
-0
16.2615
-0
-0
-0
-0
-0
5.27898
-0
-0
-0
-0
-0
-0
-0
-0
-0
-0
-0
-0
-0
-0
-0
-0
-0
18.8969
-0
-0
-0
-0
-0
-0
-0
1.67656
-0
-0
-0
27.7612
1.80834
-0
-0
-0
16.3245
1.87113
-0
-0
-0
-0
-0
-0
4.33656
44.4161
22.7542
-0
11.0398
6.99046
-0
-0
-0
40.629
-0
-0
6.31996
1.39074
17.0105
-0
-0
-0
27.239
28.0289
18.3066
-0
-0
-0
-0
-0
-0
3.44636
7.42351
-0
-0
-0
-0
-0
1.59341
-0
-0
-0
-0
26.9605
-0
-0
5.42782
16.5934
0.586377
-0
-0
0.586838
-0
-0
21.1385
-0
-0
-0
4.23979
-0
-0
21.2742
18.2402
1.40075
1.22755
-0
-0
28.9535
-0
-0
-0
6.55953
7.61578
10.268
1.1998
-0
24.2854
-0
-0
-0
0.859002
14.6747
-0
-0
-0
-0
-0
-0
20.0565
-0
-0
-0
-0
9.26385
-0
-0
-0
0.125554
-0
0.613314
18.711
51.342
-0
0.140353
-0
-0
-0
22.3947
12.6091
1.02443
-0
-0
-0
-0
-0
-0
15.3125
-0
-0
-0
-0
-0
6.3905
1.23493
-0
-0
-0
-0
-0
40.9685
43.8923
-0
-0
-0
-0
-0
-0
28.0315
-0
-0
-0
-0
-0
-0
-0
29.4298
-0
-0
-0
-0
18.4445
-0
-0
2.87153
-0
-0
-0
-0
23.1326
-0
-0
-0
25.4214
-0
-0
12.377
-0
-0
-0
4.30588
4.55821
-0
-0
17.4128
-0
-0
-0
-0
-0
-0
15.4345
-0
23.9934
4.11302
-0
-0
-0
-0
-0
24.0841
21.6747
-0
-0
-0
-0
32.362
-0
-0
-0
-0
7.45494
-0
4.4031
-0
0.913715
-0
3.30959
38.4622
-0
-0
-0
-0
-0
-0
-0
-0
10.8792
-0
2.10502
-0
-0
-0
-0
1.60562
-0
-0
-0
-0
23.7744
24.5681
13.2894
-0
44.2177
1.80956
-0
-0
-0
19.5716
-0
26.3911
-0
-0
25.5029
6.80722
8.94763
-0
-0
-0
13.8784
17.7398
-0
-0
-0
26.1178
-0
-0
-0
-0
-0
-0
25.6658
-0
15.8477
-0
13.6725
-0
3.94575
0.903172
-0
-0
7.34337
-0
-0
-0
-0
-0
11.6564
-0
-0
-0
13.2829
-0
7.44629
10.3226
-0
7.10348
4.7393
-0
-0
-0
-0
-0
-0
8.87914
-0
-0
-0
2.35666
13.8584
-0
1.10575
-0
-0
-0
-0
13.6338
-0
-0
5.87045
-0
-0
-0
9.55696
-0
-0
-0
5.53608
-0
-0
-0
-0
6.56082
14.9412
-0
-0
-0
-0
2.2379
-0
-0
-0
-0
-0
-0
18.9253
2.47288
-0
2.8776
-0
8.72747
-0
15.7971
-0
-0
-0
7.86629
-0
-0
-0
-0
8.38593
-0
-0
-0
-0
-0
-0
-0
15.1633
-0
-0
-0
-0
-0
1.15285
34.3353
-0
16.6466
-0
7.81365
-0
38.0254
-0
-0
-0
-0
-0
-0
-0
-0
-0
18.7098
32.5885
-0
-0
-0
-0
2.68259
8.70588
-0
-0
-0
5.04374
-0
41.4549
6.0208
-0
-0
-0
27.4964
-0
-0
-0
-0
-0
-0
-0
-0
30.007
-0
-0
-0
-0
-0
-0
-0
-0
5.1373
-0
-0
-0
37.8041
-0
-0
-0
-0
32.2459
-0
-0
-0
24.4001
28.4366
-0
6.05883
-0
2.39164
-0
-0
22.0677
-0
12.823
-0
4.05368
-0
-0
12.0884
-0
-0
-0
10.0095
-0
-0
-0
-0
4.36309
-0
-0
-0
-0
-0
-0
29.8299
-0
-0
-0
-0
-0
-0
-0
-0
-0
-0
14.4463
-0
-0
6.72124
0.202068
-0
-0
-0
-0
-0
-0
-0
5.83727
-0
-0
13.5629
15.9907
-0
-0
-0
53.0341
-0
-0
-0
-0
-0
-0
-0
-0
33.6153
-0
-0
-0
-0
0.654039
-0
-0
-0
-0
-0
-0
-0
30.372
6.52017
-0
19.0332
14.3085
-0
0.539979
-0
-0
-0
25.319
40.8321
21.9517
-0
-0
-0
-0
4.58021
-0
-0
-0
-0
-0
-0
-0
-0
8.96391
-0
11.3232
-0
-0
-0
-0
-0
7.79038
-0
7.30552
-0
-0
-0
-0
-0
28.5389
-0
11.5006
-0
-0
-0
-0
-0
-0
-0
-0
-0
-0
-0
-0
2.87857
-0
-0
2.76564
4.62516
-0
-0
9.32985
10.9947
-0
-0
-0
-0
-0
-0
34.5391
-0
-0
24.6064
-0
-0
38.6894
-0
-0
2.72112
-0
-0
5.70867
1.73833
-0
-0
-0
-0
-0
-0
-0
-0
-0
-0
-0
-0
17.4777
1.6432
-0
-0
21.6819
-0
-0
-0
-0
-0
-0
-0
13.4129
1.03742
-0
-0
-0
-0
58.7223
-0
1.55285
-0
-0
7.0563
9.73393
-0
57.7458
28.0663
-0
26.0247
-0
23.2787
6.11322
-0
-0
7.72193
-0
5.34977
13.4799
-0
-0
22.1487
34.2658
-0
-0
-0
-0
3.97247
-0
20.397
26.9359
-0
8.66727
28.794
-0
26.792
-0
12.179
3.2002
27.5291
-0
-0
6.56487
0.889085
-0
23.1706
-0
4.11334
-0
-0
-0
36.9696
1.36227
-0
-0
37.302
-0
11.6322
-0
-0
5.75274
8.51124
-0
33.0511
-0
-0
-0
14.1312
-0
-0
-0
-0
-0
-0
-0
-0
-0
13.5757
-0
-0
8.55771
-0
4.1982
-0
-0
-0
10.9852
-0
-0
-0
-0
-0
-0
-0
15.3704
28.8696
-0
0.0238581
-0
39.4743
-0
-0
-0
19.1899
6.95234
5.47553
11.1076
-0
-0
-0
26.2362
-0
-0
-0
-0
-0
-0
21.1924
-0
-0
-0
-0
12.3976
3.87933
-0
-0
31.0392
-0
-0
-0
-0
15.0672
-0
-0
-0
-0
-0
-0
-0
-0
-0
-0
-0
20.1686
-0
10.4481
16.0931
-0
0.936274
-0
-0
22.5094
10.5103
-0
6.86999
-0
-0
-0
-0
-0
-0
-0
-0
16.9785
-0
25.4164
-0
-0
-0
-0
-0
-0
7.95654
-0
-0
8.25366
-0
-0
-0
14.5749
-0
-0
-0
-0
-0
-0
36.2444
-0
-0
-0
2.46121
-0
-0
-0
-0
-0
-0
-0
-0
-0
12.5058
-0
-0
-0
-0
26.9701
-0
0.0854538
-0
-0
-0
-0
-0
-0
-0
0.213368
-0
2.84255
-0
-0
-0
3.93269
-0
7.32598
-0
23.6018
-0
-0
-0
17.0302
-0
-0
-0
-0
-0
-0
-0
-0
-0
-0
-0
-0
39.2487
-0
-0
-0
-0
-0
-0
-0
-0
-0
-0
-0
8.18175
-0
-0
14.3104
-0
-0
-0
-0
20.3035
-0
-0
-0
-0
-0
-0
-0
18.0588
-0
-0
-0
-0
-0
0.141492
-0
1.10389
-0
-0
-0
-0
-0
6.43479
-0
-0
-0
-0
-0
-0
-0
1.1956
-0
-0
13.0134
-0
-0
-0
-0
11.9463
-0
44.9128
-0
-0
-0
-0
23.0358
-0
4.01094
25.2667
-0
-0
17.5425
-0
29.1965
-0
-0
-0
-0
30.1308
-0
-0
-0
-0
15.0749
-0
30.6374
2.38067
-0
41.5552
-0
2.38919
20.7991
-0
-0
-0
-0
-0
-0
-0
-0
57.2821
25.3074
5.99762
-0
46.3919
9.56824
-0
-0
-0
-0
1.09646
17.6233
-0
11.9169
20.3854
-0
-0
-0
7.89731
9.11026
10.1912
-0
2.25806
-0
-0
-0
16.9971
-0
17.9114
-0
-0
-0
-0
1.87716
26.6232
14.7111
27.1344
27.4071
-0
8.25241
-0
14.1915
-0
1.93471
-0
3.31545
-0
19.8031
22.9384
-0
-0
-0
-0
-0
-0
13.8277
-0
7.94412
11.6572
-0
-0
-0
-0
-0
2.65562
14.3056
2.14004
-0
10.3854
-0
-0
-0
25.5268
9.76925
4.91042
-0
4.56205
-0
-0
-0
-0
-0
-0
-0
-0
19.6227
-0
34.7318
-0
-0
-0
30.1076
-0
12.7892
5.16035
-0
-0
-0
-0
-0
-0
-0
-0
-0
13.7832
-0
28.583
-0
-0
-0
36.7912
8.84969
-0
17.8161
-0
-0
4.67943
14.0918
-0
-0
-0
28.5346
-0
-0
-0
-0
-0
30.224
-0
1.92407
-0
-0
5.24868
-0
-0
-0
32.9944
-0
-0
-0
0.854883
-0
-0
1.96272
-0
-0
39.4121
-0
-0
-0
1.31967
22.8031
-0
-0
12.6851
-0
-0
1.25457
15.1715
-0
8.28658
-0
-0
-0
3.91945
19.6899
-0
-0
-0
-0
18.4566
-0
3.27054
-0
-0
-0
-0
-0
-0
-0
6.20074
-0
-0
-0
-0
-0
-0
-0
-0
3.59755
-0
-0
-0
-0
-0
-0
17.0979
-0
7.63133
-0
-0
-0
-0
-0
11.1665
-0
-0
-0
-0
-0
-0
17.389
3.96493
-0
-0
-0
-0
-0
-0
-0
15.6893
-0
-0
-0
-0
-0
31.5501
-0
-0
1.70661
-0
-0
-0
-0
-0
-0
1.81765
-0
-0
-0
-0
19.5733
20.5977
29.1773
-0
-0
-0
28.0572
-0
14.8301
-0
-0
-0
-0
-0
55.4477
-0
-0
-0
-0
-0
-0
-0
-0
-0
-0
-0
-0
3.59348
44.6221
-0
-0
25.6072
-0
-0
50.8692
10.6844
17.4936
-0
4.39029
-0
-0
19.0102
-0
-0
-0
13.8907
-0
6.97199
-0
16.9436
-0
-0
26.554
61.8752
8.93801
-0
32.9562
-0
-0
31.1943
-0
-0
-0
-0
-0
-0
13.0744
-0
-0
-0
1.28541
-0
-0
1.25393
-0
2.4328
-0
10.5043
-0
-0
15.9052
21.922
-0
17.4973
-0
16.8787
-0
15.5152
-0
-0
-0
42.7626
17.6124
-0
1.08218
-0
-0
3.10582
-0
-0
-0
2.5681
3.08617
-0
-0
5.24476
-0
12.9098
16.5089
0.4227
51.6489
13.7113
26.7383
-0
38.3582
-0
-0
-0
-0
-0
-0
2.13249
-0
6.76971
5.58994
-0
34.7928
-0
-0
-0
-0
1.85472
-0
38.6576
-0
6.72345
-0
-0
0.0885256
-0
-0
-0
2.87403
30.6205
51.619
-0
-0
4.18963
-0
-0
12.7983
-0
-0
9.60538
-0
27.8557
-0
4.22106
8.91774
24.1122
-0
-0
5.15975
-0
-0
0.919416
3.84439
-0
-0
-0
15.7727
-0
-0
-0
30.1231
-0
-0
-0
-0
-0
23.568
-0
-0
-0
14.921
-0
-0
-0
-0
-0
-0
-0
14.8357
-0
-0
3.4508
5.12003
10.9774
6.1927
-0
1.82962
11.6381
1.74435
-0
-0
-0
-0
-0
-0
-0
21.535
-0
-0
-0
8.28969
6.62551
0.202922
-0
-0
35.7762
-0
-0
16.5857
-0
6.18316
-0
4.90596
-0
6.79988
-0
-0
-0
-0
18.911
0.106697
-0
-0
-0
-0
-0
-0
-0
2.07735
-0
5.68727
-0
-0
5.92353
34.082
-0
-0
7.61178
36.1358
-0
6.70363
-0
7.85507
30.9909
-0
11.0744
-0
43.4343
-0
-0
-0
-0
11.0802
-0
-0
5.58394
-0
-0
18.6828
-0
-0
-0
-0
-0
-0
-0
-0
-0
-0
11.7183
-0
-0
-0
-0
3.34989
-0
-0
0.300083
24.1887
-0
-0
-0
-0
1.80506
4.30864
-0
-0
-0
-0
-0
-0
7.72491
-0
8.86731
-0
-0
0.331377
-0
-0
-0
-0
-0
19.8678
-0
4.90595
1.17447
19.6552
21.2679
21.1844
18.2438
-0
-0
25.2188
-0
8.43066
1.75205
-0
-0
-0
25.1993
1.15847
-0
-0
-0
-0
-0
21.3449
-0
-0
-0
2.14563
-0
-0
-0
4.76198
4.72873
-0
7.7386
-0
-0
-0
-0
-0
0.837366
26.6507
-0
11.6156
-0
-0
-0
-0
17.3503
-0
-0
-0
-0
-0
-0
17.4791
-0
-0
8.14347
14.149
-0
24.7904
16.725
-0
-0
-0
15.6856
24.7358
-0
25.2227
10.2631
-0
-0
-0
8.03626
-0
-0
-0
-0
-0
-0
-0
-0
-0
-0
-0
-0
-0
-0
-0
-0
-0
3.35934
9.4779
-0
-0
-0
-0
7.3466
-0
-0
24.1736
-0
-0
22.9805
-0
-0
-0
1.20514
28.0527
-0
13.8371
-0
-0
-0
-0
-0
-0
3.85458
-0
22.7244
14.6272
-0
-0
-0
25.4457
9.24821
-0
-0
2.00674
-0
-0
-0
-0
1.7701
-0
10.9916
6.00628
35.6854
15.6775
-0
-0
-0
9.24961
20.9164
-0
-0
-0
-0
-0
-0
8.69841
-0
-0
-0
-0
-0
-0
2.07061
-0
-0
-0
-0
-0
23.7037
4.09888
-0
-0
-0
-0
-0
-0
-0
-0
-0
-0
-0
-0
4.73878
29.0738
-0
-0
-0
-0
22.6278
-0
10.0091
-0
1.46188
-0
-0
-0
1.41356
-0
1.98994
31.7703
-0
-0
0.756235
-0
-0
10.7913
7.60533
-0
-0
22.5226
-0
22.5232
25.3821
8.6708
-0
-0
-0
10.2549
15.0502
-0
-0
-0
17.7678
3.15645
-0
-0
-0
30.757
-0
-0
-0
-0
-0
12.0634
-0
-0
32.2146
-0
6.46617
-0
-0
-0
20.6319
-0
-0
-0
23.1739
2.78591
12.2855
-0
3.13222
8.89745
-0
28.4437
32.6859
-0
-0
-0
-0
5.31999
-0
-0
-0
17.3326
-0
-0
-0
5.83584
2.15827
-0
-0
-0
-0
-0
-0
-0
-0
-0
-0
6.42528
24.0137
-0
-0
-0
-0
-0
-0
-0
-0
-0
0.723047
18.8105
-0
-0
-0
-0
-0
-0
2.4346
-0
-0
25.6344
-0
-0
-0
-0
-0
-0
-0
-0
8.14155
-0
5.98675
-0
-0
20.352
-0
0.0618815
-0
-0
-0
13.5501
-0
-0
5.40835
-0
-0
-0
-0
-0
-0
-0
-0
-0
-0
10.1327
-0
1.80573
-0
-0
26.7236
-0
11.2071
-0
-0
-0
5.62493
0.0783369
11.5588
-0
28.8655
-0
-0
14.4715
-0
-0
-0
-0
4.91597
41.1266
5.58594
2.66352
-0
15.7376
21.6302
9.80609
-0
-0
-0
7.667
23.6405
-0
20.8592
-0
-0
-0
-0
-0
15.5739
-0
-0
34.1187
-0
-0
-0
-0
-0
-0
-0
-0
-0
-0
12.8507
-0
-0
-0
-0
-0
-0
15.3205
-0
-0
-0
-0
-0
-0
-0
-0
-0
11.8627
-0
12.6004
0.647839
-0
-0
-0
28.3023
-0
33.5241
-0
0.794088
17.9025
-0
-0
-0
-0
-0
5.78721
-0
29.9727
-0
-0
3.35544
7.80316
-0
2.52457
-0
-0
-0
6.81676
-0
13.8155
-0
-0
4.79408
-0
-0
-0
-0
-0
12.7214
-0
-0
1.04674
-0
-0
-0
-0
-0
-0
-0
-0
-0
10.9969
4.21467
-0
-0
-0
-0
-0
-0
-0
17.136
29.4762
-0
-0
-0
17.2776
-0
-0
-0
13.5212
-0
-0
1.28803
9.02056
-0
2.08166
-0
-0
-0
-0
-0
-0
-0
-0
7.85179
-0
-0
-0
-0
-0
-0
-0
-0
-0
34.7372
-0
-0
-0
-0
4.99427
-0
-0
-0
-0
-0
-0
3.81512
18.3517
-0
-0
-0
-0
7.72111
-0
-0
-0
-0
-0
17.2283
-0
21.9342
-0
16.4582
-0
6.69799
-0
-0
-0
-0
-0
-0
-0
-0
15.9976
-0
17.9672
-0
40.8001
16.4088
-0
2.98286
-0
24.606
-0
-0
-0
-0
-0
2.38263
1.28825
-0
-0
19.3438
-0
28.582
30.1427
20.2022
-0
-0
-0
-0
-0
13.1617
-0
2.89487
-0
-0
-0
7.22325
19.6612
-0
-0
-0
26.0303
-0
2.27505
-0
37.0518
-0
-0
-0
27.4774
6.11615
8.68483
-0
-0
-0
32.8854
-0
-0
2.30804
-0
23.9003
-0
-0
-0
6.74211
-0
23.3861
0.317931
-0
9.91691
8.35054
21.3496
-0
-0
-0
-0
-0
0.0745047
2.00033
-0
-0
-0
-0
-0
-0
39.5752
-0
-0
-0
-0
-0
-0
-0
-0
-0
-0
15.1354
-0
-0
-0
-0
29.3589
-0
-0
-0
13.9688
-0
-0
30.689
17.7929
-0
4.74244
1.54926
-0
-0
-0
-0
-0
10.1701
-0
-0
-0
-0
6.49471
-0
-0
11.0245
3.82265
-0
-0
-0
-0
40.6747
3.9054
-0
5.2157
-0
5.97387
-0
0.0141693
5.07512
-0
23.4043
-0
38.9345
12.5776
-0
-0
3.30449
26.9015
-0
-0
20.4575
8.68727
-0
-0
-0
-0
-0
11.0609
-0
-0
-0
-0
-0
23.8167
-0
-0
-0
0.639686
-0
-0
30.0383
3.84609
-0
-0
24.9648
-0
-0
-0
-0
-0
16.697
-0
-0
9.0826
-0
-0
-0
-0
6.78734
18.1573
-0
-0
6.23552
-0
-0
-0
-0
1.49287
-0
-0
14.8598
-0
-0
-0
-0
-0
-0
34.8384
-0
21.7069
-0
-0
-0
23.6822
-0
17.6332
-0
-0
-0
-0
-0
20.7491
12.0008
-0
-0
21.4367
-0
-0
-0
18.0051
-0
-0
-0
-0
-0
-0
-0
-0
0.0542088
-0
-0
8.91788
15.9464
20.089
-0
-0
23.8419
7.14167
-0
-0
2.70048
-0
-0
-0
-0
-0
-0
-0
23.4201
-0
-0
-0
43.9665
-0
6.23471
-0
-0
35.687
-0
23.7175
6.03517
5.44013
-0
-0
-0
-0
-0
-0
-0
3.60225
-0
-0
15.4739
11.0973
-0
-0
-0
-0
-0
15.5486
-0
-0
-0
-0
-0
-0
24.1994
-0
-0
0.974034
-0
9.32174
-0
-0
-0
-0
-0
-0
-0
-0
-0
13.2545
7.38212
-0
-0
-0
8.67311
-0
-0
-0
-0
44.4167
-0
-0
-0
-0
-0
-0
-0
-0
-0
26.8267
12.3197
-0
-0
-0
-0
-0
0.562537
-0
-0
-0
-0
28.8355
11.0398
0.50323
-0
8.53062
16.049
7.67215
35.7257
-0
-0
45.6217
53.4406
6.83569
17.7378
-0
-0
-0
-0
8.86168
-0
-0
-0
-0
-0
17.6149
-0
5.94448
-0
-0
17.9392
-0
-0
1.0618
-0
-0
4.89679
-0
-0
11.8264
-0
0.135575
-0
20.4768
-0
22.0064
-0
18.9456
-0
-0
-0
1.83124
23.1302
-0
-0
24.3341
-0
-0
-0
-0
4.48069
6.9455
-0
33.5965
-0
9.31214
-0
-0
23.6692
-0
-0
-0
-0
-0
0.028693
34.077
5.78211
-0
-0
-0
21.1144
8.37618
-0
-0
19.7373
21.8528
8.3328
-0
2.28715
14.6324
-0
-0
-0
-0
-0
-0
-0
1.00871
-0
2.85682
-0
21.9592
12.3719
-0
-0
27.6599
-0
22.7748
-0
-0
2.31323
-0
9.01749
-0
-0
-0
22.5071
1.68941
-0
-0
57.8747
-0
25.3417
-0
-0
-0
-0
-0
-0
-0
-0
-0
-0
-0
-0
-0
-0
-0
-0
-0
22.6934
-0
11.9085
32.6035
-0
32.5898
13.9698
23.5164
-0
10.6157
-0
-0
-0
-0
-0
0.928514
-0
-0
-0
-0
-0
1.84712
3.38539
-0
-0
-0
-0
-0
-0
-0
39.7376
-0
-0
-0
-0
5.95329
-0
10.3562
-0
-0
-0
-0
-0
-0
3.90529
-0
-0
24.4783
-0
27.903
0.531432
-0
4.68718
17.6097
8.18805
-0
-0
-0
32.9923
-0
-0
27.4557
-0
-0
1.26335
-0
-0
-0
-0
-0
-0
-0
-0
10.5301
-0
1.03324
-0
-0
-0
-0
0.899714
-0
-0
-0
40.3081
2.70717
-0
36.9107
18.5159
17.2433
9.28411
-0
5.28727
-0
9.46851
-0
-0
-0
-0
-0
4.11856
-0
-0
-0
5.46092
-0
5.46927
-0
-0
-0
-0
-0
-0
-0
-0
-0
2.59298
18.4227
-0
-0
-0
-0
-0
-0
-0
-0
4.80319
-0
-0
16.9056
-0
-0
34.91
16.9431
-0
-0
-0
-0
-0
-0
-0
-0
11.8602
-0
-0
12.1662
-0
22.5606
27.7626
-0
-0
-0
-0
4.02685
-0
-0
4.59223
33.7318
-0
22.045
-0
6.62421
-0
9.48747
-0
6.25793
-0
-0
-0
-0
-0
-0
-0
-0
17.5348
-0
14.2047
13.659
-0
-0
-0
-0
-0
-0
-0
-0
-0
-0
-0
-0
14.5627
2.20944
3.245
1.15341
15.9431
11.0647
-0
5.87084
11.9714
-0
-0
-0
11.9068
-0
21.3564
6.59566
-0
-0
-0
10.274
8.48791
-0
-0
-0
-0
-0
41.9328
-0
-0
-0
4.13534
-0
4.66329
9.43916
11.8863
-0
-0
-0
-0
-0
-0
-0
-0
24.5293
20.7713
-0
-0
27.6599
-0
-0
29.1333
27.4702
3.42453
-0
44.0062
-0
0.305125
-0
19.3302
-0
-0
-0
21.5255
-0
-0
-0
28.222
-0
16.0548
0.51099
14.0411
-0
0.641171
-0
2.67721
-0
24.2759
-0
12.123
-0
27.5063
-0
14.3267
9.15925
-0
-0
-0
-0
-0
-0
9.10999
13.8725
-0
-0
-0
-0
-0
-0
-0
6.56416
-0
7.73727
-0
-0
-0
5.36853
-0
-0
17.8763
-0
-0
-0
4.78358
-0
-0
-0
3.15992
22.3949
-0
-0
-0
14.3202
16.8156
-0
9.9805
-0
-0
-0
-0
8.08412
25.8754
-0
33.3312
18.0904
-0
5.76977
-0
-0
-0
-0
-0
4.23864
-0
5.07426
1.2362
-0
-0
-0
-0
0.951944
22.6899
-0
-0
-0
-0
31.0797
-0
-0
5.76208
-0
-0
19.3928
-0
13.3424
2.07407
-0
-0
-0
-0
-0
-0
9.81004
-0
-0
7.07709
4.18962
-0
42.0676
-0
-0
-0
-0
-0
-0
-0
-0
17.9935
-0
5.63165
15.3024
-0
18.0136
-0
14.7567
-0
-0
8.74018
-0
-0
-0
6.05685
-0
-0
-0
16.323
-0
7.73857
23.6763
-0
0.0916135
-0
-0
-0
-0
-0
-0
-0
-0
19.5046
-0
36.4725
-0
-0
-0
-0
-0
-0
-0
-0
-0
-0
-0
-0
2.15432
-0
21.8581
-0
-0
-0
2.23398
-0
-0
-0
-0
-0
-0
-0
-0
-0
14.0972
-0
-0
19.6948
-0
2.26375
-0
40.9841
-0
-0
-0
-0
-0
-0
-0
25.4754
-0
2.64417
53.729
-0
-0
12.9004
34.0451
-0
-0
10.1889
-0
-0
-0
10.268
0.74228
-0
15.6387
23.802
9.23189
-0
56.4911
-0
-0
-0
6.50715
-0
19.6889
44.3167
5.53845
-0
-0
-0
-0
-0
-0
-0
-0
15.6697
14.7552
-0
-0
-0
19.8728
-0
-0
-0
-0
-0
21.2419
-0
20.9978
-0
28.2545
-0
-0
-0
12.2866
7.42345
-0
-0
-0
-0
16.6648
-0
41.7303
-0
-0
11.8676
-0
-0
11.7675
-0
-0
-0
-0
-0
-0
-0
-0
-0
3.73549
20.0345
-0
-0
-0
-0
-0
-0
-0
9.46964
5.12861
-0
11.1568
-0
-0
-0
-0
-0
16.2801
-0
-0
-0
-0
-0
-0
-0
-0
12.6307
-0
-0
-0
-0
36.0671
-0
14.6435
-0
-0
-0
-0
-0
-0
7.71252
-0
-0
1.20503
25.2029
9.27426
12.3729
-0
-0
-0
8.82835
-0
-0
-0
-0
-0
-0
-0
12.0823
-0
4.7815
-0
-0
-0
-0
-0
-0
-0
-0
-0
8.82226
-0
22.0438
-0
-0
-0
-0
5.5607
15.1197
-0
3.24477
-0
-0
-0
3.41426
-0
-0
-0
-0
18.0242
17.59
-0
30.4934
-0
-0
26.1505
-0
1.48105
-0
-0
10.5246
45.3707
5.58233
13.4263
-0
-0
-0
3.96163
-0
-0
-0
43.9801
-0
-0
-0
-0
19.6011
13.3779
19.2333
-0
-0
-0
0.682079
-0
-0
-0
-0
-0
-0
-0
12.7175
-0
-0
15.3467
25.627
-0
-0
-0
-0
-0
17.4148
-0
1.60194
-0
-0
2.1469
27.4559
-0
-0
-0
-0
13.151
-0
-0
17.9654
-0
6.23714
-0
0.341359
-0
7.14014
27.3577
-0
7.9431
-0
-0
-0
-0
27.9989
-0
-0
-0
19.7605
1.14052
28.3653
-0
-0
-0
-0
-0
-0
3.26252
-0
-0
-0
-0
-0
-0
-0
-0
-0
-0
-0
26.8814
-0
-0
-0
-0
-0
-0
2.20162
-0
1.47964
13.9723
-0
-0
-0
33.0055
23.3409
10.7188
-0
-0
-0
-0
-0
-0
-0
12.5269
7.67838
-0
-0
17.1202
-0
-0
0.518897
-0
-0
-0
-0
23.2053
-0
-0
-0
3.0075
-0
-0
-0
-0
-0
10.1963
-0
-0
-0
-0
-0
14.3635
8.30527
0.34915
-0
23.3675
-0
-0
27.0286
-0
30.5346
-0
1.11701
1.85561
2.28896
-0
-0
37.947
-0
-0
-0
20.9168
4.27078
-0
-0
-0
26.8171
-0
0.180199
33.9247
17.3679
-0
4.77502
-0
-0
13.1488
-0
-0
-0
-0
-0
-0
-0
-0
2.95429
15.7332
-0
-0
-0
-0
-0
-0
6.9178
5.52352
37.6298
-0
-0
7.60362
6.41929
-0
-0
-0
-0
-0
27.1573
-0
-0
7.02319
-0
4.1337
-0
6.30822
-0
10.7245
-0
6.0016
-0
36.6223
-0
5.62645
-0
-0
-0
-0
-0
17.1642
11.9148
35.8723
-0
-0
2.0983
-0
-0
-0
22.0292
-0
-0
-0
1.76883
-0
5.36881
12.5608
-0
