5.05294
-0
-0
-0
-0
6.6454
-0
-0
43.3502
-0
67.805
-0
42.3751
-0
-0
-0
-0
-0
7.53175
-0
-0
11.17
-0
-0
-0
-0
-0
-0
-0
-0
-0
-0
-0
-0
-0
-0
-0
-0
18.1198
-0
-0
-0
-0
-0
-0
-0
-0
32.6658
-0
-0
-0
-0
-0
-0
-0
-0
-0
3.70739
38.4523
-0
-0
-0
25.1019
-0
53.2488
-0
-0
-0
-0
1.3866
-0
-0
-0
-0
-0
1.52465
-0
22.4694
-0
-0
-0
67.4905
-0
39.5576
-0
-0
-0
14.3318
-0
-0
-0
-0
-0
-0
-0
-0
-0
-0
0.802342
-0
-0
-0
-0
-0
13.5514
-0
4.51267
21.4204
-0
-0
-0
-0
-0
-0
-0
-0
-0
-0
25.2101
48.0263
2.33755
-0
6.81073
9.28415
17.1667
-0
33.7167
-0
-0
-0
3.70984
19.1459
33.6738
-0
-0
-0
-0
19.2655
-0
39.432
4.52619
-0
-0
25.6525
16.5913
-0
-0
-0
-0
-0
-0
-0
-0
-0
5.65332
-0
-0
-0
-0
0.687334
-0
-0
-0
35.1836
1.32015
-0
13.4723
-0
-0
32.0493
-0
11.9226
-0
-0
-0
-0
-0
-0
-0
14.2787
-0
-0
-0
-0
-0
26.1933
-0
-0
5.35553
-0
-0
48.1359
26.2896
13.6374
-0
-0
-0
-0
-0
-0
-0
-0
-0
-0
-0
-0
-0
-0
-0
-0
-0
-0
7.2152
-0
-0
-0
-0
2.48937
6.35079
-0
-0
-0
1.84703
-0
-0
-0
-0
10.8196
-0
-0
-0
3.42771
-0
-0
-0
-0
-0
-0
-0
-0
-0
-0
-0
-0
-0
-0
11.6368
-0
6.69803
-0
-0
-0
-0
-0
-0
-0
-0
3.60614
-0
-0
-0
25.5977
-0
-0
-0
-0
-0
0.763682
-0
-0
-0
16.1997
-0
12.0751
-0
-0
-0
-0
-0
-0
-0
6.00653
-0
15.6196
-0
-0
-0
-0
-0
-0
31.9171
0.987586
-0
-0
21.6529
-0
-0
-0
-0
19.8239
-0
-0
1.68724
-0
15.5555
27.6316
-0
-0
6.71193
-0
-0
-0
-0
-0
-0
2.17937
-0
-0
-0
-0
-0
-0
16.6696
24.5528
-0
-0
-0
-0
-0
13.5523
-0
-0
-0
-0
-0
-0
-0
-0
-0
-0
-0
-0
-0
34.7248
-0
-0
-0
-0
19.0215
-0
18.8114
-0
-0
-0
26.1682
-0
-0
-0
-0
-0
29.7587
-0
-0
21.7724
-0
0.828328
-0
-0
45.1106
-0
-0
-0
-0
28.6432
-0
17.576
-0
-0
-0
-0
-0
3.9439
-0
-0
-0
-0
-0
-0
-0
-0
3.24557
-0
-0
-0
-0
3.83571
-0
19.7888
-0
0.371743
39.3445
1.42503
-0
-0
35.046
-0
-0
-0
-0
32.485
-0
-0
-0
-0
8.04483
25.2888
-0
-0
-0
-0
9.63594
-0
-0
-0
0.958033
-0
46.9275
12.7592
22.1519
11.3491
-0
27.024
23.7172
-0
6.3935
-0
33.2428
-0
-0
-0
-0
41.8347
19.276
-0
-0
-0
-0
-0
-0
-0
15.2155
22.1196
-0
-0
53.2327
3.35369
-0
-0
-0
-0
-0
-0
10.806
-0
-0
26.94
-0
-0
8.67491
-0
12.0269
10.2098
-0
-0
-0
-0
68.8694
-0
-0
-0
-0
-0
-0
1.87915
-0
-0
-0
-0
-0
4.83585
50.8579
-0
-0
-0
-0
-0
-0
-0
-0
-0
-0
-0
-0
-0
-0
-0
-0
-0
-0
-0
-0
-0
-0
-0
-0
-0
10.8651
-0
-0
-0
-0
20.9904
11.6622
23.8687
-0
-0
-0
-0
26.0555
7.8178
-0
-0
-0
-0
23.373
39.2662
24.7263
16.6231
4.22918
-0
-0
-0
-0
-0
18.6997
-0
-0
-0
-0
9.71012
-0
4.75243
3.88794
-0
-0
-0
-0
-0
15.0804
-0
-0
-0
48.5303
-0
-0
-0
-0
-0
-0
3.30535
-0
-0
-0
38.5072
-0
-0
-0
-0
-0
9.09037
22.411
-0
2.30637
25.634
-0
-0
-0
7.00444
16.1314
24.1034
-0
-0
28.5282
-0
-0
11.0142
-0
15.0463
-0
-0
17.7774
-0
-0
-0
-0
-0
-0
-0
-0
66.6507
-0
-0
9.18126
30.1239
-0
-0
30.3459
-0
4.76894
-0
-0
-0
-0
-0
-0
-0
-0
-0
-0
-0
-0
8.76302
-0
-0
-0
-0
36.1579
-0
-0
-0
-0
-0
-0
-0
-0
-0
-0
37.2693
53.8949
-0
-0
-0
-0
-0
-0
-0
-0
-0
-0
-0
-0
-0
19.9043
12.0893
-0
40.6336
17.867
-0
-0
-0
-0
-0
-0
15.6285
-0
11.5733
-0
7.04106
0.135822
41.6843
25.0525
36.1523
-0
-0
-0
21.0282
-0
-0
-0
-0
-0
-0
1.61424
-0
-0
-0
-0
-0
-0
-0
13.0619
-0
-0
-0
34.1476
45.1839
-0
-0
-0
-0
-0
14.5946
-0
-0
-0
-0
-0
-0
3.07455
-0
-0
2.45716
18.3779
-0
9.35888
-0
-0
-0
4.02204
9.05738
30.3478
7.63961
-0
42.9175
-0
11.5913
-0
1.19596
-0
-0
-0
-0
-0
-0
-0
14.4992
-0
-0
-0
30.8713
30.3014
-0
-0
-0
-0
-0
-0
-0
47.0673
-0
0.587083
-0
-0
-0
10.6778
14.616
20.3505
-0
-0
26.8505
-0
-0
-0
38.3262
-0
-0
-0
-0
-0
11.2615
-0
-0
6.9447
-0
-0
-0
52.4536
83.136
-0
9.65925
-0
-0
-0
-0
6.39426
-0
-0
-0
6.27439
-0
-0
-0
29.4118
-0
-0
-0
-0
-0
-0
-0
-0
-0
-0
-0
-0
24.5548
-0
-0
-0
55.5853
-0
-0
11.464
-0
-0
-0
30.55
5.2493
-0
-0
33.7557
-0
14.7587
-0
-0
-0
20.591
42.6894
-0
-0
1.50565
-0
-0
-0
-0
12.2222
30.6012
-0
-0
-0
-0
-0
26.978
-0
-0
-0
-0
-0
-0
-0
-0
-0
-0
-0
37.8047
-0
-0
-0
-0
-0
-0
-0
-0
20.279
-0
33.5621
-0
-0
-0
-0
-0
-0
-0
-0
-0
-0
23.9743
-0
-0
52.4961
-0
-0
-0
-0
-0
-0
12.5889
-0
-0
44.309
-0
47.1529
-0
0.217379
-0
-0
-0
-0
-0
-0
22.7636
-0
-0
-0
-0
-0
-0
24.2423
-0
17.3967
-0
8.75739
-0
7.3014
-0
-0
17.0611
10.7511
-0
-0
-0
-0
-0
-0
-0
-0
-0
21.4432
-0
31.4852
4.51253
-0
34.2163
37.054
-0
-0
-0
-0
-0
-0
-0
14.6388
-0
-0
-0
15.9324
-0
0.449048
-0
-0
-0
-0
14.484
1.41137
10.3421
-0
-0
-0
-0
4.52254
-0
10.225
-0
14.8273
-0
-0
4.07807
10.1807
2.23847
19.2146
-0
-0
-0
-0
-0
12.1327
-0
-0
-0
-0
-0
-0
-0
-0
-0
5.98784
44.5314
-0
6.50348
-0
-0
5.71153
-0
-0
-0
-0
-0
38.2069
-0
-0
11.2347
-0
-0
6.07584
-0
7.79886
-0
-0
-0
-0
-0
-0
-0
-0
32.6654
-0
-0
-0
27.3505
-0
-0
-0
-0
-0
-0
-0
-0
-0
61.8474
4.72601
-0
-0
-0
-0
4.18414
-0
-0
-0
-0
-0
7.70635
-0
-0
-0
23.3921
-0
16.5739
-0
-0
10.451
-0
-0
-0
-0
-0
43.2689
-0
-0
-0
-0
-0
-0
-0
-0
-0
4.53834
-0
-0
25.1846
-0
-0
-0
-0
23.1873
-0
-0
-0
29.1723
29.6848
5.65035
-0
-0
-0
-0
-0
-0
-0
26.342
-0
-0
-0
-0
6.10476
-0
-0
-0
-0
-0
-0
-0
-0
9.58746
-0
15.3949
-0
-0
-0
0.907134
32.0144
3.3388
-0
-0
-0
4.06441
8.04908
-0
3.52725
-0
-0
-0
-0
-0
12.316
3.5837
-0
-0
-0
-0
-0
-0
-0
9.37048
-0
-0
0.501885
17.0124
-0
-0
-0
62.2484
-0
-0
-0
-0
-0
-0
-0
-0
-0
-0
-0
-0
-0
-0
-0
3.93946
17.4887
-0
-0
-0
-0
54.0568
15.2981
-0
21.6218
8.60488
-0
-0
-0
-0
-0
3.62604
-0
31.6143
-0
-0
-0
-0
-0
-0
-0
-0
-0
-0
-0
-0
-0
-0
-0
-0
-0
-0
-0
-0
-0
-0
-0
4.45448
-0
-0
-0
-0
-0
41.3554
-0
-0
-0
-0
-0
-0
7.39749
-0
-0
-0
-0
-0
-0
-0
-0
-0
-0
-0
26.3416
-0
-0
-0
13.7919
-0
-0
-0
-0
-0
-0
17.8467
-0
-0
-0
-0
-0
1.54421
-0
-0
-0
-0
18.2054
0.495702
-0
-0
-0
-0
1.77534
-0
-0
-0
-0
-0
-0
-0
-0
46.0746
14.3486
-0
-0
25.4986
-0
-0
-0
-0
-0
-0
-0
42.3422
-0
-0
-0
-0
-0
27.6589
-0
4.40527
-0
-0
1.71109
39.7159
-0
41.4854
26.2104
7.80134
12.1592
-0
-0
-0
-0
-0
20.9171
-0
4.51501
12.5405
-0
6.48097
15.4819
2.05206
-0
-0
0.745634
-0
-0
-0
5.14157
26.4723
-0
12.3587
30.7732
0.725737
11.9732
-0
1.8543
-0
45.7301
-0
-0
23.4513
3.54046
-0
-0
-0
40.2388
-0
-0
-0
32.6824
2.08306
8.92811
-0
53.4577
-0
2.45829
-0
-0
-0
9.65073
-0
11.2572
31.8998
-0
-0
10.3026
-0
-0
-0
-0
-0
-0
-0
-0
-0
1.30437
-0
20.4963
1.0159
-0
6.62531
-0
-0
-0
0.846182
-0
-0
-0
-0
-0
-0
-0
13.3236
23.2528
-0
1.99585
-0
9.66426
-0
-0
-0
0.877261
-0
27.6036
40.9387
-0
-0
-0
22.9665
-0
27.3916
-0
-0
-0
-0
-0
-0
-0
-0
-0
-0
30.4133
-0
-0
40.8279
-0
-0
-0
-0
9.83244
-0
-0
-0
-0
-0
-0
-0
-0
-0
-0
-0
40.5014
-0
-0
21.3943
9.1137
0.962021
-0
-0
0.648853
20.9546
-0
-0
-0
-0
-0
-0
2.30891
-0
-0
-0
-0
-0
37.906
-0
-0
-0
-0
-0
-0
15.436
-0
-0
27.4394
-0
-0
-0
-0
25.6075
-0
-0
-0
-0
-0
-0
-0
-0
-0
7.25641
-0
-0
-0
-0
-0
-0
-0
-0
-0
7.63551
18.9525
-0
-0
-0
29.3114
-0
-0
-0
28.796
-0
-0
-0
-0
-0
-0
-0
-0
-0
-0
-0
2.31515
-0
-0
-0
-0
-0
-0
-0
44.4555
-0
-0
-0
-0
-0
-0
-0
-0
-0
-0
-0
9.68552
25.3458
-0
-0
18.8941
-0
-0
-0
-0
6.22324
-0
-0
25.5437
-0
-0
-0
-0
-0
-0
-0
-0
12.1935
-0
-0
-0
-0
-0
-0
3.41059
-0
-0
1.42826
-0
-0
-0
-0
-0
-0
-0
-0
-0
-0
-0
27.2176
18.2182
-0
-0
-0
-0
-0
-0
-0
5.47176
-0
-0
-0
17.8393
30.4395
-0
7.61312
-0
28.5544
-0
-0
-0
-0
26.9485
-0
-0
-0
-0
-0
23.4448
-0
10.2082
-0
-0
-0
-0
26.6036
-0
-0
-0
-0
-0
-0
-0
7.706
-0
36.414
-0
2.52521
22.2797
-0
-0
-0
-0
-0
-0
-0
-0
22.9352
22.0425
6.58968
-0
31.3292
-0
-0
-0
-0
-0
-0
21.5274
-0
-0
28.4487
-0
3.20014
-0
-0
28.4112
14.8182
-0
9.32511
-0
-0
-0
21.7755
-0
-0
-0
16.8949
-0
-0
-0
24.4584
0.73395
41.5988
-0
-0
-0
-0
-0
-0
29.0843
-0
-0
-0
40.8066
-0
-0
-0
-0
-0
-0
-0
25.5048
-0
2.52187
11.4367
-0
-0
-0
-0
-0
-0
-0
15.4291
-0
-0
-0
10.3637
-0
20.9095
-0
9.07817
-0
13.9974
-0
-0
-0
-0
-0
-0
-0
-0
23.3155
-0
31.7663
-0
-0
-0
15.8185
-0
34.7091
-0
-0
-0
-0
-0
-0
-0
-0
0.189184
-0
-0
-0
36.2104
-0
-0
-0
32.0759
4.39606
-0
20.2384
-0
-0
0.51589
-0
-0
-0
-0
-0
-0
-0
-0
-0
-0
28.8931
-0
-0
-0
-0
26.0367
-0
-0
-0
2.32819
-0
-0
-0
-0
-0
-0
-0
-0
-0
30.764
-0
-0
-0
13.5521
4.49953
-0
-0
-0
-0
-0
-0
18.6423
-0
-0
-0
-0
-0
-0
-0
-0
-0
-0
-0
16.2243
-0
-0
-0
-0
-0
-0
-0
-0
-0
-0
-0
-0
-0
-0
-0
-0
-0
-0
-0
-0
-0
-0
-0
-0
-0
19.5656
-0
16.651
-0
-0
-0
-0
-0
3.08598
-0
-0
-0
-0
-0
-0
32.6845
-0
-0
-0
-0
-0
-0
-0
-0
5.83191
-0
-0
-0
-0
-0
67.7981
-0
-0
61.4128
-0
-0
-0
-0
-0
-0
1.23753
-0
-0
8.32762
-0
27.6216
35.4793
24.2558
11.069
-0
-0
9.458
-0
-0
-0
-0
-0
-0
-0
49.003
-0
-0
-0
-0
-0
-0
-0
-0
5.14293
26.7432
-0
-0
-0
29.9422
-0
-0
1.17057
-0
-0
43.8072
-0
55.6262
-0
-0
-0
-0
-0
28.0917
-0
-0
13.8034
3.77288
-0
-0
17.8133
-0
10.4711
30.6215
44.8487
-0
-0
-0
-0
-0
15.1484
6.19277
-0
-0
-0
-0
-0
7.46849
-0
-0
-0
-0
-0
10.4601
4.65997
-0
25.3752
-0
-0
-0
-0
-0
-0
-0
-0
-0
3.32648
-0
-0
-0
-0
-0
31.6078
12.0672
-0
1.01607
-0
4.73838
28.886
5.78813
-0
-0
5.57091
0.256699
-0
-0
-0
-0
19.8685
42.5132
-0
36.8406
8.68732
16.604
-0
51.2323
-0
-0
-0
-0
-0
-0
1.29155
-0
-0
0.407501
5.13788
30.0561
-0
-0
-0
-0
-0
-0
53.0627
-0
20.714
-0
-0
0.35307
-0
-0
-0
-0
8.31817
50.0957
-0
-0
-0
-0
-0
-0
-0
7.37679
26.4609
-0
14.0018
-0
-0
-0
9.54869
-0
-0
3.93903
-0
-0
-0
-0
-0
-0
-0
11.6307
-0
-0
17.9432
54.9926
-0
-0
-0
-0
-0
17.9242
-0
-0
-0
25.6097
-0
-0
19.4394
-0
-0
-0
-0
22.7874
-0
-0
0.805938
18.6489
36.7837
15.5249
-0
-0
6.93784
-0
-0
-0
-0
-0
-0
-0
-0
60.7458
-0
-0
-0
-0
14.2775
-0
-0
-0
28.9234
-0
-0
41.0325
-0
3.78604
-0
44.9296
-0
25.4464
-0
-0
-0
-0
-0
-0
-0
-0
-0
-0
-0
-0
-0
3.32864
-0
8.00236
-0
-0
7.33115
30.9251
-0
0.602324
5.14742
51.1397
-0
3.39738
-0
-0
29.975
8.31239
30.4262
-0
26.505
-0
-0
-0
-0
20.2645
-0
-0
-0
6.86414
-0
-0
-0
-0
-0
0.751751
-0
-0
-0
13.5339
7.85257
-0
25.7
-0
-0
-0
-0
-0
-0
-0
36.7597
-0
-0
-0
14.7037
-0
-0
39.9125
-0
-0
-0
-0
-0
-0
-0
-0
2.50411
-0
-0
44.1867
-0
-0
-0
-0
-0
25.9494
-0
26.29
-0
-0
8.90498
34.0102
33.8102
-0
-0
10.283
-0
-0
3.03022
-0
-0
-0
20.0355
-0
-0
-0
-0
-0
-0
15.7904
-0
-0
-0
24.6301
-0
-0
-0
3.42422
-0
-0
33.1765
-0
23.6896
-0
-0
-0
-0
14.4383
-0
17.098
-0
-0
-0
-0
-0
-0
-0
-0
16.826
-0
-0
25.5104
-0
-0
24.0488
15.1887
-0
4.53098
3.74761
-0
11.318
-0
12.6536
36.9441
-0
32.7265
-0
-0
-0
-0
-0
-0
-0
-0
-0
-0
-0
-0
-0
-0
-0
-0
34.747
-0
-0
-0
-0
-0
4.42667
6.90504
-0
-0
-0
-0
-0
-0
14.5606
31.2206
-0
-0
-0
-0
-0
-0
3.02674
22.4676
-0
-0
-0
-0
-0
-0
-0
-0
-0
-0
-0
27.6504
-0
-0
0.405848
-0
-0
7.86423
-0
-0
-0
-0
-0
-0
-0
-0
19.2199
-0
37.004
2.04092
-0
-0
-0
6.0313
24.2882
6.05415
-0
-0
-0
-0
-0
41.7652
-0
-0
-0
-0
-0
-0
-0
-0
3.05127
-0
-0
-0
21.4444
-0
-0
-0
-0
-0
-0
5.26279
-0
-0
-0
-0
-0
-0
22.2204
39.3673
-0
-0
-0
-0
-0
-0
15.8054
-0
-0
-0
-0
-0
-0
-0
22.0123
39.0281
-0
-0
-0
-0
-0
14.8394
-0
-0
-0
5.87199
2.64545
9.85332
56.4102
-0
-0
-0
31.08
-0
14.5475
-0
-0
-0
14.0597
-0
-0
-0
-0
40.2442
-0
-0
6.38637
-0
-0
0.751376
-0
-0
-0
-0
19.6919
-0
-0
-0
32.9437
-0
-0
-0
-0
0.147421
2.37297
-0
9.27835
-0
-0
20.0305
58.4453
-0
-0
-0
-0
-0
-0
-0
-0
5.55386
-0
-0
-0
-0
0.026188
-0
-0
-0
-0
-0
-0
-0
-0
-0
-0
8.35431
47.6564
-0
3.31143
0.0557516
-0
-0
-0
-0
-0
2.20936
-0
-0
-0
-0
-0
-0
-0
-0
0.132039
-0
-0
27.0677
-0
-0
-0
-0
-0
26.9359
-0
-0
15.0147
-0
-0
-0
-0
30.428
-0
-0
-0
-0
-0
38.1856
-0
-0
25.5203
-0
-0
-0
1.48592
-0
-0
-0
-0
-0
-0
8.0723
-0
-0
-0
-0
-0
-0
-0
-0
-0
-0
31.8179
10.7275
21.2657
-0
36.4764
-0
-0
8.29985
-0
-0
-0
-0
-0
33.4996
-0
-0
-0
0.949737
20.455
-0
-0
-0
2.5216
39.5347
-0
-0
30.8053
-0
-0
-0
-0
5.29974
5.43924
-0
-0
27.497
-0
-0
-0
-0
-0
-0
-0
-0
-0
-0
-0
-0
-0
-0
-0
-0
-0
-0
-0
-0
-0
-0
-0
-0
-0
-0
-0
0.758027
-0
22.2727
31.1373
-0
-0
-0
11.3326
-0
33.1084
-0
-0
9.35439
-0
-0
-0
-0
-0
5.61626
-0
38.3704
-0
-0
1.65362
-0
-0
-0
15.464
-0
-0
2.96707
-0
-0
-0
-0
31.7877
-0
-0
-0
-0
-0
14.3706
-0
-0
-0
-0
-0
-0
-0
5.68428
-0
-0
-0
-0
-0
1.30104
-0
-0
-0
-0
-0
7.05108
-0
-0
57.0852
-0
-0
-0
24.629
-0
-0
-0
-0
-0
-0
-0
50.5757
-0
0.448806
-0
-0
-0
1.78617
-0
-0
-0
-0
4.36792
-0
-0
-0
-0
-0
-0
-0
1.62785
-0
10.7008
-0
-0
-0
-0
30.3343
-0
-0
-0
-0
-0
-0
-0
23.3355
-0
-0
-0
-0
-0
-0
-0
-0
-0
-0
35.3559
-0
-0
-0
4.88195
10.1987
22.7869
-0
-0
-0
-0
-0
-0
-0
-0
0.465647
30.2433
16.7397
-0
4.06684
-0
-0
-0
-0
-0
-0
-0
-0
-0
-0
20.3202
-0
4.36121
-0
18.7271
-0
37.6875
25.7801
32.2617
-0
-0
-0
-0
10.3023
-0
-0
-0
-0
-0
-0
-0
4.95583
-0
-0
-0
7.54794
-0
-0
-0
27.7805
-0
-0
1.42253
0.458356
-0
-0
-0
-0
-0
-0
-0
-0
-0
-0
-0
-0
-0
-0
-0
-0
51.5264
23.5702
-0
5.65942
-0
12.5236
-0
-0
-0
-0
-0
-0
7.42106
-0
-0
-0
-0
-0
-0
71.0356
-0
-0
-0
-0
-0
-0
-0
-0
-0
-0
-0
-0
-0
-0
-0
1.34389
-0
-0
-0
20.4354
-0
-0
3.7798
23.3126
-0
4.47905
-0
4.17446
-0
-0
-0
-0
-0
-0
-0
-0
-0
-0
1.19948
-0
15.4266
18.536
-0
-0
-0
-0
21.3191
-0
-0
13.0806
29.3428
-0
-0
-0
-0
-0
15.7886
-0
38.7501
22.9151
-0
-0
14.0496
39.8694
-0
8.50253
13.2893
-0
-0
9.50255
-0
-0
-0
6.42697
-0
-0
-0
-0
-0
-0
-0
-0
-0
2.09767
-0
-0
17.6628
-0
-0
-0
18.0021
-0
-0
-0
-0
-0
17.0246
2.60903
-0
-0
-0
-0
-0
-0
32.0029
5.24635
8.55897
-0
-0
-0
-0
-0
1.70592
-0
-0
-0
11.4911
-0
-0
-0
6.50475
-0
-0
36.7795
-0
-0
16.9855
-0
-0
15.7215
-0
6.49625
-0
6.95192
-0
-0
-0
17.0917
33.8117
-0
-0
28.7189
-0
-0
-0
-0
-0
-0
-0
-0
-0
-0
-0
-0
-0
-0
5.1596
18.0971
-0
13.156
-0
-0
11.6275
5.24281
-0
-0
17.865
-0
-0
-0
-0
-0
-0
-0
2.75856
-0
-0
-0
56.1657
-0
7.25342
-0
-0
27.9969
-0
21.3195
16.284
16.4535
-0
-0
-0
-0
-0
-0
-0
0.270961
-0
-0
-0
2.10719
-0
-0
-0
-0
-0
-0
9.71964
-0
-0
-0
-0
-0
7.69214
-0
-0
9.56037
-0
-0
-0
-0
-0
4.65659
-0
-0
-0
-0
-0
1.47146
9.82576
-0
-0
-0
-0
-0
-0
-0
-0
23.2388
-0
-0
-0
-0
-0
-0
0.486259
-0
-0
37.7384
-0
-0
-0
-0
-0
-0
21.8007
-0
-0
-0
-0
6.02038
-0
-0
-0
18.8037
-0
23.4484
47.8267
-0
-0
30.7247
42.1275
-0
41.2018
-0
-0
-0
-0
-0
-0
-0
-0
-0
-0
1.94554
-0
1.8101
-0
21.1833
30.3935
-0
21.6294
3.01259
-0
-0
2.10236
-0
0.111079
-0
-0
-0
-0
-0
27.8555
13.3367
-0
20.3738
-0
-0
-0
15.4562
-0
-0
-0
7.15373
-0
-0
-0
-0
11.3445
10.6329
-0
25.3178
-0
38.8273
-0
-0
17.9399
-0
-0
-0
-0
-0
-0
21.2796
4.23548
-0
23.2388
-0
38.0979
-0
-0
-0
-0
34.8919
-0
-0
-0
30.0918
-0
-0
-0
0.297656
-0
-0
-0
-0
-0
10.1332
-0
3.52717
24.8498
-0
-0
5.39153
-0
17.2929
4.17165
-0
-0
-0
7.8516
-0
-0
-0
1.01447
1.86973
-0
-0
42.9401
-0
8.41217
-0
-0
-0
-0
-0
-0
-0
7.17133
-0
-0
10.3874
-0
7.59351
-0
-0
-0
-0
41.0904
-0
-0
13.7457
-0
11.6835
21.5005
20.152
-0
11.4263
-0
-0
1.71936
-0
-0
1.11754
-0
-0
-0
-0
-0
-0
-0
18.5608
-0
-0
-0
-0
-0
-0
42.4045
-0
-0
-0
-0
14.8209
31.0965
29.1623
-0
-0
-0
-0
-0
-0
-0
-0
-0
18.828
-0
28.4788
-0
-0
11.2179
21.787
0.455766
-0
23.0396
-0
59.9329
-0
-0
15.7137
-0
-0
-0
-0
-0
-0
-0
-0
-0
-0
-0
8.67213
-0
11.5213
-0
-0
-0
-0
-0
-0
-0
-0
26.5403
0.304323
-0
3.04758
15.9267
9.12191
30.6996
-0
-0
-0
0.25369
-0
-0
-0
-0
-0
-0
-0
-0
-0
17.6124
-0
16.7558
-0
-0
-0
-0
2.59682
-0
-0
-0
-0
1.22922
-0
-0
1.52598
-0
-0
-0
-0
-0
19.9011
21.6568
-0
-0
-0
-0
-0
30.9858
5.34382
-0
-0
-0
-0
-0
-0
-0
-0
0.301704
8.84874
-0
-0
-0
58.275
32.3668
-0
-0
-0
-0
18.5871
-0
-0
-0
8.67346
-0
-0
-0
13.7169
-0
-0
-0
-0
-0
-0
-0
-0
-0
-0
-0
-0
-0
-0
2.33506
2.16873
-0
-0
-0
-0
-0
-0
-0
-0
-0
-0
-0
5.81565
11.8167
8.25533
-0
10.1507
1.06035
-0
-0
13.6649
22.8808
-0
-0
-0
25.6113
-0
-0
0.752062
-0
-0
-0
29.3776
33.0432
-0
-0
-0
-0
-0
45.3899
33.5457
-0
-0
0.793083
-0
-0
-0
-0
-0
16.436
-0
-0
-0
-0
-0
-0
-0
-0
-0
-0
1.27458
-0
-0
51.062
-0
4.90978
1.49905
5.43087
-0
-0
-0
32.7987
-0
-0
-0
7.95025
-0
-0
-0
27.7863
-0
26.6521
0.488482
45.181
-0
1.5103
-0
-0
-0
-0
-0
12.4335
-0
13.3437
-0
13.6731
-0
-0
-0
-0
-0
-0
-0
-0
-0
-0
-0
-0
-0
29.7488
-0
-0
4.44793
-0
1.8226
-0
-0
-0
1.65435
-0
-0
6.75845
10.401
-0
-0
-0
-0
-0
9.27613
15.3921
30.6339
-0
-0
-0
41.8346
30.8801
-0
-0
-0
-0
-0
-0
28.2248
35.3583
-0
41.0726
11.0083
-0
-0
-0
-0
-0
-0
-0
13.3495
-0
-0
7.97034
-0
-0
-0
-0
-0
13.1289
-0
-0
-0
-0
-0
-0
-0
-0
-0
-0
9.9666
2.63789
8.05843
-0
38.6078
-0
-0
-0
-0
-0
1.13008
-0
-0
8.4727
6.20385
-0
18.73
-0
-0
-0
-0
-0
-0
19.9262
-0
19.2638
8.79049
4.22864
31.0445
-0
45.9599
-0
-0
-0
-0
-0
-0
-0
-0
4.8614
-0
-0
-0
14.6025
-0
-0
43.0372
-0
36.6393
0.267957
-0
-0
-0
46.8188
-0
-0
-0
3.45087
-0
51.7554
-0
-0
-0
-0
-0
-0
-0
-0
-0
-0
-0
-0
11.0532
-0
0.272511
-0
9.40301
2.95987
8.07161
-0
-0
-0
-0
-0
0.283127
6.46511
-0
24.0214
16.301
-0
-0
-0
-0
-0
-0
57.4056
-0
-0
-0
-0
-0
5.69714
-0
26.837
-0
8.74904
48.8294
-0
-0
26.7083
8.40299
-0
-0
18.4753
-0
-0
-0
8.18138
-0
-0
-0
31.7365
9.61134
-0
50.3796
-0
-0
-0
0.916596
-0
-0
26.4108
-0
11.7528
-0
-0
-0
-0
-0
-0
-0
-0
7.98338
-0
-0
0.368693
6.64456
-0
-0
-0
-0
-0
-0
-0
44.7397
-0
13.4252
-0
-0
13.642
15.0861
9.033
-0
-0
-0
-0
9.68524
-0
35.5743
-0
-0
-0
-0
-0
18.7579
-0
-0
-0
-0
-0
0.0931385
-0
-0
-0
-0
21.3618
-0
-0
-0
-0
-0
-0
21.2378
7.61399
-0
15.3293
37.0726
-0
-0
-0
-0
-0
-0
-0
-0
-0
10.0511
-0
-0
-0
-0
-0
-0
-0
-0
-0
13.6278
-0
27.8002
-0
4.27079
-0
-0
-0
-0
6.7558
-0
-0
-0
2.36299
23.364
27.4595
-0
22.8778
-0
22.8207
-0
-0
-0
-0
1.0857
-0
-0
-0
-0
-0
-0
-0
17.9023
-0
-0
-0
-0
-0
-0
32.6084
4.4529
3.26759
-0
-0
-0
-0
1.44895
50.5886
-0
-0
-0
-0
-0
4.47724
-0
-0
-0
-0
-0
20.4999
-0
-0
-0
-0
10.7521
-0
-0
-0
-0
-0
56.8247
-0
31.2088
-0
-0
-0
-0
-0
-0
-0
29.1096
-0
-0
-0
-0
14.1886
4.70313
13.5183
-0
-0
-0
-0
-0
-0
-0
0.408042
-0
-0
-0
24.3175
-0
-0
-0
20.3195
16.5583
-0
-0
-0
-0
5.46386
-0
14.3486
-0
-0
-0
-0
-0
-0
-0
-0
-0
-0
-0
34.8206
-0
16.0267
-0
-0
37.1495
-0
-0
-0
-0
-0
-0
-0
-0
10.6266
-0
-0
5.30657
-0
4.48375
41.4806
-0
-0
-0
-0
-0
11.9535
1.04896
-0
-0
-0
-0
-0
-0
-0
-0
-0
-0
-0
56.8797
-0
-0
-0
-0
-0
-0
31.5977
-0
-0
-0
-0
-0
-0
67.279
35.1463
1.01797
-0
-0
-0
-0
-0
-0
-0
17.1793
-0
-0
-0
-0
-0
-0
11.9759
-0
-0
-0
-0
-0
-0
-0
-0
17.2625
-0
-0
-0
-0
-0
-0
-0
-0
-0
-0
-0
5.23898
-0
1.6509
-0
26.1276
-0
-0
-0
-0
64.2853
-0
-0
-0
23.6775
-0
-0
15.868
-0
-0
-0
43.8718
-0
7.2307
-0
-0
23.9526
13.6503
13.319
33.1973
-0
-0
3.67651
1.63144
-0
-0
-0
-0
-0
-0
-0
-0
-0
-0
4.66013
27.5652
-0
-0
-0
-0
-0
-0
36.9977
9.39155
-0
-0
-0
2.80445
-0
-0
-0
-0
-0
-0
10.6343
-0
-0
-0
-0
-0
-0
1.2647
-0
-0
-0
-0
-0
50.1858
-0
15.6091
-0
-0
-0
-0
-0
12.2591
-0
13.4198
-0
-0
-0
-0
-0
-0
36.725
-0
-0
9.31057
-0
-0
-0
30.755
-0
