3.56312
-0
-0
-0
-0
-0
-0
-0
0.612547
16.9053
-0
-0
-0
-0
-0
2.53129
-0
-0
-0
-0
-0
-0
-0
-0
10.6649
5.17167
-0
-0
-0
-0
-0
-0
-0
-0
11.0926
-0
-0
-0
-0
-0
-0
-0
-0
-0
-0
-0
-0
35.6977
-0
-0
-0
-0
-0
-0
-0
-0
-0
3.3556
36.0307
21.0117
-0
-0
2.25615
-0
33.3562
-0
-0
-0
-0
2.32542
-0
-0
-0
-0
-0
7.75299
18.4108
-0
-0
-0
-0
119.039
-0
19.8634
8.8051
-0
-0
49.5626
-0
-0
10.8308
-0
-0
-0
13.0145
-0
16.846
-0
-0
-0
-0
-0
-0
-0
-0
-0
-0
-0
-0
-0
-0
-0
0.0407884
-0
-0
-0
-0
-0
28.4976
38.0564
-0
-0
37.98
-0
10.6128
-0
-0
-0
-0
-0
7.18061
0.442008
3.00439
-0
-0
-0
-0
15.2348
-0
-0
15.3897
-0
6.93447
-0
-0
-0
-0
-0
-0
-0
-0
-0
-0
-0
-0
-0
-0
-0
-0
2.46056
17.598
-0
-0
-0
-0
-0
-0
-0
-0
76.6108
9.30154
-0
-0
-0
1.08107
-0
-0
-0
7.77044
-0
5.46504
-0
-0
-0
-0
33.4217
-0
-0
42.6474
-0
20.1902
79.6542
-0
45.9087
-0
-0
-0
-0
-0
-0
-0
-0
-0
-0
-0
2.01026
-0
-0
-0
-0
-0
-0
30.3312
-0
-0
-0
-0
-0
-0
-0
-0
-0
7.0604
13.0743
-0
-0
-0
-0
-0
-0
-0
-0
-0
-0
-0
-0
-0
-0
-0
-0
-0
-0
-0
-0
-0
-0
46.4865
-0
-0
-0
-0
-0
-0
-0
-0
-0
-0
8.94631
-0
-0
-0
-0
-0
17.3236
-0
-0
-0
-0
-0
-0
-0
-0
-0
30.5587
-0
-0
-0
-0
-0
-0
-0
5.14619
-0
17.4115
-0
-0
-0
4.15994
-0
-0
-0
-0
-0
-0
19.0131
-0
8.99931
-0
-0
39.559
-0
-0
4.50606
-0
-0
25.4009
38.3159
-0
37.353
-0
18.6488
-0
-0
-0
-0
2.24006
-0
-0
-0
0.23743
-0
-0
-0
65.7196
42.6964
-0
-0
-0
-0
-0
-0
-0
-0
-0
-0
-0
-0
-0
-0
10.8122
-0
-0
-0
-0
-0
-0
-0
-0
10.8007
-0
-0
-0
-0
-0
59.2494
-0
-0
-0
-0
-0
-0
-0
-0
23.2879
11.5469
2.72142
-0
-0
51.9659
-0
-0
1.81352
0.612208
-0
-0
-0
-0
-0
-0
-0
-0
-0
20.8727
-0
-0
36.8969
2.25988
-0
-0
-0
-0
-0
-0
-0
-0
-0
-0
35.2003
-0
-0
-0
-0
-0
-0
-0
-0
-0
-0
-0
22.7348
-0
-0
-0
-0
-0
-0
-0
-0
-0
-0
46.7573
-0
-0
-0
-0
-0
-0
5.6666
-0
17.7221
-0
10.2498
3.6157
-0
16.9449
-0
-0
-0
-0
-0
-0
5.73264
7.17516
-0
-0
-0
-0
-0
-0
-0
20.2305
58.0525
-0
-0
56.0577
0.157438
-0
-0
-0
-0
-0
-0
42.2691
-0
4.50387
-0
-0
-0
-0
-0
3.90922
-0
-0
-0
-0
-0
93.8143
-0
-0
-0
-0
-0
-0
-0
-0
-0
-0
-0
-0
71.4517
24.4811
-0
-0
-0
12.839
-0
65.9828
-0
-0
17.4247
-0
-0
52.1281
19.5508
-0
-0
1.57772
-0
-0
49.3062
-0
-0
-0
21.862
-0
-0
-0
-0
-0
-0
30.7285
-0
-0
15.9545
-0
-0
44.4468
-0
-0
-0
-0
-0
-0
-0
-0
-0
31.8525
13.8666
-0
-0
-0
-0
-0
-0
-0
-0
-0
-0
-0
31.6896
-0
-0
-0
-0
87.6852
15.2445
-0
-0
38.0003
-0
-0
-0
15.241
-0
-0
-0
-0
-0
-0
14.2041
-0
-0
-0
19.7672
-0
-0
-0
-0
-0
-0
-0
-0
9.43771
15.667
-0
-0
-0
-0
15.6744
59.5219
-0
-0
19.9177
-0
-0
-0
-0
0.0681729
16.7883
-0
16.2909
-0
-0
-0
-0
-0
-0
29.4349
-0
-0
-0
-0
5.78269
-0
-0
-0
5.29857
-0
-0
-0
-0
-0
-0
8.66637
-0
-0
-0
-0
-0
-0
-0
-0
-0
-0
-0
-0
-0
-0
-0
-0
-0
-0
-0
-0
-0
-0
-0
-0
0.54279
-0
-0
-0
-0
-0
-0
-0
-0
-0
-0
-0
-0
-0
-0
26.0659
-0
30.1155
-0
-0
-0
-0
24.4658
-0
-0
-0
-0
8.40026
-0
-0
0.457812
-0
-0
-0
-0
-0
-0
15.1947
-0
-0
18.9879
-0
-0
-0
-0
-0
-0
-0
-0
-0
-0
36.5352
10.5355
-0
-0
-0
35.4557
-0
-0
-0
1.63157
-0
-0
-0
-0
-0
-0
-0
16.1683
-0
-0
-0
-0
23.9455
-0
-0
14.3883
-0
-0
-0
-0
7.37103
24.0858
-0
-0
57.8315
0.20783
-0
-0
1.62569
-0
-0
-0
-0
-0
-0
-0
28.4585
-0
-0
-0
23.8929
5.2289
-0
-0
-0
-0
5.55767
-0
3.59344
60.6452
-0
-0
-0
-0
-0
-0
5.13746
30.0584
-0
-0
-0
-0
-0
-0
-0
-0
-0
-0
-0
-0
45.881
27.5157
-0
-0
-0
-0
-0
41.6423
64.2605
-0
-0
-0
-0
-0
-0
1.04283
-0
-0
-0
30.1981
-0
12.1662
-0
-0
-0
-0
-0
-0
-0
-0
-0
-0
-0
-0
-0
-0
13.2077
-0
-0
-0
41.9822
-0
-0
2.44177
-0
-0
-0
-0
12.6466
-0
-0
24.1038
-0
-0
29.456
-0
-0
29.709
-0
-0
-0
-0
-0
-0
-0
-0
8.44605
-0
-0
-0
7.88896
-0
-0
-0
-0
-0
-0
26.6699
-0
-0
-0
-0
-0
-0
-0
21.4545
-0
-0
-0
-0
-0
-0
-0
-0
56.1859
-0
62.9457
-0
-0
-0
-0
-0
1.51084
-0
-0
-0
-0
-0
-0
-0
45.4895
-0
-0
-0
-0
-0
-0
7.56029
-0
-0
5.29292
-0
2.31094
-0
-0
-0
-0
-0
-0
-0
-0
-0
44.678
-0
-0
-0
-0
-0
-0
-0
38.7735
-0
-0
-0
-0
38.6365
-0
-0
-0
-0
-0
-0
-0
-0
50.6251
-0
-0
-0
-0
-0
34.5461
-0
-0
6.92086
7.04352
-0
-0
7.07865
-0
-0
-0
-0
-0
-0
-0
-0
64.1275
-0
0.874903
-0
-0
-0
-0
-0
19.7828
-0
-0
-0
-0
-0
-0
-0
17.3394
-0
36.2772
-0
-0
-0
38.6321
-0
-0
-0
-0
-0
-0
-0
-0
-0
-0
-0
-0
-0
-0
-0
-0
-0
25.0127
22.661
-0
-0
11.406
-0
-0
-0
-0
-0
-0
-0
11.6135
-0
-0
12.6796
-0
-0
-0
-0
4.3302
-0
-0
-0
-0
-0
-0
-0
-0
12.4075
-0
-0
-0
-0
-0
-0
-0
-0
-0
-0
-0
-0
-0
9.54724
8.52908
-0
-0
-0
-0
36.6317
-0
-0
-0
-0
-0
21.1891
-0
10.6471
-0
-0
-0
-0
-0
-0
-0
-0
-0
-0
-0
-0
96.7905
-0
-0
-0
-0
-0
-0
-0
-0
-0
1.62272
-0
-0
21.9894
-0
-0
-0
-0
-0
-0
-0
-0
-0
39.2359
-0
-0
-0
-0
17.2936
-0
-0
-0
15.2818
-0
2.7763
-0
-0
-0
-0
-0
-0
-0
-0
-0
-0
-0
7.98341
-0
29.8114
-0
-0
-0
-0
50.3913
-0
-0
-0
-0
-0
38.6685
-0
-0
-0
-0
-0
-0
-0
8.38314
5.34141
-0
-0
-0
-0
-0
-0
-0
-0
-0
-0
18.9241
-0
-0
-0
-0
38.5448
-0
-0
-0
-0
-0
-0
-0
-0
16.342
-0
-0
16.9656
-0
-0
-0
32.5188
23.338
-0
-0
-0
-0
-0
32.6013
-0
-0
-0
-0
-0
-0
-0
-0
48.5797
62.4702
-0
12.697
-0
-0
-0
2.55645
-0
-0
-0
-0
-0
-0
-0
-0
41.6735
-0
3.95992
-0
-0
-0
-0
-0
14.8625
-0
0.674645
-0
-0
-0
-0
-0
-0
-0
-0
-0
-0
-0
-0
65.4089
-0
-0
-0
-0
-0
-0
-0
5.23918
-0
-0
1.77407
-0
-0
10.8477
-0
-0
-0
-0
-0
-0
-0
-0
-0
-0
-0
-0
-0
-0
27.8747
-0
-0
-0
-0
-0
0.888793
-0
-0
-0
-0
-0
-0
-0
-0
-0
-0
-0
-0
-0
16.0994
32.3361
-0
-0
-0
-0
-0
-0
-0
18.6695
-0
-0
8.37667
-0
-0
-0
-0
-0
43.018
-0
-0
-0
-0
-0
39.5077
-0
65.679
28.6204
-0
77.0373
-0
10.3107
-0
-0
-0
40.3132
-0
29.4421
32.236
-0
10.2685
59.2487
-0
-0
-0
-0
52.8413
20.8692
-0
-0
-0
-0
-0
24.6706
20.8836
-0
-0
-0
-0
27.6933
6.20738
3.72452
23.8606
-0
-0
-0
-0
-0
-0
-0
-0
-0
0.830514
-0
-0
6.02355
-0
-0
-0
-0
-0
28.4619
-0
-0
-0
-0
-0
-0
-0
-0
-0
-0
-0
-0
-0
-0
-0
-0
-0
35.3055
28.6398
-0
11.0738
-0
-0
-0
-0
-0
-0
-0
-0
-0
-0
-0
-0
-0
-0
-0
-0
-0
-0
-0
-0
-0
-0
9.04539
-0
-0
4.17787
58.0414
15.6224
-0
33.0768
-0
-0
-0
-0
9.34861
7.32014
-0
-0
-0
-0
-0
-0
-0
40.5459
-0
22.8298
-0
-0
55.1614
-0
-0
-0
-0
-0
-0
-0
-0
-0
-0
-0
-0
-0
38.2081
55.7347
-0
1.02026
-0
-0
-0
-0
0.820773
-0
-0
-0
0.593865
-0
-0
-0
-0
-0
-0
-0
28.4129
-0
-0
-0
-0
-0
-0
-0
-0
-0
-0
-0
-0
-0
-0
12.4876
-0
-0
-0
-0
-0
23.1724
-0
-0
-0
-0
-0
-0
-0
-0
-0
-0
-0
-0
-0
-0
31.0984
-0
-0
-0
15.5522
-0
-0
-0
-0
-0
-0
-0
-0
-0
-0
-0
-0
-0
-0
-0
1.14564
-0
-0
-0
-0
-0
0.0143523
-0
23.7457
-0
-0
-0
-0
-0
-0
-0
-0
-0
-0
-0
27.2102
23.1978
-0
-0
34.2831
-0
-0
-0
-0
-0
-0
-0
57.7447
-0
-0
-0
37.5154
-0
-0
-0
-0
17.1887
-0
-0
-0
-0
-0
-0
-0
-0
-0
-0
-0
-0
-0
-0
-0
-0
-0
-0
-0
-0
-0
-0
58.8342
-0
-0
-0
-0
-0
-0
-0
-0
-0
0.231658
-0
-0
13.6157
-0
-0
-0
14.9602
-0
-0
-0
-0
54.1223
-0
15.2726
-0
-0
-0
23.0771
-0
-0
-0
-0
-0
-0
14.5301
-0
-0
-0
-0
2.70241
-0
-0
-0
-0
29.6944
-0
0.24294
23.8002
-0
-0
-0
-0
-0
-0
-0
-0
33.0567
-0
-0
-0
37.7909
-0
-0
-0
-0
-0
14.8825
-0
-0
-0
7.2223
-0
63.3324
-0
-0
12.8969
-0
-0
38.8889
-0
-0
-0
36.026
-0
21.952
-0
-0
-0
-0
9.94131
-0
14.9662
28.0386
-0
-0
12.6426
-0
-0
-0
-0
-0
5.23235
-0
59.0794
0.595105
-0
-0
-0
-0
-0
-0
32.4113
-0
-0
-0
-0
-0
38.5095
-0
-0
-0
-0
34.8661
-0
1.22983
-0
-0
-0
14.7583
21.7672
-0
-0
-0
-0
-0
-0
-0
-0
-0
-0
-0
32.6528
-0
27.8637
-0
-0
-0
-0
-0
-0
-0
-0
-0
-0
-0
-0
-0
-0
-0
-0
-0
-0
-0
-0
-0
-0
-0
29.7231
-0
-0
-0
-0
20.261
-0
16.3741
-0
-0
-0
-0
-0
-0
-0
3.86526
47.7344
-0
-0
-0
-0
-0
-0
-0
-0
-0
-0
-0
-0
-0
-0
-0
0.310523
-0
-0
-0
-0
-0
-0
16.0889
48.2297
-0
-0
-0
-0
-0
-0
-0
-0
-0
13.5297
-0
-0
4.95774
-0
-0
-0
-0
-0
-0
-0
-0
-0
-0
-0
-0
-0
-0
-0
-0
-0
-0
-0
-0
-0
-0
-0
-0
-0
-0
-0
-0
-0
-0
2.39393
-0
-0
40.0061
-0
-0
-0
-0
-0
-0
-0
-0
-0
-0
-0
-0
5.30573
-0
-0
-0
-0
-0
-0
-0
-0
-0
-0
-0
-0
-0
-0
-0
-0
-0
27.2262
-0
-0
-0
-0
-0
-0
2.00806
-0
-0
21.0655
-0
37.7699
1.19378
23.916
-0
-0
-0
-0
-0
-0
-0
-0
-0
-0
-0
105.92
-0
-0
-0
-0
-0
-0
-0
-0
42.9954
38.6869
-0
-0
-0
21.0753
-0
-0
71.2487
-0
-0
0.214198
14.8955
-0
-0
-0
-0
-0
-0
2.77388
-0
-0
65.9416
-0
-0
-0
68.0704
-0
-0
70.3526
61.5368
-0
-0
27.0419
-0
-0
1.76662
-0
1.09323
-0
-0
-0
-0
-0
-0
-0
-0
0.407806
-0
32.8972
31.5413
-0
-0
-0
-0
-0
-0
15.4024
-0
-0
-0
-0
29.9995
-0
21.2029
-0
-0
-0
-0
-0
-0
-0
2.72108
34.8555
-0
-0
22.2776
-0
-0
-0
-0
-0
-0
-0
-0
-0
-0
51.2716
23.5221
-0
19.039
31.8681
-0
-0
-0
-0
-0
-0
17.2207
-0
-0
-0
30.4009
25.3185
-0
-0
-0
-0
2.38463
-0
89.8773
-0
28.0734
-0
-0
0.240554
-0
-0
-0
-0
-0
48.3898
-0
-0
34.8474
-0
-0
-0
-0
-0
-0
10.7386
70.5308
-0
0.699779
-0
68.0487
7.0888
-0
30.6396
-0
-0
-0
10.0659
-0
-0
-0
8.77367
-0
-0
57.0664
0.67624
-0
-0
-0
-0
-0
-0
-0
-0
-0
35.8713
-0
-0
17.768
-0
-0
-0
-0
-0
30.1348
-0
2.44653
-0
47.3763
-0
-0
-0
-0
0.540648
-0
-0
-0
-0
-0
-0
-0
-0
-0
-0
-0
-0
14.9596
-0
-0
-0
10.6755
-0
-0
23.3518
-0
22.1909
-0
-0
-0
4.71565
-0
-0
-0
-0
-0
-0
-0
-0
-0
-0
-0
-0
-0
69.3558
-0
51.3566
-0
-0
-0
53.4028
-0
-0
-0
-0
-0
-0
-0
-0
14.3922
-0
9.43562
-0
1.1067
-0
-0
-0
-0
22.292
28.3807
-0
2.45078
27.3418
-0
2.67553
28.5751
-0
-0
-0
-0
-0
-0
1.92531
-0
-0
-0
-0
-0
-0
-0
1.28079
42.4799
-0
42.3442
-0
-0
-0
-0
-0
10.5381
5.52662
-0
26.4959
-0
-0
-0
-0
-0
-0
-0
21.1733
-0
-0
-0
-0
-0
-0
-0
-0
-0
-0
-0
13.6512
7.9486
11.1733
-0
-0
-0
-0
-0
0.0961004
2.98529
-0
-0
-0
29.0841
-0
-0
-0
-0
-0
-0
40.8496
-0
-0
-0
-0
-0
-0
-0
-0
7.90694
-0
8.19304
-0
8.57132
-0
-0
-0
12.5859
-0
-0
2.84625
-0
-0
-0
-0
-0
-0
-0
-0
-0
-0
-0
46.0896
-0
42.1809
35.9172
24.5923
-0
-0
-0
-0
-0
-0
59.4594
11.3882
-0
31.6213
-0
-0
-0
-0
-0
-0
-0
-0
-0
-0
-0
-0
-0
-0
-0
-0
-0
-0
-0
-0
-0
-0
17.997
-0
-0
-0
-0
-0
0.303394
-0
-0
66.7842
-0
-0
-0
-0
-0
-0
5.16453
-0
-0
-0
-0
-0
-0
-0
-0
-0
9.96506
-0
22.0867
25.9378
-0
-0
-0
-0
-0
-0
-0
-0
-0
-0
-0
-0
-0
-0
-0
27.3969
5.38445
5.94361
-0
-0
-0
-0
0.128299
-0
-0
-0
-0
-0
-0
14.3758
-0
-0
-0
-0
-0
-0
10.533
-0
-0
-0
-0
-0
36.7635
-0
-0
-0
-0
-0
-0
-0
-0
-0
-0
-0
-0
-0
13.1961
-0
-0
-0
16.9968
-0
11.3471
-0
23.8306
-0
-0
-0
9.0426
-0
-0
-0
45.1592
-0
-0
-0
0.229392
8.64106
-0
-0
-0
-0
-0
-0
-0
2.4426
21.3952
15.8993
8.37083
-0
-0
-0
-0
-0
-0
-0
11.1525
-0
-0
-0
4.69785
-0
-0
-0
-0
-0
-0
-0
-0
-0
-0
-0
16.8358
-0
-0
-0
-0
-0
-0
-0
-0
-0
-0
-0
26.6699
-0
1.50997
-0
-0
71.9001
-0
-0
-0
-0
-0
-0
21.2685
5.12089
-0
-0
-0
35.9637
-0
-0
-0
-0
-0
-0
-0
2.54279
-0
-0
-0
-0
61.5581
-0
-0
1.36987
-0
-0
-0
-0
-0
-0
-0
-0
-0
-0
-0
-0
-0
-0
4.53515
-0
-0
-0
-0
-0
-0
-0
-0
-0
-0
-0
-0
-0
31.0814
-0
-0
13.7598
-0
-0
-0
-0
-0
7.84765
-0
-0
4.48938
-0
-0
-0
5.50772
-0
-0
-0
-0
-0
-0
10.6587
-0
-0
-0
29.3741
-0
-0
-0
-0
-0
-0
16.3493
8.51037
65.0378
-0
48.3139
-0
-0
-0
-0
-0
36.1164
-0
-0
31.9205
17.6716
-0
-0
-0
-0
0.0577826
-0
-0
35.6021
-0
-0
32.0014
16.211
-0
-0
-0
-0
-0
6.30673
-0
-0
41.9196
-0
-0
-0
-0
-0
-0
-0
-0
-0
-0
-0
-0
-0
21.0411
-0
-0
-0
-0
-0
-0
-0
-0
-0
-0
-0
-0
-0
2.15605
-0
25.4785
-0
-0
-0
-0
1.1575
31.6397
32.7928
-0
-0
-0
-0
-0
-0
-0
-0
6.78831
-0
-0
-0
-0
2.52057
-0
-0
28.7905
-0
-0
-0
29.5432
-0
21.3267
-0
-0
5.66072
-0
-0
-0
-0
-0
-0
-0
-0
-0
-0
-0
-0
-0
-0
-0
-0
18.3015
-0
-0
5.23168
-0
-0
-0
-0
-0
37.8283
-0
-0
9.26593
-0
-0
-0
53.4779
-0
5.98772
4.87202
-0
-0
-0
-0
55.0961
-0
14.2996
-0
-0
-0
-0
-0
-0
-0
-0
24.6833
-0
-0
-0
-0
1.0703
-0
-0
-0
-0
-0
-0
-0
-0
-0
16.4797
-0
-0
-0
-0
-0
-0
8.5699
-0
-0
-0
-0
-0
-0
-0
-0
-0
-0
-0
-0
-0
-0
-0
-0
6.20722
-0
-0
-0
-0
-0
-0
-0
-0
-0
1.65442
-0
28.452
-0
-0
3.90419
-0
-0
-0
-0
-0
-0
-0
-0
-0
-0
1.32265
-0
-0
-0
-0
56.9844
16.5427
-0
-0
-0
-0
-0
22.2513
-0
-0
-0
-0
46.5077
-0
-0
-0
-0
-0
-0
59.1728
-0
-0
-0
17.6776
-0
-0
-0
12.471
-0
-0
-0
-0
-0
-0
-0
-0
-0
-0
-0
-0
-0
-0
18.6739
-0
25.9773
-0
-0
-0
-0
-0
-0
-0
-0
-0
-0
-0
0.896238
-0
-0
-0
-0
-0
15.1262
94.5098
-0
-0
-0
-0
-0
0.115488
-0
-0
-0
-0
-0
-0
-0
-0
-0
32.8675
36.0556
-0
-0
23.0494
-0
-0
56.398
-0
-0
10.4916
-0
13.3504
-0
-0
-0
9.001
-0
-0
28.5046
-0
-0
-0
-0
-0
-0
2.15727
-0
-0
-0
-0
0.317799
38.6009
-0
-0
-0
-0
-0
-0
14.1307
-0
43.2558
-0
44.9608
26.6961
-0
-0
-0
47.1359
-0
58.3571
-0
4.50669
-0
26.0929
-0
-0
-0
14.4111
-0
-0
-0
-0
2.56139
16.9608
-0
0.314485
-0
4.36086
-0
-0
-0
-0
-0
-0
41.8839
25.858
-0
-0
-0
-0
-0
-0
-0
-0
-0
-0
-0
-0
4.44628
31.0316
-0
-0
-0
-0
-0
-0
-0
17.2525
-0
-0
-0
-0
-0
-0
34.8326
-0
-0
43.0485
-0
12.5054
33.6006
-0
57.548
11.9912
-0
-0
-0
-0
-0
-0
-0
-0
47.6233
-0
-0
-0
-0
-0
-0
-0
-0
-0
-0
-0
-0
-0
-0
-0
-0
-0
-0
-0
-0
-0
-0
34.0933
26.0107
-0
-0
-0
-0
-0
-0
10.7781
-0
-0
68.5274
-0
-0
36.3952
-0
-0
43.9577
-0
-0
-0
-0
-0
-0
39.3383
-0
53.6977
-0
-0
-0
4.46012
-0
-0
-0
-0
-0
-0
20.7059
-0
-0
-0
-0
-0
-0
-0
24.7114
-0
-0
-0
-0
-0
-0
-0
-0
1.65774
-0
-0
-0
-0
-0
-0
-0
-0
-0
-0
-0
7.82
-0
-0
-0
-0
-0
-0
-0
-0
-0
18.9328
-0
-0
-0
-0
-0
-0
-0
-0
-0
23.82
3.55175
12.3395
-0
-0
-0
-0
-0
-0
-0
-0
-0
-0
-0
-0
-0
-0
48.408
-0
6.82424
-0
-0
-0
29.9438
-0
-0
-0
-0
-0
-0
-0
-0
-0
-0
-0
-0
14.6835
29.403
-0
-0
-0
11.1611
-0
-0
-0
-0
8.275
-0
-0
0.582614
-0
-0
-0
-0
-0
28.5432
16.2966
-0
-0
-0
-0
-0
-0
-0
-0
-0
-0
-0
-0
-0
-0
-0
-0
-0
-0
-0
-0
-0
-0
-0
-0
-0
-0
-0
-0
-0
-0
0.601772
-0
2.8104
-0
38.7286
-0
-0
-0
-0
11.4519
-0
-0
0.769573
40.1621
-0
-0
6.39528
-0
-0
-0
-0
-0
-0
-0
-0
-0
-0
-0
-0
16.8454
-0
-0
-0
-0
-0
-0
-0
-0
-0
-0
-0
-0
-0
-0
22.138
-0
12.9922
-0
-0
52.552
-0
-0
-0
-0
-0
-0
-0
-0
-0
9.43086
-0
-0
-0
-0
39.0667
-0
-0
5.7302
-0
55.1497
-0
-0
40.1834
14.2669
-0
-0
-0
-0
-0
0.233834
-0
-0
-0
-0
-0
23.5865
-0
-0
-0
-0
-0
-0
-0
-0
39.3023
-0
-0
-0
-0
17.3494
-0
14.8761
-0
-0
-0
-0
28.4438
-0
-0
-0
-0
-0
-0
53.2668
-0
-0
11.4116
-0
-0
-0
-0
-0
52.1845
-0
-0
24.9879
-0
-0
-0
-0
-0
-0
-0
-0
-0
-0
-0
25.2784
-0
17.9335
-0
-0
-0
-0
-0
-0
-0
-0
6.50659
-0
-0
6.3286
-0
-0
40.8761
-0
-0
-0
18.2276
-0
-0
-0
-0
-0
-0
-0
-0
-0
-0
-0
25.9226
-0
-0
-0
-0
-0
-0
-0
-0
-0
1.21056
-0
-0
0.57071
-0
-0
24.2643
-0
-0
-0
-0
-0
-0
-0
-0
-0
-0
-0
-0
13.7031
-0
-0
-0
-0
-0
-0
-0
-0
-0
-0
-0
39.8802
3.58305
-0
-0
-0
-0
49.0485
-0
-0
28.9498
15.0361
17.0194
12.7084
-0
-0
-0
22.1322
-0
-0
-0
-0
19.8359
-0
-0
-0
-0
-0
-0
-0
55.8944
-0
-0
-0
-0
-0
-0
-0
-0
-0
-0
-0
-0
-0
44.6167
-0
-0
-0
-0
-0
-0
-0
-0
-0
-0
-0
37.3093
-0
64.9872
-0
-0
-0
-0
-0
18.2271
-0
16.1174
-0
-0
-0
73.882
-0
-0
-0
62.5622
-0
11.0187
-0
-0
-0
24.7319
-0
-0
-0
-0
-0
-0
-0
16.562
-0
-0
-0
-0
-0
21.0554
15.3634
32.9527
-0
-0
-0
24.3609
-0
32.0081
-0
-0
-0
2.47502
-0
-0
-0
56.5765
-0
21.2881
1.96506
6.90968
-0
-0
-0
-0
-0
20.0722
-0
36.6404
-0
-0
-0
-0
16.0189
-0
-0
-0
-0
-0
-0
26.3458
12.5814
-0
29.1474
-0
11.0626
6.38783
-0
-0
-0
-0
0.0801227
-0
-0
-0
-0
-0
-0
-0
71.2849
-0
-0
-0
-0
-0
-0
12.8843
-0
-0
-0
-0
-0
-0
-0
17.2486
-0
-0
-0
-0
-0
18.0861
-0
58.4042
22.7007
-0
-0
-0
-0
-0
-0
-0
-0
-0
-0
-0
-0
-0
-0
-0
30.7636
1.08158
-0
-0
-0
-0
-0
-0
41.413
15.9747
-0
-0
-0
40.0318
-0
-0
6.00826
-0
-0
-0
8.96204
-0
-0
-0
-0
-0
12.8174
-0
-0
-0
-0
-0
-0
-0
-0
17.6364
-0
-0
-0
-0
2.53466
-0
44.6703
-0
-0
-0
-0
11.4601
-0
-0
-0
10.0028
-0
-0
-0
-0
-0
-0
106.861
-0
13.4151
14.6543
8.41871
-0
-0
27.0526
-0
-0
-0
-0
-0
87.6779
-0
-0
-0
14.4922
2.12461
-0
-0
-0
-0
4.75134
-0
-0
14.1623
-0
37.4017
-0
-0
-0
-0
-0
-0
-0
-0
-0
1.48401
-0
-0
-0
11.7629
-0
-0
29.3963
-0
-0
-0
2.69067
-0
-0
-0
-0
-0
-0
-0
8.26744
-0
36.5503
-0
-0
-0
-0
-0
-0
-0
-0
-0
-0
-0
82.0788
-0
-0
24.2285
14.6504
-0
-0
-0
-0
-0
-0
-0
-0
-0
-0
37.7133
-0
-0
-0
-0
-0
-0
-0
-0
12.5461
61.4331
-0
-0
-0
-0
-0
-0
-0
-0
-0
-0
-0
27.4584
-0
17.061
-0
-0
-0
31.294
26.608
-0
-0
-0
-0
6.73305
51.1203
14.1145
-0
-0
-0
-0
9.68052
-0
-0
-0
-0
-0
-0
-0
-0
-0
-0
-0
64.5126
-0
-0
-0
-0
-0
-0
-0
3.21322
-0
-0
5.80195
-0
-0
-0
-0
-0
5.80924
-0
-0
-0
3.17413
-0
-0
-0
-0
-0
-0
-0
-0
-0
-0
-0
-0
-0
28.6789
-0
-0
-0
-0
1.63152
-0
-0
-0
16.2164
-0
1.07289
-0
-0
-0
34.7984
-0
31.7514
-0
-0
-0
-0
-0
-0
-0
73.3853
-0
-0
25.6612
-0
-0
-0
-0
-0
13.1245
37.1792
-0
29.4082
-0
-0
-0
-0
-0
23.5325
-0
-0
-0
-0
-0
41.0821
-0
-0
-0
15.2683
16.9129
0.790503
-0
-0
-0
-0
-0
-0
-0
-0
-0
-0
53.2341
-0
-0
-0
-0
-0
-0
-0
-0
-0
-0
-0
-0
-0
-0
46.3721
23.8112
45.0821
-0
2.52091
-0
-0
-0
-0
-0
-0
-0
-0
-0
8.76976
-0
-0
21.637
80.8873
-0
-0
-0
-0
-0
-0
-0
15.3492
-0
-0
-0
64.1822
-0
-0
-0
-0
-0
-0
-0
55.2595
-0
-0
-0
37.6016
37.4916
4.80208
-0
-0
-0
-0
-0
-0
-0
-0
-0
-0
-0
-0
-0
18.8943
-0
-0
-0
-0
-0
15.001
3.01295
-0
11.4105
-0
-0
-0
-0
-0
-0
-0
-0
-0
52.0013
-0
-0
-0
-0
-0
-0
-0
-0
-0
-0
-0
-0
-0
46.0082
28.0612
12.9086
12.206
-0
-0
-0
-0
-0
-0
-0
7.68088
-0
-0
-0
-0
-0
63.1725
5.48592
-0
-0
-0
-0
-0
-0
-0
-0
-0
-0
-0
-0
-0
-0
-0
-0
-0
-0
-0
19.7054
-0
-0
-0
18.5963
-0
-0
-0
-0
115.713
-0
-0
-0
13.1859
-0
8.27725
19.4875
22.1849
-0
-0
92.7496
-0
7.88558
-0
-0
22.0213
-0
4.49891
111.954
-0
-0
5.84595
-0
-0
-0
-0
-0
-0
-0
-0
-0
-0
-0
6.36421
4.82873
-0
-0
-0
-0
-0
-0
0.292499
12.9538
-0
-0
-0
7.53354
-0
10.5781
20.7375
-0
-0
-0
33.185
-0
-0
-0
0.825953
-0
-0
-0
-0
-0
-0
-0
-0
75.8058
-0
-0
-0
-0
-0
-0
-0
-0
-0
-0
-0
-0
10.2445
-0
-0
-0
49.4731
-0
-0
-0
-0
-0
2.23095
-0
-0
