3.26436
-0
-0
-0
-0
10.7891
-0
-0
29.6938
29.5948
21.9371
-0
8.24409
-0
-0
-0
-0
-0
-0
-0
-0
4.6321
-0
-0
-0
30.4291
1.39431
-0
-0
-0
-0
-0
-0
-0
1.59555
-0
-0
-0
-0
-0
-0
-0
-0
5.48504
-0
19.55
-0
-0
-0
-0
-0
-0
-0
7.01369
-0
-0
-0
4.15504
30.1649
-0
-0
-0
28.9447
-0
43.6319
-0
-0
-0
20.4973
1.60274
-0
-0
-0
-0
-0
0.0459515
-0
4.63744
-0
-0
-0
114.008
-0
12.4652
-0
-0
-0
116.371
-0
-0
14.3426
-0
-0
-0
-0
-0
3.11768
-0
6.5667
-0
-0
-0
-0
-0
-0
-0
2.44559
0.753014
-0
-0
30.8379
-0
0.256887
-0
-0
-0
15.7081
-0
17.6982
70.6508
30.5044
-0
68.9512
13.0691
-0
-0
-0
-0
-0
-0
47.1088
-0
33.5814
-0
-0
-0
-0
-0
-0
-0
12.3648
-0
-0
-0
-0
-0
-0
-0
-0
-0
-0
-0
-0
-0
-0
-0
18.6728
-0
-0
2.31017
-0
-0
-0
-0
-0
-0
2.84904
-0
-0
73.409
62.1094
2.39773
-0
-0
-0
-0
-0
-0
-0
11.3678
-0
-0
-0
-0
-0
-0
-0
-0
45.9881
-0
-0
109.793
19.9659
61.4002
-0
-0
-0
-0
-0
-0
-0
-0
-0
-0
-0
-0
-0
-0
-0
-0
-0
-0
43.9644
-0
-0
12.0198
-0
-0
-0
-0
-0
-0
-0
-0
-0
-0
-0
-0
-0
-0
-0
-0
-0
-0
-0
2.01772
-0
-0
-0
-0
-0
-0
-0
-0
-0
-0
-0
-0
-0
-0
-0
-0
-0
-0
-0
-0
-0
-0
77.7391
-0
-0
-0
0.0566702
-0
-0
-0
-0
-0
-0
-0
1.21835
6.2701
-0
26.8341
-0
-0
-0
-0
-0
-0
-0
-0
-0
-0
-0
-0
-0
10.9364
-0
-0
7.10845
-0
-0
-0
-0
-0
-0
-0
-0
14.0723
-0
-0
7.60147
-0
0.328544
29.5175
33.1553
-0
70.4859
-0
-0
-0
-0
-0
-0
1.47232
-0
-0
-0
-0
-0
-0
6.48982
39.4789
7.12701
-0
12.5634
-0
-0
-0
-0
-0
-0
-0
-0
-0
-0
-0
-0
1.95282
-0
-0
-0
25.5955
-0
-0
-0
-0
-0
-0
-0
-0
-0
-0
48.9323
-0
-0
-0
-0
-0
-0
-0
-0
43.7438
-0
1.0353
-0
-0
96.0392
-0
-0
-0
-0
21.2531
-0
-0
-0
-0
-0
-0
-0
-0
21.2868
-0
-0
-0
-0
-0
-0
-0
-0
9.09705
-0
-0
-0
-0
-0
-0
-0
-0
-0
-0
-0
-0
21.4946
-0
-0
0.191023
-0
0.727325
-0
-0
-0
-0
-0
9.89686
-0
0.0257766
-0
-0
94.7924
-0
-0
-0
-0
17.4241
48.9243
3.4773
-0
31.4183
-0
5.96078
12.9176
-0
35.1973
-0
3.73481
-0
-0
-0
-0
42.198
-0
-0
-0
-0
-0
-0
-0
-0
-0
21.973
-0
-0
82.1862
-0
-0
12.6483
-0
-0
-0
-0
-0
-0
38.5108
8.12167
20.0851
-0
39.52
-0
-0
-0
51.4429
-0
-0
-0
59.0564
-0
-0
-0
-0
-0
-0
-0
-0
-0
-0
-0
-0
14.2153
-0
-0
-0
-0
-0
14.8849
74.4733
-0
-0
12.5974
-0
-0
12.6046
-0
-0
-0
-0
-0
-0
-0
-0
-0
-0
13.5434
-0
-0
-0
-0
-0
-0
37.9341
-0
-0
40.5302
-0
-0
7.49152
-0
-0
0.378575
-0
-0
24.8961
-0
-0
-0
4.6223
33.8582
20.7686
-0
-0
-0
-0
-0
-0
-0
-0
-0
-0
29.5477
-0
-0
-0
-0
27.4326
-0
-0
-0
23.1216
-0
-0
-0
66.8937
-0
-0
-0
-0
-0
-0
-0
-0
3.57951
-0
-0
-0
-0
-0
-0
10.1595
-0
-0
-0
-0
-0
-0
-0
-0
-0
18.6471
47.4422
-0
-0
107.071
-0
-0
-0
-0
35.5854
-0
32.4309
6.71203
-0
-0
-0
-0
-0
-0
-0
-0
13.3294
-0
-0
-0
-0
-0
-0
3.62728
-0
-0
-0
-0
-0
-0
-0
-0
-0
-0
-0
-0
-0
-0
-0
-0
-0
-0
-0
-0
-0
6.55772
-0
4.94403
-0
-0
-0
-0
-0
-0
-0
9.64062
-0
-0
-0
-0
-0
-0
-0
3.89505
-0
-0
-0
-0
-0
35.4998
18.2348
-0
-0
-0
-0
-0
-0
5.35444
-0
-0
1.26914
-0
-0
-0
3.78419
0.6446
-0
5.31552
-0
-0
-0
-0
-0
-0
-0
-0
-0
-0
-0
-0
-0
-0
-0
-0
-0
-0
9.90368
2.89311
-0
-0
-0
11.3332
-0
-0
-0
-0
-0
-0
3.48878
-0
-0
-0
-0
-0
-0
-0
-0
-0
19.558
-0
-0
-0
-0
-0
-0
-0
-0
42.0751
31.1221
-0
51.1599
-0
-0
-0
0.935642
-0
-0
-0
-0
-0
-0
-0
49.3162
-0
-0
-0
-0
-0
-0
-0
-0
-0
-0
-0
-0
55.6896
-0
-0
-0
-0
-0
28.3168
1.26394
-0
-0
-0
-0
-0
-0
-0
-0
-0
-0
-0
4.13574
-0
1.35501
-0
-0
-0
-0
-0
-0
47.0884
63.7953
-0
1.59929
-0
-0
-0
-0
26.2358
-0
-0
-0
55.2443
-0
24.4269
-0
-0
-0
-0
-0
-0
-0
-0
-0
-0
-0
-0
-0
-0
1.77281
-0
-0
-0
47.9828
-0
-0
10.4374
-0
-0
-0
-0
4.11971
-0
-0
13.6337
-0
-0
-0
-0
-0
18.9808
19.6351
-0
-0
14.4421
-0
-0
-0
8.1438
20.9665
11.8215
-0
3.02435
-0
-0
-0
67.8992
-0
-0
-0
-0
7.59853
-0
-0
-0
-0
-0
-0
16.4988
-0
-0
-0
-0
-0
-0
-0
-0
42.617
-0
46.5927
-0
-0
-0
-0
-0
-0
-0
-0
-0
-0
14.5026
20.6466
-0
89.2575
-0
-0
-0
-0
-0
-0
9.96331
-0
-0
23.993
-0
47.6523
-0
-0
-0
-0
-0
-0
-0
-0
10.3669
57.6483
-0
-0
-0
-0
-0
50.8158
-0
-0
-0
-0
-0
-0
4.94505
-0
-0
-0
-0
-0
-0
11.5789
-0
108.312
-0
-0
-0
-0
-0
-0
-0
-0
-0
18.108
-0
-0
14.2446
-0
-0
-0
13.0847
-0
-0
-0
-0
48.2599
-0
0.766351
-0
-0
-0
-0
-0
26.8474
-0
-0
-0
-0
-0
-0
-0
51.4549
-0
-0
-0
-0
-0
32.7849
7.50011
-0
-0
-0
-0
-0
-0
5.80623
-0
-0
-0
-0
-0
-0
-0
-0
-0
-0
-0
-0
5.68589
-0
-0
-0
-0
-0
-0
42.6256
-0
45.0885
-0
-0
-0
-0
-0
-0
1.73289
28.743
-0
-0
-0
16.3929
-0
-0
-0
-0
58.7201
-0
-0
-0
-0
-0
-0
-0
-0
-0
-0
-0
-0
-0
-0
-0
-0
-0
-0
-0
-0
13.9359
-0
-0
-0
-0
25.4595
-0
4.36425
-0
-0
-0
-0
-0
-0
-0
-0
-0
46.1255
-0
-0
39.5753
-0
-0
-0
8.10713
-0
-0
-0
-0
-0
21.941
-0
-0
-0
-0
-0
-0
-0
7.38788
-0
-0
-0
-0
-0
25.4243
26.0068
-0
15.3061
-0
-0
41.2095
-0
23.4618
-0
-0
-0
-0
38.5487
-0
-0
-0
1.92078
-0
-0
-0
-0
-0
-0
7.21332
-0
-0
-0
-0
72.8856
21.1087
-0
-0
-0
6.80567
26.6151
-0
-0
-0
-0
-0
-0
-0
6.54741
3.29107
-0
-0
-0
-0
-0
-0
-0
-0
-0
-0
12.1465
40.7725
-0
-0
-0
16.3951
-0
-0
-0
-0
-0
-0
-0
-0
81.1466
3.77506
-0
-0
-0
-0
-0
29.7215
50.2181
-0
-0
8.03483
-0
-0
-0
-0
-0
-0
-0
-0
-0
-0
-0
7.9984
29.0427
45.558
15.0658
-0
-0
-0
-0
-0
-0
-0
-0
-0
-0
-0
-0
7.1911
-0
-0
-0
-0
-0
-0
-0
4.41415
-0
9.95662
-0
-0
-0
-0
-0
8.27672
-0
-0
-0
-0
-0
-0
40.8914
-0
-0
-0
-0
46.3323
-0
-0
14.9314
8.9358
-0
38.1702
-0
-0
-0
-0
5.34662
-0
-0
3.69435
2.72276
-0
-0
30.9087
-0
-0
-0
-0
-0
67.2629
-0
4.53621
-0
-0
-0
19.8974
-0
-0
-0
-0
45.8517
-0
14.0435
-0
-0
0.633684
-0
-0
-0
15.7489
-0
-0
-0
-0
-0
-0
-0
-0
24.0367
-0
-0
35.5398
-0
-0
-0
-0
-0
10.6832
-0
-0
-0
-0
4.14628
-0
-0
70.7114
17.2594
-0
81.7309
-0
-0
-0
-0
-0
82.8805
-0
-0
26.8142
-0
15.1852
56.5305
-0
-0
-0
-0
17.4712
-0
-0
-0
-0
-0
-0
28.6329
35.1657
6.11824
-0
-0
-0
66.2607
19.795
-0
44.2449
9.6072
-0
-0
-0
-0
-0
-0
-0
-0
-0
2.11028
-0
32.4235
-0
-0
-0
-0
-0
-0
8.12872
-0
-0
-0
-0
-0
-0
-0
-0
-0
-0
-0
-0
-0
-0
-0
-0
28.5653
-0
-0
34.2142
-0
-0
-0
-0
-0
-0
-0
-0
-0
-0
-0
-0
54.9683
-0
-0
-0
-0
-0
-0
-0
-0
-0
-0
-0
-0
3.90581
36.4851
68.6804
-0
42.87
-0
-0
-0
-0
-0
-0
-0
-0
-0
-0
30.3482
-0
-0
24.9375
-0
39.3129
-0
-0
37.586
-0
-0
-0
-0
-0
-0
-0
-0
-0
-0
4.50566
-0
49.0367
49.1029
-0
-0
0.263128
-0
-0
-0
-0
1.4125
-0
12.7523
-0
-0
-0
-0
-0
-0
-0
-0
-0
32.3198
-0
-0
-0
-0
-0
-0
-0
-0
-0
2.15266
-0
-0
-0
-0
30.0703
-0
-0
-0
-0
-0
-0
-0
-0
-0
-0
-0
-0
-0
-0
-0
-0
-0
-0
-0
-0
55.0158
-0
-0
18.0021
14.9896
10.0082
-0
-0
21.4941
-0
-0
-0
-0
-0
3.10179
-0
-0
0.799725
-0
-0
1.80404
-0
-0
-0
-0
-0
-0
-0
12.3206
-0
-0
-0
-0
-0
-0
-0
-0
-0
-0
-0
7.48059
34.8399
-0
9.96155
13.2186
-0
-0
-0
-0
-0
-0
-0
37.7075
28.1866
-0
-0
-0
-0
-0
-0
0.935817
26.1057
-0
-0
-0
-0
-0
-0
-0
12.8644
-0
-0
-0
-0
-0
-0
-0
-0
-0
-0
-0
-0
-0
-0
12.5394
-0
-0
-0
-0
-0
-0
25.406
-0
6.27648
-0
-0
-0
16.876
-0
-0
-0
48.0214
-0
-0
-0
-0
24.6996
-0
-0
-0
-0
-0
49.4896
-0
9.40006
-0
-0
-0
-0
5.67019
-0
-0
-0
-0
-0
-0
-0
-0
-0
61.6914
-0
-0
58.6089
11.6239
-0
-0
-0
-0
-0
-0
-0
82.6727
18.4067
-0
-0
-0
-0
-0
-0
12.7839
-0
-0
-0
-0
19.3939
7.46847
-0
21.4864
-0
-0
26.6242
-0
-0
23.5924
-0
-0
-0
27.0159
-0
-0
-0
-0
-0
-0
-0
-0
5.9067
52.9641
38.0598
-0
14.7408
-0
12.5678
-0
-0
-0
-0
-0
10.4962
-0
-0
-0
-0
-0
-0
-0
38.5062
-0
-0
-0
-0
-0
35.696
-0
-0
-0
-0
49.7637
-0
-0
-0
1.44616
-0
51.2909
-0
2.42951
-0
11.8154
-0
-0
-0
-0
-0
-0
-0
-0
29.1948
-0
11.6095
-0
-0
-0
7.4029
-0
-0
-0
-0
-0
-0
-0
-0
-0
-0
-0
-0
6.16658
-0
3.25058
-0
-0
32.5156
-0
16.5578
-0
37.1649
-0
-0
37.8393
-0
-0
-0
-0
-0
-0
-0
-0
-0
-0
25.4583
-0
-0
-0
-0
15.3956
-0
-0
-0
-0
-0
-0
-0
-0
-0
-0
-0
-0
-0
0.0694768
-0
-0
-0
3.44979
31.8425
-0
-0
-0
-0
-0
-0
-0
-0
-0
16.2681
-0
-0
17.0711
-0
-0
-0
-0
-0
16.0668
-0
-0
-0
-0
-0
-0
-0
-0
-0
-0
6.55232
-0
-0
-0
-0
-0
-0
-0
-0
-0
-0
-0
-0
-0
-0
-0
-0
34.7476
-0
-0
-0
-0
-0
-0
-0
-0
-0
-0
-0
-0
32.376
-0
-0
-0
-0
-0
-0
-0
-0
4.69765
-0
-0
-0
-0
-0
34.5269
-0
-0
-0
-0
-0
-0
-0
-0
-0
1.64274
-0
-0
17.9767
-0
13.8059
15.8358
23.0394
-0
-0
-0
-0
-0
-0
-0
-0
-0
-0
-0
102.115
-0
-0
-0
-0
-0
-0
-0
-0
61.2505
23.5384
-0
-0
-0
14.0736
-0
-0
98.3304
-0
-0
-0
30.6943
35.4153
-0
-0
-0
-0
19.6462
-0
-0
-0
47.2081
-0
-0
-0
31.7687
-0
-0
51.7607
25.351
-0
-0
25.5611
-0
-0
-0
-0
-0
-0
-0
-0
-0
8.40182
-0
-0
-0
-0
-0
12.5411
-0
-0
-0
-0
-0
-0
-0
-0
-0
-0
-0
-0
-0
-0
-0
-0
-0
-0
6.24377
-0
-0
-0
-0
62.1927
-0
-0
25.8185
16.8348
-0
-0
-0
-0
-0
-0
-0
-0
-0
27.9375
12.4049
-0
28.6198
55.8889
-0
-0
-0
-0
-0
-0
26.1653
-0
-0
-0
50.2863
18.0704
-0
-0
-0
-0
0.165435
-0
18.9153
-0
-0
-0
-0
0.0494373
-0
-0
-0
41.276
-0
11.6679
-0
-0
27.8427
-0
-0
-0
-0
7.78575
-0
-0
35.5214
-0
36.1931
-0
50.6714
2.42525
-0
35.0323
-0
-0
0.113164
0.171423
-0
-0
-0
21.1394
-0
-0
10.8036
27.0585
-0
-0
-0
-0
-0
6.54966
-0
-0
-0
-0
-0
-0
11.9652
-0
-0
-0
-0
15.7933
1.49533
-0
1.15205
-0
39.4467
23.8323
-0
-0
-0
-0
4.38524
-0
-0
-0
-0
-0
-0
26.5797
-0
-0
-0
-0
0.711681
-0
-0
-0
-0
-0
-0
23.3399
-0
7.78484
-0
-0
-0
-0
-0
-0
-0
-0
-0
-0
-0
-0
-0
-0
-0
-0
-0
1.63753
20.3633
89.316
-0
-0
-0
54.4765
-0
-0
23.7177
11.0743
-0
-0
-0
-0
8.6031
9.07125
-0
-0
49.948
-0
-0
-0
-0
67.7142
18.0533
-0
-0
16.3807
-0
4.78061
5.02777
-0
-0
55.9832
-0
-0
-0
-0
-0
-0
-0
-0
-0
-0
-0
8.8644
-0
-0
47.5974
36.0056
-0
-0
-0
15.2437
1.2676
-0
-0
34.8444
-0
-0
-0
11.6902
-0
-0
7.49058
-0
-0
-0
-0
-0
-0
-0
-0
-0
-0
8.07198
-0
31.7573
23.8254
-0
-0
-0
-0
-0
-0
-0
5.20305
-0
-0
-0
21.4648
-0
-0
-0
-0
-0
-0
30.1409
-0
-0
-0
-0
-0
-0
-0
-0
9.76955
-0
58.258
-0
-0
-0
-0
-0
7.54393
54.8274
-0
-0
-0
-0
4.86942
-0
38.1238
-0
-0
-0
-0
-0
-0
24.0514
-0
26.6917
14.9904
47.6557
-0
-0
-0
-0
-0
-0
18.8053
28.4379
-0
-0
-0
-0
-0
-0
-0
-0
-0
-0
-0
-0
-0
-0
-0
-0
-0
-0
23.2939
-0
-0
-0
-0
-0
21.8287
-0
-0
-0
-0
-0
-0
-0
-0
37.1399
-0
-0
-0
-0
-0
-0
5.9723
13.6532
-0
-0
-0
-0
-0
-0
-0
-0
-0
-0
-0
-0
-0
-0
-0
-0
-0
-0
-0
-0
-0
-0
-0
-0
-0
-0
-0
41.0949
25.4596
67.5935
-0
-0
-0
21.5331
6.09053
-0
-0
-0
-0
-0
-0
-0
-0
-0
-0
-0
-0
-0
-0
-0
-0
-0
-0
-0
16.5299
14.3981
-0
-0
-0
-0
-0
-0
-0
-0
-0
-0
5.81694
-0
-0
11.0575
-0
10.0595
-0
13.0279
19.1741
-0
10.2045
-0
-0
-0
-0
-0
9.23458
-0
39.2207
-0
-0
47.4284
-0
-0
-0
-0
-0
-0
-0
-0
-0
35.798
20.1439
34.7529
19.3522
-0
-0
-0
18.1693
-0
-0
-0
0.806977
-0
-0
-0
4.92447
-0
-0
-0
10.392
-0
-0
-0
-0
-0
-0
-0
5.54191
-0
-0
-0
-0
-0
-0
-0
-0
-0
1.09837
-0
-0
-0
-0
2.08252
4.76374
38.0908
-0
-0
-0
-0
-0
-0
-0
25.766
-0
-0
-0
49.553
8.30258
-0
-0
-0
-0
-0
-0
-0
-0
-0
-0
16.2774
43.3088
25.2445
-0
-0
-0
-0
-0
-0
-0
-0
-0
-0
-0
-0
-0
-0
-0
-0
1.99664
-0
-0
20.6176
-0
-0
-0
-0
-0
-0
-0
-0
9.30419
-0
34.1794
2.29413
-0
-0
-0
-0
-0
-0
-0
-0
-0
-0
9.92595
-0
-0
-0
14.408
-0
-0
-0
-0
-0
-0
8.47553
-0
-0
-0
44.5826
-0
-0
-0
-0
-0
-0
27.2118
13.1305
38.9864
-0
31.0239
-0
-0
18.359
-0
-0
-0
-0
-0
74.123
-0
-0
-0
-0
-0
-0
-0
-0
51.3789
-0
-0
22.7345
22.239
-0
-0
-0
-0
-0
-0
-0
-0
2.77941
-0
-0
-0
-0
-0
-0
-0
-0
-0
-0
-0
-0
-0
1.19559
-0
1.35521
-0
7.50289
-0
-0
-0
-0
-0
-0
-0
-0
-0
11.6983
-0
12.9751
12.619
-0
-0
-0
26.617
1.40787
49.3951
-0
8.47708
24.1287
-0
-0
-0
-0
-0
4.79278
-0
8.81214
-0
-0
2.86419
-0
-0
49.0634
-0
-0
-0
16.1261
-0
71.0922
-0
-0
16.3112
-0
-0
-0
-0
-0
29.9539
-0
-0
7.37185
-0
-0
-0
-0
-0
-0
-0
-0
-0
-0
2.11365
-0
-0
-0
-0
-0
57.7616
-0
-0
-0
-0
-0
-0
43.4844
-0
-0
-0
-0
-0
-0
-0
18.3876
-0
-0
-0
-0
-0
-0
-0
-0
-0
-0
61.7945
-0
-0
-0
-0
-0
-0
-0
-0
-0
4.75089
-0
-0
-0
-0
28.9551
-0
-0
4.58131
-0
-0
-0
-0
-0
-0
-0
-0
-0
-0
-0
-0
-0
-0
-0
-0
-0
-0
-0
5.18442
-0
11.6836
-0
12.5512
-0
-0
-0
-0
-0
-0
-0
-0
-0
-0
-0
50.4296
-0
-0
-0
-0
-0
-0
-0
-0
-0
18.1987
0.708505
48.294
-0
-0
5.90469
-0
-0
-0
-0
-0
-0
3.26118
42.348
6.95121
-0
-0
-0
-0
-0
-0
-0
-0
-0
-0
67.4786
-0
-0
-0
10.5315
-0
-0
-0
9.87506
-0
-0
-0
-0
-0
-0
-0
-0
-0
-0
-0
-0
-0
-0
46.5884
-0
18.2519
-0
-0
0.454815
-0
-0
-0
-0
-0
-0
-0
-0
-0
-0
-0
-0
-0
-0
1.034
88.7966
-0
-0
-0
-0
-0
-0
-0
-0
-0
-0
-0
13.573
-0
-0
-0
20.384
-0
-0
-0
9.11183
3.27668
-0
17.1674
2.16867
-0
-0
-0
40.1872
-0
-0
-0
17.4309
-0
-0
44.4964
-0
-0
-0
-0
1.61303
-0
18.0339
0.441992
-0
-0
11.2847
3.54137
25.4925
-0
-0
7.57451
-0
12.1205
-0
30.0618
-0
37.7754
-0
25.8015
27.1514
-0
-0
4.06704
16.7613
-0
48.3682
-0
-0
-0
-0
-0
-0
-0
-0
-0
-0
-0
-0
17.7859
36.6798
-0
-0
-0
-0
-0
-0
4.70619
40.7325
1.82643
-0
4.86034
11.7538
-0
-0
-0
-0
4.44297
-0
-0
-0
-0
-0
-0
-0
-0
-0
-0
-0
-0
-0
-0
-0
-0
10.4972
-0
-0
11.5443
-0
-0
-0
13.8989
-0
-0
45.6047
-0
-0
8.85014
-0
52.7669
11.5155
-0
13.1123
-0
-0
-0
-0
-0
19.717
15.7599
-0
-0
15.6337
-0
-0
-0
18.2646
-0
-0
-0
31.1972
-0
-0
-0
-0
-0
-0
-0
-0
-0
-0
-0
44.5603
10.48
-0
-0
-0
-0
-0
-0
-0
-0
-0
60.735
-0
-0
6.97132
-0
-0
87.722
-0
40.9517
-0
-0
0.641073
-0
32.8585
-0
38.3792
-0
-0
-0
-0
-0
-0
-0
-0
-0
-0
21.941
-0
-0
-0
-0
-0
-0
-0
4.24777
-0
-0
-0
-0
-0
-0
22.4329
-0
-0
-0
-0
-0
-0
-0
-0
-0
-0
-0
-0
-0
-0
14.6926
-0
-0
-0
6.67657
-0
-0
-0
-0
26.8562
-0
-0
-0
-0
-0
-0
-0
-0
-0
12.2879
-0
9.93943
-0
3.24497
-0
-0
-0
-0
-0
-0
-0
-0
-0
-0
-0
-0
23.1323
-0
29.1925
9.84234
-0
-0
5.58882
-0
-0
-0
-0
-0
-0
-0
-0
-0
-0
-0
-0
6.79851
15.8292
-0
-0
-0
-0
-0
12.274
-0
-0
13.9853
-0
-0
0.163859
-0
-0
-0
-0
-0
9.37639
31.0832
-0
27.7342
-0
-0
-0
-0
-0
-0
-0
-0
-0
-0
-0
-0
-0
-0
-0
-0
-0
-0
-0
17.9026
-0
-0
-0
-0
-0
-0
-0
-0
9.97797
-0
11.7885
-0
25.5199
-0
-0
-0
34.8843
26.7723
-0
-0
-0
38.4655
-0
-0
21.4934
9.08506
-0
-0
-0
0.79415
-0
-0
-0
33.6403
-0
7.02671
-0
-0
-0
39.9978
-0
9.60109
-0
-0
-0
-0
-0
-0
-0
2.77083
-0
-0
32.6693
-0
-0
-0
-0
48.5917
-0
-0
-0
-0
-0
-0
-0
-0
13.2004
69.1309
-0
-0
-0
-0
27.7472
-0
-0
-0
10.0603
22.4011
-0
44.129
12.6113
9.76406
-0
-0
-0
-0
-0
1.12578
-0
-0
-0
-0
-0
5.99491
-0
-0
-0
-0
-0
-0
-0
-0
39.1699
-0
-0
-0
-0
57.863
-0
9.31529
-0
-0
-0
-0
14.3438
-0
-0
-0
-0
-0
-0
46.2439
-0
-0
52.9055
-0
-0
-0
-0
-0
9.28423
-0
-0
26.7175
-0
-0
-0
-0
-0
-0
-0
-0
-0
-0
-0
-0
-0
32.0953
-0
-0
-0
-0
-0
-0
-0
-0
48.2924
-0
-0
-0
-0
0.480367
25.717
-0
27.5254
-0
-0
-0
-0
-0
-0
-0
-0
-0
-0
-0
16.6256
-0
-0
-0
-0
-0
-0
-0
-0
-0
-0
-0
6.19245
-0
-0
-0
-0
-0
-0
-0
-0
-0
-0
-0
-0
-0
-0
-0
-0
-0
-0
2.81557
-0
-0
-0
-0
-0
-0
3.47305
8.27705
-0
-0
1.54672
15.7396
-0
-0
-0
-0
-0
45.9273
-0
1.75019
18.8275
-0
-0
-0
-0
-0
-0
-0
26.8689
-0
32.0342
-0
12.7779
-0
-0
-0
-0
-0
-0
-0
21.8765
-0
-0
-0
-0
-0
-0
-0
-0
-0
-0
-0
-0
-0
55.3328
-0
10.815
21.8506
33.674
-0
40.359
-0
0.842695
-0
-0
-0
41.6677
-0
20.0712
28.5605
-0
-0
-0
-0
20.9516
-0
-0
-0
-0
-0
64.7526
-0
-0
-0
24.1464
-0
11.5341
-0
-0
-0
-0
-0
-0
-0
-0
-0
-0
8.88627
45.067
12.6586
-0
-0
-0
-0
81.7304
23.7998
26.6953
-0
9.2396
-0
51.8266
-0
18.1546
-0
-0
13.5965
-0
-0
-0
-0
45.7481
-0
37.6354
0.820805
-0
-0
-0
-0
-0
-0
65.8585
-0
21.2868
-0
-0
-0
9.13025
6.50728
-0
-0
-0
-0
-0
-0
23.0101
6.64106
-0
44.6606
-0
-0
6.27216
-0
22.2236
6.48638
-0
5.04423
-0
-0
-0
6.52905
-0
-0
-0
-0
-0
-0
-0
-0
-0
-0
25.0477
0.373272
-0
-0
-0
-0
-0
-0
39.1997
-0
-0
-0
-0
-0
62.3317
-0
42.0505
4.48654
-0
-0
-0
-0
-0
-0
-0
-0
-0
-0
-0
-0
-0
-0
-0
4.44546
31.0996
-0
-0
-0
-0
-0
-0
61.963
-0
-0
-0
-0
-0
33.8109
-0
13.7298
-0
-0
-0
31.3053
-0
-0
-0
-0
-0
17.3131
-0
5.56718
-0
-0
-0
-0
-0
-0
10.0465
21.4073
7.59359
-0
-0
16.1068
-0
3.6223
-0
-0
-0
-0
8.52011
-0
-0
-0
1.4922
-0
-0
-0
-0
-0
-0
53.6127
-0
27.5256
-0
-0
-0
-0
16.1863
-0
-0
-0
27.0931
-0
34.1754
-0
-0
-0
-0
-0
-0
-0
-0
-0
17.4799
-0
-0
16.9454
-0
23.2685
15.6635
-0
-0
-0
-0
-0
-0
-0
-0
-0
-0
-0
24.7632
-0
-0
-0
-0
-0
6.73519
-0
57.7192
-0
-0
-0
-0
-0
-0
-0
-0
-0
11.2127
60.628
-0
-0
4.38328
20.0483
-0
-0
35.7117
-0
-0
-0
44.6649
-0
-0
-0
46.6818
-0
-0
-0
-0
-0
-0
-0
-0
-0
-0
49.0002
41.8456
-0
-0
-0
-0
-0
-0
-0
13.4074
35.0714
-0
-0
-0
2.4688
-0
-0
-0
-0
-0
-0
-0
4.99376
-0
12.0329
-0
-0
-0
21.6398
-0
-0
-0
-0
-0
26.5908
42.6911
35.8138
-0
-0
-0
-0
13.4851
-0
-0
-0
-0
-0
-0
-0
-0
-0
-0
-0
60.3997
-0
-0
-0
-0
-0
-0
8.32351
-0
-0
3.19825
15.6503
-0
1.44477
-0
-0
-0
-0
11.6218
10.4553
-0
-0
-0
-0
-0
-0
-0
-0
-0
-0
-0
32.8252
0.621385
-0
-0
24.2695
-0
-0
-0
-0
-0
-0
-0
2.9896
0.549986
28.6557
9.99165
0.432716
7.012
-0
47.2177
12.4721
-0
-0
-0
-0
-0
-0
-0
-0
36.8056
-0
-0
26.6674
-0
-0
-0
7.47612
-0
-0
63.1085
-0
72.363
-0
-0
-0
-0
-0
-0
-0
-0
-0
-0
-0
61.6133
-0
-0
-0
44.681
31.9363
13.6837
-0
-0
-0
-0
-0
-0
-0
-0
-0
-0
24.482
-0
13.2396
-0
39.0274
-0
-0
-0
-0
-0
14.7658
-0
-0
-0
-0
0.840608
11.8002
47.8236
-0
-0
-0
-0
-0
-0
-0
24.0232
-0
-0
-0
17.05
-0
-0
0.380998
52.3982
-0
-0
-0
-0
-0
-0
-0
27.7359
-0
-0
-0
20.3873
-0
-0
-0
-0
15.113
-0
-0
40.4646
-0
22.6494
-0
-0
-0
-0
3.94061
-0
-0
-0
-0
-0
-0
-0
-0
-0
24.3434
-0
-0
34.0939
-0
-0
-0
-0
-0
-0
-0
-0
-0
-0
-0
-0
-0
-0
-0
-0
-0
-0
45.5411
-0
-0
-0
-0
-0
-0
-0
-0
-0
-0
-0
-0
-0
72.3994
9.39674
14.1859
13.2132
-0
-0
-0
5.10761
-0
-0
-0
-0
-0
-0
-0
-0
20.8088
30.2469
-0
-0
-0
-0
-0
-0
-0
-0
-0
-0
-0
-0
-0
-0
-0
-0
17.4421
-0
-0
-0
34.939
-0
-0
-0
13.5312
-0
-0
-0
-0
92.0422
-0
-0
40.5411
-0
-0
-0
-0
-0
-0
-0
70.0599
-0
16.426
-0
-0
45.6331
-0
-0
117.862
22.9328
-0
3.47099
-0
-0
12.9425
21.0518
-0
-0
-0
-0
-0
-0
-0
6.01173
-0
-0
-0
-0
-0
-0
-0
19.4799
15.1549
-0
-0
-0
8.99699
-0
-0
-0
-0
-0
-0
-0
-0
-0
-0
-0
20.8709
-0
2.93332
-0
-0
-0
-0
8.41623
48.0372
-0
7.44526
-0
-0
-0
-0
21.0914
13.3022
-0
-0
-0
17.4362
-0
-0
-0
-0
30.1268
-0
-0
-0
-0
-0
-0
-0
-0
