4.15222
-0
-0
-0
-0
5.7048
-0
-0
16.6019
5.96439
39.3137
-0
-0
-0
-0
4.1361
-0
-0
17.7189
-0
-0
-0
-0
-0
5.92906
26.3265
-0
-0
-0
-0
-0
-0
-0
-0
5.05808
-0
-0
-0
-0
-0
-0
-0
-0
20.7503
-0
31.0071
-0
-0
-0
-0
-0
-0
-0
3.39122
-0
-0
-0
2.41562
11.3826
-0
-0
-0
23.1427
-0
19.7463
-0
-0
-0
0.529414
0.698645
-0
-0
-0
-0
-0
0.939888
-0
-0
-0
-0
-0
112.865
-0
-0
2.6361
-0
-0
71.5492
-0
-0
17.0682
-0
-0
-0
10.4773
-0
6.87265
-0
5.86329
-0
-0
-0
-0
-0
-0
-0
3.91757
-0
-0
-0
15.0696
-0
0.253824
-0
-0
-0
7.47128
-0
24.6819
43.6108
16.1752
-0
59.2264
24.485
11.693
-0
-0
0.699925
-0
-0
13.1619
-0
45.2872
-0
-0
-0
-0
-0
-0
-0
14.4677
-0
-0
-0
-0
-0
-0
-0
-0
-0
-0
-0
-0
0.584316
4.15008
-0
30.2481
-0
-0
2.37577
-0
-0
-0
-0
-0
-0
-0
-0
-0
63.6012
29.1544
2.51191
-0
-0
-0
-0
-0
-0
-0
15.5285
-0
-0
-0
-0
-0
14.1652
-0
-0
56.0011
-0
-0
65.4806
19.7679
40.9486
-0
-0
-0
-0
-0
-0
-0
-0
-0
-0
-0
-0
-0
-0
-0
-0
-0
-0
41.5574
-0
-0
-0
-0
-0
-0
-0
-0
-0
-0
-0
-0
-0
-0
-0
-0
-0
-0
16.3619
-0
-0
-0
-0
-0
-0
-0
-0
-0
-0
-0
-0
-0
-0
-0
-0
-0
-0
-0
-0
-0
-0
6.61358
-0
-0
2.63404
13.3194
-0
-0
20.2214
-0
-0
-0
-0
-0
-0
-0
-0
28.5878
9.77668
-0
28.3294
-0
-0
-0
-0
-0
-0
-0
2.08304
-0
5.21441
-0
-0
-0
32.7224
-0
-0
-0
5.48938
-0
-0
6.26693
-0
-0
-0
-0
6.61721
-0
-0
6.69988
-0
-0
26.7749
7.50704
-0
71.8715
-0
-0
-0
-0
-0
-0
2.24512
-0
-0
-0
-0
-0
-0
-0
38.6554
20.3246
-0
3.14995
-0
-0
-0
-0
-0
-0
-0
-0
-0
-0
-0
-0
25.1215
-0
-0
-0
15.2706
-0
-0
-0
-0
-0
-0
-0
-0
-0
-0
45.9528
-0
-0
-0
-0
-0
-0
-0
-0
37.8598
-0
2.05298
-0
-0
55.5065
-0
-0
-0
0.238173
2.6251
-0
-0
-0
-0
-0
-0
-0
-0
7.46739
-0
-0
9.32813
-0
-0
-0
-0
-0
-0
-0
-0
-0
-0
-0
0.486751
-0
7.92786
-0
-0
-0
-0
-0
-0
-0
6.18742
-0
-0
-0
-0
-0
-0
-0
11.0699
-0
-0
-0
-0
82.2161
-0
-0
-0
-0
27.0929
9.48063
9.50081
13.6888
40.0463
-0
19.0744
36.2831
-0
44.5433
-0
7.04105
-0
-0
-0
-0
17.7802
10.8248
-0
-0
-0
-0
-0
-0
-0
21.0136
65.2824
-0
-0
44.3901
-0
-0
4.33304
-0
-0
-0
-0
-0
-0
19.0085
-0
-0
-0
7.48017
-0
-0
-0
3.49975
-0
-0
-0
35.9692
-0
-0
-0
-0
-0
-0
-0
-0
-0
-0
-0
-0
24.6102
0.795432
-0
-0
-0
-0
-0
58.2472
-0
-0
10.0627
-0
-0
9.23557
9.69591
-0
-0
-0
-0
-0
-0
-0
-0
-0
10.8171
-0
-0
-0
-0
-0
-0
10.0943
-0
-0
4.93441
-0
-0
-0
-0
-0
-0
-0
-0
-0
-0
7.1211
30.7296
3.1375
0.338261
9.97927
-0
-0
-0
-0
-0
-0
-0
-0
-0
-0
8.26302
-0
-0
-0
-0
36.6459
-0
-0
-0
26.787
-0
-0
-0
28.0645
-0
-0
-0
-0
-0
-0
-0
-0
7.29191
-0
11.113
-0
-0
-0
-0
8.46424
-0
-0
-0
-0
28.5654
-0
-0
-0
-0
20.9614
51.7834
-0
-0
59.0964
-0
-0
-0
-0
30.9594
-0
5.39791
24.1742
-0
-0
-0
-0
-0
-0
0.744863
-0
36.2101
-0
-0
3.39172
-0
-0
-0
12.3004
-0
-0
-0
-0
-0
-0
-0
-0
-0
-0
-0
-0
-0
-0
-0
-0
-0
-0
-0
4.83754
-0
6.6504
-0
-0
-0
-0
-0
-0
-0
-0
-0
27.272
-0
-0
-0
-0
-0
-0
-0
-0
-0
-0
-0
-0
-0
26.6233
11.4189
-0
13.1307
-0
-0
-0
-0
23.8783
-0
-0
-0
-0
-0
-0
-0
0.20368
-0
-0
-0
-0
-0
-0
8.60572
-0
-0
-0
-0
-0
-0
-0
-0
-0
-0
-0
-0
-0
-0
11.9178
-0
-0
-0
1.59011
-0
-0
-0
-0
-0
-0
18.9233
-0
-0
-0
-0
15.8033
-0
1.73524
-0
-0
6.6135
-0
-0
4.97704
-0
-0
-0
-0
-0
18.4647
23.5802
-0
47.3072
24.6985
-0
-0
1.74639
-0
-0
-0
-0
-0
-0
-0
48.5891
-0
-0
-0
3.87398
9.81205
-0
-0
-0
-0
-0
-0
-0
78.542
-0
-0
-0
-0
-0
-0
3.15086
23.8252
-0
-0
-0
-0
-0
-0
5.49951
-0
-0
-0
-0
-0
20.7028
8.56497
-0
-0
-0
-0
-0
41.4377
77.8714
-0
2.35664
-0
-0
-0
-0
-0
-0
3.62663
-0
37.3029
-0
31.8738
-0
-0
-0
-0
-0
-0
-0
-0
-0
-0
-0
-0
-0
-0
0.536516
-0
-0
-0
44.567
-0
-0
24.7773
-0
-0
-0
-0
8.9788
-0
-0
29.5742
-0
-0
6.7779
-0
-0
23.3793
-0
-0
-0
9.04204
-0
-0
-0
-0
9.11675
18.2926
-0
-0
-0
-0
-0
64.0078
-0
-0
-0
-0
26.2165
-0
-0
-0
-0
-0
-0
12.8497
-0
-0
-0
-0
-0
-0
-0
-0
30.5238
-0
42.6264
-0
-0
-0
-0
-0
-0
-0
-0
-0
-0
27.4432
-0
0.684357
51.5717
-0
-0
-0
-0
-0
-0
29.8331
-0
-0
34.2233
5.09836
5.17883
-0
-0
-0
-0
-0
-0
-0
-0
7.21907
61.7068
-0
-0
-0
-0
-0
46.4753
-0
4.16203
-0
-0
-0
-0
17.9914
-0
-0
-0
-0
-0
-0
-0
-0
58.6289
-0
-0
-0
-0
-0
1.77347
22.0888
-0
-0
6.12465
4.27625
-0
21.4245
-0
-0
-0
-0
-0
-0
-0
-0
51.0369
-0
1.41547
-0
-0
-0
-0
-0
-0
-0
-0
-0
-0
-0
-0
-0
23.0579
-0
5.83161
-0
-0
-0
22.507
1.47449
-0
-0
-0
-0
-0
-0
-0
-0
-0
-0
-0
-0
-0
-0
-0
-0
8.64218
35.8047
-0
-0
5.06468
-0
-0
-0
-0
-0
26.284
-0
34.8317
-0
-0
-0
-0
-0
-0
0.931209
20.3642
-0
-0
-0
4.66357
-0
-0
-0
-0
27.2017
-0
-0
-0
-0
-0
-0
-0
-0
-0
-0
-0
-0
-0
12.3941
-0
-0
-0
-0
-0
30.3435
-0
-0
-0
-0
-0
16.0273
-0
3.00161
-0
-0
-0
-0
-0
-0
-0
-0
-0
52.2589
-0
-0
69.4032
-0
-0
-0
-0
-0
-0
-0
1.7102
-0
20.3329
-0
-0
-0
-0
-0
-0
-0
-0
-0
-0
-0
16.8079
28.3076
15.6491
14.1454
-0
13.2497
-0
-0
27.0787
-0
6.11846
-0
-0
-0
-0
21.7731
-0
-0
-0
-0
-0
-0
-0
-0
4.29995
-0
13.652
-0
-0
-0
-0
49.3173
9.69009
-0
-0
-0
33.0846
23.3804
-0
-0
-0
-0
13.3379
-0
-0
14.4466
4.70876
-0
-0
-0
-0
-0
-0
-0
-0
-0
-0
20.3455
16.3033
-0
-0
-0
28.5176
-0
-0
-0
-0
-0
-0
-0
-0
29.6016
-0
-0
28.1066
-0
-0
-0
28.5817
2.02716
-0
-0
-0
-0
-0
-0
-0
-0
-0
-0
-0
-0
-0
-0
3.02518
49.6147
38.2454
5.76144
-0
14.1885
-0
12.4841
-0
-0
-0
-0
-0
-0
-0
5.67128
27.8136
-0
-0
-0
-0
-0
-0
-0
-0
-0
24.1685
-0
-0
-0
-0
-0
-0
-0
-0
-0
-0
-0
-0
38.2017
-0
-0
-0
-0
25.7725
-0
-0
3.3099
-0
-0
29.3998
-0
-0
-0
-0
-0
-0
-0
-0
-0
-0
-0
3.11823
-0
-0
-0
-0
-0
51.0841
-0
-0
-0
-0
-0
-0
-0
-0
4.48251
-0
24.697
-0
-0
-0
-0
3.3169
-0
-0
-0
7.83875
9.44988
-0
-0
-0
-0
-0
-0
-0
18.153
-0
-0
14.8612
-0
-0
-0
-0
-0
22.4039
-0
-0
-0
0.103296
-0
0.942156
-0
50.4068
22.314
-0
89.724
-0
4.12234
-0
-0
-0
57.1976
-0
-0
38.7333
-0
7.55921
63.3851
-0
-0
-0
-0
3.3372
-0
-0
-0
-0
-0
-0
42.9736
-0
9.79354
-0
-0
-0
53.4828
8.67677
-0
44.5277
2.31138
-0
3.72863
-0
-0
-0
-0
-0
-0
0.425704
-0
-0
39.5209
-0
-0
-0
-0
-0
-0
4.84948
-0
-0
-0
-0
-0
-0
-0
-0
-0
-0
-0
-0
-0
-0
-0
-0
13.5812
-0
-0
17.9653
-0
-0
-0
-0
-0
-0
-0
-0
-0
-0
-0
-0
27.9407
-0
-0
-0
-0
-0
-0
-0
-0
-0
42.8702
-0
-0
29.336
27.0384
65.5497
-0
26.2578
-0
-0
-0
-0
-0
-0
-0
-0
-0
-0
6.66795
-0
-0
25.282
-0
25.6346
-0
-0
20.2713
-0
-0
-0
-0
-0
-0
-0
-0
-0
-0
-0
-0
18.6257
24.9397
20.3136
-0
-0
-0
-0
-0
-0
-0
-0
-0
-0
-0
-0
-0
-0
-0
-0
-0
-0
16.5002
-0
-0
-0
-0
-0
-0
-0
-0
-0
13.451
-0
-0
-0
-0
-0
-0
-0
-0
-0
-0
-0
-0
-0
-0
-0
-0
-0
-0
-0
-0
-0
-0
-0
-0
11.9462
9.06238
-0
-0
18.4121
21.6695
10.2028
-0
-0
-0
-0
-0
-0
-0
-0
-0
-0
-0
-0
-0
-0
2.04756
-0
-0
-0
-0
-0
-0
-0
32.2403
-0
-0
-0
-0
-0
-0
-0
-0
-0
-0
-0
17.953
41.361
-0
3.47779
44.2727
-0
-0
0.151175
-0
-0
-0
-0
34.5736
27.4706
-0
-0
-0
-0
-0
-0
-0
31.3955
-0
-0
-0
-0
-0
-0
-0
-0
-0
-0
-0
-0
-0
-0
-0
-0
-0
-0
17.2859
-0
-0
-0
8.53582
-0
-0
-0
-0
-0
-0
-0
-0
7.5673
-0
-0
-0
25.5691
-0
2.96296
-0
54.3082
-0
-0
-0
-0
49.543
-0
10.3706
-0
-0
-0
49.6759
-0
26.4299
-0
-0
-0
-0
40.3927
-0
-0
-0
-0
-0
-0
6.12213
-0
-0
32.5827
-0
-0
7.88969
-0
-0
-0
-0
-0
-0
-0
-0
44.5693
4.16567
-0
-0
21.5851
-0
-0
-0
-0
-0
-0
-0
-0
-0
-0
-0
62.2255
-0
-0
12.9596
-0
-0
39.7273
-0
-0
-0
19.0054
-0
-0
-0
-0
-0
-0
17.3759
12.8355
7.08922
60.4584
18.448
-0
0.587277
-0
10.2637
-0
-0
-0
5.12413
-0
33.2579
-0
-0
-0
-0
-0
-0
-0
36.5397
-0
-0
-0
-0
-0
2.37922
-0
-0
-0
-0
23.613
-0
-0
-0
-0
-0
16.6476
18.2764
3.80549
-0
-0
-0
-0
-0
-0
-0
-0
-0
-0
42.0862
-0
18.9139
-0
-0
-0
-0
-0
-0
-0
-0
-0
-0
-0
-0
-0
-0
-0
-0
4.06831
-0
25.2116
-0
-0
18.0991
-0
3.26236
-0
37.9063
-0
-0
21.8066
1.5207
-0
-0
-0
-0
-0
-0
-0
-0
6.58747
23.1892
-0
-0
-0
-0
11.0132
-0
-0
-0
9.19739
-0
-0
-0
-0
-0
-0
-0
-0
-0
11.1018
-0
-0
-0
15.2096
21.3434
-0
-0
-0
-0
-0
-0
-0
-0
-0
4.93405
-0
-0
12.312
-0
2.14844
3.39124
-0
-0
34.7868
-0
-0
-0
-0
-0
-0
-0
-0
-0
-0
-0
-0
-0
-0
-0
-0
-0
-0
-0
-0
-0
-0
-0
-0
-0
2.23806
-0
31.6041
-0
-0
-0
-0
-0
-0
-0
-0
-0
-0
-0
-0
21.4594
-0
-0
-0
-0
-0
-0
-0
-0
-0
-0
-0
-0
-0
-0
29.9091
-0
-0
7.43893
-0
-0
-0
-0
-0
-0
1.7336
-0
-0
26.9131
-0
13.6393
11.8713
23.2717
-0
-0
-0
-0
-0
-0
-0
-0
-0
-0
-0
101.241
-0
-0
-0
-0
-0
-0
-0
-0
27.0746
22.0419
-0
-0
-0
18.8775
-0
-0
58.9292
-0
-0
-0
45.8528
5.85948
-0
-0
-0
-0
-0
-0
-0
-0
54.8301
-0
25.8722
-0
48.3253
-0
-0
82.6687
19.1322
11.2177
-0
31.8558
-0
-0
-0
-0
-0
-0
-0
-0
-0
-0
-0
-0
-0
-0
-0
7.4529
-0
-0
-0
-0
-0
-0
-0
-0
-0
-0
-0
-0
-0
-0
14.4883
-0
-0
-0
1.54188
2.9006
-0
-0
-0
54.4852
-0
-0
12.5355
0.0164239
-0
-0
-0
-0
7.52131
-0
-0
-0
-0
25.7003
46.7415
-0
25.2919
29.8685
-0
-0
-0
-0
-0
-0
17.0624
-0
-0
-0
35.5801
6.01441
-0
-0
-0
-0
0.983459
-0
65.6588
-0
3.20384
-0
-0
0.193921
-0
-0
-0
16.3541
-0
34.3597
-0
-0
32.6242
-0
-0
-0
-0
-0
-0
-0
44.1444
-0
7.92513
-0
62.1054
-0
-0
34.2936
-0
-0
-0
7.2331
-0
-0
-0
15.5624
-0
-0
7.97735
18.0143
-0
-0
-0
-0
-0
14.4996
-0
-0
-0
12.6017
-0
-0
11.4915
-0
-0
-0
-0
2.71275
-0
-0
2.60572
-0
36.2405
23.01
-0
-0
0.791399
-0
-0
-0
-0
-0
-0
-0
-0
3.86165
-0
-0
-0
-0
33.3729
-0
-0
-0
13.0347
-0
-0
9.15834
-0
11.593
-0
-0
-0
-0
-0
-0
-0
-0
-0
-0
-0
-0
8.96454
-0
-0
-0
-0
16.5795
27.5117
79.4568
-0
-0
-0
31.1754
-0
-0
-0
15.8098
-0
0.962917
-0
-0
13.0392
10.8775
-0
-0
20.9617
-0
17.1776
-0
-0
15.1772
4.42581
-0
1.38014
19.474
-0
-0
-0
-0
-0
-0
-0
-0
-0
-0
-0
-0
-0
-0
-0
-0
-0
-0
16.7433
-0
54.9309
-0
-0
-0
-0
-0
1.75566
13.2478
-0
-0
-0
-0
-0
-0
-0
-0
18.4141
7.20688
-0
-0
-0
-0
-0
-0
-0
-0
-0
0.54694
-0
12.4813
15.4957
-0
15.5653
-0
-0
-0
-0
-0
3.34296
-0
-0
-0
22.751
-0
-0
-0
-0
-0
-0
26.8551
-0
-0
-0
-0
-0
-0
-0
-0
34.8791
-0
27.9521
-0
14.9629
-0
-0
-0
-0
35.9423
-0
-0
-0
-0
-0
-0
14.475
-0
-0
-0
-0
-0
-0
39.1658
-0
14.2827
6.41903
41.9451
-0
-0
-0
-0
-0
-0
29.8133
5.41181
-0
11.1207
-0
-0
-0
-0
-0
-0
-0
-0
-0
-0
-0
-0
-0
-0
-0
-0
-0
-0
-0
-0
-0
-0
35.9984
-0
-0
-0
-0
-0
-0
-0
-0
23.9597
-0
-0
-0
-0
-0
-0
5.87946
6.99203
-0
-0
-0
-0
-0
-0
-0
-0
7.788
-0
25.1161
-0
-0
1.87006
-0
-0
0.100093
-0
-0
-0
-0
-0
-0
-0
-0
-0
-0
29.5369
36.1496
69.3484
-0
-0
-0
14.6014
11.7091
-0
-0
-0
-0
-0
-0
-0
-0
-0
-0
-0
-0
-0
-0
-0
-0
-0
-0
-0
21.3012
9.90781
-0
-0
-0
-0
-0
-0
-0
-0
-0
-0
2.37853
-0
-0
-0
-0
-0
-0
-0
-0
-0
25.8427
-0
-0
-0
-0
-0
-0
6.77302
51.9918
-0
-0
22.6046
0.267406
25.6964
-0
-0
-0
-0
-0
-0
13.2461
12.7437
43.8544
20.7895
-0
-0
-0
-0
2.41925
-0
-0
-0
11.1271
-0
-0
-0
5.75561
-0
-0
-0
9.54739
-0
-0
-0
-0
-0
-0
-0
26.5229
-0
-0
-0
-0
-0
-0
-0
-0
5.43106
-0
-0
-0
-0
-0
15.451
14.3513
7.84424
-0
-0
-0
-0
-0
-0
12.2193
48.4774
-0
-0
-0
24.3628
-0
-0
-0
-0
-0
-0
-0
-0
-0
-0
-0
12.4418
64.9615
34.3548
-0
-0
-0
-0
-0
-0
1.56931
-0
-0
-0
-0
-0
-0
-0
-0
-0
2.85279
-0
-0
19.3438
-0
-0
-0
-0
-0
-0
-0
-0
-0
-0
-0
21.0878
-0
0.818149
-0
-0
-0
-0
-0
-0
-0
-0
-0
-0
-0
-0
4.18719
-0
-0
-0
-0
-0
-0
8.72553
-0
-0
-0
8.68918
-0
-0
-0
-0
-0
-0
9.89557
43.2756
34.6396
-0
37.9532
-0
-0
7.58286
-0
-0
-0
-0
-0
36.7413
-0
-0
-0
-0
-0
-0
-0
-0
50.6702
-0
-0
17.3286
12.0131
-0
-0
-0
-0
11.878
-0
-0
-0
0.794337
-0
-0
-0
-0
-0
-0
-0
-0
-0
-0
-0
-0
-0
23.372
-0
-0
-0
17.6813
-0
-0
-0
-0
1.51262
-0
-0
-0
-0
17.449
-0
33.593
-0
-0
-0
-0
19.3919
26.0167
61.7377
-0
6.89856
29.7619
-0
-0
-0
-0
-0
5.91544
-0
19.4848
-0
-0
4.6836
-0
-0
33.7518
-0
-0
-0
7.23631
-0
48.6548
-0
-0
16.5809
-0
-0
-0
-0
-0
25.1765
-0
-0
-0
-0
-0
-0
-0
-0
-0
-0
1.3498
-0
-0
6.63701
-0
-0
-0
5.71918
-0
28.666
-0
-0
17.4271
-0
-0
-0
56.2663
-0
-0
-0
-0
-0
-0
-0
28.0543
-0
-0
-0
-0
-0
-0
-0
-0
-0
-0
52.3142
-0
-0
-0
-0
-0
-0
-0
-0
-0
12.0546
-0
-0
-0
-0
20.9302
-0
-0
6.40969
-0
-0
14.7567
-0
20.9793
-0
-0
-0
-0
23.9838
-0
-0
-0
-0
-0
-0
-0
0.00884092
-0
-0
3.02823
1.33858
-0
-0
-0
-0
-0
-0
-0
-0
-0
-0
-0
-0
-0
45.533
-0
-0
-0
2.51866
-0
-0
-0
-0
-0
-0
2.24731
9.47297
-0
-0
-0
37.3284
9.1521
-0
-0
-0
-0
9.22578
15.2328
34.3012
-0
-0
-0
20.0006
-0
-0
-0
-0
-0
-0
47.5266
-0
-0
-0
1.34351
-0
-0
7.364
5.67132
32.2042
-0
-0
-0
-0
-0
-0
-0
17.3543
-0
-0
-0
-0
-0
25.5679
-0
11.7952
-0
-0
-0
21.4895
0.352389
-0
-0
-0
-0
-0
-0
-0
-0
-0
-0
-0
-0
-0
92.2293
-0
-0
-0
-0
-0
-0
-0
-0
-0
-0
-0
6.50377
-0
-0
-0
14.0851
-0
-0
-0
8.04494
5.35866
-0
26.5695
21.4184
-0
-0
-0
11.7972
-0
-0
-0
20.4888
-0
-0
39.4004
-0
-0
-0
-0
-0
-0
25.3296
-0
-0
-0
-0
3.37559
10.0868
-0
-0
16.2789
-0
-0
-0
34.229
-0
10.9411
-0
44.8526
24.4429
-0
-0
22.9045
35.233
-0
48.6132
-0
1.31805
-0
-0
-0
-0
-0
7.3058
-0
-0
-0
-0
-0
32.118
-0
5.82301
-0
27.3729
-0
-0
-0
17.392
2.15751
-0
35.7939
12.5619
-0
-0
-0
-0
-0
-0
-0
-0
-0
-0
-0
-0
23.1296
-0
-0
-0
-0
-0
-0
-0
-0
36.6174
-0
-0
-0
-0
-0
-0
-0
-0
-0
5.54532
-0
8.46497
-0
-0
39.7786
16.4674
-0
-0
-0
-0
-0
-0
-0
-0
25.593
-0
-0
23.8376
-0
-0
-0
11.5024
-0
-0
-0
-0
-0
-0
-0
-0
-0
-0
-0
-0
-0
12.8504
-0
51.6173
21.5294
-0
-0
-0
-0
-0
-0
-0
-0
-0
48.6853
-0
-0
48.6054
-0
-0
88.3394
-0
20.8058
-0
-0
-0
-0
44.9022
-0
63.0232
-0
-0
-0
-0
-0
-0
-0
-0
-0
-0
57.0566
7.07171
-0
-0
-0
-0
-0
-0
-0
-0
-0
-0
-0
-0
-0
-0
-0
-0
-0
6.64227
-0
-0
-0
-0
-0
-0
-0
-0
-0
-0
10.7113
-0
-0
-0
-0
-0
-0
-0
-0
17.5187
-0
-0
-0
-0
-0
-0
-0
-0
-0
15.3553
-0
0.833247
-0
-0
-0
-0
7.20639
-0
-0
-0
-0
-0
-0
-0
-0
-0
13.9545
-0
42.1715
-0
-0
-0
26.866
19.3831
-0
-0
-0
-0
-0
-0
-0
-0
-0
-0
-0
10.0523
26.7619
-0
-0
-0
3.85329
-0
19.5673
-0
-0
-0
-0
-0
0.491396
-0
-0
-0
9.32397
-0
19.034
47.9324
-0
25.9078
-0
-0
-0
-0
-0
-0
-0
-0
-0
-0
-0
6.3797
-0
2.37393
-0
28.7146
-0
-0
-0
-0
-0
-0
-0
-0
-0
-0
-0
-0
13.6474
-0
17.0101
-0
14.4719
-0
-0
-0
23.88
42.0287
-0
-0
-0
21.1812
-0
-0
-0
12.8876
-0
-0
-0
0.846808
-0
-0
-0
-0
-0
-0
-0
-0
-0
37.8888
-0
-0
-0
-0
-0
-0
-0
-0
-0
-0
-0
-0
39.3557
-0
16.5419
-0
-0
32.5
-0
21.9176
-0
-0
-0
-0
-0
-0
-0
16.2638
-0
-0
-0
-0
17.122
-0
-0
-0
-0
32.5414
-0
6.85912
35.4439
14.3222
-0
-0
16.4022
-0
-0
0.56871
-0
-0
-0
-0
-0
1.76586
-0
-0
-0
-0
-0
-0
-0
-0
54.9686
-0
-0
-0
-0
34.0555
-0
8.70861
-0
-0
-0
-0
23.1779
-0
-0
-0
-0
-0
-0
48.6652
-0
-0
47.6252
13.9829
-0
-0
-0
-0
30.9677
-0
-0
29.9421
-0
-0
-0
-0
-0
-0
-0
-0
-0
-0
-0
-0
-0
45.7776
-0
-0
-0
-0
-0
-0
-0
-0
12.1733
-0
-0
6.82751
-0
-0
3.03098
-0
8.74515
-0
25.2174
-0
-0
-0
-0
-0
-0
-0
-0
-0
8.56005
-0
26.5968
-0
-0
-0
-0
-0
-0
-0
-0
-0
5.24099
-0
-0
0.372264
-0
-0
4.2002
-0
14.1152
-0
-0
-0
-0
-0
-0
-0
-0
-0
-0
33.068
-0
-0
-0
-0
-0
-0
11.5345
27.9094
-0
-0
5.88912
47.6984
5.71172
12.0868
-0
-0
-0
57.2789
-0
-0
27.8418
26.9709
-0
-0
-0
-0
-0
1.15757
6.66502
12.9951
19.1332
-0
21.3467
-0
-0
-0
-0
-0
-0
-0
19.9572
-0
-0
-0
-0
-0
-0
-0
-0
-0
-0
15.757
-0
-0
59.5383
-0
-0
8.92266
12.4575
-0
-0
-0
10.0242
-0
-0
-0
52.2123
-0
16.6463
9.64311
-0
-0
-0
-0
22.9153
-0
3.36738
-0
-0
2.44822
49.0848
-0
-0
-0
14.7272
-0
17.1807
-0
-0
-0
-0
-0
-0
-0
-0
-0
-0
20.1348
34.0517
27.3841
-0
-0
-0
-0
49.3978
9.44204
39.2852
-0
-0
-0
22.6901
-0
9.05085
-0
-0
-0
31.8118
-0
-0
-0
39.8084
-0
34.6714
1.07712
8.39719
-0
-0
-0
-0
-0
61.2385
-0
14.0216
-0
-0
-0
-0
0.216209
-0
-0
-0
-0
-0
-0
28.3925
21.8209
-0
50.987
-0
14.3961
6.02254
-0
3.89611
-0
4.26943
2.08187
-0
-0
-0
-0
-0
-0
-0
43.711
-0
-0
-0
-0
-0
-0
35.0208
-0
-0
-0
-0
-0
-0
-0
35.3524
-0
-0
-0
-0
-0
27.716
-0
44.9291
14.3781
-0
1.07908
-0
-0
-0
-0
-0
-0
-0
-0
-0
-0
-0
-0
-0
8.72337
16.4348
-0
-0
-0
-0
13.8846
-0
46.3934
-0
-0
-0
20.2388
7.64469
12.4919
-0
10.6569
-0
-0
-0
12.5233
-0
-0
-0
-0
-0
12.3918
-0
9.96636
-0
-0
-0
-0
-0
-0
16.3781
20.3312
44.5469
-0
-0
29.9588
-0
20.3976
-0
-0
-0
-0
6.34693
-0
-0
-0
3.13054
-0
-0
-0
-0
-0
-0
54.6342
-0
17.9871
5.54373
-0
-0
-0
23.1807
12.9705
-0
-0
22.0998
-0
48.1428
-0
-0
-0
-0
-0
-0
-0
-0
-0
1.45018
-0
-0
8.75231
-0
39.0395
8.13823
-0
-0
-0
-0
5.04624
-0
-0
-0
-0
-0
-0
-0
5.99508
-0
-0
-0
-0
0.91147
-0
19.4889
-0
-0
-0
-0
-0
-0
1.69512
8.82196
-0
11.514
47.8468
-0
-0
-0
22.8964
-0
-0
-0
-0
-0
-0
55.7146
-0
-0
18.8398
55.6607
-0
-0
-0
-0
-0
-0
-0
-0
-0
12.265
12.9614
10.281
-0
-0
-0
-0
-0
-0
-0
23.3531
26.0416
-0
-0
-0
45.2527
-0
-0
-0
-0
-0
-0
-0
30.1308
-0
12.9854
-0
-0
-0
8.10711
6.8794
-0
-0
-0
-0
32.5756
28.9208
51.2957
-0
-0
-0
-0
3.7329
-0
-0
-0
-0
-0
-0
-0
-0
-0
-0
-0
64.0148
-0
-0
-0
-0
-0
-0
-0
5.96554
-0
-0
1.10703
-0
6.18529
-0
-0
-0
13.9391
18.2299
-0
-0
0.514668
-0
-0
-0
-0
-0
-0
-0
-0
-0
19.0761
-0
-0
-0
8.96445
-0
-0
-0
-0
-0
-0
-0
-0
9.10931
6.51808
19.3772
-0
10.0543
-0
15.9137
-0
4.27179
-0
-0
-0
-0
-0
-0
-0
73.6047
-0
-0
35.3567
-0
-0
-0
12.5952
-0
11.6279
71.5427
-0
38.0089
-0
-0
-0
-0
-0
4.86118
12.6431
-0
-0
-0
-0
42.9802
-0
-0
-0
10.0292
34.0307
12.2836
-0
-0
-0
-0
-0
-0
-0
-0
-0
-0
24.073
-0
8.8909
0.455632
29.3028
-0
-0
-0
-0
-0
20.235
-0
-0
-0
-0
36.2704
16.7206
47.6703
-0
4.97899
-0
-0
-0
-0
-0
20.7399
-0
-0
-0
20.4937
-0
-0
0.212094
52.9333
-0
-0
-0
-0
-0
5.97346
-0
17.7698
-0
-0
-0
26.1664
-0
-0
-0
-0
14.1172
-0
-0
47.5255
-0
8.75657
-0
3.2689
8.8172
1.42087
-0
-0
-0
-0
-0
-0
-0
-0
-0
-0
29.73
-0
-0
29.5608
-0
-0
-0
-0
-0
-0
0.966513
-0
-0
-0
-0
-0
-0
-0
-0
-0
-0
-0
55.7233
-0
-0
-0
-0
-0
-0
-0
-0
-0
-0
-0
-0
-0
55.0106
6.8525
3.54995
17.7051
-0
-0
-0
16.6361
-0
-0
-0
1.19088
-0
-0
-0
-0
-0
16.69
5.10568
-0
3.37404
-0
-0
-0
-0
-0
-0
-0
-0
-0
-0
-0
-0
-0
-0
-0
-0
-0
19.7515
-0
-0
-0
3.29266
-0
-0
-0
-0
82.6185
-0
-0
12.8636
-0
-0
16.0816
6.05894
-0
-0
-0
66.9622
14.5464
34.9279
-0
-0
43.8887
-0
-0
94.1564
21.9181
-0
4.44877
-0
-0
9.7002
16.5373
-0
-0
-0
-0
-0
-0
-0
5.74203
9.32453
-0
-0
-0
-0
-0
-0
26.4245
9.57777
-0
-0
-0
34.1581
-0
-0
-0
-0
-0
-0
-0
-0
-0
-0
-0
23.1444
-0
-0
-0
-0
-0
-0
28.555
73.2167
-0
-0
-0
-0
-0
-0
-0
6.22962
-0
11.8674
-0
15.3028
-0
-0
-0
-0
48.1519
-0
-0
-0
-0
-0
-0
-0
-0
