3.53156
-0
-0
-0
-0
11.082
-0
-0
20.4363
-0
46.2336
-0
-0
-0
-0
5.50799
-0
-0
8.62957
-0
-0
-0
-0
-0
2.23335
26.7218
-0
-0
-0
-0
-0
-0
-0
-0
6.35438
-0
-0
-0
-0
-0
-0
-0
-0
17.4413
-0
34.0066
-0
1.9617
-0
-0
-0
-0
-0
-0
-0
1.46561
-0
2.15759
5.95274
-0
-0
-0
21.1122
-0
13.6253
-0
-0
-0
-0
0.668704
-0
-0
-0
-0
-0
1.09848
-0
-0
-0
-0
-0
107.873
10.0469
-0
5.08164
-0
-0
63.3394
-0
-0
10.235
-0
-0
-0
7.26626
-0
7.03746
-0
3.94359
-0
-0
-0
-0
-0
-0
-0
1.96401
0.333059
-0
-0
8.41034
-0
0.155902
-0
-0
-0
0.942927
-0
20.3686
38.5956
15.9339
-0
56.0956
25.5795
13.1314
-0
-0
2.59293
-0
-0
13.7365
-0
41.8342
-0
-0
-0
-0
-0
-0
-0
13.7411
-0
-0
-0
-0
-0
-0
-0
-0
-0
-0
-0
-0
-0
-0
-0
28.9056
-0
-0
2.05403
-0
-0
-0
-0
-0
-0
-0
-0
-0
55.8407
26.5894
2.97936
-0
-0
-0
-0
-0
-0
-0
18.327
-0
-0
-0
-0
-0
9.20114
-0
-0
60.1917
-0
-0
59.4163
16.5483
43.2173
-0
-0
-0
-0
-0
-0
-0
-0
-0
-0
-0
-0
-0
-0
-0
-0
-0
-0
48.9254
-0
-0
-0
-0
-0
-0
-0
-0
-0
-0
-0
-0
-0
-0
-0
-0
-0
-0
13.6377
-0
-0
-0
-0
-0
-0
-0
-0
-0
-0
-0
-0
-0
-0
5.47664
-0
-0
-0
-0
-0
-0
-0
7.76842
-0
-0
6.97167
7.68765
-0
-0
13.4251
-0
-0
-0
-0
-0
-0
-0
-0
28.9501
4.11694
-0
29.4226
-0
-0
-0
-0
-0
-0
-0
2.86252
-0
-0
-0
-0
-0
28.4151
-0
-0
-0
-0
-0
-0
9.45926
-0
-0
-0
-0
15.1449
-0
-0
5.35378
-0
-0
23.851
1.98189
-0
81.034
-0
-0
-0
-0
-0
-0
2.27836
-0
-0
-0
-0
-0
-0
-0
38.0779
17.1598
-0
10.365
-0
-0
-0
-0
-0
-0
-0
-0
-0
-0
-0
-0
25.95
-0
-0
-0
22.0358
-0
-0
-0
-0
4.39258
-0
-0
-0
-0
-0
51.8049
-0
-0
-0
-0
-0
-0
-0
-0
37.1237
-0
2.07188
-0
-0
49.3202
-0
-0
-0
0.103842
3.83713
-0
-0
-0
-0
-0
-0
-0
-0
9.0629
-0
-0
3.84661
-0
-0
-0
-0
-0
-0
-0
-0
-0
-0
-0
-0
-0
6.30794
-0
-0
-0
-0
-0
-0
-0
10.3915
-0
-0
-0
-0
-0
-0
-0
14.7058
-0
-0
-0
-0
78.6576
-0
-0
-0
-0
7.53354
2.52081
10.5973
21.0137
40.2867
-0
20.041
39.5654
-0
49.3477
-0
8.29226
-0
-0
-0
-0
17.8963
14.8578
-0
-0
-0
-0
-0
-0
-0
22.4397
58.9391
-0
-0
44.5135
-0
-0
4.34212
-0
-0
-0
-0
-0
-0
17.5156
-0
5.95443
-0
3.68206
-0
-0
-0
-0
-0
-0
-0
30.056
-0
-0
-0
-0
-0
-0
-0
-0
-0
-0
-0
-0
21.5646
7.21028
-0
-0
-0
-0
-0
58.5866
-0
-0
15.6077
-0
-0
13.0792
3.1347
-0
-0
-0
-0
-0
-0
-0
-0
-0
13.3175
-0
1.18169
-0
-0
-0
-0
5.20996
-0
-0
-0
-0
-0
-0
-0
-0
3.79771
-0
-0
-0
-0
10.7345
25.2913
1.16478
-0
9.62474
-0
-0
-0
-0
-0
-0
-0
-0
-0
-0
8.28515
-0
-0
-0
-0
42.528
-0
-0
-0
21.4261
-0
-0
-0
29.6929
-0
-0
-0
-0
-0
-0
-0
-0
13.5132
-0
12.0541
-0
-0
-0
-0
16.5999
-0
-0
-0
-0
26.5088
-0
-0
-0
-0
22.535
50.7919
-0
-0
51.6515
-0
-0
-0
-0
41.6321
-0
0.384778
21.014
-0
-0
-0
-0
-0
-0
9.32441
-0
30.2743
-0
-0
0.83994
-0
-0
-0
15.7627
-0
-0
-0
-0
-0
-0
-0
-0
-0
-0
-0
-0
-0
-0
-0
-0
-0
-0
-0
-0
-0
12.1548
-0
-0
-0
-0
-0
-0
-0
-0
-0
31.1516
-0
-0
-0
-0
-0
-0
-0
-0
-0
-0
-0
-0
-0
19.8556
17.3272
-0
11.2852
-0
-0
-0
-0
27.3699
-0
-0
-0
-0
10.5239
-0
-0
0.36881
-0
6.5854
-0
-0
-0
-0
3.26286
-0
-0
-0
-0
-0
-0
-0
-0
-0
-0
-0
-0
-0
0.680528
28.4186
-0
-0
-0
-0
-0
-0
-0
-0
-0
-0
17.5044
-0
-0
-0
-0
18.4192
-0
1.66557
-0
-0
8.15999
-0
-0
-0
-0
-0
-0
-0
-0
18.6435
20.6921
-0
43.5814
28.636
-0
-0
1.46733
-0
-0
-0
-0
-0
-0
-0
48.6239
-0
-0
-0
7.25885
4.45814
-0
-0
-0
-0
-0
-0
-0
79.0437
-0
-0
-0
-0
-0
-0
3.95203
20.9621
-0
-0
-0
-0
-0
-0
-0
-0
-0
-0
-0
-0
23.1966
16.0884
-0
-0
-0
-0
-0
34.7374
69.3606
-0
8.7464
-0
-0
-0
-0
0.00638914
-0
6.60192
-0
28.6586
-0
40.6255
-0
-0
-0
-0
-0
-0
-0
-0
-0
-0
-0
-0
-0
-0
2.99345
-0
-0
-0
44.5983
-0
-0
16.208
-0
-0
-0
-0
8.38465
-0
-0
26.0863
-0
-0
6.24809
-0
-0
27.1342
-0
-0
-0
17.7181
-0
-0
-0
-0
-0
6.47624
-0
-0
-0
-0
-0
55.9495
-0
-0
-0
-0
23.0971
-0
-0
-0
-0
-0
-0
3.38597
-0
-0
-0
-0
-0
-0
-0
-0
18.8118
-0
35.4057
-0
-0
-0
-0
-0
-0
-0
-0
-0
3.91643
20.4217
-0
0.721962
43.2617
-0
-0
-0
-0
-0
-0
19.6252
-0
-0
26.8174
3.43909
-0
-0
-0
-0
-0
-0
-0
-0
-0
8.18137
58.5331
-0
-0
-0
-0
-0
51.4453
-0
11.9411
-0
-0
-0
-0
23.0624
-0
-0
-0
-0
-0
-0
-0
-0
58.2115
-0
-0
-0
-0
-0
4.97798
15.8308
-0
-0
3.57249
8.03337
-0
27.1377
-0
-0
-0
-0
-0
-0
-0
-0
41.9148
-0
1.49928
-0
-0
-0
-0
-0
-0
-0
-0
-0
-0
-0
-0
-0
8.35024
-0
7.46303
-0
-0
-0
18.849
2.638
-0
-0
-0
-0
-0
-0
-0
-0
-0
-0
-0
-0
-0
-0
-0
-0
14.8086
30.6613
-0
-0
6.12679
-0
-0
-0
-0
-0
16.752
-0
22.0232
-0
-0
-0
-0
-0
-0
-0
18.6695
-0
-0
-0
6.85494
-0
-0
-0
-0
23.2327
-0
-0
-0
-0
-0
-0
-0
-0
-0
-0
-0
-0
-0
6.69678
-0
-0
-0
-0
-0
39.5071
-0
-0
-0
-0
-0
15.4618
-0
2.18693
-0
-0
-0
-0
-0
-0
-0
-0
-0
45.9366
-0
-0
67.7584
-0
-0
-0
-0
-0
-0
-0
-0
-0
17.3178
-0
-0
-0
-0
-0
-0
-0
-0
-0
-0
-0
26.7201
22.8086
10.6681
8.48285
-0
7.78183
-0
-0
31.1318
-0
2.05762
-0
-0
-0
-0
11.2144
-0
-0
-0
-0
-0
-0
-0
-0
-0
-0
22.5511
-0
-0
-0
-0
48.4403
6.72825
-0
-0
-0
26.7868
22.7123
-0
-0
-0
-0
10.2631
-0
-0
13.3923
5.45476
-0
-0
-0
-0
-0
-0
-0
-0
-0
-0
15.032
14.1236
-0
-0
-0
22.8684
-0
-0
-0
-0
-0
-0
-0
-0
30.3625
-0
-0
23.4278
-0
-0
-0
33.5771
-0
-0
-0
-0
-0
-0
-0
-0
-0
-0
-0
-0
-0
-0
-0
4.4817
44.0437
38.2404
12.2577
-0
5.1768
-0
18.0789
-0
-0
-0
-0
-0
-0
-0
2.22544
25.981
-0
-0
-0
-0
-0
-0
-0
-0
-0
25.5091
-0
-0
-0
-0
-0
-0
-0
-0
-0
-0
-0
-0
49.3281
-0
-0
-0
-0
23.9483
-0
-0
-0
-0
-0
20.0764
-0
-0
-0
-0
-0
-0
-0
-0
-0
-0
-0
-0
-0
-0
-0
-0
-0
49.3549
-0
3.30751
-0
-0
4.13271
-0
-0
-0
14.2125
-0
24.5821
-0
-0
-0
-0
3.62253
-0
-0
-0
11.4526
4.99622
-0
-0
-0
-0
-0
-0
-0
18.6637
-0
-0
5.19542
-0
-0
-0
-0
-0
26.0846
-0
-0
-0
0.437169
-0
-0
-0
43.3551
25.9865
-0
87.6849
-0
4.27468
-0
-0
-0
47.8628
-0
-0
55.4279
-0
8.40145
56.7352
-0
-0
-0
-0
7.84283
-0
-0
-0
-0
-0
2.69992
29.7379
10.0591
11.6738
-0
-0
-0
50.5326
11.6507
-0
47.6884
2.25683
-0
1.56838
-0
-0
-0
-0
-0
-0
0.401958
-0
-0
23.2958
-0
-0
-0
-0
-0
0.555007
-0
-0
-0
-0
-0
-0
-0
-0
-0
-0
-0
-0
-0
-0
-0
-0
-0
13.2435
-0
-0
9.63558
-0
-0
-0
-0
-0
-0
-0
-0
-0
-0
-0
-0
17.7315
-0
-0
-0
-0
-0
-0
-0
-0
-0
46.6997
2.72792
-0
28.6254
18.9294
53.2294
-0
28.3045
-0
-0
-0
-0
-0
-0
-0
-0
-0
-0
-0
-0
-0
14.8668
-0
29.7524
-0
-0
15.2723
-0
-0
-0
-0
-0
-0
-0
-0
-0
-0
-0
-0
7.10747
30.8611
10.3307
-0
0.146623
-0
-0
-0
-0
0.195836
-0
-0
-0
-0
-0
-0
-0
-0
-0
-0
-0
7.95711
-0
-0
-0
-0
-0
-0
-0
-0
-0
1.06273
-0
-0
-0
-0
-0
-0
-0
-0
-0
-0
-0
-0
-0
-0
-0
-0
-0
-0
-0
-0
-0
-0
-0
-0
9.54026
6.40567
-0
-0
14.0004
13.0051
7.01287
-0
-0
-0
-0
-0
-0
-0
-0
-0
-0
0.955345
-0
-0
-0
1.9593
-0
-0
-0
-0
-0
-0
-0
20.7954
-0
-0
-0
-0
-0
-0
-0
-0
-0
-0
-0
29.6758
43.7733
-0
-0
49.2169
-0
-0
0.0875759
-0
-0
-0
-0
26.7884
24.4668
-0
-0
-0
-0
-0
-0
-0
36.3774
-0
-0
-0
-0
-0
-0
-0
-0
-0
-0
-0
-0
-0
-0
-0
-0
-0
-0
20.5184
-0
-0
-0
3.39592
-0
-0
-0
-0
-0
-0
-0
-0
-0
-0
-0
-0
21.6732
-0
5.17464
-0
62.7581
-0
-0
-0
-0
56.7594
-0
7.90362
-0
-0
-0
47.0471
-0
25.7693
-0
-0
-0
-0
42.6481
-0
-0
-0
-0
-0
-0
0.66582
-0
-0
36.1948
-0
-0
7.48799
-0
-0
-0
-0
-0
-0
-0
-0
36.2945
4.79977
-0
-0
15.6658
-0
-0
-0
-0
-0
-0
-0
-0
0.080218
-0
-0
63.2668
-0
-0
10.6997
5.86304
-0
44.8272
-0
-0
-0
21.8253
-0
-0
-0
-0
-0
-0
20.2104
16.3164
5.3703
58.7449
11.0279
-0
2.37972
-0
18.4676
-0
-0
-0
21.4962
-0
39.1749
-0
-0
-0
-0
-0
-0
-0
34.7553
-0
-0
-0
-0
-0
11.0894
-0
-0
-0
-0
27.2177
-0
4.90095
-0
0.147066
-0
22.4402
20.1672
-0
-0
-0
-0
-0
-0
-0
-0
-0
-0
-0
33.7388
-0
11.0403
-0
-0
-0
-0
-0
-0
-0
-0
-0
-0
-0
-0
-0
-0
-0
-0
0.9769
-0
26.2416
-0
-0
15.7499
-0
-0
-0
33.9738
-0
-0
19.0612
-0
-0
-0
-0
-0
-0
-0
-0
-0
-0
21.7219
-0
-0
-0
-0
0.453314
-0
-0
-0
11.7197
-0
-0
-0
-0
-0
-0
-0
-0
-0
25.6831
-0
-0
-0
6.41627
29.3556
-0
-0
-0
-0
-0
-0
-0
-0
-0
11.2858
-0
-0
3.63173
-0
-0
-0
-0
-0
35.9687
-0
-0
-0
-0
-0
-0
2.25613
-0
-0
-0
-0
-0
-0
-0
-0
-0
-0
-0
-0
-0
-0
-0
-0
-0
-0
0.573123
-0
41.1337
-0
-0
-0
-0
-0
-0
-0
-0
-0
-0
-0
-0
15.6619
-0
-0
-0
-0
-0
-0
-0
-0
-0
-0
-0
-0
-0
-0
33.8108
-0
-0
12.0084
-0
-0
-0
-0
-0
-0
1.5598
-0
-0
23.709
-0
14.8112
8.62084
20.4895
-0
-0
-0
-0
-0
-0
-0
-0
-0
-0
-0
96.258
-0
-0
-0
0.133689
-0
-0
-0
-0
14.0517
19.2345
-0
-0
-0
18.1021
-0
-0
51.1474
-0
-0
1.51503
39.3174
-0
-0
-0
-0
-0
-0
-0
-0
-0
51.2327
-0
21.1347
-0
55.0195
-0
-0
79.7503
7.55455
7.31335
-0
32.4765
-0
-0
-0
-0
-0
-0
-0
-0
-0
-0
-0
-0
-0
-0
-0
6.38288
-0
-0
-0
-0
-0
-0
-0
-0
-0
-0
-0
-0
-0
-0
10.2831
-0
-0
-0
-0
4.01566
-0
-0
-0
56.1692
-0
-0
5.54773
0.569133
-0
-0
-0
-0
5.31903
-0
-0
-0
-0
13.4777
53.4223
-0
39.0382
21.9067
-0
-0
-0
-0
-0
-0
18.7838
-0
-0
-0
38.7968
5.52553
-0
-0
-0
-0
0.546998
-0
61.7095
-0
-0
-0
-0
0.145063
-0
-0
-0
10.5247
-0
35.4476
-0
-0
31.7116
-0
-0
-0
-0
-0
-0
-0
41.3203
-0
9.8016
-0
53.4422
-0
-0
25.4951
-0
-0
0.0370435
5.03066
-0
-0
-0
13.5293
-0
-0
12.9543
18.5293
-0
-0
-0
-0
-0
19.9758
-0
-0
-0
13.8066
-0
-0
3.56742
-0
-0
-0
-0
2.42978
-0
-0
2.84713
-0
29.1863
20.2027
-0
-0
2.16055
-0
-0
-0
-0
-0
-0
-0
-0
0.469525
-0
-0
-0
-0
31.7617
-0
-0
-0
5.60029
-0
-0
2.63109
-0
7.45548
-0
1.02268
-0
-0
-0
-0
-0
-0
-0
-0
-0
-0
11.4385
-0
-0
-0
-0
15.005
25.5676
70.7771
-0
-0
-0
27.425
-0
-0
0.157755
2.37089
-0
4.02962
-0
-0
9.04786
13.4982
-0
-0
19.0013
-0
12.9658
-0
-0
11.394
4.28562
-0
5.10452
18.109
-0
-0
-0
-0
-0
-0
-0
-0
-0
-0
-0
-0
-0
-0
-0
-0
-0
-0
15.5093
-0
44.6103
-0
-0
-0
-0
-0
2.85115
13.6984
-0
1.76504
-0
-0
-0
-0
-0
-0
14.8116
10.6351
-0
-0
-0
-0
-0
-0
-0
-0
-0
2.61831
-0
8.29031
23.4704
-0
17.514
-0
-0
-0
-0
-0
3.7485
-0
-0
-0
25.8414
-0
-0
-0
-0
-0
-0
29.9302
-0
-0
-0
-0
-0
-0
-0
-0
27.9718
-0
27.5211
-0
9.88357
-0
-0
-0
0.130792
36.0597
-0
-0
-0
-0
-0
-0
1.46714
-0
-0
-0
-0
-0
-0
28.7671
-0
9.16243
9.56771
45.1935
-0
-0
-0
-0
-0
-0
28.8379
3.45807
-0
15.0313
-0
-0
-0
-0
-0
-0
-0
-0
-0
-0
-0
-0
-0
-0
-0
-0
-0
-0
-0
-0
-0
-0
32.1262
3.65656
-0
-0
-0
-0
-0
-0
-0
22.6061
-0
-0
-0
-0
-0
-0
6.31324
6.58175
-0
-0
-0
-0
-0
-0
-0
-0
13.1798
-0
32.3744
-0
-0
-0
-0
-0
-0
-0
-0
-0
-0
-0
-0
-0
-0
-0
-0
18.9767
40.4158
63.8252
-0
-0
0.273227
5.82206
20.8096
-0
-0
-0
-0
-0
-0
2.03872
-0
-0
-0
-0
-0
-0
4.80914
-0
-0
-0
-0
-0
12.9194
12.7879
-0
-0
-0
-0
-0
-0
-0
-0
-0
-0
-0
-0
-0
-0
-0
5.64128
-0
-0
-0
-0
23.7032
-0
-0
-0
-0
-0
-0
8.9765
58.5039
-0
-0
26.7268
-0
24.4122
-0
-0
-0
-0
-0
-0
4.98201
17.8028
35.3552
5.26049
-0
-0
-0
-0
4.27563
-0
-0
-0
8.70342
-0
-0
-0
5.08301
-0
-0
-0
11.4059
-0
-0
-0
-0
-0
-0
-0
30.5975
-0
-0
-0
-0
-0
-0
-0
-0
4.27489
-0
-0
-0
-0
-0
11.3775
5.84463
5.88953
-0
-0
-0
-0
-0
-0
24.6708
52.1421
-0
-0
-0
19.3546
-0
-0
-0
-0
-0
-0
-0
-0
-0
-0
-0
12.4684
51.3191
29.3911
-0
-0
-0
-0
-0
-0
1.67982
-0
-0
-0
-0
-0
-0
-0
-0
-0
2.70072
-0
-0
19.8904
-0
-0
-0
-0
-0
-0
-0
-0
-0
-0
-0
23.1263
-0
-0
-0
-0
-0
-0
-0
-0
-0
-0
-0
-0
-0
-0
0.16367
-0
-0
-0
-0
-0
-0
7.59069
-0
-0
-0
3.85243
-0
-0
-0
-0
-0
0.938055
3.87187
41.8634
36.1486
-0
29.6423
-0
-0
-0
-0
-0
11.662
-0
-0
27.3967
-0
-0
-0
-0
-0
-0
-0
-0
45.532
-0
-0
23.8216
2.2309
-0
-0
-0
-0
6.28871
-0
-0
-0
-0
-0
-0
-0
-0
-0
-0
-0
-0
-0
-0
-0
-0
-0
19.9311
-0
-0
-0
6.1838
-0
-0
-0
-0
7.48342
-0
-0
-0
-0
17.0183
-0
33.423
-0
-0
-0
-0
16.7245
28.5052
53.2536
-0
12.2989
26.2501
-0
-0
-0
-0
-0
5.11212
-0
28.9434
-0
-0
3.71133
-0
-0
41.5631
-0
-0
-0
6.59353
-0
48.5055
-0
-0
17.0345
-0
-0
-0
-0
-0
20.9899
-0
-0
-0
-0
-0
-0
-0
-0
-0
-0
9.38968
-0
-0
7.12107
-0
-0
-0
5.24932
-0
23.7996
-0
-0
21.8841
-0
-0
-0
54.4651
-0
-0
-0
-0
-0
-0
-0
28.4368
-0
-0
-0
-0
-0
-0
-0
-0
-0
-0
41.219
-0
-0
-0
-0
-0
-0
-0
-0
-0
7.99432
-0
-0
-0
-0
14.693
-0
-0
4.71013
-0
-0
13.5413
-0
13.4373
-0
-0
-0
-0
12.094
-0
-0
-0
-0
-0
-0
-0
-0
-0
-0
8.67609
3.70443
-0
-0
-0
-0
-0
-0
-0
-0
-0
-0
-0
-0
-0
43.588
-0
-0
-0
-0
-0
-0
-0
-0
-0
-0
0.780986
11.6786
-0
-0
-0
40.8151
6.54418
-0
-0
-0
-0
1.96088
16.4514
31.7643
-0
-0
-0
25.3192
-0
-0
-0
-0
-0
-0
40.9187
-0
-0
-0
1.87659
-0
-0
-0
4.10997
38.1438
-0
-0
-0
-0
-0
-0
-0
11.5978
-0
-0
-0
-0
-0
27.8744
-0
1.91948
-0
-0
-0
20.9757
-0
-0
-0
-0
-0
-0
-0
-0
-0
-0
-0
-0
-0
-0
89.5322
-0
-0
-0
-0
-0
-0
-0
-0
-0
-0
-0
4.47369
-0
-0
-0
8.51852
10.0938
-0
-0
-0
15.2416
-0
29.2271
19.2982
-0
-0
-0
5.32056
-0
-0
-0
28.1157
-0
-0
42.2928
-0
-0
-0
-0
-0
-0
24.7446
-0
-0
-0
-0
-0
13.5826
-0
-0
3.32623
-0
-0
-0
26.6518
-0
5.00086
-0
41.3921
31.969
-0
-0
19.5122
31.5999
-0
42.6653
-0
0.831131
-0
1.96109
-0
-0
-0
2.71091
-0
-0
-0
-0
-0
28.7714
-0
6.59032
-0
22.1597
-0
-0
-0
14.4772
7.71606
-0
31.3423
17.4205
-0
-0
-0
-0
-0
-0
-0
-0
-0
-0
-0
-0
18.9172
-0
-0
-0
-0
-0
-0
-0
-0
44.0915
-0
-0
-0
-0
-0
-0
-0
-0
-0
6.69234
-0
2.08086
-0
-0
35.7693
11.0474
-0
-0
-0
-0
-0
-0
-0
-0
25.9961
-0
-0
11.7569
-0
-0
-0
-0
-0
-0
-0
-0
-0
-0
-0
-0
-0
-0
-0
-0
-0
12.455
-0
43.287
31.3579
-0
-0
-0
-0
-0
-0
0.973807
-0
-0
51.6629
-0
-0
46.4761
-0
-0
76.5714
-0
25.9284
-0
-0
-0
-0
38.1655
-0
41.7285
-0
-0
-0
-0
-0
-0
-0
-0
-0
-0
57.9946
0.0308588
-0
-0
-0
-0
-0
-0
-0
-0
-0
-0
-0
4.1319
-0
-0
-0
-0
-0
8.67284
-0
-0
-0
-0
-0
-0
-0
-0
-0
-0
9.03276
-0
-0
-0
-0
-0
-0
-0
-0
21.9412
-0
-0
-0
-0
-0
-0
-0
-0
-0
8.36235
-0
14.7835
-0
-0
-0
-0
17.5153
-0
-0
-0
-0
-0
-0
-0
-0
-0
9.80618
-0
36.0431
-0
-0
-0
34.6089
16.0896
0.339625
-0
-0
-0
-0
-0
-0
-0
-0
-0
-0
11.9458
24.1156
-0
-0
-0
1.65136
-0
10.3589
-0
-0
-0
-0
-0
0.454187
-0
-0
-0
5.64716
-0
17.1462
36.3996
-0
25.2457
-0
-0
-0
-0
-0
-0
-0
-0
-0
-0
-0
0.324126
-0
4.53561
-0
31.3197
-0
0.068121
-0
-0
-0
-0
-0
-0
-0
-0
-0
-0
11.2174
-0
14.5235
-0
13.4672
-0
-0
-0
8.74403
27.4613
-0
-0
0.178976
13.0364
-0
-0
-0
20.7735
-0
-0
-0
1.77825
-0
-0
-0
-0
-0
-0
-0
-0
-0
35.9767
0.324123
-0
-0
-0
-0
-0
-0
-0
5.92479
-0
-0
-0
34.4129
-0
13.2446
-0
-0
32.6346
-0
13.0819
-0
-0
-0
-0
-0
-0
-0
5.06032
-0
-0
-0
-0
15.9274
-0
-0
-0
-0
32.7325
-0
3.42439
31.6339
12.4744
-0
-0
23.3525
-0
-0
0.342081
-0
-0
-0
-0
-0
6.89907
-0
-0
-0
-0
-0
-0
-0
-0
46.3651
-0
-0
-0
-0
26.3243
-0
15.8537
-0
-0
-0
-0
12.9274
-0
-0
-0
-0
-0
-0
38.5662
1.10165
-0
53.7413
6.55893
-0
-0
-0
-0
39.219
-0
-0
29.5464
-0
-0
-0
-0
-0
-0
-0
-0
-0
-0
-0
-0
-0
46.6265
-0
-0
-0
-0
-0
-0
-0
-0
15.0801
0.650168
-0
3.75799
-0
-0
4.5101
-0
3.30666
-0
16.7904
-0
-0
-0
-0
-0
-0
-0
-0
-0
-0
-0
19.6268
-0
-0
-0
-0
-0
-0
-0
-0
-0
5.14525
-0
-0
-0
-0
-0
-0
-0
14.5731
-0
-0
-0
-0
-0
-0
-0
-0
-0
-0
27.1922
-0
-0
-0
-0
-0
-0
6.38913
23.4422
-0
-0
12.3529
48.6198
18.5894
13.7127
-0
-0
-0
51.6954
-0
-0
28.1365
11.6872
-0
-0
-0
-0
-0
-0
5.456
10.4317
20.7169
-0
29.8529
-0
-0
-0
-0
-0
-0
-0
23.9768
-0
-0
-0
-0
-0
-0
-0
-0
-0
-0
21.3442
-0
1.17209
61.8642
-0
-0
11.474
3.08778
-0
-0
-0
-0
-0
-0
-0
58.5897
-0
18.1107
6.89674
-0
-0
-0
-0
15.7863
-0
4.00524
-0
-0
0.90419
53.2138
-0
-0
-0
25.0378
-0
23.303
-0
-0
-0
-0
-0
-0
-0
-0
-0
-0
20.6014
28.216
32.9715
-0
-0
-0
-0
44.8693
15.8451
33.2305
-0
-0
-0
16.1612
-0
7.20748
-0
-0
-0
30.7397
-0
-0
-0
39.9522
-0
38.3182
0.901549
-0
-0
-0
-0
-0
-0
61.1415
-0
16.4417
-0
-0
-0
-0
-0
-0
-0
7.43245
-0
-0
-0
17.7714
18.4864
-0
56.8985
-0
5.52525
-0
-0
2.82161
-0
4.66608
2.13921
-0
-0
-0
-0
-0
-0
-0
42.8206
-0
-0
-0
-0
-0
-0
32.1491
-0
-0
-0
-0
-0
-0
-0
33.6515
-0
-0
-0
-0
-0
32.4529
-0
31.4292
3.86179
-0
6.07818
-0
-0
-0
-0
-0
-0
-0
-0
-0
-0
-0
-0
-0
9.25406
5.61502
-0
-0
-0
-0
13.5521
-0
46.3503
-0
-0
-0
14.1663
6.07162
7.28162
-0
5.27255
-0
-0
-0
12.0051
-0
-0
-0
-0
-0
11.61
-0
9.73547
-0
-0
-0
-0
-0
-0
9.54932
13.6899
42.001
-0
-0
27.2271
-0
13.8807
-0
-0
-0
-0
6.65264
-0
-0
-0
4.53987
-0
-0
-0
-0
-0
-0
50.4655
-0
18.5334
1.07418
-0
-0
-0
11.45
18.5879
-0
-0
12.4296
-0
38.5787
-0
-0
-0
-0
-0
-0
-0
-0
-0
7.57092
-0
-0
8.56657
-0
44.8433
18.6301
-0
-0
-0
-0
1.71625
-0
-0
-0
-0
-0
-0
-0
6.37261
-0
-0
-0
-0
-0
-0
9.26725
-0
-0
-0
-0
-0
-0
8.00411
19.5277
-0
14.6927
42.3144
-0
-0
-0
17.2014
-0
-0
-0
-0
-0
-0
61.12
-0
-0
21.271
60.2614
-0
-0
-0
-0
-0
-0
-0
-0
-0
5.09542
4.34318
-0
-0
-0
-0
-0
-0
-0
-0
19.1467
25.0722
-0
-0
-0
36.9708
-0
-0
-0
-0
-0
-0
-0
34.7037
-0
9.05335
-0
-0
-0
13.0584
11.9841
-0
-0
-0
-0
29.5903
29.2204
54.8213
-0
-0
-0
-0
6.38445
-0
-0
-0
-0
-0
-0
-0
-0
-0
-0
-0
61.2213
-0
-0
-0
-0
-0
-0
-0
13.1066
-0
-0
2.53701
-0
11.7641
-0
-0
-0
24.0254
12.1498
-0
-0
6.24893
-0
-0
-0
-0
-0
-0
-0
-0
-0
12.034
-0
-0
-0
-0
-0
-0
-0
-0
-0
-0
-0
-0
19.3556
12.8024
20.4457
-0
11.4633
-0
19.474
-0
2.96803
-0
-0
-0
-0
-0
5.41678
-0
73.1615
-0
-0
36.0463
-0
-0
-0
7.71091
-0
22.6891
63.3582
-0
36.2009
-0
-0
-0
-0
-0
3.09185
6.0621
-0
-0
-0
-0
47.226
-0
-0
-0
10.8954
30.6553
12.7967
-0
-0
-0
-0
-0
-0
-0
-0
-0
-0
16.0817
-0
4.69953
-0
25.6711
-0
-0
-0
-0
-0
27.9239
-0
-0
-0
-0
25.3927
18.9122
44.1929
-0
-0
-0
-0
-0
-0
-0
9.06076
-0
-0
-0
15.6959
-0
-0
4.6799
55.1537
-0
-0
-0
-0
-0
2.07577
-0
16.0421
-0
-0
-0
20.7612
-0
-0
-0
-0
12.569
-0
-0
39.7745
-0
4.71116
-0
11.7606
6.22207
-0
-0
-0
-0
-0
-0
-0
-0
-0
-0
-0
35.1168
-0
-0
17.8843
-0
-0
-0
-0
-0
1.92626
1.48657
-0
-0
-0
-0
-0
-0
-0
-0
-0
-0
-0
50.9664
-0
-0
-0
-0
-0
-0
-0
-0
-0
-0
-0
-0
-0
50.6839
6.28489
10.7023
20.4853
-0
-0
-0
16.3651
-0
-0
-0
1.42686
-0
-0
-0
-0
-0
17.5381
13.1238
-0
7.82159
-0
-0
-0
-0
-0
-0
-0
-0
-0
-0
-0
-0
-0
-0
-0
-0
-0
23.8103
-0
-0
-0
1.99918
-0
-0
-0
-0
74.086
-0
-0
12.4983
-0
-0
0.435331
8.92821
10.7632
-0
-0
65.2254
2.15875
33.2539
-0
-0
36.1603
-0
-0
80.8982
20.7604
-0
4.24605
-0
-0
4.00612
20.8124
-0
-0
-0
-0
-0
-0
-0
5.30255
2.52484
-0
-0
-0
-0
-0
-0
24.2604
7.5382
-0
-0
-0
21.8456
-0
-0
-0
-0
-0
-0
-0
-0
-0
-0
-0
18.9958
-0
-0
-0
-0
-0
-0
28.486
75.1089
-0
-0
-0
-0
-0
-0
-0
6.79267
-0
11.7745
-0
26.6026
-0
-0
-0
-0
47.4283
-0
-0
-0
-0
-0
-0
-0
-0
