3.74182
-0
-0
-0
-0
-0
-0
-0
50.6912
33.7149
26.8738
-0
-0
-0
-0
10.1789
-0
-0
-0
-0
-0
-0
-0
-0
-0
58.9076
13.3388
-0
-0
-0
-0
-0
-0
-0
5.86598
-0
-0
-0
-0
-0
-0
-0
-0
-0
-0
33.4697
-0
-0
-0
-0
-0
-0
-0
-0
-0
-0
3.7889
4.87224
52.4294
-0
-0
-0
22.0604
-0
30.2066
-0
-0
-0
-0
1.56718
-0
-0
-0
-0
-0
0.640836
-0
-0
-0
-0
-0
125.986
15.9563
20.0835
3.24177
-0
-0
88.8557
-0
-0
15.9973
0.372753
-0
-0
4.02891
-0
3.90641
-0
16.7323
-0
-0
-0
-0
-0
-0
-0
5.89024
-0
-0
-0
7.57973
-0
-0
-0
-0
-0
-0
-0
28.9135
57.2208
57.1601
-0
55.3121
24.5676
16.6856
-0
-0
-0
-0
-0
21.9068
-0
22.8277
-0
-0
-0
-0
-0
-0
-0
11.0732
-0
4.89286
-0
-0
-0
-0
-0
-0
-0
-0
-0
-0
-0
-0
-0
23.1669
-0
-0
1.70015
-0
-0
-0
1.11486
-0
-0
-0
-0
-0
96.96
37.8357
-0
-0
-0
-0
-0
-0
-0
-0
1.88332
-0
-0
-0
-0
-0
6.11483
-0
-0
56.4652
-0
-0
93.3271
8.92907
68.2457
-0
-0
-0
-0
-0
-0
-0
-0
-0
-0
-0
-0
-0
-0
-0
-0
-0
-0
42.6451
-0
-0
8.06361
-0
-0
-0
-0
-0
-0
-0
-0
-0
-0
-0
-0
-0
-0
-0
-0
-0
-0
-0
-0
-0
-0
-0
-0
-0
-0
-0
-0
-0
-0
61.3843
-0
-0
-0
-0
-0
-0
-0
-0
-0
-0
-0
24.5533
-0
-0
-0
-0
-0
-0
-0
-0
-0
-0
-0
23.1635
5.13993
-0
30.2525
-0
-0
-0
-0
-0
-0
-0
-0
-0
-0
-0
-0
-0
15.9841
-0
-0
2.14319
-0
-0
-0
5.43319
-0
-0
-0
-0
-0
-0
-0
9.42873
-0
-0
40.9961
9.48031
-0
76.3579
-0
-0
-0
-0
-0
-0
0.797905
-0
-0
-0
-0
-0
-0
4.39931
15.4079
39.697
-0
11.0148
-0
-0
-0
-0
-0
-0
-0
-0
-0
-0
-0
-0
27.5639
-0
-0
-0
2.75136
-0
-0
-0
-0
17.8545
-0
-0
-0
-0
-0
35.2588
-0
-0
-0
-0
-0
-0
-0
-0
42.9271
-0
2.26177
-0
-0
80.1851
-0
-0
-0
1.66771
32.812
-0
-0
-0
-0
-0
-0
-0
-0
31.3271
-0
-0
-0
-0
-0
-0
-0
-0
21.385
-0
-0
-0
-0
-0
4.40554
-0
-0
-0
-0
-0
-0
-0
-0
-0
-0
-0
-0
-0
-0
-0
-0
-0
15.7326
-0
-0
-0
-0
69.3488
-0
-0
-0
-0
33.248
-0
11.5498
-0
23.7924
-0
23.9864
22.5854
-0
35.551
-0
-0
-0
-0
-0
-0
10.5268
11.826
-0
-0
-0
-0
-0
-0
-0
32.0604
29.5255
-0
-0
49.9223
19.6955
-0
-0
-0
-0
-0
-0
-0
-0
18.9458
-0
49.2564
-0
23.4229
-0
-0
-0
0.80301
-0
-0
-0
35.2566
-0
-0
-0
-0
-0
-0
-0
-0
-0
-0
-0
-0
24.7623
28.2473
-0
-0
-0
-0
15.7876
93.8902
-0
-0
-0
6.85639
-0
-0
-0
-0
-0
4.69348
-0
-0
4.88312
-0
-0
9.29074
2.99495
-0
-0
-0
-0
-0
-0
41.9346
-0
-0
36.8726
-0
-0
1.73613
-0
-0
-0
-0
-0
-0
-0
23.9895
-0
-0
5.71332
1.79085
-0
-0
-0
-0
-0
-0
-0
-0
-0
-0
19.8333
-0
-0
-0
-0
44.9586
7.65084
-0
-0
61.0705
-0
-0
-0
34.064
-0
-0
-0
-0
-0
-0
-0
-0
8.9826
-0
-0
-0
-0
-0
-0
15.5413
-0
-0
-0
-0
13.182
-0
-0
-0
-0
-0
61.1151
-0
-0
69.3972
-0
-0
-0
-0
30.5364
4.10764
-0
21.3172
-0
-0
-0
-0
-0
-0
1.79944
-0
10.2221
-0
-0
-0
-0
-0
-0
37.48
-0
-0
-0
-0
-0
-0
-0
-0
-0
-0
-0
-0
-0
-0
-0
-0
-0
-0
-0
-0
-0
-0
-0
-0
-0
-0
-0
-0
-0
-0
-0
29.8377
-0
-0
-0
-0
-0
-0
-0
-0
-0
-0
-0
7.29124
-0
22.8347
-0
-0
23.8766
-0
-0
-0
-0
22.5397
-0
-0
-0
-0
-0
-0
-0
0.639485
-0
-0
-0
-0
-0
-0
-0
-0
-0
-0
-0
-0
-0
-0
-0
-0
-0
-0
-0
-0
-0
-0
-0
-0
-0
6.35187
-0
-0
-0
-0
-0
-0
-0
-0
-0
-0
-0
20.8704
-0
-0
-0
-0
3.45821
-0
-0
-0
-0
-0
-0
-0
1.54141
23.6418
15.4589
-0
47.8067
0.324511
-0
-0
1.16149
-0
-0
-0
-0
-0
-0
-0
33.1705
-0
-0
-0
-0
1.40145
-0
-0
-0
-0
-0
-0
-0
73.5125
-0
-0
-0
-0
-0
1.80398
14.7921
45.6827
-0
-0
2.86897
-0
-0
-0
-0
-0
-0
-0
-0
-0
47.2382
-0
-0
-0
-0
-0
-0
11.287
76.9598
-0
-0
-0
-0
-0
-0
12.9274
-0
-0
-0
30.2449
-0
21.2671
-0
0.198003
-0
-0
40.2514
-0
-0
-0
-0
-0
-0
-0
-0
-0
1.07555
-0
-0
-0
45.7032
-0
-0
26.2308
-0
-0
-0
-0
10.6634
-0
-0
9.97901
-0
-0
18.4503
-0
-0
36.6587
-0
-0
-0
-0
-0
-0
-0
-0
48.9663
-0
-0
-0
-0
-0
-0
76.3196
-0
-0
-0
-0
23.3225
-0
-0
-0
-0
-0
-0
16.9265
-0
-0
-0
-0
-0
-0
-0
-0
39.6463
1.83669
29.0802
-0
-0
-0
-0
-0
-0
-0
-0
-0
3.07045
14.3541
-0
9.84983
33.2084
-0
-0
-0
-0
-0
-0
32.1373
5.18622
-0
9.03118
-0
11.385
-0
-0
-0
-0
-0
-0
-0
-0
-0
83.5799
-0
-0
-0
-0
-0
20.5463
15.8633
-0
-0
-0
-0
-0
24.458
-0
-0
17.4477
-0
-0
-0
13.6806
-0
63.6952
-0
-0
-0
-0
-0
0.972945
-0
-0
-0
6.04211
1.67772
-0
35.705
-0
-0
-0
-0
-0
-0
-0
-0
52.6682
-0
0.743211
-0
-0
-0
-0
-0
10.5551
-0
-0
-0
-0
-0
8.49534
-0
25.4535
-0
-0
-0
-0
-0
42.1228
-0
-0
-0
-0
-0
-0
-0
-0
-0
-0
-0
-0
-0
-0
-0
-0
-0
17.845
-0
-0
-0
-0
-0
-0
-0
-0
-0
11.3204
-0
6.40487
-0
-0
-0
-0
-0
-0
31.5775
24.5112
-0
-0
-0
-0
-0
-0
-0
-0
35.7828
-0
-0
-0
-0
-0
-0
-0
-0
-0
-0
-0
-0
-0
16.8344
-0
-0
-0
-0
-0
18.6673
-0
-0
-0
-0
-0
43.9043
-0
7.79332
-0
-0
-0
-0
-0
-0
-0
-0
-0
48.2863
-0
-0
72.6083
-0
-0
-0
12.2042
-0
-0
-0
-0
-0
29.1806
-0
-0
-0
-0
-0
-0
-0
-0
-0
-0
-0
16.2616
19.9825
-0
11.859
-0
-0
-0
-0
5.95829
-0
14.4752
-0
-0
-0
-0
32.8875
-0
-0
-0
-0
-0
-0
-0
-0
7.73112
-0
11.9489
-0
-0
-0
2.24545
48.3682
-0
-0
-0
-0
19.5423
30.567
-0
-0
-0
-0
-0
-0
-0
16.8751
7.397
-0
-0
-0
-0
-0
-0
-0
-0
-0
-0
10.4136
12.4222
-0
-0
-0
-0
-0
-0
-0
-0
-0
-0
-0
-0
28.8975
7.86381
-0
10.2186
-0
-0
-0
29.6237
-0
-0
-0
-0
-0
-0
-0
-0
-0
-0
-0
-0
-0
-0
-0
-0
48.7645
23.8661
-0
-0
-0
-0
-0
-0
-0
-0
-0
-0
-0
-0
-0
25.9668
-0
-0
-0
-0
-0
-0
-0
-0
-0
0.660309
-0
-0
-0
-0
-0
-0
-0
-0
-0
-0
3.93736
-0
44.1683
-0
-0
-0
-0
23.6193
-0
-0
-0
7.86605
-0
25.5537
-0
-0
-0
-0
-0
-0
-0
-0
-0
-0
-0
-0
-0
-0
-0
-0
-0
53.7444
-0
-0
-0
-0
-0
-0
-0
-0
4.43513
-0
42.7234
-0
-0
-0
-0
-0
-0
-0
-0
10.821
-0
-0
-0
-0
-0
-0
-0
-0
35.2596
-0
-0
5.93457
-0
-0
-0
-0
-0
11.263
-0
12.5648
-0
-0
-0
-0
-0
49.0882
-0
-0
81.8373
-0
-0
-0
-0
-0
79.2794
-0
-0
64.2747
-0
12.9294
35.0802
-0
-0
-0
-0
29.9165
-0
-0
-0
6.78437
-0
-0
61.1633
-0
6.5421
-0
-0
-0
62.4665
6.34869
-0
59.4191
3.14155
-0
-0
-0
-0
-0
-0
-0
-0
-0
15.5442
-0
29.1871
-0
-0
26.7149
-0
-0
-0
26.9365
-0
-0
-0
-0
-0
-0
-0
-0
-0
-0
-0
-0
-0
-0
-0
-0
16.9847
4.88775
-0
20.6971
-0
-0
-0
-0
-0
-0
-0
-0
-0
-0
-0
-0
1.12599
-0
-0
-0
-0
-0
-0
-0
-0
-0
14.019
-0
-0
43.5374
55.5255
52.0343
-0
23.45
-0
-0
-0
-0
-0
2.83024
-0
-0
-0
-0
7.38388
-0
-0
0.120508
-0
17.405
-0
-0
48.5029
-0
-0
-0
-0
-0
-0
-0
-0
-0
-0
-0
-0
27.1128
14.6359
5.60268
-0
0.0774643
-0
-0
-0
-0
0.895785
-0
14.0705
-0
-0
-0
-0
-0
-0
-0
-0
-0
19.6557
-0
-0
-0
-0
-0
-0
-0
-0
-0
-0
-0
-0
-0
-0
11.1244
-0
-0
-0
-0
-0
-0
-0
-0
-0
-0
-0
-0
-0
-0
-0
-0
-0
-0
-0
-0
45.1739
-0
-0
11.2832
20.8852
15.4969
-0
-0
6.53533
-0
-0
-0
-0
-0
-0
-0
-0
2.19858
-0
-0
2.32411
-0
-0
-0
-0
-0
-0
-0
21.7577
-0
-0
-0
-0
-0
-0
-0
-0
-0
-0
-0
32.3372
32.7747
-0
-0
58.9885
-0
-0
0.442124
-0
-0
-0
-0
45.4331
-0
-0
0.0524408
-0
-0
-0
-0
-0
43.9366
-0
-0
-0
-0
-0
-0
-0
42.9042
-0
-0
-0
-0
-0
-0
-0
-0
-0
-0
5.16438
-0
-0
-0
31.6408
-0
-0
-0
-0
-0
-0
-0
-0
11.7536
-0
-0
-0
17.8823
-0
-0
-0
45.8606
-0
-0
-0
-0
78.1283
-0
-0
-0
-0
-0
35.4713
-0
-0
-0
-0
-0
-0
36.7206
-0
-0
-0
-0
-0
-0
-0
-0
-0
22.3085
-0
-0
-0
-0
-0
-0
-0
-0
-0
-0
-0
16.7987
8.58665
-0
-0
-0
5.44537
-0
-0
-0
-0
-0
-0
-0
-0
11.286
-0
46.6987
-0
-0
20.904
-0
-0
51.6909
-0
-0
-0
39.9932
-0
-0
-0
-0
-0
-0
-0
6.51503
4.22618
35.0934
-0
-0
-0
-0
3.04032
-0
-0
-0
-0
-0
25.1566
-0
-0
-0
-0
-0
-0
-0
13.0671
-0
-0
-0
-0
-0
40.389
-0
-0
-0
-0
23.919
-0
-0
-0
-0
-0
8.76872
2.78394
-0
-0
15.1574
-0
-0
-0
-0
-0
-0
-0
-0
27.2194
-0
-0
-0
-0
-0
1.16427
-0
-0
-0
-0
-0
-0
-0
-0
-0
-0
-0
-0
28.0806
-0
-0
-0
-0
26.1408
-0
-0
-0
18.7707
-0
-0
19.6807
-0
-0
-0
-0
-0
-0
-0
-0
-0
7.23768
15.4138
-0
-0
-0
-0
-0
-0
-0
-0
-0
-0
-0
-0
-0
-0
-0
-0
-0
-0
-0
-0
-0
-0
-0
38.9919
-0
-0
-0
6.66172
-0
-0
-0
-0
-0
30.426
-0
-0
8.99246
-0
-0
5.13764
-0
-0
17.4945
-0
-0
-0
-0
-0
-0
-0
-0
-0
-0
-0
-0
-0
-0
-0
-0
-0
-0
-0
-0
-0
-0
-0
-0
-0
-0
-0
40.1344
-0
-0
-0
-0
-0
-0
-0
-0
-0
-0
-0
-0
49.9672
-0
-0
-0
-0
-0
-0
-0
-0
-0
-0
-0
-0
-0
-0
31.5533
-0
1.80947
30.3893
-0
-0
-0
-0
-0
-0
0.944041
-0
-0
33.8651
-0
47.94
-0
30.0426
-0
-0
-0
-0
-0
-0
-0
-0
-0
-0
-0
81.8129
-0
-0
-0
-0
-0
-0
-0
-0
53.9305
14.6115
-0
-0
-0
-0
-0
-0
81.5751
-0
-0
-0
29.3109
7.80895
-0
-0
-0
-0
-0
-0
-0
-0
71.5611
-0
3.67782
-0
40.8545
-0
-0
86.8179
24.3125
4.48694
-0
47.4927
-0
-0
3.31309
-0
0.717523
-0
-0
-0
-0
-0
-0
-0
-0
-0
-0
20.5978
-0
-0
-0
-0
-0
-0
-0
3.21389
-0
-0
-0
-0
-0
-0
-0
-0
-0
-0
16.8244
-0
-0
-0
-0
52.1912
-0
-0
20.7693
10.0313
-0
-0
-0
-0
-0
-0
-0
-0
-0
20.5319
35.1765
-0
52.0265
31.2523
-0
-0
-0
-0
-0
-0
25.6008
-0
-0
-0
53.5323
29.0068
-0
-0
-0
-0
0.391803
-0
62.6885
-0
15.185
-0
-0
0.0369562
-0
-0
-0
34.1661
-0
-0
-0
-0
63.1924
-0
-0
-0
-0
11.7219
-0
3.86544
36.1889
-0
18.5394
-0
74.7629
-0
-0
58.0356
-0
-0
-0
3.31833
-0
-0
-0
11.1511
-0
-0
23.7815
2.32953
-0
-0
-0
-0
-0
10.6636
-0
-0
-0
10.709
-0
-0
11.6757
-0
-0
-0
-0
10.4429
25.1129
-0
1.71371
-0
33.1147
18.3237
-0
-0
6.74377
-0
-0
-0
-0
-0
-0
-0
-0
18.094
-0
-0
-0
-0
28.5266
-0
-0
-0
-0
-0
-0
6.07031
-0
21.8499
-0
-0
-0
-0
-0
-0
-0
-0
-0
-0
-0
-0
-0
-0
-0
-0
-0
23.9629
19.0683
94.316
-0
-0
-0
40.3705
-0
-0
2.98715
-0
-0
-0
-0
-0
31.7944
55.9853
-0
-0
40.243
-0
0.150252
-0
-0
33.3175
6.01625
-0
-0
33.095
-0
-0
-0
-0
-0
19.058
-0
-0
-0
-0
-0
-0
-0
-0
-0
-0
-0
-0
18.2976
-0
37.2713
3.26407
-0
-0
-0
9.11395
1.89283
-0
-0
25.4824
-0
-0
-0
-0
-0
-0
5.09078
-0
-0
-0
-0
-0
-0
-0
-0
-0
-0
7.91638
-0
37.5892
23.1479
-0
17.4426
-0
-0
-0
-0
0.231949
3.68227
-0
-0
-0
4.05609
-0
-0
-0
-0
-0
-0
34.761
-0
-0
-0
-0
-0
-0
-0
-0
21.4787
-0
22.1107
-0
-0
-0
-0
-0
-0
57.8996
-0
-0
3.66072
-0
-0
-0
36.8802
-0
-0
-0
-0
-0
-0
47.2537
-0
30.4539
2.39333
32.2451
-0
-0
-0
-0
-0
-0
57.3723
12.881
-0
-0
-0
-0
-0
-0
-0
-0
-0
-0
-0
-0
-0
-0
-0
-0
-0
-0
-0
-0
-0
-0
-0
-0
21.7614
-0
-0
-0
-0
-0
2.27705
-0
-0
28.4843
-0
-0
-0
-0
-0
-0
8.18444
-0
-0
-0
-0
-0
-0
-0
-0
-0
-0
-0
-0
11.3791
-0
-0
-0
-0
-0
-0
-0
-0
-0
-0
-0
-0
-0
-0
-0
49.0646
15.132
70.4766
-0
-0
-0
2.20862
-0
-0
-0
-0
-0
-0
-0
12.8235
-0
-0
-0
-0
-0
-0
-0
-0
-0
-0
-0
-0
42.3738
-0
-0
-0
-0
-0
-0
-0
-0
-0
-0
-0
13.3793
-0
5.14136
-0
-0
7.78569
-0
-0
-0
-0
16.1098
-0
-0
-0
-0
-0
-0
1.23212
72.7517
-0
-0
19.1297
-0
21.0955
-0
-0
-0
-0
-0
-0
7.49381
1.21328
47.2404
25.9848
31.8509
-0
-0
-0
-0
-0
-0
-0
3.69849
-0
-0
-0
5.60254
-0
-0
-0
8.9168
-0
-0
-0
-0
-0
11.316
-0
33.7531
-0
-0
-0
-0
-0
-0
-0
-0
-0
-0
-0
-0
-0
-0
1.5347
-0
-0
-0
1.23387
-0
-0
-0
-0
36.2564
43.5947
-0
-0
-0
32.7362
-0
-0
-0
-0
-0
-0
-0
-0
-0
-0
-0
26.091
49.9466
36.6349
-0
-0
-0
-0
-0
-0
-0
-0
-0
-0
-0
-0
-0
-0
-0
-0
3.48815
-0
-0
-0
-0
-0
-0
-0
-0
-0
-0
-0
-0
-0
30.8623
19.3494
-0
3.30112
-0
-0
-0
-0
-0
-0
-0
-0
-0
-0
-0
-0
20.44
-0
-0
-0
-0
-0
-0
5.55204
-0
-0
-0
25.0698
-0
-0
-0
-0
1.06234
19.6962
41.8603
18.0496
40.9498
-0
31.2507
-0
-0
-0
-0
-0
-0
-0
-0
39.0358
-0
-0
-0
-0
-0
-0
-0
-0
44.0112
6.52049
-0
9.64974
21.7654
-0
-0
-0
-0
2.80273
-0
-0
4.35811
-0
-0
-0
-0
-0
-0
-0
-0
-0
-0
-0
-0
-0
-0
43.6116
-0
6.82369
-0
20.4658
-0
-0
-0
-0
-0
-0
-0
-0
-0
-0
-0
30.2527
-0
-0
-0
-0
30.1637
61.7089
33.1492
-0
4.77929
0.481203
-0
-0
-0
-0
-0
5.7716
-0
-0
-0
-0
2.45198
-0
-0
56.3468
-0
-0
-0
-0
-0
28.7318
-0
-0
1.33337
-0
-0
-0
-0
-0
6.40819
-0
-0
-0
-0
-0
-0
-0
-0
-0
-0
-0
-0
-0
3.41639
-0
-0
-0
-0
-0
72.2489
-0
-0
0.110838
-0
-0
-0
68.0442
-0
-0
-0
-0
-0
-0
-0
23.6845
-0
9.20574
-0
-0
-0
-0
-0
-0
-0
-0
55.16
-0
-0
-0
-0
-0
-0
-0
-0
-0
-0
-0
-0
-0
-0
4.08657
-0
-0
4.63375
-0
-0
7.34671
14.3058
-0
-0
-0
-0
-0
-0
-0
-0
-0
-0
-0
22.3407
-0
-0
-0
9.67701
10.4488
2.63114
-0
-0
-0
-0
-0
-0
-0
-0
-0
-0
-0
-0
-0
23.8999
-0
-0
-0
-0
-0
-0
-0
-0
-0
22.6281
-0
30.292
-0
-0
-0
39.7879
-0
-0
-0
-0
-0
19.3112
3.55695
-0
-0
-0
-0
7.18207
-0
-0
-0
-0
-0
-0
77.1553
-0
-0
-0
27.7959
-0
-0
33.4499
-0
17.5291
-0
-0
-0
-0
-0
-0
-0
-0
-0
-0
-0
-0
-0
58.7353
-0
-0
-0
-0
-0
-0
-0
-0
-0
-0
-0
-0
-0
-0
-0
-0
-0
-0
-0
7.9383
83.3076
-0
-0
-0
-0
-0
-0
-0
-0
-0
-0
-0
-0
-0
-0
-0
0.760852
21.6624
-0
-0
-0
24.627
-0
23.8956
37.7714
-0
-0
-0
45.2115
-0
-0
-0
29.8068
-0
-0
69.8398
-0
-0
-0
-0
-0
-0
15.8458
-0
-0
-0
-0
-0
16.6335
-0
-0
-0
-0
-0
-0
27.9858
-0
-0
-0
34.5728
30.8134
-0
-0
8.16108
45.7134
-0
61.1297
-0
-0
-0
2.45929
-0
-0
-0
8.59534
-0
-0
-0
-0
-0
20.0286
-0
-0
-0
-0
-0
-0
-0
12.4265
7.39278
-0
20.7189
23.4691
-0
-0
-0
-0
-0
-0
-0
-0
-0
-0
-0
-0
44.2499
2.34903
-0
-0
-0
-0
19.4785
-0
25.6059
11.0414
-0
-0
-0
-0
-0
-0
42.9773
-0
-0
13.0298
-0
-0
33.3794
-0
40.2972
-0
-0
-0
-0
-0
-0
-0
-0
-0
47.5938
-0
-0
16.2292
-0
-0
-0
-0
-0
-0
-0
1.14684
-0
-0
-0
-0
-0
-0
-0
-0
-0
-0
-0
42.4179
7.07
-0
-0
-0
-0
-0
-0
3.76729
-0
-0
80.8324
-0
-0
31.8728
-0
-0
50.2062
-0
2.93425
-0
-0
-0
-0
57.0307
-0
73.2843
-0
-0
-0
-0
-0
-0
-0
-0
-0
-0
65.8365
25.8202
-0
-0
-0
-0
-0
-0
-0
-0
-0
-0
-0
7.91981
-0
20.5233
-0
-0
-0
-0
-0
-0
-0
-0
-0
-0
-0
-0
-0
5.94592
-0
-0
-0
-0
-0
-0
-0
-0
-0
-0
-0
-0
-0
-0
-0
-0
-0
-0
-0
29.7245
-0
60.7804
-0
-0
-0
-0
3.63089
-0
-0
-0
-0
-0
-0
-0
-0
-0
46.432
14.2135
-0
-0
-0
-0
13.7923
7.35441
-0
-0
-0
-0
-0
-0
-0
-0
-0
-0
-0
8.86914
25.5084
-0
-0
-0
-0
-0
13.7171
-0
-0
-0
-0
-0
0.801127
-0
-0
-0
1.81896
-0
-0
34.313
-0
6.7079
-0
-0
-0
-0
-0
-0
-0
-0
-0
-0
-0
-0
-0
-0
-0
28.4572
-0
-0
-0
-0
-0
-0
-0
-0
-0
-0
-0
-0
6.67785
-0
42.4192
-0
24.0104
-0
-0
-0
14.3113
14.1605
-0
-0
-0
7.05518
-0
-0
-0
0.0345249
-0
-0
-0
-0
-0
-0
-0
-0
-0
-0
-0
-0
-0
29.7998
-0
-0
-0
-0
-0
-0
-0
6.20532
-0
-0
-0
-0
24.0025
-0
-0
9.45323
-0
46.9242
-0
-0
-0
-0
-0
-0
-0
-0
-0
20.2569
-0
-0
-0
-0
11.2529
-0
-0
-0
-0
23.119
0.468598
-0
45.8234
8.96093
-0
-0
-0
-0
-0
0.500484
-0
-0
-0
-0
-0
-0
-0
-0
-0
-0
-0
-0
-0
-0
24.4231
-0
-0
-0
-0
40.3499
-0
29.3276
-0
-0
-0
-0
30.293
-0
-0
-0
-0
-0
-0
40.1033
-0
-0
53.9806
-0
-0
-0
-0
-0
51.5134
-0
-0
38.3439
-0
-0
-0
-0
-0
-0
-0
-0
-0
-0
-0
-0
-0
48.1357
-0
-0
-0
-0
-0
-0
-0
-0
10.0621
-0
-0
-0
-0
-0
40.7613
-0
22.199
-0
14.0096
-0
-0
-0
-0
-0
-0
-0
-0
-0
13.2611
-0
15.5229
-0
-0
-0
-0
-0
-0
-0
-0
-0
3.15589
-0
-0
-0
-0
-0
-0
-0
-0
-0
-0
-0
-0
-0
-0
-0
-0
-0
-0
1.03336
-0
-0
-0
-0
-0
-0
13.3926
5.3429
-0
-0
2.82455
24.2505
-0
6.58054
-0
4.17328
-0
80.4758
-0
-0
28.6048
-0
6.11581
-0
-0
-0
-0
-0
16.3315
-0
12.0665
-0
27.4033
-0
-0
-0
-0
-0
5.8586
-0
0.141108
-0
-0
-0
-0
-0
-0
-0
-0
-0
-0
0.0577471
-0
-0
38.9347
-0
-0
26.6073
26.1253
-0
-0
-0
0.595283
-0
-0
-0
50.4134
-0
32.4124
35.3365
-0
-0
-0
-0
14.8726
-0
7.40624
-0
-0
8.67209
66.473
-0
-0
-0
-0
-0
16.8723
-0
-0
-0
4.79228
-0
-0
-0
-0
-0
-0
5.32852
9.43095
10.1372
-0
-0
-0
-0
66.814
3.19106
20.0815
-0
-0
-0
38.7242
-0
26.9908
-0
-0
-0
5.27033
-0
-0
-0
15.1881
-0
34.6893
2.69001
3.34003
-0
-0
-0
-0
-0
47.958
-0
38.0569
-0
-0
-0
-0
-0
-0
-0
-0
-0
-0
-0
33.4617
4.76066
-0
70.1385
-0
-0
-0
-0
-0
-0
-0
-0
-0
-0
-0
-0
-0
-0
-0
72.4675
-0
-0
-0
-0
-0
-0
27.2205
-0
-0
-0
-0
-0
-0
-0
-0
-0
-0
-0
-0
-0
49.9621
-0
49.3408
13.8721
-0
-0
-0
-0
-0
-0
-0
-0
-0
-0
-0
-0
-0
-0
-0
-0
21.5855
-0
-0
-0
-0
0.210015
-0
10.371
-0
-0
-0
-0
11.9402
-0
-0
31.846
-0
1.03934
-0
38.0511
-0
-0
-0
-0
-0
16.7169
-0
8.2773
-0
-0
-0
-0
-0
-0
10.6419
13.2759
31.1796
-0
-0
3.03113
-0
-0
-0
-0
-0
-0
1.50299
-0
-0
-0
4.988
-0
-0
-0
2.6628
-0
-0
56.2603
-0
33.8741
20.4301
-0
-0
-0
53.0929
-0
-0
-0
-0
-0
23.0817
-0
-0
-0
-0
-0
-0
-0
-0
-0
-0
-0
-0
16.5847
-0
53.2416
-0
-0
-0
-0
-0
-0
-0
-0
-0
-0
-0
-0
-0
9.28745
-0
-0
-0
-0
-0
-0
18.8406
-0
-0
-0
-0
-0
-0
3.36644
-0
-0
29.1987
12.399
-0
-0
-0
-0
-0
-0
-0
-0
-0
-0
85.1973
-0
-0
38.3847
49.9917
-0
-0
-0
-0
-0
-0
-0
-0
-0
7.49771
18.1534
4.37194
-0
-0
-0
-0
-0
-0
-0
14.6633
52.881
-0
-0
-0
35.8742
-0
-0
-0
-0
-0
-0
-0
19.1809
-0
-0
-0
-0
-0
23.5446
9.10427
-0
-0
-0
-0
39.7585
19.5961
27.8612
-0
-0
-0
-0
17.4249
-0
-0
-0
-0
-0
-0
-0
-0
-0
-0
-0
41.6518
-0
-0
-0
-0
-0
-0
-0
-0
-0
-0
15.1902
-0
8.25413
-0
-0
-0
-0
24.1922
-0
-0
-0
-0
-0
-0
-0
-0
-0
-0
-0
-0
32.0512
-0
-0
-0
24.6867
-0
-0
-0
-0
6.66374
-0
-0
-0
-0
-0
25.9649
-0
9.94898
-0
48.1609
0.659403
-0
-0
-0
-0
-0
-0
-0
-0
74.6664
-0
-0
40.3088
-0
-0
-0
-0
-0
7.16306
97.3858
1.53188
62.8686
-0
-0
-0
-0
-0
-0
1.55385
-0
-0
-0
-0
47.9861
-0
33.0455
-0
23.6583
51.6635
21.9161
-0
-0
-0
-0
-0
-0
-0
-0
-0
-0
21.3391
-0
-0
-0
33.4415
-0
-0
-0
-0
-0
-0
-0
-0
-0
-0
47.0896
-0
30.6642
-0
-0
-0
-0
-0
-0
-0
-0
-0
-0
-0
17.6754
-0
-0
-0
46.9439
-0
-0
-0
-0
-0
24.3173
-0
24.7682
-0
-0
-0
14.4103
-0
-0
-0
-0
12.6772
-0
-0
64.1795
-0
14.2015
-0
32.4029
2.97507
7.56901
-0
-0
-0
-0
34.8953
-0
-0
-0
-0
-0
26.1666
-0
-0
19.7621
-0
-0
-0
-0
-0
-0
-0
-0
-0
-0
-0
-0
-0
-0
-0
-0
-0
-0
50.3558
-0
-0
-0
-0
-0
-0
-0
-0
-0
-0
-0
-0
-0
54.9959
30.6291
27.6668
14.321
-0
-0
-0
-0
-0
-0
-0
13.5072
-0
-0
-0
-0
0.25885
37.2499
1.05773
-0
-0
-0
-0
-0
-0
-0
-0
-0
-0
-0
-0
-0
-0
-0
39.0824
-0
-0
-0
22.6303
-0
-0
-0
29.7706
-0
-0
-0
-0
103.86
-0
-0
9.49678
-0
-0
7.36028
-0
29.1661
-0
-0
78.469
6.3821
19.5308
-0
-0
12.324
-0
16.5657
102.947
-0
-0
4.24992
10.4965
-0
35.2359
14.3812
-0
-0
-0
-0
-0
-0
-0
5.36422
-0
-0
-0
-0
-0
-0
-0
18.7782
13.7605
-0
-0
-0
10.69
-0
-0
-0
-0
-0
-0
1.44395
-0
-0
-0
-0
13.9771
-0
18.2906
-0
-0
-0
-0
33.7253
87.8311
-0
-0
-0
-0
-0
-0
-0
4.63943
-0
-0
-0
-0
12.1549
-0
-0
-0
72.8438
-0
-0
-0
-0
-0
-0
-0
-0
