4.7615
-0
-0
-0
-0
3.52452
-0
-0
17.3903
22.8965
31.5296
-0
-0
-0
-0
3.00074
-0
-0
1.89298
-0
-0
-0
-0
-0
-0
32.7155
6.67235
-0
-0
-0
-0
-0
-0
-0
2.69065
-0
-0
-0
-0
-0
-0
-0
-0
10.8903
-0
12.1205
-0
3.04971
-0
-0
-0
-0
-0
20.3293
-0
-0
1.66905
3.19933
18.41
-0
-0
-0
-0
-0
37.2082
-0
-0
-0
9.14916
1.41355
-0
-0
-0
-0
-0
0.0768008
-0
-0
-0
-0
-0
98.5849
-0
26.3376
1.56623
-0
-0
62.2335
-0
-0
31.9247
-0
-0
-0
-0
-0
4.76776
-0
17.5281
-0
-0
-0
-0
-0
-0
-0
-0
-0
-0
-0
22.0661
-0
0.0436044
-0
-0
-0
2.04195
-0
39.0244
42.9793
37.0978
-0
58.9964
7.69367
-0
-0
-0
-0
-0
-0
24.3563
7.16355
14.2044
-0
-0
-0
-0
-0
-0
-0
8.89948
-0
3.14778
-0
-0
-0
-0
-0
-0
-0
-0
-0
-0
-0
-0
-0
17.2054
-0
-0
2.3373
-0
-0
-0
-0
-0
-0
-0
-0
-0
44.9824
28.5589
1.87863
-0
-0
-0
0.00372022
-0
-0
-0
-0
-0
-0
-0
-0
-0
8.86437
-0
-0
48.8868
-0
-0
75.0363
8.40195
53.2914
-0
-0
-0
-0
-0
-0
-0
-0
-0
-0
-0
-0
-0
-0
-0
-0
-0
-0
21.4467
-0
-0
-0
-0
-0
-0
-0
-0
-0
-0
-0
-0
-0
-0
-0
-0
-0
-0
-0
-0
-0
-0
17.8366
-0
-0
-0
-0
-0
-0
-0
-0
-0
-0
13.8546
-0
-0
-0
-0
-0
-0
-0
-0
-0
-0
9.9845
28.9581
-0
-0
-0
18.3662
-0
-0
-0
-0
-0
-0
-0
-0
-0
-0
13.3888
-0
-0
-0
-0
-0
-0
-0
-0
-0
-0
-0
-0
-0
21.8959
-0
-0
6.60421
3.7006
-0
-0
-0
-0
-0
-0
-0
-0
-0
-0
5.27854
-0
9.05515
26.3116
15.5672
-0
52.4284
-0
-0
-0
-0
-0
-0
3.12592
-0
-0
-0
-0
-0
-0
-0
45.2867
36.4694
-0
-0
-0
-0
-0
-0
-0
-0
-0
-0
-0
-0
-0
-0
15.876
-0
-0
-0
11.118
-0
-0
-0
-0
-0
-0
-0
-0
-0
-0
35.9221
-0
-0
-0
-0
-0
-0
-0
-0
27.8019
-0
1.99845
-0
-0
77.1682
-0
-0
1.87689
-0
-0
-0
-0
-0
-0
-0
-0
-0
-0
11.3112
-0
-0
10.7255
-0
-0
-0
-0
-0
-0
-0
-0
-0
3.49493
-0
-0
-0
-0
11.2614
-0
-0
-0
-0
-0
-0
-0
-0
26.1231
-0
-0
-0
-0
-0
12.9746
-0
-0
-0
-0
72.9716
-0
-0
-0
-0
7.80134
5.76553
11.4847
-0
2.592
-0
19.2055
19.6128
-0
26.0691
-0
3.72247
-0
-0
-0
-0
20.4899
-0
-0
-0
-0
-0
-0
-0
-0
10.2111
40.0779
-0
-0
46.1305
-0
-0
-0
-0
-0
-0
-0
-0
-0
7.17009
4.32861
5.40313
-0
12.2141
-0
14.1716
-0
-0
-0
-0
-0
44.6827
-0
-0
-0
4.3398
-0
-0
-0
-0
-0
-0
-0
-0
28.5088
25.7366
-0
-0
12.0385
-0
-0
45.1786
-0
-0
8.91937
-0
-0
32.3675
1.38027
-0
-0
-0
-0
-0
9.31633
-0
-0
-0
7.84255
-0
-0
-0
3.52059
-0
-0
5.6848
16.2419
-0
17.1253
-0
-0
19.3424
-0
-0
16.1055
-0
-0
-0
-0
7.99369
-0
1.17102
29.8894
15.8668
-0
-0
-0
-0
-0
-0
-0
-0
-0
-0
8.45216
-0
-0
-0
-0
20.751
-0
-0
-0
-0
-0
-0
-0
25.1312
-0
-0
-0
-0
-0
-0
-0
-0
9.17126
-0
-0
-0
-0
-0
-0
0.520375
-0
-0
-0
-0
-0
-0
-0
-0
-0
30.2417
53.8429
-0
-0
66.3191
-0
-0
-0
-0
14.5103
-0
5.35052
5.94544
-0
-0
-0
-0
-0
-0
24.042
-0
28.37
-0
-0
-0
-0
-0
-0
-0
-0
-0
-0
-0
-0
-0
0.0398985
-0
-0
-0
-0
-0
-0
-0
-0
-0
-0
-0
-0
-0
-0
6.73755
-0
-0
-0
-0
-0
-0
-0
-0
-0
0.873319
-0
-0
-0
-0
-0
-0
-0
-0
-0
-0
-0
-0
-0
41.3342
13.3406
-0
19.6763
-0
-0
-0
-0
38.8843
-0
-0
4.27934
-0
11.9519
-0
-0
0.63116
2.24802
0.492188
-0
-0
-0
-0
-0
-0
-0
-0
-0
-0
-0
-0
-0
-0
-0
-0
-0
-0
-0
-0
-0
-0
-0
16.6484
-0
-0
-0
-0
-0
-0
6.84489
-0
-0
-0
-0
-0
-0
11.9075
-0
-0
13.1647
-0
-0
6.20855
-0
-0
-0
-0
-0
27.1147
17.8956
-0
44.3684
-0
-0
-0
1.0879
-0
-0
-0
-0
-0
-0
-0
47.5409
-0
-0
-0
-0
-0
-0
-0
-0
-0
-0
-0
-0
47.3298
-0
-0
-0
-0
-0
5.6254
-0
1.31928
-0
-0
-0
-0
-0
-0
16.7686
-0
-0
-0
-0
-0
29.6791
-0
-0
-0
-0
-0
-0
46.0122
66.4348
-0
-0
-0
-0
-0
-0
27.3699
-0
-0
-0
42.8658
-0
6.01406
-0
-0
-0
-0
-0
-0
-0
-0
-0
-0
-0
-0
-0
-0
1.0054
-0
-0
-0
20.5781
-0
-0
19.1205
-0
-0
-0
-0
7.6724
-0
-0
22.9124
-0
-0
-0
-0
-0
39.5449
10.6341
-0
-0
0.204962
-0
-0
-0
-0
25.5794
5.54005
-0
-0
-0
-0
-0
48.7406
-0
-0
-0
-0
15.4597
-0
-0
-0
-0
-0
-0
21.9368
-0
-0
-0
-0
-0
-0
-0
-0
45.4961
-0
36.4846
-0
-0
-0
-0
-0
-0
-0
-0
-0
22.5477
6.85279
5.90694
-0
70.8453
-0
-0
-0
-0
-0
-0
16.8572
-0
-0
7.88198
5.02998
18.9685
-0
-0
-0
-0
-0
-0
-0
-0
9.03528
21.4193
-0
-0
-0
-0
-0
28.4727
2.14049
6.40094
-0
-0
-0
-0
-0
-0
-0
3.12663
-0
-0
-0
2.34503
-0
63.2051
-0
-0
-0
-0
-0
16.7695
-0
-0
6.79166
10.5395
-0
-0
-0
-0
-0
-0
18.6511
-0
-0
-0
-0
44.6833
-0
0.728877
-0
-0
-0
-0
-0
9.2038
-0
-0
-0
-0
-0
-0
-0
28.8982
-0
-0
-0
-0
-0
20.9035
-0
-0
-0
-0
-0
-0
-0
-0
-0
-0
-0
-0
-0
-0
-0
-0
-0
8.23989
4.98572
-0
5.04769
-0
-0
-0
-0
-0
-0
36.1943
-0
26.2223
-0
-0
-0
-0
-0
-0
10.2442
19.9669
-0
-0
-0
-0
-0
-0
20.1828
-0
43.5436
-0
-0
-0
17.1122
-0
-0
-0
-0
-0
-0
-0
-0
-0
-0
11.7103
-0
-0
-0
-0
11.4972
-0
-0
-0
-0
-0
-0
12.007
13.0594
-0
-0
-0
-0
-0
-0
2.4256
-0
-0
36.9584
-0
-0
46.1667
-0
-0
-0
-0
-0
-0
-0
-0
-0
18.7032
-0
-0
26.9368
-0
-0
-0
-0
-0
-0
-0
-0
-0
36.8591
2.02698
13.4639
-0
26.3297
-0
-0
21.2774
-0
20.5489
-0
-0
-0
-0
28.1339
-0
-0
-0
-0
-0
-0
-0
-0
-0
-0
-0
-0
-0
-0
-0
49.4171
18.7457
-0
-0
-0
15.7725
3.69112
-0
-0
-0
-0
-0
-0
-0
12.5885
0.83072
-0
-0
-0
-0
-0
-0
-0
-0
-0
-0
10.7936
20.5634
-0
-0
-0
19.3325
-0
-0
-0
-0
-0
-0
-0
-0
35.8804
-0
-0
-0
-0
-0
-0
33.5709
4.84673
-0
-0
-0
-0
-0
-0
-0
-0
-0
-0
-0
-0
-0
-0
9.96164
60.2376
15.9104
-0
-0
-0
-0
8.03388
-0
-0
-0
-0
-0
-0
-0
-0
3.47687
-0
-0
-0
-0
-0
-0
-0
-0
-0
-0
-0
-0
-0
-0
-0
12.0876
-0
-0
-0
-0
-0
-0
-0
-0
-0
-0
-0
13.5252
-0
-0
5.90507
4.70799
-0
6.66058
-0
-0
-0
-0
8.37889
-0
-0
-0
-0
-0
-0
22.5154
-0
-0
-0
-0
-0
55.6312
-0
-0
-0
-0
-0
1.41752
-0
-0
-0
-0
-0
-0
-0
-0
-0
-0
-0
-0
-0
22.7575
-0
-0
-0
18.4526
-0
-0
-0
-0
14.2124
-0
-0
27.5143
-0
-0
-0
-0
-0
45.9507
-0
3.4062
-0
-0
-0
7.56784
-0
64.4114
23.646
-0
61.0522
-0
-0
-0
-0
-0
76.2768
-0
-0
26.3666
-0
4.6526
48.2143
1.67839
-0
-0
-0
18.0533
-0
-0
-0
-0
-0
-0
41.8358
-0
11.0078
-0
-0
-0
62.0991
-0
-0
45.7743
-0
-0
9.77337
-0
-0
-0
-0
-0
-0
-0
-0
-0
34.9481
-0
-0
-0
-0
-0
-0
7.21086
3.45742
-0
-0
-0
-0
-0
-0
-0
-0
-0
-0
-0
-0
-0
-0
-0
16.9621
-0
-0
37.3991
-0
-0
-0
-0
-0
-0
-0
-0
-0
-0
-0
-0
17.6101
-0
-0
-0
18.6167
-0
-0
-0
-0
-0
-0
-0
-0
22.2393
38.356
50.2819
-0
28.5941
-0
-0
-0
-0
-0
-0
-0
-0
-0
-0
23.3686
-0
-0
56.1262
-0
28.921
-0
-0
40.5804
-0
-0
-0
-0
-0
-0
-0
-0
-0
-0
-0
-0
-0
13.7568
21.1674
6.74098
-0
-0
-0
-0
-0
-0
-0
-0
-0
-0
-0
-0
-0
-0
-0
-0
-0
24.4027
-0
-0
-0
-0
-0
-0
-0
-0
-0
-0
-0
-0
-0
-0
5.26291
-0
-0
-0
-0
-0
2.19648
-0
-0
-0
-0
-0
-0
-0
-0
-0
-0
-0
-0
-0
-0
21.0768
-0
-0
-0
18.6264
-0
-0
-0
-0
-0
-0
-0
-0
-0
4.87657
-0
-0
-0
-0
-0
2.05524
-0
-0
-0
-0
-0
-0
-0
14.4036
-0
-0
-0
-0
-0
-0
-0
-0
-0
-0
-0
-0
38.2672
-0
-0
21.5104
-0
-0
-0
-0
-0
-0
-0
44.8113
10.0187
-0
-0
-0
-0
-0
-0
-0
17.2927
-0
-0
-0
-0
-0
-0
-0
37.9906
-0
-0
-0
-0
-0
-0
-0
-0
-0
-0
-0
-0
-0
-0
29.5843
-0
-0
-0
-0
-0
-0
24.2173
-0
5.13529
-0
-0
-0
12.8735
-0
-0
-0
43.3599
-0
-0
-0
-0
64.5588
-0
3.50326
-0
-0
-0
55.5448
-0
-0
-0
-0
-0
-0
-0
-0
-0
-0
-0
-0
-0
12.906
-0
-0
26.1635
-0
2.87564
50.1715
-0
-0
-0
-0
-0
-0
-0
-0
69.3754
0.472511
-0
-0
15.7464
-0
-0
-0
-0
-0
-0
-0
-0
7.64406
7.07401
-0
17.2903
-0
-0
2.56368
-0
-0
24.0584
-0
-0
-0
34.4949
-0
-0
-0
-0
-0
-0
-0
1.77256
4.38477
33.0767
16.5456
-0
17.9271
-0
19.5929
-0
-0
-0
-0
-0
13.8933
-0
-0
-0
-0
-0
-0
-0
40.6272
-0
-0
-0
-0
-0
9.70837
-0
-0
-0
-0
22.1777
-0
-0
-0
-0
-0
36.3507
10.8849
3.91603
-0
-0
-0
-0
-0
-0
3.77411
-0
-0
-0
35.7401
-0
8.21415
-0
-0
-0
10.399
-0
-0
-0
-0
-0
-0
-0
-0
-0
-0
-0
-0
8.5831
-0
0.0988272
-0
-0
-0
-0
3.12714
-0
34.7851
-0
-0
17.9218
-0
-0
-0
-0
-0
-0
-0
-0
-0
16.1454
31.3198
-0
0.352068
-0
-0
-0
-0
-0
-0
-0
-0
-0
-0
-0
-0
-0
-0
-0
-0
14.071
-0
-0
-0
-0
-0
-0
-0
-0
-0
-0
-0
-0
-0
-0
-0
-0
-0
13.5139
-0
-0
-0
-0
-0
6.06721
-0
2.21126
-0
-0
-0
-0
-0
-0
-0
-0
1.4702
-0
-0
-0
-0
-0
-0
-0
-0
-0
-0
-0
-0
-0
-0
-0
-0
39.1159
-0
-0
-0
-0
-0
-0
-0
-0
-0
-0
-0
-0
26.5194
-0
-0
-0
-0
-0
-0
-0
-0
-0
-0
-0
-0
-0
-0
25.8627
-0
-0
-0
-0
-0
-0
-0
-0
-0
2.64613
-0
-0
13.3804
-0
-0
8.2069
25.5346
-0
-0
-0
-0
-0
-0
-0
-0
-0
-0
-0
106.215
-0
-0
-0
-0
-0
-0
-0
-0
18.8123
12.3144
-0
-0
-0
25.2109
-0
-0
57.6751
-0
-0
1.89353
31.1509
8.28985
-0
-0
-0
-0
31.7811
-0
-0
-0
60.3284
-0
-0
5.61493
20.2495
-0
-0
64.3262
41.6286
-0
-0
38.9481
-0
-0
20.2431
-0
-0
-0
-0
-0
-0
-0
-0
-0
-0
0.709662
-0
26.1983
-0
-0
-0
-0
-0
-0
-0
0.592038
-0
-0
3.62157
-0
-0
-0
12.5475
-0
-0
-0
19.912
-0
-0
-0
-0
40.461
-0
-0
20.1156
-0
-0
-0
-0
-0
-0
-0
-0
-0
-0
46.7099
7.6549
-0
18.2681
36.6492
-0
-0
-0
-0
-0
-0
24.7694
-0
-0
-0
29.5315
45.161
-0
-0
-0
-0
1.50262
-0
36.8263
-0
-0
-0
-0
0.0599193
-0
-0
-0
15.7144
-0
10.8562
-0
-0
35.0652
-0
-0
-0
-0
-0
-0
11.3992
41.5847
-0
44.1437
-0
47.3825
-0
-0
40.5394
-0
-0
-0
12.6949
-0
-0
-0
18.4945
-0
-0
10.0279
-0
-0
-0
-0
-0
-0
8.1383
-0
-0
-0
-0
-0
-0
5.25336
-0
-0
-0
-0
-0
10.0889
-0
2.35338
-0
33.0737
-0
-0
-0
-0
-0
-0
-0
-0
-0
-0
-0
-0
1.04731
-0
-0
-0
-0
17.6076
-0
-0
-0
10.0464
-0
-0
21.3881
-0
-0
-0
-0
-0
-0
-0
-0
-0
-0
-0
-0
-0
-0
-0
-0
-0
-0
-0
24.9836
-0
76.1715
-0
-0
-0
54.5818
-0
-0
18.0913
11.6968
-0
-0
-0
-0
-0
12.5592
1.83581
-0
37.1659
-0
-0
-0
-0
36.4262
27.6129
-0
-0
11.6448
-0
-0
-0
-0
-0
25.1482
-0
-0
-0
-0
-0
-0
-0
-0
-0
-0
-0
10.8401
-0
-0
-0
-0
-0
-0
-0
-0
0.498907
22.1763
-0
-0
-0
-0
-0
-0
-0
-0
7.45346
21.694
-0
-0
-0
-0
-0
-0
-0
0.299943
-0
-0
-0
29.1082
38.4319
-0
-0
-0
-0
-0
-0
-0
2.19639
-0
-0
-0
23.5968
-0
-0
-0
-0
-0
-0
21.4122
-0
-0
-0
-0
-0
-0
-0
-0
-0
-0
19.7761
-0
8.53748
-0
-0
-0
4.02485
28.7241
-0
-0
-0
-0
-0
-0
36.3404
-0
-0
-0
-0
-0
-0
22.5905
-0
18.0311
7.09298
32.9503
-0
28.0131
-0
-0
-0
-0
31.882
19.6891
-0
7.45119
-0
-0
-0
-0
-0
-0
-0
-0
-0
-0
-0
-0
-0
-0
-0
-0
3.8024
-0
-0
-0
-0
-0
14.2463
12.4109
-0
-0
-0
-0
-0
-0
-0
51.9856
-0
-0
-0
-0
-0
-0
3.18764
7.65048
-0
-0
-0
-0
-0
-0
-0
-0
0.508492
-0
15.1732
-0
-0
-0
-0
-0
-0
-0
-0
-0
-0
-0
-0
-0
-0
-0
-0
52.0246
44.5687
50.5576
-0
-0
-0
4.2524
6.81602
-0
-0
-0
-0
-0
-0
2.16841
-0
-0
-0
-0
-0
-0
3.65901
-0
-0
-0
-0
-0
27.4321
16.3367
-0
-0
-0
-0
-0
-0
-0
-0
-0
-0
-0
-0
4.01575
-0
-0
10.5346
-0
-0
15.9517
-0
26.6982
-0
-0
-0
-0
-0
30.854
-0
41.1698
-0
-0
33.0304
-0
-0
-0
-0
-0
-0
-0
7.71285
-0
19.0891
32.2702
38.8568
20.8719
-0
-0
-0
-0
-0
3.70013
-0
8.42996
-0
-0
-0
2.26064
-0
-0
-0
-0
-0
-0
-0
-0
-0
-0
-0
11.4274
-0
-0
-0
-0
-0
-0
-0
-0
-0
-0
-0
-0
-0
-0
25.9046
-0
19.2369
-0
-0
-0
-0
-0
-0
-0
21.1022
-0
-0
-0
26.7664
-0
-0
-0
-0
-0
-0
-0
-0
-0
-0
-0
4.42116
28.6128
6.85067
-0
-0
-0
-0
-0
-0
-0
-0
-0
-0
-0
-0
-0
-0
-0
-0
3.31971
-0
-0
15.4174
-0
-0
-0
-0
-0
-0
-0
-0
-0
-0
21.6625
9.56386
-0
-0
-0
-0
-0
-0
-0
-0
-0
-0
4.73951
-0
-0
-0
29.0147
-0
-0
-0
-0
-0
-0
10.2228
-0
-0
-0
9.44255
-0
-0
13.2251
-0
-0
-0
11.7563
-0
40.0547
-0
27.8179
-0
-0
4.634
-0
-0
-0
-0
-0
42.7373
-0
-0
-0
-0
5.3261
-0
-0
-0
15.6347
-0
-0
18.8147
17.5973
-0
-0
-0
-0
5.4998
19.5046
-0
-0
23.7372
-0
-0
-0
-0
-0
-0
-0
-0
-0
-0
-0
-0
-0
12.3447
-0
-0
-0
-0
-0
-0
-0
-0
-0
-0
-0
-0
-0
10.1611
-0
17.3622
2.273
-0
-0
-0
19.9775
9.54512
28.7117
-0
-0
33.335
-0
-0
-0
-0
-0
8.35049
-0
14.402
-0
-0
3.23067
-0
-0
54.5175
-0
-0
-0
25.1291
-0
26.3362
-0
-0
10.3032
-0
-0
-0
-0
-0
9.40111
-0
-0
-0
-0
-0
-0
-0
-0
-0
-0
-0
-0
-0
0.892737
-0
-0
-0
-0
-0
40.1809
-0
-0
6.30845
-0
-0
-0
35.5997
-0
-0
-0
-0
-0
-0
-0
19.7459
-0
-0
-0
-0
-0
-0
-0
-0
-0
-0
46.823
-0
-0
-0
-0
-0
-0
-0
-0
-0
35.2046
-0
-0
-0
-0
32.5677
-0
-0
-0
-0
-0
-0
-0
-0
-0
-0
-0
-0
9.25162
-0
-0
-0
-0
-0
4.53393
-0
2.61714
-0
6.21354
-0
16.934
-0
-0
-0
-0
-0
-0
-0
-0
-0
-0
2.16206
-0
3.44573
26.519
-0
-0
-0
16.9591
-0
-0
-0
-0
-0
-0
0.623591
7.23632
-0
-0
-0
22.9885
7.63232
-0
-0
-0
-0
3.31213
17.2459
6.45184
-0
-0
-0
-0
-0
4.37818
-0
-0
-0
-0
51.6202
-0
-0
-0
24.9747
-0
-0
-0
16.257
3.56951
-0
-0
-0
-0
-0
-0
-0
16.0456
-0
-0
-0
-0
-0
30.7319
-0
3.68866
-0
-0
2.54439
-0
-0
-0
-0
-0
-0
-0
-0
-0
-0
-0
-0
-0
-0
-0
73.4177
-0
-0
-0
-0
-0
-0
-0
-0
-0
-0
2.22224
-0
-0
-0
-0
42.7646
-0
-0
-0
12.9718
-0
-0
40.6444
25.268
-0
-0
-0
22.8827
-0
-0
-0
11.3846
3.7158
-0
1.35645
-0
-0
-0
-0
-0
-0
24.5833
-0
-0
-0
-0
14.1865
39.5064
-0
-0
8.54189
-0
-0
-0
38.1085
-0
20.9867
-0
37.0766
28.0764
-0
-0
-0
30.0693
-0
25.9218
-0
0.138839
-0
-0
-0
-0
-0
-0
-0
-0
-0
-0
-0
48.534
-0
-0
-0
6.2409
-0
-0
9.7381
4.74646
-0
-0
29.5038
-0
-0
-0
-0
-0
10.4901
-0
-0
-0
-0
-0
-0
-0
4.59594
12.6493
-0
-0
-0
-0
-0
-0
-0
14.5298
-0
-0
2.144
-0
-0
-0
-0
-0
-0
7.17739
-0
-0
4.26901
-0
25.7018
23.8774
-0
13.2142
-0
-0
-0
-0
-0
-0
5.824
-0
-0
31.146
-0
-0
-0
20.7823
-0
-0
-0
-0
-0
-0
-0
-0
-0
-0
-0
-0
-0
-0
-0
47.2183
15.3833
-0
-0
-0
-0
-0
-0
-0
-0
-0
38.1686
-0
-0
20.3103
-0
-0
70.4802
-0
22.9815
-0
-0
11.3
-0
27.2359
-0
56.6899
-0
-0
-0
-0
-0
-0
-0
-0
-0
-0
32.1939
30.3246
-0
-0
-0
-0
-0
-0
-0
-0
-0
-0
-0
-0
5.50268
1.23645
-0
-0
-0
-0
-0
-0
-0
-0
-0
-0
-0
-0
-0
4.07803
27.5981
-0
-0
-0
-0
-0
-0
-0
-0
20.0465
-0
-0
-0
-0
-0
-0
-0
-0
-0
4.43897
-0
13.5697
-0
-0
-0
-0
-0
-0
-0
-0
-0
-0
-0
-0
-0
14.4602
31.4876
-0
27.9422
-0
-0
-0
40.441
7.55815
-0
-0
-0
-0
-0
-0
-0
-0
-0
-0
-0
23.616
27.5176
-0
-0
-0
3.89166
-0
-0
-0
-0
-0
-0
-0
0.577255
-0
-0
-0
11.8698
-0
1.72767
42.0519
-0
16.442
-0
-0
-0
-0
11.8428
-0
-0
19.8078
-0
-0
-0
-0
-0
0.949184
-0
17.5986
-0
-0
-0
-0
-0
-0
-0
-0
-0
-0
-0
-0
3.89056
-0
-0
-0
26.4519
-0
-0
-0
35.9671
33.0462
-0
-0
-0
1.7032
-0
-0
16.6984
-0
-0
-0
-0
-0
-0
-0
-0
17.1766
-0
-0
-0
-0
-0
8.70822
-0
-0
-0
-0
-0
-0
-0
-0
4.65946
-0
-0
-0
17.8032
-0
4.07016
-0
-0
40.9931
-0
-0
-0
-0
-0
-0
-0
-0
-0
44.6938
-0
-0
-0
-0
16.6571
-0
-0
-0
12.8941
27.3563
0.261924
15.6299
10.0542
11.3282
-0
-0
-0
-0
-0
1.55886
-0
-0
-0
-0
-0
8.3666
-0
-0
-0
-0
-0
-0
-0
-0
33.0928
-0
-0
-0
-0
49.0241
-0
-0
-0
-0
-0
-0
28.426
-0
-0
-0
-0
-0
-0
66.1606
-0
-0
34.1664
-0
-0
-0
-0
-0
17.05
-0
-0
26.4109
-0
-0
-0
-0
-0
-0
-0
-0
-0
-0
-0
-0
-0
6.33245
-0
-0
-0
-0
-0
-0
-0
-0
24.6312
-0
11.6411
-0
-0
12.9558
18.9342
-0
6.29053
-0
1.639
-0
-0
-0
-0
-0
-0
-0
-0
-0
14.3847
-0
-0
-0
-0
-0
-0
-0
-0
-0
-0
-0
5.45115
-0
-0
-0
-0
-0
-0
-0
-0
-0
-0
-0
-0
-0
-0
-0
13.6035
-0
-0
6.60266
-0
-0
-0
-0
-0
-0
20.7792
9.35058
-0
-0
-0
27.9566
-0
-0
-0
-0
-0
54.5335
-0
-0
20.2745
20.1245
4.08596
-0
-0
-0
-0
-0
17.1636
-0
16.4077
-0
-0
-0
-0
-0
-0
-0
-0
-0
30.3034
-0
-0
-0
-0
-0
-0
-0
-0
-0
-0
-0
-0
-0
32.6181
-0
0.75015
0.57715
25.9775
-0
-0
-0
-0
-0
-0
-0
10.1754
-0
23.8393
20.9376
-0
-0
-0
-0
-0
-0
-0
-0
-0
-0
53.6736
-0
-0
-0
-0
-0
5.07847
-0
-0
-0
-0
-0
-0
-0
-0
-0
-0
-0
23.049
-0
-0
-0
-0
-0
42.1298
20.6324
22.3678
-0
15.478
-0
33.6209
-0
27.8025
-0
-0
2.47252
0.475213
-0
-0
-0
37.2485
-0
10.688
0.89507
-0
-0
7.71704
-0
-0
-0
32.5692
-0
31.0898
-0
4.24917
-0
3.93393
6.1488
-0
-0
-0
-0
-0
-0
31.3518
5.33702
-0
39.2535
-0
11.4513
18.6873
-0
5.54004
-0
-0
1.5382
-0
-0
-0
0.685922
-0
-0
-0
25.0426
-0
-0
-0
-0
-0
-0
5.42777
-0
-0
-0
-0
4.89897
-0
-0
15.8367
-0
-0
-0
-0
-0
23.215
-0
56.0851
18.4819
-0
-0
-0
-0
-0
-0
-0
-0
-0
-0
-0
-0
-0
-0
-0
-0
24.7727
-0
-0
-0
-0
-0
-0
31.2472
-0
-0
-0
10.1994
-0
6.36192
-0
1.56342
-0
3.80615
-0
-0
-0
-0
-0
-0
-0
9.06944
-0
-0
-0
-0
-0
-0
-0
-0
9.71121
6.66997
23.8534
-0
-0
4.97163
-0
11.0027
-0
-0
-0
-0
5.30621
-0
-0
-0
1.07478
-0
-0
-0
9.34027
-0
-0
57.5417
-0
-0
0.517009
2.06428
-0
-0
9.66862
-0
-0
-0
5.40007
-0
59.3625
-0
-0
-0
-0
-0
-0
-0
-0
-0
-0
-0
-0
18.7324
-0
27.6853
0.17159
-0
-0
-0
-0
-0
-0
-0
-0
-0
-0
-0
-0
12.1093
-0
-0
-0
-0
-0
-0
33.4829
-0
-0
-0
-0
-0
-0
-0
1.85394
-0
6.57131
35.1071
-0
-0
-0
21.7282
-0
-0
23.1993
-0
-0
-0
52.7728
-0
-0
33.8035
29.9755
5.37797
-0
29.7012
-0
-0
-0
-0
-0
-0
26.738
16.3991
2.88784
-0
-0
-0
-0
-0
-0
-0
18.6116
13.9214
-0
-0
-0
31.1397
-0
-0
-0
-0
-0
-0
-0
24.582
-0
27.3399
-0
-0
-0
1.26629
6.68661
-0
-0
-0
-0
25.2971
24.3293
39.7544
-0
-0
-0
-0
-0
-0
-0
-0
-0
-0
-0
-0
-0
-0
-0
-0
43.3273
-0
-0
-0
-0
-0
-0
-0
-0
-0
-0
30.6332
-0
-0
-0
-0
-0
-0
1.67595
-0
-0
-0
-0
-0
-0
-0
-0
-0
-0
-0
-0
17.7633
-0
-0
-0
13.1921
-0
-0
-0
-0
-0
-0
-0
-0
30.973
8.42568
16.647
-0
-0
-0
31.0015
-0
-0
-0
-0
-0
-0
-0
0.783421
-0
31.2985
-0
-0
4.66681
-0
-0
-0
15.5493
-0
-0
34.1905
-0
65.4442
-0
-0
-0
-0
-0
20.7153
-0
-0
-0
-0
-0
27.7898
-0
-0
-0
18.6412
20.7412
18.7097
-0
-0
-0
-0
-0
-0
-0
-0
-0
-0
25.071
-0
10.7833
-0
39.1285
-0
-0
-0
-0
-0
22.0731
-0
-0
-0
-0
28.0445
3.92226
51.5078
-0
-0
-0
-0
-0
-0
-0
4.97562
-0
-0
-0
14.6724
-0
-0
9.97217
45.5448
-0
-0
-0
-0
-0
6.58645
-0
15.138
-0
-0
-0
22.6179
-0
-0
-0
-0
10.7635
-0
-0
33.9781
-0
13.1943
-0
-0
8.24471
-0
-0
-0
-0
-0
-0
-0
-0
-0
-0
-0
9.56485
-0
-0
52.5127
-0
-0
-0
-0
-0
-0
-0
-0
-0
-0
-0
-0
-0
-0
-0
-0
-0
-0
59.9677
-0
-0
-0
-0
-0
-0
-0
-0
-0
-0
-0
-0
-0
55.419
19.3015
8.84432
-0
-0
-0
-0
2.95513
-0
-0
-0
12.5927
-0
-0
-0
-0
-0
15.9392
-0
-0
-0
-0
-0
-0
-0
-0
4.03579
-0
-0
-0
-0
-0
-0
-0
-0
-0
-0
-0
14.0645
-0
-0
-0
11.1822
-0
-0
-0
-0
84.4632
-0
-0
10.2627
-0
-0
2.98281
-0
-0
-0
-0
46.2506
2.42383
13.9308
-0
-0
25.9363
-0
3.08196
113.494
18.7791
-0
4.5233
-0
-0
18.1945
-0
-0
-0
-0
-0
-0
-0
-0
5.13532
-0
-0
-0
-0
-0
-0
-0
2.39583
14.3308
-0
-0
-0
11.827
-0
-0
7.15948
-0
-0
-0
20.935
-0
-0
-0
-0
24.106
-0
-0
-0
-0
-0
-0
5.03712
32.2619
-0
-0
-0
-0
-0
-0
-0
-0
-0
11.1258
-0
1.03734
-0
-0
-0
-0
52.5695
-0
-0
-0
-0
-0
-0
3.92829
-0
