0.633657
-0
-0
-0
-0
-0
-0
-0
-0
38.7315
47.7198
-0
-0
-0
-0
16.5836
-0
-0
-0
-0
-0
-0
-0
-0
9.74306
-0
-0
-0
-0
-0
-0
-0
-0
-0
1.11112
-0
-0
-0
-0
-0
21.9382
-0
-0
-0
-0
14.3502
-0
-0
-0
-0
-0
-0
0.356772
-0
-0
-0
14.1369
3.1799
0.119737
25.2718
-0
-0
-0
-0
16.8997
-0
-0
-0
-0
2.39951
-0
-0
-0
-0
-0
-0
-0
-0
-0
-0
-0
88.4154
-0
5.21049
-0
-0
-0
11.8933
-0
-0
57.73
-0
-0
-0
43.3795
-0
13.5648
-0
34.9319
-0
-0
-0
-0
-0
-0
-0
-0
-0
-0
-0
20.2393
-0
-0
-0
-0
-0
-0
-0
25.7474
27.2719
37.5895
-0
33.8607
21.4409
-0
-0
-0
-0
-0
0.127527
2.99877
25.1035
-0
-0
-0
-0
-0
-0
-0
-0
-0
-0
20.9003
-0
-0
-0
-0
-0
-0
-0
-0
-0
-0
9.42035
-0
-0
37.3863
-0
-0
4.78012
61.2539
0.554095
-0
-0
-0
-0
-0
-0
-0
83.6872
-0
4.58411
-0
-0
-0
-0
-0
-0
3.34382
-0
-0
-0
-0
-0
-0
8.73003
-0
-0
34.6249
-0
20.0529
21.9292
-0
34.8304
-0
-0
-0
-0
-0
-0
-0
-0
-0
-0
-0
-0
-0
14.0695
-0
-0
-0
-0
52.62
-0
-0
18.5207
-0
-0
-0
-0
-0
-0
-0
-0
-0
-0
-0
-0
-0
25.3479
-0
-0
-0
-0
-0
-0
-0
-0
-0
-0
-0
-0
-0
-0
-0
-0
32.1095
-0
-0
-0
-0
-0
-0
-0
-0
-0
-0
-0
11.2562
-0
-0
-0
-0
2.18989
-0
-0
-0
-0
-0
-0
-0
0.680108
-0
20.1926
-0
-0
-0
-0
-0
-0
-0
-0
-0
-0
-0
-0
-0
4.18933
-0
-0
4.12323
-0
-0
-0
-0
-0
40.3094
-0
-0
30.4675
-0
-0
3.0695
-0
-0
42.444
55.9344
-0
32.9932
-0
21.5279
-0
-0
-0
-0
0.864432
-0
-0
-0
0.180898
-0
-0
-0
25.767
23.5465
-0
45.5826
-0
-0
-0
-0
-0
-0
-0
-0
-0
-0
-0
-0
5.43735
-0
-0
-0
-0
14.5981
-0
-0
-0
-0
-0
-0
-0
-0
-0
24.6236
-0
-0
-0
-0
-0
-0
-0
-0
48.7871
15.8861
2.43136
-0
-0
29.1639
-0
-0
23.7483
1.24059
-0
-0
-0
-0
-0
-0
-0
-0
1.29248
8.03991
-0
-0
60.1517
-0
-0
-0
-0
-0
-0
-0
-0
-0
-0
-0
3.29103
-0
-0
-0
-0
-0
-0
-0
-0
-0
-0
-0
14.4691
-0
-0
-0
-0
-0
-0
-0
-0
-0
-0
70.0397
-0
-0
-0
-0
-0
-0
-0
-0
19.8336
-0
0.864739
-0
-0
12.8453
-0
-0
-0
-0
-0
-0
-0
4.09985
-0
-0
-0
-0
-0
-0
-0
18.1186
7.19678
-0
-0
40.0252
0.662153
-0
-0
-0
-0
-0
-0
-0
-0
58.5034
-0
31.964
-0
-0
-0
-0
-0
-0
-0
-0
1.25697
24.5664
-0
-0
-0
-0
-0
-0
-0
-0
-0
-0
-0
-0
33.2239
26.1833
-0
-0
-0
7.63852
57.0491
69.8294
-0
18.7822
30.8251
-0
-0
46.2263
-0
-0
-0
-0
-0
-0
19.1816
-0
-0
38.966
6.07644
-0
-0
-0
-0
6.51819
-0
37.3645
-0
-0
7.93964
-0
-0
12.346
-0
-0
-0
-0
-0
-0
-0
19.8674
-0
9.17387
14.0304
-0
-0
-0
-0
-0
-0
-0
12.8191
-0
-0
-0
11.8653
-0
-0
-0
-0
100.542
32.0817
-0
-0
39.5147
-0
-0
-0
0.88517
-0
-0
-0
-0
-0
-0
-0
-0
-0
-0
-0
-0
11.027
-0
-0
-0
0.642507
-0
-0
-0
-0
-0
21.2463
-0
-0
-0
22.3282
-0
-0
22.2276
-0
-0
-0
-0
-0
34.6942
-0
34.6719
-0
-0
-0
-0
-0
-0
33.369
-0
-0
-0
-0
4.21538
-0
-0
-0
12.975
-0
-0
-0
-0
-0
-0
5.57209
-0
-0
-0
-0
-0
-0
-0
-0
-0
-0
-0
-0
-0
-0
-0
-0
-0
-0
-0
-0
-0
-0
-0
-0
-0
1.65903
-0
-0
-0
-0
-0
-0
-0
-0
-0
-0
-0
-0
-0
19.0699
-0
67.4711
-0
-0
-0
-0
19.8328
-0
-0
-0
-0
-0
-0
-0
1.62884
-0
-0
-0
-0
-0
-0
26.4304
-0
-0
16.2432
-0
-0
-0
-0
-0
-0
-0
-0
-0
-0
18.276
-0
-0
-0
-0
6.13884
-0
-0
-0
-0
-0
-0
-0
-0
-0
-0
-0
-0
-0
-0
-0
-0
19.8242
-0
-0
-0
-0
-0
-0
-0
-0
52.3593
-0
-0
29.4543
-0
-0
-0
0.508021
-0
-0
-0
-0
-0
-0
-0
4.83277
-0
-0
-0
-0
4.07361
-0
-0
-0
-0
-0
-0
-0
47.5269
-0
-0
-0
-0
-0
-0
-0
1.91362
-0
-0
15.9031
-0
-0
-0
-0
-0
-0
-0
-0
-0
60.9714
-0
-0
-0
-0
-0
-0
33.3073
35.5033
-0
-0
-0
-0
-0
-0
7.50052
-0
15.9792
-0
54.4026
34.7175
55.6288
-0
-0
-0
-0
13.6075
-0
-0
-0
-0
-0
-0
-0
-0
-0
2.8568
-0
-0
-0
9.7104
-0
-0
12.294
-0
-0
-0
-0
6.56576
-0
-0
19.4935
-0
-0
8.77771
-0
-0
64.6797
11.7858
-0
-0
-0
-0
-0
-0
5.80229
27.1173
-0
-0
-0
32.9188
-0
-0
24.0445
-0
-0
-0
17.1363
8.01201
-0
-0
-0
-0
-0
-0
-0
-0
-0
-0
-0
-0
-0
-0
-0
27.6747
-0
39.6832
-0
-0
-0
-0
-0
-0
-0
-0
-0
-0
-0
-0
5.52595
2.19614
-0
-0
-0
-0
-0
-0
-0
43.174
-0
-0
-0
-0
-0
-0
-0
1.91944
-0
-0
-0
-0
-0
63.6327
-0
-0
-0
-0
-0
-0
42.5302
-0
-0
-0
-0
-0
18.7499
-0
-0
57.2411
-0
-0
-0
-0
-0
40.2407
-0
-0
-0
-0
-0
12.0212
-0
-0
-0
9.92987
5.26055
-0
31.7781
-0
-0
-0
-0
-0
-0
-0
-0
53.1667
10.4473
-0
-0
-0
-0
-0
-0
36.5075
-0
-0
-0
-0
-0
13.3763
-0
-0
-0
25.0197
-0
-0
11.2018
28.3008
-0
-0
-0
-0
-0
-0
-0
-0
-0
-0
-0
-0
-0
-0
-0
-0
-0
28.7293
-0
-0
-0
-0
-0
-0
-0
-0
-0
-0
-0
-0
-0
-0
0.711745
-0
-0
-0
11.7688
-0
-0
-0
-0
-0
-0
-0
-0
-0
-0
-0
-0
-0
-0
-0
-0
-0
-0
-0
-0
-0
-0
-0
-0
13.6782
-0
-0
-0
-0
18.847
-0
-0
-0
-0
-0
30.7587
-0
28.654
-0
-0
-0
-0
-0
-0
-0
-0
-0
0.450911
-0
-0
58.4042
-0
-0
-0
-0
-0
-0
-0
11.8091
-0
26.7292
-0
-0
16.7696
-0
-0
-0
-0
-0
-0
-0
-0
-0
4.3311
-0
3.58804
-0
-0
-0
-0
-0
-0
0.600784
-0
26.9039
-0
-0
0.541815
-0
-0
-0
-0
-0
-0
-0
-0
14.6417
-0
26.3454
-0
-0
-0
-0
24.9807
-0
-0
-0
-0
6.03368
23.0796
-0
-0
-0
-0
-0
-0
-0
15.7063
7.20893
-0
-0
-0
-0
-0
-0
-0
-0
-0
-0
-0
7.05374
-0
-0
-0
-0
-0
-0
-0
-0
2.38235
17.9218
-0
-0
31.9382
-0
-0
-0
-0
-0
-0
21.2463
-0
-0
-0
-0
-0
-0
-0
20.0176
-0
-0
-0
-0
0.0754809
-0
-0
1.41383
22.4446
-0
3.95093
-0
-0
-0
31.2516
-0
-0
-0
-0
-0
-0
-0
-0
-0
-0
-0
-0
-0
-0
-0
-0
15.7587
-0
-0
-0
-0
-0
-0
-0
-0
-0
-0
-0
-0
9.83388
-0
19.2902
-0
-0
-0
-0
8.66828
-0
-0
-0
-0
-0
-0
-0
-0
0.0431356
-0
10.6823
-0
-0
-0
-0
-0
-0
1.50531
-0
-0
-0
-0
-0
31.3089
-0
-0
-0
-0
-0
-0
-0
-0
-0
-0
-0
-0
-0
-0
-0
1.41978
-0
-0
-0
23.7589
-0
-0
-0
-0
-0
-0
-0
-0
42.8549
-0
-0
11.934
-0
-0
-0
-0
-0
12.1989
0.341074
-0
-0
-0
-0
-0
-0
28.7209
7.16006
-0
27.0442
-0
-0
-0
-0
-0
43.1636
-0
-0
55.6186
-0
-0
6.27587
21.5231
-0
-0
54.8719
119.856
-0
-0
-0
-0
-0
-0
33.463
-0
8.17075
-0
-0
-0
14.3196
-0
-0
51.1853
-0
-0
-0
-0
-0
-0
-0
-0
-0
-0
0.820413
-0
1.452
-0
-0
37.4375
-0
-0
10.5098
-0
-0
-0
-0
-0
-0
-0
-0
-0
-0
-0
-0
-0
-0
-0
-0
-0
10.5071
17.7787
-0
20.8769
-0
-0
18.9126
-0
-0
-0
-0
-0
-0
-0
-0
-0
-0
-0
-0
-0
-0
-0
-0
-0
-0
-0
-0
-0
-0
66.572
83.6729
24.9975
-0
18.3668
-0
-0
-0
-0
-0
65.8701
-0
-0
-0
-0
-0
-0
-0
-0
-0
14.9842
7.64247
-0
39.5477
-0
-0
-0
-0
-0
-0
-0
-0
-0
-0
2.88731
-0
17.66
-0
24.0702
-0
-0
-0
-0
-0
-0
-0
-0
-0
-0
-0
-0
-0
-0
-0
-0
0.66096
-0
-0
-0
-0
-0
-0
-0
-0
-0
-0
-0
-0
-0
-0
-0
-0
-0
-0
-0
-0
-0
-0
30.6365
-0
-0
24.7777
-0
-0
-0
-0
13.1543
-0
-0
-0
-0
-0
-0
-0
-0
11.6256
1.11092
34.061
-0
-0
-0
-0
-0
-0
-0
-0
-0
-0
-0
4.78798
-0
-0
-0
-0
-0
-0
-0
-0
-0
-0
-0
-0
-0
-0
-0
-0
-0
-0
-0
-0
-0
-0
-0
-0
19.8746
-0
-0
24.4432
-0
-0
-0
-0
6.0769
-0
-0
52.019
6.29785
-0
24.4726
8.86904
-0
-0
-0
-0
-0
-0
-0
-0
-0
-0
-0
-0
39.5609
-0
-0
-0
-0
-0
-0
-0
-0
-0
-0
-0
-0
-0
-0
50.4649
-0
-0
-0
-0
-0
-0
-0
-0
-0
-0
-0
-0
11.5299
-0
-0
-0
17.4146
-0
-0
-0
-0
81.5973
-0
11.9179
-0
-0
-0
20.1057
-0
-0
-0
-0
-0
-0
-0
-0
-0
-0
-0
-0
-0
-0
-0
-0
23.7874
-0
2.12598
48.1773
-0
-0
-0
-0
-0
-0
-0
-0
58.2686
-0
-0
-0
-0
-0
-0
-0
-0
-0
-0
-0
-0
-0
-0
-0
28.9545
-0
-0
-0
-0
-0
57.2879
-0
-0
-0
34.6086
-0
-0
-0
-0
-0
-0
19.1924
-0
-0
24.7829
10.7165
-0
22.2693
-0
-0
-0
-0
-0
17.7629
-0
26.7726
-0
-0
-0
-0
-0
-0
-0
11.448
-0
-0
-0
-0
-0
76.5638
-0
-0
-0
-0
48.2795
-0
-0
-0
-0
-0
-0
-0
-0
-0
-0
-0
-0
-0
-0
-0
-0
-0
-0
6.43886
-0
33.7108
-0
-0
-0
-0
-0
-0
-0
-0
-0
-0
-0
-0
-0
-0
-0
-0
6.59009
-0
-0
-0
-0
14.186
-0
-0
-0
-0
-0
-0
53.1918
-0
-0
-0
-0
-0
-0
-0
-0
-0
65.7968
15.8394
30.9081
-0
-0
-0
-0
-0
-0
5.79299
-0
-0
-0
-0
-0
-0
-0
14.734
-0
-0
-0
-0
-0
-0
-0
19.1541
-0
-0
-0
3.35435
-0
-0
-0
-0
-0
29.6075
-0
-0
10.6463
-0
-0
-0
-0
-0
-0
-0
-0
-0
-0
-0
-0
-0
-0
-0
-0
-0
-0
-0
-0
-0
-0
-0
-0
-0
-0
-0
-0
-0
-0
16.0874
-0
-0
36.7538
-0
-0
-0
-0
-0
-0
-0
-0
-0
-0
-0
-0
8.72123
-0
-0
-0
-0
-0
-0
-0
-0
-0
-0
-0
-0
-0
-0
0.394898
-0
3.71982
-0
-0
-0
-0
-0
-0
41.325
3.067
-0
-0
-0
-0
8.17207
-0
8.82558
-0
-0
-0
-0
-0
-0
-0
-0
-0
-0
-0
71.1155
-0
-0
-0
-0
-0
-0
-0
-0
15.9973
34.4404
-0
-0
-0
-0
-0
-0
-0
-0
-0
0.246692
10.8551
-0
-0
-0
-0
-0
27.278
-0
-0
-0
99.3075
-0
-0
-0
83.3112
-0
-0
79.2665
18.2658
-0
-0
1.60855
-0
-0
-0
-0
3.71396
-0
-0
-0
-0
-0
-0
-0
-0
12.6389
-0
30.7029
1.60267
-0
-0
-0
-0
-0
-0
21.4667
-0
-0
-0
-0
-0
-0
12.2921
-0
-0
-0
3.3099
-0
-0
5.55678
19.921
37.2022
-0
4.58119
51.5231
-0
-0
-0
-0
11.891
-0
-0
-0
-0
-0
24.0187
15.1937
-0
34.9938
-0
-0
-0
-0
-0
-0
-0
25.0489
-0
-0
-0
23.8918
42.1047
-0
-0
-0
-0
2.77164
-0
31.6218
-0
-0
-0
-0
0.090691
-0
-0
-0
22.5994
-0
11.6156
35.6085
-0
70.4836
-0
-0
8.31782
-0
2.42847
-0
31.0926
31.441
-0
57.8045
-0
55.5936
-0
-0
29.607
-0
-0
-0
26.8959
-0
-0
-0
-0
-0
-0
66.0817
-0
-0
-0
-0
-0
-0
-0
-0
-0
-0
41.3195
-0
-0
9.89044
-0
-0
-0
-0
-0
58.5776
-0
-0
-0
4.09687
-0
-0
-0
17.1608
-0
-0
-0
-0
-0
-0
-0
-0
-0
-0
-0
-0
-0
-0
-0
-0
-0
11.4265
-0
9.55274
-0
-0
10.974
-0
-0
-0
-0
-0
-0
-0
-0
-0
-0
-0
-0
-0
-0
-0
-0
10.9733
19.6564
-0
23.5851
-0
-0
-0
68.2775
-0
-0
1.65209
-0
-0
-0
-0
-0
-0
10.9521
7.38762
-0
-0
-0
-0
-0
-0
-0
74.1651
-0
32.9077
31.7633
-0
-0
30.4765
-0
-0
15.6832
-0
-0
-0
-0
-0
-0
-0
-0
-0
-0
-0
-0
20.6364
-0
-0
-0
-0
-0
-0
14.1275
-0
14.6993
-0
19.6593
-0
-0
-0
-0
-0
-0
45.7468
38.8357
-0
-0
-0
-0
-0
-0
-0
-0
-0
4.42155
-0
25.8078
30.1992
-0
-0
-0
-0
-0
-0
42.5603
-0
-0
-0
-0
34.8548
-0
-0
-0
-0
-0
-0
46.5694
-0
-0
-0
-0
-0
-0
-0
18.4966
5.01489
-0
7.40278
-0
-0
-0
-0
-0
-0
-0
-0
-0
-0
-0
-0
-0
-0
-0
-0
-0
-0
-0
-0
41.8691
-0
33.4947
5.32356
42.0431
-0
37.7105
-0
-0
-0
-0
33.1655
2.0673
-0
-0
-0
-0
-0
-0
-0
-0
-0
-0
-0
-0
-0
-0
-0
-0
-0
-0
7.46421
-0
-0
-0
-0
-0
-0
-0
-0
15.5352
-0
-0
-0
-0
-0
71.7929
-0
-0
-0
-0
-0
-0
7.40577
-0
-0
-0
-0
-0
-0
-0
-0
-0
-0
-0
-0
27.517
-0
31.6017
-0
-0
-0
-0
-0
26.8316
-0
-0
-0
-0
-0
-0
-0
-0
-0
2.83157
-0
-0
-0
-0
-0
-0
-0
-0
-0
-0
-0
17.3209
-0
-0
-0
-0
-0
-0
12.7218
-0
-0
-0
-0
-0
34.7197
-0
-0
0.560503
-0
-0
-0
-0
-0
-0
-0
-0
-0
-0
-0
-0
-0
-0
-0
-0
12.2496
-0
-0
-0
1.67991
-0
-0
-0
-0
4.9246
27.8647
-0
-0
53.5646
0.996836
-0
-0
-0
-0
-0
-0
-0
-0
27.3976
24.8677
-0
25.786
-0
-0
4.05528
-0
-0
-0
-0
8.08361
-0
-0
-0
9.13186
-0
-0
-0
-0
-0
-0
-0
-0
-0
-0
-0
-0
-0
-0
-0
-0
-0
-0
-0
-0
-0
-0
-0
15.8967
4.93762
2.88355
26.2669
-0
42.3295
-0
-0
-0
-0
-0
-0
16.6969
4.8035
-0
-0
-0
27.1631
-0
-0
-0
-0
-0
-0
-0
-0
-0
-0
-0
-0
11.3688
-0
-0
-0
-0
-0
-0
-0
-0
-0
-0
-0
-0
-0
-0
-0
-0
-0
6.43601
-0
-0
3.22469
-0
-0
-0
-0
-0
-0
-0
-0
-0
-0
-0
3.89051
-0
15.582
-0
-0
10.2107
-0
-0
-0
-0
-0
-0
-0
3.60242
-0
61.8403
-0
-0
-0
-0
-0
-0
0.110617
-0
-0
-0
53.0416
-0
-0
7.71794
-0
6.00384
0.343605
11.3087
-0
52.3648
-0
25.0452
-0
-0
-0
-0
-0
-0
-0
-0
-0
-0
-0
-0
-0
-0
-0
-0
-0
3.36598
-0
-0
25.1456
-0
-0
-0
-0
-0
-0
-0
-0
-0
42.9858
-0
-0
-0
-0
-0
-0
-0
-0
-0
-0
2.43401
-0
-0
35.3137
-0
-0
-0
-0
-0
-0
-0
-0
-0
-0
-0
-0
-0
-0
-0
-0
-0
-0
-0
-0
-0
47.8153
-0
-0
0.330764
37.8307
-0
-0
-0
24.3484
-0
3.75425
-0
6.71069
-0
-0
5.82111
-0
-0
22.6517
-0
-0
-0
-0
-0
-0
-0
-0
-0
-0
-0
-0
-0
-0
-0
-0
-0
-0
-0
-0
-0
-0
-0
-0
-0
42.3335
-0
-0
-0
-0
-0
-0
-0
-0
30.0463
-0
49.8041
-0
-0
-0
-0
1.08652
-0
22.3733
-0
-0
-0
-0
-0
41.5311
-0
40.6759
-0
-0
-0
-0
-0
-0
-0
-0
37.6276
-0
-0
-0
-0
-0
-0
-0
-0
-0
18.3474
-0
-0
-0
-0
1.73032
-0
-0
-0
-0
-0
-0
14.7076
-0
-0
-0
-0
-0
24.3211
-0
-0
-0
-0
-0
-0
-0
-0
-0
-0
-0
17.3271
-0
-0
-0
-0
-0
2.17198
-0
-0
-0
-0
-0
-0
-0
39.6877
-0
-0
-0
-0
-0
-0
-0
-0
-0
-0
-0
30.8505
-0
-0
-0
8.09266
13.5433
-0
0.0418031
-0
-0
-0
22.2506
-0
-0
-0
-0
44.5624
-0
-0
-0
-0
-0
-0
50.756
-0
-0
-0
11.6913
-0
12.1847
-0
-0
-0
-0
-0
-0
-0
-0
-0
-0
-0
-0
-0
-0
-0
-0
2.34729
-0
18.353
-0
-0
0.426173
-0
-0
-0
-0
-0
-0
-0
-0
-0
-0
-0
-0
-0
-0
49.7465
54.722
-0
-0
-0
-0
-0
-0
-0
-0
-0
-0
-0
-0
-0
-0
-0
34.0139
48.5566
-0
-0
-0
-0
-0
14.5865
-0
-0
-0
-0
66.5852
-0
-0
-0
54.4686
-0
-0
40.4878
-0
-0
-0
-0
-0
-0
52.4187
4.08813
-0
-0
-0
-0
72.3247
-0
-0
13.1478
-0
-0
-0
2.11954
-0
-0
-0
-0
46.4384
-0
-0
-0
-0
-0
21.6129
-0
-0
-0
21.5852
-0
-0
-0
-0
-0
-0
-0
-0
-0
19.9041
10.1318
-0
-0
-0
-0
-0
-0
-0
-0
-0
18.7853
37.5104
-0
-0
-0
-0
-0
12.9218
-0
-0
-0
-0
34.2639
-0
34.8678
-0
-0
-0
-0
-0
-0
-0
6.83037
-0
-0
-0
-0
-0
-0
-0
12.2751
-0
-0
65.9729
-0
3.39507
100.367
-0
71.0583
-0
-0
-0
-0
-0
-0
-0
-0
-0
4.08587
-0
-0
32.1177
-0
-0
-0
-0
-0
-0
-0
-0
-0
-0
-0
-0
-0
-0
-0
-0
-0
-0
-0
80.937
38.0524
-0
-0
-0
-0
-0
-0
-0
-0
-0
66.1464
-0
-0
-0
-0
-0
4.16749
-0
-0
-0
-0
-0
-0
33.2879
-0
27.3129
-0
-0
-0
37.2183
-0
-0
-0
-0
0.675286
-0
-0
-0
-0
-0
-0
21.9964
-0
-0
9.61407
-0
-0
-0
-0
69.1244
-0
-0
-0
-0
-0
-0
0.11206
-0
-0
-0
-0
-0
-0
-0
-0
-0
-0
-0
-0
-0
-0
-0
-0
-0
-0
-0
-0
-0
-0
-0
-0
-0
-0
-0
-0
10.8569
-0
68.9018
-0
-0
-0
-0
6.85881
-0
-0
-0
-0
-0
-0
-0
-0
-0
36.2847
-0
-0
-0
-0
-0
-0
-0
-0
-0
-0
-0
-0
-0
-0
-0
-0
-0
-0
16.6324
22.8346
-0
5.39854
-0
-0
-0
-0
-0
-0
-0
-0
-0
-0
-0
-0
-0
-0
-0
2.4522
-0
-0
-0
-0
-0
-0
-0
-0
-0
6.16722
-0
-0
-0
-0
-0
-0
-0
-0
2.1466
-0
-0
-0
-0
-0
-0
-0
-0
-0
-0
-0
-0
-0
-0
10.6522
-0
18.821
-0
-0
-0
-0
-0
-0
-0
1.82303
-0
-0
-0
12.1629
-0
6.73841
-0
-0
-0
-0
-0
-0
-0
-0
-0
-0
-0
-0
-0
-0
-0
-0
-0
-0
-0
-0
11.0682
-0
-0
-0
-0
-0
-0
-0
-0
-0
45.049
-0
-0
-0
-0
-0
-0
-0
-0
-0
-0
-0
-0
-0
-0
21.4517
-0
-0
-0
4.97412
12.6594
5.36373
-0
-0
7.46945
-0
-0
-0
-0
-0
1.07656
-0
-0
-0
-0
-0
-0
-0
-0
-0
-0
-0
-0
-0
-0
-0
-0
-0
-0
2.90185
36.6247
-0
13.5709
-0
-0
-0
-0
30.4289
-0
-0
-0
-0
-0
-0
35.5972
-0
-0
44.1217
-0
-0
-0
-0
-0
39.1
-0
-0
22.6919
-0
-0
-0
-0
-0
14.9704
-0
-0
-0
-0
-0
-0
-0
3.28317
-0
-0
-0
24.0975
-0
-0
-0
-0
-0
3.86719
-0
-0
-0
-0
17.273
-0
-0
-0
-0
-0
-0
-0
-0
-0
-0
-0
-0
-0
-0
-0
2.03427
-0
22.4327
-0
-0
-0
-0
-0
-0
-0
17.4085
-0
5.92599
7.37242
-0
-0
25.5179
-0
-0
-0
-0
-0
-0
-0
-0
-0
-0
-0
-0
-0
62.0909
-0
-0
-0
-0
-0
0.648868
5.89712
-0
-0
-0
-0
-0
-0
-0
-0
-0
48.1379
-0
-0
40.484
-0
-0
-0
-0
-0
-0
15.3169
26.253
-0
28.5678
-0
12.4819
-0
-0
-0
-0
-0
-0
-0
42.3129
-0
-0
-0
-0
-0
-0
-0
-0
-0
-0
-0
-0
-0
6.90511
-0
-0
-0
7.6459
-0
-0
-0
-0
-0
-0
7.89258
10.751
-0
29.8345
-0
-0
-0
-0
-0
6.74906
-0
41.8694
-0
-0
3.47928
58.6494
-0
-0
-0
23.8881
-0
11.7228
-0
-0
-0
-0
-0
-0
-0
-0
-0
-0
37.3515
29.5409
1.06469
-0
-0
-0
-0
-0
0.14378
23.7648
-0
-0
-0
-0
-0
24.5203
-0
-0
61.6309
-0
-0
-0
-0
40.027
-0
0.271778
4.60604
-0
-0
-0
-0
-0
-0
48.2556
-0
10.0364
-0
-0
-0
-0
22.4051
-0
-0
-0
-0
-0
-0
34.6163
-0
-0
65.2099
-0
-0
11.4795
-0
-0
8.25181
-0
-0
-0
-0
-0
-0
-0
-0
-0
83.5199
-0
-0
-0
-0
-0
-0
10.3807
-0
-0
-0
-0
-0
-0
-0
-0
-0
-0
-0
-0
-0
86.1272
-0
52.8843
16.4069
-0
13.0494
-0
-0
-0
-0
-0
-0
-0
-0
-0
-0
-0
-0
-0
-0
20.5945
-0
-0
-0
-0
-0
-0
33.6325
37.3268
-0
-0
-0
26.8379
-0
-0
28.1395
-0
-0
-0
-0
-0
-0
-0
-0
-0
0.184148
6.33829
-0
9.08071
-0
-0
-0
-0
-0
7.96412
-0
-0
-0
-0
-0
-0
12.9357
4.64982
-0
-0
-0
-0
-0
-0
-0
5.59866
-0
-0
-0
-0
-0
-0
84.5827
-0
-0
29.2156
53.8905
-0
-0
33.7084
-0
-0
-0
-0
-0
32.5658
-0
-0
-0
-0
25.7538
-0
-0
-0
-0
-0
-0
-0
5.55735
-0
39.1518
-0
-0
-0
-0
-0
-0
-0
-0
-0
-0
-0
-0
-0
-0
-0
-0
-0
-0
-0
-0
13.8305
-0
-0
-0
-0
-0
-0
31.0092
-0
36.0697
20.9855
-0
-0
-0
-0
38.3619
-0
-0
-0
-0
-0
-0
88.2783
-0
-0
20.8441
7.83898
25.2424
-0
-0
-0
-0
-0
-0
-0
-0
-0
30.1073
24.996
-0
-0
-0
-0
-0
-0
-0
-0
-0
-0
-0
-0
7.2508
-0
-0
-0
-0
-0
-0
-0
22.3178
-0
-0
-0
-0
12.1259
1.15234
-0
-0
-0
-0
-0
-0
13.1524
9.34567
-0
-0
-0
-0
-0
-0
-0
-0
-0
-0
-0
-0
-0
-0
-0
-0
42.2888
-0
-0
-0
-0
-0
-0
-0
4.11942
-0
-0
-0
-0
-0
-0
-0
-0
-0
-0
-0
-0
11.0718
-0
34.6455
-0
-0
-0
-0
32.8079
-0
-0
-0
-0
-0
-0
47.6693
-0
-0
-0
-0
14.9521
15.161
-0
-0
2.2111
-0
26.5529
-0
4.9422
-0
0.450009
2.81335
24.1303
-0
-0
-0
-0
-0
-0
-0
47.1208
-0
-0
48.8855
-0
-0
-0
-0
-0
20.5997
18.3545
-0
40.0621
-0
-0
-0
-0
-0
15.2136
-0
-0
-0
-0
-0
12.7017
-0
-0
-0
4.89911
-0
-0
-0
-0
-0
-0
-0
-0
-0
-0
-0
-0
2.6959
-0
-0
-0
17.157
-0
-0
-0
-0
-0
1.03627
-0
-0
-0
-0
42.7825
5.5981
44.825
-0
-0
-0
2.06721
-0
-0
-0
-0
-0
-0
-0
10.639
-0
-0
31.8028
41.7409
-0
-0
-0
-0
-0
-0
-0
14.9686
-0
-0
-0
41.2463
-0
-0
-0
-0
-0
-0
-0
5.0802
-0
27.8915
4.2657
35.8069
3.23773
-0
-0
-0
-0
-0
-0
-0
-0
-0
-0
-0
14.317
-0
-0
-0
-0
-0
-0
-0
-0
27.1101
0.847831
-0
-0
-0
-0
4.32063
-0
-0
-0
-0
-0
-0
39.485
-0
-0
-0
-0
-0
-0
-0
-0
-0
-0
-0
-0
-0
2.24717
-0
24.5763
7.32874
-0
-0
-0
-0
-0
-0
-0
12.1724
-0
-0
-0
-0
-0
-0
11.593
-0
-0
-0
27.2931
-0
-0
-0
-0
-0
-0
-0
-0
-0
-0
-0
72.2281
-0
-0
-0
-0
-0
-0
-0
34.3912
-0
-0
-0
-0
67.3966
-0
-0
-0
11.3607
-0
-0
26.0519
55.4309
-0
-0
58.2419
-0
-0
-0
-0
-0
-0
-0
113.898
-0
5.22654
3.60028
-0
-0
-0
16.7168
-0
-0
-0
-0
-0
-0
-0
5.97349
-0
-0
-0
-0
-0
-0
-0
-0
4.97834
-0
-0
-0
-0
-0
-0
-0
-0
-0
-0
-0
-0
-0
-0
-0
-0
-0
-0
-0
-0
-0
-0
3.28048
-0
-0
-0
-0
-0
-0
-0
-0
17.1797
-0
-0
-0
-0
-0
-0
-0
-0
22.225
-0
-0
-0
-0
-0
-0
-0
-0
