0.809743
-0
-0
-0
-0
-0
-0
-0
6.94064
10.2652
30.9717
-0
-0
-0
-0
28.2059
-0
-0
-0
-0
-0
-0
-0
8.24324
25.2006
32.0975
9.59893
-0
-0
-0
-0
-0
-0
-0
1.30166
-0
-0
-0
-0
-0
20.322
-0
7.755
14.9593
-0
6.85462
-0
-0
-0
-0
-0
-0
0.520834
-0
-0
-0
17.8343
1.72431
2.65309
43.3426
-0
-0
9.1102
-0
-0
-0
-0
-0
-0
1.13278
-0
-0
9.21273
-0
-0
-0
28.9541
-0
-0
-0
-0
63.1757
10.4943
-0
26.4988
-0
-0
-0
-0
-0
33.3498
-0
-0
-0
2.78805
-0
9.82241
-0
20.4616
-0
-0
-0
-0
14.2534
-0
-0
-0
-0
-0
-0
25.7645
-0
-0
-0
-0
-0
-0
-0
31.466
2.03324
43.7326
-0
17.3766
-0
1.13623
-0
-0
-0
-0
1.52069
-0
21.8587
7.29727
-0
-0
-0
-0
2.80826
-0
-0
-0
-0
15.0926
-0
-0
-0
-0
-0
-0
-0
-0
-0
-0
58.9459
6.2019
-0
47.9627
-0
-0
4.16583
36.3892
-0
-0
-0
-0
-0
-0
-0
-0
64.7002
-0
11.136
-0
-0
-0
-0
-0
-0
11.7875
-0
-0
-0
-0
-0
-0
-0
-0
-0
45.0742
-0
8.89504
-0
-0
13.8346
-0
-0
-0
-0
-0
-0
-0
-0
-0
-0
-0
-0
16.7068
-0
-0
-0
-0
-0
78.2376
-0
-0
-0
-0
-0
-0
-0
-0
-0
-0
-0
-0
-0
-0
-0
-0
3.66513
-0
-0
-0
-0
-0
-0
-0
-0
-0
-0
-0
-0
-0
-0
-0
-0
13.8255
-0
-0
-0
-0
-0
-0
-0
6.81951
-0
-0
-0
-0
-0
-0
11.8524
-0
-0
-0
-0
-0
-0
-0
-0
-0
5.85751
-0
38.8586
-0
-0
-0
-0
-0
-0
0.206913
2.37372
-0
14.0262
-0
-0
-0
4.57274
-0
-0
-0
-0
14.2344
-0
5.76626
-0
28.8032
-0
-0
29.3757
-0
-0
0.714199
-0
-0
23.7739
5.4275
-0
29.9262
-0
20.9864
-0
-0
-0
-0
1.16536
-0
-0
-0
0.087733
-0
-0
5.62669
47.2582
5.86434
-0
27.2025
-0
-0
6.83912
-0
-0
-0
-0
-0
-0
-0
1.9333
-0
-0
-0
-0
-0
-0
7.54762
-0
-0
-0
-0
-0
-0
-0
-0
-0
18.5676
-0
-0
-0
-0
-0
-0
-0
-0
31.8462
15.5836
2.87034
-0
-0
7.04233
-0
-0
14.6801
1.10158
-0
-0
-0
-0
-0
-0
-0
-0
13.3371
9.66058
-0
-0
47.1658
-0
-0
-0
-0
-0
-0
-0
-0
-0
-0
-0
16.2976
-0
-0
-0
-0
-0
-0
-0
-0
-0
-0
-0
-0
-0
-0
-0
-0
-0
5.92436
-0
-0
-0
-0
46.8136
-0
-0
-0
-0
3.54593
-0
-0
-0
15.729
-0
-0
-0
-0
18.4778
-0
-0
-0
-0
-0
-0
-0
0.929598
-0
-0
-0
-0
-0
-0
-0
46.0373
6.08524
-0
-0
4.4605
19.5779
-0
-0
-0
-0
-0
-0
-0
-0
46.3358
-0
-0
-0
-0
-0
-0
-0
-0
-0
-0
19.2144
11.324
-0
-0
-0
-0
-0
-0
-0
-0
-0
-0
-0
-0
40.2763
9.08917
-0
-0
-0
-0
39.317
41.3187
-0
-0
36.7722
-0
-0
29.23
-0
-0
-0
-0
-0
-0
1.58551
-0
-0
14.6834
-0
-0
5.40095
-0
-0
5.77366
-0
21.4653
-0
-0
-0
-0
-0
-0
-0
-0
2.11263
-0
-0
-0
-0
7.10917
-0
32.1285
-0
-0
-0
-0
-0
-0
-0
-0
11.897
-0
-0
-0
-0
-0
-0
-0
-0
86.9538
23.2538
-0
-0
23.4131
-0
-0
-0
-0
-0
0.493672
-0
-0
-0
-0
-0
-0
14.2268
-0
5.51816
-0
28.1709
-0
-0
-0
-0
-0
-0
-0
-0
-0
4.6297
-0
-0
-0
17.4644
-0
-0
12.8054
-0
-0
7.36228
-0
13.649
26.7596
-0
6.09048
-0
-0
-0
-0
-0
-0
7.23548
-0
5.98484
-0
-0
29.8133
-0
-0
-0
56.5677
-0
-0
-0
-0
-0
-0
-0
-0
-0
-0
-0
-0
-0
-0
-0
-0
-0
-0
-0
-0
-0
1.1391
-0
-0
-0
-0
-0
-0
-0
-0
1.67944
-0
1.75392
-0
-0
-0
-0
-0
8.71138
-0
-0
-0
-0
-0
12.5889
-0
14.3623
-0
20.2443
-0
-0
-0
-0
12.0021
-0
-0
-0
-0
-0
-0
-0
1.30832
-0
-0
-0
15.7845
-0
-0
44.1625
-0
-0
-0
-0
-0
-0
3.10236
-0
-0
-0
-0
-0
-0
13.6668
5.68183
-0
-0
1.25185
-0
-0
-0
-0
-0
-0
-0
9.88007
-0
-0
-0
-0
17.1527
-0
-0
-0
-0
-0
-0
-0
-0
-0
-0
-0
-0
-0
30.0695
-0
-0
14.1284
-0
-0
-0
0.552593
-0
-0
-0
-0
-0
-0
-0
28.5968
-0
-0
-0
2.10149
-0
-0
-0
-0
11.4196
-0
-0
-0
54.3148
-0
-0
1.94173
-0
-0
-0
-0
19.3266
-0
-0
-0
-0
-0
-0
-0
-0
-0
-0
-0
-0
21.5056
-0
-0
-0
-0
-0
-0
19.3951
55.2456
-0
-0
-0
-0
-0
-0
10.6424
-0
5.48854
-0
21.3414
-0
5.53896
-0
-0
-0
-0
-0
-0
-0
24.5281
-0
-0
-0
-0
-0
-0
33.8295
-0
-0
-0
12.3964
-0
-0
44.9086
-0
-0
-0
-0
10.4018
1.89458
-0
64.2274
-0
-0
11.3242
-0
-0
27.7221
12.0556
-0
-0
-0
-0
-0
-0
-0
27.3482
33.5439
-0
-0
-0
-0
-0
11.1833
-0
-0
-0
3.17739
23.9915
-0
-0
-0
-0
-0
-0
-0
-0
3.35917
-0
-0
-0
-0
-0
-0
24.8484
-0
9.64196
-0
-0
-0
-0
0.075481
-0
-0
-0
-0
-0
-0
-0
1.7043
-0
-0
-0
-0
-0
-0
7.65573
30.6522
22.8371
-0
6.51494
-0
-0
-0
-0
-0
-0
-0
-0
-0
-0
-0
83.1755
-0
-0
-0
-0
-0
-0
4.85332
-0
-0
-0
-0
-0
19.1744
-0
-0
24.3242
-0
-0
-0
-0
-0
40.559
-0
5.05693
-0
-0
-0
-0
1.12414
-0
-0
-0
0.680191
-0
30.8198
-0
-0
-0
-0
-0
-0
-0
-0
26.6114
14.9743
0.134011
-0
-0
-0
-0
-0
-0
-0
-0
-0
-0
-0
-0
-0
-0
-0
14.3912
-0
-0
26.4024
33.3587
-0
-0
-0
-0
-0
-0
-0
-0
-0
-0
-0
-0
-0
-0
-0
-0
-0
7.09189
8.66418
-0
-0
3.96284
-0
-0
14.9999
-0
-0
4.07955
-0
-0
-0
-0
-0
-0
-0
-0
7.62879
-0
-0
-0
-0
-0
-0
-0
-0
7.18407
-0
-0
-0
-0
-0
-0
-0
-0
-0
-0
-0
-0
-0
-0
7.766
17.5539
-0
-0
-0
-0
23.8975
-0
-0
-0
-0
-0
-0
-0
26.2713
-0
21.9324
-0
-0
-0
-0
-0
-0
-0
23.5025
-0
-0
57.0831
-0
-0
-0
-0
-0
-0
-0
29.5245
-0
34.9517
-0
-0
20.8487
-0
-0
-0
-0
-0
-0
-0
-0
38.1593
15.7689
-0
4.32154
-0
-0
-0
6.50485
8.24524
-0
14.0033
-0
28.4564
-0
-0
-0
-0
-0
-0
0.904546
-0
-0
-0
-0
-0
-0
13.8933
-0
-0
-0
-0
40.0682
-0
-0
-0
-0
19.1452
3.59538
-0
-0
-0
-0
-0
-0
-0
29.838
6.19384
-0
-0
-0
-0
-0
-0
-0
-0
-0
-0
16.1932
4.84519
-0
-0
-0
17.2795
-0
-0
-0
-0
-0
42.9127
-0
-0
-0
-0
-0
8.56874
-0
-0
-0
28.5739
-0
-0
-0
-0
-0
-0
8.83157
-0
-0
-0
3.28667
-0
27.2906
-0
-0
-0
8.98183
-0
-0
-0
-0
-0
11.1078
-0
-0
-0
-0
-0
-0
-0
-0
-0
-0
-0
-0
-0
-0
-0
-0
29.2232
-0
-0
-0
-0
-0
-0
-0
-0
-0
25.6122
-0
-0
-0
-0
15.2064
-0
-0
-0
-0
13.9934
-0
-0
12.0231
-0
-0
13.128
-0
-0
-0
-0
-0
-0
-0
-0
-0
-0
-0
-0
-0
-0
-0
-0
-0
-0
-0
-0
-0
-0
-0
-0
-0
-0
1.16553
-0
-0
-0
-0
-0
-0
-0
-0
-0
-0
12.687
4.74151
-0
-0
-0
-0
-0
-0
-0
10.3926
-0
-0
-0
-0
-0
-0
-0
-0
22.284
8.99619
-0
-0
30.14
-0
-0
-0
8.63721
-0
-0
44.993
-0
-0
-0
-0
-0
16.2043
0.129965
35.5525
20.6607
-0
1.28814
17.9524
-0
-0
-0
5.19984
108.643
-0
10.4397
9.66781
-0
-0
-0
70.7056
-0
4.31693
-0
-0
-0
2.38935
-0
-0
67.1224
-0
-0
-0
-0
-0
-0
-0
2.66164
-0
-0
-0
-0
19.2609
-0
-0
2.42093
-0
-0
17.9193
-0
-0
-0
-0
-0
-0
-0
-0
-0
-0
-0
-0
-0
-0
-0
-0
-0
-0
-0
-0
52.3364
-0
-0
-0
10.0862
-0
-0
-0
-0
-0
-0
-0
-0
-0
-0
-0
-0
-0
-0
-0
-0
-0
-0
13.6099
-0
-0
21.1593
30.4642
45.4498
-0
-0
-0
-0
-0
-0
9.38421
50.8058
-0
-0
-0
-0
-0
-0
-0
20.7342
-0
-0
0.0864987
-0
35.3875
-0
-0
-0
-0
-0
-0
2.82524
-0
-0
-0
26.4849
-0
2.69956
-0
15.4884
-0
-0
-0
-0
-0
-0
-0
-0
-0
-0
-0
-0
11.6695
-0
-0
-0
-0
-0
-0
-0
-0
-0
-0
-0
-0
-0
-0
-0
-0
-0
-0
-0
-0
-0
-0
-0
-0
-0
-0
43.9275
-0
-0
-0
-0
-0
-0
-0
20.0518
-0
-0
-0
-0
-0
7.47642
-0
-0
35.7497
-0
-0
13.1798
-0
-0
-0
-0
-0
-0
-0
-0
-0
-0
13.9967
-0
-0
-0
0.240789
-0
5.21643
-0
24.5602
-0
0.24646
-0
-0
-0
-0
0.252587
-0
-0
-0
-0
-0
-0
-0
-0
-0
21.192
-0
21.4167
33.0663
-0
-0
-0
-0
-0
-0
-0
49.8871
16.9661
-0
42.8128
0.588731
-0
-0
-0
-0
1.18466
-0
-0
-0
-0
-0
-0
13.2913
33.0344
-0
-0
-0
-0
-0
-0
-0
-0
-0
-0
-0
-0
-0
-0
42.3663
-0
-0
-0
-0
-0
-0
-0
-0
4.35363
-0
-0
-0
25.4105
-0
-0
-0
14.5244
-0
-0
-0
-0
66.0179
-0
32.9001
-0
-0
-0
5.1426
-0
8.319
-0
-0
-0
-0
17.0457
-0
-0
-0
-0
-0
-0
-0
-0
-0
-0
-0
5.35273
1.09916
-0
-0
-0
-0
-0
-0
-0
-0
3.39202
-0
-0
-0
-0
-0
-0
-0
9.9793
-0
-0
-0
-0
-0
-0
-0
8.92701
-0
-0
-0
-0
-0
28.9948
-0
-0
-0
7.65061
-0
-0
-0
-0
-0
-0
34.0042
9.02806
-0
0.736982
5.99411
-0
-0
-0
-0
-0
-0
-0
-0
-0
37.5982
-0
-0
-0
-0
-0
-0
-0
25.1626
-0
-0
-0
-0
-0
43.9222
-0
-0
-0
-0
14.3453
-0
21.664
-0
-0
2.30823
-0
-0
31.8169
-0
-0
3.31839
-0
-0
-0
25.6336
-0
-0
15.6172
42.9851
-0
55.3939
-0
-0
-0
-0
-0
-0
-0
-0
-0
-0
-0
-0
-0
-0
-0
-0
-0
-0
-0
-0
-0
-0
-0
-0
-0
-0
-0
-0
-0
-0
-0
-0
-0
-0
-0
-0
-0
-0
56.2733
8.55759
29.5555
39.637
-0
-0
-0
-0
-0
9.22627
-0
-0
-0
-0
-0
0.742877
-0
13.8004
-0
-0
-0
-0
-0
-0
-0
31.5423
-0
-0
-0
11.9368
-0
-0
-0
-0
-0
11.3352
-0
-0
28.085
4.85046
-0
-0
-0
-0
-0
-0
-0
-0
-0
-0
-0
-0
-0
-0
-0
2.12112
-0
-0
-0
-0
-0
-0
-0
-0
-0
-0
-0
-0
-0
29.0741
-0
-0
3.20686
-0
-0
-0
-0
-0
-0
-0
7.9616
-0
-0
-0
-0
-0
-0
-0
-0
-0
-0
-0
-0
-0
-0
-0
-0
-0
-0
-0
13.1442
-0
1.13177
-0
-0
-0
-0
-0
-0
13.3722
3.12134
-0
-0
-0
-0
4.91845
-0
9.16655
-0
-0
-0
-0
-0
1.34506
-0
-0
-0
-0
-0
61.8969
-0
-0
-0
-0
-0
-0
-0
-0
-0
33.3919
-0
-0
8.42142
-0
-0
-0
23.4445
-0
-0
-0
9.98344
-0
-0
-0
-0
-0
-0
-0
-0
-0
88.7798
-0
32.4364
-0
74.9323
-0
-0
39.4374
-0
-0
-0
-0
-0
-0
-0
-0
3.89766
-0
-0
-0
-0
-0
-0
-0
-0
12.5562
-0
30.6953
-0
-0
-0
-0
-0
-0
-0
33.8806
-0
-0
-0
-0
15.8962
-0
42.9131
-0
-0
-0
-0
-0
-0
5.45971
8.32549
42.3553
-0
-0
49.7179
-0
1.21829
-0
-0
14.9847
-0
-0
-0
-0
-0
32.9756
1.72557
-0
15.3416
-0
-0
-0
-0
-0
-0
-0
40.3238
-0
-0
-0
0.200868
16.1851
-0
-0
-0
-0
2.04979
-0
46.8319
-0
4.9651
-0
-0
-0
-0
-0
-0
4.61871
-0
11.2641
50.0929
-0
34.5053
-0
-0
5.26756
-0
-0
-0
16.5933
28.1239
-0
17.2961
-0
40.0607
-0
-0
-0
-0
-0
-0
24.6219
-0
-0
-0
-0
-0
-0
37.3162
-0
-0
-0
-0
-0
-0
-0
-0
-0
-0
48.7886
-0
-0
10.6765
-0
-0
-0
-0
-0
34.4761
-0
-0
-0
53.4774
-0
-0
-0
15.8693
-0
-0
-0
-0
-0
-0
-0
-0
-0
-0
-0
-0
-0
-0
1.0477
-0
-0
17.4405
-0
28.4496
-0
-0
-0
-0
3.67417
-0
-0
-0
-0
-0
-0
-0
-0
-0
-0
-0
-0
-0
-0
12.6323
-0
-0
30.6602
-0
-0
-0
68.2761
-0
-0
-0
-0
-0
-0
25.5132
-0
23.4813
-0
26.0145
3.89439
-0
-0
-0
-0
-0
30.2689
71.0411
-0
35.0814
19.654
-0
-0
17.4163
-0
-0
-0
-0
-0
-0
-0
-0
-0
-0
-0
-0
-0
-0
-0
8.72459
-0
2.74132
-0
-0
-0
-0
-0
-0
11.9516
-0
7.70767
8.99888
-0
-0
-0
-0
-0
44.0672
67.0485
-0
-0
-0
-0
-0
-0
-0
-0
-0
-0
10.4391
29.8442
28.1491
-0
6.42738
-0
-0
-0
-0
39.6785
-0
-0
-0
-0
5.44795
-0
-0
-0
-0
-0
-0
25.2674
-0
-0
-0
-0
-0
-0
-0
-0
0.340614
-0
-0
-0
-0
-0
-0
-0
-0
-0
-0
-0
-0
-0
-0
18.9284
-0
-0
-0
-0
-0
-0
-0
18.6357
-0
38.102
12.1857
42.273
-0
49.8398
-0
-0
-0
-0
37.9529
-0
-0
-0
1.79505
-0
-0
-0
-0
-0
-0
-0
-0
-0
-0
-0
-0
-0
-0
-0
-0
-0
-0
-0
-0
-0
1.15801
-0
-0
20.2373
-0
-0
-0
-0
-0
37.7337
-0
-0
-0
-0
-0
-0
1.40487
-0
-0
-0
-0
-0
-0
-0
37.5966
-0
14.9744
-0
15.8757
24.6822
0.0231975
52.6858
-0
-0
1.5215
-0
-0
32.1117
-0
-0
-0
-0
-0
-0
-0
29.4582
-0
11.3278
-0
-0
-0
-0
-0
-0
-0
-0
-0
-0
-0
24.4237
-0
-0
-0
-0
-0
-0
11.6597
-0
-0
-0
-0
-0
26.3183
-0
-0
-0
-0
-0
-0
-0
-0
-0
-0
-0
-0
-0
-0
-0
-0
28.2388
-0
-0
10.2726
-0
7.59621
-0
-0
-0
-0
-0
-0
-0
20.3305
-0
-0
35.9182
2.22916
42.165
-0
-0
-0
-0
-0
-0
2.81332
1.45265
19.22
19.5466
-0
-0
-0
-0
-0
-0
1.54767
-0
18.3974
-0
-0
-0
11.4834
-0
-0
-0
-0
-0
-0
-0
-0
-0
-0
-0
-0
-0
-0
5.69114
-0
-0
-0
-0
-0
-0
-0
-0
32.302
-0
6.50638
59.2027
3.1705
39.7372
-0
-0
-0
-0
-0
-0
11.1333
-0
-0
-0
-0
9.59541
-0
-0
-0
-0
-0
-0
-0
-0
-0
-0
-0
25.9577
35.9997
2.49318
-0
-0
-0
-0
-0
-0
-0
-0
-0
-0
-0
-0
-0
-0
-0
-0
8.35635
-0
-0
24.3844
-0
-0
-0
-0
-0
-0
-0
-0
-0
-0
6.64799
9.79884
-0
32.1573
-0
-0
-0
-0
-0
-0
-0
-0
5.41669
-0
16.7309
-0
16.1031
-0
-0
-0
-0
-0
-0
3.39949
-0
-0
-0
48.4551
-0
-0
6.91876
-0
-0
17.7661
1.00271
-0
31.4354
-0
4.40788
-0
-0
-0
-0
-0
-0
0.238668
-0
12.8517
13.9472
-0
-0
-0
-0
-0
-0
-0
23.7377
-0
-0
22.6751
-0
-0
-0
-0
-0
-0
-0
-0
-0
31.4399
-0
-0
-0
-0
-0
-0
-0
-0
-0
-0
-0
-0
-0
46.9903
-0
14.5607
-0
-0
-0
-0
-0
-0
-0
-0
-0
-0
-0
-0
-0
-0
-0
-0
-0
-0
-0
25.0851
-0
-0
12.3935
33.6298
-0
-0
-0
1.6123
-0
3.72835
-0
-0
-0
-0
5.89527
-0
-0
11.7798
-0
-0
-0
27.3388
-0
-0
-0
-0
-0
-0
-0
-0
-0
-0
-0
-0
-0
-0
-0
-0
-0
-0
-0
1.54725
-0
7.89001
-0
-0
7.70959
-0
-0
-0
-0
-0
13.7715
-0
13.1809
12.1935
-0
-0
-0
14.7441
-0
2.11895
12.3297
-0
-0
4.4756
-0
5.25746
-0
26.2925
-0
-0
5.59437
29.2342
-0
-0
-0
-0
25.7454
-0
-0
-0
-0
-0
-0
-0
1.85935
-0
25.6394
-0
-0
-0
-0
21.6754
-0
-0
0.0905046
-0
-0
-0
5.68379
-0
-0
-0
-0
-0
-0
-0
-0
-0
-0
13.8162
-0
-0
42.4382
-0
-0
-0
32.5626
-0
-0
-0
-0
-0
-0
-0
5.31432
-0
-0
-0
-0
-0
30.7053
-0
-0
-0
-0
-0
-0
-0
-0
-0
-0
-0
3.15705
-0
-0
-0
11.7817
9.00024
-0
-0
-0
-0
-0
-0
-0
-0
-0
-0
33.3066
-0
-0
-0
-0
-0
-0
17.3936
-0
-0
-0
-0
-0
-0
-0
-0
6.91295
-0
-0
-0
-0
-0
-0
21.6697
-0
-0
-0
-0
-0
-0
27.6215
-0
17.7364
-0
-0
-0
-0
-0
-0
-0
-0
-0
-0
-0
-0
0.733457
-0
-0
-0
-0
33.7881
22.0366
-0
-0
-0
16.6382
-0
-0
-0
-0
-0
-0
-0
-0
-0
-0
-0
10.7962
67.2283
-0
-0
6.59294
-0
11.9357
38.2246
-0
-0
-0
-0
6.63814
-0
-0
-0
40.5661
-0
-0
34.8002
-0
-0
-0
-0
-0
-0
41.9821
-0
-0
-0
-0
-0
45.168
-0
-0
27.7234
-0
-0
0.293143
25.564
-0
-0
-0
6.46795
48.4841
-0
-0
-0
1.69583
-0
34.5218
-0
-0
-0
5.59898
-0
-0
-0
-0
-0
-0
-0
-0
-0
-0
19.6591
7.54258
-0
26.9086
-0
-0
-0
24.3222
-0
-0
39.0466
29.9615
-0
-0
-0
-0
-0
-0
-0
-0
-0
-0
32.7697
-0
12.4255
6.51697
-0
-0
-0
-0
10.0039
-0
39.8371
-0
-0
-0
-0
-0
-0
-0
-0
-0
-0
8.23175
-0
-0
39.7944
-0
59.1973
1.55897
-0
-0
-0
-0
-0
-0
-0
-0
-0
-0
-0
7.6188
-0
-0
-0
-0
-0
-0
-0
-0
-0
-0
-0
-0
-0
-0
-0
14.9084
-0
-0
15.7337
74.4361
32.484
-0
-0
-0
-0
-0
-0
-0
-0
-0
70.7722
-0
-0
31.6661
-0
-0
-0
-0
-0
-0
-0
-0
-0
14.1314
-0
23.1761
-0
-0
-0
35.4655
-0
-0
-0
-0
2.87148
-0
9.4623
-0
-0
-0
-0
-0
-0
-0
-0
8.99575
-0
-0
-0
28.5362
-0
-0
-0
-0
-0
-0
-0
-0
-0
-0
-0
0.922578
-0
-0
-0
24.0294
-0
-0
-0
-0
-0
-0
-0
-0
-0
-0
-0
-0
-0
-0
-0
-0
2.80617
-0
-0
-0
-0
27.0956
-0
-0
-0
-0
17.4177
-0
-0
-0
-0
-0
33.6743
6.99088
-0
20.9777
60.1569
-0
-0
-0
-0
-0
7.91389
24.5531
-0
-0
-0
-0
-0
-0
-0
-0
-0
-0
-0
2.95005
49.6741
0.529311
6.62007
-0
-0
-0
14.7643
-0
-0
0.814031
-0
-0
-0
-0
-0
-0
-0
-0
-0
-0
-0
-0
24.5921
-0
-0
-0
-0
-0
-0
-0
-0
-0
-0
2.39335
-0
-0
-0
19.5554
-0
-0
-0
-0
-0
-0
-0
-0
-0
-0
-0
-0
-0
-0
-0
-0
21.8738
7.96471
-0
-0
-0
-0
0.385541
-0
4.57563
-0
3.91826
-0
-0
5.55475
27.6417
-0
-0
-0
-0
-0
-0
-0
-0
-0
-0
-0
-0
-0
12.2897
-0
-0
-0
-0
2.14648
-0
13.5262
-0
-0
-0
-0
-0
-0
12.1061
-0
2.14313
20.6574
-0
-0
-0
-0
-0
-0
-0
-0
-0
-0
-0
-0
-0
-0
-0
-0
-0
4.45859
13.2491
24.6324
55.5607
-0
11.8296
17.3922
-0
-0
-0
-0
-0
0.431074
-0
-0
-0
-0
-0
3.24626
-0
-0
-0
18.901
-0
-0
-0
-0
-0
-0
-0
-0
-0
12.0948
-0
-0
-0
-0
-0
-0
-0
-0
-0
-0
-0
-0
-0
53.6925
-0
-0
52.6121
-0
-0
-0
-0
-0
49.6886
-0
-0
14.6787
-0
-0
-0
-0
18.0724
25.3917
-0
-0
-0
-0
-0
-0
-0
32.2934
-0
-0
-0
-0
-0
-0
-0
-0
-0
8.53483
1.09247
-0
-0
-0
-0
-0
-0
-0
-0
-0
-0
-0
-0
-0
-0
-0
-0
-0
-0
-0
20.1201
-0
-0
-0
-0
-0
-0
-0
-0
-0
15.3562
-0
6.39773
14.3174
-0
-0
32.3491
-0
-0
-0
-0
-0
-0
-0
-0
-0
-0
-0
-0
-0
4.13789
-0
-0
-0
-0
-0
12.028
12.0513
-0
-0
-0
-0
-0
3.5003
-0
-0
-0
22.1758
-0
-0
46.8442
-0
-0
-0
-0
-0
-0
15.5981
24.6781
-0
16.2615
-0
23.8884
-0
-0
-0
-0
-0
-0
-0
36.9994
-0
-0
-0
-0
-0
-0
-0
-0
-0
-0
42.1677
-0
-0
-0
7.36899
-0
-0
-0
-0
-0
-0
-0
-0
-0
12.6654
41.56
-0
4.29008
-0
-0
-0
-0
-0
-0
-0
19.7072
-0
-0
-0
41.7244
-0
-0
-0
-0
-0
16.2253
-0
-0
-0
26.608
-0
-0
-0
-0
-0
-0
45.8487
-0
5.3782
-0
-0
-0
-0
-0
-0
15.1674
1.94469
-0
-0
-0
-0
3.30651
-0
-0
38.2593
23.8783
-0
-0
-0
-0
-0
1.12972
4.84556
-0
-0
-0
-0
22.1905
-0
19.2667
-0
-0
-0
-0
-0
-0
13.4447
-0
-0
-0
-0
-0
-0
18.2031
-0
-0
62.4962
15.0186
-0
-0
-0
-0
-0
-0
-0
-0
-0
-0
-0
-0
-0
-0
51.5211
-0
0.0187563
-0
-0
-0
-0
16.5168
-0
-0
-0
-0
-0
-0
-0
31.2248
-0
-0
-0
-0
-0
37.6999
-0
23.3323
-0
-0
26.8535
-0
-0
-0
-0
-0
-0
-0
-0
2.13136
-0
-0
-0
-0
-0
13.3773
-0
-0
-0
-0
-0
2.23424
7.23473
58.1057
-0
-0
-0
29.9823
-0
-0
30.2046
-0
1.69237
-0
-0
-0
-0
-0
-0
-0
0.91033
-0
-0
-0
-0
-0
-0
7.30922
-0
30.6922
-0
-0
-0
-0
26.7
-0
10.7722
-0
-0
-0
-0
-0
-0
-0
-0
-0
-0
-0
-0
-0
-0
-0
62.3539
-0
4.29616
44.5979
23.5305
-0
-0
22.0126
-0
-0
-0
-0
-0
19.8756
-0
-0
-0
-0
11.2092
-0
-0
-0
-0
-0
-0
-0
-0
-0
44.4581
-0
-0
-0
-0
-0
-0
-0
-0
-0
-0
2.04381
-0
-0
14.2325
-0
-0
12.0597
-0
-0
-0
1.88166
-0
-0
-0
-0
-0
-0
22.7084
-0
11.0392
28.8404
-0
-0
-0
-0
18.2038
-0
-0
-0
-0
-0
-0
14.5716
-0
-0
23.046
-0
42.6654
-0
-0
-0
-0
-0
-0
-0
-0
-0
28.2519
-0
-0
-0
-0
-0
-0
-0
-0
-0
-0
-0
-0
-0
14.2305
-0
-0
-0
-0
-0
-0
-0
30.6326
-0
-0
-0
-0
34.2551
-0
9.29658
-0
-0
-0
-0
-0
5.09401
-0
-0
-0
-0
-0
15.1917
-0
-0
-0
-0
-0
-0
-0
-0
-0
-0
-0
15.4095
-0
-0
-0
-0
-0
-0
-0
-0
-0
-0
-0
-0
-0
-0
-0
40.2874
-0
3.5445
-0
-0
9.18269
-0
4.71452
-0
-0
-0
-0
-0
-0
-0
-0
-0
7.30275
-0
20.3152
-0
-0
-0
-0
6.44472
27.1432
-0
-0
-0
-0
20.3083
-0
19.9007
-0
-0
-0
35.823
-0
-0
-0
-0
-0
-0
-0
3.61538
-0
-0
23.0417
-0
-0
-0
14.9527
-0
-0
-0
-0
32.9917
-0
-0
-0
-0
-0
-0
16.4209
-0
-0
-0
-0
-0
-0
1.9449
-0
0.973369
13.1762
-0
-0
-0
-0
-0
5.80814
-0
-0
-0
-0
-0
-0
-0
4.70173
-0
-0
-0
-0
-0
-0
-0
22.6473
-0
-0
-0
-0
15.133
7.25752
24.9524
-0
-0
-0
5.26889
-0
-0
-0
-0
-0
-0
-0
15.9833
-0
-0
16.8597
37.3864
-0
-0
-0
-0
-0
12.2043
-0
11.7206
-0
-0
-0
34.9088
-0
-0
-0
-0
-0
-0
-0
8.87438
-0
38.2471
4.58493
18.4788
19.0111
-0
-0
18.1395
-0
18.5617
-0
-0
-0
-0
-0
-0
54.8993
-0
-0
-0
-0
-0
-0
-0
-0
-0
-0
-0
-0
-0
-0
7.90303
-0
-0
-0
-0
-0
-0
52.8581
-0
-0
-0
-0
-0
-0
-0
-0
-0
-0
-0
-0
-0
4.50879
-0
27.8082
9.86728
-0
-0
1.68886
-0
-0
-0
-0
36.3118
-0
-0
-0
-0
-0
-0
6.72306
-0
-0
-0
16.0081
-0
-0
-0
-0
-0
-0
-0
-0
-0
-0
0.112972
22.07
-0
-0
-0
-0
-0
-0
-0
18.1449
-0
-0
-0
-0
67.0095
-0
-0
-0
1.45754
-0
-0
13.7669
10.3022
-0
-0
46.1763
-0
16.6363
-0
-0
1.6718
-0
-0
73.5095
-0
14.6133
4.07292
26.3604
-0
21.9053
33.465
-0
-0
-0
-0
-0
-0
-0
6.04904
-0
-0
-0
-0
-0
-0
-0
-0
16.4275
-0
-0
-0
37.8077
-0
13.0416
-0
-0
-0
-0
-0
-0
-0
-0
-0
-0
-0
-0
-0
-0
-0
-0
24.0702
9.87678
-0
-0
-0
-0
-0
-0
16.6232
3.87124
6.07421
-0
10.4792
-0
-0
-0
-0
-0
34.7231
-0
-0
-0
-0
4.92359
-0
-0
-0
