-0
-0
-0
-0
-0
-0
-0
-0
15.1793
5.9361
65.8404
-0
-0
-0
-0
12.5843
-0
-0
-0
-0
-0
-0
-0
-0
-0
2.07644
-0
-0
-0
-0
-0
-0
-0
-0
-0
-0
-0
-0
-0
-0
7.33768
-0
-0
-0
-0
-0
-0
-0
-0
-0
-0
-0
0.78325
-0
-0
-0
13.0814
2.18571
10.2967
23.3975
-0
-0
-0
-0
21.2544
-0
-0
-0
-0
1.67159
-0
-0
-0
-0
-0
-0
1.60018
-0
-0
-0
-0
72.2442
-0
5.85357
-0
-0
-0
29.8249
-0
-0
15.4065
-0
-0
-0
8.65661
-0
3.40648
-0
9.36782
-0
-0
-0
-0
-0
-0
-0
-0
-0
-0
-0
31.9352
-0
-0
-0
-0
3.6394
-0
-0
28.1243
23.1571
22.0237
-0
32.8188
18.6519
2.30211
-0
-0
-0
-0
-0
-0
12.3089
-0
-0
-0
-0
-0
-0
-0
-0
-0
-0
8.03547
-0
-0
-0
-0
-0
-0
-0
-0
-0
-0
11.6991
-0
-0
19.7938
-0
-0
3.81015
35.0059
0.837716
-0
-0
-0
-0
-0
-0
-0
55.1814
-0
9.9291
-0
-0
-0
-0
-0
-0
-0
-0
3.20122
-0
-0
-0
-0
19.1468
-0
-0
51.1114
-0
14.6497
15.7939
-0
12.7448
-0
-0
-0
-0
-0
-0
-0
-0
-0
-0
-0
-0
-0
-0
-0
-0
-0
-0
54.7623
-0
-0
-0
-0
-0
-0
-0
17.6725
-0
-0
-0
-0
-0
-0
-0
-0
-0
-0
-0
-0
-0
-0
-0
-0
-0
-0
-0
-0
-0
-0
-0
-0
-0
50.2421
-0
-0
-0
-0
-0
0.230195
19.3637
4.13093
4.05027
-0
-0
3.43903
-0
-0
-0
-0
-0
-0
-0
-0
-0
-0
-0
-0
2.0432
-0
12.8538
-0
-0
-0
-0
-0
0.654304
3.26056
-0
-0
-0
-0
-0
-0
-0
-0
-0
-0
-0
-0
-0
-0
-0
1.89774
-0
-0
6.47932
-0
-0
2.51637
-0
-0
27.8466
-0
-0
40.7251
-0
-0
-0
-0
-0
-0
0.68374
-0
-0
-0
0.542201
-0
-0
-0
-0
41.5038
-0
13.7099
-0
-0
-0
-0
-0
-0
-0
-0
-0
-0
-0
-0
-0
-0
-0
-0
-0
11.6337
-0
-0
-0
-0
-0
-0
-0
-0
-0
19.1021
-0
-0
-0
-0
-0
-0
-0
-0
36.4375
-0
2.75914
-0
-0
12.489
-0
-0
26.1957
0.649616
-0
-0
-0
-0
1.09549
-0
-0
-0
-0
-0
-0
-0
44.2762
-0
-0
-0
-0
-0
25.8957
-0
-0
-0
-0
-0
20.0865
-0
-0
-0
-0
-0
-0
-0
-0
-0
-0
-0
22.5126
-0
-0
-0
-0
-0
48.4944
-0
-0
-0
-0
49.915
-0
-0
-0
-0
8.69521
-0
-0
-0
36.8141
-0
20.6432
-0
-0
41.5826
-0
-0
-0
-0
-0
-0
5.50514
-0
-0
-0
-0
-0
-0
-0
-0
16.2679
5.26599
-0
-0
10.4326
-0
-0
-0
-0
-0
-0
-0
0.566837
-0
63.1311
-0
8.49589
-0
-0
-0
-0
-0
28.2517
-0
-0
-0
37.8864
-0
-0
-0
-0
-0
-0
-0
-0
-0
-0
-0
-0
-0
29.5662
-0
-0
-0
-0
9.73963
33.4391
-0
-0
-0
-0
-0
55.8853
-0
-0
-0
-0
18.2023
-0
10.7655
-0
-0
18.0217
16.5553
-0
14.4371
-0
-0
-0
-0
12.6509
-0
-0
40.6869
-0
-0
-0
-0
-0
-0
-0
-0
-0
-0
24.854
-0
21.4601
-0
-0
-0
-0
-0
-0
-0
-0
18.7886
-0
-0
-0
30.0858
-0
-0
-0
-0
40.9631
19.1296
-0
-0
0.732312
-0
-0
18.6875
12.2309
-0
1.34874
-0
-0
-0
-0
-0
-0
-0
-0
-0
-0
-0
-0
-0
-0
3.26304
-0
-0
-0
-0
-0
-0
-0
-0
-0
17.4249
-0
-0
48.1383
-0
-0
-0
-0
-0
-0
-0
-0
-0
-0
-0
-0
-0
-0
14.4847
-0
-0
-0
-0
11.4352
-0
-0
-0
25.2994
-0
-0
-0
-0
-0
-0
16.3797
-0
-0
-0
-0
-0
-0
-0
-0
-0
-0
-0
-0
-0
-0
10.2352
-0
-0
-0
-0
-0
-0
-0
-0
-0
-0
10.5152
-0
-0
-0
-0
7.24458
1.47418
-0
-0
-0
-0
-0
-0
-0
11.451
-0
33.1734
-0
-0
-0
-0
-0
-0
-0
-0
-0
-0
-0
-0
1.50407
-0
-0
-0
-0
-0
-0
13.4443
-0
-0
-0
-0
-0
-0
0.294878
-0
-0
-0
-0
-0
-0
3.3156
-0
-0
-0
-0
1.83465
-0
-0
-0
3.56105
-0
-0
14.1988
-0
-0
-0
-0
-0
-0
-0
-0
-0
-0
1.57934
-0
-0
-0
-0
-0
-0
-0
18.0843
6.8531
-0
31.1344
-0
-0
-0
0.100158
-0
-0
-0
-0
-0
-0
-0
7.20332
-0
-0
-0
-0
13.3406
-0
-0
-0
-0
-0
-0
-0
40.4966
-0
-0
16.418
-0
-0
-0
-0
-0
-0
-0
-0
-0
-0
-0
-0
-0
-0
-0
-0
-0
-0
-0
-0
-0
-0
-0
-0
6.05267
18.4517
-0
-0
-0
-0
-0
-0
1.16554
-0
5.31919
-0
29.0531
0.572679
-0
-0
-0
-0
-0
13.9041
-0
-0
-0
-0
-0
-0
-0
-0
-0
-0
-0
-0
-0
16.2347
-0
-0
1.34395
-0
16.3512
-0
-0
5.82983
-0
-0
52.262
-0
-0
3.04563
-0
-0
41.9284
-0
-0
-0
-0
-0
-0
-0
-0
14.7124
-0
-0
-0
5.92754
-0
-0
64.9165
-0
-0
-0
36.3897
6.93897
-0
-0
-0
-0
-0
-0
4.10272
-0
-0
-0
-0
-0
-0
-0
-0
45.0491
2.72913
42.8514
-0
-0
-0
-0
0.735195
-0
-0
-0
-0
-0
-0
-0
-0
16.8982
-0
-0
-0
-0
-0
-0
1.46023
43.0018
-0
-0
-0
-0
-0
-0
-0
-0
-0
-0
-0
-0
-0
54.9001
-0
-0
-0
-0
-0
-0
18.3539
-0
-0
-0
-0
-0
-0
-0
-0
21.0894
-0
-0
-0
-0
-0
53.9422
-0
-0
-0
10.5304
-0
-0
-0
-0
7.05441
-0
-0
-0
26.544
-0
-0
-0
-0
-0
-0
-0
-0
30.0386
-0
-0
-0
-0
-0
-0
-0
-0
-0
-0
-0
-0
-0
10.6591
-0
-0
-0
24.419
-0
-0
32.9828
35.6883
-0
-0
-0
-0
-0
-0
-0
-0
-0
-0
-0
-0
-0
-0
-0
-0
-0
10.8815
-0
-0
15.919
-0
-0
-0
-0
-0
-0
-0
-0
12.4053
-0
-0
-0
-0
-0
-0
8.815
-0
-0
-0
-0
-0
-0
-0
-0
-0
25.6873
-0
-0
-0
-0
-0
-0
-0
-0
-0
-0
-0
-0
-0
-0
-0
-0
-0
-0
-0
5.45074
-0
-0
-0
-0
-0
5.17035
-0
27.9556
-0
-0
-0
-0
-0
-0
-0
-0
-0
49.0938
-0
-0
57.3182
-0
-0
-0
-0
-0
-0
-0
7.64732
-0
48.1394
-0
-0
20.7918
-0
-0
-0
-0
-0
-0
-0
-0
20.294
1.3218
-0
8.21077
-0
-0
-0
-0
-0
-0
-0
-0
35.8744
-0
-0
0.0398023
-0
-0
-0
-0
-0
-0
-0
-0
4.93367
-0
29.3684
-0
-0
-0
-0
37.3195
35.7861
-0
-0
-0
23.5374
9.46754
-0
-0
-0
-0
-0
-0
-0
25.4426
9.80402
-0
-0
-0
-0
-0
-0
-0
-0
-0
-0
-0
-0
-0
-0
-0
4.06614
-0
-0
-0
-0
2.30035
47.5095
-0
-0
57.385
33.2249
-0
11.3452
-0
-0
-0
40.0993
11.2799
-0
-0
-0
-0
-0
2.48457
7.57127
-0
-0
-0
-0
15.3082
-0
-0
-0
-0
-0
4.07889
-0
-0
-0
0.140617
-0
-0
-0
-0
4.25215
-0
-0
-0
-0
-0
-0
-0
-0
-0
-0
-0
8.30888
-0
-0
-0
-0
-0
-0
-0
-0
-0
-0
-0
-0
-0
-0
43.6546
-0
-0
-0
-0
-0
-0
-0
-0
-0
-0
-0
-0
-0
-0
-0
1.04698
-0
0.239625
-0
-0
-0
-0
-0
-0
-0
-0
-0
-0
-0
-0
-0
-0
-0
-0
-0
-0
-0
70.7555
-0
-0
25.9716
4.97103
-0
-0
7.09972
-0
-0
-0
15.5383
1.98407
-0
-0
-0
-0
-0
-0
-0
32.321
-0
-0
27.3467
-0
-0
-0
-0
-0
-0
2.10927
-0
-0
-0
11.1631
14.3138
-0
39.7659
-0
-0
-0
-0
-0
-0
-0
-0
50.0032
5.84318
15.1721
17.0662
-0
-0
12.9168
8.29013
-0
-0
14.4742
84.7201
1.14833
-0
14.5776
-0
-0
-0
8.21892
-0
11.4966
-0
-0
-0
35.5076
2.4043
-0
87.0514
0.606018
-0
-0
-0
-0
-0
-0
7.20745
-0
-0
-0
-0
-0
-0
-0
25.6675
-0
-0
-0
-0
-0
-0
-0
-0
-0
-0
-0
-0
-0
-0
-0
-0
-0
-0
-0
-0
3.06726
0.805792
-0
11.8995
-0
-0
5.97982
6.51928
-0
-0
-0
-0
-0
-0
-0
-0
22.229
-0
-0
-0
-0
-0
-0
-0
-0
-0
-0
-0
-0
50.3611
19.4237
13.1639
-0
30.4646
-0
-0
-0
-0
-0
20.6891
-0
-0
-0
-0
-0
-0
-0
20.8694
-0
-0
-0
-0
26.9319
-0
-0
-0
-0
-0
-0
-0
-0
-0
-0
-0
32.0355
12.1213
-0
23.7015
-0
-0
-0
-0
-0
-0
-0
-0
30.4326
-0
-0
-0
-0
-0
-0
-0
-0
-0
-0
-0
-0
-0
-0
-0
-0
-0
-0
-0
-0
-0
-0
-0
-0
-0
-0
-0
-0
-0
-0
-0
-0
-0
-0
-0
-0
-0
-0
-0
-0
-0
-0
-0
-0
8.45975
19.0321
-0
4.00027
-0
19.449
-0
-0
-0
-0
-0
-0
1.72395
-0
-0
-0
-0
-0
-0
-0
-0
-0
-0
-0
-0
-0
-0
0.700564
-0
-0
-0
-0
0.137731
-0
-0
-0
-0
-0
-0
-0
-0
-0
19.7486
-0
19.1712
23.8823
-0
-0
-0
-0
-0
-0
-0
34.9001
-0
-0
-0
6.35039
-0
-0
-0
-0
-0
-0
-0
-0
-0
-0
-0
22.9998
20.9281
-0
-0
-0
-0
-0
-0
-0
-0
-0
-0
-0
-0
-0
-0
37.7034
-0
-0
-0
-0
-0
-0
-0
-0
-0
-0
-0
3.91891
27.6028
-0
-0
-0
46.2238
-0
-0
-0
-0
50.2147
-0
14.539
-0
-0
-0
27.0931
-0
27.0692
-0
-0
-0
-0
-0
-0
-0
-0
-0
-0
-0
-0
4.21602
-0
17.7789
-0
0.637834
18.3894
-0
-0
-0
-0
-0
-0
-0
-0
30.3609
-0
-0
-0
-0
-0
-0
-0
2.28953
-0
-0
-0
-0
-0
-0
-0
29.7007
-0
-0
-0
-0
-0
17.9598
-0
-0
-0
24.1692
-0
-0
-0
-0
-0
-0
1.85285
14.281
-0
-0
30.7655
-0
-0
-0
-0
6.75026
-0
-0
-0
-0
19.7011
-0
-0
-0
-0
-0
-0
-0
39.5991
-0
-0
-0
-0
-0
34.2012
-0
-0
-0
-0
50.2005
-0
-0
-0
3.85206
-0
10.9684
-0
24.4253
-0
-0
-0
-0
-0
-0
-0
-0
-0
-0
5.87286
-0
9.92155
-0
-0
0.413939
-0
-0
-0
-0
-0
-0
-0
-0
-0
-0
-0
-0
-0
7.51861
-0
-0
-0
-0
42.9721
-0
-0
-0
2.29989
-0
-0
26.3914
-0
-0
-0
-0
-0
-0
-0
-0
-0
23.4755
39.6221
32.0829
-0
-0
-0
-0
-0
-0
-0
-0
-0
-0
-0
-0
2.78661
-0
13.4773
-0
-0
14.8445
-0
-0
-0
-0
22.4265
-0
-0
-0
8.88061
-0
-0
-0
-0
-0
45.832
-0
-0
26.4254
-0
-0
-0
-0
-0
-0
-0
-0
-0
-0
-0
-0
-0
-0
-0
-0
-0
-0
-0
-0
-0
-0
-0
-0
-0
-0
-0
-0
-0
-0
10.7353
-0
-0
34.9679
-0
-0
-0
-0
-0
-0
-0
21.44
-0
-0
8.99029
-0
-0
-0
-0
-0
-0
-0
-0
-0
-0
-0
-0
-0
-0
-0
-0
9.34192
-0
-0
20.1645
-0
-0
-0
-0
-0
18.3063
3.79191
-0
-0
18.7596
-0
-0
-0
12.424
-0
-0
-0
-0
-0
-0
-0
-0
-0
-0
-0
50.9155
-0
-0
-0
-0
-0
-0
-0
-0
51.9281
24.2862
-0
-0
1.8779
-0
-0
-0
37.1362
-0
-0
6.75857
8.02898
7.56972
-0
-0
-0
-0
39.6294
-0
-0
-0
50.408
-0
-0
-0
52.9251
-0
-0
39.5971
7.48517
-0
-0
-0
-0
-0
-0
-0
1.99413
-0
-0
-0
-0
-0
-0
-0
-0
11.4287
-0
37.3566
-0
-0
-0
-0
-0
-0
-0
13.5933
-0
-0
-0
-0
-0
-0
11.9648
-0
-0
-0
-0
-0
-0
11.4378
9.41877
49.7359
-0
-0
36.1396
-0
-0
-0
-0
27.1893
-0
-0
11.3907
-0
-0
14.959
2.2231
-0
65.0424
-0
-0
-0
-0
-0
-0
6.20456
27.4222
-0
-0
-0
-0
24.6461
-0
-0
-0
-0
2.1597
-0
21.4355
-0
-0
-0
-0
0.242262
-0
-0
-0
6.92139
-0
26.9168
-0
-0
62.31
-0
-0
13.952
-0
-0
-0
22.2213
42.4429
-0
45.1652
-0
61.9799
-0
-0
29.5569
-0
-0
-0
23.9775
-0
-0
-0
2.37105
-0
-0
59.2658
-0
-0
-0
-0
-0
-0
-0
-0
-0
-0
27.4813
-0
-0
19.7331
-0
-0
-0
-0
-0
28.7926
-0
0.118402
-0
19.6332
-0
-0
-0
-0
-0
-0
-0
-0
-0
-0
-0
-0
-0
-0
-0
-0
-0
-0
0.52896
-0
-0
13.6572
-0
-0
12.0716
-0
-0
-0
5.38191
5.26095
-0
-0
-0
-0
-0
-0
-0
-0
-0
-0
-0
-0
-0
-0
9.48204
11.7576
25.2112
-0
-0
-0
67.9935
-0
-0
12.8312
-0
-0
-0
-0
-0
-0
10.6604
36.4897
-0
-0
-0
-0
-0
-0
21.1802
71.5054
-0
11.3891
33.6674
-0
-0
3.94331
-0
-0
2.52359
-0
-0
-0
-0
-0
-0
-0
-0
-0
-0
-0
-0
-0
-0
4.95045
-0
-0
-0
-0
-0
-0
21.5581
-0
30.5108
16.7757
-0
-0
-0
-0
-0
37.2348
41.4495
-0
38.6361
-0
-0
-0
-0
-0
-0
-0
6.21169
-0
12.3924
34.4477
9.69921
18.0429
-0
-0
-0
-0
13.9081
-0
-0
-0
-0
22.3053
-0
-0
-0
-0
-0
-0
30.1348
-0
-0
-0
-0
-0
-0
-0
2.01361
7.58656
-0
20.5833
-0
-0
-0
-0
-0
-0
-0
-0
-0
3.70046
-0
-0
11.3603
-0
-0
-0
-0
-0
-0
-0
42.3943
-0
44.8352
37.721
35.2964
-0
5.22125
-0
-0
-0
-0
50.4441
32.7164
-0
-0
-0
-0
-0
-0
-0
-0
-0
-0
-0
-0
-0
-0
-0
5.18219
-0
-0
2.40516
-0
-0
-0
-0
-0
14.4418
-0
-0
20.5195
-0
-0
-0
-0
-0
30.4585
-0
-0
-0
-0
-0
-0
5.43068
-0
-0
-0
-0
-0
-0
-0
-0
-0
-0
-0
-0
-0
-0
11.5784
-0
-0
-0
-0
-0
28.0749
-0
-0
-0
-0
-0
-0
-0
30.921
42.3316
37.5255
-0
-0
32.6615
-0
-0
-0
-0
-0
-0
-0
-0
7.6796
-0
-0
-0
-0
-0
-0
-0
-0
-0
-0
-0
-0
-0
-0
-0
-0
-0
-0
-0
-0
-0
-0
-0
-0
-0
-0
-0
-0
-0
18.2598
-0
-0
-0
-0
-0
-0
2.46701
-0
13.9228
-0
10.1387
20.3878
51.9137
-0
-0
63.0293
1.42532
-0
-0
-0
-0
-0
-0
-0
-0
15.1892
32.6616
9.08444
35.3788
-0
-0
-0
-0
-0
-0
-0
8.56244
-0
-0
-0
3.17553
-0
-0
-0
-0
-0
-0
-0
-0
-0
-0
-0
36.2588
-0
-0
-0
-0
-0
-0
-0
-0
-0
-0
-0
17.7582
-0
0.301857
33.5944
-0
72.2891
-0
-0
9.42994
-0
-0
-0
20.9077
24.0413
-0
-0
-0
35.0006
-0
-0
-0
-0
-0
-0
-0
-0
-0
-0
-0
-0
15.8828
-0
-0
-0
-0
-0
-0
-0
3.28679
-0
-0
-0
-0
-0
-0
-0
-0
-0
5.72907
-0
-0
-0
-0
-0
-0
-0
-0
-0
-0
-0
-0
-0
7.61073
-0
-0
38.2021
-0
-0
9.93768
-0
-0
-0
-0
-0
-0
-0
1.99115
-0
45.589
-0
-0
-0
-0
-0
-0
3.24281
-0
-0
-0
56.669
-0
-0
15.1135
-0
-0
-0
-0
-0
25.7228
-0
4.6785
-0
-0
-0
-0
-0
-0
-0
-0
12.429
-0
-0
-0
-0
-0
-0
-0
-0
-0
-0
-0
-0
-0
-0
-0
-0
-0
11.6766
-0
-0
-0
8.41163
-0
-0
-0
-0
-0
-0
-0
-0
-0
-0
-0
-0
-0
34.5426
-0
-0
-0
-0
-0
-0
-0
-0
-0
-0
-0
-0
-0
-0
-0
-0
-0
-0
-0
-0
-0
30.5814
-0
-0
-0
44.5738
-0
-0
-0
-0
-0
0.00506687
-0
51.6419
-0
-0
4.65626
-0
-0
27.4909
-0
-0
-0
-0
-0
2.94365
-0
-0
-0
-0
-0
-0
-0
-0
11.752
-0
-0
-0
-0
-0
-0
-0
-0
-0
-0
10.9175
-0
-0
-0
-0
-0
-0
-0
-0
37.4533
-0
36.9579
17.4027
-0
-0
-0
11.9147
-0
17.9004
-0
-0
-0
-0
-0
8.68556
-0
-0
-0
0.0955582
-0
-0
-0
-0
-0
-0
42.311
-0
-0
-0
-0
-0
-0
-0
3.7433
-0
15.8314
-0
-0
-0
-0
33.2181
-0
-0
-0
-0
-0
-0
-0
-0
-0
-0
-0
-0
10.3138
-0
-0
-0
-0
1.16959
-0
-0
-0
-0
1.15994
-0
37.7849
-0
-0
-0
-0
-0
17.9586
-0
1.14197
-0
-0
-0
-0
-0
4.25914
-0
-0
-0
-0
-0
-0
-0
-0
-0
-0
-0
20.4229
-0
-0
-0
-0
-0
-0
0.344939
-0
-0
8.04475
2.46475
-0
-0
-0
-0
-0
-0
-0
-0
-0
-0
-0
38.8849
-0
-0
-0
18.5492
-0
17.2972
-0
-0
-0
-0
-0
-0
-0
-0
-0
22.8363
-0
-0
-0
-0
-0
-0
32.1623
-0
-0
-0
-0
2.47005
-0
-0
-0
-0
-0
-0
-0
-0
10.9225
4.82027
-0
-0
-0
-0
28.7014
41.4259
-0
-0
-0
-0
-0
-0
-0
-0
-0
-0
-0
-0
-0
-0
-0
-0
38.0574
-0
-0
-0
-0
-0
15.6202
14.6598
-0
-0
-0
18.0817
-0
-0
-0
41.8436
-0
-0
11.7413
-0
-0
-0
-0
-0
9.60708
51.1286
-0
-0
-0
-0
-0
46.878
-0
-0
34.4614
-0
-0
-0
2.1256
-0
-0
-0
8.34219
41.4645
-0
-0
-0
1.11253
-0
34.3846
-0
-0
-0
32.4605
-0
-0
-0
-0
-0
-0
-0
-0
-0
-0
13.7206
-0
-0
3.20457
-0
-0
-0
0.525433
-0
-0
-0
-0
-0
-0
-0
-0
-0
-0
-0
-0
-0
-0
-0
-0
3.83783
24.3632
-0
-0
-0
-0
4.06141
-0
-0
-0
-0
-0
-0
-0
-0
-0
-0
-0
-0
18.3825
-0
9.01081
44.683
-0
66.0399
-0
-0
-0
-0
-0
-0
-0
-0
-0
-0
-0
-0
3.82611
-0
-0
-0
20.8581
-0
-0
-0
-0
-0
-0
-0
-0
-0
-0
-0
-0
-0
-0
-0
48.3596
39.6178
-0
-0
-0
-0
-0
-0
-0
-0
-0
77.6701
-0
-0
-0
-0
-0
48.1726
-0
-0
-0
-0
-0
-0
7.81172
-0
59.8418
-0
-0
-0
37.9716
-0
-0
-0
-0
2.50696
-0
25.345
-0
-0
-0
-0
8.81774
-0
-0
-0
-0
-0
-0
-0
58.2176
-0
8.54115
1.28585
-0
-0
11.7459
0.577848
-0
-0
-0
-0
-0
-0
-0
-0
5.90182
-0
-0
-0
-0
-0
-0
-0
-0
-0
19.9635
-0
-0
-0
-0
-0
-0
-0
-0
-0
-0
-0
71.6609
-0
13.96
-0
-0
-0
-0
-0
-0
-0
-0
-0
-0
-0
-0
56.4498
-0
-0
-0
-0
-0
-0
14.5582
-0
-0
-0
-0
-0
-0
-0
-0
-0
-0
-0
24.2242
39.7977
-0
12.9375
-0
-0
-0
-0
-0
-0
-0
-0
-0
0.11921
-0
-0
-0
0.111701
-0
11.3202
14.657
-0
9.53732
-0
-0
-0
-0
-0
0.0213574
10.6841
17.996
-0
-0
-0
-0
-0
5.91952
-0
20.5165
-0
-0
-0
-0
-0
-0
-0
-0
-0
-0
-0
-0
-0
-0
3.13658
-0
63.5434
-0
-0
-0
-0
-0
-0
-0
1.66908
-0
-0
-0
15.4654
23.5738
-0
-0
-0
-0
-0
-0
-0
-0
-0
-0
-0
-0
-0
-0
-0
-0
-0
-0
-0
-0
-0
41.2206
-0
-0
-0
-0
-0
-0
-0
-0
-0
36.2282
-0
-0
-0
-0
-0
-0
-0
-0
-0
-0
-0
-0
-0
-0
-0
-0
-0
-0
7.54052
-0
34.6016
19.4402
24.5372
7.33763
-0
-0
-0
-0
-0
1.198
-0
-0
-0
-0
-0
-0
-0
-0
-0
28.5259
-0
-0
-0
-0
-0
-0
-0
-0
29.2646
32.4067
-0
5.84358
-0
-0
-0
-0
-0
-0
-0
-0
-0
7.83046
-0
36.3446
-0
-0
44.8915
-0
-0
-0
-0
-0
34.1901
-0
-0
-0
-0
-0
-0
-0
11.2373
-0
-0
-0
-0
-0
-0
-0
-0
19.2353
-0
-0
-0
-0
-0
-0
-0
-0
-0
7.24783
4.06484
-0
13.5731
-0
-0
-0
-0
-0
-0
-0
-0
-0
-0
-0
-0
-0
-0
-0
4.35767
-0
27.5395
-0
8.1323
30.9607
-0
-0
-0
-0
-0
-0
18.1513
-0
7.92504
11.5601
-0
-0
-0
-0
-0
-0
-0
-0
9.09608
-0
-0
-0
-0
-0
-0
-0
24.021
-0
-0
-0
-0
-0
-0
11.6938
-0
-0
-0
-0
-0
12.0263
-0
4.69941
-0
43.3111
-0
-0
55.5441
-0
-0
-0
-0
-0
-0
4.87724
1.11626
-0
36.307
-0
-0
-0
-0
-0
-0
11.2465
-0
-0
22.6782
-0
-0
-0
-0
-0
-0
-0
-0
-0
-0
17.0052
-0
3.00995
-0
-0
-0
-0
14.6684
-0
-0
-0
-0
-0
-0
-0
27.8677
-0
44.2085
-0
-0
-0
-0
-0
0.503944
-0
-0
-0
-0
-0
31.5798
-0
-0
-0
-0
-0
15.8214
-0
3.65571
-0
24.6213
-0
-0
-0
-0
-0
-0
-0
15.419
7.39775
-0
-0
-0
-0
52.9833
-0
3.99406
26.8485
-0
-0
-0
-0
-0
-0
-0
51.843
-0
-0
-0
-0
42.5225
-0
4.41282
4.03524
-0
-0
-0
-0
-0
-0
41.1758
-0
0.544104
-0
24.4539
-0
-0
-0
-0
-0
-0
-0
-0
-0
30.9316
-0
-0
46.965
11.0308
-0
-0
-0
6.31271
-0
0.646272
-0
-0
-0
-0
-0
-0
-0
-0
28.9165
-0
-0
-0
-0
-0
-0
39.3239
-0
-0
-0
-0
-0
-0
-0
7.73107
-0
-0
-0
-0
-0
64.8841
-0
51.8112
20.9889
-0
5.83466
-0
-0
-0
-0
-0
-0
-0
-0
-0
-0
-0
-0
-0
-0
20.6957
-0
-0
-0
-0
-0
-0
34.4332
11.7331
-0
-0
-0
21.9999
-0
-0
20.3144
-0
-0
-0
4.42743
-0
-0
-0
-0
-0
0.31263
-0
15.8343
-0
-0
-0
-0
-0
-0
25.4867
-0
8.18475
-0
-0
-0
-0
-0
-0
-0
-0
-0
-0
-0
-0
-0
-0
-0
-0
-0
-0
-0
-0
63.289
-0
18.3465
38.859
31.8394
-0
-0
39.5079
-0
-0
-0
-0
-0
42.7142
-0
-0
-0
-0
5.45789
-0
-0
-0
-0
-0
-0
-0
-0
-0
28.4172
12.964
-0
-0
-0
1.96371
-0
-0
-0
-0
-0
-0
-0
-0
7.46501
-0
-0
6.00205
-0
-0
-0
-0
-0
-0
-0
-0
-0
-0
23.3817
-0
8.47826
34.096
-0
-0
-0
-0
21.1764
-0
-0
2.43919
-0
-0
-0
39.9523
-0
-0
7.06258
4.48859
3.91633
-0
-0
-0
-0
-0
-0
-0
-0
-0
-0
-0
-0
-0
-0
-0
-0
-0
-0
-0
-0
-0
-0
-0
-0
-0
-0
-0
-0
-0
0.44859
-0
7.3713
-0
-0
-0
-0
23.1907
-0
-0
-0
-0
-0
-0
15.7019
19.4994
10.363
-0
-0
-0
-0
-0
-0
-0
-0
-0
-0
-0
-0
-0
-0
-0
-0
32.4297
-0
-0
-0
-0
-0
-0
-0
10.0933
-0
-0
30.5779
-0
-0
-0
-0
-0
-0
3.24784
-0
-0
11.5724
-0
-0
-0
-0
-0
-0
65.5175
-0
-0
-0
-0
-0
-0
-0
-0
-0
-0
-0
-0
4.20433
-0
-0
-0
-0
38.8854
-0
25.7067
-0
12.2471
18.0815
12.0627
-0
-0
-0
-0
-0
-0
-0
-0
-0
-0
40.7723
-0
-0
-0
-0
-0
14.7802
24.667
-0
28.2109
-0
-0
-0
-0
-0
-0
-0
-0
-0
-0
-0
62.6189
-0
-0
-0
-0
7.80257
-0
-0
-0
-0
-0
-0
-0
-0
-0
-0
-0
-0
-0
-0
-0
25.0627
-0
-0
-0
-0
-0
5.3033
-0
-0
-0
-0
8.16
17.6593
32.7861
-0
9.15996
-0
6.53486
-0
-0
-0
-0
-0
-0
-0
8.41928
-0
-0
13.0176
23.8967
12.163
-0
-0
-0
-0
-0
-0
9.84319
-0
-0
-0
-0
-0
-0
-0
-0
-0
-0
-0
15.7248
-0
-0
4.52277
26.9789
18.6703
-0
-0
-0
-0
-0
9.16923
-0
-0
-0
-0
-0
-0
-0
-0
-0
-0
-0
-0
-0
-0
31.5754
3.02586
-0
-0
-0
-0
6.0055
-0
-0
-0
-0
-0
-0
31.5881
-0
-0
-0
-0
-0
-0
-0
-0
-0
-0
-0
-0
-0
13.8751
-0
-0
-0
-0
-0
-0
-0
-0
-0
-0
8.03483
-0
-0
-0
-0
-0
0.573347
-0
-0
-0
-0
-0
-0
-0
-0
-0
-0
-0
-0
-0
-0
-0
-0
34.9108
-0
-0
-0
2.03815
-0
-0
-0
27.2598
-0
-0
-0
-0
75.0325
-0
-0
-0
-0
-0
-0
21.3709
44.1884
-0
-0
57.5372
-0
-0
-0
-0
-0
-0
16.0609
83.4446
-0
-0
2.92023
14.1732
-0
-0
10.1765
-0
-0
-0
-0
-0
-0
-0
5.16145
-0
-0
-0
-0
-0
-0
-0
-0
-0
-0
-0
-0
12.1753
-0
18.2365
-0
-0
-0
-0
-0
-0
-0
-0
-0
-0
-0
-0
-0
-0
-0
-0
-0
25.2112
-0
-0
-0
-0
-0
-0
11.4909
-0
-0
-0
-0
-0
-0
-0
-0
-0
-0
-0
-0
-0
-0
-0
-0
-0
-0
