-0
-0
-0
-0
-0
2.5846
-0
4.81048
42.7519
22.3284
33.951
-0
-0
-0
-0
24.0228
-0
-0
1.46737
-0
-0
-0
-0
-0
30.1945
0.636165
-0
-0
-0
-0
-0
-0
-0
-0
0.729678
-0
-0
-0
-0
-0
0.976219
-0
-0
25.7208
-0
-0
-0
-0
-0
-0
-0
-0
0.337396
-0
-0
-0
-0
1.0541
-0
30.9204
-0
-0
11.809
-0
-0
-0
-0
-0
-0
1.08058
-0
-0
-0
-0
-0
-0
43.7931
-0
-0
-0
-0
66.3183
6.21133
-0
17.6785
-0
-0
-0
-0
-0
-0
-0
-0
-0
-0
-0
9.27784
-0
19.7798
-0
-0
-0
-0
-0
-0
-0
-0
-0
-0
-0
4.98615
-0
-0
-0
-0
16.5954
-0
-0
21.954
37.0271
9.08828
-0
25.6269
-0
20.3559
-0
-0
-0
-0
-0
8.04266
29.7288
35.0277
-0
-0
-0
-0
25.4018
-0
-0
-0
-0
4.51557
-0
-0
-0
-0
-0
-0
-0
-0
-0
-0
20.5175
-0
-0
36.3132
-0
-0
2.67504
13.9492
-0
-0
-0
8.81618
-0
-0
-0
-0
79.5028
-0
17.3501
-0
-0
-0
-0
-0
-0
5.58011
-0
-0
-0
-0
-0
-0
-0
-0
-0
57.3354
-0
25.2729
-0
-0
16.2251
-0
-0
-0
-0
-0
-0
-0
2.3637
-0
-0
-0
-0
-0
30.492
-0
-0
-0
-0
43.4058
-0
-0
8.42059
-0
-0
-0
-0
1.93951
-0
-0
-0
-0
-0
-0
-0
-0
-0
-0
-0
-0
-0
-0
-0
-0
-0
-0
-0
-0
-0
-0
-0
-0
-0
47.465
-0
-0
-0
-0
-0
-0
-0
7.61267
-0
-0
-0
-0
-0
9.9876
-0
-0
6.22861
-0
-0
-0
-0
-0
-0
-0
27.3167
-0
48.6548
-0
-0
-0
-0
-0
-0
5.32456
4.8489
-0
-0
-0
-0
-0
-0
-0
-0
-0
16.6669
26.2153
-0
16.1711
-0
52.9363
-0
-0
48.87
-0
-0
2.06389
7.79567
-0
22.3504
-0
-0
40.9556
-0
-0
-0
-0
-0
-0
1.09733
-0
-0
-0
0.542232
-0
-0
-0
28.814
36.3238
-0
31.6234
-0
-0
-0
-0
-0
-0
-0
-0
-0
-0
-0
-0
11.2049
-0
-0
-0
-0
8.0979
-0
-0
-0
-0
-0
-0
-0
-0
-0
28.1163
-0
-0
-0
-0
-0
8.98716
-0
-0
20.1814
13.9594
2.02208
-0
-0
19.9727
-0
-0
18.903
0.666108
11.4931
-0
-0
-0
-0
-0
-0
-0
-0
20.0606
-0
-0
37.2218
-0
-0
-0
-0
-0
-0
-0
-0
-0
-0
-0
-0
-0
4.72945
6.20621
-0
-0
-0
-0
-0
-0
-0
-0
2.94704
-0
-0
-0
-0
-0
31.4432
-0
-0
-0
-0
55.687
-0
-0
-0
-0
-0
-0
3.44399
-0
17.1976
-0
8.48314
-0
-0
46.0951
-0
-0
-0
-0
-0
-0
1.7447
40.9187
-0
-0
9.0479
-0
-0
-0
-0
37.7046
19.441
-0
-0
-0
17.7196
-0
-0
-0
-0
-0
-0
-0
-0
75.9649
-0
-0
-0
-0
-0
-0
-0
-0
-0
-0
13.5539
36.0117
-0
-0
-0
-0
-0
-0
-0
-0
-0
-0
12.8934
-0
44.7885
41.7756
-0
-0
-0
-0
28.0473
41.5617
-0
-0
38.7473
-0
-0
29.7499
-0
-0
-0
-0
9.07071
-0
4.38987
-0
-0
24.6392
-0
-0
3.88182
-0
-0
-0
-0
27.5819
-0
-0
-0
-0
-0
7.87855
-0
-0
-0
-0
-0
-0
-0
-0
-0
25.8806
-0
-0
-0
-0
-0
-0
-0
-0
16.978
-0
-0
-0
36.2579
-0
-0
-0
-0
97.2976
47.8316
-0
-0
13.4875
-0
-0
-0
10.4755
-0
-0
-0
-0
-0
-0
-0
-0
-0
-0
10.9467
-0
19.1169
-0
-0
13.246
-0
-0
-0
-0
-0
-0
4.85181
-0
-0
-0
21.0844
-0
-0
-0
-0
-0
-0
-0
5.02348
15.1313
-0
15.9245
-0
-0
-0
-0
-0
-0
38.3318
-0
10.5482
-0
-0
30.5641
-0
-0
-0
52.4328
-0
-0
-0
-0
-0
-0
-0
-0
-0
-0
-0
-0
-0
-0
-0
-0
-0
-0
-0
-0
-0
7.54578
-0
-0
-0
-0
-0
-0
-0
-0
-0
-0
-0
-0
-0
-0
-0
10.5083
7.82178
-0
-0
-0
-0
-0
8.84364
-0
11.5767
-0
50.4688
-0
-0
-0
-0
-0
-0
-0
-0
-0
-0
-0
-0
0.839082
-0
-0
-0
-0
-0
-0
46.6273
-0
-0
-0
-0
-0
-0
-0
-0
-0
-0
-0
-0
-0
27.2316
23.9958
-0
-0
40.3965
-0
-0
-0
-0
-0
-0
-0
0.167302
-0
-0
-0
-0
10.7024
-0
-0
-0
-0
-0
-0
-0
-0
-0
-0
-0
-0
-0
21.9369
-0
-0
25.5273
-0
-0
-0
-0
-0
-0
-0
-0
-0
-0
-0
16.4759
-0
-0
-0
-0
6.23774
-0
-0
-0
1.31615
-0
-0
-0
74.3482
-0
-0
-0
-0
-0
-0
11.5582
11.8954
13.7011
-0
-0
-0
-0
-0
-0
-0
-0
-0
-0
-0
22.8352
-0
-0
-0
-0
-0
-0
17.3276
41.1075
-0
-0
-0
-0
-0
-0
5.66884
-0
12.8462
-0
-0
-0
17.1246
-0
-0
-0
-0
6.50099
-0
-0
26.6133
-0
-0
-0
-0
-0
-0
22.6651
-0
-0
-0
25.2059
-0
-0
45.6241
-0
7.13229
-0
-0
8.27213
4.65835
-0
20.1333
-0
-0
-0
-0
-0
39.2062
9.61452
-0
-0
-0
-0
-0
-0
-0
19.4451
37.4898
-0
-0
9.71155
-0
-0
19.7638
-0
-0
-0
15.3981
-0
-0
3.39955
-0
0.136377
-0
-0
3.58778
-0
-0
-0
-0
-0
-0
-0
-0
31.2077
7.0229
16.5292
-0
-0
-0
-0
0.581941
-0
-0
-0
-0
-0
-0
-0
5.32642
23.5863
-0
-0
-0
-0
-0
3.35434
27.4699
4.09584
-0
8.57296
-0
-0
-0
-0
-0
-0
-0
-0
-0
-0
3.09862
50.4884
-0
-0
-0
-0
-0
8.51855
-0
-0
-0
-0
-0
-0
21.407
-0
-0
44.7244
-0
-0
-0
-0
6.6983
30.5812
-0
1.61554
-0
-0
-0
8.71355
-0
-0
-0
7.63395
-0
-0
23.8393
-0
-0
-0
-0
-0
-0
-0
-0
9.91531
14.0594
0.305498
-0
-0
-0
-0
-0
-0
5.80821
-0
-0
-0
-0
18.7946
-0
-0
-0
24.3844
-0
-0
-0
7.46401
-0
-0
-0
-0
-0
-0
-0
-0
-0
-0
-0
-0
-0
8.05767
-0
-0
-0
4.39412
27.508
-0
20.5397
-0
-0
-0
21.259
-0
-0
-0
-0
-0
-0
-0
-0
-0
-0
-0
-0
-0
-0
-0
-0
-0
-0
-0
-0
-0
-0
-0
-0
-0
-0
-0
-0
-0
-0
-0
-0
-0
-0
-0
-0
7.66825
-0
-0
-0
-0
58.4893
-0
-0
-0
-0
-0
-0
-0
20.965
-0
-0
-0
-0
-0
-0
-0
-0
-0
-0
-0
-0
39.96
-0
-0
-0
-0
-0
-0
-0
20.9816
-0
17.8557
-0
-0
42.4699
-0
-0
-0
-0
-0
-0
-0
-0
34.4691
-0
-0
0.307825
-0
-0
-0
-0
17.8541
-0
1.97799
-0
16.4442
-0
-0
-0
-0
-0
-0
2.71092
-0
-0
-0
-0
-0
-0
9.5946
-0
-0
-0
-0
26.4627
-0
-0
-0
-0
-0
-0
-0
-0
-0
-0
-0
-0
-0
25.6681
8.21138
-0
-0
-0
-0
-0
-0
-0
-0
-0
-0
3.58728
5.14539
-0
-0
-0
8.27661
-0
-0
-0
-0
17.8517
41.0013
-0
-0
13.6294
3.66224
-0
-0
-0
-0
-0
52.8609
-0
-0
-0
-0
-0
-0
-0
-0
-0
-0
-0
-0
30.4277
-0
-0
3.13532
19.9036
13.6619
19.4702
-0
-0
-0
16.5394
-0
-0
-0
-0
-0
-0
-0
-0
-0
-0
4.09581
-0
-0
-0
-0
-0
18.903
-0
-0
-0
-0
-0
-0
-0
-0
-0
7.15246
-0
-0
-0
-0
29.4519
-0
-0
-0
-0
19.9769
-0
-0
-0
-0
-0
36.3572
-0
-0
-0
-0
2.80977
-0
4.79799
-0
10.3724
-0
-0
-0
-0
-0
-0
-0
-0
18.7615
-0
-0
-0
-0
-0
-0
-0
-0
17.2272
-0
12.7871
-0
-0
-0
-0
-0
-0
-0
-0
44.556
1.2608
-0
-0
8.35016
-0
-0
-0
-0
18.2408
-0
-0
-0
-0
-0
-0
-0
-0
-0
7.12191
9.60887
-0
6.85405
16.6672
-0
-0
-0
-0
-0
34.8456
-0
-0
-0
-0
-0
5.57413
-0
39.3449
37.7805
-0
3.08381
11.6145
0.349344
-0
-0
-0
54.3526
0.492814
-0
4.05574
-0
-0
-0
34.6921
21.6441
15.1633
-0
-0
-0
-0
-0
-0
93.0815
-0
-0
-0
-0
-0
-0
-0
9.08024
-0
-0
-0
-0
-0
-0
-0
28.0877
-0
-0
19.1487
-0
-0
-0
-0
-0
0.326472
-0
-0
-0
-0
-0
-0
-0
-0
-0
-0
-0
-0
-0
-0
25.9261
-0
-0
-0
-0
-0
-0
-0
-0
-0
-0
-0
-0
-0
-0
-0
-0
-0
-0
-0
-0
-0
-0
29.9816
-0
-0
8.3294
-0
29.4313
-0
-0
-0
-0
-0
-0
9.43745
41.5488
-0
-0
-0
-0
-0
-0
-0
-0
-0
12.1825
-0
-0
26.7546
-0
-0
-0
-0
-0
-0
10.938
-0
-0
-0
-0
-0
-0
-0
-0
-0
0.311736
-0
-0
-0
9.46937
-0
-0
-0
-0
-0
-0
26.3932
-0
-0
-0
15.687
-0
-0
-0
-0
-0
-0
-0
-0
21.3132
-0
-0
-0
-0
-0
-0
-0
-0
-0
-0
-0
-0
-0
49.0166
-0
-0
-0
-0
-0
-0
-0
-0
-0
-0
-0
-0
-0
-0
-0
-0
12.1959
-0
7.45607
11.4996
-0
-0
-0
-0
-0
-0
-0
-0
-0
-0
29.2343
-0
-0
-0
0.901647
-0
-0
-0
16.1364
-0
0.0466397
-0
-0
-0
-0
0.228412
-0
-0
-0
-0
-0
-0
-0
-0
30.1377
7.0741
-0
-0
37.7441
-0
9.00999
-0
-0
-0
-0
-0
41.0234
28.0973
-0
3.30861
8.94651
-0
-0
-0
-0
4.46285
-0
-0
-0
-0
-0
-0
14.3857
12.2207
-0
-0
-0
-0
-0
-0
-0
-0
-0
-0
-0
-0
-0
-0
45.3063
-0
-0
-0
-0
-0
-0
-0
-0
-0
-0
-0
1.5442
16.1038
-0
-0
-0
38.1079
-0
-0
-0
-0
59.9195
-0
8.83366
-0
-0
-0
-0
-0
22.5473
-0
-0
-0
-0
18.0931
-0
-0
-0
-0
-0
-0
-0
-0
-0
9.4989
-0
1.90232
-0
-0
-0
-0
-0
-0
-0
-0
-0
4.28631
-0
-0
-0
-0
-0
-0
-0
-0
-0
-0
-0
-0
23.2003
1.40535
-0
19.0483
-0
1.01015
0.772589
2.33318
-0
31.4008
-0
-0
-0
30.968
-0
-0
-0
-0
-0
-0
17.0779
9.21227
-0
19.7063
-0
-0
-0
-0
-0
-0
1.08543
-0
-0
-0
11.5293
-0
-0
-0
-0
-0
-0
-0
22.5024
-0
-0
-0
-0
-0
54.6054
-0
-0
-0
-0
28.9155
-0
13.5226
-0
-0
-0
-0
3.08527
26.0425
-0
-0
32.8666
-0
-0
-0
-0
-0
-0
32.7442
27.9949
-0
28.3322
-0
-0
-0
-0
-0
-0
-0
-0
-0
-0
-0
-0
-0
-0
-0
-0
4.13381
-0
-0
-0
-0
17.3647
3.68734
7.32333
-0
3.43221
-0
-0
9.38741
-0
7.9501
-0
-0
-0
-0
-0
-0
-0
36.8608
11.758
-0
22.8942
-0
-0
-0
-0
-0
-0
-0
-0
-0
-0
-0
-0
-0
16.3843
-0
-0
31.7393
-0
-0
-0
-0
59.0322
-0
-0
-0
2.67046
-0
-0
5.43764
-0
-0
56.4098
-0
2.77738
18.4176
14.1793
22.5974
-0
-0
-0
-0
-0
-0
-0
-0
-0
-0
-0
-0
-0
-0
-0
-0
-0
-0
-0
-0
-0
-0
-0
-0
-0
-0
-0
-0
17.6666
-0
-0
37.1817
-0
-0
-0
-0
-0
-0
-0
-0
-0
-0
-0
-0
-0
-0
-0
-0
-0
-0
-0
-0
-0
-0
-0
-0
-0
-0
-0
-0
-0
22.609
-0
-0
-0
-0
-0
-0
20.6533
2.14011
-0
-0
-0
-0
44.4692
-0
22.8005
-0
-0
-0
-0
-0
-0
-0
-0
-0
-0
-0
54.4033
-0
-0
-0
-0
-0
-0
-0
-0
-0
14.3005
-0
-0
-0
-0
-0
-0
23.7822
-0
-0
10.0312
3.13208
-0
-0
-0
-0
-0
9.32575
-0
-0
-0
68.6382
-0
-0
-0
106.43
-0
-0
50.9951
11.6355
-0
-0
14.1818
-0
-0
-0
-0
4.03448
-0
-0
-0
-0
-0
-0
-0
-0
11.0166
-0
53.4347
-0
-0
-0
-0
-0
-0
-0
38.0057
-0
-0
-0
-0
2.7751
-0
29.5954
-0
-0
-0
-0
2.93681
-0
4.25647
10.4543
52.9591
-0
2.88768
10.8345
-0
-0
-0
-0
-0
-0
-0
-0
9.45932
-0
0.0968649
-0
-0
20.7921
-0
-0
-0
-0
-0
-0
-0
39.4641
-0
-0
-0
-0
7.82865
-0
-0
-0
-0
2.58322
-0
56.3428
-0
0.713863
-0
-0
-0
-0
-0
-0
5.84747
-0
17.5939
55.4087
-0
54.6091
-0
-0
11.1759
-0
-0
-0
-0
16.1441
-0
31.2885
-0
42.7366
7.06059
-0
41.1302
-0
-0
-0
21.3005
-0
-0
-0
-0
-0
-0
23.9547
-0
-0
-0
-0
-0
-0
-0
-0
-0
-0
40.1085
-0
-0
-0
-0
-0
-0
-0
-0
10.6926
-0
-0
-0
40.3741
-0
-0
-0
19.1026
-0
-0
-0
-0
-0
-0
-0
-0
-0
-0
-0
-0
-0
8.67213
-0
-0
-0
6.34585
-0
-0
-0
-0
-0
-0
-0
-0
-0
-0
-0
-0
-0
-0
-0
-0
-0
-0
-0
-0
-0
10.0897
-0
7.77321
32.9402
-0
-0
-0
26.7691
-0
-0
-0
-0
-0
-0
19.4055
-0
30.4745
29.1842
-0
-0
24.8214
-0
-0
-0
-0
28.6131
56.04
-0
16.1487
61.537
-0
-0
39.7129
-0
-0
-0
-0
-0
-0
-0
-0
-0
-0
-0
-0
-0
-0
-0
9.35899
-0
8.35938
-0
-0
-0
-0
-0
-0
26.5141
-0
36.292
-0
-0
-0
-0
-0
-0
36.6788
58.0174
-0
-0
-0
-0
-0
-0
-0
-0
-0
-0
-0
22.6921
38.2141
13.9521
11.7565
-0
-0
-0
-0
22.7245
-0
-0
-0
-0
35.1208
-0
-0
-0
-0
-0
-0
27.1578
-0
-0
-0
-0
-0
-0
-0
1.94771
7.54488
-0
35.9471
-0
-0
-0
-0
-0
-0
-0
-0
-0
-0
-0
-0
5.88287
-0
-0
-0
-0
-0
-0
-0
12.1762
-0
68.113
6.65008
44.4364
-0
40.5658
-0
-0
-0
-0
15.6233
-0
-0
-0
-0
-0
-0
-0
-0
-0
-0
-0
-0
-0
-0
-0
-0
-0
-0
-0
-0
-0
-0
-0
-0
-0
15.4497
-0
-0
23.1081
-0
-0
-0
-0
-0
41.666
-0
-0
-0
-0
-0
-0
2.53787
-0
-0
-0
-0
-0
1.2398
-0
22.4461
-0
-0
-0
37.9816
2.43701
-0
12.9623
-0
-0
-0
-0
-0
36.7934
-0
-0
-0
-0
-0
-0
-0
14.6499
-0
22.9475
-0
-0
5.79303
-0
-0
-0
-0
-0
-0
-0
-0
15.4717
-0
-0
-0
-0
-0
-0
9.59413
-0
-0
-0
9.14328
-0
33.4321
-0
-0
-0
-0
-0
-0
-0
-0
-0
-0
-0
-0
-0
-0
3.17689
-0
25.3767
-0
-0
8.14116
-0
-0
-0
0.951986
-0
-0
-0
-0
-0
38.7023
-0
-0
67.2648
3.18859
37.0935
-0
-0
-0
-0
-0
-0
-0
14.78
9.57512
-0
-0
-0
21.2125
-0
-0
-0
-0
-0
18.3389
-0
-0
-0
7.0489
-0
-0
-0
-0
-0
-0
-0
-0
-0
-0
-0
3.1339
-0
-0
30.3516
-0
-0
-0
-0
-0
-0
-0
-0
47.8152
-0
-0
43.9612
-0
28.5609
-0
-0
-0
-0
-0
-0
12.2105
2.15041
-0
-0
-0
28.2605
-0
-0
-0
-0
-0
-0
-0
-0
-0
-0
-0
14.2758
56.2969
-0
-0
-0
-0
-0
-0
-0
-0
-0
-0
-0
-0
-0
-0
-0
-0
-0
7.62698
-0
-0
-0
-0
-0
-0
-0
-0
-0
-0
-0
-0
-0
-0
39.5963
-0
13.379
-0
-0
-0
-0
-0
-0
-0
-0
-0
-0
20.8797
-0
-0
-0
-0
-0
-0
-0
-0
4.79451
-0
-0
-0
17.9444
-0
-0
-0
-0
-0
20.4804
21.4963
16.8163
16.4719
-0
26.5153
-0
-0
-0
-0
-0
3.05238
32.1341
-0
9.612
-0
0.610666
-0
21.1224
-0
-0
-0
-0
13.5838
-0
-0
-0
-0
-0
-0
-0
-0
25.0897
-0
-0
0.40388
40.1785
-0
-0
-0
-0
-0
-0
-0
-0
-0
-0
-0
-0
-0
52.483
-0
16.5752
-0
-0
-0
-0
-0
-0
-0
-0
-0
-0
-0
-0
-0
-0
-0
-0
-0
-0
-0
17.5268
11.2677
-0
17.3903
38.6548
-0
-0
-0
7.55275
-0
3.64764
-0
3.97827
-0
-0
4.45374
-0
-0
36.361
-0
-0
-0
18.7991
-0
-0
-0
-0
-0
-0
-0
-0
-0
-0
-0
-0
-0
-0
-0
-0
-0
-0
-0
-0
-0
-0
-0
-0
3.04839
-0
-0
-0
14.3142
-0
7.33238
-0
29.8691
5.30207
-0
-0
-0
41.8292
-0
4.01322
0.0621972
-0
-0
14.5135
-0
24.8324
-0
25.4298
-0
0.0607526
25.147
39.6316
-0
-0
-0
-0
42.523
-0
-0
-0
-0
-0
-0
-0
1.69981
-0
14.5305
-0
-0
-0
-0
13.2412
-0
-0
-0
-0
-0
-0
24.4336
-0
-0
-0
-0
-0
2.41128
-0
-0
-0
-0
-0
-0
-0
0.547326
-0
-0
-0
37.0285
-0
-0
-0
-0
-0
-0
-0
-0
-0
-0
-0
-0
-0
48.4076
-0
-0
-0
-0
-0
-0
-0
-0
-0
-0
-0
16.3885
-0
-0
-0
7.9745
15.3068
-0
0.323767
-0
-0
1.05498
-0
-0
-0
-0
-0
18.3211
-0
-0
-0
-0
-0
-0
37.5653
-0
-0
-0
-0
-0
-0
-0
-0
-0
-0
-0
-0
-0
-0
-0
4.53239
-0
-0
2.3553
-0
-0
-0
19.7649
-0
23.5178
-0
-0
23.5467
-0
-0
-0
-0
-0
-0
-0
2.553
12.6964
-0
-0
-0
-0
-0
31.3015
45.4093
-0
-0
-0
-0
-0
-0
-0
-0
-0
-0
-0
-0
-0
-0
-0
2.98713
25.1507
-0
-0
-0
-0
1.80672
8.44317
23.3514
-0
2.39497
-0
-0
-0
-0
-0
22.0696
-0
-0
29.8334
-0
-0
-0
-0
38.8537
0.243234
25.4814
-0
-0
-0
-0
-0
48.8715
-0
-0
9.02737
5.96978
-0
0.148936
-0
-0
-0
-0
16.4228
32.8226
-0
-0
2.23126
43.6901
-0
13.3871
-0
-0
-0
31.1351
-0
-0
4.19516
-0
-0
-0
-0
-0
-0
-0
14.2673
-0
-0
7.74289
-0
-0
-0
20.1854
-0
-0
41.7119
5.36457
-0
-0
-0
-0
-0
-0
-0
-0
-0
-0
-0
-0
-0
-0
-0
-0
-0
-0
6.51752
-0
27.9593
-0
-0
-0
2.86224
-0
-0
-0
-0
-0
-0
17.2326
-0
10.269
42.4214
-0
73.1453
-0
-0
-0
-0
-0
-0
-0
-0
-0
24.8325
-0
-0
9.18593
-0
-0
-0
-0
-0
-0
-0
17.6822
-0
-0
-0
-0
-0
-0
-0
1.31449
-0
-0
-0
78.276
42.7859
-0
22.0523
-0
-0
-0
-0
-0
-0
-0
60.9982
-0
-0
-0
-0
-0
23.7258
-0
-0
-0
-0
-0
-0
30.7827
8.18247
25.9297
-0
-0
-0
13.5047
-0
-0
-0
-0
3.44466
-0
16.2689
-0
-0
-0
-0
1.87137
-0
-0
-0
-0
-0
-0
-0
23.8333
-0
-0
0.331153
-0
-0
-0
0.12474
-0
-0
-0
-0
-0
-0
-0
-0
2.57733
4.04268
-0
-0
-0
-0
-0
-0
-0
-0
18.2991
-0
-0
-0
-0
-0
-0
2.29155
-0
-0
4.73652
-0
44.5421
-0
-0
-0
-0
41.9024
-0
-0
-0
-0
-0
34.5367
-0
-0
-0
40.3674
-0
-0
-0
-0
10.048
43.3079
-0
-0
-0
-0
-0
-0
-0
-0
-0
-0
-0
-0
11.832
11.9004
-0
7.81491
-0
-0
-0
-0
-0
-0
1.88602
-0
-0
-0
-0
-0
-0
-0
-0
11.5434
-0
-0
3.21108
-0
-0
-0
-0
-0
-0
-0
-0
-0
-0
-0
17.7786
18.381
-0
-0
9.03456
-0
-0
-0
-0
-0
-0
-0
-0
-0
-0
-0
-0
-0
-0
-0
-0
26.4031
-0
-0
-0
-0
0.188691
10.7811
-0
5.58184
-0
-0
-0
-0
5.55807
-0
-0
-0
-0
-0
-0
-0
-0
-0
-0
-0
-0
-0
-0
7.51326
-0
-0
-0
-0
-0
-0
10.7188
-0
-0
-0
-0
-0
-0
7.2964
-0
-0
22.2343
-0
-0
-0
-0
-0
-0
-0
-0
-0
-0
-0
-0
-0
-0
16.4116
-0
-0
6.39419
-0
16.0768
43.526
-0
12.3569
15.6692
-0
-0
-0
-0
-0
1.15812
-0
-0
-0
-0
-0
-0
-0
-0
-0
22.5321
-0
-0
-0
-0
34.4211
-0
-0
-0
11.9983
-0
-0
-0
-0
-0
-0
-0
-0
-0
-0
-0
-0
-0
-0
30.4003
1.20402
-0
40.0567
-0
-0
-0
-0
-0
38.4723
-0
-0
-0
-0
-0
-0
-0
16.3001
-0
-0
-0
-0
-0
-0
20.1898
-0
54.7909
-0
-0
-0
11.6723
-0
-0
-0
-0
-0
9.25565
0.669136
-0
-0
-0
13.3834
-0
-0
-0
-0
-0
-0
-0
-0
-0
-0
0.984192
-0
-0
-0
-0
32.5153
-0
-0
-0
-0
-0
-0
-0
-0
-0
16.3628
-0
5.64102
15.8373
-0
-0
49.8317
-0
-0
-0
-0
-0
-0
-0
-0
-0
-0
-0
-0
-0
-0
-0
-0
-0
-0
-0
18.7583
21.8721
-0
-0
-0
-0
-0
8.47643
-0
7.9077
-0
32.7607
-0
-0
28.0628
-0
-0
3.72443
-0
-0
-0
4.49266
17.6219
-0
6.85796
-0
7.23815
-0
-0
-0
-0
-0
-0
-0
10.2868
21.8391
-0
-0
-0
-0
-0
-0
-0
-0
-0
33.3374
-0
-0
-0
-0
-0
-0
9.57863
-0
-0
-0
-0
-0
-0
39.0334
34.2038
-0
37.2138
-0
-0
-0
-0
-0
-0
-0
-0
-0
-0
-0
70.1581
-0
-0
-0
31.7021
22.1361
20.8682
-0
-0
-0
30.1033
-0
-0
-0
-0
-0
-0
50.1714
4.11905
5.498
-0
-0
-0
-0
5.90798
-0
19.1533
2.11559
-0
-0
-0
-0
-0
-0
-0
21.8431
13.0006
-0
-0
-0
21.859
-0
30.0602
5.12865
2.51104
-0
-0
0.314081
27.8798
-0
33.3832
-0
-0
-0
-0
-0
-0
-0
-0
-0
-0
-0
-0
-0
31.5475
13.3839
-0
40.6444
9.01569
-0
-0
-0
-0
-0
-0
1.33787
-0
-0
-0
-0
-0
-0
-0
66.967
-0
0.250223
-0
-0
-0
-0
31.9512
-0
-0
-0
-0
-0
-0
-0
10.2121
-0
-0
-0
-0
-0
54.9739
-0
38.9789
-0
-0
2.06344
17.9483
-0
-0
-0
-0
-0
-0
-0
35.9651
-0
-0
-0
-0
-0
49.9134
-0
-0
-0
-0
-0
-0
29.7637
26.9466
-0
-0
-0
12.9067
-0
-0
24.7595
-0
-0
-0
-0
-0
-0
-0
-0
-0
0.177277
-0
-0
-0
-0
-0
-0
-0
-0
10.3422
-0
-0
-0
-0
-0
-0
21.8413
8.38417
-0
-0
-0
3.83168
-0
-0
-0
2.92646
-0
-0
-0
-0
-0
-0
70.4234
-0
33.0989
19.3682
12.6952
-0
-0
11.9952
-0
-0
-0
-0
-0
48.2658
-0
-0
-0
-0
-0
-0
-0
-0
-0
-0
-0
-0
19.5145
-0
74.8489
-0
-0
-0
-0
-0
10.0007
-0
-0
-0
-0
-0
-0
-0
19.5065
-0
-0
28.9702
-0
-0
-0
-0
-0
-0
-0
-0
-0
-0
2.38454
4.78089
-0
37.5776
8.36922
-0
-0
-0
31.1582
-0
-0
-0
-0
-0
-0
52.8979
-0
-0
6.97404
14.7217
16.3385
-0
-0
-0
-0
-0
-0
-0
-0
-0
-0
-0
-0
-0
-0
-0
-0
15.5626
-0
-0
34.8224
-0
-0
-0
9.8997
-0
-0
-0
-0
-0
21.6595
-0
48.6037
-0
-0
-0
-0
22.8872
3.65483
-0
-0
-0
-0
-0
-0
-0
12.709
-0
-0
-0
-0
-0
-0
-0
-0
-0
-0
-0
-0
-0
-0
-0
-0
11.1386
-0
-0
-0
-0
-0
-0
-0
16.3891
-0
-0
15.2065
-0
-0
-0
-0
0.217011
-0
-0
-0
-0
6.32553
-0
-0
-0
-0
-0
-0
5.75324
-0
-0
-0
-0
-0
-0
24.4778
-0
-0
-0
-0
-0
30.0191
-0
-0
-0
-0
-0
-0
36.3417
-0
-0
-0
31.1544
-0
-0
-0
-0
-0
-0
-0
-0
-0
-0
31.5061
-0
-0
-0
3.42932
-0
-0
6.91567
-0
9.94834
-0
-0
-0
-0
-0
-0
9.64289
-0
-0
-0
-0
-0
-0
19.9056
-0
-0
26.6122
-0
-0
4.14999
-0
-0
-0
-0
-0
-0
-0
-0
-0
-0
-0
-0
-0
-0
-0
-0
-0
-0
30.3982
-0
-0
-0
-0
21.8831
15.5607
36.7901
-0
-0
-0
5.74004
6.10711
-0
-0
-0
-0
-0
-0
24.4363
-0
-0
16.4031
25.3125
-0
-0
-0
-0
-0
12.206
-0
2.42967
-0
-0
-0
11.3616
-0
-0
-0
-0
-0
-0
-0
28.1568
-0
3.51233
4.81218
27.3497
-0
-0
-0
2.86265
-0
5.5397
-0
-0
-0
4.64248
-0
-0
37.6726
-0
-0
-0
-0
-0
-0
-0
-0
-0
0.114344
-0
-0
-0
-0
10.5059
-0
-0
-0
-0
-0
-0
52.5177
-0
-0
-0
-0
-0
-0
-0
-0
-0
-0
-0
-0
-0
25.3915
-0
13.8272
-0
-0
-0
-0
-0
-0
-0
-0
0.146286
-0
-0
-0
-0
-0
-0
9.85111
-0
-0
-0
35.973
-0
1.32068
-0
-0
-0
-0
-0
-0
-0
-0
-0
16.8549
-0
-0
-0
5.7302
-0
-0
-0
21.9725
-0
-0
-0
-0
38.0269
-0
-0
-0
-0
-0
-0
19.1646
47.4771
-0
-0
47.3377
-0
11.7819
-0
-0
3.0014
-0
27.7106
70.1669
-0
-0
4.78435
16.3547
-0
36.0693
2.54413
-0
-0
-0
-0
-0
-0
-0
4.21179
-0
-0
-0
-0
-0
-0
-0
-0
10.1117
-0
-0
-0
8.18807
-0
23.0273
-0
-0
-0
-0
29.1497
-0
-0
-0
-0
-0
-0
-0
-0
-0
-0
-0
10.8631
63.5948
-0
-0
-0
-0
-0
-0
2.74282
-0
-0
-0
-0
1.58272
-0
-0
-0
-0
39.4236
-0
-0
-0
-0
-0
-0
-0
-0
