0.421688
-0
-0
-0
-0
-0
-0
-0
9.88877
30.5824
6.97562
-0
-0
-0
-0
25.1558
-0
-0
-0
-0
-0
-0
-0
-0
-0
-0
39.8245
-0
-0
-0
-0
-0
-0
-0
0.49937
-0
-0
-0
-0
-0
50.8429
-0
-0
-0
-0
-0
-0
-0
-0
-0
-0
-0
0.066084
-0
-0
-0
2.18071
2.78096
8.37081
33.2716
-0
-0
3.61798
-0
2.58244
-0
-0
12.5045
40.3939
2.93456
-0
-0
14.3509
-0
-0
1.42812
17.7139
-0
-0
-0
-0
107.956
4.38872
26.7842
36.5523
-0
-0
-0
-0
-0
48.207
-0
-0
-0
8.79557
-0
7.02683
-0
36.3338
-0
-0
-0
-0
-0
-0
-0
0.159843
-0
-0
-0
-0
-0
-0
-0
-0
-0
-0
-0
37.4007
-0
40.0286
-0
-0
1.83945
-0
-0
-0
-0
-0
6.76159
51.8695
79.2967
-0
-0
-0
-0
-0
30.595
-0
-0
-0
-0
52.2287
-0
-0
-0
-0
-0
-0
-0
-0
-0
-0
44.1131
11.0788
-0
-0
-0
-0
5.08374
8.79203
-0
-0
-0
-0
-0
-0
-0
-0
103.818
-0
7.77376
-0
-0
-0
-0
-0
-0
17.0992
-0
-0
-0
-0
-0
-0
-0
-0
-0
47.1177
-0
30.6835
30.0706
-0
62.8223
-0
-0
-0
2.4669
2.61241
-0
-0
-0
-0
-0
-0
-0
17.349
26.2664
-0
-0
-0
-0
41.0056
-0
-0
-0
-0
-0
-0
-0
-0
-0
-0
-0
1.51739
-0
-0
-0
-0
19.8485
-0
-0
-0
-0
-0
-0
-0
-0
-0
-0
-0
5.47841
-0
-0
-0
-0
8.99108
-0
-0
-0
-0
-0
0.0762056
-0
-0
10.9792
-0
-0
-0
-0
-0
-0
-0
-0
-0
-0
-0
-0
-0
-0
-0
26.8319
-0
28.5951
-0
-0
-0
-0
-0
-0
-0
-0
-0
15.0846
-0
-0
-0
-0
-0
-0
-0
-0
-0
-0
-0
-0
-0
-0
-0
67.1706
-0
-0
0.973804
-0
-0
43.0312
36.1109
-0
11.7801
-0
-0
-0
-0
-0
-0
1.78861
-0
-0
-0
-0
-0
-0
23.9973
-0
14.6298
-0
39.4342
-0
-0
-0
-0
-0
-0
-0
-0
-0
-0
-0
-0
-0
-0
-0
-0
-0
-0
-0
-0
-0
-0
-0
-0
-0
-0
-0
10.6871
-0
-0
-0
-0
-0
-0
-0
-0
46.7029
21.6238
3.90409
-0
-0
18.1158
-0
-0
18.2321
2.01872
13.4199
-0
-0
-0
-0
-0
-0
-0
6.71416
25.7957
-0
-0
52.7826
-0
-0
-0
-0
-0
13.7253
-0
-0
-0
-0
-0
10.099
-0
-0
-0
-0
-0
-0
-0
-0
-0
-0
-0
19.6818
-0
-0
-0
-0
-0
10.8115
-0
-0
-0
-0
57.0528
-0
-0
-0
-0
18.7992
-0
-0
-0
-0
-0
-0
-0
-0
-0
-0
-0
-0
-0
-0
-0
-0
-0
-0
-0
9.2911
-0
-0
-0
-0
69.9455
6.23542
-0
-0
12.3164
-0
-0
7.06202
-0
-0
-0
-0
-0
-0
65.4973
-0
-0
-0
-0
-0
4.26773
-0
-0
-0
-0
20.4811
20.4752
-0
-0
-0
-0
-0
-0
-0
-0
-0
-0
-0
-0
57.9522
21.9968
-0
-0
21.8463
-0
79.3634
64.3608
-0
-0
52.2204
-0
-0
50.8813
-0
-0
-0
-0
-0
-0
-0
-0
-0
44.9912
-0
-0
2.53855
-0
-0
10.0776
-0
64.3255
-0
-0
16.1602
-0
-0
-0
-0
-0
-0
-0
-0
-0
-0
7.42979
-0
-0
-0
-0
-0
-0
-0
-0
-0
-0
7.36827
-0
-0
-0
-0
-0
-0
-0
-0
104.113
42.6166
-0
-0
12.2544
-0
-0
5.97722
-0
-0
-0
-0
-0
-0
-0
-0
-0
-0
-0
-0
-0
-0
-0
-0
-0
-0
-0
-0
-0
-0
-0
30.5192
-0
-0
-0
25.0959
-0
-0
13.5618
-0
-0
-0
-0
1.9996
41.4489
-0
-0
-0
-0
-0
-0
-0
-0
25.5762
-0
6.38637
-0
-0
2.90344
-0
-0
-0
62.6019
-0
-0
-0
-0
-0
-0
10.5336
-0
-0
-0
-0
-0
-0
-0
-0
-0
-0
-0
-0
-0
-0
-0
-0
-0
-0
-0
-0
-0
-0
-0
-0
-0
10.7641
-0
-0
-0
-0
-0
18.867
11.6796
-0
-0
-0
-0
-0
-0
-0
-0
32.0156
-0
-0
-0
-0
-0
-0
-0
-0
-0
-0
-0
-0
2.52233
-0
-0
-0
-0
-0
-0
11.8042
-0
-0
26.2172
-0
-0
-0
21.447
-0
-0
-0
-0
-0
-0
20.2764
-0
-0
-0
-0
12.2537
-0
-0
-0
-0
-0
-0
-0
-0
-0
-0
-0
-0
-0
-0
-0
-0
-0
-0
-0
-0
-0
-0
-0
-0
-0
28.6883
-0
-0
39.873
-0
-0
-0
0.544943
-0
-0
-0
-0
-0
-0
-0
9.74627
-0
-0
-0
-0
-0
-0
-0
-0
16.5723
-0
-0
-0
-0
-0
-0
-0
-0
-0
22.6171
-0
24.1967
3.84384
-0
-0
-0
-0
-0
-0
-0
-0
-0
-0
-0
32.0906
-0
-0
-0
-0
-0
-0
-0
92.025
-0
-0
-0
-0
-0
-0
-0
-0
12.6836
-0
80.3121
-0
17.0361
-0
-0
-0
-0
-0
-0
-0
41.1831
-0
-0
-0
-0
-0
-0
34.4765
-0
-0
-0
43.9126
-0
-0
55.7144
-0
-0
-0
-0
9.03113
-0
-0
9.41116
-0
-0
36.9312
-0
-0
75.0319
15.1218
-0
-0
-0
-0
-0
-0
-0
54.3352
-0
-0
-0
-0
-0
-0
18.4736
-0
-0
2.00425
-0
17.2186
-0
-0
-0
-0
-0
-0
9.56457
-0
-0
-0
-0
-0
-0
-0
-0
61.2647
23.6133
46.6544
-0
-0
-0
-0
-0
-0
-0
-0
-0
-0
-0
-0
11.54
16.7278
-0
-0
-0
-0
-0
-0
23.5992
-0
-0
-0
-0
-0
-0
-0
-0
-0
-0
-0
-0
-0
-0
30.0791
-0
-0
-0
-0
-0
-0
-0
-0
-0
-0
-0
-0
4.71339
-0
-0
-0
-0
-0
-0
-0
-0
27.4748
-0
-0
-0
-0
-0
12.5782
-0
-0
-0
21.7345
-0
-0
5.74027
-0
-0
-0
-0
-0
-0
-0
-0
11.7205
-0
-0
-0
-0
-0
-0
-0
-0
-0
-0
-0
-0
-0
-0
-0
25.9182
-0
39.1435
-0
-0
-0
53.2327
-0
-0
-0
-0
-0
-0
-0
-0
-0
-0
-0
-0
-0
-0
-0
-0
-0
-0
-0
-0
-0
-0
-0
0.986758
-0
-0
-0
32.3855
-0
-0
-0
-0
-0
-0
-0
-0
12.2794
-0
-0
-0
-0
-0
-0
-0
-0
1.95496
-0
-0
-0
-0
-0
-0
-0
-0
-0
-0
-0
-0
-0
-0
-0
13.909
-0
-0
-0
-0
15.2226
-0
-0
-0
-0
-0
-0
-0
25.9985
-0
24.1881
-0
-0
-0
-0
-0
-0
-0
-0
-0
-0
59.1866
-0
-0
-0
12.9943
-0
-0
-0
-0
-0
62.2614
-0
-0
36.9097
-0
-0
-0
-0
-0
-0
-0
-0
-0
20.3366
-0
0.195208
-0
-0
6.18679
-0
-0
-0
21.7568
-0
23.6608
-0
-0
-0
-0
-0
-0
4.73947
-0
-0
-0
-0
-0
-0
4.09081
-0
-0
-0
8.90879
11.9137
9.45091
-0
-0
-0
-0
40.8667
-0
-0
-0
-0
-0
-0
-0
33.1026
5.65722
-0
-0
-0
-0
-0
-0
-0
-0
-0
-0
1.22321
19.5573
-0
-0
-0
-0
-0
-0
-0
-0
-0
-0
-0
-0
36.278
9.43247
-0
38.9897
-0
-0
-0
30.4096
-0
-0
-0
-0
-0
-0
-0
-0
-0
-0
2.64372
-0
-0
-0
-0
23.5873
68.9524
-0
-0
-0
-0
-0
12.5502
-0
-0
-0
-0
-0
-0
-0
-0
15.3883
-0
26.6812
-0
-0
-0
-0
-0
60.0597
-0
-0
-0
-0
-0
-0
-0
-0
-0
-0
-0
-0
-0
-0
14.5737
-0
-0
-0
-0
31.9015
-0
-0
44.316
-0
-0
6.66988
-0
-0
-0
-0
7.36537
-0
-0
-0
-0
-0
-0
-0
-0
-0
-0
-0
-0
-0
-0
-0
-0
-0
-0
-0
-0
-0
-0
-0
28.39
20.8721
-0
-0
-0
-0
-0
-0
-0
15.1573
13.5977
-0
-0
15.1106
-0
-0
-0
-0
31.108
-0
-0
-0
-0
-0
-0
-0
-0
52.516
0.732403
-0
-0
20.5528
0.279362
-0
-0
11.3681
18.6253
-0
64.4756
-0
-0
-0
-0
-0
41.7118
34.187
17.0423
10.2475
-0
-0
-0
-0
-0
-0
-0
137.068
-0
4.86218
10.5885
-0
-0
-0
86.757
-0
-0
-0
-0
-0
-0
10.4376
-0
62.6155
-0
-0
-0
18.0415
-0
-0
-0
-0
-0
-0
-0
-0
48.1471
-0
-0
52.8651
-0
-0
-0
-0
-0
-0
-0
-0
-0
-0
-0
-0
-0
-0
-0
-0
-0
-0
-0
-0
49.5948
-0
-0
71.2779
-0
-0
-0
-0
-0
-0
-0
-0
-0
-0
-0
-0
-0
-0
-0
-0
-0
-0
-0
-0
-0
-0
3.79686
-0
-0
42.3769
69.7278
47.0569
-0
-0
-0
-0
-0
-0
-0
56.3328
-0
-0
-0
-0
-0
-0
-0
77.8248
-0
-0
-0
-0
66.9781
-0
-0
-0
-0
-0
-0
3.04862
-0
-0
-0
-0
-0
-0
-0
36.7924
11.1429
0.00352729
-0
-0
-0
-0
-0
-0
0.323133
-0
-0
-0
4.96334
-0
-0
-0
-0
-0
7.9197
-0
-0
-0
-0
-0
-0
-0
-0
-0
-0
-0
-0
-0
-0
17.0884
-0
-0
-0
-0
-0
96.6614
-0
-0
0.315354
-0
-0
-0
-0
-0
-0
-0
-0
-0
-0
-0
0.907942
-0
42.6246
-0
25.5542
-0
-0
-0
31.4123
-0
-0
-0
-0
-0
8.98633
-0
29.0475
-0
-0
-0
-0
-0
-0
-0
37.2165
-0
0.19679
-0
-0
-0
-0
0.0371909
-0
-0
-0
-0
-0
-0
-0
-0
-0
-0
-0
-0
29.626
-0
-0
-0
-0
-0
-0
-0
63.0613
-0
-0
-0
0.45073
-0
-0
-0
-0
-0
-0
-0
-0
-0
-0
-0
-0
58.4729
-0
-0
6.46234
-0
-0
-0
0.137796
-0
-0
-0
-0
-0
-0
-0
80.1343
-0
-0
-0
-0
-0
-0
-0
-0
16.7303
-0
-0
-0
-0
-0
-0
-0
-0
-0
-0
-0
-0
43.0921
-0
28.6732
-0
-0
-0
5.41029
-0
-0
-0
-0
-0
-0
-0
-0
-0
-0
-0
-0
-0
-0
-0
-0
-0
-0
8.52018
32.8634
-0
-0
-0
-0
-0
-0
-0
-0
31.4741
-0
-0
-0
-0
-0
-0
-0
-0
-0
-0
-0
-0
-0
-0
-0
29.9736
-0
0.606086
-0
-0
-0
-0
-0
-0
-0
40.2166
-0
-0
-0
-0
-0
-0
22.0914
-0
-0
1.29484
-0
-0
24.9526
-0
-0
-0
-0
-0
-0
-0
36.6357
-0
-0
-0
-0
-0
-0
-0
35.2002
-0
-0
3.48393
-0
-0
92.9958
-0
-0
-0
-0
20.5031
-0
-0
-0
-0
-0
-0
-0
50.8078
-0
-0
0.115302
-0
-0
-0
-0
-0
-0
-0
49.1409
-0
23.8685
-0
-0
-0
-0
-0
-0
-0
-0
-0
-0
-0
-0
-0
-0
-0
-0
-0
-0
-0
-0
-0
7.03775
-0
-0
-0
-0
-0
-0
-0
-0
-0
-0
-0
-0
-0
-0
-0
-0
83.8104
3.21758
-0
6.15631
-0
-0
-0
-0
-0
12.603
-0
-0
-0
-0
-0
5.64142
-0
14.1924
-0
-0
-0
-0
-0
-0
-0
-0
-0
-0
-0
-0
-0
-0
-0
-0
-0
-0
-0
0.0473244
38.06
-0
-0
-0
-0
-0
-0
-0
-0
-0
-0
-0
-0
-0
-0
-0
-0
15.127
-0
-0
-0
-0
-0
-0
-0
-0
-0
-0
-0
-0
-0
15.591
7.00787
-0
41.8862
-0
-0
-0
-0
-0
-0
-0
30.1255
-0
-0
-0
-0
0.254565
-0
-0
-0
-0
-0
-0
-0
-0
-0
-0
-0
-0
-0
-0
-0
-0
49.7091
-0
-0
-0
-0
-0
-0
8.68028
2.30214
-0
-0
-0
-0
-0
-0
11.8957
-0
-0
-0
-0
-0
-0
-0
-0
-0
-0
-0
58.1197
-0
-0
-0
-0
-0
-0
-0
-0
18.144
44.8234
-0
-0
-0
-0
-0
-0
9.04572
-0
-0
-0
41.5772
-0
-0
-0
-0
-0
-0
-0
-0
-0
92.2338
-0
-0
-0
109.233
-0
-0
42.2571
26.5488
-0
-0
-0
-0
-0
12.5675
-0
4.47462
-0
-0
-0
-0
-0
-0
-0
-0
12.5702
-0
92.8389
-0
-0
-0
-0
-0
-0
-0
44.3418
-0
-0
-0
-0
-0
-0
44.5516
-0
-0
-0
-0
-0
-0
4.81447
-0
22.2313
-0
13.7228
77.1281
-0
-0
-0
-0
-0
-0
-0
-0
-0
-0
7.83277
-0
-0
40.2575
-0
-0
-0
-0
-0
-0
10.6054
45.9505
-0
-0
-0
22.6069
-0
-0
-0
-0
-0
2.71042
-0
64.1616
-0
15.0454
-0
-0
0.00459323
-0
-0
-0
32.8278
-0
-0
-0
-0
46.4726
-0
-0
2.24005
-0
-0
-0
14.6682
51.1671
-0
16.2835
-0
51.3366
-0
-0
18.8511
-0
-0
-0
35.7993
-0
-0
-0
7.08653
-0
-0
79.3276
-0
-0
-0
-0
-0
-0
-0
-0
-0
-0
59.3385
-0
-0
-0
-0
-0
-0
-0
-0
24.0732
-0
-0
-0
28.3752
0.510031
-0
-0
22.7311
-0
-0
-0
-0
-0
-0
-0
-0
-0
-0
-0
-0
-0
-0
1.91518
-0
-0
37.0989
-0
1.21262
-0
-0
7.17982
-0
-0
-0
-0
-0
-0
-0
-0
-0
-0
-0
-0
-0
-0
-0
-0
-0
3.0672
-0
47.042
-0
-0
-0
54.6471
-0
-0
-0
-0
-0
-0
9.25285
-0
-0
32.0075
21.9164
-0
6.22434
-0
-0
-0
-0
34.4721
77.7716
-0
37.7089
44.7013
-0
-0
22.6847
-0
-0
13.575
-0
-0
-0
19.039
-0
-0
-0
-0
-0
-0
-0
-0
13.1026
-0
-0
-0
-0
-0
-0
-0
-0
14.9947
-0
-0
-0
-0
-0
-0
-0
-0
6.62334
73.081
-0
-0
-0
-0
-0
-0
-0
-0
-0
-0
23.324
2.32433
14.0006
-0
16.9696
-0
-0
-0
-0
50.4193
-0
-0
-0
-0
14.8098
-0
-0
-0
-0
-0
-0
40.1846
-0
-0
-0
-0
-0
-0
-0
-0
-0
-0
-0
-0
-0
-0
-0
-0
-0
-0
-0
-0
-0
-0
-0
-0
12.804
-0
-0
-0
-0
-0
-0
-0
-0
84.0348
-0
37.2083
-0
50.446
-0
-0
-0
-0
71.4021
-0
-0
-0
7.85645
-0
-0
-0
-0
-0
-0
-0
-0
-0
-0
-0
-0
-0
-0
-0
-0
-0
-0
-0
13.7786
-0
-0
-0
-0
14.8262
-0
-0
-0
-0
-0
54.8006
-0
-0
-0
-0
-0
-0
7.8881
-0
-0
-0
-0
-0
-0
-0
2.33342
-0
-0
-0
4.02891
-0
-0
87.4281
-0
-0
8.69135
-0
-0
33.5651
-0
-0
-0
-0
-0
-0
-0
78.6538
-0
6.07658
-0
-0
-0
-0
-0
-0
-0
-0
-0
-0
-0
-0
-0
-0
-0
-0
-0
-0
28.3834
-0
-0
-0
-0
-0
22.4793
-0
-0
-0
-0
-0
-0
-0
-0
-0
-0
-0
-0
-0
-0
-0
-0
65.3585
-0
-0
25.8912
-0
-0
-0
1.06793
-0
-0
-0
-0
-0
15.4546
-0
-0
48.3237
1.03176
-0
-0
-0
-0
-0
-0
-0
-0
-0
4.04824
46.9029
27.8911
-0
-0
-0
-0
-0
-0
-0
9.77381
-0
-0
-0
6.84114
-0
-0
-0
-0
-0
-0
-0
-0
-0
-0
-0
-0
-0
-0
-0
-0
-0
-0
-0
-0
-0
-0
-0
-0
-0
-0
61.1754
-0
26.165
-0
-0
-0
-0
-0
-0
-0
-0
-0
-0
-0
24.17
-0
-0
-0
-0
-0
-0
-0
-0
-0
-0
-0
5.37706
6.06073
-0
-0
-0
-0
-0
-0
-0
-0
-0
9.698
-0
-0
-0
-0
-0
-0
-0
10.9901
-0
-0
-0
-0
-0
-0
-0
-0
-0
-0
-0
-0
-0
14.251
24.8783
-0
56.4887
-0
-0
-0
-0
-0
-0
-0
-0
-0
-0
21.0581
-0
20.908
-0
-0
-0
-0
-0
-0
12.4485
-0
-0
-0
107.647
-0
-0
40.3989
-0
-0
-0
-0
-0
22.0877
-0
4.7924
-0
-0
-0
-0
-0
-0
22.9816
-0
-0
21.4506
-0
-0
-0
-0
-0
-0
-0
26.1161
-0
-0
12.9127
-0
-0
-0
-0
-0
-0
-0
-0
-0
42.9102
-0
-0
-0
-0
-0
-0
-0
-0
-0
-0
6.20939
-0
-0
15.421
-0
-0
-0
-0
-0
-0
-0
-0
-0
-0
-0
-0
-0
-0
-0
-0
-0
-0
-0
-0
-0
47.4526
-0
-0
-0
26.9752
-0
-0
-0
-0
-0
5.27241
-0
-0
-0
-0
5.11604
-0
-0
26.35
-0
-0
-0
44.843
-0
-0
-0
-0
-0
-0
-0
-0
-0
-0
-0
-0
-0
-0
-0
-0
-0
-0
-0
-0
-0
-0
-0
-0
-0
-0
-0
-0
-0
-0
48.3227
-0
35.5549
-0
-0
-0
-0
40.6699
-0
-0
17.6769
-0
-0
-0
-0
-0
-0
18.266
-0
-0
-0
7.68021
-0
-0
-0
-0
39.5738
-0
-0
-0
-0
-0
-0
-0
4.88485
-0
-0
-0
-0
-0
-0
-0
-0
-0
-0
-0
-0
-0
-0
-0
-0
-0
-0
-0
0.226124
-0
-0
-0
-0
-0
-0
-0
3.4728
-0
-0
-0
3.69022
-0
-0
-0
-0
-0
-0
-0
5.15159
-0
-0
8.00265
-0
17.3331
15.526
-0
-0
-0
-0
-0
-0
-0
-0
-0
-0
-0
21.1384
-0
-0
-0
23.924
7.78252
-0
-0
-0
-0
-0
5.71788
-0
-0
-0
-0
24.9427
-0
-0
-0
-0
-0
-0
24.9753
-0
-0
-0
7.93807
-0
-0
16.2032
-0
-0
-0
-0
-0
-0
-0
-0
14.9235
-0
-0
-0
-0
-0
-0
29.3747
-0
4.27468
-0
-0
-0
-0
12.3517
-0
-0
-0
-0
-0
-0
-0
-0
-0
-0
-0
-0
3.79002
36.6054
-0
-0
-0
-0
-0
-0
-0
-0
-0
-0
-0
-0
-0
-0
-0
68.2991
-0
-0
-0
20.9237
-0
35.0772
52.3964
-0
-0
-0
-0
31.6035
-0
-0
-0
6.70025
-0
-0
9.79228
-0
-0
-0
-0
-0
8.69991
38.0062
-0
-0
-0
-0
-0
28.1409
-0
-0
12.4046
-0
-0
-0
58.8195
-0
-0
-0
-0
15.9631
-0
-0
-0
-0
-0
43.1719
-0
-0
-0
29.7164
-0
-0
-0
-0
-0
-0
-0
-0
-0
27.0689
15.02
-0
-0
-0
-0
-0
-0
-0
-0
-0
47.2471
27.5883
-0
-0
-0
-0
16.0567
-0
-0
-0
-0
-0
12.4613
-0
19.7804
27.2596
-0
-0
-0
-0
-0
-0
34.2396
-0
-0
-0
-0
-0
-0
-0
36.9372
-0
-0
35.2196
-0
7.6804
38.2114
-0
63.4588
5.07111
-0
-0
-0
-0
-0
-0
-0
-0
21.6919
-0
-0
6.39404
-0
-0
-0
36.7913
-0
-0
-0
-0
-0
-0
-0
-0
-0
-0
-0
-0
-0
-0
8.99211
133.511
15.7789
-0
-0
-0
-0
-0
-0
-0
-0
-0
90.0112
-0
-0
25.6119
-0
-0
-0
-0
1.71949
-0
-0
-0
-0
-0
-0
76.9146
-0
-0
-0
-0
-0
-0
-0
-0
1.55871
-0
-0
-0
-0
-0
-0
-0
-0
-0
-0
11.448
-0
-0
-0
27.1449
-0
-0
-0
-0
-0
5.9559
0.0934704
-0
-0
-0
-0
-0
-0
-0
-0
4.00363
0.147393
-0
-0
-0
-0
-0
-0
-0
-0
-0
-0
-0
-0
-0
-0
-0
2.0999
-0
-0
14.008
0.644877
4.02057
-0
-0
-0
-0
-0
-0
-0
-0
-0
-0
1.58819
-0
-0
39.7169
66.9023
23.3599
-0
-0
-0
-0
16.2681
-0
-0
-0
-0
-0
-0
-0
-0
-0
-0
-0
-0
-0
71.0203
-0
16.3929
-0
7.72773
-0
21.0974
-0
-0
-0
-0
-0
0.476177
-0
-0
-0
-0
-0
-0
-0
-0
-0
12.026
-0
-0
-0
-0
-0
13.4825
-0
-0
-0
-0
-0
-0
-0
-0
-0
-0
-0
-0
-0
-0
-0
-0
-0
-0
-0
-0
-0
-0
-0
23.2124
-0
14.6103
-0
-0
-0
-0
3.33769
-0
-0
1.44371
-0
-0
-0
62.6884
16.5852
-0
-0
-0
-0
-0
-0
-0
-0
-0
-0
-0
-0
-0
-0
-0
-0
-0
-0
-0
-0
-0
-0
-0
-0
-0
-0
-0
-0
-0
-0
-0
74.4758
-0
25.7373
-0
-0
-0
-0
-0
-0
-0
-0
-0
-0
-0
-0
-0
-0
-0
18.7916
23.0122
53.0137
46.626
-0
-0
16.4294
15.2404
-0
-0
-0
-0
0.95036
-0
-0
-0
-0
-0
-0
-0
-0
-0
8.49414
-0
-0
-0
-0
0.883569
-0
-0
-0
-0
45.7519
-0
26.8539
-0
-0
-0
-0
6.14114
-0
-0
-0
-0
-0
-0
86.8993
-0
-0
63.6374
-0
-0
-0
-0
-0
-0
-0
-0
-0
-0
-0
-0
-0
0.490051
7.55755
-0
-0
-0
-0
-0
14.8937
-0
2.60601
-0
-0
-0
13.9758
-0
-0
-0
-0
-0
0.0776894
-0
0.231176
-0
-0
2.31439
-0
-0
-0
-0
-0
-0
-0
-0
-0
-0
-0
-0
-0
-0
-0
48.253
-0
15.0997
-0
-0
-0
-0
-0
-0
-0
16.4235
-0
5.60365
9.12537
-0
-0
42.5299
-0
-0
-0
12.0686
-0
-0
6.31486
-0
-0
-0
-0
-0
-0
50.8407
-0
-0
-0
-0
-0
-0
8.06466
-0
-0
-0
-0
-0
-0
-0
6.89011
41.851
33.7789
-0
-0
63.4543
-0
-0
-0
-0
-0
-0
12.4402
47.5928
-0
49.2097
-0
10.4094
-0
-0
-0
-0
-0
-0
-0
-0
-0
-0
-0
-0
-0
-0
-0
-0
-0
-0
-0
-0
3.71029
-0
-0
-0
-0
-0
-0
-0
-0
-0
-0
-0
4.66455
-0
-0
12.2062
-0
-0
-0
-0
-0
-0
-0
19.5668
-0
-0
-0
70.536
-0
-0
-0
-0
-0
2.87462
-0
-0
-0
-0
-0
-0
-0
-0
-0
-0
36.0347
-0
-0
-0
-0
-0
-0
-0
-0
30.2277
-0
-0
-0
-0
-0
-0
-0
-0
64.4239
-0
-0
-0
-0
4.62742
-0
-0
6.48142
-0
-0
-0
-0
-0
-0
34.8238
-0
-0
-0
-0
-0
-0
23.4172
-0
-0
-0
-0
-0
-0
46.6772
-0
-0
15.8414
-0
-0
-0
-0
-0
-0
-0
-0
-0
-0
-0
-0
-0
-0
-0
34.6143
-0
-0
-0
-0
-0
-0
45.1524
-0
-0
-0
-0
-0
-0
-0
0.63176
-0
-0
-0
-0
-0
38.6268
-0
48.98
-0
-0
-0
-0
-0
-0
-0
-0
-0
-0
-0
-0
-0
-0
-0
-0
-0
67.0345
-0
-0
-0
-0
3.07444
-0
-0
60.4454
-0
-0
-0
-0
-0
-0
36.2504
-0
11.3824
-0
-0
-0
-0
-0
-0
-0
3.74791
-0
-0
-0
-0
-0
-0
20.6882
-0
7.60503
-0
-0
-0
-0
-0
-0
-0
24.3594
-0
-0
-0
-0
-0
-0
-0
3.45129
-0
-0
-0
6.13332
-0
-0
57.0441
-0
-0
55.5535
33.0528
-0
-0
30.7922
-0
-0
-0
-0
-0
47.773
-0
-0
-0
-0
26.0674
-0
-0
-0
-0
-0
-0
-0
-0
-0
24.506
-0
-0
-0
-0
-0
2.80887
-0
-0
-0
-0
-0
-0
-0
28.5719
-0
-0
38.8748
-0
-0
-0
-0
-0
-0
-0
-0
-0
-0
11.6627
-0
24.9828
48.5764
-0
-0
-0
-0
28.9282
-0
-0
-0
-0
-0
-0
67.058
-0
-0
25.8823
-0
26.8154
-0
-0
-0
-0
-0
-0
-0
-0
-0
21.179
-0
-0
-0
-0
-0
-0
11.539
-0
2.10776
-0
-0
-0
-0
11.277
-0
-0
-0
-0
-0
-0
-0
45.4207
-0
8.72772
-0
-0
-0
-0
27.074
-0
-0
-0
-0
-0
35.7132
-0
-0
-0
-0
-0
4.96971
-0
-0
-0
-0
-0
-0
-0
-0
-0
-0
-0
9.17384
-0
-0
-0
-0
-0
-0
4.04569
-0
-0
-0
30.7046
-0
-0
-0
-0
-0
-0
17.0496
18.6243
-0
7.72896
-0
17.0624
-0
-0
-0
-0
0.259872
-0
-0
-0
-0
-0
-0
50.2557
-0
-0
-0
-0
13.5189
14.6544
-0
-0
6.11767
-0
-0
-0
44.9878
-0
-0
-0
10.8302
-0
-0
-0
-0
-0
4.26887
-0
-0
-0
-0
4.50585
-0
-0
-0
33.4842
-0
-0
0.414452
-0
90.1742
-0
-0
-0
-0
-0
-0
-0
-0
-0
-0
-0
9.30248
-0
-0
-0
42.0052
16.4931
9.90859
-0
6.37589
-0
-0
-0
-0
-0
-0
-0
-0
-0
-0
5.61592
-0
26.3796
-0
-0
-0
-0
-0
-0
-0
-0
-0
-0
26.7869
6.52379
58.4474
-0
-0
-0
1.45602
-0
-0
-0
-0
-0
-0
-0
1.89381
-0
-0
-0
22.3483
-0
-0
-0
-0
-0
18.9299
-0
12.9547
-0
-0
-0
23.6387
-0
-0
-0
-0
-0
-0
-0
1.60892
-0
8.8447
1.83877
-0
-0
-0
-0
0.817029
-0
0.820617
-0
-0
-0
17.5032
-0
-0
8.87479
-0
-0
-0
-0
-0
-0
-0
-0
1.7118
-0
-0
-0
-0
-0
10.9789
-0
-0
-0
-0
-0
-0
77.3809
-0
-0
-0
-0
-0
-0
-0
-0
-0
-0
-0
-0
-0
47.5627
-0
34.6374
-0
-0
-0
-0
-0
-0
-0
-0
26.5675
-0
-0
-0
-0
-0
-0
-0
-0
-0
-0
-0
-0
-0
19.7014
-0
-0
-0
-0
-0
-0
-0
-0
49.8653
-0
-0
-0
-0
-0
-0
-0
3.80858
-0
-0
-0
-0
112.465
-0
-0
-0
-0
-0
-0
16.5838
25.3992
-0
-0
70.5429
-0
-0
-0
-0
-0
-0
-0
144.935
-0
2.03766
5.37058
3.4139
-0
77.3208
7.18681
-0
-0
-0
-0
-0
-0
-0
8.84689
-0
-0
-0
-0
-0
-0
-0
-0
6.13651
-0
-0
-0
17.6148
-0
-0
18.9482
-0
-0
-0
33.9094
-0
-0
-0
16.6306
28.1095
-0
-0
-0
-0
-0
-0
-0
2.7726
-0
-0
-0
-0
-0
-0
-0
3.68131
-0
-0
-0
-0
-0
-0
-0
-0
23.8293
-0
-0
-0
-0
-0
-0
-0
-0
