-0
-0
-0
-0
-0
-0
-0
2.98913
-0
41.1115
62.0031
-0
-0
-0
-0
33.7394
-0
-0
11.2011
-0
-0
-0
-0
22.7314
20.542
18.5872
-0
-0
-0
-0
-0
-0
-0
-0
2.54042
-0
-0
-0
-0
-0
30.8385
-0
-0
35.3679
-0
10.6068
-0
-0
-0
-0
-0
-0
0.971704
-0
-0
-0
27.5344
0.716207
11.6756
39.884
-0
-0
33.2871
-0
-0
-0
-0
-0
-0
0.69874
-0
-0
-0
-0
-0
-0
27.6755
-0
-0
-0
-0
53.2049
5.75352
-0
27.8411
-0
-0
-0
-0
-0
21.4368
-0
-0
-0
-0
-0
2.33116
-0
11.8683
-0
-0
-0
-0
29.2301
-0
-0
-0
-0
-0
-0
9.56318
-0
-0
-0
-0
-0
2.16343
-0
26.3413
-0
33.9845
-0
13.7405
-0
14.5151
-0
-0
-0
-0
36.5609
-0
27.6433
10.9652
-0
-0
-0
-0
-0
-0
1.95811
-0
-0
24.104
-0
-0
-0
-0
-0
-0
-0
-0
-0
-0
50.54
20.7077
-0
45.1387
-0
-0
3.61949
60.5393
-0
-0
-0
-0
-0
-0
10.4653
-0
77.3577
-0
20.1652
-0
-0
4.04525
-0
-0
-0
-0
-0
-0
-0
-0
-0
-0
26.4635
3.46145
-0
44.7377
-0
0.264529
-0
-0
-0
-0
-0
-0
-0
-0
-0
-0
-0
-0
-0
1.57971
-0
-0
-0
-0
-0
-0
-0
55.9113
-0
-0
-0
10.3029
-0
-0
-0
8.3451
-0
-0
-0
-0
-0
-0
-0
-0
5.63246
-0
-0
-0
-0
-0
15.2529
-0
-0
-0
-0
-0
-0
-0
-0
-0
-0
31.2932
-0
-0
-0
-0
-0
-0
-0
-0
-0
-0
-0
-0
-0
-0
-0
-0
-0
1.62692
-0
-0
-0
-0
-0
-0
19.4251
-0
58.6607
-0
-0
-0
-0
-0
-0
-0
6.0334
-0
-0
-0
-0
-0
7.85945
-0
-0
-0
-0
25.1754
-0
26.2752
-0
34.2627
-0
-0
28.032
-0
-0
1.48292
-0
-0
24.41
-0
-0
29.5814
-0
6.88225
-0
-0
-0
-0
0.707586
-0
-0
-0
0.158139
-0
-0
-0
44.2295
39.2571
-0
66.6913
-0
-0
21.9846
-0
-0
6.88175
-0
-0
-0
-0
20.3505
10.0254
19.902
-0
-0
-0
-0
15.3327
-0
4.52707
-0
-0
-0
-0
-0
-0
-0
-0
-0
-0
-0
-0
-0
-0
-0
-0
33.9234
9.87618
4.04658
-0
-0
35.8978
-0
-0
14.896
0.9248
-0
-0
-0
-0
-0
-0
-0
-0
9.12607
-0
-0
-0
96.2919
-0
-0
-0
-0
-0
-0
-0
-0
-0
-0
-0
23.2826
-0
-0
-0
-0
-0
-0
-0
-0
-0
-0
-0
-0
-0
-0
-0
-0
-0
4.82177
-0
2.63656
-0
-0
45.7823
-0
-0
-0
-0
-0
-0
-0
-0
-0
-0
8.13627
-0
-0
26.495
-0
-0
-0
-0
-0
-0
-0
14.7943
-0
-0
-0
-0
-0
-0
-0
76.1384
0.486718
-0
-0
-0
31.1458
-0
-0
-0
-0
-0
-0
-0
-0
36.9342
-0
-0
-0
-0
-0
-0
-0
12.1816
-0
-0
29.3386
0.579026
-0
-0
-0
-0
-0
-0
18.8821
-0
-0
-0
7.93686
-0
64.3793
22.6928
-0
-0
-0
-0
57.148
5.92743
-0
-0
40.9029
-0
-0
-0
-0
-0
-0
-0
-0
-0
-0
-0
-0
42.5338
-0
-0
-0
-0
-0
22.6663
-0
-0
9.02978
0.994194
7.80369
-0
-0
15.6357
-0
-0
4.36847
-0
-0
-0
-0
-0
-0
25.0595
-0
-0
-0
-0
-0
-0
-0
-0
19.5445
-0
2.89391
-0
-0
-0
-0
-0
-0
79.6968
45.6692
-0
-0
35.4728
-0
-0
-0
-0
-0
-0
-0
-0
-0
-0
-0
-0
5.19405
-0
3.40486
-0
11.7516
-0
-0
26.3429
-0
-0
-0
-0
-0
-0
8.71711
-0
-0
-0
9.78876
-0
-0
-0
-0
-0
22.6565
9.4677
-0
17.4742
-0
33.393
-0
-0
-0
-0
-0
-0
-0
2.20705
-0
-0
-0
31.5742
-0
-0
-0
45.1374
-0
-0
-0
-0
-0
-0
-0
-0
-0
-0
-0
-0
-0
-0
-0
-0
-0
-0
-0
-0
-0
19.3812
-0
-0
-0
-0
-0
-0
-0
-0
-0
14.7497
2.48155
-0
-0
-0
-0
-0
34.4761
-0
-0
-0
-0
-0
19.1462
-0
9.892
-0
26.5713
-0
-0
-0
-0
16.6683
-0
-0
-0
-0
-0
-0
-0
1.79427
-0
-0
-0
35.8981
-0
-0
41.9382
-0
-0
-0
-0
-0
-0
28.5551
-0
-0
-0
-0
-0
-0
6.30244
-0
-0
-0
27.659
-0
-0
-0
-0
-0
-0
-0
26.3239
-0
-0
-0
-0
4.40937
-0
-0
-0
-0
-0
-0
-0
35.8019
-0
-0
-0
-0
-0
13.234
-0
-0
-0
-0
-0
-0
1.32827
-0
-0
-0
-0
-0
-0
-0
14.432
-0
-0
-0
-0
36.0473
-0
-0
-0
16.6646
-0
-0
-0
54.1551
-0
-0
19.5023
-0
-0
-0
-0
23.7501
-0
-0
-0
-0
-0
-0
-0
-0
-0
-0
-0
-0
36.432
-0
-0
-0
-0
-0
-0
-0
52.6654
-0
21.6158
-0
-0
-0
-0
-0
-0
-0
-0
13.3718
-0
-0
-0
-0
-0
-0
10.4507
-0
-0
33.6643
-0
10.9951
-0
-0
-0
-0
8.32826
-0
-0
-0
6.85565
-0
-0
57.9993
-0
-0
-0
-0
12.0401
-0
-0
43.66
-0
-0
19.7495
-0
-0
14.1647
17.8525
-0
-0
-0
-0
-0
-0
3.78846
26.7206
15.8151
-0
-0
33.3308
-0
-0
12.9194
-0
-0
17.8631
15.2085
22.411
-0
-0
-0
1.49996
-0
-0
23.2108
-0
-0
-0
-0
-0
-0
-0
-0
36.5886
-0
-0
-0
-0
-0
-0
5.20269
-0
-0
-0
-0
-0
-0
-0
7.17096
-0
-0
-0
-0
-0
-0
-0
21.5701
0.502433
-0
22.6352
-0
-0
-0
-0
-0
6.44998
-0
-0
-0
-0
18.3133
71.1966
-0
-0
-0
-0
-0
1.16189
10.6676
-0
19.1542
-0
-0
-0
16.2053
-0
-0
35.247
-0
-0
-0
-0
11.4071
32.0893
-0
-0
-0
0.919749
-0
-0
-0
-0
-0
-0
18.6371
-0
29.3171
18.5023
-0
-0
-0
-0
-0
-0
5.23621
17.163
20.1261
-0
-0
-0
-0
-0
-0
6.23681
-0
-0
-0
-0
-0
9.66713
-0
-0
-0
2.73178
-0
-0
-0
23.1862
-0
-0
-0
-0
-0
-0
-0
3.38557
-0
-0
-0
-0
-0
-0
-0
-0
-0
9.51978
-0
15.3471
-0
-0
-0
15.4084
46.5972
-0
-0
-0
-0
-0
-0
21.4353
-0
-0
-0
-0
27.8799
-0
-0
-0
-0
-0
-0
-0
-0
0.828357
-0
-0
-0
4.16768
-0
-0
-0
-0
-0
-0
-0
-0
-0
-0
1.30474
3.61748
-0
-0
-0
-0
39.2189
-0
-0
-0
-0
-0
18.2486
-0
24.9384
2.21166
3.92043
-0
-0
-0
-0
7.12536
-0
-0
2.82251
-0
-0
47.8639
-0
-0
-0
-0
-0
-0
-0
30.7258
-0
29.4868
-0
-0
29.3498
-0
-0
-0
-0
-0
-0
-0
-0
10.5175
-0
-0
-0
-0
-0
-0
-0
2.17222
-0
21.1251
-0
26.5286
-0
-0
-0
-0
-0
-0
-0
-0
-0
-0
-0
0.292171
-0
6.65654
-0
-0
-0
-0
38.6217
-0
-0
-0
-0
7.71127
-0
-0
-0
-0
-0
-0
-0
-0
33.4045
4.6983
-0
-0
-0
-0
-0
-0
0.307941
-0
-0
-0
25.7386
-0
-0
-0
-0
6.77129
-0
-0
-0
-0
-0
42.743
-0
-0
-0
-0
-0
2.88792
-0
-0
-0
12.7246
-0
-0
-0
-0
-0
-0
5.86116
21.1235
-0
-0
30.2444
-0
35.8406
-0
-0
3.05757
7.03861
8.29441
-0
-0
-0
-0
12.1828
-0
-0
-0
-0
-0
-0
-0
-0
-0
-0
14.8913
-0
-0
-0
-0
-0
3.8298
-0
-0
-0
6.33575
-0
-0
-0
-0
-0
54.3061
-0
-0
-0
-0
-0
-0
-0
-0
-0
27.6246
-0
-0
10.7793
-0
-0
24.9809
-0
-0
-0
-0
-0
-0
-0
-0
1.01561
-0
-0
-0
-0
-0
-0
-0
-0
2.10073
-0
-0
16.6246
-0
2.24575
-0
-0
-0
-0
-0
-0
-0
-0
-0
-0
-0
-0
-0
-0
30.527
-0
-0
-0
33.8505
-0
-0
-0
-0
43.0114
-0
-0
9.27033
-0
-0
-0
-0
-0
12.249
13.8443
12.5702
-0
32.3607
-0
-0
-0
-0
-0
-0
31.7888
-0
-0
-0
-0
-0
1.8166
-0
43.8355
30.1041
-0
1.19255
-0
-0
-0
-0
15.6879
112.807
-0
11.2196
19.652
-0
-0
15.1207
88.1284
-0
-0
-0
-0
-0
-0
-0
-0
90.4151
-0
-0
-0
-0
-0
-0
-0
15.1439
-0
-0
-0
-0
6.31513
-0
-0
39.909
-0
-0
-0
-0
24.2061
-0
-0
-0
8.03226
-0
-0
-0
-0
-0
-0
-0
-0
-0
-0
-0
-0
-0
-0
24.5224
-0
-0
-0
-0
-0
-0
-0
-0
-0
-0
-0
-0
-0
-0
-0
-0
-0
-0
-0
-0
6.60261
-0
5.11454
-0
-0
35.3275
25.9881
33.2271
-0
-0
-0
-0
-0
-0
21.9694
55.1764
-0
-0
-0
-0
-0
-0
5.86129
23.9088
-0
30.2446
-0
-0
18.2353
-0
-0
-0
-0
-0
-0
5.35342
-0
-0
-0
36.2124
-0
5.4183
-0
15.9237
-0
-0
-0
-0
8.63971
-0
-0
-0
-0
-0
-0
-0
10.1275
-0
-0
-0
-0
-0
-0
-0
21.5324
-0
-0
-0
-0
0.342263
-0
-0
-0
-0
-0
-0
-0
-0
-0
-0
-0
-0
-0
22.8791
-0
-0
-0
-0
-0
-0
-0
35.8668
-0
-0
-0
-0
-0
-0
-0
-0
58.3488
-0
3.48038
12.8864
-0
-0
-0
-0
-0
-0
-0
20.0054
-0
-0
40.8804
-0
-0
-0
-0
-0
22.0914
-0
23.1705
-0
0.212212
-0
-0
-0
-0
-0
-0
-0
-0
-0
-0
-0
-0
-0
8.13803
14.433
-0
21.57
22.5908
-0
11.047
-0
-0
-0
-0
-0
49.2735
20.1568
-0
55.6701
23.0389
-0
-0
-0
-0
16.2291
-0
-0
-0
-0
-0
-0
23.1268
35.4928
-0
2.98902
-0
-0
-0
-0
-0
-0
-0
-0
-0
-0
-0
-0
47.8685
-0
-0
-0
-0
-0
-0
-0
-0
13.3449
-0
-0
-0
15.9377
-0
-0
-0
-0
-0
-0
-0
-0
42.9694
-0
26.9814
-0
-0
-0
-0
-0
-0
-0
-0
-0
-0
36.3749
-0
-0
-0
-0
-0
-0
-0
-0
-0
-0
-0
7.34721
-0
-0
-0
-0
-0
-0
-0
-0
-0
-0
-0
-0
-0
-0
-0
-0
-0
-0
-0
-0
-0
-0
-0
-0
-0
-0
-0
-0
-0
-0
-0
25.8604
-0
-0
-0
14.8296
-0
-0
-0
-0
-0
-0
18.3081
-0
-0
-0
-0
-0
-0
-0
-0
-0
-0
-0
-0
-0
39.374
-0
2.26566
-0
-0
20.6548
-0
-0
9.38177
-0
-0
-0
-0
-0
50.7613
-0
-0
-0
-0
4.2645
-0
12.7807
-0
2.56981
6.44773
-0
-0
31.9633
-0
-0
2.77462
-0
-0
-0
20.8346
-0
-0
11.2233
48.6958
-0
74.7967
-0
-0
-0
-0
-0
-0
5.29653
-0
-0
-0
-0
-0
-0
-0
-0
-0
19.5785
-0
-0
-0
-0
15.6067
-0
-0
-0
-0
-0
-0
7.67969
-0
3.89161
-0
-0
-0
-0
-0
-0
-0
84.0806
-0
19.8224
36.3839
-0
-0
-0
-0
-0
29.1018
-0
-0
6.95308
-0
5.09892
0.755622
-0
16.5118
-0
-0
-0
-0
-0
-0
-0
60.3028
-0
-0
-0
-0
-0
-0
-0
-0
-0
9.10408
-0
7.76781
-0
17.0038
-0
-0
-0
-0
5.87945
-0
-0
-0
-0
-0
-0
-0
-0
-0
-0
-0
-0
-0
-0
-0
-0
-0
-0
-0
-0
-0
-0
-0
-0
50.3305
4.18105
-0
-0
-0
-0
-0
-0
-0
-0
-0
10.2289
-0
-0
11.8533
-0
-0
-0
-0
-0
-0
-0
-0
-0
-0
-0
-0
-0
-0
-0
-0
33.2394
-0
4.06029
-0
-0
-0
-0
-0
-0
13.7643
2.95144
-0
-0
-0
-0
-0
-0
-0
-0
-0
-0
-0
-0
19.088
-0
-0
-0
-0
-0
52.417
-0
-0
-0
-0
-0
-0
-0
-0
-0
16.6253
-0
-0
-0
-0
-0
-0
17.5725
-0
-0
-0
-0
-0
-0
-0
-0
-0
2.0804
-0
-0
-0
91.3198
-0
12.6457
-0
89.139
-0
-0
69.0537
3.26953
-0
7.36751
-0
-0
-0
-0
-0
5.21862
-0
-0
-0
-0
-0
-0
-0
-0
15.4042
-0
13.0468
-0
-0
-0
-0
-0
-0
-0
53.0374
-0
-0
-0
-0
-0
-0
43.5122
-0
-0
-0
-0
-0
-0
5.61232
-0
22.1981
-0
-0
39.4938
-0
-0
-0
-0
12.0534
7.03835
-0
-0
-0
-0
15.2205
19.7675
-0
-0
-0
-0
-0
-0
-0
-0
-0
23.6509
-0
-0
-0
-0
-0
-0
-0
-0
-0
1.19394
-0
60.2717
-0
16.1207
-0
-0
-0
-0
-0
-0
28.7637
-0
3.4996
45.3656
-0
32.1388
-0
-0
-0
-0
-0
-0
13.3238
-0
-0
25.4436
-0
33.3814
-0
-0
3.39985
-0
3.58765
-0
23.3653
-0
-0
-0
-0
-0
-0
32.8534
-0
-0
-0
-0
-0
-0
5.87429
-0
-0
-0
39.3014
-0
-0
4.77807
-0
-0
-0
-0
-0
38.4973
-0
-0
-0
41.7069
-0
-0
-0
33.1844
-0
-0
-0
-0
-0
-0
-0
-0
-0
-0
-0
-0
-0
-0
2.40256
-0
-0
-0
-0
33.8787
-0
-0
-0
-0
-0
-0
-0
-0
-0
-0
-0
-0
-0
-0
-0
-0
-0
-0
-0
-0
-0
-0
19.8282
-0
-0
-0
58.9901
-0
-0
-0
-0
-0
-0
32.9059
-0
32.6513
-0
20.975
21.2939
-0
-0
-0
-0
-0
10.6994
80.5628
-0
40.9578
25.9269
-0
-0
-0
-0
-0
-0
-0
-0
-0
-0
-0
-0
-0
-0
-0
-0
-0
-0
6.92376
-0
-0
-0
-0
-0
-0
-0
-0
6.50086
-0
27.1558
8.45349
-0
-0
-0
-0
-0
34.3614
83.9659
1.98819
0.956634
-0
-0
-0
-0
-0
-0
-0
8.7012
29.5597
47.4614
37.0917
-0
3.49532
-0
-0
-0
-0
34.3938
-0
-0
-0
-0
-0
-0
-0
-0
-0
9.11053
-0
4.84099
-0
-0
-0
-0
-0
-0
-0
8.37241
18.3685
-0
-0
-0
-0
-0
-0
3.63055
-0
9.84493
-0
-0
-0
-0
-0
-0
-0
-0
-0
1.74249
-0
-0
-0
30.8834
-0
40.7359
-0
31.7893
-0
80.9609
-0
-0
-0
-0
29.8689
-0
-0
-0
7.23736
-0
-0
-0
-0
-0
-0
-0
-0
-0
-0
-0
-0
-0
-0
-0
-0
-0
-0
-0
-0
-0
11.6264
-0
-0
27.0144
-0
-0
-0
-0
-0
46.4224
-0
-0
-0
-0
-0
-0
0.940307
-0
-0
-0
-0
-0
-0
-0
48.8502
-0
-0
-0
28.9221
47.4633
-0
48.4122
-0
-0
1.53483
-0
-0
42.2874
-0
-0
-0
-0
-0
-0
-0
-0
-0
10.0456
-0
-0
-0
-0
-0
-0
-0
-0
-0
-0
-0
31.9488
-0
-0
-0
-0
-0
2.75078
1.7765
-0
-0
-0
25.4058
-0
42.6839
10.3691
-0
-0
-0
-0
-0
-0
-0
-0
-0
-0
1.58076
-0
-0
-0
-0
0.939202
-0
-0
1.71746
-0
-0
-0
1.03281
-0
-0
-0
4.00058
8.29083
27.978
-0
-0
40.5308
0.851857
52.6993
-0
-0
-0
-0
-0
-0
-0
-0
37.2188
-0
-0
-0
25.5947
-0
-0
-0
12.762
-0
28.595
-0
-0
-0
16.5447
-0
-0
-0
-0
-0
-0
-0
-0
-0
-0
-0
3.23504
-0
-0
49.3684
-0
-0
2.02564
-0
-0
-0
-0
-0
33.3765
-0
16.2284
65.2173
4.21677
5.43966
-0
-0
-0
-0
-0
-0
13.7618
-0
-0
-0
-0
0.0178512
-0
-0
-0
-0
-0
-0
-0
-0
-0
-0
-0
29.7269
47.3007
-0
-0
-0
-0
-0
-0
-0
-0
-0
-0
-0
-0
-0
-0
-0
-0
-0
8.00516
-0
-0
8.19012
-0
-0
-0
-0
-0
-0
-0
-0
-0
-0
-0
-0
-0
29.473
-0
-0
-0
-0
-0
-0
-0
21.9348
-0
-0
-0
-0
14.4835
-0
-0
-0
-0
-0
-0
4.87481
-0
-0
-0
-0
-0
-0
9.41895
-0
-0
55.7305
12.1426
-0
50.2708
-0
1.0031
-0
-0
-0
-0
-0
-0
11.6802
-0
-0
16.7157
-0
-0
-0
-0
-0
-0
-0
-0
-0
7.92487
0.681041
-0
-0
-0
-0
-0
10.5091
-0
-0
4.95596
40.0406
-0
-0
-0
-0
-0
-0
-0
-0
-0
-0
-0
-0
-0
55.0372
-0
12.5459
-0
-0
-0
-0
-0
-0
-0
-0
-0
-0
-0
-0
-0
-0
-0
-0
-0
-0
-0
33.6841
-0
-0
-0
5.29176
-0
-0
-0
-0
-0
2.21574
-0
-0
-0
-0
6.2875
-0
-0
10.2673
-0
-0
-0
34.7742
-0
-0
-0
-0
-0
-0
-0
-0
-0
-0
-0
-0
-0
-0
-0
-0
-0
-0
-0
-0
-0
2.1898
-0
-0
7.38966
-0
-0
-0
2.34207
-0
7.26454
-0
-0
36.5967
-0
-0
-0
16.2341
-0
-0
-0
-0
-0
36.5948
-0
24.471
-0
34.3266
-0
-0
6.02898
49.2537
-0
-0
-0
-0
29.4236
-0
14.814
-0
-0
-0
-0
-0
2.45189
-0
13.709
-0
-0
-0
-0
33.0843
-0
-0
9.06967
-0
-0
-0
-0
-0
-0
-0
-0
-0
-0
-0
-0
-0
-0
4.96947
-0
-0
62.6802
-0
-0
-0
35.5943
-0
-0
-0
-0
-0
-0
-0
21.146
-0
-0
4.57003
-0
-0
58.2262
-0
-0
-0
-0
-0
-0
-0
-0
-0
-0
-0
30.4138
-0
-0
-0
16.241
-0
-0
0.350181
-0
-0
1.55013
-0
-0
-0
-0
-0
37.8405
-0
-0
-0
-0
-0
4.90328
6.4598
-0
-0
-0
-0
-0
11.0669
-0
-0
-0
-0
-0
-0
-0
-0
-0
6.52657
6.61501
-0
-0
-0
-0
-0
26.6424
-0
32.125
-0
-0
-0
-0
11.1813
-0
-0
-0
-0
-0
21.7961
-0
-0
-0
-0
-0
-0
37.4464
25.5976
-0
-0
-0
12.3117
-0
-0
-0
-0
-0
-0
-0
-0
-0
-0
-0
-0
81.4406
-0
-0
4.12739
-0
42.2894
12.4437
-0
-0
-0
-0
20.1586
-0
-0
-0
33.7204
-0
-0
27.6883
-0
-0
-0
-0
-0
-0
61.358
-0
-0
-0
-0
-0
43.916
-0
-0
10.7842
-0
-0
0.457786
29.573
-0
-0
-0
1.0556
30.6948
-0
-0
11.8472
-0
-0
41.4425
-0
4.12408
-0
15.0088
-0
-0
-0
-0
-0
-0
-0
-0
-0
6.45364
35.0837
-0
-0
35.0077
-0
-0
-0
27.9492
-0
-0
21.9616
38.1215
-0
-0
-0
-0
-0
-0
-0
-0
-0
-0
31.6191
-0
14.3495
-0
-0
-0
-0
-0
2.66118
-0
18.1331
16.5338
-0
-0
-0
-0
-0
-0
7.46634
-0
-0
7.1611
-0
12.8031
37.839
-0
69.5005
-0
-0
-0
-0
-0
-0
-0
-0
-0
-0
-0
-0
33.6277
-0
24.9419
-0
-0
-0
-0
-0
-0
-0
-0
-0
-0
-0
-0
17.3657
29.9547
-0
-0
-0
96.204
40.9915
-0
4.09971
-0
-0
-0
-0
-0
-0
-0
50.1395
-0
-0
34.6017
-0
-0
5.04815
-0
-0
-0
-0
-0
-0
53.3489
-0
38.8148
-0
-0
-0
45.2779
-0
-0
2.17635
-0
4.06702
-0
24.9208
20.6335
-0
-0
-0
7.72095
-0
-0
-0
47.1948
-0
-0
-0
46.102
-0
0.334168
0.131373
-0
-0
-0
-0
-0
-0
-0
-0
-0
-0
-0
-0
11.5984
-0
-0
-0
-0
-0
-0
-0
-0
-0
-0
-0
-0
-0
-0
-0
-0
20.252
-0
-0
13.7197
-0
33.8407
-0
-0
-0
-0
14.1707
-0
-0
-0
-0
-0
37.5062
-0
-0
33.6129
40.5199
9.39182
-0
-0
-0
-0
-0
7.35155
-0
-0
-0
-0
-0
-0
-0
-0
-0
-0
-0
9.12682
30.7385
-0
30.2086
-0
-0
-0
-0
-0
-0
-0
-0
-0
-0
-0
-0
-0
-0
-0
2.39874
-0
-0
-0
18.0779
-0
-0
-0
-0
0.139825
2.59331
-0
-0
-0
-0
9.32576
-0
-0
-0
6.07563
5.78884
-0
-0
-0
-0
-0
-0
-0
-0
-0
-0
-0
-0
-0
14.9644
-0
-0
36.4072
-0
-0
-0
-0
21.0732
-0
5.80056
-0
-0
-0
-0
-0
24.3327
-0
-0
-0
-0
-0
-0
-0
-0
-0
-0
-0
-0
-0
6.12786
-0
-0
-0
-0
-0
-0
10.5793
-0
-0
-0
-0
-0
-0
0.789153
-0
-0
31.1468
-0
15.6776
-0
-0
-0
-0
-0
-0
-0
-0
-0
-0
-0
-0
-0
-0
-0
-0
25.9386
19.8611
63.0094
-0
20.631
18.6722
-0
-0
-0
-0
-0
-0
-0
-0
-0
-0
-0
-0
-0
-0
-0
15.7306
-0
-0
-0
-0
-0
-0
-0
-0
-0
-0
-0
-0
-0
-0
-0
-0
24.5842
-0
-0
-0
-0
-0
-0
56.126
-0
-0
58.3767
10.4301
-0
-0
-0
-0
46.9659
-0
-0
22.4547
-0
-0
-0
-0
7.56606
14.33
-0
-0
-0
-0
-0
-0
-0
45.0125
-0
-0
-0
30.8381
-0
-0
-0
-0
-0
13.2167
12.5203
-0
-0
-0
-0
-0
-0
-0
-0
-0
-0
-0
-0
-0
-0
-0
-0
-0
-0
-0
40.9261
-0
-0
-0
-0
-0
-0
-0
-0
-0
13.5622
0.804849
6.22506
13.8286
-0
-0
67.2375
-0
-0
-0
-0
-0
-0
-0
-0
-0
1.32782
-0
-0
-0
-0
-0
-0
-0
-0
-0
33.741
2.22921
-0
-0
-0
-0
-0
15.317
-0
-0
-0
35.7601
-0
-0
29.3698
15.8778
-0
-0
-0
-0
-0
-0
27.5306
-0
-0
-0
21.6849
-0
-0
-0
-0
-0
3.19163
-0
-0
-0
-0
-0
-0
-0
-0
-0
-0
-0
-0
23.5648
-0
7.09106
-0
8.46104
-0
-0
-0
-0
-0
-0
-0
-0
-0
-0
33.7596
-0
14.6138
3.01091
-0
-0
-0
-0
-0
-0
-0
-0
-0
-0
30.639
-0
-0
-0
-0
-0
6.16139
-0
-0
-0
43.64
9.91506
-0
-0
-0
-0
-0
68.5428
-0
-0
-0
-0
-0
-0
10.4361
-0
15.4378
-0
-0
-0
-0
-0
19.8235
-0
-0
21.6642
29.0025
-0
-0
-0
3.54121
-0
-0
6.56353
-0
-0
-0
6.25627
22.2613
-0
31.1148
-0
-0
-0
-0
-0
-0
-0
-0
-0
-0
-0
-0
-0
-0
-0
1.54386
57.6424
-0
-0
-0
-0
-0
-0
-0
-0
-0
-0
-0
-0
-0
-0
-0
72.1028
-0
0.028062
-0
-0
-0
-0
18.451
-0
-0
-0
-0
-0
-0
-0
-0
-0
-0
-0
-0
-0
56.3776
-0
36.3045
-0
-0
17.2462
20.7905
-0
-0
-0
-0
-0
-0
-0
28.7012
-0
-0
-0
-0
-0
-0
-0
-0
-0
-0
29.0956
-0
1.93904
44.597
-0
-0
-0
9.83008
-0
-0
20.0803
-0
29.2954
-0
-0
-0
11.6554
-0
-0
-0
-0
-0
-0
-0
-0
-0
-0
42.1394
-0
43.046
-0
-0
-0
-0
23.9472
-0
-0
12.2099
-0
-0
-0
-0
-0
-0
-0
-0
-0
-0
-0
-0
-0
20.285
62.1078
-0
6.88449
41.376
18.7373
-0
-0
-0
14.4555
-0
-0
-0
-0
17.5395
-0
-0
-0
-0
-0
-0
-0
-0
-0
-0
-0
-0
-0
-0
24.9091
-0
-0
-0
-0
-0
3.53696
-0
-0
-0
-0
-0
-0
-0
27.2131
-0
-0
2.35454
-0
-0
-0
5.77727
-0
-0
-0
-0
-0
-0
44.1618
-0
0.736819
37.9011
-0
-0
-0
-0
37.5841
-0
8.28204
-0
-0
6.8121
-0
9.68448
-0
-0
52.779
30.4252
41.1714
-0
-0
-0
-0
-0
-0
-0
-0
-0
10.0935
-0
-0
-0
-0
-0
-0
-0
-0
-0
-0
-0
-0
-0
-0
-0
-0
-0
-0
-0
12.1492
-0
14.2315
-0
-0
-0
-0
37.7711
14.5852
2.89729
-0
-0
-0
-0
-0
0.0943844
12.477
-0
-0
-0
-0
-0
-0
-0
-0
-0
-0
-0
-0
-0
-0
-0
-0
15.8611
-0
-0
5.3585
-0
-0
-0
-0
8.76284
-0
-0
-0
-0
10.4678
-0
-0
29.1364
-0
-0
-0
-0
6.72841
-0
11.7107
-0
-0
-0
-0
4.43676
-0
-0
-0
-0
-0
-0
15.2345
-0
-0
16.4122
-0
7.03891
28.1235
-0
-0
-0
-0
10.4319
-0
7.09195
-0
-0
-0
44.1113
-0
-0
-0
-0
-0
-0
-0
-0
-0
-0
29.1319
-0
-0
-0
33.082
-0
-0
-0
-0
39.1765
-0
-0
-0
-0
-0
-0
5.57
-0
29.4761
-0
-0
-0
-0
-0
-0
-0
11.6126
-0
-0
11.9328
-0
-0
32.9022
-0
-0
-0
-0
-0
-0
-0
-0
-0
-0
-0
-0
-0
-0
-0
37.7467
-0
-0
-0
-0
19.3539
-0
29.1869
-0
-0
-0
9.12088
-0
-0
-0
-0
-0
-0
-0
-0
-0
-0
12.4865
25.5898
-0
-0
-0
-0
-0
19.5318
-0
14.6939
-0
-0
-0
17.9034
-0
-0
-0
-0
-0
-0
-0
6.86372
-0
24.981
6.26333
14.493
-0
-0
-0
12.9119
-0
23.7521
-0
-0
-0
8.15833
-0
-0
56.0853
-0
-0
-0
-0
30.7299
-0
-0
-0
-0
-0
0.955643
6.84058
-0
14.288
25.5151
-0
-0
-0
-0
-0
-0
62.324
-0
-0
-0
-0
-0
-0
-0
-0
-0
-0
-0
-0
-0
22.9835
-0
31.4328
-0
-0
-0
28.5672
-0
-0
-0
-0
24.9752
-0
-0
-0
-0
-0
-0
4.87471
-0
-0
-0
39.9722
-0
-0
4.10657
-0
-0
-0
-0
-0
-0
-0
-0
35.0348
-0
-0
-0
-0
-0
-0
-0
32.3356
-0
-0
-0
-0
58.1292
-0
-0
-0
9.23772
-0
-0
15.305
23.8005
-0
-0
44.6103
11.0515
41.988
-0
-0
-0
-0
3.19816
70.4356
-0
32.8289
4.76977
43.4076
-0
43.9361
-0
-0
-0
-0
-0
-0
-0
-0
4.5456
-0
-0
-0
-0
-0
-0
-0
0.779654
24.9964
-0
-0
-0
45.1139
-0
-0
-0
-0
-0
-0
4.21213
-0
-0
-0
-0
-0
-0
-0
-0
-0
-0
-0
37.716
5.24012
-0
-0
-0
-0
-0
-0
13.8226
-0
-0
35.9385
30.8555
0.56483
-0
-0
-0
-0
31.7055
-0
-0
-0
-0
-0
4.25187
-0
-0
