1.36213
-0
-0
-0
-0
-0
-0
-0
-0
31.5419
22.6375
-0
-0
-0
-0
29.1877
-0
-0
-0
-0
-0
-0
-0
-0
15.5659
-0
22.4631
-0
-0
-0
-0
-0
-0
-0
0.655251
-0
-0
-0
-0
-0
19.357
-0
-0
30.7147
-0
-0
-0
-0
-0
-0
-0
-0
0.621038
-0
-0
-0
-0
2.08942
-0
33.825
-0
-0
-0
-0
4.0822
-0
-0
8.75686
-0
1.70261
-0
-0
-0
-0
-0
-0
22.8195
-0
-0
-0
-0
85.6828
5.97271
11.7147
25.0084
-0
-0
-0
-0
-0
27.3624
-0
-0
-0
26.6837
-0
13.0521
-0
3.93613
-0
-0
-0
-0
-0
-0
-0
-0
-0
-0
-0
22.0696
-0
-0
-0
-0
-0
-0
-0
39.2482
24.838
16.6407
-0
22.4269
-0
6.79764
-0
-0
-0
-0
-0
5.54009
36.3282
13.2353
-0
-0
-0
-0
5.50448
-0
-0
-0
-0
15.4174
-0
-0
-0
-0
-0
-0
-0
-0
-0
-0
35.293
-0
-0
14.3389
-0
-0
3.26684
27.8923
-0
-0
-0
5.66906
-0
-0
-0
-0
80.3334
-0
8.04191
-0
-0
-0
-0
-0
-0
-0
-0
-0
-0
-0
-0
-0
-0
-0
-0
33.8496
-0
34.9872
-0
-0
53.5653
-0
-0
-0
-0
2.53834
-0
-0
-0
-0
-0
-0
-0
-0
7.39409
1.09079
-0
-0
-0
65.1385
-0
-0
-0
-0
-0
-0
-0
-0
-0
-0
-0
-0
-0
-0
-0
-0
-0
-0
-0
-0
-0
-0
6.32082
-0
-0
-0
-0
-0
-0
-0
-0
-0
-0
8.45147
-0
-0
-0
-0
-0
-0
-0
-0
3.84022
-0
-0
-0
-0
11.7063
6.46175
-0
0.180417
-0
-0
-0
-0
-0
-0
-0
18.576
-0
37.1028
-0
-0
-0
-0
-0
0.127495
22.489
1.3786
-0
7.4453
-0
-0
-0
2.69431
-0
-0
-0
-0
-0
-0
-0
-0
36.1238
-0
-0
20.396
-0
-0
0.798579
-0
2.47692
30.8003
9.43534
-0
56.7948
-0
-0
-0
-0
-0
-0
1.84935
-0
-0
-0
0.736356
-0
-0
-0
13.9806
28.642
-0
20.9356
-0
-0
-0
-0
-0
-0
-0
-0
-0
-0
-0
-0
-0
-0
-0
-0
6.32625
4.49167
-0
-0
-0
-0
-0
-0
-0
-0
-0
8.93023
-0
-0
-0
-0
-0
-0
-0
-0
21.258
10.4559
2.10774
-0
-0
7.99741
-0
-0
18.9972
0.860843
12.9752
-0
-0
-0
-0
-0
-0
-0
-0
25.9499
-0
-0
56.2848
-0
-0
-0
-0
-0
-0
-0
-0
-0
-0
-0
10.524
-0
-0
-0
-0
-0
-0
-0
-0
-0
-0
-0
22.8917
-0
-0
-0
-0
-0
10.3615
-0
-0
-0
-0
62.0011
-0
-0
-0
-0
13.8772
-0
-0
-0
12.2535
-0
-0
-0
-0
37.5524
-0
-0
-0
-0
-0
-0
-0
3.28939
-0
-0
-0
-0
-0
-0
-0
27.3132
31.2798
-0
-0
6.26051
0.601694
-0
-0
-0
-0
-0
-0
2.33188
-0
67.3884
-0
4.2005
-0
-0
-0
-0
-0
-0
-0
-0
20.9612
24.7966
-0
-0
-0
-0
-0
-0
-0
-0
-0
-0
9.41173
-0
20.1731
20.7701
-0
-0
-0
-0
18.7333
35.2439
-0
0.364394
32.7444
-0
-0
65.2262
-0
-0
-0
-0
2.02718
-0
-0
-0
-0
22.5268
7.09267
-0
-0
-0
-0
7.28603
-0
44.6869
-0
-0
12.5189
-0
-0
7.03424
-0
-0
0.42224
-0
-0
-0
-0
-0
-0
20.1978
-0
-0
-0
-0
-0
-0
-0
-0
15.6002
-0
7.02775
-0
11.6627
-0
-0
-0
-0
71.151
21.3645
-0
-0
26.6122
-0
-0
2.1321
-0
-0
1.28058
-0
-0
-0
-0
-0
-0
-0
-0
-0
-0
10.0463
-0
-0
-0
-0
-0
-0
-0
-0
-0
1.40953
-0
-0
-0
17.5609
-0
-0
8.75246
-0
-0
-0
-0
-0
8.79751
-0
2.05923
-0
-0
-0
-0
-0
-0
27.2497
-0
-0
-0
-0
25.5537
-0
-0
-0
34.098
-0
-0
-0
-0
-0
-0
-0
-0
-0
-0
-0
-0
-0
-0
-0
-0
-0
-0
-0
-0
-0
-0
-0
-0
-0
-0
-0
-0
-0
-0
-0
-0
3.43679
-0
-0
-0
-0
-0
-0
-0
-0
-0
-0
-0
8.21668
4.55755
-0
-0
38.348
-0
-0
-0
-0
10.8998
-0
-0
-0
-0
-0
-0
-0
0.879859
-0
-0
-0
-0
-0
-0
29.52
-0
-0
-0
-0
-0
-0
2.81505
-0
-0
-0
-0
-0
-0
24.0426
-0
-0
-0
5.03566
-0
-0
-0
-0
-0
-0
-0
4.74486
-0
-0
-0
-0
-0
-0
-0
-0
-0
-0
-0
-0
-0
-0
-0
-0
-0
-0
-0
-0
-0
31.7069
-0
-0
-0
-0
-0
-0
-0
-0
-0
-0
-0
8.41508
-0
-0
-0
-0
10.8026
-0
-0
-0
3.06055
-0
-0
-0
27.3803
-0
-0
5.07405
-0
-0
-0
-0
3.56778
21.2923
-0
-0
-0
-0
-0
-0
-0
-0
-0
-0
-0
10.7612
-0
-0
-0
-0
-0
-0
2.26163
59.7447
-0
-0
-0
-0
-0
-0
-0
-0
7.71261
-0
28.185
-0
6.11483
-0
-0
-0
-0
-0
-0
-0
10.6055
-0
-0
-0
-0
-0
-0
28.472
-0
-0
-0
25.8628
-0
-0
21.4359
-0
-0
-0
-0
5.6315
-0
-0
26.4514
-0
-0
18.0706
-0
-0
21.7239
8.29508
-0
-0
-0
-0
-0
-0
-0
12.6287
20.5781
-0
-0
-0
-0
-0
34.4403
-0
-0
-0
-0
6.83858
-0
-0
-0
-0
-0
-0
8.26174
-0
-0
-0
-0
-0
-0
-0
-0
44.5371
7.35037
18.4122
-0
-0
-0
-0
-0
-0
-0
-0
-0
-0
-0
-0
-0
15.9419
-0
-0
-0
-0
-0
-0
35.7006
29.7976
-0
-0
13.4892
-0
-0
-0
-0
-0
-0
-0
-0
-0
-0
62.4891
-0
-0
-0
-0
-0
-0
-0
-0
-0
-0
-0
-0
15.7985
-0
-0
32.9927
-0
-0
-0
-0
-0
46.8809
-0
-0
-0
-0
-0
-0
5.2082
-0
-0
-0
-0
-0
33.3844
-0
-0
-0
-0
-0
-0
-0
-0
37.5395
2.37317
0.360172
-0
-0
-0
-0
-0
-0
-0
-0
-0
-0
-0
-0
-0
11.5763
-0
3.37759
-0
-0
1.2006
24.9326
-0
-0
-0
-0
-0
-0
-0
-0
-0
-0
-0
-0
-0
-0
-0
-0
-0
27.6812
1.36275
-0
8.9155
-0
-0
-0
-0
-0
-0
-0
-0
-0
-0
-0
-0
-0
-0
-0
6.32462
3.54411
-0
-0
-0
-0
-0
-0
-0
-0
-0
-0
-0
-0
-0
-0
-0
-0
-0
-0
-0
-0
-0
-0
4.41672
13.8159
-0
-0
-0
-0
26.7293
-0
-0
-0
-0
-0
-0
-0
29.1142
-0
-0
-0
-0
-0
-0
-0
-0
-0
23.9686
-0
-0
49.1627
-0
-0
-0
-0
-0
-0
-0
15.3789
-0
37.2013
-0
-0
23.9015
-0
-0
-0
-0
-0
-0
-0
-0
11.692
0.720997
-0
-0
-0
-0
-0
-0
13.6089
-0
-0
-0
14.6763
-0
-0
-0
-0
-0
-0
5.90965
-0
-0
-0
3.78985
-0
-0
2.23858
-0
-0
-0
-0
17.541
-0
-0
-0
-0
-0
-0
-0
-0
-0
-0
-0
-0
-0
18.3167
4.99351
-0
-0
-0
-0
-0
8.78456
0.378804
-0
-0
-0
7.08533
1.33856
-0
-0
-0
2.62472
-0
-0
-0
-0
-0
1.15983
-0
-0
17.7036
1.61369
-0
17.3919
-0
-0
-0
36.0306
-0
-0
-0
-0
-0
-0
2.48963
-0
-0
-0
-0
-0
11.4125
-0
-0
11.5777
44.4076
-0
5.52783
-0
-0
-0
7.14929
-0
-0
-0
-0
-0
-0
-0
-0
-0
-0
3.36545
-0
-0
-0
-0
-0
46.1556
-0
-0
-0
-0
-0
-0
-0
-0
-0
-0
-0
-0
-0
-0
9.26537
-0
-0
-0
-0
27.2753
-0
-0
11.7102
-0
-0
7.81258
-0
-0
-0
-0
4.2232
-0
22.0458
-0
-0
-0
-0
-0
-0
-0
-0
-0
-0
-0
-0
-0
-0
-0
-0
-0
-0
-0
24.3547
-0
-0
-0
-0
-0
-0
-0
-0
-0
-0
1.64909
11.6118
-0
-0
9.3759
-0
-0
-0
-0
16.6658
-0
-0
12.5931
-0
-0
-0
-0
-0
14.9482
6.3639
12.5881
-0
-0
3.80072
-0
-0
17.5852
-0
-0
33.4776
-0
-0
-0
-0
-0
26.254
2.872
21.3665
14.0151
-0
-0
3.38166
-0
-0
-0
-0
88.6848
-0
-0
13.4736
-0
-0
-0
61.5112
-0
9.82149
-0
-0
-0
-0
-0
-0
75.1699
-0
-0
-0
-0
-0
-0
-0
-0
-0
-0
-0
-0
2.28418
-0
-0
6.9744
-0
-0
-0
-0
13.1149
-0
-0
-0
-0
-0
-0
-0
-0
-0
-0
-0
-0
-0
-0
-0
1.88455
-0
-0
19.0877
-0
-0
-0
-0
-0
-0
-0
-0
-0
-0
-0
-0
10.4959
-0
-0
-0
-0
-0
-0
-0
-0
-0
4.55404
-0
-0
39.6851
18.6119
29.4792
-0
-0
-0
-0
-0
-0
6.2825
48.8356
-0
-0
-0
-0
-0
-0
-0
24.1474
-0
-0
-0
-0
44.5547
-0
-0
-0
-0
-0
-0
-0
-0
-0
-0
-0
0.511488
6.50839
26.8886
14.5348
2.1628
0.0304447
-0
-0
-0
-0
-0
-0
1.19791
-0
-0
-0
9.76583
-0
-0
-0
2.72826
-0
-0
-0
-0
-0
-0
-0
-0
-0
-0
-0
-0
-0
-0
-0
-0
-0
-0
-0
-0
-0
-0
32.7197
-0
-0
-0
-0
-0
-0
-0
-0
-0
-0
-0
-0
-0
-0
-0
-0
43.9436
-0
2.56023
5.55069
-0
-0
-0
-0
-0
-0
-0
-0
-0
-0
-0
-0
-0
-0
0.693403
-0
-0
-0
7.27043
-0
0.708717
-0
-0
-0
-0
0.47772
-0
-0
-0
-0
-0
-0
-0
-0
-0
16.0994
-0
15.0662
43.1818
-0
-0
-0
-0
-0
-0
-0
22.548
21.3145
-0
4.18089
0.322592
-0
-0
-0
-0
16.1022
-0
-0
-0
-0
-0
-0
5.32
19.6241
-0
-0
-0
-0
-0
-0
-0
-0
-0
-0
-0
-0
-0
-0
52.3324
-0
-0
-0
-0
-0
-0
-0
-0
8.90952
-0
-0
-0
19.6752
-0
-0
-0
18.8565
-0
-0
-0
-0
51.156
-0
9.98715
-0
-0
-0
17.7035
-0
2.16526
-0
-0
-0
-0
-0
-0
-0
-0
-0
-0
-0
-0
-0
-0
-0
-0
2.35204
8.34961
-0
-0
-0
-0
-0
-0
-0
-0
45.8099
-0
-0
-0
-0
-0
-0
-0
-0
-0
-0
-0
-0
4.03266
-0
-0
20.1775
-0
-0
-0
-0
-0
40.6269
-0
-0
-0
34.6717
-0
-0
-0
-0
-0
-0
17.7971
8.61744
-0
10.5089
6.79916
-0
12.8809
-0
-0
-0
-0
-0
-0
-0
5.5688
-0
-0
-0
-0
-0
-0
-0
42.4248
-0
-0
-0
-0
-0
26.8302
-0
-0
-0
-0
18.1331
-0
-0
-0
-0
-0
-0
-0
5.3223
-0
-0
6.55754
-0
-0
-0
21.2205
-0
-0
8.12456
41.3723
-0
26.6665
-0
-0
-0
-0
-0
-0
10.4168
-0
-0
-0
-0
-0
-0
-0
-0
-0
16.911
-0
-0
-0
-0
20.5399
-0
3.45801
-0
4.31336
-0
-0
5.88665
-0
-0
-0
-0
-0
-0
-0
-0
-0
52.4965
28.3695
18.569
10.0059
-0
-0
-0
-0
-0
10.9034
-0
-0
-0
-0
-0
8.54741
-0
16.5164
-0
-0
-0
-0
-0
-0
-0
15.8802
-0
-0
-0
-0
-0
-0
-0
-0
-0
40.3251
-0
-0
19.1628
-0
-0
-0
-0
-0
-0
-0
-0
-0
-0
-0
-0
-0
-0
-0
-0
-0
-0
-0
-0
-0
-0
-0
-0
-0
-0
-0
-0
-0
-0
8.73859
2.17644
-0
26.6883
-0
-0
-0
-0
-0
-0
-0
-0
-0
-0
-0
-0
-0
-0
-0
-0
-0
-0
-0
-0
-0
-0
-0
-0
-0
-0
-0
-0
-0
-0
-0
-0
-0
-0
-0
-0
-0
3.35422
-0
-0
9.11826
-0
7.55231
-0
16.975
-0
-0
-0
-0
-0
-0
-0
-0
-0
-0
-0
52.8366
-0
-0
-0
-0
-0
-0
-0
-0
11.4551
29.0572
-0
-0
0.787246
-0
-0
-0
48.0426
-0
-0
-0
7.00352
-0
-0
-0
-0
-0
4.68216
-0
-0
-0
73.515
-0
13.7003
-0
80.9936
-0
-0
39.7019
13.735
-0
-0
10.2944
-0
-0
-0
-0
3.87883
-0
-0
-0
-0
-0
-0
-0
-0
12.7048
-0
70.9896
18.9541
-0
-0
-0
-0
-0
-0
33.4389
-0
-0
-0
-0
-0
-0
34.0511
-0
-0
-0
-0
3.00035
-0
6.43605
-0
43.8815
3.41614
7.53705
26.9754
-0
-0
-0
-0
-0
-0
-0
-0
-0
-0
-0
-0
-0
22.9788
-0
-0
-0
-0
-0
-0
-0
36.7527
-0
-0
-0
3.94632
33.7468
-0
-0
-0
-0
3.28696
-0
43.5004
-0
-0
-0
-0
-0
-0
-0
-0
30.4847
-0
7.56588
21.4499
-0
43.2631
-0
-0
6.34968
-0
-0
-0
13.6778
37.7577
-0
24.1143
-0
49.2044
13.573
-0
29.5955
-0
-0
-0
31.0514
-0
-0
-0
1.60057
-0
-0
32.0369
-0
-0
-0
-0
-0
-0
-0
-0
-0
-0
28.1376
-0
-0
0.115044
-0
-0
-0
-0
-0
14.9708
-0
0.522371
-0
33.7029
-0
-0
-0
20.1174
-0
-0
-0
-0
-0
-0
-0
-0
-0
-0
-0
-0
-0
8.30852
1.03441
-0
-0
15.1187
-0
1.23432
20.6227
-0
-0
-0
-0
-0
-0
-0
-0
-0
-0
-0
-0
-0
-0
-0
-0
-0
-0
2.20401
-0
-0
19.4401
-0
-0
-0
44.1094
-0
-0
-0
-0
-0
-0
8.48359
-0
-0
28.105
13.1637
-0
9.96368
-0
-0
-0
-0
25.4972
63.056
-0
12.4315
45.903
-0
-0
20.0907
-0
-0
-0
-0
-0
-0
-0
-0
-0
-0
-0
-0
-0
-0
-0
1.10583
-0
-0
-0
-0
-0
-0
-0
-0
17.6438
-0
0.487235
-0
-0
-0
-0
-0
-0
17.9234
60.5624
-0
-0
-0
-0
-0
-0
-0
-0
-0
-0
-0
11.5398
20.7534
15.6957
2.85489
-0
-0
-0
-0
50.8796
-0
-0
-0
-0
10.5749
-0
-0
-0
-0
-0
-0
22.0962
-0
-0
-0
-0
-0
-0
-0
-0
1.92707
-0
13.7495
-0
-0
-0
-0
-0
-0
-0
-0
-0
-0
-0
-0
-0
2.37913
-0
-0
-0
-0
-0
-0
10.0143
-0
42.172
19.561
45.6024
-0
21.7599
-0
-0
-0
-0
8.26515
-0
-0
-0
-0
-0
-0
-0
-0
-0
-0
-0
-0
-0
-0
-0
-0
-0
-0
-0
-0
-0
-0
-0
-0
-0
-0
-0
-0
19.8928
-0
-0
-0
-0
-0
48.9156
-0
-0
-0
-0
-0
-0
4.38404
-0
-0
-0
-0
-0
-0
-0
10.4859
-0
3.0965
-0
9.29706
-0
-0
65.3322
-0
-0
-0
-0
-0
32.7386
-0
-0
-0
-0
-0
-0
-0
29.4117
-0
12.9657
-0
-0
-0
-0
-0
-0
-0
-0
-0
-0
-0
-0
-0
-0
-0
-0
-0
-0
11.0498
-0
-0
-0
-0
-0
25.2868
-0
-0
0.141009
-0
-0
-0
-0
-0
-0
-0
-0
-0
-0
-0
-0
-0
27.1546
-0
-0
-0
-0
-0
-0
2.81509
-0
-0
-0
15.6747
-0
21.9802
-0
-0
50.7408
3.16396
-0
-0
-0
-0
-0
-0
-0
-0
15.7308
3.08239
39.5973
1.1739
-0
0.0708662
-0
-0
-0
-0
-0
10.7042
-0
-0
-0
3.35388
-0
-0
-0
-0
-0
-0
-0
-0
-0
-0
-0
-0
-0
-0
28.893
-0
-0
-0
-0
-0
-0
-0
-0
12.4563
-0
13.0198
26.4571
-0
39.512
-0
-0
-0
-0
-0
-0
19.251
-0
-0
-0
-0
26.6815
-0
-0
-0
-0
-0
-0
-0
-0
-0
-0
-0
-0
14.5574
-0
-0
-0
-0
-0
-0
-0
-0
-0
-0
-0
-0
-0
-0
-0
-0
-0
8.03018
-0
-0
9.86995
-0
-0
-0
-0
-0
-0
-0
-0
-0
-0
16.9522
10.5877
-0
24.177
-0
-0
-0
-0
-0
-0
-0
-0
9.76173
-0
6.89176
-0
-0
-0
-0
-0
-0
-0
-0
6.04757
-0
-0
-0
51.201
-0
-0
4.21314
-0
-0
14.0805
-0
-0
22.817
-0
19.1376
-0
-0
4.13888
-0
-0
-0
7.44049
-0
11.0823
5.39239
-0
-0
-0
-0
-0
-0
-0
16.5955
-0
-0
10.3933
-0
-0
-0
-0
-0
20.0559
-0
-0
-0
40.9459
-0
-0
-0
-0
-0
-0
-0
-0
-0
-0
2.18878
-0
-0
25.726
-0
13.9492
-0
-0
-0
-0
-0
-0
-0
-0
-0
-0
-0
-0
-0
10.259
-0
-0
-0
-0
-0
14.9299
0.0609016
-0
-0
32.3743
-0
-0
-0
-0
-0
3.82424
-0
6.45911
-0
-0
4.89496
-0
-0
23.7993
-0
-0
-0
19.7266
-0
-0
-0
-0
-0
-0
-0
-0
-0
-0
-0
-0
-0
-0
-0
-0
-0
-0
-0
-0
-0
-0
-0
-0
1.89879
-0
-0
-0
-0
-0
24.7414
-0
23.0835
-0
-0
-0
-0
13.8851
-0
8.16812
-0
-0
-0
-0
-0
-0
-0
0.529133
-0
-0
-0
15.7974
-0
-0
-0
-0
36.2532
-0
-0
-0
-0
-0
-0
-0
2.2654
-0
-0
-0
-0
-0
-0
-0
-0
-0
-0
-0
-0
-0
0.110541
-0
-0
-0
-0
-0
8.38035
-0
-0
-0
-0
-0
-0
-0
-0
-0
-0
-0
25.0441
-0
-0
-0
-0
-0
-0
-0
2.60318
-0
-0
-0
-0
-0
34.063
-0
-0
-0
-0
-0
-0
-0
-0
-0
-0
-0
4.65813
-0
-0
2.65611
7.47152
12.7417
-0
0.255215
-0
-0
9.51473
9.83515
-0
-0
-0
-0
17.7428
-0
-0
-0
-0
-0
-0
37.6634
-0
-0
-0
0.765454
-0
-0
-0
-0
-0
-0
-0
-0
-0
-0
-0
9.17977
-0
-0
2.125
-0
-0
-0
7.02333
-0
22.7596
-0
-0
25.52
-0
-0
-0
-0
-0
-0
-0
-0
9.32573
-0
-0
-0
-0
-0
21.2043
47.5633
-0
-0
-0
-0
-0
-0
-0
-0
-0
-0
-0
-0
-0
-0
-0
20.8795
43.4712
-0
-0
-0
-0
3.28805
26.2298
-0
-0
-0
-0
6.33341
-0
-0
-0
28.6278
-0
-0
15.4082
-0
-0
-0
-0
14.2348
13.913
38.8451
-0
-0
-0
-0
-0
37.2343
-0
-0
23.4744
-0
-0
-0
33.9654
-0
-0
-0
22.663
39.3127
-0
-0
-0
20.8435
-0
34.4453
-0
0.443557
-0
18.6356
-0
-0
-0
-0
-0
-0
-0
-0
-0
-0
6.17031
-0
-0
7.12977
-0
-0
-0
20.9394
-0
-0
30.1628
-0
-0
-0
-0
-0
2.09972
-0
-0
-0
-0
-0
6.64954
-0
-0
14.284
-0
-0
-0
-0
1.31569
-0
-0
-0
-0
-0
-0
-0
-0
-0
-0
-0
-0
8.98577
-0
-0
41.1546
-0
54.491
-0
-0
-0
-0
-0
-0
-0
-0
-0
-0
-0
-0
0.466642
-0
-0
-0
21.4
-0
-0
-0
8.03633
-0
-0
-0
-0
-0
-0
-0
-0
-0
-0
7.79435
76.1809
37.1608
-0
-0
-0
-0
-0
-0
-0
-0
-0
49.1213
-0
-0
-0
-0
-0
23.4652
-0
-0
-0
-0
-0
-0
21.2603
-0
52.7821
-0
-0
-0
30.5167
-0
-0
-0
-0
3.17146
-0
13.1034
-0
-0
-0
-0
-0
-0
-0
-0
-0
-0
-0
-0
46.2288
-0
-0
0.403946
-0
-0
-0
0.536131
-0
-0
-0
-0
4.65497
-0
-0
-0
21.6778
5.37003
-0
-0
-0
-0
-0
-0
-0
-0
9.16031
-0
-0
-0
-0
-0
-0
-0
-0
-0
6.5188
-0
23.6061
-0
-0
-0
-0
12.9979
-0
-0
-0
-0
-0
6.81589
-0
-0
1.75124
53.6334
4.05882
-0
-0
-0
-0
15.2462
8.96443
-0
-0
-0
-0
-0
-0
-0
-0
-0
-0
-0
18.6918
35.2077
-0
10.093
-0
-0
-0
-0
-0
-0
-0
-0
-0
-0
-0
-0
-0
-0
-0
5.88142
-0
-0
-0
-0
-0
-0
-0
-0
-0
12.3138
-0
-0
-0
-0
-0
-0
-0
-0
2.68937
-0
-0
-0
-0
-0
-0
-0
-0
-0
-0
-0
-0
-0
-0
-0
-0
32.9005
-0
-0
-0
-0
-0
-0
-0
3.65254
-0
-0
-0
6.24218
18.3909
6.80329
-0
-0
-0
-0
-0
-0
-0
-0
-0
-0
-0
-0
-0
-0
-0
-0
-0
-0
-0
-0
12.8261
-0
-0
-0
-0
-0
-0
2.79899
-0
-0
37.503
-0
4.49244
-0
-0
-0
-0
-0
-0
-0
0.204423
-0
-0
-0
-0
-0
-0
-0
-0
4.26076
16.9681
44.6505
-0
30.0894
12.5194
9.66568
-0
-0
-0
-0
1.07058
-0
-0
-0
-0
-0
-0
-0
-0
-0
10.3109
-0
-0
-0
-0
0.417694
-0
-0
-0
8.55001
12.9692
-0
-0
-0
-0
-0
-0
16.1859
-0
-0
-0
-0
-0
-0
48.9862
-0
-0
53.4813
-0
-0
-0
-0
-0
16.7052
-0
-0
-0
-0
-0
-0
-0
-0
25.348
-0
-0
-0
-0
-0
8.39462
-0
14.815
-0
-0
-0
-0
-0
-0
-0
-0
-0
7.89261
-0
-0
1.53058
-0
-0
-0
-0
-0
-0
-0
-0
-0
-0
-0
-0
-0
-0
-0
-0
-0
46.5396
-0
5.55247
-0
-0
-0
-0
-0
-0
-0
18.8808
-0
6.45127
10.3506
-0
-0
16.5596
-0
-0
-0
-0
-0
-0
6.57489
-0
-0
-0
-0
-0
-0
19.5899
-0
-0
-0
-0
-0
-0
15.6955
-0
-0
-0
-0
-0
12.5668
-0
-0
-0
28.2138
-0
-0
39.4577
-0
-0
-0
-0
-0
-0
-0
17.4676
-0
34.9437
-0
-0
-0
-0
-0
-0
-0
-0
-0
25.5114
-0
-0
-0
-0
-0
-0
-0
-0
-0
-0
26.5689
-0
-0
-0
-0
-0
-0
25.2289
-0
-0
-0
-0
-0
-0
7.83903
22.2528
-0
28.2319
-0
-0
-0
-0
-0
-0
-0
4.65228
-0
-0
-0
42.8363
-0
-0
-0
7.45175
-0
11.6786
-0
-0
-0
8.18967
-0
-0
-0
-0
-0
-0
28.0492
2.54892
-0
-0
-0
-0
-0
-0
-0
30.5303
4.32808
-0
-0
2.05919
-0
-0
-0
-0
34.4585
0.652223
-0
-0
-0
16.3519
-0
4.49511
3.89318
-0
-0
-0
-0
6.91953
-0
25.2176
-0
-0
-0
5.68298
-0
-0
-0
-0
-0
-0
-0
-0
-0
35.7999
-0
-0
33.5572
13.8302
-0
-0
-0
-0
-0
-0
0.506932
-0
-0
-0
-0
-0
-0
-0
36.7968
-0
0.101718
-0
-0
-0
-0
17.5897
-0
-0
-0
-0
-0
-0
-0
-0
-0
-0
-0
-0
-0
46.2347
-0
35.1785
-0
-0
4.32784
-0
-0
-0
-0
-0
-0
-0
-0
-0
-0
-0
-0
-0
-0
34.1428
-0
-0
-0
-0
-0
-0
27.4142
41.6195
-0
-0
-0
35.9478
-0
-0
13.8023
-0
19.7999
-0
8.34718
-0
-0
-0
-0
-0
3.49173
-0
-0
-0
-0
-0
-0
-0
-0
9.83801
-0
-0
-0
-0
-0
-0
12.8186
-0
-0
-0
-0
3.36293
-0
-0
-0
0.0387147
-0
-0
-0
-0
-0
-0
52.1653
-0
9.82023
27.2782
29.9758
-0
-0
27.0411
-0
-0
-0
-0
-0
54.4838
-0
-0
-0
-0
2.46394
-0
-0
-0
-0
-0
-0
-0
-0
-0
47.4749
-0
-0
-0
-0
-0
16.5553
-0
-0
-0
-0
-0
-0
-0
10.1906
-0
-0
20.6728
-0
-0
-0
-0
-0
-0
-0
-0
-0
-0
-0
-0
12.86
30.9911
-0
-0
-0
-0
25.8673
-0
-0
-0
-0
-0
-0
39.9692
-0
-0
18.1068
16.6261
27.757
-0
-0
-0
-0
-0
-0
-0
-0
-0
-0
-0
-0
-0
-0
-0
-0
-0
-0
-0
4.51249
-0
-0
-0
24.611
-0
-0
-0
-0
-0
-0
-0
12.1585
-0
-0
-0
-0
10.517
-0
5.48674
-0
-0
-0
-0
-0
4.55773
7.68591
-0
-0
-0
-0
-0
-0
-0
-0
-0
-0
-0
-0
-0
-0
-0
-0
19.183
-0
-0
-0
-0
-0
-0
-0
-0
-0
-0
5.46128
-0
-0
-0
-0
5.40792
-0
-0
-0
-0
-0
-0
1.36917
-0
-0
-0
-0
-0
-0
-0
-0
-0
-0
-0
33.7721
-0
-0
-0
-0
-0
16.5049
-0
-0
10.8422
-0
-0
-0
18.1396
-0
-0
-0
10.6811
-0
-0
-0
-0
-0
-0
-0
5.14511
-0
-0
17.0405
-0
-0
-0
11.0115
-0
-0
14.8548
-0
46.9999
-0
-0
-0
-0
-0
-0
16.0907
-0
-0
-0
-0
10.7716
-0
-0
-0
6.78723
24.3725
-0
-0
-0
-0
-0
-0
-0
-0
-0
-0
-0
-0
-0
-0
-0
6.11411
-0
-0
-0
-0
-0
0.561112
-0
-0
-0
-0
12.4824
0.691724
48.9688
-0
13.1152
-0
3.68768
-0
-0
-0
-0
-0
-0
-0
3.74318
-0
-0
7.02381
34.1215
-0
-0
-0
-0
-0
11.9674
-0
1.95924
-0
-0
-0
9.32247
-0
-0
-0
-0
-0
-0
-0
13.5129
-0
0.188371
5.18592
35.4502
3.169
3.70573
-0
4.79545
-0
-0
-0
-0
-0
-0
-0
-0
12.8385
-0
-0
-0
-0
-0
-0
-0
-0
-0
-0
-0
-0
-0
-0
11.2492
-0
-0
-0
-0
-0
-0
53.0123
-0
-0
-0
-0
-0
-0
-0
-0
-0
-0
-0
-0
-0
17.3407
-0
5.49481
6.93149
-0
-0
-0
-0
-0
-0
-0
9.58618
-0
-0
-0
-0
-0
-0
-0
-0
-0
-0
15.9976
-0
-0
20.7032
-0
-0
-0
-0
-0
-0
-0
1.05876
21.4826
-0
-0
-0
-0
-0
-0
-0
6.37245
-0
-0
-0
-0
71.1808
-0
-0
-0
-0
-0
-0
18.4206
22.4195
-0
-0
37.5255
-0
4.43434
-0
-0
9.84654
-0
-0
106.321
-0
8.39042
4.15244
-0
-0
32.7676
6.24436
-0
-0
-0
-0
-0
-0
-0
4.24031
-0
-0
-0
-0
-0
-0
-0
-0
8.77422
-0
-0
-0
25.5266
-0
9.45456
-0
-0
-0
-0
21.0683
-0
-0
-0
2.39018
-0
-0
-0
-0
-0
-0
-0
15.2428
28.0586
-0
-0
-0
-0
-0
-0
-0
-0
16.5718
-0
-0
-0
-0
-0
-0
-0
12.8082
-0
-0
-0
-0
-0
-0
-0
-0
