-0
-0
-0
-0
-0
-0
-0
-0
16.3349
4.07827
19.0806
-0
-0
-0
-0
30.523
-0
-0
-0
-0
-0
-0
-0
-0
25.0307
38.3736
22.0919
-0
-0
-0
-0
-0
-0
-0
3.6831
-0
-0
-0
-0
-0
-0
-0
16.4637
36.2131
-0
31.841
-0
23.7063
-0
-0
-0
-0
0.563991
-0
-0
-0
3.33721
0.526249
18.4833
45.9519
-0
-0
18.6951
-0
3.46686
-0
-0
-0
-0
1.55821
-0
-0
26.9393
-0
-0
-0
72.8581
-0
-0
-0
-0
60.2743
20.5424
-0
26.7135
-0
-0
-0
-0
-0
34.1299
-0
-0
-0
30.1284
-0
4.24132
-0
9.67394
-0
-0
-0
-0
-0
-0
-0
4.75074
-0
-0
-0
-0
-0
-0
-0
-0
-0
-0
-0
34.1162
27.8894
34.5492
-0
0.231648
-0
-0
-0
-0
-0
-0
-0
-0
21.594
20.8694
-0
-0
-0
-0
27.6883
-0
7.4348
-0
-0
12.7625
-0
-0
-0
-0
-0
-0
-0
-0
-0
-0
57.1067
23.679
-0
40.6555
-0
-0
3.73197
30.0633
-0
-0
-0
-0
0.602663
-0
-0
-0
95.3048
-0
18.9303
-0
-0
-0
-0
-0
-0
6.3373
-0
-0
-0
-0
-0
-0
26.0048
-0
-0
61.2175
-0
9.5527
-0
12.652
9.19837
-0
-0
-0
-0
-0
-0
-0
-0
-0
-0
-0
-0
23.0566
18.4333
-0
-0
-0
-0
38.3318
-0
-0
-0
-0
-0
-0
-0
-0
-0
-0
-0
-0
-0
-0
-0
-0
21.0024
-0
-0
-0
-0
-0
-0
-0
-0
-0
-0
-0
-0
-0
-0
-0
-0
18.2295
-0
-0
-0
-0
-0
0.0121969
-0
-0
-0
-0
-0
-0
-0
-0
-0
-0
5.08484
-0
-0
-0
-0
-0
-0
-0
53.4488
-0
57.5056
-0
-0
-0
-0
-0
-0
8.09662
8.46962
-0
56.7159
-0
-0
-0
-0
-0
-0
-0
-0
10.233
-0
27.2259
-0
-0
-0
-0
76.0963
-0
-0
0.437151
-0
3.04971
22.3296
-0
-0
29.4519
-0
7.74373
-0
-0
-0
-0
1.14606
-0
-0
-0
0.565508
-0
-0
10.4352
49.9477
-0
-0
39.8368
-0
-0
-0
-0
-0
-0
-0
-0
-0
-0
16.0465
-0
16.1812
-0
-0
-0
-0
10.0881
-0
-0
-0
-0
-0
-0
-0
-0
-0
32.1713
-0
-0
-0
-0
-0
-0
-0
-0
42.6691
24.2837
3.91312
-0
-0
-0
-0
-0
15.1944
1.4779
-0
-0
-0
-0
-0
-0
-0
-0
2.4893
-0
-0
-0
71.7588
-0
-0
-0
-0
-0
-0
-0
-0
-0
-0
-0
-0
-0
12.3966
-0
-0
-0
-0
-0
-0
-0
-0
-0
-0
-0
-0
-0
-0
-0
14.7546
-0
-0
-0
-0
54.4818
-0
-0
-0
-0
-0
-0
-0
-0
18.424
-0
-0
-0
-0
16.9339
-0
-0
-0
-0
-0
-0
-0
-0
-0
-0
-0
-0
-0
-0
-0
65.5822
21.0148
-0
-0
-0
5.82711
-0
-0
-0
-0
-0
-0
9.6539
-0
47.8378
-0
-0
-0
-0
-0
-0
-0
-0
-0
-0
26.1438
31.9812
-0
-0
-0
-0
-0
-0
-0
-0
-0
-0
14.1812
-0
72.0417
14.6833
-0
-0
-0
-0
30.9839
32.9956
-0
-0
37.9953
-0
-0
28.6601
-0
-0
-0
-0
-0
-0
-0
-0
-0
23.001
-0
-0
1.2156
-0
-0
10.6039
-0
5.34079
-0
7.96692
-0
-0
-0
21.0363
-0
-0
-0
-0
-0
-0
-0
3.2825
-0
20.3808
-0
-0
-0
-0
-0
-0
-0
-0
14.297
3.42259
-0
-0
10.2752
0.700916
-0
-0
-0
97.7049
32.6019
-0
-0
11.8558
-0
-0
-0
-0
-0
-0
-0
-0
-0
-0
-0
-0
26.673
-0
40.6978
-0
6.47719
-0
-0
31.1135
-0
-0
-0
-0
-0
-0
9.56526
-0
-0
-0
33.2112
-0
-0
-0
-0
-0
-0
-0
-0
37.2321
-0
22.6808
-0
-0
-0
-0
-0
-0
22.048
-0
2.5639
-0
-0
30.3195
-0
-0
-0
20.8421
-0
-0
-0
-0
-0
-0
-0
-0
-0
-0
-0
-0
-0
-0
-0
-0
-0
-0
-0
-0
-0
9.54962
-0
-0
-0
-0
-0
-0
-0
-0
-0
4.12608
-0
-0
-0
-0
-0
-0
22.4191
-0
-0
-0
-0
-0
-0
-0
43.602
-0
35.0892
-0
-0
-0
-0
0.635644
-0
-0
-0
-0
-0
-0
-0
1.9453
12.3725
-0
2.99296
20.1871
-0
-0
60.3748
-0
-0
-0
-0
-0
-0
27.0836
-0
-0
-0
-0
-0
-0
14.1138
33.8251
-0
-0
15.764
-0
-0
-0
-0
-0
-0
-0
13.4768
-0
-0
-0
-0
30.0266
-0
-0
-0
-0
-0
-0
-0
20.9142
-0
-0
-0
-0
-0
27.6994
-0
-0
8.84241
-0
-0
-0
0.366674
-0
-0
-0
21.1535
-0
-0
-0
17.8674
-0
-0
-0
-0
-0
-0
-0
-0
24.8117
-0
-0
-0
80.9007
-0
-0
5.53903
-0
-0
-0
-0
10.7513
-0
-0
-0
-0
-0
-0
-0
-0
-0
-0
-0
-0
40.8279
6.39618
-0
-0
-0
-0
-0
-0
66.3808
-0
-0
-0
-0
-0
-0
-0
-0
30.7112
-0
22.844
-0
-0
-0
-0
-0
-0
-0
-0
-0
53.7022
-0
-0
-0
-0
-0
-0
33.4098
-0
-0
-0
14.0614
-0
-0
65.5733
-0
-0
-0
-0
11.8037
-0
-0
75.0974
-0
-0
11.9976
-0
-0
32.586
8.96017
-0
-0
-0
-0
-0
-0
-0
29.3022
29.5305
-0
-0
21.2003
-0
-0
-0
-0
-0
1.51645
23.0327
28.2185
-0
-0
-0
-0
-0
-0
-0
-0
-0
-0
-0
-0
-0
-0
-0
9.37811
6.49645
13.2155
-0
-0
-0
-0
0.904909
-0
-0
6.11227
-0
-0
-0
-0
35.0497
13.7508
-0
-0
-0
-0
-0
15.8242
33.4305
-0
-0
2.33434
-0
-0
-0
-0
-0
-0
-0
-0
-0
-0
2.33522
69.5718
-0
-0
-0
-0
-0
-0
-0
-0
4.93882
-0
-0
-0
26.7573
-0
-0
28.2484
-0
-0
-0
-0
1.88886
63.2724
-0
-0
-0
11.8708
-0
-0
4.81031
-0
-0
-0
25.029
-0
24.8706
24.1052
-0
-0
-0
-0
-0
-0
-0
24.6068
12.2125
-0
-0
-0
-0
-0
-0
-0
-0
-0
-0
-0
-0
7.61709
-0
-0
-0
27.8566
-0
-0
-0
41.0664
-0
-0
-0
-0
-0
-0
-0
-0
-0
-0
-0
-0
-0
-0
-0
-0
-0
-0
-0
-0
-0
-0
-0
-0
-0
-0
-0
-0
-0
-0
-0
0.711945
-0
-0
-0
-0
10.6721
-0
-0
-0
-0
-0
-0
-0
-0
2.17513
5.70903
-0
-0
-0
-0
-0
-0
-0
-0
-0
-0
-0
-0
-0
8.64869
25.547
5.59843
-0
-0
-0
42.7585
-0
-0
-0
-0
-0
2.90601
-0
19.7242
-0
5.38549
-0
23.3142
-0
-0
0.67613
-0
-0
0.504309
-0
-0
55.9798
-0
-0
-0
-0
-0
-0
-0
20.6158
-0
16.7265
-0
-0
10.2669
-0
-0
-0
-0
-0
-0
-0
-0
11.919
30.7817
-0
-0
-0
-0
-0
-0
-0
-0
24.211
-0
39.8493
-0
-0
-0
-0
-0
-0
-0
-0
-0
-0
-0
15.8953
-0
14.6188
-0
-0
-0
-0
29.7208
-0
-0
-0
-0
1.07229
19.7584
-0
-0
-0
-0
-0
-0
-0
34.387
4.65955
-0
-0
-0
-0
-0
-0
-0
-0
-0
-0
24.6241
44.1074
-0
-0
-0
35.2819
-0
-0
-0
-0
-0
38.2614
-0
-0
-0
-0
-0
2.12402
-0
-0
-0
40.257
-0
-0
-0
-0
-0
23.0824
28.6269
-0
-0
-0
-0
13.202
-0
-0
-0
2.49568
17.2363
-0
-0
-0
-0
-0
17.9064
-0
-0
-0
-0
-0
-0
-0
-0
13.1745
-0
24.5775
-0
-0
-0
-0
-0
36.5628
-0
-0
-0
-0
-0
-0
-0
11.209
-0
49.8319
-0
-0
-0
-0
43.4389
-0
-0
-0
-0
-0
-0
-0
21.2841
-0
-0
6.98463
-0
-0
-0
-0
-0
-0
-0
-0
-0
-0
-0
-0
-0
-0
-0
-0
-0
-0
-0
-0
-0
-0
-0
-0
-0
-0
12.1623
-0
-0
-0
10.8741
-0
-0
-0
-0
-0
-0
6.25036
-0
-0
-0
24.0757
-0
-0
-0
-0
7.26527
-0
-0
-0
-0
-0
-0
-0
-0
53.4592
10.1535
-0
-0
32.8393
-0
3.00011
-0
-0
-0
-0
68.6305
-0
-0
-0
-0
-0
2.58524
-0
62.0783
55.5005
-0
-0
24.3881
-0
-0
-0
43.4775
117.716
-0
-0
13.5925
1.01233
-0
12.9456
52.6581
-0
0.39294
-0
-0
18.3412
-0
12.9583
-0
73.007
-0
-0
-0
-0
-0
-0
-0
-0
-0
-0
-0
-0
31.3983
-0
-0
5.31723
-0
-0
25.169
19.5134
-0
-0
-0
-0
-0
-0
-0
-0
-0
-0
-0
-0
-0
-0
-0
-0
-0
-0
-0
63.5656
-0
-0
-0
6.68424
-0
-0
-0
-0
-0
-0
-0
-0
-0
-0
-0
-0
-0
-0
-0
-0
-0
1.99999
33.2743
-0
-0
25.3066
59.201
59.1629
-0
-0
-0
-0
-0
-0
-0
62.1991
-0
-0
-0
-0
-0
-0
-0
43.6966
-0
1.95581
6.42183
-0
75.0357
-0
-0
-0
-0
-0
-0
-0
-0
-0
-0
-0
-0
-0
-0
12.6333
-0
-0
-0
-0
-0
-0
-0
1.57836
-0
-0
2.12418
-0
-0
-0
-0
-0
-0
-0
-0
-0
-0
-0
-0
-0
-0
-0
-0
-0
-0
-0
-0
-0
-0
-0
3.72633
-0
-0
-0
-0
69.4606
-0
-0
-0
-0
-0
-0
-0
11.7459
-0
-0
-0
-0
-0
-0
-0
-0
30.4979
-0
-0
15.6095
-0
-0
-0
-0
-0
-0
-0
-0
-0
-0
18.9619
-0
-0
-0
-0
-0
26.9001
-0
43.7667
-0
-0
-0
25.2855
-0
-0
0.110684
-0
-0
-0
-0
-0
-0
-0
-0
45.4962
13.326
-0
-0
37.0419
-0
12.4393
-0
-0
-0
-0
-0
61.8015
35.2998
-0
19.576
-0
-0
-0
-0
-0
6.78358
-0
-0
-0
-0
-0
-0
11.0469
7.61686
-0
-0
-0
-0
-0
-0
-0
-0
-0
-0
-0
-0
-0
-0
54.4592
-0
-0
-0
-0
-0
-0
-0
-0
-0
-0
-0
-0
16.3833
-0
-0
-0
31.2147
-0
-0
-0
-0
68.5456
-0
23.0122
-0
-0
-0
27.7888
-0
15.7979
-0
-0
-0
-0
36.3066
-0
-0
-0
-0
-0
-0
-0
-0
-0
16.7327
-0
5.65192
5.52408
-0
-0
-0
-0
-0
-0
-0
-0
-0
-0
-0
-0
6.00245
-0
-0
-0
10.7203
-0
-0
-0
-0
-0
-0
-0
29.157
-0
-0
9.975
7.49593
-0
41.8396
-0
-0
-0
23.513
-0
17.4217
-0
-0
-0
-0
51.0549
28.9101
-0
19.6515
-0
-0
28.7887
-0
-0
-0
-0
-0
-0
-0
58.9488
-0
-0
-0
-0
-0
-0
-0
10.8368
-0
-0
-0
-0
-0
51.5794
-0
-0
-0
-0
10.6109
-0
12.1702
-0
-0
6.52427
-0
-0
49.1415
-0
-0
11.4804
-0
-0
-0
4.33718
-0
-0
13.9524
39.7507
-0
74.1952
-0
-0
-0
-0
-0
-0
-0
-0
-0
-0
-0
-0
-0
-0
-0
-0
-0
-0
1.30323
-0
-0
33.1704
-0
-0
-0
-0
-0
-0
-0
-0
6.99691
-0
-0
-0
-0
-0
-0
-0
62.7221
-0
-0
57.9042
-0
-0
-0
-0
-0
19.2288
-0
-0
-0
-0
-0
-0
-0
16.9309
-0
-0
-0
-0
-0
-0
-0
52.5498
-0
-0
-0
4.18141
-0
-0
-0
-0
-0
-0
-0
-0
32.9349
25.8136
6.19621
-0
-0
-0
-0
-0
-0
-0
-0
-0
-0
-0
-0
-0
-0
-0
-0
-0
-0
-0
-0
-0
-0
-0
-0
-0
-0
-0
-0
43.8608
9.49099
-0
-0
-0
-0
-0
-0
-0
-0
-0
7.83373
-0
-0
6.85129
-0
-0
-0
-0
-0
-0
-0
-0
-0
-0
-0
-0
-0
-0
-0
-0
-0
-0
29.7924
-0
-0
-0
-0
-0
-0
31.0038
2.2705
-0
-0
-0
-0
-0
-0
15.4545
-0
-0
-0
5.89682
-0
21.562
-0
-0
-0
-0
-0
52.0793
-0
-0
-0
-0
-0
-0
-0
-0
-0
44.494
-0
-0
-0
-0
-0
-0
16.795
-0
-0
31.9318
33.2576
-0
-0
-0
-0
-0
-0
-0
-0
-0
105.705
-0
3.12011
-0
89.1075
-0
-0
62.2326
0.660251
-0
-0
-0
-0
-0
-0
-0
5.89958
-0
-0
-0
-0
-0
-0
-0
-0
14.1987
-0
30.178
2.31927
-0
-0
-0
-0
-0
-0
49.5878
-0
-0
-0
-0
10.9594
-0
62.3814
-0
-0
-0
-0
-0
-0
5.54653
6.00978
31.5445
-0
-0
50.8854
-0
-0
-0
-0
12.2755
-0
-0
-0
9.86178
-0
38.1087
27.8198
-0
-0
-0
-0
-0
-0
-0
-0
-0
50.043
-0
-0
-0
28.0971
-0
-0
-0
-0
-0
2.97802
-0
79.7026
-0
19.0316
-0
-0
-0
-0
-0
-0
13.9569
-0
32.0804
52.8069
-0
19.8648
-0
-0
16.6493
-0
-0
-0
0.918708
56.4102
-0
21.5231
-0
42.9342
-0
-0
18.5327
-0
-0
-0
22.4085
-0
-0
-0
-0
-0
-0
29.3555
-0
-0
-0
-0
-0
-0
-0
-0
-0
-0
55.4053
-0
-0
-0
-0
-0
-0
-0
-0
34.3966
-0
-0
-0
47.6433
-0
-0
-0
48.7829
-0
-0
-0
-0
-0
-0
-0
-0
-0
-0
-0
-0
-0
7.20467
1.47046
-0
-0
11.5433
-0
-0
-0
-0
2.62825
-0
18.3976
-0
-0
-0
-0
-0
-0
-0
-0
-0
-0
3.981
-0
-0
-0
-0
-0
-0
45.2481
-0
-0
-0
34.4705
-0
-0
-0
-0
-0
-0
57.6933
-0
14.129
-0
14.2087
-0
-0
-0
-0
-0
-0
21.3746
77.0429
-0
55.902
42.1084
-0
-0
11.5107
-0
-0
-0
-0
-0
-0
17.6524
-0
-0
10.7376
-0
-0
-0
-0
-0
17.5973
-0
3.27503
-0
-0
-0
-0
-0
-0
-0
-0
-0
-0
-0
-0
-0
-0
-0
50.142
81.6394
-0
-0
-0
-0
-0
-0
-0
-0
-0
-0
-0
42.4433
20.8066
12.9263
37.1926
-0
-0
-0
-0
43.9889
-0
-0
-0
-0
27.4592
-0
-0
-0
-0
-0
-0
22.5787
-0
-0
-0
-0
-0
-0
-0
2.08095
19.3333
-0
-0
-0
-0
-0
-0
-0
-0
-0
15.0822
7.34273
-0
-0
-0
10.9452
-0
-0
-0
-0
-0
-0
-0
17.2146
-0
46.2031
-0
42.5142
-0
38.7696
-0
-0
-0
-0
64.1981
-0
-0
0.802479
3.80188
-0
-0
-0
-0
-0
-0
-0
-0
-0
-0
-0
-0
-0
-0
-0
-0
-0
-0
-0
2.54207
-0
30.1553
-0
-0
25.1898
-0
-0
-0
-0
-0
48.8459
-0
-0
-0
-0
-0
-0
2.67659
-0
-0
-0
-0
-0
-0
-0
48.662
-0
16.2231
-0
42.5008
31.08
-0
37.0125
-0
-0
-0
-0
-0
39.3269
-0
-0
-0
-0
-0
-0
-0
3.21958
-0
8.2011
-0
-0
-0
-0
-0
-0
-0
-0
-0
-0
-0
10.5762
-0
-0
-0
-0
-0
-0
27.3647
-0
-0
-0
18.7705
-0
23.5715
-0
-0
-0
-0
-0
-0
-0
-0
-0
-0
-0
-0
-0
-0
-0
-0
-0
1.82341
-0
1.47701
-0
33.6814
-0
0.421
-0
-0
-0
-0
-0
47.1605
-0
-0
42.2999
2.84057
4.14006
-0
-0
-0
-0
-0
-0
-0
4.25729
7.71905
-0
7.44627
2.41275
-0
-0
-0
-0
-0
-0
26.6403
11.2308
-0
-0
15.0077
-0
-0
-0
-0
-0
-0
-0
-0
-0
-0
-0
11.3688
-0
-0
20.0894
26.8718
-0
-0
-0
-0
-0
-0
-0
2.51142
-0
-0
67.9904
4.6224
27.7478
-0
-0
-0
-0
-0
-0
4.58891
10.0519
-0
-0
-0
-0
-0
-0
-0
-0
-0
-0
-0
-0
-0
-0
-0
31.3881
35.7831
14.7824
-0
-0
-0
-0
-0
-0
-0
-0
-0
-0
-0
-0
-0
-0
-0
-0
10.732
-0
-0
15.4976
-0
-0
-0
-0
-0
-0
-0
-0
-0
-0
37.4551
34.6704
-0
25.8981
-0
-0
-0
-0
-0
-0
-0
-0
-0
-0
40.2185
-0
1.69927
-0
-0
-0
-0
-0
-0
7.29068
-0
-0
-0
54.921
-0
-0
-0
-0
-0
22.2898
-0
6.0485
15.0951
-0
17.7928
-0
-0
-0
-0
-0
-0
21.5958
-0
-0
12.7932
-0
-0
8.71574
-0
-0
-0
-0
25.5678
-0
4.54131
35.8335
-0
-0
-0
-0
-0
0.485922
-0
-0
-0
35.6892
-0
-0
-0
-0
-0
-0
-0
-0
-0
-0
-0
-0
-0
53.0516
-0
3.24065
-0
-0
-0
-0
-0
-0
-0
-0
-0
-0
-0
-0
-0
-0
-0
-0
-0
-0
15.01
43.8921
9.18985
-0
17.8271
31.4087
-0
-0
-0
-0
-0
4.54767
-0
1.88676
-0
-0
5.70584
-0
-0
5.01561
-0
-0
-0
82.2688
-0
-0
-0
-0
-0
-0
-0
-0
-0
-0
-0
-0
-0
-0
-0
-0
-0
-0
-0
-0
-0
3.28483
-0
-0
2.61149
-0
-0
-0
-0
-0
16.575
-0
14.6006
37.8907
-0
-0
-0
24.2114
-0
0.912582
39.7967
-0
-0
-0
-0
55.3124
-0
27.0479
-0
-0
12.0569
42.8503
-0
-0
-0
-0
54.7723
-0
17.2541
-0
-0
-0
-0
-0
-0
-0
18.2657
-0
-0
-0
-0
7.92328
-0
-0
11.9979
-0
-0
10.9637
-0
-0
-0
-0
-0
-0
-0
-0
-0
-0
-0
-0
-0
-0
54.7757
-0
-0
-0
17.5536
-0
-0
-0
-0
-0
-0
-0
10.9528
-0
-0
14.9422
-0
-0
34.8491
-0
-0
-0
-0
-0
-0
-0
-0
-0
-0
-0
14.1604
-0
-0
-0
49.1686
0.292646
-0
0.0275672
-0
-0
-0
-0
-0
-0
-0
-0
49.9958
-0
-0
-0
-0
-0
-0
-0
-0
-0
-0
-0
-0
-0
-0
-0
3.86072
-0
-0
-0
-0
-0
-0
19.7883
-0
-0
2.70291
-0
-0
-0
42.3952
-0
55.776
-0
-0
-0
18.58
6.24428
-0
-0
-0
-0
-0
-0
2.49699
-0
-0
-0
-0
-0
4.95342
24.2322
-0
-0
-0
38.1549
-0
-0
-0
-0
-0
-0
-0
-0
-0
-0
-0
20.7224
34.4955
-0
-0
22.9279
-0
30.453
46.9205
-0
-0
-0
-0
-0
-0
-0
-0
30.2507
-0
-0
54.1552
-0
-0
-0
17.3738
-0
-0
40.5059
-0
-0
-0
-0
-0
25.1417
-0
-0
10.8169
-0
-0
0.267015
11.0071
-0
-0
-0
30.4605
50.6892
-0
-0
15.3444
35.7397
-0
25.3908
-0
-0
-0
3.78939
-0
-0
-0
-0
-0
-0
-0
-0
0.680704
3.53598
30.2243
26.9716
-0
36.4731
-0
-0
-0
-0
-0
-0
60.4701
30.1275
-0
-0
-0
-0
-0
-0
-0
5.68821
-0
-0
19.4436
-0
47.8168
0.752486
-0
-0
-0
-0
-0
-0
52.8067
-0
-0
-0
-0
-0
-0
-0
17.1742
-0
-0
5.33932
-0
21.2832
34.6536
-0
80.4594
4.43798
-0
-0
-0
-0
-0
-0
-0
-0
9.36728
-0
-0
-0
-0
-0
-0
0.00867927
-0
-0
-0
-0
-0
-0
-0
-0
-0
-0
-0
7.24367
-0
-0
-0
112.148
43.2655
-0
0.733127
-0
-0
-0
-0
-0
-0
-0
83.3088
-0
-0
48.91
-0
-0
-0
-0
-0
-0
-0
-0
-0
10.0296
-0
20.9833
-0
-0
-0
28.7184
-0
-0
-0
-0
3.27094
-0
5.85895
-0
-0
-0
-0
-0
-0
-0
-0
33.3781
-0
-0
-0
6.36428
-0
-0
-0
5.72736
-0
6.88373
-0
-0
-0
-0
-0
12.8241
-0
-0
-0
27.3339
-0
-0
-0
-0
-0
-0
-0
-0
-0
0.83102
-0
-0
-0
-0
-0
-0
11.8378
-0
-0
52.1524
-0
18.9979
-0
-0
-0
-0
40.4282
-0
-0
-0
-0
-0
43.7244
6.81929
-0
-0
38.7989
6.14288
6.03893
-0
-0
-0
23.7431
8.62284
-0
-0
-0
-0
-0
-0
-0
-0
-0
-0
-0
1.88755
23.8067
-0
-0
0.265716
2.26445
-0
31.7941
-0
-0
-0
-0
-0
-0
-0
-0
-0
-0
-0
-0
-0
-0
-0
17.4953
-0
-0
-0
-0
-0
-0
-0
-0
-0
-0
0.337142
-0
-0
-0
-0
-0
-0
-0
-0
-0
-0
-0
-0
-0
-0
-0
-0
-0
-0
6.71093
-0
7.23448
0.661882
-0
-0
-0
12.7336
-0
-0
6.75698
-0
-0
-0
-0
-0
-0
-0
-0
-0
-0
-0
-0
-0
10.5001
-0
-0
-0
-0
-0
30.0026
-0
-0
-0
-0
0.513524
-0
-0
-0
-0
-0
-0
-0
0.485592
11.8325
-0
-0
32.2108
-0
12.662
-0
-0
-0
-0
-0
-0
-0
0.13082
-0
-0
-0
-0
-0
-0
-0
40.1315
8.11519
41.1496
73.0776
-0
-0
23.1621
-0
-0
-0
-0
-0
-0
-0
-0
-0
-0
-0
21.474
-0
-0
-0
18.9221
-0
-0
-0
-0
10.5495
-0
-0
-0
7.81273
31.1964
23.591
-0
-0
-0
-0
-0
-0
-0
-0
-0
-0
-0
-0
84.2494
-0
-0
73.7304
-0
-0
-0
-0
-0
17.7129
-0
-0
71.6391
-0
-0
-0
-0
-0
6.11593
-0
-0
-0
-0
-0
19.8146
-0
34.6233
-0
-0
-0
-0
18.1995
-0
-0
-0
-0
11.1324
-0
4.84518
-0
-0
-0
-0
-0
-0
-0
-0
-0
-0
-0
-0
-0
-0
-0
-0
-0
-0
38.0831
-0
-0
-0
-0
-0
-0
-0
-0
-0
14.4818
29.6099
6.88934
12.0102
-0
-0
55.5522
-0
9.62795
4.69454
-0
-0
-0
-0
-0
-0
-0
-0
-0
-0
-0
-0
-0
-0
-0
-0
7.89244
13.0234
-0
2.10502
-0
-0
-0
-0
-0
19.4114
-0
43.1029
-0
-0
48.5115
-0
-0
2.68186
-0
-0
-0
5.1901
16.725
-0
9.71809
-0
37.884
-0
-0
-0
-0
-0
5.60035
-0
21.5983
-0
-0
-0
-0
-0
-0
-0
-0
-0
-0
14.2058
-0
-0
-0
-0
-0
-0
-0
-0
-0
-0
-0
-0
-0
3.71019
38.3452
-0
29.496
-0
-0
-0
-0
-0
4.02401
-0
19.9289
-0
-0
-0
81.9599
-0
-0
-0
-0
14.5329
12.4421
-0
-0
-0
7.80252
-0
-0
-0
-0
-0
-0
60.3324
-0
10.2997
-0
-0
-0
-0
3.9454
-0
14.8472
-0
-0
-0
-0
-0
14.7646
-0
-0
11.6495
24.5897
-0
-0
-0
34.3499
-0
-0
6.59197
-0
-0
-0
19.3349
1.65819
-0
69.2161
-0
-0
-0
-0
-0
-0
33.7654
-0
-0
-0
-0
-0
-0
1.81313
-0
18.3298
54.9126
18.1955
-0
-0
-0
-0
-0
2.88668
-0
-0
-0
-0
-0
-0
-0
-0
79.967
-0
0.179737
-0
-0
-0
-0
46.8465
-0
-0
-0
-0
-0
-0
-0
11.5093
-0
-0
-0
-0
-0
47.572
-0
8.59616
-0
-0
16.657
-0
-0
-0
-0
-0
-0
-0
-0
17.0731
-0
-0
-0
-0
-0
15.3356
-0
-0
-0
-0
40.8491
2.65365
-0
73.2759
-0
-0
-0
20.5779
-0
-0
24.8143
-0
-0
-0
-0
-0
-0
-0
-0
-0
-0
-0
6.58639
-0
-0
-0
-0
23.4163
-0
19.917
-0
-0
-0
-0
4.26271
-0
26.3359
20.6953
-0
-0
-0
-0
-0
-0
-0
3.99004
-0
-0
-0
-0
-0
13.0264
72.7974
-0
28.46
76.9188
18.3923
-0
-0
4.27139
6.80985
-0
-0
-0
-0
8.89396
-0
-0
-0
-0
18.6535
-0
-0
-0
-0
-0
-0
-0
6.37799
-0
72.567
-0
-0
-0
-0
-0
4.5488
-0
-0
-0
-0
-0
-0
-0
31.6398
-0
-0
18.6462
-0
-0
-0
4.01836
-0
-0
-0
-0
-0
-0
9.41852
29.8216
22.345
44.279
-0
-0
-0
-0
9.83002
-0
-0
-0
3.59303
-0
-0
38.649
-0
-0
-0
19.0565
32.9072
-0
-0
-0
-0
-0
-0
-0
-0
15.971
2.35368
-0
-0
-0
-0
-0
-0
-0
-0
-0
-0
-0
-0
-0
24.8951
-0
-0
-0
-0
-0
8.32404
-0
47.199
-0
-0
-0
-0
29.2352
-0
37.7287
-0
-0
-0
-0
-0
15.9661
8.65361
-0
-0
-0
-0
24.4179
-0
-0
-0
-0
-0
-0
-0
-0
-0
-0
-0
31.7939
-0
-0
-0
-0
-0
-0
-0
7.96657
-0
-0
-0
-0
-0
-0
-0
48.9952
-0
-0
-0
-0
13.7098
-0
-0
-0
-0
-0
-0
11.1065
-0
-0
-0
-0
16.585
-0
31.3739
-0
-0
-0
-0
0.101537
13.7512
-0
-0
-0
-0
14.5338
-0
46.0627
-0
-0
-0
53.6823
-0
-0
-0
-0
-0
-0
-0
1.40669
-0
-0
35.9294
-0
-0
-0
40.0912
-0
-0
-0
-0
65.917
-0
-0
-0
12.5753
-0
-0
13.7611
-0
-0
-0
-0
-0
-0
6.15452
-0
0.56657
-0
12.284
-0
-0
-0
-0
30.3616
-0
-0
-0
-0
-0
16.6611
32.7397
28.3766
-0
-0
-0
-0
-0
-0
-0
29.3823
-0
-0
-0
-0
12.8197
13.1897
28.4084
-0
-0
-0
8.14652
-0
-0
-0
-0
-0
-0
-0
21.7956
-0
-0
16.8385
53.4518
-0
-0
-0
-0
-0
37.5766
-0
0.414035
-0
-0
-0
19.9814
-0
-0
-0
-0
-0
-0
-0
45.4173
-0
42.5971
4.75021
21.6384
9.02459
-0
13.3802
29.0943
-0
17.8335
-0
-0
-0
20.9233
-0
-0
62.7931
-0
-0
-0
-0
27.4714
-0
-0
-0
-0
-0
-0
-0
-0
-0
13.5517
-0
-0
-0
-0
-0
-0
78.7907
-0
-0
-0
-0
-0
-0
-0
-0
-0
-0
-0
-0
-0
25.3552
15.9172
41.0522
2.8251
-0
-0
-0
32.1799
-0
-0
-0
33.0846
-0
-0
-0
-0
-0
-0
17.4249
-0
-0
-0
19.0298
-0
-0
25.8123
-0
-0
-0
-0
-0
-0
2.22016
-0
6.15854
-0
-0
-0
-0
-0
-0
-0
18.0538
-0
-0
-0
-0
96.9977
-0
-0
-0
44.8377
-0
-0
13.2857
25.6169
-0
-0
51.2726
-0
18.8345
-0
-0
-0
-0
-0
81.2917
-0
20.3291
6.18028
19.7237
-0
51.0516
17.2128
-0
-0
-0
-0
-0
-0
-0
5.87517
-0
-0
-0
-0
-0
-0
-0
23.3418
19.8579
-0
-0
-0
34.4535
-0
0.848058
-0
-0
-0
-0
-0
-0
-0
-0
-0
-0
-0
-0
-0
-0
-0
-0
17.9918
55.7507
-0
-0
-0
-0
-0
-0
-0
-0
-0
5.74665
8.0105
-0
-0
-0
-0
-0
60.1967
-0
-0
-0
-0
-0
11.5453
-0
-0
