0.599893
-0
-0
-0
-0
-0
-0
2.41552
16.9438
-0
29.0484
-0
-0
-0
-0
22.5504
-0
2.23534
-0
-0
-0
-0
-0
-0
12.3625
7.36418
-0
20.9881
-0
-0
-0
-0
-0
-0
2.99341
-0
-0
-0
-0
-0
-0
-0
-0
33.4134
-0
25.7712
-0
8.90081
-0
8.20023
-0
-0
0.0834892
-0
-0
-0
30.4302
-0
28.3303
-0
-0
-0
23.2822
-0
8.70982
-0
-0
-0
-0
1.02998
-0
-0
39.7
-0
-0
-0
10.6656
-0
-0
-0
-0
27.1206
17.5203
-0
-0
-0
-0
-0
-0
-0
18.14
-0
-0
-0
-0
-0
0.0287272
-0
5.10437
-0
-0
-0
-0
36.2092
-0
-0
-0
-0
-0
-0
-0
-0
-0
-0
-0
-0
7.21136
-0
26.2892
-0
27.2051
-0
15.1838
-0
-0
-0
-0
4.30055
-0
-0
-0
5.01228
26.4948
-0
-0
-0
-0
-0
-0
19.4889
-0
-0
1.77627
-0
-0
-0
-0
-0
-0
-0
0.886823
-0
-0
-0
-0
-0
45.8403
-0
-0
1.95521
15.7854
-0
-0
4.06584
-0
-0
-0
30.5351
-0
44.7101
-0
19.0171
-0
-0
1.60356
-0
-0
-0
0.601486
-0
17.7603
-0
-0
-0
-0
2.49068
-0
-0
44.7875
-0
-0
25.0184
17.8576
-0
-0
-0
-0
-0
22.5112
-0
-0
18.6931
-0
-0
-0
-0
22.0299
4.85993
-0
-0
-0
-0
28.5972
-0
-0
-0
16.4557
-0
-0
-0
5.23469
-0
-0
-0
-0
-0
-0
-0
-0
-0
-0
1.52704
-0
-0
-0
-0
-0
-0
-0
-0
-0
-0
-0
-0
-0
-0
21.7675
-0
-0
-0
-0
2.2787
-0
-0
-0
-0
24.7392
16.2503
-0
-0
-0
-0
-0
-0
-0
-0
-0
-0
-0
-0
-0
20.305
14.4364
35.0131
-0
-0
-0
-0
-0
-0
-0
5.78398
-0
8.74339
-0
-0
-0
33.2918
-0
-0
-0
-0
30.4847
-0
29.8177
-0
20.6238
-0
-0
53.0633
-0
16.9575
1.28738
-0
19.0328
24.574
-0
-0
13.4561
-0
20.3979
-0
-0
-0
-0
0.781029
-0
-0
-0
0.298774
-0
-0
-0
11.076
9.90254
-0
5.42237
-0
-0
23.0787
-0
-0
14.9929
-0
-0
-0
-0
5.29448
-0
15.4118
12.6653
4.26562
-0
-0
11.6346
-0
-0
26.3824
-0
-0
7.24409
-0
12.8534
-0
32.0824
-0
-0
-0
-0
-0
-0
-0
-0
37.4096
24.0577
2.13665
-0
-0
2.36864
-0
-0
14.8725
0.0847339
8.7164
-0
-0
-0
-0
5.7675
-0
-0
-0
-0
-0
-0
28.6494
-0
-0
-0
-0
-0
-0
-0
-0
-0
-0
-0
7.78292
-0
2.03385
11.5523
-0
-0
-0
9.87195
10.7095
-0
2.74828
-0
-0
-0
-0
-0
-0
-0
20.8477
-0
1.96397
-0
-0
-0
-0
-0
-0
-0
-0
-0
1.87562
8.88574
38.6647
-0
-0
-0
-0
26.9147
-0
12.9816
-0
-0
9.24683
-0
-0
-0
-0
-0
-0
-0
-0
-0
-0
23.1726
21.4878
-0
-0
12.1664
-0
13.8957
26.2219
-0
-0
-0
-0
2.69099
-0
18.3556
-0
-0
-0
-0
-0
-0
-0
-0
-0
-0
3.76856
4.57817
-0
-0
-0
-0
-0
-0
20.9951
-0
-0
-0
-0
-0
33.1511
11.9792
-0
16.0427
-0
-0
45.8631
-0
-0
-0
26.1555
-0
-0
-0
-0
-0
-0
-0
16.1208
-0
23.8359
-0
-0
18.3077
-0
-0
10.0311
-0
-0
-0
-0
-0
31.4041
17.8532
-0
-0
-0
18.2971
33.2665
-0
-0
-0
-0
3.40135
-0
3.95356
1.25059
11.5454
-0
-0
-0
-0
-0
-0
-0
-0
9.68637
7.60857
-0
-0
-0
7.53502
16.7992
-0
-0
52.4481
57.0908
-0
-0
24.898
-0
-0
-0
19.0758
-0
0.343073
-0
-0
-0
-0
15.9578
-0
14.2722
-0
27.1449
-0
2.89354
-0
-0
25.6018
-0
9.27472
-0
-0
-0
8.61706
38.092
-0
-0
6.59501
19.4061
-0
-0
5.81958
-0
-0
3.86832
-0
-0
2.53734
-0
25.2796
-0
-0
-0
-0
-0
-0
-0
-0
23.434
-0
-0
26.7665
-0
-0
-0
16.1233
-0
-0
-0
-0
-0
-0
5.21203
-0
-0
-0
-0
4.92237
-0
-0
-0
-0
-0
-0
-0
-0
-0
39.4144
-0
-0
-0
-0
-0
-0
-0
-0
-0
20.8053
7.11584
-0
-0
-0
1.9175
-0
19.7226
-0
-0
-0
-0
-0
12.3286
-0
37.9057
-0
25.0694
-0
-0
-0
-0
12.1663
-0
-0
-0
-0
-0
-0
-0
0.638705
-0
-0
-0
21.8951
10.6165
-0
7.48868
-0
-0
5.19788
-0
-0
-0
16.5498
2.2937
-0
2.86566
-0
-0
-0
-0
47.9125
-0
-0
5.45412
-0
-0
-0
-0
-0
-0
-0
15.3033
-0
-0
-0
-0
13.9921
-0
-0
7.06327
8.65022
-0
-0
4.07423
31.2058
-0
-0
-0
-0
-0
33.7978
-0
-0
0.639557
-0
-0
-0
0.144164
-0
-0
-0
3.30004
-0
-0
-0
22.3853
-0
-0
-0
-0
-0
-0
-0
-0
28.9609
6.26982
5.01188
4.12124
56.4692
-0
0.312869
-0
-0
-0
11.901
7.98159
28.849
-0
5.77301
0.734289
-0
-0
-0
-0
-0
-0
-0
-0
-0
12.9579
-0
-0
-0
-0
-0
-0
8.32612
32.1684
-0
49.2465
-0
-0
-0
-0
30.7628
-0
10.2941
-0
-0
-0
-0
-0
22.4058
-0
-0
13.0741
-0
-0
21.7557
-0
-0
-0
-0
-0
-0
31.5316
-0
-0
-0
41.5371
-0
-0
42.133
-0
-0
-0
-0
5.85088
1.12244
-0
26.6485
-0
-0
8.91813
-0
-0
8.94927
34.0603
-0
6.08542
-0
-0
-0
-0
28.4513
29.4501
31.5978
-0
-0
37.7576
-0
-0
19.3393
-0
-0
-0
25.0836
9.50694
-0
-0
-0
7.68147
-0
3.49391
7.73376
-0
-0
-0
-0
-0
-0
-0
-0
5.86497
-0
16.3575
-0
-0
-0
-0
5.2112
11.1433
-0
-0
-0
4.04975
17.5579
0.0217001
20.6234
-0
-0
-0
-0
-0
-0
-0
-0
-0
-0
0.542053
2.71465
-0
-0
-0
40.0869
-0
-0
-0
-0
-0
28.3995
28.9552
-0
-0
-0
-0
-0
3.24355
12.1531
9.59466
10.8016
-0
-0
-0
15.383
-0
-0
30.2162
-0
-0
-0
-0
12.9921
0.574243
-0
4.83437
-0
-0
-0
-0
-0
-0
-0
-0
0.215812
-0
14.3399
46.2318
-0
-0
-0
-0
-0
-0
47.3246
3.87031
7.16783
0.262353
-0
-0
-0
-0
-0
6.49121
-0
-0
-0
-0
-0
7.31101
-0
-0
-0
32.7149
-0
-0
1.61135
1.03268
11.7014
-0
-0
-0
-0
-0
19.6942
-0
-0
-0
-0
-0
-0
17.1569
-0
-0
-0
-0
-0
-0
-0
-0
-0
11.3299
-0
-0
-0
-0
-0
-0
-0
25.0353
-0
-0
-0
-0
-0
-0
-0
-0
-0
-0
-0
-0
-0
-0
11.3422
10.7352
-0
-0
-0
-0
-0
-0
-0
-0
2.06345
-0
-0
-0
2.88234
13.3143
25.9107
-0
-0
-0
-0
5.09567
-0
23.3121
-0
-0
8.66088
-0
15.2709
12.9554
8.30534
-0
25.7483
-0
-0
5.05894
-0
-0
-0
-0
-0
12.6926
-0
7.01539
-0
-0
-0
-0
-0
23.0087
13.3872
-0
-0
-0
-0
-0
-0
-0
-0
-0
-0
-0
-0
20.306
-0
-0
10.4211
-0
-0
-0
11.6743
6.76169
-0
16.9001
-0
31.6797
7.83106
-0
10.8967
6.5711
-0
-0
2.71002
-0
-0
-0
-0
15.5424
-0
28.2508
-0
-0
-0
-0
46.6948
-0
-0
-0
-0
5.92831
22.4952
-0
-0
-0
-0
-0
-0
-0
27.2195
7.63382
-0
-0
-0
-0
-0
4.43601
-0
-0
-0
-0
15.0349
26.5601
-0
-0
-0
22.2885
-0
-0
-0
-0
-0
40.9378
-0
-0
13.6962
-0
-0
-0
-0
-0
6.28639
6.309
-0
-0
-0
-0
-0
7.77777
19.5066
4.72984
-0
-0
12.6957
14.9255
4.16766
-0
-0
3.33172
5.86205
10.4863
-0
-0
-0
-0
1.79589
-0
-0
-0
-0
-0
-0
-0
-0
-0
-0
15.8403
-0
-0
-0
-0
-0
-0
-0
22.6935
-0
0.637217
-0
-0
-0
17.0846
-0
46.8949
-0
-0
-0
-0
10.0593
-0
-0
-0
-0
8.57693
-0
4.6603
20.3155
-0
-0
-0
9.2652
-0
5.70237
-0
-0
-0
-0
-0
11.3557
-0
-0
6.6832
-0
-0
21.0704
23.2379
-0
8.83888
-0
-0
5.90207
10.8934
-0
-0
-0
-0
-0
-0
-0
19.2896
-0
-0
-0
-0
-0
-0
-0
5.84027
-0
-0
-0
13.7211
-0
-0
-0
-0
21.6946
-0
-0
-0
14.1877
-0
-0
-0
-0
26.8127
8.31201
-0
-0
14.7199
-0
-0
-0
-0
-0
-0
44.3665
-0
49.1645
-0
-0
-0
0.109901
-0
42.8547
20.3465
-0
6.96776
4.59069
-0
-0
-0
15.1277
43.5538
-0
15.6821
22.4573
22.0464
-0
27.6251
36.3596
-0
13.852
-0
-0
-0
-0
4.84671
-0
55.4584
10.8777
-0
-0
21.6987
-0
-0
-0
6.58138
24.0198
-0
6.72554
-0
27.6766
-0
4.19063
27.1575
-0
8.97447
36.6289
3.20528
19.8013
6.76707
-0
-0
-0
-0
-0
14.2508
-0
21.0435
2.14891
-0
-0
-0
-0
-0
-0
-0
-0
-0
-0
-0
-0
12.1797
-0
-0
-0
-0
-0
-0
-0
-0
-0
-0
-0
-0
-0
-0
-0
-0
16.0984
5.93058
-0
2.69832
-0
1.05685
12.8333
35.9444
-0
-0
-0
-0
-0
-0
12.7686
-0
-0
-0
-0
11.2222
-0
-0
2.89996
18.4639
-0
-0
-0
-0
43.4054
-0
-0
-0
-0
-0
-0
16.7534
-0
-0
-0
21.1831
-0
-0
-0
-0
-0
0.979507
-0
-0
15.784
-0
-0
18.4472
-0
-0
2.6093
-0
-0
-0
-0
-0
16.0545
-0
-0
-0
5.37832
-0
-0
-0
-0
-0
-0
-0
-0
-0
-0
-0
-0
-0
12.1064
-0
-0
-0
-0
48.5934
-0
-0
-0
-0
-0
-0
-0
22.6083
-0
-0
-0
-0
-0
-0
-0
-0
9.16969
-0
2.90416
-0
-0
-0
15.8973
-0
-0
-0
-0
7.9899
-0
-0
25.3164
0.378774
-0
-0
1.4184
-0
26.5874
-0
38.9908
-0
-0
-0
9.47424
-0
-0
-0
-0
-0
0.0463827
-0
-0
-0
-0
-0
2.18691
24.3551
-0
16.6252
11.3203
-0
1.13888
-0
-0
5.12108
-0
-0
8.47695
27.6423
-0
31.2551
30.5527
-0
-0
-0
-0
30.6434
-0
-0
-0
-0
-0
-0
10.7702
13.6202
-0
-0
-0
-0
-0
-0
-0
-0
-0
-0
-0
-0
-0
20.7254
-0
-0
-0
-0
-0
-0
-0
-0
-0
6.00592
-0
-0
-0
-0
-0
-0
-0
58.7436
0.369997
-0
-0
-0
20.6016
-0
37.3173
-0
-0
-0
-0
-0
12.2023
-0
-0
-0
-0
46.9806
-0
-0
-0
-0
6.97057
-0
-0
3.26831
-0
29.1897
-0
5.86873
13.1722
-0
-0
-0
-0
-0
-0
-0
-0
23.6254
-0
2.61503
-0
16.5576
10.7033
-0
-0
-0
-0
3.47924
16.0313
-0
8.78895
-0
-0
19.6357
-0
-0
2.52169
28.6272
-0
35.2515
-0
-0
-0
9.35635
-0
-0
-0
-0
-0
-0
7.83065
7.3099
-0
-0
12.0317
-0
5.28894
-0
-0
-0
-0
-0
17.5286
-0
21.4867
-0
1.56065
-0
-0
0.745767
-0
-0
1.64114
-0
0.269924
-0
-0
-0
38.2972
-0
-0
3.92426
6.78102
18.6589
-0
14.7377
-0
-0
8.94026
-0
7.79559
19.684
-0
14.0473
29.1303
-0
-0
-0
-0
-0
-0
3.68283
-0
-0
67.1521
-0
-0
1.85253
2.4067
-0
-0
9.70418
-0
-0
-0
-0
-0
-0
-0
-0
-0
17.5528
-0
12.7891
-0
-0
5.10683
-0
-0
-0
-0
-0
-0
-0
5.87209
-0
-0
-0
-0
-0
-0
-0
-0
48.3342
-0
1.56471
37.8849
-0
-0
-0
-0
-0
7.26792
16.0685
-0
5.78143
-0
-0
2.1938
-0
9.5374
-0
-0
33.8414
-0
-0
-0
-0
39.1525
-0
-0
-0
-0
-0
-0
-0
-0
-0
9.71038
-0
9.13054
-0
17.9445
-0
-0
-0
-0
1.33953
-0
-0
-0
-0
-0
-0
-0
-0
-0
-0
-0
-0
-0
-0
-0
4.51222
-0
-0
3.7954
-0
-0
-0
-0
-0
37.5839
-0
-0
-0
-0
-0
-0
-0
-0
12.6586
-0
-0
-0
-0
32.3134
-0
-0
19.0727
-0
15.5783
-0
-0
-0
-0
-0
-0
-0
-0
-0
-0
-0
21.9056
-0
18.5026
3.69732
-0
-0
-0
-0
-0
-0
1.30246
-0
-0
-0
-0
33.2365
5.3981
15.0425
-0
-0
-0
26.8656
-0
31.8143
-0
-0
-0
-0
-0
55.7479
-0
0.75398
-0
-0
-0
-0
-0
-0
-0
-0
-0
-0
-0
-0
-0
-0
-0
-0
-0
26.0368
21.9571
-0
-0
-0
-0
-0
-0
-0
-0
-0
29.3902
-0
8.49187
-0
39.4502
1.68167
-0
29.809
9.58287
-0
-0
7.23424
-0
-0
-0
-0
3.06591
-0
-0
-0
-0
-0
-0
-0
-0
7.39116
-0
-0
-0
-0
-0
-0
8.58537
-0
-0
30.0199
6.61543
-0
-0
-0
-0
-0
31.2678
-0
-0
-0
-0
6.57765
-0
9.15317
-0
10.0698
-0
-0
9.46523
-0
11.3824
-0
-0
25.9601
10.1422
-0
9.44912
-0
-0
32.5002
2.74316
1.01106
8.91329
7.04961
-0
-0
-0
-0
-0
-0
20.2173
-0
-0
-0
-0
1.74584
-0
-0
-0
-0
1.86652
-0
57.7108
-0
26.7616
-0
-0
0.0127744
-0
-0
-0
-0
36.4148
20.389
34.2817
-0
17.9216
-0
-0
-0
-0
6.21583
7.9161
-0
14.1395
-0
5.52299
21.4121
26.3899
-0
-0
1.54476
-0
-0
-0
14.4907
-0
-0
-0
-0
-0
-0
3.65962
-0
-0
-0
-0
-0
-0
-0
-0
-0
-0
45.2137
-0
-0
-0
-0
-0
-0
-0
17.9542
26.5074
-0
-0
-0
13.9531
-0
-0
-0
15.941
-0
1.17046
-0
-0
-0
-0
-0
-0
9.78625
-0
-0
-0
-0
-0
1.3777
-0
-0
14.9395
-0
-0
-0
-0
5.38605
-0
22.4397
6.28685
0.153275
-0
-0
-0
-0
8.0128
-0
-0
7.13971
13.3787
-0
-0
2.35445
0.958931
2.36327
-0
-0
13.764
-0
-0
32.7554
-0
-0
12.4451
7.83194
-0
6.8495
16.4203
2.76349
46.5597
-0
7.21688
12.7622
-0
-0
-0
4.21638
-0
10.1738
41.9678
-0
71.9772
11.5346
-0
15.4015
-0
-0
-0
-0
-0
-0
-0
15.2467
-0
-0
-0
-0
-0
-0
-0
-0
-0
-0
-0
-0
-0
-0
-0
-0
-0
11.1025
-0
-0
11.0199
-0
-0
0.188421
10.7914
-0
33.6746
42.6603
0.516254
-0
-0
-0
-0
-0
-0
-0
-0
7.12338
22.0768
58.2282
76.2201
-0
29.3893
5.08373
-0
-0
-0
10.0072
-0
-0
-0
-0
12.4357
-0
-0
-0
-0
-0
-0
19.0507
-0
-0
-0
-0
-0
-0
-0
39.6275
10.9978
-0
-0
-0
-0
-0
-0
-0
3.94177
37.5441
-0
12.2052
-0
-0
7.27191
24.7449
-0
-0
-0
-0
-0
-0
-0
2.14828
-0
-0
-0
34.9773
-0
53.5436
-0
-0
-0
-0
30.663
7.2524
-0
-0
-0
-0
-0
-0
9.34044
-0
-0
-0
-0
-0
-0
-0
-0
-0
5.51017
-0
-0
-0
-0
-0
-0
-0
11.1493
1.26787
-0
20.3329
-0
-0
0.0593778
-0
-0
33.5759
-0
-0
3.5155
-0
-0
-0
2.95557
8.09164
-0
-0
-0
-0
-0
-0
6.01401
-0
-0
-0
29.5596
32.7235
6.30053
-0
-0
-0
20.3993
-0
-0
17.8167
-0
-0
-0
-0
2.29285
-0
-0
-0
4.60234
24.1281
-0
-0
20.6386
-0
-0
-0
-0
-0
-0
-0
-0
4.48296
-0
-0
-0
-0
-0
38.3516
22.6164
-0
-0
-0
36.4184
-0
24.7012
6.27225
-0
-0
-0
-0
-0
-0
-0
-0
-0
-0
-0
-0
-0
-0
-0
3.26169
-0
-0
5.18953
-0
10.4923
-0
2.33224
-0
-0
-0
-0
-0
34.0469
16.8992
-0
18.8955
1.43049
40.5759
-0
11.109
-0
-0
-0
-0
-0
14.9882
37.9817
-0
-0
-0
22.225
20.667
1.48116
-0
-0
-0
25.2336
23.2061
-0
-0
9.54277
0.509735
-0
-0
3.76848
-0
-0
-0
-0
-0
12.8438
-0
10.6554
-0
-0
6.97787
32.8697
-0
-0
-0
-0
11.5137
4.46414
-0
16.7108
10.3772
-0
43.0805
0.118039
-0
-0
-0
-0
-0
-0
27.0468
-0
16.153
-0
-0
-0
-0
14.6753
-0
-0
-0
-0
-0
7.74968
-0
-0
-0
-0
43.813
42.7136
12.4555
-0
-0
-0
-0
-0
-0
-0
-0
-0
-0
-0
-0
-0
-0
-0
-0
4.6512
-0
-0
6.3002
-0
-0
-0
-0
-0
-0
-0
-0
9.27371
-0
19.4492
9.53925
-0
33.7644
-0
-0
-0
-0
-0
-0
-0
20.6172
-0
-0
-0
-0
4.67387
-0
-0
-0
-0
-0
15.8035
0.707121
-0
-0
-0
10.8709
27.6293
-0
-0
-0
-0
3.07983
-0
-0
14.1897
-0
2.59799
1.2945
-0
-0
-0
-0
-0
-0
-0
6.78125
18.2325
3.03169
-0
1.2032
-0
20.7142
-0
-0
24.0031
-0
13.3793
-0
-0
-0
-0
-0
-0
-0
-0
-0
-0
-0
-0
-0
-0
-0
-0
-0
-0
-0
-0
-0
12.6868
-0
-0
43.3388
-0
-0
-0
5.46703
-0
-0
-0
-0
-0
-0
-0
-0
-0
-0
-0
-0
-0
-0
-0
-0
26.7072
19.3043
-0
-0
-0
14.0013
-0
-0
-0
8.18104
-0
1.65806
-0
0.145168
-0
-0
4.55964
-0
-0
-0
-0
-0
-0
22.0995
-0
19.3999
-0
-0
-0
-0
-0
-0
-0
-0
-0
-0
-0
-0
-0
-0
-0
-0
-0
3.0026
-0
13.6253
-0
-0
5.12638
-0
2.0226
10.4968
25.1472
-0
-0
-0
29.9598
33.7028
-0
-0
-0
24.2122
-0
-0
1.01732
-0
-0
-0
-0
13.4886
-0
43.4922
-0
-0
-0
51.02
-0
-0
-0
-0
27.8854
-0
30.8301
-0
6.47573
-0
-0
-0
-0
-0
7.03177
-0
-0
-0
-0
12.8103
-0
-0
24.7348
-0
-0
10.5261
10.5109
-0
-0
-0
-0
-0
-0
-0
-0
-0
-0
-0
1.80271
-0
25.6828
25.2877
-0
-0
18.2885
-0
-0
-0
-0
-0
-0
-0
17.8598
20.5155
-0
-0
-0
-0
17.317
-0
-0
-0
-0
-0
-0
-0
-0
-0
-0
-0
15.3453
-0
1.22702
-0
27.8985
6.54061
-0
-0
-0
-0
-0
-0
-0
-0
-0
-0
33.3817
-0
3.11571
1.10889
-0
1.57927
-0
47.4316
-0
-0
-0
3.84456
-0
-0
-0
-0
-0
7.75534
-0
-0
-0
-0
-0
34.6832
-0
-0
30.4192
-0
-0
-0
5.79
-0
19.3536
-0
-0
9.68826
19.7776
-0
-0
-0
-0
-0
-0
18.9409
-0
-0
-0
-0
-0
-0
11.3602
38.5078
-0
-0
-0
7.85394
-0
-0
-0
-0
-0
-0
-0
-0
-0
-0
-0
25.7171
40.72
-0
-0
27.3408
-0
10.0977
28.0522
-0
-0
4.60466
-0
21.5672
-0
-0
-0
-0
-0
-0
28.9342
-0
-0
-0
-0
-0
-0
21.6179
-0
-0
-0
-0
-0
20.9945
-0
6.2055
2.34544
-0
-0
0.19291
0.00663936
-0
-0
-0
9.37591
33.1313
-0
-0
37.4941
21.8833
-0
9.0108
18.9037
2.93442
-0
8.89895
-0
-0
-0
-0
-0
-0
-0
-0
-0
-0
12.0052
26.1744
-0
9.82171
-0
-0
1.27947
-0
-0
-0
17.4745
14.079
-0
-0
-0
3.36712
-0
-0
-0
-0
-0
-0
1.06665
-0
27.449
1.05343
-0
-0
6.07307
-0
22.8264
-0
-0
18.1252
-0
-0
-0
-0
-0
-0
10.1164
-0
-0
58.6301
-0
10.7
18.8707
-0
9.83051
11.0409
-0
-0
-0
-0
-0
-0
-0
13.4843
1.92167
-0
-0
1.17774
-0
-0
-0
-0
-0
-0
-0
-0
-0
-0
-0
-0
-0
-0
-0
19.7947
12.0115
17.747
-0
44.1196
47.7902
-0
5.49742
-0
-0
-0
-0
-0
1.01823
-0
11.7257
-0
-0
6.86995
-0
-0
27.7378
-0
-0
-0
-0
-0
-0
-0
-0
-0
-0
-0
-0
10.2527
-0
-0
-0
-0
1.30488
-0
16.2426
-0
-0
-0
-0
12.119
-0
-0
1.64992
-0
-0
-0
-0
12.0464
-0
-0
1.55018
11.5146
-0
-0
0.134208
-0
-0
-0
-0
-0
-0
-0
-0
11.7397
-0
-0
-0
8.20047
-0
-0
-0
-0
-0
8.90499
-0
-0
-0
-0
-0
-0
14.5099
-0
-0
-0
9.19905
6.68055
-0
-0
-0
-0
-0
-0
-0
-0
-0
15.9493
43.4996
8.97911
-0
-0
15.4652
9.10321
-0
-0
-0
30.2132
42.1295
33.5049
5.69701
-0
-0
-0
-0
-0
-0
-0
-0
-0
-0
12.3335
10.0301
4.5681
-0
-0
-0
8.26916
-0
-0
-0
-0
-0
-0
-0
-0
-0
-0
-0
1.72484
-0
-0
-0
18.1357
-0
-0
-0
-0
-0
-0
-0
21.1422
-0
-0
-0
20.8837
-0
8.43629
-0
11.1815
-0
-0
-0
-0
-0
-0
-0
-0
-0
-0
-0
-0
8.91186
-0
15.3752
-0
8.28166
25.4578
-0
-0
-0
-0
14.8231
-0
2.54618
-0
-0
-0
-0
-0
25.1213
-0
-0
-0
-0
39.2158
-0
5.44378
4.1711
-0
-0
6.99298
-0
-0
10.4605
-0
-0
-0
-0
-0
14.209
-0
29.9979
-0
-0
-0
25.6762
-0
14.1479
5.95585
-0
-0
-0
4.5722
-0
-0
-0
-0
-0
-0
-0
-0
-0
-0
-0
-0
11.7112
-0
-0
46.2218
4.28022
31.926
31.0935
-0
-0
14.3979
-0
-0
-0
-0
-0
-0
-0
-0
-0
-0
-0
-0
-0
-0
-0
18.8854
-0
-0
-0
-0
-0
-0
-0
-0
-0
14.3097
1.49391
-0
-0
-0
-0
-0
-0
-0
-0
-0
-0
-0
-0
51.1438
16.544
-0
35.1432
24.0529
10.0867
-0
2.67912
-0
18.7371
-0
-0
36.4144
-0
-0
-0
19.7992
-0
-0
1.86832
-0
-0
-0
-0
-0
-0
8.4136
-0
33.7656
-0
17.2702
-0
-0
-0
-0
-0
11.8836
-0
-0
9.50477
-0
-0
-0
-0
-0
-0
-0
-0
-0
-0
-0
-0
-0
-0
-0
-0
-0
-0
-0
-0
-0
-0
-0
-0
-0
-0
-0
5.15908
8.04288
4.02214
17.122
-0
-0
26.0545
-0
-0
-0
1.45704
-0
-0
-0
-0
-0
1.4285
-0
34.1232
-0
-0
-0
-0
-0
-0
-0
16.4599
7.35176
-0
-0
-0
8.96331
-0
14.0599
-0
-0
-0
33.554
-0
3.11064
19.4087
15.0971
-0
20.4295
-0
3.8212
-0
40.0938
0.32254
-0
-0
-0
27.8922
-0
-0
-0
-0
-0
36.8857
-0
12.1259
-0
-0
-0
-0
-0
-0
-0
-0
-0
-0
0.547438
4.55712
1.64
-0
13.9438
-0
-0
-0
8.99513
1.50955
-0
-0
-0
-0
-0
5.85809
-0
-0
-0
-0
-0
-0
-0
12.8689
-0
16.3569
-0
-0
-0
32.4913
-0
-0
4.00477
-0
-0
11.8895
-0
5.84768
-0
21.77
0.18859
-0
-0
-0
-0
-0
30.8112
-0
7.09087
-0
-0
-0
-0
5.01165
10.6426
9.82765
-0
8.22471
-0
-0
-0
16.2829
-0
-0
-0
58.3566
-0
-0
-0
0.406931
-0
26.0004
3.37553
-0
-0
-0
-0
7.84429
-0
25.7495
-0
-0
-0
17.3508
-0
3.62278
23.2447
-0
-0
-0
-0
-0
-0
-0
0.0444397
-0
37.9525
-0
-0
-0
-0
-0
-0
-0
4.62022
-0
-0
-0
-0
-0
-0
-0
26.9855
-0
0.0100998
-0
-0
-0
-0
20.7849
-0
-0
-0
-0
-0
2.68474
-0
2.16417
-0
-0
-0
-0
-0
45.8869
-0
11.676
-0
-0
27.7339
-0
-0
-0
-0
-0
-0
-0
4.75774
16.1444
-0
-0
-0
-0
-0
23.9558
-0
-0
-0
-0
12.8206
-0
-0
-0
-0
-0
-0
-0
3.56954
-0
14.8342
-0
2.53825
-0
-0
-0
28.0214
-0
-0
-0
-0
6.71747
32.739
5.90388
2.76605
-0
-0
21.6291
-0
2.76816
-0
5.98724
-0
-0
27.4852
-0
26.4283
-0
2.23535
-0
-0
-0
-0
-0
-0
3.11833
-0
-0
-0
-0
-0
19.2183
44.4092
-0
17.2916
56.2413
24.3642
-0
-0
-0
-0
-0
-0
-0
-0
-0
-0
-0
-0
-0
-0
-0
-0
-0
10.2032
-0
-0
-0
-0
-0
32.2091
17.3864
-0
2.24856
-0
2.94818
-0
-0
-0
-0
-0
-0
-0
-0
16.9502
-0
-0
16.4542
-0
-0
-0
31.5592
-0
-0
-0
-0
27.2868
-0
18.0533
14.6693
-0
36.6125
23.614
-0
-0
3.39544
7.21374
-0
-0
-0
-0
-0
-0
10.6318
3.99563
-0
10.6591
27.5153
30.6365
-0
-0
-0
-0
-0
-0
-0
-0
19.4212
18.5457
-0
-0
-0
-0
-0
-0
-0
-0
-0
-0
-0
-0
18.3611
-0
-0
-0
-0
-0
-0
2.75797
-0
37.8611
-0
17.8408
-0
-0
49.1875
16.0909
-0
-0
-0
-0
-0
-0
-0
42.6857
-0
-0
-0
-0
-0
-0
-0
-0
-0
-0
-0
9.48544
-0
-0
-0
-0
36.8923
3.59926
-0
-0
-0
-0
-0
-0
30.0463
-0
10.6884
-0
-0
35.5835
-0
-0
-0
-0
-0
2.11857
-0
13.1599
-0
-0
-0
-0
13.7188
-0
24.9456
-0
-0
3.778
-0
6.76555
-0
-0
-0
-0
-0
-0
25.9371
7.27752
-0
-0
11.2668
2.41653
28.6563
-0
19.8955
-0
0.657335
-0
-0
-0
-0
26.3961
-0
-0
-0
-0
-0
-0
-0
6.98511
-0
-0
-0
18.8998
-0
-0
-0
-0
20.274
-0
-0
-0
-0
-0
-0
-0
-0
20.9172
13.4243
-0
-0
-0
12.0616
-0
-0
-0
12.5429
-0
3.43542
-0
-0
38.1927
-0
-0
-0
-0
-0
22.4351
42.0783
5.76297
-0
-0
-0
-0
-0
-0
-0
62.1468
-0
-0
-0
-0
28.1925
23.6894
4.0257
-0
-0
-0
7.69333
-0
-0
-0
4.15513
3.11014
-0
-0
-0
-0
-0
29.4633
8.8775
-0
-0
-0
-0
-0
10.6758
-0
12.8136
-0
-0
-0
10.3672
-0
-0
-0
-0
-0
-0
-0
-0
-0
27.1734
3.65498
20.1336
-0
-0
15.4266
-0
-0
32.6175
8.13404
-0
-0
-0
-0
-0
25.6038
-0
-0
-0
-0
35.2758
-0
-0
-0
-0
9.7963
-0
-0
-0
1.83014
10.8508
-0
-0
-0
-0
-0
-0
40.2559
-0
-0
-0
-0
-0
-0
-0
-0
21.4475
-0
-0
-0
-0
19.8805
38.965
50.6145
8.20835
-0
-0
12.8106
6.03208
-0
-0
-0
4.01281
-0
-0
2.46911
15.31
-0
17.3712
15.0533
-0
-0
-0
-0
-0
-0
-0
-0
-0
-0
-0
-0
-0
11.8072
-0
17.8037
-0
-0
-0
1.87988
2.10428
-0
-0
49.8109
-0
18.8332
-0
-0
32.0517
-0
9.84505
-0
14.8893
-0
-0
27.893
15.2066
-0
-0
31.2091
-0
33.7398
-0
-0
-0
7.27943
3.10526
24.8835
-0
3.18734
4.5885
23.6064
-0
27.0394
2.0107
-0
-0
-0
-0
-0
-0
-0
4.77737
-0
26.0471
-0
-0
-0
2.75219
-0
11.1778
9.89422
-0
-0
-0
-0
-0
1.53305
-0
-0
-0
-0
-0
-0
-0
0.997566
-0
-0
-0
-0
-0
-0
4.41208
-0
-0
18.9545
-0
-0
-0
-0
-0
-0
-0
32.5367
-0
51.1897
29.3188
-0
25.2712
-0
-0
-0
36.3026
-0
-0
-0
-0
-0
34.8206
-0
-0
