2.86838
-0
-0
-0
-0
1.6158
-0
-0
-0
21.7299
3.51589
-0
-0
-0
-0
20.9957
-0
-0
-0
-0
-0
-0
-0
-0
25.3986
-0
30.4259
-0
-0
-0
-0
-0
-0
-0
1.172
-0
-0
-0
-0
-0
31.887
-0
-0
30.797
-0
-0
-0
5.9521
-0
-0
-0
-0
-0
-0
-0
-0
18.666
3.69066
36.0013
76.093
-0
-0
-0
-0
-0
-0
-0
-0
-0
3.81004
-0
-0
-0
-0
-0
1.77598
12.6871
-0
-0
-0
-0
112.73
-0
32.1563
10.9741
-0
-0
-0
-0
-0
98.0054
-0
-0
-0
-0
-0
6.58881
-0
-0
-0
-0
-0
-0
4.14094
-0
-0
-0
-0
-0
-0
-0
-0
-0
-0
-0
-0
-0
-0
41.623
-0
43.743
-0
-0
-0
-0
-0
-0
-0
-0
9.32503
19.037
47.1413
-0
-0
-0
-0
-0
78.2235
-0
-0
-0
-0
13.2065
-0
-0
-0
-0
-0
-0
-0
-0
-0
-0
74.5713
5.30514
-0
27.857
-0
-0
5.82699
4.04815
-0
-0
-0
47.586
-0
-0
-0
-0
81.0987
-0
-0
-0
-0
-0
-0
-0
-0
-0
15.9331
-0
-0
-0
-0
-0
9.76962
-0
-0
66.7259
-0
71.8635
58.3375
-0
4.72308
-0
-0
-0
-0
46.878
-0
-0
-0
28.2093
-0
-0
-0
88.1694
-0
48.9577
-0
-0
-0
109.113
-0
-0
-0
36.3941
-0
-0
-0
-0
-0
-0
-0
-0
-0
-0
-0
-0
26.3171
-0
-0
-0
-0
-0
-0
-0
-0
-0
-0
-0
-0
-0
-0
-0
-0
-0
-0
-0
-0
-0
-0
-0
31.9098
-0
22.8155
-0
-0
-0
-0
12.9519
-0
-0
-0
-0
-0
-0
-0
-0
-0
-0
34.363
-0
39.0582
-0
-0
-0
-0
-0
-0
34.0397
-0
-0
19.5712
-0
-0
-0
-0
-0
-0
2.30318
-0
4.26287
-0
32.458
-0
-0
-0
-0
100.034
-0
-0
-0
-0
20.19
39.941
24.3649
-0
1.57051
-0
1.40365
-0
-0
-0
-0
2.18271
-0
-0
-0
-0
-0
-0
-0
46.1982
-0
-0
-0
-0
-0
11.8082
-0
-0
-0
-0
-0
-0
-0
-0
-0
-0
-0
-0
-0
-0
-0
-0
-0
-0
-0
-0
-0
-0
-0
-0
19.4906
-0
-0
-0
-0
-0
-0
-0
-0
24.7709
20.3887
4.92467
-0
-0
-0
-0
-0
10.3849
0.566085
6.93907
-0
-0
-0
5.53542
-0
-0
-0
-0
13.4245
-0
-0
29.5766
-0
-0
-0
-0
-0
-0
-0
-0
-0
-0
-0
4.66228
-0
-0
-0
-0
-0
-0
-0
-0
-0
-0
-0
-0
-0
-0
-0
-0
-0
-0
-0
-0
-0
-0
22.9462
-0
-0
-0
-0
39.3916
-0
-0
-0
-0
-0
-0
-0
-0
0.176141
-0
-0
-0
-0
-0
-0
-0
-0
-0
-0
-0
-0
-0
-0
-0
10.8916
40.919
-0
-0
13.9208
38.8918
-0
-0
-0
-0
-0
-0
-0
-0
26.3187
-0
-0
-0
-0
-0
-0
-0
-0
-0
-0
-0
25.8475
-0
-0
-0
-0
-0
-0
-0
-0
-0
-0
-0
-0
58.339
9.89025
-0
-0
-0
-0
86.7665
76.7039
-0
-0
74.4096
-0
-0
88.1594
-0
-0
-0
-0
-0
-0
0.182909
-0
-0
1.34469
0.573542
-0
-0
-0
-0
11.8757
-0
65.4997
-0
-0
2.90749
-0
-0
4.09236
-0
-0
-0
-0
-0
-0
-0
42.6608
-0
15.4357
-0
-0
-0
-0
-0
-0
-0
-0
1.52849
-0
-0
-0
-0
-0
-0
-0
-0
130.426
41.9568
-0
-0
20.9534
-0
-0
-0
-0
-0
-0
-0
-0
-0
-0
-0
-0
-0
-0
-0
-0
-0
-0
-0
5.02131
-0
-0
-0
-0
-0
-0
19.8302
-0
-0
-0
35.1528
-0
-0
1.68128
-0
-0
-0
-0
16.0479
75.1996
-0
3.99171
-0
-0
-0
-0
-0
-0
52.8505
-0
-0
-0
-0
17.7865
-0
-0
-0
42.7976
-0
-0
-0
-0
-0
-0
22.4613
-0
-0
-0
-0
-0
-0
-0
-0
-0
-0
-0
-0
-0
-0
-0
-0
-0
-0
-0
-0
-0
-0
-0
66.3034
-0
5.02414
-0
-0
-0
-0
-0
20.661
6.41109
-0
-0
-0
-0
30.8987
-0
66.7545
-0
-0
-0
-0
-0
-0
-0
-0
-0
-0
-0
-0
-0
-0
2.2733
-0
-0
-0
-0
-0
-0
66.3435
-0
-0
23.2556
-0
-0
-0
5.83154
-0
-0
-0
-0
-0
-0
63.9114
-0
-0
-0
33.4977
26.3175
-0
-0
-0
-0
-0
-0
28.7795
-0
-0
-0
-0
8.79197
-0
-0
-0
-0
-0
-0
-0
22.5585
-0
-0
-0
-0
-0
25.7098
-0
-0
32.9777
-0
-0
-0
0.949185
-0
-0
-0
-0
-0
-0
-0
29.9578
-0
-0
-0
-0
5.25121
-0
-0
-0
64.5817
-0
-0
-0
26.1555
-0
-0
-0
-0
-0
-0
1.4414
-0
-0
-0
-0
-0
-0
-0
-0
-0
-0
-0
-0
-0
59.6443
-0
-0
-0
-0
-0
-0
44.0245
122.862
-0
-0
-0
-0
-0
-0
33.3809
-0
-0
-0
55.8068
-0
29.5715
-0
-0
-0
-0
-0
-0
-0
37.2504
-0
-0
-0
-0
-0
-0
48.9546
-0
-0
-0
71.0504
-0
-0
42.8492
-0
4.43812
-0
-0
16.0377
-0
-0
64.6949
-0
5.97997
-0
-0
-0
42.0938
28.0368
-0
-0
-0
-0
-0
-0
-0
27.7114
18.2657
-0
-0
10.2484
-0
-0
-0
-0
-0
20.839
31.1624
-0
-0
-0
-0
-0
-0
-0
27.6773
-0
8.23524
-0
-0
-0
-0
-0
-0
56.4338
49.4999
64.4474
-0
-0
-0
-0
0.362508
-0
-0
-0
-0
-0
-0
-0
-0
51.5896
-0
-0
-0
-0
-0
-0
42.8465
-0
-0
-0
-0
-0
-0
-0
-0
7.57405
7.60031
-0
-0
-0
-0
46.429
-0
-0
-0
-0
-0
-0
-0
-0
-0
-0
-0
-0
30.9622
-0
-0
18.1115
-0
-0
-0
-0
-0
24.9027
-0
-0
-0
-0
-0
-0
32.9305
-0
-0
23.5947
-0
-0
-0
-0
-0
-0
-0
-0
-0
-0
-0
95.3862
56.3759
0.52915
-0
-0
-0
-0
-0
-0
19.0561
-0
-0
-0
-0
36.8829
-0
-0
-0
46.5884
-0
-0
5.89062
73.5492
-0
-0
-0
-0
-0
-0
-0
-0
-0
-0
-0
-0
-0
-0
-0
-0
-0
0.227522
-0
-0
5.52203
-0
-0
-0
24.774
-0
-0
-0
-0
31.9313
-0
-0
-0
-0
-0
-0
-0
-0
-0
-0
-0
-0
-0
-0
-0
-0
-0
-0
-0
-0
-0
-0
-0
-0
-0
-0
-0
-0
-0
-0
18.5489
44.6461
-0
-0
-0
-0
35.157
-0
4.05754
-0
-0
-0
-0
-0
31.3677
-0
45.5251
-0
-0
-0
-0
-0
-0
-0
-0
-0
-0
87.502
-0
-0
-0
-0
-0
-0
-0
25.2732
-0
36.8031
-0
-0
53.5198
-0
-0
-0
-0
-0
-0
-0
-0
42.1909
74.0155
-0
0.376136
-0
-0
-0
-0
-0
-0
16.0781
-0
40.9599
-0
-0
-0
-0
-0
-0
6.98747
-0
-0
-0
-0
-0
-0
22.0259
-0
-0
-0
8.97699
64.7331
20.4471
-0
-0
-0
-0
4.73485
-0
-0
-0
-0
52.8171
-0
-0
34.3044
5.76819
-0
-0
-0
-0
-0
-0
-0
-0
-0
-0
8.44873
-0
-0
-0
-0
-0
-0
-0
-0
-0
-0
28.2515
-0
-0
15.9183
-0
-0
-0
-0
-0
-0
53.4575
-0
-0
-0
-0
-0
-0
1.9162
-0
-0
-0
-0
-0
9.67674
-0
-0
61.4653
68.6849
-0
-0
-0
-0
-0
46.2404
-0
-0
-0
-0
-0
-0
-0
-0
-0
-0
76.159
-0
-0
-0
-0
-0
20.4538
-0
-0
-0
-0
-0
-0
-0
-0
-0
-0
-0
-0
-0
-0
-0
-0
-0
-0
-0
-0
-0
-0
44.7321
-0
-0
31.2183
-0
-0
-0
-0
32.1009
-0
-0
-0
-0
-0
-0
6.34342
-0
-0
-0
-0
-0
-0
-0
-0
-0
-0
-0
20.1709
-0
-0
-0
-0
10.0609
-0
-0
-0
-0
-0
-0
-0
-0
37.9671
5.37418
-0
-0
5.66362
-0
-0
-0
-0
16.3238
-0
-0
-0
-0
-0
-0
-0
-0
40.0202
-0
-0
-0
24.2041
16.9588
3.41498
-0
4.2346
88.5592
-0
82.5101
-0
-0
-0
-0
-0
-0
5.79653
26.7211
21.343
-0
5.37986
-0
0.339651
-0
-0
-0
81.4395
9.29576
-0
20.8237
-0
-0
-0
32.6102
-0
-0
-0
15.8398
-0
-0
-0
-0
27.6598
-0
-0
-0
-0
-0
-0
-0
-0
-0
-0
-0
-0
-0
-0
-0
2.46269
-0
-0
-0
-0
-0
4.54929
-0
-0
-0
-0
-0
-0
-0
-0
-0
-0
-0
-0
-0
-0
32.7824
8.31246
-0
58.6995
-0
-0
-0
-0
-0
-0
-0
-0
-0
-0
-0
-0
41.3203
-0
-0
-0
-0
-0
-0
-0
-0
-0
31.726
-0
-0
31.3573
-0
33.1135
-0
6.17344
-0
-0
-0
-0
52.8273
86.196
-0
-0
-0
-0
-0
-0
-0
33.7017
-0
-0
-0
-0
34.9296
-0
-0
-0
-0
-0
-0
37.3285
-0
-0
-0
-0
9.99922
-0
-0
28.0931
-0
-0
-0
-0
-0
-0
-0
-0
-0
-0
-0
-0
41.5432
-0
-0
-0
8.91318
-0
18.0428
-0
-0
-0
-0
-0
-0
17.8216
-0
-0
-0
-0
-0
-0
-0
10.5698
-0
-0
-0
-0
-0
120.625
-0
-0
-0
-0
-0
-0
-0
-0
-0
-0
-0
-0
-0
-0
18.622
-0
9.72489
10.707
28.9745
11.8719
-0
-0
12.2495
-0
-0
-0
-0
-0
14.5385
-0
38.0849
-0
-0
-0
-0
-0
-0
-0
37.4048
-0
0.188537
-0
-0
-0
-0
0.0066238
-0
-0
-0
-0
-0
-0
-0
-0
43.3561
20.9529
-0
-0
18.4636
-0
35.0118
-0
-0
-0
-0
-0
77.442
19.9877
-0
8.84578
37.7521
-0
-0
-0
-0
-0
-0
-0
-0
-0
-0
-0
-0
-0
-0
-0
-0
-0
-0
-0
-0
-0
-0
-0
-0
-0
-0
-0
58.0725
-0
-0
-0
-0
-0
-0
-0
-0
4.35199
-0
-0
-0
12.2217
-0
-0
-0
-0
-0
-0
-0
-0
110.875
-0
26.9461
-0
-0
-0
-0
-0
24.3484
-0
-0
-0
-0
-0
-0
-0
-0
-0
-0
-0
-0
-0
-0
-0
-0
5.52435
29.8746
-0
-0
-0
-0
-0
-0
-0
-0
19.6135
-0
-0
-0
-0
-0
-0
-0
-0
-0
-0
-0
-0
-0
-0
-0
31.3769
-0
-0
-0
-0
-0
-0
-0
-0
-0
19.1127
-0
-0
-0
-0
-0
-0
73.6189
-0
-0
43.2682
-0
-0
7.02474
-0
-0
3.03214
-0
-0
-0
-0
24.3801
-0
-0
0.669122
-0
-0
-0
-0
39.2313
-0
-0
42.5074
-0
-0
50.4994
-0
-0
-0
-0
6.64041
-0
-0
-0
-0
-0
-0
-0
59.2322
-0
-0
-0
-0
-0
-0
2.81734
-0
-0
2.2779
78.262
-0
45.2568
-0
-0
-0
-0
-0
-0
-0
-0
-0
-0
-0
-0
-0
-0
-0
-0
-0
-0
-0
-0
-0
-0
-0
-0
-0
-0
-0
-0
-0
-0
-0
-0
-0
-0
-0
-0
-0
-0
94.9213
27.5856
-0
64.1641
-0
-0
-0
-0
-0
8.46728
-0
-0
-0
-0
-0
-0
-0
17.9181
-0
-0
-0
-0
-0
-0
-0
21.5282
-0
-0
-0
-0
-0
-0
-0
-0
-0
15.2731
-0
-0
39.1243
23.4855
-0
-0
-0
-0
-0
-0
-0
-0
-0
20.3856
-0
5.63878
-0
-0
-0
-0
-0
-0
-0
-0
-0
-0
-0
10.1901
-0
-0
-0
-0
-0
24.9232
-0
-0
51.072
-0
-0
-0
-0
-0
-0
-0
-0
-0
-0
-0
-0
-0
-0
-0
-0
-0
-0
-0
-0
-0
-0
-0
-0
-0
-0
-0
-0
-0
3.54853
6.8723
-0
-0
-0
-0
-0
-0
2.98795
-0
-0
-0
-0
10.493
-0
20.0942
11.7048
-0
-0
-0
-0
-0
-0
-0
-0
-0
-0
101.663
-0
-0
-0
-0
-0
-0
-0
-0
4.65807
72.1574
-0
-0
10.0827
-0
-0
-0
-0
-0
-0
8.13558
-0
-0
-0
-0
-0
-0
-0
-0
-0
-0
101.975
-0
17.0168
-0
121.377
-0
-0
39.8231
29.921
-0
-0
-0
-0
-0
42.366
-0
2.99821
-0
-0
-0
-0
-0
-0
-0
-0
14.3099
-0
68.7321
-0
-0
-0
-0
-0
-0
-0
37.0456
-0
-0
-0
-0
-0
-0
49.6355
-0
-0
-0
-0
-0
-0
1.10317
4.34874
21.4586
-0
1.58588
42.6506
-0
-0
-0
-0
-0
-0
-0
-0
8.82358
-0
55.1724
-0
-0
-0
-0
-0
-0
-0
-0
-0
34.9924
-0
-0
-0
-0
0.102853
52.9215
-0
-0
-0
-0
4.32923
-0
98.8138
-0
-0
-0
-0
-0
15.2094
-0
-0
18.9193
-0
37.1058
-0
-0
7.89234
-0
-0
54.0632
-0
-0
-0
8.24517
77.706
-0
15.5884
-0
48.0027
-0
-0
-0
-0
2.84237
-0
28.8651
-0
-0
-0
7.29094
-0
-0
74.2409
-0
-0
-0
-0
-0
-0
-0
-0
11.3949
-0
25.9831
-0
-0
22.8041
-0
-0
-0
-0
-0
-0
-0
-0
-0
61.1169
9.6339
-0
-0
44.6523
-0
-0
-0
-0
-0
-0
-0
-0
-0
-0
-0
-0
-0
-0
0.587766
-0
-0
72.9286
-0
3.90319
-0
-0
-0
-0
-0
-0
-0
-0
-0
-0
-0
-0
-0
-0
-0
-0
-0
-0
-0
65.3555
43.9595
-0
40.8362
-0
-0
-0
75.3167
-0
-0
-0
8.82905
-0
-0
1.91587
-0
-0
23.5732
43.2025
14.6419
-0
-0
-0
-0
-0
63.648
92.2605
-0
47.781
72.5796
-0
4.39895
30.7921
-0
-0
-0
-0
-0
-0
-0
-0
-0
-0
-0
-0
-0
-0
-0
73.344
-0
-0
-0
-0
-0
-0
-0
-0
60.5013
-0
-0
-0
-0
-0
-0
-0
-0
29.4402
84.2322
-0
-0
-0
-0
-0
-0
-0
-0
-0
-0
-0
53.0943
-0
-0
27.9533
-0
-0
-0
-0
45.1942
-0
-0
-0
-0
49.9008
-0
-0
-0
-0
-0
-0
72.8442
-0
-0
-0
-0
-0
-0
-0
-0
-0
-0
-0
-0
-0
-0
-0
-0
-0
-0
-0
-0
-0
-0
-0
-0
-0
-0
-0
-0
-0
-0
-0
-0
-0
56.9778
-0
31.7476
-0
10.4697
-0
-0
-0
-0
81.1946
15.6641
-0
9.1462
7.4999
-0
-0
-0
-0
-0
-0
-0
-0
-0
-0
-0
-0
-0
-0
-0
-0
-0
-0
-0
-0
-0
-0
-0
-0
13.2835
-0
-0
-0
-0
-0
55.0907
-0
-0
-0
-0
-0
-0
7.09893
-0
-0
-0
-0
-0
-0
-0
8.5689
-0
10.9028
-0
-0
3.36888
-0
55.625
-0
-0
-0
-0
-0
28.5111
-0
-0
-0
-0
-0
-0
-0
79.0123
-0
-0
-0
-0
4.68222
-0
-0
-0
-0
-0
-0
-0
-0
-0
-0
-0
-0
-0
-0
-0
11.3159
-0
-0
-0
-0
-0
-0
-0
-0
-0
-0
-0
-0
-0
-0
-0
-0
-0
-0
-0
-0
-0
-0
60.6749
-0
-0
38.7274
-0
4.14231
-0
1.67023
-0
-0
-0
-0
0.80514
5.37156
-0
-0
-0
1.87376
10.4352
-0
-0
-0
-0
-0
-0
21.1815
-0
30.1617
23.6564
-0
-0
-0
-0
-0
-0
-0
-0
13.3229
-0
-0
-0
1.28157
-0
-0
-0
-0
-0
-0
-0
-0
-0
-0
-0
-0
-0
-0
-0
-0
-0
-0
-0
-0
-0
-0
-0
-0
19.7488
30.5745
38.4836
-0
87.649
-0
-0
-0
-0
-0
-0
31.1015
-0
-0
-0
-0
-0
-0
-0
-0
-0
-0
-0
-0
-0
-0
-0
-0
7.5538
41.4378
10.5676
-0
28.07
-0
-0
-0
-0
-0
-0
8.34557
-0
-0
-0
-0
-0
-0
-0
14.0041
-0
-0
14.0545
-0
-0
-0
-0
-0
-0
-0
-0
-0
-0
-0
43.5155
-0
86.2545
-0
-0
-0
-0
-0
-0
-0
-0
23.157
-0
34.9014
-0
30.4236
-0
-0
-0
-0
-0
-0
14.9164
-0
-0
-0
75.7921
-0
-0
2.37617
-0
-0
-0
-0
-0
48.3724
-0
-0
-0
-0
-0
-0
-0
-0
28.3705
-0
0.842969
19.7516
-0
-0
-0
-0
-0
-0
-0
74.2707
-0
-0
44.7795
-0
-0
-0
-0
-0
37.6846
-0
-0
-0
85.372
-0
-0
-0
-0
-0
-0
-0
-0
-0
-0
40.5852
-0
-0
18.1505
-0
8.52581
-0
-0
-0
-0
-0
-0
-0
-0
-0
-0
-0
-0
-0
-0
-0
-0
-0
-0
-0
32.2828
33.6867
-0
-0
33.045
-0
-0
-0
-0
-0
7.78216
-0
21.3552
-0
-0
4.18042
-0
-0
-0
-0
-0
-0
101.127
-0
-0
-0
-0
-0
-0
-0
-0
-0
-0
-0
-0
-0
-0
-0
-0
-0
-0
-0
-0
-0
-0
-0
-0
2.5511
-0
-0
-0
-0
-0
3.63021
-0
44.256
40.6412
-0
-0
-0
36.1479
-0
22.9254
42.9747
-0
-0
21.7991
-0
32.6019
-0
-0
-0
-0
2.34837
40.558
-0
-0
-0
-0
39.3536
-0
-0
-0
-0
-0
-0
-0
-0
-0
0.142449
-0
-0
-0
-0
-0
-0
-0
2.6447
-0
-0
-0
21.1131
-0
-0
-0
-0
-0
-0
-0
-0
-0
-0
-0
-0
-0
24.7275
-0
-0
14.405
24.2085
-0
-0
-0
-0
-0
-0
-0
11.3516
-0
-0
36.4993
-0
28.7451
27.5681
-0
-0
-0
-0
-0
-0
-0
-0
-0
-0
-0
8.84904
-0
-0
-0
37.1048
21.729
-0
-0
-0
-0
-0
45.5533
-0
-0
-0
-0
45.5828
-0
-0
28.8485
-0
-0
-0
18.8996
-0
-0
-0
14.4715
-0
-0
-0
-0
-0
-0
-0
-0
-0
-0
-0
26.4277
-0
-0
-0
-0
-0
-0
-0
-0
3.23582
-0
-0
-0
-0
-0
-0
-0
-0
-0
-0
-0
9.96371
-0
-0
-0
-0
-0
44.7408
32.432
-0
-0
-0
-0
-0
-0
-0
-0
-0
-0
-0
-0
-0
-0
-0
5.6215
53.8952
-0
-0
-0
-0
3.58723
39.9944
-0
-0
-0
2.07764
19.6841
-0
-0
-0
15.3961
-0
-0
26.6257
-0
-0
-0
-0
11.5576
28.2501
38.6099
-0
-0
-0
-0
14.4251
62.9185
-0
-0
56.895
4.36496
-0
-0
-0
-0
-0
-0
-0
28.198
-0
-0
-0
-0
-0
14.6755
-0
-0
-0
28.3516
-0
-0
-0
-0
-0
-0
-0
-0
-0
-0
16.4987
-0
-0
7.94958
-0
-0
-0
-0
-0
-0
47.2165
47.0597
-0
-0
-0
-0
4.17825
-0
-0
-0
-0
-0
13.7615
-0
16.8387
31.6298
-0
-0
-0
-0
4.11461
-0
43.9281
-0
-0
-0
-0
-0
-0
-0
7.23479
-0
-0
74.0416
-0
62.1685
3.44237
-0
116.959
-0
-0
-0
-0
-0
-0
-0
-0
-0
18.6354
-0
-0
-0
-0
-0
-0
21.8213
-0
-0
-0
13.6959
-0
-0
-0
-0
-0
-0
-0
-0
-0
-0
1.86265
104.908
29.5225
-0
-0
-0
-0
-0
-0
-0
-0
-0
69.1623
-0
-0
39.418
-0
-0
27.9287
-0
-0
-0
-0
-0
-0
-0
7.80403
11.0596
-0
-0
-0
40.124
-0
-0
-0
-0
1.93697
-0
-0
-0
-0
-0
-0
-0
-0
-0
-0
13.148
-0
-0
-0
38.6572
8.69703
-0
-0
-0
-0
-0
-0
-0
-0
-0
-0
-0
-0
-0
-0
28.3226
10.3349
-0
-0
-0
-0
-0
-0
-0
-0
47.8026
-0
-0
-0
-0
3.43408
-0
-0
-0
-0
-0
20.6934
-0
-0
-0
-0
-0
2.32808
-0
-0
-0
-0
-0
38.9958
12.111
-0
11.664
99.0329
11.6631
-0
-0
-0
-0
10.6744
-0
-0
-0
-0
-0
-0
-0
-0
-0
-0
-0
-0
-0
30.4209
1.24079
19.8488
7.82759
7.00394
-0
-0
-0
-0
21.0864
-0
-0
0.391425
-0
-0
-0
-0
-0
-0
-0
-0
-0
27.0875
-0
-0
-0
-0
-0
-0
-0
-0
-0
-0
-0
13.6995
-0
-0
28.7322
-0
21.128
-0
-0
-0
-0
-0
-0
-0
-0
-0
-0
-0
-0
-0
-0
82.8093
-0
-0
-0
-0
-0
-0
-0
3.14979
-0
4.08463
-0
56.4336
31.4066
-0
-0
-0
-0
-0
-0
-0
-0
7.34789
-0
-0
-0
-0
-0
5.28883
-0
-0
-0
-0
21.8491
-0
-0
-0
-0
-0
-0
-0
-0
-0
-0
-0
89.43
-0
-0
-0
-0
-0
-0
-0
-0
-0
39.1815
-0
-0
-0
-0
32.9276
-0
-0
0.447194
-0
68.2515
85.1676
-0
-0
23.7855
-0
-0
-0
-0
-0
2.40034
-0
-0
-0
-0
-0
-0
-0
-0
-0
-0
-0
-0
-0
-0
37.2123
-0
-0
-0
-0
35.905
-0
3.5764
-0
-0
-0
-0
5.67371
-0
-0
-0
-0
-0
-0
74.2941
-0
-0
71.5404
-0
-0
-0
-0
-0
25.0839
-0
-0
-0
-0
-0
-0
-0
34.8552
-0
-0
-0
-0
-0
-0
100.39
-0
21.488
-0
-0
-0
-0
-0
-0
-0
-0
-0
1.54942
-0
-0
10.0877
-0
-0
-0
-0
-0
-0
-0
-0
-0
-0
-0
-0
-0
-0
-0
-0
-0
35.9616
-0
13.2832
-0
-0
-0
-0
-0
-0
-0
17.8017
3.33724
7.33102
2.06826
-0
-0
19.6196
-0
0.952185
-0
-0
-0
-0
-0
-0
-0
-0
-0
-0
-0
20.4591
-0
-0
-0
-0
-0
-0
-0
-0
-0
-0
-0
-0
-0
-0
24.6684
-0
-0
-0
-0
53.8075
-0
-0
51.9544
-0
-0
-0
36.2822
16.6995
-0
13.2973
-0
1.56988
-0
-0
-0
-0
-0
-0
-0
42.082
49.0222
-0
-0
-0
-0
-0
-0
-0
-0
-0
18.7548
-0
-0
-0
12.1847
-0
-0
-0
-0
-0
-0
-0
-0
-0
18.6402
-0
-0
36.091
-0
-0
-0
-0
-0
-0
-0
42.0422
-0
-0
-0
82.7695
-0
-0
-0
-0
-0
7.66358
-0
-0
-0
-0
-0
-0
-0
-0
-0
-0
102.745
-0
-0
-0
-0
-0
-0
-0
-0
83.1961
-0
-0
-0
-0
-0
-0
-0
-0
41.704
9.31446
-0
-0
-0
13.6591
-0
-0
5.74276
-0
-0
-0
-0
-0
-0
-0
-0
8.69687
-0
-0
-0
-0
14.1625
-0
-0
-0
-0
-0
-0
60.2224
-0
-0
-0
30.9908
-0
-0
-0
-0
-0
-0
-0
-0
-0
-0
-0
-0
-0
27.5214
92.2972
-0
-0
-0
-0
-0
-0
-0
-0
-0
-0
-0
-0
-0
-0
22.5361
-0
-0
-0
-0
-0
53.3457
-0
17.3888
-0
-0
27.4885
-0
-0
-0
-0
-0
-0
-0
-0
-0
-0
-0
-0
-0
-0
-0
-0
-0
-0
-0
-0
-0
-0
70.6329
-0
-0
-0
51.0194
-0
-0
36.7517
-0
-0
-0
48.3633
-0
-0
-0
-0
-0
6.23145
-0
-0
-0
-0
-0
-0
-0
-0
23.9881
-0
-0
-0
-0
-0
-0
40.6871
-0
-0
-0
-0
-0
-0
-0
-0
-0
-0
-0
-0
-0
-0
0.978548
21.2195
-0
-0
57.9615
24.475
-0
-0
26.1239
-0
-0
-0
-0
-0
112.665
-0
-0
-0
-0
-0
-0
-0
-0
-0
2.28395
-0
-0
-0
-0
68.8365
-0
-0
-0
-0
-0
-0
-0
-0
-0
-0
6.37036
-0
-0
32.1988
-0
-0
40.904
-0
-0
-0
-0
-0
-0
-0
-0
-0
-0
56.108
-0
8.37599
29.5928
-0
-0
-0
-0
16.9369
-0
-0
-0
-0
-0
-0
44.5668
-0
-0
-0
-0
42.2129
-0
-0
-0
-0
-0
-0
-0
-0
-0
40.8835
-0
-0
-0
-0
-0
-0
18.5146
-0
-0
13.523
-0
-0
-0
30.2817
-0
-0
-0
-0
-0
-0
-0
55.3531
-0
51.1094
-0
-0
11.7734
19.0626
73.9821
-0
-0
-0
-0
-0
10.8745
-0
-0
-0
-0
-0
24.4984
-0
-0
-0
-0
-0
-0
1.00306
-0
-0
-0
-0
27.3985
-0
-0
-0
-0
-0
-0
-0
-0
-0
15.15
-0
-0
-0
-0
-0
44.8988
-0
-0
-0
-0
-0
-0
9.15978
-0
-0
-0
-0
-0
-0
-0
-0
-0
44.9437
-0
64.6159
-0
-0
-0
-0
-0
86.9018
-0
-0
7.65667
-0
15.3794
-0
66.7137
-0
-0
-0
71.8101
-0
-0
-0
-0
-0
17.3688
-0
-0
-0
-0
6.93978
-0
-0
-0
3.85077
-0
-0
-0
-0
36.096
-0
-0
-0
-0
-0
-0
-0
-0
1.73107
-0
-0
-0
-0
-0
-0
28.5892
18.611
-0
-0
-0
-0
-0
6.68674
-0
-0
-0
-0
-0
40.5842
-0
2.24368
-0
-0
-0
-0
-0
-0
-0
-0
-0
-0
-0
-0
42.9581
8.86258
69.4536
-0
-0
-0
2.72391
-0
-0
-0
-0
-0
-0
-0
28.3229
-0
-0
-0
75.7891
-0
-0
-0
-0
-0
24.7506
-0
-0
-0
-0
-0
59.3385
-0
-0
-0
-0
-0
-0
-0
-0
-0
2.68137
3.31564
-0
-0
-0
15.3321
-0
-0
26.2409
-0
-0
-0
28.5061
-0
-0
35.41
-0
-0
-0
-0
-0
-0
-0
-0
41.0636
-0
-0
7.20223
-0
-0
3.7218
-0
-0
-0
-0
-0
-0
104.547
-0
-0
-0
-0
-0
-0
-0
-0
-0
-0
-0
-0
-0
14.6355
-0
9.49701
8.90099
-0
-0
-0
-0
-0
-0
-0
63.6757
-0
-0
-0
-0
-0
-0
-0
-0
-0
-0
15.8387
-0
-0
16.5983
-0
-0
-0
-0
-0
-0
-0
17.8058
7.64061
-0
-0
-0
-0
-0
-0
-0
9.79656
-0
-0
-0
-0
104.19
-0
-0
-0
8.18257
-0
-0
26.4406
33.7663
-0
-0
70.9954
-0
-0
3.69491
-0
20.6825
-0
0.544821
120.43
-0
-0
5.6416
21.738
-0
30.796
20.503
-0
-0
-0
-0
-0
-0
-0
7.82379
-0
-0
-0
-0
-0
-0
-0
-0
14.733
-0
-0
-0
-0
-0
35.285
-0
-0
-0
-0
35.6564
-0
-0
-0
14.5995
-0
-0
-0
-0
-0
-0
-0
-0
28.388
-0
-0
-0
-0
-0
-0
-0
40.8451
-0
-0
3.49967
-0
-0
-0
-0
-0
52.9247
-0
-0
-0
-0
-0
-0
-0
-0
