2.41197
-0
-0
-0
-0
12.875
-0
-0
0.367263
7.44896
36.986
-0
-0
-0
-0
12.5885
-0
-0
-0
-0
-0
-0
-0
0.928337
-0
-0
18.9858
-0
-0
-0
-0
-0
-0
-0
2.61365
-0
-0
-0
-0
-0
-0
-0
-0
32.6824
-0
31.434
-0
10.494
-0
0.257856
-0
-0
0.160297
-0
-0
-0
41.3402
1.46574
35.8926
49.2737
-0
-0
3.20928
-0
-0
-0
-0
-0
-0
2.45051
-0
-0
15.5051
-0
-0
0.784701
32.7613
-0
-0
-0
-0
78.1584
-0
-0
23.9155
-0
-0
-0
-0
-0
54.4395
-0
-0
-0
-0
-0
3.19425
-0
14.3167
-0
-0
-0
-0
-0
-0
-0
-0
-0
-0
-0
-0
-0
-0
-0
-0
-0
-0
-0
36.6225
-0
25.4957
-0
-0
-0
-0
-0
-0
-0
-0
11.2098
11.2864
34.5675
12.2426
-0
-0
-0
5.18801
43.9986
-0
-0
-0
-0
0.260092
-0
-0
-0
-0
-0
-0
-0
-0
-0
-0
44.0705
13.2451
-0
39.5446
-0
-0
3.59036
11.7418
-0
-0
-0
-0
-0
-0
-0
-0
51.5677
-0
9.31286
-0
-0
-0
-0
-0
-0
-0
-0
-0
-0
-0
-0
-0
20.5727
-0
-0
73.0872
-0
19.7045
-0
-0
-0
-0
-0
-0
-0
13.2811
-0
-0
-0
28.1011
-0
-0
-0
28.2098
-0
0.95962
-0
-0
-0
58.7075
-0
-0
-0
42.8492
-0
-0
-0
-0
-0
-0
-0
-0
-0
-0
-0
-0
12.9915
-0
-0
-0
-0
-0
-0
-0
-0
-0
-0
-0
-0
-0
-0
-0
-0
9.32325
-0
-0
-0
-0
-0
-0
9.16025
-0
-0
-0
-0
-0
-0
-0
-0
-0
-0
-0
-0
-0
-0
-0
-0
-0
40.8885
-0
14.7247
-0
-0
-0
-0
-0
-0
16.0568
-0
-0
21.0369
-0
-0
-0
-0
-0
-0
-0
-0
35.8122
-0
43.4131
-0
-0
-0
-0
73.7719
-0
4.4842
-0
-0
15.4623
28.0006
1.41021
-0
2.47871
-0
-0
-0
-0
-0
-0
0.8036
-0
-0
-0
-0
-0
-0
-0
51.7156
-0
-0
-0
-0
-0
31.3827
-0
-0
-0
-0
-0
-0
-0
-0
-0
8.16577
-0
-0
-0
-0
-0
-0
-0
5.83568
-0
-0
-0
-0
-0
-0
10.4823
-0
-0
-0
-0
-0
-0
-0
-0
7.7903
0.640636
3.77249
-0
-0
-0
-0
-0
5.41668
0.630537
10.9049
-0
-0
-0
-0
-0
-0
-0
19.6903
-0
-0
-0
47.3028
-0
-0
-0
-0
-0
-0
-0
-0
-0
-0
-0
-0
-0
7.00357
-0
-0
-0
-0
-0
-0
-0
-0
16.8756
-0
-0
-0
-0
-0
-0
3.77921
-0
-0
-0
-0
20.3788
-0
-0
-0
-0
-0
-0
-0
-0
-0
-0
-0
-0
-0
28.2365
-0
-0
-0
-0
-0
-0
-0
-0
-0
-0
-0
-0
-0
-0
-0
21.2246
-0
-0
-0
-0
18.7348
-0
-0
-0
-0
-0
-0
-0
-0
2.69676
-0
-0
-0
-0
-0
-0
-0
-0
-0
-0
13.2558
12.5737
-0
-0
15.5911
-0
-0
-0
18.3953
-0
-0
-0
-0
-0
49.5395
7.46185
-0
-0
-0
-0
64.1681
34.0281
-0
7.0938
56.7617
-0
-0
21.5792
10.3884
-0
-0
-0
-0
-0
17.122
-0
-0
-0
-0
-0
-0
-0
-0
19.7849
-0
-0
-0
-0
-0
-0
-0
27.8172
-0
-0
-0
-0
-0
-0
-0
37.894
-0
10.6712
-0
-0
-0
-0
-0
-0
-0
-0
3.58696
-0
-0
-0
-0
-0
-0
-0
-0
104.213
33.5614
-0
-0
-0
-0
-0
-0
-0
-0
-0
-0
-0
-0
-0
-0
-0
5.88103
-0
-0
-0
-0
-0
-0
34.4976
-0
-0
-0
-0
-0
-0
0.807559
-0
-0
-0
30.5409
-0
-0
-0
-0
-0
2.97698
-0
19.7968
60.7677
-0
19.7272
-0
-0
-0
-0
-0
-0
30.6575
-0
3.55609
-0
-0
18.6756
-0
-0
-0
24.2086
-0
-0
4.25048
-0
-0
-0
15.864
-0
-0
-0
-0
-0
-0
-0
-0
-0
-0
-0
-0
-0
-0
-0
-0
-0
-0
-0
-0
-0
-0
-0
16.263
34.0362
-0
-0
-0
-0
-0
-0
14.1719
-0
-0
-0
-0
-0
10.9232
-0
80.4211
-0
18.5133
-0
-0
-0
-0
-0
-0
-0
-0
-0
-0
-0
3.34191
1.56811
-0
-0
-0
27.0798
-0
-0
59.9204
-0
-0
9.93053
-0
-0
-0
19.5505
-0
-0
2.81334
-0
-0
-0
22.7589
6.86561
-0
-0
4.26524
-0
-0
-0
-0
-0
-0
-0
35.2182
-0
-0
-0
-0
27.8034
-0
-0
-0
-0
9.13288
-0
-0
29.0453
-0
-0
-0
-0
-0
27.2114
-0
-0
-0
-0
-0
-0
0.918749
-0
-0
-0
-0
-0
-0
-0
30.1479
-0
-0
-0
-0
-0
-0
-0
-0
35.3427
-0
-0
-0
42.5221
-0
0.0338247
-0
-0
-0
-0
11.0138
-0
-0
-0
-0
-0
-0
-0
-0
-0
-0
-0
-0
-0
60.5774
-0
-0
-0
-0
-0
-0
51.5108
50.7981
-0
-0
-0
-0
-0
-0
36.9867
-0
-0
-0
20.5536
19.0302
33.1074
-0
-0
-0
-0
-0
-0
-0
39.6696
-0
-0
-0
-0
-0
-0
50.278
-0
-0
-0
41.1336
-0
-0
47.3027
-0
-0
-0
-0
12.7644
-0
-0
73.6976
-0
-0
14.826
-0
-0
30.6981
16.3603
-0
-0
-0
-0
-0
-0
-0
22.9797
18.0183
-0
-0
26.7707
-0
-0
-0
9.22671
-0
15.7226
17.4849
5.27465
-0
-0
-0
-0
-0
-0
-0
-0
11.5521
-0
-0
-0
-0
-0
-0
9.79373
5.82649
35.724
-0
-0
-0
-0
1.21118
-0
-0
4.05433
-0
-0
-0
-0
-0
0.90254
-0
-0
-0
-0
-0
-0
14.1449
-0
-0
8.98223
-0
-0
-0
-0
-0
19.7429
4.11398
-0
-0
-0
13.7034
16.3625
-0
-0
-0
-0
-0
-0
-0
-0
-0
-0
-0
-0
17.204
-0
-0
24.1504
-0
-0
-0
-0
-0
9.80118
-0
-0
-0
-0
-0
-0
-0
-0
-0
-0
-0
-0
4.04355
-0
-0
-0
-0
-0
-0
-0
-0
61.5694
51.9221
-0
-0
-0
-0
-0
-0
3.18323
17.6758
5.91445
-0
-0
-0
26.4077
-0
-0
-0
30.5123
-0
-0
15.1761
46.6563
-0
-0
-0
-0
-0
-0
-0
-0
-0
-0
-0
-0
-0
7.76912
-0
-0
-0
-0
-0
-0
-0
6.04686
-0
-0
29.8536
-0
-0
5.24195
-0
-0
-0
-0
-0
-0
-0
-0
2.32009
-0
-0
-0
-0
-0
-0
-0
-0
-0
-0
-0
-0
-0
-0
-0
-0
4.31407
-0
-0
-0
-0
-0
-0
-0
41.1979
-0
-0
-0
-0
45.769
-0
0.775515
-0
-0
-0
-0
-0
18.3653
23.8163
9.64729
-0
-0
-0
-0
-0
-0
-0
-0
-0
-0
51.4552
-0
-0
-0
-0
-0
-0
-0
29.8202
-0
37.0693
-0
-0
35.4369
-0
-0
-0
-0
-0
-0
-0
-0
37.333
44.9463
-0
-0
-0
-0
-0
-0
-0
-0
15.661
-0
23.0671
-0
-0
2.08015
-0
-0
-0
-0
-0
-0
-0
6.63701
-0
-0
32.3416
-0
-0
-0
-0
39.4095
3.08206
-0
-0
-0
2.24968
-0
-0
-0
-0
-0
14.1732
-0
-0
24.2476
5.46836
-0
-0
-0
-0
-0
-0
-0
-0
-0
-0
17.966
32.6645
-0
-0
-0
27.3645
-0
-0
-0
-0
-0
51.5332
-0
-0
14.8332
-0
-0
-0
-0
-0
-0
24.8578
-0
-0
-0
-0
-0
13.9244
25.8079
8.85575
-0
-0
-0
1.37112
-0
-0
-0
28.9106
23.9056
2.44541
-0
-0
-0
-0
34.5851
-0
-0
-0
-0
-0
-0
-0
-0
-0
-0
19.9689
-0
-0
-0
-0
-0
-0
-0
-0
-0
-0
-0
-0
-0
-0
-0
18.163
-0
-0
-0
-0
-0
-0
-0
-0
-0
-0
-0
-0
25.1721
-0
-0
19.2141
-0
-0
-0
-0
12.1202
-0
-0
-0
-0
-0
-0
15.1684
-0
-0
-0
-0
-0
18.5173
-0
-0
-0
-0
-0
8.76989
-0
-0
-0
-0
-0
-0
-0
-0
-0
-0
-0
-0
-0
37.1808
-0
-0
-0
10.1113
-0
-0
-0
-0
-0
-0
-0
10.4299
-0
-0
-0
-0
-0
40.479
-0
-0
-0
19.1335
10.1373
5.91084
-0
-0
35.42
-0
31.8682
-0
-0
-0
-0
-0
2.46031
-0
47.3133
45.4975
-0
-0
-0
-0
-0
-0
23.8866
69.8018
-0
-0
15.5534
-0
-0
-0
32.817
5.73517
-0
-0
19.9286
0.846802
3.49387
-0
6.48427
54.6207
-0
-0
-0
-0
-0
-0
-0
-0
-0
-0
-0
-0
0.767873
-0
-0
3.46564
-0
-0
18.1629
3.818
8.30314
-0
-0
-0
-0
-0
-0
-0
-0
-0
7.35215
-0
-0
-0
-0
-0
12.6927
12.7843
-0
36.9937
-0
-0
-0
7.48099
-0
-0
-0
-0
-0
-0
-0
-0
19.1937
-0
-0
-0
-0
-0
-0
-0
-0
-0
-0
-0
-0
22.4823
28.3127
56.0925
-0
2.74245
-0
-0
-0
-0
22.0192
58.1701
-0
-0
-0
-0
-0
-0
-0
50.2001
-0
31.6595
-0
-0
14.5679
-0
-0
-0
-0
-0
-0
18.0368
-0
-0
-0
-0
-0
-0
-0
-0
-0
-0
-0
-0
-0
-0
-0
-0
2.06424
-0
-0
-0
23.0554
-0
-0
-0
-0
-0
-0
-0
-0
-0
-0
-0
-0
-0
-0
-0
-0
-0
-0
-0
-0
-0
-0
-0
-0
-0
-0
87.891
-0
-0
-0
-0
-0
-0
-0
10.3194
-0
-0
-0
-0
-0
11.4368
-0
-0
22.9281
-0
24.4541
35.6368
-0
-0
-0
-0
-0
-0
-0
-0
3.07932
-0
24.5958
-0
-0
-0
-0
-0
18.7246
-0
55.1996
-0
-0
-0
8.78818
-0
-0
-0
-0
-0
-0
-0
-0
-0
-0
-0
69.7698
23.358
-0
-0
12.5543
-0
70.1453
-0
-0
-0
-0
-0
85.547
0.479167
-0
33.8818
28.3262
-0
-0
-0
-0
-0
-0
-0
-0
-0
-0
0.482787
-0
32.0981
-0
26.2892
-0
-0
-0
-0
-0
-0
-0
-0
-0
-0
-0
-0
25.891
-0
-0
-0
-0
-0
-0
-0
-0
-0
5.73334
-0
-0
4.44281
-0
-0
-0
24.8627
-0
-0
-0
-0
98.9729
-0
24.3657
-0
-0
-0
2.02322
-0
34.3692
-0
-0
-0
-0
18.7666
-0
-0
-0
-0
-0
-0
-0
-0
-0
0.512194
-0
5.36106
34.7386
-0
-0
-0
-0
-0
-0
-0
4.65312
7.90851
-0
-0
-0
-0
-0
-0
-0
-0
-0
-0
-0
3.20357
-0
-0
-0
12.9176
-0
1.59197
6.321
-0
-0
-0
-0
-0
-0
41.2016
-0
2.33583
-0
-0
-0
-0
36.197
21.3364
2.0474
8.67048
7.78575
-0
-0
-0
-0
-0
-0
-0
-0
-0
28.2966
-0
-0
-0
-0
4.46878
-0
-0
11.2511
-0
-0
6.29768
-0
-0
58.2418
-0
-0
-0
4.38447
8.52179
-0
7.84129
-0
-0
1.27434
-0
-0
43.2159
-0
5.00592
-0
-0
-0
-0
-0
-0
-0
-0
62.4892
-0
40.9997
-0
-0
-0
-0
-0
-0
-0
-0
-0
-0
-0
20.8679
-0
-0
-0
-0
-0
-0
-0
-0
-0
-0
-0
-0
-0
-0
-0
-0
-0
-0
-0
-0
-0
-0
-0
-0
-0
-0
58.3055
3.32879
-0
79.4339
-0
-0
-0
-0
-0
-0
-0
-0
-0
-0
-0
-0
-0
11.4307
-0
-0
-0
-0
-0
-0
-0
16.232
-0
-0
-0
-0
-0
-0
-0
-0
-0
-0
-0
-0
33.261
44.6825
-0
-0
-0
-0
16.0805
-0
-0
-0
-0
12.3026
-0
-0
-0
-0
-0
0.287557
-0
-0
-0
-0
-0
-0
-0
-0
-0
-0
-0
-0
-0
20.0547
-0
-0
29.802
-0
-0
-0
-0
-0
-0
-0
-0
-0
-0
1.09209
-0
-0
-0
-0
-0
-0
-0
-0
-0
-0
-0
-0
-0
-0
-0
-0
-0
-0
9.70702
-0
-0
-0
-0
-0
-0
23.6185
2.3423
-0
-0
-0
-0
-0
-0
21.3279
-0
-0
-0
-0
-0
26.075
-0
-0
-0
-0
-0
84.0758
-0
-0
-0
-0
-0
-0
-0
-0
-0
40.5654
-0
-0
-0
-0
-0
-0
-0
-0
-0
39.2183
-0
-0
-0
-0
-0
-0
16.9499
-0
-0
-0
105.717
-0
6.41974
-0
74.0515
-0
-0
61.3224
15.4022
-0
-0
4.518
-0
-0
25.7718
-0
2.83654
-0
-0
-0
-0
-0
-0
-0
-0
8.05604
-0
22.7244
-0
-0
-0
5.72139
-0
-0
-0
22.3291
-0
-0
-0
-0
-0
-0
48.695
-0
-0
-0
-0
-0
-0
-0
4.0901
11.6075
-0
-0
52.2746
-0
-0
-0
-0
37.2148
-0
-0
-0
-0
-0
51.8025
-0
-0
-0
-0
-0
-0
-0
-0
-0
-0
-0
-0
-0
-0
1.65998
28.3272
-0
-0
-0
-0
1.9394
-0
68.7296
-0
-0
-0
-0
-0
-0
-0
-0
0.0753796
4.29484
56.2524
27.4443
-0
-0
-0
-0
30.1504
-0
-0
-0
6.26815
38.371
-0
18.3121
-0
20.4678
-0
-0
-0
-0
-0
-0
19.7436
-0
-0
-0
0.613565
-0
-0
44.0732
-0
-0
-0
-0
-0
-0
14.5918
-0
2.12144
-0
32.2016
-0
-0
30.7504
-0
-0
-0
-0
-0
4.89529
-0
-0
-0
42.8988
-0
-0
-0
40.9518
-0
12.6837
-0
-0
-0
-0
-0
-0
-0
-0
-0
-0
-0
-0
1.92801
-0
-0
30.6366
-0
7.76992
-0
-0
8.71564
-0
27.5511
-0
-0
-0
-0
-0
-0
-0
-0
-0
2.99336
-0
-0
-0
-0
39.8814
20.7459
4.03961
30.4389
-0
-0
-0
63.3002
-0
-0
-0
17.2631
-0
-0
-0
-0
-0
5.93223
38.2427
35.7244
-0
-0
-0
-0
-0
36.2711
87.8953
-0
48.0993
31.4999
-0
-0
22.3856
-0
-0
-0
-0
-0
-0
3.38681
-0
-0
-0
-0
-0
-0
-0
-0
37.2053
-0
-0
-0
-0
-0
-0
-0
-0
32.3466
-0
-0
-0
-0
-0
-0
-0
-0
41.3976
55.8625
-0
-0
-0
-0
-0
-0
-0
-0
-0
-0
-0
65.9843
-0
-0
32.6046
-0
-0
-0
-0
27.3465
-0
-0
-0
-0
35.8982
-0
-0
-0
-0
-0
-0
45.7068
-0
-0
-0
-0
-0
-0
-0
-0
-0
-0
3.00781
-0
-0
-0
-0
-0
-0
-0
-0
-0
-0
-0
-0
-0
-0
-0
-0
-0
-0
-0
-0
23.2653
-0
26.4368
-0
40.023
-0
30.826
-0
-0
-0
-0
54.3605
6.33847
-0
21.6258
4.5592
-0
-0
-0
-0
-0
-0
-0
-0
-0
-0
-0
-0
-0
-0
-0
-0
-0
-0
-0
-0
-0
-0
-0
-0
8.97835
-0
-0
-0
-0
-0
64.7065
-0
-0
10.6736
-0
-0
-0
2.33012
-0
-0
-0
-0
-0
-0
-0
17.683
-0
10.0809
-0
8.93034
21.002
-0
0.551923
-0
-0
-0
-0
-0
17.1379
-0
-0
-0
-0
-0
-0
-0
27.7451
-0
1.00686
-0
-0
2.05407
-0
-0
-0
-0
-0
-0
-0
-0
5.34171
-0
-0
-0
-0
-0
-0
-0
-0
-0
-0
-0
-0
22.3489
18.8558
-0
-0
-0
-0
-0
-0
-0
-0
-0
-0
-0
-0
-0
-0
-0
9.01968
-0
-0
54.1665
-0
-0
-0
-0
-0
-0
-0
-0
-0
6.04621
-0
-0
19.3497
0.678286
27.0305
-0
-0
-0
-0
-0
-0
0.0151269
-0
40.6439
-0
-0
-0
1.71248
-0
-0
-0
15.6311
-0
17.5003
-0
-0
-0
4.36698
-0
-0
-0
-0
-0
-0
-0
-0
-0
-0
-0
10.0691
-0
-0
-0
-0
-0
-0
-0
-0
-0
-0
-0
15.2087
22.4536
15.8259
29.9924
-0
35.9441
-0
-0
-0
-0
-0
-0
3.88315
-0
-0
-0
-0
-0
-0
-0
-0
-0
-0
-0
-0
-0
-0
-0
-0
27.649
35.3243
18.172
-0
-0
-0
-0
-0
-0
-0
-0
23.2272
-0
-0
-0
-0
-0
-0
-0
9.42199
-0
-0
19.9748
-0
-0
-0
-0
-0
-0
-0
-0
-0
-0
-0
16.0663
-0
23.7587
-0
-0
-0
-0
-0
-0
-0
6.07851
-0
-0
17.8913
-0
38.3255
-0
-0
-0
-0
-0
-0
6.04865
-0
-0
-0
24.785
-0
-0
-0
-0
-0
24.4109
-0
3.77534
32.7896
-0
-0
-0
-0
-0
-0
-0
-0
18.3196
-0
-0
10.9234
0.494807
-0
-0
-0
-0
-0
-0
31.5123
-0
3.81174
20.8733
-0
-0
-0
-0
-0
18.3662
-0
-0
-0
54.6835
-0
-0
-0
-0
-0
-0
-0
-0
-0
-0
41.2695
-0
-0
21.1891
-0
-0
-0
-0
-0
-0
-0
-0
-0
-0
-0
-0
-0
-0
-0
11.8606
-0
-0
-0
-0
-0
34.3585
17.601
-0
-0
35.3664
-0
-0
-0
-0
-0
5.39908
-0
2.7142
-0
-0
1.08815
-0
-0
-0
-0
-0
-0
66.4382
-0
-0
-0
-0
1.32447
-0
-0
-0
-0
-0
-0
-0
-0
-0
-0
-0
-0
-0
-0
-0
-0
-0
-0
-0
6.08047
-0
-0
-0
-0
-0
11.9832
-0
36.3965
58.8997
-0
-0
-0
7.1127
-0
12.7538
15.7558
-0
-0
21.4791
-0
39.2456
-0
6.00668
-0
-0
7.27898
54.4474
-0
2.02896
-0
-0
19.829
-0
0.259405
-0
-0
-0
-0
-0
-0
-0
25.0688
-0
-0
-0
-0
26.4895
-0
-0
6.45094
-0
13.0814
-0
-0
-0
-0
-0
-0
-0
-0
-0
-0
-0
-0
-0
-0
-0
19.3853
-0
-0
-0
26.1294
-0
-0
-0
-0
-0
-0
-0
13.6146
-0
-0
6.40656
-0
0.164004
50.3214
-0
-0
-0
-0
-0
-0
-0
-0
-0
-0
1.0494
22.8869
-0
-0
-0
14.9053
3.18508
-0
-0
-0
-0
-0
-0
-0
-0
-0
-0
36.3319
-0
-0
20.5742
-0
4.54994
-0
24.5764
-0
-0
-0
2.30402
-0
-0
-0
-0
4.84375
-0
-0
-0
-0
-0
-0
14.8395
-0
-0
-0
-0
-0
-0
22.6811
-0
19.7681
-0
-0
-0
-0
-0
-0
-0
-0
-0
-0
-0
-0
-0
-0
-0
-0
-0
7.48743
-0
-0
-0
-0
13.4437
-0
-0
-0
-0
-0
-0
-0
-0
-0
-0
-0
-0
13.8347
-0
-0
16.7137
-0
19.4044
44.0809
0.785277
-0
-0
-0
11.1786
-0
-0
-0
-0
-0
-0
14.7193
-0
-0
-0
-0
20.9288
-0
27.7642
-0
-0
-0
-0
16.8109
48.037
-0
-0
44.4344
-0
-0
0.25023
-0
-0
-0
-0
-0
50.1684
-0
-0
-0
-0
-0
-0
-0
-0
-0
-0
-0
-0
-0
-0
-0
-0
-0
-0
-0
27.9875
23.3643
-0
-0
34.4989
-0
-0
-0
-0
-0
-0
24.5118
48.1279
-0
-0
-0
-0
-0
-0
-0
-0
-0
-0
36.369
-0
45.5546
-0
-0
-0
-0
-0
8.13526
-0
31.0437
-0
-0
-0
-0
-0
-0
-0
2.17709
-0
-0
44.5132
-0
34.7962
2.48091
-0
55.6039
9.7887
-0
-0
-0
-0
-0
-0
-0
6.69834
-0
-0
-0
1.48112
-0
-0
-0
-0
-0
-0
-0
-0
-0
-0
-0
-0
-0
-0
-0
-0
-0
-0
-0
84.7404
21.1789
-0
-0
-0
-0
-0
-0
-0
-0
-0
50.8974
-0
-0
42.0976
-0
-0
3.24142
-0
-0
-0
-0
9.12315
-0
17.4438
-0
-0
-0
-0
-0
54.4654
-0
-0
-0
-0
1.09769
-0
-0
-0
-0
-0
-0
-0
-0
-0
13.9184
16.0109
-0
-0
-0
31.8795
30.2607
-0
-0
-0
-0
-0
-0
-0
-0
-0
-0
-0
-0
-0
-0
14.6495
2.50839
-0
-0
-0
-0
-0
-0
-0
-0
17.774
-0
-0
-0
-0
24.3345
-0
4.0817
-0
-0
-0
23.5069
7.13847
-0
-0
-0
-0
-0
-0
-0
-0
-0
-0
43.5424
22.9703
-0
-0
48.5713
-0
-0
-0
-0
-0
14.0028
-0
4.48121
-0
-0
-0
-0
-0
-0
-0
-0
-0
-0
-0
34.3079
-0
6.46738
18.7656
-0
-0
-0
-0
-0
-0
-0
-0
0.309335
-0
-0
-0
-0
-0
-0
-0
-0
-0
10.5893
-0
-0
-0
-0
-0
-0
9.4716
-0
-0
-0
-0
21.8562
-0
-0
45.9791
-0
6.45962
-0
-0
-0
-0
-0
-0
-0
-0
-0
-0
-0
-0
-0
-0
27.7463
42.8707
-0
-0
-0
-0
2.78486
-0
1.48592
-0
-0
-0
6.0154
10.1756
20.1369
-0
-0
-0
-0
-0
-0
-0
37.6628
-0
-0
-0
-0
-0
27.1186
-0
-0
-0
1.23287
1.31546
-0
-0
-0
-0
-0
-0
-0
0.0211231
7.02595
1.49821
4.21598
26.1742
-0
-0
-0
-0
-0
-0
-0
-0
-0
13.2176
-0
-0
-0
-0
15.5955
-0
1.15302
4.51276
-0
44.66
62.6882
-0
-0
15.6039
-0
-0
-0
-0
-0
1.54176
-0
-0
-0
-0
-0
-0
-0
-0
-0
-0
-0
-0
-0
-0
29.8489
-0
-0
-0
-0
-0
0.465557
-0
-0
-0
-0
-0
11.5404
-0
-0
-0
-0
-0
-0
71.3017
-0
-0
35.6677
-0
-0
-0
-0
-0
23.9158
-0
-0
-0
-0
-0
-0
-0
32.1941
-0
9.24162
-0
-0
-0
-0
35.6085
-0
36.8292
-0
-0
-0
-0
-0
-0
-0
-0
-0
2.61596
-0
6.18751
18.0257
-0
-0
-0
-0
-0
-0
-0
-0
-0
-0
-0
-0
-0
-0
-0
-0
-0
18.3742
-0
-0
-0
-0
-0
-0
-0
-0
-0
10.512
-0
3.58706
4.24697
-0
-0
28.7067
-0
-0
3.21569
-0
-0
-0
-0
-0
-0
-0
-0
-0
-0
1.12222
16.9646
-0
-0
-0
-0
6.2199
-0
-0
6.91958
-0
1.67579
-0
-0
-0
9.60871
-0
17.7677
-0
-0
19.779
-0
-0
30.4589
-0
-0
-0
27.9533
28.9721
-0
19.8839
-0
12.2977
-0
-0
-0
-0
-0
-0
-0
27.0983
38.4583
-0
-0
-0
-0
-0
-0
-0
-0
-0
37.836
-0
-0
-0
15.2951
-0
-0
-0
-0
-0
-0
-0
-0
-0
26.0068
-0
-0
25.416
-0
-0
-0
-0
-0
-0
-0
-0
-0
-0
11.4261
71.6224
-0
-0
-0
-0
-0
17.6113
-0
-0
-0
32.7383
-0
-0
-0
-0
-0
-0
72.4758
-0
-0
-0
-0
-0
-0
-0
-0
25.6081
18.159
-0
-0
-0
-0
16.2354
-0
-0
11.3716
21.7707
-0
-0
-0
27.7085
-0
-0
4.55787
-0
-0
-0
-0
23.4358
-0
15.0198
-0
-0
-0
-0
-0
-0
26.4767
-0
-0
-0
-0
-0
-0
5.57686
-0
-0
7.24301
-0
-0
-0
-0
-0
7.24364
-0
-0
-0
-0
-0
-0
-0
-0
30.0209
66.3939
-0
-0
-0
-0
-0
-0
7.11981
-0
-0
-0
-0
-0
-0
-0
29.7556
-0
-0
-0
-0
-0
42.2975
-0
15.1635
17.2557
-0
51.5064
-0
-0
-0
-0
-0
-0
-0
-0
23.1588
-0
-0
-0
-0
-0
-0
-0
-0
-0
-0
6.9668
-0
-0
50.3533
-0
-0
3.98002
2.03042
-0
-0
39.6956
-0
-0
-0
-0
-0
-0
-0
-0
-0
0.444698
-0
-0
-0
-0
-0
-0
-0
-0
27.9364
-0
-0
-0
-0
26.5522
-0
24.5159
-0
-0
-0
-0
-0
-0
-0
-0
-0
-0
-0
-0
-0
-0
11.7172
38.5523
-0
-0
65.225
33.2534
-0
-0
8.06423
4.34082
-0
-0
-0
-0
30.2575
-0
-0
-0
-0
-0
-0
-0
-0
-0
2.11354
-0
-0
-0
-0
47.2304
-0
-0
-0
-0
-0
2.7251
-0
-0
-0
-0
22.0142
-0
-0
22.6777
-0
-0
24.3004
-0
-0
-0
-0
-0
-0
-0
-0
-0
-0
48.6845
-0
11.0144
22.8594
-0
-0
-0
-0
16.0592
-0
5.13261
-0
6.25588
-0
5.04456
17.3456
-0
-0
38.0626
-0
16.8813
-0
-0
-0
-0
-0
-0
-0
-0
4.45857
22.4161
8.72507
6.3268
-0
-0
-0
-0
8.35847
-0
-0
-0
-0
-0
-0
20.3314
-0
-0
-0
-0
-0
9.24655
-0
46.3659
-0
31.6182
-0
-0
23.5796
10.5509
20.7317
-0
-0
-0
-0
-0
16.1165
0.879349
-0
-0
-0
-0
-0
-0
-0
-0
-0
-0
-0
3.37166
-0
-0
-0
-0
26.3119
-0
-0
-0
-0
-0
-0
-0
-0
-0
-0
-0
-0
-0
22.8657
-0
50.782
-0
-0
-0
-0
6.57093
-0
-0
-0
-0
-0
-0
-0
-0
-0
-0
-0
19.9249
-0
52.6159
-0
-0
-0
-0
-0
59.6
-0
-0
4.43163
-0
31.561
-0
21.3744
-0
-0
-0
52.4577
-0
-0
-0
-0
-0
6.06331
-0
0.249472
-0
-0
21.153
-0
-0
-0
11.6635
-0
13.5347
-0
-0
25.5397
-0
-0
-0
-0
-0
-0
-0
-0
37.3596
-0
-0
-0
-0
-0
-0
40.0845
17.5716
-0
-0
4.22933
-0
-0
21.7866
-0
-0
-0
-0
-0
39.2853
-0
10.0909
-0
-0
-0
-0
-0
-0
-0
-0
-0
-0
-0
-0
18.6991
9.89485
34.1879
-0
-0
-0
2.85141
-0
-0
-0
-0
-0
-0
-0
23.9523
-0
-0
9.29918
43.9688
-0
-0
-0
-0
-0
18.1628
-0
6.14299
-0
-0
-0
49.266
-0
-0
-0
-0
-0
-0
-0
25.7844
-0
24.2639
3.17759
-0
-0
-0
13.3976
32.0117
31.3821
30.7213
-0
-0
-0
26.1138
-0
-0
37.117
-0
-0
-0
-0
22.8879
-0
-0
-0
6.33333
-0
-0
5.44288
-0
-0
-0
-0
-0
-0
-0
-0
-0
74.2551
-0
-0
-0
-0
-0
-0
-0
-0
-0
-0
-0
-0
-0
26.7274
1.4161
6.109
-0
-0
-0
-0
10.8348
-0
-0
-0
21.8354
-0
-0
-0
0.384819
-0
-0
-0
-0
-0
-0
43.462
-0
-0
-0
-0
-0
-0
-0
-0
-0
-0
-0
42.1892
-0
-0
-0
-0
-0
-0
-0
20.1842
-0
-0
-0
-0
74.6893
-0
-0
-0
46.0485
-0
-0
32.8436
33.9582
-0
-0
35.6331
-0
10.7903
-0
-0
-0
-0
13.5819
84.8461
-0
-0
3.58751
65.5016
-0
15.3236
-0
-0
-0
-0
-0
-0
-0
-0
4.57643
4.66487
-0
-0
-0
-0
-0
-0
-0
13.7102
-0
-0
-0
16.6071
-0
10.7489
-0
-0
-0
-0
4.46779
-0
-0
-0
-0
-0
-0
-0
-0
-0
-0
-0
-0
14.4206
-0
-0
-0
-0
-0
-0
-0
16.7564
-0
-0
-0
-0
-0
-0
-0
-0
42.7919
-0
-0
-0
-0
-0
-0
-0
-0
