-0
-0
-0
-0
-0
5.83635
-0
-0
-0
-0
30.6463
-0
-0
-0
-0
12.6228
2.83895
-0
-0
-0
-0
-0
-0
-0
11.9083
-0
19.9705
23.4833
-0
-0
-0
-0
-0
5.54972
2.09397
-0
-0
-0
-0
-0
-0
-0
-0
19.4946
-0
14.6727
-0
10.5625
-0
3.3825
-0
-0
-0
-0
-0
-0
10.771
1.29167
27.6803
-0
-0
-0
8.99952
-0
8.3278
-0
-0
9.87887
-0
0.829675
-0
-0
12.9238
-0
-0
2.22687
30.0856
1.91571
-0
-0
-0
38.5646
-0
-0
7.24404
-0
-0
-0
-0
-0
20.5447
-0
-0
-0
-0
-0
0.648938
-0
7.64864
-0
-0
-0
-0
20.5769
1.65413
-0
11.5743
-0
-0
-0
-0
-0
-0
-0
-0
-0
0.611884
-0
13.469
4.99711
14.5155
-0
13.1493
0.324362
-0
-0
-0
-0
-0
-0
-0
21.204
2.34588
-0
11.2618
-0
-0
-0
-0
9.10949
-0
1.55665
3.91757
-0
-0
-0
-0
-0
-0
-0
-0
-0
-0
-0
23.7483
-0
20.6761
-0
-0
1.222
-0
-0
-0
9.84577
4.37238
-0
-0
0.990469
-0
27.1894
-0
13.8156
-0
-0
-0
-0
-0
-0
-0
-0
3.19517
-0
-0
-0
-0
1.35475
-0
-0
31.3097
-0
-0
7.79123
11.4945
-0
-0
-0
-0
-0
14.5514
-0
-0
-0
9.46403
-0
-0
-0
9.69581
-0
15.8961
-0
-0
-0
23.6373
-0
-0
-0
32.4223
-0
-0
-0
8.72169
-0
-0
11.1568
-0
-0
-0
-0
-0
-0
-0
6.85915
-0
-0
-0
-0
-0
-0
-0
-0
-0
7.24137
-0
-0
-0
-0
18.9095
-0
-0
-0
-0
7.22086
-0
-0
6.4752
-0
14.0863
1.8402
-0
-0
4.95323
-0
-0
-0
-0
-0
-0
-0
-0
-0
-0
29.2918
-0
16.953
-0
-0
-0
-0
-0
-0
-0
3.04716
-0
17.5841
-0
-0
-0
9.7668
-0
-0
-0
5.90951
17.1109
-0
13.9575
-0
-0
-0
-0
45.8808
-0
2.42253
-0
0.568439
28.6663
14.4815
-0
-0
4.05107
-0
15.0329
-0
-0
-0
-0
0.115397
-0
-0
-0
0.0306004
-0
-0
-0
11.6839
5.71048
-0
-0
7.95643
-0
39.1674
-0
-0
-0
-0
-0
-0
-0
3.32073
-0
7.16502
-0
-0
14.5389
-0
-0
-0
-0
5.98078
-0
-0
1.07164
-0
-0
-0
10.6315
-0
-0
-0
-0
-0
-0
-0
-0
14.9186
11.8262
1.63452
-0
-0
0.644503
-0
-0
3.02666
0.813962
12.1626
-0
-0
-0
-0
-0
-0
-0
-0
-0
-0
-0
15.559
1.8314
-0
-0
-0
-0
4.23662
-0
-0
-0
-0
-0
-0
-0
-0
-0
-0
-0
-0
8.97053
-0
-0
11.9849
15.1686
-0
-0
-0
-0
-0
-0
27.2796
-0
-0
-0
-0
-0
-0
-0
-0
-0
2.49609
14.8285
0.341344
-0
19.4221
-0
-0
6.36842
-0
17.4769
-0
1.48361
-0
-0
-0
-0
-0
-0
-0
-0
-0
-0
-0
-0
-0
-0
-0
-0
-0
-0
-0
-0
-0
-0
-0
-0
-0
-0
-0
-0
-0
-0
-0
-0
-0
-0
0.792474
-0
-0
-0
-0
2.78777
-0
-0
3.95809
-0
-0
-0
16.8627
-0
-0
-0
4.67084
-0
-0
18.5049
-0
-0
-0
-0
42.8895
6.27415
-0
-0
15.992
-0
-0
-0
11.0966
-0
-0
7.56183
6.92756
-0
13.7601
-0
-0
32.9165
-0
-0
14.7762
-0
-0
-0
-0
-0
27.3205
-0
-0
-0
-0
-0
26.2608
-0
-0
-0
-0
-0
-0
17.2827
1.89689
15.7606
-0
-0
-0
-0
-0
-0
-0
-0
2.43908
2.88341
-0
-0
-0
-0
27.575
-0
-0
33.9399
4.27749
-0
-0
2.56768
-0
-0
-0
9.78526
-0
-0
-0
9.34738
-0
-0
7.2455
-0
8.01991
-0
15.274
11.96
-0
-0
-0
38.689
-0
-0
-0
-0
-0
-0
-0
-0
-0
-0
2.65478
-0
-0
8.96337
-0
-0
-0
8.37004
-0
-0
-0
11.5345
-0
-0
-0
-0
-0
-0
-0
-0
10.2153
-0
-0
12.9911
-0
-0
-0
6.76858
-0
2.47167
24.1255
-0
-0
-0
5.73329
-0
-0
-0
-0
-0
-0
-0
-0
-0
-0
-0
-0
-0
-0
20.0701
-0
-0
-0
-0
-0
-0
15.0083
-0
9.26848
3.60176
1.90959
-0
-0
-0
2.70471
-0
11.5644
1.19227
-0
-0
-0
-0
17.0835
-0
39.436
-0
13.1763
-0
-0
-0
-0
-0
-0
-0
-0
-0
-0
-0
4.78785
0.670295
-0
-0
-0
22.253
-0
-0
21.3721
-0
-0
13.4225
-0
-0
-0
21.3878
7.05174
-0
19.23
-0
-0
-0
-0
20.4417
-0
-0
-0
-0
-0
-0
-0
-0
-0
-0
12.7348
-0
-0
-0
-0
16.467
-0
-0
-0
5.10029
7.46333
-0
1.81344
25.0033
-0
-0
-0
4.27511
-0
32.2231
-0
-0
3.17777
-0
-0
-0
0.559789
-0
-0
-0
-0
-0
-0
-0
7.91707
-0
-0
-0
-0
-0
-0
-0
-0
24.2355
-0
-0
-0
27.6383
-0
0.660584
-0
-0
-0
-0
8.35154
8.70526
-0
10.3111
-0
-0
-0
-0
-0
-0
-0
-0
-0
-0
11.2123
-0
-0
-0
-0
-0
-0
14.2256
1.33242
-0
20.1479
-0
-0
-0
-0
26.5648
-0
17.6359
-0
11.0663
-0
-0
-0
15.0698
-0
-0
-0
-0
14.1119
1.50921
-0
-0
-0
-0
-0
-0
24.3333
-0
16.1133
-0
16.3594
-0
-0
23.8688
-0
-0
-0
-0
5.30546
0.475033
-0
38.2456
2.05486
-0
17.5496
-0
-0
-0
4.15611
-0
-0
-0
-0
-0
-0
8.65338
6.99178
15.1273
-0
5.318
27.8995
-0
-0
31.408
-0
-0
-0
8.5166
-0
-0
-0
-0
3.92436
-0
-0
-0
-0
-0
-0
-0
-0
-0
-0
-0
5.57895
0.0630603
23.2304
12.8773
-0
-0
-0
4.20069
7.13839
-0
10.3213
-0
-0
-0
-0
0.832358
-0
-0
-0
-0
-0
-0
-0
0.0821697
-0
-0
-0
4.02463
-0
-0
-0
27.1984
-0
-0
-0
-0
-0
18.3527
19.7078
-0
-0
-0
-0
-0
14.2676
-0
-0
-0
3.62202
-0
-0
15.2955
-0
-0
3.25421
-0
-0
-0
-0
-0
-0
-0
-0
-0
-0
-0
-0
-0
-0
-0
-0
-0
-0
6.86247
13.8481
-0
-0
-0
-0
-0
-0
22.5752
9.76989
31.2426
0.477134
-0
-0
-0
-0
-0
-0
12.0455
-0
-0
-0
-0
31.3252
-0
-0
-0
25.2387
-0
-0
1.73609
13.122
-0
-0
-0
-0
-0
-0
10.4536
-0
-0
-0
-0
-0
-0
22.3205
-0
-0
-0
5.4779
-0
5.38662
-0
-0
-0
-0
-0
-0
-0
-0
15.1038
4.77623
-0
16.4733
-0
-0
-0
-0
-0
-0
-0
-0
-0
-0
-0
-0
-0
-0
-0
12.0849
-0
-0
-0
1.49985
-0
-0
-0
-0
-0
-0
-0
-0
-0
22.8566
12.1501
-0
-0
-0
8.8178
9.81181
-0
-0
8.67706
-0
-0
-0
6.08145
39.5968
-0
-0
0.183572
-0
-0
-0
-0
-0
-0
-0
-0
23.0296
-0
-0
-0
-0
-0
-0
-0
8.90215
-0
24.4085
-0
-0
-0
-0
-0
5.70989
-0
-0
-0
-0
-0
35.6412
-0
-0
2.45233
-0
5.08469
-0
9.52813
7.73053
-0
13.6868
-0
4.49714
5.22971
-0
1.70651
-0
-0
-0
7.76907
-0
-0
-0
-0
-0
-0
26.5101
-0
-0
-0
-0
22.1164
-0
-0
-0
-0
-0
7.74883
-0
-0
-0
-0
0.544679
-0
-0
19.931
6.19128
-0
-0
-0
-0
-0
-0
-0
-0
-0
-0
16.2382
18.8279
-0
-0
-0
22.4781
-0
-0
-0
-0
1.69277
36.856
-0
-0
13.2814
-0
-0
11.6944
-0
-0
5.17867
3.6873
-0
-0
-0
-0
-0
-0
-0
-0
-0
-0
-0
10.6446
-0
-0
-0
1.64469
-0
4.66411
-0
-0
-0
-0
12.37
-0
-0
-0
-0
-0
-0
-0
-0
1.36873
-0
35.8307
-0
-0
-0
6.71778
-0
0.284502
-0
-0
-0
-0
-0
-0
4.65085
-0
-0
23.9976
-0
-0
-0
-0
2.96709
-0
-0
-0
-0
-0
-0
-0
15.664
-0
-0
13.1834
3.58375
-0
1.69019
8.44454
-0
-0
-0
-0
9.6223
-0
-0
14.8445
-0
-0
8.604
-0
-0
-0
-0
-0
-0
-0
8.55766
6.00246
-0
-0
1.02264
-0
-0
4.97815
11.7649
-0
-0
-0
-0
-0
-0
5.49972
-0
-0
-0
-0
-0
-0
-0
-0
7.01482
-0
-0
-0
-0
-0
-0
-0
-0
-0
-0
-0
-0
11.1333
-0
6.25086
-0
-0
11.6952
-0
31.2252
-0
40.4286
-0
-0
-0
-0
-0
2.57925
-0
-0
2.82755
-0
-0
-0
-0
19.7642
12.2721
-0
-0
19.0351
-0
-0
4.15619
9.75858
22.9592
-0
-0
0.763857
11.7623
1.35569
6.51702
4.01935
27.283
9.75769
-0
-0
1.82824
-0
-0
-0
9.06759
-0
0.165979
23.8458
-0
18.0236
-0
-0
-0
-0
-0
28.6191
17.3294
11.8358
20.1526
-0
-0
-0
-0
-0
-0
-0
-0
-0
-0
-0
-0
11.2445
-0
-0
26.5751
-0
8.88534
-0
-0
6.14776
7.13227
-0
-0
-0
-0
-0
-0
-0
-0
12.8888
-0
-0
18.6945
-0
-0
-0
-0
14.826
-0
-0
-0
-0
-0
-0
10.383
-0
5.29469
-0
-0
-0
-0
21.4925
-0
-0
-0
-0
-0
-0
-0
-0
7.15671
-0
11.101
-0
-0
6.72332
-0
-0
-0
-0
-0
-0
3.07304
-0
-0
-0
-0
-0
-0
-0
-0
-0
0.610765
-0
-0
1.38782
-0
-0
23.3176
-0
-0
13.3862
-0
-0
-0
-0
4.00223
-0
-0
-0
-0
-0
-0
-0
-0
-0
-0
-0
-0
-0
-0
-0
-0
-0
-0
-0
-0
-0
-0
-0
26.0461
-0
-0
-0
-0
-0
-0
-0
21.1675
-0
-0
-0
-0
-0
-0
-0
-0
4.51492
-0
2.88413
0.308103
-0
-0
14.0997
-0
-0
-0
-0
-0
-0
-0
11.7043
-0
-0
-0
1.85548
-0
0.793086
-0
40.1644
-0
-0
-0
5.55524
-0
-0
-0
-0
-0
-0
-0
-0
-0
-0
-0
31.6439
19.8458
-0
8.40962
13.3959
-0
35.273
-0
-0
-0
-0
-0
12.6316
25.2164
-0
20.3173
25.7256
-0
-0
-0
-0
-0
-0
-0
-0
-0
-0
-0
1.46753
-0
8.12888
2.10432
-0
-0
-0
-0
-0
-0
-0
-0
-0
-0
-0
18.6559
-0
-0
-0
-0
-0
-0
-0
-0
-0
1.95418
-0
-0
-0
-0
-0
-0
-0
34.8026
5.59984
-0
-0
-0
2.95593
-0
20.6998
-0
-0
-0
-0
-0
36.9199
-0
-0
-0
-0
27.5356
-0
-0
-0
-0
-0
-0
-0
-0
-0
29.7946
-0
4.96746
7.70666
-0
-0
5.20349
-0
-0
-0
-0
-0
9.16563
-0
-0
-0
1.46205
12.9449
-0
-0
-0
-0
-0
9.66342
14.3925
-0
-0
-0
20.1265
-0
0.968816
-0
45.7949
-0
-0
-0
-0
-0
5.83344
-0
-0
-0
-0
-0
-0
9.57331
9.13019
4.13638
2.9894
23.9925
-0
3.17922
-0
-0
-0
-0
-0
21.8353
-0
8.81063
-0
6.90831
-0
-0
1.81421
-0
-0
0.247926
-0
-0
2.59567
-0
-0
23.9707
-0
-0
12.4576
9.51455
-0
-0
0.770452
-0
-0
11.9482
-0
0.678289
24.0892
-0
7.05173
8.65615
-0
-0
-0
-0
-0
-0
-0
23.913
-0
42.4572
-0
-0
0.359609
-0
-0
-0
-0
-0
-0
-0
-0
6.83547
-0
-0
-0
-0
-0
-0
16.3974
-0
-0
4.42352
-0
-0
-0
2.75082
-0
-0
-0
-0
-0
-0
-0
-0
-0
-0
-0
-0
13.7261
3.30364
-0
39.5538
-0
-0
-0
-0
11.4078
-0
12.6055
-0
-0
-0
-0
-0
-0
6.62507
-0
-0
8.22606
-0
-0
-0
-0
10.6221
-0
-0
-0
-0
-0
0.431273
-0
-0
2.10722
-0
-0
8.09798
-0
16.1049
4.06529
-0
-0
-0
-0
-0
-0
-0
-0
17.0119
-0
1.95386
-0
-0
-0
-0
-0
-0
-0
-0
6.13554
-0
-0
0.780404
-0
-0
-0
-0
-0
29.0117
10.3803
-0
15.6243
-0
-0
-0
-0
-0
-0
-0
-0
-0
-0
7.2262
-0
-0
-0
-0
15.4734
-0
-0
-0
-0
-0
6.06564
-0
-0
-0
-0
-0
17.2021
-0
2.93145
10.4082
-0
-0
-0
-0
-0
-0
0.361493
-0
-0
-0
-0
1.67232
-0
7.93709
-0
-0
-0
6.3435
-0
6.065
-0
-0
-0
10.2213
-0
33.2666
-0
-0
-0
-0
3.373
-0
-0
-0
10.0161
6.26098
-0
-0
-0
-0
-0
-0
-0
-0
-0
11.706
-0
-0
-0
-0
-0
-0
-0
-0
-0
-0
12.6603
-0
18.5406
-0
42.0295
-0
-0
10.6307
11.6211
-0
-0
18.0392
-0
-0
-0
-0
2.76444
-0
-0
-0
-0
-0
-0
-0
-0
4.9551
-0
-0
-0
-0
-0
-0
-0
-0
-0
20.5493
-0
-0
4.33021
-0
-0
-0
31.2563
-0
-0
-0
1.10768
-0
-0
1.91878
-0
17.61
-0
-0
19.792
-0
1.13831
-0
-0
25.5906
10.03
-0
5.38277
-0
-0
12.273
-0
-0
14.743
10.41
-0
-0
-0
-0
-0
-0
-0
-0
-0
-0
-0
2.37895
-0
-0
-0
-0
1.46591
-0
52.6365
-0
-0
-0
6.32082
-0
-0
-0
-0
11.2713
6.09568
24.8849
6.69319
-0
1.96095
-0
-0
18.143
-0
-0
-0
-0
0.208909
-0
25.4332
-0
12.0151
-0
-0
-0
-0
-0
-0
9.40824
10.17
-0
-0
-0
-0
12.6767
7.5013
8.01911
-0
-0
-0
-0
-0
-0
-0
-0
-0
19.151
-0
-0
-0
-0
-0
-0
-0
-0
5.28135
-0
0.515301
-0
23.2264
-0
-0
-0
16.7808
1.15815
13.3201
-0
-0
-0
-0
-0
-0
10.0368
-0
-0
-0
-0
-0
1.50783
7.73601
-0
14.0307
-0
2.78
-0
-0
-0
-0
15.9148
-0
-0
-0
-0
-0
-0
-0
-0
-0
8.81692
-0
-0
-0
-0
2.96254
-0
18.4758
-0
4.66944
-0
-0
7.93148
-0
-0
-0
-0
-0
-0
18.2076
-0
11.3443
-0
12.3493
9.38354
1.02775
-0
-0
-0
-0
29.8799
35.5687
-0
35.4508
20.407
-0
15.5491
-0
-0
-0
-0
-0
-0
-0
1.10093
-0
-0
-0
-0
-0
3.78652
-0
-0
7.41582
-0
-0
-0
-0
-0
-0
-0
-0
18.9916
-0
-0
3.11847
-0
-0
-0
-0
-0
10.4413
35.8983
-0
-0
-0
-0
-0
-0
-0
-0
13.1803
12.2255
6.64754
35.4749
23.214
-0
2.6636
-0
-0
-0
-0
8.48059
-0
-0
-0
-0
8.57088
-0
-0
-0
-0
-0
-0
18.3593
-0
-0
-0
-0
-0
-0
-0
1.32345
2.71626
-0
-0
-0
-0
-0
-0
-0
-0
6.32451
-0
-0
-0
-0
-0
14.416
-0
-0
-0
8.3205
-0
-0
-0
9.69324
-0
-0
-0
33.1882
-0
16.128
-0
-0
-0
-0
14.9356
14.3534
-0
-0
-0
-0
-0
-0
16.5527
-0
-0
-0
-0
-0
-0
-0
-0
23.3586
-0
-0
4.8519
-0
-0
-0
-0
-0
1.08518
-0
-0
10.0219
-0
-0
1.87967
-0
-0
13.0217
-0
-0
8.0674
-0
-0
-0
2.419
-0
-0
-0
-0
-0
-0
-0
2.6092
-0
11.3286
-0
34.6447
17.648
-0
-0
-0
-0
20.3486
-0
-0
7.40448
-0
1.57267
-0
-0
29.8986
-0
-0
12.5202
-0
11.8441
5.67614
-0
19.7026
-0
9.81699
-0
-0
-0
-0
-0
-0
14.0996
-0
-0
-0
-0
-0
-0
-0
-0
-0
-0
16.7688
-0
1.51151
9.85972
-0
-0
-0
-0
-0
-0
-0
-0
-0
-0
-0
-0
-0
-0
-0
4.95297
-0
-0
15.8272
-0
-0
-0
1.14731
-0
3.2205
-0
-0
-0
15.8418
-0
-0
11.2351
0.217013
31.0718
-0
-0
-0
-0
-0
-0
-0
6.39639
16.8015
-0
-0
-0
21.6153
9.55716
-0
-0
0.965162
-0
13.2101
8.62042
-0
-0
1.75906
-0
-0
-0
19.1852
-0
-0
-0
-0
-0
10.3365
-0
24.961
-0
-0
-0
17.194
-0
-0
-0
-0
5.62273
-0
-0
4.84431
13.6075
-0
3.33126
20.3506
16.1065
-0
-0
-0
-0
-0
1.44474
-0
0.879025
-0
-0
-0
-0
-0
-0
-0
-0
-0
-0
11.6997
-0
-0
-0
-0
26.2194
8.23579
23.7476
-0
10.9318
-0
-0
-0
-0
-0
-0
27.4366
-0
-0
-0
-0
-0
-0
-0
5.18018
-0
-0
-0
-0
-0
-0
-0
-0
-0
-0
-0
2.09475
-0
-0
-0
-0
18.496
-0
-0
-0
-0
-0
-0
-0
0.121329
-0
-0
-0
-0
-0
-0
-0
-0
-0
-0
-0
5.03874
-0
-0
-0
-0
-0
-0
-0
1.72261
-0
-0
-0
-0
6.59314
-0
2.63238
2.18221
-0
-0
-0
-0
3.90461
-0
-0
-0
9.57617
2.8063
-0
-0
2.3408
20.8215
-0
-0
39.1111
-0
-0
-0
-0
-0
-0
-0
-0
-0
-0
-0
-0
11.2054
-0
-0
-0
-0
-0
-0
-0
-0
-0
-0
21.5321
-0
-0
17.4907
-0
-0
-0
2.49268
-0
-0
-0
-0
-0
-0
-0
-0
-0
-0
-0
-0
-0
-0
-0
-0
13.2312
-0
-0
-0
-0
2.41455
-0
-0
-0
-0
-0
2.05582
-0
11.8645
-0
-0
1.37329
15.9868
-0
-0
5.95249
-0
-0
21.4394
-0
1.22486
-0
-0
-0
-0
-0
-0
-0
-0
-0
-0
-0
-0
-0
-0
-0
-0
-0
2.05065
-0
6.19196
-0
-0
7.41734
-0
-0
-0
8.3005
-0
-0
-0
21.9642
35.4834
-0
-0
-0
5.64763
-0
5.45457
12.8891
-0
-0
3.17644
-0
16.1589
-0
18.2544
-0
-0
2.06071
40.8481
-0
2.24273
-0
-0
12.7833
-0
10.0195
-0
-0
-0
-0
-0
-0
-0
-0
-0
-0
-0
-0
2.61514
-0
-0
12.6594
-0
-0
2.79731
5.97975
-0
-0
-0
-0
-0
-0
-0
-0
-0
-0
-0
-0
-0
-0
10.6916
-0
-0
11.3416
-0
8.29233
-0
-0
-0
-0
-0
22.1554
14.8067
-0
-0
-0
-0
24.1155
-0
-0
-0
-0
-0
-0
-0
-0
-0
-0
-0
3.46708
-0
0.608349
-0
3.45539
-0
-0
-0
-0
-0
-0
-0
-0
-0
-0
-0
36.0443
-0
-0
9.88413
-0
-0
-0
37.9498
-0
-0
-0
0.471328
-0
1.99575
-0
-0
-0
-0
-0
-0
-0
-0
-0
29.0651
-0
-0
4.32499
-0
-0
-0
-0
-0
6.97169
-0
-0
13.9645
-0
-0
-0
-0
-0
-0
-0
9.34554
-0
-0
-0
-0
-0
0.171287
5.70936
11.0741
-0
-0
-0
7.64797
-0
-0
3.45772
-0
-0
-0
-0
-0
-0
-0
-0
-0
15.1758
-0
-0
8.60154
-0
-0
0.5013
-0
-0
14.9458
8.9168
8.91162
-0
-0
-0
-0
-0
-0
33.8266
-0
-0
-0
-0
-0
3.87643
8.74328
-0
-0
-0
-0
12.8104
10.0748
-0
15.8679
3.60871
5.8474
-0
-0
1.14573
-0
-0
2.01002
-0
29.9517
-0
-0
-0
14.9582
-0
-0
-0
-0
-0
-0
-0
-0
-0
8.58664
-0
-0
-0
-0
-0
-0
16.407
4.61991
-0
24.1872
-0
-0
-0
-0
-0
-0
4.20948
8.23315
-0
-0
-0
-0
-0
-0
-0
3.64561
-0
-0
-0
-0
19.7619
0.609605
-0
-0
-0
-0
16.726
-0
0.792283
16.3696
-0
-0
-0
-0
-0
-0
7.13253
-0
-0
39.6363
-0
27.6034
-0
-0
15.1536
9.37633
-0
-0
-0
-0
-0
-0
-0
10.3868
-0
-0
-0
-0
-0
-0
-0
4.25326
-0
-0
-0
-0
-0
-0
-0
-0
-0
-0
5.28582
22.7967
11.6211
7.21918
-0
9.89327
28.452
-0
6.77357
-0
-0
-0
-0
-0
-0
-0
7.99592
-0
-0
16.2129
-0
-0
5.14473
-0
-0
-0
-0
1.93328
-0
-0
-0
-0
-0
-0
-0
11.2536
-0
-0
-0
-0
0.878033
-0
-0
-0
-0
-0
-0
10.8811
-0
-0
13.5683
17.8468
-0
-0
-0
5.14669
8.63881
-0
1.27848
-0
-0
-0
-0
-0
-0
-0
-0
-0
-0
-0
-0
2.89967
1.60741
-0
-0
7.66212
-0
-0
-0
-0
-0
9.3989
-0
-0
8.24487
-0
-0
-0
12.6513
-0
-0
-0
29.3691
2.2514
-0
-0
-0
-0
5.64807
-0
-0
-0
-0
-0
53.8831
12.1846
-0
0.76745
7.24011
-0
-0
0.358881
-0
25.4065
11.9838
8.7248
20.0754
-0
-0
-0
-0
-0
-0
-0
-0
-0
-0
-0
3.69543
15.7164
8.64932
-0
-0
3.64999
-0
-0
-0
-0
-0
-0
-0
-0
-0
-0
-0
2.16865
-0
-0
-0
-0
-0
-0
0.288754
-0
-0
-0
-0
-0
-0
1.03303
-0
-0
-0
2.60244
19.7978
32.4431
0.0544042
-0
-0
-0
-0
-0
-0
-0
-0
-0
-0
-0
15.0127
-0
8.09384
-0
7.82389
22.4844
-0
-0
-0
-0
4.35694
-0
1.3838
1.05642
9.28785
-0
-0
-0
13.704
-0
-0
-0
-0
5.87061
-0
-0
6.2434
-0
-0
0.924674
-0
-0
7.54127
-0
-0
-0
-0
-0
10.0259
-0
28.4711
-0
-0
-0
3.2139
-0
4.71913
-0
-0
-0
-0
6.79044
-0
-0
-0
-0
-0
-0
-0
-0
-0
-0
-0
-0
-0
-0
-0
4.65324
-0
35.5137
48.491
-0
-0
8.88184
-0
-0
-0
-0
-0
-0
-0
-0
-0
-0
-0
-0
-0
-0
-0
17.1727
-0
-0
-0
-0
1.99344
3.42778
-0
-0
-0
1.77389
-0
-0
-0
-0
-0
-0
-0
-0
-0
-0
0.707466
-0
-0
18.9073
0.660804
-0
20.9643
15.1756
-0
-0
10.2607
-0
20.1977
-0
-0
-0
-0
-0
-0
-0
26.8415
-0
-0
-0
-0
-0
-0
17.8528
-0
14.9717
-0
1.01475
-0
-0
-0
-0
18.5303
-0
-0
3.8324
-0
10.1375
-0
-0
-0
-0
-0
-0
-0
-0
-0
-0
-0
-0
-0
-0
-0
-0
-0
-0
-0
-0
-0
-0
-0
-0
-0
-0
-0
-0
2.64218
-0
2.82013
6.60497
-0
-0
1.16303
-0
-0
14.3592
2.50503
-0
8.26132
-0
-0
7.0043
4.82035
-0
18.4393
-0
-0
18.0945
-0
-0
-0
-0
5.15675
-0
-0
4.1891
-0
9.76724
-0
-0
-0
0.513561
-0
8.03989
-0
-0
18.8573
10.5112
-0
20.2713
-0
-0
-0
22.601
-0
-0
6.91349
-0
-0
-0
-0
-0
-0
-0
-0
-0
6.41895
4.51872
-0
-0
-0
-0
-0
-0
-0
-0
-0
34.5131
-0
2.9701
8.77925
22.4338
-0
-0
-0
-0
0.10559
-0
-0
-0
-0
8.56257
-0
-0
8.79285
-0
-0
-0
-0
-0
-0
-0
-0
-0
-0
-0
27.3533
-0
-0
-0
-0
-0
11.2932
-0
22.0165
-0
18.9589
-0
-0
-0
-0
-0
-0
44.1353
-0
20.4522
-0
-0
-0
-0
-0
-0
7.58211
-0
6.98157
5.3732
-0
-0
13.8318
-0
-0
-0
15.2681
-0
-0
-0
18.8743
-0
25.1892
3.16292
0.776531
-0
-0
-0
21.8392
-0
-0
-0
-0
-0
14.1754
-0
-0
7.92007
-0
-0
-0
-0
-0
-0
-0
-0
-0
3.09688
18.6101
-0
-0
-0
-0
15.5055
-0
-0
-0
-0
-0
-0
-0
-0
4.96941
6.07805
-0
-0
-0
-0
-0
-0
22.2528
-0
-0
-0
-0
-0
-0
-0
8.37458
-0
-0
-0
-0
-0
24.741
-0
16.6206
8.95302
-0
37.3038
-0
-0
-0
-0
-0
-0
-0
-0
11.5221
-0
-0
-0
-0
-0
12.8243
-0
-0
-0
-0
9.17686
-0
-0
19.3374
-0
-0
4.83576
-0
3.21056
-0
7.43443
-0
-0
-0
1.07354
-0
11.3844
-0
-0
-0
-0
3.99627
2.72279
-0
-0
-0
-0
0.750045
-0
-0
-0
-0
-0
-0
7.05398
-0
24.2004
-0
11.1429
-0
-0
-0
-0
-0
-0
3.89013
-0
-0
-0
9.5056
-0
2.48262
5.88852
-0
23.9344
21.8404
22.8762
-0
-0
1.77369
-0
-0
-0
-0
-0
14.3791
-0
-0
-0
-0
-0
-0
-0
-0
4.42013
5.95803
-0
-0
-0
-0
39.5829
-0
-0
-0
7.60831
4.29859
-0
-0
-0
-0
-0
12.3935
-0
-0
20.9268
-0
9.07425
12.8552
-0
-0
-0
-0
-0
-0
-0
-0
10.0637
4.03334
11.9937
9.11917
-0
31.3604
8.56666
-0
-0
8.54593
8.66268
-0
11.8962
-0
-0
-0
9.75809
-0
10.2782
-0
28.117
11.7914
-0
-0
-0
-0
-0
-0
21.0405
-0
-0
2.77362
6.54958
-0
-0
-0
-0
-0
-0
-0
-0
-0
-0
-0
-0
-0
-0
-0
-0
-0
-0
-0
19.458
-0
19.6302
-0
5.84508
-0
-0
37.8533
21.9526
-0
-0
-0
-0
-0
-0
-0
24.4424
-0
-0
-0
-0
-0
-0
-0
-0
-0
-0
-0
-0
-0
-0
-0
-0
14.5868
6.58238
-0
-0
-0
-0
-0
-0
-0
-0
0.481894
-0
-0
3.55437
-0
-0
2.96528
-0
-0
-0
-0
28.0069
-0
-0
6.27357
-0
-0
-0
-0
-0
-0
-0
1.73529
15.3648
-0
-0
-0
-0
-0
-0
4.30545
21.7514
-0
-0
0.131457
-0
46.3026
-0
13.8768
-0
-0
-0
5.71264
-0
-0
26.6404
-0
-0
17.0073
-0
-0
-0
-0
21.6185
-0
-0
-0
17.2608
-0
30.6258
-0
-0
-0
-0
-0
-0
-0
-0
-0
-0
-0
16.7575
4.26369
-0
-0
-0
-0
-0
12.2115
-0
11.8031
0.0494534
10.2914
-0
-0
35.7293
-0
0.518351
-0
-0
-0
12.6627
3.82142
-0
-0
-0
-0
2.99879
-0
-0
-0
26.3879
-0
-0
-0
-0
26.8924
21.7649
21.4261
-0
-0
-0
2.9405
-0
-0
-0
1.31993
-0
-0
-0
-0
-0
-0
10.657
9.29692
-0
-0
-0
-0
-0
11.1295
-0
-0
-0
-0
-0
20.6787
-0
-0
-0
-0
-0
-0
-0
2.56531
-0
14.1197
0.684783
-0
-0
-0
8.03802
-0
2.17419
33.1751
9.14668
-0
-0
-0
-0
-0
0.498406
-0
-0
-0
-0
20.6974
-0
-0
-0
-0
3.05431
-0
-0
-0
-0
4.67696
-0
-0
-0
-0
-0
-0
18.8126
-0
-0
-0
-0
-0
-0
-0
-0
-0
-0
-0
-0
-0
20.7168
14.2365
12.7573
-0
-0
-0
8.3933
-0
-0
-0
6.02163
7.14343
-0
-0
-0
2.15941
-0
-0
-0
-0
-0
-0
8.17147
-0
-0
-0
-0
-0
-0
-0
-0
-0
2.26968
-0
16.9043
-0
-0
-0
-0
-0
-0
-0
14.7329
-0
-0
-0
-0
27.6129
-0
-0
-0
25.8958
-0
-0
-0
-0
-0
-0
25.2997
-0
32.2318
-0
-0
-0
-0
8.49542
11.4955
-0
-0
3.14151
30.8055
-0
-0
9.32487
-0
-0
-0
-0
-0
-0
-0
3.27222
-0
7.97823
-0
-0
-0
-0
-0
1.23427
3.91513
-0
-0
-0
9.74042
-0
-0
-0
-0
-0
-0
-0
-0
-0
-0
-0
-0
-0
1.89262
-0
-0
-0
-0
-0
-0
-0
-0
-0
-0
-0
-0
-0
18.1492
2.58365
15.3482
8.12739
6.34174
9.13165
-0
-0
-0
21.6586
-0
-0
3.82383
-0
-0
4.46952
-0
-0
