1.628
-0
-0
-0
-0
10.204
-0
-0
4.82067
-0
37.8009
-0
-0
-0
-0
16.0701
-0
-0
-0
-0
-0
-0
-0
1.7498
26.1077
-0
35.716
-0
-0
-0
-0
-0
-0
-0
0.331672
-0
-0
-0
-0
-0
-0
-0
-0
19.4311
-0
-0
-0
37.9047
-0
-0
-0
-0
-0
-0
-0
-0
1.19659
1.40821
20.5839
10.2572
-0
-0
28.5422
-0
-0
-0
-0
6.85672
-0
1.51034
-0
-0
-0
-0
-0
1.61792
41.1128
-0
-0
-0
-0
57.8988
-0
-0
18.0757
-0
-0
-0
-0
-0
6.92938
-0
-0
-0
-0
-0
1.97687
-0
4.10205
-0
-0
-0
-0
-0
4.49199
-0
6.6191
-0
-0
-0
-0
-0
-0
-0
-0
-0
-0
-0
37.8897
19.641
19.5097
-0
11.4704
-0
0.726027
-0
-0
-0
-0
-0
-0
51.8493
20.2985
-0
12.3994
-0
-0
13.2995
-0
13.1323
-0
-0
13.7423
-0
-0
-0
-0
-0
-0
-0
-0
-0
-0
9.11237
18.3001
-0
17.3035
-0
-0
1.85556
-0
-0
-0
13.8033
22.1044
-0
-0
-0
-0
40.1484
-0
14.3966
-0
-0
-0
-0
-0
-0
2.23306
-0
-0
-0
-0
-0
-0
14.3042
-0
-0
50.113
-0
27.0502
13.8052
17.489
-0
-0
-0
-0
-0
-0
-0
-0
-0
28.7058
-0
11.1811
-0
-0
7.84772
4.01211
-0
-0
-0
41.4968
-0
-0
-0
28.0972
-0
-0
-0
-0
-0
-0
24.9939
-0
-0
-0
-0
-0
-0
-0
0.0680385
-0
-0
-0
-0
-0
-0
-0
-0
2.81032
-0
-0
-0
-0
-0
-0
-0
-0
-0
-0
-0
-0
-0
-0
-0
-0
0.639101
-0
-0
21.3715
18.5198
-0
-0
-0
-0
0.747043
-0
-0
-0
-0
34.6545
2.02641
25.5895
-0
-0
-0
-0
-0
-0
-0
5.44114
-0
34.1079
-0
-0
-0
-0
-0
-0
-0
17.5023
18.806
-0
26.1703
-0
-0
-0
-0
62.8182
-0
9.7553
-0
6.07564
24.6778
27.987
-0
-0
9.85785
-0
3.00762
-0
-0
-0
-0
1.12612
-0
-0
-0
0.220066
-0
-0
-0
25.2722
-0
-0
17.4352
13.4002
-0
29.7326
-0
-0
-0
-0
-0
-0
-0
-0
0.185227
7.85758
-0
-0
-0
7.97502
-0
-0
-0
-0
-0
-0
-0
-0
-0
-0
18.7642
-0
-0
-0
-0
-0
18.8614
-0
-0
-0
4.93322
1.94737
-0
-0
5.39313
-0
-0
6.77405
1.13895
19.286
-0
-0
-0
-0
-0
-0
-0
7.26512
-0
-0
-0
34.6691
-0
-0
-0
-0
-0
1.48074
-0
-0
-0
-0
-0
-0
-0
20.4003
-0
-0
-0
-0
-0
-0
-0
-0
12.0761
-0
-0
-0
-0
-0
-0
32.039
-0
-0
-0
-0
13.3193
-0
-0
-0
-0
18.6675
-0
8.17595
11.4374
12.9477
-0
9.37222
-0
-0
19.6382
-0
12.9348
-0
-0
-0
-0
-0
-0
-0
-0
-0
-0
-0
-0
-0
2.34405
18.1008
-0
-0
3.39296
-0
-0
0.320394
-0
-0
-0
-0
-0
-0
4.7282
-0
-0
-0
-0
-0
-0
-0
-0
-0
-0
-0
17.822
-0
-0
0.511271
-0
-0
-0
12.3968
-0
-0
-0
-0
-0
5.63946
15.2946
-0
-0
-0
-0
45.1726
20.3706
-0
-0
40.6825
-0
-0
14.0576
-0
-0
-0
0.170247
-0
-0
9.59076
-0
-0
21.6331
-0
-0
2.32592
-0
-0
-0
-0
-0
12.2458
1.15542
-0
-0
-0
-0
1.98908
-0
1.18437
-0
-0
-0
-0
30.1393
-0
27.7503
-0
-0
-0
-0
-0
-0
-0
-0
6.59147
2.97383
-0
-0
-0
-0
-0
-0
-0
52.3896
30.1473
-0
-0
-0
-0
-0
-0
11.8265
-0
0.432892
-0
15.3927
-0
-0
-0
-0
1.2176
-0
21.5124
-0
-0
-0
-0
35.8874
-0
-0
-0
-0
-0
-0
6.46334
-0
-0
-0
29.0062
-0
-0
0.191794
-0
-0
-0
3.27246
4.1281
21.7019
-0
9.7919
-0
-0
-0
-0
-0
-0
10.9351
-0
27.5121
-0
2.48166
21.638
-0
-0
-0
42.3516
-0
-0
5.48521
-0
-0
-0
4.88395
-0
-0
-0
-0
-0
-0
-0
-0
-0
-0
-0
-0
-0
-0
-0
-0
-0
-0
-0
-0
-0
-0
-0
33.8806
24.2116
-0
-0
-0
-0
-0
10.3088
-0
20.4827
-0
-0
-0
-0
21.8937
-0
57.8809
-0
24.1232
-0
-0
-0
-0
0.249852
-0
-0
-0
14.6811
-0
-0
9.24627
1.14066
13.3364
-0
-0
-0
-0
-0
52.0917
-0
-0
-0
-0
-0
-0
23.7579
-0
-0
34.0451
-0
-0
-0
16.5435
21.4843
-0
-0
-0
5.45609
-0
-0
-0
-0
-0
-0
28.3645
-0
-0
-0
-0
23.1553
-0
-0
-0
-0
-0
-0
-0
27.4708
-0
-0
-0
-0
-0
14.5645
-0
-0
5.14941
-0
0.432973
-0
0.369108
-0
-0
-0
-0
-0
-0
-0
17.3552
-0
-0
-0
13.6582
-0
-0
-0
-0
18.3369
-0
-0
-0
42.5817
-0
0.177458
3.52519
-0
-0
-0
19.3053
14.0269
8.48946
-0
-0
-0
-0
-0
-0
1.51515
-0
-0
-0
-0
37.6957
17.1266
-0
2.17289
-0
-0
-0
37.5034
61.002
-0
-0
-0
-0
-0
-0
9.23909
-0
-0
-0
18.0087
7.38956
13.1805
-0
0.656693
-0
-0
-0
-0
23.4157
34.2422
-0
-0
-0
-0
-0
-0
44.3274
-0
11.3831
-0
52.8734
-0
-0
55.0315
-0
-0
-0
-0
10.5928
-0
-0
45.2961
-0
-0
12.554
-0
-0
32.4382
16.8169
-0
-0
-0
-0
-0
-0
-0
30.2502
41.9926
9.89642
-0
-0
-0
-0
22.9806
-0
-0
-0
1.64079
3.63155
-0
-0
-0
-0
-0
-0
4.14478
-0
-0
-0
-0
-0
-0
-0
-0
12.1244
0.422103
33.8831
10.1788
-0
-0
-0
2.82519
-0
-0
4.40795
-0
-0
-0
-0
6.3739
26.7338
-0
-0
-0
-0
-0
-0
22.3941
-0
-0
3.70451
-0
-0
-0
-0
-0
7.73434
-0
-0
-0
-0
7.19145
23.604
-0
-0
-0
-0
4.83951
9.49143
-0
-0
-0
-0
-0
-0
11.9121
-0
-0
12.227
-0
-0
-0
8.92931
-0
-0
-0
-0
-0
-0
0.526919
-0
1.83288
-0
-0
15.8954
-0
-0
-0
1.56087
-0
-0
-0
-0
-0
-0
5.18908
37.9065
23.4494
0.0974152
-0
-0
-0
-0
-0
-0
11.6461
0.0148699
-0
-0
-0
16.1185
-0
-0
-0
27.7278
-0
-0
7.52133
6.33429
-0
-0
-0
-0
-0
-0
-0
-0
-0
-0
-0
-0
-0
10.7389
-0
-0
-0
-0
21.0572
-0
-0
4.56573
-0
-0
-0
-0
-0
-0
-0
12.5173
-0
-0
-0
-0
-0
-0
-0
-0
-0
-0
-0
-0
-0
-0
-0
-0
-0
-0
-0
-0
-0
-0
-0
-0
-0
-0
-0
-0
-0
-0
6.96118
32.6036
-0
-0
-0
-0
37.1934
1.88294
1.38529
-0
-0
-0
-0
-0
10.0828
25.6376
15.7934
-0
-0
-0
-0
-0
-0
-0
15.1689
-0
-0
44.8401
-0
-0
-0
-0
-0
-0
-0
3.38624
-0
49.2757
-0
-0
23.3339
-0
-0
6.31396
-0
-0
-0
-0
-0
44.3483
28.9974
-0
3.47204
-0
-0
-0
-0
11.9332
-0
22.9155
-0
-0
0.475679
-0
-0
-0
-0
-0
3.56348
-0
-0
-0
-0
-0
-0
17.4389
-0
-0
-0
-0
36.3305
11.0076
-0
-0
-0
-0
-0
-0
-0
-0
-0
4.1634
-0
-0
26.0072
7.18058
-0
-0
-0
-0
-0
-0
-0
-0
-0
-0
14.7914
31.9889
-0
-0
-0
30.5741
-0
-0
-0
-0
-0
24.2067
-0
-0
16.6552
-0
-0
-0
-0
-0
8.89719
18.3465
-0
-0
-0
-0
-0
9.53494
-0
-0
-0
-0
-0
0.713734
-0
-0
-0
16.6198
27.6377
18.907
-0
-0
-0
-0
-0
-0
-0
-0
-0
0.189864
-0
-0
-0
-0
-0
28.329
-0
-0
-0
-0
-0
-0
-0
-0
-0
-0
-0
-0
0.609125
-0
-0
36.3306
-0
-0
-0
-0
-0
-0
-0
-0
-0
3.96216
-0
-0
0.945697
-0
-0
27.048
3.01626
-0
-0
-0
9.47513
-0
-0
-0
-0
-0
-0
12.2305
-0
-0
-0
-0
-0
5.23062
-0
-0
-0
-0
-0
6.22147
-0
-0
8.06546
-0
-0
-0
6.87503
-0
-0
-0
-0
-0
-0
43.5819
2.62894
-0
-0
4.36003
-0
-0
-0
-0
-0
-0
-0
5.21812
-0
-0
-0
-0
-0
19.6001
4.30994
-0
-0
18.8734
18.8524
0.995871
-0
-0
25.3629
-0
41.9599
-0
8.28673
-0
-0
-0
-0
-0
32.1702
26.0376
-0
-0
7.81436
11.9786
-0
-0
26.8419
27.3679
-0
-0
41.3319
-0
-0
-0
30.9918
14.8914
13.6154
-0
10.5167
0.586252
-0
-0
3.33102
54.7249
2.05858
-0
-0
-0
-0
-0
-0
-0
-0
0.524476
15.4455
-0
8.19457
-0
-0
-0
-0
-0
18.8629
1.08235
9.03391
12.3321
-0
-0
-0
-0
-0
-0
-0
-0
-0
-0
-0
-0
-0
-0
-0
26.8446
-0
31.6472
-0
-0
-0
8.15278
-0
-0
-0
-0
-0
-0
-0
-0
22.1023
-0
-0
-0
-0
-0
-0
-0
15.1808
-0
18.1655
-0
-0
8.91716
-0
31.0248
-0
-0
-0
-0
-0
-0
12.7299
29.3506
-0
-0
-0
-0
-0
-0
-0
40.0602
-0
2.2082
1.34563
-0
35.2859
-0
-0
-0
-0
-0
-0
12.6746
-0
-0
-0
-0
-0
-0
-0
-0
-0
0.447357
-0
-0
-0
15.7968
-0
-0
-0
-0
-0
-0
28.2043
-0
-0
-0
-0
-0
-0
-0
-0
-0
-0
-0
-0
14.9831
-0
-0
-0
-0
-0
-0
-0
-0
-0
-0
-0
-0
-0
52.6494
-0
-0
-0
-0
-0
-0
-0
37.712
-0
-0
-0
-0
-0
-0
4.0512
-0
7.84613
-0
36.898
7.63363
-0
-0
17.3389
-0
-0
-0
-0
-0
0.823111
-0
-0
-0
-0
-0
0.535355
-0
-0
-0
27.2238
-0
0.0201187
-0
14.9591
-0
-0
0.00414594
-0
-0
-0
-0
-0
-0
-0
-0
49.5019
2.58711
-0
-0
33.6814
-0
41.8245
-0
-0
-0
-0
-0
31.9351
20.6663
-0
40.7886
8.61877
-0
-0
-0
-0
2.65837
-0
-0
-0
-0
-0
6.42433
1.79922
-0
-0
3.54298
-0
-0
-0
-0
-0
-0
-0
-0
-0
-0
-0
-0
35.0357
-0
-0
-0
-0
-0
-0
-0
-0
9.40164
9.86645
-0
6.0233
3.0761
-0
-0
-0
47.7587
-0
-0
-0
-0
33.0003
-0
33.2318
-0
-0
-0
-0
-0
38.9564
-0
-0
-0
-0
33.0233
-0
-0
-0
-0
-0
-0
11.798
-0
-0
33.4202
-0
5.22482
5.83329
-0
-0
1.11163
-0
-0
-0
-0
6.47781
-0
-0
-0
-0
2.56806
10.991
-0
-0
-0
-0
-0
-0
9.1442
3.5776
-0
-0
29.6472
-0
-0
0.423643
11.5511
-0
5.27979
-0
-0
-0
12.2535
-0
0.715506
-0
-0
-0
-0
15.2506
15.5815
4.87684
40.0227
-0
-0
3.76153
-0
-0
-0
-0
-0
-0
-0
34.7017
-0
-0
-0
-0
-0
-0
-0
2.38975
-0
-0
-0
-0
-0
29.7655
-0
-0
-0
-0
-0
-0
10.6282
-0
-0
1.83911
-0
-0
44.8516
-0
14.2677
23.6602
-0
-0
-0
-0
-0
-0
-0
51.8135
-0
60.4277
-0
-0
-0
-0
-0
-0
-0
-0
-0
-0
-0
2.0612
-0
-0
-0
-0
-0
-0
-0
-0
-0
-0
-0
-0
-0
1.10445
-0
-0
-0
-0
-0
-0
-0
-0
-0
-0
-0
-0
2.25196
20.3587
-0
58.0894
-0
-0
-0
-0
-0
12.8012
3.46719
-0
-0
-0
-0
-0
-0
9.548
-0
-0
-0
-0
-0
-0
-0
14.1918
-0
-0
-0
-0
-0
-0
21.7215
-0
0.22317
0.236559
-0
-0
5.72021
24.7693
0.537861
-0
-0
-0
14.9142
-0
-0
-0
-0
14.0745
-0
-0
-0
-0
-0
19.5371
-0
-0
-0
-0
-0
-0
-0
2.34901
-0
-0
-0
-0
-0
17.5576
16.318
-0
20.4508
-0
-0
-0
-0
-0
-0
-0
-0
-0
-0
-0
-0
-0
-0
-0
-0
-0
-0
-0
-0
-0
-0
-0
-0
-0
-0
-0
-0
-0
9.02452
1.52097
-0
-0
-0
-0
-0
1.8572
1.9295
-0
-0
-0
-0
11.21
-0
16.2218
-0
-0
-0
3.89271
-0
8.10665
-0
-0
-0
-0
-0
62.209
-0
-0
-0
-0
-0
-0
-0
-0
13.3627
32.1866
-0
-0
-0
0.0749099
-0
-0
-0
-0
-0
30.0434
-0
-0
-0
-0
-0
-0
2.03392
-0
-0
-0
53.7238
-0
21.8343
-0
70.7622
-0
-0
44.0669
5.92059
-0
-0
20.6526
-0
-0
19.549
-0
3.18443
-0
-0
-0
-0
-0
-0
-0
-0
6.40351
-0
14.463
-0
-0
-0
9.11904
-0
-0
-0
31.602
-0
-0
0.178136
-0
-0
-0
51.8953
-0
-0
-0
-0
-0
-0
1.56151
-0
36.5648
-0
7.6766
5.05169
-0
-0
-0
-0
2.06411
-0
-0
-0
20.4722
-0
12.6272
-0
-0
-0
22.1971
-0
-0
-0
-0
-0
-0
-0
-0
-0
-0
5.57948
3.77505
-0
-0
-0
-0
2.5856
-0
75.4753
-0
-0
-0
-0
0.203722
-0
-0
-0
11.1751
10.5188
50.3875
12.9172
-0
0.235009
-0
-0
21.675
-0
-0
-0
-0
28.3829
-0
22.5403
-0
10.7932
-0
-0
-0
-0
-0
-0
10.7653
-0
-0
-0
0.753233
-0
-0
25.8386
-0
-0
-0
-0
-0
-0
1.66888
-0
-0
-0
32.1671
-0
-0
4.21836
-0
-0
-0
-0
15.749
4.53601
-0
-0
-0
41.7975
7.62948
-0
-0
20.8806
-0
-0
-0
-0
-0
-0
-0
-0
9.05873
-0
-0
-0
-0
-0
1.60421
-0
-0
47.0509
-0
14.6471
-0
-0
-0
-0
29.4757
-0
-0
-0
-0
-0
-0
-0
-0
-0
-0
-0
-0
-0
-0
16.47
18.2901
0.604368
26.5169
-0
-0
-0
33.2114
-0
-0
-0
8.0309
-0
-0
22.3981
-0
6.90521
-0
6.27591
28.4441
-0
-0
-0
-0
-0
42.9504
47.1297
-0
9.84573
29.5201
-0
-0
4.32199
-0
-0
-0
-0
-0
-0
-0
4.25564
-0
0.493335
-0
-0
-0
-0
-0
-0
-0
-0
-0
-0
-0
-0
-0
-0
29.4483
-0
-0
-0
-0
-0
-0
-0
-0
33.1361
47.651
-0
-0
-0
-0
-0
-0
-0
-0
-0
-0
8.5808
37.6854
-0
2.24035
12.2709
-0
-0
1.72877
-0
10.344
-0
-0
-0
-0
25.8265
-0
-0
-0
-0
-0
-0
35.4481
-0
-0
-0
-0
-0
-0
-0
-0
-0
-0
5.31539
-0
-0
-0
-0
-0
-0
-0
-0
-0
-0
-0
-0
14.1517
-0
-0
-0
-0
-0
-0
-0
29.1518
-0
25.3231
-0
34.7112
-0
23.1003
-0
-0
-0
-0
37.1362
1.46995
-0
22.3602
26.2042
-0
-0
-0
14.3295
-0
-0
-0
-0
-0
-0
-0
-0
-0
-0
-0
-0
-0
-0
-0
-0
-0
2.65339
-0
-0
12.3424
-0
-0
0.9016
-0
-0
21.4259
-0
-0
-0
-0
-0
-0
2.10781
-0
-0
-0
-0
-0
-0
-0
-0
-0
7.60134
-0
27.7878
-0
0.551228
-0
-0
-0
27.5745
-0
-0
18.6282
-0
-0
-0
-0
-0
-0
-0
26.9344
-0
19.523
-0
-0
20.4088
-0
-0
-0
-0
-0
-0
-0
-0
-0
-0
-0
-0
-0
-0
-0
-0
-0
-0
-0
-0
-0
33.8867
2.16564
-0
-0
-0
-0
-0
-0
-0
-0
-0
-0
-0
-0
-0
7.35896
-0
29.1909
-0
-0
32.8876
-0
-0
-0
2.74066
-0
-0
-0
-0
-0
13.7814
-0
-0
14.4651
1.91003
26.6961
-0
-0
-0
-0
-0
-0
0.979782
4.75342
40.9015
-0
-0
-0
27.6636
-0
-0
-0
-0
-0
20.8657
-0
-0
-0
3.97081
7.04147
-0
-0
18.7093
-0
-0
-0
-0
-0
1.58723
-0
8.69909
-0
-0
5.41174
16.6814
-0
-0
-0
-0
-0
-0
-0
30.5257
6.95887
3.18243
21.3979
21.243
13.3933
-0
-0
-0
-0
-0
-0
-0
-0
-0
-0
-0
-0
-0
-0
-0
-0
-0
-0
-0
-0
-0
-0
-0
33.2747
36.0679
23.2557
-0
-0
-0
-0
-0
-0
-0
-0
38.5852
-0
-0
-0
-0
-0
-0
-0
7.21766
-0
-0
8.74301
-0
-0
-0
-0
-0
-0
-0
-0
-0
-0
-0
20.6968
-0
46.2908
-0
-0
-0
-0
-0
-0
-0
6.12163
-0
-0
-0
-0
3.7438
-0
-0
-0
-0
-0
-0
6.72213
-0
-0
-0
20.4847
-0
-0
-0
-0
-0
-0
-0
15.3255
9.35525
-0
18.9837
-0
-0
1.75213
-0
-0
-0
6.94016
-0
0.415948
9.55779
1.53862
-0
6.51147
7.41174
4.25003
-0
-0
36.7303
-0
-0
10.8465
-0
-0
-0
-0
-0
23.3073
-0
-0
-0
11.6203
-0
-0
-0
-0
-0
-0
-0
-0
-0
-0
20.6507
-0
-0
16.8911
-0
2.24317
-0
5.7427
-0
-0
-0
-0
-0
-0
-0
-0
-0
-0
-0
2.89517
-0
-0
-0
-0
7.33915
8.60446
-0
-0
-0
20.6602
-0
-0
-0
-0
-0
5.81458
-0
-0
-0
-0
2.2664
-0
-0
-0
-0
-0
-0
24.1459
-0
-0
-0
-0
3.63478
-0
-0
-0
-0
-0
-0
-0
-0
-0
-0
-0
-0
-0
-0
-0
-0
-0
-0
-0
6.25473
-0
-0
-0
-0
-0
-0
-0
31.556
42.5849
-0
-0
-0
34.9779
-0
0.973173
35.6557
3.47758
-0
9.62259
-0
21.9201
-0
16.2386
-0
-0
6.46909
36.7114
-0
-0
-0
-0
33.943
-0
14.3785
-0
-0
-0
-0
-0
-0
-0
7.15149
-0
-0
-0
-0
-0
-0
-0
4.30938
-0
-0
-0
9.07753
0.440043
-0
-0
-0
-0
-0
-0
-0
-0
-0
-0
-0
-0
-0
-0
-0
-0
27.3421
-0
-0
-0
-0
-0
-0
-0
26.373
-0
9.78915
-0
-0
5.70359
29.5881
-0
-0
-0
-0
-0
-0
-0
-0
-0
-0
-0
11.2345
-0
-0
-0
14.1404
10.0343
-0
-0
-0
-0
0.0658387
-0
-0
-0
-0
-0
23.6216
-0
-0
4.42153
-0
1.819
-0
29.9577
-0
-0
-0
-0
-0
-0
11.9826
-0
-0
-0
-0
-0
-0
-0
-0
17.4424
-0
-0
0.111746
-0
-0
-0
5.17561
-0
17.7877
-0
-0
4.91728
4.6772
5.40301
-0
-0
-0
-0
-0
3.56469
-0
-0
-0
-0
-0
-0
26.5817
19.9901
-0
-0
-0
19.5043
-0
-0
-0
-0
-0
-0
-0
-0
-0
-0
-0
-0
-0
-0
-0
16.6396
-0
-0
16.3177
5.76066
-0
-0
10.7172
0.302738
-0
-0
-0
-0
0.206911
-0
18.921
-0
-0
-0
-0
13.252
-0
22.7994
-0
-0
-0
-0
27.4902
15.2628
-0
14.8071
32.7225
12.136
-0
0.191555
-0
-0
-0
-0
13.871
24.7668
-0
-0
-0
39.9049
-0
-0
-0
-0
-0
3.37846
-0
-0
-0
-0
-0
-0
-0
-0
-0
-0
22.1687
-0
-0
42.2888
-0
-0
-0
-0
-0
-0
24.1496
42.6507
-0
-0
-0
-0
8.56782
-0
-0
3.48021
-0
-0
-0
-0
25.982
6.85913
-0
-0
-0
-0
7.35498
-0
37.1828
-0
-0
-0
-0
-0
-0
-0
2.70235
-0
-0
31.0608
-0
23.2784
-0
-0
36.0641
19.6356
-0
-0
-0
-0
-0
-0
-0
3.854
0.64832
-0
-0
7.96011
-0
-0
-0
6.43186
-0
-0
-0
-0
-0
-0
-0
-0
-0
-0
0.760031
37.7164
-0
-0
-0
50.7973
22.0249
-0
10.4235
-0
-0
-0
-0
-0
-0
-0
23.5087
-0
-0
20.9494
-0
-0
0.720333
-0
-0
-0
-0
2.83794
-0
19.8367
-0
-0
-0
-0
-0
12.2192
-0
-0
-0
-0
2.72065
-0
-0
-0
-0
-0
-0
-0
-0
-0
19.3209
-0
-0
-0
-0
5.49584
19.3591
-0
0.785455
0.345274
-0
-0
-0
-0
-0
-0
-0
-0
-0
-0
-0
9.05539
12.3135
-0
-0
-0
-0
-0
-0
-0
-0
29.0823
-0
-0
-0
-0
10.6082
-0
18.0948
-0
-0
-0
26.5736
6.64263
-0
-0
-0
-0
21.4547
-0
-0
-0
-0
-0
52.6906
-0
-0
18.4659
19.0391
-0
-0
-0
-0
-0
39.853
16.9301
13.7299
-0
-0
-0
-0
-0
-0
-0
-0
-0
-0
-0
3.20141
14.7272
12.4956
24.4826
24.9784
-0
-0
-0
-0
-0
-0
-0
-0
-0
-0
-0
-0
-0
-0
-0
-0
-0
-0
-0
-0
-0
-0
-0
-0
-0
-0
-0
-0
-0
15.0439
-0
-0
34.4344
-0
29.4919
-0
-0
-0
-0
-0
-0
-0
-0
-0
-0
6.80287
-0
5.03712
-0
35.4861
34.4385
-0
-0
-0
3.89069
-0
-0
3.16837
-0
0.174293
-0
-0
9.24876
-0
-0
-0
-0
-0
-0
-0
-0
33.028
-0
-0
-0
-0
-0
27.6355
-0
-0
-0
-0
-0
10.689
-0
-0
-0
-0
-0
9.9341
-0
6.79955
-0
-0
15.6084
-0
8.55171
-0
-0
-0
-0
-0
-0
-0
-0
-0
-0
-0
-0
-0
-0
-0
9.51134
-0
48.7848
62.7804
-0
-0
15.9309
-0
-0
-0
-0
-0
1.40715
-0
-0
-0
-0
-0
-0
-0
-0
-0
10.3379
-0
-0
-0
-0
33.0287
-0
-0
-0
-0
9.92654
2.36631
-0
-0
-0
-0
-0
2.41004
-0
-0
-0
-0
-0
-0
44.8129
-0
-0
29.8573
21.3532
-0
-0
4.66279
-0
18.9411
-0
-0
-0
-0
-0
-0
-0
27.0495
-0
-0
-0
-0
-0
-0
40.5635
-0
43.0942
-0
-0
-0
12.6054
-0
-0
3.42535
-0
-0
3.26082
-0
8.82153
6.35601
-0
-0
-0
-0
-0
-0
-0
-0
-0
-0
-0
-0
-0
-0
0.278211
-0
-0
17.7118
-0
-0
-0
-0
-0
-0
-0
-0
-0
8.6609
-0
4.35068
10.5829
-0
-0
11.9242
-0
-0
15.4868
19.8868
-0
0.28333
1.9314
-0
5.01468
3.3998
-0
9.4223
-0
-0
18.162
-0
-0
-0
-0
13.9382
2.59618
-0
-0
-0
12.4722
-0
-0
-0
2.85131
-0
28.4357
-0
-0
12.0084
17.7482
-0
17.2808
-0
-0
-0
26.1191
15.332
-0
4.89367
-0
-0
-0
-0
-0
-0
-0
-0
-0
1.97397
28.1231
-0
-0
-0
-0
-0
-0
-0
-0
-0
61.9171
-0
5.86165
3.95894
33.916
-0
-0
-0
-0
-0
-0
-0
-0
-0
21.0129
-0
-0
6.14606
-0
-0
-0
-0
-0
7.47639
-0
-0
-0
-0
-0
70.0353
-0
-0
-0
-0
-0
12.1967
-0
-0
-0
41.8467
0.53814
-0
-0
-0
-0
-0
51.2131
2.18622
0.33725
-0
-0
-0
-0
-0
-0
2.33086
15.0108
-0
-0
-0
-0
-0
-0
-0
19.8791
8.93041
-0
-0
-0
14.7077
-0
29.3882
3.26306
1.34365
-0
-0
-0
24.8715
-0
4.38072
-0
-0
-0
5.78175
-0
-0
-0
-0
-0
-0
-0
-0
-0
11.8695
-0
-0
-0
15.6277
-0
-0
-0
-0
2.88939
-0
-0
-0
-0
-0
-0
-0
-0
20.3238
42.096
-0
0.128891
-0
-0
-0
-0
24.618
-0
-0
-0
-0
13.9207
-0
-0
30.132
-0
-0
-0
-0
-0
53.7732
-0
15.9763
14.6922
-0
30.4725
-0
-0
-0
-0
-0
-0
-0
-0
26.1063
-0
-0
-0
-0
-0
26.4371
-0
-0
-0
-0
14.9994
2.38108
-0
33.551
-0
-0
-0
12.5729
-0
-0
14.204
-0
-0
-0
-0
-0
11.5225
-0
-0
-0
-0
-0
9.91026
-0
-0
-0
-0
-0
-0
18.7441
-0
0.206205
-0
-0
12.8651
-0
37.3554
-0
1.46133
-0
-0
-0
-0
-0
-0
2.33518
-0
-0
-0
5.68301
-0
-0
14.0186
-0
22.7941
32.9362
16.5165
-0
-0
29.3297
-0
-0
-0
-0
-0
39.5694
-0
-0
-0
-0
-0
-0
-0
-0
-0
-0
-0
-0
-0
-0
56.7942
-0
-0
-0
-0
-0
-0
-0
-0
-0
-0
32.4547
-0
-0
22.6577
-0
17.1374
28.6151
-0
-0
-0
-0
-0
-0
-0
-0
-0
-0
21.1382
-0
1.54756
36.2482
14.8431
-0
-0
3.73838
16.3104
-0
22.0389
-0
-0
-0
11.4501
11.4113
-0
-0
26.9468
-0
19.1596
-0
1.06606
-0
-0
-0
-0
-0
-0
8.99361
17.3826
-0
9.12568
-0
-0
-0
-0
8.22829
-0
-0
-0
-0
-0
-0
28.7563
-0
-0
-0
-0
-0
23.8462
-0
34.5574
-0
12.1516
-0
-0
18.2846
10.858
16.7199
-0
-0
-0
-0
-0
-0
13.8891
-0
-0
-0
-0
-0
12.3554
-0
-0
-0
8.13633
-0
4.53423
-0
-0
-0
-0
3.59675
4.51475
-0
-0
-0
-0
-0
-0
0.571872
-0
18.5001
-0
-0
-0
0.051867
-0
18.3071
-0
-0
-0
-0
3.43518
-0
-0
5.11378
-0
-0
-0
-0
-0
-0
-0
-0
20.8194
-0
23.1029
-0
-0
8.78384
-0
-0
30.8048
-0
-0
-0
-0
9.22405
-0
16.5197
-0
-0
-0
37.1824
-0
-0
19.0906
-0
-0
18.8431
-0
-0
-0
-0
23.6083
-0
-0
-0
2.80301
-0
14.479
-0
-0
-0
-0
-0
-0
-0
-0
-0
7.74431
-0
14.7621
-0
-0
-0
-0
7.83699
-0
3.29814
17.1233
4.3532
-0
12.2283
-0
-0
25.4029
-0
-0
-0
-0
-0
1.32193
-0
15.2843
-0
-0
-0
-0
-0
-0
-0
20.7492
-0
-0
-0
-0
22.6518
28.2543
27.3569
-0
-0
-0
4.94534
-0
-0
-0
4.25168
-0
-0
-0
6.30909
-0
-0
11.3691
20.8486
-0
-0
-0
-0
-0
37.1388
-0
8.56135
-0
-0
-0
25.3939
-0
-0
-0
-0
-0
-0
-0
11.3553
-0
31.3519
2.67991
-0
-0
-0
0.596168
-0
12.2852
32.7912
-0
-0
-0
10.7991
-0
-0
16.9128
-0
-0
25.2536
-0
28.9183
-0
-0
-0
-0
-0
-0
-0
-0
-0
2.79349
-0
-0
-0
-0
-0
-0
49.4181
-0
-0
-0
-0
-0
-0
-0
-0
-0
-0
-0
-0
-0
29.7949
11.5766
11.2539
5.2422
-0
-0
-0
5.25782
-0
-0
6.17427
9.28739
-0
-0
-0
-0
-0
-0
0.719302
-0
-0
-0
17.3647
-0
-0
-0
-0
-0
-0
-0
-0
-0
-0
-0
23.7932
-0
-0
-0
-0
-0
-0
-0
11.9933
-0
-0
-0
-0
59.5836
-0
-0
-0
25.1565
-0
-0
21.9948
15.238
-0
-0
29.4148
-0
26.8219
-0
-0
0.00886793
-0
11.9977
35.0216
-0
-0
3.8595
45.1639
-0
7.95446
18.1428
-0
-0
-0
-0
-0
-0
-0
4.96543
-0
-0
-0
-0
-0
-0
-0
-0
7.00059
-0
-0
-0
25.576
-0
21.1946
-0
-0
-0
-0
11.6705
-0
-0
-0
-0
9.85233
-0
-0
-0
-0
-0
-0
-0
22.2758
-0
-0
-0
-0
-0
-0
1.3379
20.8842
6.76339
0.0210879
4.14159
12.4686
-0
-0
-0
-0
35.129
-0
-0
-0
-0
5.58265
-0
-0
-0
