3.49724
-0
-0
-0
-0
9.97768
-0
-0
-0
19.5717
11.3155
-0
-0
-0
-0
20.1246
-0
-0
-0
-0
-0
6.01869
-0
-0
20.2719
-0
10.2968
-0
-0
-0
-0
-0
-0
-0
0.398997
-0
-0
-0
-0
-0
22.0763
-0
-0
33.173
-0
-0
-0
-0
-0
-0
-0
-0
0.182919
-0
-0
-0
26.8161
3.75363
18.3456
23.779
-0
-0
-0
-0
-0
-0
-0
-0
-0
1.77586
-0
-0
-0
-0
-0
3.94527
15.0415
-0
-0
-0
-0
62.7896
-0
14.4262
15.4116
-0
-0
-0
-0
-0
13.0822
-0
-0
-0
-0
-0
13.9302
-0
-0
-0
-0
-0
-0
35.0972
-0
-0
11.4863
-0
-0
-0
6.75207
-0
-0
-0
-0
36.2932
-0
-0
42.2708
-0
14.2728
-0
2.23823
-0
1.15044
-0
-0
-0
-0
-0
-0
29.9723
-0
-0
-0
-0
-0
43.2562
-0
-0
-0
-0
2.98252
-0
-0
-0
-0
-0
-0
-0
1.02968
-0
-0
16.0456
-0
-0
28.4008
-0
-0
3.71285
-0
-0
-0
-0
37.8082
-0
-0
-0
-0
62.0905
-0
12.0843
-0
-0
-0
-0
-0
-0
-0
-0
-0
-0
-0
-0
-0
-0
-0
-0
55.4832
-0
27.4119
25.8963
-0
-0
-0
-0
-0
2.36512
-0
-0
-0
-0
23.1436
-0
-0
-0
26.2198
-0
8.18163
-0
-0
-0
76.8193
-0
-0
-0
38.8031
-0
-0
-0
-0
-0
-0
14.0939
-0
-0
-0
-0
-0
-0
-0
-0
-0
-0
-0
14.6734
-0
-0
-0
-0
-0
15.9145
-0
-0
-0
-0
16.7729
-0
23.4459
-0
-0
-0
-0
-0
-0
-0
-0
-0
-0
-0
5.86893
-0
-0
-0
-0
-0
-0
-0
-0
-0
-0
31.6826
-0
18.6723
-0
-0
-0
-0
-0
-0
8.94219
-0
-0
4.26751
-0
-0
-0
-0
-0
-0
-0
-0
-0
-0
18.3839
-0
-0
-0
-0
45.9815
-0
-0
4.18173
-0
37.4414
36.5193
-0
-0
35.3333
-0
17.0032
-0
-0
-0
-0
0.831666
-0
-0
-0
-0
-0
-0
-0
27.5148
23.8869
-0
-0
-0
-0
27.7367
-0
-0
-0
-0
-0
-0
-0
-0
-0
-0
-0
-0
-0
-0
2.04203
-0
-0
-0
-0
7.24181
-0
-0
-0
-0
-0
-0
-0
-0
-0
-0
-0
-0
-0
-0
23.172
3.76077
-0
-0
14.7453
-0
-0
-0
1.44718
25.2219
-0
-0
-0
-0
-0
-0
-0
-0
15.325
-0
-0
24.9443
-0
-0
-0
-0
-0
37.2589
-0
-0
-0
-0
-0
-0
-0
-0
-0
-0
-0
-0
-0
-0
-0
-0
-0
0.622911
-0
-0
-0
-0
-0
29.5768
-0
-0
-0
-0
-0
-0
-0
-0
-0
8.52638
-0
-0
-0
-0
-0
-0
-0
-0
25.5268
-0
-0
-0
-0
-0
-0
-0
10.4251
-0
-0
-0
-0
-0
-0
-0
28.1391
13.8867
-0
-0
13.0223
11.1677
-0
-0
-0
-0
-0
-0
-0
-0
28.7214
-0
-0
-0
-0
-0
-0
-0
-0
-0
-0
6.31409
-0
-0
-0
-0
-0
-0
-0
16.0827
-0
-0
-0
5.98791
-0
11.6813
6.61959
-0
-0
-0
-0
48.9102
45.5187
-0
4.46122
65.9597
-0
-0
22.3445
13.0607
-0
-0
5.55649
-0
-0
20.2795
-0
-0
-0
-0
-0
-0
-0
-0
-0
-0
13.7745
-0
-0
-0
-0
-0
-0
-0
-0
-0
-0
-0
-0
-0
20.1629
-0
34.2472
-0
-0
-0
-0
-0
-0
-0
-0
7.602
-0
-0
-0
-0
-0
-0
-0
-0
69.3263
27.5323
-0
-0
-0
-0
-0
-0
22.1279
-0
1.30822
-0
-0
-0
-0
0.709705
-0
-0
-0
-0
-0
-0
-0
-0
34.942
-0
-0
-0
-0
0.640082
-0
2.41746
-0
-0
-0
18.5826
-0
-0
-0
-0
-0
-0
-0
-0
-0
-0
-0
-0
-0
-0
-0
-0
-0
23.5017
-0
-0
-0
7.1336
19.9736
-0
-0
-0
39.2705
-0
-0
-0
-0
-0
-0
5.90865
-0
-0
-0
-0
-0
-0
-0
-0
-0
-0
-0
-0
-0
-0
-0
-0
-0
-0
-0
-0
-0
-0
-0
-0
22.1499
1.8578
-0
-0
-0
-0
-0
11.7175
12.8921
-0
-0
-0
-0
27.0081
7.38794
42.1589
-0
26.165
-0
-0
-0
-0
-0
-0
-0
-0
-0
-0
-0
8.61574
1.92177
3.93338
-0
-0
-0
-0
-0
11.2554
-0
-0
-0
-0
-0
-0
10.4545
4.62421
-0
-0
-0
-0
-0
46.217
-0
-0
-0
-0
-0
-0
-0
-0
-0
-0
-0
23.5206
-0
-0
-0
-0
6.4304
-0
-0
-0
-0
-0
-0
-0
25.5936
-0
-0
-0
-0
-0
0.910303
-0
-0
14.2873
-0
-0
-0
0.284651
-0
-0
-0
-0
-0
-0
-0
31.2077
-0
-0
-0
1.16249
12.0143
-0
-0
-0
19.8754
-0
-0
-0
19.8053
-0
-0
-0
-0
-0
-0
13.8019
1.9253
-0
-0
-0
-0
-0
-0
-0
-0
-0
-0
-0
-0
34.5407
-0
-0
-0
-0
-0
-0
45.3882
26.2618
-0
-0
-0
-0
-0
-0
24.5122
-0
-0
-0
-0
-0
19.1394
-0
-0
-0
-0
-0
-0
-0
20.3537
-0
-0
-0
-0
-0
-0
37.508
-0
-0
-0
25.3365
-0
-0
34.9401
-0
-0
-0
-0
8.6564
-0
-0
49.0237
-0
-0
3.85512
-0
-0
3.57076
11.5851
-0
-0
-0
-0
-0
-0
-0
28.4063
24.6798
-0
-0
-0
-0
-0
1.2367
-0
-0
-0
23.9976
-0
-0
-0
-0
-0
-0
-0
30.3524
-0
-0
-0
-0
-0
-0
-0
-0
-0
-0
14.1152
-0
-0
-0
-0
0.99353
-0
-0
-0
-0
-0
-0
-0
-0
30.5866
-0
-0
-0
-0
-0
-0
47.2688
1.78102
-0
11.4429
-0
-0
-0
-0
-0
22.7159
-0
-0
-0
-0
-0
44.2061
-0
-0
-0
-0
-0
5.52364
-0
-0
-0
-0
-0
-0
28.2516
-0
-0
7.29873
-0
-0
-0
-0
-0
16.8464
-0
12.7964
-0
-0
-0
-0
35.0408
-0
-0
-0
-0
-0
11.0823
-0
-0
-0
-0
-0
-0
-0
-0
41.0059
31.3386
-0
-0
-0
-0
-0
-0
-0
21.9217
-0
-0
-0
-0
19.3189
-0
-0
-0
30.7328
-0
-0
11.1684
-0
-0
-0
-0
-0
-0
-0
3.09083
14.3782
-0
-0
-0
-0
-0
-0
-0
-0
-0
4.88782
8.14316
-0
12.3504
-0
-0
-0
9.59852
-0
-0
5.45155
-0
29.8637
-0
-0
-0
-0
-0
-0
-0
-0
-0
-0
-0
-0
-0
-0
-0
-0
-0
-0
-0
-0
-0
-0
-0
-0
-0
-0
-0
-0
-0
-0
20.8129
33.8941
-0
-0
-0
-0
27.9606
-0
-0
-0
-0
-0
6.74831
-0
20.1765
20.3033
1.47504
-0
-0
-0
-0
-0
-0
-0
31.958
-0
-0
48.1493
-0
-0
-0
-0
-0
-0
-0
11.5955
-0
45.9426
-0
-0
37.8462
-0
-0
-0
-0
-0
-0
-0
-0
51.4201
11.4043
-0
18.8381
-0
-0
-0
-0
10.0486
-0
9.78035
-0
-0
-0
-0
-0
-0
-0
-0
8.13319
-0
-0
-0
-0
-0
-0
9.93334
-0
-0
-0
2.92765
39.8334
-0
-0
-0
-0
-0
-0
-0
-0
-0
-0
0.617462
-0
-0
24.3526
6.44765
-0
-0
-0
-0
-0
-0
0.0633282
-0
-0
-0
21.7378
9.98767
-0
-0
-0
24.5171
-0
-0
-0
-0
-0
30.3625
-0
-0
34.1673
23.4054
-0
-0
-0
-0
13.9283
-0
-0
-0
-0
-0
-0
-0
7.34619
-0
-0
-0
-0
-0
28.9674
-0
-0
33.3116
40.9259
-0
-0
-0
2.46315
-0
-0
-0
-0
-0
-0
-0
-0
-0
-0
-0
-0
54.6671
-0
-0
-0
-0
-0
16.2671
-0
-0
-0
-0
-0
-0
-0
-0
-0
-0
-0
-0
-0
-0
-0
-0
-0
-0
-0
-0
-0
-0
13.3657
-0
-0
46.7768
-0
-0
-0
-0
-0
-0
-0
-0
-0
-0
-0
27.8214
-0
-0
-0
-0
-0
1.04071
-0
-0
5.07951
-0
-0
12.4827
-0
-0
13.6017
-0
-0
8.97121
4.94002
-0
-0
-0
-0
-0
-0
29.9921
1.62698
-0
-0
-0
-0
-0
-0
-0
3.61089
-0
-0
29.7892
-0
-0
-0
-0
-0
16.3406
1.68349
-0
-0
3.23594
6.62012
13.0322
-0
-0
42.3893
-0
23.9001
-0
7.79078
-0
-0
-0
-0
-0
12.1403
19.6054
-0
1.44874
-0
18.1818
-0
-0
20.4271
37.4095
-0
-0
19.0128
-0
-0
-0
30.5499
-0
-0
-0
13.104
-0
1.82585
-0
-0
56.4931
-0
-0
-0
-0
-0
-0
-0
-0
-0
-0
23.1357
-0
-0
-0
-0
22.7567
-0
-0
14.3026
-0
37.2101
-0
-0
-0
-0
-0
-0
-0
-0
-0
-0
-0
-0
-0
-0
-0
-0
2.70437
-0
8.7745
-0
-0
-0
-0
-0
-0
-0
-0
-0
-0
-0
-0
15.0684
-0
-0
-0
-0
-0
-0
-0
8.34795
-0
20.4717
-0
-0
2.24568
-0
23.1448
-0
-0
-0
-0
-0
-0
31.0497
31.4594
-0
-0
-0
-0
-0
-0
-0
29.7512
-0
-0
-0
-0
21.77
-0
-0
-0
-0
-0
-0
11.7796
-0
-0
-0
-0
-0
12.428
-0
29.7367
-0
-0
-0
-0
-0
8.43818
-0
-0
-0
-0
-0
-0
3.76647
-0
-0
-0
-0
-0
-0
-0
-0
-0
-0
-0
-0
-0
-0
-0
-0
-0
-0
-0
-0
-0
-0
-0
-0
-0
-0
45.3714
-0
-0
-0
-0
-0
-0
-0
-0
-0
-0
-0
-0
-0
6.03495
4.07799
-0
25.058
22.6684
31.3843
31.3139
-0
-0
16.0327
-0
-0
-0
-0
-0
11.9549
-0
12.99
-0
-0
-0
0.602645
-0
5.38963
-0
15.7664
-0
0.208374
-0
-0
-0
-0
-0
-0
5.97703
-0
-0
-0
-0
-0
-0
25.8961
22.3164
-0
-0
17.9184
-0
31.7561
-0
-0
-0
-0
-0
32.4258
17.1994
-0
26.2282
39.4867
-0
-0
-0
-0
-0
-0
-0
-0
-0
-0
-0
-0
-0
-0
-0
-0
-0
-0
-0
-0
-0
-0
-0
-0
-0
-0
-0
22.2502
-0
-0
-0
-0
-0
-0
-0
-0
25.021
-0
-0
-0
11.6177
-0
-0
-0
24.4246
-0
-0
-0
-0
40.078
-0
34.8503
-0
-0
-0
-0
-0
43.173
-0
-0
-0
-0
18.0392
-0
-0
-0
-0
-0
-0
-0
-0
-0
6.88788
-0
4.02415
-0
-0
-0
-0
-0
-0
-0
-0
-0
18.3062
-0
-0
-0
-0
-0
-0
-0
-0
-0
-0
-0
4.45922
18.0582
-0
-0
14.3673
-0
3.58248
1.18546
2.71712
-0
-0
-0
4.42717
-0
35.131
-0
-0
-0
-0
-0
-0
17.402
-0
3.77317
5.08177
5.81674
-0
-0
-0
-0
-0
-0
-0
-0
-0
18.242
-0
1.37653
-0
-0
-0
-0
-0
-0
-0
-0
1.75161
-0
-0
36.5263
-0
-0
-0
-0
-0
-0
-0
-0
-0
-0
-0
-0
41.0757
-0
-0
3.05006
-0
-0
-0
-0
-0
-0
2.4835
51.4703
-0
20.7126
-0
-0
-0
-0
-0
-0
-0
-0
-0
-0
-0
-0
-0
-0
-0
-0
-0
-0
-0
-0
-0
-0
-0
-0
-0
-0
-0
-0
-0
-0
-0
-0
-0
-0
-0
-0
-0
-0
29.6429
17.4476
-0
35.9847
-0
-0
-0
-0
-0
5.46917
-0
-0
-0
-0
-0
-0
-0
13.9608
-0
-0
-0
-0
-0
-0
-0
13.5715
-0
-0
-0
-0
-0
-0
-0
-0
-0
0.909389
-0
-0
49.4783
17.7284
-0
-0
-0
-0
-0
-0
-0
-0
-0
10.1069
-0
-0
-0
-0
-0
-0
-0
-0
-0
-0
-0
-0
-0
-0
-0
-0
-0
-0
-0
26.5602
18.1705
-0
55.4485
-0
-0
-0
-0
-0
-0
-0
5.56771
-0
-0
-0
-0
-0
-0
-0
-0
-0
-0
-0
-0
-0
-0
-0
-0
-0
-0
-0
-0
-0
-0
-0
-0
-0
-0
-0
-0
-0
2.16562
-0
-0
-0
-0
9.44243
-0
16.792
-0
-0
-0
-0
-0
25.0055
-0
-0
-0
-0
-0
54.2314
-0
-0
-0
-0
-0
-0
-0
-0
24.1327
40.3
-0
-0
-0
-0
-0
-0
-0
-0
-0
20.1975
-0
-0
-0
-0
-0
-0
-0
-0
-0
-0
52.3845
-0
13.3229
-0
81.6333
-0
-0
21.3461
27.5591
-0
-0
17.9106
-0
-0
2.95606
-0
3.76124
-0
-0
-0
-0
-0
-0
-0
-0
11.6238
-0
0.746006
-0
-0
-0
1.47595
-0
-0
-0
21.0329
-0
-0
-0
-0
-0
-0
30.0905
-0
-0
-0
-0
-0
-0
-0
5.44969
28.5869
-0
-0
42.6112
-0
-0
-0
-0
-0
-0
-0
16.6355
-0
-0
5.04287
-0
-0
2.00282
12.7809
-0
-0
-0
-0
-0
15.1724
-0
-0
-0
-0
16.6561
19.1082
-0
-0
-0
-0
2.47183
-0
78.6386
-0
-0
-0
-0
-0
7.75187
-0
-0
5.89607
-0
28.2643
-0
-0
-0
-0
-0
23.1998
-0
-0
-0
0.686484
14.3997
-0
22.0045
-0
32.1837
-0
-0
-0
-0
4.72556
-0
19.0069
-0
-0
-0
1.10662
-0
-0
35.0865
-0
-0
-0
-0
-0
-0
-0
-0
-0
-0
2.10503
-0
-0
-0
-0
-0
-0
-0
-0
-0
-0
-0
-0
57.4288
-0
-0
-0
28.8171
-0
-0
-0
-0
-0
-0
-0
-0
-0
-0
-0
-0
-0
-0
1.02501
-0
-0
46.8989
-0
4.77407
-0
-0
13.8626
-0
-0
-0
-0
-0
-0
-0
-0
-0
-0
-0
-0
-0
-0
-0
-0
-0
26.6357
28.2855
16.7093
-0
-0
-0
61.9029
-0
-0
-0
17.5148
-0
-0
13.2793
-0
2.25263
8.60599
8.8313
25.6808
-0
-0
-0
-0
-0
39.3528
85.4836
-0
8.0353
31.5642
-0
10.6298
-0
-0
-0
0.546004
-0
-0
-0
-0
3.04248
-0
-0
-0
-0
-0
-0
-0
-0
-0
-0
-0
-0
-0
-0
-0
-0
26.7739
-0
26.0066
-0
-0
-0
-0
-0
-0
24.262
51.6017
-0
9.83556
-0
-0
-0
-0
-0
-0
-0
9.29798
33.0189
47.0625
-0
-0
20.3187
-0
-0
-0
-0
30.4247
-0
-0
-0
-0
23.8894
-0
-0
-0
-0
-0
-0
59.3806
-0
-0
-0
-0
-0
-0
-0
-0
-0
-0
-0
-0
-0
-0
-0
-0
-0
-0
-0
-0
-0
-0
-0
-0
-0
-0
-0
-0
-0
-0
-0
27.5444
-0
13.7976
20.7013
35.5021
-0
36.5306
-0
-0
-0
-0
44.9022
3.36025
-0
7.97587
8.41257
-0
-0
-0
16.6438
-0
-0
-0
-0
-0
-0
-0
-0
-0
-0
-0
-0
-0
-0
-0
-0
-0
-0
-0
-0
19.9583
-0
-0
-0
-0
-0
21.8177
-0
-0
3.74601
-0
-0
-0
3.05597
-0
-0
-0
-0
-0
-0
-0
16.1184
-0
5.67307
-0
18.7932
13.3434
-0
29.1404
-0
-0
1.38163
-0
-0
20.1378
-0
-0
-0
-0
-0
-0
-0
51.744
-0
11.9987
0.0842564
-0
6.89034
-0
-0
-0
-0
-0
-0
-0
-0
20.1302
-0
-0
-0
-0
-0
-0
-0
-0
-0
-0
-0
-0
28.3751
-0
-0
1.94318
-0
-0
-0
-0
-0
-0
-0
-0
-0
-0
-0
-0
-0
34.8325
-0
-0
39.8756
-0
-0
-0
1.02951
-0
-0
-0
-0
5.80873
16.731
-0
-0
5.48629
1.54844
59.3931
-0
-0
-0
-0
-0
-0
17.3423
-0
34.432
-0
-0
-0
26.4086
-0
-0
-0
-0
-0
13.6961
-0
-0
-0
1.89478
-0
-0
-0
-0
-0
-0
-0
-0
-0
4.41757
-0
-0
-0
-0
13.9303
-0
-0
-0
-0
-0
-0
-0
-0
23.0594
-0
19.0876
9.83486
-0
46.1401
-0
-0
-0
-0
-0
-0
21.6438
-0
-0
-0
-0
6.85717
-0
-0
-0
-0
-0
-0
-0
-0
-0
-0
-0
9.34276
57.9604
-0
-0
-0
-0
-0
-0
-0
-0
-0
3.32317
-0
-0
-0
-0
-0
-0
-0
9.21878
-0
-0
-0
-0
-0
-0
-0
-0
-0
-0
-0
-0
-0
-0
-0
-0
38.2881
-0
-0
-0
-0
-0
-0
-0
5.59407
-0
-0
-0
-0
8.83989
-0
-0
-0
-0
-0
-0
8.62714
-0
-0
-0
17.4001
-0
-0
-0
-0
-0
2.18593
-0
12.8269
36.9692
-0
-0
-0
-0
-0
-0
-0
-0
9.12213
-0
30.6841
1.88114
-0
-0
-0
-0
12.9516
-0
-0
16.1419
-0
-0
9.28575
-0
-0
-0
-0
-0
26.0694
-0
-0
-0
43.8139
-0
-0
-0
-0
-0
-0
-0
-0
-0
-0
8.64481
-0
-0
38.6235
-0
15.6105
-0
-0
-0
-0
-0
-0
-0
-0
-0
-0
-0
-0
-0
13.1409
-0
-0
-0
-0
-0
25.4396
-0
-0
-0
-0
-0
-0
-0
-0
-0
5.03333
-0
-0
-0
-0
4.67938
-0
-0
1.17864
-0
-0
-0
27.8961
-0
-0
-0
-0
-0
-0
-0
-0
-0
-0
-0
-0
-0
-0
-0
-0
-0
-0
-0
-0
-0
-0
-0
-0
7.19583
-0
-0
-0
-0
-0
14.7201
-0
21.6525
50.2986
-0
-0
-0
19.2316
-0
-0
25.3471
-0
-0
22.6565
-0
18.9579
-0
12.7491
-0
-0
10.2604
11.6329
-0
-0
-0
-0
31.4087
-0
3.99263
-0
-0
-0
-0
-0
-0
-0
11.9779
-0
-0
-0
-0
7.46243
-0
-0
-0
-0
11.2981
-0
18.7209
-0
-0
-0
-0
-0
-0
-0
-0
-0
-0
-0
-0
-0
26.3004
-0
-0
28.3081
30.6319
-0
-0
-0
-0
-0
-0
-0
26.7183
-0
-0
4.44893
-0
-0
34.2347
-0
-0
-0
-0
-0
-0
-0
-0
-0
-0
-0
19.5076
-0
-0
-0
-0
11.2283
-0
-0
-0
-0
-0
-0
-0
-0
-0
-0
11.2821
-0
-0
-0
-0
-0
-0
29.8385
-0
-0
-0
-0
-0
-0
-0
-0
-0
-0
-0
-0
-0
-0
-0
23.7724
-0
-0
-0
-0
-0
-0
-0
-0
5.80725
-0
-0
15.0825
-0
-0
-0
-0
-0
-0
-0
-0
1.25659
-0
-0
-0
-0
-0
64.3612
7.44567
-0
-0
-0
-0
-0
-0
-0
-0
-0
-0
-0
-0
-0
-0
-0
-0
15.1979
-0
-0
-0
-0
-0
5.09437
0.249625
-0
-0
4.79761
8.48855
-0
-0
-0
14.3277
-0
-0
18.4149
-0
-0
-0
-0
22.6192
24.9934
23.6163
1.95308
-0
-0
-0
16.7323
26.6439
-0
-0
53.4401
9.45306
-0
-0
12.5137
-0
-0
-0
-0
27.4274
-0
-0
-0
4.54406
-0
-0
-0
-0
-0
23.9069
-0
-0
-0
-0
-0
-0
-0
-0
-0
11.1168
14.1316
-0
-0
24.3804
-0
-0
-0
38.839
-0
-0
23.4665
0.651765
-0
-0
-0
-0
-0
-0
-0
-0
-0
-0
-0
-0
0.338004
21.5813
-0
-0
-0
-0
-0
-0
37.7716
-0
-0
-0
-0
-0
-0
-0
-0
-0
-0
50.7185
-0
19.0895
1.01352
-0
63.5542
12.8547
-0
-0
-0
-0
-0
-0
-0
-0
-0
-0
-0
2.42425
4.1481
-0
-0
-0
-0
-0
-0
13.8759
-0
-0
-0
-0
-0
-0
-0
2.53057
-0
-0
5.14219
53.4499
38.5569
-0
-0
-0
-0
-0
-0
-0
-0
-0
49.9128
-0
-0
0.299166
-0
-0
-0
-0
-0
-0
-0
-0
-0
32.4332
19.7719
15.8964
-0
-0
-0
18.4117
-0
-0
7.07187
-0
1.99696
-0
-0
-0
-0
-0
-0
2.48516
-0
-0
3.3539
13.1822
-0
-0
-0
9.62988
0.689636
-0
-0
-0
-0
-0
-0
-0
-0
-0
-0
-0
-0
-0
-0
19.378
4.89594
-0
-0
-0
-0
-0
-0
-0
-0
22.6776
-0
-0
-0
-0
0.0383155
-0
4.57577
-0
-0
-0
26.3245
35.7898
-0
-0
-0
-0
-0
-0
-0
-0
-0
-0
32.5808
15.9229
-0
23.4366
48.1061
-0
-0
0.0412335
-0
-0
4.58666
-0
-0
-0
-0
-0
-0
-0
-0
-0
-0
-0
-0
-0
18.7675
13.4037
30.5791
-0
-0
-0
-0
-0
-0
9.04323
-0
-0
-0
-0
-0
-0
-0
-0
-0
-0
-0
-0
-0
-0
-0
-0
-0
-0
-0
-0
-0
-0
-0
-0
9.91332
-0
-0
22.4718
-0
3.55721
-0
-0
-0
-0
-0
-0
-0
-0
-0
-0
-0
-0
-0
-0
21.4559
42.2393
-0
-0
-0
-0
20.4903
-0
2.66291
-0
11.7018
-0
-0
28.4528
-0
-0
-0
-0
-0
-0
-0
1.21621
-0
-0
-0
-0
-0
-0
-0
-0
-0
-0
-0
-0
-0
38.8765
-0
-0
-0
-0
-0
-0
-0
-0
-0
27.5722
-0
-0
-0
-0
-0
-0
-0
-0
-0
22.928
-0
-0
-0
-0
10.2331
-0
2.37023
1.25794
-0
29.3982
65.9754
-0
-0
13.6697
-0
-0
-0
-0
-0
1.87021
-0
-0
-0
-0
-0
-0
-0
-0
-0
-0
-0
-0
-0
-0
9.88455
-0
-0
-0
4.5861
-0
-0
-0
-0
-0
-0
-0
-0
-0
-0
-0
-0
-0
-0
41.082
-0
-0
36.8155
-0
7.15037
-0
-0
-0
12.6277
-0
-0
-0
-0
-0
-0
-0
38.9891
-0
-0
-0
-0
-0
-0
18.7989
-0
45.3403
-0
-0
-0
17.7378
-0
-0
13.0403
-0
-0
3.5604
-0
-0
-0
-0
-0
-0
-0
-0
-0
-0
-0
-0
-0
-0
-0
-0
-0
10.9558
-0
-0
27.7198
-0
-0
-0
-0
-0
-0
-0
-0
-0
13.2456
-0
4.34851
8.55001
-0
-0
15.175
-0
-0
-0
-0
-0
-0
-0
-0
-0
-0
-0
-0
-0
-0
-0
-0
-0
-0
-0
-0
-0
-0
-0
-0
0.262293
-0
-0
-0
-0
-0
34.637
-0
-0
34.4985
39.448
-0
16.2867
-0
-0
-0
6.57161
12.2915
-0
7.85983
-0
-0
-0
-0
-0
-0
6.39709
-0
-0
6.41656
36.5906
-0
-0
-0
-0
-0
-0
-0
-0
-0
53.8831
-0
9.10943
8.25213
26.5566
-0
-0
-0
-0
-0
-0
-0
-0
-0
19.9089
26.4712
-0
34.393
-0
-0
-0
-0
-0
3.10576
-0
-0
-0
-0
-0
42.3573
-0
-0
-0
-0
-0
8.55961
-0
-0
-0
29.1195
-0
-0
-0
-0
-0
-0
66.9859
-0
-0
-0
-0
-0
-0
0.0570667
-0
-0
9.83466
-0
-0
-0
-0
-0
-0
-0
-0
8.60512
-0
-0
-0
-0
-0
2.38156
4.75534
-0
-0
-0
-0
12.1466
-0
8.29998
-0
-0
-0
-0
-0
-0
-0
-0
-0
-0
-0
-0
-0
-0
-0
-0
4.0892
7.94383
-0
-0
-0
-0
-0
-0
-0
-0
-0
-0
-0
-0
-0
14.394
53.6099
-0
-0
-0
-0
-0
-0
-0
-0
-0
-0
-0
-0
-0
-0
23.9109
-0
-0
-0
-0
-0
74.1806
-0
13.8348
22.2125
-0
17.5711
-0
-0
-0
-0
-0
-0
-0
-0
6.85964
-0
-0
-0
-0
-0
1.87596
-0
-0
-0
-0
-0
-0
-0
37.2465
-0
-0
-0
30.937
-0
-0
4.95554
-0
-0
-0
29.909
-0
-0
-0
-0
-0
5.51452
-0
-0
-0
-0
-0
-0
5.51517
-0
41.7033
-0
-0
-0
-0
33.718
-0
-0
-0
-0
-0
-0
0.389217
-0
-0
-0
-0
-0
-0
-0
-0
-0
-0
28.8266
-0
-0
38.4621
9.16141
-0
-0
34.1876
-0
-0
-0
-0
-0
49.5974
-0
-0
-0
-0
-0
-0
-0
-0
-0
-0
-0
-0
-0
-0
48.1452
-0
-0
-0
-0
-0
-0
-0
-0
-0
-0
1.04315
-0
-0
17.3503
-0
-0
53.0176
-0
-0
-0
-0
-0
-0
-0
-0
-0
-0
53.3287
-0
-0
31.116
4.64795
-0
-0
-0
32.4681
-0
-0
-0
-0
-0
-0
-0
2.2854
-0
10.0863
-0
6.55188
-0
-0
-0
-0
-0
-0
-0
-0
-0
20.7658
11.2416
-0
-0
-0
-0
-0
-0
-0
-0
-0
-0
-0
-0
-0
-0
-0
-0
-0
-0
17.6636
-0
32.0885
-0
12.2222
-0
-0
52.2927
14.6811
42.8844
-0
-0
-0
-0
-0
-0
-0
-0
-0
-0
-0
-0
-0
-0
-0
-0
-0
-0
5.63242
-0
-0
-0
-0
-0
-0
-0
-0
-0
-0
-0
-0
-0
-0
2.72612
-0
-0
-0
-0
-0
38.032
-0
-0
-0
-0
-0
-0
-0
-0
-0
-0
-0
-0
-0
-0
-0
-0
21.8221
-0
3.45216
-0
-0
-0
-0
-0
27.984
-0
-0
-0
-0
12.5961
-0
19.6766
-0
-0
-0
10.3809
-0
-0
2.16697
-0
-0
11.8173
-0
-0
-0
-0
16.6858
-0
-0
-0
-0
-0
28.6694
-0
-0
3.05485
-0
-0
-0
-0
-0
-0
-0
-0
-0
-0
-0
-0
-0
9.70635
-0
2.49737
50.0571
-0
-0
5.5984
-0
-0
25.3829
-0
-0
-0
-0
-0
4.43843
-0
-0
-0
-0
-0
-0
-0
-0
-0
7.49766
-0
-0
-0
-0
9.77799
13.0641
36.6683
-0
-0
-0
3.68565
-0
-0
-0
-0
-0
-0
-0
18.3735
-0
-0
-0
26.6772
-0
-0
-0
-0
-0
45.9901
-0
0.912845
-0
-0
-0
38.0486
-0
-0
-0
-0
-0
-0
-0
-0
-0
12.7094
3.63768
-0
-0
-0
15.7303
-0
12.9923
18.823
-0
-0
-0
-0
-0
-0
0.59196
-0
-0
-0
-0
-0
-0
-0
-0
10.7564
-0
-0
15.7753
-0
-0
7.39921
-0
-0
-0
-0
-0
-0
58.9543
-0
-0
-0
-0
-0
-0
-0
-0
-0
-0
-0
-0
-0
57.6736
1.15397
22.1778
-0
-0
-0
-0
-0
-0
-0
-0
30.5581
-0
-0
-0
-0
-0
-0
-0
-0
-0
-0
30.5489
-0
-0
-0
-0
-0
-0
-0
-0
-0
-0
13.4237
24.6738
-0
-0
-0
-0
-0
-0
-0
22.8857
-0
-0
-0
-0
60.0517
-0
-0
-0
-0
-0
1.8352
18.3529
24.9336
-0
-0
43.3427
-0
-0
5.28412
-0
14.8211
-0
-0
59.711
-0
-0
2.74864
44.1524
-0
25.5267
21.3342
-0
-0
-0
-0
-0
-0
-0
4.18994
-0
-0
-0
-0
-0
-0
-0
-0
10.8897
-0
-0
-0
4.42344
-0
10.2244
-0
-0
-0
-0
5.0836
-0
-0
-0
-0
-0
-0
-0
-0
-0
-0
-0
-0
6.50773
-0
-0
-0
-0
-0
-0
-0
43.3883
29.7395
-0
14.7497
7.49987
-0
-0
-0
-0
30.0599
-0
-0
-0
-0
-0
-0
-0
-0
