1.13714
-0
-0
-0
-0
-0
-0
-0
-0
0.858248
36.4202
-0
-0
-0
-0
11.7975
-0
-0
0.299164
-0
-0
-0
-0
27.473
3.62236
-0
17.9535
-0
-0
-0
-0
-0
-0
-0
2.36595
-0
-0
-0
-0
-0
-0
-0
-0
23.6772
-0
-0
-0
8.47723
-0
3.76472
-0
-0
-0
5.74959
-0
-0
4.3669
0.833117
-0
54.7025
-0
-0
-0
-0
0.621634
-0
-0
-0
1.32243
2.49492
-0
-0
-0
-0
-0
0.635704
37.0739
-0
-0
-0
-0
77.2166
-0
-0
29.518
-0
-0
-0
-0
-0
34.6503
-0
-0
-0
-0
-0
1.7952
-0
1.70662
-0
-0
-0
-0
-0
-0
-0
8.43435
-0
-0
-0
-0
-0
-0
-0
-0
-0
-0
-0
28.1931
1.68322
29.2024
-0
-0
-0
-0
-0
-0
-0
-0
-0
8.62253
50.027
1.64362
-0
2.9299
-0
-0
43.9308
-0
-0
-0
-0
20.7843
-0
-0
-0
-0
-0
-0
-0
-0
-0
-0
35.1496
26.6987
-0
23.0357
-0
-0
3.67393
5.72259
-0
-0
-0
4.18943
-0
-0
-0
-0
42.1802
-0
12.3355
-0
-0
-0
-0
-0
-0
2.63871
3.19501
-0
-0
-0
-0
-0
8.76185
-0
-0
57.5946
-0
32.9262
-0
3.36252
-0
-0
-0
-0
-0
-0
-0
-0
-0
16.0979
-0
10.3588
-0
14.576
-0
-0
-0
-0
-0
76.3395
-0
-0
-0
11.6596
-0
-0
-0
-0
-0
-0
-0
-0
-0
-0
-0
-0
2.93128
-0
0.885275
-0
-0
-0
-0
-0
-0
-0
-0
-0
-0
-0
-0
-0
-0
-0
-0
-0
-0
-0
-0
0.143659
18.7661
-0
15.5351
-0
10.8446
-0
-0
1.33845
6.04037
-0
-0
-0
-0
-0
11.6252
-0
-0
-0
34.1308
-0
12.7958
-0
-0
-0
-0
-0
-0
16.801
6.97573
-0
33.3068
-0
-0
-0
-0
-0
-0
-0
-0
31.4644
-0
29.3622
-0
-0
-0
-0
25.6513
-0
0.814956
0.467137
-0
1.86576
21.1557
-0
-0
-0
-0
-0
-0
-0
-0
-0
0.437046
-0
-0
-0
0.0651397
-0
-0
-0
40.034
13.9228
-0
-0
-0
-0
29.3467
-0
-0
2.99959
-0
-0
-0
-0
-0
-0
3.14289
-0
-0
-0
-0
-0
-0
-0
-0
-0
-0
-0
-0
-0
-0
-0
-0
-0
-0
10.1208
-0
4.40247
-0
-0
15.715
-0
4.76809
-0
-0
-0
-0
-0
16.1124
0.962997
-0
-0
-0
-0
-0
-0
-0
-0
-0
-0
-0
-0
46.6041
-0
-0
-0
-0
-0
-0
-0
-0
-0
-0
-0
23.3648
-0
12.4949
-0
-0
-0
-0
-0
-0
-0
-0
21.7519
0.92055
-0
-0
-0
-0
-0
28.484
-0
-0
-0
-0
6.16273
-0
-0
-0
-0
9.75297
-0
-0
-0
-0
-0
-0
-0
-0
20.3327
-0
-0
-0
-0
-0
-0
-0
-0
-0
-0
-0
-0
-0
-0
-0
24.4326
20.3165
-0
-0
-0
9.74125
-0
-0
-0
-0
-0
-0
-0
-0
19.5949
-0
-0
-0
-0
-0
-0
-0
-0
-0
-0
5.65385
10.3895
-0
-0
17.4749
-0
-0
-0
-0
-0
-0
-0
-0
-0
46.7399
10.7342
-0
-0
-0
-0
34.3399
-0
-0
-0
45.0044
-0
-0
23.6469
5.32833
-0
-0
1.43006
-0
-0
-0
-0
-0
-0
-0
-0
-0
-0
-0
7.48891
-0
-0
-0
-0
-0
-0
-0
-0
6.29961
-0
-0
-0
-0
-0
-0
-0
-0
9.65765
-0
-0
-0
-0
-0
-0
-0
-0
15.7644
-0
-0
-0
1.83043
-0
-0
-0
-0
51.9172
36.0017
-0
-0
-0
-0
-0
-0
-0
-0
0.221385
-0
-0
-0
-0
-0
-0
9.2846
-0
-0
-0
-0
-0
-0
17.4691
-0
-0
-0
-0
-0
-0
-0
-0
-0
-0
22.2963
-0
-0
8.80974
-0
-0
9.19078
-0
-0
8.9325
-0
5.87243
-0
-0
-0
-0
-0
-0
21.844
-0
15.788
-0
-0
26.6501
-0
-0
-0
70.5597
-0
9.69063
-0
-0
-0
-0
7.03861
-0
-0
-0
-0
0.100884
-0
-0
-0
-0
-0
-0
-0
-0
-0
-0
-0
-0
-0
-0
-0
-0
-0
-0
27.8642
37.4803
6.36696
-0
-0
-0
-0
-0
10.2951
11.8774
-0
-0
-0
-0
47.0968
-0
43.9479
-0
4.46884
-0
-0
-0
-0
8.95104
-0
-0
7.4404
-0
-0
-0
21.8235
2.50004
8.14592
-0
-0
3.84731
-0
-0
54.792
-0
-0
-0
-0
-0
-0
23.9945
-0
-0
-0
-0
-0
-0
25.8592
-0
-0
-0
19.4639
-0
-0
-0
-0
-0
-0
-0
32.6831
-0
-0
-0
-0
13.8669
-0
-0
-0
-0
-0
-0
-0
23.5805
-0
-0
-0
-0
-0
13.1707
-0
-0
-0
-0
-0
-0
0.710321
-0
-0
-0
-0
-0
-0
-0
24.8584
-0
-0
-0
2.73028
0.556092
-0
-0
-0
27.1263
-0
-0
-0
17.5133
-0
-0
10.5898
-0
-0
-0
10.3342
-0
6.14986
-0
-0
-0
-0
-0
-0
-0
13.6574
-0
-0
-0
-0
-0
-0
-0
-0
-0
-0
35.7227
49.5156
-0
-0
-0
-0
-0
-0
11.3551
-0
-0
-0
18.959
-0
-0
-0
-0
-0
-0
-0
-0
-0
31.5763
-0
12.522
-0
-0
-0
-0
31.2286
-0
-0
-0
26.2192
-0
-0
45.1951
-0
-0
-0
-0
10.7129
-0
-0
69.7058
-0
-0
21.3757
-0
-0
36.054
11.7745
-0
-0
-0
-0
-0
-0
-0
34.9689
19.6333
-0
-0
-0
-0
-0
15.6683
-0
-0
5.34694
15.9614
19.1868
-0
-0
-0
3.82879
-0
-0
6.25563
-0
22.0489
-0
-0
-0
-0
-0
-0
27.7567
1.71486
11.6372
-0
-0
-0
-0
4.29412
-0
-0
-0
-0
-0
-0
-0
-0
1.37936
-0
-0
-0
-0
-0
-0
19.2286
-0
-0
6.61737
-0
1.80038
-0
-0
-0
39.2598
-0
-0
-0
-0
6.37374
32.0086
-0
-0
-0
-0
-0
2.94119
-0
-0
16.2509
-0
-0
-0
20.4258
-0
-0
9.79179
-0
-0
-0
-0
-0
22.7268
-0
-0
-0
-0
-0
-0
-0
-0
-0
4.60093
-0
-0
13.3572
-0
-0
14.4551
-0
-0
-0
-0
-0
31.8468
32.5667
-0
-0
-0
-0
-0
-0
-0
8.49789
-0
-0
-0
-0
12.6472
-0
-0
-0
-0
-0
-0
1.87914
26.8102
-0
-0
-0
-0
-0
-0
4.85739
17.8692
-0
-0
-0
-0
-0
2.49863
-0
-0
-0
-0
-0
-0
8.57954
-0
-0
-0
35.0009
-0
-0
17.3828
-0
-0
-0
2.62368
-0
-0
-0
10.1185
-0
-0
-0
-0
-0
-0
-0
-0
-0
-0
-0
-0
-0
-0
-0
-0
-0
-0
-0
-0
-0
-0
-0
-0
3.18035
45.0456
-0
-0
-0
-0
37.2623
-0
-0
-0
-0
-0
-0
-0
20.6008
15.5483
32.0825
-0
-0
-0
-0
-0
-0
-0
16.8597
-0
-0
45.8368
-0
-0
-0
-0
-0
-0
-0
17.5042
-0
45.0787
-0
-0
44.078
-0
-0
6.60967
-0
-0
-0
-0
-0
48.1885
25.9581
-0
-0
-0
-0
-0
-0
3.1143
-0
31.3694
-0
5.53244
-0
-0
-0
-0
-0
-0
3.7387
-0
-0
-0
15.0445
-0
-0
11.7886
-0
-0
-0
-0
30.3825
21.855
-0
-0
-0
-0
-0
-0
-0
-0
-0
14.8404
-0
-0
26.0169
4.14283
-0
-0
-0
-0
-0
-0
-0
-0
-0
-0
13.0543
23.5079
-0
-0
-0
15.2364
-0
-0
-0
-0
-0
35.4048
-0
-0
11.5171
-0
-0
-0
-0
-0
-0
19.5022
-0
-0
-0
-0
-0
-0
-0
-0
-0
-0
1.21702
-0
-0
-0
-0
13.8965
8.75068
9.70093
-0
-0
-0
-0
26.824
-0
-0
-0
-0
-0
-0
-0
-0
-0
-0
14.9842
-0
-0
-0
-0
-0
1.59819
-0
-0
-0
3.08282
-0
-0
-0
3.50332
-0
30.7172
-0
-0
-0
-0
-0
-0
-0
-0
-0
-0
-0
-0
3.3614
-0
-0
-0
11.1592
-0
-0
-0
4.79933
-0
-0
-0
-0
-0
-0
5.52675
-0
-0
-0
-0
-0
-0
-0
-0
-0
-0
-0
-0
-0
-0
-0
-0
-0
-0
-0
-0
-0
-0
-0
-0
-0
36.7201
-0
-0
-0
36.1192
-0
-0
-0
-0
8.40516
-0
-0
8.48381
-0
-0
-0
-0
-0
11.5794
13.3615
-0
-0
12.2405
1.03272
7.78568
-0
-0
25.6816
-0
32.2611
-0
-0
-0
-0
-0
1.87094
-0
44.1761
4.6749
-0
-0
-0
3.8857
-0
-0
-0
68.923
-0
-0
22.5065
-0
-0
3.33771
42.4569
-0
-0
-0
8.45417
-0
-0
-0
-0
57.6549
-0
-0
-0
-0
-0
-0
-0
-0
-0
-0
-0
-0
5.19154
-0
-0
17.3055
-0
-0
-0
0.000297189
36.1486
-0
-0
-0
15.1525
-0
-0
-0
-0
8.62194
14.6171
-0
-0
-0
-0
-0
8.88932
-0
-0
57.4024
-0
-0
-0
-0
-0
-0
-0
-0
-0
-0
-0
-0
-0
-0
-0
-0
-0
-0
-0
-0
1.24444
-0
22.5883
-0
-0
-0
5.71745
40.266
-0
-0
-0
-0
-0
-0
15.7549
38.2049
-0
-0
-0
-0
0.822084
-0
-0
59.6752
-0
0.0996788
-0
-0
13.2502
-0
-0
-0
-0
-0
-0
24.2252
-0
-0
-0
27.853
-0
-0
-0
-0
-0
-0
-0
-0
0.944898
1.29866
-0
-0
-0
-0
-0
-0
29.787
-0
-0
-0
-0
-0
-0
-0
-0
-0
-0
-0
-0
2.91719
-0
-0
-0
-0
-0
-0
-0
-0
-0
-0
-0
-0
-0
68.8111
-0
-0
-0
-0
-0
-0
-0
20.0622
-0
-0
-0
-0
-0
6.32454
-0
-0
16.8171
-0
12.4812
-0
-0
-0
13.7974
-0
-0
-0
-0
-0
-0
-0
12.4273
-0
-0
-0
-0
-0
20.9001
-0
49.176
-0
-0
-0
-0
-0
-0
-0
-0
-0
-0
-0
-0
-0
-0
-0
29.612
27.3482
-0
-0
7.26535
-0
34.6479
-0
-0
-0
-0
-0
64.997
2.45914
-0
31.2657
18.3815
-0
-0
-0
-0
-0
-0
-0
-0
-0
-0
17.6052
17.7086
22.5379
-0
-0
-0
-0
-0
-0
-0
-0
-0
-0
-0
-0
-0
-0
32.3661
-0
-0
-0
-0
-0
-0
-0
-0
2.65768
-0
-0
-0
11.8047
-0
-0
-0
5.03273
-0
-0
-0
-0
60.3813
-0
42.026
-0
-0
-0
1.19861
-0
25.0675
-0
-0
-0
-0
12.1093
-0
-0
-0
-0
-0
-0
-0
-0
-0
-0
-0
5.73816
-0
-0
-0
5.14962
-0
-0
-0
-0
6.05532
-0
-0
-0
-0
6.67026
-0
-0
-0
-0
-0
-0
-0
9.32361
-0
-0
-0
-0
-0
3.39254
2.74593
5.384
-0
-0
-0
-0
-0
8.48696
-0
0.0497706
-0
-0
-0
-0
27.9912
25.0278
-0
-0
-0
-0
-0
-0
-0
-0
7.04221
-0
-0
-0
14.5773
-0
-0
-0
-0
-0
-0
-0
21.3846
-0
-0
16.9571
-0
-0
36.3541
-0
-0
-0
2.9182
13.6093
-0
-0
-0
-0
-0
-0
-0
47.8213
-0
4.206
3.90318
-0
-0
-0
6.4121
-0
-0
12.652
71.4535
-0
57.3788
-0
-0
-0
-0
-0
-0
-0
-0
-0
-0
-0
1.16949
-0
-0
-0
-0
-0
-0
-0
-0
-0
-0
-0
12.003
-0
-0
-0
-0
-0
-0
-0
-0
-0
-0
-0
-0
-0
-0
59.2179
12.3466
-0
60.869
-0
-0
-0
-0
-0
-0
-0
-0
-0
-0
-0
-0
-0
11.4163
-0
-0
-0
-0
-0
-0
-0
9.06151
-0
-0
-0
-0
-0
-0
26.29
-0
-0
-0
-0
-0
31.4222
32.7438
-0
-0
-0
-0
12.4406
-0
-0
-0
-0
0.782891
-0
2.92272
-0
-0
-0
36.955
-0
-0
-0
-0
-0
-0
-0
1.43724
-0
-0
-0
-0
-0
34.2942
10.5881
-0
-0
-0
-0
-0
-0
-0
-0
-0
-0
-0
-0
-0
-0
-0
-0
-0
-0
12.176
-0
-0
-0
-0
-0
-0
-0
-0
-0
-0
16.7774
-0
-0
-0
-0
-0
-0
-0
-0
15.3596
2.18046
-0
-0
-0
-0
2.94244
-0
11.3057
-0
-0
-0
-0
-0
24.8601
-0
-0
-0
-0
-0
88.0349
-0
-0
-0
-0
-0
-0
-0
-0
-0
40.9118
-0
-0
-0
-0
-0
-0
-0
-0
-0
18.9067
-0
-0
-0
-0
-0
-0
19.6522
-0
-0
-0
66.3058
-0
12.6709
-0
65.1255
-0
-0
31.2805
6.85342
-0
-0
-0
-0
-0
17.9686
-0
2.56819
-0
-0
-0
-0
-0
-0
-0
-0
12.5562
-0
55.2568
-0
-0
-0
1.1579
-0
-0
-0
37.3714
-0
-0
5.98019
-0
-0
-0
50.6014
-0
-0
-0
-0
-0
-0
1.31819
5.68191
25.0934
-0
-0
17.133
-0
-0
-0
-0
15.1531
-0
-0
-0
8.42435
-0
32.9701
-0
-0
-0
-0
-0
-0
-0
-0
-0
4.17434
7.61102
-0
-0
-0
-0
4.29859
-0
-0
-0
-0
2.26952
-0
51.9288
-0
-0
-0
-0
0.0101867
2.96341
-0
-0
11.366
0.805059
31.7795
21.1355
-0
2.09503
-0
-0
42.7092
-0
-0
-0
3.40484
29.5533
-0
24.1709
-0
-0
-0
-0
-0
-0
13.0484
-0
14.3767
-0
-0
-0
1.57588
-0
-0
31.5543
-0
-0
-0
-0
-0
-0
18.9068
-0
-0
-0
38.3058
-0
-0
3.65373
-0
-0
-0
-0
2.87781
22.352
-0
-0
-0
52.6672
-0
-0
-0
46.2702
-0
-0
-0
-0
-0
-0
-0
-0
-0
-0
-0
-0
-0
-0
2.62764
-0
-0
29.3418
-0
28.8245
-0
-0
-0
-0
18.1554
-0
-0
-0
-0
-0
-0
0.113337
-0
-0
-0
-0
-0
-0
-0
41.476
12.3085
-0
31.226
-0
-0
4.24044
50.4774
-0
-0
-0
10.0123
-0
-0
28.6318
-0
-0
-0
40.2462
50.8879
-0
-0
10.82
-0
-0
53.1438
55.6187
-0
14.162
31.7212
-0
-0
-0
-0
-0
7.69983
-0
-0
-0
-0
-0
-0
-0
-0
-0
-0
-0
-0
17.4374
-0
-0
-0
-0
-0
-0
-0
-0
22.6458
-0
-0
-0
-0
-0
-0
-0
-0
35.1288
69.2587
-0
6.17052
-0
-0
-0
-0
-0
-0
-0
-0
20.8617
37.8165
-0
-0
-0
-0
-0
-0
-0
43.7483
-0
-0
-0
-0
18.9341
-0
-0
-0
-0
-0
-0
21.955
-0
-0
-0
-0
-0
-0
-0
-0
-0
-0
-0
-0
-0
-0
-0
-0
-0
-0
-0
-0
-0
-0
-0
-0
-0
-0
-0
-0
-0
-0
-0
4.11983
-0
53.1423
-0
17.9588
-0
36.2302
-0
-0
-0
-0
34.4885
-0
-0
5.19419
39.4035
-0
-0
-0
-0
-0
-0
-0
-0
-0
-0
-0
-0
-0
-0
-0
-0
-0
-0
-0
1.90972
-0
-0
-0
-0
15.9345
-0
-0
-0
-0
-0
36.5399
-0
-0
-0
-0
-0
-0
1.00284
-0
-0
-0
-0
-0
3.77464
-0
17.0731
-0
6.5306
-0
20.0796
23.8459
-0
33.447
-0
-0
7.0812
-0
-0
29.8199
-0
-0
-0
-0
-0
-0
-0
40.0379
-0
-0
1.7382
-0
-0
-0
-0
-0
-0
-0
-0
-0
-0
5.32975
-0
-0
3.92893
-0
-0
-0
-0
-0
-0
-0
2.7719
-0
43.7722
-0
-0
-0
-0
-0
-0
-0
-0
-0
-0
-0
-0
-0
-0
-0
-0
40.413
-0
-0
40.3762
-0
-0
-0
0.356001
-0
-0
-0
-0
-0
-0
-0
-0
32.0508
1.04434
21.4713
-0
-0
-0
-0
-0
-0
3.74023
-0
18.9819
-0
-0
-0
-0
-0
-0
-0
36.7935
-0
20.8777
-0
-0
-0
9.5894
-0
-0
-0
3.70214
-0
-0
-0
-0
-0
-0
-0
-0
-0
-0
-0
-0
-0
-0
-0
-0
-0
-0
-0
40.6504
5.73829
37.825
47.4454
-0
64.9886
-0
-0
-0
-0
-0
-0
1.61013
-0
-0
-0
-0
-0
-0
-0
-0
-0
-0
-0
-0
-0
-0
-0
-0
24.943
14.6224
7.99528
-0
-0
-0
-0
-0
-0
-0
-0
16.6695
-0
-0
-0
-0
-0
-0
-0
9.36157
-0
-0
45.1685
-0
-0
-0
-0
-0
-0
-0
-0
-0
-0
-0
7.97046
-0
43.2477
-0
-0
-0
-0
-0
-0
-0
18.1153
-0
-0
22.2976
-0
10.4548
-0
-0
-0
-0
-0
-0
6.34231
-0
-0
-0
30.5467
-0
-0
11.9904
-0
-0
14.1867
-0
-0
3.76828
-0
-0
-0
-0
-0
-0
-0
-0
5.39533
-0
-0
15.8285
-0
-0
1.94119
-0
-0
-0
-0
15.7345
23.0427
-0
14.2414
-0
-0
-0
-0
-0
25.4032
-0
-0
-0
33.5669
-0
-0
-0
-0
-0
-0
-0
-0
-0
-0
23.9335
-0
-0
28.0182
-0
6.22687
-0
-0
-0
-0
-0
-0
-0
-0
-0
-0
-0
-0
-0
-0
-0
-0
-0
-0
-0
-0
5.10097
-0
-0
22.5762
-0
-0
-0
-0
-0
4.36644
-0
-0
-0
-0
3.13339
-0
-0
-0
-0
-0
-0
72.8046
-0
-0
-0
-0
-0
-0
-0
-0
-0
-0
1.53031
-0
-0
-0
-0
-0
-0
-0
-0
2.89035
-0
-0
-0
-0
1.46847
-0
-0
-0
-0
-0
-0
-0
4.51955
62.8874
-0
-0
-0
21.4988
-0
22.5178
4.36915
-0
-0
15.4955
-0
1.4028
-0
-0
-0
-0
14.1591
38.0408
-0
-0
-0
-0
11.9233
-0
10.509
-0
-0
-0
-0
-0
-0
-0
18.9347
-0
-0
-0
-0
28.8137
-0
-0
0.974158
-0
-0
-0
-0
-0
-0
-0
-0
-0
-0
-0
-0
-0
-0
-0
-0
-0
26.3496
-0
-0
-0
11.1399
-0
-0
-0
-0
-0
-0
-0
27.3754
-0
-0
14.5252
-0
-0
25.4975
-0
-0
-0
-0
-0
-0
-0
-0
-0
-0
0.845295
-0
-0
-0
-0
25.5798
13.6037
-0
0.213623
-0
-0
-0
-0
-0
-0
-0
-0
20.2735
-0
-0
-0
-0
-0
-0
-0
-0
-0
-0
-0
-0
-0
20.7761
-0
-0
-0
-0
-0
-0
-0
-0
20.9981
-0
-0
-0
-0
-0
-0
13.8315
-0
28.8406
-0
-0
5.26868
-0
9.6408
-0
3.04277
-0
-0
-0
1.70685
10.5309
-0
-0
-0
-0
-0
-0
12.9815
-0
-0
-0
10.598
-0
-0
-0
-0
-0
-0
-0
-0
-0
-0
-0
-0
9.36226
-0
-0
3.15781
-0
20.9821
12.3802
-0
-0
-0
-0
-0
-0
-0
-0
-0
-0
-0
6.29694
-0
-0
-0
-0
15.219
-0
17.7532
-0
-0
-0
-0
9.50421
39.0901
-0
-0
39.6427
-0
-0
0.436064
21.4255
-0
-0
-0
4.46825
38.3441
-0
-0
-0
-0
-0
16.341
-0
-0
-0
0.532313
-0
-0
-0
-0
-0
-0
-0
-0
-0
-0
25.4933
-0
-0
54.932
-0
-0
-0
5.57719
-0
-0
44.553
31.6412
-0
-0
-0
-0
19.7242
-0
-0
10.4914
-0
-0
27.1321
-0
15.0904
29.3881
-0
-0
-0
-0
4.2708
-0
30.457
-0
-0
-0
-0
-0
-0
-0
-0
-0
-0
16.7516
-0
-0
7.2236
-0
47.5524
19.541
-0
-0
-0
-0
-0
-0
-0
17.4322
-0
-0
-0
4.84727
-0
-0
-0
17.259
-0
-0
-0
-0
-0
-0
-0
-0
-0
-0
3.11881
29.8588
-0
-0
-0
74.085
21.188
-0
-0
-0
-0
-0
-0
-0
-0
-0
35.9529
-0
-0
36.745
-0
-0
28.0342
-0
-0
-0
-0
21.1116
-0
-0
-0
8.04827
-0
-0
-0
46.4872
-0
-0
-0
-0
3.14878
-0
-0
3.4099
-0
-0
-0
-0
-0
-0
1.20796
9.71587
-0
-0
-0
2.81081
21.5623
-0
0.536508
-0
-0
-0
-0
-0
-0
-0
-0
-0
-0
-0
-0
13.8535
12.2399
-0
-0
-0
-0
-0
-0
-0
-0
28.3146
-0
-0
-0
-0
11.229
-0
10.8895
-0
-0
-0
5.14494
-0
-0
-0
-0
-0
9.43335
-0
-0
-0
-0
-0
55.8058
13.4948
-0
30.9979
52.248
-0
-0
-0
-0
-0
16.6746
-0
7.81801
-0
-0
-0
-0
-0
-0
-0
-0
-0
-0
-0
36.7363
10.2311
13.113
-0
22.5156
-0
19.8191
1.81718
-0
-0
-0
-0
0.0847646
-0
-0
-0
-0
-0
3.59688
-0
-0
-0
31.273
-0
-0
-0
-0
0.0437312
-0
-0
-0
-0
-0
-0
-0
-0
-0
13.9348
-0
10.7982
-0
-0
-0
-0
-0
-0
-0
-0
-0
-0
20.962
-0
-0
-0
33.1778
36.6126
-0
-0
-0
1.6131
-0
-0
3.55688
-0
0.123503
-0
9.01754
1.9132
-0
-0
-0
-0
-0
-0
-0
-0
-0
-0
-0
-0
-0
-0
15.6231
-0
-0
-0
-0
0.786469
0.923719
12.4839
-0
-0
-0
-0
-0
0.281051
9.78297
-0
17.6969
21.5688
-0
12.9002
-0
-0
-0
-0
-0
-0
-0
-0
-0
-0
-0
-0
9.07128
-0
-0
4.62174
-0
44.4697
57.0025
-0
1.60222
16.1824
-0
-0
-0
-0
-0
1.40013
-0
-0
-0
-0
-0
-0
-0
-0
-0
2.46816
-0
-0
-0
-0
14.5456
-0
-0
-0
6.83933
7.61518
-0
-0
-0
-0
-0
-0
-0
-0
-0
-0
6.80428
-0
-0
71.0359
-0
-0
36.8642
21.9987
2.51974
-0
-0
-0
19.2951
-0
-0
-0
-0
-0
-0
-0
49.3262
-0
-0
-0
-0
-0
-0
25.9742
-0
17.5787
-0
-0
-0
17.013
18.4913
-0
-0
-0
-0
7.54888
7.27733
-0
28.6252
8.46304
-0
-0
-0
-0
-0
-0
-0
-0
-0
-0
-0
-0
-0
-0
-0
-0
35.2801
-0
-0
-0
-0
-0
-0
-0
-0
-0
11.3263
-0
4.49109
9.97078
-0
-0
19.5105
-0
-0
10.4028
15.5601
-0
-0
-0
-0
-0
-0
-0
-0
-0
-0
2.60467
-0
-0
-0
-0
9.0881
0.87166
-0
0.515067
-0
-0
-0
-0
-0
-0
2.07918
27.5348
-0
-0
27.9784
7.27796
-0
22.4252
-0
-0
-0
12.5393
39.8309
-0
11.9557
-0
1.01236
-0
-0
-0
-0
17.7058
-0
-0
4.79892
36.3761
-0
-0
-0
-0
-0
-0
-0
-0
-0
29.4628
-0
-0
-0
20.8485
-0
-0
-0
-0
-0
-0
-0
-0
-0
29.0873
0.617732
-0
18.2266
-0
-0
-0
-0
-0
-0
-0
-0
-0
-0
-0
46.0072
-0
-0
-0
-0
-0
9.58359
-0
-0
-0
49.6076
5.82994
-0
-0
-0
-0
-0
38.901
-0
-0
-0
-0
-0
-0
-0
-0
9.64131
20.2116
-0
-0
-0
-0
-0
-0
-0
33.9059
-0
-0
-0
-0
-0
-0
9.3759
5.60313
-0
-0
-0
-0
39.2954
-0
-0
-0
-0
-0
-0
-0
-0
5.03412
-0
-0
-0
-0
-0
-0
23.4555
-0
9.55798
-0
31.0185
-0
-0
-0
-0
-0
-0
-0
-0
-0
-0
-0
-0
-0
17.6537
30.6015
10.4253
-0
-0
-0
-0
-0
13.4822
-0
-0
-0
-0
14.2947
-0
-0
16.4722
-0
-0
-0
-0
-0
28.651
-0
14.051
-0
-0
26.7015
-0
-0
-0
-0
-0
-0
-0
-0
43.5582
-0
-0
-0
-0
-0
19.873
-0
-0
-0
-0
2.96317
-0
-0
48.5581
-0
-0
5.84648
9.29586
-0
-0
2.33345
-0
-0
-0
-0
-0
1.92354
-0
-0
-0
-0
-0
-0
-0
-0
-0
-0
8.02919
-0
26.0707
-0
-0
-0
-0
26.3297
-0
-0
-0
-0
-0
-0
-0
-0
-0
-0
-0
-0
-0
-0
-0
-0
2.80102
20.6805
-0
21.7086
42.7232
21.8464
-0
-0
17.076
-0
-0
-0
-0
-0
56.2235
-0
-0
-0
-0
-0
-0
-0
-0
-0
-0
-0
-0
-0
-0
42.3062
-0
-0
-0
-0
-0
-0
-0
-0
-0
-0
19.2616
-0
-0
27.02
-0
15.5682
13.34
-0
-0
-0
-0
-0
-0
-0
-0
-0
-0
23.2175
-0
-0
27.7394
-0
-0
-0
-0
22.3071
-0
4.88947
-0
-0
-0
7.43519
-0
-0
-0
35.6507
5.46036
49.3787
-0
1.47442
-0
-0
-0
-0
-0
-0
-0
7.20493
-0
5.97384
-0
-0
-0
-0
28.2968
-0
-0
-0
-0
-0
-0
6.70415
-0
-0
-0
-0
-0
34.6151
-0
35.7844
-0
9.09731
-0
-0
16.8382
0.749396
22.7992
-0
-0
-0
-0
-0
-0
-0
-0
-0
-0
-0
-0
-0
-0
-0
-0
14.0054
-0
-0
-0
-0
-0
-0
6.17275
-0
-0
-0
-0
-0
-0
-0
-0
-0
7.93605
-0
-0
-0
37.4682
-0
44.9204
-0
11.1403
-0
-0
-0
-0
-0
-0
-0
8.73511
-0
-0
-0
-0
-0
-0
45.9666
-0
15.4072
-0
-0
9.54725
-0
-0
46.3571
-0
-0
-0
-0
30.5442
-0
18.7745
-0
-0
-0
39.6082
-0
-0
-0
-0
-0
-0
-0
-0
-0
-0
4.1072
-0
-0
-0
4.14538
-0
-0
-0
-0
30.8843
-0
-0
-0
-0
-0
-0
4.76284
-0
47.4715
-0
-0
-0
-0
-0
-0
-0
3.26366
-0
-0
12.1714
-0
-0
14.5557
-0
3.56423
-0
-0
-0
1.51282
-0
11.4484
-0
-0
-0
-0
-0
-0
-0
-0
-0
-0
-0
-0
19.6161
4.98129
38.8939
-0
-0
-0
5.70142
-0
-0
-0
-0
-0
-0
-0
-0
-0
-0
0.04882
23.3255
-0
-0
-0
-0
-0
26.8666
-0
3.14596
-0
-0
-0
39.2463
-0
-0
-0
-0
-0
-0
-0
-0
-0
-0
5.04323
-0
-0
-0
1.15572
5.99281
24.9875
15.4099
-0
-0
-0
14.892
-0
-0
36.2732
-0
-0
2.79419
-0
37.3561
-0
-0
-0
-0
-0
-0
10.8323
-0
-0
0.754554
-0
-0
-0
-0
-0
-0
44.4785
-0
-0
-0
-0
-0
-0
-0
-0
-0
-0
-0
-0
-0
19.5804
-0
-0
-0
-0
-0
-0
7.46906
-0
-0
17.1579
29.2255
-0
-0
-0
10.7496
-0
-0
-0
-0
-0
-0
35.3745
-0
-0
-0
7.05792
-0
-0
-0
-0
-0
-0
-0
-0
-0
-0
-0
-0
-0
-0
-0
-0
-0
-0
-0
-0
56.3858
-0
-0
-0
32.627
-0
-0
29.4463
13.4653
-0
-0
31.0745
-0
10.0891
-0
-0
1.9149
-0
25.6417
65.1768
-0
-0
4.34508
51.9349
-0
19.976
4.67522
-0
-0
-0
-0
-0
-0
-0
5.21121
0.25214
-0
-0
-0
-0
0.560974
-0
-0
17.0331
14.258
-0
-0
23.1973
-0
16.9525
-0
-0
-0
-0
13.4469
-0
-0
-0
13.9836
-0
-0
-0
-0
-0
-0
-0
-0
11.7994
-0
-0
-0
-0
-0
-0
11.1645
3.22964
-0
6.88806
9.74395
-0
-0
-0
-0
-0
43.2363
-0
-0
-0
10.4692
-0
6.77789
7.15664
-0
