3.13426
-0
-0
-0
-0
9.64673
-0
-0
-0
-0
37.2034
-0
-0
-0
-0
18.0634
-0
-0
-0
-0
-0
-0
-0
-0
18.7085
-0
21.383
-0
-0
-0
-0
-0
-0
-0
1.45791
-0
-0
-0
-0
-0
-0
-0
-0
16.6176
-0
26.8357
-0
1.19015
-0
20.5856
-0
-0
0.242775
-0
-0
-0
28.5164
1.8318
38.7027
39.3107
-0
-0
-0
-0
2.4978
-0
-0
-0
-0
2.07218
-0
-0
19.8743
-0
-0
-0
16.9122
-0
-0
-0
-0
72.617
-0
-0
10.3274
-0
-0
-0
-0
-0
48.9352
-0
-0
-0
-0
-0
-0
-0
-0
-0
-0
-0
-0
3.08896
-0
-0
6.61487
-0
-0
-0
-0
-0
-0
-0
-0
-0
-0
-0
39.8849
-0
21.2166
-0
2.52485
-0
-0
-0
-0
-0
-0
0.240268
4.335
36.8544
9.28067
-0
-0
-0
5.07679
15.124
-0
-0
-0
-0
13.5533
-0
-0
-0
-0
-0
-0
-0
-0
-0
-0
28.372
15.2904
-0
44.0934
-0
-0
3.43775
-0
-0
-0
-0
16.3894
-0
-0
-0
-0
40.8362
-0
8.61992
-0
-0
-0
-0
-0
-0
0.111898
-0
-0
-0
-0
-0
-0
9.72687
-0
-0
59.8598
-0
30.4094
13.2193
-0
-0
-0
-0
-0
-0
12.9857
-0
-0
-0
23.9841
-0
-0
-0
26.9637
-0
-0
-0
-0
-0
60.5509
-0
-0
-0
40.7151
-0
-0
-0
-0
-0
-0
11.358
-0
-0
-0
-0
-0
8.92972
-0
-0
-0
-0
-0
-0
-0
-0
-0
-0
-0
-0
-0
-0
-0
-0
-0
-0
-0
-0
-0
-0
0.000218518
-0
-0
-0
-0
-0
-0
-0
-0
-0
-0
-0
-0
-0
-0
-0
-0
-0
-0
27.4619
-0
14.1586
-0
-0
-0
-0
-0
-0
-0
0.551982
-0
7.50171
-0
-0
-0
-0
-0
-0
0.843522
-0
9.77592
-0
25.0223
-0
-0
-0
-0
66.1367
-0
6.04259
-0
-0
18.174
37.3097
-0
-0
11.1307
-0
1.09184
-0
-0
-0
-0
0.729382
-0
-0
-0
0.0235186
-0
-0
-0
32.2482
-0
-0
-0
-0
-0
43.6476
-0
-0
-0
-0
-0
-0
-0
-0
-0
4.23725
-0
-0
-0
-0
-0
-0
-0
-0
-0
-0
-0
-0
-0
-0
8.59771
-0
-0
-0
-0
-0
-0
-0
-0
22.0193
5.56107
3.24795
-0
-0
-0
-0
-0
8.70964
0.795515
-0
-0
-0
-0
-0
-0
-0
-0
10.2302
-0
-0
-0
29.6353
-0
-0
-0
-0
-0
-0
-0
-0
-0
-0
-0
-0
-0
18.7465
-0
-0
-0
-0
-0
-0
-0
-0
36.5245
-0
-0
-0
-0
-0
-0
3.63144
-0
-0
-0
-0
10.1899
-0
-0
-0
-0
8.94722
-0
-0
-0
-0
-0
-0
-0
-0
23.2995
-0
4.44801
-0
-0
-0
-0
-0
-0
-0
-0
-0
-0
-0
-0
-0
21.1785
9.99969
-0
-0
27.0606
10.8316
-0
-0
-0
-0
-0
-0
-0
-0
-0
-0
-0
-0
-0
-0
-0
-0
-0
-0
-0
-0
2.98105
-0
-0
-0
-0
-0
-0
15.1559
-0
-0
-0
-0
-0
31.6935
5.45634
-0
-0
-0
-0
51.2131
18.2909
-0
-0
53.3184
-0
-0
13.7147
7.79253
-0
-0
-0
1.01744
-0
19.3785
-0
-0
-0
-0
-0
-0
-0
-0
19.3252
-0
-0
-0
-0
-0
-0
-0
-0
-0
-0
-0
-0
-0
-0
-0
35.6391
-0
2.07347
-0
-0
-0
-0
-0
-0
-0
-0
2.76816
-0
-0
-0
-0
-0
-0
-0
-0
79.0052
21.9053
-0
-0
-0
-0
-0
-0
-0
-0
-0
-0
-0
-0
-0
-0
-0
9.55646
-0
-0
-0
-0
-0
-0
38.0952
7.4529
-0
-0
-0
-0
-0
12.4233
-0
-0
-0
28.2151
-0
-0
-0
-0
-0
-0
-0
18.0944
48.323
-0
24.8316
-0
-0
-0
-0
-0
-0
37.384
-0
9.23365
-0
0.490057
13.9368
-0
-0
-0
34.9712
-0
-0
-0
-0
-0
-0
22.7259
-0
-0
-0
-0
-0
-0
-0
-0
-0
-0
-0
-0
-0
-0
-0
-0
-0
-0
-0
-0
-0
-0
-0
21.5082
29.9204
-0
-0
-0
-0
-0
-0
-0
11.1907
-0
-0
-0
-0
13.0706
-0
80.4361
-0
5.49044
-0
-0
-0
-0
7.93116
-0
-0
-0
2.38148
-0
-0
-0
1.68189
-0
-0
-0
12.1059
-0
-0
55.1804
-0
-0
7.45584
-0
-0
-0
19.7249
-0
-0
6.61344
-0
-0
-0
7.04794
5.81585
-0
-0
-0
-0
-0
-0
-0
-0
-0
-0
34.1829
-0
-0
-0
-0
29.5838
-0
-0
-0
-0
18.4111
-0
-0
23.8605
-0
-0
-0
-0
-0
32.3387
-0
-0
0.963604
-0
-0
-0
1.2251
-0
-0
-0
-0
-0
-0
-0
51.5868
-0
-0
-0
8.39812
-0
-0
-0
-0
28.6749
-0
-0
-0
28.6108
-0
-0
-0
-0
-0
-0
17.8889
4.01837
-0
-0
-0
-0
-0
-0
-0
-0
-0
-0
-0
-0
55.3062
-0
-0
-0
-0
-0
-0
45.4854
60.3921
-0
-0
-0
-0
-0
-0
32.5505
-0
-0
-0
22.9455
11.1594
17.2405
-0
-0
-0
-0
-0
-0
-0
38.3371
-0
-0
-0
-0
-0
-0
47.0646
-0
-0
-0
44.3078
-0
-0
53.0554
-0
-0
-0
-0
11.5367
-0
-0
64.5365
-0
-0
18.6426
-0
-0
33.9265
19.6315
-0
-0
-0
-0
-0
-0
-0
32.9105
27.0609
-0
-0
24.654
-0
-0
4.22975
-0
-0
17.2366
21.8426
13.85
-0
-0
-0
-0
-0
-0
-0
-0
10.2776
-0
-0
-0
-0
-0
-0
14.4217
5.89819
40.2928
-0
-0
-0
-0
1.52002
-0
-0
-0
-0
-0
-0
-0
-0
-0
-0
-0
-0
-0
-0
-0
17.1001
4.17434
-0
-0
-0
7.15688
-0
-0
-0
31.0538
-0
-0
-0
-0
10.9126
29.4165
-0
-0
-0
-0
-0
-0
-0
-0
-0
-0
-0
-0
19.1583
-0
-0
17.1287
-0
-0
-0
-0
-0
11.4877
-0
-0
-0
-0
-0
-0
0.790675
-0
-0
14.3625
2.51509
-0
-0
10.3871
-0
-0
-0
-0
-0
-0
10.0034
57.7017
44.2312
-0
-0
-0
-0
-0
-0
-0
6.94456
-0
-0
-0
-0
27.8707
-0
-0
-0
32.4602
-0
-0
14.5087
32.261
-0
-0
-0
-0
-0
-0
-0
-0
-0
-0
-0
-0
-0
-0
-0
-0
-0
-0
-0
-0
-0
6.14059
-0
-0
-0
-0
-0
7.73338
-0
8.26246
-0
-0
-0
-0
-0
-0
3.61481
-0
-0
-0
-0
-0
-0
-0
-0
-0
-0
-0
-0
-0
-0
-0
-0
3.91262
-0
-0
-0
-0
-0
-0
-0
25.7326
-0
-0
-0
-0
33.6766
-0
3.27421
-0
-0
-0
-0
-0
17.0254
37.4119
23.7365
-0
-0
-0
-0
-0
-0
-0
12.2633
-0
-0
54.3376
-0
-0
-0
-0
-0
-0
-0
31.7637
-0
28.7933
-0
-0
25.6972
-0
-0
1.27691
-0
-0
-0
-0
-0
29.7603
42.8456
-0
9.86335
-0
-0
-0
-0
-0
-0
11.0661
-0
20.2596
-0
-0
-0
-0
-0
-0
-0
-0
-0
-0
-0
-0
-0
35.3254
-0
-0
-0
-0
36.4691
23.0123
-0
-0
-0
9.09301
9.00101
-0
-0
-0
-0
19.5196
-0
-0
25.0508
6.65097
-0
-0
-0
-0
-0
-0
-0
-0
-0
-0
14.1322
31.9632
-0
-0
-0
12.7568
-0
-0
-0
-0
-0
45.4975
-0
-0
29.0004
-0
-0
-0
-0
-0
-0
17.5804
-0
-0
-0
-0
-0
4.5909
-0
5.962
-0
-0
-0
-0
7.37437
-0
-0
16.9367
13.4117
-0
-0
-0
-0
-0
26.9285
-0
-0
-0
-0
-0
-0
-0
-0
-0
-0
34.1372
-0
-0
-0
-0
-0
-0
-0
-0
-0
-0
-0
-0
-0
-0
-0
16.8887
-0
-0
-0
-0
-0
-0
-0
-0
-0
-0
-0
-0
15.9568
-0
-0
16.1435
-0
-0
-0
-0
17.1082
-0
-0
-0
-0
-0
-0
10.4438
-0
-0
-0
-0
-0
10.0004
-0
-0
2.02199
-0
-0
1.0718
-0
-0
-0
-0
-0
-0
-0
-0
-0
-0
-0
-0
-0
37.9353
-0
-0
-0
-0
-0
-0
-0
-0
0.533865
-0
-0
6.34488
-0
-0
-0
-0
-0
20.8067
4.81423
-0
-0
29.0646
6.85784
-0
-0
-0
34.4985
-0
43.2486
-0
18.0142
-0
-0
-0
3.65519
-0
17.6509
46.7017
-0
-0
-0
-0
-0
-0
31.5594
62.1617
-0
-0
15.1034
-0
-0
-0
32.3923
-0
8.87125
-0
1.36841
-0
10.0656
1.64896
3.64507
48.5174
-0
-0
-0
1.01679
-0
-0
-0
-0
-0
-0
-0
-0
7.21003
-0
-0
9.26452
-0
-0
23.4596
13.8337
6.25524
-0
-0
-0
-0
-0
-0
-0
-0
-0
-0
-0
-0
-0
-0
-0
11.2328
5.2138
-0
28.0039
-0
-0
-0
16.785
-0
-0
-0
-0
-0
-0
-0
-0
23.8451
-0
-0
-0
-0
-0
-0
-0
1.41358
-0
1.76808
-0
-0
15.1622
15.463
50.1342
-0
0.552243
-0
-0
-0
-0
7.75019
33.0441
-0
-0
-0
-0
-0
-0
-0
35.6225
-0
19.2886
11.9479
-0
11.1769
-0
-0
-0
-0
-0
-0
22.1859
-0
-0
-0
8.86873
-0
-0
-0
-0
-0
-0
-0
-0
-0
3.82641
-0
-0
-0
-0
-0
-0
15.4969
-0
-0
-0
-0
-0
-0
-0
-0
-0
-0
-0
-0
-0
-0
-0
-0
-0
-0
-0
-0
-0
-0
-0
-0
-0
-0
71.6229
-0
-0
-0
-0
-0
-0
-0
30.7835
-0
-0
-0
-0
-0
24.6877
-0
-0
0.801474
-0
25.054
10.6854
-0
-0
10.4836
-0
-0
-0
-0
-0
-0
-0
17.1264
-0
-0
-0
-0
-0
19.7221
-0
16.1793
-0
-0
-0
2.89326
-0
-0
-0
-0
-0
-0
-0
-0
-0
-0
-0
56.2748
23.9328
-0
-0
11.2472
-0
42.9519
-0
-0
-0
-0
-0
52.8121
11.6437
-0
39.2883
40.8768
-0
-0
-0
-0
-0
-0
-0
-0
-0
-0
-0
-0
29.7773
-0
15.2033
-0
-0
-0
-0
-0
-0
-0
-0
-0
-0
-0
-0
23.7774
-0
-0
-0
-0
-0
-0
-0
-0
6.62201
-0
-0
-0
-0
-0
-0
-0
16.6364
-0
-0
-0
-0
79.6218
-0
34.8017
-0
-0
-0
2.29914
-0
16.9881
-0
-0
-0
-0
15.7715
-0
-0
-0
-0
-0
-0
-0
-0
-0
19.9314
-0
6.24093
28.5832
-0
-0
-0
-0
-0
-0
-0
6.67721
5.5999
-0
-0
-0
-0
13.2338
-0
-0
3.62473
-0
-0
-0
-0
-0
-0
-0
31.0421
-0
-0
8.40174
-0
-0
-0
-0
-0
-0
7.34591
-0
-0
-0
-0
-0
-0
23.0823
-0
-0
17.8547
-0
-0
-0
-0
-0
-0
-0
-0
-0
-0
36.3398
-0
6.68304
-0
-0
-0
-0
-0
6.08462
-0
1.2534
5.89219
-0
-0
54.9301
-0
-0
-0
-0
2.2799
-0
4.13326
-0
-0
3.8848
-0
-0
30.2055
-0
10.8027
10.0997
-0
-0
-0
-0
-0
-0
-0
60.6635
-0
54.2864
-0
-0
-0
-0
-0
-0
-0
-0
-0
-0
-0
-0
-0
-0
-0
-0
-0
-0
-0
-0
-0
-0
-0
-0
-0
-0
-0
-0
-0
-0
-0
-0
-0
-0
-0
-0
-0
-0
39.2245
-0
-0
59.1428
-0
-0
-0
-0
-0
6.78797
-0
-0
-0
-0
-0
-0
-0
9.39005
-0
-0
-0
-0
-0
-0
-0
7.30527
-0
-0
-0
-0
-0
-0
-0
-0
-0
-0
-0
-0
17.4189
26.4747
-0
-0
-0
-0
13.5181
-0
-0
-0
-0
6.83114
-0
4.69397
-0
-0
-0
-0
-0
-0
-0
-0
-0
-0
-0
-0
-0
-0
-0
-0
-0
21.9289
11.334
-0
12.3491
-0
-0
-0
-0
-0
-0
-0
2.17172
-0
-0
-0
-0
-0
-0
-0
-0
-0
-0
-0
-0
-0
-0
-0
-0
-0
-0
-0
9.97208
-0
5.08465
-0
-0
-0
-0
-0
-0
4.9947
2.52154
-0
-0
-0
-0
-0
-0
11.8636
-0
-0
-0
-0
-0
22.5536
-0
-0
-0
-0
-0
78.6693
-0
-0
-0
-0
-0
-0
-0
-0
0.700852
32.328
-0
-0
-0
-0
-0
-0
-0
-0
-0
30.9592
7.6811
-0
-0
-0
-0
-0
11.6635
-0
-0
-0
89.4178
-0
4.53466
-0
63.8889
-0
-0
39.0776
22.6709
-0
-0
4.31706
-0
-0
17.6534
-0
2.84637
-0
-0
-0
-0
-0
-0
-0
-0
7.97525
-0
9.96099
-0
-0
-0
6.82771
-0
-0
-0
22.7341
-0
-0
5.76073
-0
-0
-0
41.6876
-0
-0
-0
-0
-0
-0
1.95971
6.19015
29.814
-0
-0
35.9599
-0
-0
-0
-0
23.9028
-0
-0
-0
-0
-0
38.3507
5.07277
-0
-0
7.03834
-0
-0
-0
-0
-0
16.7865
0.968372
-0
-0
-0
8.14111
-0
-0
-0
-0
-0
1.84688
-0
71.4681
-0
-0
-0
-0
-0
2.71447
-0
-0
13.8045
5.45587
54.4999
7.98189
-0
-0
-0
-0
16.5952
-0
8.01702
-0
11.5692
34.5077
-0
17.7438
-0
26.0598
-0
-0
-0
-0
-0
-0
16.8373
-0
-0
-0
0.22965
-0
-0
47.4782
-0
-0
-0
-0
-0
-0
5.90063
-0
22.4714
-0
30.7307
-0
-0
10.5946
-0
-0
-0
-0
-0
11.6348
-0
-0
-0
51.8385
-0
-0
-0
27.034
-0
-0
-0
-0
-0
-0
-0
-0
-0
-0
-0
-0
-0
-0
0.933311
-0
-0
39.9207
-0
9.44699
-0
-0
18.7045
-0
18.4742
-0
-0
-0
-0
-0
-0
-0
-0
-0
-0
-0
-0
-0
-0
33.0492
19.2628
12.404
15.3162
-0
-0
-0
70.6641
-0
-0
-0
13.8739
-0
-0
-0
-0
1.74761
4.05894
33.9845
34.8676
-0
-0
-0
-0
-0
26.6397
84.5156
-0
44.5538
15.2002
-0
-0
5.1032
-0
-0
-0
-0
-0
-0
-0
-0
-0
10.8369
-0
-0
-0
-0
-0
33.7996
-0
-0
-0
-0
-0
-0
-0
-0
35.9021
-0
-0
-0
-0
-0
-0
-0
-0
44.6053
61.9619
-0
-0
-0
-0
-0
-0
-0
-0
-0
4.142
8.56725
43.8543
1.66783
-0
18.3156
-0
-0
-0
-0
21.0838
-0
-0
-0
-0
38.3214
-0
-0
-0
-0
-0
-0
34.7125
-0
-0
-0
-0
-0
-0
-0
-0
-0
-0
-0
-0
-0
-0
-0
-0
-0
7.94425
-0
-0
-0
-0
-0
-0
-0
-0
-0
14.2579
-0
-0
-0
30.4125
-0
16.9166
-0
36.755
-0
31.9951
-0
-0
-0
-0
55.6064
4.74937
-0
24.1971
0.397322
-0
-0
-0
-0
-0
-0
-0
-0
-0
-0
-0
-0
-0
-0
-0
-0
-0
-0
-0
-0
-0
-0
-0
-0
11.6046
-0
-0
-0
-0
-0
43.5191
-0
-0
4.66597
-0
-0
-0
3.94606
-0
-0
-0
-0
-0
-0
-0
11.8086
-0
12.4617
-0
5.09901
12.5146
-0
21.1596
-0
-0
14.786
-0
-0
15.8196
-0
-0
-0
-0
-0
-0
-0
27.5541
-0
14.2472
-0
-0
12.1389
-0
-0
-0
-0
-0
-0
-0
-0
-0
-0
-0
-0
-0
-0
-0
-0
-0
-0
-0
-0
-0
20.0521
9.12399
-0
-0
-0
-0
-0
-0
-0
-0
-0
-0
-0
-0
-0
-0
-0
17.8307
-0
-0
24.3374
-0
2.50785
-0
1.74529
-0
-0
-0
-0
4.72286
4.89781
-0
-0
7.94743
0.793259
38.9121
-0
-0
-0
-0
-0
-0
9.4367
-0
50.3481
-0
-0
-0
0.596541
-0
-0
-0
3.19111
-0
17.3563
-0
-0
-0
5.42057
-0
-0
-0
-0
-0
-0
-0
-0
-0
4.14076
-0
3.19423
-0
-0
-0
-0
-0
-0
-0
-0
-0
-0
-0
8.56013
33.4004
16.7113
27.7831
-0
29.9806
-0
-0
-0
-0
-0
-0
12.153
-0
-0
-0
-0
-0
-0
-0
-0
-0
-0
-0
-0
-0
-0
-0
-0
32.2222
37.298
19.2373
-0
-0
-0
-0
-0
-0
-0
-0
23.1363
-0
-0
-0
-0
-0
-0
-0
7.23776
-0
-0
29.5193
-0
-0
-0
-0
-0
-0
-0
-0
-0
-0
-0
10.5759
-0
38.0845
-0
-0
-0
-0
-0
-0
-0
-0
-0
-0
9.57826
-0
49.3453
-0
-0
-0
-0
-0
-0
3.13027
-0
-0
-0
30.6238
-0
-0
8.70289
-0
-0
4.2792
-0
-0
28.2161
-0
-0
-0
-0
-0
-0
-0
-0
2.99704
-0
-0
11.4585
-0
-0
-0
-0
13.4844
-0
-0
46.5817
-0
-0
31.615
-0
-0
-0
-0
-0
12.036
-0
-0
-0
37.5134
-0
-0
-0
-0
-0
-0
-0
-0
-0
-0
38.2748
-0
-0
26.3246
-0
-0
-0
-0
-0
-0
-0
-0
-0
-0
-0
-0
-0
-0
-0
9.84637
-0
-0
-0
-0
-0
33.8289
1.41962
-0
-0
22.9639
-0
-0
-0
-0
-0
5.58412
-0
-0
-0
-0
2.70232
-0
-0
-0
-0
-0
-0
48.0219
-0
-0
-0
-0
16.4612
-0
-0
-0
-0
-0
-0
-0
-0
-0
-0
-0
-0
-0
-0
-0
-0
-0
-0
-0
4.63965
-0
-0
-0
-0
-0
1.17151
-0
39.6699
60.0033
-0
-0
-0
23.0675
-0
-0
4.55302
-0
-0
7.79547
-0
24.0503
-0
13.2374
-0
-0
-0
39.4494
-0
-0
-0
-0
38.7727
-0
16.8599
-0
-0
-0
-0
-0
-0
-0
34.8147
-0
-0
-0
-0
7.36624
-0
-0
11.1798
-0
17.034
-0
3.88177
-0
-0
-0
-0
-0
-0
-0
-0
-0
-0
8.48315
-0
-0
21.8541
-0
-0
7.30528
18.9692
-0
3.13819
-0
-0
-0
-0
-0
5.16183
-0
-0
-0
-0
-0
37.1408
-0
-0
-0
-0
-0
-0
-0
-0
-0
-0
-0
17.8098
-0
-0
-0
5.99664
6.66555
-0
-0
-0
-0
-0
-0
-0
-0
-0
-0
36.0537
-0
-0
4.69808
-0
8.1576
-0
37.9753
-0
-0
-0
-0
-0
-0
12.4324
-0
-0
-0
-0
-0
-0
-0
-0
27.1936
-0
-0
-0
-0
-0
-0
0.614775
-0
5.2133
-0
-0
-0
-0
-0
-0
-0
-0
-0
-0
-0
-0
-0
-0
-0
-0
-0
22.7331
13.5658
-0
-0
-0
13.5725
-0
-0
-0
-0
-0
-0
-0
-0
-0
-0
-0
13.3313
26.2286
-0
-0
17.8455
-0
14.6106
32.0779
-0
-0
-0
-0
24.8268
-0
-0
-0
3.7936
-0
-0
26.8961
-0
-0
-0
-0
-0
-0
46.2071
3.57469
-0
-0
-0
25.2558
45.0324
-0
-0
45.802
0.80533
-0
0.246528
0.101831
-0
-0
-0
-0
46.0045
-0
-0
-0
-0
-0
-0
-0
-0
-0
-0
-0
-0
-0
-0
-0
-0
-0
-0
-0
21.088
22.0327
-0
-0
28.8693
-0
-0
-0
-0
-0
-0
13.8287
49.6512
-0
-0
-0
-0
-0
-0
-0
-0
-0
-0
17.5428
-0
48.1638
1.11711
-0
-0
-0
-0
8.47437
-0
32.6549
-0
-0
-0
-0
-0
-0
-0
8.29127
-0
-0
42.2784
-0
27.7226
-0
-0
36.7076
10.9512
-0
-0
-0
-0
-0
-0
-0
8.77383
-0
-0
-0
3.44735
-0
-0
-0
-0
-0
-0
-0
-0
-0
-0
-0
-0
-0
-0
-0
-0
0.469852
-0
-0
79.3209
22.4215
-0
-0
-0
-0
-0
-0
-0
-0
-0
31.5571
-0
-0
40.5022
-0
-0
3.87168
-0
-0
-0
-0
-0
-0
3.80558
-0
-0
-0
-0
-0
47.71
-0
-0
-0
-0
1.9521
-0
-0
-0
-0
-0
-0
-0
-0
-0
20.5822
15.4456
-0
-0
-0
31.9419
22.7904
-0
-0
-0
-0
-0
-0
-0
-0
-0
-0
-0
-0
-0
-0
12.6616
-0
-0
-0
-0
-0
-0
-0
-0
-0
24.6044
-0
-0
-0
-0
7.33273
-0
7.26218
-0
-0
-0
10.7313
-0
-0
-0
-0
-0
5.60123
-0
-0
-0
-0
-0
41.981
10.2847
-0
-0
36.2707
-0
-0
-0
-0
-0
17.3731
2.45151
-0
-0
-0
-0
-0
-0
-0
-0
-0
-0
-0
-0
33.8642
12.1863
6.58918
27.133
6.43891
-0
-0
-0
-0
-0
-0
-0
0.147784
-0
-0
-0
-0
-0
-0
-0
-0
-0
5.33255
-0
-0
-0
-0
-0
-0
-0
-0
-0
-0
-0
10.5821
-0
-0
35.1709
-0
7.4605
-0
-0
-0
-0
-0
-0
-0
-0
-0
-0
-0
-0
6.46203
-0
23.1311
29.183
-0
-0
-0
-0
-0
-0
0.978215
-0
-0
-0
20.569
13.1185
27.6576
-0
-0
-0
-0
-0
-0
-0
25.1139
-0
-0
-0
-0
-0
24.9017
-0
-0
-0
1.26763
-0
-0
-0
-0
-0
-0
-0
-0
0.019982
-0
-0
-0
21.4761
-0
-0
-0
-0
-0
-0
-0
-0
-0
15.2522
-0
-0
-0
-0
5.43066
-0
-0
3.84198
-0
44.9062
40.3833
-0
-0
15.4463
-0
-0
-0
-0
-0
1.03403
-0
-0
-0
-0
-0
3.44348
-0
-0
-0
1.30424
-0
-0
-0
-0
1.4263
-0
-0
-0
-0
13.5625
-0
-0
-0
-0
-0
-0
11.9303
-0
-0
-0
-0
-0
-0
62.7617
-0
-0
33.5608
23.5732
-0
-0
-0
-0
19.6902
-0
-0
9.83387
-0
-0
-0
-0
20.4273
-0
-0
-0
-0
-0
-0
36.1043
-0
33.8183
-0
-0
-0
5.95385
-0
-0
-0
-0
-0
1.19445
-0
-0
13.9798
-0
-0
-0
-0
-0
-0
-0
-0
-0
-0
-0
-0
-0
-0
2.11041
-0
-0
11.8657
-0
-0
-0
-0
-0
-0
-0
-0
-0
8.8542
-0
4.45371
6.94514
-0
-0
6.36616
-0
8.37925
-0
-0
-0
-0
-0
-0
-0
-0
-0
-0
-0
-0
-0
-0
-0
-0
-0
4.58135
-0
-0
-0
-0
4.38491
-0
-0
-0
0.598092
-0
20.7586
-0
-0
34.6001
9.35944
-0
15.4267
-0
-0
-0
27.189
12.2298
-0
9.40679
-0
20.7321
-0
-0
-0
-0
-0
-0
-0
21.6386
22.8152
-0
-0
-0
-0
-0
-0
-0
-0
-0
39.4599
-0
-0
13.961
31.0577
-0
-0
-0
-0
-0
-0
-0
-0
-0
6.70285
-0
-0
7.20906
-0
-0
-0
-0
-0
7.08968
-0
15.1594
-0
-0
4.52814
59.9565
-0
-0
-0
-0
-0
15.9189
-0
-0
-0
33.5373
-0
-0
-0
-0
-0
-0
62.3119
-0
-0
-0
-0
-0
-0
-0
-0
32.4224
5.18823
-0
-0
-0
-0
13.4232
-0
-0
15.953
15.9298
-0
-0
-0
26.1727
-0
3.49622
3.52439
-0
-0
-0
-0
19.5523
-0
2.34946
-0
-0
-0
-0
-0
-0
25.2814
-0
-0
-0
-0
-0
-0
4.93908
-0
-0
1.28773
-0
-0
-0
-0
-0
3.52756
-0
-0
-0
-0
-0
-0
-0
-0
22.6397
57.4111
-0
-0
-0
-0
-0
-0
3.08102
-0
-0
-0
-0
-0
-0
-0
32.6705
-0
-0
-0
-0
-0
48.0587
-0
8.17177
9.10841
-0
48.0958
-0
-0
-0
-0
-0
-0
-0
-0
11.669
-0
-0
-0
-0
-0
-0
-0
-0
-0
-0
-0
0.664999
-0
39.8689
-0
-0
10.5771
26.2289
-0
-0
34.5231
-0
-0
-0
13.2171
-0
9.70347
-0
-0
-0
-0
0.195561
5.28787
-0
-0
-0
-0
2.14538
-0
15.299
-0
-0
-0
-0
22.2173
-0
40.009
-0
-0
-0
-0
-0
-0
-0
-0
0.206486
-0
-0
-0
-0
-0
4.32776
28.8909
-0
-0
53.1721
36.9398
-0
-0
2.11589
-0
-0
-0
-0
-0
31.764
-0
-0
-0
-0
-0
-0
-0
-0
-0
5.04987
-0
-0
-0
-0
33.1887
-0
-0
-0
-0
-0
-0
-0
-0
-0
-0
18.139
-0
-0
19.1552
-0
15.1992
8.00914
-0
-0
-0
-0
-0
-0
-0
-0
-0
-0
65.3474
-0
-0
26.3725
-0
-0
-0
-0
6.08569
-0
8.09953
-0
13.2367
-0
15.1616
17.4954
-0
-0
30.2928
-0
16.2213
-0
-0
-0
-0
-0
-0
-0
-0
2.73033
15.0841
10.5168
-0
-0
-0
-0
-0
8.60785
-0
-0
-0
-0
-0
-0
11.0644
-0
-0
-0
-0
-0
2.1272
-0
28.4529
-0
31.6188
-0
-0
28.1387
3.82395
12.6627
-0
-0
-0
-0
-0
8.29943
-0
-0
-0
-0
-0
-0
-0
-0
-0
-0
-0
-0
11.0733
-0
-0
-0
-0
21.9258
-0
-0
-0
-0
-0
-0
-0
-0
-0
8.8745
-0
-0
-0
11.618
-0
54.2172
-0
-0
-0
-0
0.888408
-0
-0
2.85845
-0
6.69252
-0
-0
-0
-0
-0
-0
9.05721
-0
44.8014
-0
-0
-0
-0
-0
60.9806
-0
-0
-0
-0
39.2673
-0
19.2351
-0
-0
-0
37.6632
-0
-0
6.64448
-0
-0
1.15478
-0
8.33003
-0
-0
6.07169
-0
-0
-0
5.66187
-0
6.78699
-0
-0
22.5184
-0
-0
-0
-0
-0
-0
8.88848
-0
37.5917
-0
-0
-0
-0
-0
-0
27.4381
-0
-0
-0
-0
-0
-0
24.7393
-0
-0
-0
-0
-0
25.7133
0.920552
15.226
-0
-0
-0
-0
-0
-0
-0
2.11421
-0
-0
-0
-0
25.069
18.244
32.7433
-0
-0
-0
3.84671
-0
-0
-0
-0
-0
-0
-0
3.48908
-0
-0
11.8973
33.8872
-0
-0
-0
-0
-0
12.7299
-0
16.039
-0
-0
-0
40.6869
-0
-0
-0
-0
-0
-0
-0
8.04751
-0
19.5557
2.67741
-0
-0
-0
12.378
6.89156
-0
52.3403
-0
-0
-0
-0
-0
-0
17.7905
-0
-0
-0
-0
24.1553
-0
-0
-0
13.6951
-0
-0
-0
-0
-0
-0
-0
-0
-0
-0
-0
-0
55.3035
-0
-0
-0
-0
-0
-0
-0
-0
-0
-0
-0
-0
-0
14.0925
-0
6.88884
0.657821
-0
-0
-0
16.6103
-0
-0
-0
15.2772
-0
-0
-0
8.43506
-0
-0
-0
-0
-0
-0
21.0637
-0
-0
-0
-0
-0
-0
-0
-0
-0
-0
-0
35.436
-0
-0
-0
-0
-0
-0
-0
12.4161
-0
-0
-0
-0
70.6463
-0
-0
-0
34.1826
-0
-0
40.645
29.1459
-0
-0
35.0525
-0
20.3685
-0
-0
1.24998
-0
3.00603
73.6432
-0
-0
3.23397
54.5315
-0
6.14092
18.5789
-0
-0
-0
-0
-0
-0
-0
5.37606
-0
-0
-0
-0
-0
-0
-0
-0
13.6831
-0
-0
-0
9.5957
-0
9.95004
-0
-0
-0
-0
-0
-0
-0
-0
-0
-0
-0
-0
-0
-0
-0
-0
-0
0.647098
-0
-0
-0
-0
-0
-0
-0
34.7093
7.77976
-0
-0
-0
-0
-0
-0
-0
27.1085
-0
-0
-0
-0
-0
-0
-0
-0
