-0
-0
-0
-0
-0
18.5038
-0
-0
-0
16.6939
-0
-0
6.87492
-0
-0
16.3901
13.2828
-0
-0
-0
-0
6.70575
-0
-0
-0
1.68071
-0
-0
-0
-0
-0
-0
-0
-0
5.72886
-0
-0
-0
-0
-0
8.74014
-0
6.78846
-0
-0
6.68659
-0
18.3611
-0
9.96572
-0
-0
-0
-0
-0
-0
-0
-0
-0
28.1397
-0
-0
11.1275
-0
-0
-0
-0
-0
0.957641
0.350615
-0
11.9104
1.00053
-0
-0
-0
70.005
-0
-0
-0
-0
14.7458
29.2183
-0
2.98786
-0
-0
-0
-0
-0
-0
-0
-0
-0
12.0037
-0
10.299
-0
19.9663
-0
-0
-0
-0
8.53504
-0
-0
-0
-0
-0
-0
-0
-0
-0
-0
-0
2.01111
4.35705
-0
26.2359
33.0338
-0
1.3433
-0
-0
-0
-0
-0
9.56763
-0
-0
29.4234
2.79005
39.8856
-0
-0
-0
31.9846
35.8624
7.84559
-0
-0
-0
22.8896
-0
-0
-0
-0
-0
-0
-0
7.49345
-0
-0
-0
-0
-0
-0
-0
-0
2.1476
21.1123
0.467308
-0
-0
22.5296
-0
9.66335
9.42052
-0
43.1337
-0
11.0027
15.7156
-0
1.72205
-0
36.7333
-0
1.16116
-0
-0
-0
-0
-0
-0
12.5494
-0
-0
12.1544
-0
14.0182
12.1524
41.9935
-0
-0
-0
-0
-0
-0
-0
-0
30.2354
3.74082
-0
-0
-0
42.8493
15.6671
-0
-0
-0
-0
5.52909
-0
-0
3.87765
41.9937
-0
-0
-0
8.03997
-0
-0
3.71665
-0
-0
-0
-0
-0
-0
-0
-0
-0
-0
-0
-0
-0
-0
-0
-0
9.78323
-0
-0
-0
-0
-0
-0
-0
-0
-0
-0
-0
0.149903
-0
4.24536
-0
-0
34.532
-0
-0
-0
-0
15.5833
-0
18.0157
-0
-0
17.5294
-0
-0
-0
4.31855
-0
26.0664
-0
-0
-0
-0
-0
-0
-0
8.48872
-0
47.422
-0
-0
-0
-0
-0
-0
-0
4.34312
59.9638
-0
18.0124
-0
26.7443
-0
11.7641
60.9412
-0
-0
-0
32.8602
16.4947
15.1819
-0
-0
0.931967
-0
16.1619
-0
-0
-0
4.81609
0.736018
-0
-0
-0
1.11186
-0
-0
-0
47.3578
-0
-0
-0
-0
-0
2.46323
-0
-0
6.20644
-0
-0
-0
-0
15.0484
14.5902
15.8815
0.509095
-0
-0
-0
18.9933
-0
-0
-0
-0
-0
-0
-0
16.7126
-0
10.8955
-0
-0
-0
-0
-0
-0
-0
-0
5.21822
9.24514
2.26182
-0
-0
-0
-0
-0
20.0277
0.329291
-0
-0
-0
-0
-0
-0
-0
-0
23.0452
-0
-0
-0
-0
-0
-0
-0
-0
-0
-0
-0
-0
-0
-0
-0
-0
-0
3.3116
11.1912
-0
-0
-0
-0
-0
-0
6.57146
-0
-0
-0
-0
-0
-0
3.04466
-0
-0
-0
-0
-0
19.9944
-0
-0
-0
3.96691
-0
-0
9.05566
10.3286
25.5294
-0
-0
-0
-0
-0
-0
-0
-0
-0
-0
-0
-0
-0
-0
-0
-0
-0
-0
-0
-0
13.5324
-0
-0
-0
-0
8.70082
-0
-0
-0
-0
-0
-0
12.3842
-0
-0
-0
-0
-0
-0
-0
-0
-0
-0
-0
-0
3.1696
6.83546
-0
-0
-0
-0
-0
-0
22.5268
-0
-0
-0
-0
-0
20.1001
37.8307
-0
-0
5.82891
-0
14.764
-0
-0
3.02348
27.7889
-0
-0
-0
33.3143
-0
-0
-0
6.04301
-0
-0
-0
-0
0.0198014
-0
-0
-0
-0
-0
4.67758
-0
-0
4.14033
1.81369
-0
-0
-0
40.7547
-0
-0
-0
-0
-0
-0
-0
5.30849
-0
-0
13.8557
3.12701
-0
-0
-0
-0
-0
-0
11.6519
14.8824
-0
6.98144
1.86989
-0
-0
-0
-0
36.7686
8.07189
-0
-0
-0
-0
-0
-0
-0
-0
-0
-0
-0
-0
-0
1.68879
-0
-0
-0
8.20029
-0
-0
-0
-0
13.3958
-0
-0
-0
-0
-0
-0
-0
-0
-0
15.3233
20.3099
-0
-0
-0
-0
-0
25.8403
-0
6.48731
62.2395
-0
-0
-0
-0
-0
-0
-0
-0
13.5632
-0
1.44163
-0
-0
35.2008
-0
-0
-0
-0
-0
-0
-0
-0
-0
-0
-0
-0
-0
-0
-0
-0
-0
-0
18.7489
-0
-0
-0
-0
-0
-0
1.90002
-0
-0
-0
-0
-0
-0
-0
-0
-0
2.18243
7.51774
-0
-0
-0
-0
3.68269
-0
-0
-0
-0
-0
5.02223
-0
-0
47.8387
-0
15.6524
-0
-0
-0
-0
-0
-0
-0
5.08094
26.8553
22.7533
-0
-0
1.45826
47.0814
-0
21.0934
-0
0.774745
-0
61.3682
-0
-0
4.29782
-0
-0
-0
40.2382
-0
-0
-0
-0
-0
-0
-0
41.4675
-0
-0
5.01828
-0
-0
-0
-0
15.7888
-0
-0
22.4031
-0
-0
-0
-0
13.0979
-0
-0
-0
4.1223
-0
-0
-0
-0
-0
1.74328
18.7493
0.469994
-0
17.183
-0
-0
2.69432
-0
-0
-0
0.517608
-0
-0
-0
-0
44.8175
-0
-0
1.51114
-0
-0
-0
-0
-0
-0
-0
-0
5.07126
-0
7.89401
-0
27.0918
-0
0.894947
-0
-0
9.75653
28.4415
11.1737
13.2199
-0
-0
48.6123
-0
-0
-0
-0
-0
-0
-0
-0
-0
33.5261
-0
-0
-0
-0
-0
-0
3.72013
19.9301
-0
2.18785
-0
-0
13.5301
-0
14.2098
-0
23.0267
-0
-0
-0
-0
-0
1.808
-0
-0
-0
-0
8.08615
56.8579
-0
-0
-0
-0
-0
-0
34.6002
-0
1.24648
-0
10.9176
-0
-0
16.6701
-0
-0
-0
-0
2.98052
4.33581
-0
22.6689
14.5836
-0
15.3422
-0
-0
-0
33.8493
-0
14.5822
-0
-0
-0
7.38318
-0
24.0912
-0
-0
-0
37.7803
-0
-0
-0
25.5335
-0
17.3
15.7824
-0
-0
15.7548
-0
11.5657
-0
7.95665
-0
-0
9.80286
-0
-0
-0
-0
-0
-0
38.747
-0
10.2133
17.6896
-0
-0
-0
4.05336
-0
-0
-0
-0
15.4211
3.39568
-0
41.0703
-0
-0
-0
-0
8.04527
-0
-0
-0
-0
-0
29.2627
-0
-0
-0
-0
25.1888
-0
-0
-0
-0
-0
6.13837
30.2513
-0
-0
-0
-0
2.03086
16.75
-0
12.1777
41.1941
-0
-0
3.99969
5.77036
-0
-0
-0
-0
-0
-0
1.67453
27.0455
29.5096
-0
-0
-0
9.59455
-0
31.4139
26.8833
-0
-0
3.54193
23.7806
-0
-0
6.47312
-0
-0
-0
-0
-0
-0
-0
-0
-0
-0
-0
-0
-0
-0
11.9857
-0
-0
-0
-0
-0
-0
-0
-0
-0
-0
13.8995
-0
-0
-0
-0
-0
-0
-0
-0
-0
-0
16.2374
-0
-0
-0
-0
-0
-0
-0
-0
-0
-0
10.0719
5.86938
-0
-0
25.7731
-0
12.7392
-0
-0
-0
-0
-0
-0
-0
8.16195
18.1218
-0
-0
-0
-0
-0
-0
-0
-0
-0
-0
-0
-0
-0
2.32961
-0
-0
-0
-0
-0
-0
6.01266
-0
-0
-0
-0
-0
-0
-0
49.7219
34.8379
-0
-0
-0
-0
-0
2.59744
-0
-0
1.20486
3.32715
-0
4.16316
4.31025
-0
-0
25.3866
-0
-0
-0
-0
-0
24.7459
-0
-0
22.322
-0
-0
-0
10.9321
-0
-0
-0
0.182824
2.75909
-0
-0
-0
31.0588
-0
-0
18.9403
-0
-0
-0
-0
-0
-0
11.9153
-0
-0
-0
-0
-0
21.5631
-0
-0
8.92205
-0
-0
-0
-0
-0
-0
-0
-0
-0
-0
-0
-0
13.2773
8.48623
-0
20.2026
-0
-0
-0
-0
3.52389
-0
-0
-0
-0
-0
-0
-0
-0
-0
-0
-0
-0
-0
11.7349
5.90961
-0
-0
-0
-0
-0
-0
0.322752
-0
16.6133
-0
5.70785
-0
-0
-0
-0
42.1399
-0
-0
-0
-0
-0
-0
-0
-0
-0
-0
-0
26.6242
-0
-0
-0
6.94557
-0
-0
-0
-0
-0
57.2845
-0
-0
-0
-0
25.6485
40.3361
-0
-0
-0
38.8337
23.8054
12.1106
-0
-0
-0
-0
25.2244
-0
-0
-0
-0
-0
-0
-0
-0
15.1082
-0
0.438119
-0
-0
-0
2.51235
-0
20.6906
-0
-0
-0
-0
-0
-0
-0
26.9024
-0
38.7845
-0
-0
2.818
-0
5.39399
-0
-0
-0
-0
21.6372
-0
21.4784
21.7481
-0
-0
19.357
7.39764
-0
-0
-0
8.12251
-0
-0
-0
1.31701
-0
-0
-0
-0
-0
-0
44.8765
-0
-0
-0
-0
-0
13.4399
-0
-0
-0
-0
-0
-0
0.714173
32.2398
-0
-0
-0
-0
-0
-0
-0
44.7723
-0
-0
-0
14.4334
-0
-0
-0
-0
-0
-0
-0
16.1996
2.78458
-0
-0
-0
-0
2.49329
4.38221
-0
-0
-0
14.5389
44.7416
-0
-0
-0
-0
26.2955
-0
-0
-0
-0
-0
-0
-0
25.5822
7.31401
-0
1.09879
-0
-0
-0
-0
51.075
49.761
-0
-0
20.4814
1.89029
-0
-0
31.3159
-0
0.101279
-0
-0
49.6283
-0
-0
-0
-0
3.3936
-0
-0
-0
0.456508
-0
-0
-0
2.91312
-0
-0
-0
-0
-0
-0
23.5699
-0
2.582
23.9514
8.06421
17.9541
-0
-0
-0
-0
-0
-0
16.9233
-0
6.99659
-0
-0
-0
-0
0.721772
-0
-0
-0
-0
-0
-0
4.89768
-0
22.744
-0
-0
-0
-0
-0
-0
3.02581
9.59364
-0
-0
-0
-0
-0
-0
-0
-0
-0
-0
40.5107
-0
-0
-0
18.4134
24.8574
-0
-0
-0
-0
-0
-0
37.7412
-0
4.36523
-0
-0
-0
-0
-0
3.43102
23.8684
-0
-0
-0
-0
25.4064
-0
-0
-0
-0
-0
-0
-0
6.04961
-0
-0
-0
-0
-0
-0
5.94798
-0
0.81143
4.44762
-0
5.52392
13.7326
-0
21.4521
-0
-0
16.8282
-0
-0
-0
-0
-0
-0
0.0630159
-0
-0
24.1148
-0
-0
-0
-0
-0
-0
-0
4.66167
-0
-0
13.3099
-0
-0
-0
-0
-0
-0
-0
60.6882
-0
-0
-0
5.84703
-0
-0
-0
-0
-0
-0
-0
-0
-0
-0
-0
-0
-0
-0
-0
2.873
-0
-0
16.5544
-0
-0
-0
-0
4.9201
-0
-0
28.4901
-0
-0
-0
-0
-0
23.2146
-0
27.4537
-0
-0
5.64303
-0
-0
-0
-0
-0
-0
1.76498
18.9594
-0
-0
-0
-0
29.7783
-0
-0
-0
32.8617
-0
1.49562
-0
-0
-0
-0
-0
30.0053
8.90272
-0
2.70307
-0
-0
-0
-0
-0
-0
-0
-0
-0
-0
-0
21.4357
14.2355
1.63609
-0
-0
-0
-0
-0
-0
-0
-0
-0
-0
-0
-0
-0
-0
25.4079
7.24985
-0
-0
-0
-0
-0
-0
-0
-0
-0
-0
-0
-0
4.93085
-0
-0
-0
-0
-0
-0
-0
4.11436
-0
-0
15.5738
-0
-0
8.27964
-0
-0
-0
-0
-0
-0
13.0079
-0
-0
-0
-0
5.1817
-0
-0
-0
-0
24.002
-0
3.11573
9.01845
-0
-0
-0
-0
-0
-0
-0
3.22734
-0
-0
-0
-0
17.8761
17.8231
-0
-0
37.4652
-0
25.3148
-0
-0
27.322
18.1888
-0
4.84895
-0
14.3095
18.4889
-0
-0
0.210745
-0
-0
-0
0.718557
-0
22.6632
-0
-0
-0
-0
17.3487
-0
-0
-0
8.36216
-0
2.39902
-0
4.21057
-0
-0
-0
20.2493
-0
23.1339
-0
-0
-0
-0
-0
-0
-0
-0
-0
-0
17.2297
-0
-0
26.6284
-0
-0
-0
15.1956
10.2887
-0
-0
-0
-0
13.0903
-0
-0
9.43912
-0
-0
26.2978
-0
-0
-0
-0
-0
-0
9.4035
25.271
-0
8.93481
-0
-0
-0
10.1096
-0
-0
-0
-0
-0
-0
-0
-0
-0
-0
-0
-0
-0
-0
40.1871
-0
-0
5.9831
16.6246
-0
-0
-0
-0
-0
-0
-0
18.6983
-0
-0
-0
-0
-0
-0
-0
-0
-0
-0
48.1267
-0
-0
-0
-0
-0
22.117
-0
-0
-0
-0
-0
-0
-0
14.9968
-0
-0
-0
-0
-0
-0
-0
68.6945
-0
-0
-0
-0
-0
-0
-0
-0
-0
-0
-0
25.647
-0
8.07844
15.4651
-0
-0
-0
5.11768
-0
-0
-0
-0
-0
-0
-0
-0
-0
13.3958
40.1491
-0
-0
-0
-0
-0
-0
-0
-0
-0
-0
-0
-0
-0
41.3273
10.1532
-0
-0
-0
-0
-0
-0
-0
-0
-0
-0
-0
-0
25.6078
-0
-0
-0
-0
-0
5.03022
-0
-0
-0
-0
-0
-0
-0
-0
-0
-0
16.8827
-0
4.83754
-0
-0
-0
-0
-0
-0
-0
-0
-0
-0
-0
-0
-0
18.3649
10.9066
-0
-0
-0
20.6884
-0
11.1786
1.87069
-0
-0
-0
-0
13.2818
-0
-0
-0
-0
-0
-0
-0
-0
-0
28.8045
-0
-0
-0
-0
-0
-0
-0
-0
-0
39.4153
5.3634
-0
-0
-0
47.1683
-0
-0
24.6115
-0
-0
57.7632
-0
-0
-0
61.2939
-0
-0
32.0887
30.0109
-0
8.18583
28.6954
-0
-0
-0
-0
4.23479
-0
-0
-0
-0
-0
-0
-0
-0
7.94831
-0
-0
-0
-0
-0
26.5816
-0
-0
-0
43.8473
1.06701
-0
-0
-0
-0
-0
43.847
-0
-0
-0
-0
13.7873
-0
6.7153
-0
-0
-0
4.53601
30.3149
-0
-0
-0
-0
-0
0.158674
-0
-0
15.3705
-0
-0
-0
14.6182
-0
5.11501
-0
-0
-0
-0
-0
-0
28.7476
-0
-0
-0
54.5392
-0
-0
-0
-0
-0
2.12256
-0
59.9792
-0
23.862
-0
-0
0.349103
-0
-0
-0
-0
-0
15.8801
26.8397
-0
-0
-0
16.4587
14.4594
-0
29.7894
-0
-0
10.1506
-0
1.89491
-0
16.7501
-0
-0
-0
-0
-0
-0
12.5231
-0
3.27718
-0
-0
-0
-0
0.332657
-0
-0
-0
-0
-0
-0
-0
-0
6.33979
-0
20.1885
-0
-0
-0
-0
-0
-0
-0
-0
12.8195
-0
-0
-0
15.9842
7.54244
-0
-0
12.226
7.53327
-0
-0
-0
-0
-0
-0
-0
-0
-0
-0
-0
7.32436
14.4839
-0
-0
-0
0.302405
-0
-0
-0
-0
-0
-0
-0
-0
-0
-0
-0
-0
-0
-0
-0
-0
-0
51.6247
-0
-0
6.90492
-0
-0
-0
29.2803
35.1468
-0
16.9726
57.5196
-0
14.3838
-0
1.80726
4.87903
11.5565
32.4983
-0
24.7611
-0
-0
0.666066
-0
-0
5.6555
-0
-0
-0
28.9877
-0
66.2382
-0
-0
-0
18.6004
-0
-0
-0
-0
-0
-0
40.1494
-0
-0
-0
-0
-0
2.57333
-0
-0
-0
-0
-0
-0
-0
-0
-0
-0
-0
-0
17.1962
-0
2.78034
-0
-0
-0
20.1061
-0
14.3883
44.9239
-0
-0
-0
-0
-0
-0
-0
-0
-0
18.4159
9.81101
26.0105
18.8519
29.328
-0
-0
-0
3.22423
-0
12.8076
-0
-0
-0
-0
7.95008
-0
-0
-0
-0
-0
-0
1.54702
-0
-0
-0
-0
-0
-0
-0
62.5045
-0
-0
-0
-0
-0
-0
-0
-0
-0
-0
-0
11.0447
-0
-0
-0
43.975
-0
-0
-0
-0
-0
-0
-0
-0
-0
-0
-0
5.40872
-0
50.6617
-0
-0
-0
-0
-0
-0
-0
36.1414
41.1721
-0
-0
-0
7.7937
-0
-0
-0
-0
-0
-0
-0
-0
-0
-0
-0
-0
-0
-0
-0
19.5815
-0
-0
-0
-0
13.7845
-0
-0
-0
-0
-0
11.2124
-0
-0
2.99914
-0
-0
-0
3.02181
-0
0.519013
-0
-0
-0
-0
-0
6.22014
-0
11.4821
-0
10.7082
-0
2.36355
3.99164
2.40324
-0
-0
8.19023
-0
24.2338
-0
36.8868
-0
-0
-0
-0
-0
-0
36.332
-0
-0
-0
-0
-0
11.1633
5.82408
-0
-0
-0
16.9655
-0
6.43008
-0
-0
-0
-0
-0
15.6263
-0
-0
-0
-0
-0
-0
4.37693
17.0146
-0
-0
-0
-0
-0
-0
-0
-0
-0
-0
-0
-0
-0
-0
-0
-0
-0
-0
5.061
-0
9.32999
-0
-0
-0
-0
-0
-0
-0
8.2453
-0
-0
-0
0.901852
-0
-0
-0
41.4913
-0
-0
-0
-0
-0
-0
3.89983
-0
10.9743
40.8372
-0
-0
-0
-0
-0
18.2617
-0
-0
-0
8.87911
12.6464
-0
-0
-0
-0
-0
-0
-0
-0
-0
-0
-0
-0
-0
24.2238
-0
-0
-0
-0
-0
-0
-0
-0
19.2448
0.609014
-0
-0
1.18665
-0
-0
-0
-0
-0
-0
11.0477
26.2089
7.16529
-0
-0
-0
-0
-0
-0
-0
-0
-0
-0
-0
6.92708
-0
-0
-0
-0
35.1429
14.8997
-0
11.6223
-0
-0
-0
-0
-0
11.8296
35.0132
-0
-0
-0
-0
-0
-0
-0
4.36879
-0
-0
-0
-0
-0
-0
-0
-0
-0
-0
-0
0.482837
-0
21.102
29.1352
-0
41.7993
-0
-0
-0
-0
-0
-0
-0
-0
12.3608
-0
0.452794
-0
-0
-0
-0
-0
-0
-0
22.5461
3.04937
-0
-0
-0
42.8748
29.8802
-0
-0
-0
-0
15.3336
-0
-0
3.97802
-0
21.28
-0
-0
3.26866
-0
-0
-0
13.224
3.7557
-0
7.57906
4.777
-0
34.5568
-0
-0
-0
-0
25.5579
-0
-0
-0
-0
-0
-0
-0
6.19331
-0
-0
-0
-0
41.4693
-0
-0
-0
-0
-0
31.0949
-0
-0
-0
-0
-0
-0
27.561
27.4288
-0
-0
-0
-0
-0
0.0721223
-0
-0
-0
-0
-0
-0
-0
-0
-0
28.3783
-0
-0
-0
-0
24.8136
9.64487
23.8136
-0
-0
1.75465
-0
-0
-0
-0
-0
3.99692
-0
-0
-0
-0
0.20318
-0
-0
-0
-0
-0
-0
82.0682
-0
4.37349
-0
-0
-0
-0
-0
-0
-0
-0
-0
-0
-0
7.83066
-0
-0
-0
0.858119
-0
5.88877
-0
-0
-0
-0
-0
-0
0.604584
-0
-0
-0
-0
-0
27.04
26.0021
-0
-0
-0
25.9101
-0
-0
8.80721
-0
-0
31.5984
1.99591
76.7166
-0
32.9788
-0
-0
4.12035
54.7981
-0
-0
-0
-0
-0
-0
13.6904
-0
-0
-0
-0
-0
2.04622
-0
-0
-0
-0
-0
-0
16.5477
-0
-0
-0
-0
-0
-0
-0
-0
-0
1.56826
-0
-0
-0
-0
-0
-0
-0
12.4871
-0
-0
11.7378
-0
-0
-0
-0
-0
-0
-0
-0
-0
-0
-0
21.3678
12.9297
3.13533
27.3667
-0
-0
-0
-0
-0
-0
-0
-0
-0
-0
-0
-0
-0
0.133464
-0
-0
-0
-0
18.4357
-0
-0
0.230732
-0
15.0275
-0
-0
-0
-0
-0
-0
35.0215
-0
-0
4.05433
10.7469
2.99539
-0
11.2297
-0
-0
-0
-0
-0
-0
-0
-0
-0
-0
-0
-0
-0
-0
-0
-0
-0
-0
7.14937
-0
-0
-0
-0
-0
16.3093
-0
-0
-0
-0
2.52977
-0
-0
-0
-0
-0
26.1442
-0
-0
-0
-0
-0
-0
1.79576
18.4469
-0
-0
-0
17.7394
-0
-0
-0
-0
-0
7.4033
-0
-0
-0
-0
-0
-0
2.32174
-0
25.1065
2.42541
-0
14.011
28.1642
-0
-0
25.3721
-0
-0
26.6477
-0
-0
-0
-0
-0
3.37629
-0
-0
-0
8.50139
-0
-0
15.0136
-0
-0
-0
-0
-0
23.9334
-0
-0
-0
-0
-0
0.25858
-0
-0
-0
-0
8.72042
13.5751
-0
-0
27.4758
26.3139
-0
6.60685
33.739
3.9852
-0
47.1944
-0
-0
-0
-0
-0
-0
28.9601
-0
18.0748
3.93822
22.2473
2.19878
-0
19.6984
-0
-0
-0
-0
6.04718
-0
-0
35.0457
-0
-0
-0
-0
-0
-0
-0
-0
-0
-0
-0
-0
24.4565
-0
-0
-0
8.02769
-0
-0
-0
20.0368
-0
-0
-0
2.51368
-0
-0
-0
27.7818
-0
-0
36.7819
-0
-0
-0
-0
21.7171
23.4471
-0
-0
-0
-0
-0
-0
-0
32.9613
4.72747
-0
-0
-0
-0
-0
-0
-0
-0
-0
-0
-0
3.01029
-0
-0
6.59123
-0
-0
-0
31.5228
-0
-0
-0
34.0101
28.3286
-0
-0
-0
-0
-0
-0
8.60986
6.01267
-0
-0
-0
-0
41.6188
-0
-0
-0
-0
16.2482
-0
-0
0.159546
-0
10.2828
-0
5.48503
-0
-0
-0
40.6535
-0
-0
8.95824
17.0175
1.58756
-0
2.80907
-0
-0
-0
-0
-0
-0
-0
1.70881
29.2478
-0
-0
-0
-0
-0
-0
1.70777
-0
-0
-0
-0
-0
-0
14.1612
-0
-0
-0
-0
-0
40.2711
-0
-0
4.47508
-0
-0
-0
-0
-0
-0
-0
-0
-0
-0
-0
-0
-0
22.7275
-0
-0
67.8768
15.0338
-0
-0
-0
-0
-0
1.44351
-0
-0
-0
-0
-0
16.8514
16.7271
-0
-0
-0
1.79344
29.8123
7.6832
-0
-0
39.3592
-0
11.6885
-0
-0
-0
-0
-0
-0
-0
-0
-0
-0
3.11281
-0
5.02696
-0
27.4465
-0
16.6613
-0
-0
-0
-0
14.3065
-0
-0
-0
-0
-0
-0
-0
-0
-0
-0
5.94938
1.55179
-0
-0
-0
13.3548
-0
-0
13.2934
-0
-0
-0
-0
29.7444
-0
-0
-0
-0
-0
-0
-0
4.407
-0
-0
-0
-0
-0
-0
-0
-0
-0
-0
-0
-0
5.92173
-0
-0
-0
14.5039
0.00686276
-0
7.39472
27.8115
3.5009
-0
-0
-0
-0
-0
-0
-0
-0
12.3962
-0
-0
16.7345
-0
-0
20.435
-0
-0
-0
-0
-0
5.10303
11.0646
-0
-0
0.0347016
-0
-0
-0
-0
-0
0.152824
13.3337
5.8626
-0
-0
-0
-0
-0
-0
-0
-0
-0
-0
-0
21.6431
-0
-0
-0
-0
38.2037
-0
5.79632
73.561
7.09425
27.3151
15.9849
-0
-0
16.6993
11.7927
-0
-0
-0
-0
0.224585
-0
-0
-0
-0
-0
19.2004
-0
-0
-0
-0
-0
-0
-0
-0
-0
5.48429
-0
-0
-0
-0
18.3623
-0
-0
-0
-0
-0
7.6455
-0
-0
-0
3.72124
-0
-0
50.992
-0
-0
2.26972
-0
-0
-0
33.3026
-0
-0
-0
-0
20.7008
-0
-0
3.42193
1.60418
-0
-0
6.07344
-0
-0
-0
-0
-0
-0
38.9694
-0
21.6775
6.91602
9.47143
41.9912
-0
-0
-0
-0
8.55597
-0
-0
7.8118
-0
-0
-0
38.0317
-0
-0
-0
-0
-0
-0
4.89888
-0
-0
-0
-0
-0
-0
-0
-0
-0
-0
-0
-0
-0
-0
-0
-0
5.11581
2.75919
5.30228
8.64677
-0
-0
-0
-0
-0
16.1776
8.12683
-0
-0
14.3122
-0
6.01244
9.56689
-0
-0
-0
-0
0.523857
-0
-0
-0
-0
3.22341
-0
-0
35.7531
-0
17.1951
-0
-0
-0
-0
-0
39.6972
-0
-0
-0
10.8204
-0
6.86737
-0
-0
-0
-0
-0
-0
-0
-0
-0
-0
-0
-0
34.3674
-0
-0
-0
45.2886
-0
-0
26.488
-0
-0
-0
-0
-0
-0
-0
-0
-0
-0
9.53187
-0
-0
-0
-0
31.1715
4.53429
-0
2.08768
-0
-0
-0
3.86449
-0
51.6936
-0
-0
-0
-0
-0
-0
-0
-0
-0
-0
-0
72.3237
-0
-0
5.37447
-0
46.89
-0
-0
-0
-0
27.4791
-0
-0
-0
-0
-0
-0
29.9207
-0
-0
-0
3.33631
-0
-0
-0
-0
33.3486
-0
-0
-0
-0
-0
32.124
-0
-0
-0
-0
-0
1.25728
-0
23.2874
-0
38.4838
3.60303
17.501
-0
-0
-0
8.71174
-0
31.7352
-0
-0
-0
-0
-0
-0
6.91814
-0
-0
-0
-0
-0
-0
-0
8.2823
8.44235
22.229
-0
-0
17.5221
-0
-0
38.9551
10.1598
4.43907
-0
-0
-0
4.28835
-0
-0
2.49341
-0
-0
0.430886
-0
-0
-0
18.8701
6.18851
-0
-0
-0
-0
-0
0.23674
-0
16.6906
-0
-0
-0
-0
-0
4.08374
-0
-0
15.5671
-0
5.92667
-0
-0
-0
-0
-0
-0
-0
-0
10.4278
-0
-0
-0
-0
-0
-0
-0
-0
-0
-0
26.2343
3.00997
-0
18.0416
-0
-0
-0
-0
-0
-0
40.7014
-0
1.01712
-0
-0
-0
28.6383
-0
-0
-0
-0
-0
-0
21.0508
-0
-0
-0
4.14221
-0
19.6444
-0
-0
-0
-0
9.62706
-0
9.31855
-0
1.99734
-0
-0
3.60616
-0
-0
-0
0.213756
-0
-0
-0
-0
10.4177
-0
41.9245
-0
-0
72.4931
1.40608
-0
-0
-0
-0
-0
-0
-0
-0
-0
-0
-0
-0
-0
-0
-0
-0
15.7586
2.62054
2.88818
-0
-0
15.5485
-0
17.0544
19.08
-0
-0
-0
-0
39.6319
-0
-0
-0
-0
11.5191
-0
-0
18.927
-0
5.40268
32.7562
-0
-0
-0
-0
-0
-0
-0
-0
5.66155
-0
-0
21.9694
-0
11.5177
1.98481
-0
-0
-0
-0
-0
28.5374
-0
-0
-0
-0
7.56765
-0
-0
1.30866
-0
-0
-0
-0
-0
-0
-0
13.4274
-0
7.81869
-0
-0
-0
-0
-0
-0
-0
-0
7.43291
-0
-0
2.52173
-0
-0
44.5239
-0
-0
-0
-0
-0
-0
-0
-0
48.5338
-0
-0
-0
-0
10.733
61.9991
-0
-0
-0
-0
-0
-0
2.05194
6.94177
-0
-0
-0
-0
4.14272
-0
-0
-0
-0
3.27992
-0
-0
-0
24.0007
-0
-0
45.6065
33.1447
-0
-0
-0
-0
-0
-0
-0
-0
-0
-0
-0
-0
-0
-0
51.7217
-0
-0
-0
-0
9.29147
-0
-0
-0
-0
2.14302
-0
14.1987
-0
-0
-0
-0
-0
-0
9.26463
-0
-0
-0
-0
-0
41.094
-0
-0
-0
23.6127
-0
35.9439
-0
-0
-0
-0
37.3818
-0
-0
21.7448
-0
-0
0.736623
-0
1.02247
-0
-0
23.2071
-0
-0
-0
5.0898
-0
-0
-0
-0
4.38223
-0
-0
-0
3.60623
-0
13.9147
10.0026
-0
58.7272
-0
-0
3.91516
-0
-0
-0
25.8336
-0
-0
10.1184
35.6013
-0
-0
6.66771
-0
-0
-0
-0
-0
5.85113
44.1202
38.5565
4.23923
-0
-0
0.907419
-0
-0
-0
40.296
-0
-0
-0
-0
3.14285
40.7874
-0
-0
-0
-0
3.00787
28.0384
-0
-0
-0
-0
-0
-0
-0
-0
-0
22.671
27.31
-0
-0
-0
-0
-0
33.0036
2.06134
-0
-0
-0
-0
27.2865
-0
-0
-0
-0
-0
-0
2.90738
33.5027
-0
52.6807
2.68759
26.5538
-0
-0
-0
7.06394
-0
46.3905
1.54932
-0
-0
6.14533
-0
-0
0.0538988
-0
-0
11.128
-0
-0
-0
-0
-0
-0
6.90325
-0
-0
-0
-0
37.7631
-0
-0
-0
-0
-0
-0
11.8414
-0
-0
-0
-0
-0
-0
-0
-0
-0
-0
-0
-0
17.6937
3.11523
2.44275
7.69211
-0
-0
-0
-0
45.9766
-0
-0
-0
-0
-0
-0
-0
-0
7.60567
-0
21.0763
-0
-0
-0
26.4767
-0
-0
12.5784
-0
-0
-0
-0
-0
-0
-0
17.2392
17.1517
-0
-0
-0
8.48018
-0
-0
-0
0.999931
-0
-0
17.1736
-0
45.1799
-0
10.9975
12.5098
28.3979
-0
-0
-0
36.8241
-0
-0
15.4554
19.9027
-0
-0
-0
-0
3.6691
32.0896
25.1789
-0
3.56368
4.93707
15.6247
-0
24.0437
-0
-0
-0
-0
-0
-0
-0
-0
3.87219
2.59946
-0
-0
-0
-0
-0
-0
12.2272
17.7238
24.5973
-0
-0
7.05733
-0
-0
4.44141
-0
-0
-0
1.53775
-0
-0
9.99549
-0
-0
-0
0.495328
-0
-0
-0
-0
-0
12.8597
-0
-0
-0
-0
-0
-0
-0
-0
6.90374
-0
-0
-0
-0
-0
-0
-0
11.7687
-0
-0
13.1888
-0
-0
9.91402
-0
-0
