-0
-0
-0
-0
-0
-0
-0
-0
7.73498
-0
7.2861
-0
13.6717
-0
-0
2.44915
21.4107
-0
-0
6.1649
-0
-0
-0
-0
10.0844
23.0763
6.01647
-0
-0
-0
-0
-0
-0
-0
3.27227
-0
-0
-0
4.32644
-0
-0
-0
4.145
-0
-0
-0
-0
-0
-0
-0
-0
-0
-0
24.4907
-0
-0
-0
0.281922
3.00667
36.2743
-0
-0
1.90781
-0
-0
-0
-0
-0
-0
-0
-0
0.620032
-0
-0
-0
-0
73.2885
-0
-0
-0
-0
3.72757
15.5847
-0
9.27722
-0
-0
7.20487
-0
-0
55.4686
-0
-0
-0
-0
-0
4.54183
10.5704
23.0853
-0
-0
-0
-0
0.108425
-0
-0
-0
-0
-0
-0
-0
-0
-0
-0
-0
-0
11.8132
-0
7.97097
39.9215
32.9403
24.2671
-0
5.10458
-0
-0
-0
-0
-0
-0
-0
11.2064
35.064
-0
-0
-0
32.9604
1.6757
-0
34.6253
-0
-0
24.73
-0
-0
-0
-0
-0
-0
-0
13.0884
-0
-0
18.1492
-0
-0
-0
9.64042
-0
1.06886
20.2227
0.354757
-0
7.61013
13.7947
-0
-0
24.4418
-0
34.8141
-0
9.90516
4.66772
-0
0.834639
-0
5.20165
-0
-0
-0
-0
-0
-0
-0
-0
42.3774
-0
-0
-0
-0
47.5048
11.042
10.7628
-0
-0
-0
-0
17.0159
-0
-0
-0
20.3459
-0
-0
-0
-0
18.8915
24.2815
-0
-0
-0
-0
25.5896
-0
-0
-0
5.65106
-0
-0
-0
23.2953
-0
-0
-0
-0
-0
-0
1.38256
-0
-0
-0
-0
-0
-0
-0
-0
-0
-0
-0
-0
23.0322
-0
-0
-0
-0
-0
-0
-0
-0
-0
-0
12.0161
-0
-0
-0
-0
-0
20.337
-0
-0
-0
4.49006
-0
-0
20.0687
-0
-0
19.8424
-0
-0
-0
-0
8.08099
20.6701
-0
-0
-0
-0
-0
-0
-0
4.00971
-0
37.5071
-0
-0
-0
-0
-0
-0
-0
-0
29.414
-0
27.9773
-0
58.9299
-0
-0
18.1269
-0
-0
-0
3.54177
0.652217
26.3059
-0
-0
10.1312
-0
-0
-0
-0
-0
-0
0.0678572
-0
-0
-0
1.63355
-0
-0
0.661811
1.45433
3.85812
-0
7.25341
25.3713
-0
28.2446
-0
-0
-0
-0
-0
0.277025
-0
27.6307
44.2365
41.0403
4.23553
-0
23.9556
-0
11.0548
-0
-0
-0
25.4056
15.7219
-0
-0
-0
-0
-0
-0
-0
-0
-0
-0
3.66432
-0
-0
37.9464
3.64129
2.04279
-0
-0
9.65124
-0
-0
9.46596
0.107952
-0
-0
-0
-0
-0
4.84515
-0
-0
-0
1.02187
-0
-0
19.0856
-0
-0
-0
-0
-0
-0
-0
-0
-0
-0
-0
20.7575
-0
15.6125
24.5247
-0
-0
-0
-0
-0
-0
-0
-0
-0
-0
13.7216
-0
-0
-0
-0
-0
33.4727
-0
-0
6.95852
-0
-0
-0
-0
17.9507
-0
4.96758
2.52679
-0
-0
39.8545
-0
-0
-0
-0
9.59837
-0
-0
-0
-0
-0
-0
-0
-0
-0
-0
-0
-0
-0
39.9322
-0
-0
-0
-0
4.8745
-0
-0
-0
-0
-0
-0
-0
-0
-0
-0
-0
-0
-0
-0
-0
-0
-0
-0
-0
16.5106
-0
-0
-0
-0
-0
-0
-0
24.1369
-0
18.5178
-0
-0
-0
19.9929
0.317455
-0
2.54298
4.39711
-0
5.83197
-0
-0
-0
23.0025
-0
-0
0.0377223
14.6371
-0
-0
-0
-0
-0
-0
-0
-0
23.8971
0.734931
-0
-0
-0
-0
-0
-0
-0
9.65878
-0
18.0994
-0
-0
-0
-0
-0
-0
-0
-0
-0
-0
-0
-0
-0
-0
-0
-0
-0
-0
-0
-0
-0
13.1707
-0
6.50508
-0
26.401
-0
42.3103
-0
-0
-0
53.4201
-0
-0
-0
-0
-0
-0
8.99361
-0
-0
-0
2.48121
-0
-0
9.78316
-0
4.69
-0
-0
1.11964
-0
-0
-0
15.7836
1.7437
-0
-0
-0
1.47376
-0
-0
-0
-0
-0
20.1502
-0
-0
-0
-0
-0
44.4406
5.44357
-0
7.6741
-0
36.3956
-0
-0
-0
-0
-0
-0
5.16188
-0
-0
-0
-0
26.0916
24.5783
-0
-0
47.0895
-0
-0
-0
-0
-0
-0
0.458776
-0
-0
-0
-0
-0
-0
-0
-0
-0
-0
-0
-0
-0
-0
-0
-0
-0
-0
-0
-0
-0
-0
-0
-0
30.7476
9.60257
-0
-0
-0
-0
21.5506
14.6326
-0
-0
-0
-0
12.5677
-0
-0
21.0155
-0
24.3095
-0
-0
-0
-0
2.6674
-0
-0
-0
29.6666
-0
-0
-0
1.52526
23.6415
-0
-0
3.82956
-0
-0
36.6544
-0
-0
-0
-0
-0
-0
46.5628
3.7089
-0
-0
-0
-0
-0
-0
-0
-0
-0
9.9541
24.1848
-0
-0
-0
7.64378
-0
-0
32.2833
-0
-0
-0
-0
9.06025
-0
-0
-0
-0
-0
-0
-0
-0
-0
-0
-0
9.52504
-0
-0
-0
-0
-0
-0
-0
-0
1.49392
-0
-0
0.257863
-0
32.5384
-0
-0
-0
-0
-0
34.8052
-0
-0
-0
-0
-0
9.70126
1.88067
21.8806
-0
-0
-0
-0
-0
-0
17.8824
-0
20.9582
29.292
6.1619
-0
29.6663
-0
-0
1.48588
-0
-0
8.25169
-0
-0
-0
-0
-0
7.81142
-0
-0
-0
-0
-0
29.2363
-0
-0
-0
0.149978
-0
-0
10.2949
-0
-0
-0
0.844235
-0
-0
-0
-0
-0
-0
18.9153
8.14
13.8617
22.8197
-0
41.7214
-0
-0
-0
-0
6.92579
-0
-0
-0
27.6243
-0
-0
27.7596
9.0936
-0
-0
-0
11.2071
-0
-0
8.1023
11.8742
-0
5.84656
-0
-0
4.31967
62.265
-0
10.9844
-0
-0
-0
-0
-0
38.0038
-0
-0
-0
23.7856
-0
-0
41.2378
-0
-0
18.6905
48.8369
10.5805
-0
0.733593
-0
15.4736
-0
-0
16.0238
-0
-0
-0
-0
-0
-0
-0
-0
35.4594
-0
-0
-0
-0
-0
-0
6.70539
19.6773
-0
-0
-0
50.9364
-0
-0
22.8203
20.0441
-0
-0
-0
1.52039
-0
-0
2.81817
-0
-0
6.86876
-0
-0
-0
-0
18.533
0.180171
-0
-0
-0
-0
-0
51.3946
-0
-0
-0
-0
-0
-0
-0
0.0550464
24.4732
14.5062
-0
-0
4.91111
-0
-0
52.9337
-0
-0
-0
10.8913
26.9464
18.0096
-0
-0
-0
-0
-0
14.9938
-0
-0
-0
12.6039
27.3401
-0
-0
-0
-0
-0
-0
-0
5.41486
-0
22.342
16.5219
6.34597
-0
-0
-0
-0
-0
-0
3.46686
-0
-0
-0
-0
-0
-0
-0
-0
-0
-0
-0
-0
-0
-0
-0
-0
-0
-0
-0
-0
2.48189
26.7284
-0
-0
-0
-0
-0
-0
-0
-0
-0
5.80947
-0
-0
-0
-0
-0
21.7849
-0
-0
-0
-0
-0
-0
-0
24.5163
-0
-0
-0
5.98692
-0
-0
-0
1.38685
-0
-0
-0
-0
-0
12.2875
15.864
-0
-0
19.0364
-0
-0
-0
3.70319
-0
-0
-0
-0
-0
-0
6.76968
22.0675
-0
-0
-0
-0
-0
-0
15.6774
-0
-0
-0
5.31184
-0
7.68685
7.93863
-0
-0
23.4717
-0
-0
-0
-0
-0
40.2792
-0
-0
11.4873
-0
5.66498
-0
10.6725
-0
-0
-0
-0
6.36704
0.649952
-0
-0
36.7725
-0
-0
26.2076
-0
-0
-0
-0
-0
-0
35.6395
-0
-0
-0
-0
-0
17.3531
-0
-0
-0
-0
19.7087
5.09131
-0
-0
-0
-0
-0
-0
-0
-0
-0
-0
45.1329
-0
12.2096
-0
-0
-0
-0
-0
18.4181
-0
-0
-0
-0
-0
-0
-0
-0
-0
11.0148
-0
0.347486
11.9742
7.6669
-0
-0
-0
-0
-0
-0
1.40075
-0
-0
-0
-0
-0
-0
-0
-0
26.2811
-0
-0
-0
-0
-0
5.07094
-0
-0
-0
-0
-0
7.92509
-0
-0
-0
22.91
-0
-0
-0
-0
-0
8.26643
-0
-0
-0
-0
21.8113
34.6948
-0
-0
-0
-0
11.3834
0.537735
-0
-0
-0
-0
7.55394
-0
-0
-0
-0
-0
-0
-0
10.5447
-0
-0
8.0108
-0
-0
-0
2.60128
-0
2.24869
-0
-0
-0
12.0502
-0
-0
3.89779
-0
-0
25.0702
-0
-0
17.1057
-0
-0
-0
-0
-0
-0
7.53178
-0
-0
7.17322
-0
-0
-0
11.9228
-0
-0
-0
5.11206
-0
-0
-0
-0
-0
-0
-0
-0
-0
-0
15.3575
-0
-0
17.2257
-0
-0
2.39006
-0
-0
-0
-0
4.24928
-0
-0
30.0094
-0
-0
-0
-0
-0
-0
-0
52.4619
-0
-0
-0
41.2075
-0
-0
-0
-0
6.08535
-0
-0
33.9676
2.20188
-0
-0
-0
-0
-0
18.8844
-0
12.0229
-0
12.1703
18.7915
-0
-0
-0
4.47324
47.5493
-0
-0
-0
-0
-0
5.28493
-0
44.1451
-0
-0
1.38861
-0
9.73152
-0
-0
42.4063
52.819
-0
-0
39.4712
-0
-0
-0
31.8235
-0
-0
-0
-0
25.9765
9.70118
-0
25.5686
-0
4.09749
-0
-0
-0
-0
-0
-0
-0
-0
-0
37.3669
-0
-0
-0
-0
35.2382
-0
33.4954
-0
28.211
24.0457
0.580272
-0
-0
6.13506
-0
-0
21.7499
-0
43.6567
-0
-0
-0
-0
-0
-0
-0
-0
-0
-0
-0
12.3999
-0
26.2133
11.7669
-0
-0
-0
-0
-0
-0
-0
-0
-0
-0
2.30899
-0
-0
-0
-0
11.6851
-0
22.4124
-0
-0
-0
19.3015
6.12911
-0
-0
-0
-0
-0
-0
23.8665
17.8373
-0
-0
-0
-0
-0
-0
7.81083
20.3382
-0
-0
-0
-0
6.3942
-0
-0
-0
-0
-0
-0
-0
0.392103
-0
-0
-0
-0
-0
-0
28.0332
-0
1.20819
-0
-0
-0
-0
-0
-0
-0
-0
-0
-0
33.1637
-0
-0
-0
-0
16.6882
-0
-0
-0
-0
-0
-0
-0
-0
-0
-0
-0
-0
-0
-0
-0
-0
-0
-0
-0
-0
-0
40.5494
-0
-0
-0
4.47535
-0
-0
-0
19.5745
-0
-0
-0
-0
-0
3.0107
-0
-0
-0
-0
26.2072
-0
-0
-0
18.1607
-0
-0
43.9346
-0
18.4512
-0
-0
0.570384
-0
-0
-0
0.711382
-0
15.4427
-0
-0
-0
-0
-0
23.4224
-0
-0
0.0500775
-0
-0
-0
16.0715
-0
-0
-0
-0
7.10998
-0
-0
-0
62.0229
-0
-0
-0
-0
-0
-0
-0
5.30936
9.30185
-0
8.8324
1.2822
-0
-0
-0
-0
18.1991
-0
-0
-0
-0
-0
37.9734
41.1643
-0
-0
-0
-0
-0
-0
-0
-0
-0
-0
-0
-0
-0
-0
12.8936
33.743
-0
-0
-0
-0
-0
-0
-0
-0
-0
-0
-0
6.69593
-0
-0
-0
-0
-0
-0
-0
-0
-0
46.8579
-0
13.3745
-0
-0
-0
10.2676
-0
11.1996
-0
-0
-0
-0
8.08398
-0
-0
-0
-0
-0
-0
-0
-0
-0
16.7692
-0
6.78571
-0
11.4861
-0
-0
-0
-0
-0
-0
-0
-0
-0
-0
-0
24.4015
27.0003
-0
-0
-0
-0
-0
-0
-0
8.10445
-0
-0
2.71189
-0
-0
18.7265
-0
-0
-0
-0
-0
-0
-0
-0
-0
-0
-0
-0
-0
9.00393
-0
-0
-0
-0
-0
-0
-0
9.86757
-0
-0
-0
-0
-0
21.8899
16.8999
-0
-0
-0
-0
-0
-0
-0
-0
8.30174
-0
-0
-0
7.84488
-0
-0
-0
13.0939
-0
-0
-0
-0
-0
-0
-0
-0
-0
-0
8.51101
-0
-0
-0
-0
-0
-0
-0
-0
27.6207
-0
13.905
-0
-0
-0
-0
-0
-0
2.65901
-0
-0
-0
-0
-0
-0
-0
-0
-0
1.03489
-0
35.1983
-0
-0
-0
-0
-0
-0
-0
-0
-0
-0
-0
12.1736
-0
-0
-0
-0
-0
-0
-0
12.0678
32.7884
-0
29.7051
-0
-0
-0
-0
1.21327
2.30768
8.84513
-0
-0
-0
-0
-0
-0
14.3821
-0
-0
-0
-0
-0
-0
-0
17.7022
-0
-0
-0
-0
-0
-0
50.0471
-0
-0
-0
-0
23.1103
-0
-0
15.2637
-0
-0
-0
0.498631
-0
12.5531
-0
-0
38.1354
-0
-0
-0
-0
23.3837
33.9465
6.00879
-0
-0
-0
-0
-0
-0
-0
-0
-0
-0
-0
-0
46.5403
3.98183
-0
-0
-0
-0
-0
-0
-0
-0
-0
-0
3.26374
-0
32.4832
-0
-0
-0
-0
-0
21.0497
-0
-0
-0
-0
-0
-0
-0
-0
-0
-0
30.0313
-0
-0
-0
-0
-0
-0
-0
-0
13.017
1.0578
-0
-0
1.78275
-0
6.30644
17.4738
1.81372
-0
-0
-0
3.37678
-0
-0
-0
-0
-0
-0
-0
46.2326
10.5427
-0
-0
-0
-0
-0
-0
-0
25.2585
0.101228
20.1972
-0
-0
-0
-0
-0
11.5059
-0
-0
15.1918
7.29972
-0
-0
-0
-0
-0
23.5859
29.5465
-0
-0
12.801
-0
-0
-0
39.0533
6.32813
-0
27.8382
29.3357
-0
7.80762
-0
-0
-0
-0
20.9495
5.6245
-0
-0
-0
-0
-0
-0
-0
-0
9.46733
-0
30.3628
-0
-0
-0
11.9928
-0
-0
-0
55.5755
-0
-0
9.83159
-0
-0
-0
32.0305
-0
-0
1.05631
-0
-0
-0
7.89399
-0
18.7669
-0
-0
0.623863
-0
-0
-0
-0
-0
19.2764
-0
-0
-0
-0
-0
-0
-0
-0
14.6244
-0
-0
-0
-0
-0
-0
16.158
-0
19.4047
-0
26.2764
-0
-0
-0
10.0687
-0
0.818311
-0
37.5435
-0
7.86385
-0
-0
0.596609
1.03198
-0
-0
22.0018
3.97175
-0
3.73001
-0
9.42284
-0
24.0576
12.2246
-0
13.4889
-0
-0
0.889068
-0
23.8919
-0
14.7795
19.5059
-0
10.5983
-0
-0
-0
15.5072
36.7442
27.8102
-0
-0
-0
-0
-0
-0
-0
-0
-0
-0
-0
-0
-0
17.3578
-0
-0
-0
-0
-0
-0
-0
-0
-0
-0
40.1941
-0
-0
-0
0.012862
30.1162
-0
-0
-0
-0
-0
-0
-0
-0
-0
-0
-0
13.1727
-0
-0
-0
16.009
4.79355
1.06784
-0
-0
2.04026
-0
17.7505
-0
-0
-0
-0
-0
14.4049
4.1167
-0
-0
-0
-0
27.966
-0
-0
-0
8.52738
-0
-0
-0
-0
16.1023
-0
32.2399
8.03082
-0
30.008
20.6933
-0
17.857
-0
-0
-0
21.6695
62.2448
-0
26.4111
19.6265
18.106
-0
-0
-0
-0
-0
-0
-0
15.8878
-0
2.3941
-0
-0
-0
-0
-0
-0
-0
-0
-0
-0
23.0264
-0
-0
-0
-0
-0
-0
-0
-0
-0
-0
-0
-0
-0
-0
-0
-0
-0
-0
-0
-0
30.3049
-0
-0
-0
15.9511
-0
25.224
57.2549
-0
0.0827215
-0
-0
1.65697
-0
-0
25.1372
-0
17.2327
5.56018
53.3674
-0
29.2609
-0
26.3123
-0
16.0666
-0
23.8729
-0
-0
-0
-0
-0
-0
-0
-0
-0
-0
-0
-0
5.63332
-0
-0
-0
-0
-0
-0
37.9313
-0
-0
-0
-0
15.3321
-0
-0
-0
-0
-0
-0
-0
-0
-0
-0
1.7582
3.65978
-0
-0
-0
-0
-0
-0
2.89238
-0
33.4851
-0
-0
-0
43.4079
-0
-0
-0
-0
-0
-0
-0
2.67267
4.88493
-0
-0
-0
2.91368
-0
25.1546
-0
-0
-0
-0
-0
-0
-0
-0
-0
-0
-0
-0
-0
4.58197
-0
-0
0.134598
-0
9.94104
-0
-0
2.46461
-0
-0
-0
-0
-0
21.0144
-0
-0
-0
6.03069
-0
-0
-0
-0
-0
13.0772
-0
31.875
-0
-0
-0
-0
30.2364
11.5274
-0
-0
-0
-0
-0
-0
27.5651
-0
23.4726
-0
-0
3.65591
-0
-0
-0
17.6426
9.67815
15.1351
-0
-0
8.44331
16.5441
12.5977
-0
-0
-0
2.15423
-0
-0
-0
-0
-0
-0
-0
-0
-0
-0
-0
-0
48.0892
13.1172
32.1501
-0
-0
-0
-0
-0
-0
-0
-0
-0
-0
-0
-0
-0
-0
-0
-0
-0
-0
4.42151
6.22248
-0
-0
-0
2.54409
-0
-0
-0
-0
-0
43.532
-0
-0
1.9482
1.76854
4.29276
-0
0.749007
15.6602
-0
-0
-0
9.9431
-0
-0
11.1976
-0
5.46729
51.4256
-0
-0
-0
-0
-0
18.9966
-0
4.62718
-0
15.4624
12.9499
-0
-0
-0
-0
-0
-0
-0
-0
5.91604
-0
-0
-0
-0
16.9283
16.3679
-0
2.11622
-0
-0
-0
-0
-0
36.3153
-0
-0
-0
7.47945
-0
-0
-0
-0
-0
-0
58.7626
19.6334
-0
-0
-0
-0
-0
-0
-0
-0
-0
-0
-0
9.59027
4.54953
-0
-0
-0
27.2239
12.7206
16.2278
33.2135
-0
-0
-0
-0
-0
-0
34.6307
25.4765
-0
-0
-0
-0
-0
-0
-0
5.06688
-0
-0
-0
-0
-0
-0
-0
-0
-0
-0
-0
10.1319
-0
-0
-0
-0
56.4954
-0
-0
-0
-0
-0
8.45587
-0
23.3318
-0
-0
-0
-0
14.098
-0
-0
-0
-0
-0
-0
2.4686
-0
-0
-0
44.3011
3.19865
-0
24.7758
26.1226
-0
8.19712
-0
-0
17.0384
-0
22.7104
-0
-0
-0
-0
-0
-0
26.8548
7.46215
-0
-0
3.0906
-0
40.286
-0
-0
-0
-0
44.0753
-0
-0
-0
15.7208
-0
-0
-0
-0
-0
-0
-0
8.81218
0.868366
-0
-0
-0
-0
-0
17.7488
-0
-0
-0
-0
-0
-0
-0
40.1514
-0
-0
-0
2.99981
-0
21.2707
-0
-0
-0
-0
-0
-0
-0
-0
-0
-0
-0
-0
-0
-0
-0
25.6717
23.2048
-0
-0
-0
-0
-0
-0
-0
-0
4.59471
-0
-0
-0
-0
2.19899
-0
-0
11.4018
-0
-0
-0
40.3386
-0
17.9939
-0
-0
-0
4.91625
-0
-0
-0
-0
-0
-0
-0
-0
-0
-0
-0
20.5657
-0
-0
-0
-0
-0
-0
-0
-0
-0
-0
-0
-0
-0
-0
-0
53.7153
-0
-0
-0
49.5156
-0
-0
-0
-0
-0
61.0053
-0
26.4939
-0
43.4286
-0
0.0724859
-0
17.8258
-0
-0
-0
-0
28.3735
-0
-0
-0
-0
-0
-0
-0
9.82337
-0
-0
-0
12.8222
-0
-0
-0
-0
4.25202
-0
-0
-0
-0
-0
-0
-0
20.5082
-0
-0
19.6405
-0
-0
-0
-0
-0
-0
-0
57.943
-0
-0
-0
20.964
-0
-0
-0
-0
-0
-0
-0
13.6445
-0
10.958
8.52864
-0
-0
-0
-0
-0
-0
-0
-0
-0
-0
-0
-0
0.17175
3.46311
13.2234
-0
-0
-0
37.3818
-0
-0
0.6227
-0
-0
58.9137
-0
-0
-0
-0
-0
7.86008
3.77579
-0
-0
-0
-0
-0
24.9087
-0
-0
-0
18.8576
-0
23.7212
-0
-0
-0
-0
-0
-0
-0
-0
-0
14.6348
5.72489
-0
4.20525
-0
-0
-0
-0
-0
4.40633
-0
-0
-0
-0
33.0167
-0
-0
-0
-0
-0
34.9659
-0
7.58272
-0
-0
-0
-0
-0
36.1199
-0
-0
-0
-0
-0
-0
-0
-0
-0
6.50845
-0
-0
-0
-0
-0
7.06903
2.16241
-0
13.6858
-0
-0
-0
25.9344
-0
-0
19.8447
-0
0.479167
28.9942
-0
-0
5.41551
3.03353
-0
0.972567
-0
-0
-0
19.1702
-0
-0
22.0317
64.838
-0
-0
-0
9.56923
17.7191
-0
-0
-0
-0
-0
-0
4.41149
-0
-0
-0
19.4026
-0
-0
-0
37.7183
30.6704
-0
8.95779
9.87558
-0
-0
46.5503
-0
-0
-0
1.66416
-0
-0
13.6906
-0
32.3916
-0
34.6507
0.748309
13.6823
24.1657
-0
-0
-0
-0
19.3626
-0
6.64214
41.4815
-0
-0
-0
-0
11.5355
-0
-0
-0
-0
-0
-0
-0
33.5945
31.7702
1.3002
-0
24.5451
-0
11.9641
-0
25.6665
-0
-0
-0
-0
-0
-0
-0
50.1859
13.7151
-0
-0
-0
-0
13.9578
-0
0.282093
-0
-0
-0
-0
-0
-0
-0
-0
-0
-0
-0
-0
37.9311
-0
-0
-0
-0
-0
-0
-0
-0
-0
-0
-0
-0
-0
-0
2.75956
42.0287
-0
-0
-0
44.9703
-0
-0
-0
-0
-0
-0
-0
27.5415
7.87939
-0
15.669
-0
-0
53.3608
-0
-0
-0
-0
3.32228
-0
-0
-0
-0
22.3709
-0
25.1294
-0
-0
-0
35.292
-0
-0
-0
9.09796
0.900777
-0
28.6724
20.3164
-0
-0
-0
-0
-0
-0
27.7921
31.3478
-0
-0
-0
16.62
-0
-0
1.35084
41.5281
-0
-0
-0
-0
-0
-0
-0
0.199127
-0
-0
-0
46.0122
-0
-0
-0
3.90186
-0
-0
-0
-0
-0
-0
-0
-0
18.0003
-0
-0
-0
15.909
-0
-0
32.3816
6.71352
-0
-0
-0
-0
-0
26.6008
-0
-0
-0
-0
-0
14.2151
-0
-0
-0
28.3876
25.3785
34.8985
-0
-0
-0
6.21268
-0
5.14826
-0
-0
-0
-0
-0
-0
-0
-0
-0
-0
-0
-0
-0
27.7548
-0
-0
54.1781
-0
-0
-0
-0
-0
-0
-0
-0
-0
-0
-0
-0
-0
-0
-0
-0
-0
-0
-0
-0
-0
-0
-0
7.43818
-0
-0
-0
-0
-0
-0
-0
-0
-0
-0
-0
3.2109
-0
-0
-0
-0
-0
-0
-0
-0
27.545
-0
5.92451
-0
-0
-0
-0
-0
-0
3.11907
-0
-0
8.24898
-0
-0
-0
-0
-0
-0
-0
-0
-0
-0
-0
-0
-0
-0
-0
-0
-0
-0
-0
-0
-0
-0
-0
-0
-0
-0
-0
-0
-0
-0
-0
3.56575
0.209022
-0
-0
-0
3.5753
-0
16.3619
-0
-0
-0
-0
-0
-0
-0
16.3185
-0
-0
-0
-0
37.5679
-0
-0
9.28622
2.45304
22.4802
16.3475
-0
-0
13.1851
10.9331
-0
-0
-0
-0
0.56884
-0
-0
-0
-0
-0
-0
-0
-0
-0
-0
-0
-0
-0
-0
-0
-0
-0
-0
-0
-0
-0
-0
-0
-0
-0
5.21772
-0
-0
0.0619331
-0
17.9009
-0
-0
43.608
-0
-0
54.0914
6.02343
-0
-0
24.8861
-0
-0
-0
-0
30.1356
-0
-0
-0
-0
-0
-0
21.3872
-0
-0
-0
-0
-0
-0
2.24323
-0
29.6538
8.60317
16.9848
27.0721
-0
-0
-0
-0
3.95141
1.5001
-0
16.193
-0
-0
-0
45.6619
-0
-0
-0
-0
-0
-0
-0
-0
10.6798
-0
-0
-0
-0
-0
-0
5.67469
-0
-0
-0
-0
-0
-0
-0
3.4595
13.8189
6.09241
7.10994
-0
-0
-0
-0
-0
34.0793
-0
-0
-0
0.718178
-0
-0
4.82025
-0
-0
-0
-0
-0
-0
-0
-0
-0
37.4101
-0
-0
18.9712
0.414486
-0
-0
1.56351
-0
-0
-0
49.416
-0
14.6896
-0
12.312
-0
-0
-0
-0
-0
28.9709
2.60503
-0
-0
-0
0.984676
-0
-0
-0
12.3341
5.62202
12.0632
-0
20.1821
10.9067
-0
25.0579
-0
-0
-0
-0
-0
-0
-0
25.654
-0
-0
-0
-0
-0
-0
0.943135
-0
-0
-0
16.0528
-0
-0
-0
28.075
-0
30.5829
4.8973
-0
-0
-0
-0
-0
-0
-0
-0
-0
-0
73.8327
-0
-0
14.9514
-0
22.1183
-0
-0
-0
-0
38.1709
26.8098
-0
-0
-0
-0
-0
21.0582
-0
-0
-0
-0
-0
-0
10.6479
-0
17.8186
22.8045
-0
-0
-0
-0
15.7544
-0
-0
-0
-0
-0
-0
-0
20.3287
-0
26.3187
2.23929
23.1928
-0
-0
39.3338
5.09336
-0
26.3381
-0
51.3193
-0
-0
-0
-0
8.95454
-0
-0
18.6714
-0
-0
-0
17.2074
50.1313
19.8773
-0
9.26418
-0
6.64929
-0
5.13315
-0
16.6115
-0
-0
-0
-0
-0
-0
-0
0.33179
5.16738
-0
0.31745
0.792472
-0
-0
-0
7.2942
-0
-0
-0
-0
-0
-0
-0
-0
-0
-0
-0
-0
-0
-0
-0
-0
8.07329
-0
5.43904
-0
-0
-0
-0
-0
-0
-0
-0
33.058
-0
-0
-0
-0
-0
-0
-0
-0
-0
-0
23.4434
0.366494
2.90937
9.18023
-0
-0
-0
43.1421
-0
-0
35.278
-0
24.3174
22.8921
-0
-0
52.7359
-0
-0
-0
-0
-0
-0
-0
-0
-0
-0
-0
-0
17.2314
-0
-0
-0
-0
6.14348
-0
1.15701
-0
-0
-0
-0
-0
-0
-0
-0
-0
-0
-0
-0
-0
11.0809
-0
26.0931
-0
48.5263
42.0018
35.0593
-0
-0
-0
5.64579
-0
-0
-0
-0
25.3513
-0
-0
-0
-0
13.605
-0
-0
-0
-0
-0
-0
-0
6.01838
-0
30.7608
-0
-0
0.000308573
-0
-0
16.6949
-0
-0
2.05867
-0
5.48461
-0
-0
16.0689
-0
1.91573
1.63276
-0
7.38288
-0
-0
-0
-0
-0
-0
12.2972
-0
-0
-0
-0
26.0102
-0
-0
-0
-0
-0
-0
50.4554
-0
-0
-0
36.6127
27.0063
-0
-0
22.2441
-0
17.1477
-0
-0
-0
-0
-0
0.224521
-0
-0
35.837
-0
-0
-0
-0
-0
-0
-0
26.1404
-0
-0
3.52716
-0
-0
-0
-0
-0
-0
-0
-0
-0
2.81278
-0
2.15554
-0
-0
-0
-0
20.4418
60.3187
-0
-0
-0
-0
-0
-0
-0
38.8604
-0
-0
-0
-0
-0
-0
-0
-0
-0
18.6196
-0
-0
-0
-0
-0
-0
23.452
26.7604
-0
13.2173
1.56698
-0
-0
-0
-0
-0
0.924772
-0
-0
-0
-0
-0
-0
-0
-0
-0
-0
3.86757
-0
-0
-0
-0
14.9566
-0
-0
-0
-0
-0
2.98829
4.61667
-0
-0
-0
-0
21.2842
-0
-0
38.6772
-0
2.34174
-0
4.40057
-0
23.0338
-0
-0
-0
-0
23.9988
-0
-0
19.8631
-0
-0
-0
-0
-0
-0
-0
-0
-0
-0
-0
-0
-0
-0
-0
3.16766
17.7915
-0
-0
-0
-0
-0
-0
26.1631
-0
83.1623
-0
-0
-0
-0
-0
-0
-0
-0
-0
-0
32.4556
-0
-0
10.2637
-0
-0
-0
-0
-0
10.0697
24.1846
43.1164
-0
-0
-0
-0
-0
-0
-0
17.8286
11.4523
-0
-0
-0
45.2569
17.1769
-0
-0
-0
-0
3.14718
-0
-0
-0
-0
-0
-0
-0
-0
-0
-0
15.6577
5.36924
-0
-0
-0
-0
-0
30.1258
-0
0.666902
1.04503
-0
-0
22.5098
-0
-0
-0
-0
-0
-0
-0
15.6407
-0
34.3582
3.80888
51.4079
-0
-0
5.79391
-0
-0
22.9043
-0
-0
-0
29.5259
-0
-0
-0
-0
-0
6.62206
-0
-0
-0
-0
-0
-0
4.30944
-0
-0
-0
8.04653
38.7855
-0
-0
-0
-0
-0
-0
27.8178
-0
-0
-0
-0
-0
-0
-0
-0
-0
-0
-0
-0
1.88356
-0
-0
-0
-0
-0
-0
-0
-0
-0
-0
-0
-0
-0
-0
8.54227
0.599217
0.153797
-0
45.5842
-0
-0
-0
3.03215
-0
8.10513
18.3646
-0
-0
-0
-0
-0
-0
-0
22.802
35.9058
-0
-0
-0
-0
3.90937
-0
-0
-0
-0
-0
-0
24.7469
37.0588
-0
20.5532
2.76913
40.3179
-0
-0
4.26402
27.4193
-0
-0
16.7723
38.5591
26.3663
11.004
-0
-0
-0
20.3969
56.4102
-0
34.2404
3.31988
9.23815
-0
14.07
-0
-0
-0
-0
-0
-0
-0
-0
3.61017
0.440255
8.95686
11.1584
-0
-0
-0
-0
-0
15.1566
2.72372
-0
-0
10.6883
6.18723
-0
16.8611
2.71373
-0
-0
22.5001
-0
-0
0.0827793
-0
-0
-0
13.0583
-0
-0
6.91274
-0
-0
18.4036
-0
-0
-0
-0
-0
-0
-0
-0
6.98301
-0
5.16979
-0
-0
-0
-0
-0
-0
-0
-0
-0
-0
3.35135
12.8531
-0
-0
