-0
-0
-0
-0
-0
22.3257
-0
2.72003
-0
-0
-0
-0
5.6054
-0
-0
6.74578
37.9724
-0
-0
-0
-0
7.34636
-0
-0
-0
-0
10.2122
-0
-0
-0
-0
-0
-0
-0
5.78162
-0
-0
-0
-0
-0
3.69287
-0
0.64131
-0
-0
5.41401
-0
-0
-0
-0
-0
-0
-0
-0
-0
-0
-0
2.05543
4.99093
-0
-0
-0
-0
0.240049
-0
-0
-0
-0
23.6712
1.19408
-0
19.8404
-0
-0
-0
0.910519
72.435
-0
-0
-0
-0
23.0489
22.2895
-0
6.28065
-0
-0
-0
-0
-0
27.7777
-0
-0
-0
-0
-0
7.31421
-0
33.5961
-0
-0
-0
-0
10.8953
-0
-0
0.769248
-0
-0
-0
7.36915
-0
-0
-0
5.72878
-0
-0
-0
22.4653
24.9301
-0
42.4197
-0
-0
-0
-0
-0
-0
-0
-0
8.40505
33.1765
20.2814
-0
2.58441
-0
63.9326
30.555
-0
8.93037
-0
-0
30.2193
-0
-0
-0
-0
-0
-0
-0
61.3347
-0
-0
-0
-0
-0
-0
-0
-0
1.80727
-0
0.0858019
-0
-0
29.2939
-0
22.4556
-0
-0
58.9316
-0
12.6709
36.4122
-0
-0
-0
18.4444
-0
-0
-0
-0
-0
-0
-0
-0
-0
-0
-0
-0
0.820451
63.2695
1.81879
25.7974
3.32712
-0
-0
-0
23.5229
15.5072
-0
-0
15.7002
7.99293
-0
-0
-0
36.4409
40.5467
-0
-0
-0
-0
-0
-0
-0
-0
23.7521
-0
-0
-0
26.8875
-0
-0
26.9385
-0
-0
-0
22.3668
-0
7.92441
-0
7.30739
-0
-0
-0
-0
-0
-0
-0
-0
-0
-0
-0
-0
-0
-0
0.551225
-0
-0
-0
-0
-0
-0
-0
-0
11.7417
-0
16.1853
-0
-0
-0
9.56658
-0
-0
-0
-0
-0
17.3631
-0
-0
-0
-0
-0
21.689
-0
-0
-0
-0
-0
-0
-0
3.62975
-0
36.6081
-0
-0
-0
-0
-0
-0
-0
-0
44.5146
-0
12.182
-0
43.3294
-0
-0
72.3436
-0
-0
-0
22.5302
-0
26.343
-0
-0
5.63813
-0
15.0908
-0
-0
-0
-0
0.124237
-0
-0
-0
1.09768
-0
-0
-0
-0
10.7491
-0
-0
9.70368
-0
13.7434
-0
-0
-0
-0
-0
-0
-0
3.8811
41.5713
18.7638
18.4788
-0
7.87086
-0
5.04497
-0
-0
-0
-0
-0
-0
-0
-0
-0
2.58456
-0
-0
-0
-0
-0
-0
-0
-0
28.6625
19.5546
3.21239
-0
-0
8.31497
-0
-0
12.9584
0.920308
0.689387
-0
-0
40.7146
-0
-0
-0
-0
11.5563
6.1584
-0
-0
-0
-0
-0
-0
-0
-0
-0
-0
-0
-0
10.7594
-0
3.68375
-0
-0
10.6074
-0
-0
-0
-0
-0
-0
-0
-0
-0
-0
11.9566
-0
-0
36.1812
6.72142
-0
-0
-0
-0
-0
-0
-0
-0
-0
4.29079
-0
4.27148
-0
21.0333
-0
-0
-0
-0
-0
-0
3.70173
-0
-0
-0
-0
-0
-0
-0
-0
3.96321
-0
-0
-0
-0
27.1073
-0
-0
-0
-0
-0
-0
-0
-0
-0
-0
-0
19.1767
-0
-0
-0
-0
-0
-0
-0
-0
-0
-0
-0
-0
5.2973
-0
-0
-0
-0
-0
-0
-0
13.0192
8.3759
-0
-0
-0
-0
-0
7.65011
-0
-0
8.63641
-0
41.7329
-0
-0
-0
43.897
-0
-0
-0
32.6529
-0
-0
-0
11.0661
-0
-0
-0
-0
22.6973
-0
-0
18.8834
-0
-0
3.63909
-0
-0
-0
-0
-0
-0
-0
-0
-0
-0
-0
-0
-0
-0
-0
31.3355
-0
-0
-0
-0
-0
-0
-0
-0
-0
-0
10.5193
11.6927
-0
-0
36.345
-0
-0
-0
-0
56.7591
32.6792
-0
-0
-0
-0
-0
-0
29.4977
-0
-0
-0
-0
-0
-0
1.27309
-0
-0
-0
-0
21.8675
-0
-0
-0
27.2734
-0
-0
-0
-0
-0
-0
-0
-0
-0
-0
25.1292
-0
-0
-0
-0
-0
26.4339
-0
16.1851
25.8602
-0
-0
-0
-0
-0
-0
-0
-0
-0
-0
-0
-0
-0
17.9488
-0
-0
-0
48.8708
-0
-0
-0
-0
-0
-0
17.373
-0
-0
-0
-0
-0
-0
-0
62.3967
-0
-0
-0
-0
-0
-0
-0
-0
-0
-0
-0
-0
-0
-0
-0
-0
13.0414
14.8813
-0
-0
-0
-0
31.0337
3.30585
-0
-0
-0
-0
24.6317
-0
-0
42.6013
-0
53.2404
-0
-0
-0
-0
-0
-0
-0
-0
25.8838
32.7784
-0
-0
1.96205
27.4215
-0
-0
-0
-0
-0
52.4332
-0
-0
-0
-0
-0
-0
40.7226
-0
-0
-0
-0
-0
-0
-0
-0
-0
-0
2.823
-0
-0
-0
-0
-0
-0
-0
36.0926
-0
25.4145
-0
-0
-0
-0
-0
-0
-0
-0
-0
-0
-0
-0
-0
-0
0.969454
-0
-0
-0
-0
13.8936
2.90523
-0
-0
1.1571
-0
-0
-0
-0
8.21256
-0
-0
-0
-0
-0
-0
-0
-0
-0
-0
-0
2.11375
-0
28.142
-0
9.8741
-0
0.0883445
-0
-0
11.2339
12.6557
24.2966
24.2331
-0
-0
46.9865
-0
-0
-0
-0
-0
-0
-0
-0
-0
-0
-0
-0
-0
-0
-0
-0
-0
11.0437
-0
9.87205
-0
-0
24.3354
-0
20.3003
6.66344
-0
-0
-0
-0
-0
-0
-0
-0
-0
-0
-0
43.2555
17.5964
-0
-0
-0
-0
-0
-0
24.6137
-0
-0
-0
31.3475
-0
-0
18.2403
-0
-0
-0
-0
4.67726
-0
-0
42.3804
4.17232
-0
-0
-0
-0
56.7311
50.6939
-0
10.096
-0
-0
-0
-0
-0
49.8195
-0
-0
-0
6.73547
-0
-0
0.649545
20.4697
-0
8.38841
48.854
12.9428
-0
20.1027
-0
9.99062
-0
-0
8.14629
-0
-0
-0
-0
-0
-0
-0
-0
40.9809
-0
-0
-0
-0
-0
-0
6.0797
22.6399
-0
-0
-0
33.7665
-0
-0
40.8251
5.5089
-0
-0
-0
6.10887
-0
-0
3.35926
-0
-0
18.0545
-0
5.86426
-0
-0
45.4929
-0
-0
-0
-0
-0
-0
39.7426
-0
-0
-0
-0
-0
1.86766
-0
6.95103
26.6397
13.0768
-0
-0
6.42528
-0
-0
8.00039
-0
-0
-0
-0
34.4621
24.0759
-0
-0
-0
-0
-0
46.5368
15.8309
-0
-0
29.9781
44.9447
-0
-0
-0
-0
-0
-0
-0
-0
-0
3.45331
-0
-0
-0
-0
-0
-0
-0
35.646
-0
-0
-0
-0
-0
-0
23.5497
-0
-0
-0
-0
-0
-0
-0
-0
-0
-0
-0
-0
-0
-0
9.32573
8.87461
-0
-0
-0
-0
-0
-0
-0
-0
-0
-0
12.2406
-0
-0
20.0991
-0
8.31664
-0
5.48588
-0
-0
-0
-0
-0
-0
-0
-0
-0
9.50485
-0
-0
-0
15.6465
-0
-0
-0
-0
-0
-0
-0
-0
-0
-0
-0
-0
-0
-0
-0
-0
-0
-0
-0
-0
-0
57.2315
7.11997
-0
-0
-0
-0
-0
8.93369
-0
-0
-0
22.9189
-0
4.63117
47.8765
-0
-0
-0
-0
-0
-0
-0
-0
42.1146
-0
-0
32.1434
-0
-0
-0
10.6115
-0
-0
-0
-0
8.51534
9.46968
-0
-0
29.898
-0
-0
29.2941
-0
-0
-0
-0
-0
-0
45.9172
-0
-0
-0
-0
-0
37.0437
-0
-0
7.5956
-0
-0
-0
-0
-0
-0
-0
-0
-0
-0
-0
-0
-0
7.37775
-0
30.2102
-0
-0
-0
-0
-0
34.0469
-0
-0
-0
-0
-0
-0
-0
-0
-0
8.3515
-0
-0
22.9059
10.9315
-0
-0
-0
-0
-0
23.031
0.186743
-0
-0
-0
-0
-0
-0
-0
-0
30.0724
-0
-0
-0
-0
-0
4.34592
-0
-0
18.5738
-0
-0
32.4041
-0
-0
-0
4.99441
-0
-0
-0
-0
-0
4.35887
-0
-0
-0
-0
30.5932
44.5389
7.5274
-0
-0
-0
20.1563
22.6687
3.77737
-0
-0
-0
17.8281
-0
-0
-0
-0
-0
-0
-0
-0
0.135903
-0
3.11326
-0
-0
-0
16.9594
-0
21.1636
-0
-0
11.8331
-0
-0
-0
-0
19.5695
-0
-0
-0
-0
35.0852
-0
-0
-0
-0
-0
-0
37.619
-0
1.7778
17.1485
-0
-0
7.92202
16.437
-0
-0
-0
-0
-0
-0
-0
9.94216
-0
-0
-0
-0
-0
2.43188
19.5852
-0
-0
-0
-0
-0
8.95944
-0
-0
-0
-0
4.14088
-0
30.4188
47.8781
-0
-0
-0
-0
-0
-0
-0
83.2906
3.10296
-0
-0
13.9755
-0
-0
-0
-0
7.3528
-0
-0
0.320071
7.79259
-0
-0
-0
-0
-0
12.9261
-0
-0
-0
9.85218
51.6693
-0
7.16366
-0
-0
37.4809
-0
-0
-0
-0
-0
-0
-0
22.9747
-0
-0
1.21688
-0
-0
-0
-0
25.195
48.1881
-0
-0
16.2103
-0
-0
-0
49.5112
-0
2.58216
-0
-0
49.2922
-0
-0
8.65871
-0
20.6104
-0
-0
-0
-0
-0
-0
-0
-0
-0
19.1398
-0
-0
-0
-0
35.6504
-0
-0
-0
23.0353
-0
6.50295
-0
-0
-0
-0
-0
-0
-0
40.2554
-0
-0
-0
-0
44.2389
-0
-0
-0
-0
-0
-0
6.4492
-0
40.3
-0
-0
-0
-0
-0
-0
-0
-0
-0
-0
-0
-0
-0
-0
-0
-0
-0
-0
74.0962
-0
-0
27.6551
26.3734
16.92
-0
-0
-0
-0
-0
-0
29.168
-0
22.815
-0
-0
-0
-0
-0
-0
43.4399
-0
3.86238
-0
-0
-0
-0
-0
-0
-0
-0
-0
-0
5.45548
-0
-0
-0
-0
-0
-0
60.2634
-0
1.13574
42.3134
-0
-0
15.9641
-0
16.9116
-0
-0
14.1178
-0
14.9139
-0
-0
-0
-0
30.3888
-0
-0
-0
-0
-0
-0
-0
5.0895
-0
-0
-0
-0
-0
-0
-0
-0
-0
-0
-0
-0
-0
70.9026
-0
-0
-0
18.9742
-0
-0
-0
-0
-0
-0
-0
-0
-0
27.3054
-0
-0
-0
-0
-0
-0
-0
-0
41.8033
-0
-0
-0
-0
-0
-0
-0
38.4943
-0
-0
-0
-0
-0
40.3941
-0
11.9563
-0
-0
1.83972
-0
-0
-0
-0
-0
-0
-0
25.0154
-0
-0
-0
-0
34.233
-0
-0
-0
75.9711
-0
-0
-0
-0
-0
-0
-0
-0
29.6183
-0
-0
15.9359
-0
-0
-0
-0
-0
-0
-0
-0
-0
-0
16.5583
27.0445
14.0517
-0
-0
5.99639
-0
-0
-0
-0
-0
-0
-0
18.7759
-0
-0
30.713
29.1577
-0
-0
-0
-0
-0
-0
-0
-0
-0
-0
-0
-0
-0
-0
-0
-0
-0
-0
-0
-0
-0
-0
-0
14.5841
-0
-0
-0
-0
-0
-0
-0
-0
-0
-0
-0
-0
-0
-0
-0
29.0588
-0
-0
-0
-0
12.5553
-0
4.42159
24.6735
-0
-0
-0
-0
-0
-0
-0
-0
-0
-0
-0
-0
10.8583
26.4691
-0
-0
27.1874
-0
-0
-0
0.508672
41.103
-0
-0
6.1731
-0
6.84009
-0
20.202
-0
-0
-0
-0
-0
5.30159
-0
-0
-0
-0
-0
-0
30.4787
-0
-0
-0
-0
-0
-0
-0
5.88775
-0
-0
-0
22.5932
-0
21.182
2.04281
14.1658
-0
-0
-0
-0
-0
-0
-0
-0
28.7865
-0
-0
34.5059
-0
-0
-0
-0
-0
-0
-0
-0
-0
-0
-0
-0
-0
-0
3.93379
5.54514
-0
-0
-0
-0
-0
-0
-0
35.8953
-0
-0
-0
-0
-0
-0
-0
-0
-0
-0
-0
-0
-0
-0
-0
-0
-0
-0
-0
-0
33.528
-0
-0
-0
11.3105
-0
-0
-0
-0
-0
-0
-0
-0
-0
-0
-0
-0
-0
-0
-0
-0
40.0546
-0
20.3921
-0
-0
-0
-0
10.6749
7.00379
-0
-0
-0
-0
-0
-0
-0
13.3625
-0
-0
4.83238
-0
-0
-0
-0
58.5174
-0
-0
-0
-0
-0
-0
10.0918
-0
-0
-0
-0
40.6689
-0
-0
29.1774
-0
-0
-0
-0
-0
-0
-0
-0
31.1065
-0
-0
-0
-0
10.3475
36.3067
0.968184
-0
-0
-0
-0
-0
-0
-0
-0
-0
-0
-0
-0
37.2128
13.9484
-0
-0
-0
-0
-0
-0
-0
-0
-0
-0
-0
-0
46.7871
-0
-0
-0
-0
-0
-0
-0
-0
-0
-0
-0
-0
-0
-0
-0
-0
34.3483
-0
3.28131
-0
-0
-0
-0
-0
-0
-0
0.247446
-0
-0
-0
-0
-0
0.744915
14.5745
-0
-0
-0
3.17391
-0
-0
-0
-0
-0
-0
-0
28.7256
-0
-0
-0
-0
-0
-0
-0
-0
23.8786
6.95044
-0
-0
-0
-0
-0
-0
-0
-0
-0
6.43136
0.578913
-0
-0
-0
51.7588
-0
-0
7.65977
-0
-0
44.61
-0
-0
-0
81.8106
-0
-0
-0
33.7034
-0
25.4284
-0
-0
-0
-0
-0
4.60372
-0
-0
-0
-0
30.9685
-0
-0
-0
7.26122
-0
0.107409
-0
-0
-0
29.6906
-0
-0
-0
43.0279
-0
-0
-0
-0
-0
-0
24.7282
-0
-0
-0
-0
-0
-0
5.44665
-0
39.0044
-0
-0
12.5234
-0
-0
-0
-0
-0
3.74018
-0
-0
0.0568533
-0
-0
-0
27.4523
-0
24.6191
-0
-0
-0
-0
-0
-0
7.69439
-0
-0
-0
78.9997
-0
-0
-0
-0
-0
0.769089
-0
71.5287
-0
23.5805
-0
-0
0.490664
29.7449
-0
-0
2.78614
-0
7.37633
-0
-0
-0
-0
7.75912
10.1232
-0
5.656
-0
-0
11.3193
-0
-0
-0
5.35554
17.1154
-0
5.8051
-0
-0
-0
14.5598
-0
13.9842
-0
-0
-0
2.66268
32.9259
-0
-0
-0
-0
-0
-0
-0
-0
62.1549
-0
-0
-0
-0
-0
-0
-0
-0
-0
-0
-0
-0
-0
-0
-0
27.4586
-0
-0
-0
-0
-0
-0
-0
-0
-0
-0
-0
-0
-0
-0
-0
15.7098
28.3245
0.510255
-0
-0
27.2726
-0
8.55392
-0
-0
-0
-0
-0
-0
-0
-0
-0
-0
-0
9.78124
-0
-0
-0
21.485
-0
-0
-0
-0
2.65234
-0
25.2689
19.8234
-0
15.6701
39.729
-0
-0
-0
27.4947
1.8169
-0
74.34
-0
-0
7.20948
8.19568
-0
-0
-0
-0
-0
-0
-0
37.8285
-0
54.7548
-0
-0
-0
-0
-0
-0
-0
-0
-0
-0
31.4937
1.41238
-0
-0
-0
-0
-0
-0
-0
-0
-0
-0
-0
-0
-0
-0
-0
-0
-0
-0
-0
26.8443
-0
-0
-0
-0
-0
1.6203
44.0167
-0
-0
-0
-0
-0
-0
-0
27.5281
-0
26.4427
-0
36.5355
-0
22.2837
-0
-0
-0
22.5123
-0
31.4787
-0
-0
-0
-0
-0
-0
-0
-0
-0
-0
-0
10.5568
-0
-0
-0
-0
-0
-0
-0
43.0126
-0
-0
-0
-0
-0
-0
-0
-0
-0
-0
-0
-0
-0
-0
-0
29.3168
0.171546
-0
-0
-0
-0
-0
-0
-0
-0
-0
-0
29.504
-0
43.9677
9.03367
-0
-0
-0
-0
-0
-0
-0
36.0285
-0
-0
-0
11.2148
-0
2.84078
-0
-0
-0
-0
-0
-0
-0
-0
-0
-0
-0
-0
-0
-0
-0
-0
-0
-0
12.2951
-0
-0
-0
-0
-0
-0
-0
-0
-0
-0
-0
-0
12.1814
-0
17.5065
-0
-0
6.27229
-0
-0
6.57846
-0
-0
-0
-0
1.30614
-0
0.643294
12.9173
-0
9.47496
-0
-0
28.499
-0
37.3529
-0
-0
16.0283
-0
-0
-0
32.4152
-0
0.238386
-0
-0
-0
12.2206
22.4752
-0
-0
-0
-0
-0
-0
-0
-0
-0
-0
-0
13.1322
-0
-0
-0
-0
-0
19.4689
8.42276
-0
-0
-0
-0
-0
-0
-0
-0
-0
-0
-0
-0
-0
19.8942
-0
-0
23.4883
-0
-0
13.1849
-0
-0
-0
-0
-0
25.5506
-0
-0
-0
44.8328
-0
-0
-0
0.765968
-0
-0
8.76693
26.7422
-0
-0
-0
-0
-0
-0
-0
-0
-0
46.3479
-0
-0
-0
-0
-0
13.7954
10.8486
-0
-0
8.63215
47.0356
-0
-0
-0
5.69963
-0
-0
-0
-0
-0
-0
-0
-0
-0
-0
12.4914
-0
-0
-0
-0
-0
-0
-0
6.52756
-0
-0
-0
-0
-0
-0
-0
8.58237
10.081
-0
37.209
10.9489
2.32129
-0
-0
-0
-0
-0
-0
-0
-0
-0
-0
-0
3.86984
-0
-0
-0
1.27736
25.7816
22.2648
9.92736
-0
-0
-0
-0
-0
-0
15.4823
36.756
-0
-0
-0
-0
-0
-0
-0
7.1513
-0
-0
-0
-0
-0
-0
-0
-0
-0
-0
-0
-0
-0
11.7635
28.358
-0
79.4068
-0
-0
-0
-0
-0
18.9515
-0
-0
-0
-0
1.8201
-0
-0
-0
-0
-0
-0
-0
4.05864
5.93411
-0
-0
-0
78.2969
10.3718
-0
9.78114
-0
-0
4.82802
-0
-0
-0
-0
17.655
-0
-0
-0
-0
-0
-0
7.61277
-0
-0
3.56271
1.64539
-0
13.2878
-0
16.2706
-0
-0
41.9568
-0
-0
-0
0.899827
-0
-0
-0
-0
-0
-0
11.1942
-0
19.4275
-0
-0
-0
-0
-0
20.8308
-0
-0
-0
-0
-0
-0
-0
41.0654
-0
-0
-0
-0
-0
14.6637
-0
-0
-0
-0
-0
-0
-0
-0
-0
10.2514
-0
-0
-0
-0
1.95558
14.7582
18.0711
-0
-0
0.366255
-0
-0
-0
-0
-0
4.39783
-0
8.34318
-0
-0
1.02491
-0
-0
32.6916
-0
-0
-0
47.7964
-0
37.2824
-0
-0
-0
-0
-0
-0
-0
-0
-0
-0
-0
-0
2.85151
-0
-0
57.4008
-0
-0
-0
-0
-0
-0
-0
-0
-0
-0
-0
-0
-0
-0
52.1051
50.2246
-0
-0
-0
47.0395
-0
-0
8.28182
-0
-0
27.6595
-0
37.315
-0
43.3361
-0
-0
-0
34.6624
-0
-0
-0
-0
19.545
-0
-0
-0
-0
-0
-0
-0
12.2519
-0
-0
-0
14.7077
-0
-0
9.84165
-0
-0
-0
-0
-0
-0
-0
-0
-0
14.5421
-0
-0
-0
-0
-0
-0
-0
-0
-0
-0
-0
-0
-0
-0
2.0906
-0
-0
-0
-0
-0
-0
-0
27.9939
-0
-0
9.57731
-0
-0
5.0773
-0
-0
-0
-0
-0
-0
-0
-0
-0
-0
-0
6.65237
-0
-0
-0
33.2947
19.7088
-0
0.764789
-0
-0
44.972
-0
-0
-0
-0
-0
29.4789
-0
-0
-0
-0
-0
-0
23.1321
-0
-0
-0
21.6075
-0
-0
-0
-0
-0
-0
-0
-0
-0
-0
-0
40.2336
-0
-0
4.73751
-0
-0
-0
12.8156
-0
-0
-0
-0
-0
-0
15.655
-0
-0
-0
-0
-0
5.21734
-0
-0
-0
-0
-0
-0
-0
33.2886
-0
-0
-0
-0
-0
-0
-0
-0
-0
-0
-0
-0
-0
-0
-0
12.0971
-0
-0
-0
-0
-0
-0
16.1066
-0
-0
16.3571
-0
-0
22.5287
-0
-0
28.9249
-0
-0
7.44768
-0
-0
-0
5.96315
-0
12.0685
6.64874
-0
-0
-0
-0
16.8055
21.1069
-0
-0
-0
-0
-0
-0
9.62425
-0
-0
-0
6.59503
-0
-0
20.5257
0.26297
21.8759
-0
12.442
24.0302
-0
-0
64.6708
-0
-0
-0
-0
-0
-0
-0
-0
-0
-0
31.8604
-0
-0
10.6298
-0
-0
-0
-0
22.7124
-0
-0
40.4246
-0
-0
-0
-0
-0
-0
-0
0.364394
-0
-0
-0
-0
23.8709
15.2324
-0
-0
-0
-0
9.62194
-0
20.7982
-0
-0
-0
-0
-0
-0
-0
42.3248
-0
-0
45.4799
-0
-0
-0
-0
15.6198
20.1088
-0
-0
-0
-0
-0
-0
-0
37.0675
26.0997
-0
-0
5.51054
-0
-0
-0
-0
-0
-0
-0
-0
-0
-0
-0
-0
-0
-0
-0
5.57967
-0
-0
-0
54.6098
13.445
-0
-0
-0
1.25877
-0
-0
6.58361
6.11848
-0
17.4619
-0
-0
48.7153
-0
-0
-0
-0
12.1096
-0
19.1708
3.53754
-0
-0
-0
29.9746
-0
-0
-0
22.1652
-0
-0
-0
-0
-0
-0
14.1867
-0
-0
-0
-0
-0
-0
-0
0.514194
31.4968
-0
-0
-0
10.5989
-0
-0
1.45966
-0
-0
-0
-0
-0
-0
6.7392
-0
0.941259
-0
0.748431
-0
61.8436
-0
-0
10.311
-0
-0
-0
-0
-0
-0
-0
-0
-0
-0
-0
-0
-0
28.8236
-0
-0
29.2331
34.4847
-0
-0
-0
-0
-0
6.79916
-0
-0
-0
-0
-0
4.07818
1.03879
-0
-0
5.96759
19.7733
19.5696
-0
-0
-0
8.88395
-0
-0
-0
-0
-0
-0
-0
-0
-0
-0
-0
-0
-0
-0
8.10009
34.8254
9.72012
-0
34.0383
-0
-0
30.2864
-0
-0
1.31946
-0
-0
-0
-0
-0
-0
7.70859
-0
-0
-0
-0
-0
-0
-0
-0
-0
-0
-0
-0
-0
-0
-0
17.6132
-0
-0
-0
-0
-0
-0
-0
-0
-0
-0
-0
-0
-0
-0
-0
17.391
-0
4.75399
-0
-0
-0
-0
-0
-0
4.10123
-0
-0
4.3306
-0
-0
-0
-0
13.5121
-0
-0
-0
-0
-0
-0
-0
-0
6.76596
-0
-0
-0
-0
-0
-0
-0
-0
3.64208
-0
-0
-0
9.92651
-0
-0
-0
-0
-0
0.245068
-0
-0
-0
1.89819
-0
-0
-0
-0
-0
-0
-0
-0
-0
21.3596
-0
-0
-0
-0
38.1314
-0
-0
66.2693
-0
22.9426
23.0503
-0
-0
13.7822
8.47101
-0
0.468358
-0
-0
1.36409
-0
-0
-0
-0
-0
-0
-0
-0
-0
9.52389
-0
-0
-0
-0
-0
6.85677
-0
-0
-0
-0
-0
-0
-0
-0
-0
-0
-0
-0
-0
-0
-0
-0
-0
28.2445
-0
-0
45.708
-0
-0
-0
49.6833
-0
-0
-0
-0
-0
-0
-0
-0
-0
-0
-0
5.31267
-0
-0
-0
-0
2.28988
-0
20.8593
-0
39.5268
-0
10.3563
50.2976
-0
-0
-0
-0
3.90075
-0
-0
-0
-0
-0
-0
15.1124
-0
-0
-0
-0
-0
-0
-0
-0
-0
-0
7.67034
-0
-0
-0
-0
9.07726
-0
-0
-0
-0
-0
-0
-0
5.5813
-0
7.02975
8.46197
-0
-0
24.983
-0
-0
5.14171
-0
-0
-0
9.74028
-0
-0
-0
-0
-0
-0
-0
-0
-0
-0
-0
-0
5.60628
-0
-0
23.9289
-0
-0
-0
-0
-0
2.13244
5.35413
50.0624
-0
-0
8.78648
23.2451
-0
36.2712
-0
-0
-0
-0
-0
-0
-0
-0
-0
-0
-0
-0
4.25185
-0
-0
-0
41.4057
40.1093
-0
43.5211
-0
-0
-0
-0
-0
-0
-0
-0
-0
-0
14.0803
-0
-0
-0
-0
29.5386
6.89935
-0
-0
-0
-0
-0
-0
-0
59.7846
-0
-0
-0
-0
-0
-0
-0
-0
-0
-0
-0
70.8663
-0
-0
-0
-0
24.3475
-0
-0
2.31478
-0
37.1165
-0
-0
-0
-0
-0
-0
25.1164
-0
-0
-0
-0
-0
-0
-0
-0
36.2607
2.37738
-0
-0
-0
-0
-0
-0
-0
-0
-0
-0
-0
-0
54.037
-0
63.7167
3.95117
-0
-0
-0
-0
8.40804
-0
28.9998
-0
5.27519
-0
-0
-0
-0
-0
-0
-0
-0
-0
-0
-0
9.96392
14.5689
2.34276
-0
0.181795
-0
13.0612
-0
5.92677
-0
26.8162
-0
-0
-0
-0
8.31906
-0
-0
-0
-0
-0
0.217712
-0
-0
-0
5.26893
53.4785
-0
-0
-0
-0
9.93368
-0
-0
4.03675
-0
-0
-0
-0
-0
-0
-0
-0
31.035
-0
9.87187
-0
-0
-0
-0
-0
-0
-0
-0
23.4188
-0
-0
-0
-0
-0
-0
-0
-0
-0
-0
1.36358
1.7817
12.8435
15.6365
-0
-0
-0
17.8524
4.47157
-0
32.5329
-0
-0
-0
-0
-0
8.93612
-0
-0
-0
-0
-0
-0
4.58872
-0
-0
-0
-0
-0
25.0612
-0
-0
-0
-0
12.0703
-0
-0
-0
7.42305
-0
-0
0.946892
-0
-0
-0
3.21159
-0
-0
-0
-0
-0
-0
28.4448
-0
17.694
95.448
38.0441
-0
-0
-0
-0
-0
-0
-0
-0
0.363516
-0
-0
-0
-0
-0
-0
-0
-0
-0
-0
-0
-0
-0
-0
33.1148
0.606707
-0
-0
-0
-0
7.97576
-0
-0
-0
-0
16.9448
-0
-0
9.67873
-0
12.8352
19.0688
-0
2.69069
-0
-0
-0
-0
-0
-0
-0
-0
-0
-0
-0
45.5523
-0
-0
-0
18.2485
-0
-0
35.7663
-0
-0
-0
24.3018
43.055
-0
-0
22.9811
0.15013
0.520576
-0
-0
-0
-0
-0
23.4103
-0
-0
-0
-0
-0
-0
-0
-0
-0
-0
42.7313
-0
-0
26.9709
-0
-0
52.8091
-0
-0
-0
-0
-0
-0
-0
-0
45.5658
-0
-0
-0
-0
35.3734
78.4824
2.27254
-0
-0
-0
-0
-0
-0
10.9959
-0
-0
-0
-0
6.53386
-0
-0
-0
-0
16.6104
-0
-0
-0
31.5019
-0
-0
40.8446
46.8807
-0
-0
-0
-0
-0
-0
-0
-0
7.48497
5.70803
-0
-0
-0
-0
12.5148
-0
7.30486
-0
-0
23.572
-0
-0
-0
-0
-0
-0
-0
-0
-0
-0
-0
13.9906
-0
-0
-0
-0
2.1012
-0
-0
47.6474
-0
-0
-0
8.64977
-0
50.5205
-0
-0
-0
-0
16.6333
-0
-0
54.6339
-0
-0
6.25358
-0
-0
-0
-0
15.4727
-0
-0
-0
-0
-0
-0
-0
-0
-0
-0
-0
-0
-0
-0
11.1677
8.27308
-0
72.0762
-0
-0
-0
-0
-0
-0
15.111
-0
-0
-0
39.4125
-0
-0
9.7251
-0
-0
-0
-0
-0
-0
15.7202
43.9057
0.102156
-0
-0
-0
-0
-0
-0
26.0622
10.6633
-0
-0
-0
38.4552
36.822
-0
-0
-0
-0
4.48309
15.0584
-0
-0
-0
-0
-0
-0
-0
-0
-0
5.37535
-0
-0
-0
-0
-0
-0
44.4317
-0
-0
-0
-0
-0
34.9995
-0
-0
-0
-0
-0
-0
-0
24.6157
-0
32.7991
0.431475
21.3132
-0
-0
-0
-0
-0
46.9479
3.58856
-0
-0
5.83253
-0
-0
-0
-0
-0
-0
-0
-0
-0
-0
-0
-0
5.86267
-0
-0
-0
-0
43.8996
-0
-0
-0
-0
-0
-0
13.6274
-0
-0
-0
-0
-0
-0
-0
-0
-0
-0
-0
-0
15.3399
8.37968
-0
14.6257
-0
-0
-0
-0
37.0847
-0
-0
-0
-0
-0
-0
-0
-0
4.05501
-0
15.7737
-0
-0
-0
-0
-0
-0
16.0743
-0
-0
-0
-0
-0
-0
-0
55.8458
30.4235
-0
-0
-0
-0
-0
-0
-0
-0
-0
-0
-0
-0
55.6535
-0
20.2377
-0
32.8908
-0
-0
-0
38.9365
-0
-0
48.1605
9.37619
-0
-0
-0
-0
-0
44.9208
47.5655
-0
2.68818
4.93707
7.37012
-0
35.8343
-0
-0
-0
-0
-0
-0
-0
-0
5.08043
-0
-0
3.85095
-0
-0
-0
-0
-0
5.48592
27.9969
-0
-0
15.6236
-0
-0
51.2493
-0
-0
-0
-0
-0
-0
-0
-0
-0
-0
1.18277
-0
-0
6.86376
-0
-0
2.10564
-0
17.2295
-0
-0
-0
-0
-0
-0
3.33263
-0
-0
-0
-0
-0
-0
-0
-0
-0
-0
7.81901
-0
-0
13.0535
-0
-0
