3.16935
-0
-0
-0
-0
-0
-0
-0
23.6601
-0
26.704
-0
5.28173
-0
-0
10.0066
13.3328
-0
-0
-0
-0
-0
-0
-0
0.132361
-0
-0
-0
-0
-0
-0
-0
-0
-0
-0
-0
-0
-0
-0
-0
8.88237
-0
10.5425
-0
-0
0.984701
-0
11.4922
-0
-0
-0
-0
0.23442
-0
-0
-0
-0
0.324466
19.0915
-0
-0
-0
-0
-0
49.8663
-0
-0
-0
-0
2.05259
-0
-0
-0
-0
-0
-0
-0
-0
-0
23.333
-0
63.6197
-0
10.6851
-0
-0
-0
21.4149
-0
14.9842
-0
-0
0.386315
-0
4.50861
-0
1.23284
-0
-0
-0
-0
-0
-0
-0
-0
-0
-0
67.0725
-0
-0
-0
-0
-0
-0
-0
19.7344
-0
-0
40.9245
7.11679
-0
-0
22.4203
-0
-0
-0
7.8869
-0
-0
-0
-0
25.0706
-0
-0
-0
-0
-0
25.939
-0
-0
-0
-0
1.76274
-0
64.3749
-0
-0
-0
-0
-0
-0
35.7782
-0
-0
-0
-0
-0
-0
-0
2.48653
-0
0.157221
-0
-0
-0
-0
-0
-0
-0
54.5955
-0
20.8057
-0
-0
-0
-0
-0
-0
0.468864
-0
-0
-0
-0
-0
-0
31.0535
-0
-0
19.9778
-0
-0
-0
11.5626
-0
-0
-0
-0
-0
-0
-0
-0
1.4216
-0
-0
-0
-0
-0
10.1951
19.0697
-0
-0
-0
13.2382
-0
-0
-0
-0
-0
-0
-0
-0
-0
-0
17.2863
-0
-0
-0
20.1226
-0
-0
-0
19.1343
-0
-0
-0
-0
-0
-0
-0
-0
-0
-0
-0
-0
-0
-0
-0
-0
24.2605
-0
-0
-0
0.045207
-0
-0
-0
26.541
-0
3.51683
-0
8.7532
-0
-0
0.919997
-0
-0
-0
-0
-0
-0
-0
30.5168
-0
12.5873
-0
-0
-0
-0
-0
-0
-0
6.97233
-0
16.7851
-0
-0
-0
-0
-0
-0
14.1423
21.2118
-0
-0
12.3793
-0
-0
-0
-0
28.8188
-0
-0
1.01717
-0
18.3697
36.6756
15.3485
-0
0.475573
-0
-0
-0
-0
-0
-0
0.948632
-0
-0
-0
0.460523
-0
-0
61.7518
16.4897
-0
-0
21.1484
-0
-0
-0
-0
-0
-0
-0
-0
-0
-0
-0
-0
-0
-0
-0
-0
16.0128
4.05114
-0
-0
-0
-0
-0
-0
-0
-0
-0
21.5841
-0
-0
-0
-0
-0
27.8701
-0
-0
11.2027
-0
1.89198
-0
-0
-0
-0
-0
29.0377
0.073036
-0
-0
2.16491
-0
12.7595
-0
-0
-0
10.1424
-0
-0
-0
58.9124
-0
-0
-0
-0
-0
-0
-0
-0
-0
-0
-0
-0
-0
-0
-0
-0
-0
-0
-0
9.12416
-0
-0
0.893581
-0
-0
-0
-0
-0
-0
26.7556
-0
-0
6.54002
-0
20.0364
-0
-0
-0
-0
22.2626
19.59
-0
-0
29.1493
-0
9.49869
-0
-0
-0
-0
-0
-0
-0
-0
-0
21.011
-0
-0
-0
-0
-0
-0
-0
-0
28.8882
-0
-0
-0
-0
-0
-0
37.1388
-0
-0
-0
-0
35.9438
-0
8.62014
-0
-0
-0
-0
-0
-0
-0
41.2792
-0
-0
-0
24.468
-0
-0
4.85574
-0
-0
-0
-0
-0
-0
-0
-0
-0
-0
30.24
-0
-0
-0
-0
6.01203
6.10093
-0
-0
-0
0.666461
-0
-0
14.9565
-0
-0
-0
2.58056
-0
56.3803
-0
-0
-0
0.970868
-0
-0
21.6227
-0
-0
-0
-0
-0
-0
-0
-0
-0
-0
-0
27.0068
9.88715
-0
-0
-0
-0
30.2286
-0
48.9386
-0
-0
-0
-0
-0
-0
-0
-0
12.3009
-0
-0
-0
-0
12.2688
-0
-0
-0
-0
1.51602
-0
-0
-0
-0
-0
14.6146
35.7506
-0
2.22067
-0
-0
-0
-0
2.99204
-0
-0
-0
43.958
-0
-0
-0
-0
-0
-0
-0
-0
-0
58.2772
-0
-0
-0
-0
-0
5.53529
-0
-0
24.7981
1.32542
-0
-0
-0
-0
18.3912
-0
42.6414
-0
-0
-0
-0
-0
-0
8.99556
-0
45.539
-0
0.798545
9.41568
3.11942
-0
-0
19.8849
-0
-0
-0
-0
-0
-0
-0
-0
-0
-0
-0
-0
-0
-0
-0
-0
-0
-0
-0
-0
-0
9.63557
-0
-0
-0
-0
-0
-0
-0
-0
34.2806
16.4176
-0
-0
-0
-0
-0
24.2
-0
13.9983
-0
-0
-0
-0
-0
-0
24.2519
-0
-0
-0
-0
-0
-0
-0
-0
-0
-0
-0
-0
-0
-0
0.881617
52.5512
-0
50.5215
-0
-0
-0
50.8563
-0
-0
-0
-0
-0
-0
10.1468
-0
-0
-0
-0
-0
-0
10.1703
22.2352
-0
-0
-0
9.04687
3.40143
-0
-0
-0
-0
-0
-0
-0
-0
-0
-0
-0
-0
-0
-0
-0
-0
13.6322
-0
3.69628
-0
-0
-0
-0
-0
-0
53.9201
-0
22.661
-0
21.1759
-0
0.315941
-0
-0
-0
-0
-0
-0
-0
69.7982
-0
-0
-0
-0
18.7928
-0
-0
-0
-0
-0
7.93764
-0
38.7934
-0
1.07504
9.15911
-0
-0
-0
-0
-0
-0
-0
-0
-0
-0
-0
12.6798
-0
-0
-0
-0
-0
-0
27.9988
-0
28.9259
-0
-0
-0
29.4509
40.2342
-0
-0
-0
-0
-0
-0
-0
-0
-0
-0
38.9779
26.8498
-0
-0
24.2542
-0
-0
-0
-0
-0
14.0611
-0
-0
-0
-0
-0
-0
0.148181
-0
-0
-0
-0
-0
-0
53.0155
-0
10.8998
-0
31.6211
4.31904
-0
-0
65.2544
5.41185
-0
17.9097
-0
-0
53.6364
-0
-0
-0
-0
-0
-0
-0
-0
-0
27.555
4.97317
-0
-0
-0
-0
16.1616
-0
-0
-0
-0
-0
-0
-0
-0
-0
-0
-0
28.6617
-0
9.91093
-0
-0
-0
-0
-0
-0
10.5503
25.6329
30.8695
-0
-0
-0
-0
-0
-0
-0
23.4936
-0
-0
12.8362
-0
-0
17.3735
-0
-0
-0
-0
-0
-0
26.7376
30.2387
-0
-0
-0
7.95751
-0
17.5733
-0
-0
-0
-0
-0
-0
-0
21.1682
-0
-0
-0
-0
-0
-0
-0
-0
-0
-0
-0
-0
-0
-0
-0
-0
-0
-0
-0
10.7379
-0
47.0265
-0
15.4048
-0
31.4458
-0
-0
-0
-0
21.9648
1.23142
-0
-0
10.004
-0
-0
-0
-0
8.51599
-0
-0
4.12984
41.8649
-0
-0
-0
-0
-0
-0
-0
-0
33.1466
31.2319
-0
-0
-0
-0
-0
0.499376
-0
32.3521
-0
-0
10.722
33.4576
-0
53.0843
-0
-0
-0
-0
-0
6.22836
-0
-0
-0
-0
-0
-0
-0
-0
-0
-0
12.7331
-0
-0
-0
-0
-0
-0
-0
-0
25.5966
-0
21.6232
-0
-0
-0
-0
-0
-0
-0
-0
-0
-0
-0
-0
-0
-0
-0
-0
9.47928
-0
21.664
-0
-0
-0
-0
-0
-0
-0
-0
-0
-0
-0
10.9836
9.05867
-0
-0
-0
-0
10.9589
-0
5.00995
-0
-0
-0
4.44783
-0
4.51595
-0
-0
-0
0.431718
-0
-0
-0
-0
-0
15.2484
28.563
-0
89.5356
-0
-0
-0
-0
-0
-0
-0
-0
-0
-0
-0
-0
29.6533
-0
-0
-0
-0
-0
-0
-0
-0
42.028
35.1226
-0
-0
-0
-0
28.2576
-0
-0
-0
-0
-0
1.77834
-0
-0
39.4381
-0
-0
-0
-0
-0
-0
-0
16.7725
-0
-0
30.9129
-0
-0
-0
-0
-0
0.052505
-0
-0
-0
22.1337
-0
-0
-0
-0
-0
-0
-0
-0
10.7339
8.33
-0
-0
-0
-0
-0
-0
-0
12.6221
-0
-0
-0
15.8027
-0
-0
-0
55.7223
-0
-0
-0
-0
-0
-0
-0
-0
46.1838
-0
-0
7.30722
-0
-0
-0
-0
35.3071
-0
-0
-0
-0
5.34285
12.0287
-0
-0
20.218
-0
-0
-0
-0
-0
15.4879
-0
-0
5.36964
-0
-0
-0
-0
-0
-0
-0
-0
-0
-0
-0
-0
-0
-0
-0
-0
-0
-0
-0
-0
-0
-0
-0
-0
-0
-0
-0
-0
31.5669
-0
-0
-0
-0
-0
-0
39.5282
-0
-0
-0
-0
-0
-0
-0
-0
-0
-0
-0
7.91989
-0
-0
-0
-0
-0
-0
-0
-0
-0
-0
-0
-0
-0
-0
-0
-0
-0
-0
-0
-0
4.99633
5.01876
28.6773
-0
-0
38.9872
-0
-0
-0
33.1859
-0
-0
-0
-0
-0
-0
-0
35.0297
-0
-0
13.7306
-0
-0
-0
-0
-0
-0
-0
18.1985
-0
-0
-0
-0
3.06293
37.5481
2.50015
-0
-0
19.1791
57.1976
19.5399
-0
20.6807
24.0467
6.01105
-0
-0
-0
24.9175
-0
-0
-0
-0
26.7433
42.9769
-0
-0
54.7568
15.2829
-0
-0
16.1451
28.8642
15.9979
-0
32.6117
19.0388
-0
-0
-0
-0
32.3943
-0
20.9555
-0
34.9721
-0
-0
75.857
0.869801
-0
-0
-0
-0
-0
-0
-0
25.6069
-0
-0
-0
14.9973
-0
16.4772
-0
-0
-0
21.5857
11.3616
41.337
12.4822
-0
-0
-0
-0
-0
-0
-0
-0
7.55705
-0
-0
-0
-0
-0
8.87197
34.5824
-0
8.84784
-0
-0
-0
4.20028
-0
-0
-0
-0
-0
-0
-0
-0
54.3412
-0
-0
-0
-0
-0
-0
-0
-0
-0
22.1113
-0
-0
6.92121
-0
20.6916
-0
26.687
-0
-0
-0
-0
-0
26.1175
-0
-0
-0
-0
-0
-0
-0
52.7882
-0
-0
10.9042
-0
12.0578
-0
-0
-0
-0
-0
-0
-0
-0
-0
-0
-0
23.5069
4.36977
-0
17.9552
-0
-0
-0
-0
-0
55.4295
-0
-0
-0
-0
-0
-0
-0
-0
-0
-0
-0
-0
17.1144
-0
-0
-0
-0
-0
-0
13.1762
-0
-0
-0
-0
-0
-0
-0
20.6929
-0
-0
-0
-0
-0
32.1731
-0
-0
-0
-0
-0
-0
-0
-0
-0
-0
-0
-0
-0
25.1672
3.54874
-0
-0
-0
59.5497
-0
-0
-0
31.5882
-0
-0
-0
-0
-0
-0
0.913497
-0
-0
-0
-0
-0
-0
-0
-0
14.014
-0
-0
-0
43.2921
-0
-0
0.0274517
-0
-0
-0
-0
-0
-0
-0
-0
4.25471
2.22474
-0
-0
-0
-0
-0
-0
-0
3.80507
-0
-0
24.0966
1.21665
-0
21.5289
-0
-0
-0
-0
-0
-0
-0
-0
-0
-0
-0
-0
16.853
-0
-0
24.4049
-0
-0
-0
-0
-0
-0
-0
-0
-0
-0
-0
-0
71.762
-0
-0
-0
-0
-0
-0
-0
-0
-0
-0
-0
20.986
19.3457
-0
-0
-0
51.2374
-0
-0
-0
-0
20.6995
-0
-0
-0
-0
-0
31.5173
-0
12.1567
-0
-0
-0
-0
42.6396
-0
-0
-0
-0
-0
-0
-0
18.3081
-0
82.925
-0
1.99772
13.4938
-0
-0
32.7996
-0
-0
-0
-0
16.8149
8.19764
-0
4.20951
-0
7.31402
-0
-0
-0
-0
-0
-0
-0
-0
7.98813
31.114
-0
-0
-0
-0
23.4195
-0
-0
-0
-0
-0
-0
-0
-0
23.5205
-0
-0
-0
-0
-0
15.9259
-0
32.3266
39.8538
-0
45.2972
-0
-0
-0
23.0809
-0
-0
-0
70.7226
-0
-0
-0
-0
-0
-0
-0
4.09
-0
-0
1.89301
-0
-0
-0
-0
-0
-0
7.97263
18.9623
-0
-0
-0
-0
-0
-0
-0
37.7039
-0
-0
-0
-0
-0
-0
-0
-0
-0
-0
27.9345
-0
45.829
-0
-0
0.0728913
-0
-0
11.5299
-0
-0
-0
-0
-0
-0
-0
-0
-0
-0
-0
-0
-0
-0
-0
53.759
59.8454
-0
-0
28.5298
-0
-0
-0
-0
-0
-0
-0
-0
-0
-0
-0
-0
-0
31.9871
13.2851
-0
-0
-0
-0
-0
-0
-0
-0
-0
-0
-0
-0
-0
-0
11.2492
-0
-0
38.3591
-0
-0
-0
76.5573
10.0177
-0
-0
-0
-0
-0
-0
24.013
-0
-0
-0
-0
-0
33.8778
0.324943
2.38586
-0
-0
-0
-0
-0
-0
-0
-0
-0
-0
19.7307
-0
-0
-0
-0
-0
-0
-0
-0
-0
-0
-0
-0
-0
-0
-0
-0
-0
8.16161
19.5055
-0
-0
-0
-0
-0
-0
-0
-0
-0
-0
-0
-0
6.94169
-0
-0
-0
-0
-0
-0
-0
-0
-0
-0
-0
-0
-0
-0
-0
-0
31.8647
-0
-0
8.21569
-0
-0
-0
-0
-0
-0
2.50334
-0
-0
15.4403
-0
12.3287
38.0126
20.1309
11.4128
-0
-0
-0
-0
23.3425
-0
-0
-0
-0
-0
20.203
-0
-0
-0
-0
-0
-0
-0
-0
21.9645
91.5662
-0
-0
-0
-0
-0
-0
-0
-0
-0
73.1853
27.8044
34.2796
-0
-0
-0
-0
-0
-0
-0
-0
78.5874
-0
-0
-0
30.0381
-0
16.4393
3.09214
27.9297
1.97309
-0
-0
-0
-0
-0
-0
-0
-0
-0
-0
-0
-0
-0
-0
-0
5.10317
-0
-0
-0
-0
27.6552
7.9774
-0
-0
-0
-0
-0
-0
-0
-0
18.8169
-0
6.4348
-0
-0
-0
-0
-0
-0
10.4434
40.5347
25.505
38.869
25.3338
-0
-0
14.7056
-0
-0
-0
-0
-0
28.1134
46.3155
-0
18.4854
21.1765
14.2857
-0
28.551
-0
-0
-0
-0
-0
-0
-0
-0
-0
-0
-0
-0
-0
-0
-0
-0
2.08454
-0
45.0621
-0
-0
-0
11.2316
0.506778
-0
-0
-0
9.58814
-0
88.1325
21.7081
-0
20.2781
-0
-0
8.20616
-0
22.2091
-0
26.6932
62.2798
-0
-0
-0
16.7601
-0
-0
12.9893
-0
12.6435
-0
3.90767
-0
-0
-0
-0
-0
-0
19.2413
67.7558
-0
-0
-0
-0
-0
-0
-0
-0
-0
53.8336
-0
-0
1.9567
-0
-0
-0
-0
47.8807
-0
-0
0.163987
-0
48.9474
26.6046
-0
-0
34.3261
-0
-0
-0
-0
-0
-0
-0
-0
18.6531
-0
-0
-0
-0
15.0486
-0
-0
-0
63.9677
-0
-0
80.4577
-0
19.1751
-0
60.4059
-0
5.23118
-0
-0
-0
-0
-0
-0
-0
-0
-0
-0
19.7026
-0
-0
5.75767
11.5765
12.1824
-0
-0
-0
85.7032
-0
-0
23.8429
10.3522
-0
-0
3.73278
-0
26.9205
-0
22.7687
-0
-0
-0
-0
-0
-0
-0
22.7382
-0
-0
-0
-0
-0
-0
-0
-0
31.7848
-0
-0
-0
4.33094
2.69377
-0
43.7037
-0
-0
52.7827
-0
-0
-0
-0
37.6905
-0
-0
-0
-0
-0
-0
23.1022
-0
-0
-0
-0
-0
-0
-0
-0
59.8374
-0
-0
-0
-0
-0
-0
-0
-0
-0
-0
22.824
-0
-0
0.547674
73.3403
31.7374
-0
-0
-0
-0
3.1048
1.54676
-0
-0
-0
54.7219
-0
-0
-0
-0
-0
-0
14.838
-0
-0
-0
5.12573
-0
-0
-0
-0
-0
-0
-0
-0
24.2755
-0
-0
-0
-0
16.7845
22.0809
-0
-0
-0
-0
12.748
-0
-0
-0
-0
31.1164
-0
-0
19.4437
-0
31.1824
54.1346
28.9686
-0
-0
-0
-0
-0
-0
74.9165
33.9781
-0
-0
18.9866
-0
-0
-0
-0
-0
-0
-0
-0
-0
-0
-0
-0
-0
-0
-0
29.5273
-0
-0
-0
0.464058
-0
36.0257
-0
-0
22.7285
-0
-0
-0
-0
-0
5.25446
-0
-0
-0
-0
-0
-0
-0
11.4124
-0
-0
-0
-0
-0
-0
-0
-0
9.04272
-0
-0
-0
23.4079
-0
4.99275
-0
-0
-0
-0
16.3946
-0
-0
6.60003
-0
-0
-0
-0
17.515
13.0302
-0
-0
-0
35.1376
-0
14.1283
-0
-0
-0
-0
-0
-0
28.9068
-0
-0
-0
-0
-0
-0
-0
-0
-0
-0
-0
-0
-0
-0
-0
-0
-0
-0
-0
-0
-0
-0
-0
-0
-0
-0
-0
44.302
-0
-0
-0
-0
-0
-0
-0
-0
3.82704
-0
-0
-0
-0
-0
2.27977
40.8487
-0
-0
1.96028
-0
-0
-0
-0
-0
-0
-0
-0
2.49464
62.8117
-0
1.76936
-0
35.8688
-0
14.9154
-0
-0
-0
13.7666
-0
-0
-0
5.44098
47.2145
-0
-0
3.28877
-0
-0
-0
-0
-0
-0
-0
37.5981
-0
-0
-0
38.6401
-0
-0
-0
-0
-0
-0
-0
6.50634
-0
-0
-0
52.0438
21.7054
-0
-0
-0
-0
-0
-0
-0
0.228677
-0
-0
-0
-0
-0
-0
-0
-0
-0
-0
-0
-0
-0
-0
-0
-0
26.2123
20.826
-0
31.6493
-0
-0
-0
-0
-0
-0
39.7149
-0
-0
-0
-0
-0
-0
-0
1.87241
-0
-0
-0
-0
-0
-0
-0
-0
28.4791
-0
-0
-0
-0
-0
-0
-0
64.7398
-0
-0
-0
-0
-0
7.72084
-0
-0
27.58
-0
30.9393
-0
12.7729
-0
-0
-0
-0
-0
-0
2.14186
-0
-0
-0
12.8757
-0
-0
-0
-0
-0
-0
16.1304
42.5333
11.1973
-0
16.3347
-0
-0
22.4833
-0
-0
-0
-0
-0
0.492695
0.0715866
-0
-0
11.6518
23.1679
-0
-0
-0
-0
12.8279
-0
-0
-0
-0
-0
-0
-0
32.9433
-0
-0
-0
-0
-0
-0
-0
-0
-0
-0
-0
-0
-0
-0
-0
-0
-0
3.88819
-0
-0
-0
24.5625
-0
-0
-0
-0
-0
-0
-0
-0
-0
7.92639
-0
27.1957
-0
-0
-0
-0
-0
15.903
-0
-0
-0
37.2746
-0
-0
-0
-0
-0
2.32725
-0
37.7054
-0
-0
7.16781
-0
-0
-0
13.3524
-0
-0
1.37187
-0
-0
-0
-0
32.9174
-0
-0
-0
-0
4.56868
-0
-0
-0
9.21588
-0
-0
-0
-0
-0
23.8155
-0
-0
-0
-0
2.67695
-0
-0
-0
-0
-0
-0
-0
18.2159
77.1326
-0
-0
-0
-0
-0
7.22848
35.1899
12.5688
-0
-0
-0
60.0621
-0
-0
-0
-0
15.4421
-0
-0
-0
-0
-0
9.74744
-0
5.33572
-0
11.1841
-0
-0
-0
7.11156
-0
-0
-0
-0
-0
-0
24.5308
-0
-0
17.3412
-0
-0
-0
7.39044
42.6432
-0
-0
-0
-0
-0
-0
-0
-0
-0
-0
-0
-0
-0
-0
-0
-0
13.2141
-0
34.2342
-0
-0
-0
-0
-0
-0
-0
27.1921
17.2077
-0
-0
-0
-0
-0
-0
-0
-0
-0
-0
-0
-0
-0
1.71484
3.52425
-0
-0
-0
-0
30.2359
43.1041
0.191696
-0
32.2424
-0
-0
-0
-0
34.9089
-0
-0
-0
19.1813
8.64302
-0
-0
-0
11.0251
11.6028
-0
-0
2.72374
-0
22.0435
11.438
-0
-0
-0
-0
-0
-0
-0
-0
-0
-0
-0
-0
-0
-0
-0
12.8915
-0
20.3468
-0
-0
-0
3.40902
16.9456
-0
-0
-0
-0
-0
-0
31.2242
-0
-0
-0
-0
-0
1.9328
1.24369
-0
-0
-0
7.18881
-0
-0
-0
-0
-0
-0
-0
-0
-0
-0
-0
-0
-0
-0
-0
26.5654
-0
-0
49.4443
11.7673
-0
-0
-0
-0
-0
-0
-0
-0
-0
-0
-0
-0
-0
-0
-0
8.91558
1.45613
-0
-0
-0
-0
-0
-0
5.48393
-0
4.71311
6.17181
-0
-0
-0
-0
-0
28.987
-0
19.6089
41.9607
-0
-0
-0
55.7057
-0
2.45936
-0
-0
-0
-0
-0
-0
-0
-0
-0
-0
-0
-0
-0
-0
7.19223
-0
-0
18.5561
-0
-0
5.91105
-0
-0
-0
34.268
-0
-0
-0
-0
0.253104
5.00713
23.767
-0
-0
-0
-0
-0
-0
43.7636
22.6397
18.904
-0
17.1806
-0
-0
-0
14.8472
-0
-0
-0
-0
-0
-0
-0
-0
-0
-0
29.0239
-0
-0
44.498
-0
23.0733
-0
-0
3.91163
-0
-0
-0
-0
-0
18.8895
18.7656
-0
-0
0.807508
-0
-0
-0
9.9291
-0
-0
-0
-0
-0
-0
-0
-0
-0
-0
-0
-0
10.2507
-0
-0
-0
47.1631
-0
-0
-0
-0
-0
-0
9.75273
-0
-0
-0
-0
27.5688
-0
-0
-0
26.5533
-0
-0
-0
-0
-0
-0
-0
-0
27.5865
-0
-0
-0
-0
-0
-0
-0
26.6084
3.32533
-0
-0
-0
-0
-0
-0
-0
-0
-0
4.98265
-0
-0
-0
-0
-0
10.6478
-0
2.29845
18.3594
-0
-0
0.287331
-0
-0
-0
-0
-0
-0
-0
-0
8.71668
-0
-0
-0
-0
-0
-0
-0
-0
-0
21.901
-0
-0
-0
-0
15.8542
-0
1.14982
-0
-0
-0
-0
-0
-0
0.244783
1.59012
-0
43.1689
-0
-0
-0
-0
7.91907
4.9111
0.027931
-0
23.7814
-0
27.6646
30.9856
-0
-0
14.2272
11.2135
14.4873
3.67214
-0
-0
-0
-0
-0
-0
-0
-0
-0
-0
6.49206
-0
3.76685
-0
27.061
7.98894
-0
19.172
-0
-0
4.09009
-0
-0
-0
13.6577
-0
-0
7.66096
-0
-0
12.7285
-0
26.426
4.59322
-0
-0
-0
-0
-0
13.2066
-0
-0
-0
-0
1.33094
-0
7.75897
-0
4.16882
-0
60.1746
-0
-0
-0
-0
-0
-0
-0
-0
-0
-0
-0
-0
-0
-0
53.7054
8.42627
-0
-0
16.886
11.6086
1.52349
-0
3.02929
26.4705
16.2849
-0
17.9523
-0
2.46236
-0
-0
-0
-0
-0
-0
-0
47.2467
-0
-0
-0
-0
-0
-0
-0
18.1799
-0
-0
22.2545
37.7502
-0
-0
-0
-0
-0
8.14089
-0
-0
-0
-0
9.0144
-0
-0
-0
-0
5.64404
-0
-0
-0
-0
1.10347
-0
-0
-0
-0
-0
-0
-0
28.4287
-0
4.19998
49.5993
55.2463
10.5069
8.73457
-0
-0
-0
-0
-0
0.680914
-0
-0
-0
-0
-0
-0
-0
16.4312
-0
28.1174
-0
-0
-0
-0
27.1181
-0
-0
-0
14.7162
-0
-0
10.5981
-0
-0
-0
-0
-0
-0
-0
-0
-0
-0
-0
6.34901
4.2487
-0
-0
19.4189
24.7617
-0
15.0755
-0
27.3921
-0
-0
20.4294
-0
-0
-0
-0
-0
8.03977
2.22877
-0
-0
-0
-0
25.5703
-0
14.0675
-0
-0
-0
-0
-0
-0
-0
-0
4.02565
5.41299
-0
-0
49.3074
-0
25.9739
-0
-0
-0
5.19436
-0
-0
-0
-0
-0
-0
-0
-0
-0
-0
-0
41.2134
-0
0.593417
-0
-0
-0
0.429342
-0
-0
-0
10.3868
-0
5.80626
16.6371
-0
-0
-0
-0
11.474
30.8435
58.4985
-0
40.3838
11.8276
-0
-0
7.19425
-0
-0
-0
-0
-0
-0
-0
-0
-0
4.59216
-0
-0
-0
8.61696
-0
40.0524
-0
-0
-0
-0
-0
-0
-0
30.3726
15.1085
-0
3.18835
-0
-0
-0
-0
-0
-0
16.0555
46.2347
-0
-0
-0
-0
10.4948
-0
-0
-0
-0
-0
-0
-0
-0
-0
-0
-0
-0
-0
-0
-0
-0
21.3786
30.6043
49.087
-0
25.7901
10.2301
-0
-0
-0
19.7926
-0
-0
-0
24.1918
-0
23.8197
-0
-0
-0
-0
-0
52.0096
-0
-0
3.935
-0
-0
25.4524
-0
-0
-0
-0
-0
-0
-0
-0
-0
49.3445
0.598275
-0
-0
-0
-0
-0
-0
-0
-0
-0
-0
-0
-0
36.4521
-0
-0
23.5897
-0
-0
-0
-0
-0
-0
-0
10.1209
11.8887
-0
-0
-0
12.1462
-0
60.0008
3.59363
36.9576
-0
-0
-0
-0
-0
15.0776
-0
-0
-0
-0
-0
-0
-0
-0
-0
-0
-0
-0
-0
-0
-0
-0
-0
3.63788
-0
28.0187
-0
-0
15.9045
-0
-0
-0
-0
-0
-0
-0
-0
1.89591
30.9349
-0
-0
-0
-0
-0
12.7894
15.3766
-0
-0
-0
-0
12.7641
3.22867
-0
2.61846
-0
-0
-0
-0
-0
57.1184
-0
41.0296
41.5321
-0
10.7954
-0
-0
-0
-0
21.1062
-0
-0
-0
24.8798
-0
-0
-0
-0
-0
5.32047
-0
-0
-0
-0
-0
-0
-0
19.2794
-0
-0
-0
9.93809
-0
-0
18.128
-0
-0
-0
-0
-0
12.5425
-0
-0
-0
0.853267
-0
68.3385
-0
-0
-0
-0
-0
-0
34.5583
-0
29.6836
-0
-0
-0
-0
32.1527
-0
-0
-0
-0
-0
-0
-0
-0
-0
-0
-0
-0
-0
26.12
-0
45.2214
-0
50.0288
22.427
-0
-0
-0
45.1833
-0
-0
-0
14.7946
-0
59.7346
-0
-0
-0
-0
-0
-0
-0
-0
-0
-0
-0
-0
2.58267
-0
-0
2.01445
9.28679
-0
-0
-0
-0
-0
-0
-0
-0
32.8871
-0
-0
-0
-0
3.74366
18.0124
-0
-0
-0
70.5232
-0
-0
-0
-0
-0
23.4259
-0
37.1446
18.3158
24.7073
65.6558
-0
-0
19.4336
-0
-0
-0
-0
-0
-0
-0
-0
0.627478
-0
-0
-0
42.141
-0
6.17827
-0
-0
-0
-0
-0
-0
54.5414
-0
16.4551
17.7653
-0
-0
-0
-0
-0
-0
-0
-0
-0
-0
-0
2.07831
-0
-0
-0
-0
-0
7.28539
-0
36.3128
-0
13.7226
-0
-0
-0
-0
38.4507
-0
-0
-0
-0
2.20483
-0
-0
-0
-0
-0
-0
-0
64.7513
-0
-0
-0
15.7603
-0
35.8033
-0
-0
-0
-0
-0
-0
-0
-0
-0
-0
-0
-0
-0
-0
3.42611
0.673496
-0
-0
-0
-0
82.2748
-0
-0
-0
-0
-0
-0
8.00586
-0
-0
-0
-0
41.6182
-0
-0
35.8883
-0
18.3799
-0
74.1577
-0
-0
-0
-0
2.98548
-0
-0
-0
-0
-0
39.1796
-0
51.5257
-0
5.14901
1.94199
3.26877
-0
-0
-0
-0
-0
-0
-0
-0
-0
-0
12.221
-0
-0
-0
29.6278
-0
-0
23.4056
-0
7.32467
-0
-0
-0
19.3273
-0
1.34774
-0
-0
-0
-0
-0
52.9773
-0
-0
-0
-0
-0
-0
-0
-0
-0
-0
46.3981
-0
-0
-0
-0
-0
-0
-0
-0
-0
-0
-0
-0
-0
-0
-0
22.0209
-0
-0
-0
-0
18.9858
17.9525
-0
-0
-0
-0
6.23078
-0
-0
-0
17.6495
-0
-0
-0
29.3827
-0
-0
-0
44.9994
-0
-0
-0
-0
-0
7.88687
-0
2.84555
-0
-0
-0
-0
-0
-0
-0
-0
-0
-0
2.6774
29.3917
-0
21.3447
1.25918
4.86742
31.8595
-0
2.46983
-0
8.55797
10.9913
-0
-0
-0
23.7165
-0
-0
-0
-0
-0
48.8438
-0
-0
-0
-0
-0
62.9847
8.20291
-0
-0
-0
-0
-0
-0
-0
-0
-0
-0
-0
26.7448
-0
-0
-0
-0
-0
-0
-0
-0
-0
-0
-0
-0
-0
5.31676
6.32226
-0
-0
-0
-0
-0
-0
-0
-0
34.2989
-0
-0
-0
-0
-0
-0
-0
3.54975
-0
-0
-0
-0
-0
-0
-0
-0
-0
-0
-0
-0
-0
-0
-0
-0
-0
-0
-0
18.8397
-0
-0
-0
-0
-0
-0
-0
-0
68.6482
-0
-0
-0
31.38
-0
-0
-0
-0
-0
-0
29.4094
-0
-0
-0
-0
10.7045
5.60969
-0
86.0792
-0
-0
3.77542
-0
-0
-0
-0
-0
-0
-0
-0
-0
-0
-0
5.17407
11.6979
-0
35.1485
-0
-0
-0
-0
25.5354
8.83384
-0
-0
-0
46.9728
-0
-0
-0
-0
-0
-0
0.182331
-0
-0
-0
21.5679
-0
-0
1.20658
-0
-0
-0
-0
-0
39.9322
-0
-0
-0
-0
-0
-0
22.1823
0.91223
-0
-0
-0
-0
-0
-0
-0
-0
-0
-0
-0
-0
-0
-0
-0
37.199
-0
