4.03437
-0
-0
-0
-0
-0
-0
-0
5.66641
-0
45.1097
-0
24.0413
-0
-0
15.1297
-0
-0
-0
-0
-0
-0
-0
-0
-0
-0
-0
-0
-0
-0
-0
-0
-0
16.5447
-0
-0
-0
-0
-0
-0
-0
-0
-0
-0
-0
-0
-0
5.22422
-0
12.2947
-0
-0
-0
-0
-0
-0
-0
1.21223
53.0735
-0
-0
-0
-0
-0
55.0322
-0
-0
-0
0.157105
2.83105
-0
-0
-0
-0
-0
-0
-0
-0
-0
13.4428
-0
59.0493
-0
-0
-0
-0
-0
9.07733
-0
4.17015
-0
-0
-0
-0
5.39318
-0
5.20333
-0
-0
-0
-0
-0
-0
-0
-0
-0
6.11587
36.0407
-0
-0
-0
-0
-0
-0
-0
20.5469
-0
-0
51.2027
33.8324
-0
-0
27.0616
-0
30.9572
-0
-0
-0
-0
-0
-0
53.7976
-0
-0
-0
-0
-0
11.4211
-0
12.9967
-0
-0
15.9808
0.936
35.5568
-0
-0
-0
-0
-0
-0
-0
-0
-0
-0
-0
7.38709
-0
-0
1.54713
-0
0.0422224
-0
0.00700042
-0
-0
11.4935
29.2339
-0
46.2918
-0
30.102
2.33307
-0
-0
-0
-0
-0
8.99029
-0
-0
-0
-0
-0
-0
34.3636
-0
-0
17.4824
-0
-0
-0
1.37271
-0
-0
-0
-0
-0
-0
-0
-0
0.317494
-0
-0
-0
-0
-0
14.159
-0
-0
-0
-0
-0
-0
-0
-0
-0
-0
-0
-0
-0
-0
-0
32.0706
-0
-0
-0
2.4889
-0
-0
-0
20.4872
-0
-0
-0
-0
-0
-0
-0
-0
-0
-0
-0
-0
-0
-0
-0
-0
10.1428
-0
-0
-0
0.041684
-0
-0
-0
16.232
10.6476
4.13379
-0
-0
-0
-0
-0
-0
-0
-0
-0
-0
-0
-0
20.5453
-0
22.2168
-0
-0
-0
-0
-0
-0
-0
11.8087
-0
9.72053
-0
-0
-0
-0
-0
-0
14.3708
-0
23.2041
-0
5.75287
-0
-0
-0
-0
28.0995
-0
-0
-0
-0
11.5212
41.0112
9.16691
-0
7.95077
-0
-0
-0
-0
-0
-0
1.21493
-0
-0
-0
0.679326
-0
-0
18.0245
15.2694
-0
-0
-0
-0
-0
11.2689
-0
-0
-0
-0
-0
-0
-0
8.21084
-0
-0
-0
-0
-0
1.06748
-0
-0
-0
-0
-0
-0
-0
-0
-0
-0
36.9467
-0
-0
-0
-0
4.39645
36.6486
-0
-0
-0
-0
2.15173
-0
-0
38.4505
-0
-0
17.3772
0.130296
2.8993
-0
-0
-0
-0
-0
-0
-0
4.92793
-0
-0
-0
16.4403
6.79756
-0
-0
-0
0.979409
-0
-0
-0
-0
-0
-0
-0
-0
-0
0.347327
-0
-0
-0
5.4128
-0
-0
-0
-0
11.2553
-0
-0
-0
-0
-0
37.8057
-0
-0
-0
-0
17.8395
-0
-0
-0
-0
-0
17.7154
-0
-0
22.4436
-0
2.30427
-0
-0
-0
-0
2.89512
-0
-0
-0
-0
-0
-0
-0
-0
-0
-0
-0
-0
-0
13.2309
-0
-0
-0
10.441
-0
-0
16.0978
-0
-0
-0
-0
28.6194
-0
20.1906
-0
-0
-0
-0
-0
-0
-0
-0
-0
-0
-0
34.5094
-0
-0
-0
-0
-0
-0
-0
-0
-0
-0
-0
-0
-0
37.5877
-0
-0
-0
-0
-0
-0
-0
-0
-0
-0
-0
-0
18.9706
-0
-0
-0
-0
-0
67.9866
-0
-0
-0
0.533228
-0
3.367
11.486
-0
0.578904
-0
-0
-0
-0
23.2633
-0
-0
-0
2.94402
7.02077
-0
-0
-0
-0
-0
3.76553
-0
42.6993
10.428
-0
-0
-0
-0
-0
-0
-0
10.7557
-0
-0
-0
-0
-0
-0
-0
-0
11.8488
7.60072
-0
-0
-0
-0
-0
-0
69.6139
-0
3.08183
-0
-0
-0
-0
28.4518
-0
-0
-0
63.3603
-0
-0
-0
-0
-0
-0
-0
-0
-0
40.0442
-0
-0
-0
-0
-0
19.5125
-0
-0
30.6393
-0
-0
-0
-0
-0
14.137
-0
26.3159
-0
-0
-0
-0
-0
-0
-0
-0
34.6415
-0
-0
9.96248
-0
-0
-0
12.8038
-0
-0
-0
-0
-0
-0
-0
-0
-0
-0
-0
-0
-0
-0
-0
-0
-0
-0
-0
-0
-0
-0
-0
-0
-0
-0
-0
-0
-0
-0
-0
24.4283
0.17541
-0
-0
-0
-0
24.6332
-0
-0
-0
-0
-0
-0
-0
25.205
43.627
-0
32.2161
-0
-0
-0
-0
-0
-0
-0
-0
27.1165
20.6011
-0
0.278994
1.3973
41.3012
-0
22.564
-0
-0
-0
29.5197
-0
-0
-0
-0
-0
-0
15.6596
-0
-0
-0
-0
-0
-0
-0
42.7523
-0
-0
-0
6.83611
11.6657
-0
-0
6.09402
-0
-0
6.88395
-0
-0
-0
-0
-0
-0
-0
-0
-0
5.85194
-0
-0
2.34847
-0
-0
-0
-0
-0
22.2849
60.9885
-0
19.2069
7.96943
-0
-0
0.825109
-0
-0
-0
-0
-0
-0
-0
48.5389
-0
-0
-0
9.76292
16.9991
-0
-0
-0
-0
-0
-0
-0
27.0309
-0
0.301254
3.51814
-0
-0
-0
-0
-0
-0
-0
11.9054
-0
-0
-0
-0
-0
-0
-0
-0
-0
-0
15.4086
-0
-0
-0
-0
-0
48.3126
24.7095
-0
-0
-0
-0
-0
-0
10.7221
-0
4.43885
-0
11.7984
20.8423
-0
-0
38.5016
-0
-0
-0
-0
-0
12.2245
-0
-0
-0
-0
-0
-0
5.10722
-0
4.63303
-0
-0
-0
-0
27.8655
-0
-0
-0
-0
3.54206
5.33838
-0
33.8424
-0
9.33967
-0
-0
-0
44.6606
-0
-0
-0
4.93226
-0
-0
-0
-0
-0
59.2928
8.9187
-0
-0
-0
-0
20.6862
-0
-0
-0
6.70249
-0
-0
-0
-0
-0
-0
-0
20.9196
-0
-0
-0
-0
-0
-0
-0
-0
25.4358
-0
51.5133
-0
-0
-0
-0
0.313928
-0
-0
-0
-0
-0
21.7548
-0
-0
4.6806
-0
-0
-0
-0
-0
11.1462
8.32441
9.8147
-0
1.12069
-0
14.605
-0
7.2121
-0
-0
-0
-0
-0
-0
1.8723
-0
-0
-0
-0
-0
-0
15.2625
-0
-0
-0
0.0692651
-0
-0
-0
-0
3.58699
7.48474
-0
-0
-0
-0
0.988702
44.6941
-0
-0
-0
24.1575
-0
21.3475
-0
-0
-0
16.0927
13.6692
-0
-0
-0
-0
-0
-0
13.0818
-0
-0
-0
23.3388
-0
-0
-0
-0
-0
-0
-0
-0
9.04535
19.1746
-0
-0
-0
-0
-0
-0
-0
37.9129
-0
-0
8.60813
-0
8.80074
29.9556
-0
-0
-0
-0
-0
-0
-0
-0
-0
-0
-0
-0
-0
-0
-0
-0
24.6577
-0
-0
-0
-0
-0
-0
-0
-0
-0
13.7639
3.55312
-0
-0
-0
-0
-0
-0
-0
-0
-0
-0
-0
-0
-0
-0
-0
-0
-0
-0
-0
-0
-0
-0
-0
-0
-0
-0
-0
-0
-0
-0
-0
1.10876
-0
-0
-0
-0
10.3219
-0
-0
-0
-0
-0
11.4819
2.92011
5.74083
-0
-0
-0
-0
-0
-0
-0
-0
-0
5.52788
-0
-0
66.3485
-0
-0
-0
-0
-0
-0
-0
5.35038
-0
-0
-0
-0
23.6952
-0
-0
-0
-0
-0
-0
-0
-0
23.7157
17.7518
-0
-0
-0
-0
-0
-0
-0
-0
25.18
-0
-0
-0
-0
25.0363
-0
-0
-0
-0
-0
-0
-0
3.10305
-0
-0
32.954
-0
-0
-0
-0
-0
1.76142
-0
-0
-0
3.42183
-0
-0
-0
-0
-0
-0
-0
-0
9.08017
7.5943
-0
-0
-0
-0
-0
-0
-0
-0
-0
-0
11.3864
9.20043
-0
-0
-0
76.9842
-0
-0
-0
-0
-0
-0
-0
-0
55.9184
7.09022
-0
6.84865
-0
-0
13.3398
-0
22.7952
-0
-0
-0
-0
4.89939
-0
-0
-0
25.0432
-0
15.624
-0
-0
-0
29.5068
2.56397
16.8429
21.1673
-0
-0
-0
-0
-0
-0
-0
-0
-0
-0
-0
-0
11.2548
-0
-0
-0
-0
-0
-0
-0
-0
-0
-0
-0
-0
-0
-0
-0
8.40104
-0
-0
-0
-0
-0
-0
32.8967
-0
-0
-0
-0
-0
-0
-0
-0
-0
-0
7.92811
3.22497
-0
-0
-0
2.87599
-0
-0
-0
-0
-0
-0
-0
-0
-0
-0
5.11419
-0
-0
-0
-0
-0
-0
-0
37.605
-0
-0
8.70854
-0
-0
8.23112
28.9705
-0
-0
-0
-0
-0
-0
18.7658
44.4086
-0
-0
13.0648
-0
-0
-0
-0
-0
-0
-0
18.1188
-0
-0
-0
-0
4.58799
30.2714
7.12122
-0
-0
29.2677
12.9988
10.067
-0
47.6594
-0
-0
-0
-0
25.4287
-0
-0
-0
-0
-0
10.6953
52.7699
-0
-0
37.3462
12.7662
-0
-0
19.8726
25.3788
-0
-0
35.6346
12.1393
-0
-0
13.0295
28.5195
29.8819
-0
4.53628
-0
9.49412
22.2182
1.85856
46.0931
-0
-0
-0
-0
13.5981
-0
-0
8.11699
28.0985
0.134363
-0
-0
29.0692
-0
4.19757
-0
-0
-0
35.3606
18.9005
25.1726
8.28497
-0
-0
-0
-0
-0
-0
-0
-0
-0
10.967
-0
-0
1.90463
-0
-0
34.109
-0
-0
-0
-0
-0
16.0187
-0
-0
-0
-0
-0
-0
-0
-0
55.9575
-0
-0
-0
-0
-0
-0
-0
0.556374
-0
10.9367
-0
-0
-0
-0
41.1889
-0
-0
-0
-0
-0
-0
-0
1.78425
-0
-0
-0
-0
-0
-0
-0
47.5199
-0
-0
36.4486
-0
7.65273
-0
-0
-0
-0
-0
-0
10.4625
-0
-0
-0
-0
-0
0.117414
13.6555
15.889
-0
0.71
-0
-0
16.3364
50.5466
-0
14.7091
-0
-0
1.69752
-0
-0
-0
-0
-0
-0
10.8045
9.85916
-0
-0
-0
-0
-0
-0
30.2666
-0
-0
1.94292
-0
-0
-0
-0
-0
-0
-0
-0
-0
-0
7.69361
-0
-0
-0
-0
-0
-0
-0
-0
-0
-0
-0
-0
-0
31.9909
-0
-0
-0
-0
52.6107
-0
-0
-0
25.4282
-0
-0
-0
-0
-0
-0
-0
-0
-0
-0
-0
1.19383
-0
16.3071
-0
5.32584
-0
-0
11.4031
36.4046
-0
-0
-0
-0
-0
-0
-0
-0
-0
-0
-0
15.0116
21.5453
-0
-0
-0
-0
-0
-0
-0
9.92815
-0
-0
20.544
1.94658
-0
9.82245
-0
-0
-0
-0
-0
-0
-0
-0
-0
-0
-0
-0
25.6278
-0
-0
9.59202
-0
-0
-0
-0
-0
-0
-0
-0
-0
-0
-0
-0
73.0055
-0
-0
-0
-0
-0
-0
3.14004
-0
-0
-0
-0
-0
-0
-0
-0
-0
49.8209
3.96835
-0
-0
-0
14.8801
-0
-0
-0
-0
-0
25.8345
-0
20.0368
-0
-0
-0
-0
40.6541
-0
-0
-0
-0
-0
-0
38.1857
1.98302
-0
68.0956
-0
2.59766
24.1369
-0
-0
17.9856
-0
-0
-0
-0
13.6776
40.412
-0
-0
-0
29.4993
15.3123
-0
-0
-0
-0
0.140802
0.779986
-0
26.9311
38.5935
-0
-0
-0
10.8301
14.6438
-0
-0
-0
-0
-0
-0
33.8044
-0
7.16267
-0
11.9275
-0
-0
-0
3.22043
-0
43.7623
38.8814
-0
10.2232
-0
-0
-0
25.0293
-0
-0
-0
59.7115
-0
-0
-0
-0
-0
-0
-0
-0
-0
7.48985
11.2153
-0
-0
13.9103
-0
-0
-0
-0
3.87209
-0
-0
-0
5.11348
-0
26.5727
-0
11.7208
-0
-0
4.69313
-0
-0
-0
-0
-0
-0
-0
39.8153
-0
42.1053
-0
-0
0.381463
18.0665
-0
11.0689
-0
-0
-0
-0
-0
-0
-0
-0
-0
-0
-0
-0
-0
-0
-0
25.5136
53.0087
16.751
-0
22.5909
-0
-0
6.81541
-0
-0
-0
-0
-0
-0
-0
-0
-0
-0
13.733
7.11489
-0
-0
-0
-0
-0
-0
-0
6.70052
-0
-0
-0
-0
5.51592
-0
8.65644
-0
-0
27.902
-0
-0
-0
45.0382
-0
-0
-0
-0
-0
-0
-0
2.11863
-0
-0
-0
-0
-0
14.7242
6.10364
-0
-0
-0
-0
-0
-0
-0
-0
-0
-0
-0
-0
-0
-0
-0
-0
-0
-0
-0
-0
-0
-0
-0
-0
-0
-0
-0
-0
-0
-0
47.1856
-0
11.4166
-0
-0
-0
-0
-0
-0
-0
-0
-0
-0
-0
-0
-0
-0
-0
-0
-0
-0
-0
-0
-0
8.58667
-0
-0
-0
-0
-0
41.8126
-0
-0
-0
-0
-0
-0
-0
-0
-0
2.88513
-0
-0
5.36055
-0
11.9217
44.9285
19.4765
-0
-0
-0
13.3881
-0
16.2611
-0
-0
-0
-0
-0
39.5557
-0
-0
-0
-0
5.39349
-0
-0
-0
17.0889
40.6089
-0
-0
-0
5.14172
-0
-0
2.6979
-0
-0
71.1102
9.43143
17.1919
-0
-0
-0
-0
13.3659
6.55633
-0
-0
84.7344
-0
-0
-0
22.0382
-0
-0
9.83901
28.1652
4.27792
-0
-0
-0
-0
-0
-0
2.21984
-0
-0
-0
-0
24.5316
-0
-0
-0
5.01058
-0
-0
-0
-0
2.81096
-0
-0
-0
-0
8.30049
-0
-0
-0
-0
24.5664
-0
11.0623
-0
-0
-0
26.3944
20.3368
-0
7.80862
19.2461
20.7771
23.697
-0
-0
-0
16.2837
-0
-0
-0
9.71931
-0
23.0593
45.8814
-0
16.3811
4.14208
30.9782
-0
63.3968
-0
-0
-0
-0
-0
-0
12.1834
-0
-0
-0
-0
-0
-0
-0
-0
-0
2.83482
-0
37.2887
-0
-0
-0
-0
0.499337
-0
-0
-0
1.73174
-0
85.7913
-0
-0
2.23356
-0
-0
-0
-0
-0
-0
22.0005
59.6262
-0
-0
-0
22.7846
-0
-0
59.0344
-0
-0
-0
3.70911
-0
-0
-0
1.20947
-0
-0
32.9443
40.295
-0
-0
-0
-0
-0
10.6377
-0
-0
-0
32.4598
-0
-0
2.48188
-0
-0
-0
-0
23.9253
-0
-0
0.188887
-0
46.0353
7.88596
-0
-0
3.97199
-0
-0
-0
-0
-0
-0
-0
-0
29.4674
-0
-0
-0
-0
13.257
-0
-0
-0
55.2068
-0
-0
3.86612
-0
10.671
-0
29.633
-0
-0
-0
-0
-0
-0
-0
-0
-0
-0
15.2563
-0
-0
-0
-0
4.99912
8.64382
15.3281
-0
0.856695
-0
64.0501
-0
-0
24.2048
7.99748
-0
-0
13.711
-0
28.6471
-0
37.8858
-0
-0
-0
-0
-0
-0
-0
19.8138
-0
-0
5.75473
-0
-0
-0
-0
-0
29.0043
-0
-0
-0
13.5432
5.95736
-0
40.769
-0
-0
36.4233
-0
-0
1.68747
-0
-0
-0
-0
-0
14.6581
-0
-0
13.8747
-0
-0
-0
-0
-0
-0
-0
-0
34.4752
-0
-0
2.56405
-0
-0
-0
-0
-0
-0
-0
33.5177
7.75188
-0
1.38842
23.8178
22.0806
-0
-0
-0
-0
-0
-0
-0
-0
-0
54.6989
-0
-0
-0
-0
-0
-0
15.9591
-0
-0
-0
19.8416
-0
-0
-0
1.1633
9.75501
-0
9.13766
-0
7.2761
-0
-0
-0
-0
21.8493
-0
3.04942
-0
-0
-0
16.0524
-0
-0
-0
-0
0.977593
-0
-0
18.5267
-0
13.0421
33.255
35.4906
-0
-0
-0
-0
-0
-0
41.4792
31.2856
-0
-0
9.17563
-0
-0
-0
-0
-0
-0
-0
-0
-0
-0
-0
-0
-0
-0
-0
17.3527
-0
-0
-0
10.9129
-0
11.9191
-0
-0
15.6931
-0
-0
-0
-0
-0
13.8665
-0
-0
-0
-0
-0
-0
0.447698
14.9562
-0
-0
-0
-0
-0
-0
-0
-0
-0
-0
-0
1.3896
22.7432
-0
-0
-0
-0
-0
-0
12.3767
-0
-0
11.8664
-0
-0
-0
-0
-0
35.7708
-0
-0
-0
2.73527
-0
35.1748
1.33083
-0
-0
-0
-0
-0
14.5774
-0
-0
-0
-0
-0
22.7436
-0
-0
-0
-0
-0
-0
28.0527
-0
-0
-0
-0
-0
-0
-0
-0
-0
-0
-0
-0
-0
2.71947
43.4371
-0
-0
-0
-0
-0
-0
-0
-0
1.89296
-0
-0
-0
-0
-0
26.5898
41.207
-0
1.75149
2.68029
0.217408
-0
-0
-0
-0
-0
-0
-0
16.5742
35.7616
-0
-0
3.89632
14.1718
-0
21.6178
-0
-0
-0
12.2153
-0
-0
-0
4.37496
38.2877
-0
-0
-0
-0
-0
-0
-0
-0
-0
-0
38.8308
-0
-0
-0
14.4392
-0
-0
-0
2.21204
-0
-0
-0
24.4021
4.77997
-0
-0
23.8711
15.3863
-0
-0
-0
-0
-0
6.78213
-0
-0
-0
-0
-0
-0
-0
-0
-0
-0
-0
-0
-0
-0
-0
-0
-0
-0
29.016
-0
-0
12.0653
-0
-0
-0
-0
-0
-0
26.3989
-0
-0
-0
-0
-0
-0
-0
2.40951
-0
-0
-0
-0
-0
-0
-0
-0
20.927
-0
-0
-0
-0
-0
-0
-0
33.0726
-0
-0
-0
-0
-0
-0
-0
-0
9.14174
-0
21.0742
-0
-0
-0
-0
-0
-0
-0
-0
3.78289
-0
-0
-0
17.8325
1.93381
-0
-0
-0
-0
-0
27.7111
3.09468
18.4002
-0
41.1882
-0
-0
12.306
-0
-0
-0
-0
-0
40.2749
-0
1.31158
-0
14.0701
5.38968
8.65396
-0
-0
-0
4.97331
0.578294
-0
-0
-0
-0
-0
-0
14.5154
-0
-0
-0
7.46055
-0
-0
-0
-0
-0
-0
-0
-0
-0
-0
5.33168
-0
-0
-0
-0
-0
-0
24.7487
-0
-0
-0
-0
-0
-0
-0
-0
-0
5.36995
-0
25.1749
-0
-0
-0
-0
-0
-0
-0
-0
-0
-0
-0
-0
-0
-0
-0
2.02706
-0
15.78
-0
-0
2.95494
-0
-0
-0
-0
-0
-0
-0
-0
-0
-0
-0
28.6241
-0
-0
-0
-0
-0
-0
-0
-0
9.50128
-0
-0
-0
-0
-0
6.86535
-0
-0
-0
-0
1.49393
-0
-0
-0
-0
-0
-0
-0
15.5366
49.301
-0
-0
-0
35.259
-0
-0
11.5162
7.27203
-0
-0
-0
40.9081
-0
-0
-0
-0
-0
-0
-0
-0
-0
-0
37.8549
-0
30.5967
-0
12.2458
-0
-0
-0
5.19501
-0
-0
-0
-0
-0
-0
33.8047
-0
-0
6.1574
-0
-0
-0
-0
40.1753
-0
-0
-0
-0
-0
-0
-0
-0
-0
6.17138
-0
-0
-0
-0
-0
-0
11.0517
-0
7.77446
-0
-0
-0
-0
-0
-0
21.7443
3.28347
16.212
-0
21.0708
37.8308
-0
-0
-0
-0
-0
-0
-0
-0
-0
-0
1.76566
19.1797
-0
15.1361
-0
-0
-0
54.3793
0.374016
-0
44.2887
-0
-0
-0
-0
13.7035
-0
-0
-0
-0
13.2755
-0
3.63
-0
29.6828
-0
-0
-0
34.2607
-0
6.05997
-0
-0
-0
-0
-0
-0
-0
-0
-0
8.54469
-0
-0
23.374
-0
-0
-0
13.0054
-0
17.3165
-0
-0
28.1067
7.3494
10.9827
-0
-0
-0
-0
-0
-0
4.65735
-0
-0
-0
-0
-0
5.25649
34.2999
-0
-0
-0
-0
-0
-0
2.17121
-0
-0
-0
-0
-0
-0
-0
-0
17.3663
-0
-0
-0
32.6648
-0
-0
32.1128
-0
-0
-0
-0
-0
-0
-0
-0
-0
-0
-0
-0
-0
-0
-0
-0
-0
5.75593
23.4023
-0
-0
-0
-0
16.3071
42.0974
-0
2.98333
12.1329
-0
-0
0.206635
-0
-0
35.3998
-0
26.6736
18.5413
-0
-0
-0
79.821
-0
-0
9.97352
-0
-0
-0
-0
-0
11.2474
-0
-0
-0
-0
-0
4.27735
5.58448
5.93022
-0
-0
24.8625
-0
-0
10.8274
-0
-0
-0
14.5774
-0
-0
-0
-0
-0
8.61405
3.45636
-0
-0
-0
-0
-0
-0
43.0393
48.2227
-0
-0
17.6379
-0
-0
-0
2.48971
-0
-0
-0
22.0417
-0
-0
-0
-0
-0
-0
37.1828
-0
-0
25.7266
-0
0.587642
18.0101
-0
0.529798
-0
-0
-0
-0
-0
17.5138
18.8591
-0
-0
11.3607
-0
-0
-0
3.55916
-0
-0
-0
-0
-0
-0
-0
-0
-0
-0
-0
-0
3.91955
-0
-0
11.6714
40.6422
-0
-0
-0
-0
-0
-0
0.421169
12.6859
-0
4.34825
-0
28.001
-0
-0
-0
41.8775
-0
-0
-0
-0
-0
-0
-0
-0
38.531
-0
-0
-0
6.81035
-0
-0
-0
38.8926
1.73769
-0
5.92147
-0
-0
-0
-0
-0
-0
-0
30.1676
-0
-0
-0
-0
-0
0.0445491
-0
1.07923
7.66464
-0
-0
0.0527306
-0
-0
-0
-0
-0
-0
-0
-0
21.4064
-0
-0
-0
-0
-0
-0
-0
-0
-0
12.0764
-0
-0
-0
-0
5.64573
8.47612
19.1716
-0
-0
26.6538
6.08499
-0
-0
-0
-0
-0
8.97548
-0
-0
-0
-0
-0
-0
-0
-0
-0
-0
6.24911
8.63461
-0
-0
32.8018
50.1703
15.3971
3.76881
-0
-0
-0
-0
-0
-0
-0
-0
-0
-0
8.0787
-0
-0
-0
11.7954
17.1475
-0
5.31742
-0
-0
-0
-0
-0
-0
-0
-0
-0
5.91281
-0
20.188
34.6084
-0
7.84844
-0
-0
-0
-0
6.51846
-0
-0
-0
-0
-0
-0
3.79222
8.94941
9.56153
-0
-0
-0
14.1555
-0
-0
1.11567
-0
-0
-0
-0
-0
-0
-0
-0
-0
5.20515
-0
24.9836
3.23905
-0
-0
12.1166
21.0339
-0
-0
2.95019
32.3632
5.30064
-0
-0
-0
-0
-0
-0
-0
-0
-0
-0
-0
33.3837
-0
-0
2.20335
-0
-0
-0
2.77352
4.80338
-0
1.52601
-0
23.7457
-0
6.82859
-0
-0
-0
41.3458
-0
7.31874
-0
-0
-0
-0
-0
-0
-0
-0
-0
-0
-0
-0
0.878364
-0
-0
-0
-0
28.9058
-0
-0
23.8378
-0
18.1306
33.5218
40.7546
19.8039
9.33537
0.0641561
-0
-0
-0
-0
-0
-0
-0
-0
-0
-0
-0
-0
6.53936
-0
8.48014
-0
-0
-0
-0
23.0501
-0
-0
-0
12.522
-0
-0
37.0344
-0
-0
-0
-0
-0
-0
-0
-0
-0
-0
-0
18.8973
13.5939
-0
3.7862
-0
14.8169
-0
16.9551
-0
40.5649
-0
-0
-0
-0
-0
1.48983
-0
-0
-0
-0
-0
-0
-0
-0
4.57157
-0
19.8251
-0
-0
-0
-0
-0
-0
-0
-0
9.48547
8.88796
-0
5.39448
20.7642
-0
23.6297
-0
0.800879
-0
-0
-0
-0
-0
-0
-0
-0
-0
-0
-0
-0
-0
44.7321
-0
-0
-0
-0
-0
-0
-0
1.12227
-0
6.3729
-0
3.59128
12.0751
-0
-0
-0
-0
-0
10.4188
44.9415
4.86504
16.6006
9.6181
-0
-0
-0
3.13376
20.9562
-0
-0
-0
-0
-0
-0
-0
17.2208
12.4828
-0
-0
-0
29.4046
19.9017
-0
-0
-0
-0
14.9761
-0
-0
16.1779
35.1815
9.52375
32.5831
-0
-0
-0
-0
-0
-0
9.60007
-0
-0
-0
-0
5.70107
-0
-0
7.46783
-0
7.30852
-0
-0
-0
-0
-0
-0
-0
-0
-0
-0
-0
-0
12.211
16.2721
20.6174
3.86612
32.7271
-0
9.64559
-0
5.19469
-0
-0
-0
-0
9.83649
-0
54.5232
-0
-0
-0
-0
2.92095
7.88315
-0
-0
-0
-0
-0
29.3131
-0
-0
-0
-0
-0
4.17743
-0
-0
-0
26.2691
-0
-0
-0
-0
-0
-0
3.72951
-0
-0
-0
-0
-0
-0
60.7711
-0
12.2059
12.8026
2.55757
-0
-0
-0
6.39155
-0
-0
-0
-0
-0
21.6106
-0
20.4998
-0
52.9767
2.98047
23.5526
-0
-0
-0
-0
-0
25.9733
-0
-0
-0
-0
-0
-0
-0
-0
-0
-0
-0
-0
-0
-0
-0
-0
-0
-0
-0
12.8058
-0
-0
36.2582
-0
-0
-0
-0
-0
-0
-0
-0
9.94155
18.1846
-0
-0
-0
-0
-0
13.843
20.0862
-0
-0
-0
-0
25.1121
-0
-0
9.0853
-0
-0
-0
-0
-0
55.0398
-0
35.4534
35.8625
-0
16.9542
-0
-0
-0
-0
-0
-0
-0
-0
33.2366
-0
-0
-0
-0
-0
16.5334
-0
-0
-0
-0
-0
-0
-0
18.3386
-0
-0
-0
-0
-0
-0
1.4757
-0
-0
-0
-0
-0
19.8217
-0
-0
-0
-0
-0
45.3803
17.634
-0
-0
-0
-0
-0
23.4356
-0
13.1292
-0
1.85578
-0
-0
34.5199
-0
15.5137
-0
-0
-0
-0
-0
-0
6.11713
-0
-0
-0
15.3213
-0
8.52293
51.1526
-0
38.3339
20.9292
2.5958
-0
-0
11.5185
-0
-0
-0
1.38429
-0
28.9008
-0
-0
-0
-0
-0
-0
-0
-0
-0
-0
-0
-0
22.7282
-0
10.3766
-0
13.1362
-0
-0
-0
-0
-0
-0
-0
3.15594
24.9978
-0
-0
12.6724
-0
-0
25.4731
-0
-0
-0
35.8262
-0
-0
-0
-0
-0
27.2256
-0
44.9457
-0
35.7066
62.2003
-0
-0
18.9482
-0
-0
0.401716
-0
-0
-0
-0
-0
0.059092
-0
0.998533
-0
-0
-0
25.0971
-0
-0
-0
-0
-0
-0
32.7261
-0
-0
1.93824
-0
-0
-0
-0
-0
-0
-0
-0
-0
-0
7.58025
4.92581
-0
-0
-0
-0
-0
4.54921
-0
25.1885
-0
12.3916
-0
-0
0.727328
15.7212
8.35935
-0
-0
-0
-0
33.813
-0
14.3117
-0
-0
-0
-0
-0
19.0752
-0
-0
-0
-0
-0
10.1542
-0
-0
-0
-0
-0
-0
4.6195
-0
-0
-0
-0
-0
0.0294226
-0
0.145566
17.6796
-0
-0
-0
-0
18.2802
-0
-0
-0
-0
-0
-0
-0
-0
0.0914974
-0
-0
9.36148
-0
-0
37.8134
-0
19.4624
-0
24.859
-0
-0
-0
-0
19.3865
8.01636
-0
-0
0.0682307
-0
28.0143
-0
26.9521
-0
-0
-0
1.29345
-0
-0
31.0393
-0
-0
-0
-0
-0
-0
-0
13.0141
-0
-0
-0
1.77447
-0
-0
-0
-0
-0
-0
-0
-0
30.4168
-0
19.8903
-0
-0
-0
-0
-0
29.3267
-0
-0
-0
-0
-0
-0
-0
3.01157
-0
-0
42.4991
-0
-0
-0
-0
-0
8.89433
-0
6.25873
-0
-0
-0
-0
-0
-0
-0
34.8423
-0
-0
-0
-0
7.94922
30.3384
10.8546
-0
8.64972
-0
6.51453
-0
-0
-0
-0
-0
-0
-0
11.2296
-0
-0
15.9204
43.945
-0
-0
-0
-0
-0
-0
-0
13.7064
-0
-0
-0
-0
-0
-0
-0
-0
-0
-0
-0
38.8193
-0
12.3008
1.19011
0.056707
6.56415
-0
27.8079
-0
-0
12.4841
-0
-0
-0
10.9785
-0
-0
-0
-0
-0
23.5087
-0
3.40918
-0
-0
-0
19.2892
9.09154
-0
-0
-0
-0
-0
-0
-0
-0
-0
-0
-0
14.604
-0
-0
-0
-0
-0
-0
-0
-0
-0
-0
-0
-0
-0
15.0317
3.85091
-0
-0
-0
-0
-0
-0
-0
-0
10.6419
-0
-0
-0
-0
-0
-0
-0
-0
-0
-0
-0
9.30926
-0
-0
-0
-0
-0
-0
-0
-0
-0
-0
-0
2.42067
-0
-0
-0
-0
-0
-0
-0
-0
-0
-0
-0
-0
70.7885
-0
-0
-0
15.5644
-0
-0
22.2324
-0
-0
-0
36.492
-0
-0
-0
-0
4.85366
-0
0.384645
78.3105
-0
-0
5.05859
28.8251
-0
-0
-0
-0
-0
-0
-0
-0
-0
-0
5.18803
15.3943
-0
-0
-0
-0
0.523026
-0
7.8719
7.69742
-0
-0
-0
30.6853
2.08361
-0
-0
-0
-0
-0
-0
-0
-0
-0
-0
8.21978
-0
-0
-0
-0
-0
-0
-0
28.4794
-0
-0
-0
-0
-0
-0
-0
-0
6.3954
22.5871
-0
-0
-0
-0
-0
-0
-0
-0
-0
-0
-0
8.82863
4.596
-0
-0
