3.63659
-0
-0
-0
-0
-0
-0
-0
24.6755
-0
58.5563
-0
7.85436
-0
-0
20.953
-0
-0
13.2772
-0
-0
-0
-0
-0
24.4863
30.9062
5.63693
-0
-0
-0
-0
-0
-0
-0
-0
-0
-0
-0
32.113
-0
-0
-0
12.8377
10.6784
-0
-0
-0
15.9897
-0
-0
-0
-0
0.143696
-0
-0
-0
-0
1.96984
28.7149
-0
-0
-0
-0
-0
37.3994
-0
-0
-0
3.80714
1.88103
-0
-0
-0
-0
-0
-0
2.57961
-0
-0
-0
-0
49.8701
-0
-0
-0
-0
-0
10.6659
-0
-0
-0
-0
-0
-0
-0
-0
3.40718
-0
-0
-0
-0
-0
-0
-0
-0
-0
8.91471
8.33438
-0
-0
-0
-0
-0
-0
-0
-0
-0
-0
57.9608
44.0278
-0
-0
16.2934
0.208845
2.32368
-0
-0
-0
-0
-0
-0
30.954
29.8895
-0
-0
-0
-0
13.033
-0
27.0832
-0
-0
6.79032
-0
23.2308
-0
-0
-0
-0
-0
-0
-0
-0
12.7955
-0
-0
35.4263
-0
-0
1.41154
-0
0.45177
-0
-0
-0
1.28587
-0
27.2345
-0
46.7086
-0
21.1403
-0
-0
-0
-0
-0
-0
9.2157
-0
-0
-0
-0
-0
-0
24.1735
-0
-0
25.9395
-0
22.2112
-0
-0
7.35453
-0
-0
-0
1.67035
-0
-0
-0
14.3665
-0
-0
3.89716
-0
-0
-0
-0
-0
-0
-0
27.9981
-0
-0
-0
-0
-0
1.34577
-0
-0
-0
-0
7.76208
-0
-0
-0
2.90695
-0
-0
-0
-0
-0
-0
-0
-0
-0
-0
-0
-0
-0
-0
-0
-0
-0
-0
6.72178
-0
-0
-0
-0
-0
-0
-0
-0
-0
28.8269
6.60286
-0
-0
-0
4.93336
-0
-0
-0
-0
-0
-0
-0
-0
8.95806
12.1188
4.60749
23.6646
-0
-0
-0
-0
-0
-0
-0
9.93144
-0
8.80143
-0
-0
-0
-0
-0
-0
27.8633
-0
38.1841
-0
-0
-0
8.24484
-0
-0
41.52
-0
-0
-0
-0
-0
35.6178
4.07458
-0
17.148
-0
-0
-0
-0
-0
-0
1.38907
-0
-0
-0
1.25752
-0
-0
13.7581
36.3705
-0
-0
14.1025
-0
-0
12.9025
-0
-0
-0
-0
-0
-0
-0
10.0556
-0
-0
-0
-0
-0
6.7752
11.3393
-0
-0
-0
-0
-0
-0
-0
-0
-0
31.0951
-0
-0
-0
-0
-0
35.6571
-0
-0
-0
-0
1.11158
-0
-0
52.1189
-0
-0
17.6086
-0
0.132504
-0
5.05827
-0
-0
-0
-0
-0
-0
-0
-0
-0
-0
-0
-0
-0
-0
-0
-0
-0
-0
-0
-0
-0
-0
-0
20.8493
0.219439
-0
-0
-0
1.425
-0
-0
-0
-0
25.8116
-0
-0
-0
-0
-0
10.0752
-0
-0
-0
-0
34.2651
-0
-0
-0
-0
-0
-0
7.246
-0
-0
-0
3.72165
-0
-0
8.11976
-0
-0
-0
-0
-0
-0
29.8527
-0
-0
-0
-0
-0
-0
-0
-0
34.1084
12.7855
-0
-0
18.7763
-0
-0
-0
-0
-0
-0
-0
-0
-0
28.3192
1.13971
-0
-0
-0
-0
-0
-0
-0
-0
-0
-0
16.0184
-0
-0
-0
-0
-0
-0
-0
-0
-0
-0
-0
-0
11.094
23.6927
-0
-0
-0
-0
3.58526
-0
-0
2.34738
11.9579
-0
-0
-0
4.05538
-0
-0
-0
-0
-0
10.8723
-0
-0
-0
-0
-0
-0
-0
-0
15.6795
-0
-0
-0
7.32884
19.8411
-0
-0
15.1359
-0
-0
10.5985
-0
-0
-0
-0
27.9285
-0
15.8538
-0
-0
-0
-0
-0
-0
-0
-0
14.4231
-0
-0
-0
13.168
-0
-0
-0
-0
-0
12.5402
-0
-0
-0
-0
-0
-0
62.7898
-0
2.77375
-0
-0
-0
-0
2.71872
-0
-0
-0
53.398
-0
-0
-0
-0
-0
-0
-0
-0
-0
32.4401
-0
-0
-0
5.60264
-0
31.062
-0
-0
12.8461
-0
-0
2.14081
-0
37.5807
8.96065
-0
48.3963
-0
-0
-0
-0
-0
-0
19.2896
-0
61.8432
-0
-0
27.2519
2.82998
-0
-0
23.5555
-0
-0
-0
-0
-0
-0
-0
-0
-0
-0
-0
-0
-0
-0
-0
-0
-0
-0
-0
7.7239
-0
-0
-0
-0
-0
-0
-0
-0
-0
-0
15.0269
41.8393
-0
-0
-0
-0
-0
1.01361
-0
9.45031
-0
-0
-0
-0
-0
12.4704
31.0208
-0
39.2817
-0
-0
-0
-0
12.6719
-0
-0
3.22327
2.37735
-0
-0
-0
1.02824
46.4242
-0
15.5328
-0
-0
-0
62.8339
-0
-0
-0
-0
-0
-0
12.4759
-0
-0
24.0522
-0
-0
-0
-0
21.3733
-0
-0
-0
-0
-0
-0
-0
-0
-0
-0
-0
-0
-0
-0
-0
-0
-0
-0
-0
-0
-0
10.6794
-0
-0
-0
-0
-0
-0
-0
31.4721
69.1875
-0
13.0611
5.05496
-0
-0
0.091938
-0
-0
-0
-0
-0
-0
-0
53.246
-0
-0
-0
4.23331
16.6912
-0
-0
-0
-0
-0
11.9184
-0
40.8543
-0
0.389954
19.6357
-0
-0
-0
1.13792
-0
11.6377
-0
27.1526
-0
-0
-0
28.7291
-0
-0
-0
-0
-0
-0
4.85861
-0
-0
-0
-0
-0
41.4502
50.4831
-0
-0
-0
-0
-0
-0
20.2408
-0
-0
-0
-0
-0
-0
-0
-0
-0
-0
-0
-0
24.2299
-0
-0
-0
-0
-0
-0
-0
35.645
-0
-0
-0
20.7257
-0
-0
27.2224
-0
-0
-0
11.4297
7.94287
6.62745
-0
41.2136
-0
-0
7.0708
-0
-0
38.9602
7.34806
-0
18.7521
-0
-0
-0
-0
7.35993
8.00694
34.8257
20.9375
-0
-0
-0
-0
24.1541
-0
-0
-0
-0
1.86707
-0
-0
-0
-0
-0
-0
19.7451
-0
-0
-0
-0
-0
-0
-0
-0
-0
-0
24.4857
-0
-0
-0
-0
-0
-0
-0
-0
-0
0.0964884
0.791682
9.90024
-0
13.2234
-0
-0
-0
-0
-0
-0
25.7253
-0
-0
13.6737
-0
-0
-0
10.4377
-0
-0
-0
-0
-0
-0
-0
11.0648
-0
-0
-0
-0
-0
11.5526
-0
-0
13.6907
-0
-0
-0
-0
-0
4.8611
42.8736
-0
-0
-0
-0
13.9726
40.9315
-0
-0
-0
34.0256
-0
-0
-0
-0
23.6647
32.8993
20.6156
-0
-0
-0
-0
-0
-0
-0
-0
-0
-0
20.6104
-0
-0
-0
-0
-0
-0
-0
-0
-0
5.54799
-0
-0
-0
0.240828
-0
-0
-0
6.96326
-0
-0
35.261
-0
-0
-0
-0
-0
-0
-0
-0
-0
-0
-0
-0
-0
-0
0.640303
-0
-0
-0
-0
36.7336
-0
-0
-0
-0
-0
-0
-0
-0
-0
-0
-0
-0
-0
27.1952
-0
-0
-0
-0
-0
-0
-0
-0
-0
-0
-0
-0
-0
-0
-0
-0
-0
-0
-0
-0
-0
-0
-0
-0
-0
-0
-0
7.22751
5.26449
-0
-0
-0
-0
39.5275
-0
2.82778
-0
-0
-0
5.14393
3.31554
14.4258
-0
-0
-0
-0
-0
-0
-0
-0
-0
14.0291
-0
-0
62.6855
-0
-0
-0
-0
-0
-0
-0
3.51354
-0
-0
-0
-0
43.851
-0
-0
-0
-0
-0
-0
-0
-0
40.53
34.4843
-0
-0
-0
-0
-0
-0
0.278713
-0
16.8703
-0
8.96275
-0
-0
19.396
-0
-0
-0
-0
-0
-0
-0
0.0903422
-0
-0
7.40654
-0
-0
-0
-0
5.56228
39.0521
-0
-0
-0
0.211193
-0
-0
-0
-0
-0
-0
-0
-0
22.438
6.63397
-0
-0
-0
-0
-0
-0
-0
-0
-0
-0
-0
16.924
-0
-0
-0
55.5071
-0
-0
-0
-0
-0
-0
-0
-0
-0
-0
-0
-0
-0
-0
-0
13.9036
9.29539
-0
-0
-0
-0
9.64698
-0
9.14202
7.28014
20.2468
-0
23.5291
-0
-0
-0
-0
16.5094
4.91703
22.2977
-0
-0
-0
-0
-0
-0
-0
-0
10.9219
-0
-0
-0
-0
-0
-0
-0
-0
-0
-0
-0
12.1674
-0
-0
-0
-0
-0
-0
-0
60.6155
-0
10.5803
-0
-0
-0
-0
-0
-0
-0
-0
-0
-0
-0
-0
-0
-0
-0
-0
32.8843
-0
-0
-0
-0
-0
-0
-0
-0
-0
-0
-0
-0
-0
-0
-0
-0
-0
-0
-0
-0
-0
15.8911
7.31775
-0
-0
-0
-0
26.7735
-0
19.4154
-0
-0
-0
-0
-0
-0
19.4368
13.871
-0
-0
28.8683
-0
-0
-0
-0
-0
-0
-0
49.7676
-0
-0
-0
-0
-0
29.6253
12.8453
-0
-0
13.8321
37.0768
3.48627
-0
63.3053
19.4779
0.845987
16.2385
-0
1.38046
-0
-0
-0
11.4243
-0
33.8018
42.3416
-0
-0
36.4519
0.687415
-0
-0
24.1394
36.4016
-0
-0
19.6304
25.4198
-0
0.934824
46.5307
-0
18.1398
-0
-0
-0
19.5565
3.77239
-0
45.0745
-0
-0
-0
-0
-0
-0
-0
-0
14.8961
-0
-0
-0
41.8278
-0
41.2793
-0
-0
-0
18.7072
28.5279
21.3659
18.818
-0
-0
-0
-0
-0
10.6023
-0
-0
-0
-0
-0
-0
-0
-0
-0
-0
-0
8.392
-0
5.11423
-0
23.0507
-0
-0
-0
-0
-0
-0
-0
-0
10.9963
-0
-0
-0
-0
-0
-0
-0
-0
-0
26.5855
-0
-0
6.74293
-0
65.4649
-0
2.50745
-0
-0
-0
-0
-0
14.7036
-0
-0
-0
-0
3.15019
-0
-0
13.9448
-0
-0
22.6949
-0
-0
-0
-0
-0
-0
-0
-0
-0
-0
-0
-0
-0
-0
2.13577
-0
0.382929
10.3801
0.379251
-0
-0
7.13595
59.0992
-0
-0
-0
-0
-0
-0
12.9776
-0
-0
-0
9.40794
-0
-0
-0
-0
-0
-0
-0
-0
18.3047
-0
-0
-0
-0
-0
-0
-0
20.9826
-0
-0
-0
-0
-0
18.1924
-0
-0
-0
-0
-0
-0
-0
-0
-0
-0
-0
-0
-0
36.5798
-0
-0
-0
-0
31.7301
-0
-0
-0
7.08803
-0
-0
-0
-0
-0
-0
-0
-0
-0
-0
-0
1.00185
-0
16.5544
-0
6.97265
-0
0.15638
-0
46.0486
-0
-0
0.50651
-0
-0
-0
-0
-0
-0
-0
-0
-0
7.79766
-0
-0
35.2016
-0
-0
-0
-0
-0
-0
-0
22.186
-0
-0
-0
-0
-0
-0
-0
-0
-0
-0
-0
-0
-0
-0
-0
36.6072
19.0507
-0
0.1627
-0
-0
-0
-0
-0
-0
-0
-0
14.1461
-0
-0
-0
64.738
-0
-0
-0
-0
-0
-0
-0
-0
-0
-0
-0
11.8431
32.7939
-0
-0
-0
25.0651
-0
-0
-0
-0
57.3219
-0
9.42827
-0
-0
-0
14.6521
-0
-0
-0
-0
-0
-0
18.6771
-0
-0
-0
-0
-0
-0
9.16623
-0
-0
62.5075
-0
1.89524
10.707
-0
-0
-0
-0
-0
-0
-0
-0
7.80566
-0
-0
-0
29.4847
-0
-0
-0
-0
-0
-0
-0
-0
5.04676
39.9097
-0
13.241
-0
-0
20.4149
-0
-0
30.8022
-0
-0
-0
10.8422
-0
-0
-0
-0
-0
-0
-0
6.29896
-0
40.8504
22.7183
-0
6.09772
-0
3.43261
-0
8.00716
-0
-0
-0
78.6984
-0
-0
-0
-0
-0
-0
-0
4.15722
-0
32.5458
-0
-0
-0
-0
-0
-0
-0
24.9466
6.50543
-0
-0
-0
2.20252
-0
30.5883
-0
-0
-0
-0
4.24706
-0
-0
-0
-0
-0
-0
-0
59.932
-0
35.3416
-0
-0
-0
11.4555
-0
-0
0.97177
-0
-0
-0
-0
-0
-0
-0
-0
-0
-0
-0
-0
-0
-0
21.0268
69.7395
-0
-0
16.7063
-0
-0
-0
-0
-0
-0
-0
-0
-0
-0
-0
-0
-0
5.09382
6.59106
-0
-0
-0
-0
-0
-0
-0
14.5583
-0
-0
-0
-0
-0
-0
11.8848
-0
-0
32.7107
-0
-0
-0
30.2315
-0
-0
-0
-0
12.9477
-0
-0
16.3654
-0
-0
-0
-0
-0
17.1651
1.74974
15.6044
-0
-0
-0
-0
-0
-0
-0
1.52511
0.685913
-0
2.05036
-0
-0
-0
5.38613
-0
-0
-0
-0
-0
-0
-0
-0
-0
-0
-0
-0
-0
7.89698
20.1479
-0
-0
-0
-0
-0
-0
-0
-0
-0
-0
-0
-0
-0
-0
-0
-0
-0
-0
-0
-0
-0
-0
-0
-0
-0
-0
-0
-0
-0
50.3289
-0
4.76741
12.5341
-0
-0
-0
-0
-0
-0
3.76324
-0
-0
-0
-0
19.0325
30.9898
24.5927
-0
-0
-0
-0
-0
18.9286
-0
-0
-0
-0
-0
53.5015
-0
-0
-0
-0
1.51868
-0
-0
-0
-0
42.9845
-0
-0
-0
-0
-0
-0
1.097
-0
-0
63.8873
17.4797
8.81261
-0
-0
-0
-0
12.0415
8.44582
-0
-0
72.6597
-0
-0
-0
24.5306
-0
-0
9.59753
4.67882
-0
-0
-0
-0
-0
45.6629
16.4381
2.0889
-0
-0
-0
-0
-0
-0
-0
-0
6.45667
-0
4.59688
-0
-0
21.6171
-0
-0
-0
-0
14.2797
-0
-0
18.9054
-0
20.6113
-0
27.6003
-0
-0
-0
-0
18.0053
-0
7.98019
16.6007
26.7659
29.3074
11.3907
-0
-0
19.2815
-0
-0
-0
1.63758
-0
-0
48.2515
-0
14.3213
-0
10.6952
1.219
18.2173
-0
-0
-0
-0
-0
-0
30.1674
-0
-0
-0
4.21376
-0
-0
-0
-0
-0
3.51857
-0
25.0744
-0
-0
-0
-0
0.43837
-0
-0
-0
-0
-0
58.7728
14.9009
-0
1.19523
-0
-0
-0
-0
5.77454
-0
0.16511
38.19
-0
-0
-0
-0
-0
-0
42.5722
-0
8.14066
-0
3.41909
-0
5.50001
-0
-0
-0
-0
9.2733
8.5081
-0
-0
-0
-0
-0
7.99869
-0
-0
-0
49.1058
-0
-0
0.596956
-0
-0
-0
-0
31.9063
-0
-0
-0
-0
52.3879
14.3221
-0
-0
30.9884
-0
-0
-0
-0
-0
-0
-0
-0
13.6971
-0
-0
-0
11.7358
1.69653
-0
-0
-0
28.8204
-0
-0
22.2809
-0
7.32153
-0
22.3277
-0
-0
-0
-0
-0
-0
-0
-0
-0
-0
9.33124
-0
-0
20.2307
-0
-0
-0
50.7336
-0
2.82932
-0
78.5617
-0
-0
35.5482
4.71765
4.17072
-0
-0
-0
24.5853
-0
37.4795
-0
-0
-0
-0
-0
-0
-0
-0
-0
8.70914
19.6948
-0
-0
14.7923
-0
-0
26.36
-0
-0
-0
22.4533
-0
-0
44.1661
-0
-0
0.0786521
-0
-0
-0
-0
-0
-0
-0
-0
10.8238
-0
-0
32.5614
-0
-0
-0
-0
-0
-0
-0
-0
71.1172
0.0234207
-0
-0
-0
-0
-0
-0
-0
-0
-0
7.03775
-0
16.5326
-0
28.3234
-0
-0
-0
-0
-0
19.8522
0.795331
-0
-0
-0
46.2581
-0
-0
-0
-0
-0
-0
4.07971
-0
-0
-0
-0
-0
-0
-0
-0
-0
-0
-0
-0
-0
-0
-0
-0
-0
7.3905
-0
22.9606
-0
-0
-0
23.1654
-0
-0
-0
-0
-0
-0
-0
9.9852
-0
6.54303
24.6334
0.162457
-0
19.3286
1.53006
-0
1.21368
-0
32.7159
50.6858
-0
1.91192
8.50194
-0
-0
-0
-0
-0
-0
-0
-0
-0
-0
-0
-0
-0
-0
-0
9.78115
-0
-0
-0
-0
-0
7.86135
-0
-0
14.8649
-0
-0
-0
-0
-0
10.7711
-0
-0
-0
-0
-0
-0
0.903795
17.6557
-0
-0
-0
-0
-0
-0
-0
-0
-0
-0
0.0210729
-0
35.8345
-0
-0
-0
-0
-0
-0
22.1616
-0
-0
9.94968
-0
-0
-0
-0
-0
24.0176
0.138321
-0
-0
-0
-0
9.73332
-0
-0
-0
-0
-0
-0
27.7978
-0
-0
-0
-0
-0
7.97138
-0
-0
-0
-0
-0
-0
42.1122
-0
-0
-0
-0
-0
-0
0.595359
-0
-0
-0
-0
-0
-0
-0
28.4024
-0
-0
-0
-0
-0
-0
-0
-0
-0
-0
-0
-0
5.38803
-0
47.9668
39.5541
-0
3.60279
3.07188
6.30482
-0
-0
-0
-0
-0
-0
-0
36.8943
34.1585
12.5663
3.85485
35.0282
23.7383
-0
26.8594
-0
2.96624
-0
17.2323
-0
-0
-0
9.93595
48.4139
-0
-0
-0
-0
-0
-0
-0
-0
-0
-0
15.7123
-0
-0
-0
17.6593
-0
-0
-0
-0
-0
-0
-0
38.3063
-0
-0
35.569
52.0438
-0
-0
-0
-0
3.7934
-0
-0
-0
-0
-0
-0
-0
-0
-0
-0
-0
-0
-0
-0
-0
-0
-0
-0
-0
5.84409
15.1283
-0
-0
-0
-0
-0
-0
-0
-0
8.97393
8.76306
-0
-0
-0
-0
-0
-0
-0
4.42659
-0
-0
30.6112
-0
-0
-0
-0
-0
-0
-0
-0
-0
-0
14.7235
16.7196
-0
25.48
-0
-0
-0
-0
-0
-0
-0
-0
28.0245
-0
28.1052
-0
-0
-0
-0
-0
-0
-0
-0
2.41492
-0
-0
-0
20.2278
-0
-0
11.2558
7.48465
-0
-0
10.099
19.373
26.3669
-0
36.5812
-0
-0
8.96404
-0
-0
-0
5.78181
-0
25.5159
3.90901
0.477261
-0
31.4283
21.2914
-0
-0
-0
13.122
-0
-0
-0
-0
-0
-0
-0
-0
31.1711
-0
-0
15.1432
22.0541
-0
-0
-0
-0
-0
-0
-0
-0
-0
-0
-0
-0
-0
-0
-0
12.6502
-0
7.45231
-0
-0
-0
-0
-0
-0
-0
-0
-0
4.36262
-0
20.7588
-0
-0
-0
-0
-0
-0
-0
-0
-0
23.7499
-0
-0
-0
-0
-0
4.63946
-0
12.622
-0
-0
5.14609
-0
-0
19.8352
4.88238
-0
-0
21.5382
-0
-0
-0
-0
3.36496
-0
-0
-0
-0
-0
-0
-0
-0
-0
-0
-0
-0
-0
-0
-0
-0
-0
-0
-0
0.531254
-0
-0
-0
-0
-0
-0
-0
0.967298
45.397
-0
-0
-0
17.5338
-0
-0
-0
-0
-0
-0
-0
22.9283
-0
-0
-0
-0
14.8089
-0
-0
-0
-0
-0
25.0541
-0
-0
-0
5.58925
-0
-0
-0
10.0185
-0
14.3009
-0
-0
-0
-0
10.5789
-0
-0
23.6194
-0
-0
-0
9.34064
16.5101
-0
-0
-0
-0
-0
-0
-0
-0
-0
-0
-0
-0
22.0125
-0
-0
-0
22.5194
-0
-0
-0
-0
-0
-0
-0
-0
-0
39.5964
25.5144
-0
-0
14.087
-0
-0
-0
-0
-0
-0
-0
-0
-0
-0
2.34927
-0
-0
-0
-0
-0
-0
-0
0.983838
-0
-0
2.2495
-0
-0
-0
18.3668
-0
-0
4.3266
30.3603
-0
-0
9.64188
-0
1.21955
4.8257
-0
-0
3.49897
-0
-0
-0
-0
-0
-0
-0
-0
-0
-0
-0
21.6781
-0
-0
13.4232
-0
-0
-0
6.14169
-0
61.068
2.77699
-0
24.854
-0
24.4093
-0
-0
-0
-0
-0
-0
0.799327
-0
-0
-0
-0
-0
-0
25.6749
-0
-0
-0
-0
-0
-0
-0
-0
-0
-0
-0
-0
-0
-0
-0
4.30562
-0
-0
-0
44.5137
-0
-0
51.8545
0.308717
-0
-0
-0
-0
-0
-0
-0
-0
-0
-0
-0
-0
-0
-0
10.9761
-0
11.5524
32.6875
-0
-0
-0
-0
8.40947
15.9876
-0
-0
16.7707
-0
-0
0.135414
-0
-0
8.66845
7.10111
32.5873
24.0613
-0
-0
-0
57.0935
-0
2.49379
-0
-0
-0
-0
-0
-0
-0
-0
-0
-0
-0
-0
-0
-0
14.9907
2.52651
-0
2.79114
-0
-0
-0
5.26965
-0
-0
38.8319
-0
-0
-0
-0
-0
26.1803
-0
-0
-0
-0
-0
13.4052
-0
23.7752
18.4
2.6361
-0
23.5514
-0
-0
-0
18.5699
-0
-0
-0
9.54825
-0
-0
-0
-0
-0
-0
-0
-0
-0
26.1288
-0
11.2751
2.39098
-0
-0
-0
2.14866
-0
-0
-0
1.36237
-0
-0
-0
16.6783
-0
-0
-0
3.78673
-0
-0
-0
-0
-0
-0
-0
-0
-0
-0
-0
-0
-0
-0
-0
19.0464
41.3583
-0
6.19287
-0
-0
-0
-0
4.04073
-0
-0
2.12133
-0
23.0469
-0
-0
-0
17.5609
-0
-0
-0
-0
5.85859
-0
2.49008
-0
13.9862
-0
-0
-0
-0
-0
-0
-0
30.9228
3.47655
-0
19.2495
5.01379
-0
-0
-0
-0
-0
-0
3.535
-0
-0
-0
-0
9.72107
-0
-0
0.856645
-0
-0
-0
-0
-0
-0
-0
-0
10.4298
-0
-0
-0
32.2336
-0
-0
-0
-0
-0
-0
-0
-0
-0
6.63153
-0
-0
-0
-0
-0
-0
10.443
-0
-0
21.7242
-0
-0
-0
-0
-0
-0
48.1515
-0
-0
-0
-0
-0
9.25084
-0
-0
-0
8.2788
17.9892
28.1185
-0
-0
20.6365
32.253
7.26539
22.5133
-0
-0
-0
-0
-0
-0
-0
-0
-0
-0
3.39476
-0
31.1556
3.09555
15.5116
-0
1.16157
3.62082
-0
-0
4.6919
-0
-0
-0
-0
-0
-0
-0
-0
20.9597
-0
-0
7.66483
12.5891
-0
-0
-0
6.04102
-0
5.38673
-0
-0
-0
-0
11.2067
12.01
16.0855
-0
-0
-0
22.0865
-0
-0
-0
-0
-0
-0
-0
-0
-0
-0
-0
-0
7.5494
-0
24.4961
-0
-0
-0
5.55205
30.4881
-0
-0
6.38009
19.1607
-0
-0
-0
-0
-0
-0
-0
-0
-0
-0
-0
-0
22.1657
-0
-0
16.0359
-0
-0
8.29874
-0
-0
-0
-0
-0
-0
-0
-0
-0
-0
-0
9.34936
0.00208984
26.1622
-0
-0
-0
-0
-0
-0
-0
-0
-0
-0
-0
-0
-0
-0
-0
-0
-0
15.4279
-0
-0
27.3511
-0
8.83089
35.6274
37.6307
15.582
14.7052
-0
-0
-0
-0
-0
1.70851
-0
-0
-0
-0
-0
8.85448
-0
21.7051
-0
-0
-0
-0
-0
-0
34.9753
1.98929
-0
-0
6.83602
7.68909
15.3297
7.10892
-0
-0
-0
-0
-0
-0
-0
-0
-0
-0
-0
38.2358
0.469457
-0
25.0732
16.6129
-0
-0
1.55575
-0
43.9588
-0
-0
33.6229
-0
-0
-0
-0
-0
-0
21.4746
-0
-0
-0
-0
-0
-0
17.6057
-0
-0
-0
-0
14.4904
-0
-0
-0
0.579634
10.7095
15.0645
15.1973
4.03283
-0
21.7038
-0
10.571
-0
-0
-0
-0
-0
-0
-0
-0
-0
-0
6.53253
-0
-0
26.4638
-0
-0
-0
-0
-0
-0
-0
-0
-0
11.3104
-0
5.74949
13.1129
-0
-0
-0
-0
-0
2.93797
33.9686
-0
-0
-0
-0
-0
14.3888
-0
-0
-0
-0
-0
-0
-0
-0
-0
48.8922
19.7488
-0
-0
-0
30.1976
30.6642
-0
-0
-0
-0
21.6961
-0
-0
16.0754
2.63622
-0
6.12336
-0
-0
-0
-0
-0
21.3324
-0
-0
-0
-0
-0
-0
-0
-0
8.40938
-0
-0
6.15494
-0
-0
-0
-0
-0
-0
-0
-0
-0
6.67874
-0
-0
1.74243
4.425
-0
25.8663
15.1986
21.1088
-0
-0
17.1998
-0
-0
-0
27.2398
-0
23.8909
-0
-0
-0
-0
-0
-0
-0
-0
-0
-0
-0
48.048
-0
-0
-0
-0
-0
3.42242
3.97477
-0
-0
56.4957
-0
-0
-0
-0
-0
-0
-0
-0
-0
-0
-0
-0
-0
53.0884
-0
-0
21.5881
1.40969
-0
-0
-0
-0
-0
-0
-0
1.92428
-0
-0
-0
5.29902
-0
62.0982
2.52035
5.8905
-0
2.84783
-0
-0
-0
22.5273
-0
-0
-0
-0
-0
-0
7.22442
-0
-0
29.3899
-0
-0
-0
-0
5.96855
-0
7.98547
0.0370473
-0
5.13256
-0
13.9327
-0
-0
2.08925
-0
-0
-0
-0
-0
-0
12.1887
46.2683
-0
0.637244
-0
-0
-0
-0
1.20009
-0
-0
-0
-0
-0
1.7143
-0
1.82076
-0
-0
-0
-0
-0
40.8962
-0
21.4109
15.9487
-0
-0
-0
-0
-0
-0
13.6517
-0
-0
-0
32.3733
-0
-0
-0
-0
-0
-0
-0
-0
-0
-0
-0
-0
-0
17.0198
-0
-0
-0
0.00759578
-0
-0
19.3035
-0
-0
-0
-0
-0
16.8246
-0
-0
-0
-0
-0
51.1199
0.651348
-0
-0
-0
-0
-0
36.9029
-0
22.1725
-0
-0
8.92767
-0
29.4073
-0
24.3261
-0
-0
-0
-0
-0
-0
5.53785
-0
-0
-0
26.8667
-0
-0
60.941
-0
38.1235
29.9327
5.48647
-0
-0
-0
-0
-0
-0
1.38163
-0
41.0731
-0
-0
-0
-0
-0
-0
-0
-0
-0
-0
-0
-0
44.4378
-0
33.5083
-0
-0
-0
-0
-0
-0
-0
-0
-0
-0
23.601
-0
-0
4.62874
-0
-0
22.189
-0
-0
-0
48.1259
-0
-0
-0
-0
-0
6.49241
7.07094
29.9693
-0
24.4804
63.4839
-0
-0
25.8363
-0
-0
-0
-0
-0
-0
-0
-0
-0
-0
30.3952
6.36094
35.493
-0
37.3187
-0
-0
-0
-0
-0
-0
26.9003
-0
-0
18.3288
-0
-0
-0
-0
-0
-0
-0
-0
-0
-0
-0
30.8737
-0
-0
-0
-0
-0
-0
-0
25.0032
-0
-0
-0
-0
17.0557
11.1842
20.6207
-0
-0
-0
-0
10.9392
-0
29.2658
-0
-0
-0
-0
4.13001
2.96341
-0
-0
-0
20.5674
-0
-0
-0
-0
-0
-0
-0
-0
-0
-0
-0
-0
-0
-0
-0
-0
-0
30.1758
-0
-0
-0
-0
32.683
-0
-0
-0
-0
-0
-0
-0
-0
-0
-0
-0
-0
-0
-0
24.8902
-0
27.7326
-0
27.4923
-0
-0
-0
-0
0.912299
3.23242
-0
-0
15.2723
11.8323
-0
-0
30.0794
-0
-0
-0
-0
-0
-0
8.02659
-0
-0
-0
-0
-0
-0
-0
4.07187
-0
-0
-0
-0
-0
-0
-0
-0
9.79463
-0
-0
-0
30.6625
-0
30.2221
-0
-0
7.90646
-0
-0
-0
-0
6.75969
-0
-0
-0
15.5182
-0
6.64568
-0
-0
24.6699
-0
-0
-0
-0
-0
23.0723
-0
59.443
-0
-0
-0
-0
-0
-0
-0
17.6861
-0
-0
-0
-0
-0
13.785
18.2457
-0
-0
-0
8.46427
-0
-0
-0
6.62561
-0
-0
-0
10.7597
-0
-0
24.6602
25.6141
-0
-0
-0
-0
-0
-0
-0
8.59986
-0
-0
-0
-0
-0
-0
-0
-0
-0
-0
-0
-0
-0
36.3144
3.31763
13.4733
9.08739
-0
20.0455
-0
-0
13.2898
-0
-0
-0
20.8059
-0
-0
14.5011
-0
-0
13.0193
-0
-0
-0
-0
-0
-0
2.70258
-0
-0
-0
-0
1.18144
-0
-0
-0
-0
-0
-0
28.8904
-0
-0
-0
-0
-0
-0
-0
-0
-0
-0
-0
-0
-0
-0
12.6013
-0
-0
-0
-0
-0
0.578305
-0
-0
7.11199
-0
-0
-0
-0
-0
-0
-0
20.6296
-0
-0
-0
11.8803
-0
-0
8.18069
-0
-0
-0
-0
-0
-0
-0
-0
0.570064
-0
-0
-0
22.6119
1.07174
-0
-0
4.36749
-0
-0
-0
-0
49.9913
-0
-0
-0
10.2494
-0
-0
0.167655
-0
-0
-0
26.8565
-0
8.68638
-0
-0
8.21207
12.347
-0
71.5796
-0
-0
4.99813
-0
-0
-0
-0
-0
-0
-0
-0
-0
-0
-0
4.84234
22.4155
-0
-0
-0
-0
-0
-0
-0
13.9619
34.3401
-0
-0
12.0619
-0
-0
-0
-0
-0
-0
21.1753
-0
-0
-0
-0
3.78633
-0
0.995427
-0
-0
-0
-0
-0
50.1474
-0
-0
-0
-0
-0
-0
19.4832
-0
11.7772
5.44883
-0
-0
-0
-0
-0
-0
14.592
-0
-0
-0
-0
19.3768
-0
35.789
-0
