3.83214
-0
-0
-0
-0
-0
-0
-0
41.4543
-0
25.6944
-0
1.64099
-0
-0
15.1773
6.7265
-0
-0
-0
-0
4.37877
-0
-0
-0
16.5024
-0
-0
-0
-0
-0
-0
-0
-0
-0
-0
-0
-0
-0
-0
-0
-0
5.49278
-0
-0
-0
-0
-0
-0
-0
-0
-0
-0
-0
-0
-0
-0
0.635828
19.5142
-0
-0
-0
-0
-0
40.5914
-0
-0
-0
-0
3.07359
-0
-0
-0
-0
-0
-0
-0
-0
-0
7.22777
-0
76.1929
-0
13.4549
-0
-0
-0
1.13799
-0
5.65985
1.99194
-0
-0
-0
-0
-0
6.18107
-0
-0
-0
-0
-0
-0
-0
-0
-0
10.6666
45.2728
-0
-0
-0
-0
-0
-0
-0
21.4664
-0
-0
45.4969
19.5579
31.2667
-0
18.4893
-0
-0
-0
1.65992
-0
-0
-0
4.67216
38.7933
-0
-0
-0
-0
-0
38.7556
-0
-0
-0
-0
12.3436
-0
30.2272
-0
-0
-0
-0
-0
-0
4.29184
-0
32.6483
-0
-0
-0
-0
-0
2.43374
-0
-0
-0
-0
-0
-0
-0
-0
-0
69.4067
-0
19.1183
-0
-0
-0
-0
-0
-0
7.68846
-0
-0
-0
-0
-0
-0
29.616
-0
-0
43.3102
-0
-0
15.5107
18.1995
-0
-0
-0
-0
-0
-0
-0
-0
-0
-0
-0
-0
-0
-0
8.60438
19.1082
-0
-0
-0
25.3835
-0
-0
-0
-0
-0
-0
-0
-0
-0
-0
14.356
-0
-0
-0
4.69556
-0
13.5505
-0
-0
-0
-0
-0
-0
-0
-0
-0
-0
-0
-0
-0
-0
-0
-0
2.30364
-0
22.6209
-0
-0
-0
0.0143228
-0
-0
-0
11.3216
-0
2.5603
-0
-0
-0
-0
-0
-0
-0
-0
-0
-0
-0
-0
23.2822
-0
22.4556
-0
-0
-0
-0
-0
-0
10.5261
8.63215
-0
4.78906
-0
-0
-0
-0
-0
-0
13.3097
23.1105
-0
-0
13.4291
-0
-0
-0
-0
47.8229
-0
-0
2.58514
-0
37.9589
43.0514
16.8216
-0
17.5451
-0
-0
-0
-0
-0
-0
0.895452
-0
-0
-0
0.121012
-0
-0
39.1005
17.9586
-0
-0
27.9394
-0
-0
-0
-0
-0
-0
-0
-0
-0
-0
-0
-0
-0
-0
-0
-0
17.0193
-0
-0
-0
-0
-0
-0
-0
-0
-0
-0
32.9226
-0
-0
-0
-0
-0
22.1068
-0
-0
15.3795
-0
2.799
-0
-0
2.40409
-0
-0
29.968
-0
13.17
-0
2.7133
-0
-0
-0
-0
-0
1.84034
-0
-0
-0
42.6595
-0
-0
-0
-0
-0
-0
-0
-0
-0
-0
-0
-0
-0
3.59852
-0
-0
-0
-0
-0
1.47112
-0
-0
-0
1.29825
-0
-0
-0
-0
-0
18.0712
-0
-0
6.4831
-0
2.79669
-0
-0
-0
-0
36.5716
9.416
-0
-0
-0
-0
19.5638
-0
-0
-0
-0
-0
-0
-0
-0
-0
0.868491
-0
-0
-0
-0
-0
-0
-0
-0
49.2066
11.1138
-0
-0
-0
-0
-0
13.6268
-0
-0
-0
-0
29.9325
-0
55.6173
-0
-0
-0
-0
-0
-0
-0
18.3071
-0
-0
-0
19.3642
-0
-0
7.7318
-0
-0
-0
-0
-0
-0
-0
-0
-0
-0
17.3258
-0
-0
-0
-0
14.7584
24.7172
-0
-0
-0
-0
-0
-0
8.41294
-0
-0
-0
-0
-0
66.7042
-0
-0
-0
-0
-0
-0
0.328427
-0
1.38881
-0
-0
-0
-0
23.6383
-0
-0
3.80099
-0
12.3376
-0
-0
-0
-0
-0
34.1836
-0
43.5562
18.2297
-0
-0
-0
-0
-0
-0
-0
13.1093
-0
-0
-0
9.25107
2.46139
-0
-0
-0
-0
8.98772
-0
-0
-0
-0
-0
10.2878
26.78
-0
1.69788
-0
-0
-0
-0
12.684
-0
-0
-0
12.6332
-0
-0
-0
-0
-0
-0
-0
-0
-0
60.6816
-0
-0
-0
17.285
-0
10.1622
-0
-0
14.8506
-0
-0
7.59436
-0
-0
26.4635
-0
47.7722
-0
-0
-0
-0
-0
-0
18.7089
-0
43.8866
-0
-0
5.54457
1.07978
-0
-0
35.907
-0
-0
-0
-0
-0
-0
4.10241
-0
-0
-0
-0
-0
-0
-0
-0
-0
-0
-0
-0
-0
-0
-0
-0
-0
-0
-0
-0
-0
-0
-0
25.3106
27.0653
-0
-0
-0
-0
-0
5.66822
-0
-0
-0
-0
-0
-0
-0
26.397
19.9084
-0
25.5753
-0
-0
-0
-0
-0
-0
-0
-0
-0
-0
-0
-0
1.14014
44.4857
-0
22.4558
-0
-0
-0
47.4361
-0
-0
-0
-0
-0
-0
8.29846
-0
-0
-0
-0
-0
-0
32.8781
5.15548
-0
-0
12.6096
18.5421
-0
-0
-0
-0
-0
-0
-0
-0
-0
-0
-0
-0
-0
-0
-0
-0
-0
17.267
0.726203
-0
-0
-0
-0
-0
-0
-0
42.4238
-0
38.275
-0
10.6146
-0
0.301416
-0
-0
-0
-0
-0
-0
-0
71.4578
-0
-0
-0
-0
20.689
-0
-0
-0
-0
-0
-0
-0
22.4687
-0
0.542299
-0
-0
-0
-0
-0
-0
-0
-0
-0
-0
-0
-0
-0
-0
-0
-0
-0
-0
-0
22.7317
-0
20.8588
-0
-0
-0
32.0169
43.7126
-0
-0
-0
-0
-0
-0
7.40779
-0
-0
-0
44.036
-0
-0
-0
-0
-0
-0
-0
-0
-0
6.38613
-0
-0
-0
-0
-0
-0
13.6805
-0
-0
-0
-0
-0
-0
55.8942
-0
1.703
-0
29.3956
6.98587
-0
-0
40.7985
-0
-0
19.2363
-0
-0
64.332
-0
-0
-0
-0
-0
-0
-0
-0
11.1794
19.0596
11.6305
-0
-0
-0
-0
24.9899
-0
-0
-0
-0
-0
-0
-0
-0
-0
-0
-0
39.3383
-0
-0
-0
-0
-0
-0
-0
-0
-0
33.7278
14.6196
-0
-0
-0
-0
-0
-0
-0
4.50845
-0
-0
-0
-0
-0
38.2803
-0
-0
-0
-0
-0
-0
29.6127
18.5764
-0
-0
-0
-0
-0
1.80907
-0
-0
-0
-0
-0
-0
-0
30.016
-0
-0
-0
-0
-0
-0
-0
-0
-0
-0
-0
-0
4.42321
-0
-0
5.248
-0
-0
-0
10.1818
3.32741
46.8549
-0
24.2797
-0
17.5616
-0
-0
7.53133
-0
19.4054
25.4218
-0
-0
4.59266
-0
-0
-0
-0
-0
-0
-0
-0
65.5923
-0
-0
-0
-0
-0
-0
-0
-0
31.5204
14.1402
-0
-0
-0
-0
-0
-0
-0
7.4907
-0
-0
-0
25.3855
-0
22.7206
-0
-0
-0
-0
-0
17.6708
-0
-0
-0
-0
-0
-0
-0
-0
-0
-0
26.4327
-0
-0
-0
-0
-0
-0
-0
-0
4.92897
-0
8.96476
-0
-0
-0
-0
-0
-0
-0
-0
-0
-0
-0
-0
-0
-0
-0
-0
14.516
-0
8.30268
-0
-0
-0
-0
-0
-0
-0
-0
-0
-0
-0
7.69139
18.8031
-0
-0
-0
-0
24.246
-0
6.74523
-0
-0
-0
-0
-0
8.02694
-0
-0
-0
4.42414
-0
-0
-0
-0
-0
7.00106
18.7042
-0
70.2105
-0
-0
-0
-0
-0
-0
-0
-0
-0
-0
-0
-0
49.4568
-0
-0
-0
-0
-0
-0
-0
-0
28.7566
58.6403
-0
4.58341
-0
-0
26.723
-0
-0
-0
-0
-0
10.2287
-0
-0
16.3887
-0
-0
-0
-0
-0
-0
-0
39.2991
-0
-0
17.8322
-0
-0
-0
34.7572
-0
2.0593
-0
-0
-0
0.702742
-0
-0
-0
-0
-0
-0
-0
-0
12.5308
6.22635
-0
-0
-0
-0
-0
-0
-0
-0
-0
-0
-0
2.66531
-0
-0
-0
51.476
-0
-0
-0
-0
-0
-0
-0
-0
28.6236
-0
-0
-0
-0
-0
-0
-0
30.0578
-0
-0
-0
-0
-0
-0
-0
-0
27.8071
-0
16.9514
-0
-0
-0
23.796
3.22916
1.32407
-0
-0
-0
-0
-0
-0
-0
-0
-0
-0
-0
-0
-0
-0
-0
-0
-0
-0
-0
-0
-0
4.77963
-0
-0
-0
-0
-0
-0
-0
30.9488
-0
-0
-0
-0
-0
-0
15.8711
-0
-0
-0
-0
-0
-0
-0
-0
-0
-0
-0
19.7118
-0
-0
-0
2.46512
-0
-0
-0
-0
-0
-0
-0
-0
-0
-0
-0
-0
-0
-0
-0
-0
-0
-0
23.3594
-0
-0
32.1871
-0
-0
-0
10.837
-0
-0
-0
-0
-0
-0
14.5451
44.2957
-0
-0
37.5714
-0
-0
-0
-0
-0
-0
-0
28.0526
-0
-0
-0
-0
-0
34.0111
6.84803
-0
-0
12.3154
69.4341
9.89459
-0
37.2932
25.2903
12.4667
8.89321
-0
-0
-0
-0
-0
7.11677
-0
13.2389
48.7927
-0
-0
30.1049
43.9507
-0
-0
17.086
33.5883
6.06714
-0
34.8967
20.897
-0
-0
14.7565
-0
15.3573
-0
32.2305
-0
41.7354
-0
4.29696
67.6609
-0
-0
-0
-0
-0
-0
-0
-0
38.9244
-0
-0
-0
2.13141
-0
-0
9.32973
-0
-0
16.3524
34.5751
50.7135
22.5586
-0
-0
-0
-0
-0
-0
-0
-0
-0
-0
-0
-0
-0
-0
-0
12.6902
-0
40.2218
-0
4.43899
-0
-0
-0
-0
-0
-0
-0
-0
-0
-0
32.2726
-0
-0
-0
-0
-0
-0
-0
-0
-0
39.3795
-0
-0
-0
-0
22.6772
-0
22.7311
-0
-0
-0
-0
-0
45.5336
-0
-0
-0
-0
-0
-0
-0
44.5817
-0
-0
0.00145149
-0
25.4323
-0
-0
-0
-0
-0
-0
-0
-0
-0
-0
-0
12.1616
1.49922
9.38474
43.7154
11.6402
-0
-0
-0
-0
51.7264
-0
-0
-0
-0
-0
-0
10.6246
-0
-0
-0
0.819405
-0
31.1045
-0
-0
-0
-0
-0
-0
20.0422
-0
-0
-0
-0
-0
-0
-0
13.7149
-0
-0
-0
-0
-0
46.6445
-0
-0
-0
-0
-0
-0
-0
-0
-0
-0
-0
-0
-0
37.0815
-0
-0
-0
-0
46.397
-0
-0
-0
23.1039
-0
-0
8.93022
-0
-0
-0
-0
-0
-0
-0
-0
-0
-0
0.376523
-0
26.0171
-0
-0
-0
35.3861
-0
-0
0.0151112
-0
-0
-0
-0
-0
-0
-0
-0
-0
13.6355
-0
-0
-0
-0
-0
-0
-0
-0
-0
-0
29.3389
-0
-0
4.52499
-0
-0
-0
-0
-0
-0
-0
-0
-0
-0
-0
-0
25.0843
-0
-0
8.51718
-0
-0
-0
-0
-0
-0
-0
-0
-0
-0
-0
-0
54.1312
-0
-0
-0
-0
-0
-0
-0
-0
-0
-0
-0
21.3137
10.0883
-0
-0
-0
49.0095
-0
-0
-0
-0
51.3993
-0
-0
-0
-0
-0
22.6489
-0
3.75648
-0
-0
-0
-0
19.2049
-0
-0
-0
-0
-0
-0
-0
7.21102
-0
59.9337
-0
0.660458
-0
-0
-0
11.4455
-0
-0
-0
-0
7.41989
8.2483
-0
-0
-0
11.4404
-0
-0
-0
-0
-0
-0
-0
-0
2.33676
34.1956
-0
-0
-0
14.0116
25.6241
-0
-0
-0
-0
-0
-0
-0
-0
18.5667
-0
-0
-0
-0
-0
3.15279
-0
26.3377
29.7391
-0
25.3396
-0
-0
-0
23.5111
-0
-0
-0
72.3791
-0
-0
-0
-0
-0
-0
-0
2.33941
-0
2.1564
40.2189
-0
-0
-0
-0
-0
-0
-0
17.7475
-0
-0
-0
-0
-0
-0
-0
30.097
-0
-0
-0
-0
-0
-0
-0
-0
-0
-0
32.6515
-0
27.0589
-0
-0
-0
6.19115
-0
-0
-0
-0
-0
-0
-0
-0
-0
-0
-0
-0
-0
-0
-0
-0
-0
30.6225
60.5055
-0
-0
7.12891
-0
-0
-0
-0
-0
-0
-0
-0
-0
-0
-0
-0
-0
31.9043
11.4806
-0
-0
-0
-0
-0
-0
-0
-0
-0
-0
-0
-0
-0
-0
12.4142
-0
-0
20.6059
-0
-0
-0
60.3495
-0
-0
-0
-0
-0
-0
-0
36.4855
-0
-0
-0
-0
-0
57.6687
8.3382
8.79165
-0
-0
-0
-0
-0
-0
-0
-0
11.8897
-0
22.138
-0
-0
-0
-0
-0
-0
-0
-0
-0
-0
-0
-0
-0
-0
-0
-0
-0
7.28805
31.1704
-0
-0
-0
-0
-0
-0
-0
-0
-0
-0
-0
-0
-0
-0
-0
-0
-0
-0
-0
-0
-0
-0
-0
-0
-0
-0
-0
-0
-0
35.0014
-0
-0
3.55811
-0
-0
-0
-0
-0
-0
3.19177
-0
-0
-0
-0
14.8329
23.8853
25.0751
-0
-0
-0
-0
-0
19.1135
-0
-0
-0
-0
-0
40.7956
-0
-0
-0
-0
-0
-0
-0
-0
11.2088
76.464
-0
-0
-0
-0
-0
-0
2.80272
-0
-0
69.7849
45.1042
14.7549
-0
-0
-0
-0
8.5971
-0
-0
-0
78.6025
-0
-0
-0
45.4402
-0
5.99746
9.80097
44.482
-0
-0
-0
-0
-0
-0
-0
0.552771
-0
-0
-0
-0
-0
-0
-0
-0
7.96556
-0
12.7746
-0
-0
18.3785
-0
-0
-0
-0
9.37527
-0
-0
4.2954
-0
-0
-0
4.66878
-0
-0
-0
-0
-0
-0
6.28398
56.8306
41.4275
43.343
17.9233
1.7664
-0
30.6509
-0
-0
-0
-0
-0
15.7278
37.7175
-0
15.1118
33.2613
8.25682
-0
38.0041
-0
-0
-0
-0
-0
-0
-0
-0
-0
-0
-0
-0
-0
-0
-0
-0
1.94177
-0
46.6998
-0
-0
-0
-0
0.472671
-0
-0
-0
15.2875
-0
69.6951
13.7703
-0
36.4557
-0
-0
14.6625
-0
15.8942
-0
16.6208
50.0171
-0
-0
-0
18.1264
-0
-0
20.2093
-0
3.71351
-0
9.27293
-0
-0
-0
1.26542
-0
-0
22.2169
48.8624
-0
-0
-0
-0
-0
-0
-0
-0
-0
46.9217
-0
-0
-0
-0
-0
-0
-0
31.4327
-0
-0
0.159069
-0
47.2445
40.7833
-0
-0
39.523
-0
-0
-0
-0
-0
-0
-0
-0
4.98425
-0
-0
-0
-0
-0
-0
-0
-0
57.111
-0
7.83404
63.0693
-0
27.6261
-0
43.575
-0
-0
-0
-0
-0
-0
-0
-0
-0
-0
-0
-0
20.404
-0
-0
11.4236
1.00992
6.33374
-0
-0
-0
63.3123
-0
-0
13.508
12.4104
-0
-0
22.1495
-0
32.0153
-0
17.9913
-0
7.68739
-0
-0
-0
-0
9.79976
36.0279
-0
-0
8.50299
-0
-0
-0
-0
-0
44.5478
-0
-0
-0
22.2226
-0
-0
43.2757
-0
-0
18.0908
-0
-0
-0
-0
33.6683
-0
-0
-0
-0
-0
-0
7.15786
-0
-0
-0
-0
-0
-0
-0
-0
61.7674
-0
-0
-0
-0
-0
-0
-0
-0
-0
-0
7.16969
-0
-0
-0
75.2522
32.7022
-0
-0
-0
-0
19.1816
1.09853
-0
-0
-0
71.0443
-0
-0
-0
-0
-0
-0
32.8362
-0
-0
-0
6.57005
-0
-0
-0
-0
12.1013
-0
-0
-0
16.7941
-0
-0
-0
-0
-0
42.2799
-0
-0
-0
-0
-0
-0
-0
-0
-0
-0
-0
-0
14.4568
-0
61.1414
35.4993
32.178
-0
16.529
-0
-0
2.00794
-0
76.713
45.8699
-0
-0
15.805
-0
-0
-0
-0
-0
-0
-0
-0
-0
-0
-0
-0
-0
-0
-0
14.6159
-0
-0
-0
14.4924
-0
5.04167
-0
-0
23.4297
-0
-0
-0
-0
-0
1.47124
-0
-0
-0
-0
-0
-0
-0
12.7842
-0
-0
-0
-0
-0
-0
-0
-0
0.221746
-0
-0
-0
16.5166
2.73427
-0
-0
-0
-0
-0
20.4623
-0
-0
-0
-0
-0
-0
-0
39.1989
-0
-0
-0
-0
10.1704
-0
-0
-0
-0
-0
-0
-0
-0
23.4601
-0
-0
-0
-0
-0
-0
-0
-0
-0
-0
2.33343
-0
6.21845
-0
-0
-0
-0
-0
-0
-0
-0
-0
-0
-0
-0
-0
-0
44.6627
-0
1.12777
-0
-0
-0
-0
-0
-0
2.66138
-0
-0
-0
-0
-0
15.3793
19.8209
-0
12.3144
2.76031
12.0096
-0
4.17738
-0
-0
-0
8.61889
-0
1.19397
72.337
35.7711
21.1705
-0
31.5721
-0
3.35719
-0
-0
-0
16.0997
-0
-0
-0
5.59967
49.2659
-0
-0
-0
-0
-0
-0
-0
-0
-0
-0
8.546
-0
-0
-0
41.1368
-0
-0
-0
-0
-0
-0
-0
3.09657
-0
-0
-0
29.7679
9.7246
-0
-0
-0
-0
-0
-0
-0
-0
-0
-0
-0
-0
-0
-0
-0
-0
-0
-0
-0
-0
-0
-0
-0
-0
19.2816
3.10831
-0
18.2509
-0
-0
-0
-0
-0
-0
9.86091
-0
-0
-0
-0
-0
-0
-0
4.23037
-0
-0
1.53434
-0
-0
14.6123
-0
-0
-0
-0
-0
-0
-0
-0
1.18443
-0
41.7249
-0
-0
-0
-0
-0
-0
-0
-0
19.8051
-0
38.2307
-0
6.5928
-0
-0
-0
-0
-0
-0
4.97278
-0
-0
-0
16.3327
-0
-0
0.882264
-0
9.82815
-0
27.4577
47.2262
17.4043
-0
-0
-0
-0
0.936524
-0
-0
-0
23.2285
-0
9.09633
-0
-0
-0
28.5324
4.56388
0.668414
-0
-0
-0
2.19592
-0
13.3624
-0
-0
-0
-0
-0
32.0215
-0
-0
-0
31.5598
-0
-0
-0
-0
-0
-0
-0
-0
-0
-0
-0
-0
-0
23.5164
-0
9.40904
-0
18.9464
-0
-0
-0
-0
-0
-0
-0
-0
-0
-0
-0
15.2938
6.9116
-0
-0
-0
-0
25.0859
-0
-0
-0
31.4258
-0
-0
-0
-0
-0
4.92289
-0
7.87414
-0
-0
7.93826
-0
-0
9.29287
-0
-0
-0
20.9371
-0
-0
-0
-0
32.8152
-0
-0
-0
-0
-0
2.98317
-0
-0
-0
-0
-0
-0
-0
-0
18.0668
-0
-0
-0
-0
-0
-0
-0
-0
-0
-0
-0
-0
6.14415
83.3463
-0
-0
-0
2.62135
-0
23.1413
22.6268
10.6616
-0
-0
-0
51.6636
-0
-0
-0
-0
24.9231
-0
-0
-0
-0
-0
18.206
-0
-0
-0
-0
-0
-0
-0
5.11027
-0
-0
-0
-0
-0
-0
20.2382
-0
-0
14.6904
-0
-0
-0
3.46685
11.4285
-0
-0
-0
-0
-0
-0
-0
-0
-0
-0
-0
-0
26.4302
-0
3.92403
-0
29.7181
-0
14.5747
-0
-0
-0
-0
-0
15.3731
-0
27.7796
49.7674
-0
-0
-0
-0
-0
-0
-0
-0
-0
-0
-0
-0
-0
1.2909
19.5967
-0
-0
-0
6.68719
7.02858
24.2555
0.156021
-0
26.7428
-0
-0
-0
-0
0.676803
-0
-0
-0
19.4721
0.529231
-0
-0
-0
-0
-0
-0
-0
20.8742
-0
-0
20.5631
-0
-0
-0
-0
-0
-0
-0
-0
4.12416
-0
-0
-0
-0
-0
-0
7.54336
-0
24.8679
-0
-0
0.633693
-0
43.6447
-0
-0
-0
-0
-0
-0
41.6224
-0
-0
-0
-0
-0
11.392
12.0936
-0
-0
-0
-0
-0
-0
-0
-0
-0
-0
-0
-0
-0
-0
-0
11.9541
-0
-0
-0
22.2089
-0
-0
55.102
3.17042
-0
-0
-0
-0
-0
-0
-0
-0
-0
-0
-0
-0
-0
-0
3.05511
24.8556
25.0759
-0
-0
-0
-0
-0
-0
31.8779
-0
-0
-0
-0
-0
-0
-0
-0
10.2363
-0
19.8554
12.3814
-0
-0
-0
54.0491
-0
-0
-0
-0
-0
-0
-0
-0
3.92996
-0
-0
-0
-0
-0
-0
-0
11.2082
-0
-0
-0
-0
-0
12.9134
-0
-0
-0
61.1023
-0
-0
-0
-0
9.21059
11.499
-0
-0
-0
-0
-0
1.03703
-0
49.3993
17.0288
-0
-0
11.118
-0
-0
-0
60.5878
-0
-0
-0
-0
-0
-0
-0
-0
-0
-0
29.084
-0
-0
62.0058
-0
41.9129
-0
-0
-0
-0
-0
-0
-0
-0
-0
13.2023
-0
-0
3.97285
-0
-0
-0
24.9441
-0
-0
-0
-0
-0
-0
-0
-0
-0
-0
-0
-0
6.37101
-0
-0
9.83514
34.2206
-0
-0
-0
-0
-0
-0
28.3859
-0
-0
1.93592
-0
19.8802
-0
-0
-0
24.496
-0
-0
-0
-0
3.20286
-0
1.76543
-0
21.8994
-0
-0
-0
-0
-0
-0
-0
36.366
2.41698
-0
-0
6.21196
-0
-0
-0
-0
-0
-0
-0
-0
-0
-0
-0
26.5582
-0
-0
1.4399
15.0467
-0
-0
0.162013
-0
-0
-0
-0
-0
-0
-0
-0
8.94953
3.98301
-0
-0
-0
-0
-0
-0
-0
-0
16.3895
-0
-0
-0
-0
28.0625
-0
-0
-0
-0
18.3985
-0
-0
-0
-0
-0
-0
49.4471
-0
-0
-0
-0
6.87082
-0
-0
-0
24.1063
23.4935
35.2433
23.4133
-0
-0
-0
29.8975
9.71235
1.34918
-0
-0
-0
-0
-0
-0
-0
-0
-0
-0
3.17769
2.28955
-0
-0
0.161356
18.4314
-0
17.4438
-0
-0
-0
-0
-0
-0
-0
-0
-0
-0
-0
-0
4.14097
-0
8.29442
7.54569
-0
-0
-0
-0
-0
12.3537
-0
-0
-0
-0
-0
-0
-0
-0
3.00351
-0
51.5339
-0
-0
-0
-0
-0
-0
-0
-0
-0
-0
-0
-0
-0
-0
39.4937
0.507048
-0
-0
26.0856
9.84276
1.00891
-0
3.97153
18.6469
-0
-0
21.2625
-0
-0
-0
-0
-0
-0
-0
-0
-0
45.945
-0
-0
0.0278179
-0
-0
-0
-0
14.399
-0
-0
9.0037
5.43507
-0
-0
-0
-0
-0
7.40653
0.277142
-0
-0
-0
42.7298
-0
-0
-0
-0
-0
-0
-0
-0
-0
15.8408
-0
-0
-0
-0
26.9826
-0
-0
28.4052
-0
5.39488
55.7334
30.7169
1.54586
8.88633
-0
-0
-0
-0
-0
1.35155
-0
-0
-0
-0
-0
-0
-0
22.2565
-0
3.72134
-0
-0
-0
-0
32.2079
-0
-0
-0
20.144
-0
-0
25.2726
-0
-0
-0
-0
-0
-0
-0
-0
-0
-0
-0
28.5967
-0
-0
16.2228
13.9178
11.5692
-0
10.2748
-0
16.9218
-0
-0
21.7898
-0
-0
-0
-0
-0
11.8324
-0
-0
-0
-0
-0
37.7958
-0
-0
-0
-0
-0
1.35922
-0
-0
-0
-0
-0
4.2413
0.121353
-0
47.5636
-0
43.3363
-0
-0
-0
7.27771
-0
-0
-0
-0
-0
-0
-0
-0
22.954
-0
-0
26.1164
-0
-0
-0
-0
-0
-0
-0
-0
-0
11.1184
-0
5.22982
12.3874
-0
-0
-0
-0
-0
15.5113
63.4344
-0
5.46909
16.8716
-0
-0
18.6953
-0
-0
-0
-0
-0
-0
-0
-0
-0
14.576
-0
-0
-0
-0
3.24191
13.667
-0
-0
15.3715
-0
-0
-0
-0
31.2262
5.11194
-0
-0
-0
-0
-0
-0
-0
-0
-0
19.7684
-0
-0
-0
-0
7.40072
-0
29.2166
-0
-0
34.301
-0
-0
-0
-0
-0
-0
-0
-0
-0
-0
-0
23.7425
34.2383
28.7901
-0
21.7677
15.4474
-0
-0
13.0816
19.1441
-0
-0
-0
32.818
-0
26.5644
-0
-0
-0
-0
-0
36.8053
-0
3.03673
-0
-0
-0
37.0165
-0
-0
-0
-0
-0
0.0217448
-0
-0
-0
32.5678
-0
-0
-0
-0
-0
-0
5.72594
-0
-0
-0
-0
-0
-0
24.4957
-0
-0
12.0882
-0
-0
-0
-0
-0
-0
-0
15.9343
-0
-0
-0
-0
4.99139
-0
62.2333
3.68676
18.2596
-0
12.237
14.7069
-0
-0
20.1777
-0
-0
-0
-0
-0
-0
11.3927
-0
-0
7.17968
-0
-0
-0
14.328
4.60532
-0
24.657
5.92683
-0
18.108
-0
-0
-0
-0
-0
-0
-0
-0
-0
-0
-0
8.68324
51.7707
12.201
-0
-0
-0
-0
0.930018
0.951206
-0
-0
-0
-0
5.4675
0.910485
-0
-0
-0
-0
-0
-0
-0
65.0175
-0
40.3312
40.9771
-0
-0
2.57722
-0
-0
-0
9.5584
-0
-0
-0
40.6525
-0
-0
-0
-0
-0
14.3104
-0
-0
-0
-0
-0
4.37598
-0
29.5472
-0
-0
-0
18.5693
-0
-0
17.5191
-0
-0
-0
-0
-0
11.4825
-0
-0
-0
-0
-0
48.6918
4.64147
-0
-0
-0
-0
-0
25.2124
-0
11.3922
-0
-0
-0
-0
25.8068
-0
-0
-0
-0
-0
-0
-0
-0
0.217966
-0
-0
-0
-0
0.296269
-0
46.7768
-0
42.0451
21.0213
-0
-0
-0
28.4213
-0
-0
-0
10.5526
-0
71.1542
-0
-0
-0
-0
-0
-0
-0
-0
-0
-0
-0
-0
42.1768
-0
16.2484
-0
-0
-0
-0
-0
-0
-0
-0
-0
-0
30.5107
-0
-0
5.01583
-0
3.07028
9.56852
-0
-0
-0
71.718
-0
-0
-0
-0
-0
-0
-0
24.9468
18.2594
27.5787
51.647
-0
-0
18.0694
-0
-0
-0
-0
-0
-0
-0
-0
1.98467
-0
-0
4.28421
63.4112
-0
37.3751
-0
-0
-0
-0
-0
-0
72.1116
-0
26.9897
5.49092
-0
-0
-0
-0
-0
-0
-0
-0
-0
-0
-0
12.0802
-0
-0
-0
-0
-0
20.9861
-0
30.1491
-0
-0
-0
-0
-0
-0
49.8859
-0
-0
-0
-0
-0
-0
26.7232
-0
-0
-0
-0
16.8842
39.7926
-0
-0
-0
21.807
-0
13.6044
-0
-0
-0
-0
-0
-0
-0
-0
-0
-0
-0
-0
-0
-0
-0
-0
-0
-0
-0
-0
66.3202
-0
-0
-0
-0
-0
-0
20.5739
-0
-0
-0
-0
24.4169
-0
-0
43.413
-0
30.6268
-0
56.2658
-0
-0
-0
-0
-0
-0
-0
-0
16.0185
-0
7.12554
-0
45.8356
-0
-0
-0
-0
-0
-0
-0
-0
-0
-0
-0
-0
-0
-0
2.82537
-0
-0
-0
13.4981
-0
-0
18.8843
-0
26.1069
-0
-0
-0
18.8379
-0
-0
-0
-0
-0
-0
-0
32.4826
-0
-0
-0
-0
-0
-0
-0
-0
-0
-0
51.1895
-0
-0
-0
-0
-0
23.0767
-0
16.0737
-0
-0
-0
-0
-0
-0
-0
12.7904
-0
-0
-0
-0
20.2187
9.23467
16.4722
-0
-0
-0
4.20167
-0
-0
-0
-0
-0
-0
-0
59.7483
-0
-0
-0
49.3628
-0
-0
-0
-0
-0
11.1554
-0
-0
-0
-0
-0
-0
-0
-0
-0
-0
-0
-0
-0
8.53829
-0
22.9162
1.80854
12.531
23.6147
-0
16.5047
-0
27.1385
-0
-0
-0
-0
40.1964
-0
-0
-0
-0
-0
22.109
-0
-0
-0
-0
-0
41.8495
6.1078
-0
-0
-0
-0
0.439072
-0
-0
-0
-0
-0
-0
52.2325
-0
-0
-0
-0
-0
-0
-0
-0
-0
-0
-0
-0
-0
10.8133
5.94956
-0
-0
-0
-0
-0
-0
-0
-0
30.609
14.2945
-0
-0
-0
-0
-0
-0
7.89191
-0
-0
-0
-0
-0
-0
-0
-0
-0
-0
-0
-0
-0
-0
-0
-0
-0
-0
-0
21.9694
-0
-0
-0
-0
-0
-0
-0
-0
57.7911
-0
-0
-0
37.6047
-0
-0
-0
-0
-0
-0
42.8855
-0
-0
-0
-0
14.6716
-0
-0
105.39
-0
-0
3.84493
-0
-0
0.675186
-0
-0
-0
-0
-0
-0
-0
-0
5.21323
9.75034
-0
40.2445
-0
-0
-0
-0
7.51569
13.1371
-0
-0
-0
38.1575
-0
-0
-0
-0
-0
-0
35.7086
-0
-0
-0
42.8044
-0
-0
-0
-0
-0
-0
-0
-0
48.6556
-0
-0
-0
-0
-0
-0
27.7852
-0
-0
-0
-0
-0
-0
-0
-0
-0
-0
-0
-0
-0
-0
-0
-0
32.4399
-0
