1.08521
-0
-0
-0
-0
6.14361
-0
-0
5.70945
-0
60.7159
-0
3.32243
-0
-0
18.6246
-0
-0
0.305597
-0
-0
-0
26.2376
-0
0.574857
35.0243
-0
12.8318
-0
-0
-0
-0
-0
0.792753
-0
-0
-0
-0
-0
-0
2.06503
-0
7.33203
-0
-0
6.40118
-0
-0
-0
-0
-0
-0
-0
-0
-0
-0
-0
0.735319
43.1342
-0
-0
-0
-0
-0
18.9848
-0
-0
-0
-0
1.19414
-0
-0
-0
-0
-0
-0
-0
-0
-0
3.49939
-0
22.366
-0
-0
-0
-0
-0
2.16575
-0
-0
-0
-0
-0
-0
-0
-0
0.558723
-0
-0
-0
-0
-0
-0
-0
-0
-0
21.9417
2.57132
-0
-0
-0
-0
-0
-0
-0
-0
-0
-0
42.8785
15.7659
-0
-0
12.5844
7.32446
17.2057
-0
18.8421
-0
-0
-0
-0
33.5338
11.6146
-0
-0
-0
-0
5.58364
-0
51.2699
-0
-0
20.8082
-0
24.1151
-0
-0
-0
-0
-0
5.49417
-0
-0
-0
12.0903
-0
48.5781
-0
-0
1.71531
-0
0.924696
-0
22.6905
-0
-0
-0
53.4957
-0
28.8365
-0
21.7893
2.67319
-0
-0
-0
-0
-0
7.72723
-0
-0
-0
-0
-0
-0
11.1768
-0
-0
-0
-0
-0
14.9606
-0
-0
-0
-0
-0
-0
-0
-0
-0
9.10536
-0
-0
-0
-0
3.68347
-0
4.61776
-0
-0
-0
-0
-0
-0
-0
-0
2.88894
-0
-0
-0
-0
-0
-0
-0
-0
-0
-0
-0
-0
-0
-0
-0
-0
-0
-0
-0
-0
-0
-0
-0
-0
-0
-0
-0
17.2253
-0
-0
7.68543
-0
-0
-0
0.15344
-0
-0
-0
44.1096
2.22928
-0
-0
-0
19.1555
2.57953
-0
-0
-0
3.15641
-0
-0
-0
34.3829
17.0462
-0
30.0988
-0
-0
-0
-0
-0
0.106964
-0
10.22
-0
-0
-0
-0
-0
-0
-0
-0
6.52002
-0
15.7298
-0
15.6898
-0
-0
-0
-0
7.75929
-0
-0
-0
-0
-0
41.7847
1.08985
-0
-0
-0
0.0376222
-0
-0
-0
-0
0.419704
-0
-0
-0
1.12979
-0
-0
-0
51.4514
-0
-0
29.9743
-0
-0
41.9055
-0
-0
-0
-0
-0
-0
-0
2.58868
-0
-0
-0
-0
-0
-0
0.720346
-0
16.4607
-0
-0
-0
-0
-0
-0
-0
30.4763
-0
-0
-0
-0
-0
11.2591
-0
-0
-0
-0
2.23653
-0
-0
45.6214
-0
-0
14.3557
-0
-0
-0
24.3483
-0
-0
-0
-0
-0
22.5775
-0
-0
-0
-0
10.7009
-0
-0
-0
7.84658
-0
-0
-0
-0
-0
-0
33.4201
-0
1.67739
13.7939
-0
-0
-0
26.5811
-0
-0
7.09347
17.6037
-0
-0
-0
-0
-0
-0
23.749
-0
-0
-0
-0
19.1489
-0
-0
-0
-0
8.83852
20.2447
-0
-0
8.24752
-0
-0
-0
-0
2.35733
-0
-0
-0
-0
-0
-0
4.17157
-0
-0
-0
-0
-0
-0
-0
-0
12.9219
8.13916
-0
-0
34.0612
-0
-0
-0
-0
-0
-0
-0
8.61561
-0
-0
-0
-0
-0
-0
-0
-0
-0
2.42126
-0
-0
-0
11.6112
-0
-0
-0
-0
-0
9.38657
10.3556
-0
10.5019
-0
-0
-0
17.7154
37.5556
-0
-0
-0
-0
24.883
-0
-0
-0
-0
-0
-0
-0
17.9047
-0
-0
-0
15.3728
-0
27.1988
-0
-0
5.50228
-0
-0
0.457872
-0
-0
14.1803
-0
-0
20.0591
-0
-0
1.6671
-0
10.9783
-0
17.8464
22.8224
-0
-0
-0
-0
-0
-0
-0
-0
0.00438958
-0
-0
-0
-0
-0
-0
12.2846
-0
-0
-0
-0
3.17872
20.9277
-0
-0
-0
-0
-0
-0
-0
-0
-0
-0
32.8214
-0
2.15205
-0
-0
-0
-0
12.0356
-0
3.69951
-0
53.1486
-0
-0
-0
-0
-0
-0
-0
-0
-0
52.2114
-0
-0
-0
27.1794
2.22173
14.9708
-0
-0
14.1189
-0
-0
-0
16.8007
5.7932
12.5765
-0
64.7471
-0
-0
-0
-0
-0
-0
18.2128
-0
66.5891
-0
-0
21.2741
-0
-0
-0
39.0578
-0
-0
-0
-0
-0
-0
-0
-0
-0
-0
-0
-0
-0
-0
-0
-0
-0
-0
-0
7.61495
-0
37.6499
-0
-0
-0
-0
-0
-0
0.538946
-0
16.6337
59.6275
-0
-0
-0
-0
-0
-0
-0
-0
-0
-0
-0
11.7253
-0
-0
39.2714
-0
12.2608
-0
-0
-0
-0
-0
-0
-0
11.8746
20.7853
-0
-0
-0
1.32947
14.1624
-0
-0
-0
14.544
-0
35.1765
-0
-0
-0
-0
-0
-0
2.0426
-0
-0
18.3173
-0
-0
-0
-0
24.4108
-0
-0
-0
6.93745
16.5179
-0
-0
12.8579
-0
-0
-0
-0
-0
-0
-0
27.5426
-0
-0
-0
-0
27.7893
10.1208
-0
0.164098
-0
9.59271
-0
-0
-0
34.0974
40.1059
-0
9.15372
17.069
5.3022
-0
0.0969004
-0
-0
-0
-0
-0
-0
-0
28.133
-0
-0
-0
-0
4.07176
-0
-0
-0
-0
-0
1.11471
7.65297
59.0367
-0
-0
-0
-0
1.26608
-0
-0
-0
-0
-0
24.3791
-0
-0
10.3872
-0
-0
-0
-0
-0
-0
-0
-0
-0
24.6646
-0
-0
-0
17.7203
36.4806
-0
27.2775
-0
-0
-0
-0
13.6813
-0
4.7693
-0
9.17372
-0
-0
-0
33.5873
-0
-0
5.8253
-0
-0
-0
-0
-0
-0
-0
-0
-0
-0
-0
-0
-0
27.9276
-0
-0
61.5217
-0
-0
-0
-0
5.41065
31.6137
-0
6.39229
-0
-0
-0
-0
-0
22.3867
19.9153
-0
31.0483
-0
-0
-0
-0
6.40525
9.00665
13.061
-0
3.81
10.8742
-0
-0
40.6607
-0
-0
-0
15.0292
-0
-0
-0
-0
3.7944
-0
-0
21.632
-0
-0
-0
-0
-0
-0
-0
-0
-0
11.3111
-0
-0
-0
-0
-0
-0
-0
-0
23.0569
-0
-0
-0
-0
-0
-0
-0
-0
-0
-0
-0
1.57723
0.0987065
-0
-0
2.46058
-0
13.2445
-0
-0
-0
16.8821
-0
-0
-0
-0
-0
1.96862
-0
-0
-0
-0
-0
29.7781
-0
20.0322
2.50554
-0
-0
16.8733
-0
-0
13.8064
10.226
-0
-0
-0
-0
12.5672
3.98285
-0
8.59279
-0
34.7977
-0
6.83657
-0
-0
10.2866
7.10441
5.73331
-0
-0
-0
-0
-0
-0
-0
-0
-0
9.09314
22.6746
-0
-0
0.686641
-0
-0
-0
9.08979
-0
-0
0.190462
-0
-0
-0
-0
-0
-0
-0
27.379
-0
-0
9.90421
-0
-0
-0
-0
-0
-0
-0
-0
-0
-0
-0
-0
-0
-0
-0
-0
-0
-0
-0
26.6851
-0
-0
-0
-0
-0
16.4412
-0
-0
-0
7.25546
-0
-0
-0
5.71093
-0
-0
-0
-0
-0
-0
-0
-0
-0
-0
-0
-0
-0
3.95798
-0
-0
-0
-0
-0
-0
-0
12.5927
-0
-0
-0
-0
-0
-0
-0
-0
-0
-0
-0
13.5744
-0
5.30576
-0
3.70936
-0
23.0068
-0
6.81107
-0
-0
-0
-0
-0
-0
-0
-0
-0
4.08801
-0
-0
46.7576
-0
0.496166
-0
-0
-0
-0
-0
-0
5.87412
-0
-0
-0
42.7405
-0
-0
9.58287
-0
-0
-0
4.89236
-0
28.7115
37.7865
-0
16.5071
-0
-0
-0
-0
-0
-0
34.6875
-0
-0
-0
-0
12.7317
-0
-0
-0
-0
-0
-0
-0
-0
-0
-0
27.826
-0
-0
-0
-0
2.25865
16.6058
-0
-0
-0
12.6717
21.275
-0
-0
-0
-0
-0
-0
-0
30.182
6.78711
-0
-0
-0
-0
-0
-0
-0
-0
-0
-0
-0
-0
-0
-0
-0
32.8769
-0
-0
-0
-0
-0
11.7646
-0
-0
-0
-0
-0
5.4462
-0
-0
-0
10.1482
-0
-0
-0
-0
-0
45.1457
-0
-0
-0
-0
-0
18.5016
17.9547
-0
-0
-0
-0
22.0312
-0
-0
-0
-0
-0
-0
-0
-0
-0
-0
-0
-0
-0
6.57836
-0
-0
-0
2.74935
-0
-0
-0
-0
-0
21.0696
-0
-0
-0
-0
-0
21.9994
-0
10.5869
-0
-0
-0
-0
10.9118
-0
-0
-0
-0
-0
-0
-0
12.0278
-0
-0
-0
9.76867
-0
-0
-0
-0
-0
-0
-0
14.4387
-0
-0
4.12033
-0
-0
-0
-0
-0
1.15786
-0
-0
-0
-0
40.0809
24.2802
-0
-0
-0
-0
1.52629
-0
14.3995
-0
-0
-0
-0
-0
-0
4.13703
20.1357
-0
-0
14.5135
-0
-0
-0
-0
-0
-0
-0
22.7967
-0
-0
-0
-0
-0
-0
12.2507
-0
-0
32.3133
-0
11.3473
-0
3.16243
21.8179
-0
18.3294
-0
18.1245
-0
-0
-0
-0
-0
-0
32.6729
-0
3.87946
9.11747
-0
-0
-0
11.537
24.53
-0
-0
6.40489
3.11986
-0
-0
34.7209
-0
21.258
-0
-0
-0
39.6182
49.6044
-0
46.6512
-0
-0
-0
-0
27.8218
-0
-0
-0
30.3577
-0
-0
-0
27.4831
-0
8.09946
-0
-0
-0
41.4495
53.3871
-0
23.58
-0
-0
5.76827
-0
-0
15.7651
-0
-0
-0
-0
-0
-0
-0
-0
-0
8.00779
-0
16.6225
-0
-0
3.84071
-0
-0
-0
-0
-0
-0
-0
-0
10.7905
10.5373
-0
-0
-0
-0
-0
-0
-0
0.0209071
-0
18.8441
-0
-0
-0
-0
3.05237
-0
26.7621
-0
-0
-0
-0
-0
3.44416
-0
-0
-0
-0
0.0823055
-0
-0
5.39311
-0
-0
17.2785
-0
-0
-0
-0
-0
-0
-0
-0
-0
-0
-0
-0
16.7463
1.03913
-0
-0
-0
-0
0.0690424
-0
-0
17.0112
11.8271
-0
13.5971
-0
-0
38.5211
-0
-0
-0
-0
-0
-0
-0
-0
-0
-0
-0
-0
-0
-0
29.1258
-0
-0
-0
-0
-0
-0
-0
12.6554
10.8605
-0
-0
-0
-0
-0
-0
-0
-0
-0
-0
-0
-0
8.02558
-0
-0
-0
-0
-0
43.7004
-0
-0
-0
-0
33.9908
-0
-0
-0
6.61677
-0
-0
-0
-0
-0
1.71334
-0
-0
-0
-0
-0
0.65034
-0
43.2654
-0
-0
-0
-0
-0
46.9364
-0
-0
-0
-0
-0
-0
-0
-0
-0
-0
-0
2.78929
23.9455
-0
2.99334
-0
-0
-0
-0
-0
26.3845
-0
-0
4.38232
-0
-0
17.9846
-0
-0
-0
-0
-0
-0
-0
-0
-0
-0
-0
-0
29.5558
18.0716
-0
-0
-0
-0
-0
7.95694
-0
-0
-0
-0
-0
-0
-0
-0
45.6617
-0
-0
-0
-0
-0
-0
-0
-0
-0
-0
-0
-0
-0
-0
3.2736
-0
13.166
12.8761
-0
-0
-0
36.6285
-0
20.2385
-0
-0
-0
21.1082
-0
3.68576
-0
-0
-0
-0
26.728
-0
-0
-0
-0
-0
-0
-0
-0
-0
46.0047
-0
3.34924
-0
-0
-0
6.13976
-0
-0
-0
-0
4.68289
-0
-0
-0
-0
25.6749
-0
-0
-0
-0
-0
-0
-0
-0
-0
22.0558
-0
6.71881
-0
3.95045
19.3872
-0
-0
2.60641
-0
-0
-0
-0
-0
11.7526
-0
10.6555
-0
-0
-0
22.1654
-0
20.6302
18.9696
-0
-0
-0
-0
-0
7.14421
-0
-0
-0
60.1912
-0
-0
-0
-0
-0
-0
-0
-0
-0
42.7979
-0
19.8935
-0
17.41
-0
-0
-0
7.35468
27.2692
-0
-0
-0
-0
3.69771
5.05049
-0
2.71298
-0
6.21459
-0
-0
-0
-0
-0
-0
-0
-0
20.829
-0
34.9528
-0
-0
2.70388
9.74181
-0
10.9263
-0
-0
-0
-0
-0
-0
-0
-0
7.68687
-0
30.2985
-0
-0
-0
-0
13.7459
33.8204
-0
-0
-0
-0
-0
-0
-0
-0
-0
-0
-0
-0
-0
-0
-0
-0
-0
-0
-0
-0
-0
-0
-0
-0
-0
3.45842
-0
-0
-0
-0
2.69606
-0
9.28012
-0
-0
21.1381
-0
-0
-0
18.7835
15.52
-0
-0
-0
13.1938
-0
-0
-0
-0
-0
-0
-0
-0
-0
-0
-0
-0
-0
-0
1.21796
-0
-0
-0
-0
-0
-0
-0
-0
-0
-0
-0
-0
-0
-0
-0
-0
-0
-0
-0
-0
-0
8.78395
-0
-0
14.3893
41.3226
-0
-0
-0
-0
-0
-0
-0
-0
-0
-0
-0
-0
-0
-0
-0
-0
-0
-0
-0
-0
-0
-0
-0
10.6459
-0
-0
-0
-0
-0
76.1901
-0
-0
34.8817
-0
-0
-0
-0
-0
-0
0.984254
-0
-0
5.01062
-0
-0
7.49
11.8778
-0
-0
-0
-0
-0
20.115
-0
-0
-0
-0
-0
22.429
-0
-0
-0
-0
-0
-0
-0
-0
-0
28.0759
-0
-0
-0
-0
-0
-0
-0
-0
-0
53.0982
-0
-0
-0
-0
-0
-0
-0
12.58
-0
-0
74.1365
-0
0.714342
-0
30.2731
-0
-0
9.23548
20.364
-0
28.0716
-0
-0
-0
7.09148
-0
1.29822
-0
-0
-0
-0
6.57616
-0
-0
-0
5.73468
-0
-0
-0
-0
11.4627
-0
-0
-0
-0
20.7251
-0
-0
-0
-0
36.2205
-0
14.0241
-0
-0
-0
-0
26.1081
-0
11.9512
43.3102
18.491
17.5747
-0
-0
-0
23.7188
-0
-0
8.08583
54.5396
-0
-0
53.9605
-0
-0
-0
2.88588
-0
15.3805
-0
-0
-0
-0
-0
-0
34.4919
-0
-0
-0
-0
-0
-0
-0
-0
-0
2.1928
-0
30.4635
-0
4.79238
-0
-0
0.548089
-0
-0
-0
9.31438
-0
44.2763
10.0309
-0
-0
-0
-0
-0
-0
20.2034
-0
-0
8.85736
-0
-0
-0
-0
-0
-0
-0
-0
4.95807
-0
4.83134
-0
-0
-0
-0
-0
14.8935
14.9347
10.9757
-0
-0
-0
-0
-0
4.25182
-0
15.2473
-0
51.6523
-0
-0
27.8108
-0
-0
-0
-0
5.69697
-0
-0
-0
3.03895
47.1176
10.2191
-0
-0
29.9133
-0
-0
-0
-0
-0
-0
-0
-0
42.4618
-0
-0
-0
-0
0.671052
-0
-0
-0
12.7332
-0
-0
-0
-0
35.6195
-0
36.3476
-0
-0
-0
-0
-0
-0
-0
-0
-0
-0
22.8015
-0
-0
-0
-0
-0
4.47097
22.2158
-0
2.5784
-0
62.6158
-0
-0
15.859
4.32791
12.1066
-0
25.9012
-0
35.8852
-0
27.8291
4.1027
-0
-0
-0
-0
-0
-0
1.68305
-0
5.69813
-0
-0
-0
-0
-0
-0
-0
-0
-0
-0
6.12362
-0
-0
56.2644
-0
-0
7.6055
-0
-0
6.02514
-0
-0
-0
-0
-0
-0
-0
-0
25.9433
-0
-0
-0
-0
-0
-0
-0
-0
49.2917
-0
-0
-0
-0
-0
-0
-0
-0
-0
-0
41.9767
42.6011
-0
17.671
-0
12.4343
-0
-0
16.0045
-0
-0
-0
-0
-0
-0
25.5245
-0
-0
-0
-0
-0
-0
-0
-0
-0
-0
23.5884
-0
-0
-0
22.6661
-0
-0
-0
-0
-0
-0
-0
-0
-0
37.7469
-0
37.5646
-0
-0
-0
23.4891
-0
-0
-0
-0
-0
-0
-0
-0
-0
14.5714
13.5398
18.532
-0
3.55615
-0
-0
-0
-0
39.047
42.3058
-0
-0
-0
-0
-0
-0
-0
-0
-0
-0
-0
-0
-0
-0
-0
-0
-0
-0
6.17531
-0
-0
-0
-0
-0
-0
-0
-0
16.679
-0
-0
0.153173
2.54567
-0
6.66889
-0
-0
-0
-0
-0
-0
3.0013
14.5858
12.232
-0
-0
-0
-0
-0
10.0806
-0
-0
-0
11.6132
2.3978
1.61223
-0
-0
-0
25.5331
3.39951
-0
16.9332
-0
14.2429
20.4819
-0
-0
-0
-0
-0
19.8591
2.64158
-0
-0
6.64523
-0
5.51131
-0
-0
-0
-0
-0
-0
29.4844
-0
-0
-0
-0
-0
-0
-0
-0
-0
-0
2.22341
-0
32.9692
20.185
-0
-0
-0
-0
-0
35.8018
-0
-0
-0
-0
-0
-0
-0
5.90905
-0
14.9742
-0
-0
-0
-0
-0
-0
0.752892
-0
-0
-0
-0
32.2857
31.8779
27.9263
-0
-0
1.36689
74.418
-0
-0
9.17473
-0
-0
-0
-0
14.0559
39.5483
11.5994
-0
20.2079
29.9112
-0
13.2492
-0
4.47455
-0
23.14
-0
-0
-0
8.10057
29.16
-0
-0
2.10693
-0
-0
-0
-0
-0
-0
-0
29.8764
-0
-0
-0
6.41525
-0
-0
-0
-0
-0
1.43346
-0
-0
-0
-0
13.8921
55.3787
-0
-0
-0
-0
-0
-0
-0
-0
-0
-0
-0
-0
4.59204
6.77261
-0
-0
-0
-0
-0
-0
0.52488
-0
-0
-0
17.5102
19.0088
2.19912
-0
-0
-0
-0
-0
-0
15.0341
-0
-0
14.0747
-0
-0
-0
-0
-0
-0
2.41682
-0
-0
24.64
-0
-0
-0
-0
-0
-0
-0
-0
-0
-0
-0
-0
-0
47.3847
-0
-0
-0
-0
-0
-0
-0
-0
8.91204
-0
15.8537
-0
-0
-0
-0
-0
-0
-0
-0
-0
-0
-0
-0
-0
-0
-0
-0
1.34112
-0
-0
18.2624
-0
24.6695
-0
14.3836
-0
-0
7.49256
-0
-0
-0
-0
-0
2.62402
7.51973
-0
-0
-0
3.16374
-0
-0
-0
13.664
22.7956
-0
2.84368
-0
-0
-0
-0
-0
23.837
-0
-0
32.7041
42.1781
-0
-0
-0
-0
-0
-0
-0
-0
-0
-0
-0
-0
-0
-0
-0
-0
-0
29.4498
-0
-0
-0
-0
-0
-0
-0
-0
-0
-0
-0
17.6256
-0
-0
-0
-0
11.2651
-0
9.39489
-0
-0
0.943013
-0
-0
-0
-0
-0
1.82416
-0
24.9959
-0
-0
8.53458
-0
-0
18.5637
17.3172
-0
-0
42.3721
-0
-0
-0
-0
57.504
-0
-0
-0
-0
-0
6.88429
-0
-0
-0
-0
-0
-0
-0
-0
-0
-0
-0
-0
-0
2.51399
-0
-0
-0
-0
-0
-0
-0
-0
55.3406
-0
-0
-0
31.7412
-0
-0
-0
-0
-0
-0
-0
35.7148
-0
10.4578
-0
-0
5.61258
-0
-0
-0
-0
-0
27.9632
-0
16.0202
-0
19.2863
-0
-0
-0
13.0923
-0
0.913818
-0
9.94502
-0
-0
21.1038
-0
-0
29.3627
-0
-0
7.79555
22.6991
19.6085
-0
-0
-0
-0
5.76077
-0
-0
-0
-0
16.1572
20.3389
-0
20.9665
19.7227
-0
-0
11.3115
-0
14.47
-0
-0
-0
-0
-0
0.714542
19.1143
17.8988
35.7421
-0
-0
-0
-0
-0
-0
-0
-0
-0
-0
-0
-0
-0
-0
18.5444
-0
29.6586
-0
-0
-0
20.7267
0.567272
-0
14.0159
-0
-0
-0
-0
24.2966
-0
10.5915
10.0101
7.38279
-0
0.930127
-0
-0
23.6699
-0
0.469687
-0
14.5768
-0
6.63684
4.61874
-0
-0
-0
-0
-0
-0
-0
-0
24.3777
-0
-0
30.836
-0
-0
-0
-0
-0
19.5341
-0
-0
-0
9.81982
21.7204
-0
-0
-0
-0
-0
-0
-0
-0
-0
-0
-0
-0
-0
24.7659
-0
-0
-0
6.7344
-0
-0
1.01639
-0
-0
-0
-0
-0
-0
-0
-0
6.13874
11.3863
-0
15.4319
-0
-0
-0
28.212
-0
-0
1.16103
11.5624
-0
-0
-0
-0
-0
-0
-0
-0
-0
-0
-0
14.9851
-0
-0
53.0789
-0
-0
-0
-0
14.0005
20.6003
-0
-0
7.95474
-0
-0
0.722058
-0
-0
-0
-0
10.5668
20.2613
-0
-0
1.47205
31.8149
-0
-0
-0
-0
-0
-0
-0
-0
1.41006
19.1872
-0
-0
-0
1.31208
-0
-0
9.89299
8.62034
13.8782
-0
-0
-0
-0
-0
-0
-0
-0
14.4233
-0
-0
-0
-0
-0
2.30779
-0
-0
-0
-0
8.3483
-0
49.6671
20.538
7.66877
-0
41.5275
-0
-0
-0
11.7639
-0
-0
-0
14.4001
-0
-0
-0
-0
-0
-0
7.58644
-0
27.7793
37.3501
-0
14.7213
-0
-0
-0
-0
-0
-0
-0
-0
43.4941
14.4816
-0
-0
6.56041
-0
4.5294
-0
-0
-0
-0
-0
-0
-0
-0
-0
-0
-0
-0
-0
14.101
15.4706
-0
-0
8.68069
44.591
-0
12.5755
-0
5.437
-0
-0
-0
18.2626
-0
-0
-0
1.89788
18.3649
-0
-0
40.9119
-0
-0
-0
-0
28.3691
-0
-0
-0
19.3041
-0
-0
-0
1.94927
-0
-0
-0
16.0736
2.14318
-0
9.07923
12.9376
-0
-0
-0
-0
-0
-0
-0
-0
-0
-0
-0
22.3561
-0
25.1222
1.80921
-0
-0
-0
-0
-0
-0
-0
-0
-0
-0
-0
-0
38.7055
-0
-0
-0
-0
1.2198
-0
-0
-0
-0
5.97099
-0
-0
-0
-0
-0
-0
17.8858
-0
-0
15.7302
-0
-0
-0
-0
-0
-0
48.587
-0
-0
-0
-0
-0
3.44003
0.632253
-0
4.93178
-0
0.758777
5.8923
-0
-0
16.1004
24.5894
9.5868
34.489
-0
-0
-0
-0
-0
-0
-0
-0
-0
-0
12.1207
-0
-0
-0
-0
11.0878
6.18315
19.4144
-0
-0
-0
31.2907
-0
-0
-0
-0
-0
-0
-0
13.2303
28.6217
-0
14.6001
-0
-0
-0
-0
-0
-0
8.38964
-0
-0
-0
-0
12.6846
-0
30.9434
-0
-0
-0
-0
-0
-0
6.76712
-0
-0
-0
-0
-0
-0
-0
-0
-0
10.2277
-0
33.4516
-0
-0
-0
13.3764
28.9075
-0
-0
4.66148
23.4431
10.3249
-0
-0
-0
18.3518
-0
-0
-0
-0
23.5501
-0
-0
4.75371
-0
-0
-0
-0
-0
32.2653
-0
-0
-0
-0
20.7049
13.1155
-0
-0
-0
-0
-0
23.8547
-0
3.29278
-0
-0
-0
-0
-0
-0
-0
12.4897
-0
-0
-0
-0
-0
-0
-0
-0
-0
24.9052
-0
-0
-0
-0
-0
22.2006
8.47287
19.6343
9.98223
-0
-0
-0
-0
-0
-0
-0
-0
-0
-0
-0
5.99981
-0
31.2208
-0
-0
-0
-0
-0
-0
13.616
-0
-0
-0
8.66258
-0
19.4576
11.3368
-0
-0
-0
-0
-0
-0
-0
-0
-0
-0
-0
21.9739
-0
-0
15.4752
-0
-0
-0
8.73472
-0
63.2224
-0
-0
12.2635
-0
-0
-0
-0
-0
-0
-0
-0
-0
-0
-0
-0
-0
14.4631
-0
-0
-0
23.3494
16.3484
-0
-0
-0
-0
10.0542
6.14485
10.327
-0
-0
4.19573
-0
16.7859
-0
-0
-0
-0
-0
-0
-0
-0
-0
-0
2.78834
19.7962
-0
11.4256
-0
-0
-0
-0
-0
-0
-0
-0
-0
2.51793
-0
3.90715
9.82937
-0
-0
-0
-0
42.4493
-0
18.0792
-0
10.3272
-0
-0
-0
25.6731
-0
6.16165
-0
-0
-0
-0
-0
-0
-0
17.95
19.9949
-0
-0
-0
4.49709
12.5104
-0
-0
-0
-0
-0
6.76836
-0
15.9342
38.0748
-0
-0
-0
-0
-0
-0
-0
-0
0.977763
-0
-0
-0
-0
-0
-0
-0
-0
-0
-0
-0
-0
-0
-0
-0
-0
-0
-0
-0
-0
1.52968
-0
18.8545
23.4732
17.73
-0
29.9045
-0
-0
-0
-0
28.9345
-0
-0
-0
14.8137
-0
-0
9.5069
-0
-0
-0
-0
-0
-0
6.77624
-0
-0
-0
6.80382
11.8496
-0
-0
-0
-0
-0
-0
-0
-0
8.4119
6.84643
-0
-0
-0
-0
-0
9.89364
-0
-0
-0
-0
-0
-0
25.1956
6.11306
22.9131
2.09869
10.9523
-0
-0
-0
4.72913
-0
-0
-0
12.3804
-0
-0
-0
11.7695
-0
18.1298
2.57994
-0
-0
35.047
-0
0.116236
-0
14.4027
-0
-0
-0
-0
-0
-0
8.27357
-0
-0
-0
-0
-0
-0
-0
-0
-0
-0
41.2645
-0
6.40367
-0
5.12272
12.5072
-0
-0
-0
-0
-0
3.4126
-0
-0
36.5998
33.1033
-0
0.204429
-0
-0
-0
19.2039
31.3536
-0
-0
-0
-0
-0
9.07102
-0
6.62009
-0
-0
-0
-0
-0
27.5427
-0
0.531769
7.22524
-0
-0
-0
-0
-0
-0
8.62743
-0
-0
-0
43.5476
-0
-0
-0
2.6552
-0
-0
-0
-0
-0
-0
2.25642
-0
-0
6.57649
-0
-0
-0
17.6739
20.2508
-0
16.5077
-0
-0
-0
-0
-0
24.6632
-0
-0
0.786055
-0
-0
24.0752
7.11188
-0
-0
-0
-0
-0
6.30137
-0
11.7103
-0
1.18212
-0
-0
17.581
-0
17.1681
-0
-0
-0
-0
-0
-0
8.68152
-0
-0
-0
-0
-0
-0
49.1463
-0
32.8471
-0
-0
-0
-0
2.15052
-0
-0
-0
6.17248
-0
25.3712
-0
-0
-0
-0
-0
-0
-0
-0
-0
-0
-0
15.7526
14.4894
-0
5.66938
-0
-0
10.3168
5.76224
-0
-0
-0
-0
-0
-0
5.60211
-0
14.6897
3.51168
-0
1.35356
-0
-0
-0
-0
45.6392
-0
-0
-0
-0
-0
13.6332
10.0446
32.0624
-0
19.2103
30.473
-0
-0
9.81857
-0
-0
-0
-0
13.6723
-0
-0
-0
-0
-0
20.6592
46.1526
30.9569
-0
24.4433
-0
-0
-0
10.488
-0
-0
1.89221
-0
-0
-0
-0
-0
-0
-0
-0
-0
-0
-0
-0
-0
-0
4.90437
-0
-0
-0
-0
-0
-0
-0
5.82139
-0
-0
-0
-0
19.1335
31.6351
5.2838
-0
-0
-0
-0
0.205274
-0
4.19916
-0
-0
1.85262
-0
-0
-0
-0
-0
-0
6.76788
-0
-0
-0
-0
-0
-0
10.5309
-0
-0
-0
-0
-0
-0
-0
2.45456
-0
-0
-0
-0
-0
-0
-0
24.0009
-0
-0
-0
-0
-0
-0
-0
-0
-0
-0
-0
-0
-0
-0
30.4903
-0
18.5888
-0
16.0453
-0
-0
-0
-0
26.0626
17.8814
-0
-0
-0
7.96744
53.6819
-0
40.0503
-0
-0
-0
-0
-0
-0
-0
-0
-0
-0
-0
-0
-0
-0
2.03508
-0
-0
-0
5.78716
-0
-0
-0
-0
-0
-0
-0
-0
1.24598
8.56583
32.3225
-0
-0
16.2677
-0
-0
-0
-0
-0
-0
-0
-0
5.40582
-0
-0
-0
-0
39.6775
-0
-0
-0
-0
-0
9.07905
-0
28.504
0.258475
-0
-0
5.43822
-0
-0
-0
39.6205
-0
-0
-0
-0
34.6938
-0
1.86145
-0
-0
-0
8.80604
-0
-0
-0
12.1196
-0
-0
-0
2.10688
-0
-0
14.0773
17.4363
-0
-0
-0
-0
-0
-0
-0
14.9307
-0
-0
-0
-0
-0
-0
-0
-0
-0
-0
-0
1.47471
-0
22.73
0.804833
-0
22.4743
-0
19.9187
-0
-0
18.9656
-0
-0
-0
-0
-0
-0
5.40744
-0
-0
12.0965
-0
22.7709
-0
-0
-0
-0
7.82139
-0
-0
-0
-0
0.648856
-0
-0
-0
-0
-0
-0
12.2691
-0
-0
-0
-0
-0
-0
-0
-0
-0
-0
-0
-0
-0
19.7529
-0
-0
-0
-0
-0
1.71889
24.5629
-0
-0
41.9648
-0
-0
-0
14.3958
-0
-0
-0
23.322
-0
-0
-0
-0
-0
-0
2.40762
-0
-0
-0
-0
-0
-0
-0
-0
-0
-0
-0
-0
18.3871
-0
-0
-0
15.2658
-0
-0
-0
-0
30.1492
-0
-0
-0
22.0587
-0
-0
-0
-0
-0
-0
21.7964
-0
22.5303
-0
-0
6.3505
37.4476
3.04985
34.9088
-0
-0
4.24929
21.0998
-0
-0
14.932
-0
-0
-0
-0
-0
-0
-0
6.60897
14.1609
-0
-0
-0
-0
-0
17.5083
33.7782
17.0355
25.7989
-0
-0
2.42514
-0
6.77926
-0
-0
-0
-0
-0
-0
-0
-0
4.59994
-0
-0
-0
-0
-0
-0
-0
-0
14.0096
-0
-0
-0
-0
-0
-0
1.66877
-0
-0
12.8448
22.8861
-0
-0
-0
-0
-0
2.62029
-0
-0
2.95862
-0
16.3921
10.4278
21.7546
-0
