3.45635
-0
-0
-0
-0
-0
-0
-0
40.6404
-0
45.7012
-0
-0
-0
-0
9.89809
-0
-0
-0
-0
-0
-0
-0
-0
-0
19.6315
-0
-0
-0
-0
-0
-0
-0
-0
-0
-0
-0
-0
-0
-0
-0
-0
-0
-0
-0
9.26204
-0
-0
-0
-0
-0
-0
0.094066
4.73578
-0
-0
-0
0.610333
41.8033
-0
-0
-0
-0
-0
57.8029
-0
12.0218
-0
2.20914
2.40604
-0
-0
-0
-0
-0
-0
-0
-0
-0
6.95275
-0
25.2147
-0
2.65589
-0
-0
-0
12.075
-0
-0
-0
-0
-0
-0
-0
-0
2.81934
-0
6.79862
-0
-0
-0
-0
-0
-0
-0
7.69988
39.961
-0
-0
-0
-0
-0
-0
-0
15.7863
10.135
-0
45.4919
13.5329
-0
-0
23.7204
16.0945
2.28897
-0
3.47437
-0
-0
-0
-0
36.1257
2.02422
-0
-0
-0
-0
8.21757
-0
19.2823
-0
-0
34.5682
-0
40.4633
-0
-0
-0
-0
-0
0.947792
-0
-0
14.0888
-0
-0
6.70633
-0
-0
2.09142
-0
-0
-0
-0
-0
1.192
12.3864
12.3726
-0
34.4642
-0
23.3562
20.0912
-0
-0
-0
-0
-0
23.9501
-0
-0
-0
-0
-0
-0
24.1997
-0
-0
14.0594
-0
-0
-0
23.8754
-0
-0
-0
-0
-0
-0
-0
-0
13.9667
-0
-0
-0
-0
-0
17.0036
-0
-0
-0
-0
-0
-0
-0
-0
-0
-0
-0
-0
-0
-0
-0
22.2184
-0
-0
-0
2.29676
-0
1.48816
-0
17.4241
-0
-0
-0
-0
-0
-0
-0
-0
-0
-0
-0
-0
-0
4.50459
-0
-0
4.76181
-0
-0
-0
0.0328117
-0
-0
-0
17.1525
14.901
12.4149
-0
-0
-0
-0
-0
-0
-0
-0
-0
-0
-0
-0
6.30228
-0
24.6098
-0
-0
-0
-0
-0
-0
-0
11.5743
-0
-0
-0
-0
-0
-0
-0
-0
11.5903
-0
37.877
-0
-0
-0
-0
-0
-0
26.0757
-0
-0
-0
-0
-0
33.7688
1.53072
-0
5.67382
-0
-0
-0
-0
-0
13.2342
0.163951
-0
-0
-0
1.24723
-0
-0
16.5531
3.08221
-0
-0
33.6464
-0
-0
26.332
-0
-0
-0
-0
-0
-0
-0
7.23612
-0
-0
-0
-0
-0
-0
-0
-0
-0
-0
-0
-0
-0
-0
-0
-0
41.6785
-0
-0
-0
-0
-0
14.8674
-0
-0
8.74416
-0
2.16358
-0
-0
25.3778
-0
-0
21.9919
-0
-0
-0
-0
-0
-0
-0
-0
-0
-0
-0
-0
-0
10.2662
-0
-0
-0
-0
4.05158
-0
-0
-0
-0
-0
-0
27.4558
-0
5.04272
5.7164
-0
-0
-0
-0
-0
-0
2.88937
-0
6.83806
-0
-0
-0
-0
19.4482
42.1204
-0
-0
5.20158
-0
16.7246
-0
-0
-0
-0
13.1796
0.638217
-0
-0
18.2803
-0
-0
-0
-0
2.80271
-0
0.549417
-0
-0
-0
-0
-0
-0
-0
-0
-0
-0
-0
-0
-0
55.6362
-0
-0
-0
2.51613
-0
-0
16.3705
-0
-0
-0
-0
13.3519
-0
20.1467
-0
-0
-0
-0
-0
-0
-0
31.8688
-0
-0
-0
23.4593
-0
-0
-0
-0
-0
-0
-0
-0
14.3025
-0
-0
-0
10.386
21.2344
-0
-0
-0
-0
29.742
-0
-0
-0
-0
-0
-0
-0
23.1092
-0
-0
-0
20.081
-0
65.7531
-0
-0
-0
-0
-0
8.29379
-0
-0
13.3881
-0
-0
-0
2.04907
30.3018
-0
-0
-0
-0
19.0908
-0
-0
-0
-0
-0
14.7484
-0
8.44349
-0
-0
-0
-0
-0
-0
-0
-0
11.1351
-0
-0
-0
-0
13.6165
-0
-0
-0
-0
21.4324
-0
-0
-0
-0
-0
-0
39.2205
-0
2.11595
-0
-0
-0
-0
31.4013
-0
-0
-0
49.9751
-0
-0
-0
-0
-0
-0
-0
-0
-0
22.4523
-0
-0
-0
7.38618
2.14216
9.54587
-0
-0
29.8226
-0
-0
25.4464
-0
-0
19.4211
-0
52.4758
-0
-0
-0
-0
-0
-0
-0
-0
71.8433
-0
-0
18.1452
-0
-0
-0
46.7189
-0
-0
-0
-0
-0
-0
5.38336
-0
-0
-0
-0
-0
-0
-0
-0
-0
-0
-0
-0
-0
-0
3.18701
-0
-0
-0
-0
-0
-0
-0
-0
-0
46.5303
2.23741
-0
-0
-0
-0
4.90644
-0
11.0896
-0
-0
-0
-0
-0
6.73072
35.8857
-0
-0
-0
-0
-0
-0
-0
-0
-0
8.97621
5.97141
-0
-0
-0
1.41454
13.3259
-0
22.4476
-0
-0
-0
26.3106
-0
-0
-0
-0
-0
-0
16.8158
-0
-0
-0
-0
-0
-0
-0
26.3308
-0
-0
-0
20.9452
0.492654
-0
-0
-0
-0
-0
12.6922
-0
-0
-0
-0
11.3846
-0
-0
-0
-0
1.18267
-0
-0
2.4777
-0
-0
-0
-0
-0
3.38851
70.5193
-0
-0
0.0847588
-0
-0
0.714574
-0
-0
-0
-0
-0
-0
-0
62.1078
-0
-0
-0
-0
1.23168
-0
-0
-0
-0
-0
1.51204
4.69443
25.13
-0
0.49643
0.0680113
-0
-0
-0
-0
1.87702
-0
-0
11.4193
-0
-0
-0
-0
-0
-0
-0
-0
-0
-0
-0
-0
-0
-0
-0
-0
19.1754
44.7609
-0
7.67852
-0
-0
-0
-0
19.3706
-0
-0
-0
7.10337
13.9726
-0
-0
25.8402
-0
-0
-0
0.168302
-0
17.289
-0
-0
-0
-0
-0
-0
2.30096
-0
0.514345
-0
10.6124
-0
-0
65.6524
-0
-0
-0
-0
7.47804
18.4586
-0
35.8065
-0
-0
5.59225
-0
-0
87.9103
-0
-0
4.60364
-0
-0
-0
-0
-0
2.46584
30.601
-0
-0
-0
-0
-0
10.7177
-0
-0
0.703819
28.6773
0.042883
-0
-0
-0
5.54511
-0
-0
2.10299
-0
-0
-0
-0
-0
-0
-0
-0
13.3279
-0
16.7276
-0
-0
-0
-0
0.505786
-0
-0
31.6359
-0
2.76656
16.5808
-0
7.30846
0.260474
-0
-0
-0
-0
-0
-0
5.29084
5.74166
-0
-0
-0
25.139
-0
-0
-0
21.0319
-0
-0
-0
-0
8.53791
-0
-0
-0
-0
-0
-0
24.5981
-0
0.94966
17.4869
11.0513
-0
3.96929
-0
-0
-0
2.04704
-0
-0
-0
-0
5.05463
48.8064
-0
15.8409
-0
35.2344
-0
1.78094
-0
-0
6.76538
32.2196
26.0113
-0
-0
1.2458
-0
-0
-0
-0
-0
-0
10.3529
29.3911
-0
-0
19.1558
-0
-0
-0
3.87035
-0
-0
1.8832
-0
-0
-0
-0
-0
-0
-0
28.7372
-0
-0
-0
-0
-0
0.281757
-0
-0
-0
-0
-0
-0
-0
-0
-0
-0
-0
-0
-0
-0
-0
-0
7.53702
-0
-0
-0
-0
-0
-0
-0
-0
-0
-0
-0
-0
0.889637
-0
-0
-0
-0
-0
-0
-0
-0
-0
-0
-0
-0
-0
-0
12.4225
-0
-0
-0
-0
-0
-0
-0
2.88451
-0
-0
-0
-0
-0
-0
7.42445
-0
-0
-0
-0
-0
-0
6.0089
-0
1.43584
-0
-0
-0
5.05268
-0
-0
-0
-0
-0
-0
18.4457
-0
-0
14.8521
7.06568
-0
43.0636
-0
-0
-0
-0
-0
-0
-0
9.46652
-0
-0
-0
-0
27.2475
-0
-0
3.19966
-0
-0
-0
-0
-0
13.8678
40.424
-0
15.8172
-0
-0
1.84167
-0
-0
-0
-0
-0
16.5873
-0
-0
36.3755
-0
-0
-0
-0
-0
-0
-0
3.89712
16.7838
-0
26.1541
-0
-0
-0
6.47143
24.2385
15.8532
-0
-0
-0
6.67963
-0
-0
-0
-0
-0
-0
-0
-0
17.2441
8.45002
-0
-0
-0
-0
-0
-0
-0
-0
-0
-0
2.59698
27.3073
-0
-0
-0
40.0948
-0
-0
-0
-0
0.620611
0.0761926
-0
-0
30.2459
-0
-0
8.30177
-0
-0
-0
-0
-0
-0
-0
-0
-0
26.5518
-0
-0
-0
11.2999
12.2568
-0
-0
-0
-0
-0
-0
34.7774
6.13648
-0
-0
-0
-0
-0
-0
-0
-0
-0
-0
-0
-0
-0
-0
-0
-0
-0
-0
-0
-0
-0
-0
31.3005
-0
-0
-0
-0
-0
33.79
-0
3.72438
-0
-0
-0
-0
15.71
-0
-0
-0
-0
-0
-0
-0
-0
-0
-0
-0
-0
-0
-0
-0
-0
-0
-0
-0
-0
-0
-0
-0
-0
-0
3.29426
5.62418
-0
-0
-0
-0
-0
33.6576
-0
24.6386
-0
-0
0.922048
-0
11.0436
0.309677
23.4729
-0
-0
-0
-0
-0
-0
23.6844
27.4133
-0
-0
25.2652
-0
-0
-0
-0
-0
-0
-0
9.55817
0.487644
-0
-0
-0
-0
47.5352
12.0838
8.01946
-0
14.3562
10.6517
-0
-0
63.3679
-0
-0
3.7262
-0
21.0758
-0
-0
-0
-0
-0
40.3981
56.4977
-0
-0
33.4236
7.44091
-0
-0
-0
40.2985
-0
-0
31.9052
10.7143
-0
6.35688
24.2244
-0
20.4879
-0
-0
-0
35.0127
24.2389
2.1175
49.4142
2.68402
-0
-0
-0
-0
-0
-0
19.1495
19.4404
0.504008
-0
-0
44.4774
-0
7.83222
8.50808
-0
-0
4.38741
37.7607
7.42457
31.3974
-0
-0
-0
-0
-0
20.7093
-0
-0
-0
-0
-0
-0
-0
-0
1.42509
5.69129
-0
22.0215
-0
-0
-0
3.22665
-0
-0
-0
-0
-0
-0
-0
-0
58.1917
-0
-0
-0
-0
-0
-0
-0
-0
-0
0.747679
-0
-0
-0
-0
19.5898
-0
4.16042
-0
-0
-0
-0
-0
-0
-0
-0
-0
-0
-0
-0
-0
43.1085
-0
-0
9.80876
-0
23.7321
-0
-0
-0
-0
-0
-0
17.8733
-0
-0
-0
-0
8.69261
-0
-0
10.5676
-0
1.02882
-0
-0
35.338
31.1008
-0
3.07227
-0
-0
-0
-0
-0
-0
-0
-0
-0
13.0919
-0
-0
-0
-0
-0
-0
-0
14.5081
-0
-0
-0
-0
-0
-0
-0
-0
-0
-0
-0
-0
-0
38.2294
-0
-0
-0
-0
-0
-0
-0
-0
-0
-0
-0
-0
-0
31.1274
-0
-0
-0
-0
36.0459
-0
-0
-0
20.1998
-0
-0
16.1059
-0
-0
9.62656
14.0265
-0
-0
-0
-0
0.73142
-0
40.5219
-0
7.47316
-0
-0
3.63302
51.1669
-0
-0
-0
-0
-0
-0
-0
-0
-0
-0
-0
14.213
19.7328
-0
-0
-0
-0
-0
-0
-0
10.5844
-0
-0
6.32946
-0
-0
-0
-0
-0
-0
-0
-0
-0
-0
-0
-0
-0
-0
-0
31.7343
11.1822
-0
9.09737
-0
-0
-0
19.3972
-0
-0
-0
-0
-0
-0
-0
-0
73.0428
-0
-0
-0
-0
-0
-0
-0
-0
-0
-0
-0
-0
-0
-0
-0
-0
62.9136
-0
-0
-0
-0
27.7619
-0
-0
3.44386
-0
-0
26.5041
-0
-0
-0
-0
-0
-0
39.6604
-0
-0
-0
-0
-0
-0
8.24752
-0
-0
37.6304
-0
4.37877
9.31883
-0
-0
18.083
-0
-0
-0
-0
-0
7.03359
-0
9.79588
-0
22.2541
16.7423
-0
-0
-0
-0
-0
0.957613
-0
-0
46.2089
-0
-0
-0
-0
22.946
-0
-0
-0
-0
-0
-0
16.109
-0
21.6532
-0
-0
-0
-0
-0
13.493
-0
11.0175
37.9065
-0
14.1818
-0
-0
-0
4.32219
-0
-0
-0
55.8903
-0
-0
-0
-0
-0
-0
-0
-0
-0
2.69851
9.69321
-0
-0
35.5931
-0
-0
-0
-0
34.9707
-0
-0
-0
-0
-0
25.3685
-0
17.5212
-0
12.4716
-0
-0
-0
-0
-0
-0
-0
-0
12.5602
-0
32.8808
-0
-0
1.83761
14.6986
-0
21.178
5.07185
-0
-0
7.62724
-0
-0
-0
-0
-0
-0
-0
-0
-0
-0
-0
27.2496
57.6286
0.848514
-0
19.9163
-0
-0
7.44261
-0
-0
-0
-0
-0
-0
-0
-0
-0
-0
0.807858
-0
-0
-0
-0
-0
-0
-0
-0
8.92357
-0
-0
-0
-0
-0
-0
7.96142
-0
-0
45.249
-0
-0
-0
38.1462
5.24741
-0
-0
-0
-0
-0
-0
22.8675
-0
-0
-0
-0
-0
22.9086
11.2985
-0
-0
-0
-0
-0
-0
-0
-0
0.148342
-0
-0
-0
-0
-0
-0
24.2891
-0
-0
-0
-0
-0
-0
-0
-0
-0
-0
-0
-0
-0
-0
25.7922
-0
-0
-0
-0
-0
-0
-0
1.36655
-0
-0
-0
-0
4.41185
-0
-0
-0
-0
-0
-0
-0
-0
-0
-0
27.9168
-0
-0
-0
-0
-0
56.9536
-0
5.6042
3.57416
-0
-0
-0
-0
-0
-0
2.75206
-0
-0
-0
-0
25.0908
51.3421
16.8505
-0
-0
-0
-0
-0
30.3111
-0
-0
-0
-0
-0
38.5457
-0
-0
-0
-0
-0
-0
-0
-0
4.5001
35.9635
-0
-0
-0
-0
-0
-0
-0
-0
-0
65.9168
36.6285
16.5665
-0
-0
-0
-0
21.2243
-0
-0
-0
87.9024
-0
-0
-0
15.0145
-0
-0
3.22991
17.1464
-0
-0
-0
-0
-0
-0
-0
2.18991
-0
-0
-0
-0
39.4129
-0
-0
-0
6.18013
-0
0.73208
-0
-0
29.5353
-0
-0
-0
-0
13.6579
-0
-0
-0
-0
19.6475
-0
0.321824
-0
-0
-0
-0
1.09853
5.43798
10.5011
39.4345
22.8934
7.48991
-0
-0
-0
6.08801
-0
-0
9.09086
6.85129
-0
19.1741
43.3151
-0
27.8704
15.087
28.146
-0
40.184
-0
-0
-0
-0
-0
-0
24.3231
-0
-0
-0
-0
-0
-0
-0
-0
-0
1.85725
-0
23.7553
-0
21.5437
-0
-0
0.379073
-0
-0
-0
17.6744
-0
65.8352
-0
-0
0.129319
-0
-0
-0
-0
2.24392
-0
2.9983
51.8771
-0
-0
-0
3.41562
-0
-0
49.2897
-0
-0
-0
2.9801
-0
-0
-0
-0
-0
-0
38.5447
27.2014
-0
-0
-0
-0
-0
7.07135
-0
-0
-0
63.9902
-0
-0
12.4578
-0
-0
-0
-0
52.7413
18.9254
-0
-0
-0
39.3737
9.12166
-0
-0
15.3788
-0
-0
-0
-0
-0
-0
-0
-0
27.916
-0
-0
-0
-0
4.56645
-0
-0
-0
35.3541
-0
-0
9.95181
-0
31.016
-0
40.5209
-0
-0
-0
-0
-0
-0
-0
-0
-0
-0
25.9397
-0
5.28337
12.4221
-0
0.594518
-0
24.8795
-0
12.4621
-0
88.5097
-0
-0
41.2096
23.1007
10.4535
-0
28.0268
6.67013
16.8574
-0
32.1477
-0
-0
-0
-0
-0
-0
-0
27.4344
-0
9.8824
-0
-0
-0
-0
-0
-0
35.092
-0
-0
-0
32.0278
-0
-0
39.914
-0
-0
10.0443
-0
-0
4.81879
-0
-0
-0
-0
-0
4.93525
-0
-0
11.5671
-0
-0
-0
-0
-0
-0
15.1613
-0
35.3679
-0
-0
-0
-0
-0
-0
-0
-0
-0
-0
19.3123
20.6383
-0
15.2158
16.5646
23.8774
-0
-0
0.384162
-0
-0
-0
-0
-0
-0
50.4444
-0
-0
-0
-0
-0
-0
-0
-0
-0
-0
22.4998
-0
-0
-0
11.1722
-0
-0
8.16007
-0
-0
4.39641
-0
14.7596
-0
36.5701
-0
23.8818
-0
-0
17.3762
-0
-0
-0
-0
-0
-0
-0
-0
-0
-0
36.3492
-0
29.1149
-0
6.1385
-0
-0
1.14359
-0
61.2289
19.985
-0
-0
7.10798
-0
-0
-0
-0
-0
-0
-0
-0
-0
-0
-0
-0
-0
-0
-0
48.5567
-0
-0
-0
9.78605
-0
1.93864
-0
-0
19.117
-0
-0
-0
-0
-0
15.4068
-0
-0
-0
-0
-0
-0
0.358249
23.6462
9.56499
-0
-0
-0
-0
-0
0.592841
-0
-0
-0
-0
-0
24.9063
-0
-0
-0
5.09887
-0
-0
17.7246
-0
-0
-0
-0
-0
-0
-0
-0
32.3185
-0
-0
-0
-0
-0
6.37733
-0
-0
-0
-0
-0
-0
14.3668
-0
-0
-0
-0
-0
25.188
-0
-0
-0
-0
11.9576
-0
2.75728
-0
-0
-0
-0
-0
3.33851
1.60022
-0
-0
-0
-0
-0
-0
21.1957
34.2527
-0
3.27076
-0
-0
-0
-0
-0
-0
0.240357
-0
-0
-0
-0
5.05989
28.3993
42.4265
-0
21.2829
2.00705
1.77759
-0
-0
-0
-0
-0
-0
-0
-0
40.1452
-0
33.988
-0
-0
-0
26.1825
-0
-0
-0
21.4621
-0
-0
-0
11.6352
44.4686
-0
-0
-0
-0
-0
-0
-0
-0
-0
-0
25.7046
-0
-0
-0
13.596
-0
-0
-0
-0
-0
-0
-0
37.9185
-0
-0
11.8002
31.3401
-0
-0
-0
-0
-0
-0
-0
-0
4.85639
-0
-0
-0
-0
10.1265
-0
-0
-0
-0
-0
-0
-0
-0
-0
-0
-0
31.1695
9.41269
-0
-0
-0
-0
-0
-0
3.59112
-0
15.9702
-0
-0
-0
-0
-0
-0
-0
1.85833
-0
-0
2.8241
-0
-0
13.5639
-0
-0
8.05315
-0
-0
-0
-0
-0
2.0446
-0
56.3719
-0
-0
-0
-0
-0
-0
-0
-0
-0
-0
28.7907
-0
15.4338
-0
-0
-0
-0
-0
-0
-0
-0
-0
-0
28.3232
-0
-0
20.0239
-0
-0
-0
9.79235
6.24572
23.0452
-0
14.7062
-0
-0
-0
-0
-0
-0
3.16522
-0
26.051
-0
-0
-0
-0
-0
-0
-0
-0
9.21347
2.68198
-0
-0
-0
-0
-0
-0
-0
-0
-0
-0
-0
13.8449
-0
-0
-0
-0
-0
-0
-0
-0
-0
-0
5.74622
-0
-0
5.86403
-0
-0
-0
23.5877
-0
-0
-0
-0
-0
-0
-0
-0
-0
-0
-0
-0
-0
-0
-0
-0
-0
18.3555
-0
-0
-0
16.4768
-0
-0
-0
-0
-0
1.19695
-0
19.3719
-0
-0
6.21895
-0
-0
13.43
15.8844
-0
-0
13.7481
-0
-0
-0
-0
34.0265
-0
-0
-0
-0
7.22628
1.43897
-0
-0
0.0743819
-0
-0
-0
-0
-0
-0
-0
-0
-0
-0
-0
-0
-0
-0
-0
-0
-0
-0
6.97022
54.0223
-0
-0
-0
37.754
-0
-0
0.59802
7.53974
-0
-0
-0
24.6453
-0
14.7525
-0
-0
-0
-0
-0
-0
-0
-0
39.754
-0
4.73165
-0
33.5702
-0
-0
-0
8.89436
-0
-0
-0
7.92778
-0
-0
62.819
-0
-0
25.7172
-0
-0
-0
-0
40.8835
-0
-0
-0
-0
-0
-0
-0
-0
-0
18.0749
0.190274
-0
27.2827
8.12007
1.26103
-0
-0
-0
9.59746
-0
-0
-0
-0
-0
-0
25.9702
-0
28.5177
-0
-0
12.3136
-0
-0
-0
-0
-0
-0
-0
-0
-0
-0
1.84851
21.6754
-0
0.137794
-0
-0
0.383876
24.248
0.721185
-0
21.3834
-0
-0
-0
-0
15.2908
-0
-0
-0
24.4822
-0
-0
-0
-0
23.8529
-0
-0
-0
21.975
-0
3.59225
-0
-0
-0
-0
-0
-0
-0
-0
-0
20.0567
-0
-0
13.4958
-0
-0
-0
28.3466
-0
12.6883
-0
-0
3.69149
-0
42.2662
-0
-0
-0
-0
-0
-0
-0
-0
-0
-0
-0
-0
-0
30.3144
-0
-0
-0
-0
-0
-0
8.8935
-0
-0
-0
-0
-0
-0
-0
-0
14.9046
-0
-0
-0
43.8394
-0
-0
67.7272
3.65693
-0
-0
-0
7.84613
-0
-0
-0
-0
-0
-0
-0
-0
-0
-0
-0
-0
-0
30.1492
-0
-0
-0
-0
21.0715
56.4838
-0
-0
-0
-0
-0
0.468549
-0
-0
6.81238
-0
18.7676
5.13575
-0
-0
7.99435
32.9998
-0
0.520911
5.35898
-0
-0
-0
-0
-0
4.25848
-0
-0
-0
-0
-0
13.6083
12.145
9.89154
-0
3.51699
19.0664
-0
-0
7.13343
-0
-0
-0
2.98539
6.55865
-0
-0
-0
-0
-0
-0
-0
-0
-0
-0
-0
-0
39.8311
32.0417
33.4311
-0
13.0001
-0
-0
-0
17.5209
-0
-0
-0
19.6077
-0
-0
-0
-0
-0
-0
11.4821
-0
-0
21.5456
-0
31.8552
5.27474
-0
-0
-0
-0
-0
-0
-0
26.1295
15.9833
-0
-0
7.8346
-0
-0
-0
-0
-0
-0
-0
-0
-0
-0
-0
-0
-0
-0
-0
-0
2.48558
-0
-0
29.5648
23.9894
-0
-0
-0
-0
-0
-0
-0
8.33603
-0
8.70968
-0
39.761
-0
-0
-0
56.3258
-0
-0
-0
-0
18.8682
-0
-0
-0
45.1657
-0
-0
-0
-0
-0
-0
-0
21.4751
1.28036
-0
26.2259
-0
-0
-0
-0
-0
-0
-0
-0
-0
-0
-0
-0
-0
-0
-0
1.64135
3.3
-0
-0
-0
-0
-0
-0
-0
-0
-0
-0
-0
14.0964
-0
-0
-0
-0
-0
-0
-0
-0
-0
6.63297
-0
-0
-0
-0
18.6996
-0
7.15118
-0
-0
17.358
-0
-0
-0
-0
-0
-0
-0
-0
-0
-0
-0
-0
-0
-0
-0
9.5422
7.7652
14.9234
12.0213
1.41911
-0
20.3561
43.8233
17.9528
-0
-0
-0
-0
-0
-0
-0
-0
-0
-0
-0
4.68058
16.4016
-0
-0
0.20089
26.399
-0
25.3362
-0
-0
-0
-0
-0
-0
-0
-0
-0
-0
-0
-0
-0
-0
26.616
15.6783
-0
-0
-0
-0
-0
1.27632
-0
-0
-0
-0
-0
1.88168
8.05606
-0
-0
-0
0.859157
-0
-0
7.70153
-0
-0
-0
-0
-0
-0
-0
-0
-0
-0
-0
29.4544
11.3288
-0
-0
12.5479
33.98
-0
-0
0.900466
9.43545
5.58342
-0
25.0026
-0
-0
-0
-0
-0
-0
12.4784
-0
-0
20.6069
-0
-0
9.26526
-0
-0
13.9748
-0
-0
-0
-0
-0
40.6723
-0
-0
-0
-0
-0
19.7796
0.0137309
1.76829
-0
-0
-0
-0
-0
-0
-0
6.09925
-0
-0
-0
-0
-0
-0
-0
-0
-0
35.3737
-0
-0
30.29
-0
8.73283
12.3369
38.1112
-0
12.3594
-0
-0
-0
-0
-0
-0
-0
-0
-0
-0
-0
-0
-0
11.7548
-0
10.9171
-0
-0
-0
-0
23.6445
6.49369
-0
-0
-0
-0
-0
47.4908
-0
-0
-0
-0
-0
-0
-0
-0
-0
-0
-0
31.3721
30.0052
-0
8.35494
-0
16.2691
-0
17.2817
-0
15.1927
-0
-0
32.9895
-0
-0
-0
-0
-0
-0
-0
-0
-0
-0
-0
-0
-0
-0
-0
-0
-0
1.68638
-0
-0
-0
-0
-0
6.06173
27.6407
-0
43.3524
-0
43.9423
-0
12.0267
-0
-0
-0
-0
-0
-0
-0
-0
-0
-0
-0
-0
-0
27.5981
-0
-0
-0
-0
-0
-0
-0
-0
-0
5.75886
-0
3.01754
12.3682
-0
-0
-0
-0
-0
14.3396
16.1817
-0
-0
-0
-0
-0
-0
0.136561
6.12153
-0
-0
-0
-0
-0
-0
-0
16.0861
-0
-0
-0
0.805197
-0
14.0794
-0
-0
-0
-0
-0
-0
-0
24.2873
12.7235
-0
7.02641
-0
-0
-0
-0
-0
-0
-0
-0
-0
-0
-0
-0
-0
-0
16.909
-0
-0
-0
-0
-0
-0
-0
-0
-0
-0
-0
-0
-0
-0
1.81644
14.973
27.3785
-0
15.1218
-0
33.9563
-0
-0
13.4512
-0
-0
-0
-0
-0
19.6536
-0
-0
-0
-0
-0
1.75163
-0
-0
-0
-0
-0
31.3161
-0
-0
-0
-0
-0
5.55783
-0
-0
-0
22.5504
-0
-0
-0
-0
-0
-0
7.68932
-0
-0
-0
-0
-0
-0
51.8657
3.80537
-0
25.086
3.4371
-0
-0
-0
6.5207
-0
-0
-0
18.2336
-0
-0
-0
-0
-0
47.3064
2.60319
4.37875
-0
2.03588
-0
-0
-0
50.6217
-0
-0
-0
-0
-0
-0
12.0735
-0
-0
17.8928
-0
-0
-0
9.74026
-0
-0
-0
-0
-0
-0
-0
4.97458
28.9087
-0
-0
-0
-0
-0
2.79325
-0
-0
-0
21.7122
-0
-0
-0
-0
-0
7.67536
21.5625
-0
-0
-0
-0
4.44163
17.2402
-0
7.74708
-0
-0
-0
-0
-0
22.9346
-0
37.9253
19.2104
-0
-0
6.90173
-0
-0
-0
-0
-0
-0
-0
52.222
-0
-0
-0
-0
-0
25.0543
-0
-0
-0
-0
-0
11.5313
4.70835
-0
-0
-0
-0
-0
3.03035
-0
12.5454
-0
-0
-0
-0
-0
30.2899
-0
-0
-0
-0
-0
48.0965
11.324
-0
-0
-0
-0
-0
6.66224
-0
5.56169
-0
4.78844
3.72073
-0
13.9258
-0
9.93708
-0
-0
-0
-0
-0
-0
5.12291
-0
-0
-0
-0
8.43383
6.61603
59.6265
-0
35.3626
25.7251
7.63842
-0
-0
7.33991
-0
-0
-0
19.4054
-0
21.5432
-0
-0
-0
-0
-0
-0
-0
-0
-0
-0
-0
-0
32.4915
-0
-0
-0
-0
-0
-0
-0
-0
-0
-0
-0
-0
-0
-0
-0
8.3931
-0
-0
5.92581
-0
-0
-0
72.8597
-0
-0
-0
-0
-0
14.8351
8.10903
41.9405
-0
30.472
75.6627
-0
-0
11.5281
-0
-0
0.39716
-0
-0
-0
-0
-0
-0
-0
-0
-0
21.0392
-0
-0
-0
-0
-0
-0
-0
-0
37.7973
-0
0.497889
-0
-0
-0
-0
-0
-0
-0
-0
2.53237
-0
-0
-0
-0
-0
-0
-0
-0
-0
5.71144
-0
36.3977
-0
-0
-0
-0
-0
36.0838
7.3092
-0
-0
-0
-0
27.0684
13.1794
18.6111
-0
-0
4.30778
-0
-0
43.2371
-0
-0
-0
-0
-0
12.3225
-0
-0
-0
9.53878
-0
-0
0.578981
3.02256
-0
-0
-0
-0
3.82384
-0
21.8906
45.0316
-0
-0
-0
3.53159
17.0565
-0
-0
-0
-0
-0
-0
-0
-0
-0
-0
-0
31.3638
-0
-0
39.4399
-0
4.08465
-0
31.8364
-0
-0
-0
-0
34.2945
6.56727
-0
-0
3.53296
-0
30.4483
-0
50.9003
-0
-0
-0
4.47633
-0
-0
16.8316
-0
-0
-0
-0
-0
-0
-0
-0
-0
-0
-0
23.0404
-0
-0
-0
-0
13.0593
-0
-0
-0
7.43231
-0
11.0359
7.44256
-0
18.2794
-0
-0
9.59564
-0
-0
-0
-0
0.992161
-0
-0
0.845436
-0
-0
42.6092
-0
-0
-0
-0
-0
16.0367
21.3087
34.1664
-0
4.0016
-0
-0
-0
-0
-0
36.7646
-0
-0
-0
-0
13.4369
16.3209
-0
-0
-0
-0
8.57001
-0
-0
-0
-0
-0
-0
-0
24.6734
-0
-0
28.5227
31.5981
-0
-0
-0
-0
-0
-0
-0
22.7003
-0
-0
-0
-0
-0
-0
-0
-0
-0
-0
-0
8.86576
-0
15.9307
1.3735
-0
11.942
-0
22.0709
-0
-0
6.19425
-0
-0
-0
-0
-0
-0
-0
-0
-0
14.6656
-0
16.1727
-0
-0
-0
11.5488
7.02517
-0
-0
-0
-0
-0
-0
-0
-0
-0
-0
-0
0.163659
-0
-0
-0
-0
-0
-0
-0
-0
-0
-0
-0
-0
-0
10.1828
-0
1.87628
-0
-0
-0
-0
11.0429
-0
-0
10.9555
-0
-0
-0
-0
-0
-0
-0
23.5743
-0
-0
-0
-0
-0
-0
-0
-0
-0
-0
-0
-0
-0
-0
-0
-0
-0
-0
-0
1.7505
-0
2.44798
-0
4.60988
-0
-0
-0
-0
37.3153
-0
-0
-0
29.4356
-0
-0
21.2065
-0
-0
-0
28.5611
-0
-0
-0
-0
-0
1.05987
9.47367
72.1263
-0
-0
3.76494
15.9032
-0
-0
-0
-0
-0
-0
-0
-0
-0
-0
5.81444
11.361
-0
8.91411
-0
-0
-0
-0
20.3911
11.7199
16.9594
-0
-0
24.5484
28.2584
8.21483
-0
-0
-0
-0
15.5863
-0
-0
-0
15.1669
-0
-0
-0
-0
-0
-0
-0
-0
68.4066
-0
-0
-0
-0
-0
-0
29.2562
5.71104
-0
19.5651
-0
-0
-0
-0
-0
-0
-0
-0
-0
-0
-0
4.41021
14.6485
5.06992
-0
