4.37145
-0
-0
-0
-0
-0
-0
-0
53.8184
-0
51.0742
-0
15.0418
-0
-0
2.16177
-0
-0
-0
-0
-0
-0
-0
-0
-0
32.6845
-0
-0
-0
-0
-0
-0
-0
-0
-0
-0
-0
-0
-0
-0
11.6531
-0
-0
-0
-0
10.4105
-0
-0
-0
-0
-0
-0
-0
-0
-0
-0
-0
2.91858
56.8827
-0
-0
-0
-0
-0
100.148
-0
-0
-0
-0
2.62866
-0
-0
-0
-0
-0
-0
20.0794
13.4971
-0
-0
-0
87.8894
-0
8.09465
-0
-0
-0
34.3726
-0
16.3304
-0
-0
-0
-0
-0
-0
3.6853
-0
12.2452
-0
-0
-0
-0
-0
-0
-0
8.64168
20.0599
-0
-0
-0
-0
-0
-0
-0
-0
-0
-0
50.1538
51.7298
0.069506
-0
36.2548
-0
-0
-0
12.7154
-0
-0
-0
20.9448
44.9859
0.956416
-0
-0
-0
-0
33.2084
-0
13.2834
-0
-0
42.5303
-0
27.6344
-0
-0
-0
-0
-0
-0
-0
-0
-0
-0
-0
-0
-0
-0
3.1065
-0
0.201171
-0
-0
-0
-0
-0
-0
-0
66.8187
-0
21.6152
-0
-0
-0
-0
-0
-0
-0
-0
-0
-0
-0
-0
-0
20.181
-0
-0
-0
-0
-0
20.4879
-0
-0
-0
-0
-0
-0
-0
-0
-0
39.4286
-0
-0
-0
-0
-0
27.0258
-0
-0
-0
-0
5.22443
-0
-0
-0
-0
-0
-0
-0
-0
-0
-0
1.23994
-0
-0
-0
0.732252
-0
-0
-0
-0
-0
-0
-0
-0
-0
-0
-0
-0
-0
-0
-0
-0
-0
-0
-0
-0
21.4191
-0
-0
-0
0.085954
-0
-0
-0
18.1178
-0
8.83983
-0
-0
-0
-0
0.97733
-0
-0
-0
-0
-0
-0
-0
-0
-0
27.9793
-0
-0
-0
-0
-0
-0
-0
8.04856
-0
21.4408
-0
-0
-0
-0
-0
-0
60.0198
4.10081
20.9882
-0
5.07761
-0
-0
-0
-0
37.0216
-0
-0
-0
-0
7.37596
55.207
44.7861
-0
-0
-0
-0
-0
-0
-0
-0
0.758708
-0
-0
-0
0.303961
-0
-0
42.1771
50.3781
-0
-0
31.5038
-0
-0
16.0176
-0
-0
-0
-0
-0
-0
-0
5.847
-0
-0
-0
-0
-0
-0
-0
-0
-0
-0
-0
-0
-0
-0
-0
-0
39.5032
-0
-0
-0
-0
-0
60.7693
-0
-0
-0
-0
2.7528
-0
-0
55.8043
-0
-0
26.8907
-0
-0
-0
-0
-0
-0
-0
-0
-0
23.9776
18.4797
-0
-0
-0
16.4697
-0
-0
-0
8.67907
-0
-0
-0
-0
-0
-0
-0
-0
-0
-0
-0
-0
-0
-0
-0
-0
-0
-0
16.2102
-0
-0
-0
-0
-0
-0
-0
-0
-0
-0
68.1153
-0
-0
-0
-0
22.0932
42.0824
-0
-0
0.384531
-0
-0
-0
-0
-0
-0
-0
-0
-0
-0
-0
16.408
-0
-0
-0
-0
-0
-0
-0
-0
36.1824
9.06422
-0
-0
25.914
-0
-0
-0
-0
-0
-0
-0
38.2096
-0
6.22426
-0
-0
-0
-0
-0
-0
-0
23.5817
-0
-0
-0
58.4365
-0
-0
-0
-0
-0
1.88933
-0
-0
-0
-0
-0
-0
-0
29.2502
-0
-0
-0
-0
22.742
6.51382
-0
-0
-0
-0
-0
7.96236
19.327
-0
-0
-0
-0
-0
53.1054
-0
-0
-0
2.77525
-0
-0
-0
-0
15.7184
-0
-0
-0
-0
0.610818
-0
-0
5.64366
-0
-0
8.86736
-0
-0
-0
-0
5.09897
-0
14.369
22.2772
-0
-0
-0
-0
-0
-0
-0
12.5678
-0
-0
-0
2.38023
12.9539
-0
-0
-0
-0
-0
-0
-0
-0
-0
-0
-0
54.9522
-0
3.89599
-0
-0
-0
-0
10.2976
-0
-0
-0
34.6625
-0
-0
-0
-0
-0
-0
-0
-0
-0
52.9275
-0
-0
-0
16.161
-0
20.5346
-0
-0
22.3195
-0
-0
-0
-0
18.2795
35.3
-0
57.0361
-0
-0
-0
-0
-0
-0
37.9332
-0
39.6317
-0
-0
2.92176
-0
-0
-0
37.7605
-0
-0
-0
-0
-0
-0
-0
-0
-0
-0
-0
-0
-0
-0
-0
-0
-0
-0
-0
-0
-0
-0
-0
-0
-0
-0
-0
-0
-0
-0
57.6905
54.2229
-0
-0
-0
-0
-0
3.22824
-0
-0
-0
-0
-0
-0
-0
22.61
56.3591
-0
25.2287
-0
-0
-0
-0
-0
-0
-0
23.2565
21.8726
3.34072
-0
-0
1.98425
34.4532
-0
40.247
-0
-0
-0
103.742
-0
-0
-0
-0
-0
-0
11.7008
-0
-0
-0
-0
-0
-0
-0
19.1012
-0
-0
-0
12.5809
32.5058
-0
-0
-0
-0
-0
-0
-0
-0
-0
-0
-0
-0
-0
-0
-0
4.87604
15.9579
-0
-0
-0
-0
-0
-0
-0
18.6245
89.3834
-0
28.6722
2.54958
-0
-0
0.170315
-0
-0
-0
-0
-0
-0
-0
73.992
-0
-0
-0
1.55738
14.922
-0
-0
-0
-0
-0
-0
-0
46.9874
-0
0.495709
-0
-0
-0
10.8883
-0
-0
-0
-0
13.9207
-0
-0
-0
10.3815
-0
-0
-0
-0
-0
-0
21.7385
-0
27.6487
-0
-0
-0
47.0004
42.4956
-0
-0
-0
-0
-0
-0
16.92
-0
-0
-0
41.7527
20.1093
-0
-0
34.6706
-0
-0
-0
-0
-0
1.11072
-0
-0
-0
-0
-0
-0
-0
-0
-0
-0
45.273
-0
-0
56.1944
-0
-0
-0
34.4616
7.07927
-0
-0
44.1055
11.1131
8.74852
19.0495
-0
-0
70.7225
-0
-0
-0
-0
-0
-0
-0
-0
16.0921
14.8716
-0
-0
-0
-0
-0
0.410248
-0
-0
-0
-0
-0
-0
-0
-0
-0
-0
-0
-0
-0
-0
-0
-0
-0
-0
-0
-0
16.2132
22.0389
79.267
-0
-0
-0
-0
-0
-0
-0
3.51619
-0
-0
-0
-0
-0
27.2854
-0
-0
0.340422
-0
-0
-0
-0
24.0451
-0
-0
-0
28.3618
-0
-0
-0
-0
-0
-0
-0
-0
-0
35.1676
-0
-0
-0
-0
-0
5.78399
-0
-0
4.80767
-0
-0
-0
-0
-0
8.13507
-0
-0
-0
-0
-0
2.01709
58.9767
-0
-0
-0
43.4536
-0
23.2346
-0
-0
22.6582
26.4255
30.3673
-0
0.949235
-0
-0
-0
-0
-0
-0
-0
-0
63.4472
-0
-0
-0
-0
-0
-0
12.8256
-0
-0
-0
-0
-0
-0
-0
-0
-0
-0
18.9617
-0
-0
19.8892
35.8859
-0
18.3175
-0
-0
-0
-0
-0
16.1045
-0
-0
-0
-0
-0
-0
-0
-0
-0
-0
-0
-0
-0
-0
-0
-0
-0
-0
-0
17.3597
-0
-0
-0
-0
-0
-0
-0
-0
-0
-0
-0
-0
-0
-0
-0
-0
-0
-0
23.3263
-0
-0
-0
-0
-0
-0
-0
-0
-0
-0
-0
-0
-0
-0
-0
-0
-0
-0
-0
0.282008
-0
11.3632
-0
-0
-0
16.3119
-0
6.21567
-0
-0
-0
-0
-0
-0
-0
-0
-0
6.93097
-0
-0
98.9842
-0
-0
-0
-0
-0
-0
-0
-0
-0
-0
-0
-0
29.7756
-0
-0
-0
-0
-0
-0
-0
-0
11.8288
47.7169
-0
-0
-0
-0
13.1891
-0
-0
-0
17.0589
-0
1.19854
-0
-0
25.0548
-0
-0
-0
-0
-0
-0
-0
-0
-0
-0
41.6962
-0
-0
-0
-0
-0
6.13848
-0
-0
-0
27.9865
-0
-0
-0
-0
-0
-0
-0
-0
18.1716
9.66273
-0
-0
-0
-0
-0
-0
-0
-0
-0
-0
-0
10.2974
-0
-0
-0
41.5354
-0
-0
-0
-0
-0
-0
-0
-0
11.0394
-0
-0
-0
-0
-0
-0
-0
58.5623
-0
-0
-0
-0
41.2863
-0
-0
-0
-0
-0
19.2013
-0
-0
-0
14.1137
-0
-0
10.3855
-0
-0
-0
-0
-0
-0
-0
-0
-0
-0
-0
-0
-0
-0
-0
-0
-0
-0
-0
-0
-0
-0
1.14405
-0
-0
-0
-0
-0
19.083
-0
-0
-0
-0
-0
-0
51.8341
-0
-0
-0
-0
-0
-0
-0
-0
-0
-0
-0
13.6193
-0
-0
-0
18.5693
-0
-0
9.10503
-0
-0
-0
-0
-0
-0
-0
-0
-0
-0
-0
-0
-0
-0
8.72368
50.9159
-0
-0
-0
-0
37.7256
-0
2.7171
-0
-0
-0
-0
-0
-0
2.52424
41.9409
-0
-0
51.5883
-0
-0
-0
-0
-0
-0
-0
41.0393
-0
-0
-0
-0
-0
17.8914
5.48763
-0
-0
43.4724
29.5142
32.198
-0
26.5247
13.946
4.54805
20.0402
-0
-0
-0
-0
-0
22.5487
-0
4.51884
54.8722
-0
-0
41.3247
-0
-0
-0
29.0212
59.3418
-0
-0
-0
18.0204
-0
-0
-0
-0
22.6702
-0
-0
-0
44.0703
18.6212
9.64656
46.0812
-0
-0
-0
-0
7.99929
-0
-0
-0
24.4947
-0
-0
-0
10.5717
-0
-0
-0
-0
-0
66.3141
60.0069
25.6221
2.4225
-0
-0
-0
-0
-0
-0
-0
-0
-0
-0
-0
-0
-0
-0
14.5326
11.2663
-0
28.4031
-0
-0
-0
-0
-0
-0
-0
-0
-0
-0
-0
-0
71.3496
-0
-0
-0
-0
-0
-0
-0
-0
-0
35.3697
-0
-0
11.8909
19.775
65.5952
-0
37.792
-0
-0
-0
-0
-0
48.0737
-0
-0
-0
-0
-0
-0
-0
34.8661
-0
-0
37.2163
-0
9.0204
-0
-0
-0
-0
-0
-0
-0
-0
-0
-0
-0
-0
34.375
-0
-0
-0
-0
-0
-0
-0
25.208
-0
-0
-0
-0
-0
-0
10.3034
-0
-0
-0
-0
-0
36.4862
-0
-0
-0
-0
-0
-0
17.809
-0
-0
-0
-0
-0
-0
-0
52.5744
-0
-0
-0
-0
-0
0.602204
-0
-0
-0
-0
-0
-0
-0
-0
-0
-0
-0
-0
-0
38.2018
-0
-0
-0
-0
66.2801
-0
-0
-0
34.578
-0
-0
-0
-0
-0
1.21817
-0
-0
3.52577
-0
-0
-0
-0
24.0857
-0
-0
-0
-0
24.0733
66.7117
-0
-0
-0
-0
-0
-0
-0
-0
-0
-0
-0
26.2875
11.3257
-0
-0
-0
-0
-0
-0
-0
4.14661
-0
-0
55.6545
-0
-0
26.567
-0
-0
-0
-0
-0
-0
-0
-0
-0
-0
-0
-0
35.2678
1.83855
-0
7.04291
-0
-0
-0
2.0814
-0
-0
-0
-0
-0
-0
-0
-0
132.666
-0
-0
-0
-0
-0
-0
-0
-0
-0
-0
-0
7.91174
25.3937
-0
-0
-0
19.0633
-0
-0
-0
-0
70.8392
-0
-0
-0
-0
-0
43.9535
-0
-0
-0
-0
-0
-0
44.4459
-0
-0
-0
-0
-0
-0
-0
-0
-0
83.6721
-0
3.01202
35.5981
-0
-0
12.772
-0
-0
-0
-0
-0
-0
-0
-0
-0
17.3694
-0
-0
-0
-0
-0
-0
-0
-0
-0
48.3328
-0
19.8087
-0
-0
49.2272
-0
-0
-0
-0
-0
-0
1.26749
-0
5.52024
-0
22.9464
-0
-0
-0
-0
-0
48.7478
23.5538
-0
43.5962
-0
-0
-0
31.5432
-0
-0
-0
96.1482
-0
-0
-0
-0
-0
-0
-0
-0
-0
16.8051
-0
-0
-0
5.61084
-0
-0
-0
5.72746
47.5586
-0
-0
-0
-0
-0
6.56312
-0
14.768
-0
-0
-0
-0
-0
-0
-0
-0
-0
-0
49.1941
-0
38.8841
-0
-0
0.157834
-0
-0
35.7869
-0
-0
-0
-0
-0
-0
-0
-0
-0
-0
-0
-0
-0
-0
-0
55.9678
63.5341
7.09851
-0
14.638
-0
-0
-0
-0
-0
-0
-0
-0
-0
-0
-0
-0
-0
-0
16.6629
-0
-0
-0
-0
-0
-0
-0
-0
-0
-0
-0
-0
3.05072
-0
10.8998
-0
-0
-0
-0
-0
-0
79.892
-0
-0
-0
-0
-0
-0
-0
4.05915
-0
-0
-0
-0
-0
37.9174
-0
0.086957
-0
-0
-0
-0
-0
-0
-0
-0
-0
-0
10.5831
-0
-0
-0
-0
-0
-0
-0
-0
-0
-0
-0
10.9699
-0
-0
-0
-0
-0
-0
32.2517
-0
-0
-0
-0
-0
-0
-0
-0
-0
-0
-0
-0
-0
-0
-0
-0
-0
-0
-0
-0
-0
-0
-0
-0
-0
-0
-0
-0
-0
70.1657
-0
15.5639
26.3796
-0
-0
-0
-0
-0
-0
3.02414
-0
-0
19.357
-0
4.43589
40.9937
19.6144
10.7817
-0
-0
-0
-0
-0
-0
-0
-0
-0
-0
51.7735
-0
-0
-0
-0
-0
-0
-0
-0
32.8232
93.7244
-0
-0
-0
-0
-0
-0
13.406
-0
-0
88.9216
29.4565
32.941
-0
-0
-0
-0
-0
26.0828
-0
-0
130.849
-0
-0
-0
43.8827
-0
-0
33.7464
14.7671
-0
-0
-0
-0
-0
0.752967
-0
1.17574
-0
-0
-0
-0
12.9406
-0
-0
-0
3.98873
-0
8.91933
-0
-0
29.0947
14.848
-0
-0
-0
-0
-0
-0
-0
-0
13.6744
-0
-0
-0
-0
-0
-0
10.2781
-0
11.1782
75.2506
30.1805
67.7895
17.9479
-0
-0
0.310793
-0
-0
-0
-0
-0
-0
66.9931
-0
1.88188
13.8447
-0
-0
60.7482
-0
-0
-0
-0
-0
-0
32.7556
-0
-0
-0
20.3497
-0
-0
-0
-0
-0
2.96051
-0
49.3527
-0
-0
-0
-0
0.631484
-0
-0
-0
15.5152
-0
101.752
-0
-0
25.0438
-0
-0
-0
-0
29.017
-0
19.365
95.1376
-0
-0
-0
8.05019
-0
-0
40.9577
-0
-0
-0
2.0318
-0
-0
-0
-0
-0
-0
45.1497
46.0649
-0
-0
-0
-0
-0
15.4349
-0
-0
-0
47.2053
-0
-0
22.7604
-0
-0
-0
-0
35.6179
-0
-0
-0
12.8153
75.5901
53.1716
-0
-0
42.3258
-0
-0
-0
-0
-0
-0
-0
-0
43.0438
-0
-0
-0
-0
13.5512
-0
-0
-0
41.7857
-0
-0
71.0058
-0
35.2937
-0
44.9982
-0
-0
-0
-0
-0
-0
-0
-0
-0
-0
-0
-0
-0
-0
-0
25.6111
29.5725
61.0917
-0
-0
-0
122.595
-0
-0
41.2429
14.1303
-0
-0
56.0563
-0
19.8183
-0
39.649
-0
18.5191
-0
-0
-0
-0
-0
-0
-0
-0
13.5476
-0
-0
1.01785
-0
-0
67.478
-0
-0
-0
53.6303
-0
-0
64.4317
-0
-0
-0
-0
-0
16.2582
-0
49.5165
-0
-0
-0
-0
4.2234
-0
16.7371
-0
-0
-0
-0
-0
-0
-0
-0
49.6152
-0
-0
-0
-0
-0
-0
-0
-0
-0
-0
47.0168
-0
-0
-0
68.8665
3.09783
-0
-0
-0
-0
9.49432
-0
-0
-0
-0
66.7912
-0
-0
-0
-0
-0
-0
1.29007
-0
-0
-0
35.2428
-0
-0
-0
-0
-0
-0
-0
-0
14.1353
-0
-0
-0
-0
39.3727
19.355
21.81
-0
-0
-0
17.0032
-0
-0
-0
-0
-0
-0
-0
11.1742
-0
49.5506
33.7962
14.6799
-0
-0
-0
-0
-0
-0
78.7112
47.072
-0
-0
9.96435
-0
-0
-0
-0
-0
-0
-0
-0
-0
-0
-0
-0
-0
-0
-0
45.5161
-0
-0
-0
2.27557
-0
18.6294
-0
-0
18.0609
-0
-0
-0
-0
-0
11.2819
-0
-0
-0
-0
-0
-0
0.350868
9.76774
-0
-0
-0
-0
-0
-0
-0
-0
-0
-0
-0
15.7519
24.7671
-0
-0
-0
-0
-0
-0
15.546
-0
-0
11.9321
-0
-0
-0
-0
-0
4.58573
-0
-0
-0
-0
-0
23.0148
-0
-0
-0
-0
-0
-0
63.0554
-0
-0
-0
-0
-0
-0
-0
-0
-0
-0
-0
-0
41.3902
-0
-0
-0
-0
-0
-0
-0
-0
-0
-0
-0
-0
-0
-0
24.6574
-0
-0
3.30986
-0
-0
-0
-0
-0
0.495331
-0
-0
-0
0.119696
9.75143
31.8972
14.7579
-0
-0
2.04684
-0
-0
-0
-0
-0
-0
-0
-0
8.33685
26.1451
22.7144
50.2525
35.5894
13.6709
-0
15.0893
-0
-0
-0
9.91503
-0
-0
-0
12.5043
24.3486
-0
-0
-0
-0
-0
-0
-0
-0
-0
-0
15.5668
-0
-0
-0
-0
-0
-0
-0
-0
-0
-0
-0
18.205
-0
-0
-0
55.6927
33.7953
-0
-0
-0
-0
-0
-0
-0
-0
-0
-0
-0
-0
-0
-0
-0
-0
-0
-0
-0
-0
-0
-0
-0
-0
-0
6.07009
-0
29.3592
-0
-0
-0
-0
-0
-0
0.631758
-0
-0
-0
-0
-0
-0
-0
1.39965
-0
-0
-0
-0
-0
-0
-0
-0
1.35043
-0
-0
-0
-0
-0
22.2293
-0
58.3785
-0
-0
-0
-0
-0
-0
-0
-0
34.6798
-0
34.9433
-0
16.5374
-0
-0
-0
-0
-0
-0
1.51488
-0
-0
-0
62.9976
-0
-0
-0
-0
-0
-0
14.3616
38.474
30.7596
-0
32.486
-0
-0
38.6638
-0
-0
-0
5.70589
-0
13.3514
-0
-0
-0
-0
-0
-0
-0
-0
6.85433
16.884
-0
22.4696
-0
-0
-0
-0
-0
37.7489
-0
-0
-0
41.731
-0
-0
-0
-0
-0
-0
-0
-0
-0
-0
-0
-0
-0
-0
-0
-0
-0
14.6284
-0
-0
-0
-0
-0
-0
-0
-0
-0
1.93383
-0
23.0135
-0
-0
-0
-0
-0
-0
-0
-0
-0
16.6833
-0
-0
-0
-0
-0
4.56026
-0
14.4629
-0
-0
7.03502
-0
-0
14.1986
5.17413
-0
-0
53.0928
-0
-0
-0
-0
49.0994
-0
-0
-0
-0
-0
-0
-0
-0
0.185406
-0
-0
-0
-0
-0
-0
-0
-0
-0
-0
-0
-0
-0
-0
-0
-0
-0
-0
4.33199
72.268
-0
-0
-0
23.6415
-0
-0
28.1906
9.90063
-0
-0
-0
99.0975
-0
-0
-0
-0
11.199
-0
-0
-0
-0
-0
19.4242
-0
-0
-0
-0
-0
-0
-0
12.6513
-0
-0
-0
-0
-0
-0
36.491
-0
-0
21.9453
-0
-0
-0
34.0536
26.4992
-0
-0
-0
-0
-0
-0
-0
-0
-0
0.233566
5.81809
-0
-0
-0
-0
-0
-0
-0
46.4632
-0
-0
-0
-0
-0
-0
5.70637
53.8506
50.9469
-0
-0
11.1258
-0
-0
-0
-0
-0
-0
-0
-0
-0
-0
3.2419
8.87959
-0
-0
-0
2.81846
-0
11.4623
-0
-0
29.1484
-0
-0
-0
-0
15.6727
-0
-0
-0
3.18397
-0
-0
8.68227
-0
27.8814
0.0790516
-0
-0
30.9031
-0
0.469911
9.02086
-0
-0
-0
-0
-0
-0
-0
-0
-0
-0
-0
-0
-0
-0
-0
20.008
-0
14.5784
16.0811
-0
-0
-0
8.98337
-0
-0
-0
-0
-0
-0
4.79433
-0
-0
-0
-0
-0
-0
28.5652
-0
-0
-0
12.507
-0
-0
-0
-0
-0
-0
-0
-0
-0
-0
-0
-0
-0
-0
-0
25.8713
-0
-0
41.8297
-0
-0
-0
-0
-0
-0
-0
-0
-0
-0
-0
-0
-0
-0
-0
-0
-0
-0
27.8389
-0
-0
-0
-0
8.14148
49.6373
-0
-0
20.2049
-0
-0
0.337809
-0
-0
-0
-0
8.65608
52.8942
-0
-0
-0
72.2489
-0
3.2429
-0
-0
-0
-0
-0
-0
-0
-0
-0
-0
-0
-0
9.09444
1.57487
1.68486
15.9458
-0
-0
-0
-0
-0
-0
-0
-0
33.968
22.0661
-0
-0
-0
-0
15.5192
23.5871
-0
-0
-0
-0
14.0536
-0
60.4274
22.492
-0
-0
0.96369
-0
-0
-0
60.1733
-0
-0
-0
-0
-0
-0
-0
-0
-0
-0
-0
-0
-0
67.8146
-0
14.315
-0
-0
-0
-0
-0
-0
-0
-0
49.5726
50.2708
-0
-0
-0
-0
-0
-0
-0
-0
-0
-0
7.47463
-0
-0
-0
-0
-0
-0
-0
-0
12.2711
-0
-0
6.62726
17.2654
-0
-0
-0
-0
-0
-0
5.99494
-0
-0
26.3626
-0
3.27223
-0
-0
-0
13.9275
-0
-0
-0
-0
0.851742
-0
6.24877
-0
61.1607
-0
-0
-0
-0
-0
-0
-0
23.1593
0.961099
-0
-0
-0
-0
-0
-0
-0
-0
-0
18.7445
-0
-0
-0
-0
4.43819
-0
-0
1.47022
5.40151
-0
-0
-0
-0
-0
-0
-0
-0
-0
-0
-0
11.2334
-0
-0
-0
-0
-0
-0
-0
-0
-0
-0
-0
-0
-0
-0
-0
-0
12.5495
-0
-0
34.2321
-0
-0
-0
-0
-0
-0
33.1281
-0
-0
-0
-0
-0
-0
-0
-0
1.5234
-0
17.9518
12.1984
-0
-0
-0
20.4157
-0
13.3807
-0
-0
-0
-0
-0
-0
-0
-0
-0
-0
0.529378
-0
-0
-0
27.4822
3.94358
-0
48.8947
-0
-0
-0
-0
-0
-0
-0
-0
-0
10.1318
-0
0.897768
26.9168
-0
19.0942
-0
-0
-0
-0
-0
-0
5.08671
-0
-0
-0
-0
-0
-0
2.18218
-0
-0
-0
41.3537
-0
-0
-0
-0
-0
-0
-0
-0
-0
-0
-0
-0
-0
-0
47.5362
-0
-0
-0
8.0595
32.2476
-0
-0
3.7684
59.23
-0
-0
20.3207
-0
-0
-0
-0
-0
-0
-0
-0
-0
19.689
-0
-0
-0
-0
-0
8.79229
-0
-0
-0
-0
0.37408
-0
-0
-0
-0
-0
-0
5.57017
-0
-0
-0
-0
-0
-0
-0
-0
-0
7.91496
-0
-0
-0
-0
0.696524
-0
-0
-0
-0
16.7421
-0
-0
4.77838
-0
-0
30.9962
47.2875
20.664
9.22908
-0
-0
-0
-0
-0
0.690976
-0
-0
-0
-0
-0
1.96871
-0
33.6943
-0
-0
-0
-0
-0
-0
12.8132
-0
-0
-0
-0
6.32325
-0
22.7803
-0
-0
-0
-0
-0
-0
-0
-0
-0
-0
-0
47.8149
-0
-0
-0
-0
-0
-0
42.4619
-0
41.3562
-0
-0
47.8009
-0
-0
-0
-0
-0
-0
5.81192
-0
-0
-0
-0
15.4365
-0
17.9665
-0
-0
-0
-0
10.9557
-0
-0
-0
33.2395
3.85255
-0
-0
27.7312
-0
53.0435
-0
-0
-0
0.756693
-0
-0
-0
-0
-0
-0
-0
-0
-0
-0
-0
45.6568
-0
-0
-0
-0
-0
-0
-0
-0
-0
8.16029
-0
6.02805
8.92431
-0
-0
-0
-0
29.2747
33.0651
29.3143
-0
29.1699
-0
-0
-0
2.17135
-0
-0
-0
-0
-0
-0
-0
-0
-0
10.5611
7.46926
-0
-0
4.50217
19.337
15.2804
-0
-0
-0
-0
2.5669
-0
-0
25.2758
20.3776
-0
15.9125
-0
-0
-0
-0
-0
-0
5.61415
-0
-0
-0
-0
-0
2.03928
-0
-0
-0
3.14107
-0
-0
-0
-0
-0
-0
-0
-0
-0
-0
-0
-0
-0
21.9161
9.96347
-0
53.724
-0
-0
-0
-0
48.009
-0
-0
-0
13.2625
-0
36.0283
-0
-0
-0
-0
-0
19.5223
-0
3.34121
-0
-0
-0
51.8139
-0
-0
-0
-0
-0
-0
-0
-0
-0
58.7269
-0
-0
-0
-0
-0
-0
-0
-0
-0
-0
-0
-0
-0
47.2189
-0
10.4295
16.0518
-0
-0
-0
-0
1.25575
-0
-0
11.3516
-0
-0
-0
-0
11.1414
-0
78.4948
3.76939
35.4043
-0
27.5169
3.10099
-0
-0
5.30226
-0
-0
-0
-0
-0
-0
24.2791
-0
-0
-0
-0
-0
-0
12.8973
-0
-0
6.73062
-0
-0
23.2909
-0
2.67365
34.4666
-0
-0
-0
-0
-0
-0
-0
-0
-0
72.1285
4.89766
0.0668585
-0
-0
-0
52.6739
24.6085
-0
-0
-0
-0
-0
-0
-0
5.82423
-0
-0
-0
-0
-0
43.7138
-0
36.4536
43.9474
-0
-0
-0
-0
-0
-0
24.9304
-0
-0
-0
40.2245
-0
-0
-0
-0
-0
-0
-0
-0
-0
-0
-0
-0
2.68821
12.1785
-0
-0
-0
24.4243
-0
-0
40.7886
-0
-0
-0
-0
-0
7.54601
-0
-0
-0
-0
-0
37.3948
3.80097
-0
-0
-0
-0
-0
45.8303
-0
-0
-0
-0
-0
-0
43.7117
-0
-0
-0
-0
-0
-0
-0
-0
3.989
-0
-0
-0
-0
17.0431
-0
73.7899
-0
88.4162
23.5269
-0
-0
-0
45.3095
-0
-0
-0
-0
-0
82.3851
-0
-0
-0
-0
-0
-0
-0
-0
-0
-0
-0
-0
40.385
-0
5.9446
-0
-0
-0
-0
-0
-0
-0
-0
-0
-0
23.2724
-0
-0
13.1648
-0
6.14819
-0
-0
-0
-0
64.5089
-0
-0
-0
-0
-0
34.1742
-0
29.7288
-0
18.4454
56.8044
-0
-0
-0
-0
-0
-0
-0
-0
-0
-0
-0
-0
-0
-0
-0
22.9358
-0
34.4567
-0
-0
-0
-0
-0
-0
39.1543
-0
43.4394
-0
-0
-0
-0
-0
-0
-0
-0
1.216
-0
-0
-0
18.8371
-0
-0
-0
-0
-0
-0
-0
29.4997
-0
-0
-0
-0
-0
27.7489
17.2807
-0
-0
-0
-0
-0
-0
-0
-0
-0
-0
-0
-0
8.82858
-0
-0
-0
-0
-0
-0
-0
-0
-0
-0
-0
-0
-0
-0
-0
-0
-0
-0
-0
-0
8.28721
-0
-0
-0
-0
-0
58.1455
-0
-0
-0
-0
-0
-0
-0
6.32
-0
-0
-0
21.7037
-0
-0
25.2425
-0
33.3696
-0
70.3785
-0
-0
-0
-0
8.31597
19.1714
-0
-0
-0
-0
54.4861
-0
87.7281
-0
-0
4.27282
47.5683
-0
-0
-0
-0
-0
-0
-0
-0
-0
-0
19.6341
-0
-0
-0
19.9258
-0
-0
4.44726
-0
10.9563
-0
-0
-0
8.31156
-0
49.0834
13.0853
-0
-0
-0
-0
10.5683
-0
-0
-0
-0
-0
-0
-0
-0
-0
-0
31.128
-0
-0
-0
-0
-0
51.9035
-0
48.2827
-0
-0
-0
-0
-0
-0
-0
-0
-0
-0
-0
-0
21.2015
33.158
1.06499
-0
-0
-0
6.40811
-0
-0
-0
22.7812
-0
-0
-0
53.6157
-0
-0
10.9795
62.1136
-0
-0
-0
-0
-0
-0
-0
14.3247
-0
-0
-0
-0
-0
-0
-0
-0
-0
-0
-0
47.3849
-0
42.3658
1.71345
16.3052
64.0978
-0
16.3008
-0
-0
16.67
-0
-0
-0
-0
-0
-0
-0
-0
-0
17.2051
-0
-0
-0
-0
-0
17.0041
6.82124
-0
-0
-0
-0
-0
-0
-0
-0
-0
-0
-0
50.5624
-0
-0
-0
-0
-0
-0
-0
-0
-0
-0
-0
-0
-0
17.5752
-0
0.716438
-0
-0
-0
-0
-0
-0
-0
33.8516
-0
-0
-0
-0
-0
-0
-0
2.79073
-0
-0
-0
-0
-0
-0
-0
-0
-0
-0
-0
-0
-0
-0
-0
-0
-0
-0
-0
3.57077
-0
-0
-0
-0
-0
-0
-0
-0
82.0908
-0
-0
-0
47.5493
-0
-0
-0
-0
-0
-0
52.8873
-0
-0
-0
-0
15.3005
13.946
-0
135.096
-0
-0
5.81541
-0
-0
-0
-0
-0
-0
-0
-0
-0
-0
-0
8.0763
48.9729
-0
28.0606
-0
-0
-0
-0
20.2949
23.2817
-0
-0
-0
19.232
-0
8.70512
-0
-0
-0
-0
8.36616
-0
-0
-0
33.0376
-0
-0
-0
-0
-0
-0
-0
4.30403
44.0057
-0
-0
-0
-0
-0
-0
27.6836
-0
-0
-0
-0
-0
-0
-0
-0
-0
2.71997
-0
-0
-0
-0
-0
-0
36.0066
-0
