-0
-0
-0
-0
-0
15.0594
-0
-0
14.2546
-0
-0
-0
-0
-0
-0
24.712
-0
-0
-0
0.376861
-0
-0
-0
-0
-0
-0
20.4217
-0
-0
-0
-0
-0
-0
-0
5.73826
-0
-0
-0
-0
-0
0.287654
-0
-0
3.9506
-0
-0
-0
-0
-0
-0
-0
-0
-0
-0
-0
-0
-0
1.6573
-0
3.66583
-0
-0
-0
17.5425
13.6992
-0
-0
10.6767
-0
0.741329
-0
14.2898
-0
-0
-0
1.21802
56.5055
-0
-0
36.7342
-0
59.5455
37.4873
-0
13.821
-0
-0
-0
-0
-0
32.519
-0
-0
-0
8.36437
-0
14.4542
-0
7.45004
-0
-0
-0
-0
-0
-0
-0
16.1613
-0
-0
-0
10.81
10.1327
-0
-0
-0
7.93552
-0
-0
51.4167
65.1209
-0
-0
-0
-0
-0
-0
-0
43.86
-0
-0
34.1565
-0
19.7737
-0
-0
-0
29.3793
40.3877
-0
-0
-0
-0
44.7859
15.6581
-0
-0
-0
-0
-0
-0
28.1037
-0
-0
-0
-0
-0
-0
15.2871
-0
0.727278
-0
-0
-0
-0
57.9599
-0
26.8635
14.8195
-0
78.8611
-0
13.6612
-0
-0
-0
-0
-0
-0
-0
-0
-0
-0
-0
-0
-0
-0
-0
-0
-0
-0
53.2749
16.0426
5.73143
18.2141
-0
-0
-0
24.6179
-0
-0
-0
-0
30.5374
-0
-0
-0
27.241
18.6927
-0
-0
-0
-0
72.0034
-0
-0
34.1155
-0
-0
-0
-0
-0
-0
-0
0.643929
-0
-0
-0
39.726
-0
6.63317
-0
-0
-0
-0
-0
-0
-0
-0
-0
-0
16.2599
-0
-0
-0
-0
-0
-0
-0
-0
-0
-0
16.1569
-0
-0
18.8128
-0
-0
-0
-0
-0
7.09159
-0
22.4088
-0
-0
-0
-0
2.03413
-0
-0
-0
26.6452
-0
21.6213
-0
-0
-0
-0
-0
-0
9.40141
1.55144
-0
25.3482
-0
-0
11.3586
3.55683
-0
-0
-0
-0
31.5348
-0
9.56731
-0
38.6014
-0
27.6635
71.5904
-0
-0
-0
13.7112
-0
30.1767
-0
-0
46.6044
-0
12.9115
-0
-0
-0
-0
0.471592
-0
-0
-0
0.676071
-0
-0
-0
22.1599
20.6208
-0
1.45296
-0
-0
6.8706
-0
-0
-0
-0
-0
-0
-0
5.97993
29.5371
19.8164
34.458
-0
-0
2.52046
14.1455
-0
-0
-0
-0
-0
-0
-0
7.42873
-0
-0
-0
-0
-0
12.2024
-0
16.0069
-0
-0
41.6047
8.40693
2.8877
-0
-0
32.1634
-0
-0
10.4048
0.640487
8.90461
-0
-0
28.2814
-0
20.5213
-0
-0
4.74399
51.4522
-0
-0
-0
-0
-0
-0
-0
-0
-0
-0
-0
-0
-0
-0
-0
-0
4.86018
10.7249
-0
-0
-0
4.74571
-0
-0
15.2531
-0
-0
-0
39.1039
-0
-0
36.6479
-0
-0
-0
-0
-0
46.567
-0
-0
-0
-0
-0
-0
0.0131555
-0
-0
-0
5.43647
-0
-0
15.2004
-0
15.0171
-0
-0
-0
-0
-0
-0
-0
-0
9.01169
-0
-0
-0
-0
16.9242
13.3291
-0
-0
-0
1.04539
-0
4.71757
-0
-0
-0
-0
25.5522
-0
-0
-0
-0
-0
8.26421
-0
-0
-0
-0
-0
-0
-0
-0
-0
-0
-0
-0
-0
-0
-0
-0
-0
-0
-0
-0
-0
54.7937
-0
-0
-0
-0
14.4811
-0
-0
-0
38.2011
-0
-0
25.9336
16.7225
-0
-0
7.20455
-0
-0
-0
-0
-0
22.326
-0
-0
-0
-0
8.17462
5.44831
-0
-0
-0
-0
-0
-0
-0
-0
-0
-0
-0
-0
-0
-0
-0
30.9548
-0
14.6416
-0
-0
-0
-0
-0
-0
-0
-0
11.4632
-0
-0
-0
33.7156
-0
-0
-0
-0
60.7912
12.1547
-0
-0
9.62275
-0
-0
-0
49.0205
-0
0.390403
-0
4.5848
-0
-0
22.1571
-0
-0
16.3868
-0
26.5508
-0
-0
-0
-0
-0
-0
-0
-0
17.3114
-0
-0
-0
-0
-0
22.1266
-0
-0
-0
-0
-0
-0
-0
33.1621
32.2615
-0
0.234198
-0
-0
-0
-0
-0
-0
37.4897
23.0673
-0
-0
-0
16.8094
-0
-0
-0
10.3185
-0
-0
-0
-0
-0
-0
16.2831
-0
-0
-0
-0
-0
-0
-0
33.8774
-0
-0
-0
-0
-0
-0
7.74916
-0
-0
-0
-0
-0
-0
-0
-0
-0
-0
-0
-0
-0
-0
-0
35.1007
-0
-0
-0
-0
-0
18.4548
-0
8.41996
34.7023
-0
38.1672
6.72169
-0
-0
-0
29.4551
-0
-0
-0
37.8144
22.4943
-0
-0
1.0417
34.4542
12.0602
-0
-0
-0
-0
33.4801
-0
-0
-0
-0
-0
-0
27.8948
-0
-0
-0
-0
-0
-0
-0
-0
-0
-0
4.95169
-0
-0
-0
-0
-0
-0
-0
-0
-0
-0
-0
-0
-0
-0
-0
-0
-0
-0
-0
-0
-0
-0
-0
-0
33.1597
-0
9.63062
-0
-0
10.6224
19.0961
3.23757
-0
0.352642
-0
-0
-0
-0
-0
-0
-0
-0
-0
-0
-0
39.7152
-0
-0
-0
-0
-0
-0
-0
-0
3.70779
-0
-0
-0
-0
16.3212
0.939348
25.5392
14.7737
-0
-0
7.77756
-0
-0
-0
-0
-0
-0
-0
-0
-0
17.5527
-0
-0
-0
-0
-0
-0
-0
40.69
-0
-0
-0
-0
32.7983
-0
39.5172
11.6954
-0
-0
-0
-0
-0
-0
-0
-0
8.67776
-0
-0
13.5777
5.36185
-0
-0
-0
-0
-0
-0
50.1348
-0
-0
-0
10.9838
-0
-0
0.843992
-0
-0
-0
-0
2.24708
-0
-0
10.1716
-0
-0
-0
-0
-0
-0
41.6185
-0
10.0945
-0
-0
-0
-0
-0
5.53688
2.78525
-0
-0
13.6918
-0
-0
6.7711
-0
-0
-0
30.5607
-0
-0
0.712037
-0
3.00116
-0
-0
-0
-0
-0
-0
-0
-0
-0
-0
-0
20.6057
9.18928
-0
41.0464
-0
-0
-0
-0
0.3679
-0
-0
-0
43.9777
-0
-0
10.1031
-0
-0
-0
37.6654
-0
-0
18.1612
11.1142
-0
-0
39.3164
13.7237
-0
-0
-0
17.6351
-0
27.9682
-0
-0
-0
5.82538
36.2107
-0
-0
-0
-0
-0
0.85259
-0
16.3046
13.2764
-0
-0
-0
17.9544
-0
-0
0.166551
-0
-0
-0
-0
21.1157
19.5799
-0
-0
3.48383
-0
-0
77.4483
69.7953
-0
-0
-0
-0
-0
5.15564
-0
-0
-0
-0
-0
-0
-0
-0
-0
4.83835
0.0354672
-0
-0
-0
-0
-0
-0
7.03873
0.532194
-0
-0
-0
22.63
-0
-0
-0
-0
-0
-0
-0
-0
-0
-0
-0
-0
-0
-0
-0
7.88089
-0
-0
-0
-0
-0
29.4555
-0
-0
-0
20.9548
26.1408
-0
-0
25.6995
-0
-0
-0
9.15131
-0
-0
-0
-0
-0
-0
38.4328
-0
18.3357
-0
-0
-0
-0
-0
-0
-0
-0
-0
-0
24.0903
26.8589
-0
-0
-0
-0
24.7516
-0
-0
-0
-0
-0
-0
-0
-0
-0
21.6318
32.5663
-0
-0
-0
-0
-0
-0
-0
-0
-0
22.053
0.187132
9.80844
25.771
-0
-0
-0
-0
-0
-0
-0
-0
13.5111
-0
-0
32.1756
-0
-0
-0
17.1501
-0
-0
-0
-0
-0
4.06676
-0
-0
23.8182
-0
-0
-0
-0
-0
-0
-0
-0
2.05931
11.81
-0
-0
-0
-0
0.116902
53.7718
11.758
-0
-0
-0
-0
-0
-0
-0
-0
-0
-0
0.0147368
-0
-0
-0
37.5715
2.58686
-0
9.50332
-0
-0
-0
-0
24.759
-0
-0
-0
-0
-0
-0
-0
-0
-0
-0
-0
-0
4.61811
5.072
9.32928
-0
-0
-0
-0
-0
20.9921
0.556167
-0
-0
-0
-0
-0
-0
-0
-0
41.4071
-0
-0
-0
-0
-0
-0
-0
-0
-0
-0
-0
44.4235
-0
-0
-0
25.8608
-0
-0
-0
-0
-0
-0
-0
-0
5.68979
-0
10.5597
52.0775
12.9053
-0
-0
-0
30.8146
-0
37.4765
-0
-0
-0
14.0698
-0
-0
-0
-0
-0
-0
-0
-0
11.7939
-0
8.99791
-0
-0
-0
16.2049
-0
25.8584
-0
-0
9.12341
-0
-0
-0
-0
8.67348
-0
-0
-0
-0
-0
-0
-0
-0
-0
-0
-0
31.2645
-0
-0
2.8756
-0
-0
44.9198
-0
-0
-0
-0
-0
-0
-0
-0
10.4599
-0
-0
2.26133
-0
-0
-0
5.41386
-0
-0
-0
-0
-0
-0
-0
-0
-0
-0
-0
-0
23.6217
36.508
-0
27.9345
-0
-0
-0
-0
-0
45.713
-0
-0
-0
-0
-0
-0
-0
-0
4.71212
-0
-0
32.1066
10.733
-0
-0
-0
-0
-0
13.1686
37.5212
6.89845
-0
5.67864
28.7689
-0
-0
-0
-0
35.1189
-0
-0
-0
-0
-0
-0
-0
18.2249
5.65598
-0
2.84246
-0
-0
-0
-0
9.41104
28.0274
-0
-0
-0
-0
-0
-0
31.7145
-0
20.0326
-0
-0
4.6672
-0
21.806
79.2531
7.32507
2.91782
-0
-0
-0
-0
-0
-0
-0
-0
-0
18.9532
-0
-0
-0
-0
24.9964
-0
-0
12.4926
6.58056
14.3866
-0
-0
-0
-0
-0
-0
-0
-0
0.505485
6.2063
-0
-0
-0
8.42813
-0
-0
-0
-0
-0
-0
-0
-0
39.0196
-0
-0
-0
-0
-0
-0
-0
-0
-0
-0
-0
-0
-0
-0
-0
-0
-0
-0
56.3286
-0
-0
7.46314
9.17631
14.9772
-0
7.00521
-0
-0
-0
-0
38.9457
-0
36.8315
-0
-0
-0
-0
-0
14.9451
-0
-0
4.89674
-0
-0
-0
-0
-0
-0
-0
-0
-0
-0
28.11
-0
-0
-0
-0
12.1267
20.9701
30.4297
-0
0.669863
38.9997
-0
32.2857
43.1111
-0
21.893
-0
-0
-0
-0
-0
-0
-0
-0
-0
7.91444
-0
-0
-0
-0
-0
-0
-0
-0
-0
-0
-0
-0
-0
-0
-0
-0
-0
-0
-0
-0
-0
31.0387
-0
-0
-0
6.40295
-0
-0
-0
-0
-0
-0
-0
-0
-0
-0
-0
-0
-0
-0
16.4073
-0
-0
-0
34.1783
-0
-0
-0
-0
-0
-0
-0
21.6678
-0
-0
-0
2.12229
-0
12.7268
-0
16.3955
-0
-0
15.6427
10.0397
-0
-0
-0
-0
-0
-0
-0
-0
-0
-0
-0
-0
-0
-0
-0
46.2193
-0
1.07918
-0
-0
-0
-0
-0
-0
22.0493
-0
-0
-0
-0
-0
-0
-0
-0
-0
-0
-0
-0
-0
5.72731
7.30343
-0
-0
-0
-0
-0
-0
-0
-0
-0
-0
-0
-0
-0
-0
-0
18.0549
-0
-0
-0
-0
-0
-0
-0
-0
-0
-0
-0
-0
-0
4.81193
-0
-0
-0
-0
-0
-0
-0
14.6681
-0
-0
-0
-0
-0
10.5004
-0
7.34703
-0
-0
-0
-0
-0
-0
-0
-0
-0
19.0621
-0
-0
-0
-0
20.4521
-0
0.947432
19.7493
-0
-0
-0
-0
-0
-0
-0
-0
10.4725
-0
-0
-0
-0
-0
-0
5.32967
40.4408
-0
-0
-0
-0
29.8769
3.82271
-0
-0
-0
9.14232
49.1327
29.674
-0
30.5344
-0
-0
-0
26.2974
-0
-0
-0
-0
-0
-0
25.6159
-0
-0
-0
-0
-0
25.5432
-0
16.0515
-0
-0
-0
26.3647
-0
14.4118
6.67368
-0
-0
-0
-0
-0
-0
-0
-0
-0
-0
-0
-0
43.1071
-0
-0
-0
18.0579
14.219
-0
19.6323
-0
-0
-0
13.5897
-0
-0
-0
2.53555
47.2043
-0
-0
-0
18.6212
-0
-0
4.28052
44.1175
-0
-0
-0
-0
-0
-0
-0
-0
-0
-0
-0
-0
-0
-0
-0
-0
-0
-0
-0
-0
46.2304
-0
-0
18.8721
8.69287
-0
-0
-0
-0
-0
-0
-0
14.8167
-0
-0
-0
-0
-0
-0
-0
-0
44.6633
-0
13.3312
-0
-0
-0
-0
0.552344
33.7856
-0
-0
-0
-0
-0
-0
-0
10.6854
-0
-0
-0
-0
-0
-0
-0
8.96716
-0
-0
11.2366
-0
-0
-0
-0
-0
-0
-0
-0
23.7618
-0
-0
2.52665
-0
-0
-0
18.8836
-0
-0
-0
-0
27.6571
-0
1.13647
-0
-0
6.1262
-0
13.3498
-0
-0
-0
-0
-0
-0
12.5553
-0
-0
-0
-0
-0
34.7403
16.0047
-0
-0
-0
-0
-0
-0
-0
-0
-0
-0
-0
-0
17.6104
-0
19.0349
-0
-0
-0
-0
-0
-0
-0
-0
-0
-0
-0
-0
-0
-0
-0
-0
0.860436
-0
-0
-0
-0
-0
-0
5.48135
0.276228
-0
-0
-0
-0
-0
0.810039
11.7398
-0
-0
-0
-0
-0
-0
-0
-0
-0
-0
-0
35.4401
-0
-0
-0
-0
1.22412
-0
-0
-0
6.33363
3.3034
-0
-0
-0
-0
-0
-0
-0
-0
-0
15.4166
7.85876
-0
-0
-0
15.5364
-0
6.35883
32.3982
-0
-0
-0
-0
2.91079
-0
92.845
8.63034
-0
10.1629
43.1628
9.18027
11.943
5.9896
-0
-0
3.73816
-0
3.67753
-0
-0
-0
-0
-0
-0
-0
-0
6.38047
-0
25.1428
-0
-0
-0
15.2611
-0
-0
-0
28.8862
-0
-0
6.5071
-0
-0
-0
22.0337
-0
-0
-0
-0
-0
-0
4.47063
11.1682
30.4322
-0
-0
7.24302
-0
-0
-0
-0
-0
-0
-0
-0
34.2677
-0
-0
-0
-0
-0
14.7677
-0
-0
-0
-0
0.340079
12.4063
20.9241
-0
-0
-0
74.6313
11.867
-0
-0
10.0678
-0
0.955616
-0
56.4731
-0
4.16447
-0
-0
0.487682
21.7178
11.5268
-0
14.5294
0.561082
0.917609
16.1451
-0
4.28088
-0
-0
-0
-0
-0
-0
-0
7.65688
-0
16.3804
-0
10.4841
40.8279
-0
-0
-0
-0
-0
18.0259
14.7305
21.9588
-0
-0
-0
12.826
8.57283
-0
-0
-0
-0
-0
-0
-0
-0
45.0922
-0
-0
-0
-0
-0
-0
-0
-0
-0
-0
-0
-0
0.196253
-0
31.2024
28.3738
-0
-0
-0
0.639746
-0
-0
-0
-0
-0
-0
-0
-0
-0
-0
-0
-0
59.5751
-0
-0
-0
36.7764
-0
-0
-0
-0
-0
-0
-0
-0
12.4864
-0
-0
-0
-0
2.67169
-0
-0
-0
-0
-0
-0
-0
0.397116
27.5358
-0
12.9605
9.53326
-0
-0
57.6361
-0
-0
-0
-0
-0
17.7518
60.608
-0
15.4415
27.0567
-0
-0
-0
-0
-0
-0
-0
1.20373
13.26
-0
37.6608
16.0619
-0
-0
4.59227
-0
-0
-0
-0
-0
7.66932
27.2796
-0
-0
-0
-0
-0
-0
-0
-0
-0
-0
-0
-0
-0
-0
-0
-0
2.73772
-0
-0
-0
-0
-0
-0
-0
-0
-0
10.5452
35.7936
-0
-0
-0
-0
-0
-0
-0
15.174
-0
56.1606
3.18493
10.9223
14.054
15.2562
-0
-0
-0
-0
-0
19.0722
1.17792
-0
-0
-0
12.7839
-0
-0
-0
-0
-0
-0
-0
-0
-0
-0
-0
-0
-0
-0
42.7554
19.5568
-0
-0
-0
-0
-0
-0
-0
-0
6.64377
-0
-0
-0
-0
-0
-0
-0
-0
-0
-0
-0
-0
-0
-0
-0
-0
-0
29.2423
-0
24.8149
9.69526
-0
-0
-0
-0
-0
-0
8.12336
8.88883
-0
-0
-0
16.1173
-0
-0
-0
-0
-0
-0
-0
-0
-0
-0
-0
-0
-0
-0
-0
-0
-0
-0
-0
-0
11.0841
-0
-0
-0
-0
-0
11.7924
-0
-0
-0
-0
-0
-0
9.80105
-0
-0
-0
-0
-0
18.8133
-0
9.32359
-0
14.567
-0
24.684
-0
-0
-0
35.8149
2.86108
-0
-0
-0
20.6619
-0
15.5652
-0
-0
-0
-0
-0
-0
30.3223
-0
27.4961
-0
-0
-0
24.2755
-0
-0
-0
-0
-0
-0
25.6312
-0
-0
-0
-0
-0
33.7873
-0
-0
22.9401
-0
19.6169
48.3195
-0
15.0665
-0
-0
-0
-0
-0
-0
-0
-0
-0
-0
-0
-0
-0
-0
-0
13.7779
-0
-0
-0
-0
0.754973
-0
1.49808
-0
-0
-0
-0
-0
70.2024
-0
-0
-0
0.705378
-0
-0
12.2591
10.0244
-0
-0
-0
28.9309
-0
-0
12.5835
-0
16.8803
57.5155
-0
-0
-0
-0
-0
8.86461
17.6249
4.90767
-0
7.00087
-0
-0
-0
-0
6.65877
-0
-0
-0
-0
-0
-0
-0
-0
-0
17.735
8.93283
-0
-0
2.13239
-0
3.91318
-0
-0
3.65806
-0
-0
-0
-0
10.7275
-0
-0
-0
-0
-0
17.6147
50.1175
30.7725
-0
-0
-0
-0
-0
-0
-0
-0
-0
-0
-0
2.27578
-0
-0
-0
-0
9.32139
6.3309
-0
-0
-0
-0
-0
-0
17.6542
-0
7.26125
-0
-0
-0
-0
-0
-0
-0
6.06702
-0
-0
-0
-0
-0
-0
-0
-0
-0
-0
-0
20.6115
-0
21.1377
9.26407
-0
51.0388
-0
-0
-0
-0
-0
-0
-0
31.2645
19.2147
-0
-0
-0
-0
-0
-0
-0
-0
-0
-0
3.78342
-0
-0
-0
49.6861
18.6712
-0
-0
-0
-0
10.9633
-0
-0
-0
-0
47.1965
-0
-0
-0
-0
-0
-0
39.3803
-0
3.72646
2.30351
4.10567
-0
36.6474
-0
3.89524
-0
-0
41.4005
18.0707
-0
23.3068
-0
-0
-0
-0
-0
6.91788
-0
2.53593
-0
11.2811
-0
-0
-0
-0
-0
14.1979
-0
-0
-0
-0
-0
-0
17.8097
11.9367
-0
6.85443
-0
-0
4.75037
-0
-0
-0
-0
-0
-0
-0
-0
-0
-0
29.8586
-0
-0
-0
-0
21.6802
-0
15.3939
-0
-0
-0
-0
-0
-0
-0
-0
5.18019
-0
7.13626
-0
-0
1.51251
-0
-0
32.9921
-0
-0
-0
39.2033
-0
19.9206
-0
-0
-0
-0
-0
-0
-0
-0
-0
-0
-0
-0
-0
-0
-0
10.528
-0
-0
-0
-0
-0
-0
-0
-0
-0
-0
14.7063
-0
11.1027
-0
30.4123
41.8457
-0
-0
-0
46.1241
-0
-0
-0
-0
-0
10.1372
-0
44.7775
-0
50.5494
-0
-0
3.75028
61.6466
-0
-0
-0
-0
-0
-0
4.77942
-0
-0
-0
-0
-0
7.88635
-0
-0
-0
-0
-0
-0
-0
-0
-0
-0
-0
-0
-0
-0
-0
-0
32.1605
-0
-0
-0
-0
-0
-0
-0
23.9667
-0
-0
-0
-0
-0
14.7016
-0
-0
-0
-0
-0
-0
-0
-0
4.42805
-0
-0
-0
-0
-0
-0
-0
-0
-0
-0
-0
-0
-0
-0
-0
-0
0.165907
-0
-0
-0
-0
37.7695
-0
-0
0.683361
-0
-0
13.9365
-0
-0
-0
-0
-0
7.83674
-0
-0
-0
-0
-0
20.1603
4.84174
-0
-0
-0
1.80566
-0
1.93795
-0
-0
-0
-0
-0
-0
-0
-0
-0
4.99205
17.8151
-0
54.7188
-0
-0
-0
-0
-0
23.8438
-0
-0
7.06382
-0
-0
-0
19.8404
-0
-0
-0
0.778991
-0
-0
-0
-0
-0
-0
4.51553
64.0591
-0
-0
-0
-0
-0
-0
-0
-0
-0
-0
-0
-0
-0
-0
-0
-0
21.9699
-0
-0
-0
-0
-0
9.7474
-0
-0
11.7975
-0
-0
11.4781
-0
-0
19.0422
-0
-0
31.946
-0
-0
-0
38.1427
-0
25.7971
15.4412
30.0491
-0
-0
-0
-0
33.9628
-0
2.92423
-0
11.9261
-0
-0
5.57718
-0
-0
-0
-0
17.8625
-0
-0
-0
72.9065
-0
-0
16.7289
2.21733
-0
40.7312
-0
-0
-0
-0
-0
-0
-0
-0
-0
-0
18.4982
3.78877
-0
6.52322
-0
-0
-0
0.0196816
-0
-0
11.3721
26.0006
-0
-0
-0
-0
-0
-0
-0
0.655234
-0
-0
-0
-0
-0
-0
-0
-0
26.6649
7.38033
-0
-0
11.6748
-0
-0
-0
-0
-0
-0
-0
30.2266
-0
-0
27.5158
-0
-0
15.572
-0
-0
8.94349
-0
-0
-0
-0
-0
-0
-0
17.0395
61.4909
-0
-0
-0
-0
-0
-0
-0
-0
-0
-0
3.61109
-0
-0
-0
-0
-0
-0
-0
-0
-0
-0
-0
37.5092
36.5638
-0
-0
-0
25.473
-0
-0
27.7441
-0
-0
41.7756
-0
-0
51.4158
-0
-0
-0
-0
22.8756
-0
3.52837
-0
-0
-0
-0
15.3108
-0
2.10729
-0
62.9126
-0
-0
-0
-0
-0
-0
11.3777
-0
-0
-0
-0
-0
-0
-0
9.8606
20.3285
-0
-0
-0
52.8082
-0
-0
-0
-0
-0
-0
-0
-0
-0
-0
-0
7.89911
-0
5.06462
-0
82.7125
-0
-0
1.83393
-0
-0
-0
-0
-0
-0
-0
-0
-0
-0
-0
-0
-0
7.36312
-0
-0
51.6354
50.3506
-0
-0
-0
-0
-0
40.3786
-0
-0
-0
-0
-0
24.1107
-0
-0
-0
7.55097
0.706511
-0
-0
-0
-0
32.72
-0
-0
-0
-0
-0
-0
-0
-0
-0
-0
-0
-0
17.9643
-0
1.27219
6.14859
42.8324
-0
38.3281
-0
-0
-0
-0
3.30243
-0
-0
-0
-0
-0
-0
-0
19.0487
-0
-0
-0
-0
-0
-0
-0
11.5683
-0
13.5677
5.48863
-0
-0
-0
-0
18.4537
-0
-0
-0
-0
-0
-0
-0
-0
-0
-0
-0
-0
-0
-0
-0
34.1019
-0
-0
-0
-0
-0
-0
-0
-0
3.79463
-0
-0
7.36285
7.08085
-0
-0
-0
-0
-0
-0
-0
1.94222
-0
-0
16.6657
-0
-0
-0
-0
-0
-0
19.7678
20.5497
-0
-0
-0
-0
-0
-0
41.2674
-0
-0
-0
-0
11.963
0.168453
-0
-0
-0
-0
-0
3.71398
-0
-0
-0
-0
-0
-0
-0
21.2051
-0
-0
-0
-0
49.5972
-0
-0
48.1366
-0
21.9693
-0
-0
7.10151
9.97236
19.6162
-0
-0
-0
-0
0.642638
-0
-0
-0
7.6733
-0
-0
-0
-0
-0
-0
-0
-0
-0
-0
-0
-0
-0
-0
-0
-0
12.8172
-0
-0
-0
-0
-0
-0
-0
-0
-0
33.3869
-0
-0
11.0585
-0
-0
72.9336
-0
-0
-0
15.5704
-0
-0
-0
-0
0.48793
-0
-0
-0
-0
-0
-0
26.1684
-0
-0
-0
-0
30.9157
-0
18.1
-0
-0
-0
-0
22.725
5.1499
-0
-0
-0
9.02421
-0
-0
13.4782
-0
5.27938
-0
11.5684
-0
-0
-0
-0
-0
-0
-0
-0
41.0883
-0
0.952415
-0
-0
-0
-0
14.8945
-0
2.92961
-0
-0
-0
-0
-0
6.70622
-0
5.51033
2.15213
-0
-0
2.22776
-0
-0
-0
-0
-0
-0
0.642214
-0
-0
-0
-0
-0
1.46561
-0
-0
-0
-0
-0
-0
-0
-0
-0
14.7627
-0
12.2434
-0
-0
-0
-0
5.8582
9.86277
-0
-0
3.82076
37.7538
-0
36.853
-0
-0
-0
22.163
0.941151
-0
-0
-0
-0
-0
-0
-0
-0
-0
-0
-0
58.9352
51.4042
-0
52.0358
-0
-0
-0
-0
-0
-0
-0
-0
-0
-0
19.2476
-0
-0
-0
-0
-0
6.29141
41.6111
-0
-0
-0
-0
62.452
-0
55.5524
-0
-0
-0
-0
-0
0.563745
-0
-0
-0
-0
-0
60.4482
-0
-0
-0
-0
8.8992
3.08622
15.2965
3.05428
-0
49.6568
-0
-0
-0
-0
-0
-0
21.5293
-0
-0
-0
-0
-0
-0
-0
11.3614
35.9375
-0
-0
-0
-0
-0
3.59951
-0
-0
-0
16.0376
-0
10.6303
-0
50.2712
-0
62.1703
3.42573
-0
-0
-0
11.5952
5.41012
-0
18.4614
-0
12.1305
-0
-0
-0
-0
36.3953
-0
-0
-0
-0
-0
-0
-0
11.4745
6.97264
0.845163
41.7079
-0
-0
-0
0.241167
4.2799
21.1993
1.47122
-0
-0
-0
-0
-0
-0
16.0392
-0
-0
0.13439
-0
-0
-0
22.4652
17.5984
-0
-0
-0
-0
7.4015
-0
-0
-0
-0
-0
-0
-0
-0
34.2293
-0
-0
8.22031
-0
23.3971
-0
-0
-0
-0
-0
-0
-0
-0
-0
-0
-0
-0
-0
-0
-0
-0
-0
-0
-0
9.0988
-0
10.3124
8.04253
-0
-0
-0
25.776
-0
-0
29.1379
-0
14.8045
-0
-0
-0
-0
-0
-0
-0
2.3912
-0
11.5159
11.0995
-0
-0
-0
8.52347
-0
5.48834
-0
-0
-0
-0
-0
-0
10.7402
24.1457
2.35532
-0
-0
5.55274
-0
-0
-0
5.47571
-0
-0
-0
17.5666
-0
-0
37.7374
-0
20.8103
27.9466
38.9299
-0
-0
-0
-0
-0
-0
-0
-0
-0
-0
-0
-0
-0
-0
-0
-0
-0
-0
-0
-0
-0
6.88498
-0
32.604
-0
-0
-0
-0
-0
21.0675
-0
-0
-0
-0
-0
-0
-0
16.3289
-0
-0
19.0568
-0
-0
-0
-0
-0
-0
-0
-0
-0
-0
-0
-0
-0
26.078
-0
6.76785
-0
5.87483
-0
-0
-0
-0
-0
-0
-0
35.5378
-0
-0
20.752
39.7488
-0
-0
-0
-0
-0
-0
-0
-0
12.5932
-0
-0
-0
-0
-0
-0
-0
-0
43.7627
-0
-0
47.4136
-0
-0
6.45009
-0
-0
-0
-0
-0
-0
-0
-0
54.684
-0
-0
-0
-0
11.8641
49.2775
-0
-0
-0
-0
-0
-0
-0
8.19134
-0
-0
-0
-0
10.1609
-0
-0
-0
-0
-0
-0
-0
-0
-0
-0
-0
44.6576
32.6615
-0
-0
-0
-0
-0
-0
-0
-0
-0
-0
-0
-0
-0
-0
32.8832
-0
8.10524
16.5037
-0
23.214
33.5601
-0
-0
-0
-0
-0
-0
-0
-0
-0
-0
10.5572
-0
-0
9.42102
-0
-0
-0
-0
50.9865
-0
-0
25.9909
24.0338
-0
22.6735
13.4124
-0
-0
-0
0.449061
-0
-0
7.42399
-0
-0
18.1906
-0
-0
-0
-0
39.4512
-0
-0
-0
6.54244
-0
-0
-0
-0
-0
-0
-0
-0
-0
-0
-0
-0
-0
-0
-0
-0
45.5422
-0
3.49293
-0
27.7152
-0
-0
13.4381
12.512
-0
-0
-0
-0
24.9915
-0
-0
-0
-0
-0
17.4058
1.69938
-0
-0
-0
-0
-0
-0
15.6317
33.7694
-0
-0
-0
19.7743
21.6899
9.63675
-0
2.70375
-0
1.93201
-0
-0
-0
-0
11.1925
-0
-0
-0
-0
-0
-0
52.3331
-0
-0
-0
-0
-0
24.0933
15.8469
-0
-0
-0
-0
28.2557
-0
-0
-0
-0
1.0262
-0
-0
54.2038
-0
12.2603
2.05962
36.953
17.7694
29.8986
-0
-0
-0
51.6471
-0
-0
-0
36.66
-0
-0
2.66545
-0
-0
-0
-0
-0
-0
-0
-0
-0
3.97701
-0
1.30052
-0
-0
35.4926
-0
-0
-0
-0
-0
-0
30.5969
-0
-0
-0
-0
-0
-0
-0
-0
-0
-0
-0
-0
-0
12.3151
-0
4.54416
5.36187
-0
-0
-0
39.5132
-0
-0
-0
-0
-0
-0
-0
2.28257
-0
-0
19.5822
-0
-0
-0
14.9332
-0
22.494
51.2668
-0
-0
-0
-0
-0
-0
-0
25.6358
19.8999
-0
-0
-0
-0
-0
-0
-0
-0
-0
-0
-0
-0
51.1152
-0
-0
-0
23.464
-0
-0
-0
25.8191
-0
-0
55.6333
1.42252
24.0386
12.7003
-0
-0
-0
41.6036
26.3814
-0
25.2496
3.60578
-0
-0
42.6229
-0
-0
-0
-0
-0
-0
-0
-0
3.1709
-0
-0
8.83682
-0
-0
-0
-0
-0
13.2192
-0
-0
-0
2.33502
4.9698
-0
55.4851
-0
-0
-0
-0
-0
-0
-0
-0
-0
-0
33.1321
-0
-0
19.5464
-0
18.25
18.6021
-0
-0
-0
-0
-0
-0
8.78666
-0
20.088
-0
-0
13.2488
-0
-0
-0
-0
2.22329
-0
-0
-0
-0
8.33785
34.1382
-0
-0
