-0
-0
-0
-0
-0
11.9417
-0
-0
12.9525
-0
-0
-0
-0
-0
-0
22.0502
7.65712
-0
-0
-0
-0
-0
-0
-0
18.8384
-0
-0
-0
-0
-0
-0
-0
-0
-0
2.64576
-0
-0
-0
11.8666
-0
17.3639
-0
-0
-0
-0
-0
-0
-0
-0
-0
-0
-0
-0
-0
-0
-0
-0
0.879467
-0
23.1062
-0
-0
-0
7.04385
25.5569
-0
-0
2.25244
-0
1.01822
-0
9.16762
9.40924
-0
-0
-0
54.2877
-0
-0
31.9284
-0
62.7161
33.7371
-0
18.5025
-0
-0
-0
-0
-0
31.3612
-0
-0
-0
15.6542
-0
16.6867
-0
-0
-0
-0
-0
-0
12.2423
-0
-0
13.2751
-0
-0
-0
-0
-0
-0
-0
-0
7.73155
-0
-0
57.6868
56.5489
-0
-0
-0
-0
-0
-0
-0
49.5925
-0
-0
49.4311
-0
30.3966
-0
-0
-0
13.3465
35.5271
-0
-0
-0
-0
25.2292
-0
-0
-0
-0
-0
-0
-0
8.14935
-0
-0
0.939871
-0
-0
-0
-0
-0
1.49942
2.64311
0.793641
-0
-0
48.1905
-0
17.5085
9.78565
-0
81.4758
-0
12.456
-0
-0
1.91949
-0
30.4704
-0
-0
-0
-0
-0
-0
-0
-0
-0
4.05774
-0
-0
-0
30.9711
16.0349
18.0894
11.9286
-0
-0
-0
35.4614
2.37963
-0
-0
13.5475
36.552
-0
-0
-0
47.3014
1.53745
-0
-0
-0
-0
60.5872
-0
-0
44.7896
8.43333
-0
-0
-0
-0
-0
-0
-0
-0
-0
-0
44.6944
-0
6.6727
-0
-0
-0
-0
-0
-0
-0
-0
-0
-0
-0
-0
-0
-0
-0
-0
10.2468
-0
-0
-0
-0
-0
-0
-0
7.72433
-0
-0
1.89385
-0
-0
0.938632
-0
4.5788
2.30703
-0
-0
-0
-0
-0
-0
-0
10.0191
-0
36.5611
-0
-0
-0
-0
-0
-0
40.7883
3.49219
-0
35.4582
-0
-0
21.828
-0
-0
-0
-0
-0
42.4867
-0
26.4131
-0
37.9388
-0
27.1236
88.4651
-0
-0
-0
7.21989
-0
29.0418
-0
-0
30.3864
-0
15.7042
-0
-0
-0
-0
1.07287
-0
-0
-0
0.517819
-0
-0
23.2383
39.6351
3.83077
-0
-0
-0
-0
-0
-0
-0
-0
-0
-0
-0
-0
4.30825
4.88099
7.33864
25.4168
-0
-0
-0
15.6675
-0
-0
-0
-0
-0
-0
-0
0.532795
-0
8.3154
-0
-0
-0
-0
-0
9.53778
-0
-0
14.4885
2.50818
2.80243
-0
-0
-0
-0
-0
21.3213
-0
-0
-0
-0
5.7195
-0
-0
-0
-0
1.33905
21.7522
-0
-0
-0
-0
-0
-0
-0
-0
-0
-0
-0
-0
-0
-0
-0
-0
-0
2.39861
-0
-0
-0
-0
-0
-0
-0
-0
-0
-0
10.4581
-0
-0
-0
-0
-0
-0
-0
-0
43.6571
-0
-0
-0
-0
-0
-0
3.85784
3.57617
11.3672
-0
-0
-0
-0
-0
-0
9.95728
-0
-0
-0
-0
-0
-0
-0
-0
29.5064
-0
-0
-0
-0
16.0476
4.88598
-0
-0
-0
23.5387
-0
-0
-0
-0
-0
-0
28.5507
-0
-0
-0
-0
-0
-0
-0
-0
-0
-0
-0
-0
-0
0.251698
-0
-0
-0
-0
-0
-0
-0
-0
-0
-0
-0
-0
-0
36.3181
-0
-0
20.107
-0
-0
3.50406
-0
-0
21.0123
-0
-0
36.3257
20.2983
-0
-0
-0
-0
-0
3.28607
-0
-0
17.1687
-0
-0
-0
-0
-0
0.88496
-0
-0
-0
-0
-0
-0
-0
15.8281
-0
-0
-0
-0
-0
-0
-0
32.4219
-0
19.5564
3.87755
-0
-0
-0
-0
-0
-0
-0
14.8625
-0
-0
-0
11.5475
-0
-0
-0
-0
45.2587
-0
-0
-0
-0
-0
-0
-0
12.4747
-0
-0
-0
-0
-0
-0
-0
-0
-0
12.9704
-0
-0
-0
-0
-0
-0
-0
-0
-0
-0
18.0213
-0
-0
-0
-0
-0
23.6632
-0
-0
-0
-0
-0
-0
-0
31.9977
38.3011
-0
-0
-0
-0
-0
-0
-0
-0
47.8855
3.51792
-0
-0
-0
17.7094
-0
-0
-0
-0
-0
-0
-0
-0
-0
-0
11.3548
-0
-0
-0
-0
-0
-0
-0
2.16026
-0
-0
-0
-0
-0
-0
-0
-0
-0
-0
-0
-0
-0
-0
-0
-0
-0
2.54897
-0
-0
-0
-0
44.4479
-0
-0
-0
-0
-0
17.4562
-0
-0
33.329
-0
19.8555
-0
-0
-0
-0
-0
-0
-0
-0
39.1681
26.0978
-0
-0
1.22994
67.7116
8.8527
15.0265
-0
-0
-0
68.0052
-0
-0
-0
-0
-0
-0
26.5401
-0
-0
-0
-0
-0
-0
-0
34.0761
-0
-0
12.4315
-0
-0
-0
-0
-0
-0
-0
-0
-0
-0
-0
-0
-0
-0
-0
-0
-0
-0
-0
-0
-0
-0
-0
-0
7.91784
-0
-0
21.4536
-0
34.8581
-0
21.7275
-0
0.182478
-0
-0
-0
-0
35.3873
-0
-0
-0
-0
-0
-0
5.98118
-0
-0
-0
-0
-0
-0
-0
-0
34.6767
-0
-0
-0
-0
21.8535
17.2075
7.96043
-0
-0
-0
9.67236
-0
-0
-0
3.47483
-0
-0
-0
-0
-0
3.9344
-0
-0
-0
-0
-0
-0
6.91336
22.1256
-0
-0
-0
-0
16.395
-0
31.858
-0
10.523
-0
-0
-0
-0
-0
-0
-0
37.2743
-0
-0
-0
16.8534
-0
-0
-0
-0
-0
-0
51.3122
-0
-0
-0
9.68427
-0
-0
4.91004
-0
-0
-0
7.04316
3.26259
6.85802
-0
30.043
-0
-0
12.6416
-0
-0
-0
32.592
-0
7.1532
-0
-0
-0
-0
-0
10.8399
-0
-0
-0
19.7577
-0
-0
-0
-0
-0
-0
20.3614
-0
-0
-0
-0
-0
-0
-0
-0
-0
-0
-0
-0
-0
-0
-0
-0
19.5034
9.96395
23.3548
8.82802
-0
-0
-0
-0
-0
-0
-0
-0
11.7597
-0
1.67882
1.67308
6.63464
-0
-0
24.0234
-0
-0
31.936
11.6919
-0
-0
22.8951
-0
-0
-0
-0
5.40056
-0
4.50022
-0
-0
-0
-0
50.0906
-0
-0
-0
-0
-0
-0
-0
3.16886
8.09947
-0
-0
-0
7.06176
-0
-0
-0
-0
-0
-0
-0
28.4862
31.7902
-0
-0
-0
14.7292
-0
69.955
62.9112
-0
-0
-0
-0
-0
-0
-0
-0
-0
-0
-0
-0
-0
-0
-0
-0
-0
-0
-0
-0
-0
-0
-0
-0
7.77287
-0
-0
-0
27.4687
-0
-0
-0
-0
-0
-0
25.2493
1.35109
-0
-0
-0
-0
-0
-0
-0
-0
-0
-0
-0
-0
-0
6.23923
-0
-0
-0
37.7528
29.168
-0
-0
50.9831
-0
-0
-0
9.85154
-0
-0
-0
-0
-0
1.34879
78.3228
-0
1.29856
-0
-0
-0
-0
-0
-0
-0
-0
-0
-0
13.0234
28.9536
-0
-0
-0
-0
14.9898
-0
-0
-0
-0
-0
-0
-0
-0
-0
4.97225
56.1883
-0
-0
-0
-0
-0
6.12159
-0
-0
-0
-0
-0
8.98405
0.0243578
-0
-0
4.00335
-0
-0
-0
-0
-0
13.4436
4.05774
-0
42.8793
-0
-0
-0
3.02068
-0
-0
-0
-0
5.43453
-0
-0
-0
31.9054
-0
-0
-0
-0
-0
-0
10.8406
-0
1.29934
26.1052
-0
-0
-0
-0
6.6467
79.282
-0
-0
-0
-0
6.43425
-0
-0
-0
-0
-0
-0
-0
-0
-0
-0
16.2659
-0
-0
7.93052
-0
-0
-0
-0
3.26846
-0
-0
-0
-0
-0
-0
-0
-0
-0
-0
-0
-0
4.36936
9.69871
8.74313
-0
-0
-0
-0
-0
3.89141
-0
-0
-0
-0
-0
-0
-0
-0
-0
70.0237
-0
-0
-0
-0
-0
-0
-0
-0
-0
-0
-0
38.744
-0
-0
-0
41.7497
-0
-0
-0
-0
-0
-0
22.3719
-0
-0
11.6659
-0
63.3123
1.59318
-0
-0
16.6812
28.8006
-0
31.044
-0
-0
-0
2.00484
-0
-0
-0
-0
-0
-0
-0
-0
26.5097
-0
-0
-0
-0
-0
-0
-0
51.7012
-0
-0
12.7263
-0
-0
-0
-0
34.5132
-0
-0
-0
-0
-0
-0
-0
-0
-0
-0
-0
-0
-0
-0
3.32309
-0
-0
33.554
9.77961
-0
-0
-0
-0
-0
6.07181
-0
-0
-0
-0
-0
-0
-0
-0
9.96894
-0
-0
-0
-0
-0
-0
-0
-0
2.43394
-0
2.09741
-0
16.8002
33.3575
-0
-0
-0
-0
-0
-0
-0
24.5967
-0
-0
-0
-0
-0
-0
-0
-0
-0
-0
-0
37.2706
8.98687
-0
-0
-0
-0
-0
6.25811
26.566
5.80092
-0
18.1493
68.3465
-0
-0
-0
-0
44.6218
-0
-0
-0
-0
-0
-0
-0
25.0592
8.0424
-0
2.8707
-0
-0
-0
-0
25.5202
16.6392
-0
-0
4.35906
-0
-0
-0
10.8463
-0
11.7711
-0
-0
13.2904
-0
-0
39.6462
6.86397
4.4107
-0
-0
-0
-0
-0
-0
-0
6.90216
-0
-0
-0
-0
-0
11.9543
16.7307
-0
-0
42.1518
0.353996
26.8202
-0
-0
-0
-0
-0
-0
0.467126
-0
-0
4.00944
-0
-0
-0
-0
-0
-0
-0
-0
-0
-0
-0
-0
51.515
-0
-0
-0
-0
-0
-0
-0
0.875133
-0
-0
-0
-0
-0
-0
-0
-0
-0
-0
62.499
-0
-0
16.7998
5.80189
4.61822
-0
26.4074
-0
-0
-0
-0
21.6941
-0
37.6952
-0
-0
-0
7.2153
-0
-0
-0
-0
-0
-0
-0
-0
-0
-0
-0
-0
-0
-0
-0
23.6849
-0
-0
-0
-0
25.5367
17.3169
17.8179
-0
0.858
5.16551
-0
20.5068
40.7173
-0
4.90177
-0
-0
-0
-0
8.32595
-0
-0
-0
-0
-0
21.492
-0
-0
-0
-0
-0
-0
-0
-0
-0
-0
-0
-0
-0
-0
-0
-0
-0
-0
-0
-0
51.2171
-0
-0
-0
-0
-0
-0
-0
-0
-0
-0
-0
-0
-0
-0
-0
-0
-0
-0
6.66262
-0
-0
-0
9.14785
-0
-0
-0
-0
-0
-0
-0
1.93743
-0
-0
-0
-0
-0
20.358
-0
39.41
-0
-0
19.2893
-0
-0
-0
-0
10.7027
-0
-0
-0
-0
-0
-0
-0
-0
-0
-0
-0
32.3207
-0
-0
-0
-0
-0
-0
-0
-0
3.70333
-0
-0
-0
-0
-0
-0
-0
-0
-0
-0
-0
-0
-0
-0
12.4876
-0
-0
-0
-0
-0
-0
-0
-0
-0
-0
-0
-0
-0
-0
-0
36.754
-0
-0
-0
-0
-0
-0
-0
-0
-0
-0
-0
-0
12.9303
0.641204
-0
-0
-0
-0
-0
-0
-0
37.5156
-0
-0
-0
-0
-0
12.424
-0
-0
-0
-0
-0
-0
-0
-0
-0
-0
-0
-0
-0
-0
-0
-0
10.7685
-0
1.34145
36.5946
-0
-0
-0
-0
-0
-0
-0
15.6974
-0
-0
-0
-0
-0
7.82101
-0
-0
46.9935
-0
-0
-0
-0
37.0866
12.2321
-0
8.2703
-0
24.0431
39.694
27.8783
-0
14.0646
-0
-0
-0
14.1305
-0
10.9995
-0
-0
-0
-0
37.494
-0
-0
13.4148
3.30428
-0
38.2498
-0
-0
-0
-0
-0
-0
-0
25.7872
-0
-0
-0
-0
-0
-0
-0
-0
-0
-0
6.66154
-0
-0
2.99104
-0
-0
-0
14.1
18.4412
-0
-0
-0
-0
-0
1.90652
-0
-0
-0
-0
21.6759
-0
-0
-0
-0
-0
-0
31.6361
40.9573
-0
10.2456
-0
-0
-0
-0
-0
-0
1.61311
-0
-0
-0
-0
-0
-0
-0
-0
-0
-0
-0
27.4886
-0
-0
28.5902
20.7535
-0
-0
-0
-0
-0
-0
-0
12.9868
-0
-0
-0
-0
-0
-0
-0
-0
24.2374
-0
12.1247
-0
-0
-0
-0
-0
20.6559
-0
-0
-0
-0
-0
-0
-0
17.0828
-0
-0
5.71467
-0
-0
-0
34.0406
21.7067
-0
-0
-0
14.3757
-0
-0
-0
-0
-0
-0
-0
15.6275
-0
0.499965
15.1423
-0
-0
-0
-0
-0
-0
-0
-0
11.3034
-0
20.5323
4.86966
-0
-0
8.94413
26.5061
-0
-0
-0
-0
-0
-0
0.243976
-0
-0
-0
-0
-0
39.1163
6.8108
-0
-0
-0
-0
-0
-0
-0
-0
-0
-0
-0
-0
13.7636
-0
-0
-0
-0
-0
-0
-0
-0
-0
-0
-0
-0
-0
-0
-0
-0
-0
-0
-0
-0
-0
-0
-0
-0
-0
9.96486
1.03693
-0
-0
-0
-0
7.26671
4.35663
11.3893
-0
-0
-0
-0
-0
-0
-0
-0
-0
-0
-0
19.7847
-0
-0
-0
-0
-0
-0
-0
-0
-0
55.6893
-0
-0
-0
-0
-0
15.2781
-0
-0
-0
47.6136
43.3436
-0
-0
-0
30.6053
-0
-0
35.2765
-0
-0
5.6259
-0
11.7176
-0
79.0563
-0
10.9528
6.56079
39.7394
14.0042
11.1748
4.09149
-0
-0
21.5667
-0
2.95384
-0
-0
-0
-0
3.99206
-0
-0
-0
9.02697
-0
12.788
-0
-0
-0
26.8656
-0
-0
-0
28.5084
-0
-0
-0
-0
-0
-0
43.3616
-0
-0
-0
-0
19.5952
-0
8.68672
23.3119
-0
5.86631
13.6209
-0
-0
10.7695
-0
-0
-0
-0
-0
-0
31.4906
-0
-0
-0
18.474
-0
6.7606
-0
-0
-0
-0
-0
-0
28.4733
-0
-0
-0
39.4736
-0
-0
-0
-0
-0
2.54759
-0
68.3781
-0
2.72817
-0
-0
0.693734
-0
-0
-0
6.16866
-0
15.2584
40.6777
-0
5.40882
-0
-0
-0
-0
22.9289
-0
-0
26.4805
-0
0.651997
-0
34.1283
13.2405
-0
-0
-0
-0
-0
21.6722
-0
30.7785
-0
-0
-0
-0
-0
3.35381
-0
-0
-0
-0
10.7028
-0
-0
17.1374
-0
11.5334
-0
-0
-0
-0
-0
-0
-0
-0
-0
-0
0.771766
5.62124
15.804
28.9842
-0
-0
0.228176
-0
-0
-0
-0
-0
-0
-0
-0
-0
-0
-0
-0
-0
72.4235
-0
-0
-0
25.9039
-0
-0
-0
-0
1.43899
-0
-0
-0
6.58197
-0
-0
-0
-0
-0
-0
-0
-0
-0
-0
-0
-0
-0
-0
5.24532
27.0679
-0
-0
-0
67.6391
-0
-0
1.23567
-0
-0
-0
29.8836
-0
36.4713
23.4319
6.85482
-0
-0
6.57271
-0
-0
-0
-0
4.0606
-0
28.3403
14.7268
-0
-0
24.5891
-0
-0
-0
-0
-0
-0
36.4168
-0
-0
-0
-0
-0
-0
-0
-0
-0
-0
-0
-0
-0
-0
-0
-0
-0
-0
-0
-0
24.32
-0
-0
-0
-0
-0
37.639
29.5127
-0
-0
-0
-0
-0
-0
-0
-0
-0
48.9932
-0
8.36563
11.7556
49.7726
-0
-0
-0
-0
-0
30.4174
0.228647
-0
-0
-0
21.5009
-0
-0
-0
-0
-0
-0
7.97366
-0
-0
-0
-0
-0
-0
-0
42.9759
36.2111
-0
-0
-0
-0
-0
-0
-0
-0
-0
-0
-0
-0
-0
-0
4.47402
-0
-0
-0
-0
-0
-0
-0
-0
-0
-0
1.87266
13.5026
-0
3.01388
2.8379
-0
-0
-0
-0
-0
-0
20.9217
-0
-0
-0
-0
15.4697
-0
-0
-0
-0
-0
-0
-0
-0
-0
-0
-0
-0
-0
-0
-0
6.79148
-0
-0
-0
-0
14.8225
-0
-0
-0
-0
-0
21.4832
-0
-0
-0
-0
-0
-0
5.6137
-0
-0
-0
-0
-0
-0
-0
-0
-0
20.5219
-0
3.16056
-0
-0
-0
41.6402
-0
-0
-0
-0
20.8884
-0
-0
-0
-0
-0
-0
-0
-0
36.6522
-0
4.49684
-0
11.7772
-0
4.60854
-0
-0
-0
-0
-0
-0
3.77188
-0
-0
-0
-0
-0
32.6624
-0
-0
-0
-0
1.45916
30.2077
-0
12.1013
-0
-0
-0
-0
-0
0.882049
-0
-0
-0
-0
-0
-0
-0
-0
-0
1.1489
-0
-0
-0
-0
-0
-0
2.24506
-0
-0
-0
-0
-0
49.7984
-0
-0
-0
1.98624
-0
-0
2.10825
46.2317
-0
-0
-0
20.3085
7.11674
-0
14.337
-0
10.8394
61.9678
-0
-0
-0
-0
-0
8.98601
12.8171
-0
-0
2.47502
10.923
-0
-0
-0
-0
-0
-0
-0
-0
-0
-0
-0
-0
-0
-0
-0
-0
-0
-0
-0
-0
-0
-0
14.6708
-0
-0
-0
26.9151
8.40777
-0
-0
-0
-0
-0
-0
37.4043
22.4363
-0
-0
-0
-0
-0
-0
-0
-0
-0
-0
-0
4.3753
-0
-0
-0
-0
22.945
6.99866
-0
16.6683
-0
-0
-0
-0
-0
12.676
28.4238
-0
-0
-0
-0
-0
-0
-0
6.00855
-0
-0
-0
-0
-0
-0
-0
-0
-0
-0
-0
-0
-0
32.0885
31.0169
-0
63.5367
-0
-0
-0
-0
-0
-0
-0
8.45015
41.8625
-0
-0
-0
-0
-0
-0
-0
-0
-0
-0
9.04354
-0
-0
-0
49.9017
33.4875
-0
-0
-0
-0
6.36342
-0
-0
5.94586
-0
36.9308
-0
-0
21.2524
-0
-0
26.708
54.1414
-0
-0
8.96213
-0
-0
50.4375
-0
-0
-0
-0
11.5669
-0
-0
24.5726
-0
-0
-0
-0
9.05431
10.7512
-0
-0
-0
22.5164
-0
-0
-0
-0
-0
1.71435
-0
-0
-0
-0
-0
-0
27.9542
-0
-0
12.6283
-0
-0
-0
-0
-0
-0
-0
-0
-0
-0
-0
-0
-0
43.2577
19.7359
-0
-0
-0
18.5651
5.42807
30.453
-0
-0
-0
-0
-0
-0
-0
-0
5.08314
-0
12.9912
-0
-0
2.08479
-0
-0
19.6128
-0
-0
-0
57.5331
-0
19.0156
-0
-0
-0
-0
-0
-0
-0
-0
-0
-0
-0
-0
-0
-0
-0
18.5439
-0
-0
-0
-0
-0
-0
-0
-0
-0
-0
-0
-0
0.814842
-0
22.0544
34.7526
-0
-0
-0
24.3391
-0
4.28137
11.7686
-0
-0
41.7329
-0
63.2511
-0
29.7225
-0
-0
35.1197
71.4002
-0
6.54889
-0
-0
-0
-0
-0
-0
-0
-0
-0
-0
7.83905
-0
-0
-0
-0
-0
-0
-0
-0
-0
-0
-0
-0
-0
-0
-0
-0
-0
-0
-0
1.42228
-0
-0
-0
-0
16.9301
-0
-0
-0
-0
-0
19.3208
16.4766
-0
-0
-0
-0
-0
-0
-0
-0
-0
-0
18.7921
-0
-0
-0
-0
-0
-0
-0
-0
-0
-0
1.63792
-0
-0
-0
-0
-0
-0
-0
19.9393
-0
-0
0.22666
-0
-0
3.89962
-0
8.24815
-0
-0
-0
1.19937
-0
-0
8.99764
-0
-0
3.98141
30.7541
-0
-0
-0
17.3775
-0
-0
-0
-0
-0
-0
-0
-0
-0
-0
-0
-0
-0
-0
24.472
-0
-0
-0
-0
-0
16.0024
-0
-0
-0
-0
-0
-0
-0
-0
-0
-0
-0
36.7101
-0
-0
-0
-0
-0
-0
45.875
-0
-0
-0
-0
-0
-0
-0
-0
-0
-0
-0
-0
-0
-0
-0
-0
6.77756
-0
-0
-0
-0
-0
46.1003
-0
-0
7.60045
13.5046
-0
19.526
-0
-0
0.306422
-0
-0
3.32372
-0
-0
-0
39.7459
-0
40.2028
12.4174
-0
-0
-0
-0
-0
29.5832
-0
-0
-0
-0
-0
-0
-0
-0
20.5656
-0
24.007
46.3375
-0
-0
-0
78.7971
-0
-0
28.8718
0.167554
-0
56.3709
-0
-0
-0
-0
-0
-0
-0
-0
17.9887
-0
19.5545
-0
-0
-0
-0
-0
-0
-0
2.0662
-0
29.1833
12.5894
-0
-0
-0
-0
-0
-0
-0
-0
-0
-0
-0
-0
11.2576
3.56502
-0
-0
23.139
-0
-0
-0
7.85536
-0
-0
-0
-0
-0
-0
-0
6.8953
-0
-0
26.9782
-0
-0
20.2044
-0
3.00474
0.245583
-0
-0
-0
-0
-0
-0
-0
-0
51.6971
-0
-0
-0
-0
-0
-0
-0
-0
-0
-0
-0
10.2098
-0
-0
-0
-0
-0
-0
-0
-0
-0
-0
17.0956
48.6831
-0
-0
-0
0.304334
-0
-0
45.5663
-0
-0
31.3791
-0
-0
47.6185
-0
-0
10.197
-0
-0
-0
-0
-0
-0
1.82224
-0
15.2086
-0
-0
-0
59.3513
2.34243
-0
8.34275
-0
1.08259
-0
-0
-0
-0
-0
-0
-0
-0
-0
-0
2.58571
-0
-0
-0
56.683
-0
-0
1.9257
-0
-0
-0
0.0212614
-0
-0
-0
-0
14.6787
-0
8.85563
-0
92.2712
-0
-0
-0
-0
-0
-0
-0
6.64597
-0
-0
-0
-0
-0
-0
-0
-0
6.63627
-0
-0
59.7495
45.3438
-0
-0
-0
-0
-0
61.9128
-0
-0
-0
-0
-0
17.2642
9.89921
-0
-0
-0
14.0249
29.579
-0
-0
-0
45.2571
-0
14.8419
-0
-0
-0
-0
-0
-0
-0
-0
-0
-0
20.9348
-0
19.0559
-0
34.8048
-0
20.3174
-0
-0
5.22528
7.2415
-0
-0
-0
-0
-0
-0
-0
-0
31.641
-0
-0
4.08647
-0
-0
-0
-0
1.4115
-0
11.1746
40.9907
-0
-0
-0
-0
39.331
-0
-0
-0
-0
-0
-0
-0
-0
-0
-0
-0
-0
-0
-0
-0
-0
-0
-0
-0
-0
-0
-0
-0
-0
7.98875
-0
-0
10.2065
29.9695
-0
-0
-0
-0
-0
-0
-0
-0
-0
-0
-0
-0
19.6196
-0
-0
-0
-0
4.66065
-0
-0
-0
-0
6.52325
-0
-0
29.6594
-0
-0
-0
-0
3.53927
0.189796
1.6832
-0
-0
-0
-0
13.1335
-0
-0
-0
-0
-0
-0
-0
21.6315
-0
-0
-0
-0
42.2719
-0
16.1113
75.1986
-0
6.47105
6.96272
-0
4.747
14.1899
10.0434
-0
-0
-0
-0
0.702953
-0
-0
-0
-0
-0
-0
-0
-0
-0
-0
-0
-0
-0
-0
-0
-0
-0
-0
-0
-0
15.0727
-0
-0
-0
-0
-0
-0
-0
-0
-0
22.9275
-0
-0
1.03875
-0
-0
34.9554
-0
6.20998
-0
9.26855
-0
-0
-0
-0
8.82193
-0
-0
-0
-0
-0
-0
44.0201
-0
-0
-0
-0
37.4109
-0
46.8102
-0
-0
2.93383
-0
15.8733
-0
-0
-0
-0
11.249
-0
-0
15.4728
-0
25.5434
-0
17.7334
-0
10.299
-0
-0
-0
-0
-0
-0
30.6824
-0
-0
-0
-0
-0
-0
21.6208
-0
-0
-0
-0
-0
-0
-0
7.01696
-0
6.31514
6.33575
-0
-0
-0
-0
-0
32.4189
-0
-0
-0
15.5696
-0
-0
-0
-0
-0
11.6443
-0
-0
-0
-0
-0
-0
-0
-0
-0
1.80532
-0
-0
-0
-0
-0
8.16017
-0
10.0269
1.76988
-0
2.11454
4.05633
-0
35.4181
-0
-0
-0
10.2116
-0
1.34313
-0
-0
-0
-0
-0
-0
9.79657
-0
-0
-0
62.9726
30.1241
-0
48.4611
-0
-0
-0
-0
-0
-0
-0
-0
-0
-0
9.16673
-0
-0
-0
-0
-0
11.1861
38.5361
-0
-0
-0
-0
54.7154
-0
77.3453
-0
-0
-0
-0
-0
19.9923
-0
-0
-0
-0
-0
67.2617
-0
-0
-0
-0
-0
-0
-0
-0
-0
40.4755
-0
11.1883
-0
-0
-0
-0
5.76821
-0
-0
-0
-0
-0
-0
-0
1.96571
54.1366
-0
-0
-0
-0
-0
-0
-0
-0
12.3814
-0
-0
15.9453
-0
46.295
-0
81.5854
3.84849
32.725
-0
9.62418
-0
-0
-0
-0
-0
-0
-0
-0
-0
-0
13.9265
-0
-0
-0
-0
-0
-0
-0
18.7806
-0
28.2931
23.5462
-0
-0
-0
-0
-0
2.25161
6.37644
-0
-0
-0
-0
-0
-0
12.9987
-0
-0
0.328731
-0
-0
-0
32.3429
4.23993
-0
-0
-0
-0
-0
-0
-0
-0
-0
-0
-0
-0
-0
20.3725
-0
-0
16.4217
-0
-0
-0
-0
-0
-0
-0
-0
-0
-0
-0
-0
-0
-0
-0
12.8606
-0
-0
-0
-0
-0
0.404681
-0
12.7844
23.9128
-0
-0
-0
27.661
-0
-0
48.6732
-0
-0
-0
-0
-0
7.86584
-0
-0
-0
2.47471
-0
16.4309
12.1418
-0
-0
-0
-0
-0
27.4091
-0
-0
-0
-0
-0
-0
23.1387
-0
-0
-0
-0
2.60802
-0
-0
-0
3.1001
-0
-0
-0
5.75609
-0
-0
56.1593
-0
25.4718
58.764
6.68753
-0
-0
-0
-0
-0
-0
-0
-0
6.35165
-0
-0
-0
-0
12.807
-0
-0
-0
-0
-0
-0
-0
6.68966
-0
9.03162
-0
-0
-0
-0
-0
51.6396
-0
-0
-0
-0
8.53256
-0
-0
16.0724
-0
-0
35.778
-0
-0
-0
-0
-0
-0
-0
-0
3.52426
-0
-0
-0
13.2296
12.7238
-0
-0
-0
-0
-0
-0
-0
-0
-0
-0
-0
32.1073
-0
-0
-0
34.1123
-0
-0
-0
-0
-0
-0
-0
-0
16.3019
-0
-0
-0
-0
-0
-0
-0
-0
57.5681
-0
-0
32.4199
-0
-0
23.8257
-0
-0
-0
-0
-0
-0
-0
-0
54.2082
-0
-0
-0
-0
21.6924
45.6429
6.83199
-0
-0
-0
-0
-0
-0
-0
-0
-0
-0
-0
34.131
-0
-0
-0
-0
-0
-0
-0
-0
21.0818
-0
-0
32.9569
-0
-0
-0
-0
-0
-0
-0
-0
-0
-0
-0
-0
-0
-0
-0
39.8358
-0
-0
2.38992
-0
-0
16.6198
-0
-0
-0
-0
-0
-0
-0
-0
-0
-0
32.0806
-0
13.2199
-0
-0
-0
-0
-0
52.8214
-0
-0
4.26169
8.1456
-0
12.5094
11.3476
-0
-0
-0
-0
-0
-0
-0
-0
-0
8.53649
-0
4.29247
-0
-0
12.3004
-0
-0
-0
-0
-0
-0
-0
-0
-0
-0
-0
-0
1.71721
-0
-0
13.884
-0
5.75988
-0
-0
88.0658
-0
2.29671
-0
33.3862
-0
-0
36.8462
11.779
-0
-0
-0
-0
10.3516
-0
-0
-0
4.21629
-0
29.9889
5.42007
-0
-0
-0
-0
-0
-0
4.72684
12.7882
-0
-0
-0
37.7034
38.5968
2.71022
-0
-0
-0
-0
28.5568
-0
-0
-0
28.0542
-0
-0
15.1357
-0
-0
8.55387
58.258
-0
-0
-0
-0
-0
-0
-0
-0
-0
-0
-0
6.51649
-0
-0
-0
-0
-0
-0
3.44717
73.8331
-0
27.9973
2.61463
62.5843
16.9087
-0
-0
-0
-0
43.5476
-0
-0
-0
49.8124
-0
-0
-0
-0
-0
12.5857
-0
-0
-0
-0
-0
-0
10.5513
-0
-0
-0
-0
39.798
-0
-0
-0
-0
-0
-0
23.5803
-0
-0
-0
-0
-0
-0
-0
-0
-0
-0
-0
-0
-0
-0
-0
-0
-0
-0
-0
-0
19.7181
-0
-0
-0
-0
-0
-0
-0
-0
0.409273
1.99325
18.027
-0
-0
-0
8.31738
-0
6.5556
44.681
-0
-0
-0
-0
-0
-0
-0
38.9384
-0
-0
-0
-0
22.4907
-0
-0
-0
-0
-0
-0
-0
-0
68.0747
-0
-0
-0
10.9028
-0
-0
-0
28.3836
-0
-0
43.0866
-0
-0
15.19
-0
-0
-0
22.7779
43.2941
-0
-0
5.62053
-0
-0
13.4574
-0
-0
-0
-0
-0
-0
-0
-0
3.82567
-0
-0
49.2151
-0
-0
-0
-0
9.30368
19.7339
-0
-0
-0
15.9914
-0
-0
34.2998
-0
-0
-0
3.48356
-0
-0
-0
-0
-0
-0
35.7169
-0
-0
6.56769
-0
1.05748
29.4073
-0
3.46789
-0
-0
-0
-0
-0
-0
11.7979
-0
-0
-0
-0
-0
-0
-0
0.826096
-0
-0
-0
-0
10.6767
12.6016
-0
-0
