-0
-0
-0
-0
-0
12.722
-0
-0
-0
-0
9.77852
-0
-0
-0
-0
23.2079
-0
-0
-0
-0
-0
-0
14.4507
-0
22.3844
16.2767
-0
-0
-0
-0
-0
-0
-0
-0
3.63286
-0
-0
-0
25.8065
-0
-0
-0
10.6983
7.06933
-0
-0
-0
22.1664
-0
-0
-0
-0
-0
5.14558
-0
-0
-0
1.5225
4.60553
10.1683
-0
-0
0.277201
-0
24.6192
-0
-0
14.1874
-0
0.454264
-0
17.0197
-0
-0
-0
-0
44.2712
-0
-0
42.7373
-0
53.2594
29.2508
-0
15.3741
-0
-0
-0
-0
-0
16.6696
-0
-0
-0
13.7492
-0
12.8741
-0
-0
-0
-0
-0
-0
-0
-0
-0
27.7398
-0
-0
-0
-0
0.162497
-0
-0
-0
0.626455
-0
-0
60.9701
46.9514
-0
-0
-0
-0
-0
-0
19.6859
28.9212
-0
-0
16.8643
-0
25.6314
-0
4.23076
-0
23.699
42.3749
-0
17.686
-0
-0
21.6346
0.103284
-0
-0
-0
-0
-0
-0
15.4716
-0
-0
-0
19.9711
-0
-0
9.19767
-0
1.32751
-0
0.0753986
-0
-0
39.5279
-0
7.4177
29.1072
-0
56.3775
-0
14.4766
-0
-0
-0
-0
5.55811
-0
-0
-0
-0
-0
-0
-0
-0
-0
-0
-0
-0
-0
46.6752
2.09628
22.2238
4.55701
-0
-0
-0
16.3809
6.28991
-0
-0
-0
36.1627
-0
-0
-0
30.0767
14.5311
-0
-0
-0
-0
64.2951
-0
-0
15.3603
-0
-0
-0
-0
-0
-0
-0
-0
-0
-0
-0
28.5159
-0
0.803039
-0
-0
-0
-0
-0
-0
-0
-0
-0
-0
12.4348
-0
-0
-0
-0
-0
-0
-0
-0
-0
-0
-0
-0
-0
10.6077
-0
-0
8.01959
-0
-0
-0
-0
5.33305
6.73332
-0
-0
-0
10.4736
-0
-0
-0
18.6643
-0
47.0271
-0
-0
-0
-0
-0
-0
20.6292
6.13402
-0
23.6212
-0
-0
-0
14.9975
-0
-0
-0
-0
26.8579
-0
18.9747
-0
19.8777
-0
15.6495
60.2385
-0
-0
-0
16.2341
-0
27.3501
-0
-0
41.7347
-0
11.0087
-0
-0
-0
-0
0.994698
-0
-0
-0
0.979822
-0
-0
-0
39.1692
9.89536
-0
-0
-0
-0
20.3439
-0
-0
-0
-0
-0
-0
-0
5.9818
-0
14.65
23.7157
-0
-0
-0
9.84111
-0
-0
-0
-0
-0
-0
-0
-0
-0
14.1184
-0
-0
-0
-0
-0
23.7795
-0
-0
27.481
10.7072
2.67192
-0
-0
5.43859
-0
-0
13.5252
-0
-0
-0
-0
-0
-0
-0
-0
-0
-0
16.0599
-0
-0
-0
-0
-0
-0
-0
-0
-0
-0
-0
-0
-0
-0
-0
-0
25.2198
25.283
-0
-0
-0
5.55721
-0
-0
11.8269
-0
-0
-0
27.3377
-0
-0
17.9614
-0
-0
-0
-0
-0
50.3761
-0
-0
-0
-0
-0
-0
4.31759
-0
5.16836
-0
15.1378
-0
-0
2.10437
-0
11.5167
-0
-0
-0
-0
-0
-0
-0
-0
12.2558
-0
-0
-0
-0
27.3974
25.2106
-0
-0
-0
-0
-0
-0
-0
-0
-0
-0
24.0705
-0
-0
-0
-0
-0
0.300843
-0
-0
-0
-0
-0
-0
-0
11.7416
-0
-0
-0
-0
-0
-0
-0
-0
-0
-0
-0
-0
2.73919
38.8075
-0
-0
8.70203
-0
-0
-0
-0
-0
19.2459
-0
-0
34.3882
36.6341
-0
-0
-0
-0
-0
9.37882
-0
-0
-0
-0
-0
-0
-0
7.61369
15.2941
-0
-0
-0
-0
-0
-0
-0
12.1182
-0
-0
-0
-0
-0
-0
-0
2.67521
-0
28.8228
-0
-0
-0
-0
-0
-0
-0
-0
11.796
-0
7.33269
-0
38.5935
-0
-0
-0
-0
30.3403
-0
-0
-0
7.45167
-0
-0
-0
22.4426
-0
-0
-0
9.07561
-0
-0
16.9237
-0
1.1512
16.9865
17.1406
-0
-0
-0
-0
-0
-0
-0
-0
-0
24.0753
-0
2.28982
-0
-0
-0
15.4936
-0
-0
-0
-0
-0
-0
-0
24.9541
44.361
-0
37.8761
-0
-0
-0
-0
-0
-0
53.9167
12.6002
6.99625
-0
-0
22.5127
-0
-0
-0
18.1769
-0
-0
-0
-0
-0
-0
4.03709
-0
-0
-0
-0
-0
-0
-0
1.7602
-0
-0
-0
-0
-0
-0
0.989698
-0
-0
-0
-0
-0
-0
-0
-0
-0
-0
-0
-0
-0
-0
-0
23.953
-0
-0
-0
-0
-0
4.45426
4.78065
-0
37.9026
-0
27.1643
3.30967
-0
-0
-0
11.7359
-0
-0
-0
32.3422
11.1021
-0
-0
0.980856
45.5275
-0
-0
-0
-0
-0
61.5755
-0
-0
-0
-0
-0
-0
27.5794
-0
-0
-0
-0
-0
-0
-0
15.2922
-0
-0
-0
-0
-0
-0
-0
17.1922
-0
-0
-0
-0
-0
-0
-0
-0
-0
-0
-0
-0
-0
-0
-0
-0
-0
-0
-0
12.2816
-0
15.9483
26.0121
-0
10.3801
30.88
14.8939
-0
0.649292
-0
-0
-0
-0
-0
-0
-0
10.4328
-0
-0
-0
23.312
2.56901
-0
-0
-0
-0
-0
7.21178
-0
23.8791
-0
-0
-0
-0
18.1151
-0
20.4849
0.540059
-0
-0
12.7971
-0
-0
-0
5.09971
-0
-0
-0
-0
-0
17.9625
-0
-0
-0
-0
-0
-0
-0
37.6836
-0
-0
-0
-0
20.4796
-0
30.0086
12.8025
18.7832
-0
-0
-0
-0
-0
-0
-0
10.8252
4.32371
-0
-0
5.52402
-0
-0
-0
-0
-0
-0
42.6027
-0
-0
-0
7.26414
-0
-0
8.24487
-0
-0
-0
3.18542
6.72455
27.2499
-0
6.55485
-0
-0
-0
-0
-0
-0
30.2342
-0
6.61611
-0
-0
-0
-0
-0
-0
-0
-0
-0
25.7214
-0
-0
13.8048
-0
-0
1.89361
37.2882
-0
-0
-0
-0
1.51299
-0
-0
-0
-0
3.00487
-0
-0
-0
-0
-0
-0
9.60796
18.2654
8.92974
11.4853
-0
-0
-0
-0
0.741234
-0
-0
-0
23.2703
-0
-0
-0
8.10172
-0
-0
22.9804
-0
-0
5.89629
20.2998
-0
-0
29.291
13.6148
-0
-0
-0
3.42893
-0
4.07503
-0
-0
-0
-0
34.5
-0
-0
-0
-0
-0
-0
-0
25.7465
20.8936
-0
-0
-0
10.3564
-0
0.766859
11.3357
-0
-0
-0
-0
24.8126
35.037
-0
-0
-0
28.1424
-0
70.6826
53.0994
-0
-0
7.054
15.2269
-0
-0
-0
-0
-0
-0
-0
-0
-0
-0
23.8161
26.7767
0.611325
-0
-0
-0
-0
-0
-0
-0
9.60665
-0
-0
-0
34.8534
-0
-0
-0
-0
-0
-0
-0
7.37217
-0
-0
-0
-0
-0
-0
-0
-0
-0
-0
-0
-0
-0
21.9496
-0
-0
-0
37.4137
24.1818
-0
-0
28.2671
-0
-0
-0
0.379603
-0
-0
-0
-0
-0
-0
50.289
-0
4.14165
-0
-0
-0
-0
-0
-0
-0
-0
-0
-0
19.9655
26.096
-0
-0
-0
-0
9.84378
-0
-0
1.75976
-0
-0
-0
-0
-0
9.40158
12.9015
40.3446
-0
-0
-0
19.5196
-0
1.38409
-0
-0
-0
4.02808
3.44621
6.39178
9.91327
-0
-0
10.4478
-0
-0
-0
-0
-0
-0
2.85204
-0
41.6739
-0
-0
-0
22.7195
-0
-0
-0
-0
9.26607
-0
-0
-0
37.85
-0
-0
-0
-0
-0
-0
3.6077
-0
4.05351
45.5432
-0
-0
-0
-0
15.2499
26.8611
-0
-0
-0
-0
0.0645933
-0
-0
-0
-0
-0
-0
2.93033
-0
-0
-0
23.1789
-0
-0
1.00818
-0
-0
-0
-0
25.5627
-0
-0
-0
-0
-0
-0
-0
-0
-0
-0
-0
-0
3.21669
9.14087
7.17896
-0
-0
-0
-0
-0
0.391201
0.154396
-0
-0
-0
3.74542
-0
-0
-0
-0
45.9446
-0
-0
-0
-0
-0
-0
-0
-0
-0
-0
-0
26.9131
-0
-0
-0
34.8949
-0
-0
-0
-0
-0
10.2487
11.4301
-0
1.08891
-0
18.3629
38.0992
7.71636
-0
-0
-0
18.1961
7.69679
28.3796
-0
-0
-0
11.6179
-0
-0
-0
-0
-0
-0
-0
-0
23.614
-0
6.78049
-0
-0
-0
10.8141
-0
35.8074
-0
-0
14.8435
-0
-0
-0
-0
16.5237
-0
-0
-0
-0
-0
-0
-0
-0
-0
-0
-0
-0
-0
-0
20.0584
-0
-0
51.8592
-0
-0
-0
-0
-0
-0
3.02024
-0
15.3349
-0
-0
-0
-0
-0
-0
11.5637
-0
-0
-0
-0
-0
-0
-0
-0
-0
-0
-0
-0
3.69917
23.4076
-0
12.0383
-0
-0
-0
-0
-0
35.6523
-0
-0
-0
-0
-0
-0
-0
-0
1.09477
-0
-0
31.2523
0.672834
-0
-0
-0
-0
7.91528
8.81579
5.79488
4.19662
-0
8.53944
45.9894
-0
-0
16.6747
-0
41.3552
-0
-0
-0
-0
-0
-0
-0
14.4148
33.0191
-0
1.71233
-0
-0
-0
-0
19.5472
17.8348
-0
-0
10.0312
-0
-0
-0
12.5562
-0
23.5631
-0
-0
-0
-0
16.52
53.9258
4.15064
-0
-0
-0
-0
-0
-0
-0
-0
2.00157
-0
-0
-0
-0
-0
6.26113
6.50655
-0
-0
16.1331
20.0713
21.9862
-0
-0
-0
-0
-0
-0
-0
-0
-0
5.57214
-0
-0
-0
-0
-0
-0
-0
-0
-0
-0
-0
-0
25.9406
-0
-0
-0
-0
-0
-0
-0
3.77844
1.39926
-0
-0
-0
-0
-0
-0
-0
-0
-0
48.5646
-0
-0
-0
-0
-0
-0
14.9453
-0
-0
-0
-0
32.7484
-0
29.3137
-0
-0
-0
-0
-0
-0
-0
-0
-0
-0
-0
-0
-0
-0
-0
-0
-0
-0
-0
15.2237
-0
-0
-0
1.10274
-0
12.3497
28.4707
-0
0.713419
8.92143
-0
30.1336
24.3795
-0
27.5993
-0
-0
-0
-0
15.321
-0
-0
-0
-0
-0
-0
-0
-0
-0
-0
-0
-0
3.51054
-0
-0
-0
-0
-0
-0
-0
-0
4.61608
-0
-0
-0
-0
43.5602
-0
-0
0.393875
20.8719
-0
-0
-0
-0
-0
-0
-0
-0
-0
9.32783
-0
-0
-0
-0
9.79484
-0
-0
-0
11.215
-0
-0
-0
-0
-0
-0
-0
9.91652
-0
-0
-0
1.38214
-0
21.8458
-0
19.4471
-0
-0
13.8024
10.4019
-0
-0
-0
9.09126
-0
-0
-0
-0
-0
-0
-0
5.30595
4.90519
-0
-0
31.0403
-0
-0
-0
-0
-0
-0
-0
-0
18.587
-0
-0
-0
-0
-0
-0
-0
-0
-0
-0
-0
-0
-0
-0
23.9099
-0
-0
-0
-0
-0
-0
-0
-0
-0
-0
-0
-0
-0
-0
-0
31.4085
-0
-0
-0
-0
-0
-0
-0
-0
-0
-0
-0
-0
1.4474
2.81101
-0
-0
-0
-0
-0
-0
-0
34.5781
-0
-0
-0
-0
-0
13.8834
-0
22.8015
-0
-0
-0
-0
9.42743
-0
-0
-0
-0
0.173068
-0
-0
-0
-0
22.2748
-0
2.58145
8.17685
-0
-0
-0
-0
-0
-0
-0
0.905292
-0
-0
-0
-0
8.95529
5.53122
-0
-0
37.0319
-0
-0
-0
-0
16.7767
17.2856
-0
15.2987
-0
5.52777
46.9066
17.1214
-0
25.0062
-0
-0
-0
7.81218
-0
17.4376
10.0903
-0
-0
-0
24.4473
-0
-0
19.7922
7.12707
-0
23.9476
-0
12.6405
-0
-0
-0
3.08407
-0
24.5685
5.88029
3.46577
-0
-0
-0
-0
-0
-0
-0
17.1437
-0
-0
-0
11.6551
-0
-0
-0
10.605
27.1541
-0
-0
-0
-0
-0
13.7622
-0
-0
-0
-0
31.4262
-0
-0
-0
13.3593
-0
-0
4.95708
28.8191
-0
13.2895
-0
-0
-0
-0
-0
-0
-0
-0
-0
-0
-0
-0
-0
-0
-0
-0
-0
-0
26.6311
-0
-0
10.784
25.9441
-0
-0
-0
-0
-0
-0
-0
21.6709
-0
-0
-0
-0
-0
-0
-0
-0
35.5843
-0
10.4899
-0
-0
-0
-0
-0
7.23005
6.32589
-0
-0
-0
-0
12.6951
-0
11.6073
-0
-0
-0
-0
-0
-0
43.9118
6.77012
-0
-0
9.66605
10.7803
-0
-0
-0
-0
-0
-0
-0
15.1299
-0
0.117789
12.3262
-0
-0
-0
-0
-0
-0
-0
-0
15.7281
-0
-0
-0
-0
-0
2.827
18.163
-0
-0
-0
-0
-0
-0
1.94634
-0
-0
-0
-0
-0
31.2061
19.1996
-0
-0
-0
-0
-0
-0
-0
-0
-0
-0
-0
-0
11.3629
-0
-0
-0
-0
-0
-0
-0
-0
-0
-0
-0
-0
-0
-0
-0
-0
3.92239
-0
-0
-0
-0
-0
-0
-0
-0
-0
0.547178
-0
-0
-0
-0
5.33761
12.4497
11.5367
4.93968
-0
-0
-0
-0
-0
-0
-0
-0
-0
-0
39.5142
-0
-0
-0
-0
5.35242
-0
-0
-0
-0
23.4148
-0
-0
-0
-0
-0
-0
-0
-0
-0
39.3171
14.9636
-0
-0
-0
6.91312
-0
-0
53.8187
-0
-0
6.78043
-0
15.1599
-0
79.5964
2.45099
-0
22.0428
27.8199
-0
10.2412
13.3045
-0
-0
30.8436
-0
3.86558
-0
-0
-0
-0
-0
-0
-0
-0
8.282
-0
14.5599
-0
-0
-0
-0
-0
-0
-0
31.7565
-0
-0
-0
-0
2.13201
-0
35.007
-0
-0
-0
-0
13.1855
-0
6.30825
32.539
18.5395
-0
0.544517
-0
-0
12.694
-0
-0
-0
-0
-0
1.6832
55.3534
-0
-0
-0
5.1084
-0
4.73151
-0
-0
-0
-0
6.40081
3.86762
34.7262
-0
1.30086
-0
33.0928
9.87489
-0
-0
4.53311
-0
1.90531
-0
62.9808
-0
22.2358
-0
-0
0.581028
-0
-0
-0
4.17803
-0
13.1883
36.6767
-0
-0
-0
-0
10.2646
-0
5.32387
-0
-0
24.6758
-0
12.1421
-0
9.26609
23.5962
-0
-0
-0
-0
-0
11.1192
8.33906
29.0275
-0
-0
-0
-0
12.3815
9.8382
-0
-0
-0
-0
23.3394
-0
-0
29.4477
-0
27.1452
-0
-0
-0
-0
-0
-0
-0
-0
-0
-0
1.03813
8.26029
35.0862
40.506
-0
-0
11.8482
-0
-0
-0
-0
-0
-0
-0
-0
-0
-0
-0
-0
-0
55.3437
-0
-0
-0
28.6953
-0
-0
-0
-0
4.65064
-0
-0
-0
31.4676
-0
-0
-0
-0
-0
-0
-0
-0
6.07795
-0
-0
-0
-0
22.6077
-0
15.8286
1.37309
-0
-0
33.7272
-0
-0
-0
-0
-0
-0
39.5282
-0
29.576
-0
9.52252
-0
-0
-0
-0
-0
-0
-0
3.2524
-0
25.9535
20.6904
-0
-0
4.49261
-0
-0
-0
-0
-0
-0
33.4201
-0
-0
0.52533
-0
-0
-0
-0
-0
3.77897
-0
-0
-0
-0
-0
-0
-0
1.92398
-0
-0
-0
-0
-0
-0
-0
0.644016
-0
38.7536
30.6693
-0
-0
-0
-0
-0
-0
-0
-0
-0
41.7977
-0
-0
15.5018
29.8526
-0
-0
-0
-0
-0
26.6325
0.485894
-0
-0
-0
27.5153
-0
-0
-0
-0
-0
-0
-0
-0
-0
-0
-0
-0
-0
-0
21.9338
15.8495
-0
-0
-0
-0
-0
-0
-0
-0
5.44176
-0
-0
-0
-0
-0
-0
-0
-0
-0
-0
-0
-0
-0
-0
-0
-0
-0
22.1859
-0
9.66877
-0
-0
-0
-0
-0
-0
-0
30.8962
-0
-0
-0
-0
13.5455
-0
-0
-0
-0
-0
-0
-0
-0
-0
-0
-0
-0
-0
-0
-0
-0
-0
-0
-0
-0
12.3954
-0
-0
-0
-0
-0
34.2496
-0
-0
-0
-0
-0
-0
5.91219
-0
-0
-0
-0
-0
1.31869
-0
10.7725
-0
26.5189
-0
23.0709
-0
-0
-0
27.7607
-0
-0
-0
-0
18.0743
-0
9.86425
-0
-0
-0
-0
-0
-0
19.8472
-0
16.5657
-0
-0
-0
14.3506
-0
-0
-0
-0
-0
-0
20.1643
-0
-0
-0
-0
-0
24.5359
-0
-0
-0
-0
-0
24.1938
-0
18.7962
-0
-0
-0
-0
-0
4.75975
-0
-0
-0
-0
-0
-0
-0
-0
1.74309
13.102
-0
-0
-0
-0
1.57154
-0
1.65761
-0
-0
-0
-0
14.2827
52.3755
-0
-0
-0
1.64895
-0
-0
-0
25.2658
-0
-0
-0
26.3673
-0
-0
4.65732
-0
29.1725
45.8813
-0
-0
-0
-0
-0
14.6423
21.6723
-0
-0
7.39482
5.568
-0
-0
-0
-0
-0
-0
-0
-0
-0
-0
-0
-0
-0
19.6673
3.72444
-0
-0
-0
-0
-0
-0
-0
34.3192
2.19679
-0
-0
40.8038
21.5704
-0
-0
-0
-0
-0
5.00313
33.0634
17.0097
-0
-0
-0
-0
-0
-0
-0
-0
-0
-0
-0
0.743974
-0
-0
-0
-0
37.7234
14.5697
-0
0.733884
-0
-0
-0
-0
18.3731
26.5461
4.88445
-0
-0
-0
-0
-0
-0
-0
6.06886
-0
-0
8.59221
-0
-0
-0
-0
-0
-0
-0
-0
-0
-0
26.6544
27.3217
-0
54.08
-0
-0
-0
-0
-0
-0
-0
9.02311
32.7078
-0
9.24819
-0
-0
-0
-0
-0
-0
-0
-0
5.87331
-0
-0
-0
34.9029
3.20242
-0
-0
2.62898
-0
-0
-0
-0
8.13027
-0
42.5032
-0
-0
6.08424
-0
-0
20.7862
46.9918
-0
4.89546
13.5932
1.14783
-0
32.4846
-0
-0
-0
-0
36.9346
23.029
-0
23.6353
-0
-0
-0
-0
-0
20.1329
-0
-0
-0
26.6158
-0
-0
-0
-0
-0
7.03753
-0
-0
-0
-0
-0
-0
16.2738
7.83954
-0
4.30559
-0
-0
-0
-0
-0
-0
-0
-0
-0
-0
-0
-0
-0
31.14
-0
-0
-0
-0
29.9378
-0
31.8789
-0
-0
-0
-0
-0
-0
-0
-0
5.58684
-0
7.09958
-0
-0
1.63579
2.93169
-0
20.1286
-0
-0
-0
38.9682
-0
5.2832
-0
-0
-0
-0
-0
-0
-0
-0
-0
-0
-0
-0
-0
-0
-0
8.48817
-0
-0
-0
-0
-0
-0
0.760957
-0
-0
-0
6.65414
-0
7.79078
-0
6.57694
34.5394
-0
-0
-0
55.3348
-0
3.28812
6.87273
-0
-0
26.8714
-0
48.6216
-0
27.3874
-0
0.126716
31.4928
44.9659
-0
-0
-0
-0
12.9594
-0
2.52801
-0
-0
-0
-0
-0
2.91199
-0
-0
-0
-0
-0
-0
-0
-0
-0
6.27709
-0
-0
-0
-0
-0
-0
12.6223
-0
-0
25.7803
-0
-0
-0
-0
25.8363
-0
-0
-0
-0
-0
1.70602
14.0771
-0
-0
-0
-0
-0
-0
-0
4.16816
-0
0.10918
21.321
-0
-0
-0
-0
-0
-0
-0
-0
-0
-0
19.1976
-0
-0
0.978233
-0
-0
-0
-0
29.7982
-0
-0
0.574527
-0
-0
-0
-0
-0
-0
-0
-0
22.9745
-0
-0
21.7028
-0
-0
6.16306
17.0609
-0
-0
-0
17.2596
-0
-0
-0
-0
-0
-0
-0
-0
-0
-0
-0
11.4268
3.82572
-0
37.2344
-0
-0
-0
-0
-0
25.2601
-0
-0
-0
2.94225
13.22
-0
11.7323
-0
-0
-0
2.9254
13.8397
-0
-0
-0
-0
-0
-0
56.9621
-0
-0
-0
-0
-0
-0
-0
-0
-0
-0
-0
-0
-0
-0
-0
-0
12.7604
-0
-0
-0
-0
-0
19.0662
-0
-0
30.9512
10.7813
-0
12.0489
-0
-0
-0
-0
-0
26.0362
-0
-0
-0
39.0683
-0
30.5254
19.6429
20.3607
-0
-0
-0
-0
30.3989
-0
9.86113
-0
15.7105
-0
-0
-0
-0
30.9355
-0
20.7485
41.6814
-0
-0
-0
69.6387
-0
-0
7.37948
0.846213
-0
34.0915
-0
-0
-0
-0
-0
-0
-0
-0
22.5517
-0
15.751
14.0846
-0
-0
-0
-0
-0
-0
-0
-0
25.7357
21.2318
-0
-0
-0
-0
6.17033
-0
-0
-0
-0
-0
-0
-0
5.94637
-0
-0
-0
30.596
-0
-0
0.107603
3.48259
-0
-0
-0
-0
-0
-0
-0
5.10887
-0
-0
18.3661
-0
-0
9.49885
-0
8.77797
-0
-0
-0
-0
-0
-0
-0
-0
-0
40.0778
-0
-0
-0
-0
-0
-0
-0
-0
-0
-0
-0
-0
-0
-0
-0
-0
-0
-0
-0
-0
-0
-0
11.3207
44.6871
-0
-0
-0
17.4123
-0
-0
22.5309
-0
-0
25.8143
-0
-0
36.2513
-0
-0
27.6294
-0
1.03188
-0
3.47452
-0
-0
-0
-0
27.7147
-0
-0
-0
59.0592
1.41007
-0
-0
-0
0.854852
-0
6.46565
-0
-0
-0
-0
-0
-0
-0
-0
24.9361
-0
-0
-0
41.3726
-0
-0
0.667266
4.0302
-0
-0
-0
-0
-0
-0
-0
15.0429
-0
5.11591
-0
70.7511
-0
-0
-0
-0
-0
-0
-0
3.54749
-0
-0
-0
-0
-0
-0
-0
-0
5.03159
-0
-0
50.5252
42.7141
-0
-0
-0
-0
-0
48.7247
-0
-0
-0
-0
-0
33.0761
4.57387
-0
-0
0.819699
-0
13.883
-0
-0
1.11984
46.0325
-0
21.4413
-0
-0
-0
-0
-0
-0
-0
-0
-0
-0
16.6634
-0
7.90663
-0
22.4298
-0
33.238
-0
-0
-0
-0
7.22905
-0
-0
-0
-0
-0
-0
-0
24.5018
-0
-0
-0
-0
-0
-0
4.7655
-0
-0
-0
-0
-0
-0
-0
-0
27.8255
-0
15.2686
-0
-0
-0
-0
-0
-0
-0
-0
-0
-0
-0
-0
-0
12.5141
-0
-0
-0
0.323297
-0
-0
-0
-0
24.2583
-0
-0
8.82334
32.6258
19.8135
-0
-0
-0
-0
-0
-0
2.27813
-0
1.36165
4.38291
-0
2.46888
-0
-0
20.2141
-0
1.65897
6.75442
-0
-0
-0
13.4628
-0
-0
11.7392
-0
-0
-0
-0
12.4398
0.466467
1.65901
-0
-0
-0
-0
1.76529
-0
-0
-0
-0
-0
-0
-0
6.1335
-0
-0
-0
-0
31.0414
-0
-0
29.9547
-0
18.0093
8.41681
-0
8.89286
14.5325
10.2918
-0
-0
-0
-0
0.483809
-0
-0
-0
-0
-0
-0
-0
-0
-0
-0
-0
-0
-0
-0
-0
-0
-0
-0
-0
-0
33.4341
-0
-0
-0
-0
-0
-0
-0
-0
-0
31.2651
-0
-0
7.2561
-0
-0
40.2824
-0
8.81007
-0
9.17031
-0
3.76739
-0
-0
17.1708
-0
-0
-0
-0
-0
-0
26.5702
-0
-0
-0
-0
37.0704
-0
15.6563
-0
-0
11.918
-0
15.3101
-0
-0
-0
-0
11.2656
-0
1.96697
18.885
-0
30.0607
-0
5.57336
-0
-0
-0
-0
-0
-0
-0
0.343164
10.6877
-0
-0
-0
-0
-0
-0
8.81938
-0
-0
-0
-0
-0
-0
-0
4.99805
-0
5.0652
2.58192
-0
-0
-0
-0
7.17195
14.9471
1.27798
-0
-0
4.21665
-0
-0
-0
-0
-0
24.1492
-0
-0
-0
-0
-0
-0
-0
-0
-0
5.72198
-0
21.199
30.2967
-0
-0
-0
-0
6.6931
3.68098
0.988588
3.45081
32.102
5.08067
22.0141
-0
-0
-0
4.8236
-0
-0
-0
-0
-0
-0
-0
-0
-0
-0
-0
-0
37.9939
22.982
-0
33.2416
-0
-0
-0
-0
-0
-0
-0
2.25434
-0
-0
2.68982
-0
-0
-0
-0
3.286
3.94552
30.9018
17.6446
-0
-0
-0
60.2556
-0
57.6711
-0
-0
-0
-0
-0
-0
-0
-0
-0
-0
-0
68.6152
-0
-0
-0
-0
-0
5.00137
9.55816
-0
-0
29.2485
-0
14.7452
-0
-0
-0
-0
17.4827
-0
-0
-0
-0
-0
-0
-0
1.51
43.0688
-0
-0
-0
-0
-0
11.8112
-0
-0
-0
23.3539
-0
1.44998
-0
19.1435
-0
69.4117
3.8457
22.7903
-0
23.5157
2.52695
-0
-0
19.1855
-0
8.29773
-0
-0
-0
-0
10.5743
-0
-0
-0
-0
-0
-0
3.53854
15.6231
2.99065
4.76294
49.2328
-0
6.48962
-0
10.6023
3.38259
24.5543
2.64712
-0
-0
-0
-0
-0
-0
40.3325
-0
-0
0.300565
-0
-0
-0
21.9439
14.4672
-0
-0
-0
-0
-0
-0
-0
-0
-0
-0
-0
-0
-0
15.8322
-0
6.21999
3.06322
-0
-0
-0
-0
-0
-0
-0
-0
-0
-0
15.5092
-0
-0
-0
-0
6.46999
-0
-0
-0
-0
-0
20.3343
-0
14.891
15.7545
-0
-0
-0
44.2126
4.7787
-0
16.156
-0
-0
6.26607
-0
-0
13.2117
-0
-0
-0
0.104856
-0
20.3473
13.5045
-0
-0
-0
-0
-0
-0
-0
-0
-0
-0
-0
-0
33.2362
0.0668559
13.4755
-0
-0
4.69122
-0
-0
-0
7.29452
-0
-0
-0
15.9883
-0
-0
40.4657
-0
19.1508
28.8255
20.2627
-0
-0
-0
-0
-0
-0
-0
-0
39.1633
-0
-0
-0
-0
21.3788
-0
-0
-0
-0
-0
-0
-0
37.3562
-0
28.8418
-0
-0
-0
-0
-0
15.9566
-0
-0
-0
-0
5.21875
-0
-0
23.1531
-0
-0
17.991
-0
-0
-0
-0
-0
-0
-0
-0
-0
-0
-0
18.2249
6.36423
21.3779
-0
2.80792
-0
5.25214
-0
-0
7.82906
-0
10.1389
-0
-0
30.4113
-0
-0
18.4925
43.2532
-0
-0
8.6251
-0
-0
-0
-0
-0
13.5232
-0
-0
-0
-0
-0
-0
-0
-0
39.781
-0
-0
28.3062
-0
-0
25.169
-0
-0
-0
-0
-0
-0
-0
-0
36.4154
-0
-0
-0
-0
21.7587
42.0833
18.5003
-0
-0
-0
-0
-0
-0
21.8878
-0
-0
-0
-0
22.5384
-0
-0
-0
-0
-0
-0
-0
-0
-0
-0
-0
27.2049
9.36335
-0
-0
-0
-0
-0
-0
-0
-0
-0
-0
-0
-0
-0
-0
30.5358
-0
-0
-0
-0
24.6089
8.29502
-0
2.10078
-0
-0
-0
-0
-0
-0
-0
-0
14.9013
-0
-0
-0
-0
1.43672
-0
-0
57.2393
-0
-0
18.548
15.6875
-0
3.77744
27.858
-0
-0
-0
-0
-0
-0
9.06831
-0
-0
15.8335
-0
-0
-0
-0
27.9703
-0
-0
-0
-0
-0
-0
-0
-0
-0
-0
-0
-0
4.20726
-0
-0
7.6808
-0
-0
-0
-0
45.1297
-0
0.721317
-0
7.48622
-0
-0
26.2246
12.0293
-0
-0
3.31377
-0
10.0336
-0
-0
-0
16.7868
-0
44.9318
4.92751
-0
-0
5.60338
-0
-0
-0
9.15592
25.3272
-0
-0
-0
41.3628
32.4376
14.7228
-0
9.86348
-0
3.71335
3.37395
-0
-0
-0
26.6703
-0
-0
10.7253
-0
-0
11.6893
73.0347
-0
-0
-0
-0
-0
-0
-0
-0
-0
-0
-0
16.6051
-0
-0
-0
-0
0.0255275
-0
-0
54.2787
-0
31.7166
2.19502
44.0942
26.0868
14.4952
-0
-0
-0
26.5556
-0
-0
-0
30.557
-0
-0
24.71
-0
-0
4.23701
-0
-0
-0
-0
-0
-0
6.01665
-0
-0
-0
-0
29.1694
-0
-0
-0
-0
-0
-0
25.151
-0
-0
-0
-0
-0
-0
-0
-0
-0
-0
-0
-0
-0
2.30697
1.61443
1.00296
1.70899
-0
-0
-0
36.2049
-0
-0
-0
-0
-0
-0
-0
-0
-0
6.26693
11.3706
-0
-0
-0
25.7668
-0
7.16637
34.6566
-0
-0
-0
-0
-0
-0
-0
17.5534
-0
-0
-0
-0
21.1058
-0
-0
-0
-0
-0
-0
-0
-0
37.1253
-0
-0
-0
26.9418
-0
-0
-0
14.6791
-0
-0
41.706
-0
29.9045
9.34071
-0
0.146921
-0
35.8908
33.9718
-0
8.48579
4.92546
-0
-0
8.9978
-0
-0
-0
-0
-0
-0
-0
-0
3.85461
-0
-0
18.9876
-0
-0
-0
-0
12.3684
13.4889
-0
-0
-0
16.1591
-0
-0
37.6793
-0
-0
-0
15.9361
-0
-0
-0
-0
-0
-0
17.0695
-0
-0
-0
-0
5.01894
30.1312
-0
-0
-0
-0
-0
-0
13.818
-0
18.953
-0
-0
-0
-0
-0
-0
-0
2.79144
-0
-0
-0
-0
19.3429
25.7391
-0
-0
