-0
-0
-0
-0
-0
1.15635
-0
-0
0.627416
6.5043
-0
-0
-0
-0
-0
16.7389
-0
-0
-0
-0
-0
8.31434
-0
-0
4.17304
-0
-0
-0
-0
-0
-0
-0
-0
-0
3.41422
-0
-0
-0
8.30631
-0
12.7965
-0
13.8961
-0
-0
-0
-0
9.85786
-0
-0
-0
-0
-0
7.33042
0.473085
-0
-0
-0
-0
0.308937
-0
-0
-0
12.6716
0.692084
-0
-0
-0
-0
1.07493
-0
19.0287
-0
-0
-0
-0
57.2924
-0
-0
28.8061
-0
42.3653
22.0142
-0
-0
-0
-0
-0
-0
-0
30.8615
-0
-0
-0
1.29064
-0
12.3085
-0
9.44738
-0
-0
-0
-0
-0
-0
-0
3.63279
-0
-0
-0
-0
-0
-0
-0
-0
-0
-0
-0
46.2965
56.2011
-0
-0
-0
-0
-0
-0
3.92073
48.1793
-0
-0
21.2098
-0
49.4639
-0
5.93155
-0
34.3216
38.7171
-0
-0
-0
-0
35.169
24.9357
-0
-0
-0
-0
-0
-0
9.19586
-0
-0
-0
-0
-0
-0
4.66019
-0
1.33752
-0
0.421908
-0
-0
56.3731
-0
6.18011
17.0161
-0
77.1263
-0
14.1475
-0
-0
-0
-0
0.983213
-0
-0
-0
-0
-0
-0
-0
-0
-0
-0
-0
-0
-0
19.6439
0.216599
8.53961
-0
-0
-0
-0
2.21767
-0
-0
-0
9.03068
44.6752
-0
-0
-0
21.1742
23.8351
-0
-0
-0
-0
53.3162
-0
-0
39.8239
31.6224
-0
-0
-0
-0
-0
-0
4.34994
-0
-0
-0
45.5191
-0
-0
-0
-0
-0
-0
-0
-0
-0
-0
-0
-0
26.5298
-0
-0
-0
-0
-0
-0
-0
11.3382
-0
-0
1.32651
-0
-0
2.71767
-0
-0
3.25477
-0
-0
-0
-0
18.2883
-0
-0
-0
-0
2.08665
-0
-0
-0
14.0626
-0
43.4492
-0
-0
-0
-0
-0
-0
29.8031
2.96905
-0
48.2243
-0
-0
23.9946
22.7338
-0
-0
-0
7.26507
26.0988
-0
40.7953
-0
22.1303
-0
14.7888
69.6301
-0
-0
-0
22.1388
3.32511
28.5291
-0
-0
36.9876
-0
-0
-0
-0
-0
-0
0.148354
-0
-0
-0
0.514486
-0
-0
-0
38.0957
33.3144
-0
5.0666
26.8854
-0
-0
-0
-0
-0
-0
-0
-0
-0
9.17126
24.761
21.5116
23.5442
-0
-0
-0
21.9876
-0
-0
-0
-0
13.1283
-0
-0
4.32529
-0
-0
-0
-0
-0
-0
-0
12.8185
-0
-0
34.4926
-0
2.92984
-0
-0
-0
-0
-0
22.2384
-0
-0
-0
-0
-0
4.32746
11.9387
-0
-0
-0
3.45685
-0
-0
18.1453
-0
-0
-0
-0
-0
-0
-0
-0
-0
-0
-0
-0
-0
8.99351
31.104
-0
-0
-0
-0
-0
-0
15.003
-0
-0
-0
20.4554
-0
-0
19.578
-0
-0
-0
-0
-0
39.6536
-0
-0
-0
-0
-0
-0
-0
13.9181
16.5248
-0
13.9205
-0
-0
-0
-0
2.39896
-0
-0
-0
-0
-0
-0
-0
-0
7.38356
-0
-0
-0
-0
0.71473
4.79575
-0
-0
-0
5.87871
-0
-0
-0
-0
-0
-0
18.5746
-0
-0
-0
-0
-0
-0
-0
-0
-0
-0
-0
-0
1.207
-0
-0
-0
-0
-0
-0
-0
7.58641
-0
-0
-0
-0
-0
3.79636
30.6391
-0
-0
14.5323
-0
1.61027
-0
-0
-0
18.0836
-0
-0
36.0099
21.8743
-0
-0
-0
-0
-0
-0
-0
-0
23.4926
-0
-0
-0
-0
-0
-0
-0
5.70558
-0
-0
-0
-0
-0
19.4128
-0
-0
-0
-0
-0
-0
-0
14.5855
-0
24.9467
9.03178
-0
-0
-0
-0
-0
-0
-0
13.2409
-0
-0
-0
38.0412
-0
-0
-0
-0
52.3879
-0
-0
-0
-0
-0
-0
-0
16.2082
-0
-0
-0
-0
-0
-0
14.4933
-0
-0
9.41474
-0
-0
-0
-0
-0
-0
-0
-0
-0
-0
15.4004
-0
-0
-0
-0
-0
11.2519
-0
-0
-0
-0
-0
-0
-0
4.18445
50.4044
-0
0.204876
-0
-0
-0
-0
-0
-0
33.6795
30.0717
-0
-0
-0
15.3764
-0
-0
-0
1.32512
15.8299
-0
-0
-0
-0
-0
-0
-0
-0
-0
-0
-0
-0
-0
22.652
-0
-0
-0
-0
-0
-0
27.8423
-0
-0
-0
-0
-0
13.3212
-0
-0
-0
-0
-0
-0
-0
-0
-0
47.6134
-0
-0
-0
-0
-0
27.7379
-0
-0
49.9694
-0
19.2795
21.4096
-0
-0
-0
23.7152
-0
-0
-0
34.8514
16.1931
-0
-0
0.888204
63.5317
-0
-0
-0
-0
-0
59.0444
-0
-0
-0
-0
-0
-0
32.6138
-0
-0
-0
-0
-0
-0
-0
17.1498
-0
-0
29.0791
-0
-0
-0
-0
-0
-0
-0
-0
-0
-0
-0
-0
-0
-0
-0
-0
-0
-0
-0
-0
-0
-0
-0
-0
33.0243
-0
-0
-0
-0
14.6868
1.71949
28.4473
-0
0.967277
-0
-0
-0
9.387
20.692
-0
-0
7.31551
-0
-0
-0
19.2116
-0
-0
-0
-0
-0
-0
-0
-0
33.7902
-0
0.703991
-0
-0
18.0109
-0
33.2703
5.19636
-0
-0
10.1138
-0
-0
-0
-0
-0
-0
-0
-0
-0
40.957
5.00858
-0
-0
-0
-0
-0
-0
18.8222
-0
-0
-0
-0
9.51661
-0
31.365
16.1669
-0
-0
-0
-0
-0
-0
8.0915
-0
8.5097
16.505
-0
11.5591
22.8103
7.90667
-0
-0
-0
-0
-0
27.4824
-0
-0
-0
-0
-0
-0
13.4331
-0
-0
-0
0.827503
4.32434
-0
-0
13.4115
4.0645
-0
-0
-0
-0
-0
28.3523
-0
0.0545581
-0
-0
-0
-0
-0
4.63656
-0
-0
-0
21.2437
-0
-0
-0
-0
-0
-0
30.7407
-0
-0
12.5216
-0
4.10716
-0
-0
24.7288
-0
-0
-0
-0
-0
-0
-0
-0
41.2614
-0
-0
38.0252
-0
-0
-0
-0
4.2604
-0
-0
-0
6.64626
-0
-0
9.85389
10.1267
-0
-0
13.9013
-0
-0
-0
16.9439
-0
-0
28.1515
2.12512
-0
-0
-0
23.2429
-0
1.04469
-0
-0
-0
13.346
42.5389
-0
-0
-0
-0
-0
11.5331
-0
-0
10.2063
-0
-0
-0
11.4307
-0
-0
5.20766
-0
-0
-0
5.79798
30.8883
46.3046
-0
-0
-0
-0
8.31032
36.1623
54.694
-0
-0
-0
12.3286
-0
-0
-0
-0
-0
-0
-0
-0
-0
24.9113
-0
10.3443
-0
-0
-0
-0
-0
-0
8.3122
9.83669
-0
-0
-0
-0
15.4793
-0
-0
-0
3.88803
-0
-0
-0
-0
-0
-0
-0
-0
-0
-0
-0
8.52328
-0
-0
-0
-0
-0
9.42503
-0
-0
5.2105
34.2627
27.6204
-0
-0
22.9327
-0
-0
-0
3.27109
-0
-0
-0
-0
-0
5.79611
41.3071
-0
18.2549
-0
-0
-0
-0
-0
-0
-0
-0
-0
-0
1.71048
17.235
-0
-0
-0
-0
-0
-0
-0
1.57981
-0
-0
-0
-0
-0
-0
30.0305
49.2189
-0
-0
-0
17.3293
-0
0.361199
-0
-0
-0
-0
-0
3.17429
0.130061
-0
-0
43.2918
-0
-0
-0
-0
-0
8.08403
-0
-0
36.4399
-0
-0
-0
12.8637
-0
-0
-0
-0
4.41488
-0
-0
-0
42.3483
-0
-0
7.09794
-0
-0
-0
-0
-0
10.2676
30.5063
-0
-0
-0
-0
-0
29.3775
-0
-0
-0
-0
-0
-0
-0
-0
-0
-0
-0
-0
-0
-0
-0
15.2312
-0
-0
13.2649
-0
-0
-0
1.6794
23.3536
-0
-0
0.265289
-0
-0
-0
-0
-0
-0
-0
10.6738
-0
2.74359
2.86921
8.4893
-0
-0
-0
-0
-0
-0
0.374357
-0
-0
-0
-0
-0
-0
-0
-0
68.0193
-0
-0
-0
-0
-0
6.59904
-0
-0
-0
-0
-0
30.4742
-0
-0
-0
41.4512
-0
-0
-0
-0
-0
-0
2.15436
-0
2.0406
19.6318
6.98689
68.5247
9.33733
-0
-0
10.3782
19.536
12.97
23.5439
-0
-0
-0
5.0054
-0
-0
-0
-0
-0
-0
-0
-0
20.8672
-0
-0
-0
-0
-0
11.1974
-0
13.5525
-0
-0
1.27112
-0
-0
-0
-0
-0
-0
4.98932
-0
-0
-0
-0
-0
-0
-0
-0
-0
-0
-0
10.6425
-0
-0
-0
52.6714
-0
-0
-0
-0
-0
-0
4.36241
-0
-0
-0
-0
-0
-0
-0
-0
14.9024
-0
-0
-0
-0
-0
-0
-0
-0
-0
-0
-0
-0
-0
28.5132
-0
8.59286
-0
-0
-0
-0
-0
46.8981
-0
-0
-0
6.79711
-0
-0
-0
-0
-0
-0
-0
41.3409
0.303406
-0
-0
-0
-0
-0
8.24061
15.2061
3.95167
-0
34.2552
73.9181
-0
-0
-0
-0
38.8754
-0
-0
-0
-0
-0
-0
-0
5.52066
8.70457
-0
3.32668
-0
-0
-0
-0
19.104
5.10872
-0
-0
24.4058
-0
5.24348
-0
9.71002
-0
9.53426
-0
-0
14.4825
-0
-0
48.1144
1.70353
5.27674
-0
-0
-0
-0
-0
-0
-0
-0
-0
-0
-0
-0
-0
4.52673
31.186
-0
-0
19.7829
10.2236
29.546
-0
-0
-0
16.7676
-0
-0
3.749
-0
-0
-0
21.0612
-0
-0
-0
-0
-0
-0
-0
-0
-0
-0
-0
10.2435
-0
-0
-0
-0
-0
-0
-0
-0
1.43996
-0
-0
-0
-0
-0
-0
-0
-0
-0
53.4859
-0
-0
-0
-0
-0
-0
-0
-0
-0
-0
-0
23.1467
-0
5.78831
-0
-0
-0
-0
-0
6.11197
-0
-0
-0
-0
-0
-0
-0
-0
-0
-0
-0
-0
-0
21.9457
-0
-0
-0
-0
-0
27.034
23.5662
-0
0.692912
1.83087
-0
34.0228
37.3033
-0
13.9378
-0
-0
-0
-0
13.2156
-0
-0
-0
-0
-0
-0
-0
-0
-0
-0
-0
-0
9.09704
-0
-0
11.103
-0
-0
3.81447
-0
-0
-0
-0
-0
-0
-0
41.5153
-0
-0
-0
8.4795
-0
-0
-0
-0
-0
-0
-0
-0
-0
-0
-0
-0
-0
-0
6.52131
6.71911
-0
-0
5.91286
-0
-0
10.3267
-0
-0
-0
-0
-0
-0
-0
-0
0.207191
-0
1.41381
-0
14.9858
-0
-0
19.0779
-0
-0
-0
-0
-0
-0
-0
-0
-0
-0
-0
-0
27.0345
6.05707
-0
-0
43.149
-0
20.8569
-0
-0
-0
-0
-0
-0
40.5299
-0
-0
-0
-0
-0
-0
-0
-0
-0
-0
-0
-0
-0
6.99592
5.63061
-0
-0
-0
-0
-0
-0
-0
-0
-0
-0
-0
-0
-0
-0
-0
34.5399
5.40178
-0
-0
-0
-0
-0
-0
-0
-0
-0
-0
4.84171
-0
27.8909
-0
-0
-0
-0
-0
-0
-0
15.5344
-0
-0
-0
-0
-0
6.34856
-0
8.73241
-0
-0
-0
-0
17.8527
-0
-0
-0
-0
-0
-0
-0
-0
-0
34.8321
-0
1.67322
1.86536
-0
-0
-0
-0
-0
-0
-0
11.1946
-0
-0
-0
-0
11.4279
23.6896
-0
-0
16.5595
-0
-0
-0
-0
30.4097
15.9636
-0
-0
-0
34.9732
42.7549
31.4555
-0
15.7091
-0
-0
-0
-0
-0
10.1722
1.44862
-0
-0
-0
27.2772
-0
-0
3.09665
12.3117
-0
29.5049
-0
4.66377
-0
-0
-0
9.53621
-0
7.86177
-0
-0
-0
-0
-0
-0
-0
-0
-0
-0
-0
-0
-0
7.24195
-0
-0
-0
22.2675
27.0771
-0
-0
-0
-0
15.3305
-0
-0
-0
-0
-0
42.0676
-0
-0
-0
-0
-0
-0
4.15495
28.7766
-0
7.32799
-0
-0
-0
-0
-0
-0
12.074
-0
-0
-0
-0
-0
-0
-0
-0
-0
-0
-0
54.1928
-0
-0
27.1042
30.3542
-0
-0
-0
-0
-0
-0
-0
24.4044
-0
-0
-0
-0
-0
-0
-0
-0
20.8159
-0
20.1165
-0
-0
-0
-0
1.09325
26.578
-0
-0
-0
-0
-0
-0
-0
13.57
-0
-0
-0
-0
-0
-0
25.0493
29.3885
-0
-0
-0
8.36135
-0
-0
-0
-0
-0
-0
-0
28.869
-0
4.02888
27.2893
-0
-0
-0
8.51234
-0
-0
-0
-0
-0
-0
23.0364
-0
-0
-0
12.5469
12.1
-0
-0
-0
-0
-0
-0
-0
-0
-0
-0
-0
-0
27.0591
-0
-0
-0
-0
-0
-0
-0
-0
-0
-0
-0
-0
-0
17.6422
-0
-0
-0
-0
-0
2.88669
-0
-0
-0
-0
-0
-0
-0
-0
-0
-0
-0
-0
-0
-0
-0
-0
-0
-0
-0
10.5296
0.194649
-0
-0
-0
-0
5.75929
22.6553
9.44332
-0
-0
-0
-0
-0
-0
-0
-0
-0
14.4789
-0
28.5475
-0
-0
-0
-0
-0
-0
-0
-0
-0
24.7974
-0
-0
-0
-0
-0
-0
-0
-0
-0
41.4384
13.6028
-0
-0
-0
12.7318
-0
-0
29.2241
-0
-0
4.9137
-0
3.39832
-0
73.0244
5.12998
2.8146
14.3467
35.9178
12.9937
20.4777
25.7379
-0
-0
-0
-0
3.45894
-0
-0
-0
-0
-0
-0
-0
-0
7.26901
-0
1.33808
-0
-0
-0
15.1196
-0
-0
-0
29.6885
-0
-0
-0
-0
-0
-0
25.034
-0
-0
-0
-0
4.52521
-0
6.85717
17.3445
13.4356
-0
8.4471
-0
-0
2.12354
-0
-0
-0
8.09441
-0
-0
53.5099
-0
-0
-0
7.51359
-0
13.0493
-0
-0
-0
-0
-0
-0
13.7671
-0
-0
-0
47.5569
5.4477
-0
-0
-0
-0
1.33915
-0
78.6014
-0
0.817293
-0
-0
0.529927
-0
-0
-0
-0
-0
19.9705
40.4675
-0
-0
-0
-0
4.93377
-0
14.6632
-0
-0
-0
-0
26.545
-0
-0
2.2507
-0
-0
-0
3.97831
-0
13.4656
16.0229
8.00986
-0
-0
-0
-0
-0
14.0512
-0
-0
-0
-0
13.7145
-0
-0
10.3353
-0
-0
-0
-0
-0
-0
-0
-0
-0
-0
-0
-0
-0
-0
28.0759
49.9536
-0
-0
8.08853
-0
-0
-0
-0
-0
-0
-0
-0
-0
-0
-0
-0
-0
47.2284
-0
-0
-0
39.1501
-0
-0
-0
-0
0.73597
-0
-0
-0
18.9118
-0
-0
-0
-0
-0
-0
-0
-0
2.76808
-0
-0
-0
-0
25.0041
-0
9.49944
5.91291
-0
10.0888
34.8203
-0
-0
-0
-0
-0
0.747374
64.0711
-0
28.4679
11.5519
-0
-0
-0
-0
4.80622
-0
-0
-0
12.715
-0
32.2182
0.65655
-0
-0
7.66674
-0
-0
-0
-0
-0
-0
34.1967
-0
-0
-0
-0
-0
-0
-0
-0
-0
-0
-0
-0
-0
-0
-0
-0
-0
-0
-0
7.7622
-0
-0
-0
-0
-0
-0
27.1389
29.5983
-0
-0
-0
-0
-0
-0
-0
-0
-0
40.8243
-0
19.9956
16.9305
39.4061
-0
-0
-0
-0
-0
12.1925
-0
-0
-0
-0
31.3337
-0
-0
-0
-0
-0
-0
-0
-0
-0
-0
-0
-0
-0
-0
43.602
19.8974
-0
-0
-0
-0
-0
-0
-0
-0
-0
-0
-0
-0
-0
-0
-0
-0
-0
-0
-0
-0
-0
-0
-0
-0
-0
-0
15.5384
-0
11.7231
-0
-0
-0
-0
-0
-0
-0
17.0699
4.41934
-0
-0
-0
10.9449
-0
-0
-0
-0
-0
-0
-0
-0
-0
-0
-0
-0
-0
-0
-0
-0
-0
-0
-0
-0
12.9208
-0
-0
-0
-0
-0
21.903
-0
-0
11.615
-0
-0
-0
7.12994
-0
-0
-0
-0
-0
15.79
-0
-0
-0
24.8383
-0
16.5826
-0
10.075
3.57733
20.2391
-0
-0
-0
-0
19.2368
-0
14.5766
-0
-0
-0
-0
-0
-0
2.44399
-0
0.713787
-0
-0
-0
38.1108
-0
-0
-0
-0
4.49434
-0
9.07257
-0
-0
-0
-0
-0
29.642
-0
-0
0.329214
-0
20.0809
21.1892
-0
32.6141
-0
-0
-0
-0
-0
-0
-0
-0
-0
-0
-0
-0
-0
-0
-0
4.05445
-0
-0
-0
-0
-0
-0
2.87837
-0
-0
-0
-0
-0
53.7861
-0
-0
-0
0.521266
-0
-0
10.7495
30.7402
-0
-0
-0
12.0143
-0
-0
-0
-0
22.9839
69.9788
-0
-0
-0
-0
-0
11.0736
14.7377
-0
-0
7.06414
2.23627
-0
-0
-0
-0
-0
-0
-0
-0
-0
-0
-0
-0
-0
7.83978
-0
-0
-0
13.0683
-0
-0
-0
-0
26.5583
-0
-0
-0
11.6997
2.18208
-0
-0
-0
-0
-0
21.0361
43.385
15.9136
-0
-0
-0
-0
-0
-0
-0
-0
-0
-0
-0
5.45574
-0
-0
-0
-0
44.9094
10.4125
-0
5.65799
-0
-0
-0
-0
-0
23.4351
25.418
-0
-0
-0
-0
-0
-0
-0
4.10684
-0
-0
-0
-0
-0
-0
-0
-0
-0
-0
-0
-0
-0
13.2963
29.8969
-0
48.2984
-0
-0
2.00094
-0
-0
-0
-0
24.8515
7.40736
-0
-0
-0
-0
-0
-0
-0
-0
-0
-0
3.35745
-0
-0
-0
24.5113
21.8377
-0
-0
-0
-0
4.84926
-0
-0
3.79152
-0
39.6245
-0
-0
6.18338
-0
-0
27.9133
54.5843
-0
-0
0.652061
1.4898
-0
51.3082
-0
-0
-0
-0
29.4185
15.1697
-0
18.0979
-0
-0
-0
-0
-0
46.0715
-0
6.98278
3.61395
12.5962
-0
-0
-0
-0
-0
16.5551
-0
-0
-0
-0
-0
-0
20.4918
35.5419
-0
4.86561
-0
-0
-0
-0
-0
-0
-0
-0
-0
-0
-0
-0
-0
25.8139
10.5988
-0
-0
-0
26.3859
14.5411
43.1646
-0
-0
-0
-0
-0
-0
-0
-0
5.96501
-0
-0
-0
-0
2.29672
-0
-0
26.4274
-0
-0
-0
57.2462
-0
-0
-0
-0
-0
-0
-0
-0
-0
-0
-0
-0
-0
-0
-0
-0
-0
21.8945
-0
-0
-0
-0
-0
-0
-0
-0
-0
-0
10.5866
-0
-0
-0
15.3596
46.4133
-0
-0
-0
25.4244
-0
10.7462
11.5351
-0
-0
52.8495
-0
72.0115
-0
35.2144
-0
-0
34.7728
54.1617
-0
-0
-0
-0
-0
-0
-0
-0
-0
-0
-0
-0
0.276883
-0
-0
-0
-0
-0
-0
1.80699
-0
-0
-0
-0
-0
-0
-0
-0
-0
9.89766
-0
-0
-0
-0
-0
-0
-0
19.6261
-0
-0
12.495
-0
-0
-0
10.4754
-0
-0
-0
-0
-0
-0
-0
-0
-0
15.0938
26.9028
-0
-0
-0
-0
-0
-0
-0
-0
-0
-0
10.5606
-0
-0
-0
-0
-0
-0
-0
16.3707
-0
-0
0.332201
-0
-0
20.2708
-0
-0
-0
-0
-0
-0
-0
-0
17.9132
3.64859
8.56897
-0
10.9154
8.8535
-0
-0
-0
-0
15.393
-0
-0
-0
-0
-0
-0
-0
-0
-0
-0
13.1623
-0
20.7595
-0
-0
-0
-0
-0
18.01
-0
-0
-0
22.301
6.72427
-0
-0
-0
-0
-0
16.7613
27.7031
-0
-0
-0
-0
-0
16.4459
49.4494
-0
-0
-0
-0
-0
-0
-0
-0
-0
-0
-0
-0
-0
-0
-0
-0
15.7286
-0
-0
-0
-0
-0
18.0345
-0
-0
21.7816
-0
-0
8.5854
-0
-0
1.82243
-0
-0
7.25295
-0
-0
-0
37.819
-0
21.4082
14.4858
19.5587
-0
-0
-0
-0
46.3381
-0
27.5848
-0
-0
-0
-0
-0
-0
25.3183
-0
10.3206
30.72
-0
-0
9.35675
62.5151
-0
-0
18.6523
0.69989
-0
44.055
-0
-0
-0
-0
-0
-0
-0
-0
10.4703
-0
20.1833
-0
-0
20.3638
-0
-0
-0
-0
-0
-0
39.8596
22.4662
-0
-0
-0
-0
-0
-0
-0
-0
-0
-0
-0
-0
3.75433
-0
-0
-0
15.7888
2.19868
3.64861
-0
22.7107
-0
-0
-0
-0
-0
-0
-0
14.1722
-0
-0
30.3817
-0
-0
18.308
-0
9.25638
-0
-0
-0
-0
-0
-0
-0
-0
14.5197
47.1406
-0
-0
-0
-0
-0
-0
-0
-0
-0
-0
-0
-0
-0
-0
-0
-0
-0
12.0282
7.79522
-0
-0
-0
15.3471
49.7419
-0
-0
-0
13.4711
-0
-0
56.8758
-0
-0
27.9493
-0
-0
61.484
-0
-0
21.4387
-0
18.0707
-0
-0
-0
-0
-0
-0
11.1404
-0
0.0145739
-0
51.931
10.2994
-0
1.35275
-0
0.329572
-0
-0
-0
-0
-0
-0
-0
-0
-0
11.8783
25.8488
-0
-0
-0
26.134
-0
-0
0.782574
7.24698
-0
-0
-0
-0
-0
-0
-0
-0
1.76209
10.1021
-0
79.3644
-0
-0
-0
-0
-0
-0
-0
-0
-0
-0
-0
-0
-0
-0
1.58123
-0
8.7171
-0
-0
78.4126
25.04
-0
-0
-0
-0
-0
44.2739
-0
-0
-0
-0
-0
28.6277
-0
-0
-0
11.45
-0
28.043
-0
-0
-0
37.2285
-0
0.0344217
-0
-0
-0
-0
-0
-0
-0
-0
-0
-0
18.0016
-0
10.346
8.48627
25.8595
-0
42.4031
-0
-0
-0
-0
-0
-0
-0
-0
-0
-0
-0
-0
21.184
-0
-0
-0
-0
-0
-0
-0
-0
-0
27.1097
-0
-0
-0
-0
-0
36.1776
-0
9.11256
-0
-0
-0
-0
-0
2.58801
-0
-0
-0
-0
-0
-0
-0
10.876
-0
-0
-0
-0
-0
-0
-0
-0
15.7277
1.41859
-0
9.18632
18.0836
16.5179
-0
-0
-0
-0
-0
-0
-0
-0
-0
3.16631
-0
12.2886
-0
-0
10.9346
-0
4.04297
-0
-0
3.94662
-0
2.32254
-0
-0
33.2249
-0
-0
-0
-0
21.5635
0.0253845
-0
-0
-0
-0
-0
3.07091
-0
-0
-0
-0
-0
-0
-0
16.7929
-0
-0
-0
-0
33.561
-0
9.17009
29.6492
-0
9.9404
22.0398
-0
-0
12.974
2.3132
-0
-0
-0
-0
0.413757
-0
4.32659
-0
-0
-0
-0
-0
-0
-0
-0
-0
-0
-0
-0
-0
0.323175
-0
-0
-0
-0
23.7413
-0
-0
-0
-0
-0
13.9197
-0
-0
-0
43.5633
-0
-0
8.30952
-0
-0
32.9165
-0
0.745819
-0
26.7711
-0
-0
-0
-0
11.4461
-0
-0
-0
-0
-0
-0
36.8439
-0
-0
-0
-0
37.1098
-0
26.8577
-0
-0
10.4845
-0
24.3772
-0
-0
-0
-0
7.75773
9.71663
-0
16.1905
-0
15.2181
-0
26.6851
-0
-0
-0
-0
-0
-0
-0
-0
12.8587
-0
-0
-0
-0
-0
-0
-0
-0
-0
-0
-0
-0
-0
-0
4.75827
-0
5.54065
5.8176
-0
-0
-0
-0
-0
23.3932
4.43592
-0
-0
18.2031
-0
-0
0.758081
-0
-0
-0
-0
-0
-0
-0
-0
-0
1.0088
-0
-0
2.63691
-0
29.8197
4.89364
-0
-0
-0
-0
20.3808
1.29171
-0
-0
39.0072
-0
29.23
-0
-0
-0
4.37666
-0
-0
-0
-0
-0
-0
-0
-0
30.6106
-0
-0
-0
34.6955
39.8444
-0
69.5692
-0
-0
-0
-0
-0
-0
-0
-0
-0
-0
35.7662
-0
-0
-0
-0
-0
18.9511
29.4605
-0
-0
-0
-0
58.6925
-0
62.9785
-0
-0
-0
-0
-0
38.3715
-0
-0
-0
-0
-0
75.1046
-0
-0
-0
-0
10.9483
3.91573
-0
-0
-0
25.0041
-0
6.10213
-0
-0
-0
-0
7.88418
-0
-0
-0
-0
-0
-0
-0
6.5448
53.4218
-0
-0
-0
-0
-0
2.86987
-0
-0
7.19576
22.0397
-0
21.7866
-0
34.1661
-0
44.1065
3.10165
29.968
-0
14.8649
9.98518
29.5182
-0
14.2457
-0
5.25623
-0
-0
-0
-0
17.1257
-0
-0
0.638266
-0
-0
-0
-0
38.032
-0
6.62881
46.7042
-0
-0
-0
3.62734
13.1283
25.4518
1.18635
-0
-0
-0
-0
-0
-0
29.4553
9.07937
-0
0.451872
-0
-0
-0
20.3199
26.6282
-0
-0
-0
-0
-0
-0
-0
-0
-0
-0
-0
-0
-0
23.69
-0
-0
15.2086
-0
14.8553
-0
-0
-0
-0
-0
-0
-0
-0
24.1273
-0
-0
-0
-0
-0
-0
-0
-0
-0
-0
8.90916
-0
29.0006
-0
-0
-0
-0
26.2595
-0
-0
36.5937
-0
-0
5.8179
-0
-0
12.863
-0
-0
-0
-0
-0
12.2779
-0
-0
-0
-0
-0
-0
12.5375
-0
-0
-0
-0
-0
-0
28.2525
-0
-0
-0
-0
4.57013
-0
-0
-0
-0
-0
-0
-0
-0
2.83144
-0
26.2639
-0
38.2373
45.1371
11.0698
-0
-0
-0
-0
-0
-0
-0
-0
13.0344
-0
-0
-0
-0
-0
-0
0.639667
-0
-0
-0
-0
-0
34.5172
-0
27.0932
-0
-0
-0
-0
-0
27.6968
-0
-0
-0
-0
13.1441
-0
-0
18.9526
-0
-0
10.7589
-0
-0
-0
-0
-0
-0
-0
-0
-0
-0
-0
-0
10.928
22.5842
-0
9.59298
-0
7.86708
-0
-0
22.4631
-0
-0
-0
-0
27.9733
0.409068
-0
-0
20.5779
-0
-0
-0
-0
-0
-0
-0
-0
14.5132
-0
-0
-0
-0
-0
-0
-0
-0
47.9459
-0
-0
30.7629
-0
-0
16.3089
-0
-0
-0
-0
-0
-0
-0
-0
27.1049
-0
-0
-0
-0
6.38188
61.5901
23.3973
-0
-0
-0
-0
-0
-0
9.17438
-0
-0
-0
-0
17.8816
-0
-0
-0
-0
-0
-0
-0
-0
-0
-0
-0
36.1452
28.818
-0
-0
-0
-0
-0
-0
-0
-0
-0
-0
-0
-0
-0
-0
53.8968
-0
-0
15.7891
-0
-0
0.888368
-0
-0
-0
0.257307
-0
-0
-0
-0
4.58076
-0
0.677226
-0
8.83404
-0
-0
-0
-0
-0
59.4153
-0
-0
18.4409
6.7675
-0
41.8721
13.3462
-0
-0
-0
20.9939
-0
-0
8.05503
-0
-0
5.73689
-0
-0
-0
-0
39.7029
-0
-0
-0
1.59165
-0
-0
-0
3.3654
-0
0.821181
-0
-0
-0
-0
-0
-0
-0
15.9477
-0
-0
62.4088
-0
12.3817
-0
14.7425
7.4078
-0
18.0355
-0
-0
-0
-0
-0
6.88704
-0
-0
-0
-0
18.2379
-0
-0
-0
-0
-0
-0
-0
-0
24.6221
26.0698
-0
-0
-0
15.7143
37.2793
-0
-0
-0
-0
1.19848
10.8016
-0
-0
-0
17.0188
-0
-0
1.12485
-0
-0
3.39809
68.5483
-0
-0
-0
-0
-0
31.8167
1.18882
-0
-0
-0
-0
-0
-0
-0
-0
-0
-0
-0
2.17885
61.315
-0
19.7025
2.30319
45.8054
-0
22.1447
-0
-0
-0
37.8841
-0
-0
-0
26.7639
-0
-0
10.2187
-0
-0
24.365
-0
-0
-0
-0
-0
-0
8.49818
-0
-0
-0
-0
34.5671
-0
-0
-0
-0
-0
-0
25.8678
-0
-0
-0
-0
-0
-0
-0
-0
-0
-0
-0
-0
-0
28.271
-0
4.21962
4.64768
-0
-0
-0
16.9418
-0
-0
-0
-0
-0
-0
-0
-0
-0
-0
18.9163
-0
-0
-0
1.46475
-0
7.17646
23.0558
-0
-0
-0
-0
-0
-0
-0
32.4872
-0
-0
3.26203
-0
6.29256
-0
-0
-0
-0
-0
-0
-0
-0
54.6995
-0
-0
3.57975
48.4281
-0
-0
-0
40.9877
-0
-0
29.2863
-0
23.023
0.0879947
-0
-0
-0
27.4406
46.4745
-0
-0
4.47733
-0
-0
25.5938
-0
-0
-0
-0
-0
-0
-0
-0
4.07015
-0
-0
33.1722
-0
-0
-0
-0
10.5536
13.1169
-0
-0
-0
5.89786
2.33091
-0
32.2611
-0
-0
-0
4.4601
-0
-0
6.42672
-0
-0
-0
31.6625
-0
-0
4.49386
-0
2.9515
40.1765
-0
-0
-0
-0
-0
-0
18.0864
-0
-0
-0
-0
-0
-0
-0
-0
-0
7.93856
-0
-0
-0
-0
-0
3.6639
-0
-0
