-0
-0
-0
-0
-0
4.86235
-0
3.84623
28.0386
-0
16.473
-0
-0
-0
-0
19.0851
-0
-0
-0
12.7107
-0
1.43908
-0
-0
4.90398
0.087703
-0
-0
-0
-0
-0
-0
-0
-0
2.6319
-0
-0
-0
-0
-0
3.02323
-0
-0
-0
-0
-0
-0
-0
-0
1.96517
-0
-0
-0
-0
-0
-0
-0
1.43262
14.7522
10.6128
-0
-0
20.914
2.99362
4.47989
-0
-0
4.96478
-0
0.790702
-0
-0
-0
-0
-0
-0
31.7402
-0
-0
-0
-0
43.3235
3.92513
0.753302
24.0072
-0
-0
-0
-0
-0
33.0043
-0
-0
-0
15.087
-0
8.43586
-0
6.1373
-0
-0
-0
-0
28.4528
-0
-0
1.44336
-0
-0
-0
1.86492
-0
-0
-0
-0
18.1146
-0
-0
53.1918
19.8101
16.9553
7.46819
-0
-0
-0
-0
-0
-0
-0
-0
11.2737
-0
19.3248
-0
4.76097
-0
-0
30.6746
-0
-0
-0
-0
22.8402
1.25574
-0
-0
-0
-0
-0
-0
3.89547
-0
-0
-0
-0
-0
-0
24.5692
-0
0.930551
14.8157
0.0607445
-0
-0
20.6949
-0
-0
2.30172
-0
57.0489
-0
10.885
8.9149
-0
-0
-0
-0
-0
-0
-0
-0
-0
-0
-0
-0
-0
-0
-0
18.5449
-0
8.22253
27.3139
37.0866
-0
-0
-0
-0
37.6615
9.31978
-0
-0
3.71357
23.0235
-0
-0
-0
34.9941
6.41383
-0
-0
-0
-0
35.1852
-0
-0
6.86879
10.0968
-0
-0
-0
15.5599
-0
-0
-0
-0
-0
-0
20.2475
2.75671
26.6754
-0
-0
-0
-0
-0
-0
-0
-0
-0
-0
24.1887
-0
-0
-0
-0
-0
28.7334
-0
-0
-0
-0
15.9844
-0
-0
10.517
-0
7.25126
13.621
-0
-0
3.44149
-0
11.6533
-0
4.66181
-0
-0
-0
-0
-0
-0
32.6633
26.6803
30.6778
-0
-0
-0
-0
-0
-0
13.8619
1.63745
-0
9.16104
-0
-0
14.5371
-0
-0
-0
-0
13.5271
36.9972
-0
13.5958
-0
15.0856
-0
38.0656
47.0029
-0
-0
1.81352
-0
-0
13.3658
-0
-0
20.13
-0
-0
-0
-0
-0
-0
0.867295
-0
-0
-0
0.621905
-0
-0
24.9187
-0
47.5884
-0
-0
-0
-0
28.7148
-0
-0
-0
-0
-0
-0
-0
4.09211
-0
16.4217
-0
-0
9.51633
-0
2.48623
-0
-0
-0
14.0634
-0
-0
-0
11.6027
-0
10.1269
-0
-0
-0
-0
-0
6.41631
-0
-0
22.7767
7.83954
2.74011
-0
-0
-0
-0
-0
14.3122
0.372492
8.15526
-0
-0
-0
6.6125
-0
-0
-0
-0
8.91579
-0
-0
-0
-0
-0
-0
-0
-0
-0
-0
-0
-0
-0
-0
-0
-0
3.11961
-0
-0
-0
-0
2.33506
-0
-0
-0
-0
-0
-0
-0
-0
-0
4.51315
-0
-0
-0
-0
-0
32.6397
-0
-0
-0
-0
-0
-0
8.13614
7.85825
1.15062
-0
-0
-0
-0
4.68145
-0
17.9787
-0
-0
-0
-0
-0
-0
-0
-0
8.04229
-0
-0
-0
-0
57.6235
-0
-0
-0
-0
21.681
-0
29.7782
-0
-0
-0
-0
11.5139
-0
-0
-0
-0
-0
-0
-0
-0
-0
-0
-0
-0
-0
-0
-0
-0
-0
-0
-0
-0
-0
-0
-0
-0
-0
-0
4.12649
30.2541
-0
-0
1.30547
-0
26.5618
-0
-0
-0
29.9445
-0
-0
25.1088
22.4355
-0
-0
-0
-0
-0
-0
-0
-0
25.5664
-0
-0
-0
-0
-0
4.564
-0
-0
-0
-0
-0
-0
-0
-0
-0
-0
-0
-0
-0
-0
-0
35.5589
-0
19.2108
-0
-0
-0
-0
-0
-0
-0
-0
9.117
-0
-0
-0
23.8957
1.5922
-0
-0
-0
46.5493
32.7638
-0
-0
1.02681
-0
-0
-0
24.2779
-0
-0
-0
-0
-0
-0
-0
-0
-0
8.17286
-0
-0
-0
-0
-0
-0
-0
-0
-0
-0
-0
-0
11.2238
-0
-0
-0
15.5053
-0
-0
-0
-0
-0
27.2647
-0
2.84641
15.4987
-0
-0
-0
-0
-0
-0
-0
-0
-0
-0
20.562
-0
-0
12.9631
4.66927
-0
-0
38.6345
-0
-0
-0
-0
-0
-0
18.4142
-0
-0
-0
-0
-0
-0
-0
3.30057
-0
-0
-0
-0
-0
-0
-0
-0
-0
-0
-0
-0
-0
-0
-0
-0
-0
0.596444
-0
-0
-0
-0
31.4497
-0
-0
-0
-0
-0
-0
-0
9.59767
31.1823
-0
21.2003
-0
-0
-0
-0
-0
-0
-0
-0
33.7697
11.6004
-0
-0
0.692152
31.8949
-0
-0
-0
-0
-0
30.4697
-0
-0
-0
-0
-0
-0
26.9336
-0
-0
-0
-0
-0
-0
-0
25.2556
-0
-0
10.5912
10.2967
-0
-0
-0
7.5332
-0
-0
6.35392
-0
3.15874
-0
-0
-0
-0
-0
-0
9.40671
-0
11.0205
-0
-0
-0
-0
-0
2.909
-0
-0
3.04078
-0
-0
9.30194
-0
-0
0.35365
-0
-0
-0
12.951
-0
-0
-0
16.8506
-0
-0
-0
4.10878
4.71389
-0
-0
-0
28.234
-0
18.144
-0
-0
-0
-0
-0
-0
-0
5.59175
11.8382
3.00126
-0
-0
-0
-0
-0
-0
6.0797
-0
-0
-0
-0
-0
-0
-0
-0
5.44413
-0
-0
-0
2.42573
67.7132
-0
-0
-0
-0
38.7931
-0
35.6019
-0
18.5217
-0
-0
-0
-0
-0
-0
-0
3.32735
-0
-0
15.297
26.5452
-0
7.52857
-0
-0
-0
-0
46.2354
-0
-0
-0
10.8556
-0
-0
33.8489
-0
-0
-0
-0
10.5404
-0
-0
37.5536
-0
-0
2.91497
-0
-0
14.1967
38.6752
-0
-0
-0
-0
-0
-0
-0
36.5146
7.76135
-0
-0
22.8287
6.8269
-0
5.49146
-0
-0
15.6383
26.9173
-0
-0
-0
-0
0.905926
-0
-0
-0
-0
-0
-0
-0
-0
-0
-0
-0
35.1153
10.5862
1.28852
-0
-0
-0
-0
0.676852
19.4881
-0
-0
-0
13.3358
0.471517
-0
14.4549
14.9244
-0
-0
7.44798
31.6843
-0
0.66002
6.52275
-0
-0
26.5005
8.70506
-0
-0
-0
24.328
-0
6.37278
-0
-0
-0
-0
10.9121
-0
-0
-0
-0
-0
-0
-0
16.5571
26.8834
-0
-0
-0
-0
-0
-0
-0
-0
-0
-0
8.29226
11.524
4.94286
-0
-0
-0
-0
-0
60.6284
36.3824
-0
-0
8.35126
3.62685
-0
-0
15.3974
-0
-0
-0
-0
-0
-0
-0
-0
-0
0.917233
-0
-0
-0
-0
-0
-0
8.41392
29.9196
-0
-0
-0
32.7579
-0
-0
-0
5.50633
-0
-0
-0
10.3686
-0
-0
-0
-0
-0
-0
7.352
12.1052
-0
-0
-0
-0
-0
10.2408
-0
-0
-0
18.8675
20.7751
-0
-0
21.0457
-0
22.2831
-0
-0
-0
-0
-0
7.99756
-0
4.48645
0.906777
-0
-0
-0
-0
-0
-0
-0
-0
-0
-0
-0
-0
25.5705
18.1102
-0
-0
-0
-0
-0
-0
-0
-0
-0
-0
-0
-0
-0
-0
32.3794
30.979
-0
-0
-0
-0
-0
1.60689
-0
-0
-0
-0
-0
9.48795
12.4025
-0
-0
11.4539
-0
-0
-0
-0
-0
11.4108
28.9031
-0
31.6317
-0
-0
-0
1.78812
-0
-0
-0
-0
39.3973
3.9591
-0
-0
30.5827
-0
-0
-0
-0
-0
-0
-0
-0
19.0435
23.8691
-0
-0
-0
-0
7.86995
13.5783
-0
-0
-0
-0
16.7704
-0
-0
2.0548
-0
-0
-0
-0
-0
-0
-0
25.2228
-0
-0
4.9481
-0
-0
-0
-0
42.3591
-0
-0
-0
-0
-0
-0
-0
-0
-0
-0
-0
-0
7.57026
14.1817
6.70919
-0
-0
-0
-0
-0
13.926
0.713519
-0
-0
-0
11.5092
-0
-0
-0
-0
7.82604
-0
-0
-0
-0
-0
9.28637
-0
-0
12.6144
7.13712
-0
17.8418
-0
0.223352
-0
-0
-0
-0
-0
-0
-0
7.72092
-0
13.2815
-0
-0
6.56275
3.44815
-0
-0
-0
3.14075
18.6716
14.579
0.0943528
-0
-0
-0
2.181
-0
-0
-0
-0
-0
-0
-0
-0
-0
-0
1.32117
-0
-0
-0
11.0787
-0
22.7943
-0
-0
-0
-0
-0
-0
-0
41.5692
-0
-0
-0
-0
-0
-0
-0
-0
-0
-0
-0
-0
-0
-0
-0
-0
-0
19.051
-0
-0
-0
-0
-0
-0
7.21589
-0
14.7157
-0
-0
-0
-0
-0
-0
3.59722
-0
-0
-0
-0
-0
-0
4.71676
-0
-0
-0
-0
-0
18.9608
45.0093
-0
-0
-0
-0
-0
-0
-0
30.6484
-0
-0
-0
24.3485
-0
-0
-0
-0
6.38872
-0
-0
-0
23.0659
-0
-0
-0
-0
15.3088
-0
31.3226
3.88091
1.88017
12.5096
44.9758
-0
0.918245
13.517
-0
31.4397
-0
-0
-0
-0
-0
-0
-0
25.487
-0
-0
2.64995
-0
-0
-0
-0
5.87282
25.9762
-0
-0
36.1093
-0
-0
-0
36.4249
-0
18.569
-0
11.512
20.1615
-0
-0
15.9177
14.0407
2.5381
-0
-0
-0
-0
-0
-0
-0
7.3685
-0
9.12779
-0
-0
-0
32.8163
52.1206
-0
-0
-0
5.01121
26.7285
-0
-0
-0
-0
-0
-0
1.04794
-0
23.0699
9.35766
-0
-0
-0
5.53917
-0
-0
-0
-0
-0
-0
-0
-0
35.2734
-0
-0
-0
-0
-0
-0
6.57033
-0
-0
-0
4.20433
-0
-0
-0
-0
-0
3.17864
-0
53.9089
-0
-0
5.69395
-0
-0
-0
-0
-0
-0
-0
-0
35.5479
1.56953
7.97962
-0
-0
-0
-0
-0
23.5308
20.8085
-0
-0
-0
-0
-0
-0
-0
-0
-0
-0
-0
1.22387
-0
-0
-0
-0
11.4981
-0
-0
25.1232
-0
0.302067
3.58943
-0
27.5119
23.3767
-0
-0
-0
-0
-0
-0
8.39501
-0
-0
-0
12.2621
5.88637
9.94767
-0
-0
-0
-0
-0
-0
1.18884
-0
-0
-0
-0
-0
-0
-0
-0
2.19282
-0
-0
-0
-0
66.2828
-0
-0
-0
-0
-0
-0
-0
-0
-0
-0
-0
-0
-0
-0
6.76497
-0
9.47156
-0
13.0121
-0
-0
-0
30.7479
-0
-0
-0
-0
-0
-0
-0
29.355
-0
-0
-0
2.1323
-0
1.93582
-0
57.6228
-0
-0
-0
-0
-0
-0
-0
-0
-0
-0
-0
-0
-0
-0
-0
4.3654
-0
-0
-0
23.3405
-0
-0
-0
-0
-0
-0
-0
-0
3.66127
-0
-0
3.53204
-0
-0
-0
-0
-0
-0
-0
-0
-0
-0
-0
11.2454
5.14074
-0
-0
-0
-0
-0
-0
-0
-0
-0
-0
-0
-0
-0
-0
7.31306
-0
-0
-0
-0
-0
-0
-0
-0
-0
-0
-0
-0
15.5685
-0
-0
-0
-0
-0
-0
-0
-0
16.2862
-0
-0
-0
-0
-0
-0
-0
8.81494
-0
-0
-0
-0
-0
-0
-0
-0
-0
6.48202
-0
-0
-0
-0
-0
-0
5.33035
24.6736
-0
-0
-0
-0
-0
-0
-0
-0
-0
-0
-0
-0
-0
4.17983
-0
-0
17.6287
-0
-0
-0
-0
46.6814
-0
-0
4.3888
-0
-0
1.68852
34.5376
-0
-0
-0
-0
-0
0.601535
-0
-0
-0
-0
-0
-0
31.2923
3.61279
-0
-0
17.4548
-0
8.73326
-0
25.1795
-0
-0
-0
-0
-0
-0
-0
11.4682
-0
-0
-0
-0
-0
-0
-0
-0
13.2234
-0
-0
17.4362
-0
-0
-0
13.4268
-0
-0
-0
-0
-0
-0
6.19138
-0
23.9821
-0
-0
20.0613
-0
-0
-0
-0
-0
-0
17.2607
22.5082
-0
-0
-0
-0
-0
-0
-0
-0
-0
-0
-0
-0
-0
-0
-0
-0
-0
-0
-0
-0
10.4587
-0
-0
14.4579
13.5038
-0
-0
-0
-0
-0
-0
-0
-0
-0
-0
-0
-0
-0
-0
-0
6.55166
35.9819
12.412
8.33538
-0
-0
-0
-0
-0
-0
-0
-0
-0
-0
3.9059
13.2839
-0
7.58461
-0
-0
-0
-0
-0
-0
-0
25.7382
-0
-0
-0
-0
-0
-0
1.56741
-0
-0
-0
-0
2.17815
-0
40.1591
28.6962
-0
-0
-0
-0
-0
-0
-0
-0
22.4304
-0
-0
-0
-0
-0
19.1126
26.7457
-0
-0
-0
-0
-0
-0
-0
-0
-0
-0
-0
-0
39.6434
5.51827
-0
4.77122
-0
-0
-0
-0
-0
-0
-0
-0
-0
-0
5.65572
-0
-0
-0
-0
-0
-0
-0
-0
-0
-0
-0
-0
-0
-0
-0
-0
4.12267
-0
5.34478
-0
-0
-0
-0
-0
-0
-0
1.44061
-0
-0
-0
-0
15.7177
20.9074
14.7143
-0
-0
-0
5.67208
-0
-0
2.53085
-0
-0
-0
-0
21.5664
-0
-0
-0
-0
-0
-0
-0
-0
-0
15.3492
-0
-0
-0
-0
-0
-0
-0
-0
-0
12.7172
1.10286
-0
-0
-0
20.4886
-0
7.40709
7.17688
-0
-0
9.0155
-0
11.1366
-0
69.4705
35.8265
-0
20.9523
24.6204
-0
-0
7.44859
-0
-0
18.1073
-0
2.39801
-0
-0
-0
-0
9.42391
-0
-0
-0
4.28249
-0
-0
-0
-0
-0
30.8574
-0
-0
-0
24.1446
5.46296
-0
-0
-0
-0
-0
39.2202
-0
-0
-0
2.55138
-0
-0
3.11181
10.2594
1.55392
-0
-0
19.1273
-0
9.21975
-0
-0
-0
-0
-0
0.632831
25.097
-0
-0
-0
5.36856
10.0655
16.8421
-0
-0
-0
-0
-0
-0
-0
-0
-0
-0
-0
24.5771
-0
-0
7.87667
-0
1.99047
-0
59.0706
-0
28.7118
-0
1.44316
0.208735
21.2165
-0
-0
9.78742
-0
-0
21.5999
-0
23.9223
-0
-0
6.50731
-0
6.02328
-0
-0
5.82837
-0
8.56793
2.10434
31.0425
4.71793
-0
-0
-0
-0
-0
15.2387
1.70215
3.97884
-0
-0
-0
-0
38.6639
-0
-0
-0
-0
-0
-0
-0
-0
4.16331
-0
37.0687
-0
-0
11.028
-0
-0
-0
-0
19.6682
-0
-0
0.688762
-0
8.57307
28.0357
-0
-0
-0
-0
-0
-0
-0
-0
-0
-0
-0
-0
-0
-0
-0
-0
37.4366
-0
-0
-0
22.9846
-0
-0
-0
-0
-0
-0
-0
-0
5.5503
-0
-0
-0
-0
3.3883
-0
-0
-0
-0
-0
-0
-0
-0
-0
-0
17.5732
0.724586
-0
9.41926
41.2666
-0
-0
-0
-0
2.5692
-0
6.83808
-0
18.726
-0
8.57766
-0
-0
-0
-0
-0
-0
3.75302
22.3908
-0
34.2538
21.159
-0
-0
-0
-0
-0
-0
-0
-0
-0
18.4248
-0
-0
-0
-0
-0
-0
-0
-0
-0
-0
-0
-0
-0
-0
-0
-0
-0
-0
-0
-0
-0
-0
-0
-0
7.50979
-0
30.714
41.2247
-0
-0
-0
-0
-0
-0
-0
-0
17.1262
34.8453
-0
37.1272
25.1992
6.07492
-0
-0
-0
-0
-0
20.8382
-0
-0
-0
-0
7.54917
-0
-0
-0
-0
-0
-0
2.6965
-0
-0
-0
-0
-0
-0
-0
7.12321
14.5694
-0
-0
-0
-0
-0
-0
-0
-0
15.3722
-0
-0
-0
-0
-0
-0
3.17953
-0
-0
-0
-0
-0
-0
6.88829
-0
-0
-0
28.698
-0
47.6411
8.77215
-0
-0
-0
9.74721
-0
-0
-0
17.0683
-0
-0
-0
31.4574
-0
-0
-0
-0
-0
-0
-0
-0
-0
-0
-0
-0
-0
-0
-0
-0
-0
-0
-0
-0
8.66659
-0
-0
0.462548
-0
-0
11.2899
-0
-0
6.59445
-0
-0
-0
2.03877
-0
-0
3.79564
-0
-0
14.1792
-0
3.9939
-0
3.8888
-0
8.99345
6.57713
-0
-0
5.51329
12.7284
-0
-0
-0
17.2703
-0
17.1124
-0
-0
-0
-0
-0
-0
43.8185
-0
-0
-0
11.0025
-0
-0
-0
-0
-0
-0
-0
-0
6.19947
-0
-0
-0
-0
-0
29.1024
-0
-0
-0
-0
-0
0.0110145
-0
-0
-0
-0
-0
-0
-0
-0
-0
-0
-0
-0
-0
-0
-0
-0
-0
34.102
-0
-0
17.7514
-0
-0
-0
1.18305
-0
-0
-0
-0
-0
25.5057
5.82556
-0
-0
0.940967
-0
-0
34.3203
40.0362
-0
-0
-0
6.35829
-0
-0
-0
-0
-0
23.7245
-0
-0
-0
-0
-0
13.3909
-0
-0
-0
1.7887
-0
-0
-0
-0
-0
-0
-0
-0
-0
8.6844
-0
-0
-0
-0
-0
18.8351
-0
-0
-0
-0
-0
-0
-0
29.104
-0
-0
-0
19.9828
-0
-0
-0
-0
-0
-0
0.720627
34.6824
32.6317
-0
-0
-0
-0
-0
-0
-0
-0
-0
-0
-0
0.754336
-0
-0
-0
-0
42.1494
29.9462
-0
7.48119
-0
-0
-0
-0
-0
-0
17.865
-0
-0
-0
-0
-0
-0
-0
5.76703
-0
-0
-0
-0
-0
-0
-0
-0
-0
-0
-0
7.371
-0
16.1198
25.1216
-0
56.8157
-0
-0
-0
-0
-0
-0
-0
23.0139
4.92006
-0
-0
-0
2.46783
-0
-0
-0
-0
-0
-0
7.59441
-0
-0
-0
52.3884
36.4257
-0
-0
-0
-0
-0
-0
-0
-0
-0
25.1549
-0
-0
-0
-0
-0
-0
40.6296
-0
9.44031
12.9945
-0
-0
36.6693
-0
13.0694
-0
-0
-0
14.5088
-0
-0
-0
-0
-0
-0
-0
-0
-0
1.5691
-0
8.36315
-0
-0
-0
-0
-0
12.5584
-0
-0
-0
-0
-0
-0
-0
27.0795
-0
6.19923
-0
-0
-0
-0
-0
-0
-0
-0
-0
-0
-0
-0
-0
12.4171
-0
-0
-0
-0
18.0898
6.56065
-0
-0
-0
-0
-0
-0
-0
-0
-0
3.20924
-0
-0
-0
-0
-0
8.74338
-0
15.1409
-0
-0
-0
30.8723
-0
-0
-0
-0
-0
-0
-0
-0
-0
-0
-0
-0
-0
-0
-0
-0
-0
-0
-0
-0
-0
-0
-0
-0
3.11621
-0
-0
0.0325326
1.79351
-0
-0
-0
46.3141
36.2437
-0
-0
-0
37.5863
-0
11.2431
23.4973
-0
-0
26.9328
-0
25.4338
-0
37.134
-0
-0
27.0074
59.289
-0
16.466
-0
-0
9.80968
-0
-0
-0
11.4634
4.82991
-0
-0
-0
-0
-0
-0
-0
-0
-0
14.2114
-0
-0
12.6882
-0
-0
-0
14.2553
-0
-0
-0
-0
-0
-0
-0
-0
-0
-0
8.56437
-0
-0
-0
-0
-0
10.4948
22.0524
-0
-0
-0
-0
12.3921
-0
-0
16.1068
-0
-0
-0
-0
1.24987
-0
-0
-0
-0
-0
-0
-0
-0
-0
-0
-0
-0
-0
-0
-0
-0
24.2969
-0
-0
-0
-0
-0
-0
-0
-0
-0
-0
-0
0.598962
-0
-0
25.9655
11.4916
-0
11.1122
34.3586
2.73172
-0
-0
-0
-0
-0
-0
-0
-0
-0
-0
-0
-0
-0
-0
18.0743
-0
-0
34.8573
-0
-0
-0
3.58518
-0
-0
-0
-0
-0
-0
10.9876
-0
13.8911
-0
-0
-0
2.21929
-0
-0
-0
-0
-0
-0
-0
21.4307
-0
-0
-0
-0
-0
-0
-0
-0
-0
-0
-0
-0
-0
-0
-0
-0
3.87565
-0
1.82993
0.857475
-0
10.4769
5.33272
5.57154
-0
0.875008
-0
-0
-0
-0
-0
-0
-0
-0
-0
-0
-0
-0
3.8235
-0
47.4412
3.48346
-0
-0
-0
-0
10.9258
34.681
-0
-0
-0
8.68757
-0
-0
-0
-0
-0
-0
14.2673
29.4224
-0
-0
5.65771
49.3765
-0
10.1256
23.7313
10.074
-0
55.7596
-0
-0
-0
-0
-0
-0
-0
-0
-0
-0
23.2585
-0
-0
0.725809
-0
-0
-0
-0
-0
-0
31.9256
3.48403
-0
-0
-0
-0
-0
-0
-0
6.3999
-0
-0
-0
5.9668
-0
2.43451
-0
-0
17.4334
8.43826
2.36274
-0
20.0612
-0
-0
-0
-0
-0
-0
-0
-0
-0
-0
29.0692
-0
-0
-0
-0
23.9961
-0
-0
-0
-0
-0
-0
-0
-0
6.33612
30.6007
-0
-0
29.4504
-0
-0
-0
10.9844
-0
-0
-0
-0
-0
-0
-0
-0
-0
-0
5.13356
-0
-0
-0
-0
29.6104
15.7818
-0
-0
-0
-0
-0
-0
5.30351
-0
-0
25.6335
-0
-0
2.99014
-0
-0
0.701089
-0
-0
-0
-0
-0
-0
6.66062
-0
20.2109
-0
-0
-0
25.2227
-0
-0
4.62034
-0
-0
-0
13.3638
2.21028
-0
-0
-0
-0
-0
-0
-0
28.5812
-0
-0
-0
34.3167
-0
-0
-0
-0
-0
-0
-0
-0
-0
-0
-0
3.33106
-0
-0
-0
41.2323
-0
-0
-0
-0
-0
-0
-0
11.033
-0
-0
-0
-0
-0
-0
19.6073
-0
4.69876
-0
-0
9.37014
36.8431
-0
-0
-0
-0
-0
7.65754
-0
-0
-0
-0
-0
36.467
-0
-0
10.9104
0.92769
15.0596
9.18153
8.38055
-0
-0
36.5864
2.82766
23.0922
-0
-0
-0
-0
-0
-0
-0
-0
-0
-0
5.37995
-0
-0
11.1938
1.02369
-0
-0
-0
-0
-0
-0
-0
-0
-0
-0
-0
-0
-0
-0
7.98327
-0
-0
6.96156
10.8112
-0
26.6241
-0
-0
-0
6.05378
33.723
-0
-0
-0
-0
25.6829
-0
27.0707
-0
-0
-0
-0
-0
-0
-0
-0
-0
-0
-0
-0
-0
-0
-0
4.16265
-0
-0
-0
-0
-0
-0
-0
20.7011
-0
5.77852
-0
4.06534
-0
-0
-0
-0
-0
-0
-0
-0
-0
-0
-0
-0
-0
-0
-0
-0
-0
-0
-0
-0
-0
-0
-0
-0
12.5697
-0
-0
-0
-0
-0
-0
-0
10.5527
-0
23.5473
-0
-0
-0
-0
-0
-0
-0
-0
-0
21.6912
-0
-0
-0
-0
30.3516
-0
-0
36.8569
-0
16.5079
19.3112
-0
-0
11.7647
5.68877
-0
-0
-0
-0
0.748129
-0
-0
-0
-0
-0
-0
-0
-0
-0
6.38869
-0
-0
-0
-0
11.9241
1.92731
-0
-0
-0
-0
-0
-0
-0
-0
-0
-0
-0
-0
-0
-0
5.9901
-0
-0
25.3732
-0
-0
36.922
-0
2.38649
-0
12.5252
-0
-0
-0
-0
6.53099
-0
-0
-0
-0
-0
-0
40.4801
-0
-0
-0
-0
11.3248
-0
25.7489
-0
-0
10.4487
-0
-0
-0
-0
-0
-0
5.36663
-0
9.29928
27.7386
-0
5.88699
-0
-0
-0
-0
-0
-0
-0
-0
5.6227
-0
13.4106
-0
-0
-0
-0
-0
-0
20.5633
-0
-0
-0
-0
-0
-0
-0
4.62017
-0
3.11647
2.21307
-0
-0
-0
-0
-0
15.5278
-0
7.44902
-0
23.9822
-0
-0
7.20016
-0
-0
0.0902179
-0
-0
-0
-0
-0
-0
-0
-0
-0
3.2174
-0
-0
-0
-0
-0
-0
10.1747
-0
2.40066
-0
5.38161
27.3655
-0
4.45014
-0
-0
-0
7.57897
-0
-0
-0
-0
-0
-0
-0
-0
-0
-0
-0
-0
6.70072
23.7057
-0
16.4158
-0
-0
-0
-0
-0
-0
-0
-0
-0
-0
-0
-0
-0
-0
-0
20.8106
5.85277
-0
5.22215
-0
-0
-0
5.1114
-0
37.4306
-0
-0
-0
-0
-0
-0
-0
-0
-0
-0
-0
39.1247
-0
-0
-0
-0
-0
-0
-0
-0
-0
47.3154
-0
-0
-0
-0
-0
-0
30.6124
-0
-0
-0
-0
-0
-0
17.204
-0
24.9802
-0
2.74397
-0
-0
-0
7.45601
-0
-0
5.84856
29.8293
-0
-0
-0
-0
-0
63.8377
3.94132
13.7273
-0
-0
-0
-0
-0
10.575
-0
-0
-0
-0
-0
0.56816
-0
-0
-0
2.76263
-0
-0
-0
13.2887
-0
-0
15.5645
-0
-0
-0
-0
-0
7.1792
15.0854
2.17938
-0
-0
-0
0.914971
-0
-0
12.1093
-0
-0
-0
-0
-0
-0
7.77471
13.0733
-0
-0
-0
-0
16.7087
-0
-0
11.1605
-0
-0
-0
-0
-0
29.7753
-0
23.1327
-0
-0
-0
-0
-0
-0
-0
-0
-0
-0
-0
6.4016
-0
-0
-0
-0
-0
-0
-0
-0
-0
-0
20.8971
9.06601
-0
11.594
-0
-0
-0
4.55695
-0
-0
29.8456
-0
11.5517
-0
-0
-0
17.5331
-0
-0
-0
1.37066
-0
27.1742
-0
-0
-0
-0
-0
-0
31.2691
-0
-0
-0
-0
15.9769
-0
-0
2.04856
-0
-0
-0
0.0431338
-0
-0
-0
1.88154
-0
-0
-0
29.5304
-0
-0
33.0237
-0
5.35611
47.8756
8.90092
-0
-0
-0
-0
-0
-0
-0
-0
17.3419
-0
-0
-0
-0
-0
-0
-0
-0
-0
-0
-0
-0
-0
-0
23.1772
-0
-0
-0
-0
-0
-0
-0
-0
-0
-0
12.7679
-0
-0
34.8523
-0
-0
9.77374
-0
-0
-0
-0
-0
-0
-0
-0
0.577216
-0
-0
-0
-0
26.4397
11.9774
22.0476
-0
-0
3.80218
-0
19.9858
-0
-0
-0
5.19954
10.9888
-0
-0
9.30744
-0
3.26938
-0
4.88848
-0
-0
-0
-0
-0
-0
-0
-0
-0
2.79194
-0
-0
-0
-0
46.8778
-0
-0
49.3111
-0
-0
29.3298
3.9889
-0
-0
-0
-0
-0
-0
-0
57.4442
-0
-0
-0
-0
2.04481
24.0015
-0
-0
-0
-0
-0
-0
-0
10.079
-0
-0
-0
-0
-0
-0
-0
-0
-0
-0
-0
-0
-0
23.8014
-0
-0
-0
-0
-0
-0
-0
-0
-0
-0
-0
-0
-0
15.781
-0
-0
-0
-0
25.8838
-0
0.491047
11.1636
-0
-0
-0
-0
4.49817
-0
-0
-0
18.5121
-0
-0
-0
-0
22.3129
-0
-0
2.81026
-0
-0
-0
-0
27.7024
-0
-0
-0
-0
0.584119
-0
2.35484
-0
-0
-0
-0
-0
-0
1.0174
-0
-0
1.04538
-0
-0
-0
-0
18.8697
-0
-0
-0
16.2824
-0
-0
-0
-0
-0
-0
-0
-0
-0
-0
-0
-0
-0
14.1981
-0
-0
41.4777
-0
11.5962
-0
12.4872
28.9582
-0
2.2107
27.2916
-0
-0
21.7652
-0
13.9993
-0
-0
-0
-0
30.4146
18.1519
-0
-0
-0
-0
-0
-0
-0
20.1126
16.4286
-0
-0
-0
43.3189
33.5568
3.15236
-0
-0
-0
-0
0.781065
-0
-0
-0
21.8983
-0
-0
12.7895
-0
-0
9.39692
36.5382
-0
-0
-0
-0
-0
12.7044
-0
-0
-0
-0
-0
9.56647
-0
-0
-0
-0
3.18941
-0
-0
43.1492
-0
21.1439
0.624082
13.7671
-0
4.48661
-0
-0
-0
19.8813
22.5672
-0
-0
46.2235
-0
-0
14.0437
-0
-0
6.18904
-0
-0
-0
-0
-0
-0
3.00905
-0
13.1376
-0
-0
30.0658
-0
-0
-0
-0
-0
-0
48.1416
-0
-0
-0
-0
-0
-0
-0
-0
-0
-0
-0
-0
-0
-0
0.737632
11.752
8.65445
-0
-0
-0
20.1684
-0
-0
-0
16.2655
-0
-0
-0
-0
-0
-0
-0
-0
-0
-0
3.39115
-0
-0
35.2812
-0
-0
-0
-0
-0
-0
-0
2.62824
16.1899
-0
-0
-0
7.31734
-0
-0
-0
14.041
-0
-0
-0
-0
36.7701
-0
0.907578
-0
-0
-0
-0
-0
17.7867
-0
-0
40.0375
10.438
-0
-0
-0
-0
-0
25.4002
8.87462
-0
5.84242
4.29772
28.2266
-0
21.9792
-0
-0
-0
-0
-0
-0
-0
-0
1.39526
-0
-0
4.22792
-0
-0
-0
-0
-0
9.67644
7.63922
-0
-0
27.0003
-0
-0
21.3285
-0
-0
-0
6.79256
-0
-0
-0
-0
-0
-0
6.72759
-0
-0
7.73169
4.8604
27.5871
8.9664
-0
-0
-0
-0
-0
-0
14.122
-0
-0
-0
-0
10.0771
-0
-0
-0
-0
26.356
-0
-0
-0
-0
16.0219
-0
-0
-0
