0.0716806
-0
-0
-0
-0
8.63158
-0
-0
-0
-0
-0
-0
-0
-0
-0
10.9061
-0
-0
-0
7.79789
-0
-0
-0
-0
-0
18.7028
6.05592
-0
-0
-0
-0
-0
-0
-0
3.65624
-0
-0
-0
-0
-0
-0
-0
16.961
-0
-0
-0
-0
1.16111
-0
-0
-0
-0
-0
-0
-0
-0
-0
2.01046
-0
14.2984
-0
-0
-0
-0
15.2275
-0
-0
-0
-0
-0
-0
-0
3.67351
-0
-0
1.9127
44.0466
-0
-0
23.3875
-0
51.2976
27.8712
-0
27.5728
-0
-0
-0
-0
-0
20.6689
-0
-0
-0
3.21631
-0
14.3045
-0
13.4942
-0
-0
-0
-0
-0
-0
-0
-0
-0
-0
-0
21.2595
-0
-0
-0
-0
-0
-0
-0
32.4744
51.3809
2.90305
-0
-0
-0
-0
-0
-0
-0
-0
-0
23.029
-0
10.1866
-0
10.1204
-0
20.2191
46.2609
-0
14.272
-0
-0
30.4245
-0
-0
-0
-0
-0
-0
-0
5.21222
-0
-0
-0
-0
-0
-0
-0
-0
1.0301
-0
-0
-0
-0
32.7625
-0
-0
0.850926
-0
63.164
-0
10.192
-0
-0
-0
-0
9.09358
-0
3.47728
-0
-0
-0
-0
-0
-0
-0
-0
-0
-0
-0
47.8993
6.93075
13.7243
11.828
-0
-0
-0
0.133166
13.5084
-0
-0
-0
17.7617
-0
-0
-0
12.4697
24.2707
-0
-0
-0
-0
48.1076
-0
-0
25.6744
-0
-0
-0
-0
-0
-0
-0
-0
-0
-0
-0
6.83893
-0
1.44987
-0
-0
-0
-0
-0
-0
-0
-0
-0
-0
0.11436
-0
-0
-0
-0
-0
-0
-0
21.3895
-0
-0
8.79869
-0
-0
4.69724
0.739651
-0
8.11728
-0
-0
-0
4.92928
31.1561
-0
2.57413
-0
-0
-0
-0
-0
-0
26.3255
-0
29.7997
-0
-0
-0
-0
-0
-0
1.52488
1.22846
-0
13.7238
-0
-0
-0
-0
-0
-0
-0
17.978
38.8758
-0
10.074
-0
22.9806
-0
3.2394
42.6841
-0
-0
-0
16.2494
-0
27.6062
14.2106
-0
23.4689
-0
12.7405
-0
-0
-0
-0
1.31279
-0
-0
-0
0.913062
-0
-0
-0
36.1318
14.0347
-0
-0
-0
-0
18.4082
-0
-0
-0
-0
-0
-0
-0
-0
-0
25.1219
10.2582
-0
-0
-0
10.7732
-0
-0
-0
-0
-0
-0
-0
5.50482
-0
12.4128
-0
-0
-0
5.47442
-0
10.6713
-0
-0
20.9467
6.99362
2.00677
-0
-0
19.0966
-0
-0
10.8267
0.0590941
-0
-0
-0
24.2085
-0
-0
-0
-0
6.96356
15.6034
-0
-0
-0
-0
-0
-0
-0
-0
-0
-0
-0
-0
-0
-0
-0
-0
9.72392
-0
-0
-0
-0
-0
-0
-0
14.4352
-0
-0
-0
10.748
-0
-0
6.63388
-0
-0
-0
-0
-0
53.0456
-0
-0
-0
-0
-0
-0
3.56653
-0
2.10468
-0
-0
-0
-0
-0
-0
5.44533
-0
-0
-0
-0
-0
-0
-0
-0
15.1319
-0
-0
-0
-0
10.4531
-0
-0
-0
-0
11.6575
-0
20.3686
-0
-0
-0
-0
21.386
-0
-0
-0
-0
-0
7.96571
-0
-0
-0
-0
-0
-0
-0
9.62908
-0
-0
-0
-0
-0
-0
-0
-0
-0
-0
-0
-0
3.3023
18.7846
-0
-0
22.7106
-0
34.086
27.9394
-0
-0
21.5032
-0
-0
30.3163
29.1847
-0
-0
-0
-0
-0
-0
-0
-0
14.0301
-0
-0
-0
-0
-0
2.34539
-0
-0
-0
-0
-0
-0
-0
-0
-0
-0
-0
-0
-0
-0
-0
11.8023
-0
19.0177
-0
-0
-0
-0
-0
-0
-0
-0
6.45651
-0
-0
-0
38.2733
-0
-0
-0
-0
31.9082
-0
-0
-0
-0
-0
-0
-0
22.847
-0
-0
-0
-0
-0
-0
-0
-0
-0
-0
-0
-0
-0
-0
-0
-0
-0
-0
-0
-0
3.39208
-0
-0
-0
-0
-0
5.11286
-0
-0
-0
-0
-0
-0
-0
27.574
55.8757
-0
-0
-0
-0
-0
-0
-0
-0
39.7237
10.6428
-0
-0
-0
14.479
-0
-0
-0
12.4315
-0
-0
-0
-0
-0
-0
-0
-0
-0
-0
-0
-0
-0
-0
13.5899
-0
-0
-0
-0
-0
-0
0.494185
-0
-0
-0
-0
-0
-0
-0
-0
-0
2.48909
-0
-0
-0
-0
-0
20.6991
-0
-0
-0
-0
-0
-0
-0
0.224305
45.8421
-0
29.1402
-0
-0
-0
-0
11.9986
-0
-0
-0
56.5802
19.4696
-0
-0
0.714837
25.7373
12.5363
-0
-0
-0
-0
37.9832
-0
-0
-0
-0
-0
-0
11.3209
-0
-0
-0
-0
-0
-0
-0
14.748
-0
-0
-0
-0
-0
-0
-0
1.17322
-0
-0
-0
-0
-0
-0
-0
-0
-0
-0
-0
-0
-0
-0
-0
-0
-0
-0
-0
-0
-0
6.14885
3.63199
-0
14.2429
15.7528
0.562446
-0
0.721375
-0
-0
-0
-0
1.12607
-0
-0
9.82839
-0
-0
-0
-0
-0
-0
-0
-0
-0
-0
-0
-0
27.0288
-0
0.513679
-0
-0
10.3483
2.99207
17.0874
-0
-0
-0
0.800275
-0
-0
-0
-0
-0
-0
-0
-0
-0
12.5845
-0
-0
-0
-0
-0
-0
0.631609
47.9173
-0
-0
-0
-0
63.6869
-0
30.1353
20.121
14.6223
-0
-0
-0
13.8354
-0
-0
-0
1.99926
-0
-0
10.3341
-0
-0
-0
-0
-0
-0
-0
28.5279
-0
-0
-0
6.57624
-0
-0
27.093
-0
-0
-0
-0
6.76365
-0
-0
6.68563
-0
-0
-0
-0
-0
20.8004
42.2141
-0
16.557
-0
-0
-0
-0
-0
33.4967
4.34819
-0
-0
-0
-0
-0
-0
-0
-0
-0
12.8248
-0
-0
5.61711
-0
1.57674
-0
-0
-0
-0
-0
-0
-0
-0
-0
-0
-0
24.7464
13.7817
-0
12.291
-0
-0
-0
-0
-0
-0
-0
-0
24.7468
-0
-0
6.17693
15.5121
-0
-0
34.0777
-0
-0
4.22512
1.31388
-0
-0
37.0678
-0
-0
-0
-0
2.98339
-0
18.1524
-0
-0
-0
-0
28.3776
-0
-0
-0
-0
-0
-0
-0
10.5007
-0
-0
-0
-0
9.43768
-0
-0
-0
-0
-0
-0
-0
9.27276
26.3123
-0
-0
-0
-0
-0
57.3666
20.3123
-0
-0
-0
19.4411
-0
-0
-0
-0
-0
-0
-0
-0
-0
-0
13.1075
5.73311
0.636398
-0
-0
-0
-0
9.18139
-0
0.247602
12.9631
-0
-0
-0
15.5583
-0
-0
-0
-0
-0
-0
-0
-0
-0
-0
-0
-0
-0
-0
-0
18.4963
-0
-0
-0
-0
-0
7.7489
-0
-0
-0
10.8477
21.8153
-0
-0
24.0872
-0
-0
-0
-0
-0
-0
-0
-0
-0
-0
12.7657
-0
-0
-0
-0
-0
-0
-0
-0
-0
-0
-0
-0
-0
30.7432
-0
-0
-0
-0
11.0867
-0
-0
-0
-0
-0
-0
-0
-0
-0
41.6568
8.22833
-0
-0
-0
-0
-0
1.14858
-0
-0
-0
18.9147
-0
3.13185
7.9676
-0
-0
-0
-0
-0
-0
-0
-0
16.6436
-0
-0
44.1935
-0
-0
-0
9.31472
-0
-0
-0
-0
5.18447
-0
-0
-0
56.1173
-0
-0
-0
-0
-0
-0
15.7622
-0
-0
27.9749
-0
-0
-0
-0
19.9352
41.1126
0.802913
-0
4.26021
-0
9.293
-0
-0
-0
-0
-0
-0
-0
-0
-0
-0
19.9673
-0
-0
4.66486
-0
-0
-0
3.21008
29.9865
-0
-0
-0
-0
-0
-0
-0
-0
-0
-0
-0
-0
2.8883
8.08376
5.85859
-0
-0
-0
-0
-0
3.12418
0.444143
-0
-0
-0
-0
7.51717
-0
-0
-0
19.5895
0.23654
-0
-0
-0
-0
-0
-0
-0
1.84298
-0
-0
9.80408
-0
-0
-0
-0
-0
-0
-0
-0
-0
11.3233
-0
-0
-0
3.29773
-0
44.1832
8.17694
-0
-0
-0
35.0512
6.39484
32.1528
-0
-0
-0
29.7001
-0
-0
-0
-0
-0
-0
-0
-0
-0
-0
20.7265
-0
-0
-0
16.4277
-0
-0
-0
-0
-0
-0
-0
-0
-0
22.6597
-0
-0
-0
-0
-0
-0
-0
-0
-0
-0
-0
5.80189
-0
1.08628
-0
-0
-0
34.7731
-0
-0
-0
-0
-0
-0
-0
-0
22.8299
-0
-0
8.63588
-0
-0
-0
-0
-0
-0
-0
-0
-0
-0
-0
-0
-0
-0
-0
-0
17.022
5.18405
-0
0.966483
-0
-0
-0
-0
-0
42.0487
-0
-0
-0
16.0509
-0
-0
-0
-0
-0
-0
-0
29.3914
24.1344
-0
-0
-0
-0
-0
2.48571
0.975248
13.1172
2.18089
1.41469
24.4527
-0
-0
8.72547
-0
52.4646
-0
-0
-0
-0
-0
-0
-0
17.7404
-0
-0
2.54172
-0
-0
-0
-0
9.61415
25.4349
-0
-0
-0
-0
-0
-0
26.8395
-0
22.6661
-0
-0
2.36198
-0
7.5667
48.8648
-0
10.5317
-0
-0
-0
-0
-0
-0
-0
2.49886
-0
-0
-0
-0
-0
-0
6.18242
-0
-0
16.8088
33.9665
-0
-0
-0
-0
-0
-0
-0
-0
-0
-0
-0
-0
-0
-0
8.19968
-0
-0
-0
-0
-0
-0
-0
-0
33.5597
-0
-0
-0
-0
-0
-0
-0
-0
2.52573
-0
-0
-0
-0
-0
-0
-0
-0
-0
72.0112
-0
-0
5.01274
16.6679
2.06704
-0
3.49093
-0
-0
-0
-0
36.7385
-0
25.3736
-0
-0
-0
2.63758
-0
-0
-0
-0
11.2038
-0
-0
-0
-0
-0
-0
-0
-0
-0
3.87703
16.5198
-0
-0
-0
6.21448
-0
-0
19.4681
-0
0.158579
5.5548
-0
16.0386
30.3341
-0
12.8842
-0
-0
-0
-0
8.12283
-0
-0
-0
1.88888
5.65462
5.03944
-0
-0
-0
-0
-0
-0
18.0368
-0
-0
5.60852
-0
-0
-0
-0
-0
-0
-0
-0
-0
-0
58.2644
-0
-0
-0
-0
-0
-0
-0
-0
-0
-0
-0
-0
-0
-0
-0
-0
-0
-0
12.3885
-0
-0
-0
37.4411
-0
-0
-0
-0
-0
-0
-0
21.1622
-0
-0
-0
0.995293
-0
15.0287
-0
21.2794
-0
-0
35.5589
15.4035
-0
-0
-0
-0
-0
-0
-0
-0
-0
-0
-0
16.5588
-0
-0
-0
37.658
-0
1.70604
-0
-0
-0
-0
-0
-0
22.6268
-0
-0
-0
-0
-0
-0
-0
-0
-0
-0
-0
-0
-0
-0
5.40112
-0
-0
-0
-0
-0
-0
-0
-0
-0
-0
-0
-0
-0
-0
-0
29.9736
-0
-0
10.6386
-0
-0
-0
-0
-0
-0
-0
-0
-0
-0
-0
-0
-0
-0
-0
-0
-0
-0
22.9014
-0
-0
-0
-0
-0
-0
-0
14.9429
-0
-0
-0
-0
2.01552
-0
-0
-0
-0
1.2017
-0
-0
-0
-0
-0
-0
1.97476
30.1381
-0
-0
-0
-0
-0
-0
-0
-0
7.45731
-0
-0
-0
-0
1.02824
-0
7.02125
41.4341
-0
-0
-0
-0
30.8942
20.1358
-0
-0
-0
11.998
17.8177
11.5509
-0
-0
-0
-0
-0
8.48877
-0
-0
4.68877
12.6932
-0
-0
42.344
-0
-0
19.2023
-0
-0
5.65521
-0
21.6497
-0
-0
-0
-0
-0
6.37971
-0
-0
-0
-0
-0
-0
-0
-0
-0
6.57119
-0
-0
-0
12.8104
-0
-0
-0
6.43814
27.1091
-0
-0
-0
-0
-0
-0
-0
-0
-0
-0
14.1042
-0
-0
-0
9.16909
-0
-0
-0
27.6483
-0
-0
-0
-0
-0
-0
-0
-0
-0
-0
-0
-0
-0
-0
-0
-0
-0
-0
-0
-0
13.7568
-0
-0
2.82459
1.23664
-0
-0
-0
-0
-0
-0
-0
1.84547
-0
-0
-0
-0
-0
-0
-0
-0
20.7774
-0
35.7424
-0
-0
-0
-0
-0
16.8164
-0
-0
-0
-0
13.8738
-0
-0
7.02453
-0
-0
-0
-0
-0
-0
16.0687
11.9982
-0
-0
1.81877
0.891162
-0
-0
-0
-0
-0
1.37394
-0
22.5923
-0
13.8265
13.1152
-0
-0
-0
0.98127
-0
-0
-0
-0
22.4264
-0
-0
-0
-0
-0
11.5226
8.34637
-0
-0
-0
-0
-0
-0
5.54345
-0
-0
-0
-0
-0
18.0943
6.01181
-0
8.41657
-0
-0
-0
-0
-0
-0
-0
-0
-0
-0
23.838
-0
-0
-0
-0
-0
-0
-0
-0
-0
-0
-0
-0
-0
-0
-0
-0
15.6269
-0
5.445
-0
-0
-0
-0
-0
-0
-0
-0
-0
-0
-0
-0
2.10558
1.15211
11.5315
-0
-0
-0
4.52575
-0
-0
-0
-0
-0
-0
-0
25.027
-0
-0
-0
-0
-0
-0
-0
-0
-0
12.0707
-0
-0
-0
-0
-0
-0
-0
-0
-0
31.871
25.5857
-0
-0
-0
20.2003
-0
-0
22.8027
-0
-0
24.4527
-0
9.29909
-0
76.1867
16.8287
-0
27.2018
34.4596
-0
28.4629
-0
-0
-0
8.589
-0
2.48131
-0
-0
-0
-0
12.0068
-0
-0
-0
4.73348
-0
-0
-0
-0
-0
19.2788
-0
-0
-0
22.5676
-0
-0
-0
-0
-0
-0
29.4125
-0
-0
-0
-0
-0
-0
2.64579
36.5578
28.5497
-0
-0
-0
-0
0.987226
-0
-0
-0
-0
-0
-0
36.2664
-0
-0
-0
8.50242
-0
12.7848
-0
-0
-0
-0
-0
-0
8.24983
-0
-0
-0
35.803
-0
-0
-0
-0
-0
1.27652
-0
53.2633
-0
21.9108
-0
-0
0.343625
14.1315
-0
-0
-0
-0
7.01598
33.4558
-0
19.994
-0
-0
0.811818
-0
2.14655
-0
-0
25.6499
-0
3.46148
-0
27.7302
0.125351
-0
-0
-0
-0
-0
17.2332
-0
16.5727
-0
-0
-0
2.48628
-0
-0
-0
-0
-0
-0
15.8635
-0
-0
39.4887
-0
4.33194
-0
-0
-0
-0
-0
-0
-0
-0
-0
-0
-0
-0
3.22678
36.2628
-0
-0
1.77304
0.583283
-0
-0
-0
-0
-0
-0
-0
-0
-0
-0
-0
-0
43.6036
-0
-0
-0
19.7811
-0
-0
-0
-0
-0
-0
-0
-0
9.44029
-0
-0
-0
-0
-0
-0
-0
-0
-0
-0
-0
-0
18.6817
13.391
-0
30.0882
-0
-0
-0
38.058
-0
-0
-0
-0
-0
-0
43.2899
-0
15.8716
1.47211
-0
-0
-0
-0
2.73827
-0
-0
1.53371
3.10614
-0
40.8769
3.62255
-0
-0
-0
-0
-0
2.39673
-0
-0
-0
21.251
-0
-0
-0
-0
-0
-0
-0
-0
7.25477
-0
-0
-0
-0
-0
-0
-0
3.10394
-0
-0
-0
-0
-0
-0
-0
-0
-0
17.5896
31.8845
-0
-0
-0
-0
-0
-0
-0
20.5933
-0
37.6259
-0
9.88264
20.1085
16.4194
-0
-0
-0
-0
-0
28.7287
0.778243
-0
-0
-0
30.6824
-0
-0
-0
-0
-0
-0
4.03202
-0
-0
-0
-0
-0
-0
-0
30.3658
19.6447
-0
-0
-0
-0
-0
-0
-0
-0
-0
-0
-0
-0
-0
-0
-0
12.3719
-0
-0
-0
-0
-0
-0
-0
-0
-0
-0
25.4411
-0
27.5133
-0
-0
-0
-0
-0
-0
-0
-0
8.05762
-0
-0
-0
18.9438
-0
-0
-0
-0
-0
-0
-0
-0
-0
-0
-0
-0
-0
-0
-0
-0
-0
-0
-0
-0
7.12838
-0
-0
-0
-0
-0
0.248362
-0
-0
-0
-0
-0
-0
6.77805
-0
-0
-0
-0
3.61211
17.0657
-0
-0
-0
5.77998
-0
16.2098
-0
-0
-0
2.82459
-0
-0
-0
-0
16.4269
-0
36.1516
-0
-0
-0
-0
-0
-0
22.1605
-0
-0
-0
-0
-0
-0
-0
-0
-0
-0
-0
-0
3.11462
-0
-0
-0
-0
-0
1.50244
-0
-0
-0
-0
-0
27.1084
10.9589
0.883723
-0
-0
-0
-0
-0
-0
-0
-0
-0
-0
-0
-0
-0
-0
-0
3.00255
-0
-0
15.6269
-0
-0
-0
0.183084
-0
-0
-0
-0
-0
40.3673
-0
-0
-0
0.958326
-0
-0
0.627993
11.5079
-0
-0
-0
20.0361
-0
-0
15.4719
-0
8.15773
46.3162
-0
-0
-0
-0
-0
12.1166
2.53063
-0
-0
4.66069
-0
-0
-0
-0
-0
-0
-0
-0
-0
-0
-0
-0
-0
-0
-0
15.979
-0
-0
12.4074
-0
-0
-0
-0
-0
0.777293
-0
-0
-0
1.93238
-0
-0
0.38815
-0
-0
-0
29.1651
22.1743
-0
-0
-0
-0
-0
-0
-0
-0
-0
-0
-0
1.71201
-0
-0
-0
-0
11.0775
17.196
-0
-0
-0
-0
-0
-0
0.405154
5.25878
18.3294
-0
-0
-0
-0
-0
-0
-0
4.63521
-0
-0
-0
-0
-0
-0
-0
-0
-0
-0
-0
0.918287
-0
1.43439
36.7416
-0
45.51
-0
-0
-0
-0
-0
-0
-0
15.6016
-0
-0
-0
-0
-0
-0
-0
-0
-0
-0
6.7601
7.41362
-0
-0
-0
51.861
15.4414
-0
-0
-0
-0
1.84375
-0
-0
-0
-0
31.4343
-0
-0
21.7208
-0
-0
-0
38.1105
-0
-0
10.4873
1.82827
-0
16.8998
-0
-0
-0
-0
30.0508
13.4021
-0
6.51409
-0
-0
-0
-0
-0
-0
-0
-0
0.349602
27.2931
-0
-0
-0
-0
-0
8.17739
-0
-0
-0
-0
-0
-0
18.5231
33.3139
-0
-0
-0
-0
-0
-0
-0
-0
5.41055
-0
-0
0.48284
-0
-0
-0
14.3936
7.61879
-0
-0
-0
12.9991
-0
25.8373
-0
-0
-0
-0
-0
-0
-0
-0
4.02771
-0
0.802383
-0
-0
2.05541
5.46737
-0
41.1456
-0
-0
-0
35.0135
-0
12.6489
-0
-0
-0
-0
-0
-0
-0
-0
-0
-0
-0
-0
-0
-0
-0
1.16992
-0
-0
-0
-0
-0
-0
-0
-0
-0
-0
-0
-0
-0
-0
27.597
25.0893
-0
-0
-0
33.4214
-0
-0
15.3316
-0
-0
12.3164
-0
36.9222
-0
36.0825
-0
-0
3.2989
28.9813
-0
-0
-0
-0
14.5387
-0
-0
-0
-0
-0
-0
-0
0.540133
-0
-0
-0
0.0616945
-0
-0
3.75172
-0
-0
1.99946
-0
-0
-0
-0
-0
-0
-0
-0
-0
-0
-0
-0
-0
-0
13.7248
-0
-0
14.8244
-0
-0
30.024
5.53551
-0
-0
-0
-0
-0
-0
-0
14.5036
-0
-0
10.6727
-0
-0
13.5395
-0
-0
-0
-0
-0
-0
-0
-0
-0
-0
1.98258
-0
-0
-0
-0
25.8468
-0
-0
0.102551
-0
-0
-0
-0
-0
-0
-0
-0
17.7585
-0
-0
6.00412
-0
-0
22.7949
29.6926
-0
-0
-0
1.66611
-0
-0
-0
-0
-0
3.83295
-0
-0
-0
-0
-0
18.8407
-0
-0
41.8277
-0
-0
-0
15.025
-0
2.47964
-0
-0
-0
-0
2.64794
-0
11.016
-0
-0
-0
19.2192
-0
-0
-0
-0
-0
-0
-0
22.7725
-0
-0
-0
-0
-0
-0
-0
-0
-0
-0
-0
17.5643
-0
-0
-0
-0
-0
-0
-0
-0
-0
-0
-0
-0
-0
8.15329
-0
-0
7.9566
-0
-0
0.179271
-0
-0
1.69565
-0
-0
-0
32.035
-0
10.2527
-0
27.2545
-0
-0
-0
-0
53.3228
-0
-0
-0
-0
-0
-0
-0
-0
-0
-0
-0
25.9467
-0
-0
-0
43.7141
-0
-0
11.0441
6.4916
-0
5.43985
-0
-0
-0
-0
-0
-0
-0
-0
-0
-0
17.9541
8.25001
-0
6.28184
-0
-0
-0
1.37081
-0
-0
10.9342
29.6966
-0
-0
-0
-0
-0
-0
-0
-0
-0
-0
4.03642
-0
4.5072
-0
-0
-0
15.876
-0
-0
-0
27.0908
-0
-0
-0
-0
-0
-0
1.58438
8.99465
-0
-0
18.3343
-0
-0
23.1796
-0
16.8933
6.79692
-0
-0
-0
-0
-0
-0
-0
44.8706
39.6728
-0
-0
30.2687
-0
-0
-0
-0
-0
-0
-0
-0
-0
-0
-0
-0
-0
-0
-0
-0
-0
-0
-0
19.5165
10.6349
-0
-0
-0
5.09151
-0
-0
18.3514
-0
-0
28.6204
-0
-0
32.1459
-0
-0
-0
-0
-0
-0
18.926
-0
-0
-0
-0
37.5733
-0
-0
-0
37.8533
-0
-0
-0
-0
-0
-0
4.42011
-0
-0
-0
-0
-0
-0
-0
2.52338
25.254
-0
-0
-0
40.0058
-0
-0
-0
-0
-0
-0
-0
-0
-0
-0
-0
8.19565
-0
-0
-0
72.9491
-0
-0
3.755
-0
-0
-0
-0
0.833054
-0
-0
-0
-0
-0
-0
-0
-0
1.24379
-0
-0
51.4348
25.6785
3.87792
-0
-0
-0
-0
24.5837
-0
-0
-0
-0
-0
12.9586
-0
-0
-0
-0
7.40609
16.2619
-0
-0
-0
24.76
-0
-0
-0
-0
-0
-0
-0
-0
-0
-0
-0
-0
9.64716
-0
2.87678
9.24181
27.3113
-0
-0
-0
-0
-0
-0
-0
-0
-0
-0
-0
-0
-0
-0
18.2798
-0
-0
-0
17.9271
-0
-0
-0
-0
-0
-0
0.667049
-0
-0
-0
-0
12.5905
-0
-0
-0
-0
-0
-0
-0
-0
-0
-0
-0
-0
-0
-0
-0
-0
-0
-0
-0
-0
-0
-0
-0
-0
11.3424
-0
-0
4.72064
-0
-0
-0
-0
-0
-0
-0
-0
-0
-0
-0
-0
-0
17.3994
-0
-0
-0
-0
8.62024
2.62898
-0
-0
-0
3.20616
-0
-0
2.21773
-0
-0
-0
-0
-0
0.00130935
2.2659
-0
-0
-0
-0
1.89992
-0
-0
-0
-0
-0
-0
-0
27.97
-0
-0
-0
-0
35.833
-0
-0
34.3483
-0
22.9073
7.98008
-0
5.37118
11.603
7.82506
-0
-0
-0
-0
0.891499
-0
-0
-0
-0
-0
-0
-0
-0
-0
-0
-0
-0
-0
-0
15.8785
-0
-0
-0
-0
-0
17.6351
-0
-0
-0
-0
-0
-0
-0
-0
-0
13.8966
-0
-0
19.5967
-0
-0
42.4405
-0
-0
-0
44.0075
-0
4.35491
-0
-0
2.94429
-0
-0
-0
-0
6.32417
-0
25.1782
-0
-0
-0
-0
22.3011
-0
22.9859
-0
-0
-0
-0
59.0807
-0
-0
-0
-0
6.28358
-0
-0
2.08305
-0
1.85234
-0
-0
-0
-0
-0
-0
-0
-0
-0
-0
-0
-0
-0
-0
-0
-0
-0
-0
-0
-0
-0
-0
-0
-0
-0
3.01083
-0
3.98842
0.0121017
-0
-0
-0
-0
-0
-0
-0
-0
11.8228
4.63336
-0
-0
-0
-0
-0
15.8363
-0
-0
-0
-0
-0
-0
5.95723
-0
-0
20.2623
-0
6.06947
-0
-0
-0
-0
1.74285
0.129947
4.58495
-0
2.8851
27.3637
5.61118
35.5731
-0
-0
-0
8.14001
-0
-0
-0
-0
-0
-0
-0
-0
-0
-0
-0
-0
51.6801
41.0095
-0
36.394
-0
-0
-0
-0
-0
-0
-0
-0
-0
-0
1.0999
-0
-0
-0
-0
21.5117
30.8662
23.2418
-0
-0
-0
-0
11.9579
-0
44.9829
-0
-0
-0
-0
-0
-0
-0
12.8232
-0
-0
5.95167
58.2136
-0
-0
-0
-0
-0
-0
-0
6.13087
-0
5.94579
-0
-0
-0
-0
-0
-0
17.9643
-0
-0
-0
-0
-0
-0
-0
23.7152
42.4665
-0
-0
-0
-0
-0
-0
-0
-0
6.8711
30.4114
-0
7.24626
-0
41.2766
-0
54.428
2.30629
-0
-0
6.16796
-0
-0
-0
4.35033
-0
-0
-0
-0
-0
-0
26.2035
-0
-0
-0
-0
-0
-0
15.7918
8.30986
-0
30.1277
19.5463
-0
-0
-0
-0
6.48645
10.2267
1.08166
-0
-0
-0
-0
-0
-0
35.4944
-0
-0
0.07299
-0
-0
-0
18.6351
19.45
-0
-0
-0
-0
-0
-0
-0
-0
-0
-0
-0
-0
-0
29.5522
-0
-0
14.8235
-0
17.5481
-0
-0
-0
-0
-0
-0
-0
-0
32.8955
-0
-0
-0
-0
-0
-0
-0
-0
-0
-0
24.3053
-0
23.6348
25.6959
-0
-0
-0
53.4849
-0
-0
20.6061
-0
-0
-0
-0
-0
-0
-0
-0
-0
0.057138
-0
12.9667
0.718218
-0
-0
-0
-0
-0
16.3862
-0
-0
-0
-0
-0
-0
3.29754
0.573237
-0
-0
-0
2.11504
-0
-0
-0
7.90981
-0
-0
-0
-0
-0
-0
30.4664
-0
-0
40.7637
21.0552
-0
-0
-0
-0
-0
-0
-0
-0
11.7915
-0
-0
-0
-0
-0
-0
-0
-0
-0
-0
-0
-0
3.8144
-0
12.1117
-0
-0
-0
-0
-0
23.4615
-0
-0
-0
-0
23.5152
-0
-0
15.5638
-0
-0
-0
-0
-0
-0
-0
-0
-0
-0
-0
-0
-0
-0
-0
-0
8.60381
-0
-0
-0
-0
-0
-0
5.34591
-0
-0
-0
4.95685
50.0881
-0
-0
11.3192
4.9946
-0
-0
5.78046
-0
-0
-0
-0
-0
1.13837
-0
-0
-0
-0
-0
-0
-0
-0
29.8993
-0
-0
41.9033
-0
-0
3.75222
4.28668
-0
-0
-0
-0
-0
-0
-0
33.581
-0
-0
-0
-0
12.7056
27.2449
-0
-0
-0
-0
-0
-0
-0
3.24786
-0
-0
-0
-0
12.2622
-0
-0
-0
-0
2.46497
-0
-0
-0
5.93092
-0
-0
47.9178
4.97596
-0
-0
-0
-0
-0
-0
-0
-0
-0
-0
-0
-0
-0
-0
29.8222
-0
-0
-0
-0
2.56938
27.7458
-0
-0
-0
-0
-0
-0
-0
-0
-0
-0
15.1405
-0
3.04185
16.9823
-0
4.14906
-0
-0
46.6169
-0
-0
-0
7.09641
-0
5.93291
25.2634
-0
-0
-0
8.05795
-0
-0
-0
-0
-0
13.5808
-0
-0
-0
-0
12.7341
-0
-0
-0
17.3145
-0
-0
-0
-0
4.85896
-0
-0
-0
-0
-0
-0
-0
-0
5.76291
-0
-0
20.2503
-0
13.1222
-0
12.1467
-0
-0
15.6463
18.619
-0
-0
5.80477
-0
-0
-0
-0
-0
0.707597
-0
37.3405
1.46907
-0
-0
-0
-0
-0
-0
20.7988
14.5789
-0
-0
-0
37.2377
24.506
5.33594
-0
-0
-0
1.30521
4.44499
-0
-0
-0
-0
-0
-0
17.9432
-0
-0
-0
58.6238
-0
-0
-0
-0
-0
26.135
-0
-0
-0
-0
-0
39.0035
-0
-0
-0
-0
-0
-0
-0
49.9254
-0
16.3971
0.137199
25.3129
25.0752
-0
4.4593
-0
-0
32.4933
-0
-0
-0
3.7865
-0
-0
-0
-0
-0
-0
-0
-0
-0
-0
-0
-0
-0
-0
19.8819
-0
-0
24.6871
-0
-0
-0
-0
-0
-0
41.5583
-0
-0
-0
-0
-0
-0
-0
-0
-0
-0
-0
-0
-0
-0
-0
6.23949
-0
-0
-0
-0
32.9258
-0
-0
-0
-0
-0
-0
-0
-0
-0
-0
-0
-0
-0
-0
26.7819
-0
-0
34.8644
-0
-0
-0
-0
-0
-0
-0
16.7452
2.2009
-0
-0
-0
-0
-0
-0
-0
-0
-0
-0
-0
-0
52.4891
-0
-0
-0
29.6337
-0
-0
-0
5.39923
-0
-0
44.2956
-0
1.94128
-0
-0
3.92577
-0
15.6093
37.8734
-0
18.7568
3.85959
5.58635
-0
14.1033
-0
-0
-0
-0
-0
-0
-0
-0
3.64782
-0
-0
4.73091
-0
-0
-0
-0
-0
9.78699
3.91554
-0
-0
6.22516
-0
-0
16.2954
-0
-0
-0
-0
-0
-0
-0
-0
-0
-0
8.04027
-0
-0
9.72778
-0
34.484
3.23324
-0
-0
-0
-0
-0
-0
-0
-0
1.46141
-0
-0
17.8992
-0
-0
-0
-0
17.297
-0
-0
4.23606
-0
3.62073
25.9365
-0
-0
