0.620571
-0
-0
-0
-0
16.9209
-0
-0
18.4871
-0
-0
-0
-0
-0
-0
20.1842
-0
-0
-0
-0
-0
0.907291
-0
-0
1.08573
8.88131
5.75872
-0
-0
-0
-0
-0
-0
-0
4.30279
-0
-0
-0
1.34826
-0
3.1073
-0
19.2476
9.45469
-0
0.42495
-0
16.7954
-0
-0
-0
-0
-0
-0
-0
-0
-0
1.68658
-0
3.27573
-0
-0
7.19249
-0
-0
-0
-0
3.40298
-0
-0
-0
-0
2.87593
-0
-0
2.85764
51.5751
-0
-0
17.3338
-0
54.6752
27.831
-0
27.8772
-0
-0
-0
-0
-0
-0
-0
-0
-0
14.2648
-0
17.624
-0
-0
-0
-0
-0
-0
-0
-0
-0
16.1389
1.43737
-0
-0
-0
-0
-0
-0
-0
10.141
-0
-0
45.9737
32.779
-0
-0
-0
-0
-0
-0
2.78046
23.2504
-0
-0
18.8461
-0
18.4413
-0
1.38271
-0
7.12163
42.6695
-0
6.29904
0.94834
-0
16.7837
-0
-0
-0
-0
-0
-0
-0
20.4503
-0
-0
0.0339178
3.79697
-0
-0
5.0786
-0
1.14055
-0
-0
-0
-0
27.6522
-0
24.0929
8.74226
-0
56.0034
-0
10.1106
14.7994
-0
-0
-0
15.6016
-0
2.71812
-0
-0
-0
-0
-0
-0
-0
-0
-0
1.0235
-0
37.3668
-0
18.624
2.31164
-0
-0
-0
13.1022
1.9378
-0
-0
-0
16.2669
-0
4.34931
-0
27.9841
18.0596
-0
-0
-0
-0
41.7903
-0
-0
-0
-0
-0
-0
-0
-0
-0
-0
-0
-0
-0
-0
16.9161
-0
-0
-0
9.12444
-0
-0
-0
-0
-0
-0
-0
-0
-0
-0
-0
-0
-0
-0
26.9041
-0
17.3091
-0
-0
-0
-0
-0
3.68789
-0
-0
12.9497
-0
-0
-0
16.071
7.39936
-0
-0
-0
-0
21.7441
-0
-0
-0
22.5704
-0
40.7711
-0
-0
-0
-0
-0
-0
24.3696
3.7555
-0
33.5282
-0
-0
-0
18.2784
-0
-0
-0
34.4922
35.0837
-0
11.1291
-0
8.61146
-0
17.374
49.1224
-0
-0
-0
22.8207
-0
21.5161
-0
-0
29.6076
-0
10.934
-0
-0
-0
-0
1.79957
-0
-0
-0
1.2443
-0
-0
17.347
41.6498
22.8221
-0
16.2834
-0
-0
24.4926
-0
-0
-0
-0
-0
-0
-0
-0
-0
11.8519
5.26498
-0
-0
-0
11.2811
-0
-0
-0
5.20294
-0
-0
-0
-0
-0
18.211
-0
-0
-0
-0
-0
25.1937
-0
-0
9.92595
9.62305
1.8989
-0
-0
6.62671
-0
-0
10.1941
0.126628
-0
-0
-0
17.5554
3.02308
-0
-0
-0
8.88969
2.96372
-0
-0
-0
-0
-0
-0
-0
-0
-0
-0
-0
-0
-0
-0
-0
-0
23.525
10.9867
-0
-0
-0
-0
-0
-0
23.2805
-0
-0
-0
-0
-0
-0
1.42755
1.84014
-0
-0
-0
-0
37.4832
-0
-0
-0
-0
-0
-0
10.4995
-0
12.0091
-0
7.33154
-0
-0
16.3675
-0
3.10296
-0
-0
-0
-0
-0
-0
-0
-0
15.2985
-0
-0
-0
-0
13.2591
11.5437
-0
-0
-0
10.7581
-0
25.5371
-0
-0
-0
-0
24.3702
-0
10.6838
-0
-0
-0
1.16571
-0
-0
-0
-0
-0
-0
-0
13.0862
-0
-0
-0
-0
-0
-0
-0
-0
-0
-0
-0
-0
-0
47.3255
-0
-0
6.25853
-0
18.768
5.51843
-0
-0
35.4097
-0
-0
23.7198
24.5297
-0
-0
-0
-0
-0
-0
-0
-0
2.98215
-0
-0
-0
-0
-0
12.5145
-0
-0
-0
-0
-0
-0
-0
-0
-0
-0
-0
-0
-0
-0
-0
15.3686
-0
14.2448
-0
-0
-0
-0
-0
-0
-0
-0
9.81295
-0
-0
-0
46.7528
-0
-0
-0
-0
34.3918
-0
-0
-0
8.67515
-0
-0
-0
38.2449
-0
-0
-0
-0
-0
-0
-0
-0
-0
-0
15.4867
5.17835
-0
-0
-0
-0
-0
-0
-0
-0
6.86786
-0
-0
-0
-0
-0
19.2134
-0
-0
-0
-0
-0
-0
-0
23.4077
34.8308
-0
1.3767
-0
-0
-0
-0
-0
-0
15.5686
-0
24.3581
-0
-0
21.943
-0
-0
-0
11.7002
-0
-0
-0
-0
-0
-0
-0
-0
-0
-0
-0
-0
-0
-0
6.7325
-0
-0
-0
-0
-0
-0
3.35713
-0
-0
-0
-0
-0
-0
9.11019
-0
6.8768
11.8529
1.00028
-0
-0
-0
-0
25.5721
-0
-0
-0
-0
-0
19.8121
2.80949
-0
35.3764
-0
30.2966
-0
-0
-0
-0
-0
-0
-0
5.99731
26.4223
30.2113
-0
-0
0.660673
44.896
-0
3.10731
-0
-0
-0
43.6998
-0
-0
-0
-0
-0
-0
11.3425
-0
-0
-0
-0
-0
-0
-0
30.4804
-0
-0
14.6807
-0
-0
-0
-0
12.3807
-0
-0
9.20806
-0
2.7201
-0
-0
-0
-0
-0
-0
-0
-0
-0
-0
-0
-0
-0
-0
5.68826
-0
14.3365
-0
-0
10.8928
31.2437
15.8577
-0
-0
-0
-0
-0
-0
-0
-0
-0
14.8063
-0
-0
-0
0.887051
-0
-0
-0
-0
-0
-0
20.5147
-0
31.5169
-0
0.529283
-0
-0
13.8639
-0
20.7343
14.6157
-0
-0
13.4669
-0
-0
-0
0.601369
-0
-0
-0
-0
-0
-0
-0
-0
-0
-0
-0
-0
14.1761
53.7223
-0
-0
-0
-0
39.1677
-0
26.6272
16.1764
20.5057
-0
-0
-0
-0
-0
-0
-0
7.95863
-0
-0
17.5892
16.0541
-0
-0
-0
-0
-0
-0
39.2011
-0
-0
-0
13.3935
-0
-0
38.3796
-0
-0
-0
-0
5.17712
-0
-0
18.1838
-0
-0
0.281628
-0
-0
8.32347
30.5819
-0
15.9728
-0
-0
-0
-0
-0
10.1629
-0
-0
-0
-0
-0
-0
-0
-0
-0
-0
-0
6.45547
-0
5.1837
-0
1.41198
-0
-0
-0
-0
-0
-0
-0
-0
-0
-0
-0
25.3207
14.9485
1.41121
5.35302
-0
-0
-0
-0
-0
-0
-0
-0
-0
-0
-0
18.6551
19.3713
-0
-0
19.357
-0
-0
-0
26.3464
-0
-0
37.69
8.60676
-0
-0
-0
0.818817
-0
5.58271
-0
-0
-0
-0
33.6684
-0
-0
-0
-0
-0
17.4102
-0
29.6327
21.1801
-0
-0
-0
12.6088
-0
-0
3.95284
-0
-0
-0
-0
16.387
30.3779
-0
-0
-0
-0
-0
47.1419
38.8573
-0
-0
1.97431
21.1768
-0
-0
-0
-0
-0
-0
-0
-0
-0
-0
-0
-0
1.06095
-0
-0
-0
-0
16.5183
-0
-0
16.9375
-0
-0
-0
23.1001
-0
-0
-0
-0
-0
-0
2.03365
-0
-0
-0
-0
-0
-0
-0
-0
24.4846
-0
-0
-0
-0
-0
-0
-0
-0
10.0991
7.66678
35.1241
-0
-0
24.2
-0
0.0611906
-0
-0
-0
-0
-0
-0
-0
-0
19.8097
-0
-0
-0
-0
-0
-0
-0
-0
-0
-0
-0
-0
-0
25.8766
-0
-0
-0
-0
-0
-0
-0
-0
-0
-0
-0
-0
-0
0.330097
30.6333
25.1552
-0
-0
-0
2.39269
-0
1.14919
-0
-0
-0
18.7023
-0
4.90161
13.2096
-0
-0
-0
-0
-0
-0
-0
-0
3.54144
12.7822
-0
51.9585
-0
-0
-0
5.15581
-0
-0
-0
-0
14.2282
5.34277
-0
-0
52.3421
-0
-0
7.21724
-0
-0
-0
11.7366
-0
17.9701
32.1124
-0
-0
-0
-0
8.63149
22.5755
0.118581
-0
10.4589
-0
-0
-0
-0
-0
-0
-0
-0
12.6603
-0
-0
-0
20.3609
-0
-0
3.85727
-0
-0
-0
-0
20.4377
0.974382
-0
-0
-0
-0
-0
-0
-0
-0
-0
2.18761
-0
3.88719
9.89465
5.50391
-0
-0
-0
-0
-0
-0
0.982497
-0
-0
-0
-0
-0
-0
-0
-0
39.4458
-0
-0
-0
-0
-0
11.7999
-0
-0
0.637815
-0
-0
24.6936
-0
-0
-0
0.639854
-0
-0
-0
-0
-0
7.53466
-0
-0
-0
9.77491
-0
23.2731
14.6987
-0
-0
0.0180869
32.1187
23.1909
26.9571
-0
-0
-0
19.6433
-0
-0
-0
-0
-0
-0
-0
-0
4.83142
-0
1.00457
-0
-0
-0
15.2812
-0
24.2452
-0
-0
9.78142
-0
-0
-0
-0
25.2418
-0
1.52105
-0
-0
-0
-0
-0
-0
-0
-0
-0
9.43089
-0
5.98382
-0
-0
-0
25.8066
0.690973
-0
-0
-0
-0
-0
-0
-0
30.2447
-0
-0
-0
-0
-0
-0
10.2442
-0
-0
-0
-0
-0
-0
-0
-0
-0
-0
-0
-0
23.308
10.7593
-0
7.83149
-0
-0
-0
-0
-0
20.9747
8.52532
-0
-0
12.8482
-0
-0
-0
-0
1.67185
-0
-0
16.2851
10.5156
-0
-0
-0
-0
2.75433
4.76836
21.5525
1.87604
-0
7.7875
31.7763
-0
-0
37.7042
-0
42.6389
-0
2.07692
-0
-0
-0
-0
-0
15.9462
-0
-0
3.24499
-0
-0
-0
-0
24.6944
6.00366
-0
-0
5.40895
-0
-0
-0
37.0983
-0
17.5912
-0
-0
19.9078
-0
0.244671
26.2119
7.0408
3.96606
-0
-0
-0
-0
-0
-0
-0
0.510571
-0
7.8354
-0
-0
-0
4.94641
-0
-0
-0
-0
1.01324
-0
-0
-0
-0
15.1885
3.2453
-0
2.70794
-0
0.131273
-0
-0
-0
-0
7.0918
-0
-0
-0
-0
-0
-0
-0
-0
22.442
-0
-0
-0
-0
-0
-0
-0
-0
16.2186
-0
-0
-0
-0
-0
-0
-0
-0
-0
77.0261
-0
-0
12.8948
6.87856
-0
-0
-0
-0
-0
-0
-0
54.7336
-0
18.5475
-0
-0
-0
16.6147
-0
-0
14.3131
-0
-0
-0
-0
-0
-0
-0
-0
-0
-0
-0
-0
19.4373
-0
-0
-0
0.357288
0.775931
1.29438
17.9288
-0
0.352732
-0
-0
8.4605
32.8
-0
2.19134
-0
-0
3.08341
-0
13.968
-0
-0
-0
0.285198
-0
-0
-0
-0
-0
-0
-0
-0
14.3998
-0
-0
-0
-0
-0
0.306554
-0
-0
-0
-0
-0
-0
-0
54.8032
-0
-0
-0
0.686502
-0
-0
-0
-0
-0
-0
-0
-0
-0
-0
-0
-0
-0
-0
20.0424
-0
-0
-0
28.5653
-0
-0
-0
-0
-0
-0
-0
20.2413
-0
-0
-0
1.56019
-0
19.1872
-0
22.1041
-0
-0
6.30421
-0
-0
-0
-0
-0
-0
-0
-0
-0
-0
-0
-0
9.38368
-0
-0
-0
38.4984
-0
3.81854
-0
-0
-0
-0
-0
-0
17.7493
-0
-0
-0
-0
-0
-0
-0
2.05923
-0
-0
-0
-0
-0
16.5992
17.2009
-0
-0
-0
-0
-0
-0
-0
-0
-0
-0
-0
0.332482
-0
-0
-0
13.8938
-0
-0
-0
-0
-0
-0
-0
-0
-0
-0
-0
-0
8.68464
-0
-0
-0
-0
-0
-0
-0
-0
2.21807
-0
13.2937
-0
-0
-0
-0
-0
7.2093
-0
-0
-0
-0
20.4043
-0
-0
-0
-0
9.94739
-0
-0
-0
-0
19.2393
-0
0.563891
16.8234
-0
-0
-0
-0
-0
-0
-0
1.30161
-0
-0
-0
-0
2.95072
-0
-0
-0
21.1661
-0
-0
-0
-0
25.152
17.2443
-0
21.0681
-0
3.82034
14.5528
19.5904
-0
12.3142
-0
-0
-0
5.09805
-0
21.9683
-0
-0
-0
-0
50.8194
-0
-0
7.44171
12.5449
-0
4.57541
-0
28.7514
-0
-0
-0
5.84575
-0
10.8619
-0
-0
-0
-0
-0
-0
-0
-0
-0
-0
5.09698
4.06722
-0
-0
-0
-0
-0
17.2988
21.5104
-0
1.86558
-0
-0
-0
18.1385
-0
-0
-0
1.71564
24.7761
-0
-0
-0
-0
-0
-0
17.8986
34.0535
-0
-0
-0
-0
-0
-0
-0
-0
17.5546
-0
-0
-0
-0
-0
-0
-0
-0
-0
-0
-0
16.4415
-0
-0
18.9324
27.4675
-0
-0
-0
-0
-0
-0
-0
12.8473
-0
-0
-0
-0
-0
-0
-0
-0
23.2451
-0
11.0742
-0
-0
-0
-0
-0
11.2266
-0
-0
-0
-0
-0
-0
-0
10.9279
-0
-0
17.1567
-0
-0
-0
23.1296
36.2137
-0
-0
4.30088
-0
-0
-0
0.751668
-0
-0
-0
-0
15.1979
-0
20.4801
23.8625
-0
-0
-0
7.23612
-0
-0
-0
-0
10.6245
-0
8.88424
-0
-0
-0
14.2879
12.7493
-0
-0
-0
-0
-0
-0
1.54513
-0
-0
-0
-0
-0
32.6462
9.59744
-0
2.43247
-0
-0
-0
-0
-0
-0
-0
-0
-0
-0
6.52489
-0
-0
-0
-0
-0
-0
-0
-0
-0
-0
-0
-0
-0
-0
-0
-0
21.773
-0
1.55287
-0
-0
-0
-0
-0
-0
-0
0.370094
-0
-0
-0
-0
13.6845
10.0089
16.04
-0
-0
-0
-0
-0
-0
-0
-0
-0
-0
-0
27.1447
-0
-0
-0
-0
-0
-0
-0
-0
-0
25.7161
-0
-0
-0
-0
-0
-0
-0
-0
-0
21.0167
9.9266
-0
-0
-0
25.7934
-0
-0
25.5257
-0
-0
27.6001
-0
10.9608
-0
81.9905
23.3364
-0
35.064
12.5383
-0
0.368768
1.52909
-0
-0
25.4898
-0
2.69201
-0
-0
-0
-0
7.41753
-0
-0
-0
5.36338
-0
-0
-0
-0
-0
30.4232
-0
-0
-0
27.0897
-0
-0
-0
-0
-0
-0
49.3737
-0
-0
-0
-0
1.53671
-0
4.01776
22.5416
23.3938
8.44508
-0
-0
-0
3.35159
-0
-0
-0
-0
-0
-0
28.1047
0.95127
-0
-0
21.0032
-0
-0
-0
-0
-0
-0
-0
-0
24.3495
-0
-0
-0
30.8549
-0
-0
-0
-0
-0
1.7804
-0
53.2524
-0
13.3852
-0
-0
0.279924
12.0541
-0
-0
3.24967
-0
13.7676
23.2099
-0
-0
-0
-0
25.6773
-0
2.41552
-0
-0
13.5028
-0
0.380328
-0
13.4864
3.69117
-0
-0
-0
-0
-0
9.36604
-0
22.0648
-0
-0
-0
15.2251
9.74199
4.99711
-0
-0
-0
-0
11.8542
-0
-0
20.0553
-0
30.1171
-0
-0
-0
-0
-0
-0
-0
-0
-0
-0
0.661591
-0
18.9921
39.9464
-0
-0
14.4441
5.34341
-0
-0
-0
-0
-0
-0
-0
-0
-0
-0
-0
-0
45.9847
-0
-0
-0
29.1738
-0
-0
-0
-0
-0
-0
-0
-0
17.7794
-0
-0
-0
-0
-0
-0
-0
-0
4.6105
-0
-0
-0
7.52405
-0
-0
38.9291
7.42922
-0
-0
40.17
-0
-0
-0
0.756083
12.8121
9.60618
25.769
-0
14.093
-0
-0
-0
-0
-0
7.00816
-0
-0
-0
3.90032
-0
46.4499
-0
-0
-0
6.47093
-0
-0
-0
-0
-0
-0
27.339
-0
-0
-0
-0
-0
-0
-0
-0
-0
-0
-0
-0
-0
-0
-0
-0
3.12919
-0
-0
-0
0.115048
-0
-0
-0
-0
-0
41.242
34.0846
-0
-0
-0
-0
-0
-0
-0
-0
-0
34.2376
-0
-0
12.7631
32.0083
-0
-0
-0
-0
-0
37.8423
2.24926
-0
-0
-0
13.4757
-0
0.526623
-0
-0
-0
-0
10.0863
-0
-0
-0
-0
-0
-0
-0
24.0173
-0
-0
-0
-0
-0
-0
-0
-0
-0
-0
-0
-0
-0
-0
-0
11.4358
16.4897
-0
-0
-0
-0
-0
-0
-0
-0
-0
1.59497
21.3637
-0
12.6332
11.4665
-0
-0
-0
-0
-0
-0
2.22952
37.5178
-0
-0
-0
15.5265
-0
-0
-0
-0
-0
-0
-0
-0
-0
-0
-0
-0
-0
-0
-0
-0
-0
-0
-0
-0
11.2181
-0
-0
-0
-0
-0
-0
-0
-0
-0
-0
-0
-0
5.27706
-0
-0
-0
-0
-0
-0
-0
7.40047
-0
11.2018
-0
34.1098
-0
-0
-0
12.2903
-0
-0
-0
-0
22.7717
-0
30.2757
-0
-0
-0
-0
-0
-0
32.301
-0
-0
-0
6.26993
-0
-0
-0
-0
-0
-0
-0
-0
10.1112
-0
-0
-0
-0
-0
11.02
-0
-0
-0
-0
-0
21.8844
10.8664
-0
-0
-0
-0
-0
-0
-0
-0
-0
-0
-0
-0
-0
-0
-0
-0
18.9548
-0
-0
-0
-0
0.932428
-0
-0
-0
-0
-0
-0
-0
25.3223
-0
-0
-0
1.55244
-0
-0
-0
35.828
-0
13.5764
-0
15.2074
-0
-0
12.1849
-0
15.6341
47.2924
-0
-0
-0
-0
-0
15.5247
20.1609
-0
-0
5.72258
19.2606
-0
-0
-0
-0
-0
-0
-0
-0
-0
-0
-0
-0
-0
-0
12.4412
-0
-0
5.26414
-0
-0
-0
-0
24.1698
-0
-0
-0
16.658
2.0231
-0
-0
-0
-0
-0
2.42758
12.0612
21.6611
-0
-0
-0
-0
-0
-0
-0
-0
-0
-0
-0
0.130971
-0
-0
-0
-0
10.9966
15.8837
-0
3.04234
-0
-0
-0
-0
0.359803
16.2235
21.398
-0
-0
-0
-0
-0
-0
-0
5.74141
-0
-0
2.35757
-0
-0
-0
-0
-0
-0
-0
-0
-0
-0
7.81873
45.5644
-0
48.9066
-0
-0
-0
-0
-0
8.07807
-0
14.185
11.123
-0
2.53154
-0
-0
-0
-0
-0
-0
-0
-0
7.56928
-0
-0
-0
24.9181
5.20368
-0
-0
-0
-0
-0
-0
-0
10.3108
-0
25.3819
-0
-0
-0
-0
-0
3.55342
33.4911
-0
5.72973
14.3462
3.60951
-0
29.6266
-0
-0
-0
-0
27.7269
15.0141
-0
-0
-0
-0
-0
-0
-0
-0
-0
7.8741
-0
42.0266
-0
-0
-0
-0
-0
-0
-0
-0
-0
-0
-0
-0
12.6494
19.0176
-0
8.211
-0
-0
-0
-0
-0
-0
-0
-0
-0
0.182158
-0
-0
-0
23.8397
-0
-0
-0
-0
21.9165
-0
14.8079
-0
-0
5.70024
-0
-0
-0
-0
5.85018
3.97441
-0
15.4128
-0
-0
2.00028
0.479535
-0
25.3903
-0
-0
-0
39.0772
-0
10.9837
-0
-0
-0
-0
-0
-0
-0
-0
-0
-0
-0
0.581218
-0
-0
-0
30.8009
-0
-0
-0
-0
-0
-0
0.961298
-0
-0
-0
2.3859
-0
-0
-0
19.9508
32.1826
-0
-0
-0
24.7545
-0
-0
26.411
-0
-0
10.0308
-0
42.509
-0
24.0345
-0
-0
19.0358
41.5898
-0
-0
-0
-0
-0
-0
-0
-0
-0
-0
-0
-0
2.3361
-0
-0
-0
-0
-0
-0
-0
-0
-0
2.26681
-0
-0
-0
11.2751
-0
-0
-0
-0
-0
-0
-0
-0
-0
-0
0.244849
-0
-0
-0
-0
-0
11.4542
-0
-0
-0
-0
-0
-0
-0
-0
-0
-0
14.4726
17.8062
-0
-0
12.7699
-0
-0
-0
-0
-0
-0
-0
-0
-0
-0
0.316704
-0
-0
-0
-0
43.3808
11.3002
-0
0.412175
-0
-0
-0
-0
-0
-0
-0
-0
32.8381
-0
-0
-0
-0
-0
-0
4.96283
-0
-0
-0
-0
-0
-0
-0
-0
-0
5.07782
-0
-0
-0
-0
-0
12.7392
8.7373
-0
27.6793
-0
-0
-0
-0
-0
21.0799
-0
-0
-0
4.3102
23.0948
-0
3.90206
-0
-0
-0
5.47255
3.0881
-0
-0
-0
-0
-0
-0
38.7909
-0
-0
-0
-0
-0
-0
-0
-0
-0
-0
-0
9.58459
-0
-0
-0
-0
-0
-0
-0
-0
-0
-0
19.2175
-0
-0
19.5915
4.65288
-0
-0
-0
-0
-0
-0
-0
11.7831
-0
-0
-0
31.2388
-0
19.9635
-0
-0
-0
-0
-0
-0
20.2729
-0
-0
-0
8.72544
-0
-0
-0
-0
-0
-0
20.0671
35.2633
-0
-0
-0
41.7712
-0
-0
13.0446
6.01088
-0
18.5528
-0
-0
-0
2.57923
-0
-0
-0
-0
0.461484
-0
18.7207
32.0988
-0
15.0377
-0
-0
-0
13.0844
-0
-0
29.3999
28.2163
-0
-0
-0
-0
-0
-0
-0
19.9529
-0
-0
-0
-0
2.43647
-0
-0
-0
13.24
-0
-0
-0
19.3651
-0
-0
-0
-0
-0
-0
1.46946
-0
-0
-0
39.5984
-0
-0
3.13638
-0
30.3603
13.8843
-0
-0
-0
-0
-0
-0
-0
13.7166
21.8045
-0
-0
2.31117
-0
-0
-0
-0
-0
-0
-0
-0
-0
-0
-0
0.209934
-0
-0
-0
5.46612
-0
-0
-0
8.16795
32.2244
-0
-0
-0
7.97508
-0
-0
6.50151
-0
-0
-0
-0
-0
20.8472
-0
-0
5.90415
-0
1.58768
-0
2.10258
-0
-0
2.73887
-0
21.8705
-0
-0
-0
22.2257
-0
-0
-0
-0
1.0967
-0
17.0923
-0
-0
-0
3.44175
-0
-0
-0
-0
8.62591
-0
-0
-0
19.3163
-0
-0
0.522167
-0
-0
-0
-0
-0
-0
-0
-0
21.6816
-0
5.35498
-0
54.685
-0
-0
-0
-0
-0
-0
-0
-0
-0
-0
-0
-0
-0
-0
-0
-0
7.17107
-0
-0
51.5258
28.2891
-0
-0
-0
-0
-0
36.0074
-0
-0
-0
-0
2.59923
34.6322
-0
-0
-0
19.1178
-0
16.6574
-0
-0
-0
27.4501
-0
6.11265
-0
-0
-0
-0
-0
-0
-0
-0
-0
-0
14.0022
-0
12.6236
2.72049
21.4168
-0
30.122
-0
-0
-0
9.60981
-0
-0
-0
-0
-0
-0
-0
-0
12.4332
-0
-0
4.65108
20.2255
-0
-0
1.60569
-0
-0
2.16546
-0
-0
-0
-0
-0
42.0236
-0
2.87212
-0
-0
-0
-0
-0
-0
-0
-0
-0
-0
-0
-0
-0
8.38052
-0
-0
-0
-0
-0
-0
-0
-0
9.77637
17.507
-0
5.98861
13.7377
22.3744
-0
-0
13.6203
-0
-0
-0
3.8556
-0
-0
2.23765
-0
3.9466
-0
-0
13.0064
-0
12.9379
13.4077
-0
-0
-0
-0
-0
-0
-0
-0
-0
-0
-0
11.8714
0.0202135
14.2104
-0
-0
0.30361
-0
-0
-0
-0
-0
-0
-0
-0
-0
7.73772
-0
-0
-0
-0
45.763
-0
-0
41.6968
-0
17.3249
15.3172
-0
-0
14.1318
11.2135
-0
-0
-0
-0
0.828181
-0
-0
-0
-0
-0
-0
-0
-0
-0
-0
-0
-0
-0
-0
7.48476
3.5741
-0
-0
-0
-0
25.4808
-0
-0
-0
-0
-0
-0
-0
1.38327
-0
30.3271
-0
-0
17.0653
-0
-0
62.7346
-0
-0
-0
38.6893
-0
5.10594
-0
-0
18.805
-0
-0
-0
-0
-0
-0
12.1006
-0
-0
-0
-0
25.9297
-0
35.5069
-0
-0
-0
-0
32.4153
-0
-0
-0
-0
7.73435
-0
14.67
-0
-0
-0
-0
-0
-0
4.75415
-0
-0
-0
-0
-0
3.04948
5.36563
-0
-0
-0
-0
-0
-0
11.1805
-0
-0
-0
-0
-0
-0
-0
6.0262
-0
4.91438
4.62114
-0
-0
10.197
-0
-0
1.51208
3.03663
-0
-0
17.0436
-0
-0
-0
-0
-0
-0
-0
-0
-0
-0
-0
-0
1.276
-0
-0
-0
-0
19.8145
11.1587
-0
-0
-0
-0
8.33384
11.5571
-0
3.63826
19.7549
-0
27.962
-0
-0
-0
-0
-0
-0
-0
-0
-0
-0
-0
-0
2.24958
-0
-0
-0
26.0851
24.3324
-0
26.4677
-0
-0
-0
-0
-0
-0
-0
9.59864
-0
-0
-0
-0
-0
-0
-0
21.1728
14.167
14.5933
6.15868
-0
-0
-0
12.2705
-0
35.6083
-0
-0
-0
-0
-0
-0
-0
-0
-0
-0
-0
55.1444
-0
-0
-0
-0
-0
-0
-0
9.20234
-0
44.9057
-0
-0
-0
-0
-0
-0
20.5889
-0
4.07583
-0
-0
-0
-0
-0
10.52
21.5394
-0
-0
-0
-0
-0
-0
-0
-0
-0
31.1581
-0
-0
-0
28.1001
-0
58.5737
3.21828
7.87727
-0
5.01082
-0
-0
-0
26.7358
-0
3.10345
-0
-0
-0
-0
12.9591
-0
-0
-0
-0
-0
-0
5.29724
8.8646
4.42478
15.6404
8.37515
-0
11.2511
-0
6.20568
14.0763
11.9392
4.93909
-0
-0
-0
4.82825
-0
-0
31.5592
-0
-0
0.158459
-0
-0
-0
18.1197
23.6018
-0
-0
-0
-0
4.92638
-0
-0
17.1113
-0
-0
-0
-0
-0
26.2091
-0
-0
14.7158
-0
-0
-0
-0
-0
-0
-0
-0
-0
-0
20.907
-0
-0
-0
2.49392
-0
-0
-0
-0
-0
-0
18.4182
-0
12.0776
18.0762
-0
-0
-0
29.1303
4.0234
-0
29.8716
-0
2.41712
-0
-0
-0
5.17567
-0
-0
-0
0.464604
-0
26.1762
-0
-0
-0
-0
-0
-0
20.2121
-0
-0
-0
-0
2.44362
-0
5.45487
-0
16.289
-0
-0
4.84373
-0
-0
-0
4.68139
-0
-0
-0
7.83387
-0
-0
31.1076
-0
13.7435
54.6529
7.91072
-0
-0
-0
-0
-0
-0
-0
-0
20.13
-0
-0
-0
-0
2.24619
-0
-0
-0
-0
0.600445
-0
-0
10.2116
-0
35.322
-0
-0
-0
-0
-0
-0
-0
-0
-0
-0
14.8923
-0
-0
19.6469
-0
-0
20.0306
-0
-0
-0
-0
-0
-0
-0
-0
-0
-0
-0
8.8981
-0
21.3164
10.3678
7.81431
-0
13.9953
-0
-0
-0
-0
-0
-0
-0
30.7706
-0
-0
16.148
23.1739
10.043
-0
5.07287
-0
-0
-0
-0
-0
0.0717392
-0
-0
-0
-0
-0
-0
-0
-0
33.7177
-0
-0
48.5872
-0
-0
35.861
6.68094
-0
-0
-0
-0
-0
-0
-0
48.7413
-0
-0
-0
-0
26.0393
45.3516
6.18077
-0
-0
-0
-0
-0
-0
20.2259
-0
-0
-0
-0
4.58964
6.59236
-0
-0
-0
6.85866
-0
-0
-0
9.70338
-0
-0
31.3342
2.43302
-0
-0
-0
-0
-0
-0
-0
-0
-0
11.5901
-0
-0
-0
-0
33.3683
-0
7.61542
-0
-0
-0
19.1105
-0
-0
-0
-0
-0
-0
-0
-0
-0
-0
28.56
-0
-0
6.05513
-0
1.0245
-0
-0
14.1309
-0
-0
-0
30.1021
-0
19.2409
13.0964
-0
-0
-0
-0
-0
-0
6.14989
-0
-0
18.3782
-0
-0
-0
-0
25.5443
-0
-0
-0
22.9886
-0
-0
-0
-0
-0
-0
-0
-0
0.355192
-0
14.1115
12.8736
-0
10.3064
-0
-0
32.1171
-0
6.80321
-0
-0
11.5694
-0
32.2782
35.2797
-0
-0
17.055
-0
9.32712
-0
-0
-0
-0
6.95146
42.8442
2.96575
-0
-0
4.66948
-0
-0
-0
20.3275
13.0033
-0
-0
-0
17.0145
28.7056
16.5189
-0
-0
-0
2.55943
-0
-0
-0
17.6102
8.35475
-0
15.9452
25.0243
-0
-0
5.35976
49.8665
-0
-0
-0
-0
-0
36.3754
-0
-0
-0
-0
-0
14.6707
-0
-0
-0
-0
3.26513
-0
9.24369
42.9159
-0
26.7701
1.61386
25.0259
21.8335
23.7275
-0
-0
-0
24.1308
-0
-0
-0
11.3806
-0
-0
14.4579
-0
-0
9.2893
-0
-0
-0
-0
-0
-0
1.61147
-0
4.33083
-0
-0
24.8928
-0
-0
-0
-0
-0
-0
20.5663
-0
-0
-0
-0
-0
-0
-0
-0
-0
-0
-0
-0
-0
4.48688
3.62402
-0
-0
-0
-0
-0
51.2368
-0
-0
-0
-0
-0
-0
-0
-0
-0
-0
17.5567
-0
-0
-0
9.75539
-0
-0
11.2994
-0
-0
-0
-0
-0
-0
-0
40.386
-0
-0
-0
-0
22.5776
-0
-0
-0
-0
-0
-0
-0
-0
45.0632
-0
-0
-0
16.454
-0
-0
-0
4.55351
-0
-0
34.0983
-0
2.64191
-0
-0
9.80422
7.89501
37.2983
10.0913
-0
20.8041
4.44888
-0
-0
11.9317
0.589602
-0
-0
-0
-0
-0
-0
-0
2.78771
-0
-0
10.6213
-0
-0
-0
-0
-0
11.2704
14.6818
-0
-0
25.2628
-0
-0
14.4934
-0
-0
-0
-0
-0
-0
-0
-0
-0
-0
8.11964
-0
-0
12.8083
4.14671
36.4317
34.3649
-0
-0
-0
-0
-0
-0
8.50786
-0
18.4143
-0
-0
23.3883
-0
-0
-0
-0
22.6505
-0
-0
0.864231
-0
8.04616
24.3271
-0
-0
