0.798996
-0
-0
-0
-0
15.3245
-0
-0
27.6413
-0
-0
-0
-0
-0
-0
21.2307
-0
-0
-0
-0
-0
25.331
-0
-0
37.405
46.6346
-0
-0
-0
-0
-0
-0
-0
-0
1.94548
-0
-0
-0
36.0687
-0
-0
-0
12.6898
29.2106
-0
17.2166
-0
10.2962
-0
-0
-0
-0
-0
10.6789
-0
-0
-0
1.32592
-0
-0
-0
-0
-0
0.189438
-0
-0
1.07171
9.03541
-0
0.0756221
-0
-0
-0
-0
-0
-0
39.3358
-0
-0
27.819
-0
34.0238
37.1733
-0
22.4214
-0
-0
-0
-0
-0
21.1742
-0
-0
-0
-0
-0
14.4851
-0
14.8222
-0
-0
-0
-0
-0
-0
-0
38.4852
-0
-0
-0
-0
-0
-0
-0
-0
8.39174
-0
-0
43.036
4.19861
1.86438
-0
-0
4.32375
-0
-0
39.9481
-0
-0
-0
19.7288
-0
12.6819
-0
3.27695
-0
37.7877
43.6262
-0
31.0922
-0
-0
11.2492
0.966929
-0
-0
-0
-0
-0
-0
18.9318
-0
-0
13.1565
33.4423
-0
-0
7.17274
-0
1.42847
-0
0.18892
-0
7.391
12.6245
-0
3.71176
22.6864
-0
42.7628
-0
10.7365
3.99487
-0
-0
-0
11.252
-0
-0
-0
-0
-0
-0
-0
-0
-0
-0
-0
-0
-0
36.6777
-0
37.3944
8.85046
-0
-0
-0
13.8195
6.37082
-0
-0
-0
39.5616
-0
-0
-0
33.4206
15.3082
-0
-0
-0
-0
40.3489
-0
7.58302
-0
-0
3.8362
-0
-0
-0
-0
-0
-0
-0
-0
-0
-0
-0
2.05691
-0
-0
-0
-0
-0
-0
-0
-0
-0
-0
2.52221
-0
-0
-0
-0
-0
28.3869
-0
-0
-0
-0
-0
-0
-0
23.3749
-0
2.95106
25.7675
-0
-0
-0
14.4402
-0
-0
2.79818
-0
-0
31.6078
-0
-0
-0
20.6237
13.995
36.0919
-0
-0
-0
-0
-0
-0
30.5966
3.47945
-0
24.5967
-0
-0
-0
11.7005
-0
-0
-0
60.7068
68.7013
-0
16.1154
-0
15.2745
-0
8.86897
36.6591
-0
-0
1.96375
33.6424
-0
22.9208
-0
-0
43.7776
-0
16.664
-0
-0
-0
-0
0.999754
-0
-0
-0
1.24838
-0
-0
-0
46.3937
-0
-0
23.8839
-0
-0
51.5199
-0
-0
-0
-0
-0
-0
-0
3.44052
-0
32.0266
17.2537
-0
-0
-0
16.7628
-0
-0
14.9802
-0
-0
-0
-0
-0
-0
29.1872
-0
-0
-0
-0
-0
26.5016
-0
-0
23.2852
7.75497
2.094
-0
-0
11.796
-0
-0
15.2473
-0
-0
-0
-0
7.90716
-0
5.67614
-0
-0
-0
-0
-0
4.23628
-0
-0
-0
-0
-0
-0
-0
-0
-0
-0
31.4822
-0
21.2469
-0
50.386
15.4261
-0
-0
-0
-0
-0
-0
17.9632
-0
-0
0.0449975
5.11715
-0
-0
10.2795
2.26961
-0
-0
-0
-0
38.9732
-0
-0
-0
-0
-0
-0
11.5511
16.802
-0
-0
25.4225
-0
-0
16.4001
-0
6.64449
-0
-0
-0
-0
10.0435
-0
-0
-0
-0
-0
-0
-0
-0
51.0838
20.071
-0
-0
-0
18.0434
-0
3.00243
-0
-0
-0
-0
1.85172
-0
-0
-0
-0
-0
6.65087
-0
-0
-0
-0
-0
3.93776
-0
2.57025
-0
-0
-0
-0
-0
-0
5.80628
-0
-0
-0
-0
-0
13.7861
33.7162
-0
8.51986
11.2041
-0
8.65488
7.99978
-0
-0
39.7903
-0
-0
20.8036
27.9414
-0
-0
-0
-0
-0
-0
-0
-0
-0
-0
-0
-0
-0
-0
26.9296
-0
-0
-0
-0
-0
-0
-0
23.1579
-0
-0
-0
-0
-0
-0
-0
9.08662
4.49056
10.4387
-0
-0
-0
-0
-0
-0
-0
-0
11.3943
-0
12.8155
-0
43.4724
3.75621
-0
-0
-0
-0
5.61651
-0
-0
16.7269
-0
-0
-0
21.1802
-0
-0
-0
2.04091
-0
-0
-0
-0
25.242
8.43829
18.2116
2.44692
-0
-0
-0
-0
-0
2.77403
-0
-0
23.251
-0
-0
-0
-0
-0
23.9113
-0
-0
-0
-0
-0
-0
-0
23.7212
54.0891
-0
37.7107
-0
-0
-0
-0
-0
-0
34.7489
15.7895
22.2414
-0
-0
29.1493
-0
-0
-0
14.9835
-0
-0
-0
-0
-0
-0
-0
-0
-0
-0
-0
-0
-0
-0
12.1524
-0
-0
-0
-0
-0
-0
-0
-0
-0
-0
-0
-0
-0
-0
-0
-0
2.13062
2.49264
-0
-0
-0
-0
17.5778
1.20205
-0
-0
-0
8.91558
-0
19.806
-0
29.1407
-0
30.5019
-0
-0
-0
-0
-0
-0
-0
7.03933
7.31745
5.59368
-0
-0
0.652904
35.4607
6.88374
-0
-0
0.777763
-0
36.3387
-0
-0
-0
-0
-0
-0
17.744
-0
-0
-0
-0
-0
-0
-0
33.4231
1.25886
-0
25.1444
-0
-0
-0
-0
23.2494
-0
-0
-0
-0
-0
-0
-0
-0
-0
-0
-0
-0
-0
-0
-0
-0
-0
-0
-0
8.99518
-0
3.68188
1.76318
-0
7.62789
9.02418
-0
-0
1.00886
-0
-0
-0
-0
-0
-0
-0
9.37254
-0
-0
-0
3.10111
-0
-0
-0
-0
-0
7.32135
10.5985
-0
12.8986
-0
-0
-0
-0
14.87
-0
36.1842
17.492
-0
-0
27.9967
-0
-0
12.4696
4.52845
-0
-0
-0
-0
-0
-0
-0
-0
26.5638
-0
-0
-0
2.94048
37.6385
-0
-0
-0
-0
47.8801
-0
24.3224
-0
-0
-0
-0
-0
-0
-0
-0
-0
17.4064
8.04209
-0
23.7994
10.8562
-0
31.5255
-0
-0
-0
-0
28.1543
-0
-0
-0
4.57076
-0
-0
0.168988
-0
-0
-0
5.82551
6.98249
6.8281
-0
-0
19.6708
-0
-0
-0
-0
9.69811
22.5705
-0
11.2145
0.56858
-0
-0
-0
3.83331
-0
-0
-0
-0
18.0578
-0
-0
6.72845
-0
-0
-0
15.9621
-0
-0
11.7914
-0
4.83785
-0
-0
-0
-0
8.21122
-0
-0
-0
-0
-0
-0
-0
2.23584
-0
11.0218
-0
-0
-0
-0
-0
-0
-0
-0
30.5665
-0
-0
11.4109
34.9502
-0
-0
25.5448
-0
-0
-0
11.9203
-0
-0
37.3584
8.27534
-0
-0
-0
-0
-0
9.56774
-0
-0
-0
-0
25.2952
-0
-0
-0
-0
-0
-0
-0
37.5776
17.8262
-0
-0
-0
14.1901
-0
1.30177
3.14697
-0
-0
-0
7.78143
23.7086
6.06904
-0
-0
-0
14.5629
-0
54.7321
37.2511
-0
-0
-0
-0
-0
-0
-0
-0
-0
-0
-0
-0
-0
2.04382
31.483
8.28709
0.67866
-0
-0
-0
-0
16.456
-0
-0
32.3635
-0
-0
-0
33.528
-0
-0
-0
-0
-0
-0
-0
-0
-0
-0
-0
-0
-0
-0
-0
-0
-0
-0
-0
-0
-0
59.6201
-0
-0
-0
25.0686
18.7955
-0
-0
12.6812
-0
-0
-0
15.1312
-0
-0
-0
-0
-0
-0
44.1891
-0
-0
-0
-0
-0
-0
-0
-0
-0
-0
-0
-0
27.9815
11.9999
-0
-0
4.2541
-0
-0
-0
24.5578
-0
-0
-0
-0
-0
-0
8.1306
13.2926
29.1803
-0
-0
-0
9.12531
-0
1.84155
-0
-0
3.12948
4.12686
5.04941
8.53666
23.7932
-0
-0
22.5943
-0
-0
-0
-0
-0
2.03331
37.1366
-0
40.6171
-0
7.68275
-0
7.29051
-0
-0
-0
-0
30.257
4.64938
-0
-0
39.2086
-0
-0
3.58281
2.61061
-0
-0
-0
-0
19.7817
59.3989
-0
-0
-0
-0
11.6586
21.7807
8.00793
-0
-0
-0
6.94564
-0
-0
-0
3.4726
-0
-0
15.3324
-0
-0
-0
22.0186
9.72295
-0
-0
-0
-0
-0
17.8843
17.2798
-0
-0
-0
-0
-0
-0
-0
-0
-0
-0
27.0591
-0
6.60383
8.26875
4.53879
-0
-0
-0
-0
-0
-0
0.378539
-0
4.47158
-0
1.4396
-0
-0
-0
-0
36.0687
4.85878
3.40697
-0
-0
1.23782
13.7789
-0
-0
-0
-0
-0
-0
-0
-0
-0
9.76797
-0
-0
-0
-0
-0
0.397366
1.55503
-0
-0
-0
0.779346
40.1606
9.52864
-0
-0
-0
38.9284
21.2318
-0
-0
0.469072
-0
42.5896
-0
-0
-0
-0
-0
-0
-0
-0
-0
-0
-0
-0
-0
-0
25.1271
-0
21.8752
-0
-0
20.5044
-0
6.28497
-0
-0
58.8155
-0
7.62105
2.9838
-0
3.75818
-0
-0
-0
-0
-0
-0
16.9811
-0
-0
7.67864
-0
-0
52.1129
16.5947
-0
-0
18.7998
-0
-0
8.36064
-0
15.0564
-0
-0
3.13839
-0
-0
-0
11.6987
-0
1.95268
-0
-0
2.28357
12.9561
-0
-0
3.99271
-0
-0
-0
1.49832
-0
-0
-0
-0
-0
-0
-0
-0
42.7741
-0
-0
-0
4.62045
-0
-0
-0
-0
9.66356
-0
-0
11.8446
0.885138
-0
-0
-0
-0
6.35256
9.36157
-0
5.35605
-0
15.0084
8.87029
-0
15.7462
46.3665
23.4024
36.1966
-0
-0
-0
-0
-0
-0
-0
48.2883
27.9909
-0
2.03794
23.388
-0
-0
-0
27.318
2.35505
4.88648
-0
17.086
2.59601
-0
-0
13.54
-0
14.29
-0
5.59841
1.2628
-0
-0
38.2222
-0
5.82404
-0
-0
-0
-0
-0
-0
1.88902
14.9833
-0
-0
-0
-0
-0
18.5131
-0
-0
11.8017
-0
4.13256
0.0599427
-0
-0
-0
26.383
-0
-0
13.3426
-0
19.1368
-0
-0
-0
-0
-0
-0
-0
-0
-0
23.9406
-0
13.9264
5.41074
23.0174
-0
-0
-0
-0
-0
-0
-0
20.1506
-0
-0
-0
-0
-0
-0
-0
-0
14.6341
-0
56.9462
7.19728
-0
-0
-0
-0
-0
24.8685
-0
-0
-0
-0
38.5637
-0
3.55605
-0
-0
-0
-0
-0
21.7824
15.4268
-0
-0
-0
-0
-0
-0
-0
-0
-0
-0
-0
-0
58.0411
-0
-0
-0
-0
-0
-0
20.3513
-0
0.119962
12.3607
-0
18.0692
13.6848
-0
-0
-0
-0
-0
-0
39.1378
-0
-0
-0
14.238
-0
-0
-0
-0
-0
-0
-0
-0
2.8786
-0
-0
-0
-0
-0
1.90468
-0
-0
-0
11.609
-0
-0
-0
60.0013
-0
-0
14.0839
30.9947
-0
-0
-0
2.40036
-0
-0
-0
-0
-0
10.349
-0
-0
-0
-0
24.7178
-0
-0
-0
8.87015
-0
-0
-0
-0
-0
-0
-0
16.8959
2.77543
-0
-0
2.622
-0
30.4052
-0
40.0628
-0
-0
-0
18.7109
-0
2.27671
-0
-0
-0
-0
-0
-0
-0
-0
-0
11.0661
-0
-0
-0
19.1312
-0
-0
-0
-0
-0
-0
-0
-0
16.7314
-0
-0
-0
-0
-0
-0
-0
-0
-0
-0
-0
-0
-0
19.9621
23.688
8.41842
-0
-0
-0
-0
-0
-0
-0
-0
-0
-0
34.9259
-0
-0
-0
-0
-0
-0
-0
-0
-0
-0
-0
-0
-0
-0
-0
-0
-0
-0
-0
-0
14.3188
-0
-0
-0
-0
32.2337
-0
19.7023
-0
-0
-0
14.0792
-0
28.2
-0
-0
-0
-0
15.4829
-0
-0
-0
-0
-0
-0
9.52704
-0
-0
32.4903
-0
0.880041
9.5146
2.31366
-0
-0
-0
-0
-0
-0
0.838803
-0
30.4749
-0
-0
15.4841
4.0869
-0
-0
-0
-0
-0
-0
-0
22.2503
3.03232
-0
12.405
-0
15.2922
27.0443
0.985762
-0
17.1644
-0
-0
-0
5.54779
-0
7.7878
-0
-0
-0
-0
42.5781
27.5737
-0
9.80886
-0
-0
-0
-0
43.8121
-0
-0
-0
16.273
-0
30.0752
27.7189
-0
-0
-0
-0
-0
-0
-0
-0
20.1462
5.71097
4.50788
-0
-0
-0
-0
-0
23.3517
18.8234
-0
2.33036
-0
-0
-0
7.76356
-0
-0
-0
2.87943
11.3111
-0
-0
-0
-0
-0
-0
18.7756
26.4522
-0
-0
-0
-0
-0
11.4718
-0
-0
-0
-0
-0
-0
-0
15.9567
-0
-0
-0
-0
-0
-0
18.7967
-0
-0
-0
21.7446
-0
-0
-0
-0
-0
-0
-0
36.8247
-0
-0
-0
-0
-0
-0
-0
-0
43.0137
-0
26.363
-0
-0
-0
-0
-0
-0
33.756
-0
-0
-0
-0
10.6611
-0
11.3534
-0
-0
11.871
-0
-0
-0
31.7823
27.233
-0
-0
13.6364
30.7016
-0
-0
-0
-0
3.09598
-0
-0
8.37038
-0
-0
38.0756
-0
-0
-0
13.4899
-0
-0
-0
9.44883
27.0878
-0
-0
-0
-0
6.7731
16.8622
24.6729
-0
-0
-0
-0
-0
-0
-0
-0
-0
-0
-0
-0
46.333
12.2862
-0
-0
-0
-0
-0
5.75835
-0
-0
-0
-0
-0
-0
18.4947
-0
2.97632
-0
-0
-0
28.4467
-0
-0
-0
-0
-0
-0
-0
-0
-0
-0
26.6178
-0
4.4496
-0
-0
-0
-0
-0
-0
2.81535
0.652255
-0
-0
-0
-0
19.8559
29.4427
14.9971
-0
-0
-0
5.78104
-0
23.648
-0
-0
-0
-0
-0
37.5462
12.1768
-0
-0
-0
-0
-0
-0
-0
-0
13.707
-0
-0
-0
-0
-0
-0
-0
-0
-0
29.4856
13.7352
-0
-0
-0
8.87689
-0
-0
56.0677
-0
-0
0.16511
-0
25.8452
-0
78.5617
31.7885
-0
50.6919
7.00805
-0
-0
6.06005
-0
-0
47.3983
7.40253
3.07568
-0
-0
-0
-0
10.2154
-0
-0
-0
6.93788
-0
1.41709
-0
-0
-0
12.5034
-0
-0
-0
42.0481
-0
-0
13.9928
-0
-0
-0
34.3954
8.99911
-0
-0
-0
1.13263
-0
3.45235
-0
21.8441
-0
2.55137
1.19523
-0
12.2643
-0
-0
-0
-0
-0
0.819981
13.7532
0.359697
-0
-0
4.09225
-0
-0
-0
-0
-0
-0
-0
-0
34.162
-0
3.49507
-0
26.3376
-0
-0
-0
16.7545
-0
1.6284
-0
47.8795
-0
43.6152
-0
-0
0.215025
22.1993
-0
-0
10.6726
-0
-0
86.0437
1.36356
15.8438
-0
-0
46.7664
-0
20.962
-0
-0
2.24079
-0
-0
-0
-0
12.9989
-0
-0
-0
-0
-0
14.2145
10.3925
28.3599
-0
-0
-0
9.42142
1.29998
27.3376
-0
-0
-0
1.10934
37.1022
-0
-0
28.0588
-0
22.067
-0
-0
-0
-0
-0
-0
-0
5.2543
8.08948
-0
1.5488
-0
21.6736
41.5831
-0
-0
-0
-0
-0
-0
-0
-0
-0
-0
-0
-0
-0
-0
-0
-0
26.9492
-0
-0
-0
31.2243
-0
-0
-0
-0
-0
-0
14.6145
-0
-0
-0
-0
-0
-0
-0
-0
-0
-0
23.2608
-0
-0
-0
10.0545
-0
-0
22.2403
14.1214
-0
-0
8.28155
-0
16.1576
8.8718
-0
-0
-0
49.0399
-0
41.8899
-0
-0
0.026994
-0
-0
-0
-0
-0
-0
1.15219
-0
12.1828
7.20153
-0
-0
5.87411
-0
-0
-0
-0
-0
3.57602
39.5779
-0
-0
5.74469
-0
-0
-0
-0
-0
6.67905
-0
-0
-0
-0
-0
-0
-0
1.06693
-0
-0
-0
-0
-0
-0
-0
35.814
-0
62.0827
31.9483
-0
-0
-0
-0
-0
-0
-0
-0
1.50318
18.4152
1.31881
-0
27.9908
16.7231
-0
-0
-0
13.8717
-0
31.8818
2.55843
-0
-0
-0
23.2281
-0
3.55019
-0
-0
0.266939
-0
8.91552
-0
-0
-0
-0
-0
-0
-0
21.8166
-0
-0
-0
-0
-0
-0
-0
-0
-0
8.65631
20.536
-0
-0
-0
-0
-0
-0
-0
-0
-0
-0
-0
-0
-0
-0
-0
-0
9.07165
-0
31.9462
-0
-0
-0
-0
-0
-0
-0
28.3857
39.1147
-0
-0
-0
25.5561
-0
-0
-0
-0
-0
-0
-0
-0
-0
-0
-0
-0
-0
-0
-0
-0
-0
10.9336
12.3976
-0
7.95161
-0
-0
1.1686
2.98694
-0
13.6867
-0
-0
3.11934
-0
-0
-0
3.31795
-0
2.28872
-0
-0
-0
-0
-0
20.1371
-0
35.78
-0
22.7713
6.34978
-0
-0
16.7036
-0
-0
6.9182
-0
26.1076
-0
41.3307
-0
-0
-0
-0
-0
-0
-0
-0
12.0876
-0
-0
-0
1.16482
-0
-0
-0
-0
-0
-0
28.008
-0
-0
-0
-0
-0
-0
-0
-0
-0
-0
-0
22.0982
16.0894
3.85475
-0
-0
-0
-0
-0
4.13215
-0
-0
-0
-0
-0
-0
-0
-0
-0
6.33609
-0
-0
11.5734
-0
16.3112
-0
-0
-0
-0
-0
-0
0.0791737
26.8339
-0
-0
-0
1.44139
-0
-0
-0
32.2273
-0
-0
13.8929
10.8396
-0
17.0555
-0
-0
30.0611
56.0172
15.8215
-0
-0
-0
-0
20.4997
5.99688
-0
-0
10.7135
13.6706
-0
-0
-0
0.543403
-0
-0
-0
-0
-0
-0
-0
-0
-0
15.3263
42.2974
-0
-0
-0
-0
-0
-0
-0
39.4636
-0
-0
3.51578
21.8728
-0
-0
-0
-0
2.91748
-0
-0
28.0457
9.34475
-0
-0
-0
-0
-0
-0
-0
-0
-0
-0
9.32816
-0
-0
-0
-0
-0
13.042
0.743962
-0
-0
-0
-0
-0
-0
-0
24.3097
-0
-0
-0
-0
-0
-0
-0
-0
5.74192
-0
-0
12.0634
-0
-0
-0
-0
-0
-0
-0
-0
3.40133
-0
10.7614
33.1895
-0
19.4615
-0
-0
-0
-0
-0
15.0061
-0
-0
32.4414
-0
-0
-0
-0
-0
-0
-0
-0
-0
-0
2.95162
-0
-0
-0
28.9367
17.7787
-0
-0
5.2306
-0
3.49584
-0
-0
34.2853
-0
36.3124
-0
-0
-0
-0
-0
7.4494
51.7834
-0
-0
7.50181
5.34267
-0
40.7171
-0
1.69354
-0
-0
10.2998
30.9642
2.06653
21.9712
9.02234
-0
-0
-0
8.89321
7.95642
-0
-0
-0
41.392
-0
-0
-0
-0
-0
-0
-0
-0
-0
-0
-0
-0
-0
1.97397
-0
14.1439
-0
-0
0.790254
-0
-0
0.568187
11.1378
-0
-0
-0
-0
-0
-0
2.52181
-0
-0
-0
-0
28.6296
-0
23.399
-0
-0
14.5536
-0
-0
-0
-0
-0
6.0683
-0
8.28768
-0
-0
3.3648
-0
-0
15.521
-0
-0
-0
29.677
-0
12.9034
-0
-0
10.9671
-0
-0
-0
-0
-0
-0
-0
-0
8.01369
-0
-0
-0
11.7656
-0
-0
-0
-0
-0
-0
4.29697
-0
-0
-0
21.2293
-0
-0
-0
5.89616
49.4797
-0
-0
-0
49.5586
-0
2.65512
11.3531
-0
-0
28.1547
-0
48.2172
-0
27.1045
-0
-0
40.9832
36.4998
-0
7.99053
-0
-0
26.0126
-0
5.83539
-0
4.36016
-0
-0
-0
8.40011
-0
-0
-0
12.7278
-0
-0
23.8659
-0
11.655
22.111
-0
-0
-0
-0
-0
-0
22.1466
-0
-0
32.5033
-0
-0
-0
-0
-0
-0
-0
10.8304
-0
-0
-0
-0
-0
-0
-0
-0
-0
-0
-0
38.1883
-0
24.8441
33.3436
-0
-0
16.0657
-0
-0
-0
-0
-0
-0
-0
9.15918
-0
-0
3.26019
-0
-0
5.51515
-0
44.4142
14.5348
-0
0.48048
-0
-0
-0
-0
7.89599
-0
-0
-0
22.6766
0.161337
-0
-0
-0
-0
2.0334
22.0404
-0
-0
-0
8.96417
-0
7.23804
-0
-0
-0
-0
-0
-0
-0
-0
-0
3.18865
-0
-0
30.7461
-0
-0
-0
2.64952
-0
-0
-0
-0
-0
7.89764
36.471
-0
4.58722
-0
-0
-0
13.5657
-0
-0
-0
-0
-0
-0
2.33643
28.356
-0
-0
-0
11.8407
-0
-0
-0
-0
-0
-0
-0
2.3571
-0
15.2461
-0
-0
-0
-0
3.10673
-0
-0
16.0422
18.7258
8.19813
-0
30.1316
-0
-0
32.753
-0
-0
-0
-0
-0
33.9612
-0
-0
-0
26.4553
-0
16.7203
-0
38.1387
-0
-0
-0
-0
15.5432
-0
-0
-0
19.1942
-0
-0
-0
-0
5.80388
-0
24.0705
34.8645
-0
-0
14.6544
35.7208
-0
-0
9.24955
0.000351667
-0
8.76708
-0
-0
-0
-0
-0
-0
-0
-0
11.6476
-0
21.6225
6.8127
-0
-0
-0
-0
-0
-0
-0
-0
45.902
43.1948
-0
-0
-0
-0
-0
-0
-0
22.4955
-0
-0
-0
-0
3.58202
-0
-0
-0
37.5203
0.37806
-0
1.54484
19.3524
-0
-0
-0
-0
-0
-0
10.3123
-0
-0
-0
16.1579
-0
4.40797
-0
-0
15.9828
6.89736
-0
-0
-0
-0
-0
-0
-0
13.0581
8.57215
-0
-0
16.7787
-0
-0
-0
-0
-0
-0
-0
-0
-0
-0
-0
16.9036
-0
-0
-0
11.1974
1.93977
3.86981
-0
0.3319
40.7859
-0
-0
-0
18.4483
-0
-0
19.2198
27.5923
-0
1.38524
-0
-0
27.0976
-0
-0
7.06518
-0
5.93113
-0
-0
-0
-0
15.7938
-0
12.9519
-0
-0
-0
23.0093
-0
-0
-0
-0
0.629052
-0
16.3701
15.7423
-0
-0
-0
-0
-0
-0
8.4215
12.201
-0
-0
-0
28.9075
-0
-0
-0
-0
-0
-0
-0
-0
-0
-0
-0
5.36006
-0
5.2398
-0
59.5586
-0
-0
-0
-0
-0
-0
-0
24.3431
-0
-0
-0
-0
-0
-0
-0
-0
-0
-0
-0
35.0758
38.1704
-0
-0
-0
-0
5.261
54.3582
-0
-0
-0
-0
-0
40.5492
11.584
-0
-0
7.84408
20.9862
19.8542
-0
-0
-0
22.9205
-0
28.7544
-0
-0
-0
-0
-0
-0
-0
-0
-0
-0
10.444
-0
21.9412
-0
-0
-0
39.6244
-0
-0
-0
9.2463
-0
-0
-0
-0
-0
-0
-0
-0
-0
-0
-0
-0
2.54037
-0
-0
1.08838
-0
-0
-0
-0
-0
-0
-0
-0
20.8958
3.68664
-0
-0
4.8437
-0
-0
-0
1.04649
-0
-0
-0
-0
-0
-0
-0
17.312
-0
-0
-0
-0
-0
-0
-0
-0
11.2243
23.8902
-0
8.09864
6.90655
5.66355
-0
-0
-0
-0
-0
-0
11.7683
-0
-0
10.0696
-0
24.2881
-0
-0
19.0485
-0
4.43984
23.3343
-0
-0
-0
11.9557
-0
0.677267
-0
-0
-0
-0
-0
14.5445
0.736738
18.9535
22.4711
-0
2.84307
-0
-0
-0
-0
-0
-0
-0
-0
-0
-0
-0
-0
-0
-0
46.4049
-0
-0
18.5121
-0
12.4876
-0
-0
-0
12.4033
-0
-0
-0
-0
-0
0.905457
-0
-0
-0
4.45802
-0
-0
-0
23.3327
-0
-0
-0
-0
-0
-0
23.4729
-0
-0
-0
-0
-0
41.0393
-0
-0
-0
-0
-0
-0
-0
-0
20.0635
23.228
-0
-0
-0
-0
-0
56.9891
-0
-0
-0
45.3061
-0
15.7506
-0
-0
45.9389
-0
-0
-0
-0
-0
0.190912
27.6398
-0
-0
-0
-0
37.4693
-0
-0
-0
8.40551
22.7187
-0
22.2286
-0
3.34413
-0
-0
11.2003
-0
0.99399
-0
-0
15.7561
-0
-0
-0
-0
-0
-0
-0
-0
-0
5.74776
18.7816
-0
3.52608
-0
-0
-0
-0
-0
-0
-0
2.56283
-0
-0
-0
-0
5.37912
16.9571
3.55799
5.20183
-0
-0
13.9245
-0
-0
-0
-0
-0
-0
3.82696
-0
-0
14.2973
-0
-0
12.3736
-0
-0
-0
-0
-0
-0
32.0105
-0
-0
25.2713
-0
18.4324
42.4915
5.58759
-0
-0
-0
10.1986
14.0014
13.5094
15.6258
30.7677
1.39434
-0
-0
-0
-0
-0
-0
16.86
-0
-0
-0
-0
-0
-0
-0
-0
-0
-0
16.0033
18.9222
-0
22.6399
-0
-0
-0
-0
-0
-0
-0
29.7101
-0
-0
13.0503
-0
-0
1.77765
-0
16.1458
-0
26.2722
26.5351
-0
-0
7.92094
40.1932
-0
27.0448
-0
-0
-0
-0
-0
-0
-0
-0
-0
-0
-0
55.1287
-0
-0
-0
-0
22.3807
2.55775
-0
4.85771
-0
27.8654
-0
-0
-0
-0
-0
-0
30.3937
-0
-0
-0
-0
-0
-0
-0
-0
25.0129
-0
0.958522
-0
-0
-0
-0
-0
-0
-0
30.991
-0
-0
-0
1.48337
-0
64.066
3.63135
-0
-0
9.45538
13.5227
-0
-0
36.6917
-0
29.7365
-0
-0
-0
-0
4.19641
-0
-0
3.28173
-0
-0
-0
-0
23.7926
11.7992
18.5922
30.5391
-0
24.0234
-0
-0
-0
8.35771
3.20688
-0
-0
-0
1.86758
-0
-0
53.825
-0
-0
-0
-0
-0
-0
5.66854
14.4854
1.68464
-0
-0
-0
-0
-0
-0
8.46085
-0
-0
-0
-0
-0
8.13021
-0
-0
7.8166
-0
-0
-0
-0
-0
-0
-0
-0
-0
-0
62.3288
-0
-0
-0
25.7058
-0
-0
-0
-0
-0
-0
42.0369
-0
31.9662
10.791
-0
-0
0.994772
26.4615
13.0903
-0
27.1844
-0
-0
-0
-0
-0
11.9471
-0
-0
-0
-0
-0
46.6686
4.94387
-0
-0
-0
-0
-0
-0
-0
4.963
-0
-0
-0
-0
16.0524
-0
1.88889
-0
-0
5.30231
-0
-0
-0
5.7295
-0
-0
-0
-0
-0
5.49061
22.6937
-0
4.3894
27.4717
29.2847
-0
-0
-0
31.6244
-0
-0
-0
-0
21.7968
-0
-0
-0
-0
32.2874
-0
-0
-0
-0
-0
-0
12.9173
44.668
-0
46.0131
4.73018
-0
-0
-0
-0
-0
-0
-0
-0
-0
-0
-0
-0
5.29229
-0
-0
26.8067
-0
2.46352
-0
-0
-0
-0
-0
-0
-0
-0
-0
20.7405
-0
16.8459
0.723606
-0
-0
22.799
-0
-0
-0
-0
28.5553
-0
-0
52.9458
-0
-0
32.0382
39.8421
16.0772
-0
4.62658
-0
-0
-0
-0
-0
20.534
12.2055
-0
-0
7.3342
-0
-0
-0
-0
28.4411
-0
-0
40.2875
-0
-0
28.4279
10.3793
-0
-0
-0
-0
-0
10.372
-0
63.9262
-0
-0
-0
-0
13.2999
33.0844
30.9715
-0
-0
-0
-0
-0
-0
61.3468
-0
-0
-0
-0
1.42232
-0
-0
-0
-0
0.742069
-0
-0
-0
1.72443
-0
-0
34.7503
-0
-0
-0
-0
-0
-0
-0
-0
-0
-0
-0
-0
-0
13.0205
-0
41.3944
-0
-0
-0
-0
20.7473
13.4695
-0
-0
-0
27.0109
-0
-0
-0
-0
-0
-0
15.5558
-0
-0
3.6798
-0
15.7058
-0
-0
45.3485
-0
-0
16.9928
18.6927
-0
17.0654
4.73428
-0
-0
-0
-0
-0
-0
1.9336
-0
-0
21.8284
-0
-0
-0
-0
12.8094
-0
-0
-0
-0
-0
2.88102
-0
-0
-0
-0
-0
-0
0.407715
-0
-0
39.197
-0
23.5275
-0
-0
11.6934
-0
1.56193
-0
-0
22.793
-0
5.80902
37.7086
-0
-0
22.9253
-0
21.8563
-0
-0
-0
3.42634
2.96888
56.568
6.14651
-0
-0
13.202
-0
-0
-0
21.6774
18.7183
-0
-0
-0
31.1612
21.4986
0.314641
-0
-0
-0
2.21809
-0
-0
-0
17.5427
3.3715
-0
-0
37.7249
-0
-0
12.9681
50.2909
-0
-0
-0
-0
-0
15.4067
-0
-0
-0
-0
-0
35.5339
-0
-0
-0
-0
-0
-0
6.56419
11.7578
-0
53.087
2.45122
31.4727
16.19
23.1374
-0
-0
-0
7.8244
-0
-0
-0
42.7982
-0
-0
26.8372
-0
-0
-0
-0
-0
-0
-0
-0
-0
1.54452
-0
-0
-0
-0
27.7618
-0
-0
-0
-0
-0
-0
30.2344
1.7416
-0
-0
-0
-0
-0
-0
-0
-0
-0
-0
-0
-0
-0
4.62197
-0
-0
-0
-0
-0
62.6635
-0
-0
-0
7.39554
-0
-0
5.7143
6.57854
0.119356
-0
35.8212
-0
-0
-0
33.0855
-0
13.9593
21.5733
-0
-0
-0
-0
-0
-0
-0
-0
-0
-0
-0
-0
30.5759
22.6285
-0
-0
6.64504
-0
-0
-0
-0
-0
-0
-0
9.98915
27.2653
-0
-0
-0
19.1248
-0
-0
40.7976
17.7304
36.9728
10.5468
-0
-0
5.0513
28.4517
15.3311
-0
13.4162
4.59665
-0
-0
10.9484
-0
-0
-0
-0
-0
-0
-0
-0
2.78348
-0
-0
-0
-0
-0
-0
-0
-0
11.0247
22.3888
-0
-0
2.79354
-0
10.8071
34.1663
-0
-0
-0
19.6191
-0
-0
9.6509
-0
-0
-0
-0
-0
-0
-0
-0
28.5661
53.7188
-0
-0
-0
-0
-0
-0
0.711423
-0
17.9299
-0
-0
27.2125
-0
-0
-0
-0
18.4824
-0
-0
-0
-0
15.6851
42.0034
1.12241
-0
