0.293658
-0
-0
-0
-0
6.24333
-0
-0
12.3969
-0
-0
-0
-0
-0
-0
19.7873
-0
-0
-0
-0
-0
4.46323
-0
-0
23.5817
8.45596
0.892653
-0
-0
-0
-0
-0
-0
-0
6.44409
-0
-0
-0
35.8231
-0
2.4837
-0
-0
26.3143
-0
-0
-0
-0
-0
-0
-0
-0
-0
6.44214
-0
-0
-0
0.189788
-0
28.1427
-0
-0
2.70194
-0
-0
-0
-0
-0
-0
0.769269
-0
1.77509
-0
-0
-0
-0
58.7248
-0
-0
35.9271
-0
43.3282
66.1423
-0
24.2674
-0
-0
-0
-0
-0
14.5694
-0
-0
-0
-0
-0
13.7765
-0
4.05147
-0
-0
-0
-0
24.8855
-0
-0
12.9438
-0
-0
-0
1.75375
10.6942
-0
-0
-0
-0
-0
-0
46.0639
30.1042
-0
-0
-0
-0
-0
-0
-0
19.5423
-0
-0
39.4532
-0
28.281
-0
-0
-0
24.686
75.5511
-0
21.3684
-0
-0
27.9516
-0
-0
-0
-0
-0
-0
-0
3.88974
-0
-0
-0
-0
-0
-0
26.8029
-0
1.94205
10.4952
0.348835
-0
-0
40.5149
-0
6.64108
36.7164
-0
56.3894
-0
10.1195
-0
-0
-0
-0
29.5359
-0
-0
-0
-0
-0
-0
-0
-0
-0
-0
-0
-0
-0
48.5961
9.50659
10.0401
7.05892
-0
-0
-0
8.22956
1.13024
-0
-0
15.7594
50.9591
-0
-0
-0
42.9826
11.4255
-0
-0
-0
-0
53.9161
-0
-0
17.7437
15.541
-0
-0
-0
-0
-0
-0
-0
-0
13.3185
-0
3.55269
-0
-0
-0
-0
-0
-0
-0
-0
-0
-0
-0
-0
16.1995
-0
-0
-0
-0
-0
-0
-0
-0
-0
-0
13.7903
-0
-0
10.8912
-0
-0
20.8364
-0
-0
-0
1.97956
25.4569
4.427
13.1634
-0
-0
30.8812
-0
-0
-0
15.4827
-0
48.8559
-0
-0
-0
-0
-0
-0
6.10241
3.78667
-0
39.2492
-0
-0
1.49978
-0
-0
-0
-0
14.4398
63.494
-0
23.9193
-0
56.0736
-0
-0
79.0519
-0
1.16769
-0
44.5771
-0
30.6271
-0
-0
45.9237
-0
33.4798
-0
-0
-0
-0
0.878304
-0
-0
-0
0.868622
-0
-0
-0
44.4633
-0
-0
-0
-0
-0
24.2452
-0
-0
-0
-0
-0
-0
-0
0.0273755
11.0489
19.3994
34.3758
-0
-0
-0
28.1594
-0
-0
-0
-0
-0
-0
-0
-0
-0
10.766
-0
-0
-0
1.75079
-0
10.366
-0
-0
28.7202
19.4899
2.53516
-0
-0
-0
-0
-0
13.2418
0.006171
-0
-0
-0
-0
-0
11.0218
-0
-0
-0
8.59668
-0
12.351
-0
-0
-0
-0
-0
-0
-0
-0
-0
-0
-0
-0
15.4012
-0
19.5901
4.96627
0.335063
-0
-0
-0
-0
-0
27.2578
-0
-0
-0
14.2187
-0
-0
6.60491
-0
-0
-0
-0
-0
52.6715
-0
-0
-0
-0
-0
-0
12.2073
27.6295
-0
-0
5.11538
-0
-0
-0
-0
-0
-0
-0
-0
-0
2.06846
-0
-0
-0
12.8306
-0
-0
-0
-0
9.90206
30.6128
-0
-0
-0
17.6505
-0
-0
-0
-0
-0
-0
-0
-0
-0
-0
-0
-0
4.31587
-0
-0
-0
-0
-0
3.77887
0.288289
2.65977
-0
-0
-0
-0
-0
-0
8.46285
-0
-0
-0
-0
-0
12.9383
18.7708
-0
-0
7.93093
-0
12.7334
1.65191
-0
-0
46.1199
-0
-0
28.5715
23.7476
-0
-0
-0
-0
-0
-0
-0
-0
2.13915
6.06501
-0
-0
-0
9.22279
11.0033
-0
-0
-0
-0
-0
-0
-0
-0
-0
-0
-0
-0
5.79913
-0
-0
-0
-0
14.3066
5.19596
-0
-0
-0
-0
-0
-0
-0
13.4248
-0
-0
0.568577
41.367
-0
-0
-0
-0
25.7365
27.9375
-0
-0
-0
-0
0.0118881
-0
21.7398
-0
-0
-0
-0
-0
-0
1.16232
-0
-0
-0
-0
-0
-0
-0
-0
-0
-0
-0
-0
-0
25.4572
-0
12.3784
-0
-0
-0
23.8885
-0
-0
-0
-0
-0
-0
-0
37.9177
84.0804
-0
14.329
-0
-0
-0
-0
-0
-0
71.6405
0.495315
-0
-0
-0
25.161
-0
-0
-0
10.3631
-0
-0
-0
-0
-0
-0
-0
-0
-0
-0
-0
-0
-0
-0
27.7653
-0
-0
-0
-0
-0
-0
7.82351
-0
-0
-0
-0
-0
-0
-0
-0
-0
8.27078
5.36954
-0
-0
-0
-0
37.2665
-0
-0
-0
-0
-0
-0
4.73315
-0
54.9716
-0
14.0483
-0
-0
-0
-0
5.18917
-0
-0
1.60881
40.9507
18.5241
-0
-0
1.402
19.5001
-0
-0
-0
-0
-0
50.7157
-0
-0
-0
-0
-0
-0
10.7947
-0
-0
-0
-0
-0
-0
-0
22.7116
-0
-0
7.57282
-0
-0
-0
-0
7.98478
-0
-0
-0
-0
-0
-0
-0
4.67877
-0
-0
-0
-0
-0
-0
-0
-0
-0
-0
-0
-0
-0
33.8975
2.2458
-0
17.4067
0.932067
-0
-0
1.10811
-0
-0
-0
-0
6.82972
-0
-0
12.975
-0
-0
-0
-0
-0
-0
-0
-0
-0
-0
-0
-0
40.7061
-0
0.483967
-0
-0
18.4578
-0
24.3211
9.40092
-0
-0
43.0795
-0
-0
-0
-0
-0
-0
-0
-0
-0
33.4271
-0
-0
-0
-0
-0
-0
-0
28.1638
-0
-0
-0
-0
31.532
-0
43.711
0.263997
26.5499
-0
-0
-0
5.56065
-0
-0
-0
14.1861
-0
-0
20.5169
13.6062
-0
-0
-0
-0
-0
-0
41.699
-0
-0
-0
20.4852
-0
-0
2.74326
-0
-0
-0
-0
3.88024
-0
-0
2.75981
10.4635
-0
-0
-0
-0
2.22737
58.7765
-0
28.2107
-0
-0
-0
-0
1.60127
36.5649
-0
-0
-0
27.8322
-0
-0
-0
-0
-0
16.9908
45.3801
-0
-0
7.63909
-0
4.50726
-0
-0
-0
-0
4.79365
-0
-0
0.22089
-0
-0
-0
3.44524
-0
4.25388
43.3337
-0
-0
-0
-0
-0
-0
-0
-0
37.2258
-0
-0
33.0631
22.4449
-0
-0
31.3426
3.87221
-0
-0
15.1427
-0
-0
35.4015
11.0865
-0
-0
-0
-0
-0
9.67334
-0
-0
-0
-0
31.0114
-0
-0
-0
-0
-0
-0
-0
23.5742
33.2607
-0
-0
4.46592
11.7975
-0
3.46321
12.3698
-0
-0
-0
-0
36.7308
28.5878
-0
-0
-0
21.3925
1.97575
67.325
27.7046
-0
-0
10.7032
0.627158
-0
-0
-0
-0
-0
-0
-0
-0
-0
-0
21.5917
31.7446
0.220295
-0
-0
-0
-0
4.29226
-0
-0
4.15521
-0
-0
-0
19.4951
-0
-0
-0
-0
-0
-0
5.62804
-0
-0
-0
-0
-0
-0
-0
-0
-0
-0
-0
-0
-0
-0
32.0698
-0
-0
-0
25.8264
4.96462
-0
-0
47.0344
-0
-0
-0
34.5908
-0
-0
-0
-0
-0
-0
59.4222
-0
-0
-0
-0
-0
-0
-0
-0
-0
-0
-0
-0
-0
37.7782
-0
-0
-0
-0
8.58532
-0
6.26774
-0
-0
-0
-0
-0
-0
-0
18.0843
38.6471
-0
-0
-0
-0
-0
8.44837
-0
-0
-0
-0
-0
7.05612
33.3349
-0
-0
-0
-0
-0
-0
-0
-0
13.6542
20.6865
-0
43.0552
-0
-0
-0
22.4633
-0
-0
-0
-0
-0
-0
-0
-0
37.5838
-0
-0
17.3333
-0
-0
-0
-0
-0
-0
31.9139
-0
-0
-0
-0
2.96884
57.1324
-0
-0
-0
-0
6.65297
-0
-0
-0
2.67809
-0
-0
12.8465
-0
-0
-0
1.61406
-0
-0
11.0666
-0
-0
-0
-0
16.0494
-0
-0
-0
-0
-0
-0
-0
-0
-0
-0
4.54923
-0
-0
11.3354
5.16305
-0
-0
-0
-0
-0
3.98244
0.935694
-0
10.3743
-0
-0
-0
-0
-0
-0
35.4903
-0
-0
-0
-0
-0
-0
-0
-0
-0
-0
-0
17.2265
-0
-0
-0
41.3227
-0
-0
-0
-0
-0
31.2046
10.5482
-0
-0
7.40334
21.9532
47.9176
25.4301
-0
-0
23.4102
38.2999
-0
15.3241
-0
-0
-0
40.3094
-0
-0
-0
-0
-0
-0
-0
-0
13.4879
-0
10.4705
-0
-0
-0
11.3436
-0
26.3616
-0
-0
27.1221
-0
-0
-0
-0
54.94
-0
4.78425
-0
-0
-0
-0
-0
-0
-0
-0
-0
24.7422
-0
11.1039
7.33609
-0
-0
42.4483
27.9924
-0
-0
-0
-0
-0
-0
-0
13.6417
-0
-0
-0
-0
-0
-0
16.9024
-0
-0
-0
-0
-0
6.82232
-0
-0
-0
-0
-0
-0
1.567
-0
-0
-0
-0
-0
-0
-0
-0
64.9333
-0
-0
-0
12.0693
-0
-0
-0
-0
-0
-0
-0
11.9472
7.20596
-0
-0
-0
-0
-0
10.5294
-0
-0
-0
-0
30.6044
-0
-0
19.8724
1.78408
54.1923
-0
-0
-0
-0
-0
-0
-0
11.6229
-0
-0
6.82902
-0
-0
-0
-0
26.1637
22.4594
-0
-0
-0
-0
-0
-0
7.10591
-0
1.42138
-0
-0
5.76048
-0
9.3856
37.9117
-0
-0
-0
-0
-0
-0
-0
-0
-0
-0
-0
-0
-0
-0
-0
13.7666
8.54053
-0
3.28458
8.16156
16.6714
-0
-0
-0
-0
6.59544
-0
-0
-0
-0
5.83745
14.479
-0
-0
-0
-0
-0
-0
-0
-0
-0
-0
-0
-0
50.0671
-0
-0
-0
-0
-0
-0
-0
-0
4.85676
-0
-0
-0
-0
-0
-0
-0
-0
-0
46.8701
1.47195
-0
7.78815
27.9038
3.49537
-0
29.4353
-0
-0
-0
-0
37.0051
-0
38.9459
-0
-0
-0
7.60685
-0
-0
-0
-0
-0
-0
-0
-0
-0
-0
-0
-0
-0
-0
-0
16.9598
-0
-0
-0
-0
-0
8.14424
12.6644
-0
0.223012
17.1651
-0
21.9643
16.8669
-0
17.4935
-0
-0
-0
-0
14.3474
-0
-0
-0
-0
-0
-0
-0
-0
-0
-0
-0
-0
6.82427
-0
-0
-0
-0
-0
-0
-0
-0
0.0656044
-0
-0
-0
-0
61.9655
-0
-0
-0
9.56458
-0
-0
-0
-0
-0
-0
-0
-0
-0
13.5244
-0
-0
-0
-0
20.1743
-0
-0
-0
37.3385
-0
-0
-0
-0
-0
-0
-0
21.3786
-0
-0
-0
-0
-0
30.8822
-0
20.4249
-0
-0
18.5045
12.7148
-0
-0
-0
-0
-0
-0
-0
-0
-0
-0
-0
6.84787
-0
-0
-0
52.5105
-0
-0
-0
-0
-0
-0
-0
-0
7.97586
-0
-0
-0
-0
-0
-0
-0
-0
-0
-0
-0
-0
-0
13.8391
13.6103
-0
-0
-0
-0
-0
-0
-0
-0
-0
-0
-0
-0
-0
-0
-0
25.2244
-0
-0
-0
-0
-0
-0
-0
-0
-0
-0
-0
-0
0.958331
12.9933
-0
-0
-0
-0
-0
-0
-0
32.2501
-0
-0
-0
-0
-0
-0
-0
-0
-0
-0
-0
-0
-0
-0
-0
-0
-0
13.8834
-0
-0
-0
-0
30.8508
-0
1.16188
47.0409
-0
-0
-0
-0
-0
-0
-0
-0
-0
-0
-0
-0
16.4973
5.69806
-0
-0
44.8944
-0
15.2543
-0
-0
11.7763
23.44
-0
-0
-0
2.97879
53.3383
10.9218
-0
4.86518
-0
-0
-0
20.2239
-0
18.4445
3.66417
6.59735
-0
-0
39.5793
-0
-0
10.0254
-0
-0
-0
-0
23.0575
-0
-0
-0
19.7976
-0
29.9832
28.9037
-0
-0
-0
-0
-0
-0
-0
-0
19.7102
17.1535
-0
-0
2.68481
-0
-0
-0
16.3605
35.5175
-0
-0
-0
-0
-0
21.9185
-0
-0
-0
1.66696
22.0374
-0
-0
-0
-0
-0
-0
5.61952
31.9829
-0
-0
-0
-0
-0
-0
-0
-0
12.0901
-0
-0
-0
-0
-0
-0
-0
-0
-0
-0
-0
22.1807
-0
-0
-0
20.5862
-0
-0
-0
-0
-0
-0
-0
17.371
-0
-0
-0
-0
-0
-0
-0
-0
29.1404
-0
38.8772
-0
-0
-0
-0
-0
18.109
-0
-0
-0
-0
-0
20.1576
-0
13.5489
-0
-0
3.85798
-0
-0
-0
-0
33.5028
-0
-0
-0
-0
-0
-0
-0
-0
-0
-0
-0
22.5197
-0
-0
9.82831
-0
-0
-0
-0
-0
-0
-0
-0
27.3341
-0
4.57585
-0
-0
-0
3.76952
-0
-0
-0
-0
-0
-0
-0
-0
-0
-0
-0
-0
-0
38.1722
7.7415
-0
-0
-0
-0
-0
-0
-0
-0
-0
-0
-0
-0
38.0345
-0
-0
-0
-0
-0
0.052516
-0
-0
-0
-0
-0
-0
-0
-0
-0
-0
2.38498
-0
-0
-0
-0
-0
-0
-0
-0
-0
0.096136
-0
-0
-0
0.52656
3.36563
15.244
8.07751
-0
-0
-0
13.7854
-0
-0
-0
-0
-0
-0
-0
48.8295
-0
-0
-0
-0
-0
-0
-0
-0
2.80308
22.7858
-0
-0
-0
-0
-0
-0
-0
-0
-0
50.3822
13.137
-0
-0
-0
46.3405
-0
-0
27.7275
-0
-0
18.017
-0
-0
-0
80.0527
3.96441
5.92745
4.30396
12.4872
4.30787
46.8224
14.0994
-0
-0
21.0867
-0
3.35958
-0
-0
-0
-0
13.1862
-0
-0
-0
8.95861
-0
14.1399
-0
-0
-0
30.7259
-0
-0
-0
38.2338
-0
-0
-0
-0
-0
-0
38.9934
-0
-0
-0
-0
0.1877
-0
6.52923
28.0172
33.7264
-0
19.788
-0
-0
-0
-0
-0
-0
-0
-0
-0
37.6471
-0
-0
-0
17.6501
-0
-0
-0
-0
-0
-0
2.1652
-0
40.6821
-0
-0
-0
46.1832
-0
-0
-0
11.7659
-0
1.88416
-0
62.3362
-0
8.15146
-0
-0
0.501266
7.62142
5.00692
-0
3.97739
-0
-0
49.7451
-0
10.1468
-0
-0
-0
-0
42.0035
-0
-0
-0
-0
3.91718
-0
-0
2.09979
-0
-0
-0
-0
-0
9.89585
2.69342
37.8815
-0
-0
-0
-0
-0
-0
-0
-0
-0
-0
34.4604
-0
-0
54.5568
-0
8.35837
-0
-0
-0
-0
-0
-0
-0
-0
-0
-0
0.109976
-0
15.8155
27.1305
-0
-0
-0
-0
-0
-0
-0
-0
-0
-0
-0
-0
-0
-0
-0
-0
54.2735
-0
-0
-0
17.3375
-0
-0
-0
-0
-0
-0
-0
-0
7.6477
-0
-0
-0
-0
-0
-0
-0
-0
4.5299
-0
-0
16.0682
-0
20.743
-0
40.7986
9.92666
-0
3.14962
47.313
-0
-0
-0
-0
3.13903
-0
30.8918
-0
30.8721
17.4824
6.43515
-0
-0
-0
11.1379
-0
-0
-0
-0
-0
51.7136
12.9167
-0
-0
6.70556
-0
-0
-0
-0
-0
-0
54.8694
-0
-0
-0
-0
-0
-0
-0
-0
-0
-0
-0
-0
-0
-0
-0
-0
-0
-0
-0
-0
-0
-0
-0
-0
21.2044
-0
23.2929
51.8265
-0
-0
-0
-0
-0
-0
-0
0.246883
-0
43.9545
5.85244
13.2434
26.9277
13.2212
-0
-0
-0
-0
-0
46.5834
0.192349
-0
-0
-0
21.3869
-0
-0
-0
-0
-0
-0
-0
-0
-0
-0
-0
-0
-0
-0
50.2787
-0
-0
-0
-0
4.83448
-0
-0
-0
-0
-0
-0
-0
-0
-0
-0
21.8403
-0
-0
-0
-0
-0
-0
-0
-0
-0
-0
-0
2.48692
-0
29.5302
-0
-0
-0
-0
-0
-0
-0
28.8714
33.1022
-0
-0
-0
40.4102
-0
-0
-0
-0
-0
-0
-0
-0
-0
-0
-0
-0
-0
-0
-0
-0
-0
-0
-0
-0
14.2347
-0
-0
-0
1.50352
-0
24.6489
-0
-0
-0
-0
-0
-0
8.30879
-0
-0
-0
-0
-0
-0
-0
-0
-0
20.5805
-0
6.38632
4.14152
-0
6.16171
19.3359
-0
-0
-0
-0
23.1138
-0
6.14035
-0
-0
-0
-0
-0
-0
21.6749
-0
23.7584
-0
1.0591
-0
18.5598
-0
-0
-0
-0
-0
-0
5.2155
-0
-0
-0
-0
-0
21.0304
-0
-0
-0
-0
-0
45.0406
25.3253
20.4136
-0
-0
-0
-0
-0
-0
-0
-0
-0
-0
-0
-0
-0
-0
-0
11.5548
-0
-0
3.51386
-0
4.77506
-0
-0
-0
-0
-0
-0
3.13992
38.6452
-0
-0
-0
1.67798
-0
-0
-0
22.444
-0
-0
-0
-0
-0
-0
2.06556
-0
19.0919
52.4409
-0
-0
-0
-0
-0
11.1298
2.12317
-0
-0
10.2854
-0
-0
-0
-0
-0
-0
-0
-0
-0
-0
-0
-0
-0
-0
18.1828
-0
-0
-0
2.48213
-0
-0
-0
-0
20.8108
19.9406
-0
-0
-0
-0
-0
-0
-0
-0
-0
-0
41.8537
19.9226
-0
-0
-0
-0
-0
-0
-0
-0
-0
-0
-0
4.12921
-0
-0
-0
-0
28.8731
-0
-0
10.4103
-0
-0
-0
-0
-0
21.2898
15.4852
-0
-0
-0
-0
-0
-0
-0
4.95743
-0
-0
24.7927
-0
-0
-0
-0
-0
-0
-0
-0
19.3118
-0
1.07901
44.8905
-0
59.4667
-0
-0
-0
-0
-0
20.1254
-0
22.6546
55.1313
-0
-0
-0
-0
-0
-0
-0
-0
-0
1.29199
3.34654
-0
-0
-0
56.4261
35.7432
-0
-0
-0
-0
8.04728
-0
-0
26.6903
-0
13.2779
-0
-0
13.1841
-0
-0
13.5035
45.149
-0
6.08241
9.95732
-0
-0
32.5299
-0
-0
-0
-0
54.1716
22.3384
-0
21.8457
15.6354
-0
-0
-0
-0
15.0647
-0
5.99764
4.204
38.4024
-0
-0
-0
-0
-0
-0
-0
-0
-0
-0
-0
-0
27.405
24.2292
-0
2.74621
-0
-0
-0
-0
-0
-0
-0
-0
-0
17.7126
-0
-0
-0
-0
-0
-0
-0
-0
14.2519
-0
42.3868
-0
-0
12.4407
-0
-0
-0
7.87781
-0
7.15607
-0
-0
-0
-0
2.19613
7.54389
-0
23.1237
-0
-0
-0
47.5915
-0
10.0171
-0
-0
-0
-0
-0
-0
-0
-0
-0
-0
-0
1.45811
-0
-0
-0
39.7459
-0
-0
-0
-0
-0
-0
-0
-0
19.0201
-0
17.966
-0
-0
-0
14.6622
30.5001
-0
-0
-0
47.8886
-0
-0
-0
-0
-0
46.2793
-0
56.5002
-0
24.7246
-0
-0
11.4665
60.1047
-0
-0
-0
-0
4.59908
-0
4.27874
-0
-0
-0
-0
-0
6.819
-0
-0
-0
1.14157
-0
-0
5.82831
-0
28.9076
-0
-0
-0
-0
-0
-0
-0
20.0503
-0
-0
18.3949
-0
-0
-0
-0
2.26963
-0
-0
-0
-0
-0
-0
-0
-0
-0
-0
-0
-0
-0
-0
9.33154
-0
-0
13.6034
-0
-0
10.7795
-0
-0
-0
-0
-0
-0
-0
-0
-0
-0
1.34883
-0
-0
-0
-0
45.8897
-0
-0
0.509075
-0
-0
-0
-0
-0
-0
-0
-0
52.3787
-0
-0
33.5878
-0
6.82918
-0
45.4586
-0
-0
-0
7.83401
-0
-0
-0
-0
-0
-0
-0
-0
-0
-0
-0
3.70493
-0
-0
30.0235
-0
-0
-0
-0
-0
23.3561
-0
-0
-0
3.00011
-0
-0
4.69762
-0
-0
-0
20.6699
5.69047
-0
-0
-0
-0
-0
5.83036
64.6429
-0
-0
-0
9.36594
-0
-0
-0
-0
-0
-0
-0
-0
-0
-0
-0
-0
-0
-0
-0
-0
-0
-0
14.5489
-0
-0
42.3954
-0
-0
-0
-0
-0
-0
-0
-0
11.0001
-0
-0
-0
38.7452
-0
24.7494
9.55293
27.1121
-0
-0
-0
-0
51.5196
-0
-0
-0
-0
-0
-0
-0
-0
6.55981
-0
0.123114
50.7479
-0
-0
11.332
42.1268
-0
-0
26.0471
5.5189
-0
58.4885
-0
-0
-0
-0
-0
-0
-0
-0
24.5207
-0
17.4269
12.1444
-0
-0
-0
-0
-0
-0
10.0847
-0
17.0666
40.5497
-0
-0
-0
-0
1.8415
-0
-0
-0
-0
-0
-0
-0
16.581
-0
-0
-0
14.4701
9.15497
-0
-0
-0
-0
-0
-0
-0
-0
-0
-0
-0
-0
-0
30.2695
-0
-0
15.7533
-0
18.7136
21.9877
-0
-0
-0
-0
-0
-0
-0
50.2909
47.9245
-0
-0
-0
-0
-0
-0
-0
-0
-0
-0
-0
16.6874
-0
-0
6.80563
-0
-0
-0
8.47038
-0
-0
-0
19.3224
36.0779
-0
-0
-0
5.08864
-0
-0
15.849
-0
-0
20.8269
-0
-0
39.3226
-0
-0
14.6841
-0
3.9365
-0
12.4733
-0
-0
-0
-0
25.6088
-0
-0
-0
64.6264
12.7075
-0
-0
-0
0.948602
-0
-0
-0
-0
-0
-0
-0
-0
-0
19.0199
3.86644
-0
-0
-0
45.8164
-0
-0
1.11315
-0
-0
-0
-0
-0
-0
5.13877
-0
1.35999
-0
-0
-0
84.9495
-0
-0
-0
-0
-0
-0
-0
-0
-0
-0
-0
-0
-0
-0
-0
-0
9.87181
-0
-0
41.1811
30.2938
6.26864
-0
-0
-0
-0
34.2114
-0
-0
-0
-0
-0
28.855
34.1713
-0
-0
1.97854
-0
21.2896
-0
-0
-0
33.3046
-0
6.49398
-0
-0
-0
-0
-0
-0
-0
-0
-0
-0
8.82178
-0
21.8194
-0
30.0766
-0
41.3937
-0
-0
-0
7.07713
21.4358
-0
-0
-0
-0
-0
-0
-0
2.73599
-0
-0
-0
2.54508
-0
-0
9.48217
-0
-0
-0
0.0862254
-0
-0
-0
-0
47.0124
-0
17.5204
-0
-0
-0
-0
-0
-0
-0
-0
-0
-0
-0
-0
-0
0.64143
-0
-0
-0
-0
-0
-0
-0
-0
46.8263
-0
-0
7.54738
37.8364
-0
-0
-0
-0
-0
-0
-0
-0
-0
5.258
11.4315
-0
23.7985
-0
-0
-0
-0
4.87586
16.5746
-0
-0
-0
33.0712
-0
-0
-0
-0
-0
-0
-0
9.99504
0.560883
-0
3.63273
-0
-0
-0
9.14669
-0
-0
-0
-0
-0
-0
-0
20.7509
-0
-0
-0
-0
26.7171
-0
4.15268
29.5444
-0
8.2573
-0
-0
-0
15.1984
15.7148
-0
-0
-0
-0
0.467881
-0
-0
-0
2.88785
-0
-0
-0
-0
-0
-0
-0
-0
-0
-0
2.97957
-0
-0
-0
-0
-0
32.8135
-0
-0
-0
-0
-0
-0
-0
-0
-0
39.012
-0
-0
31.461
-0
-0
48.6803
-0
13.2742
-0
28.8441
-0
-0
-0
-0
32.2924
-0
-0
-0
-0
-0
-0
38.7148
-0
-0
-0
-0
34.7872
-0
16.2625
-0
6.62892
4.36958
4.93911
48.2243
1.61834
-0
-0
-0
10.4566
-0
-0
9.53066
-0
16.2419
-0
19.8654
-0
-0
-0
-0
-0
-0
-0
-0
-0
-0
-0
-0
-0
-0
-0
39.3829
-0
-0
-0
-0
-0
-0
-0
5.48959
19.3827
5.79468
4.67514
-0
-0
-0
-0
5.29901
-0
-0
-0
-0
-0
-0
-0
0.566701
-0
-0
2.01343
-0
-0
-0
-0
-0
-0
8.49024
-0
-0
16.3149
-0
13.8793
-0
-0
-0
-0
-0
34.4149
0.00243747
5.24027
-0
-0
14.9472
43.6974
-0
-0
-0
-0
3.95816
-0
-0
-0
-0
-0
-0
-0
-0
-0
-0
-0
70.7615
31.6521
-0
31.1223
-0
-0
-0
-0
-0
-0
-0
12.8364
-0
-0
9.14148
-0
-0
-0
-0
-0
5.77322
3.04456
-0
-0
-0
-0
32.6708
-0
58.8562
-0
-0
-0
-0
-0
-0
-0
6.47641
-0
-0
-0
86.4586
-0
-0
-0
-0
43.0404
-0
-0
5.55663
-0
33.5454
-0
15.5379
-0
-0
-0
-0
11.506
-0
-0
-0
-0
-0
-0
-0
3.71682
51.3428
-0
-0
-0
-0
-0
-0
-0
-0
-0
6.04311
-0
-0
-0
27.3
-0
53.605
3.13674
-0
-0
7.18577
4.85878
-0
-0
17.6708
-0
20.4533
-0
-0
-0
-0
-0
-0
-0
-0
-0
-0
-0
11.9998
24.6575
3.93148
12.6689
25.5391
-0
15.3688
-0
14.1991
-0
16.7375
5.22227
-0
-0
-0
-0
-0
-0
42.5275
-0
-0
0.255608
-0
-0
-0
29.7688
-0
-0
-0
-0
-0
-0
-0
-0
-0
-0
-0
-0
-0
-0
8.62363
-0
-0
13.4851
-0
-0
-0
-0
-0
-0
-0
-0
-0
-0
15.6411
-0
-0
-0
28.8116
-0
-0
-0
-0
-0
-0
2.60654
3.09866
25.3856
9.33805
-0
-0
-0
27.4412
-0
-0
16.848
-0
-0
8.5135
-0
-0
8.70474
-0
-0
-0
1.28368
-0
-0
22.7591
-0
-0
-0
-0
-0
7.15888
-0
-0
-0
-0
-0
-0
19.3978
-0
4.72181
-0
-0
5.61228
-0
-0
-0
1.27489
-0
-0
-0
-0
-0
-0
43.1462
-0
19.2866
51.8351
15.2326
-0
-0
-0
-0
-0
-0
-0
-0
13.7031
-0
-0
-0
-0
27.9341
-0
-0
-0
-0
-0
-0
-0
28.5661
-0
33.034
-0
-0
-0
-0
-0
17.46
-0
-0
-0
-0
24.4976
-0
-0
13.2955
-0
5.2356
-0
-0
-0
-0
-0
-0
-0
-0
-0
1.03459
-0
-0
-0
-0
10.7355
-0
8.28247
-0
-0
-0
-0
-0
-0
18.3718
-0
5.03036
49.4101
-0
-0
3.07998
33.2576
-0
-0
-0
-0
-0
-0
-0
-0
16.684
-0
-0
-0
-0
-0
-0
-0
-0
27.9422
-0
-0
47.2307
-0
-0
32.5406
-0
-0
-0
-0
-0
-0
-0
-0
26.7378
-0
-0
-0
-0
32.7441
60.448
6.37728
-0
-0
-0
-0
-0
-0
6.84063
-0
-0
-0
-0
4.22849
-0
-0
-0
-0
7.92706
-0
-0
-0
9.89991
-0
-0
46.9657
15.8762
-0
-0
-0
-0
-0
-0
-0
-0
-0
-0
-0
-0
-0
-0
46.3606
-0
-0
-0
-0
-0
32.6663
-0
-0
-0
13.626
-0
-0
-0
-0
-0
-0
6.25399
-0
-0
26.7736
-0
12.3599
-0
-0
87.1557
-0
-0
18.3584
26.9491
-0
25.1233
27.2274
-0
-0
-0
14.9694
-0
-0
20.7462
-0
-0
17.1623
-0
-0
-0
-0
10.1666
-0
-0
-0
-0
-0
-0
-0
-0
-0
-0
-0
-0
-0
-0
13.9419
8.00526
-0
33.8486
-0
-0
25.4181
-0
-0
-0
-0
-0
-0
35.4502
1.51749
-0
-0
2.26844
-0
4.97878
-0
-0
-0
0.0807204
19.2925
50.2815
5.71068
-0
-0
9.27306
-0
-0
-0
23.204
1.22244
-0
-0
-0
43.8873
32.8542
-0
-0
-0
-0
4.40075
35.3162
-0
-0
11.8322
-0
-0
-0
-0
-0
-0
18.9421
68.5504
-0
-0
-0
-0
-0
3.9015
13.0516
-0
-0
-0
-0
35.3762
-0
-0
-0
-0
-0
-0
-0
50.4052
-0
37.4028
2.19215
50.042
15.86
-0
-0
-0
-0
52.0003
-0
-0
-0
4.57114
-0
-0
-0
-0
-0
6.50761
-0
-0
-0
-0
-0
-0
5.63728
-0
-0
-0
-0
36.7527
-0
-0
-0
-0
-0
-0
1.80051
-0
-0
-0
-0
-0
-0
-0
-0
-0
1.32987
-0
-0
-0
-0
-0
-0
-0
-0
-0
-0
48.5373
-0
-0
-0
-0
-0
-0
-0
-0
-0
-0
35.5657
-0
-0
-0
51.8584
-0
19.5912
33.8272
-0
-0
-0
-0
-0
-0
-0
3.35169
-0
-0
-0
-0
3.51314
-0
-0
-0
1.4714
-0
-0
8.28093
-0
15.2104
-0
-0
1.07876
23.3357
-0
-0
-0
34.3342
-0
-0
31.6645
-0
22.0867
-0
-0
-0
3.62519
37.8288
61.7643
-0
6.92713
4.81116
-0
-0
22.1097
-0
-0
-0
-0
-0
-0
-0
-0
4.54512
-0
-0
19.7333
-0
-0
-0
-0
-0
18.6038
19.4735
-0
-0
-0
-0
1.85762
16.0305
-0
-0
-0
11.3978
-0
-0
3.61104
-0
-0
-0
-0
-0
-0
12.9714
-0
9.98717
23.7407
-0
-0
-0
-0
-0
-0
-0
-0
10.9244
-0
-0
7.71791
-0
-0
-0
-0
11.3182
-0
-0
9.68482
-0
8.39317
39.9322
-0
-0
