-0
-0
-0
-0
-0
29.5658
-0
6.61576
21.5186
7.66314
21.224
-0
-0
-0
-0
25.8924
-0
-0
2.60284
-0
-0
-0
-0
-0
12.3516
-0
23.0232
-0
-0
-0
-0
-0
-0
-0
2.87652
-0
-0
-0
-0
-0
-0
-0
-0
23.0285
-0
3.09777
-0
23.3236
-0
19.5958
-0
-0
-0
-0
-0
-0
8.42912
0.596358
-0
-0
-0
-0
-0
3.60211
4.38686
-0
-0
28.5743
0.800505
1.04839
-0
-0
-0
-0
-0
2.62421
20.4914
-0
-0
-0
-0
29.497
-0
-0
15.8213
-0
-0
-0
-0
-0
-0
-0
-0
-0
13.9921
-0
6.84374
-0
-0
-0
-0
-0
-0
-0
5.77846
-0
8.93939
-0
-0
-0
1.56524
-0
-0
-0
-0
10.6888
-0
-0
72.3558
50.3513
-0
-0
4.66211
-0
-0
-0
-0
-0
-0
-0
-0
14.7407
22.0579
-0
-0
-0
-0
37.7248
-0
6.3821
-0
-0
2.00882
-0
-0
-0
-0
-0
-0
-0
-0
-0
-0
-0
-0
-0
9.13358
-0
-0
1.68272
-0
-0
-0
2.1853
23.3626
-0
-0
-0
-0
21.225
-0
18.5507
-0
-0
-0
-0
-0
-0
-0
-0
-0
-0
-0
-0
-0
20.7374
-0
-0
24.6343
-0
-0
-0
-0
5.17131
-0
-0
-0
-0
-0
-0
-0
-0
5.90357
-0
-0
-0
-0
39.5516
16.9744
-0
-0
-0
11.1768
-0
-0
1.96001
19.2988
-0
-0
-0
14.3529
-0
-0
19.913
-0
-0
-0
5.84661
-0
-0
-0
-0
-0
-0
-0
-0
-0
-0
-0
-0
-0
0.0713778
-0
-0
-0
-0
38.195
-0
-0
-0
-0
-0
-0
-0
9.00145
-0
-0
-0
-0
-0
-0
-0
-0
36.9798
-0
-0
-0
-0
-0
-0
-0
33.2944
-0
32.2001
-0
-0
-0
-0
-0
-0
4.22994
10.42
-0
13.8296
-0
-0
2.15124
-0
-0
-0
-0
9.94861
37.5576
-0
-0
-0
-0
-0
-0
58.7011
-0
-0
-0
-0
37.0222
31.5698
-0
-0
1.68342
-0
25.6817
-0
-0
-0
36.9494
0.594133
-0
-0
-0
0.907816
-0
-0
-0
14.3525
38.3122
-0
-0
-0
-0
10.6035
-0
-0
-0
-0
-0
-0
-0
-0
-0
-0
-0
-0
-0
1.08386
3.15441
-0
-0
-0
-0
0.989171
-0
-0
-0
-0
-0
-0
-0
-0
-0
-0
23.6158
-0
-0
-0
16.578
1.40686
-0
-0
23.7494
-0
-0
5.27388
0.0842035
-0
-0
-0
-0
-0
-0
-0
-0
-0
19.2615
-0
-0
20.9391
0.504694
-0
-0
-0
-0
3.94402
-0
-0
-0
-0
-0
-0
-0
-0
-0
-0
-0
-0
-0
-0
-0
8.30625
-0
-0
-0
-0
-0
-0
3.20315
28.4662
-0
-0
25.066
-0
25.754
-0
-0
-0
-0
-0
-0
-0
-0
-0
-0
19.7214
-0
-0
30.6037
-0
8.99704
-0
-0
-0
-0
-0
-0
-0
-0
-0
-0
-0
-0
-0
7.01743
-0
-0
-0
-0
-0
-0
-0
-0
-0
-0
-0
11.9281
-0
29.5912
-0
9.89652
-0
-0
-0
-0
3.40173
-0
-0
-0
6.2534
-0
-0
-0
-0
-0
-0
-0
4.47313
-0
-0
-0
9.2563
-0
-0
51.718
-0
-0
-0
4.34726
9.22531
-0
-0
-0
10.9129
-0
-0
41.1534
19.4437
-0
-0
-0
-0
-0
23.2805
-0
-0
10.1609
-0
-0
-0
18.4426
-0
9.08481
-0
23.0561
-0
8.33633
16.5235
-0
-0
-0
-0
-0
2.54833
-0
-0
-0
-0
29.6574
-0
12.751
45.4624
-0
-0
-0
-0
-0
-0
-0
9.72402
-0
-0
7.90567
2.48227
5.0253
-0
-0
-0
43.4583
35.2707
-0
-0
11.3188
2.9255
-0
-0
-0
-0
-0
-0
-0
-0
-0
10.2448
-0
-0
-0
4.82534
16.0979
-0
-0
-0
23.2666
-0
-0
-0
-0
-0
-0
-0
-0
7.49913
-0
26.7759
-0
-0
-0
-0
-0
-0
-0
-0
28.7874
21.593
-0
-0
-0
-0
-0
-0
-0
8.18903
-0
37.4081
-0
-0
11.58
-0
-0
-0
25.2717
-0
-0
23.9514
-0
-0
-0
11.9182
-0
-0
-0
-0
-0
-0
-0
-0
-0
-0
-0
-0
-0
-0
-0
-0
-0
-0
-0
-0
11.6763
-0
-0
-0
-0
-0
-0
-0
-0
-0
10.7134
-0
1.74015
-0
-0
-0
-0
-0
-0
22.0617
-0
36.6558
-0
-0
-0
-0
-0
-0
-0
-0
-0
7.15531
-0
-0
0.509239
20.3906
-0
25.4748
-0
2.1032
-0
34.2016
-0
-0
-0
-0
-0
-0
14.9883
-0
-0
3.96481
-0
-0
-0
-0
13.0285
5.56671
-0
-0
12.2806
-0
-0
-0
-0
-0
-0
2.96362
-0
-0
-0
-0
16.8666
-0
-0
-0
-0
-0
-0
-0
11.0173
-0
-0
-0
34.8029
13.5608
21.3632
-0
-0
-0
-0
-0
-0
-0
-0
-0
-0
-0
-0
-0
-0
5.80629
-0
-0
-0
-0
-0
-0
-0
-0
-0
-0
-0
-0
36.4019
-0
0.706244
-0
-0
-0
-0
4.51326
-0
16.7768
-0
-0
-0
-0
-0
-0
1.51065
-0
-0
-0
-0
50.2352
-0
13.6519
-0
-0
-0
-0
26.5582
29.3677
-0
-0
-0
-0
-0
-0
-0
-0
29.4344
-0
-0
-0
-0
-0
20.1259
-0
-0
24.7775
-0
4.53072
53.9025
-0
-0
-0
-0
-0
-0
15.7867
-0
34.5766
-0
-0
-0
-0
30.0941
-0
4.17335
-0
-0
1.21008
-0
-0
-0
-0
18.6558
-0
-0
-0
7.32066
-0
-0
-0
-0
-0
-0
-0
-0
5.59357
-0
3.85604
-0
20.3277
-0
-0
-0
-0
-0
-0
14.8497
-0
-0
2.66503
-0
6.75965
-0
-0
-0
-0
-0
-0
-0
-0
-0
-0
-0
-0
7.2218
54.7214
6.43034
-0
-0
-0
-0
-0
-0
-0
-0
-0
-0
-0
35.3226
-0
-0
-0
-0
-0
-0
5.62449
16.6546
-0
-0
21.8795
2.97995
-0
-0
-0
-0
-0
-0
-0
-0
-0
7.704
-0
-0
-0
-0
-0
27.197
11.7701
-0
-0
7.44218
-0
-0
-0
12.999
-0
-0
10.4555
-0
-0
-0
18.6262
-0
14.5156
-0
-0
-0
29.7806
-0
12.5648
-0
-0
-0
-0
-0
-0
-0
3.27253
-0
-0
-0
20.1156
-0
-0
-0
-0
-0
-0
-0
-0
-0
-0
-0
-0
15.2215
-0
-0
-0
-0
17.8858
-0
7.54495
-0
25.7403
-0
-0
-0
12.0267
-0
-0
-0
-0
-0
-0
-0
-0
-0
-0
-0
-0
-0
1.92725
-0
-0
-0
-0
5.40992
-0
23.2897
-0
-0
-0
7.75893
-0
-0
-0
-0
3.98215
-0
-0
-0
-0
-0
1.56165
16.9116
-0
-0
-0
-0
-0
-0
-0
-0
-0
0.0169019
3.5701
-0
0.402274
-0
5.17402
-0
-0
-0
-0
-0
-0
-0
-0
-0
14.0761
31.9862
-0
-0
-0
23.8719
-0
-0
-0
-0
-0
-0
7.00071
10.6538
-0
0.271311
-0
5.8819
-0
-0
-0
-0
-0
-0
-0
-0
1.30552
-0
-0
-0
-0
-0
-0
-0
-0
-0
25.8398
-0
-0
0.579389
-0
-0
-0
-0
-0
-0
-0
-0
17.5885
-0
-0
-0
-0
-0
-0
-0
-0
-0
-0
-0
-0
-0
-0
18.123
-0
-0
-0
-0
-0
-0
-0
28.3028
-0
-0
14.5653
-0
-0
-0
-0
30.9232
12.8426
-0
-0
-0
-0
6.26081
-0
-0
-0
-0
-0
-0
2.58017
6.4639
6.47506
-0
-0
-0
-0
-0
-0
-0
-0
-0
-0
15.9444
-0
-0
-0
-0
13.8361
-0
-0
-0
-0
22.6788
31.2918
-0
-0
22.8373
-0
-0
-0
-0
-0
0.673801
-0
-0
-0
-0
-0
-0
-0
-0
-0
-0
-0
-0
-0
-0
-0
-0
31.4697
17.3911
-0
20.2784
-0
-0
-0
-0
-0
-0
-0
-0
-0
-0
-0
-0
9.6815
-0
-0
-0
-0
-0
-0
-0
1.23976
-0
-0
-0
-0
-0
-0
1.25262
-0
-0
10.4441
-0
-0
-0
-0
23.9093
-0
-0
-0
-0
-0
-0
-0
6.04964
-0
-0
36.5749
-0
-0
-0
-0
-0
-0
10.0939
-0
-0
-0
-0
-0
-0
-0
-0
8.79185
-0
-0
-0
-0
-0
-0
-0
22.3747
-0
-0
-0
-0
-0
29.7175
27.4607
-0
-0
-0
-0
-0
-0
46.0988
-0
-0
-0
6.46121
-0
-0
6.5686
-0
-0
-0
-0
9.12844
-0
-0
-0
-0
-0
-0
1.36505
41.8066
-0
5.02046
23.1312
6.85083
-0
-0
7.49162
18.1703
-0
-0
-0
7.54282
-0
-0
-0
-0
5.5701
49.3786
-0
-0
3.06421
-0
-0
-0
31.3351
12.9466
-0
-0
25.3705
9.807
-0
-0
26.7739
7.75717
19.9406
-0
1.513
-0
-0
11.1378
-0
49.2725
-0
-0
3.79473
34.4967
-0
-0
-0
-0
-0
-0
-0
-0
-0
-0
6.79466
49.5509
-0
-0
14.2088
-0
20.9077
-0
-0
-0
-0
-0
-0
-0
-0
-0
-0
3.23851
0.844766
-0
17.7914
-0
-0
-0
-0
-0
-0
8.81666
-0
10.7151
-0
-0
-0
-0
-0
-0
-0
-0
34.1965
-0
-0
-0
-0
-0
-0
-0
8.60297
-0
0.696884
-0
1.75086
-0
-0
9.23159
-0
-0
-0
-0
-0
-0
1.96726
24.1978
-0
-0
-0
-0
-0
-0
24.1297
27.2393
-0
-0
20.6594
-0
73.7901
-0
-0
-0
-0
-0
-0
-0
-0
-0
-0
-0
-0
1.49519
-0
-0
-0
1.15854
-0
-0
-0
19.397
-0
15.5144
7.19595
-0
-0
-0
3.50312
-0
-0
-0
-0
-0
-0
-0
-0
-0
-0
-0
-0
-0
-0
-0
-0
-0
-0
-0
-0
-0
-0
-0
-0
-0
-0
19.6779
6.65577
-0
-0
-0
-0
-0
-0
-0
-0
-0
-0
-0
-0
-0
-0
-0
-0
-0
29.0686
15.4298
-0
-0
-0
-0
-0
-0
-0
-0
-0
-0
18.9737
-0
-0
-0
1.34521
-0
-0
-0
38.4688
-0
-0
-0
-0
-0
-0
0.189827
-0
-0
-0
7.18606
-0
-0
-0
-0
23.3865
-0
-0
-0
-0
-0
16.9813
-0
-0
-0
-0
-0
28.5304
5.64554
-0
-0
-0
-0
-0
-0
-0
-0
-0
-0
-0
-0
-0
1.82662
0.269626
6.59516
-0
7.98801
-0
-0
-0
3.55352
-0
-0
-0
-0
-0
-0
-0
-0
51.0681
-0
-0
-0
-0
-0
-0
20.8873
-0
37.2057
11.3558
-0
7.20009
-0
-0
-0
-0
17.2637
-0
-0
-0
-0
26.09
-0
-0
-0
-0
-0
1.20446
-0
-0
-0
-0
-0
-0
-0
-0
-0
-0
-0
-0
-0
1.65787
-0
-0
36.7845
-0
1.75178
9.35273
-0
-0
-0
-0
-0
-0
-0
9.17839
30.5123
-0
-0
-0
-0
-0
-0
-0
2.6593
-0
-0
-0
-0
37.0198
27.7566
-0
4.05848
-0
-0
7.69336
13.3164
-0
27.2294
-0
1.52147
-0
22.5059
-0
-0
-0
-0
-0
-0
-0
13.4002
0.857247
-0
-0
-0
22.9946
-0
-0
-0
-0
-0
-0
-0
-0
-0
-0
-0
-0
8.48145
-0
-0
33.0358
-0
-0
-0
-0
-0
32.6908
-0
-0
-0
23.2214
-0
-0
4.50698
-0
21.2925
-0
-0
17.9931
38.6272
-0
-0
32.5569
-0
-0
-0
8.75016
-0
-0
20.3944
-0
-0
27.562
-0
-0
-0
-0
-0
-0
-0
-0
-0
-0
-0
-0
-0
-0
-0
-0
-0
-0
1.69741
-0
-0
25.0476
22.8951
-0
-0
37.9446
-0
-0
-0
0.505365
37.4052
-0
-0
-0
-0
-0
-0
-0
-0
7.41181
16.5569
27.2591
-0
-0
-0
-0
-0
-0
-0
-0
-0
-0
-0
2.15335
-0
13.3529
-0
-0
19.0446
-0
-0
-0
3.53687
15.8926
-0
-0
-0
-0
-0
-0
5.77147
-0
-0
2.70776
-0
-0
-0
16.502
22.0606
-0
-0
-0
-0
-0
-0
-0
-0
2.96631
-0
-0
6.95691
-0
-0
-0
1.69635
-0
-0
-0
-0
-0
-0
-0
-0
-0
-0
-0
-0
-0
-0
-0
43.7896
-0
-0
-0
-0
-0
-0
-0
22.8374
13.5438
-0
-0
-0
19.1279
-0
-0
-0
-0
-0
-0
-0
-0
-0
-0
-0
-0
-0
-0
-0
-0
12.9139
-0
-0
-0
-0
-0
-0
16.797
1.7777
-0
-0
-0
-0
28.6388
9.00287
8.85773
-0
-0
-0
16.873
-0
-0
-0
-0
-0
14.3372
-0
19.4092
-0
-0
-0
-0
-0
-0
-0
-0
7.29611
3.91798
-0
-0
-0
-0
-0
-0
-0
-0
-0
40.4652
1.8076
-0
-0
-0
-0
-0
36.4591
-0
-0
-0
43.1283
-0
-0
-0
35.9869
-0
4.15509
11.9949
-0
-0
-0
14.395
-0
14.705
-0
-0
4.91846
-0
-0
-0
-0
-0
-0
-0
-0
9.26196
-0
15.7912
-0
-0
8.45357
-0
-0
-0
-0
26.1409
-0
-0
-0
-0
-0
-0
6.50253
-0
-0
-0
-0
-0
-0
3.19284
13.125
8.18442
-0
22.5036
35.6567
-0
-0
-0
-0
3.53279
-0
-0
7.63997
26.0399
-0
8.87821
-0
-0
11.8954
8.50397
-0
-0
-0
-0
14.4447
0.0228594
12.3066
-0
-0
-0
36.4472
26.2626
-0
-0
-0
-0
2.3985
-0
31.5536
-0
-0
-0
-0
0.278462
-0
-0
-0
-0
6.38276
13.3298
15.2268
-0
4.17046
-0
-0
33.1818
-0
-0
-0
-0
3.00622
-0
11.5435
-0
20.0143
-0
-0
27.5998
-0
16.3868
-0
11.4827
2.37476
-0
-0
-0
-0
-0
18.4587
17.7372
-0
-0
-0
-0
-0
-0
-0
-0
-0
-0
-0
-0
-0
-0
-0
-0
-0
25.1544
11.8975
-0
-0
-0
42.2673
-0
-0
-0
6.45597
7.43259
-0
-0
-0
-0
-0
-0
-0
-0
-0
-0
-0
-0
-0
0.920603
-0
-0
21.6182
-0
2.77002
-0
-0
-0
-0
6.62646
-0
-0
-0
-0
-0
-0
-0
-0
-0
4.02908
-0
-0
-0
-0
-0
0.500381
-0
15.3664
-0
-0
-0
46.4139
-0
-0
-0
-0
-0
-0
4.23881
-0
-0
-0
15.9031
-0
10.6653
-0
-0
-0
-0
28.7998
52.3348
-0
19.1958
21.3579
-0
-0
33.1495
-0
-0
-0
-0
-0
-0
9.52546
-0
-0
-0
-0
-0
31.5487
-0
-0
-0
-0
-0
17.3347
-0
-0
-0
-0
-0
15.8581
-0
-0
-0
-0
-0
-0
13.3356
-0
16.4797
27.4894
-0
9.41136
-0
-0
-0
-0
-0
-0
-0
-0
-0
19.7168
-0
12.8894
26.5241
-0
-0
-0
-0
19.7728
-0
-0
-0
-0
29.3841
-0
-0
-0
-0
-0
-0
14.511
-0
-0
-0
-0
-0
-0
-0
-0
0.643833
-0
22.3635
-0
-0
-0
-0
-0
-0
8.96319
-0
-0
-0
-0
-0
3.10348
-0
-0
-0
-0
1.17318
-0
-0
10.158
-0
1.46373
4.33751
24.7462
-0
13.3342
-0
-0
-0
-0
42.548
-0
-0
7.16217
15.3803
-0
-0
-0
-0
-0
-0
-0
-0
-0
-0
-0
-0
-0
-0
-0
-0
-0
-0
-0
-0
-0
-0
-0
-0
18.1843
-0
-0
-0
-0
-0
35.9356
-0
-0
-0
-0
-0
-0
0.676455
-0
-0
-0
-0
-0
-0
-0
21.0418
-0
10.0507
-0
34.1215
-0
5.96635
20.9039
-0
-0
-0
-0
-0
22.2169
-0
-0
-0
-0
-0
-0
-0
-0
-0
-0
-0
-0
3.94475
-0
3.23428
-0
-0
-0
-0
-0
-0
1.35748
-0
-0
-0
-0
-0
19.4113
13.6631
-0
-0
-0
-0
-0
-0
13.0166
-0
2.50309
-0
-0
-0
-0
-0
-0
-0
-0
-0
-0
0.53972
18.7243
-0
-0
-0
-0
-0
-0
-0
-0
0.407094
-0
-0
-0
9.1713
10.0006
56.6732
-0
-0
7.02116
2.25101
-0
-0
2.90129
-0
-0
5.85816
-0
-0
10.7383
10.9988
-0
-0
-0
-0
-0
25.7132
-0
-0
-0
8.91434
-0
-0
-0
1.60228
-0
-0
-0
-0
-0
-0
-0
-0
-0
-0
-0
-0
-0
-0
36.0132
-0
-0
-0
-0
-0
-0
-0
-0
35.0981
-0
6.86537
8.93735
-0
26.5661
-0
-0
-0
-0
-0
-0
7.01598
-0
-0
-0
-0
24.5226
-0
-0
-0
-0
-0
-0
-0
-0
-0
-0
-0
-0
35.5862
-0
-0
-0
-0
-0
-0
-0
-0
-0
-0
-0
-0
-0
-0
-0
-0
-0
5.2763
-0
-0
-0
-0
-0
9.54047
-0
-0
-0
-0
-0
9.12551
-0
10.6697
28.6497
-0
-0
-0
-0
-0
-0
-0
-0
-0
8.62495
-0
-0
5.37304
-0
21.6817
-0
-0
-0
21.6327
-0
-0
-0
-0
-0
-0
15.4237
-0
-0
-0
-0
-0
-0
33.3662
0.436258
16.7845
-0
26.943
-0
-0
9.53533
-0
-0
3.43677
4.57978
-0
17.9077
-0
-0
-0
7.94552
-0
-0
-0
-0
-0
-0
-0
0.688584
-0
-0
-0
-0
-0
43.6167
-0
-0
-0
8.10702
-0
-0
-0
-0
-0
-0
-0
-0
-0
-0
4.55808
-0
-0
40.62
-0
-0
-0
-0
5.77646
-0
-0
-0
-0
-0
-0
5.66671
-0
-0
-0
4.17793
-0
-0
-0
-0
12.3403
-0
-0
-0
-0
-0
-0
-0
-0
-0
-0
5.38651
-0
32.9503
-0
-0
-0
-0
-0
-0
16.1317
-0
-0
-0
-0
-0
-0
-0
5.35679
-0
-0
-0
-0
8.20533
-0
-0
-0
-0
-0
-0
-0
-0
8.54849
-0
-0
-0
-0
-0
-0
-0
-0
-0
2.57023
-0
16.6376
-0
31.6333
3.07628
-0
-0
-0
29.3939
-0
17.7504
-0
-0
-0
-0
-0
50.8116
-0
9.07403
-0
-0
16.042
31.1646
-0
-0
-0
-0
8.36674
-0
9.03879
-0
-0
19.6709
-0
-0
3.55806
-0
-0
-0
-0
-0
-0
3.16309
-0
-0
-0
-0
-0
-0
17.158
-0
-0
-0
-0
-0
-0
-0
-0
-0
-0
14.5196
-0
-0
-0
-0
-0
-0
-0
-0
-0
-0
-0
-0
-0
-0
-0
6.35013
-0
-0
-0
7.83693
15.8565
-0
-0
-0
-0
-0
-0
-0
-0
-0
-0
-0
7.19753
-0
-0
-0
0.882014
12.694
1.80627
0.0284544
-0
16.8516
-0
-0
-0
-0
-0
-0
-0
-0
-0
19.1038
-0
32.4909
-0
0.679251
-0
-0
-0
-0
-0
45.3329
-0
-0
-0
-0
-0
-0
-0
-0
-0
-0
-0
-0
19.9323
4.28949
-0
-0
-0
-0
38.4698
22.5645
-0
2.60348
-0
-0
-0
11.678
-0
-0
-0
-0
19.3794
-0
-0
-0
-0
-0
5.13456
39.8761
-0
-0
-0
-0
-0
-0
-0
-0
-0
-0
-0
-0
-0
-0
-0
-0
2.79593
-0
-0
3.21975
-0
-0
15.2066
-0
-0
-0
-0
-0
-0
-0
-0
17.8334
11.5287
-0
21.3991
-0
-0
-0
-0
25.4197
20.8763
23.4632
-0
-0
-0
-0
41.3976
16.5589
-0
5.47029
7.88288
20.6552
-0
0.18072
-0
-0
13.6868
-0
19.2608
44.6657
-0
-0
-0
45.0631
-0
-0
-0
-0
-0
18.8305
-0
-0
2.67421
-0
-0
-0
-0
-0
-0
-0
14.4236
-0
-0
6.25172
-0
-0
-0
-0
-0
-0
13.1387
-0
-0
-0
-0
-0
-0
-0
-0
-0
-0
-0
-0
1.83683
12.2319
-0
-0
9.95699
-0
-0
1.011
-0
18.3737
-0
-0
-0
-0
-0
-0
-0
11.9641
-0
-0
16.2388
-0
-0
5.89866
-0
30.4822
1.15793
-0
-0
-0
6.31414
-0
-0
-0
-0
13.9705
-0
-0
-0
0.870986
-0
-0
7.20267
-0
-0
-0
24.0665
-0
-0
-0
-0
-0
-0
-0
-0
-0
-0
-0
11.7232
22.3738
-0
-0
-0
-0
-0
-0
-0
-0
-0
14.0517
-0
-0
-0
-0
-0
2.5048
-0
-0
-0
-0
-0
-0
28.7232
-0
19.8705
-0
-0
-0
15.7056
-0
-0
-0
41.2676
1.58344
-0
-0
-0
-0
-0
-0
-0
-0
-0
2.2139
5.27601
-0
-0
-0
11.3253
-0
-0
-0
-0
-0
-0
-0
-0
-0
0.99203
-0
-0
-0
-0
-0
23.4153
-0
-0
-0
-0
-0
-0
-0
-0
-0
10.2268
-0
-0
-0
-0
9.55701
-0
2.15407
-0
-0
16.4138
26.1995
11.8613
-0
-0
-0
-0
5.85671
-0
-0
-0
-0
-0
6.95003
-0
-0
-0
41.6322
-0
-0
26.3452
-0
-0
42.675
35.3407
-0
2.69831
-0
-0
-0
-0
-0
-0
-0
-0
-0
4.77574
24.959
-0
0.603524
31.8352
12.7606
-0
-0
17.4764
-0
7.9581
-0
-0
-0
10.6276
-0
-0
-0
-0
-0
-0
-0
-0
-0
-0
-0
-0
-0
-0
-0
-0
-0
-0
-0
-0
27.8447
18.2546
-0
24.0361
-0
-0
-0
-0
-0
-0
-0
-0
-0
-0
-0
-0
-0
-0
-0
-0
-0
-0
-0
-0
-0
-0
-0
-0
8.21719
-0
-0
-0
-0
-0
-0
-0
-0
13.8436
-0
-0
13.4997
-0
9.59925
-0
-0
-0
-0
-0
4.49824
-0
-0
-0
7.43539
-0
-0
24.167
-0
-0
-0
-0
21.4523
-0
-0
-0
-0
-0
-0
-0
-0
-0
-0
-0
-0
-0
-0
6.52927
-0
-0
-0
-0
14.9086
-0
-0
2.53183
-0
8.14703
57.6901
-0
-0
9.07101
2.40236
-0
-0
-0
-0
0.565261
-0
0.79291
-0
-0
-0
-0
-0
-0
-0
8.38156
-0
-0
-0
-0
-0
-0
-0
-0
5.49965
0.941062
8.11039
4.65907
-0
-0
-0
-0
-0
-0
-0
-0
5.89567
-0
-0
16.7954
-0
-0
31.0598
-0
22.5334
-0
-0
-0
-0
-0
-0
19.9254
-0
-0
-0
-0
-0
-0
-0
-0
-0
-0
-0
37.1221
-0
11.1046
-0
-0
-0
-0
-0
-0
21.0826
-0
-0
9.3686
15.3606
-0
34.912
-0
5.41567
-0
-0
-0
-0
-0
-0
-0
-0
-0
-0
-0
-0
-0
-0
-0
24.965
-0
9.20093
-0
-0
-0
-0
-0
-0
4.40466
10.8469
-0
3.3749
14.9461
-0
-0
17.3103
-0
29.7931
2.60941
9.63262
20.3227
-0
28.9928
-0
-0
-0
-0
2.65385
-0
-0
-0
-0
-0
-0
-0
-0
-0
-0
-0
-0
13.3824
-0
-0
-0
-0
-0
36.1516
-0
-0
3.90688
-0
-0
-0
-0
-0
-0
-0
-0
-0
-0
-0
-0
-0
-0
-0
7.52582
-0
-0
-0
-0
5.41982
-0
-0
-0
-0
-0
-0
-0
-0
-0
-0
14.3624
-0
-0
-0
-0
2.44146
-0
-0
-0
-0
-0
-0
-0
-0
-0
-0
35.9671
-0
-0
-0
-0
-0
14.8801
-0
-0
-0
-0
4.04209
27.5734
-0
-0
-0
14.8692
10.2649
0.0273182
11.8124
3.31583
-0
15.6966
-0
-0
-0
-0
-0
-0
37.3575
-0
12.7127
-0
-0
-0
-0
-0
-0
0.78361
-0
-0
-0
-0
-0
-0
-0
-0
-0
-0
-0
15.4301
-0
10.6697
-0
26.0491
3.30837
-0
-0
-0
41.5821
-0
-0
-0
-0
-0
-0
1.76614
-0
-0
-0
-0
-0
-0
-0
-0
-0
-0
-0
18.1502
-0
-0
-0
-0
-0
-0
64.5238
-0
0.0296406
-0
-0
-0
-0
-0
-0
6.51695
30.701
-0
0.280925
-0
-0
-0
-0
9.86675
-0
-0
-0
-0
17.2622
10.471
-0
-0
-0
-0
-0
-0
-0
35.5976
-0
52.6652
34.9727
-0
-0
8.55796
-0
-0
-0
-0
-0
-0
-0
29.5428
-0
-0
-0
-0
-0
54.5457
-0
-0
-0
-0
-0
4.20714
-0
38.5981
-0
-0
-0
-0
-0
-0
49.0998
-0
7.18585
-0
17.2094
-0
9.773
-0
-0
-0
-0
-0
5.69017
-0
-0
-0
-0
-0
-0
-0
-0
-0
-0
-0
-0
-0
5.97753
0.767984
-0
-0
-0
5.18862
-0
-0
-0
1.97873
-0
-0
-0
22.4079
8.81458
4.66924
29.2555
-0
-0
49.0537
-0
-0
-0
9.01044
-0
-0
-0
-0
-0
-0
-0
-0
-0
-0
-0
-0
-0
-0
-0
-0
-0
-0
27.5315
-0
41.6632
-0
3.32245
-0
-0
-0
-0
-0
-0
-0
-0
1.65102
-0
-0
3.79218
-0
-0
41.0158
-0
-0
-0
6.14657
-0
-0
-0
-0
-0
49.8803
5.03225
28.1893
-0
35.9086
28.7098
14.9243
-0
16.4107
24.7717
-0
-0
-0
-0
-0
-0
4.80087
-0
-0
-0
-0
-0
-0
-0
-0
-0
-0
-0
-0
-0
18.1558
-0
-0
-0
-0
-0
-0
-0
-0
-0
-0
11.7439
-0
-0
18.415
30.2428
-0
-0
-0
-0
-0
-0
-0
56.0795
-0
7.29766
-0
-0
-0
-0
15.1666
-0
-0
-0
-0
16.1392
13.0557
11.7121
-0
-0
-0
-0
-0
-0
-0
-0
-0
-0
-0
13.4472
-0
24.2241
-0
-0
-0
16.2101
-0
-0
-0
-0
-0
-0
31.587
-0
-0
42.7352
-0
-0
-0
-0
11.6217
-0
-0
-0
-0
5.69831
-0
-0
4.32661
-0
-0
-0
-0
-0
-0
-0
-0
-0
-0
30.4905
-0
-0
-0
-0
14.4289
30.4065
-0
-0
0.35724
-0
-0
7.74856
46.7848
-0
-0
-0
26.9056
-0
-0
10.5844
-0
-0
15.7625
-0
-0
-0
-0
34.4761
-0
-0
-0
-0
-0
-0
10.6721
21.4784
-0
-0
-0
-0
-0
-0
-0
14.1961
-0
-0
-0
-0
8.07938
-0
-0
-0
16.8549
18.889
-0
-0
-0
-0
-0
-0
-0
-0
-0
-0
-0
-0
12.1743
-0
-0
-0
-0
-0
-0
-0
-0
12.8679
-0
-0
-0
-0
-0
19.8978
-0
-0
0.0332258
-0
4.34039
-0
-0
-0
-0
-0
-0
1.69148
-0
-0
-0
16.4337
4.38392
-0
-0
-0
-0
-0
25.3604
4.69823
-0
-0
-0
-0
-0
-0
-0
-0
-0
10.1649
-0
-0
22.1404
-0
19.9157
3.33859
4.17407
13.7883
5.80177
-0
8.53042
-0
44.7167
-0
-0
-0
29.3844
-0
-0
-0
-0
-0
14.4909
-0
26.9475
-0
-0
-0
21.0259
4.06383
-0
-0
-0
-0
3.82649
-0
-0
-0
-0
-0
-0
11.2887
-0
-0
-0
-0
-0
-0
-0
-0
-0
-0
-0
-0
-0
39.0242
-0
18.0852
11.3915
-0
-0
-0
22.3124
-0
-0
-0
0.48738
-0
-0
-0
-0
-0
-0
-0
-0
-0
-0
18.7834
-0
-0
14.7853
-0
-0
-0
-0
-0
-0
-0
-0
34.4885
-0
-0
-0
-0
-0
-0
-0
8.0603
-0
-0
-0
-0
27.6245
-0
-0
-0
5.45589
-0
-0
3.71935
27.7305
-0
-0
8.8485
-0
-0
-0
-0
-0
-0
66.5518
29.9545
-0
-0
4.69915
8.35503
-0
17.3655
0.0516468
-0
-0
-0
-0
-0
-0
-0
2.92323
-0
-0
-0
-0
-0
-0
-0
5.49696
13.821
-0
-0
-0
-0
-0
46.528
17.7072
-0
-0
-0
28.1166
-0
-0
-0
11.6394
-0
-0
-0
0.745117
-0
-0
-0
-0
22.8319
-0
-0
-0
-0
-0
-0
14.9462
-0
24.9973
-0
-0
-0
5.41761
-0
-0
-0
20.484
-0
-0
-0
-0
5.45061
-0
-0
-0
