0.943787
-0
-0
-0
-0
16.5849
-0
36.0505
43.5443
19.3543
31.0312
-0
-0
-0
-0
36.2211
-0
-0
-0
-0
-0
-0
-0
-0
-0
-0
25.8857
-0
-0
-0
-0
-0
-0
-0
-0
-0
-0
-0
-0
-0
-0
-0
-0
55.8743
-0
-0
-0
-0
-0
0.465074
-0
-0
-0
-0
-0
-0
13.9582
2.44653
27.6066
-0
-0
-0
11.7799
-0
16.976
-0
-0
18.3458
-0
2.9955
-0
-0
-0
-0
-0
1.70744
14.7806
-0
-0
-0
-0
56.5037
-0
-0
15.3584
-0
-0
-0
-0
-0
-0
-0
-0
-0
-0
-0
6.74692
-0
-0
-0
-0
-0
-0
8.89129
-0
-0
15.3677
-0
-0
-0
-0
-0
-0
-0
-0
46.0173
-0
-0
68.2326
26.2997
-0
-0
-0
-0
30.6215
-0
-0
-0
-0
30.016
44.471
22.9824
18.667
-0
-0
-0
-0
37.1046
-0
-0
-0
-0
7.00475
-0
-0
-0
-0
-0
-0
-0
-0
2.33935
-0
-0
-0
-0
69.2349
-0
-0
3.0523
18.9486
-0
-0
31.1706
20.2116
10.497
-0
-0
-0
60.7698
-0
27.4612
-0
-0
-0
-0
-0
-0
-0
-0
-0
-0
-0
-0
-0
26.4821
-0
-0
37.8455
-0
-0
-0
-0
26.9936
-0
-0
-0
-0
-0
-0
-0
-0
-0
-0
-0
-0
-0
8.6542
-0
-0
-0
-0
1.83441
-0
-0
11.6937
-0
1.40353
-0
-0
-0
-0
-0
19.45
0.0357919
-0
-0
-0
-0
-0
-0
-0
-0
-0
-0
-0
-0
-0
-0
-0
-0
-0
-0
-0
-0
-0
70.038
-0
-0
-0
-0
-0
-0
-0
-0
-0
-0
-0
3.72344
-0
-0
-0
-0
9.14143
-0
-0
-0
-0
-0
-0
-0
54.9917
3.49552
24.0886
-0
-0
-0
-0
-0
0.147964
-0
6.80552
-0
4.44886
-0
-0
-0
-0
-0
-0
-0
-0
37.02
-0
-0
-0
11.3398
-0
-0
73.989
-0
-0
-0
-0
11.6257
47.0603
-0
-0
11.2239
-0
-0
8.05044
-0
-0
5.6808
0.0448321
-0
-0
-0
-0
-0
-0
0.923722
-0
19.9956
-0
-0
-0
-0
10.5435
-0
-0
-0
-0
-0
-0
-0
-0
-0
-0
-0
-0
-0
-0
8.66513
-0
2.54066
-0
-0
-0
-0
-0
-0
-0
9.63338
-0
-0
-0
-0
-0
33.1366
-0
-0
-0
4.40767
2.14883
-0
-0
49.1708
-0
-0
-0
0.540074
50.4599
-0
-0
-0
-0
-0
-0
-0
28.109
31.4664
-0
-0
-0
3.55307
-0
-0
-0
12.9441
39.9523
-0
-0
-0
9.34426
-0
-0
-0
-0
-0
10.0908
-0
-0
24.7337
-0
-0
-0
-0
32.3346
-0
-0
-0
-0
-0
15.4826
-0
-0
-0
-0
3.96498
-0
-0
-0
-0
-0
-0
-0
21.9441
1.48234
-0
-0
-0
-0
27.1618
-0
31.9158
-0
-0
1.10653
-0
-0
30.9441
-0
-0
4.09449
-0
-0
-0
-0
27.983
-0
-0
-0
16.1673
5.16866
-0
1.84717
-0
-0
-0
-0
-0
-0
31.2973
12.4928
15.7012
-0
-0
-0
9.07643
-0
-0
-0
-0
16.6997
-0
-0
-0
-0
-0
-0
-0
4.10889
-0
-0
-0
24.9932
-0
32.4853
66.4235
-0
-0
-0
-0
34.6497
41.5398
-0
-0
-0
-0
-0
33.478
-0
-0
-0
-0
-0
-0
8.16649
-0
-0
-0
-0
-0
1.4185
-0
-0
28.3264
-0
45.4033
-0
-0
58.7632
-0
-0
-0
18.8784
-0
-0
-0
-0
-0
-0
28.6602
-0
-0
40.4397
-0
-0
-0
-0
-0
-0
-0
12.5664
38.6633
-0
25.9255
-0
-0
-0
-0
-0
87.5781
74.1225
-0
-0
0.378718
-0
-0
-0
46.4354
-0
3.79232
-0
-0
-0
-0
13.3544
-0
-0
-0
14.9914
-0
41.8591
-0
-0
8.92697
-0
-0
-0
-0
-0
-0
9.60805
-0
-0
-0
22.3235
-0
-0
13.2408
-0
-0
-0
-0
14.382
35.2603
-0
-0
-0
-0
-0
-0
-0
-0
-0
17.2325
31.3941
-0
-0
5.55343
-0
-0
-0
20.2309
-0
-0
-0
-0
-0
-0
33.3292
-0
-0
-0
-0
-0
-0
-0
-0
-0
-0
-0
-0
-0
-0
-0
-0
-0
-0
-0
-0
43.984
-0
-0
-0
-0
-0
-0
-0
-0
-0
-0
8.75294
-0
-0
-0
-0
-0
-0
62.958
2.77581
-0
56.4891
-0
-0
-0
-0
-0
-0
-0
-0
-0
14.9738
-0
-0
1.21833
13.7086
-0
-0
-0
-0
-0
10.7489
-0
-0
-0
-0
-0
-0
34.4358
-0
-0
27.7928
-0
-0
-0
16.5
-0
-0
-0
-0
0.548951
-0
-0
-0
-0
-0
-0
5.47179
-0
-0
-0
-0
0.705294
-0
-0
-0
-0
15.2756
-0
-0
-0
-0
-0
-0
12.3394
-0
44.649
-0
-0
21.4349
-0
-0
-0
0.218424
-0
-0
-0
9.77508
-0
-0
-0
-0
-0
-0
-0
-0
18.2359
-0
-0
-0
-0
-0
-0
-0
21.5005
-0
0.287949
-0
-0
-0
13.2089
1.39003
3.80912
13.4654
-0
9.57476
-0
-0
-0
-0
-0
-0
-0
-0
-0
66.42
-0
-0
-0
-0
-0
-0
22.6699
10.7693
-0
-0
-0
-0
-0
-0
-0
-0
-0
-0
-0
-0
3.66326
-0
10.629
-0
-0
6.63273
-0
6.16041
46.8941
-0
-0
-0
-0
-0
-0
16.1693
-0
18.1185
-0
44.6123
-0
-0
-0
-0
-0
-0
-0
0.710032
-0
21.3978
-0
-0
47.6192
8.99887
-0
-0
9.26013
18.747
-0
-0
-0
-0
-0
-0
-0
18.5721
18.5702
-0
2.8037
-0
-0
-0
5.39066
26.6117
-0
-0
9.98995
-0
-0
-0
-0
-0
-0
-0
12.5043
-0
-0
-0
-0
-0
-0
-0
-0
3.96138
-0
72.0997
-0
-0
-0
-0
-0
-0
-0
-0
-0
-0
-0
-0
3.25553
-0
-0
-0
-0
-0
-0
5.96855
16.7613
-0
-0
21.1877
-0
-0
-0
0.965319
-0
-0
26.0053
-0
-0
-0
22.2372
-0
-0
-0
-0
-0
-0
36.2128
-0
-0
13.4172
-0
-0
-0
2.37413
-0
-0
12.2498
-0
-0
-0
-0
11.606
-0
-0
-0
13.3266
11.296
-0
4.37988
27.8283
-0
-0
-0
-0
-0
-0
-0
-0
-0
-0
-0
-0
-0
-0
-0
-0
-0
-0
-0
-0
-0
-0
-0
-0
-0
-0
-0
-0
35.7323
-0
25.8888
-0
34.8875
-0
-0
3.7236
6.10714
-0
-0
-0
-0
-0
-0
-0
-0
-0
-0
-0
-0
-0
28.2053
-0
-0
-0
-0
-0
-0
2.8835
-0
-0
-0
-0
-0
-0
-0
-0
-0
-0
-0
-0
-0
-0
-0
33.3233
-0
-0
-0
-0
-0
-0
-0
-0
-0
-0
15.5912
-0
-0
-0
-0
-0
-0
-0
-0
-0
-0
-0
-0
-0
1.1199
-0
-0
-0
-0
40.6695
10.295
-0
-0
-0
-0
-0
-0
22.5905
-0
6.49655
-0
-0
-0
-0
-0
-0
-0
-0
-0
-0
26.4278
-0
-0
-0
-0
-0
-0
-0
-0
-0
26.9285
-0
-0
0.13416
-0
-0
-0
-0
-0
-0
-0
-0
-0
-0
-0
-0
-0
-0
-0
-0
-0
-0
18.4734
-0
-0
-0
-0
16.3541
4.19421
-0
-0
-0
-0
-0
-0
-0
16.5922
-0
11.1351
-0
-0
-0
-0
16.4862
-0
-0
-0
-0
-0
53.7381
-0
-0
-0
-0
-0
-0
-0
8.52215
8.95135
-0
-0
-0
-0
-0
-0
-0
-0
-0
-0
13.1809
-0
-0
-0
-0
8.87827
-0
-0
-0
-0
14.8175
27.3971
-0
-0
41.5102
35.7167
-0
-0
-0
-0
-0
20.956
-0
-0
-0
-0
-0
-0
7.6746
-0
-0
-0
-0
18.3903
-0
-0
-0
44.9599
66.0046
32.2147
26.3336
-0
-0
-0
-0
-0
-0
-0
-0
-0
-0
-0
-0
-0
-0
-0
-0
-0
-0
-0
-0
30.8544
-0
-0
-0
-0
-0
-0
14.5622
-0
-0
2.89601
-0
-0
19.6183
-0
20.8718
-0
-0
-0
-0
34.3699
-0
-0
15.4681
2.75951
-0
70.8661
-0
-0
-0
-0
0.613367
-0
19.2408
-0
-0
-0
-0
-0
-0
-0
-0
-0
-0
10.6323
-0
-0
-0
-0
-0
-0
-0
-0
-0
-0
47.7951
7.46519
13.7763
-0
-0
-0
-0
-0
-0
47.282
-0
-0
-0
21.1954
-0
-0
-0
-0
2.59029
-0
-0
10.6051
-0
-0
-0
-0
-0
13.5744
-0
13.951
-0
13.0017
-0
3.85957
-0
6.41944
-0
-0
-0
-0
-0
-0
-0
-0
-0
-0
16.0566
62.9254
-0
0.0608438
8.86849
-0
-0
-0
19.6737
46.4232
-0
-0
-0
-0
-0
-0
65.1192
29.2319
-0
-0
-0
-0
-0
-0
-0
42.7608
-0
-0
-0
21.9612
-0
-0
-0
20.2016
10.9838
-0
-0
-0
1.93599
-0
29.4037
60.4122
-0
-0
3.77962
-0
41.8275
-0
-0
-0
-0
-0
-0
-0
-0
-0
3.37273
-0
-0
-0
-0
-0
5.30958
8.19755
-0
-0
-0
4.11838
-0
-0
-0
-0
-0
-0
-0
-0
-0
-0
-0
-0
-0
-0
-0
-0
-0
-0
9.02208
-0
-0
-0
-0
-0
-0
67.0518
-0
-0
-0
-0
-0
-0
18.9181
39.6195
-0
-0
-0
-0
-0
-0
14.0453
19.3084
-0
-0
-0
-0
60.692
-0
-0
-0
-0
-0
-0
-0
-0
-0
-0
9.1403
-0
39.1412
-0
-0
22.7599
0.845548
-0
-0
-0
42.68
-0
22.0893
26.0876
-0
-0
-0
-0
-0
-0
-0
-0
-0
-0
-0
-0
-0
-0
-0
-0
4.053
-0
-0
-0
-0
-0
-0
-0
29.2005
-0
-0
-0
-0
-0
17.8827
-0
-0
1.21004
-0
-0
-0
-0
-0
-0
-0
-0
-0
-0
-0
10.1884
-0
36.2072
-0
4.59737
17.0876
-0
-0
-0
-0
-0
-0
-0
5.51672
24.6831
-0
13.1819
33.9893
-0
-0
0.660464
-0
-0
-0
31.2182
-0
0.304115
-0
-0
-0
-0
-0
-0
-0
-0
-0
-0
-0
-0
-0
31.4906
-0
-0
-0
2.20348
-0
-0
-0
-0
-0
-0
-0
49.2359
-0
-0
-0
-0
-0
-0
-0
-0
-0
-0
-0
-0
-0
-0
-0
13.5325
20.6827
-0
42.9372
-0
-0
-0
-0
13.3075
-0
-0
-0
-0
-0
-0
-0
44.621
27.9066
-0
-0
-0
-0
-0
41.3467
12.2239
59.514
10.9246
-0
-0
15.4128
-0
-0
-0
23.2675
-0
-0
-0
-0
20.5299
-0
-0
-0
-0
-0
-0
-0
-0
-0
-0
-0
-0
13.3482
-0
-0
-0
-0
-0
-0
18.7729
-0
-0
35.9475
-0
2.55984
11.0194
-0
-0
-0
-0
-0
17.7251
-0
-0
55.6335
-0
-0
-0
-0
-0
-0
-0
-0
-0
-0
-0
-0
31.8664
11.271
-0
17.7119
-0
13.2633
-0
6.09812
-0
29.3978
-0
-0
-0
82.1296
-0
-0
-0
-0
-0
-0
-0
-0
-0
0.69149
-0
-0
27.535
-0
-0
-0
16.0716
-0
-0
-0
43.5434
-0
-0
-0
-0
4.89592
-0
-0
50.2956
-0
-0
-0
-0
-0
62.5727
-0
-0
-0
9.41417
-0
-0
8.27693
-0
34.2924
-0
36.8497
-0
23.775
-0
-0
45.358
-0
-0
-0
-0
-0
-0
23.0155
42.7406
-0
-0
-0
-0
-0
-0
-0
-0
-0
-0
-0
-0
-0
15.0917
-0
-0
-0
-0
-0
-0
-0
-0
-0
39.3115
31.8525
-0
-0
39.2187
-0
-0
17.9474
-0
-0
-0
-0
-0
-0
-0
-0
-0
-0
-0
56.4219
-0
-0
-0
-0
-0
-0
-0
-0
-0
-0
-0
-0
19.9728
-0
15.9108
-0
-0
6.65512
-0
-0
-0
-0
17.0345
-0
-0
-0
30.2905
-0
-0
-0
-0
0.966623
24.5288
-0
-0
-0
12.1503
10.931
-0
-0
-0
-0
-0
-0
-0
-0
-0
-0
-0
9.66149
-0
-0
-0
-0
-0
-0
-0
-0
-0
0.0490021
-0
-0
-0
-0
-0
-0
12.055
9.18881
-0
52.8368
-0
-0
-0
-0
-0
-0
-0
8.60303
-0
-0
-0
-0
18.7502
-0
-0
-0
-0
-0
-0
-0
-0
-0
-0
-0
-0
-0
-0
8.91226
-0
39.6426
-0
-0
-0
-0
-0
-0
21.2659
3.39789
-0
-0
-0
-0
41.3238
-0
19.9877
-0
-0
-0
4.05899
-0
1.87454
-0
-0
-0
-0
-0
20.621
-0
-0
-0
-0
-0
-0
-0
-0
-0
15.1786
-0
-0
-0
-0
-0
-0
17.2618
-0
-0
30.921
-0
-0
-0
-0
-0
-0
13.9602
-0
-0
-0
71.0767
5.39302
-0
-0
37.0638
-0
-0
24.2759
14.8165
-0
-0
-0
-0
7.72269
26.4184
-0
4.03049
-0
-0
-0
-0
-0
-0
-0
-0
8.90562
-0
24.568
-0
-0
-0
-0
-0
-0
-0
16.4905
-0
-0
-0
-0
-0
-0
-0
-0
-0
-0
17.1775
21.908
-0
3.02531
-0
-0
-0
26.4601
35.0622
-0
-0
-0
-0
8.94364
-0
-0
18.8345
21.3952
-0
36.6853
-0
-0
16.7595
32.3377
-0
-0
-0
-0
-0
-0
25.4332
-0
-0
-0
15.4277
19.3901
-0
-0
-0
-0
2.38519
-0
25.6458
-0
-0
-0
-0
-0
-0
-0
-0
-0
-0
43.5233
8.34741
-0
4.88529
-0
-0
-0
-0
-0
29.1449
2.90631
-0
-0
-0
-0
14.4909
27.2347
-0
64.7051
-0
3.45777
-0
23.6572
-0
-0
-0
2.26112
-0
-0
66.7864
18.2877
-0
-0
-0
-0
-0
-0
-0
-0
-0
3.24067
-0
-0
11.7123
-0
17.6381
-0
-0
40.6263
-0
-0
-0
-0
48.3302
-0
-0
-0
2.57927
-0
-0
-0
-0
-0
-0
-0
-0
-0
-0
-0
-0
-0
-0
0.92898
-0
-0
48.3245
-0
-0
-0
-0
22.2535
-0
15.9649
-0
-0
-0
-0
-0
-0
-0
-0
-0
-0
-0
-0
-0
-0
-0
-0
-0
15.1228
-0
-0
-0
62.7982
-0
-0
-0
-0
-0
-0
-0
-0
9.1641
27.4625
36.397
-0
39.8014
19.5009
-0
-0
-0
22.6629
42.6999
-0
28.2492
67.8579
-0
-0
51.4669
-0
-0
7.41366
-0
-0
-0
23.4125
-0
-0
-0
-0
-0
-0
-0
-0
0.382463
-0
-0
33.0795
-0
-0
-0
-0
-0
22.9656
-0
4.86256
-0
-0
-0
-0
-0
-0
-0
-0
-0
25.2604
-0
-0
-0
-0
-0
-0
-0
18.0023
-0
36.7921
-0
-0
28.3467
-0
-0
-0
-0
21.1913
0.71591
-0
-0
-0
19.959
-0
-0
-0
-0
-0
-0
10.4283
-0
-0
-0
-0
-0
-0
-0
-0
-0
-0
47.4078
-0
-0
-0
-0
-0
-0
3.12075
-0
-0
-0
-0
-0
-0
-0
-0
-0
2.63874
-0
-0
-0
29.4107
-0
32.5833
-0
18.0244
-0
32.3464
-0
-0
-0
-0
43.6953
28.7239
-0
5.07917
7.40429
-0
-0
-0
11.8956
-0
-0
-0
-0
-0
-0
-0
-0
-0
-0
-0
8.14226
-0
-0
-0
-0
-0
-0
-0
-0
12.6329
-0
-0
-0
-0
-0
33.0491
-0
-0
-0
-0
-0
-0
4.05763
-0
-0
-0
-0
-0
-0
-0
22.4134
-0
-0
-0
2.83425
0.360376
-0
8.52951
-0
23.3908
-0
-0
-0
16.288
-0
-0
-0
-0
-0
-0
-0
7.31021
-0
-0
-0
-0
-0
-0
-0
-0
-0
-0
-0
-0
-0
16.9665
-0
-0
-0
-0
-0
34.4473
14.3884
-0
-0
-0
-0
-0
19.4077
-0
-0
2.57861
-0
-0
-0
-0
-0
-0
-0
-0
20.0553
-0
0.00023824
15.0829
-0
-0
-0
-0
13.7711
-0
-0
-0
-0
-0
-0
-0
28.1826
-0
42.9181
-0
-0
-0
1.60078
-0
-0
6.75188
-0
-0
-0
-0
-0
52.3369
6.56677
-0
-0
-0
-0
-0
3.49129
-0
-0
-0
4.70523
-0
-0
-0
0.274611
-0
-0
-0
-0
-0
-0
-0
-0
-0
12.6832
-0
-0
-0
-0
10.7884
11.686
-0
-0
-0
-0
-0
-0
-0
58.8777
-0
-0
60.3645
-0
23.3857
-0
-0
-0
-0
-0
-0
-0
-0
-0
-0
-0
0.823186
-0
-0
-0
-0
-0
-0
-0
-0
-0
-0
-0
6.06658
35.7772
-0
12.7804
-0
-0
-0
-0
-0
-0
-0
-0
-0
-0
-0
-0
-0
-0
-0
7.19636
-0
-0
-0
-0
-0
-0
-0
-0
-0
-0
-0
-0
-0
12.5383
22.9193
-0
-0
-0
-0
-0
-0
-0
-0
-0
-0
13.0545
-0
11.979
-0
-0
-0
-0
-0
18.1973
-0
-0
-0
-0
-0
-0
28.3108
-0
-0
-0
-0
-0
48.7075
22.806
-0
23.3153
-0
31.669
-0
-0
-0
-0
-0
6.96429
-0
-0
40.4425
-0
-0
-0
-0
-0
6.33116
-0
-0
-0
-0
-0
-0
-0
-0
-0
-0
-0
37.5876
-0
-0
-0
43.6743
-0
-0
-0
-0
-0
-0
-0
-0
-0
-0
-0
-0
-0
-0
-0
28.5218
-0
-0
-0
-0
-0
-0
-0
-0
-0
7.37802
-0
-0
-0
27.3811
-0
-0
-0
-0
-0
-0
-0
-0
-0
-0
-0
-0
-0
-0
-0
3.35456
-0
28.7865
-0
-0
-0
-0
-0
-0
-0
-0
-0
-0
-0
-0
-0
-0
-0
-0
-0
-0
-0
-0
-0
-0
-0
-0
-0
-0
-0
-0
-0
-0
-0
-0
-0
5.60067
-0
-0
-0
-0
5.6104
-0
19.0685
-0
28.72
-0
-0
-0
-0
6.96936
-0
-0
11.1617
-0
-0
-0
-0
8.12792
-0
18.9665
-0
-0
-0
15.3127
-0
-0
-0
-0
26.3939
-0
2.06377
-0
-0
-0
-0
-0
9.52807
-0
-0
-0
-0
-0
-0
8.4361
-0
-0
-0
-0
35.5876
-0
9.63273
-0
-0
-0
-0
-0
-0
-0
-0
-0
-0
3.90977
-0
-0
-0
-0
-0
-0
0.415405
-0
-0
-0
-0
-0
-0
-0
-0
23.3477
-0
-0
-0
49.7265
43.1312
-0
-0
-0
-0
-0
-0
-0
-0
-0
-0
-0
26.7322
-0
-0
16.6422
-0
0.0464359
-0
0.508385
-0
-0
-0
1.06118
-0
-0
-0
-0
-0
-0
-0
15.9809
-0
40.2296
-0
38.3095
-0
-0
-0
22.2022
-0
54.5188
-0
-0
-0
-0
-0
-0
-0
-0
-0
-0
-0
-0
50.0418
-0
-0
-0
4.71859
-0
45.559
25.9503
-0
47.538
-0
-0
-0
-0
-0
-0
-0
-0
30.3846
-0
-0
-0
7.90132
-0
-0
41.2431
-0
-0
-0
-0
-0
-0
-0
-0
-0
-0
-0
-0
-0
-0
-0
0.420295
3.24968
-0
-0
7.98852
-0
8.78802
20.1217
16.1283
-0
-0
-0
12.7521
-0
-0
-0
-0
-0
-0
37.8654
-0
-0
-0
-0
46.7394
16.1486
32.4754
-0
-0
-0
0.671822
-0
7.97023
-0
-0
39.6479
34.459
-0
-0
23.2441
-0
8.51142
-0
-0
-0
-0
-0
-0
19.2123
-0
1.9856
-0
-0
-0
3.11065
-0
-0
17.8564
-0
-0
-0
-0
-0
-0
-0
10.0616
-0
-0
-0
-0
-0
-0
10.2242
-0
-0
8.77805
7.84783
-0
-0
-0
-0
-0
6.51047
-0
-0
-0
-0
-0
-0
6.85701
-0
-0
25.2176
-0
-0
-0
-0
31.2129
-0
-0
-0
-0
-0
-0
-0
12.6424
-0
-0
45.1725
-0
-0
15.729
-0
-0
-0
-0
2.60928
-0
11.8991
-0
-0
-0
-0
2.98577
-0
-0
-0
-0
-0
-0
10.4383
-0
-0
-0
53.9792
-0
-0
-0
-0
-0
-0
-0
-0
-0
-0
-0
45.9505
47.8527
-0
39.0573
-0
-0
-0
-0
-0
-0
-0
35.9382
-0
-0
-0
-0
-0
-0
-0
-0
-0
-0
0.858658
-0
47.8466
13.0713
35.6163
-0
-0
-0
-0
-0
-0
-0
-0
0.533844
-0
1.65309
-0
-0
-0
-0
8.87748
-0
-0
-0
-0
-0
-0
-0
30.977
-0
0.889549
-0
-0
-0
-0
-0
-0
-0
-0
-0
-0
-0
-0
-0
-0
-0
-0
-0
-0
-0
-0
-0
-0
-0
-0
-0
-0
-0
-0
-0
-0
5.40034
-0
-0
21.4542
49.716
23.2893
-0
-0
-0
-0
-0
-0
-0
-0
-0
-0
0.768242
-0
-0
-0
40.1971
42.1225
-0
19.6586
-0
5.71838
26.3538
6.66367
-0
-0
-0
-0
-0
-0
-0
-0
-0
-0
-0
-0
42.108
-0
0.432766
-0
-0
-0
-0
-0
-0
-0
-0
-0
-0
-0
-0
-0
-0
-0
-0
-0
-0
2.67692
-0
-0
-0
-0
-0
-0
-0
-0
-0
-0
-0
-0
26.6528
-0
-0
5.78374
-0
-0
-0
9.12782
-0
-0
-0
-0
-0
-0
-0
-0
-0
-0
14.1271
-0
-0
1.65244
-0
-0
-0
-0
-0
-0
4.56192
-0
-0
-0
1.02223
-0
-0
-0
-0
16.4698
-0
-0
-0
-0
-0
-0
-0
-0
-0
-0
11.04
-0
-0
-0
10.1458
-0
-0
40.0605
-0
-0
-0
-0
-0
-0
-0
-0
-0
-0
-0
-0
-0
-0
-0
-0
-0
-0
-0
-0
-0
-0
-0
-0
34.4744
-0
-0
16.1233
-0
-0
38.0308
-0
-0
9.82283
-0
-0
-0
-0
-0
1.86222
-0
-0
-0
-0
-0
-0
-0
-0
-0
1.0343
-0
-0
-0
-0
7.28104
-0
-0
-0
20.6167
-0
6.75144
63.6084
-0
-0
-0
-0
35.5242
-0
-0
-0
-0
-0
-0
23.8263
-0
-0
31.8911
-0
-0
-0
0.340714
-0
11.0716
-0
-0
-0
-0
-0
-0
-0
-0
-0
-0
-0
-0
-0
-0
20.9436
-0
5.61711
-0
-0
-0
-0
-0
-0
0.864364
-0
2.61934
9.45029
7.41984
8.96951
-0
-0
4.49106
-0
-0
-0
-0
9.69596
-0
-0
-0
-0
-0
8.45141
-0
-0
-0
-0
82.3987
-0
-0
-0
-0
-0
-0
-0
-0
-0
11.6456
-0
3.03475
17.6607
-0
-0
15.0197
-0
-0
-0
-0
10.7319
-0
-0
-0
-0
-0
-0
-0
-0
34.9385
-0
-0
-0
-0
-0
-0
-0
-0
-0
1.17056
14.0288
-0
-0
-0
14.9242
-0
57.9048
-0
-0
22.407
-0
-0
6.34007
-0
-0
-0
-0
11.4418
-0
0.369747
-0
-0
-0
-0
-0
-0
-0
-0
-0
10.5065
-0
-0
-0
-0
-0
-0
-0
-0
-0
-0
-0
28.691
-0
-0
2.30123
-0
12.996
5.51206
-0
-0
-0
-0
-0
-0
24.1608
-0
-0
49.1713
-0
-0
-0
-0
-0
27.8917
-0
-0
-0
-0
4.3149
38.5617
-0
-0
-0
54.9591
-0
5.4763
54.4766
-0
-0
7.00406
-0
-0
-0
-0
-0
-0
71.4779
-0
-0
-0
-0
-0
-0
53.6411
-0
-0
11.9865
-0
-0
39.1605
-0
-0
-0
-0
-0
-0
-0
12.3518
-0
-0
-0
10.0089
5.94369
-0
-0
-0
20.0928
-0
-0
14.9247
-0
-0
-0
-0
-0
-0
-0
-0
-0
-0
-0
-0
-0
-0
-0
-0
-0
-0
-0
-0
-0
-0
40.3632
-0
-0
-0
-0
-0
-0
-0
-0
-0
36.0686
-0
0.0792306
-0
-0
-0
-0
10.38
-0
-0
-0
-0
0.68
-0
-0
-0
-0
-0
-0
-0
-0
67.7105
-0
33.6222
11.5989
-0
-0
-0
-0
-0
-0
-0
-0
-0
8.47634
15.725
-0
-0
-0
-0
2.09525
36.2007
-0
-0
-0
-0
-0
-0
-0
19.4635
-0
-0
-0
-0
-0
-0
56.5785
-0
29.8006
-0
29.4253
-0
-0
-0
-0
-0
5.25573
3.82274
-0
-0
-0
-0
-0
6.59316
-0
19.6176
-0
-0
-0
-0
-0
-0
1.58217
-0
-0
-0
-0
5.29598
-0
-0
-0
0.0222482
-0
-0
-0
37.3951
-0
14.8658
41.9861
-0
-0
51.6264
9.41099
-0
-0
37.8398
-0
-0
23.7865
-0
-0
-0
-0
-0
-0
-0
-0
-0
-0
-0
-0
-0
-0
-0
3.64508
-0
36.8425
-0
-0
-0
-0
-0
-0
-0
-0
-0
-0
-0
-0
-0
11.656
-0
-0
83.465
-0
-0
-0
17.0171
-0
-0
-0
-0
-0
29.2472
-0
-0
-0
31.3078
12.7278
-0
-0
-0
27.7805
-0
-0
-0
-0
-0
-0
25.3461
-0
-0
13.9856
-0
-0
-0
-0
-0
-0
-0
-0
-0
-0
-0
-0
-0
1.03662
-0
-0
-0
-0
16.9988
-0
-0
41.6797
-0
-0
-0
40.5648
-0
-0
-0
-0
-0
-0
-0
51.019
-0
33.4137
-0
-0
1.73762
23.7218
2.76168
-0
-0
-0
-0
9.08321
41.4875
-0
-0
-0
-0
-0
-0
-0
-0
-0
-0
1.00262
-0
18.8648
-0
23.8941
-0
-0
-0
8.21845
-0
-0
-0
-0
-0
-0
2.77549
-0
-0
25.1906
-0
0.6542
-0
-0
-0
-0
-0
-0
-0
18.6967
-0
-0
-0
-0
-0
-0
-0
-0
-0
-0
0.311943
-0
-0
50.7638
-0
-0
-0
-0
7.13219
-0
-0
-0
0.579995
-0
-0
-0
20.4173
-0
-0
14.254
-0
-0
-0
2.81817
-0
-0
7.87717
-0
29.4399
-0
-0
56.1646
-0
-0
-0
-0
-0
-0
24.7901
8.88556
4.77969
-0
-0
-0
5.10673
-0
-0
-0
-0
-0
-0
-0
-0
-0
10.3111
-0
26.9875
40.6429
2.21798
-0
-0
-0
-0
-0
-0
-0
-0
-0
-0
-0
-0
-0
-0
-0
-0
-0
-0
-0
-0
-0
-0
-0
-0
-0
-0
-0
1.48916
-0
-0
-0
4.572
-0
-0
-0
-0
-0
-0
12.4358
-0
-0
-0
-0
-0
-0
-0
-0
-0
-0
21.0752
-0
5.68069
-0
-0
-0
0.164367
-0
-0
-0
-0
-0
-0
-0
-0
-0
5.86057
4.26681
-0
-0
45.6913
-0
11.2785
-0
25.0172
-0
-0
-0
32.9217
-0
-0
-0
-0
-0
-0
-0
-0
-0
-0
-0
3.24561
-0
-0
-0
-0
-0
11.0491
-0
-0
-0
-0
-0
-0
40.1875
-0
-0
-0
-0
-0
-0
-0
-0
-0
-0
-0
-0
-0
48.8504
-0
35.2881
-0
-0
-0
-0
16.2957
-0
-0
-0
-0
-0
-0
-0
-0
-0
3.57307
-0
-0
7.33336
-0
44.9422
-0
14.5957
-0
-0
-0
-0
-0
-0
-0
-0
-0
92.1286
-0
-0
-0
-0
-0
-0
-0
39.2036
-0
-0
-0
-0
63.5081
-0
-0
-0
0.6512
-0
-0
15.1541
30.9123
-0
-0
23.2173
-0
-0
-0
-0
-0
-0
54.5781
81.8633
-0
-0
4.68262
8.07884
-0
48.3702
-0
-0
-0
-0
-0
-0
-0
-0
2.53737
-0
-0
-0
-0
-0
-0
-0
4.52472
12.3305
-0
-0
-0
-0
-0
45.2913
11.1468
-0
-0
-0
13.935
-0
-0
-0
3.86434
-0
-0
-0
-0
-0
-0
-0
-0
60.4712
-0
-0
-0
-0
-0
-0
-0
7.61007
42.0438
4.61182
-0
-0
6.60141
-0
-0
-0
8.11773
-0
-0
-0
-0
21.4442
-0
-0
-0
