1.53508
-0
-0
-0
-0
-0
-0
29.2219
14.9565
9.99457
32.4437
-0
-0
-0
-0
34.4341
-0
-0
-0
-0
-0
-0
-0
-0
-0
-0
9.82694
-0
-0
-0
-0
-0
-0
-0
4.05387
-0
-0
-0
-0
-0
-0
-0
-0
39.7936
-0
-0
-0
8.1149
-0
2.46204
-0
-0
-0
-0
-0
-0
0.407024
-0
3.25518
-0
-0
-0
7.13852
-0
16.8203
-0
-0
27.534
-0
1.84009
-0
-0
-0
-0
-0
0.354247
4.00554
-0
-0
-0
-0
45.166
7.20823
-0
-0
-0
-0
-0
-0
-0
-0
-0
-0
-0
15.8124
-0
3.31092
-0
-0
-0
-0
-0
-0
31.394
-0
-0
-0
-0
-0
-0
-0
-0
-0
-0
-0
0.124663
-0
-0
80.4812
31.7538
-0
-0
-0
-0
15.8401
-0
-0
7.69566
-0
0.377102
4.88617
8.62935
20.2864
-0
-0
-0
-0
5.13228
-0
1.86112
-0
-0
-0
-0
-0
-0
-0
-0
-0
-0
-0
-0
-0
-0
-0
-0
32.5446
-0
-0
1.58977
-0
-0
-0
12.867
34.6299
12.4966
-0
10.1058
-0
37.5797
-0
33.0481
-0
-0
-0
-0
-0
-0
-0
-0
5.83402
-0
-0
-0
-0
18.073
-0
-0
10.9362
-0
-0
-0
-0
10.4733
-0
-0
-0
-0
-0
-0
-0
-0
-0
-0
-0
-0
-0
16.9889
-0
-0
-0
-0
17.4655
-0
-0
11.6454
18.4826
-0
-0
-0
-0
-0
-0
15.9602
-0
-0
-0
-0
-0
-0
-0
-0
-0
-0
-0
-0
-0
-0
-0
-0
-0
-0
-0
-0
-0
-0
41.5598
-0
-0
-0
-0
-0
-0
-0
-0
-0
-0
-0
-0
-0
-0
-0
-0
12.79
-0
-0
-0
-0
-0
-0
-0
42.4633
-0
42.9718
-0
-0
-0
-0
-0
-0
2.56594
12.8083
-0
-0
-0
-0
0.582513
-0
-0
-0
-0
4.64243
13.4736
-0
-0
-0
19.2183
-0
-0
73.0758
-0
-0
0.214178
-0
25.777
35.832
-0
-0
19.884
-0
2.76852
20.0262
-0
-0
-0
-0
-0
-0
-0
0.37701
-0
-0
10.2586
-0
28.2204
-0
-0
-0
-0
-0
-0
-0
-0
-0
-0
-0
-0
2.99887
-0
-0
-0
-0
-0
10.4684
15.1032
-0
2.60397
-0
-0
-0
12.7581
-0
-0
-0
-0
-0
-0
-0
-0
-0
27.0329
-0
-0
12.5848
9.92369
2.40161
-0
-0
9.23394
-0
-0
2.84201
0.348999
5.92151
-0
-0
-0
-0
-0
-0
-0
27.2194
-0
-0
-0
26.1673
-0
-0
-0
-0
-0
9.91427
-0
-0
-0
-0
-0
-0
-0
-0
-0
6.01514
-0
-0
8.08776
-0
-0
-0
-0
4.86151
-0
-0
-0
-0
-0
18.1909
-0
-0
-0
-0
9.21121
-0
-0
-0
4.14
-0
5.33681
0.826591
-0
3.67551
-0
4.31332
-0
-0
34.8464
-0
7.38631
-0
-0
-0
-0
-0
30.6278
-0
-0
-0
-0
-0
-0
-0
14.2809
7.35705
-0
-0
-0
-0
-0
-0
-0
-0
-0
-0
2.88343
-0
41.5033
3.90616
20.5438
-0
-0
-0
-0
-0
-0
-0
-0
27.8582
2.07946
-0
-0
-0
-0
-0
-0
31.2898
-0
-0
-0
42.4691
-0
9.58906
24.6838
-0
-0
0.107934
-0
21.1898
-0
-0
-0
6.24718
-0
-0
29.2462
-0
-0
-0
-0
-0
-0
-0
-0
-0
-0
-0
-0
-0
-0
-0
22.9863
-0
9.55471
-0
21.8477
37.4759
-0
-0
-0
38.0097
-0
-0
-0
-0
-0
-0
6.68935
-0
18.3536
33.7956
-0
-0
-0
-0
-0
-0
-0
13.9367
16.3518
0.0799024
35.2428
-0
-0
-0
-0
-0
53.681
32.6029
-0
-0
14.2984
-0
-0
-0
10.168
-0
2.08937
-0
-0
-0
-0
8.25688
-0
-0
-0
29.8213
-0
13.2586
-0
-0
22.3494
-0
-0
-0
-0
-0
-0
28.8628
-0
-0
-0
21.1318
-0
-0
-0
-0
-0
-0
-0
-0
40.6093
-0
-0
-0
-0
-0
-0
-0
-0
-0
-0
8.7237
-0
-0
11.8298
-0
-0
-0
26.0844
-0
-0
6.83241
-0
-0
-0
30.5924
-0
-0
-0
-0
-0
-0
-0
-0
-0
-0
-0
-0
-0
-0
-0
17.4345
-0
-0
-0
-0
14.3505
-0
-0
-0
-0
-0
-0
-0
-0
-0
15.5934
-0
-0
-0
-0
-0
-0
-0
18.1337
5.52257
-0
55.224
-0
-0
-0
-0
-0
-0
-0
-0
-0
-0
-0
-0
0.979268
32.4269
-0
-0
-0
-0
-0
27.7663
-0
-0
-0
-0
-0
-0
42.9615
-0
-0
19.5784
-0
-0
-0
-0
-0
-0
-0
-0
-0
-0
-0
-0
-0
-0
-0
17.3337
-0
-0
-0
-0
25.3667
-0
-0
-0
-0
14.9727
-0
-0
38.5843
-0
-0
-0
34.2805
1.37353
18.6941
-0
-0
-0
-0
-0
-0
-0
-0
-0
-0
31.264
-0
-0
-0
7.36351
-0
-0
-0
6.75759
5.09465
-0
-0
-0
-0
-0
0.383083
-0
27.9125
-0
-0
-0
-0
-0
-0
19.77
5.46412
9.49686
-0
19.7907
-0
-0
-0
-0
-0
-0
-0
-0
-0
46.1949
-0
0.196145
-0
-0
-0
-0
12.6964
22.8846
-0
-0
-0
-0
-0
-0
-0
-0
23.926
-0
-0
-0
-0
-0
34.8792
-0
-0
36.8475
-0
0.594198
20.4256
-0
-0
-0
-0
-0
-0
38.2582
-0
31.4248
-0
4.2622
-0
-0
11.1905
-0
-0
-0
-0
1.28383
-0
17.4337
7.4604
-0
13.3863
-0
-0
-0
4.95624
15.1016
-0
-0
-0
-0
-0
-0
-0
12.0557
-0
-0
-0
26.2929
-0
-0
7.4605
5.54451
-0
-0
26.9455
2.17176
-0
-0
-0
5.77583
-0
-0
-0
-0
-0
-0
-0
-0
-0
-0
-0
-0
-0
38.3528
-0
-0
-0
-0
-0
3.47424
-0
-0
-0
-0
9.1351
-0
28.7022
-0
-0
-0
-0
-0
-0
-0
32.5091
-0
-0
19.1794
3.99871
-0
-0
-0
1.54915
-0
11.4309
-0
-0
-0
33.9597
-0
-0
-0
-0
-0
-0
0.19865
-0
-0
23.7718
-0
-0
-0
11.601
-0
-0
36.7484
-0
-0
-0
-0
12.4928
8.02398
-0
-0
-0
28.2115
-0
1.59991
4.47912
-0
-0
-0
-0
-0
11.1607
6.40894
-0
-0
-0
19.8411
-0
-0
-0
-0
5.92037
-0
-0
-0
-0
-0
-0
-0
-0
-0
-0
-0
-0
28.6005
-0
28.543
-0
33.7411
-0
-0
-0
5.10248
-0
-0
-0
-0
-0
-0
-0
-0
-0
-0
-0
-0
-0
17.4612
-0
-0
-0
4.24765
-0
-0
15.6093
-0
-0
-0
-0
-0
-0
-0
-0
-0
-0
-0
-0
-0
-0
5.93223
42.57
-0
-0
-0
-0
-0
-0
-0
-0
-0
-0
15.2479
-0
-0
-0
-0
-0
-0
-0
-0
-0
-0
-0
-0
7.48991
12.947
15.8427
-0
-0
-0
41.0107
-0
-0
-0
-0
-0
-0
-0
12.7818
-0
31.0716
-0
21.5888
-0
-0
-0
-0
-0
-0
-0
-0
14.1596
-0
-0
-0
-0
-0
-0
-0
11.9252
-0
16.3607
-0
-0
-0
-0
-0
-0
-0
-0
-0
-0
-0
16.748
-0
-0
-0
-0
-0
1.05162
-0
-0
-0
-0
-0
-0
-0
-0
30.4982
-0
-0
-0
-0
-0
-0
-0
7.03669
-0
-0
11.905
-0
-0
-0
-0
-0
8.86522
-0
-0
-0
-0
26.9456
-0
-0
-0
-0
-0
-0
2.15329
7.1781
7.08911
-0
-0
-0
-0
-0
14.8423
0.11734
-0
-0
-0
9.32257
-0
-0
-0
-0
8.73618
-0
-0
-0
-0
22.3321
21.1898
-0
-0
36.2077
6.76892
-0
-0
-0
-0
0.804097
19.5046
-0
-0
-0
-0
-0
-0
21.0766
-0
10.8392
-0
-0
-0
22.8919
-0
-0
21.6671
13.5112
35.4454
41.3847
-0
-0
-0
-0
-0
-0
-0
-0
-0
-0
-0
-0
-0
-0
-0
-0
-0
-0
-0
-0
19.0198
-0
-0
-0
-0
-0
-0
25.6443
-0
-0
13.2781
-0
-0
1.32376
-0
22.2436
-0
-0
-0
-0
-0
-0
-0
15.3179
3.04102
-0
48.9492
-0
-0
-0
-0
-0
-0
16.1898
-0
-0
-0
-0
-0
-0
-0
-0
-0
-0
-0
-0
-0
-0
-0
-0
1.14589
-0
-0
-0
-0
-0
28.3158
11.1642
-0
-0
-0
-0
-0
-0
40.4247
-0
-0
-0
8.91814
-0
-0
-0
-0
-0
-0
-0
9.92336
-0
-0
-0
-0
-0
12.8946
5.02951
21.0817
-0
13.5567
-0
7.17979
-0
-0
-0
-0
-0
-0
-0
-0
-0
-0
-0
-0
-0
61.8123
-0
-0
-0
-0
-0
-0
26.2287
16.759
-0
-0
22.9549
-0
-0
10.8924
44.4744
2.36616
12.3377
-0
-0
-0
-0
7.19007
-0
37.2502
-0
-0
-0
3.97629
-0
-0
-0
23.5987
1.33854
-0
9.33756
-0
2.19351
-0
19.0699
35.1046
-0
-0
1.19228
-0
29.8953
1.90245
-0
-0
-0
-0
-0
-0
-0
-0
12.0761
0.769029
-0
-0
-0
-0
-0
-0
-0
-0
-0
-0
5.17528
-0
-0
-0
-0
-0
-0
-0
-0
-0
12.2042
-0
11.1621
-0
-0
-0
-0
-0
4.68809
-0
-0
6.50392
-0
2.99653
-0
23.986
-0
-0
-0
-0
-0
-0
-0
23.1964
-0
-0
-0
-0
-0
-0
13.3104
19.291
-0
-0
24.0569
-0
70.0233
-0
-0
-0
-0
-0
-0
-0
-0
-0
-0
11.2625
-0
12.6826
-0
-0
20.2309
0.84883
-0
-0
-0
21.21
-0
33.4405
20.4798
-0
1.02342
-0
-0
-0
-0
2.82188
-0
1.52937
-0
-0
-0
-0
-0
-0
-0
0.888862
-0
-0
-0
-0
-0
-0
-0
-0
-0
-0
-0
-0
-0
16.4352
4.8094
-0
-0
-0
-0
-0
-0
-0
-0
-0
-0
-0
-0
-0
-0
-0
9.5171
-0
9.23188
-0
-0
-0
3.20182
-0
-0
-0
-0
-0
-0
-0
-0
-0
-0
-0
0.781474
-0
-0
-0
24.0728
-0
-0
-0
-0
-0
-0
-0
-0
-0
-0
-0
-0
-0
-0
-0
34.1378
2.70787
-0
-0
-0
-0
12.5045
-0
-0
-0
-0
-0
36.7916
-0
-0
-0
-0
-0
-0
-0
-0
7.34585
-0
-0
-0
-0
-0
-0
25.8621
-0
-0
21.9457
-0
-0
-0
-0
0.766464
-0
-0
-0
-0
-0
-0
-0
36.4907
4.20804
-0
-0
-0
-0
-0
24.5162
28.1299
43.3817
-0
-0
-0
-0
-0
-0
-0
33.7914
-0
-0
-0
-0
24.4337
-0
-0
-0
-0
-0
-0
-0
-0
-0
-0
-0
-0
23.204
-0
-0
-0
-0
-0
-0
6.30169
-0
-0
37.026
-0
4.02777
-0
-0
-0
-0
-0
-0
-0
-0
-0
19.7385
-0
-0
-0
-0
-0
-0
-0
-0
-0
-0
-0
-0
12.1288
19.9045
-0
-0
-0
-0
19.7063
23.1319
-0
17.2219
-0
-0
-0
28.8567
-0
-0
-0
-0
-0
-0
-0
-0
-0
-0
-0
-0
21.3455
-0
-0
-0
13.1742
-0
-0
-0
16.6514
-0
-0
-0
-0
-0
-0
-0
15.7534
-0
-0
-0
-0
-0
38.7619
-0
-0
-0
10.5348
-0
-0
9.43903
-0
27.5661
-0
7.95016
-0
27.973
-0
-0
48.507
-0
-0
-0
-0
-0
-0
11.9105
16.1251
-0
19.6383
-0
-0
-0
-0
-0
-0
-0
-0
-0
-0
-0
-0
-0
-0
-0
-0
-0
-0
1.85289
-0
-0
37.7966
36.4764
-0
-0
28.2881
-0
-0
1.02302
-0
12.6189
-0
-0
-0
-0
-0
-0
-0
11.2151
-0
35.5544
-0
-0
-0
-0
-0
-0
-0
-0
-0
-0
-0
-0
44.3218
-0
13.2743
-0
-0
13.4574
-0
-0
-0
-0
13.8945
-0
-0
-0
-0
-0
-0
-0
-0
-0
22.0142
-0
-0
-0
4.63593
-0
-0
-0
-0
-0
-0
-0
-0
-0
-0
-0
-0
-0
-0
-0
-0
-0
-0
-0
-0
-0
-0
-0
-0
-0
-0
-0
-0
-0
20.5367
0.884115
-0
20.7033
-0
-0
-0
-0
-0
-0
-0
-0
-0
-0
-0
-0
18.496
-0
-0
-0
-0
-0
-0
-0
-0
-0
-0
-0
-0
-0
-0
12.8672
-0
-0
-0
-0
-0
-0
-0
-0
27.8742
1.74324
-0
-0
-0
-0
39.4595
16.015
12.8761
-0
-0
-0
-0
-0
-0
-0
-0
-0
-0
-0
16.9716
-0
-0
-0
-0
-0
-0
-0
-0
-0
0.570661
-0
-0
-0
-0
-0
-0
-0
-0
-0
31.7969
-0
-0
-0
-0
0.925745
-0
12.7854
-0
-0
-0
65.0044
6.95786
-0
-0
31.5709
7.00193
-0
10.5857
-0
-0
-0
8.96043
-0
34.6652
-0
-0
4.56469
-0
-0
-0
-0
-0
-0
-0
-0
8.67893
-0
17.0957
-0
-0
14.8213
-0
-0
-0
-0
16.2972
-0
-0
-0
-0
-0
-0
2.78132
-0
-0
-0
11.1497
-0
-0
6.53453
17.4386
-0
18.6205
24.9301
17.2997
-0
12.6692
-0
-0
15.9079
-0
-0
23.2226
24.8036
-0
21.5487
-0
-0
3.17141
16.4922
-0
-0
-0
-0
-0
-0
10.2533
-0
-0
1.71305
14.3725
2.22472
-0
-0
-0
-0
0.563283
-0
51.0759
-0
-0
-0
-0
0.242711
-0
-0
-0
-0
-0
29.7578
5.08467
-0
5.25219
-0
-0
-0
-0
-0
10.2805
-0
-0
-0
-0
1.01491
3.2447
-0
-0
33.2908
-0
-0
-0
8.60509
-0
-0
-0
-0
-0
2.26309
25.2779
8.42787
-0
-0
-0
-0
-0
-0
-0
-0
-0
-0
-0
-0
-0
-0
18.7101
-0
-0
30.0558
4.31031
-0
-0
-0
51.1102
-0
-0
-0
-0
1.12102
-0
-0
-0
-0
-0
-0
-0
-0
-0
-0
-0
-0
-0
0.961029
-0
-0
17.3306
-0
-0
-0
-0
10.8376
-0
2.91071
-0
-0
-0
-0
-0
-0
-0
-0
-0
0.0967252
-0
-0
-0
-0
-0
-0
-0
-0
-0
-0
-0
11.6707
-0
-0
-0
-0
-0
-0
-0
-0
10.3623
-0
25.4754
-0
6.22389
-0
-0
-0
-0
5.79616
44.6379
-0
31.8414
25.424
-0
-0
22.1132
-0
-0
-0
-0
-0
-0
20.8332
-0
-0
-0
-0
-0
7.86772
-0
-0
-0
-0
-0
-0
-0
-0
-0
-0
-0
7.81443
-0
-0
-0
-0
-0
-0
-0
-0
16.6921
8.97478
8.96283
25.4004
-0
-0
-0
-0
-0
-0
6.93481
6.17613
-0
21.0614
-0
15.6563
19.7655
-0
-0
-0
-0
32.743
0.700256
-0
-0
-0
8.01926
-0
-0
-0
-0
-0
-0
2.42022
-0
-0
-0
-0
-0
-0
-0
-0
3.46681
-0
42.355
-0
4.98121
-0
-0
-0
-0
29.8512
-0
-0
-0
-0
-0
14.1177
-0
-0
-0
3.7015
-0
-0
-0
36.566
-0
7.85917
-0
30.7613
-0
9.42184
0.785885
-0
-0
-0
41.1279
-0
-0
-0
-0
-0
-0
-0
19.568
-0
-0
-0
-0
-0
-0
-0
-0
-0
-0
-0
2.7288
-0
-0
-0
-0
-0
-0
-0
-0
22.7781
-0
-0
-0
-0
-0
29.6488
-0
-0
6.48017
-0
-0
-0
3.26728
-0
-0
-0
-0
-0
-0
-0
21.5908
-0
-0
-0
24.2912
14.4362
14.5711
29.9652
-0
4.07519
-0
-0
-0
19.9285
-0
-0
-0
-0
-0
-0
-0
-0
-0
-0
-0
-0
-0
-0
-0
-0
-0
-0
-0
22.7552
-0
-0
-0
-0
-0
-0
-0
37.8019
2.92418
-0
-0
-0
-0
-0
4.40408
-0
-0
1.80463
-0
-0
-0
-0
-0
-0
-0
-0
9.27908
-0
16.6686
11.6799
-0
-0
-0
-0
-0
-0
-0
-0
1.18205
-0
-0
-0
-0
2.56302
30.9443
-0
-0
3.90616
2.26257
-0
-0
16.7409
-0
-0
5.73739
-0
-0
9.43615
23.454
-0
-0
-0
1.85496
-0
0.411684
-0
-0
-0
14.2456
0.783489
-0
-0
3.8117
-0
-0
-0
-0
-0
-0
-0
-0
-0
14.4363
-0
-0
-0
-0
39.8226
8.67121
-0
-0
-0
-0
-0
-0
-0
59.5084
-0
0.00187647
33.6594
7.77543
-0
-0
-0
-0
-0
-0
-0
-0
-0
-0
-0
-0
0.206929
-0
-0
-0
-0
-0
-0
-0
-0
-0
-0
-0
-0
28.3064
-0
-0
-0
-0
-0
-0
-0
1.88041
-0
-0
-0
-0
-0
-0
-0
-0
-0
5.7136
-0
-0
5.27475
-0
-0
-0
-0
-0
-0
-0
-0
-0
-0
6.94444
23.5791
-0
1.8068
-0
-0
-0
-0
-0
-0
-0
6.2667
-0
-0
8.85559
-0
-0
-0
-0
-0
8.88347
-0
-0
-0
-0
-0
-0
-0
-0
-0
-0
-0
-0
18.9255
23.6462
-0
21.2161
-0
17.7675
0.756691
-0
-0
-0
-0
3.52985
-0
-0
29.5347
1.9153
-0
-0
-0
-0
4.80738
-0
-0
-0
-0
-0
-0
-0
-0
-0
-0
-0
40.8097
-0
-0
-0
20.9785
-0
-0
-0
-0
-0
-0
-0
-0
-0
-0
-0
-0
-0
31.538
-0
9.01253
-0
-0
3.39081
1.14265
-0
-0
-0
-0
-0
8.91778
-0
-0
-0
3.26127
-0
-0
-0
-0
13.4509
-0
-0
-0
-0
-0
-0
-0
-0
-0
-0
5.12538
-0
-0
-0
-0
-0
-0
-0
-0
17.1315
-0
-0
-0
-0
-0
-0
-0
-0
-0
-0
-0
-0
-0
-0
-0
-0
4.94827
-0
-0
-0
-0
12.2863
-0
-0
-0
-0
4.11384
-0
-0
-0
-0
22.9239
-0
26.2523
-0
23.4453
5.48464
-0
-0
-0
20.5411
-0
-0
-0
-0
-0
-0
-0
47.9333
-0
33.9562
-0
-0
-0
39.7214
-0
-0
-0
-0
14.2271
-0
26.4562
-0
-0
9.90172
-0
-0
1.88974
-0
-0
-0
-0
-0
-0
-0
-0
-0
-0
-0
1.17661
-0
-0
-0
-0
-0
-0
-0
-0
-0
-0
-0
-0
11.041
-0
-0
-0
-0
-0
-0
-0
-0
-0
-0
-0
-0
-0
-0
-0
15.4898
5.52604
-0
-0
25.5499
51.3144
-0
-0
-0
-0
-0
-0
-0
-0
-0
-0
-0
7.24334
-0
-0
-0
-0
10.5325
-0
0.370671
-0
-0
-0
-0
-0
-0
-0
-0
-0
-0
-0
19.2487
-0
36.9817
-0
27.5266
-0
-0
-0
3.58837
-0
41.5701
-0
-0
-0
-0
-0
-0
-0
-0
-0
-0
-0
-0
38.8228
-0
-0
-0
-0
-0
34.5139
15.1348
-0
17.6168
-0
-0
-0
0.558231
-0
-0
-0
-0
15.0444
-0
-0
-0
-0
-0
-0
58.498
-0
-0
-0
-0
-0
-0
-0
-0
-0
-0
-0
-0
-0
-0
-0
-0
9.40602
-0
-0
4.77743
-0
1.93203
-0
-0
-0
2.39091
-0
-0
-0
-0
-0
9.1986
-0
-0
23.1537
-0
-0
-0
-0
39.0172
20.4068
21.6236
-0
-0
-0
-0
-0
-0
-0
7.9193
14.5582
18.3799
-0
0.0887651
-0
-0
20.2598
-0
8.39556
37.4937
-0
-0
-0
50.2336
-0
-0
-0
-0
-0
24.3353
-0
-0
9.16825
-0
-0
-0
-0
-0
-0
-0
15.9752
-0
-0
-0
-0
-0
9.6225
-0
5.36001
-0
5.81175
-0
-0
-0
-0
-0
-0
-0
-0
-0
-0
-0
-0
-0
22.5893
-0
-0
16.0463
-0
-0
-0
-0
9.264
-0
-0
-0
3.16
-0
-0
-0
22.4966
-0
-0
23.1403
-0
-0
26.138
-0
0.658842
-0
-0
-0
-0
13.0271
-0
-0
-0
-0
6.02847
-0
-0
-0
-0
-0
-0
-0
-0
-0
-0
28.1962
-0
-0
-0
-0
-0
-0
-0
11.7544
-0
-0
-0
9.75845
53.5232
-0
33.3743
-0
-0
-0
-0
-0
-0
-0
4.22565
-0
-0
-0
-0
-0
-0
-0
-0
-0
-0
-0
1.04936
4.7256
16.9477
14.1936
-0
-0
-0
20.4361
-0
-0
-0
-0
0.848761
-0
-0
-0
-0
-0
-0
-0
-0
-0
-0
3.35515
-0
-0
-0
30.2533
-0
-0
0.485873
-0
-0
-0
-0
-0
-0
19.2772
-0
-0
-0
-0
-0
9.39537
-0
-0
-0
-0
-0
-0
-0
-0
-0
-0
-0
-0
-0
-0
0.203421
-0
13.0173
-0
-0
3.35748
23.8523
23.831
-0
-0
-0
-0
-0
-0
-0
-0
-0
-0
11.0779
-0
-0
-0
25.5597
-0
-0
-0
-0
21.0359
44.0225
38.0679
-0
-0
-0
-0
-0
-0
-0
-0
-0
-0
-0
4.10182
20.6468
-0
3.95264
-0
-0
8.15471
8.22014
-0
-0
-0
-0
-0
-0
-0
-0
-0
-0
-0
-0
-0
-0
-0
-0
-0
-0
-0
-0
0.0677517
-0
-0
-0
-0
-0
-0
22.9973
22.5154
-0
10.9682
-0
-0
-0
-0
-0
-0
-0
-0
-0
-0
-0
-0
-0
-0
-0
-0
-0
12.3126
-0
-0
-0
-0
-0
-0
5.9393
-0
-0
-0
-0
-0
-0
-0
-0
1.51012
-0
11.4193
7.56391
-0
-0
-0
-0
-0
-0
-0
6.1421
-0
-0
-0
18.5638
-0
-0
26.2771
-0
-0
-0
-0
0.930635
0.186178
-0
-0
-0
-0
-0
-0
-0
-0
-0
-0
-0
6.72519
-0
-0
-0
-0
-0
-0
-0
-0
-0
10.5797
-0
-0
45.5025
-0
-0
8.77604
-0
-0
-0
-0
-0
0.372948
-0
1.65987
-0
-0
-0
-0
-0
-0
-0
14.7009
-0
-0
-0
-0
-0
-0
-0
-0
24.1703
-0
39.3412
33.0244
-0
-0
-0
-0
25.0098
-0
-0
-0
1.49908
-0
-0
8.03907
-0
-0
29.5562
-0
19.8313
-0
0.738676
-0
12.9762
-0
-0
-0
-0
-0
-0
-0
-0
-0
-0
-0
-0
-0
-0
7.75458
-0
19.9977
-0
-0
-0
3.37287
-0
-0
5.18707
-0
-0
11.8615
-0
-0
11.891
-0
3.05007
-0
-0
-0
-0
-0
-0
-0
-0
-0
-0
-0
-0
-0
-0
-0
39.252
-0
-0
-0
-0
-0
-0
-0
-0
-0
10.5655
-0
3.47967
20.5363
-0
-0
28.1131
-0
12.3727
-0
9.08436
13.763
-0
-0
-0
-0
-0
-0
25.2926
-0
-0
-0
-0
-0
-0
-0
-0
-0
-0
-0
16.6121
30.1141
-0
-0
-0
-0
-0
51.3743
-0
-0
0.367126
5.72011
-0
12.9183
-0
-0
-0
-0
15.7835
-0
-0
-0
-0
-0
-0
-0
-0
-0
-0
-0
-0
-0
-0
-0
-0
-0
-0
-0
-0
-0
-0
-0
31.8608
-0
-0
-0
-0
-0
0.82258
-0
-0
-0
-0
-0
-0
-0
-0
-0
28.5602
-0
-0
-0
-0
-0
29.9187
-0
-0
-0
-0
-0
44.5394
-0
-0
-0
26.4285
-0
8.06644
30.1597
4.39888
-0
29.5042
-0
-0
-0
-0
-0
-0
28.0436
-0
-0
-0
-0
-0
-0
11.3839
-0
-0
-0
-0
-0
-0
-0
6.15428
-0
-0
-0
-0
-0
0.117307
-0
-0
-0
32.9723
5.85267
4.55828
-0
-0
41.6071
-0
-0
4.12867
-0
-0
-0
-0
-0
-0
-0
-0
-0
-0
-0
-0
-0
-0
-0
-0
-0
-0
-0
-0
-0
8.69551
51.7436
14.9794
-0
-0
-0
-0
-0
-0
-0
-0
37.0297
-0
0.0813611
-0
-0
-0
-0
30.302
-0
-0
-0
-0
1.05346
9.55298
-0
-0
-0
-0
-0
-0
-0
42.5393
-0
34.0181
14.8672
-0
-0
-0
-0
-0
-0
-0
-0
-0
3.22213
14.7149
-0
-0
-0
-0
31.4359
28.006
-0
-0
-0
-0
-0
-0
-0
16.2285
-0
-0
-0
-0
-0
-0
40.4106
-0
37.0659
-0
16.5315
-0
12.0833
-0
-0
-0
-0
23.479
16.6481
-0
-0
-0
-0
-0
-0
-0
-0
-0
-0
-0
-0
-0
9.18051
-0
-0
-0
-0
3.2112
-0
-0
-0
3.09793
-0
-0
-0
29.7616
17.7278
-0
23.9652
-0
-0
57.0469
-0
-0
-0
22.7611
-0
-0
-0
-0
-0
-0
-0
-0
-0
-0
-0
-0
-0
-0
-0
-0
-0
-0
5.59397
-0
31.7546
-0
-0
-0
-0
0.165985
-0
-0
-0
-0
-0
-0
-0
-0
19.5169
-0
-0
42.6588
-0
-0
-0
7.55407
-0
-0
-0
-0
-0
21.3525
0.054924
11.8852
-0
43.2664
23.6451
-0
-0
13.3136
6.48712
-0
-0
-0
-0
-0
-0
-0
-0
-0
8.7593
-0
-0
-0
-0
-0
-0
-0
-0
-0
-0
-0
-0
-0
2.27648
-0
-0
-0
-0
-0
-0
-0
9.25733
-0
-0
22.3887
0.972613
-0
-0
-0
-0
-0
13.0398
-0
37.373
-0
16.5871
-0
-0
6.31079
7.68107
9.99238
-0
-0
-0
-0
-0
14.7405
9.2109
-0
-0
-0
-0
-0
-0
-0
-0
-0
-0
-0
23.486
-0
11.6926
-0
-0
-0
33.6184
-0
-0
-0
-0
-0
-0
18.5388
-0
-0
17.0361
-0
3.19809
-0
-0
15.8478
-0
-0
-0
-0
21.9419
-0
-0
-0
-0
-0
-0
-0
-0
-0
4.2045
6.15383
-0
-0
27.5009
-0
-0
-0
-0
13.4581
22.5477
-0
-0
6.4581
-0
-0
-0
49.6003
-0
-0
-0
-0
-0
-0
27.3782
-0
-0
5.22174
-0
-0
-0
-0
47.9774
-0
-0
-0
-0
-0
-0
22.1562
14.4122
-0
-0
-0
-0
16.312
-0
-0
-0
-0
-0
-0
-0
-0
-0
8.92187
-0
-0
8.67541
-0
-0
-0
-0
-0
18.1264
-0
-0
-0
-0
-0
-0
8.55466
-0
-0
-0
-0
-0
-0
-0
-0
14.5915
2.30843
-0
-0
-0
-0
13.4907
-0
-0
-0
-0
7.49009
-0
-0
-0
-0
8.20933
-0
-0
-0
-0
-0
18.9342
6.8995
-0
-0
-0
-0
-0
23.6625
-0
-0
-0
-0
-0
-0
-0
-0
-0
-0
9.78414
-0
-0
35.3952
-0
15.7742
3.06676
34.7422
-0
41.1942
-0
2.96736
-0
21.6375
-0
-0
-0
28.6796
-0
-0
10.2876
-0
-0
-0
-0
27.331
-0
-0
-0
18.0359
11.4893
-0
-0
-0
7.50384
18.1711
-0
-0
-0
-0
-0
-0
25.8762
-0
-0
-0
-0
-0
-0
-0
-0
-0
-0
-0
-0
-0
55.8816
-0
30.7365
5.95888
-0
-0
-0
2.99861
-0
-0
-0
-0
-0
-0
-0
-0
-0
7.29996
-0
-0
11.7466
-0
25.838
-0
1.50164
-0
-0
-0
-0
-0
-0
-0
-0
-0
46.5836
-0
-0
-0
-0
-0
-0
-0
25.3729
-0
-0
-0
-0
37.7129
-0
-0
-0
23.7584
-0
-0
21.668
49.8678
-0
-0
6.7901
-0
7.3923
-0
-0
-0
-0
43.7889
55.394
-0
-0
4.63827
8.68743
-0
22.8139
-0
-0
-0
-0
-0
-0
-0
-0
2.4105
-0
-0
-0
-0
-0
-0
-0
7.60599
14.1875
-0
-0
-0
21.1432
-0
16.1343
0.334329
-0
-0
-0
-0
-0
-0
-0
1.83192
-0
-0
-0
-0
-0
-0
-0
-0
32.9127
-0
-0
-0
-0
-0
-0
3.04986
-0
33.6032
11.1993
-0
-0
4.83064
-0
-0
-0
20.169
-0
-0
-0
-0
17.6724
-0
-0
-0
