-0
-0
-0
-0
-0
-0
-0
10.9117
35.8558
31.5474
30.2353
-0
-0
-0
-0
33.8999
-0
-0
-0
-0
-0
-0
-0
1.91025
5.49736
-0
15.6583
-0
-0
-0
-0
-0
-0
-0
-0
-0
-0
-0
-0
-0
12.0655
-0
-0
61.8518
-0
-0
-0
18.8005
-0
-0
-0
-0
0.714591
-0
-0
-0
-0
-0
26.0198
-0
-0
-0
27.1605
-0
-0
-0
-0
17.6537
-0
2.17678
-0
-0
-0
-0
-0
-0
1.55802
-0
-0
-0
-0
77.8072
-0
-0
11.2485
-0
-0
-0
-0
-0
-0
-0
-0
-0
0.932478
-0
-0
-0
-0
-0
-0
-0
-0
-0
-0
-0
1.96086
-0
-0
-0
-0
-0
-0
-0
-0
15.3122
-0
-0
56.4109
10.611
-0
-0
-0
-0
-0
-0
-0
-0
-0
13.9143
15.054
12.1285
-0
-0
-0
-0
-0
11.5584
-0
-0
-0
-0
-0
-0
-0
-0
-0
-0
-0
-0
-0
12.0079
-0
-0
-0
-0
25.7823
-0
-0
2.56689
14.5668
-0
-0
-0
16.7034
3.90593
-0
-0
-0
70.4197
-0
23.6833
-0
-0
-0
-0
-0
-0
-0
-0
12.6023
-0
-0
-0
-0
21.6287
-0
-0
36.7413
-0
-0
-0
-0
12.7563
-0
-0
-0
-0
-0
-0
-0
-0
-0
-0
-0
9.60524
-0
18.6013
6.33772
-0
-0
-0
8.17088
-0
-0
19.6293
8.3607
-0
-0
-0
-0
-0
-0
24.7754
18.4012
-0
-0
-0
-0
-0
-0
-0
-0
-0
-0
-0
-0
-0
-0
-0
-0
-0
-0
-0
-0
-0
19.6034
-0
-0
-0
-0
-0
-0
9.50666
15.8427
-0
-0
-0
21.5693
-0
16.3621
-0
-0
5.88659
-0
-0
-0
-0
-0
-0
-0
63.2192
-0
34.0175
-0
-0
-0
-0
-0
-0
-0
1.76143
-0
-0
-0
-0
10.9065
19.5297
-0
-0
-0
16.9237
21.9727
-0
6.15529
-0
-0
-0
-0
81.1861
-0
-0
-0
-0
8.41433
32.3237
-0
-0
15.717
-0
9.49448
7.64624
-0
-0
-0
0.889332
-0
-0
-0
-0
-0
-0
21.9141
-0
45.8676
-0
14.7762
-0
-0
-0
-0
-0
-0
-0
-0
-0
-0
8.377
-0
-0
-0
-0
-0
-0
5.64803
-0
17.19
-0
-0
-0
-0
-0
-0
-0
-0
-0
-0
-0
-0
-0
12.6232
-0
-0
17.279
-0
1.73306
-0
-0
15.9903
-0
-0
5.0206
0.846997
30.6672
-0
-0
-0
3.47874
-0
-0
-0
5.93003
11.4464
-0
-0
35.2847
6.28578
-0
-0
-0
-0
-0
-0
-0
-0
-0
-0
-0
-0
4.86372
-0
12.336
-0
-0
5.38635
-0
-0
-0
-0
-0
-0
-0
-0
-0
-0
-0
-0
-0
-0
-0
34.6915
-0
-0
-0
-0
-0
-0
-0
-0
17.4417
-0
-0
-0
-0
11.9905
-0
7.03565
-0
-0
-0
-0
-0
33.1528
-0
-0
6.38671
-0
-0
-0
-0
14.4844
-0
-0
-0
1.48407
4.51452
-0
-0
-0
-0
-0
-0
-0
-0
19.6299
6.15553
0.883666
-0
-0
-0
11.6812
-0
-0
-0
4.76752
13.8197
2.96195
-0
-0
-0
-0
-0
-0
-0
-0
-0
-0
45.1142
-0
7.23439
39.8513
-0
-0
17.0567
1.61775
58.3849
38.414
-0
-0
5.09843
-0
-0
31.188
-0
-0
-0
-0
-0
-0
8.11163
-0
-0
-0
-0
-0
-0
-0
-0
15.2816
-0
21.966
-0
-0
50.0566
-0
-0
-0
-0
-0
2.80545
-0
-0
-0
-0
20.4225
-0
-0
45.3336
-0
-0
-0
-0
-0
-0
-0
6.69697
12.2956
-0
25.8411
-0
-0
-0
-0
-0
93.1169
18.9725
-0
-0
14.4622
-0
-0
-0
8.59202
-0
1.24563
-0
-0
-0
-0
14.4867
-0
-0
-0
9.99022
-0
10.8286
-0
-0
17.0691
-0
-0
-0
-0
-0
-0
25.8805
-0
-0
-0
14.7248
-0
-0
-0
-0
-0
-0
-0
-0
50.1117
-0
-0
-0
-0
-0
-0
-0
-0
-0
22.8068
-0
-0
-0
4.69054
-0
-0
-0
5.47642
-0
-0
4.87967
-0
-0
-0
19.1885
-0
-0
-0
-0
-0
-0
-0
-0
-0
-0
-0
-0
-0
-0
-0
-0
-0
-0
-0
-0
31.4541
-0
-0
-0
-0
-0
-0
-0
-0
-0
6.04825
-0
-0
-0
-0
-0
-0
-0
29.395
-0
-0
13.8201
5.03897
-0
-0
-0
-0
-0
-0
-0
-0
-0
-0
-0
0.76666
7.08033
-0
0.190062
-0
-0
-0
23.0177
-0
-0
-0
-0
-0
-0
31.6346
-0
-0
21.3211
-0
-0
-0
22.8433
-0
-0
-0
11.5853
1.59187
-0
-0
-0
-0
-0
-0
-0
-0
-0
-0
-0
-0
-0
-0
-0
-0
-0
-0
-0
8.83134
-0
-0
-0
8.17935
9.87412
14.631
-0
-0
14.6447
-0
-0
-0
0.674628
-0
-0
-0
4.01302
-0
-0
-0
24.2465
-0
-0
-0
4.65096
23.3457
-0
-0
-0
-0
-0
-0
-0
28.5015
-0
-0
-0
-0
-0
-0
-0
0.407304
27.7734
-0
-0
-0
-0
-0
-0
-0
-0
-0
-0
-0
63.6636
-0
-0
-0
-0
-0
-0
20.1293
34.2838
-0
-0
-0
-0
-0
-0
-0
-0
3.52412
-0
13.0579
40.3802
27.603
-0
0.909273
-0
-0
21.6631
-0
-0
25.4564
-0
-0
-0
-0
-0
-0
8.15709
-0
2.00905
-0
13.2144
-0
-0
-0
-0
16.8727
-0
-0
1.49182
-0
7.00885
6.28851
-0
32.5152
10.9242
-0
-0
17.3771
-0
-0
-0
-0
-0
-0
-0
-0
-0
21.7722
-0
1.93186
13.8616
-0
-0
-0
-0
-0
-0
-0
-0
-0
-0
-0
-0
-0
-0
21.3437
-0
-0
-0
-0
-0
-0
-0
-0
19.8762
17.5917
70.0135
-0
-0
-0
-0
-0
-0
-0
-0
-0
-0
-0
-0
21.5231
-0
-0
-0
-0
-0
-0
-0
27.4804
-0
-0
8.57894
-0
-0
-0
-0
-0
-0
0.397935
-0
-0
-0
33.4108
-0
-0
-0
-0
-0
-0
6.01928
-0
-0
-0
-0
-0
-0
2.79838
-0
-0
6.68879
-0
-0
-0
7.99692
-0
-0
-0
-0
1.34247
22.7583
-0
-0
-0
-0
-0
-0
-0
-0
18.4948
-0
-0
-0
-0
3.06157
-0
-0
-0
-0
1.49464
-0
-0
-0
-0
-0
-0
-0
9.38429
14.5508
-0
-0
-0
28.2934
-0
39.0952
-0
64.6718
-0
-0
-0
37.7364
-0
2.28085
-0
-0
-0
-0
-0
-0
-0
-0
-0
-0
-0
20.3233
-0
-0
-0
11.9418
-0
-0
1.06913
-0
-0
-0
-0
-0
-0
11.0818
-0
-0
-0
-0
-0
-0
-0
-0
30.8206
-0
-0
-0
-0
-0
-0
-0
-0
-0
-0
-0
-0
-0
-0
-0
-0
-0
-0
-0
-0
-0
-0
-0
-0
-0
-0
-0
-0
-0
53.6552
-0
-0
-0
-0
-0
-0
-0
16.6901
-0
22.8903
-0
-0
-0
-0
-0
-0
-0
-0
-0
-0
28.5607
-0
-0
-0
-0
-0
-0
-0
7.89229
-0
16.3312
-0
-0
-0
-0
-0
-0
-0
-0
-0
-0
-0
10.7416
-0
-0
-0
-0
-0
-0
-0
-0
-0
-0
-0
-0
-0
-0
9.47622
-0
-0
-0
-0
-0
-0
-0
-0
23.2155
-0
19.1667
-0
-0
-0
-0
3.47068
-0
-0
-0
-0
-0
25.0641
-0
-0
-0
-0
-0
-0
-0
4.53453
7.00377
-0
-0
-0
-0
-0
6.30603
-0
-0
-0
-0
12.1069
-0
-0
-0
-0
-0
-0
-0
-0
-0
20.5797
9.76513
-0
-0
31.9149
49.3116
-0
-0
-0
-0
-0
22.9409
-0
-0
-0
-0
-0
-0
27.1462
-0
-0
-0
-0
-0
-0
-0
-0
56.4646
41.4988
32.9934
51.0138
-0
-0
-0
-0
-0
-0
-0
-0
-0
-0
-0
-0
-0
-0
-0
-0
-0
-0
-0
-0
15.3884
-0
-0
-0
-0
-0
-0
5.88005
-0
-0
9.27153
-0
-0
-0
-0
11.6284
-0
-0
-0
-0
26.0509
-0
-0
14.4417
-0
-0
44.8654
-0
-0
-0
-0
-0
-0
3.9906
-0
-0
-0
-0
-0
-0
-0
-0
-0
-0
4.78705
-0
-0
-0
-0
-0
-0
-0
-0
-0
-0
14.4816
-0
28.7274
-0
-0
-0
-0
-0
-0
28.8738
-0
-0
-0
-0
-0
-0
-0
-0
-0
-0
-0
-0
-0
-0
-0
-0
-0
9.80463
-0
8.06945
-0
15.1317
-0
-0
-0
-0
-0
-0
-0
-0
-0
-0
-0
-0
-0
-0
11.6597
63.7293
-0
-0
-0
-0
-0
-0
22.1781
46.9702
-0
-0
0.949539
-0
-0
-0
26.7502
28.0741
-0
-0
-0
-0
-0
-0
-0
50.0666
-0
-0
-0
-0
-0
-0
-0
13.793
-0
-0
-0
-0
5.02875
-0
5.46833
43.4332
-0
-0
-0
-0
31.2832
-0
-0
-0
-0
-0
-0
-0
-0
-0
-0
-0
-0
-0
-0
-0
0.755009
3.2213
-0
-0
-0
-0
-0
8.83955
-0
-0
-0
-0
-0
-0
-0
-0
34.5496
-0
-0
-0
-0
-0
-0
-0
15.2215
-0
-0
-0
-0
19.8152
-0
45.888
-0
-0
-0
-0
-0
-0
-0
47.4663
-0
-0
-0
-0
-0
-0
-0
-0
-0
13.5581
9.16546
-0
51.6763
-0
-0
-0
-0
-0
-0
-0
-0
-0
-0
-0
-0
12.2849
9.0432
-0
18.5611
0.672031
-0
-0
-0
29.8698
-0
3.67811
28.902
-0
-0
-0
-0
-0
-0
-0
5.83295
-0
-0
-0
-0
-0
-0
-0
-0
17.0645
-0
-0
-0
-0
-0
-0
-0
26.2849
-0
-0
-0
-0
-0
26.0433
7.70063
-0
17.7539
-0
-0
-0
-0
-0
-0
-0
-0
-0
-0
-0
15.9433
-0
31.4773
-0
11.3693
11.8426
-0
-0
9.63235
-0
-0
-0
-0
-0
2.1422
-0
5.98121
12.7419
-0
-0
0.645143
-0
-0
-0
21.1088
-0
0.454487
-0
-0
-0
-0
0.0218654
-0
-0
-0
-0
-0
-0
-0
-0
44.1848
-0
-0
6.40436
-0
-0
49.0345
-0
-0
-0
-0
-0
64.495
26.2907
-0
-0
-0
-0
-0
-0
-0
-0
-0
-0
-0
-0
-0
-0
-0
-0
-0
41.9648
-0
-0
-0
-0
23.8576
-0
-0
-0
-0
-0
-0
-0
53.9121
-0
-0
-0
-0
-0
-0
58.1476
31.2304
47.3548
0.820357
-0
-0
2.52929
-0
-0
-0
1.78583
-0
-0
-0
-0
3.42857
-0
-0
-0
-0
-0
-0
-0
-0
-0
-0
-0
-0
19.9162
-0
-0
-0
-0
-0
-0
0.0800471
-0
-0
25.6889
-0
2.77163
8.11411
-0
-0
-0
-0
-0
-0
-0
14.6926
34.9599
-0
-0
-0
-0
-0
-0
-0
-0
-0
-0
-0
-0
20.7897
7.82541
-0
-0
-0
9.20058
-0
0.456106
-0
18.7378
-0
-0
-0
75.0025
-0
-0
-0
-0
-0
-0
-0
-0
-0
12.0594
-0
-0
37.0036
-0
-0
-0
13.0763
-0
-0
-0
14.5868
-0
-0
-0
-0
14.6018
-0
-0
22.9186
-0
-0
-0
-0
-0
44.4514
-0
-0
-0
-0
8.88752
-0
5.94885
-0
37.2189
-0
24.6821
6.08398
24.5834
-0
-0
50.7078
-0
-0
-0
-0
-0
-0
2.79442
40.2493
-0
-0
-0
-0
-0
-0
-0
-0
-0
-0
-0
-0
-0
-0
-0
-0
-0
-0
-0
-0
-0
-0
-0
65.9819
6.15208
-0
-0
35.5101
-0
-0
35.204
-0
-0
-0
-0
-0
-0
-0
-0
-0
17.5369
-0
21.6189
-0
-0
-0
-0
-0
-0
-0
-0
-0
-0
-0
-0
35.4556
-0
13.1983
-0
-0
4.26036
-0
-0
-0
-0
13.7163
-0
-0
-0
20.057
-0
-0
-0
-0
-0
43.9083
-0
-0
-0
14.2182
-0
-0
-0
-0
-0
-0
-0
-0
-0
-0
-0
-0
1.97758
-0
-0
-0
-0
-0
-0
-0
-0
-0
-0
-0
-0
-0
-0
-0
-0
5.87696
3.32429
-0
43.8106
-0
-0
-0
-0
-0
-0
-0
19.0505
-0
-0
-0
-0
2.42507
-0
-0
-0
-0
-0
-0
-0
-0
-0
-0
-0
-0
-0
-0
-0
-0
25.7597
-0
-0
-0
-0
-0
-0
50.011
3.03777
-0
-0
-0
-0
37.6142
6.81688
8.81095
-0
-0
-0
-0
-0
-0
-0
-0
-0
-0
-0
2.24659
-0
-0
-0
-0
-0
-0
-0
-0
12.5595
20.9708
-0
-0
-0
-0
-0
-0
-0
-0
-0
17.996
-0
-0
-0
-0
-0
-0
-0
-0
-0
-0
68.161
-0
-0
-0
52.0772
-0
-0
17.8863
6.7097
-0
-0
-0
-0
19.5478
-0
-0
3.36361
-0
-0
-0
-0
-0
-0
-0
-0
7.10861
-0
26.8126
-0
-0
-0
-0
-0
-0
-0
19.2912
-0
-0
-0
-0
0.727532
-0
-0
-0
-0
-0
25.347
7.9328
-0
0.461537
-0
-0
-0
25.5836
40.3876
-0
-0
-0
-0
-0
-0
-0
15.1112
20.4045
-0
15.9048
-0
-0
22.0057
10.0116
-0
-0
-0
-0
1.66507
-0
9.29538
-0
-0
-0
-0
20.0366
-0
-0
-0
-0
1.64094
-0
64.7947
-0
-0
-0
-0
-0
-0
-0
-0
21.4485
-0
41.8654
0.698722
-0
13.5565
-0
-0
-0
-0
-0
-0
11.4442
-0
-0
-0
-0
14.336
-0
-0
68.7252
-0
8.2637
-0
19.4572
-0
-0
-0
1.62967
-0
-0
52.5564
18.7976
-0
-0
-0
-0
-0
-0
-0
-0
-0
-0
-0
-0
-0
-0
-0
-0
-0
24.8347
-0
-0
-0
-0
45.8985
-0
-0
-0
7.18352
-0
-0
-0
-0
-0
-0
-0
-0
-0
-0
-0
-0
-0
-0
0.891056
0.646976
-0
25.0762
-0
-0
-0
-0
15.3671
-0
-0
-0
-0
-0
-0
-0
-0
-0
-0
-0
-0
-0
-0
-0
-0
-0
-0
-0
6.46539
-0
-0
-0
41.4486
-0
-0
-0
-0
-0
-0
-0
-0
8.69685
11.589
2.17424
-0
14.8828
-0
5.67478
-0
-0
7.34753
53.8178
-0
14.2068
58.5142
-0
-0
46.3452
-0
-0
10.0424
-0
-0
-0
31.5894
-0
-0
-0
-0
-0
-0
-0
-0
13.9987
-0
-0
9.4287
-0
-0
-0
-0
-0
26.6625
-0
16.2276
-0
-0
-0
-0
-0
-0
5.73382
-0
-0
-0
-0
-0
-0
-0
-0
-0
-0
2.84243
-0
2.47922
2.36515
-0
28.7607
-0
-0
-0
-0
19.6383
1.05348
-0
-0
-0
28.8675
-0
-0
-0
-0
-0
-0
8.91647
-0
-0
-0
-0
-0
-0
-0
-0
12.1132
-0
72.3623
-0
-0
-0
-0
-0
-0
-0
-0
-0
-0
-0
-0
-0
-0
-0
-0
-0
4.61728
-0
-0
40.0245
-0
32.7653
-0
34.8913
-0
26.5767
-0
-0
-0
-0
30.7334
-0
-0
-0
-0
-0
-0
-0
16.7916
-0
-0
-0
-0
-0
-0
-0
-0
-0
-0
-0
-0
-0
-0
-0
-0
-0
-0
-0
-0
9.39711
-0
-0
-0
-0
-0
41.0382
-0
-0
-0
-0
-0
-0
2.43537
-0
-0
-0
-0
-0
-0
-0
-0
-0
-0
-0
3.34877
-0
-0
26.85
-0
6.87029
3.5087
-0
-0
16.5672
-0
-0
-0
-0
-0
-0
-0
12.67
-0
-0
-0
-0
-0
-0
-0
-0
-0
-0
-0
-0
-0
-0
-0
-0
-0
-0
-0
47.508
22.7872
-0
-0
-0
9.22695
-0
-0
-0
-0
0.559838
-0
-0
14.2643
-0
-0
-0
-0
-0
12.6205
-0
-0
13.9499
0.688885
-0
-0
-0
0.942646
-0
-0
-0
1.05115
-0
-0
-0
-0
-0
13.1239
-0
-0
11.2998
0.925662
-0
-0
-0
-0
-0
1.92739
-0
-0
14.7867
7.4611
-0
-0
-0
-0
-0
-0
-0
-0
-0
0.268961
-0
-0
-0
-0
-0
-0
-0
-0
-0
-0
-0
-0
-0
6.83059
-0
-0
-0
-0
7.23949
10.5534
-0
-0
-0
-0
-0
-0
-0
48.407
7.50985
10.0419
45.6288
1.4986
-0
-0
-0
-0
-0
-0
-0
-0
-0
-0
-0
-0
-0
-0
-0
-0
-0
-0
-0
-0
-0
-0
-0
-0
-0
39.6474
-0
-0
-0
-0
-0
-0
-0
-0
-0
-0
-0
-0
-0
-0
-0
-0
-0
6.22234
-0
-0
-0
-0
-0
-0
-0
-0
-0
-0
-0
-0
-0
-0
29.135
-0
-0
-0
-0
-0
-0
-0
-0
-0
-0
5.52026
-0
3.29341
-0
-0
-0
-0
-0
4.20963
-0
-0
0.0594971
-0
-0
-0
-0
-0
-0
-0
-0
-0
33.2518
22.0417
-0
13.9096
-0
19.1155
-0
-0
-0
-0
-0
5.23527
-0
-0
18.2147
2.88451
-0
-0
-0
-0
-0
-0
-0
-0
-0
-0
-0
-0
-0
-0
-0
-0
36.562
-0
-0
-0
19.615
-0
-0
-0
-0
-0
-0
-0
-0
-0
-0
9.98831
-0
-0
0.722615
-0
17.3118
-0
-0
-0
-0
-0
-0
-0
-0
-0
-0
-0
-0
-0
17.4361
-0
-0
-0
-0
-0
0.559338
-0
-0
-0
-0
-0
-0
-0
7.37471
-0
2.33349
-0
-0
-0
-0
-0
-0
-0
-0
4.36695
-0
-0
-0
-0
-0
-0
-0
-0
-0
-0
-0
-0
-0
-0
-0
-0
-0
-0
-0
-0
-0
-0
-0
-0
-0
-0
-0
0.996403
-0
-0
-0
8.96911
-0
15.7666
-0
23.2161
-0
-0
-0
-0
-0
-0
-0
10.2413
-0
-0
-0
-0
36.5311
-0
2.16025
-0
-0
-0
22.2347
-0
-0
-0
-0
21.8944
-0
-0
-0
-0
4.15928
-0
-0
2.73632
-0
-0
-0
-0
-0
-0
-0
-0
-0
-0
-0
24.7352
-0
-0
-0
-0
-0
-0
-0
-0
-0
-0
-0
-0
-0
-0
-0
-0
-0
-0
-0
-0
-0
-0
-0
-0
-0
-0
-0
-0
4.33787
-0
-0
-0
48.1438
59.7197
-0
-0
-0
-0
-0
-0
-0
-0
10.5244
-0
-0
17.3692
-0
-0
16.4627
-0
-0
-0
0.253786
-0
4.49279
-0
32.0166
-0
-0
-0
-0
-0
-0
-0
59.0911
-0
41.5079
-0
21.059
-0
-0
-0
-0
-0
76.7508
-0
-0
-0
-0
-0
-0
-0
-0
-0
-0
-0
-0
28.493
6.10151
-0
-0
0.4984
-0
29.8951
25.5612
-0
14.8486
-0
-0
-0
-0
-0
-0
-0
-0
23.5762
-0
-0
-0
-0
-0
4.10673
12.7271
-0
-0
-0
-0
-0
-0
-0
-0
-0
-0
-0
-0
-0
-0
-0
-0
5.5481
-0
-0
32.5956
-0
-0
-0
-0
-0
-0
-0
15.9087
-0
-0
-0
7.89835
-0
-0
29.3842
-0
-0
-0
-0
50.9411
9.22517
10.5743
-0
-0
-0
11.2096
-0
13.2924
-0
19.4203
27.344
20.6562
-0
0.00719215
-0
-0
20.8727
2.32644
-0
29.1301
-0
-0
-0
41.1111
-0
-0
-0
-0
-0
6.14629
-0
-0
-0
-0
-0
-0
-0
-0
-0
-0
10.1975
-0
-0
-0
-0
-0
-0
-0
-0
-0
-0
15.3006
-0
-0
-0
-0
-0
13.1085
-0
-0
-0
-0
-0
-0
24.8904
-0
-0
30.9256
-0
-0
-0
-0
1.39791
-0
-0
-0
-0
-0
-0
-0
8.42126
-0
-0
40.2794
-0
3.73636
17.5859
-0
17.1134
-0
-0
2.60943
-0
-0
-0
-0
-0
-0
16.7947
-0
-0
-0
-0
-0
-0
-0
-0
-0
-0
30.5687
-0
-0
-0
-0
-0
-0
-0
-0
-0
-0
-0
49.6695
45.4179
-0
32.1082
-0
-0
-0
-0
-0
-0
-0
31.0155
-0
-0
-0
-0
-0
-0
-0
-0
-0
-0
-0
2.35827
27.8894
4.91471
16.9741
-0
-0
-0
3.17123
-0
-0
-0
-0
1.78826
-0
-0
-0
-0
-0
-0
-0
-0
-0
-0
-0
-0
-0
-0
27.4527
-0
-0
-0
-0
-0
-0
-0
-0
-0
-0
-0
-0
-0
-0
-0
-0
2.18145
-0
-0
-0
-0
-0
-0
-0
-0
-0
-0
-0
-0
-0
-0
-0
6.81698
-0
-0
26.7391
35.0414
25.2886
-0
-0
-0
-0
-0
-0
-0
-0
-0
-0
18.713
-0
-0
-0
9.63788
17.583
-0
8.89251
-0
-0
14.278
-0
-0
-0
-0
-0
-0
-0
-0
-0
-0
-0
-0
1.77552
47.3777
-0
-0
13.8259
-0
-0
-0
-0
-0
-0
-0
-0
-0
-0
-0
-0
-0
-0
5.2859
-0
-0
15.3661
-0
-0
-0
-0
-0
-0
5.12706
-0
-0
-0
-0
-0
30.0037
-0
-0
18.9605
-0
-0
-0
-0
-0
-0
-0
-0
-0
-0
-0
-0
-0
-0
17.8669
-0
-0
-0
-0
-0
-0
-0
-0
-0
2.91494
3.23532
-0
-0
27.6262
-0
-0
-0
-0
-0
-0
-0
-0
-0
-0
-0
-0
-0
-0
-0
13.9407
-0
-0
-0
-0
-0
-0
12.2521
-0
-0
-0
-0
-0
-0
-0
-0
-0
-0
-0
5.63686
-0
-0
-0
-0
-0
-0
-0
9.00201
-0
-0
-0
-0
3.39695
-0
-0
-0
-0
5.67855
38.2831
-0
-0
8.41619
-0
-0
-0
-0
-0
1.18759
-0
-0
-0
-0
-0
-0
-0
-0
-0
1.67632
-0
-0
-0
-0
17.0931
-0
-0
-0
9.27916
-0
17.1735
64.6301
-0
-0
-0
-0
37.1885
-0
-0
-0
-0
-0
-0
-0
-0
-0
31.5579
-0
-0
-0
-0
-0
4.80731
-0
-0
-0
-0
-0
-0
-0
-0
-0
-0
-0
-0
-0
-0
38.4343
-0
28.7909
-0
-0
-0
-0
-0
-0
-0
-0
-0
7.24005
-0
-0
-0
-0
0.54935
-0
-0
-0
-0
-0
-0
-0
-0
-0
-0
0.15061
-0
-0
-0
-0
95.74
-0
-0
-0
-0
-0
-0
-0
-0
-0
13.8819
-0
2.77509
13.1185
-0
-0
34.7337
-0
-0
-0
-0
-0
10.5751
-0
-0
-0
-0
-0
-0
-0
57.7072
6.88584
-0
-0
-0
-0
-0
-0
-0
-0
14.8939
22.9451
-0
-0
-0
1.28648
-0
19.229
-0
-0
15.8542
-0
1.60377
11.3374
-0
-0
-0
-0
22.0203
-0
-0
-0
-0
-0
-0
-0
-0
-0
-0
-0
-0
-0
-0
-0
-0
-0
-0
-0
-0
-0
-0
-0
17.4873
-0
-0
7.91352
-0
9.56106
6.65766
-0
-0
-0
-0
-0
-0
35.5731
-0
-0
35.1207
-0
-0
-0
-0
-0
35.2342
-0
-0
-0
-0
-0
28.8062
-0
-0
-0
47.3487
-0
9.13585
18.8505
-0
-0
6.61217
-0
-0
-0
-0
-0
-0
51.6653
-0
-0
-0
-0
-0
-0
31.8437
-0
11.6236
2.19672
-0
-0
-0
-0
-0
-0
-0
25.2413
-0
-0
8.53789
-0
-0
-0
10.5919
6.26085
-0
-0
-0
5.20886
-0
-0
9.08933
-0
-0
-0
-0
-0
-0
-0
-0
-0
-0
-0
-0
-0
-0
-0
0.0724699
-0
-0
-0
-0
-0
-0
33.9455
-0
-0
-0
-0
-0
-0
-0
-0
-0
44.982
-0
-0
-0
-0
-0
-0
20.9073
-0
-0
-0
-0
-0
-0
-0
-0
-0
-0
-0
-0
-0
54.8251
-0
48.8727
32.9104
-0
-0
-0
-0
-0
-0
-0
-0
-0
-0
7.28753
-0
-0
-0
-0
18.8935
35.8243
-0
-0
-0
-0
-0
-0
-0
24.8169
-0
-0
-0
-0
-0
-0
22.3999
-0
30.6423
-0
40.0736
-0
-0
-0
-0
-0
2.31521
18.3169
-0
-0
-0
-0
-0
0.965832
-0
-0
-0
-0
-0
-0
-0
-0
31.3858
19.5705
-0
-0
-0
1.8245
-0
-0
-0
-0
-0
-0
-0
9.02275
-0
11.3839
18.1749
-0
-0
48.5023
10.1207
-0
-0
0.669418
-0
-0
33.1694
-0
-0
-0
-0
-0
-0
-0
-0
-0
-0
-0
-0
1.4785
-0
-0
-0
-0
17.734
-0
-0
-0
-0
5.23019
-0
-0
-0
-0
2.95496
-0
-0
-0
12.6757
-0
-0
54.9634
-0
-0
-0
7.73836
-0
-0
-0
-0
-0
8.6682
5.2436
5.97271
37.4479
34.4692
19.949
-0
-0
-0
16.8183
-0
-0
-0
-0
-0
-0
39.2763
-0
-0
-0
-0
-0
-0
-0
-0
-0
-0
-0
-0
-0
-0
-0
-0
27.4915
-0
-0
-0
-0
10.4896
-0
-0
12.8639
-0
-0
-0
23.4424
-0
-0
-0
-0
-0
-0
-0
35.9836
-0
28.6885
-0
-0
-0
4.33959
0.018356
-0
-0
-0
-0
-0
37.4866
-0
-0
-0
-0
-0
-0
-0
-0
-0
-0
1.48921
-0
13.4748
-0
24.4086
-0
-0
-0
18.9403
-0
-0
-0
-0
-0
-0
-0
-0
-0
15.8408
-0
-0
-0
-0
-0
-0
-0
-0
-0
17.1447
-0
1.35774
-0
-0
-0
-0
-0
-0
-0
-0
6.07647
-0
-0
67.0068
-0
-0
-0
-0
-0
4.54269
-0
-0
-0
-0
-0
-0
39.5328
-0
-0
30.5631
3.16269
-0
-0
4.84863
-0
-0
9.22921
-0
17.459
-0
-0
66.2493
-0
-0
-0
29.4275
-0
12.4886
48.0004
-0
14.493
-0
-0
-0
15.6764
-0
-0
-0
-0
-0
-0
-0
4.75618
-0
4.41681
-0
-0
36.872
-0
-0
-0
-0
-0
-0
-0
-0
-0
-0
-0
-0
-0
-0
-0
-0
-0
-0
-0
-0
-0
-0
-0
-0
-0
-0
-0
11.6077
23.0015
-0
-0
-0
3.72183
-0
-0
-0
-0
0.0234876
-0
-0
-0
-0
-0
-0
11.1436
-0
-0
-0
-0
-0
10.171
-0
4.81549
-0
-0
-0
-0
-0
-0
-0
-0
2.2452
-0
-0
25.4145
-0
-0
2.92747
-0
-0
21.478
-0
5.04554
-0
38.0913
-0
-0
-0
39.7936
-0
-0
3.6992
-0
-0
14.7779
-0
-0
-0
-0
5.585
55.6015
-0
-0
-0
-0
-0
6.65399
-0
-0
-0
-0
-0
-0
35.7914
-0
-0
-0
-0
-0
-0
-0
-0
-0
-0
-0
-0
-0
48.913
-0
10.6818
0.722166
-0
-0
-0
-0
-0
-0
-0
-0
-0
-0
-0
-0
-0
9.04247
-0
-0
-0
-0
39.6487
-0
-0
-0
-0
-0
-0
-0
-0
-0
-0
-0
66.8635
-0
-0
-0
-0
-0
-0
-0
18.8111
-0
-0
-0
-0
64.1736
-0
-0
-0
11.2007
-0
-0
13.0401
42.2199
-0
-0
21.0273
-0
4.44815
-0
-0
-0
-0
39.4378
84.9236
-0
-0
3.83718
-0
-0
29.2834
-0
-0
-0
-0
-0
-0
-0
-0
2.14837
-0
-0
-0
-0
-0
-0
-0
5.71563
8.18252
-0
-0
-0
27.1269
-0
7.2087
-0
-0
-0
-0
-0
-0
-0
-0
19.6618
-0
-0
2.40664
-0
-0
-0
-0
-0
28.6223
-0
-0
-0
-0
-0
-0
-0
20.6823
14.8117
7.39977
-0
-0
-0
-0
-0
-0
7.83323
-0
-0
-0
-0
5.76871
-0
-0
-0
