-0
-0
-0
-0
-0
26.0268
-0
-0
28.3552
13.3722
21.3639
-0
-0
-0
-0
23.5987
7.92843
-0
-0
-0
-0
-0
-0
-0
9.0981
-0
22.1913
-0
-0
-0
-0
-0
-0
-0
2.7182
-0
-0
-0
-0
-0
26.6953
-0
-0
26.3617
-0
-0
-0
29.3764
-0
-0
-0
-0
-0
-0
-0
-0
-0
0.878298
-0
-0
-0
-0
-0
5.41612
9.97053
-0
-0
11.7678
14.9842
1.5407
-0
-0
-0
-0
-0
2.75035
27.9299
-0
-0
-0
-0
43.0867
-0
-0
0.96443
-0
-0
-0
-0
-0
-0
-0
-0
-0
-0
-0
6.07633
-0
21.3546
-0
-0
-0
-0
-0
-0
-0
14.8862
-0
-0
-0
-0
-0
-0
-0
-0
-0
-0
-0
59.1716
43.9146
-0
-0
-0
-0
-0
-0
-0
9.90868
-0
10.8921
27.2957
-0
21.9944
-0
1.84309
-0
-0
34.4317
-0
-0
-0
-0
0.231112
-0
-0
-0
-0
-0
-0
-0
-0
-0
-0
-0
-0
-0
14.7918
-0
-0
2.3834
-0
-0
-0
4.9066
40.444
-0
-0
7.38666
-0
55.5514
-0
16.3617
-0
-0
-0
-0
-0
-0
-0
-0
-0
-0
-0
-0
-0
1.02402
-0
-0
14.8284
-0
-0
-0
-0
22.0874
-0
-0
-0
-0
-0
-0
-0
11.0046
22.0883
-0
-0
-0
-0
40.6248
26.6798
-0
-0
-0
9.32199
-0
-0
17.7595
30.7421
-0
-0
-0
12.0485
-0
-0
10.0652
-0
-0
-0
-0
-0
0.520236
-0
-0
-0
-0
-0
-0
-0
-0
-0
-0
-0
4.51372
-0
-0
-0
-0
30.0098
-0
-0
-0
-0
-0
-0
27.3901
21.3204
-0
-0
-0
-0
-0
-0
-0
-0
19.2238
-0
-0
-0
-0
-0
-0
-0
23.2221
-0
43.4109
-0
-0
-0
-0
-0
-0
3.07187
6.03657
-0
20.2146
-0
-0
15.9132
-0
-0
-0
-0
4.80684
49.8784
-0
-0
-0
-0
-0
-0
87.1445
-0
-0
-0
-0
36.1275
39.4664
-0
-0
-0
-0
19.0144
-0
-0
-0
39.5823
0.510089
-0
-0
-0
0.0111178
-0
-0
3.82859
-0
33.7247
-0
30.3281
-0
-0
23.7576
-0
-0
-0
-0
-0
-0
-0
-0
-0
-0
-0
-0
2.93258
-0
6.47966
-0
-0
-0
-0
-0
-0
-0
-0
-0
-0
-0
-0
-0
-0
-0
4.32317
-0
-0
28.994
10.7933
2.10624
-0
-0
27.141
-0
-0
9.89637
0.00829213
10.823
-0
-0
-0
-0
-0
-0
-0
23.2671
35.8092
-0
-0
18.3852
-0
-0
-0
-0
-0
13.2619
-0
-0
-0
-0
-0
-0
-0
-0
-0
-0
-0
-0
-0
-0
-0
2.65665
-0
-0
-0
-0
-0
-0
22.7614
-0
-0
-0
-0
-0
15.6573
-0
-0
-0
-0
-0
-0
-0
-0
3.95179
-0
32.5269
-0
-0
29.8666
-0
-0
-0
-0
-0
-0
-0
-0
-0
-0
2.73165
-0
-0
-0
-0
21.2873
-0
-0
-0
2.88503
0.7121
-0
10.756
-0
-0
-0
-0
-0
-0
7.79983
7.66385
14.0461
-0
-0
-0
-0
-0
-0
-0
-0
-0
-0
-0
-0
-0
-0
-0
-0
6.75566
-0
-0
-0
10.7237
-0
0.523663
42.9321
-0
-0
12.0084
7.94991
37.4719
21.1356
-0
-0
17.2091
-0
-0
36.1369
17.7259
-0
-0
-0
-0
-0
30.2426
-0
-0
9.64731
-0
-0
-0
-0
-0
6.15937
-0
33.2622
-0
-0
-0
-0
-0
-0
-0
-0
3.14266
-0
-0
-0
-0
47.7844
-0
-0
56.6222
-0
-0
-0
-0
-0
-0
-0
10.1284
0.382899
-0
17.9347
8.51894
13.9243
-0
-0
-0
70.7462
31.6262
-0
-0
30.2685
-0
-0
-0
-0
-0
0.317312
-0
-0
-0
-0
29.3229
-0
-0
-0
-0
-0
-0
-0
-0
10.594
-0
-0
-0
-0
-0
-0
0.968123
-0
1.55077
-0
14.6526
-0
-0
-0
-0
-0
-0
-0
-0
43.3417
18.3968
-0
-0
-0
-0
-0
-0
-0
16.4833
-0
28.7402
-0
-0
6.27184
-0
-0
-0
23.467
-0
-0
12.0343
-0
-0
-0
37.648
-0
-0
-0
-0
-0
-0
-0
-0
-0
-0
-0
-0
-0
-0
-0
-0
-0
-0
-0
-0
-0
-0
-0
-0
-0
-0
-0
-0
-0
-0
6.76289
-0
-0
-0
-0
-0
-0
-0
3.3419
14.4137
-0
29.5189
0.635356
-0
-0
-0
-0
-0
-0
-0
-0
23.0263
-0
-0
1.38008
-0
-0
-0
-0
0.964071
-0
26.8118
-0
-0
-0
-0
-0
-0
18.2054
-0
-0
8.14622
-0
-0
-0
-0
6.87774
-0
-0
-0
7.85349
-0
-0
-0
-0
-0
-0
2.61186
-0
-0
-0
-0
9.99362
-0
-0
-0
-0
23.492
-0
-0
14.6776
-0
-0
-0
27.061
-0
40.9544
-0
-0
20.0268
-0
-0
-0
-0
-0
-0
-0
-0
-0
-0
-0
5.24435
-0
-0
-0
6.01809
-0
-0
-0
-0
-0
-0
-0
-0
45.2655
-0
0.383442
-0
-0
-0
-0
-0
7.22807
-0
-0
12.1117
-0
-0
-0
-0
-0
-0
-0
-0
-0
59.6307
-0
-0
-0
-0
-0
-0
7.89688
15.4178
-0
-0
-0
-0
-0
-0
13.6303
-0
34.0699
-0
-0
3.78758
8.95513
-0
-0
-0
-0
17.499
-0
-0
33.4832
-0
-0
-0
-0
-0
-0
25.9871
-0
8.51408
-0
-0
-0
-0
13.867
-0
21.1354
-0
-0
1.07522
-0
12.8837
1.1628
-0
41.483
-0
-0
-0
8.98558
-0
-0
-0
-0
-0
-0
-0
-0
17.3418
-0
-0
-0
19.021
-0
-0
-0
-0
-0
-0
16.8624
-0
-0
12.8825
-0
0.180191
-0
-0
-0
-0
-0
-0
-0
-0
-0
-0
-0
-0
30.4161
56.3795
1.97644
-0
-0
-0
-0
-0
-0
-0
-0
-0
-0
-0
25.8786
-0
-0
-0
-0
-0
-0
4.24538
-0
-0
-0
25.5658
-0
-0
-0
-0
6.25604
-0
-0
-0
-0
-0
12.0943
5.09013
-0
-0
-0
-0
2.92573
11.8991
-0
-0
8.44256
-0
-0
-0
21.4592
-0
-0
-0
-0
-0
-0
11.5615
14.0256
-0
6.77502
-0
-0
18.8933
-0
28.844
3.46311
-0
-0
-0
-0
-0
-0
6.64912
-0
-0
-0
35.6195
-0
-0
-0
-0
14.4539
-0
-0
-0
-0
-0
-0
-0
-0
-0
-0
-0
-0
13.6831
-0
36.2558
-0
17.4154
-0
-0
-0
28.6257
-0
-0
-0
-0
-0
-0
-0
-0
-0
-0
-0
-0
-0
-0
-0
-0
-0
6.38577
-0
-0
-0
8.08606
-0
-0
-0
-0
-0
20.018
-0
-0
-0
-0
-0
-0
-0
-0
21.3975
-0
-0
-0
-0
-0
-0
-0
-0
-0
-0
1.83811
-0
-0
-0
34.993
-0
-0
-0
-0
-0
-0
-0
-0
-0
-0
17.1859
-0
-0
-0
27.9015
-0
-0
-0
-0
-0
-0
-0
10.4524
2.4637
33.3476
-0
-0
-0
-0
-0
-0
-0
-0
-0
-0
8.33737
-0
-0
-0
-0
-0
-0
-0
-0
-0
35.1611
-0
-0
-0
-0
-0
-0
-0
-0
-0
-0
-0
-0
-0
-0
-0
-0
-0
14.7849
-0
-0
-0
-0
-0
4.74847
-0
-0
-0
-0
-0
-0
-0
-0
-0
-0
3.63179
2.60645
-0
24.8775
-0
-0
-0
-0
17.7655
12.1265
-0
-0
-0
-0
26.9887
-0
-0
-0
-0
-0
-0
0.00608921
10.876
7.72635
-0
-0
-0
-0
-0
-0
-0
-0
-0
-0
4.57629
-0
-0
-0
-0
22.0729
-0
-0
-0
-0
9.97039
40.2638
-0
-0
0.293502
-0
-0
-0
-0
-0
-0
18.9961
-0
-0
-0
-0
-0
-0
6.69433
-0
-0
-0
-0
-0
-0
-0
3.04385
41.2636
15.4461
29.5718
13.6596
-0
-0
-0
5.45186
-0
-0
-0
-0
-0
-0
-0
-0
-0
-0
-0
-0
-0
-0
20.7779
-0
21.1837
-0
-0
-0
-0
-0
-0
10.5474
-0
-0
5.54191
-0
-0
-0
-0
-0
-0
-0
-0
-0
11.9043
-0
-0
23.3345
-0
-0
43.524
-0
-0
-0
-0
-0
-0
0.186758
-0
-0
-0
-0
-0
-0
-0
-0
-0
-0
-0
-0
-0
-0
-0
4.7445
23.6663
-0
-0
-0
-0
19.7384
23.3382
25.6832
-0
-0
-0
-0
-0
-0
48.4921
-0
-0
-0
-0
-0
-0
-0
-0
-0
-0
-0
1.57092
-0
-0
-0
-0
-0
-0
-0
30.7537
-0
-0
20.0183
-0
-0
-0
7.521
-0
-0
-0
-0
-0
-0
-0
-0
-0
-0
25.2336
-0
1.11373
-0
-0
-0
-0
17.391
45.3083
-0
-0
-0
-0
-0
-0
12.631
5.08076
-0
-0
-0
-0
-0
16.3974
-0
19.4183
-0
-0
-0
12.116
-0
-0
-0
2.85661
-0
-0
-0
-0
-0
-0
6.60046
61.0019
-0
-0
-0
-0
-0
-0
-0
-0
-0
-0
-0
-0
-0
7.51555
-0
-0
-0
-0
-0
-0
-0
-0
-0
-0
-0
-0
11.8062
6.71765
-0
-0
-0
-0
-0
-0
-0
-0
10.8454
-0
-0
-0
-0
-0
-0
-0
11.3345
-0
-0
-0
-0
-0
-0
44.2949
-0
16.1296
-0
-0
-0
-0
-0
23.0127
-0
-0
-0
-0
-0
-0
20.1773
-0
-0
23.1855
13.1665
-0
53.0151
-0
-0
-0
-0
-0
-0
-0
-0
-0
-0
-0
-0
18.6057
-0
-0
-0
0.771822
-0
-0
-0
-0
-0
6.15995
16.2523
-0
21.6019
-0
20.9118
-0
-0
-0
-0
-0
-0
-0
-0
-0
-0
-0
-0
-0
-0
-0
-0
-0
-0
-0
-0
-0
-0
-0
-0
-0
-0
9.6011
-0
-0
0.407983
-0
-0
-0
-0
-0
-0
-0
-0
-0
-0
-0
-0
-0
-0
-0
15.6884
18.7313
-0
-0
-0
-0
-0
-0
-0
-0
-0
-0
4.3146
-0
-0
-0
-0
-0
-0
-0
32.0145
-0
-0
-0
-0
-0
-0
-0
-0
-0
-0
-0
-0
-0
-0
-0
27.9228
-0
-0
8.30831
10.1453
-0
19.2224
-0
-0
-0
-0
-0
60.1528
9.37096
-0
-0
-0
-0
-0
-0
-0
-0
-0
-0
-0
-0
-0
-0
17.1631
-0
-0
23.0905
-0
-0
-0
-0
8.5158
-0
-0
-0
-0
-0
-0
-0
43.9866
-0
-0
-0
-0
-0
-0
4.80436
13.5602
47.5754
-0
-0
-0
1.00684
-0
-0
-0
-0
-0
-0
-0
-0
14.3387
-0
-0
-0
-0
-0
-0
-0
-0
-0
-0
-0
-0
-0
-0
-0
-0
-0
-0
-0
-0
-0
-0
38.5515
-0
1.99641
22.0262
-0
-0
-0
-0
-0
-0
-0
-0
15.8617
-0
-0
-0
-0
-0
-0
-0
1.64586
-0
-0
-0
-0
41.3963
7.35062
-0
15.5548
-0
20.1708
-0
32.5769
-0
24.3105
-0
-0
-0
31.043
-0
-0
-0
-0
-0
-0
-0
-0
-0
-0
-0
-0
26.2158
-0
-0
-0
-0
-0
-0
-0
23.3035
-0
-0
-0
-0
26.4013
-0
-0
63.7513
-0
-0
5.8331
-0
-0
41.3174
-0
-0
-0
17.8825
13.0479
-0
-0
-0
27.499
-0
-0
-0
46.5772
-0
-0
23.0408
-0
-0
-0
-0
-0
-0
7.64977
18.8024
-0
-0
-0
-0
-0
-0
-0
-0
-0
-0
-0
-0
-0
-0
-0
-0
-0
-0
-0
-0
19.8209
-0
-0
29.2073
16.2169
-0
-0
48.5382
-0
-0
-0
-0
18.8999
-0
-0
-0
-0
-0
-0
-0
-0
6.0491
7.86192
-0
-0
-0
-0
-0
-0
19.7542
-0
-0
-0
-0
-0
18.9588
-0
12.7272
-0
-0
10.3173
-0
-0
-0
2.12186
12.5583
-0
-0
-0
17.7744
-0
-0
-0
-0
-0
-0
-0
1.2823
-0
12.7006
13.809
-0
-0
-0
-0
-0
-0
-0
-0
7.43478
-0
-0
6.70478
-0
-0
-0
-0
-0
-0
-0
-0
-0
-0
-0
-0
-0
-0
-0
-0
14.4317
-0
-0
34.8315
-0
-0
-0
-0
-0
-0
-0
21.7279
-0
-0
-0
-0
10.1932
-0
-0
-0
-0
-0
-0
-0
-0
-0
-0
-0
-0
-0
-0
-0
-0
36.0891
-0
-0
-0
-0
-0
-0
50.2223
1.63636
-0
-0
3.74656
-0
9.42421
-0
3.50372
-0
-0
-0
-0
-0
-0
-0
-0
-0
-0
-0
24.3898
-0
-0
-0
-0
-0
-0
-0
-0
18.6863
13.7605
-0
-0
-0
-0
-0
-0
-0
-0
-0
36.6986
4.4434
-0
-0
-0
-0
-0
23.6739
-0
-0
-0
34.6268
-0
-0
-0
42.8034
-0
11.7064
10.728
13.0466
-0
-0
-0
-0
-0
-0
-0
4.16985
-0
-0
-0
-0
-0
-0
-0
-0
8.75468
-0
36.7102
-0
-0
-0
7.53941
-0
-0
-0
21.2021
-0
-0
-0
-0
-0
-0
-0
-0
-0
-0
-0
-0
-0
5.18587
45.6802
1.6366
-0
40.3558
44.299
-0
-0
-0
-0
-0
-0
-0
-0
12.0784
-0
-0
-0
-0
14.7925
14.5247
-0
-0
-0
-0
-0
-0
13.5134
-0
-0
-0
30.8765
24.6393
-0
-0
-0
-0
1.22109
-0
44.1487
-0
-0
-0
-0
0.241352
-0
-0
-0
-0
-0
11.8883
27.1689
-0
14.973
-0
-0
7.0206
-0
-0
-0
-0
-0
-0
9.94248
-0
-0
-0
-0
-0
-0
2.27806
-0
15.5203
-0
-0
-0
-0
-0
-0
39.8402
15.362
-0
-0
-0
-0
-0
-0
-0
-0
-0
-0
-0
-0
-0
-0
6.33461
-0
-0
14.3424
-0
-0
-0
-0
33.9787
-0
-0
-0
-0
0.0691789
-0
-0
-0
-0
-0
-0
-0
-0
-0
-0
-0
-0
-0
1.3047
-0
-0
17.0306
-0
25.5132
-0
-0
4.51537
-0
-0
-0
-0
-0
-0
-0
-0
-0
-0
-0
-0
-0
-0
-0
-0
-0
-0
-0
12.5493
-0
-0
-0
70.7782
-0
-0
-0
-0
-0
-0
-0
-0
-0
-0
25.0692
-0
2.40221
-0
-0
-0
-0
20.1459
46.6566
-0
42.5041
22.3308
-0
-0
55.5727
-0
-0
-0
-0
-0
-0
40.8
5.3847
-0
-0
-0
-0
-0
-0
-0
-0
-0
-0
6.64868
-0
-0
-0
-0
-0
11.2433
-0
-0
-0
-0
-0
-0
-0
-0
9.95968
3.93007
-0
-0
-0
-0
-0
-0
-0
-0
3.1252
7.1351
-0
7.54229
-0
7.792
17.8311
-0
-0
-0
-0
20.3759
0.162958
-0
-0
-0
36.7886
1.78653
-0
-0
-0
-0
-0
5.89164
-0
-0
-0
-0
-0
-0
-0
23.2268
5.16749
-0
15.9821
-0
-0
-0
-0
-0
-0
-0
-0
-0
-0
-0
-0
-0
-0
-0
-0
18.935
1.39667
-0
-0
7.28357
-0
16.3625
-0
36.0514
-0
22.6253
-0
-0
-0
-0
45.9378
8.01629
-0
2.52985
28.2099
-0
-0
-0
-0
-0
-0
-0
-0
-0
-0
-0
-0
-0
-0
-0
-0
-0
-0
-0
-0
-0
-0
-0
-0
17.9653
-0
-0
-0
-0
-0
30.5555
-0
-0
-0
-0
-0
-0
3.70171
-0
-0
-0
-0
-0
-0
-0
28.1062
-0
-0
-0
14.6343
-0
11.0665
30.4088
-0
-0
-0
-0
-0
22.3596
-0
-0
-0
-0
-0
-0
-0
-0
-0
-0
-0
-0
-0
-0
-0
-0
-0
-0
-0
-0
-0
9.93836
-0
-0
-0
-0
-0
27.1254
16.5727
-0
-0
-0
-0
-0
-0
15.1765
-0
2.10928
-0
-0
-0
-0
-0
-0
-0
-0
6.59571
-0
-0
-0
-0
-0
-0
-0
-0
-0
-0
-0
0.234191
-0
-0
-0
-0
12.4415
73.0606
-0
-0
7.58899
1.07587
-0
-0
19.1861
-0
-0
3.14082
-0
-0
8.20433
2.46262
-0
-0
-0
-0
-0
1.48649
-0
-0
-0
1.31113
-0
-0
-0
5.52247
-0
-0
-0
-0
-0
-0
-0
-0
-0
-0
-0
-0
-0
-0
30.4968
-0
-0
-0
-0
-0
-0
-0
-0
39.4057
-0
2.20847
17.3209
-0
-0
-0
-0
-0
-0
-0
-0
5.56151
-0
-0
-0
-0
14.5907
-0
-0
-0
-0
-0
-0
-0
-0
-0
-0
-0
-0
41.2081
0.364509
-0
-0
-0
-0
-0
-0
-0
-0
-0
-0
-0
-0
-0
-0
-0
-0
5.68118
-0
-0
-0
-0
-0
-0
-0
-0
-0
-0
-0
2.23754
-0
7.45524
28.1064
-0
5.69139
-0
-0
2.01232
-0
-0
-0
-0
-0
30.4108
-0
5.91765
-0
4.15524
-0
-0
-0
8.74741
-0
-0
-0
-0
-0
-0
14.9085
-0
-0
-0
-0
-0
-0
35.1483
-0
21.0232
-0
0.134712
-0
-0
-0
-0
-0
-0
4.00949
-0
19.5633
-0
-0
-0
-0
-0
0.0581214
-0
-0
-0
-0
-0
11.4108
-0
-0
-0
-0
-0
34.6948
-0
-0
-0
22.5455
-0
-0
-0
-0
-0
-0
-0
-0
-0
-0
-0
-0
-0
35.3185
-0
10.5136
-0
-0
-0
4.81157
-0
-0
-0
-0
-0
6.40033
-0
-0
-0
-0
11.4189
-0
-0
-0
-0
-0
-0
-0
-0
-0
-0
-0
-0
9.87563
-0
4.62895
-0
43.3161
-0
-0
0.237073
-0
-0
-0
25.8654
-0
-0
8.70378
-0
-0
-0
-0
-0
-0
-0
-0
-0
-0
-0
-0
-0
-0
-0
-0
-0
-0
11.0041
-0
-0
-0
-0
-0
-0
-0
-0
-0
12.3241
-0
22.2208
-0
19.509
21.1703
-0
-0
-0
6.24237
-0
6.201
15.0768
-0
-0
-0
-0
85.363
-0
10.336
-0
-0
12.8912
53.6602
-0
7.35217
-0
-0
-0
-0
8.43711
-0
-0
9.81525
-0
-0
8.60895
-0
-0
-0
-0
-0
-0
10.7015
-0
-0
-0
-0
12.3873
-0
-0
-0
-0
-0
-0
-0
-0
-0
-0
-0
-0
31.864
-0
-0
-0
-0
-0
-0
-0
-0
-0
-0
-0
-0
-0
-0
-0
-0
-0
-0
-0
-0
12.9086
-0
-0
-0
-0
-0
-0
-0
-0
-0
-0
-0
24.7911
-0
-0
-0
-0
-0
-0
-0
-0
-0
-0
27.0556
-0
-0
-0
-0
-0
-0
7.03438
4.99251
-0
39.586
-0
-0
-0
-0
-0
-0
-0
47.8482
-0
-0
-0
-0
-0
-0
-0
-0
-0
-0
-0
-0
20.2908
-0
-0
-0
-0
-0
31.8793
6.80113
-0
-0
-0
-0
-0
-0
-0
-0
-0
-0
18.4628
-0
-0
3.46769
-0
-0
0.177288
60.0509
-0
-0
-0
-0
-0
-0
-0
-0
-0
-0
-0
-0
-0
-0
-0
-0
1.94048
-0
-0
-0
-0
7.71829
28.0676
-0
-0
-0
-0
10.1797
-0
-0
-0
17.0001
-0
-0
39.9787
-0
-0
-0
-0
15.7953
14.3047
27.7628
-0
-0
-0
1.85075
30.3485
18.9297
-0
-0
1.02917
1.12433
-0
0.130893
-0
-0
-0
-0
-0
50.7817
-0
-0
-0
33.5517
-0
-0
-0
-0
-0
40.4628
-0
-0
-0
-0
-0
-0
-0
-0
-0
-0
15.9171
-0
-0
-0
-0
-0
-0
-0
-0
-0
3.10875
12.7721
-0
-0
-0
-0
-0
-0
-0
-0
-0
-0
-0
-0
23.4482
-0
-0
10.3395
-0
-0
17.0499
-0
44.3295
-0
-0
-0
-0
-0
-0
-0
22.9376
-0
-0
37.6358
-0
7.44465
30.0552
-0
19.6398
-0
-0
-0
-0
2.03075
-0
-0
-0
-0
8.60885
-0
-0
-0
-0
-0
-0
4.00313
-0
-0
-0
48.723
-0
-0
-0
-0
-0
-0
-0
-0
-0
-0
-0
16.8428
24.9289
-0
2.49354
-0
-0
-0
-0
-0
-0
-0
49.0104
-0
-0
1.82678
-0
-0
-0
-0
-0
-0
-0
-0
-0
33.5888
-0
1.15495
-0
-0
-0
2.64705
2.10752
-0
-0
8.03076
1.15537
-0
-0
-0
-0
-0
-0
-0
-0
-0
8.1388
3.04481
-0
-0
-0
53.8672
-0
-0
-0
-0
-0
-0
-0
-0
-0
11.1639
-0
-0
-0
-0
-0
27.2659
-0
-0
-0
0.766102
-0
-0
-0
-0
-0
-0
-0
-0
-0
-0
7.90182
-0
8.02976
-0
-0
9.30205
27.6716
27.4522
-0
-0
-0
-0
12.7313
-0
-0
-0
-0
-0
20.8131
14.3123
-0
-0
49.5837
4.22202
-0
19.3204
-0
-0
14.908
31.703
-0
-0
-0
-0
-0
-0
-0
-0
-0
-0
-0
0.554347
70.8115
-0
7.09162
39.4833
-0
-0
-0
-0
-0
-0
0.583898
-0
-0
-0
-0
-0
-0
-0
8.28859
-0
-0
-0
-0
-0
-0
-0
-0
-0
-0
-0
-0
-0
-0
-0
36.4289
22.7214
-0
15.6354
-0
-0
-0
-0
-0
-0
-0
-0
-0
-0
-0
-0
-0
-0
-0
-0
-0
-0
-0
-0
-0
-0
-0
-0
6.66428
-0
-0
-0
16.0539
-0
-0
-0
-0
7.08503
-0
-0
10.273
-0
11.5054
-0
-0
-0
-0
-0
23.0893
-0
-0
-0
15.0532
-0
-0
24.1572
-0
-0
-0
-0
1.94801
-0
-0
-0
-0
-0
-0
-0
-0
-0
-0
-0
-0
-0
-0
-0
-0
-0
-0
-0
40.4713
-0
-0
-0
-0
-0
67.3271
-0
-0
9.69724
3.83568
-0
-0
-0
-0
0.936593
-0
-0
-0
-0
-0
-0
-0
-0
-0
5.43882
-0
-0
-0
-0
-0
-0
-0
-0
3.72787
4.85533
36.0969
3.7837
-0
-0
-0
-0
-0
-0
-0
-0
3.63946
-0
-0
16.5214
-0
-0
31.6077
-0
6.47966
-0
3.90098
-0
-0
-0
-0
-0
-0
-0
-0
-0
-0
-0
-0
-0
-0
-0
-0
12.0904
-0
12.8757
-0
-0
-0
-0
-0
-0
9.44213
-0
-0
6.82901
29.4205
-0
27.345
-0
8.12192
-0
-0
-0
-0
-0
-0
-0
-0
-0
-0
6.90446
-0
-0
-0
-0
39.6676
-0
20.7324
-0
-0
-0
-0
-0
-0
10.6726
11.3146
-0
5.01703
16.9399
-0
-0
33.458
-0
28.0718
-0
-0
-0
4.02106
11.9323
-0
-0
-0
-0
0.92916
-0
33.9142
-0
-0
-0
-0
-0
-0
-0
-0
-0
-0
25.7812
-0
-0
-0
-0
3.8972
37.7599
-0
-0
9.99139
-0
-0
14.948
-0
-0
-0
-0
3.67933
-0
-0
-0
-0
-0
-0
-0
-0
-0
-0
-0
4.92281
14.1163
-0
6.33496
-0
-0
-0
-0
-0
-0
-0
-0
8.51907
-0
-0
-0
-0
-0
-0
-0
11.2265
-0
-0
-0
-0
-0
-0
-0
15.8867
-0
-0
-0
-0
-0
27.5468
-0
-0
-0
-0
-0
38.4371
-0
-0
-0
12.2614
-0
2.22201
11.0841
-0
-0
20.5576
-0
-0
-0
-0
-0
-0
46.125
-0
8.40034
-0
-0
-0
-0
-0
-0
15.1613
-0
-0
-0
-0
-0
-0
-0
-0
4.21867
-0
-0
-0
-0
31.3757
-0
42.8791
5.65644
-0
-0
-0
35.2736
0.913887
-0
-0
-0
-0
-0
-0
-0
-0
-0
-0
-0
-0
-0
-0
-0
-0
-0
-0
-0
-0
-0
-0
-0
1.11151
56.6163
-0
-0
-0
-0
-0
-0
-0
-0
-0
29.2168
-0
0.192463
-0
-0
-0
-0
13.9154
-0
-0
-0
-0
-0
5.72209
-0
5.31919
-0
-0
-0
-0
-0
41.9789
-0
48.7017
20.8588
-0
-0
-0
-0
-0
-0
-0
-0
-0
-0
22.6851
-0
-0
-0
-0
3.37884
31.9514
-0
-0
-0
-0
-0
-0
-0
32.9518
-0
-0
-0
-0
-0
-0
81.94
-0
15.7362
-0
32.0073
-0
-0
-0
-0
-0
1.68326
49.8151
-0
-0
-0
-0
-0
-0
-0
18.4749
-0
-0
-0
-0
-0
-0
8.37699
10.1314
-0
-0
-0
1.29969
-0
-0
-0
-0
-0
-0
-0
22.173
-0
-0
32.817
-0
-0
59.7457
1.3684
-0
-0
3.48807
-0
-0
-0
-0
-0
-0
-0
-0
-0
-0
-0
-0
-0
-0
-0
15.513
-0
-0
28.8445
-0
32.4239
-0
-0
-0
-0
-0
-0
-0
-0
-0
-0
2.70315
-0
-0
1.27095
-0
-0
26.2204
-0
-0
-0
25.9532
-0
-0
-0
-0
-0
43.485
10.9454
15.0787
28.0807
45.1731
2.71674
-0
-0
11.0552
7.16128
-0
-0
-0
-0
-0
-0
47.6203
-0
-0
-0
-0
-0
-0
-0
-0
-0
-0
-0
-0
-0
-0
-0
-0
-0
-0
-0
-0
-0
-0
-0
-0
12.9487
-0
-0
-0
15.0016
-0
-0
-0
-0
-0
-0
-0
55.3601
-0
-0
-0
-0
6.58261
18.5897
6.96344
-0
-0
-0
-0
-0
3.82148
-0
-0
-0
-0
-0
-0
-0
-0
-0
-0
-0
-0
-0
-0
51.7137
-0
-0
-0
4.81332
-0
-0
-0
-0
-0
-0
12.5324
-0
-0
30.8206
-0
-0
-0
-0
4.84801
-0
-0
-0
-0
29.4634
-0
-0
-0
-0
-0
-0
-0
-0
-0
-0
-0
-0
-0
49.9001
-0
-0
-0
-0
-0
33.8305
-0
-0
5.92386
-0
3.25641
25.827
63.567
-0
-0
4.80939
12.2328
-0
-0
-0
-0
-0
27.4479
-0
-0
-0
-0
66.8423
-0
-0
-0
19.6002
-0
-0
-0
23.3778
-0
-0
-0
-0
-0
-0
-0
-0
-0
2.28237
-0
-0
31.0029
-0
3.25066
-0
42.3942
14.0253
-0
-0
-0
-0
-0
-0
-0
-0
-0
-0
-0
-0
2.66687
-0
-0
-0
-0
9.62986
-0
-0
-0
-0
-0
-0
-0
-0
-0
39.3342
-0
-0
-0
-0
4.74631
-0
-0
-0
-0
-0
-0
0.553742
7.65812
-0
-0
6.44444
9.02995
-0
-0
-0
-0
-0
12.128
-0
-0
-0
-0
-0
-0
-0
-0
-0
-0
-0
-0
-0
15.1287
-0
23.1502
3.06477
-0
30.8644
-0
-0
9.85719
-0
57.5964
-0
-0
-0
33.27
-0
-0
8.64275
-0
-0
-0
-0
-0
-0
-0
-0
35.7031
4.3483
-0
-0
-0
-0
11.2931
-0
-0
-0
-0
-0
-0
23.9101
-0
-0
-0
-0
-0
-0
-0
-0
-0
-0
-0
-0
-0
40.0213
-0
30.0045
-0
-0
-0
-0
31.3452
-0
-0
-0
-0
-0
-0
-0
-0
-0
-0
-0
-0
-0
-0
6.63567
-0
-0
20.0221
-0
-0
-0
-0
-0
-0
-0
-0
38.9096
-0
-0
-0
-0
-0
-0
-0
5.90023
-0
-0
-0
-0
39.0615
-0
-0
-0
10.1425
-0
-0
-0
42.1338
-0
-0
30.3946
-0
-0
-0
-0
-0
-0
54.5776
39.3522
-0
-0
3.83152
11.9115
-0
7.02727
-0
-0
-0
-0
-0
-0
-0
-0
4.11302
-0
-0
8.75738
-0
-0
-0
-0
13.5896
18.8987
-0
-0
-0
10.5483
-0
27.813
-0
-0
-0
-0
7.89399
-0
-0
-0
5.01402
-0
-0
-0
-0
-0
-0
-0
-0
4.14457
-0
-0
-0
-0
-0
-0
14.0973
-0
18.9688
-0
-0
-0
-0
-0
-0
-0
10.3864
-0
-0
-0
-0
-0
-0
-0
-0
