2.3813
-0
-0
-0
-0
-0
-0
27.8664
23.5675
17.288
41.663
-0
-0
-0
-0
36.3347
-0
-0
-0
-0
-0
-0
-0
-0
-0
-0
51.0823
-0
-0
-0
-0
-0
-0
-0
0.652186
-0
-0
-0
-0
-0
-0
-0
-0
70.5637
-0
-0
-0
-0
-0
-0
-0
-0
-0
-0
-0
-0
1.43909
3.21291
24.6954
-0
-0
-0
23.3085
-0
31.5362
-0
-0
23.2051
-0
3.02203
-0
-0
-0
-0
-0
1.47402
-0
-0
-0
-0
-0
87.7659
-0
-0
20.2308
-0
-0
-0
-0
-0
-0
-0
-0
-0
-0
-0
3.32791
-0
-0
-0
-0
-0
-0
16.1396
-0
-0
28.3864
-0
-0
-0
-0
-0
-0
-0
-0
9.37077
-0
-0
76.6384
19.2859
-0
-0
-0
-0
20.8657
-0
-0
-0
-0
22.9904
52.218
17.8797
-0
-0
-0
-0
-0
3.96211
-0
8.57089
-0
-0
1.71137
-0
-0
-0
-0
-0
-0
-0
-0
12.4375
-0
-0
-0
-0
50.4431
-0
-0
2.72578
20.0444
-0
-0
50.8964
1.408
-0
-0
-0
-0
66.6388
-0
32.9466
-0
-0
-0
-0
-0
-0
-0
-0
15.7657
-0
-0
-0
-0
24.9815
5.73274
-0
33.3685
-0
2.15385
3.47802
-0
31.5576
-0
-0
-0
-0
-0
-0
-0
-0
-0
-0
-0
8.97833
-0
10.5457
-0
-0
-0
-0
21.8236
-0
-0
23.0101
-0
0.298769
-0
-0
-0
-0
-0
10.7369
-0
-0
-0
-0
-0
-0
-0
-0
-0
-0
-0
-0
-0
-0
-0
-0
-0
1.67904
-0
-0
-0
-0
64.8341
-0
-0
-0
-0
-0
-0
13.8848
-0
-0
-0
-0
4.32671
-0
-0
-0
-0
-0
-0
-0
19.5639
-0
-0
-0
-0
60.7771
-0
18.5133
-0
-0
-0
-0
-0
-0
-0
4.41907
-0
6.49525
-0
-0
4.58759
8.21784
-0
-0
4.83341
-0
43.3389
-0
-0
-0
29.4858
-0
-0
82.5208
-0
-0
-0
-0
15.4478
59.7463
-0
-0
17.0115
-0
5.24416
22.2621
-0
-0
-0
-0
-0
-0
-0
-0
-0
-0
-0
-0
37.8276
-0
-0
-0
-0
9.32528
-0
-0
-0
-0
-0
-0
-0
-0
1.10356
-0
-0
-0
16.3635
-0
7.21862
-0
17.9374
-0
-0
-0
-0
-0
-0
-0
-0
-0
-0
-0
-0
-0
29.9598
-0
-0
9.828
-0
2.77382
-0
-0
54.026
-0
-0
-0
1.60816
56.2894
-0
-0
-0
-0
-0
-0
-0
37.5927
42.0841
-0
-0
-0
6.82431
-0
-0
-0
-0
42.7086
-0
-0
-0
-0
-0
-0
-0
-0
-0
37.9344
-0
-0
38.1669
-0
-0
-0
-0
33.4791
-0
-0
-0
-0
-0
-0
-0
-0
-0
-0
10.7053
-0
-0
-0
-0
-0
3.36608
-0
7.84521
-0
-0
-0
-0
-0
14.3275
-0
40.5783
-0
-0
-0
-0
-0
24.9785
-0
-0
14.638
-0
-0
-0
-0
10.3916
-0
-0
-0
39.5159
-0
-0
-0
-0
-0
-0
-0
-0
-0
39.8512
30.6308
32.132
-0
-0
-0
22.2539
-0
-0
-0
-0
20.0583
-0
-0
-0
-0
-0
-0
-0
8.27089
-0
-0
-0
42.8399
-0
18.4234
49.2628
-0
-0
7.18319
-0
55.4659
59.3195
-0
-0
-0
-0
-0
40.8104
-0
-0
-0
14.2128
-0
-0
7.31018
-0
-0
-0
-0
-0
-0
-0
-0
11.0773
-0
30.7627
-0
-0
54.2155
-0
-0
-0
31.7906
-0
-0
-0
-0
-0
-0
27.8865
-0
-0
47.9506
-0
-0
-0
-0
-0
-0
-0
13.4054
24.9547
-0
40.955
-0
-0
-0
-0
-0
94.5634
58.9278
-0
-0
14.1342
-0
-0
-0
55.4907
-0
3.97884
-0
-0
-0
-0
9.95717
-0
-0
-0
-0
-0
50.9541
-0
-0
13.0278
6.98911
-0
-0
-0
-0
-0
33.131
-0
-0
-0
24.344
-0
-0
14.4031
-0
-0
-0
-0
24.2113
33.6328
-0
-0
-0
-0
-0
-0
-0
-0
-0
-0
12.1458
-0
7.14602
-0
-0
-0
-0
15.826
-0
-0
-0
-0
-0
-0
48.14
-0
-0
-0
-0
-0
-0
-0
-0
-0
-0
-0
-0
-0
-0
-0
-0
-0
-0
-0
-0
43.4714
-0
-0
-0
-0
-0
-0
-0
-0
-0
-0
4.89236
-0
-0
-0
-0
-0
7.28153
60.1688
-0
-0
80.8333
-0
-0
-0
-0
17.3149
-0
-0
-0
2.75962
28.9256
-0
-0
1.98611
0.861907
-0
-0
-0
-0
-0
-0
-0
-0
14.4173
-0
-0
-0
37.4013
-0
-0
40.3253
-0
-0
-0
31.7806
-0
-0
-0
-0
10.6043
-0
-0
-0
-0
-0
-0
-0
-0
-0
-0
-0
-0
-0
-0
-0
-0
3.20593
-0
-0
2.3726
-0
-0
-0
16.6017
-0
59.3936
-0
-0
24.3708
-0
-0
-0
0.568777
-0
-0
-0
7.36413
-0
-0
-0
7.93796
-0
-0
-0
10.4743
14.9136
-0
-0
-0
-0
-0
-0
-0
5.29211
-0
-0
-0
-0
-0
20.3889
7.97067
5.27599
15.6789
-0
15.6657
-0
-0
-0
-0
-0
-0
-0
-0
-0
71.5604
-0
-0
-0
-0
-0
-0
38.7027
30.6702
-0
-0
-0
-0
-0
-0
-0
-0
-0
-0
7.5108
-0
27.324
-0
9.66774
-0
-0
18.6147
-0
-0
10.4829
-0
-0
-0
-0
-0
-0
26.0376
-0
0.841446
-0
64.7749
-0
-0
-0
-0
-0
-0
-0
-0
-0
2.95216
6.57779
-0
43.9641
-0
-0
-0
15.3172
23.2239
-0
-0
-0
-0
-0
-0
-0
26.2614
-0
-0
11.0717
21.8195
-0
-0
9.69054
-0
-0
-0
19.9725
-0
-0
-0
-0
-0
-0
-0
31.8315
-0
-0
-0
-0
-0
-0
-0
-0
-0
-0
99.1935
-0
-0
-0
-0
-0
-0
-0
-0
-0
-0
-0
-0
-0
-0
-0
-0
0.897887
-0
-0
-0
19.9701
-0
-0
7.05965
-0
2.6667
-0
-0
-0
-0
29.1285
-0
-0
-0
20.4724
-0
-0
-0
-0
-0
-0
4.94883
-0
-0
-0
-0
-0
-0
7.20748
-0
-0
14.6606
-0
-0
-0
-0
-0
-0
-0
-0
-0
0.224712
-0
20.9156
12.6886
-0
-0
-0
-0
-0
10.6815
5.32822
-0
-0
-0
1.89077
-0
-0
-0
-0
-0
-0
-0
-0
-0
-0
-0
-0
-0
-0
-0
-0
-0
38.6182
-0
41.9421
-0
44.4689
-0
-0
8.86772
3.46982
-0
-0
-0
-0
-0
-0
-0
-0
-0
-0
-0
-0
-0
28.597
-0
-0
-0
13.5724
-0
-0
0.442843
-0
-0
-0
-0
-0
-0
-0
-0
1.71895
-0
-0
-0
-0
-0
-0
16.4781
-0
-0
-0
-0
-0
-0
-0
-0
-0
-0
4.17345
-0
-0
-0
-0
-0
-0
-0
-0
-0
-0
-0
-0
-0
-0
-0
-0
-0
-0
39.1414
-0
-0
-0
-0
-0
-0
-0
22.9552
-0
30.3354
-0
-0
-0
-0
-0
-0
-0
-0
-0
-0
44.0358
-0
-0
-0
-0
-0
-0
-0
-0
-0
36.0222
-0
-0
-0
-0
-0
-0
-0
-0
-0
-0
-0
11.3122
-0
-0
-0
-0
-0
2.72415
-0
-0
-0
27.096
-0
-0
-0
-0
8.49967
-0
-0
-0
0.0022707
-0
-0
-0
-0
3.96828
-0
24.6924
-0
-0
-0
-0
17.0098
1.96941
-0
-0
-0
-0
75.1109
-0
-0
-0
-0
-0
-0
2.1762
8.19508
10.4604
-0
-0
-0
-0
-0
0.340054
-0
-0
-0
-0
-0
-0
-0
-0
-0
-0
-0
-0
-0
-0
15.044
13.8433
-0
-0
48.0345
57.7858
-0
-0
-0
-0
10.0263
47.6495
-0
-0
-0
-0
-0
-0
6.11327
-0
-0
-0
-0
-0
-0
-0
-0
62.0228
68.8918
17.4651
52.4916
-0
-0
-0
-0
-0
-0
-0
-0
-0
-0
-0
-0
-0
-0
-0
-0
-0
-0
-0
-0
32.2617
-0
-0
-0
-0
-0
-0
27.9777
-0
-0
-0
-0
-0
27.0029
-0
2.16201
-0
-0
-0
-0
46.5499
-0
-0
19.3677
0.152397
-0
51.2974
-0
-0
-0
-0
0.554831
-0
18.5887
-0
-0
-0
-0
-0
-0
-0
-0
-0
-0
-0
-0
-0
-0
-0
-0
-0
-0
-0
-0
-0
13.545
12.5011
5.10648
-0
-0
-0
-0
-0
-0
50.8208
-0
-0
-0
13.199
-0
-0
-0
-0
16.5934
-0
-0
8.14514
-0
-0
-0
-0
-0
-0
-0
7.32599
-0
14.1442
-0
1.96695
-0
-0
-0
-0
-0
-0
-0
-0
-0
-0
-0
-0
1.14462
47.156
-0
1.30025
-0
-0
-0
-0
16.7647
50.1396
-0
-0
-0
-0
-0
-0
51.4672
22.4595
-0
-0
-0
-0
-0
6.10978
-0
26.6283
-0
-0
-0
9.85798
2.98599
-0
-0
25.6417
-0
-0
6.76829
-0
-0
-0
17.0137
66.0291
-0
-0
-0
-0
47.7717
-0
-0
-0
-0
-0
-0
-0
-0
-0
-0
-0
-0
-0
-0
-0
38.247
-0
-0
-0
-0
-0
3.2269
3.61998
-0
-0
-0
-0
-0
-0
-0
-0
-0
-0
13.3947
-0
-0
-0
-0
-0
26.2847
-0
-0
-0
-0
21.5842
-0
65.5905
-0
-0
-0
-0
-0
-0
-0
51.2327
-0
-0
-0
-0
-0
-0
-0
15.2406
-0
-0
12.3013
-0
50.6246
-0
-0
-0
-0
-0
-0
-0
-0
-0
-0
29.8886
-0
59.7996
7.68678
-0
23.3731
0.938782
-0
-0
-0
0.518068
-0
20.4424
53.8724
-0
-0
-0
-0
-0
-0
-0
-0
-0
-0
-0
-0
-0
-0
-0
-0
-0
-0
-0
-0
-0
-0
-0
-0
27.3493
-0
-0
-0
-0
-0
9.81031
-0
-0
7.64209
-0
-0
-0
-0
-0
-0
-0
-0
-0
-0
-0
12.7149
-0
20.0099
-0
8.70089
6.05821
-0
-0
26.336
-0
-0
-0
-0
-0
16.2975
-0
1.05968
32.2327
-0
-0
0.775914
-0
-0
-0
25.2634
-0
0.353414
-0
-0
-0
-0
-0
-0
-0
-0
-0
-0
-0
-0
-0
34.5505
-0
-0
0.0282705
-0
-0
-0
-0
-0
-0
-0
-0
57.8809
-0
-0
-0
-0
-0
-0
-0
-0
5.04139
-0
-0
-0
-0
-0
-0
10.3248
14.5271
-0
49.7931
-0
-0
-0
-0
10.2257
-0
-0
-0
-0
-0
-0
-0
53.7146
4.89543
-0
-0
-0
-0
-0
55.1659
48.1798
60.7791
0.582587
-0
-0
1.16098
-0
-0
-0
15.1621
-0
-0
-0
-0
17.9499
-0
-0
-0
-0
-0
-0
-0
-0
-0
-0
-0
-0
13.1836
-0
-0
-0
-0
-0
-0
-0
-0
-0
29.1132
-0
5.1712
20.6181
-0
-0
-0
-0
-0
-0
-0
-0
59.5914
-0
-0
-0
-0
-0
-0
-0
-0
-0
-0
-0
-0
-0
-0
-0
27.499
-0
12.663
-0
20.8711
-0
45.8023
-0
-0
-0
90.8533
-0
-0
-0
-0
-0
-0
-0
-0
-0
-0
-0
-0
7.18317
-0
-0
-0
11.2537
-0
-0
-0
43.6891
-0
-0
-0
-0
-0
-0
-0
45.7344
-0
-0
-0
-0
-0
70.0815
-0
-0
-0
-0
-0
-0
5.6433
-0
20.2004
-0
1.04439
-0
9.31585
-0
-0
44.2586
-0
-0
-0
-0
-0
-0
-0
52.0581
-0
-0
-0
-0
-0
-0
-0
-0
-0
-0
-0
-0
-0
-0
-0
-0
-0
-0
9.90239
-0
-0
-0
-0
38.1964
2.39405
-0
-0
22.2097
-0
-0
16.45
-0
-0
-0
-0
-0
-0
-0
-0
-0
18.3639
10.2343
60.7523
-0
-0
-0
-0
-0
0.235036
-0
-0
-0
-0
-0
-0
60.8225
-0
15.5875
-0
-0
-0
-0
-0
-0
-0
-0
-0
-0
-0
11.407
-0
-0
-0
-0
-0
45.5437
-0
-0
-0
-0
-0
-0
-0
-0
-0
-0
-0
-0
-0
-0
-0
-0
-0
-0
-0
-0
-0
-0
-0
-0
-0
-0
-0
-0
-0
-0
-0
-0
-0
9.25064
14.9158
-0
67.454
-0
-0
-0
-0
-0
-0
-0
8.76897
-0
-0
-0
-0
33.4361
-0
-0
-0
-0
-0
1.62977
-0
-0
-0
-0
-0
-0
-0
-0
11.6771
-0
30.2307
9.77104
-0
-0
-0
-0
-0
56.1883
3.10459
-0
-0
-0
-0
28.4234
-0
13.7966
-0
-0
-0
-0
-0
-0
-0
-0
-0
-0
-0
21.4734
-0
-0
-0
-0
-0
-0
-0
-0
37.3348
22.6288
-0
-0
-0
-0
-0
-0
6.58948
-0
-0
19.376
-0
-0
-0
-0
-0
-0
-0
-0
-0
-0
79.6694
16.5136
-0
-0
50.5932
-0
-0
39.7007
12.3601
-0
-0
-0
-0
-0
17.5135
-0
4.5002
-0
-0
-0
-0
-0
-0
-0
-0
8.50786
-0
32.9864
-0
-0
-0
-0
-0
-0
-0
4.57658
-0
-0
-0
-0
-0
-0
-0
-0
-0
-0
17.9964
9.28782
-0
2.58057
0.05053
-0
-0
19.7397
55.7353
-0
-0
-0
-0
11.3469
-0
-0
17.7233
-0
-0
10.2603
-0
-0
25.3521
26.3305
-0
-0
-0
-0
-0
-0
-0
-0
-0
-0
13.8022
18.0745
-0
-0
-0
-0
1.94612
-0
52.8313
-0
-0
-0
-0
-0
-0
-0
-0
4.34045
-0
57.0901
-0
-0
25.7129
-0
-0
-0
-0
-0
17.2099
3.45947
-0
-0
-0
-0
-0
33.0487
-0
46.4288
-0
-0
-0
22.7215
-0
-0
-0
2.75821
-0
-0
71.1507
-0
-0
-0
-0
-0
-0
-0
-0
-0
-0
-0
-0
-0
-0
-0
18.3915
-0
-0
23.9075
-0
-0
-0
-0
48.7519
-0
-0
-0
-0
-0
-0
-0
-0
-0
-0
-0
-0
-0
-0
-0
-0
-0
-0
0.203662
-0
-0
39.5441
-0
-0
-0
-0
4.4401
-0
-0
-0
-0
-0
-0
-0
-0
-0
-0
-0
-0
-0
-0
-0
-0
2.48149
-0
-0
3.83399
-0
-0
-0
54.2657
-0
-0
-0
-0
-0
-0
-0
-0
12.2712
23.1072
39.0369
-0
29.7333
4.89358
-0
-0
-0
45.2412
33.5246
-0
2.49976
52.0356
-0
-0
39.0016
-0
-0
30.4374
-0
-0
-0
16.8789
-0
-0
-0
-0
-0
-0
-0
-0
-0
-0
-0
19.7454
-0
-0
-0
-0
-0
29.172
-0
-0
-0
-0
-0
-0
-0
-0
-0
0.676058
-0
41.2506
-0
-0
-0
-0
-0
-0
-0
13.7956
-0
20.9926
-0
-0
22.9382
-0
-0
-0
-0
49.4889
2.48587
-0
-0
-0
17.0564
-0
-0
-0
-0
-0
-0
19.1059
-0
-0
-0
-0
-0
-0
-0
-0
3.04132
-0
46.8261
-0
-0
-0
-0
-0
-0
3.61724
-0
-0
-0
-0
-0
7.185
-0
-0
-0
4.2984
-0
-0
-0
58.6829
-0
10.1169
-0
29.1282
-0
42.2371
-0
-0
-0
-0
48.6864
11.489
-0
-0
-0
-0
-0
-0
19.3014
-0
-0
-0
-0
-0
-0
-0
-0
-0
-0
-0
10.497
-0
-0
-0
-0
-0
-0
-0
-0
15.8078
-0
-0
-0
-0
-0
49.0118
-0
-0
-0
-0
-0
-0
7.24603
-0
-0
-0
-0
-0
-0
-0
-0
-0
-0
-0
10.9719
14.6482
-0
-0
-0
23.1535
12.1296
-0
-0
17.1193
-0
-0
-0
-0
-0
-0
-0
8.92818
-0
5.40576
-0
-0
-0
-0
-0
-0
-0
-0
-0
-0
-0
-0
-0
-0
-0
-0
-0
33.7179
0.750085
-0
-0
-0
-0
-0
29.9369
-0
-0
3.24385
-0
-0
-0
-0
-0
-0
-0
-0
26.0833
-0
-0
13.8979
-0
-0
-0
-0
25.7107
-0
-0
-0
-0
-0
2.77713
-0
3.60776
-0
38.243
-0
-0
-0
0.791633
-0
-0
-0
-0
-0
-0
-0
-0
39.8013
27.6422
-0
-0
-0
-0
-0
-0
-0
-0
-0
-0
-0
-0
-0
-0
-0
-0
-0
-0
-0
-0
-0
-0
-0
3.04999
-0
-0
-0
-0
-0
4.26275
-0
-0
-0
-0
-0
-0
-0
57.1201
-0
-0
71.548
-0
26.6063
-0
-0
-0
-0
-0
-0
3.31235
-0
-0
-0
-0
-0
-0
-0
-0
-0
-0
-0
-0
-0
-0
-0
-0
4.35063
24.8908
-0
-0
-0
-0
-0
-0
-0
-0
-0
-0
-0
-0
-0
-0
-0
-0
-0
8.37137
-0
-0
-0
-0
-0
-0
-0
-0
-0
-0
-0
-0
-0
6.60763
25.3801
-0
-0
-0
-0
-0
-0
-0
-0
-0
-0
0.529685
-0
-0
-0
-0
-0
-0
-0
21.3851
-0
-0
-0
-0
-0
-0
20.6487
-0
-0
-0
-0
-0
39.9288
22.7999
-0
23.86
-0
23.073
-0
-0
-0
-0
-0
-0
-0
-0
39.5044
-0
-0
-0
-0
-0
1.30184
-0
-0
-0
-0
-0
-0
-0
-0
-0
-0
-0
25.8872
-0
-0
-0
24.7355
-0
-0
-0
-0
-0
-0
-0
-0
-0
-0
-0
-0
-0
-0
-0
19.9172
-0
-0
-0
-0
-0
-0
-0
-0
-0
3.33411
-0
-0
-0
10.7041
-0
-0
-0
-0
-0
-0
-0
-0
-0
-0
-0
-0
-0
-0
-0
4.43553
-0
-0
-0
-0
-0
-0
-0
-0
-0
-0
-0
-0
-0
-0
-0
-0
-0
-0
-0
-0
-0
-0
-0
-0
-0
-0
-0
-0
-0
-0
-0
-0
-0
-0
-0
-0
-0
-0
-0
-0
5.22529
-0
30.2511
-0
35.8056
-0
-0
-0
-0
12.585
-0
-0
-0
-0
-0
-0
-0
35.1123
-0
37.3577
-0
-0
-0
20.343
-0
-0
-0
-0
13.1578
-0
11.4919
-0
-0
2.36906
-0
-0
11.6064
-0
-0
-0
-0
-0
-0
-0
-0
-0
-0
-0
53.7149
-0
-0
-0
-0
-0
-0
-0
-0
-0
-0
-0
-0
-0
-0
-0
-0
-0
-0
-0
-0
-0
-0
-0
-0
-0
-0
-0
-0
2.60484
-0
-0
-0
58.9005
45.5518
-0
-0
-0
-0
-0
-0
-0
-0
11.7308
-0
-0
28.5822
-0
-0
-0
-0
-0
-0
0.28349
-0
-0
-0
25.6738
-0
-0
-0
-0
-0
-0
-0
25.7245
-0
43.1184
-0
59.528
-0
-0
-0
38.5894
-0
51.0367
0.0773404
-0
-0
-0
-0
-0
-0
-0
-0
-0
-0
-0
39.7339
-0
-0
-0
-0
-0
53.341
38.734
-0
64.3687
-0
-0
-0
-0
-0
-0
-0
-0
-0
-0
-0
-0
-0
-0
15.9342
51.9659
-0
-0
-0
-0
-0
-0
-0
-0
-0
-0
-0
-0
-0
-0
-0
17.6474
15.6076
-0
-0
-0
-0
-0
-0
-0
-0
-0
-0
44.3679
-0
-0
-0
10.4974
-0
-0
49.2128
-0
-0
-0
-0
43.1843
20.2375
26.7883
-0
-0
-0
0.712268
-0
-0
-0
-0
54.6941
28.5612
-0
-0
19.8807
-0
-0
-0
-0
25.4639
-0
-0
-0
25.2879
-0
-0
-0
-0
-0
19.2231
-0
-0
-0
-0
-0
-0
-0
-0
-0
-0
12.4061
-0
-0
-0
-0
-0
-0
16.7222
-0
-0
-0
31.4182
-0
-0
-0
-0
-0
-0
-0
-0
-0
-0
-0
6.0749
25.8377
-0
-0
12.5645
-0
-0
-0
-0
19.1802
-0
-0
-0
-0
-0
-0
-0
11.0571
-0
-0
38.9846
-0
-0
24.8774
-0
-0
-0
-0
2.77772
-0
1.57764
-0
-0
-0
-0
8.13906
-0
-0
-0
-0
-0
-0
24.9812
-0
-0
-0
46.0557
-0
-0
-0
-0
-0
-0
-0
-0
-0
-0
-0
41.969
55.5743
-0
45.344
-0
-0
-0
-0
-0
-0
-0
43.2535
-0
-0
-0
-0
-0
-0
-0
-0
-0
-0
-0
18.6771
34.5023
16.9511
36.7192
-0
-0
-0
0.247584
-0
-0
-0
-0
-0
-0
-0
-0
-0
-0
-0
-0
-0
-0
25.6965
-0
-0
-0
-0
37.1819
-0
18.4202
-0
-0
-0
-0
-0
-0
-0
-0
-0
-0
-0
-0
-0
-0
-0
-0
-0
-0
-0
-0
-0
-0
-0
-0
-0
-0
-0
-0
-0
-0
8.19257
-0
-0
-0
65.2547
60.9099
-0
-0
-0
-0
-0
-0
-0
-0
-0
-0
-0
-0
-0
-0
30.9237
23.1938
-0
-0
-0
-0
17.5753
6.32792
-0
-0
-0
-0
-0
-0
-0
-0
-0
-0
-0
-0
41.7227
-0
6.78292
-0
-0
-0
-0
-0
-0
-0
-0
-0
0.030787
-0
-0
-0
-0
-0
8.79141
-0
-0
-0
-0
-0
-0
-0
-0
-0
-0
-0
-0
-0
-0
-0
17.4757
8.78089
-0
-0
-0
7.11156
-0
9.62084
-0
-0
-0
-0
-0
-0
-0
-0
-0
-0
28.4568
-0
-0
-0
-0
-0
-0
-0
-0
-0
3.59869
-0
-0
-0
33.8736
10.733
-0
-0
-0
4.44305
-0
-0
7.59796
-0
-0
-0
-0
-0
-0
-0
-0
-0
-0
-0
11.7164
-0
-0
30.0709
-0
-0
-0
-0
-0
-0
-0
-0
7.44209
-0
-0
-0
-0
-0
-0
-0
-0
-0
-0
-0
-0
-0
-0
-0
7.91456
-0
-0
3.26573
-0
-0
21.2012
-0
-0
5.22528
-0
-0
-0
-0
-0
2.1425
-0
-0
-0
-0
-0
-0
-0
-0
-0
-0
-0
-0
-0
-0
3.75977
-0
-0
-0
7.13347
15.0005
13.4427
77.1494
-0
-0
-0
-0
36.3902
-0
-0
-0
-0
-0
-0
8.53471
-0
-0
38.8742
-0
-0
-0
-0
-0
24.0959
-0
-0
-0
-0
-0
4.92247
-0
-0
-0
-0
-0
-0
-0
-0
9.52487
-0
1.46517
-0
-0
-0
-0
-0
-0
19.7719
-0
-0
9.54554
-0
-0
-0
-0
2.48172
-0
-0
-0
-0
-0
-0
-0
-0
-0
-0
-0
-0
-0
-0
-0
87.3135
-0
-0
-0
-0
-0
-0
-0
-0
-0
14.1666
-0
2.63622
17.5706
-0
-0
8.3252
-0
-0
-0
-0
0.754449
12.1447
-0
-0
-0
-0
-0
19.8482
-0
66.1669
-0
-0
-0
-0
-0
-0
-0
-0
-0
2.6263
41.2168
-0
-0
-0
0.418795
-0
62.4702
-0
-0
20.8569
-0
-0
10.4502
-0
0.0297374
-0
-0
35.6475
-0
-0
-0
-0
-0
-0
-0
-0
1.31575
-0
-0
13.2656
-0
-0
-0
-0
-0
-0
-0
-0
-0
-0
-0
41.6602
-0
-0
-0
-0
15.5507
21.8959
-0
-0
-0
-0
-0
-0
4.72735
-0
-0
43.3398
-0
-0
-0
-0
-0
20.4002
-0
-0
-0
-0
2.61114
36.9054
-0
-0
-0
42.2479
-0
1.79636
59.1816
-0
-0
14.4219
-0
-0
-0
-0
-0
-0
51.14
1.88728
-0
-0
-0
-0
-0
25.4727
-0
-0
-0
-0
-0
31.2278
-0
-0
-0
-0
-0
-0
-0
-0
-0
-0
-0
17.5571
8.13457
-0
-0
-0
19.2635
-0
-0
-0
-0
-0
-0
-0
-0
-0
-0
-0
-0
-0
-0
-0
-0
-0
-0
-0
-0
-0
-0
-0
-0
-0
25.8517
-0
-0
-0
-0
-0
-0
-0
-0
-0
37.0509
-0
-0
-0
-0
-0
-0
24.1143
-0
-0
-0
-0
-0
-0
-0
-0
-0
-0
-0
-0
-0
62.4083
-0
34.0678
36.9073
-0
-0
-0
-0
-0
-0
-0
-0
-0
2.17476
21.1718
-0
-0
-0
-0
22.1046
48.4396
-0
-0
-0
-0
-0
-0
-0
32.3137
-0
-0
-0
-0
-0
-0
56.8387
-0
36.0901
-0
27.1888
-0
-0
-0
-0
-0
5.88727
38.54
-0
-0
-0
-0
-0
15.3749
-0
15.7731
-0
-0
-0
-0
-0
-0
-0
12.0182
-0
-0
-0
1.81111
-0
-0
-0
4.87092
-0
-0
-0
28.4689
-0
-0
14.7219
-0
-0
76.79
29.7254
-0
-0
46.2424
-0
-0
8.66942
-0
-0
-0
-0
-0
-0
-0
-0
-0
-0
-0
-0
-0
-0
-0
-0
-0
33.4001
-0
-0
-0
-0
-0
-0
-0
-0
-0
-0
-0
-0
-0
11.0518
-0
-0
92.7998
-0
-0
-0
-0
-0
-0
-0
-0
-0
36.6439
-0
-0
-0
38.4486
-0
-0
-0
-0
20.5689
-0
-0
-0
-0
-0
-0
57.1044
-0
-0
5.44832
-0
-0
-0
2.94976
-0
-0
-0
-0
-0
-0
-0
10.8295
-0
13.089
-0
-0
-0
-0
-0
-0
-0
20.804
-0
-0
-0
8.86044
-0
-0
-0
-0
-0
-0
-0
61.4807
-0
39.4767
-0
-0
22.4166
12.6218
-0
-0
-0
-0
-0
-0
24.7581
-0
-0
-0
-0
-0
-0
-0
-0
-0
-0
13.5318
-0
13.8096
-0
-0
-0
-0
-0
17.8447
-0
-0
-0
-0
-0
-0
-0
-0
15.1256
9.24854
-0
-0
-0
-0
-0
-0
8.66829
0.448643
-0
27.1717
-0
-0
-0
-0
-0
-0
-0
-0
-0
-0
24.5637
-0
-0
46.6089
-0
-0
-0
-0
11.0257
12.7115
-0
-0
1.60883
-0
-0
-0
31.4061
-0
-0
26.462
-0
-0
-0
22.3567
-0
-0
16.676
-0
33.8867
-0
-0
61.8835
-0
-0
-0
-0
-0
14.2246
37.1093
-0
2.46584
-0
-0
-0
14.3384
-0
-0
-0
-0
-0
-0
-0
-0
-0
12.3868
-0
12.0536
30.0045
-0
-0
-0
-0
-0
-0
-0
-0
-0
-0
-0
-0
-0
-0
-0
-0
-0
-0
-0
-0
-0
-0
-0
-0
-0
-0
-0
7.7155
11.0861
-0
-0
-0
5.20768
-0
-0
-0
-0
-0
-0
-0
-0
-0
-0
-0
-0
-0
-0
-0
-0
-0
24.8893
-0
12.2577
-0
-0
-0
12.4241
-0
-0
-0
-0
-0
-0
-0
-0
-0
-0
3.14079
9.85277
-0
36.0912
-0
18.5599
-0
22.813
-0
-0
-0
24.9436
-0
-0
-0
-0
-0
-0
-0
-0
-0
-0
-0
50.7125
0.747508
-0
-0
-0
-0
10.0888
-0
-0
-0
-0
-0
-0
56.3882
-0
-0
-0
-0
-0
-0
-0
-0
-0
-0
-0
-0
-0
48.4428
-0
37.5379
-0
-0
-0
-0
-0
-0
-0
-0
-0
-0
-0
-0
-0
-0
13.6656
-0
-0
8.77098
-0
47.0913
-0
-0
-0
-0
-0
-0
-0
-0
-0
-0
-0
88.7262
-0
-0
-0
-0
-0
-0
-0
29.7587
-0
-0
-0
-0
73.5281
-0
-0
-0
2.18103
-0
-0
15.0533
39.0219
-0
-0
35.7302
-0
11.2695
-0
-0
-0
-0
49.7109
109.01
-0
-0
5.20368
13.9177
-0
36.2577
-0
-0
-0
-0
-0
-0
-0
-0
3.81014
-0
-0
-0
-0
-0
-0
-0
-0
7.55495
-0
-0
-0
-0
-0
32.148
0.611864
-0
-0
-0
-0
-0
-0
-0
-0
12.3354
-0
-0
-0
-0
-0
-0
-0
25.2487
-0
-0
-0
-0
-0
-0
-0
39.9771
57.752
4.64335
-0
-0
1.90168
-0
-0
-0
10.8385
-0
-0
-0
-0
27.064
-0
-0
-0
