0.560757
-0
-0
-0
-0
10.4628
-0
-0
19.0214
5.40206
41.5587
-0
-0
-0
-0
32.5843
-0
-0
-0
-0
-0
-0
-0
-0
-0
-0
39.8025
3.04693
-0
-0
-0
-0
-0
-0
0.316179
-0
-0
-0
-0
-0
4.65476
-0
-0
36.4301
-0
-0
-0
-0
-0
-0
-0
-0
-0
-0
-0
-0
-0
1.87765
11.9252
-0
-0
-0
14.2702
-0
7.16131
-0
-0
20.7899
-0
1.47206
-0
-0
-0
-0
-0
0.575091
10.9909
-0
-0
-0
-0
60.4798
-0
-0
9.96996
-0
-0
-0
-0
-0
-0
-0
-0
-0
-0
-0
2.24672
-0
-0
-0
-0
-0
-0
-0
2.37773
-0
2.12241
-0
-0
-0
2.87995
-0
-0
-0
-0
8.39431
-0
-0
78.5501
17.9842
-0
-0
-0
-0
4.27301
-0
-0
-0
-0
-0
1.52229
38.7382
6.98733
-0
-0
-0
-0
-0
-0
22.0612
-0
-0
-0
-0
-0
-0
-0
-0
-0
-0
-0
-0
-0
-0
-0
-0
47.6691
-0
-0
2.28976
-0
-0
-0
32.6939
14.0057
-0
-0
-0
-0
51.989
-0
28.6777
-0
-0
-0
-0
-0
-0
-0
-0
-0
-0
-0
-0
-0
3.81397
-0
-0
19.4396
-0
2.17057
-0
-0
19.7123
-0
-0
-0
-0
-0
-0
-0
-0
0.129889
-0
-0
-0
-0
19.1088
-0
-0
-0
-0
41.3557
-0
-0
-0
16.3104
-0
-0
-0
-0
-0
-0
17.7415
-0
-0
-0
-0
-0
-0
-0
-0
-0
-0
-0
-0
-0
-0
-0
-0
-0
-0
-0
-0
-0
-0
36.4322
-0
-0
-0
-0
-0
-0
1.47668
-0
-0
-0
-0
5.35072
-0
-0
-0
-0
-0
-0
-0
22.4883
-0
-0
-0
-0
47.9272
-0
38.0969
-0
-0
-0
-0
-0
-0
-0
3.65291
-0
3.53872
-0
-0
-0
17.4076
-0
-0
10.2603
12.8193
46.4534
-0
-0
-0
16.7108
-0
-0
76.3378
-0
-0
-0
-0
10.9753
50.0041
-0
-0
23.0355
-0
34.312
19.6467
-0
-0
-0
-0
-0
-0
-0
0.238843
-0
-0
-0
0.197909
42.7169
-0
4.81097
0.344707
-0
-0
-0
-0
-0
-0
-0
-0
-0
-0
14.739
-0
-0
-0
-0
-0
9.5153
-0
13.8856
-0
-0
-0
-0
-0
-0
-0
-0
-0
-0
-0
-0
-0
12.5426
-0
-0
12.6814
1.72786
2.18289
-0
-0
35.5892
-0
-0
2.41039
1.35207
32.4074
-0
-0
-0
-0
-0
-0
-0
19.0535
27.3776
-0
-0
13.6757
8.16232
-0
-0
-0
-0
21.1317
-0
-0
-0
-0
-0
-0
-0
-0
-0
13.862
-0
-0
22.7594
-0
-0
-0
-0
15.3237
-0
-0
-0
-0
-0
7.05241
-0
-0
-0
-0
23.5891
-0
-0
-0
-0
-0
18.0429
-0
-0
-0
-0
-0
-0
-0
27.8127
-0
15.6241
-0
-0
-0
-0
-0
24.3185
-0
-0
2.77889
-0
-0
-0
-0
-0
-0
-0
-0
16.5677
-0
-0
-0
-0
-0
-0
-0
-0
-0
40.4213
13.5327
32.7251
-0
-0
-0
-0
-0
-0
-0
-0
22.2498
-0
-0
-0
-0
-0
-0
-0
4.21463
-0
-0
-0
43.4707
-0
-0
23.5765
-0
-0
9.98446
-0
54.5581
15.9885
-0
-0
-0
-0
-0
31.5387
-0
-0
-0
-0
-0
-0
22.6706
-0
-0
3.98071
-0
-0
-0
-0
-0
8.66067
-0
34.1953
-0
-0
42.1531
-0
-0
-0
11.4132
-0
-0
-0
-0
-0
-0
26.2337
-0
13.5045
31.2184
-0
-0
-0
-0
-0
-0
-0
8.55297
1.12589
-0
14.6965
1.21333
-0
-0
-0
-0
71.9069
6.63074
-0
-0
21.8317
-0
-0
-0
36.0749
-0
1.31363
-0
-0
-0
-0
20.8945
-0
-0
-0
-0
-0
33.5639
-0
-0
28.3038
10.1596
-0
-0
-0
-0
-0
23.6103
-0
-0
-0
17.3271
-0
-0
-0
-0
-0
-0
12.5643
13.803
32.6535
-0
-0
-0
-0
-0
-0
-0
-0
-0
-0
9.30946
-0
-0
-0
-0
-0
-0
40.8645
-0
-0
-0
-0
-0
-0
30.4565
-0
-0
-0
-0
1.48581
-0
-0
-0
-0
-0
-0
-0
-0
-0
-0
-0
-0
-0
-0
-0
6.54889
-0
-0
-0
7.22033
-0
-0
-0
-0
-0
-0
-0
-0
-0
-0
-0
-0
5.77039
28.9749
-0
-0
61.9558
-0
-0
-0
-0
-0
-0
-0
-0
-0
11.1419
-0
-0
1.43941
-0
-0
-0
-0
-0
-0
2.56634
-0
-0
3.06393
-0
-0
-0
28.3961
-0
-0
40.2232
-0
-0
-0
20.7026
-0
-0
-0
-0
8.71395
-0
-0
-0
-0
-0
-0
-0
-0
-0
-0
-0
-0
-0
-0
-0
-0
24.4426
-0
-0
19.5779
-0
-0
-0
23.8215
-0
31.0439
-0
-0
11.615
-0
-0
-0
0.299346
-0
-0
-0
3.47369
-0
-0
-0
32.2874
-0
-0
-0
17.2455
13.5017
-0
-0
-0
-0
-0
-0
-0
12.7597
-0
0.205014
-0
-0
-0
-0
16.7779
-0
8.97225
-0
-0
-0
-0
-0
-0
-0
-0
-0
-0
-0
41.7967
-0
-0
-0
-0
-0
-0
36.3262
26.6427
-0
-0
-0
-0
-0
-0
11.8107
-0
1.12216
-0
-0
22.0668
30.2138
-0
-0
-0
-0
32.0813
-0
8.70422
-0
-0
-0
-0
-0
-0
-0
27.0802
-0
14.5648
-0
29.4683
-0
-0
21.4478
-0
3.61162
-0
-0
1.51234
-0
-0
-0
-0
20.7807
-0
-0
-0
30.078
9.81697
-0
-0
-0
-0
-0
-0
-0
32.9454
-0
-0
15.5357
5.93413
-0
-0
4.80769
-0
-0
-0
37.6916
-0
-0
-0
-0
-0
-0
-0
16.581
-0
-0
-0
-0
-0
-0
-0
-0
-0
15.9025
56.9691
-0
-0
-0
-0
-0
1.06763
-0
-0
-0
-0
-0
-0
13.3044
-0
-0
-0
-0
-0
-0
-0
27.9233
2.80522
-0
17.3512
-0
-0
-0
-0
15.1508
-0
13.1013
-0
-0
-0
22.2895
9.83983
-0
-0
-0
-0
-0
-0
-0
-0
-0
-0
-0
-0
9.77222
21.5577
-0
30.9875
-0
-0
-0
-0
0.673424
-0
-0
-0
-0
15.552
-0
16.5723
15.3156
-0
-0
-0
-0
-0
14.7654
-0
-0
-0
-0
8.96757
-0
-0
-0
-0
-0
-0
-0
-0
-0
-0
-0
-0
-0
-0
-0
-0
-0
34.7415
-0
25.23
-0
32.7106
-0
-0
-0
-0
-0
-0
-0
-0
-0
-0
-0
-0
-0
-0
-0
-0
-0
23.129
-0
-0
-0
13.916
1.37704
-0
10.3738
5.4944
-0
-0
-0
-0
-0
-0
-0
-0
-0
-0
-0
-0
-0
0.15404
35.811
-0
-0
-0
-0
-0
-0
-0
-0
-0
-0
-0
-0
-0
-0
1.92174
-0
-0
-0
-0
-0
-0
-0
-0
-0
-0
-0
-0
-0
-0
41.3644
-0
-0
-0
-0
-0
-0
-0
16.0154
-0
35.3384
-0
-0
-0
-0
-0
-0
-0
-0
-0
-0
40.563
-0
-0
-0
-0
-0
-0
-0
-0
-0
29.4109
-0
-0
-0
-0
-0
-0
-0
-0
-0
-0
-0
35.2577
-0
-0
-0
-0
-0
16.0992
-0
-0
-0
10.03
-0
-0
-0
-0
-0
-0
-0
-0
7.30854
-0
-0
-0
-0
7.82116
-0
25.0619
-0
-0
-0
-0
19.4443
6.85611
-0
-0
-0
-0
42.4428
-0
-0
-0
-0
-0
-0
1.38298
10.7428
9.0211
-0
-0
-0
-0
-0
14.69
-0
-0
-0
-0
0.209751
-0
-0
-0
-0
5.39839
-0
-0
-0
-0
18.23
33.0597
-0
-0
12.7128
34.3002
-0
-0
-0
-0
-0
30.8796
-0
-0
-0
-0
-0
-0
-0
-0
-0
-0
-0
-0
5.37474
-0
-0
28.5149
36.7634
19.5008
48.2723
-0
-0
-0
-0
-0
-0
-0
-0
-0
-0
-0
-0
-0
-0
-0
-0
-0
-0
-0
-0
31.1702
-0
-0
-0
-0
-0
-0
25.1583
-0
-0
-0
-0
-0
1.57266
-0
12.2705
-0
-0
-0
-0
22.1297
-0
-0
28.7255
-0
-0
31.0503
-0
-0
-0
-0
-0
-0
9.07229
-0
-0
-0
-0
0.485865
-0
-0
-0
-0
-0
-0
-0
-0
-0
-0
-0
27.3543
-0
-0
-0
-0
9.40754
14.9812
10.8026
-0
-0
-0
-0
-0
-0
52.4524
2.1799
-0
-0
6.42967
-0
-0
-0
-0
-0
-0
-0
-0
-0
-0
-0
-0
-0
-0
-0
2.44506
-0
8.89988
0.139398
-0
-0
-0
-0
-0
-0
-0
-0
-0
-0
-0
3.93283
-0
-0
39.6447
-0
-0
-0
-0
-0
-0
14.0459
31.9555
-0
-0
9.86919
-0
-0
-0
51.1074
28.6482
-0
-0
-0
-0
-0
20.8984
1.93526
17.6778
-0
-0
-0
3.02445
-0
-0
-0
9.44303
-0
-0
17.7969
-0
-0
-0
-0
44.8026
-0
-0
-0
-0
13.6169
13.6044
-0
-0
-0
-0
-0
-0
-0
-0
-0
-0
-0
-0
7.03632
-0
12.8562
-0
-0
-0
-0
-0
15.8304
8.79275
-0
-0
-0
-0
-0
-0
-0
-0
12.9347
-0
8.47981
-0
-0
-0
-0
-0
21.7284
-0
-0
-0
-0
17.2256
-0
32.0777
-0
-0
-0
-0
-0
-0
-0
20.5389
-0
-0
-0
-0
-0
-0
-0
10.6433
-0
9.4256
15.5891
-0
43.5763
-0
-0
-0
-0
-0
-0
-0
-0
-0
-0
18.3215
-0
11.5689
12.3996
-0
-0
0.974474
-0
-0
-0
-0
-0
31.8018
22.1355
-0
-0
-0
9.25826
-0
-0
-0
-0
-0
-0
-0
-0
-0
-0
-0
-0
5.30794
-0
-0
-0
-0
-0
-0
-0
-0
-0
-0
-0
-0
-0
12.1402
-0
-0
1.24526
-0
-0
-0
-0
-0
-0
-0
-0
-0
-0
-0
0.998014
-0
10.2721
-0
13.4156
-0
-0
-0
25.3368
-0
-0
-0
-0
-0
-0
-0
13.4635
11.558
-0
-0
0.79136
-0
-0
-0
11.9347
-0
0.314227
-0
-0
-0
-0
-0
-0
-0
-0
-0
-0
-0
-0
-0
37.5288
4.403
-0
-0
15.5629
-0
14.3591
-0
-0
-0
-0
-0
25.4212
3.22402
-0
-0
0.891316
-0
-0
-0
-0
-0
-0
-0
-0
-0
-0
-0
23.7161
5.17155
-0
18.1333
-0
-0
-0
-0
-0
-0
-0
-0
-0
-0
-0
-0
43.8368
-0
-0
-0
-0
-0
-0
23.3363
20.9182
54.6227
-0
-0
-0
-0
-0
-0
-0
11.4099
-0
-0
-0
-0
31.7664
-0
-0
-0
-0
-0
-0
-0
-0
-0
-0
-0
-0
16.9154
-0
-0
-0
-0
-0
-0
-0
-0
-0
23.8842
-0
5.21099
-0
-0
-0
-0
-0
-0
-0
-0
-0
19.2182
-0
-0
-0
-0
-0
-0
-0
-0
-0
-0
-0
-0
-0
9.45777
-0
11.3271
-0
-0
16.4481
22.0523
-0
31.911
-0
-0
-0
35.3601
-0
-0
-0
-0
-0
-0
-0
-0
-0
-0
-0
-0
2.75642
-0
-0
-0
14.596
-0
-0
-0
6.31614
-0
-0
-0
-0
-0
-0
-0
34.2411
-0
-0
1.18127
-0
-0
60.2656
-0
-0
-0
-0
-0
-0
6.21483
-0
4.74018
-0
2.71816
-0
8.07842
-0
-0
40.6826
-0
-0
-0
-0
-0
-0
-0
23.4817
-0
-0
-0
-0
-0
-0
-0
-0
-0
-0
-0
-0
-0
-0
-0
-0
-0
-0
6.61441
-0
-0
-0
-0
33.0053
11.3842
-0
-0
11.2754
-0
-0
19.0956
-0
-0
-0
-0
-0
-0
-0
-0
-0
13.0345
16.8523
29.0217
-0
-0
-0
-0
-0
-0
-0
-0
-0
-0
-0
-0
55.2237
-0
12.2044
-0
-0
-0
-0
-0
-0
-0
-0
-0
-0
-0
19.7493
-0
-0
-0
-0
-0
43.1353
-0
17.6057
-0
-0
-0
-0
-0
-0
-0
-0
-0
-0
-0
-0
-0
-0
-0
-0
-0
-0
-0
-0
-0
-0
-0
-0
-0
-0
-0
-0
-0
-0
-0
10.4759
10.1551
-0
61.2562
-0
-0
-0
-0
-0
-0
-0
-0
-0
-0
-0
-0
16.648
-0
-0
-0
-0
-0
-0
-0
-0
0.165715
-0
-0
-0
-0
-0
-0
-0
13.3821
6.56655
-0
-0
-0
-0
-0
41.965
2.45552
-0
-0
-0
-0
39.5848
2.83488
7.89161
-0
-0
-0
-0
-0
-0
-0
-0
-0
-0
-0
13.3966
-0
-0
-0
-0
-0
-0
-0
-0
14.4304
12.9949
-0
-0
-0
-0
-0
-0
-0
-0
-0
8.93659
-0
-0
-0
-0
-0
-0
-0
-0
-0
-0
68.6953
-0
-0
-0
57.3992
-0
-0
13.2343
-0
-0
-0
-0
-0
2.61347
9.63387
-0
5.04332
-0
-0
-0
-0
-0
-0
-0
-0
7.83025
-0
40.6388
-0
-0
-0
-0
-0
-0
-0
4.03706
-0
-0
-0
-0
-0
-0
-0
-0
-0
-0
2.97755
10.2132
-0
2.34436
34.4996
6.83774
3.24127
7.23674
34.6605
-0
4.4006
-0
-0
-0
-0
-0
16.3904
14.4552
-0
-0
-0
-0
11.0546
1.26655
-0
-0
-0
-0
-0
11.6992
-0
-0
-0
-0
5.5177
17.7409
-0
-0
-0
-0
1.1205
-0
55.9589
-0
-0
-0
-0
0.150989
-0
-0
-0
-0
-0
50.8054
-0
-0
28.5532
-0
-0
-0
-0
-0
-0
-0
-0
-0
-0
-0
8.66058
-0
-0
47.7929
-0
-0
-0
12.2969
-0
-0
-0
-0
-0
-0
46.2702
4.53554
-0
-0
-0
-0
-0
-0
-0
-0
-0
-0
-0
-0
-0
-0
8.88399
-0
-0
25.5493
-0
-0
-0
-0
49.6755
2.57979
-0
-0
-0
-0
-0
-0
-0
-0
-0
-0
-0
-0
-0
-0
-0
-0
-0
0.699947
-0
-0
38.6383
-0
-0
-0
-0
7.45854
-0
-0
-0
-0
-0
-0
-0
-0
-0
-0
-0
-0
-0
-0
-0
-0
-0
14.8033
-0
0.726669
-0
-0
-0
35.3663
-0
-0
-0
-0
-0
-0
8.82705
-0
-0
6.45814
24.6633
-0
18.8227
-0
-0
-0
-0
45.9854
41.6919
-0
-0
31.5228
-0
-0
15.4086
-0
-0
20.5567
-0
-0
-0
5.5805
-0
-0
-0
-0
-0
-0
-0
-0
-0
-0
-0
3.05179
-0
-0
-0
-0
-0
23.6503
-0
0.519494
-0
-0
-0
-0
-0
-0
3.12776
25.8409
-0
33.4832
-0
-0
-0
-0
-0
-0
-0
24.3047
-0
15.7796
-0
-0
8.4404
-0
-0
-0
-0
29.5509
0.553004
-0
-0
-0
22.573
-0
-0
-0
-0
-0
-0
12.3263
-0
-0
-0
-0
-0
-0
-0
-0
11.1852
-0
42.9041
-0
7.28401
-0
-0
-0
-0
4.0869
-0
-0
-0
-0
-0
-0
-0
-0
-0
12.8064
-0
-0
-0
63.4673
-0
11.4475
-0
46.4506
-0
25.8019
-0
-0
-0
-0
33.8038
-0
-0
-0
-0
-0
-0
-0
19.9042
-0
-0
-0
-0
-0
-0
-0
-0
4.32803
-0
-0
-0
-0
-0
-0
-0
-0
-0
-0
-0
14.8832
-0
-0
-0
-0
-0
17.6095
-0
-0
-0
-0
-0
-0
6.07157
-0
-0
-0
-0
-0
-0
-0
5.91761
-0
-0
-0
28.5115
-0
-0
19.9161
-0
6.79572
31.9866
-0
-0
16.504
-0
-0
-0
-0
-0
-0
-0
13.73
-0
-0
-0
-0
-0
-0
-0
-0
-0
-0
-0
-0
-0
-0
-0
-0
-0
-0
-0
9.17885
-0
-0
-0
-0
-0
-0
14.0591
-0
-0
2.29332
-0
-0
-0
-0
-0
-0
-0
-0
12.3173
-0
-0
17.6142
-0
-0
-0
-0
2.75536
-0
-0
-0
-0
-0
-0
-0
-0
30.2375
57.2366
-0
-0
-0
1.04444
-0
-0
-0
-0
-0
-0
-0
-0
10.4548
25.2014
-0
-0
-0
16.5658
-0
-0
-0
-0
-0
5.54437
-0
-0
-0
0.392338
-0
-0
-0
-0
-0
-0
-0
-0
-0
-0
-0
-0
-0
-0
10.2572
5.20882
-0
-0
-0
-0
-0
-0
-0
53.9015
-0
-0
36.4713
3.96612
0.824492
-0
-0
-0
-0
-0
-0
6.43638
-0
-0
-0
-0
-0
-0
-0
-0
-0
-0
-0
-0
-0
-0
-0
-0
-0
34.5344
-0
-0
-0
-0
-0
-0
-0
8.87701
-0
-0
-0
-0
-0
-0
-0
-0
-0
7.44294
-0
-0
2.34367
-0
-0
-0
-0
-0
-0
-0
-0
-0
-0
-0
43.483
-0
1.74467
-0
-0
0.525
-0
-0
-0
-0
-0
1.78148
-0
-0
-0
-0
-0
-0
-0
31.4186
-0
-0
-0
-0
-0
-0
22.7504
-0
-0
-0
-0
-0
13.2052
20.4657
-0
16.6638
-0
-0
-0
-0
-0
-0
-0
-0
-0
-0
16.3048
-0
-0
-0
-0
-0
0.243531
-0
-0
13.9617
-0
-0
-0
-0
-0
-0
-0
-0
32.6337
-0
-0
-0
6.08713
-0
-0
-0
-0
-0
-0
-0
-0
-0
-0
-0
-0
-0
27.4124
-0
8.56352
-0
-0
-0
-0
-0
-0
-0
-0
-0
-0
-0
-0
-0
0.615843
-0
-0
-0
-0
-0
-0
-0
-0
-0
-0
-0
-0
-0
-0
-0
5.58867
-0
3.84321
-0
-0
-0
-0
-0
10.0663
-0
-0
-0
-0
-0
-0
-0
-0
-0
-0
-0
-0
-0
-0
-0
-0
-0
-0
-0
-0
-0
-0
-0
-0
-0
-0
-0
-0
-0
-0
-0
-0
-0
-0
15.8691
-0
29.9274
-0
-0
-0
-0
22.7634
-0
-0
-0
-0
-0
-0
-0
45.1106
-0
39.0311
-0
-0
-0
5.64906
-0
-0
-0
-0
5.42004
-0
20.5035
-0
-0
2.40448
-0
-0
4.09381
-0
-0
-0
-0
-0
-0
-0
-0
-0
-0
-0
20.8716
-0
-0
-0
-0
-0
-0
-0
-0
-0
-0
-0
-0
29.1479
-0
-0
-0
-0
-0
-0
-0
-0
-0
-0
-0
-0
-0
-0
-0
2.84892
-0
-0
-0
25.0569
31.5192
-0
-0
-0
-0
-0
-0
-0
-0
-0
-0
-0
22.9745
-0
-0
9.50216
-0
-0
-0
0.279819
-0
-0
-0
10.3731
-0
-0
-0
-0
-0
-0
-0
11.9728
-0
35.5771
-0
36.7631
-0
-0
-0
10.9981
-0
28.0327
-0
-0
-0
-0
-0
-0
-0
-0
-0
5.55778
-0
-0
34.0877
-0
-0
-0
-0
-0
39.7326
21.3257
-0
32.7056
-0
-0
-0
1.31285
-0
-0
-0
-0
20.2257
-0
-0
-0
-0
-0
-0
60.4429
-0
-0
-0
-0
-0
-0
-0
-0
-0
-0
-0
-0
-0
-0
-0
3.91425
10.1205
-0
-0
-0
-0
1.33943
-0
-0
-0
-0
-0
3.22189
-0
-0
-0
24.7453
-0
-0
30.4789
-0
-0
-0
-0
19.2428
14.2287
37.0176
-0
-0
-0
-0
0.541766
13.2494
-0
-0
25.2557
15.8798
-0
-0
14.4691
-0
-0
-0
-0
9.96752
-0
-0
-0
39.1215
-0
-0
-0
-0
-0
20.1017
-0
-0
-0
-0
-0
-0
-0
-0
-0
-0
15.9808
-0
-0
-0
-0
-0
-0
4.20895
-0
-0
-0
17.2722
-0
-0
-0
-0
-0
-0
-0
-0
-0
-0
-0
1.51235
6.57325
-0
-0
15.9488
-0
-0
9.71746
-0
19.7756
-0
-0
-0
-0
-0
-0
-0
22.3454
-0
-0
31.6888
-0
12.0073
39.55
-0
0.456589
-0
-0
-0
-0
7.94402
-0
-0
-0
-0
13.6636
-0
-0
-0
-0
-0
-0
12.4456
-0
-0
-0
32.7907
-0
-0
-0
-0
-0
-0
-0
-0
-0
-0
-0
30.3728
43.1737
-0
40.2259
-0
-0
-0
-0
-0
-0
-0
51.0027
-0
-0
-0
-0
-0
-0
-0
-0
-0
-0
-0
-0
11.7228
0.596366
39.3832
-0
-0
-0
15.1388
-0
-0
-0
-0
-0
-0
-0
-0
-0
-0
-0
-0
-0
-0
-0
9.55194
-0
-0
-0
56.3043
-0
-0
-0
-0
-0
-0
-0
-0
-0
-0
-0
-0
-0
-0
-0
9.54648
-0
-0
-0
-0
-0
-0
-0
-0
-0
-0
-0
-0
-0
-0
-0
-0
6.80417
-0
-0
12.4248
34.4291
48.8216
-0
-0
-0
-0
-0
-0
-0
-0
-0
-0
14.1175
-0
-0
-0
39.2438
1.57253
-0
6.29754
-0
-0
21.171
27.4772
-0
-0
-0
-0
-0
-0
-0
-0
-0
-0
-0
4.1255
35.2106
-0
14.1724
-0
5.57672
-0
-0
-0
-0
-0
-0
-0
-0
-0
-0
-0
-0
-0
25.8904
-0
-0
-0
-0
-0
-0
-0
-0
-0
0.67342
-0
-0
-0
-0
-0
8.74731
19.3191
-0
7.13083
-0
-0
-0
-0
-0
-0
-0
-0
-0
-0
-0
-0
-0
-0
10.8868
-0
-0
-0
0.314998
-0
-0
-0
-0
-0
4.78902
-0
-0
-0
20.3268
1.45114
-0
-0
-0
4.91932
-0
-0
-0
-0
-0
-0
-0
-0
-0
-0
17.6203
-0
-0
-0
-0
-0
-0
40.937
-0
-0
-0
-0
-0
-0
-0
-0
7.50122
-0
-0
-0
-0
-0
-0
-0
-0
-0
-0
-0
-0
-0
-0
-0
7.37358
-0
-0
-0
-0
-0
26.3989
-0
-0
4.22885
-0
-0
-0
-0
-0
1.17884
-0
-0
-0
-0
-0
-0
-0
-0
-0
-0
-0
-0
-0
-0
12.3649
-0
-0
-0
-0
-0
17.4178
60.2609
-0
-0
-0
-0
4.90956
-0
-0
-0
-0
-0
-0
2.52514
-0
-0
40.293
-0
3.15206
-0
-0
-0
42.5793
-0
-0
-0
-0
-0
-0
-0
-0
-0
-0
-0
-0
-0
-0
19.3032
-0
6.07965
-0
-0
-0
7.81349
-0
-0
4.80065
-0
-0
9.19359
-0
-0
-0
-0
-0
-0
-0
-0
-0
-0
-0
-0
-0
-0
-0
-0
-0
-0
-0
-0
45.0023
-0
-0
-0
-0
-0
-0
-0
-0
-0
12.7079
-0
3.79755
14.0402
-0
-0
18.95
-0
22.7211
-0
6.7982
-0
30.5183
-0
-0
-0
-0
-0
15.3175
-0
33.7985
-0
-0
-0
-0
-0
-0
2.77572
-0
-0
3.49645
39.7862
-0
-0
-0
-0
-0
34.9913
-0
-0
3.91804
-0
-0
18.4216
-0
-0
-0
-0
32.3468
-0
-0
-0
-0
-0
-0
-0
-0
-0
-0
-0
-0
1.50315
-0
-0
-0
-0
-0
-0
-0
-0
-0
-0
26.2563
-0
-0
-0
-0
1.09242
13.7466
-0
7.57733
-0
-0
-0
-0
14.97
-0
-0
34.5894
-0
-0
-0
-0
-0
13.7683
-0
13.0093
-0
-0
-0
36.5999
-0
-0
-0
14.2255
-0
7.3652
31.5938
-0
-0
21.4246
-0
-0
-0
-0
-0
-0
51.6106
3.70514
-0
-0
-0
-0
-0
-0
-0
5.47676
-0
-0
-0
9.43428
-0
2.35065
-0
-0
4.79631
-0
-0
-0
-0
-0
-0
24.6258
5.40231
-0
-0
-0
14.9533
-0
-0
2.94182
-0
-0
-0
-0
-0
-0
-0
-0
-0
-0
-0
-0
-0
-0
-0
-0
-0
-0
-0
-0
-0
4.97562
18.1237
5.65775
-0
-0
-0
-0
-0
-0
-0
-0
40.1111
-0
0.00203717
-0
-0
-0
-0
35.5914
-0
-0
-0
-0
0.0421128
-0
-0
-0
-0
-0
-0
-0
-0
44.126
-0
25.5921
39.7475
-0
-0
-0
-0
-0
-0
-0
-0
-0
-0
40.1231
-0
-0
-0
-0
18.077
49.5948
-0
-0
-0
-0
-0
-0
-0
34.1027
-0
-0
-0
-0
6.73331
-0
31.6055
-0
44.6025
-0
48.7274
-0
-0
-0
-0
-0
0.992589
29.1433
-0
-0
-0
-0
-0
-0
-0
-0
-0
-0
-0
-0
-0
-0
6.48683
-0
-0
-0
-0
2.47077
-0
-0
-0
8.32031
-0
-0
-0
15.7806
-0
-0
17.1144
-0
-0
65.4087
23.3568
-0
-0
16.6774
-0
-0
9.66788
-0
-0
23.16
-0
-0
-0
-0
-0
-0
-0
-0
-0
-0
-0
-0
-0
-0
34.3693
-0
-0
-0
-0
-0
-0
-0
-0
-0
4.25194
-0
-0
-0
6.2666
-0
-0
52.8878
-0
-0
-0
5.35742
-0
-0
-0
-0
-0
29.1281
-0
-0
0.932512
37.8444
8.71925
-0
-0
11.0894
2.54494
-0
-0
-0
-0
-0
-0
30.5177
-0
-0
9.34726
1.28524
-0
-0
-0
-0
-0
-0
-0
-0
-0
-0
-0
13.1288
12.622
-0
-0
-0
-0
-0
-0
-0
19.2544
-0
-0
-0
9.33896
-0
-0
-0
-0
-0
-0
-0
48.0604
-0
-0
-0
-0
-0
24.7158
-0
-0
-0
-0
-0
-0
13.5535
-0
-0
-0
-0
-0
-0
-0
-0
-0
-0
-0
-0
2.13999
-0
6.54129
-0
-0
-0
19.6123
-0
-0
-0
-0
-0
-0
-0
-0
12.9251
8.07757
-0
-0
-0
-0
-0
-0
-0
-0
-0
21.1955
-0
11.7149
-0
-0
-0
-0
-0
-0
-0
-0
7.64884
-0
-0
25.0535
-0
-0
-0
-0
-0
27.1428
-0
-0
1.62448
-0
-0
-0
62.1564
-0
-0
3.00797
18.3795
-0
-0
35.984
-0
-0
13.3115
-0
-0
-0
-0
70.9569
-0
-0
-0
-0
-0
29.242
45.8181
-0
10.7055
-0
-0
-0
-0
-0
-0
-0
-0
-0
-0
-0
-0
-0
27.5956
-0
20.206
35.0702
-0
-0
-0
-0
-0
0.992361
-0
-0
-0
-0
-0
-0
-0
-0
-0
-0
-0
-0
-0
-0
-0
-0
-0
-0
-0
-0
8.82511
11.6052
7.65009
-0
-0
-0
4.41579
-0
-0
-0
-0
-0
-0
-0
9.62454
-0
-0
-0
15.9399
-0
-0
-0
-0
-0
18.547
-0
0.229641
-0
-0
-0
15.0937
-0
-0
-0
-0
-0
-0
-0
12.4955
-0
-0
1.54275
2.0133
-0
21.2663
-0
5.17672
-0
29.547
-0
-0
-0
-0
-0
-0
-0
-0
1.24137
-0
-0
3.63267
-0
-0
-0
40.2874
2.01766
-0
-0
-0
-0
8.24279
-0
-0
-0
-0
-0
-0
35.8042
-0
-0
-0
-0
-0
-0
-0
-0
-0
-0
-0
-0
-0
59.6718
-0
26.3111
-0
-0
-0
-0
-0
-0
-0
-0
-0
-0
-0
-0
-0
-0
10.3243
-0
-0
9.8739
-0
16.233
-0
-0
-0
-0
-0
-0
-0
-0
-0
-0
-0
54.537
-0
-0
-0
-0
-0
-0
-0
12.9296
-0
-0
-0
-0
41.7943
-0
-0
-0
7.78551
-0
-0
9.65731
34.5474
-0
-0
25.4896
-0
10.7064
-0
-0
-0
-0
33.4787
81.685
-0
-0
3.65847
8.45689
-0
10.8338
-0
-0
-0
-0
-0
-0
-0
-0
5.29927
-0
-0
-0
-0
-0
-0
-0
-0
5.69873
-0
-0
-0
23.5404
-0
2.48487
2.76134
-0
-0
-0
-0
-0
-0
-0
-0
-0
-0
-0
-0
-0
-0
-0
-0
13.0223
-0
-0
-0
-0
-0
-0
9.86833
27.6663
39.0106
-0
14.4844
-0
-0
-0
-0
-0
19.9973
-0
-0
-0
-0
16.5939
-0
-0
-0
