0.927652
-0
-0
-0
-0
20.5688
-0
25.7858
16.489
20.1996
44.2125
-0
-0
-0
-0
30.876
-0
-0
-0
-0
-0
-0
-0
3.08009
0.839767
-0
12.6551
-0
-0
-0
-0
-0
-0
-0
0.925479
-0
-0
-0
-0
-0
-0
-0
-0
49.5393
-0
-0
-0
-0
-0
-0
-0
-0
-0
-0
-0
-0
-0
0.567058
15.2501
-0
-0
-0
-0
17.1469
2.22559
-0
-0
14.2498
-0
1.56268
-0
-0
-0
-0
-0
-0
5.43781
-0
-0
-0
-0
47.1489
-0
0.883963
-0
-0
-0
-0
-0
-0
-0
-0
-0
-0
-0
-0
-0
-0
-0
-0
-0
-0
-0
9.97351
-0
-0
4.77915
-0
-0
-0
6.72852
-0
-0
-0
-0
16.8809
-0
-0
68.7555
27.2799
-0
-0
-0
-0
11.5929
-0
-0
-0
-0
-0
0.307852
33.8132
18.6848
-0
-0
-0
-0
15.989
-0
2.7584
-0
-0
-0
-0
-0
-0
-0
-0
-0
-0
-0
7.15264
-0
-0
-0
-0
43.3507
-0
-0
2.00991
-0
-0
-0
16.8876
13.2375
-0
-0
8.63561
-0
48.3739
-0
27
-0
-0
-0
-0
-0
-0
-0
-0
-0
-0
-0
-0
-0
15.0094
-0
-0
27.3027
-0
5.12684
-0
-0
-0
-0
-0
-0
-0
-0
-0
-0
6.64943
11.2925
-0
-0
6.48739
-0
-0
-0
-0
-0
-0
30.2041
-0
-0
8.72383
26.261
-0
-0
-0
-0
-0
-0
25.374
-0
-0
-0
-0
-0
-0
-0
-0
-0
-0
-0
0.819697
-0
-0
-0
-0
-0
-0
-0
-0
-0
-0
14.1449
-0
-0
-0
-0
-0
-0
-0
10.1085
-0
-0
-0
13.7926
-0
6.22338
-0
-0
-0
-0
-0
-0
-0
-0
-0
-0
34.8033
-0
25.6618
-0
-0
-0
-0
-0
0.367444
11.6845
5.27905
-0
-0
-0
-0
0.127013
0.956552
-0
-0
-0
0.125815
16.5878
-0
12.0356
-0
4.76286
-0
-0
70.8381
-0
-0
-0
-0
29.5775
31.2792
-0
-0
27.8736
-0
-0
14.1694
-0
-0
-0
0.47918
-0
-0
-0
0.373348
-0
-0
-0
2.17071
32.7885
-0
-0
14.5278
-0
0.493545
-0
-0
-0
-0
-0
-0
-0
3.90617
-0
-0
-0
-0
-0
7.57968
19.0364
-0
6.13449
-0
-0
9.40113
0.391834
-0
-0
-0
-0
-0
-0
-0
-0
-0
16.9653
-0
-0
3.14488
-0
1.94797
-0
-0
10.1102
-0
-0
9.81693
0.558688
25.4045
-0
-0
-0
15.5488
-0
-0
-0
2.8563
-0
-0
-0
12.9356
-0
-0
-0
-0
-0
22.0341
-0
-0
-0
-0
-0
-0
-0
-0
-0
15.2686
-0
-0
29.1529
-0
-0
-0
-0
6.69939
-0
-0
-0
-0
-0
20.5475
-0
-0
-0
-0
-0
-0
-0
-0
-0
-0
12.701
-0
0.56627
-0
-0
2.99125
-0
-0
44.7497
-0
9.5996
-0
-0
-0
-0
-0
17.9789
-0
-0
-0
-0
-0
-0
-0
-0
-0
-0
-0
-0
-0
-0
-0
-0
-0
-0
-0
-0
-0
43.7644
-0
5.96039
-0
-0
-0
-0
-0
-0
-0
-0
20.2424
-0
-0
-0
10.8127
-0
-0
-0
2.0167
-0
-0
-0
19.5366
-0
-0
27.8918
-0
-0
-0
-0
25.4276
-0
-0
-0
-0
-0
-0
19.9056
-0
-0
-0
-0
-0
-0
-0
-0
-0
-0
-0
-0
-0
-0
-0
6.56831
-0
-0
-0
-0
40.9407
-0
-0
-0
21.4633
-0
-0
-0
-0
-0
-0
14.6067
-0
13.8328
32.6903
-0
-0
-0
-0
-0
-0
-0
10.8387
18.776
-0
18.3368
1.50127
-0
-0
-0
-0
39.922
15.6858
-0
-0
0.654032
-0
-0
-0
39.5207
-0
2.44582
-0
-0
-0
1.24989
9.61863
-0
-0
-0
12.8462
8.60936
13.2188
-0
-0
21.4248
-0
-0
-0
-0
-0
2.32467
-0
-0
-0
-0
20.8871
-0
-0
11.116
-0
-0
-0
-0
-0
10.328
-0
-0
-0
-0
-0
-0
-0
-0
-0
4.82756
4.62795
-0
9.09946
13.9996
-0
-0
-0
18.6517
-0
-0
-0
-0
-0
-0
20.2298
-0
-0
-0
-0
9.93647
-0
-0
-0
-0
-0
-0
-0
-0
-0
-0
-0
-0
-0
-0
-0
19.8911
-0
-0
-0
-0
-0
-0
-0
-0
-0
9.35814
3.50903
-0
-0
-0
-0
-0
-0
19.8189
3.31068
-0
31.2158
-0
-0
-0
-0
-0
-0
-0
-0
6.49461
-0
-0
-0
0.780556
27.459
-0
-0
-0
-0
-0
14.1822
-0
-0
-0
-0
-0
-0
35.8931
0.299812
-0
28.5691
-0
-0
-0
11.3441
-0
-0
-0
3.03153
-0
-0
-0
-0
-0
-0
0.0540292
19.9057
-0
-0
-0
-0
9.04424
-0
-0
-0
-0
4.74988
-0
-0
1.00193
-0
-0
-0
30.5624
-0
4.67166
-0
-0
8.39354
-0
-0
-0
0.435887
-0
-0
-0
5.75877
-0
-0
-0
19.6486
-0
-0
-0
9.31423
27.2043
-0
-0
-0
-0
-0
-0
-0
6.08003
-0
0.315385
-0
-0
-0
-0
11.3603
-0
14.6022
-0
-0
-0
-0
-0
-0
-0
-0
-0
-0
-0
36.9002
-0
-0
-0
-0
-0
-0
31.4628
-0
-0
-0
-0
-0
-0
-0
-0
-0
-0
-0
-0
-0
-0
-0
16.1409
-0
-0
10.9336
-0
16.956
2.70819
-0
-0
-0
-0
-0
-0
5.12593
-0
29.1737
-0
12.8657
-0
-0
-0
-0
-0
-0
-0
2.29483
-0
-0
7.12746
-0
11.8023
-0
-0
-0
6.65803
17.836
-0
-0
-0
-0
-0
-0
-0
11.3285
8.40992
-0
-0
-0
-0
-0
17.2269
3.53142
-0
-0
22.8698
-0
-0
-0
-0
1.91979
-0
-0
21.5336
-0
-0
-0
-0
-0
-0
-0
-0
7.58824
-0
33.3202
-0
-0
-0
-0
-0
-0
-0
-0
-0
-0
-0
-0
2.4966
-0
-0
-0
-0
-0
-0
-0
43.5575
-0
-0
14.917
-0
-0
-0
-0
7.41493
-0
13.134
-0
-0
-0
30.3052
-0
-0
-0
-0
-0
-0
23.3397
-0
-0
-0
-0
-0
2.77894
0.336215
10.914
-0
25.6266
-0
-0
-0
-0
7.62884
7.16441
-0
-0
-0
8.13758
-0
-0
26.2204
-0
-0
-0
-0
-0
3.46324
-0
-0
-0
-0
14.4204
-0
-0
-0
-0
-0
-0
-0
-0
-0
-0
-0
-0
17.5624
0.756471
-0
-0
-0
18.0116
-0
-0
-0
24.6298
-0
-0
-0
-0
-0
-0
-0
-0
-0
-0
-0
-0
-0
-0
-0
-0
-0
14.651
-0
-0
-0
3.86102
-0
-0
20.2859
-0
-0
-0
7.18932
-0
-0
-0
-0
-0
-0
-0
-0
-0
-0
-0
32.8526
-0
-0
-0
-0
-0
-0
-0
-0
-0
-0
-0
-0
-0
-0
-0
-0
-0
-0
-0
-0
-0
-0
-0
3.43576
8.65618
-0
-0
-0
-0
42.4892
0.104216
-0
-0
-0
-0
-0
-0
16.3033
-0
9.19453
-0
2.30679
-0
-0
-0
-0
-0
6.271
-0
-0
21.9479
-0
-0
-0
-0
-0
-0
-0
13.334
-0
18.0311
-0
-0
14.77
-0
-0
-0
-0
-0
-0
-0
-0
28.8371
-0
-0
-0
-0
-0
-0
-0
-0
-0
-0
-0
-0
-0
-0
5.06443
-0
-0
-0
-0
-0
-0
-0
19.3915
9.2787
-0
17.9261
-0
-0
-0
-0
5.25255
12.4982
-0
-0
-0
-0
8.9066
-0
-0
-0
-0
-0
-0
-0
6.65665
7.72869
-0
-0
-0
-0
-0
11.9942
-0
-0
-0
-0
9.9733
-0
-0
-0
-0
8.83124
-0
-0
-0
-0
-0
45.1971
-0
-0
33.8725
39.3815
-0
-0
-0
-0
-0
29.7684
-0
-0
-0
-0
-0
-0
-0
-0
0.183894
-0
-0
8.11772
25.7928
-0
-0
16.4081
15.2579
24.5445
25.7897
-0
-0
-0
-0
-0
-0
-0
-0
3.27607
-0
-0
-0
-0
-0
-0
-0
-0
-0
-0
-0
20.8388
-0
-0
-0
-0
-0
-0
10.8098
-0
-0
10.659
-0
-0
1.77558
-0
14.4451
-0
-0
-0
-0
2.36949
-0
-0
10.14
17.3001
-0
35.7982
-0
-0
-0
-0
-0
-0
9.63255
-0
-0
-0
-0
0.166484
-0
-0
-0
-0
-0
-0
-0
-0
-0
-0
-0
15.7589
-0
-0
5.75277
-0
4.37601
7.0341
23.6947
-0
-0
-0
-0
-0
-0
46.7111
-0
-0
-0
11.6475
-0
-0
-0
-0
-0
-0
-0
20.5958
-0
-0
-0
-0
-0
-0
1.34234
4.94382
-0
0.00351036
14.7633
8.6362
-0
-0
-0
-0
-0
-0
-0
-0
-0
-0
-0
-0
-0
49.3167
-0
-0
-0
-0
-0
-0
26.4962
20.1102
-0
-0
29.7933
-0
-0
13.5539
43.3138
24.6103
-0
-0
-0
-0
-0
-0
-0
26.693
-0
-0
-0
-0
-0
-0
-0
-0
-0
-0
23.8332
-0
-0
-0
19.5213
36.9252
-0
-0
-0
-0
39.701
27.5368
-0
-0
-0
-0
-0
-0
-0
-0
3.52999
18.9623
-0
-0
5.98521
-0
-0
-0
-0
-0
-0
2.25618
-0
1.4431
-0
-0
-0
-0
-0
-0
-0
-0
18.4363
-0
10.8555
-0
-0
-0
-0
-0
10.0328
-0
-0
-0
-0
-0
-0
26.7963
-0
-0
-0
-0
-0
-0
2.52931
23.5015
-0
-0
-0
-0
-0
-0
5.97252
26.133
-0
-0
5.45652
-0
32.4138
-0
-0
-0
-0
-0
-0
-0
-0
-0
-0
7.03075
-0
2.9501
1.90332
-0
-0
0.813701
-0
-0
-0
29.4636
-0
25.6833
19.0711
-0
-0
-0
-0
-0
-0
2.34484
-0
15.3869
-0
-0
-0
-0
-0
-0
-0
-0
-0
-0
-0
-0
-0
-0
-0
-0
-0
-0
-0
-0
-0
9.99958
-0
-0
-0
-0
-0
-0
-0
-0
-0
-0
-0
-0
-0
-0
14.1736
-0
26.4393
-0
12.0201
1.19617
-0
-0
14.491
3.83658
-0
-0
-0
-0
-0
-0
7.73579
10.9308
-0
-0
1.36952
-0
-0
-0
27.2925
-0
0.831284
-0
-0
-0
-0
-0
-0
-0
-0
-0
-0
-0
-0
-0
45.5088
-0
-0
8.82048
13.5668
-0
21.8146
-0
-0
-0
-0
-0
36.2827
8.77789
-0
2.05523
-0
-0
-0
-0
-0
-0
-0
-0
-0
-0
-0
-0
14.7032
-0
-0
26.6026
-0
-0
-0
-0
-0
-0
-0
-0
-0
-0
-0
1.85497
16.612
-0
-0
-0
-0
-0
-0
34.6802
8.00006
30.6668
-0
-0
-0
-0
-0
-0
-0
30.4764
-0
-0
-0
-0
25.4315
-0
-0
-0
-0
-0
-0
-0
21.1473
-0
-0
-0
-0
20.8565
-0
-0
-0
-0
-0
-0
11.6586
-0
-0
44.7869
-0
2.50329
-0
-0
-0
14.179
-0
-0
16.4754
-0
-0
18.7566
-0
-0
-0
-0
-0
-0
-0
-0
-0
-0
-0
-0
19.7513
13.0612
-0
-0
-0
6.29435
5.72937
18.1096
-0
13.2835
-0
-0
-0
28.6454
-0
-0
-0
-0
-0
-0
-0
-0
-0
-0
-0
-0
12.223
-0
-0
-0
23.9168
-0
-0
-0
2.73806
-0
-0
-0
-0
-0
-0
-0
32.3966
-0
-0
-0
-0
-0
27.9539
-0
-0
-0
18.1893
-0
-0
-0
-0
24.4314
-0
19.9659
-0
12.3309
-0
-0
44.6849
-0
-0
-0
-0
-0
-0
21.7012
35.9165
-0
-0
-0
-0
-0
-0
-0
-0
-0
-0
-0
-0
-0
11.06
-0
-0
-0
-0
5.99346
-0
0.389901
-0
-0
43.6154
34.2786
-0
-0
27.7573
-0
-0
16.2217
-0
-0
-0
-0
-0
-0
-0
-0
-0
-0
9.94931
28.0124
-0
-0
-0
-0
-0
-0
-0
-0
-0
-0
-0
-0
26.3305
-0
11.2978
-0
-0
-0
-0
-0
-0
-0
5.84386
-0
-0
-0
5.11838
-0
-0
-0
-0
-0
39.1334
-0
-0
-0
11.9601
-0
-0
-0
-0
-0
-0
-0
-0
-0
-0
-0
-0
8.0658
-0
-0
-0
-0
-0
-0
-0
-0
-0
-0
-0
-0
-0
-0
-0
-0
20.789
13.6178
-0
28.9816
-0
-0
-0
-0
-0
-0
-0
-0
-0
-0
-0
-0
5.73344
-0
-0
-0
-0
-0
-0
-0
-0
-0
-0
-0
-0
-0
-0
3.64942
-0
8.72707
8.61964
-0
-0
-0
-0
-0
25.827
2.3068
-0
-0
-0
-0
22.2549
15.7289
11.3956
-0
-0
-0
-0
-0
14.7261
-0
-0
-0
-0
-0
7.80267
-0
-0
-0
-0
-0
-0
-0
-0
18.2153
9.90257
-0
-0
-0
-0
-0
-0
-0
-0
-0
30.2551
-0
-0
-0
-0
-0
-0
7.48258
-0
-0
-0
59.9459
0.284718
-0
-0
34.0603
-0
-0
-0
-0
-0
-0
1.72561
-0
31.4967
-0
-0
3.98206
-0
-0
-0
-0
-0
-0
-0
-0
6.38728
-0
15.5428
-0
-0
-0
-0
-0
-0
-0
14.5204
-0
-0
-0
-0
-0
-0
-0
-0
-0
-0
18.2523
10.1408
-0
3.3267
-0
12.0347
-0
15.5131
11.7461
-0
4.73139
-0
-0
6.1914
-0
-0
35.0071
31.8521
-0
2.88382
-0
-0
9.6553
14.9929
-0
-0
-0
-0
-0
-0
9.65114
-0
-0
-0
2.90571
5.00698
-0
-0
-0
-0
1.41937
-0
38.3643
-0
-0
-0
-0
0.0781737
-0
-0
-0
8.73862
-0
47.1254
-0
-0
12.3661
-0
-0
6.73755
-0
-0
9.79282
-0
-0
-0
-0
-0
13.5772
-0
-0
55.5392
-0
17.139
-0
13.6333
-0
-0
-0
-0
-0
-0
34.8896
0.620873
-0
-0
-0
-0
-0
-0
-0
-0
-0
-0
-0
-0
-0
-0
17.5349
-0
-0
14.852
-0
-0
-0
-0
46.0128
-0
-0
-0
-0
-0
-0
-0
-0
-0
-0
-0
-0
-0
-0
-0
-0
-0
-0
1.10643
-0
-0
36.2347
-0
-0
-0
-0
-0
-0
-0
-0
-0
-0
-0
-0
-0
-0
-0
-0
-0
-0
-0
-0
-0
-0
5.13843
-0
-0
-0
-0
-0
19.9342
-0
-0
-0
-0
-0
-0
1.76735
-0
11.5326
15.9323
25.6282
-0
13.3066
2.01443
-0
-0
-0
26.5528
45.447
-0
6.33945
38.276
-0
-0
10.3526
-0
-0
19.5973
-0
-0
-0
-0
-0
-0
-0
-0
-0
5.36412
-0
-0
-0
-0
-0
20.286
-0
-0
-0
-0
-0
27.0359
-0
9.42838
-0
-0
-0
-0
-0
-0
6.74149
13.2896
-0
23.457
-0
-0
-0
-0
-0
-0
4.21239
5.8366
3.63725
26.7297
3.17956
12.4219
26.8725
-0
-0
-0
-0
17.4783
-0
-0
-0
-0
20.3602
-0
-0
-0
-0
-0
-0
10.7822
-0
-0
-0
-0
-0
-0
-0
-0
-0
-0
55.3755
-0
-0
-0
-0
-0
-0
1.24318
-0
-0
-0
-0
-0
0.696882
-0
-0
-0
16.1718
-0
-0
-0
34.3041
-0
19.1378
7.69024
29.4631
-0
11.1143
8.23016
-0
-0
-0
23.5313
15.5745
-0
-0
-0
-0
-0
-0
24.2085
-0
-0
-0
-0
-0
-0
-0
-0
8.09413
-0
-0
-0
-0
-0
-0
-0
-0
-0
-0
-0
15.1394
-0
-0
-0
-0
-0
6.91713
-0
-0
7.54978
-0
-0
-0
3.23926
-0
-0
-0
-0
-0
-0
-0
14.5165
-0
-0
-0
13.8712
0.973374
-0
-0
-0
5.69808
13.7444
-0
-0
16.6899
-0
-0
-0
-0
-0
-0
-0
1.61301
-0
-0
-0
-0
-0
-0
-0
-0
-0
-0
-0
9.41275
-0
17.0256
-0
-0
-0
-0
-0
19.3746
-0
-0
-0
-0
-0
-0
-0
-0
-0
1.09612
-0
-0
8.20293
-0
-0
-0
-0
-0
-0
-0
-0
22.5626
-0
-0
-0
6.05018
2.64168
-0
-0
-0
1.80203
-0
-0
-0
-0
2.93806
38.7714
-0
-0
5.23365
1.29314
-0
-0
-0
-0
-0
-0
-0
-0
19.0796
24.7314
-0
-0
-0
10.3367
-0
1.67103
-0
-0
-0
8.85655
-0
-0
-0
-0
-0
-0
-0
-0
-0
-0
-0
-0
-0
-0
-0
-0
-0
-0
18.1763
25.4265
-0
-0
-0
-0
-0
-0
-0
45.4366
-0
-0
36.2691
9.52476
-0
-0
-0
-0
-0
-0
3.21304
-0
-0
-0
-0
-0
-0
-0
-0
-0
-0
-0
-0
-0
-0
-0
-0
-0
-0
33.7299
-0
-0
-0
-0
-0
-0
-0
1.83319
-0
-0
-0
-0
-0
-0
-0
-0
-0
6.38577
-0
-0
6.62129
-0
-0
-0
-0
-0
-0
-0
-0
-0
-0
-0
10.6338
-0
5.17119
-0
-0
6.03005
-0
-0
-0
-0
-0
-0
-0
11.8608
-0
-0
-0
-0
-0
11.8505
-0
-0
-0
-0
-0
-0
6.21738
-0
-0
-0
-0
-0
14.7668
9.71856
1.52271
2.5296
-0
-0
-0
-0
-0
-0
-0
4.06043
-0
-0
30.0909
-0
0.310982
-0
2.32931
-0
-0
-0
-0
-0
-0
-0
-0
-0
-0
-0
-0
-0
54.8331
-0
-0
-0
15.2098
-0
-0
-0
-0
-0
-0
-0
-0
-0
-0
-0
-0
-0
24.3226
-0
10.4135
-0
-0
-0
-0
-0
-0
-0
-0
-0
-0
-0
-0
-0
15.3909
-0
-0
-0
-0
1.77396
-0
-0
-0
-0
-0
-0
-0
-0
-0
-0
2.98889
-0
4.61551
-0
-0
-0
-0
-0
6.99155
-0
-0
-0
-0
-0
-0
-0
-0
-0
-0
-0
-0
-0
-0
-0
-0
-0
-0
-0
-0
-0
-0
-0
2.566
-0
-0
-0
7.25821
2.61041
-0
-0
-0
9.06146
-0
6.70985
-0
30.6375
8.16363
-0
-0
-0
5.71669
-0
7.55617
-0
-0
-0
-0
-0
24.7163
-0
17.3713
-0
-0
-0
4.31011
-0
-0
-0
-0
26.8009
-0
3.1838
-0
-0
-0
-0
-0
1.21809
-0
-0
-0
-0
-0
-0
-0
-0
-0
-0
-0
20.9203
-0
-0
-0
-0
-0
-0
-0
-0
-0
-0
-0
-0
19.2293
-0
-0
-0
-0
-0
-0
1.86863
-0
-0
-0
-0
-0
-0
-0
-0
8.68287
-0
-0
-0
26.1571
50.3295
-0
-0
-0
-0
-0
-0
-0
-0
-0
-0
-0
12.9999
-0
-0
7.4954
-0
-0
-0
0.699398
-0
-0
-0
-0
-0
-0
-0
-0
-0
-0
-0
26.2318
-0
21.8076
-0
16.5041
1.90139
-0
-0
9.62891
-0
36.5767
-0
-0
-0
-0
-0
-0
-0
-0
-0
-0
-0
-0
43.6554
-0
-0
-0
-0
-0
47.3438
19.875
-0
40.1062
-0
-0
8.55214
2.17631
-0
-0
-0
-0
31.9992
-0
-0
-0
-0
-0
2.74152
31.8958
-0
-0
6.16727
-0
-0
-0
-0
-0
-0
-0
-0
-0
-0
-0
-0
-0
5.46779
-0
-0
-0
-0
2.06776
-0
2.06796
-0
-0
-0
-0
-0
-0
-0
9.4552
-0
-0
28.0801
-0
-0
-0
-0
38.3309
22.1024
26.1985
-0
-0
-0
7.42884
5.03403
2.65673
-0
15.5649
28.6438
30.1373
-0
0.261584
-0
-0
13.8574
-0
2.55581
10.4312
-0
-0
-0
34.115
-0
-0
-0
-0
-0
14.9781
-0
-0
8.69797
-0
-0
-0
-0
-0
-0
-0
17.1306
-0
-0
-0
-0
-0
3.59836
12.3871
-0
-0
1.55364
-0
-0
-0
-0
-0
-0
-0
-0
-0
-0
-0
-0
-0
-0
8.30192
-0
24.7323
-0
-0
1.93387
-0
9.32489
-0
-0
-0
-0
-0
-0
-0
7.88597
-0
-0
17.0583
-0
4.30486
8.93377
-0
-0
-0
-0
-0
-0
3.89491
-0
-0
-0
-0
8.37253
-0
-0
-0
-0
-0
-0
17.5918
-0
-0
-0
23.9534
-0
-0
-0
-0
-0
-0
-0
3.97431
-0
-0
-0
16.4075
50.0435
-0
28.6015
-0
-0
-0
-0
2.95767
-0
-0
21.2503
-0
-0
-0
-0
-0
-0
-0
-0
-0
-0
-0
-0
1.55663
32.9691
7.99597
-0
-0
-0
15.4398
-0
-0
-0
-0
1.15241
-0
-0
-0
-0
-0
-0
-0
-0
-0
-0
-0
-0
-0
-0
26.2541
-0
-0
-0
-0
-0
-0
-0
-0
-0
-0
-0
-0
-0
-0
-0
11.8943
-0
-0
-0
-0
-0
-0
-0
-0
-0
-0
-0
-0
-0
-0
-0
-0
8.02238
-0
-0
-0
20.3809
14.5658
-0
-0
-0
-0
-0
-0
-0
-0
-0
-0
16.1438
-0
-0
-0
34.5593
-0
-0
7.76922
-0
16.4966
13.8182
16.4513
-0
-0
-0
-0
-0
-0
-0
-0
-0
-0
-0
7.44894
18.3604
-0
16.0582
3.05402
-0
-0
-0
-0
-0
-0
-0
-0
-0
-0
-0
-0
-0
-0
3.33649
3.49835
-0
-0
-0
-0
-0
-0
-0
-0
15.5917
-0
-0
-0
-0
-0
17.4672
10.1404
-0
26.3482
-0
-0
-0
-0
-0
-0
-0
-0
-0
-0
-0
-0
-0
-0
5.0994
-0
-0
4.32327
21.8722
-0
-0
-0
-0
-0
3.50121
-0
-0
-0
-0
-0
-0
-0
-0
5.25658
-0
-0
-0
4.62511
-0
-0
-0
2.60137
-0
-0
-0
-0
-0
-0
12.8954
-0
-0
38.2438
-0
-0
-0
-0
-0
-0
-0
-0
6.0053
-0
-0
-0
-0
-0
-0
-0
-0
-0
-0
12.4584
-0
-0
-0
-0
-0
-0
-0
0.2722
-0
-0
54.0783
-0
-0
6.64175
-0
-0
-0
-0
-0
1.59781
-0
-0
-0
-0
-0
-0
-0
-0
-0
20.6578
-0
-0
-0
-0
-0
-0
-0
-0
15.7117
-0
14.1148
41.4162
-0
-0
-0
-0
23.2159
-0
-0
-0
-0
-0
-0
21.6919
-0
-0
25.8305
-0
-0
-0
-0
-0
16.7377
-0
-0
-0
-0
-0
-0
-0
-0
-0
-0
-0
-0
-0
-0
20.3183
-0
4.40711
-0
-0
-0
4.98934
-0
-0
-0
-0
-0
8.28939
-0
-0
-0
-0
-0
-0
-0
-0
-0
1.04043
-0
-0
-0
-0
-0
-0
-0
-0
-0
-0
39.1226
-0
-0
-0
-0
-0
-0
-0
-0
-0
12.837
-0
3.62288
11.3642
-0
-0
-0
-0
-0
-0
8.97819
3.34991
5.20032
-0
-0
-0
-0
-0
2.78278
-0
0.851747
-0
-0
-0
-0
-0
-0
-0
-0
-0
-0
30.821
-0
-0
-0
1.10612
-0
35.9571
-0
-0
9.11309
-0
-0
13.8947
-0
-0
-0
-0
4.56687
-0
-0
-0
-0
-0
-0
-0
-0
16.3818
-0
-0
5.23076
11.1992
-0
-0
-0
-0
-0
-0
-0
-0
-0
-0
40.2283
1.94534
-0
-0
-0
-0
0.764109
-0
-0
-0
-0
-0
-0
12.4592
4.50995
-0
41.5263
-0
-0
-0
-0
-0
0.621755
-0
-0
-0
-0
-0
22.6744
-0
-0
-0
3.75608
-0
10.195
44.5288
0.723856
-0
19.1711
-0
-0
-0
-0
-0
-0
37.2964
-0
-0
-0
-0
-0
-0
30.8288
-0
-0
6.58499
12.8597
-0
-0
-0
-0
-0
-0
2.53261
-0
-0
-0
-0
-0
-0
6.64943
4.51932
-0
-0
-0
13.9543
10.3179
-0
14.2949
-0
-0
-0
-0
-0
-0
-0
-0
-0
-0
-0
-0
-0
-0
-0
5.12474
-0
-0
-0
-0
-0
-0
29.8665
9.85048
-0
-0
-0
-0
-0
-0
-0
-0
12.9749
-0
0.240693
-0
-0
-0
-0
25.634
-0
-0
-0
-0
-0
-0
-0
-0
-0
-0
-0
-0
-0
42.9055
-0
14.895
41.3813
-0
-0
-0
-0
-0
-0
-0
-0
-0
3.4409
15.0405
-0
-0
-0
-0
4.12741
25.3953
-0
-0
-0
-0
-0
-0
-0
24.7883
-0
-0
-0
-0
-0
-0
10.2894
-0
25.6872
-0
17.4172
-0
-0
-0
-0
-0
2.11762
-0
2.70292
-0
-0
-0
-0
-0
-0
7.57045
-0
-0
-0
-0
-0
-0
6.98942
-0
-0
-0
-0
1.14633
-0
-0
-0
0.792106
-0
-0
-0
23.5007
5.73227
4.07643
1.13877
-0
0.835013
50.0825
5.05668
-0
-0
-0
-0
-0
24.6101
-0
-0
2.7139
-0
-0
-0
-0
-0
-0
-0
-0
-0
-0
-0
-0
-0
-0
18.9514
-0
-0
-0
-0
3.34388
-0
-0
-0
-0
-0
-0
-0
-0
12.2013
-0
-0
56.281
-0
-0
-0
8.74322
-0
-0
-0
-0
-0
29.9941
-0
-0
-0
37.9735
15.4431
-0
-0
13.4365
0.700943
-0
-0
-0
-0
-0
-0
-0
7.15387
-0
0.931757
-0
-0
-0
-0
-0
-0
-0
-0
-0
-0
-0
-0
-0
9.83697
-0
-0
-0
-0
21.2731
-0
-0
4.51979
-0
-0
-0
18.4001
-0
-0
-0
-0
-0
19.544
-0
15.9208
-0
17.2699
-0
-0
6.97466
19.2423
5.63153
-0
-0
-0
-0
-0
22.881
8.26316
-0
-0
-0
-0
-0
-0
-0
-0
-0
17.2008
-0
9.18977
-0
5.64304
-0
-0
-0
24.7128
-0
-0
-0
-0
-0
-0
2.09805
-0
1.07977
5.69226
-0
8.37435
-0
-0
12.5797
-0
-0
-0
-0
7.21103
-0
-0
-0
-0
-0
-0
-0
-0
-0
6.48973
9.5032
-0
-0
28.5251
-0
-0
-0
-0
-0
23.6132
-0
-0
4.2307
-0
-0
-0
31.1509
-0
-0
-0
-0
-0
-0
31.1366
-0
-0
-0
-0
-0
-0
-0
59.3603
-0
-0
-0
-0
-0
1.67731
26.5581
6.04748
-0
-0
-0
-0
-0
-0
-0
-0
-0
-0
-0
-0
-0
-0
7.58995
-0
2.6831
25.6183
19.1783
-0
-0
-0
-0
3.82686
-0
-0
-0
-0
-0
-0
-0
-0
-0
-0
-0
-0
-0
-0
-0
-0
-0
-0
-0
-0
-0
3.98512
8.33817
-0
-0
-0
6.24256
-0
-0
-0
-0
17.7872
-0
-0
-0
-0
-0
-0
7.94281
-0
-0
-0
-0
-0
17.5608
-0
-0
-0
-0
-0
-0
-0
-0
-0
-0
7.01439
-0
-0
0.572132
-0
-0
2.82575
-0
-0
27.0219
-0
8.04434
0.694214
28.4996
-0
-0
-0
28.8727
-0
-0
-0
-0
-0
1.04516
-0
22.1666
-0
-0
-0
15.9354
1.81145
-0
-0
-0
-0
12.171
-0
-0
-0
-0
-0
-0
26.064
-0
-0
-0
-0
-0
0.683415
-0
-0
-0
-0
-0
-0
-0
53.8954
-0
7.67607
-0
-0
-0
-0
-0
-0
-0
-0
-0
-0
-0
-0
-0
-0
-0
-0
-0
3.67803
-0
21.4676
-0
8.6766
-0
-0
-0
-0
-0
-0
-0
-0
-0
50.2943
-0
-0
-0
-0
-0
-0
-0
17.3958
-0
-0
-0
-0
40.7077
-0
-0
-0
7.60692
-0
-0
15.6103
23.2473
-0
-0
2.65698
-0
-0
3.73802
-0
-0
-0
35.9566
55.244
-0
-0
3.29614
11.8974
-0
18.9163
-0
-0
-0
-0
-0
-0
-0
-0
1.94518
-0
-0
-0
-0
-0
-0
-0
-0
2.83629
-0
-0
-0
15.3663
-0
11.8739
5.50575
-0
-0
-0
-0
-0
-0
-0
2.77231
-0
-0
7.04616
1.24515
-0
-0
-0
-0
36.5248
-0
-0
-0
-0
-0
-0
20.4776
4.3908
19.4606
5.29854
-0
-0
-0
-0
-0
-0
8.29042
-0
-0
-0
-0
24.83
-0
-0
-0
