-0
-0
-0
-0
-0
18.5555
-0
-0
25.5956
-0
10.4041
-0
-0
-0
-0
5.4745
-0
-0
-0
-0
-0
0.445673
-0
7.70168
-0
-0
36.5017
-0
-0
-0
-0
-0
-0
-0
-0
-0
-0
-0
-0
-0
-0
-0
-0
11.9695
-0
-0
-0
65.2611
-0
-0
-0
-0
-0
10.3511
-0
-0
9.4006
2.73033
22.1457
-0
-0
-0
-0
-0
21.6258
-0
-0
7.77277
-0
0.938105
-0
-0
-0
-0
-0
1.54969
64.2225
-0
-0
-0
-0
22.224
-0
15.7312
-0
-0
-0
-0
-0
-0
11.7817
-0
-0
-0
-0
-0
5.58024
-0
33.7441
-0
-0
-0
-0
-0
9.20108
-0
8.83264
-0
-0
-0
-0
-0
-0
-0
-0
-0
-0
-0
23.7544
25.5235
7.83906
-0
-0
28.465
17.2031
-0
-0
-0
-0
-0
-0
-0
24.5309
-0
31.4097
-0
-0
15.0724
-0
-0
-0
-0
34.4307
9.32858
-0
-0
-0
-0
-0
-0
-0
-0
-0
-0
8.50904
-0
-0
-0
-0
2.56729
-0
0.992692
-0
10.7005
1.76531
-0
-0
-0
-0
29.2951
-0
12.4646
-0
-0
-0
-0
-0
-0
-0
-0
-0
-0
-0
-0
-0
21.6955
-0
-0
22.3746
-0
24.4805
16.143
12.9546
-0
-0
-0
-0
18.2739
-0
-0
-0
-0
-0
-0
-0
-0
29.3764
42.9372
15.4466
-0
-0
-0
23.1941
-0
-0
-0
4.557
-0
23.1225
-0
42.0266
-0
-0
-0
-0
-0
-0
-0
-0
-0
-0
-0
-0
-0
-0
-0
-0
-0
-0
-0
14.2253
3.15731
-0
-0
-0
-0
15.7675
-0
14.3328
-0
-0
-0
-0
12.7482
43.3162
-0
-0
7.15179
-0
-0
-0
-0
-0
-0
-0
-0
-0
3.72217
-0
-0
-0
17.9963
13.8159
13.5118
-0
-0
-0
-0
-0
-0
-0
4.84244
-0
40.0917
-0
-0
-0
3.18846
-0
-0
-0
30.9966
61.246
-0
13.2254
-0
-0
-0
-0
6.08375
-0
-0
-0
-0
14.3428
21.0402
-0
-0
18.2122
-0
-0
-0
-0
-0
-0
1.21289
-0
-0
-0
1.23549
-0
-0
-0
1.72324
12.1638
-0
-0
55.2128
-0
50.2137
-0
-0
-0
-0
-0
-0
-0
9.40184
41.0782
-0
-0
-0
-0
-0
10.0821
-0
-0
-0
-0
-0
-0
-0
-0
-0
-0
-0
-0
-0
-0
-0
29.7442
-0
-0
6.50371
-0
1.81826
-0
-0
22.9735
-0
-0
7.49035
0.491396
39.957
-0
-0
-0
23.4014
-0
-0
-0
-0
-0
-0
-0
0.319715
-0
-0
-0
-0
11.8661
11.1032
-0
-0
-0
17.9236
-0
1.59832
-0
21.6222
19.3061
-0
-0
-0
-0
-0
-0
-0
-0
-0
-0
-0
-0
-0
28.4572
13.849
-0
19.3244
-0
-0
47.4503
-0
-0
-0
-0
25.4039
-0
-0
9.14135
22.3277
-0
43.4455
36.0103
-0
38.7168
-0
-0
-0
-0
-0
-0
-0
-0
-0
-0
-0
-0
-0
-0
-0
-0
15.8475
-0
-0
-0
13.5956
-0
-0
-0
-0
-0
-0
-0
-0
-0
-0
-0
-0
-0
-0
-0
-0
6.68542
-0
-0
0.738102
-0
-0
-0
-0
-0
-0
-0
10.2061
-0
-0
-0
-0
-0
2.71045
51.1152
-0
-0
-0
-0
39.5942
4.48009
-0
-0
7.87456
-0
-0
20.1975
39.0515
-0
-0
-0
-0
-0
-0
-0
-0
1.84397
3.68497
-0
-0
-0
-0
17.6318
-0
-0
-0
6.63726
-0
-0
-0
-0
-0
-0
-0
-0
-0
-0
-0
15.5655
-0
0.687976
-0
6.17012
-0
-0
-0
-0
-0
-0
16.0941
21.8963
15.7648
-0
7.40464
3.48338
35.0396
-0
-0
56.6682
16.9985
-0
-0
1.86599
-0
-0
19.4266
26.7819
-0
0.784602
-0
-0
-0
-0
-0
-0
-0
1.08914
-0
-0
-0
-0
-0
36.8547
-0
-0
-0
3.26364
1.17308
-0
-0
-0
-0
-0
11.4662
-0
-0
-0
-0
-0
-0
-0
-0
-0
-0
12.3947
-0
-0
-0
-0
-0
-0
-0
-0
18.1533
-0
33.2071
33.4983
8.43032
-0
8.03137
47.7884
-0
-0
-0
-0
-0
-0
14.1045
-0
-0
-0
-0
-0
-0
-0
-0
-0
-0
-0
-0
-0
-0
-0
-0
-0
-0
-0
-0
-0
-0
-0
15.3513
1.85122
6.11206
-0
-0
-0
-0
4.36083
-0
-0
-0
-0
-0
-0
-0
17.2214
17.0783
-0
25.7072
-0
-0
-0
-0
-0
-0
-0
-0
27.7067
-0
-0
-0
1.25378
13.2437
-0
-0
-0
-0
-0
29.732
-0
-0
-0
-0
-0
-0
32.6567
-0
-0
1.68783
-0
-0
-0
-0
-0
-0
-0
15.5585
3.98623
-0
-0
-0
-0
-0
-0
35.8417
-0
-0
-0
-0
16.7046
-0
-0
-0
-0
-0
26.3662
-0
-0
-0
-0
-0
12.8292
-0
-0
1.81922
-0
-0
-0
-0
-0
0.392985
-0
-0
-0
3.89298
-0
-0
-0
-0
-0
-0
-0
-0
14.017
-0
-0
-0
10.5757
-0
21.6712
-0
8.93671
-0
-0
-0
-0
7.55322
-0
6.2506
-0
16.7654
-0
-0
-0
-0
-0
11.8025
-0
-0
-0
-0
-0
16.0088
-0
-0
4.06717
-0
-0
-0
26.0672
53.9088
-0
-0
-0
-0
-0
-0
11.7232
25.7371
-0
-0
12.1744
-0
-0
-0
-0
-0
-0
-0
-0
-0
43.2871
-0
36.8826
-0
-0
-0
-0
22.4198
-0
6.00177
-0
31.0837
-0
-0
18.756
-0
-0
-0
2.15863
9.66283
5.51628
-0
23.9121
-0
11.8679
12.7677
-0
-0
-0
2.14409
-0
-0
-0
-0
-0
-0
-0
0.0401907
0.521471
-0
-0
-0
-0
-0
16.8771
10.1653
-0
5.43421
13.966
-0
-0
-0
-0
3.95237
-0
-0
12.1439
-0
21.6113
-0
-0
-0
-0
-0
-0
48.5876
-0
22.3667
-0
-0
-0
-0
6.78057
1.61137
-0
16.6022
-0
-0
19.9801
-0
32.1252
-0
-0
-0
2.97262
-0
-0
-0
-0
-0
-0
16.2988
0.977709
-0
-0
-0
18.6799
-0
-0
-0
-0
-0
19.1181
48.3037
-0
-0
-0
-0
20.7195
13.5869
-0
-0
9.82137
-0
-0
-0
-0
-0
-0
-0
-0
-0
-0
46.6708
-0
-0
-0
-0
-0
11.4262
-0
-0
20.3813
-0
-0
-0
-0
-0
-0
-0
-0
-0
-0
-0
-0
-0
11.1604
5.79301
25.4451
-0
-0
-0
-0
-0
-0
-0
-0
-0
-0
-0
-0
23.1283
-0
27.8323
-0
-0
-0
-0
-0
4.44006
-0
-0
-0
-0
-0
-0
12.1847
-0
-0
-0
-0
-0
-0
40.0577
-0
-0
-0
-0
-0
-0
-0
-0
-0
-0
7.27818
-0
-0
-0
-0
17.159
-0
-0
-0
-0
-0
-0
-0
-0
-0
-0
-0
-0
-0
-0
-0
6.57511
12.8483
-0
-0
12.7934
-0
-0
-0
-0
-0
-0
-0
-0
-0
-0
0.93691
65.2291
-0
-0
-0
-0
28.0487
-0
3.39487
-0
-0
-0
-0
-0
8.30083
6.71037
-0
-0
-0
-0
-0
-0
-0
-0
15.2718
-0
-0
8.34838
-0
-0
-0
-0
-0
-0
-0
-0
11.958
32.1118
-0
-0
32.115
-0
-0
-0
-0
-0
-0
-0
-0
55.3806
-0
-0
7.33551
-0
-0
-0
-0
-0
-0
2.3934
-0
18.6635
-0
-0
-0
-0
-0
-0
-0
-0
-0
-0
-0
37.1535
-0
17.5322
-0
-0
-0
-0
35.881
-0
-0
-0
-0
-0
-0
-0
-0
-0
-0
27.7845
-0
8.72647
8.99373
10.9635
-0
-0
-0
-0
-0
-0
0.341633
-0
-0
-0
19.3562
-0
-0
-0
-0
11.9344
-0
-0
-0
-0
-0
7.36057
-0
-0
-0
25.9533
-0
13.3163
-0
-0
-0
3.15537
-0
-0
-0
-0
-0
-0
-0
-0
-0
-0
6.46172
-0
-0
-0
-0
-0
25.3411
15.0445
-0
-0
-0
-0
8.94329
-0
-0
-0
-0
66.4625
-0
-0
-0
-0
-0
-0
-0
-0
-0
4.68697
-0
-0
-0
-0
-0
-0
-0
-0
-0
-0
-0
-0
-0
-0
-0
-0
-0
-0
-0
-0
-0
40.3683
-0
-0
-0
-0
-0
14.935
-0
-0
-0
-0
-0
-0
36.4915
-0
-0
-0
-0
-0
-0
-0
-0
-0
-0
-0
-0
-0
-0
-0
-0
-0
-0
-0
-0
-0
30.6642
21.6237
6.75654
14.7511
-0
-0
-0
-0
-0
38.2219
0.665315
-0
-0
14.1105
-0
-0
-0
-0
7.99393
-0
-0
4.19102
-0
-0
-0
-0
-0
-0
8.6371
-0
-0
-0
-0
21.6623
-0
11.7083
6.82664
-0
23.8418
-0
-0
-0
-0
-0
-0
-0
36.558
-0
-0
-0
5.08014
-0
-0
-0
-0
57.6402
-0
4.13777
51.96
-0
-0
-0
31.9456
-0
-0
-0
2.0418
6.18882
2.61373
-0
-0
-0
-0
-0
-0
-0
-0
-0
-0
-0
-0
-0
42.3345
-0
-0
-0
-0
24.3391
-0
-0
-0
-0
24.4787
-0
-0
-0
6.89336
-0
-0
-0
-0
17.8751
-0
-0
-0
-0
-0
-0
-0
-0
-0
-0
-0
-0
-0
-0
-0
-0
-0
-0
-0
-0
-0
-0
15.3622
-0
-0
13.5264
-0
-0
-0
-0
18.236
-0
17.2518
-0
-0
-0
-0
42.5887
-0
-0
-0
-0
-0
-0
29.7232
31.8469
-0
-0
-0
-0
10.5684
-0
-0
1.16526
-0
-0
-0
-0
28.6562
-0
-0
-0
-0
-0
-0
0.561753
-0
-0
-0
-0
-0
19.3328
-0
-0
-0
0.789511
-0
-0
-0
-0
-0
-0
-0
-0
-0
-0
48.1264
-0
-0
-0
-0
-0
-0
-0
-0
-0
-0
-0
-0
-0
-0
-0
-0
-0
-0
6.79324
-0
3.24953
-0
-0
-0
-0
-0
24.4604
-0
-0
-0
-0
-0
-0
-0
-0
-0
-0
-0
-0
-0
-0
-0
-0
13.6709
-0
25.9492
5.20771
-0
-0
-0
-0
-0
9.64688
-0
-0
-0
-0
9.00954
-0
-0
-0
0.291564
-0
-0
-0
6.15436
-0
0.412807
-0
-0
-0
-0
0.205653
-0
-0
-0
-0
-0
-0
-0
-0
12.6711
-0
-0
10.5712
41.3098
-0
4.2564
-0
-0
-0
-0
-0
39.2251
7.25642
-0
26.704
-0
-0
-0
-0
-0
-0
-0
-0
-0
-0
-0
46.2845
7.95306
-0
3.61188
-0
-0
-0
-0
-0
-0
-0
-0
-0
0.496036
-0
-0
-0
43.3141
-0
-0
-0
-0
-0
-0
-0
-0
45.3776
-0
-0
-0
0.146902
-0
-0
-0
12.1361
-0
-0
-0
-0
-0
-0
-0
-0
-0
-0
-0
-0
19.7144
-0
-0
-0
-0
-0
-0
-0
-0
-0
-0
-0
7.4729
-0
-0
34.1137
-0
3.32945
-0
-0
-0
-0
-0
-0
-0
-0
1.4002
-0
-0
-0
-0
-0
-0
-0
-0
-0
-0
-0
-0
-0
45.1286
-0
-0
23.9444
-0
24.3088
-0
-0
-0
20.7403
-0
-0
-0
12.3593
-0
-0
-0
-0
-0
-0
-0
-0
-0
20.1633
13.8751
-0
-0
-0
28.4048
-0
9.85137
-0
-0
-0
-0
-0
-0
-0
-0
2.86014
-0
-0
11.257
-0
7.62599
-0
-0
-0
-0
-0
-0
10.0937
23.3381
-0
-0
-0
-0
-0
-0
-0
-0
29.7433
-0
-0
21.5854
-0
-0
-0
13.2999
-0
-0
-0
31.4133
-0
-0
-0
-0
-0
-0
-0
-0
-0
-0
-0
-0
-0
19.5849
-0
-0
-0
-0
-0
-0
24.1933
-0
-0
3.85053
-0
-0
-0
-0
-0
-0
-0
-0
-0
-0
-0
-0
-0
-0
-0
-0
11.615
49.7708
-0
-0
-0
-0
-0
-0
-0
-0
-0
-0
-0
-0
-0
-0
-0
18.5334
-0
-0
-0
-0
-0
-0
7.48271
2.64755
-0
-0
-0
-0
-0
-0
40.3313
-0
2.25512
-0
-0
0.894259
-0
11.2245
36.528
34.4281
-0
-0
-0
-0
-0
-0
-0
10.0017
-0
-0
-0
-0
-0
41.3538
-0
-0
-0
-0
-0
-0
-0
-0
-0
-0
-0
-0
-0
36.1615
-0
-0
-0
-0
-0
-0
-0
-0
-0
-0
-0
10.8641
-0
-0
-0
-0
-0
-0
-0
0.0654588
-0
-0
-0
-0
1.63394
-0
-0
-0
-0
-0
25.8
-0
9.20971
-0
-0
-0
-0
-0
-0
38.5634
2.58828
-0
-0
8.87215
-0
10.2589
17.6049
12.4524
-0
-0
-0
-0
-0
-0
-0
-0
-0
-0
-0
60.683
9.79228
-0
-0
-0
-0
-0
-0
-0
19.0422
-0
-0
-0
-0
-0
-0
-0
6.18847
-0
-0
10.3623
-0
-0
-0
-0
-0
-0
-0
5.83877
-0
-0
39.5012
-0
26.6858
-0
58.2167
3.91201
-0
68.2726
11.1107
-0
-0
2.73374
-0
-0
34.936
-0
4.56487
-0
-0
-0
-0
-0
-0
-0
-0
8.18805
-0
12.9252
-0
-0
-0
19.9087
-0
-0
-0
40.9904
-0
-0
-0
-0
-0
-0
24.4262
-0
-0
-0
-0
-0
-0
4.40216
-0
2.42107
-0
-0
28.8661
-0
-0
-0
-0
3.79483
-0
-0
-0
21.0275
-0
-0
-0
-0
-0
-0
-0
-0
-0
-0
-0
-0
-0
-0
-0
-0
3.77199
13.7088
-0
-0
-0
-0
3.20033
-0
45.1593
-0
-0
-0
-0
0.237715
34.5046
-0
-0
3.97257
-0
17.4848
24.7435
-0
-0
-0
-0
32.4917
-0
8.48366
-0
-0
39.7081
-0
1.5534
2.25278
8.61378
15.7687
-0
8.34005
-0
-0
-0
18.3497
42.6425
-0
-0
-0
-0
-0
-0
-0
-0
-0
-0
-0
-0
-0
-0
-0
-0
33.1932
-0
-0
6.74179
-0
-0
-0
-0
40.1465
-0
-0
-0
-0
53.7413
69.2121
-0
-0
26.2173
-0
-0
-0
-0
-0
-0
-0
-0
6.72354
-0
-0
-0
-0
-0
1.06107
-0
-0
41.2181
-0
14.5586
6.48188
-0
-0
-0
-0
13.5229
-0
-0
-0
-0
-0
-0
-0
-0
-0
2.63575
-0
-0
-0
5.16655
-0
-0
66.201
-0
-0
23.7019
1.40175
-0
-0
-0
3.76877
-0
48.3987
36.044
-0
-0
-0
-0
-0
-0
-0
3.95981
-0
-0
33.9243
6.57814
-0
7.24434
45.2584
-0
-0
10.2238
-0
-0
6.01694
-0
-0
-0
27.2362
27.2297
-0
-0
-0
-0
1.11459
-0
-0
23.4236
-0
-0
-0
-0
-0
-0
-0
-0
15.4388
6.45493
-0
-0
-0
-0
-0
-0
-0
22.9089
47.734
-0
1.69469
-0
-0
-0
-0
-0
-0
-0
30.0069
-0
35.4691
-0
-0
-0
-0
-0
-0
-0
26.2852
-0
-0
-0
-0
-0
-0
-0
-0
-0
-0
-0
-0
21.4371
-0
-0
-0
-0
-0
-0
-0
-0
-0
24.5094
-0
5.37564
-0
-0
-0
-0
-0
-0
-0
-0
-0
-0
-0
-0
-0
-0
-0
-0
-0
-0
7.57486
-0
32.0368
-0
3.0289
-0
43.3774
-0
-0
-0
-0
-0
-0
-0
38.1471
47.2934
-0
-0
-0
-0
-0
-0
-0
-0
-0
-0
-0
-0
-0
-0
-0
4.6663
-0
-0
-0
-0
-0
1.7146
-0
-0
6.63623
-0
-0
-0
-0
-0
-0
-0
-0
-0
-0
-0
-0
-0
-0
-0
-0
-0
-0
7.53216
-0
-0
-0
12.0412
-0
-0
-0
28.5555
19.0655
-0
-0
-0
-0
-0
27.9786
-0
11.6315
-0
-0
-0
-0
-0
14.2157
-0
-0
-0
-0
-0
-0
-0
-0
-0
-0
-0
40.9282
-0
14.6601
-0
-0
-0
-0
-0
-0
-0
-0
-0
-0
16.023
-0
12.9699
17.724
-0
1.37762
-0
-0
-0
-0
-0
-0
-0
-0
-0
-0
-0
-0
-0
3.8142
-0
-0
7.24834
-0
1.56805
-0
-0
-0
-0
-0
19.0489
-0
20.8569
-0
-0
-0
2.3341
-0
-0
21.1354
33.7083
-0
-0
-0
-0
-0
11.3716
9.97239
-0
7.63424
1.38547
-0
-0
-0
31.4294
-0
16.8338
-0
-0
-0
11.5574
-0
-0
-0
24.5991
8.4171
-0
-0
-0
-0
-0
-0
-0
-0
-0
51.9204
3.47727
-0
-0
-0
-0
-0
-0
-0
49.5391
-0
-0
-0
0.281361
5.24983
-0
-0
-0
-0
-0
2.67046
-0
-0
-0
-0
-0
-0
-0
-0
-0
-0
-0
-0
14.3269
0.519488
-0
-0
-0
-0
34.4064
7.62779
-0
21.5109
-0
-0
-0
-0
-0
-0
29.6745
-0
-0
-0
-0
-0
-0
-0
6.4133
-0
-0
-0
-0
-0
-0
-0
-0
-0
-0
-0
6.95686
-0
-0
9.202
-0
43.7422
-0
-0
-0
-0
-0
5.4397
-0
-0
8.07205
-0
-0
-0
-0
-0
-0
-0
-0
-0
-0
3.20445
-0
-0
-0
25.6423
-0
-0
-0
15.6128
-0
7.10445
-0
7.23029
2.16057
-0
37.1298
4.33123
-0
-0
-0
0.212454
-0
54.1236
-0
-0
-0
-0
-0
-0
-0
31.9524
-0
-0
55.757
-0
-0
-0
-0
-0
-0
-0
-0
28.725
-0
-0
-0
10.0584
-0
-0
-0
-0
-0
-0
-0
-0
-0
-0
-0
-0
-0
33.538
-0
11.7324
-0
-0
-0
14.9105
-0
-0
-0
-0
-0
-0
-0
-0
-0
-0
-0
-0
-0
-0
-0
5.41296
9.18269
-0
-0
9.76316
-0
-0
-0
-0
-0
5.69483
-0
-0
-0
-0
3.94371
-0
-0
6.06672
4.37371
-0
-0
34.103
-0
-0
-0
-0
-0
-0
-0
-0
-0
-0
-0
-0
-0
4.34977
-0
-0
-0
11.7307
-0
-0
-0
-0
-0
-0
0.933532
-0
-0
-0
15.9927
-0
-0
-0
2.55999
37.9812
-0
-0
-0
12.1446
-0
0.558984
9.63597
9.71126
-0
-0
-0
27.4101
-0
-0
-0
-0
45.2102
27.3192
-0
-0
-0
-0
-0
-0
-0
-0
-0
-0
-0
-0
1.87378
-0
-0
-0
-0
-0
-0
1.06446
-0
-0
-0
-0
-0
-0
12.9259
-0
-0
-0
-0
-0
-0
-0
-0
-0
-0
-0
-0
-0
5.43036
-0
-0
-0
-0
-0
-0
-0
-0
-0
-0
-0
36.7586
-0
18.1982
-0
-0
-0
23.857
-0
-0
-0
-0
-0
-0
-0
-0
-0
-0
1.87266
-0
-0
-0
-0
43.9498
-0
-0
0.254861
-0
-0
34.7517
-0
-0
-0
-0
-0
-0
-0
-0
-0
-0
8.45909
-0
26.1902
14.1798
-0
-0
-0
-0
55.9585
18.7944
-0
-0
-0
-0
-0
-0
-0
-0
-0
-0
-0
5.35111
-0
-0
-0
-0
-0
14.3049
-0
-0
-0
-0
8.77899
-0
-0
-0
-0
-0
22.6272
-0
-0
-0
-0
-0
0.0985208
-0
32.4738
-0
-0
-0
-0
-0
-0
-0
-0
-0
-0
-0
-0
-0
-0
-0
-0
-0
-0
-0
-0
-0
-0
4.56153
18.6008
-0
-0
-0
-0
-0
-0
-0
-0
8.77382
-0
6.63363
-0
-0
-0
-0
28.2891
-0
22.0945
18.122
-0
-0
-0
62.6638
9.76394
-0
-0
5.60772
6.9657
-0
-0
-0
-0
-0
6.83089
-0
-0
-0
-0
-0
17.0254
-0
-0
-0
-0
10.4181
11.5379
-0
-0
-0
-0
-0
-0
-0
-0
7.20641
-0
19.9159
-0
-0
10.5624
-0
-0
-0
-0
-0
-0
25.5768
34.2632
-0
-0
-0
-0
17.0628
-0
-0
43.9207
-0
-0
-0
-0
-0
-0
-0
-0
-0
-0
12.5537
-0
24.3467
-0
-0
-0
-0
-0
-0
10.5462
-0
-0
-0
2.34972
-0
-0
-0
-0
12.2968
-0
-0
-0
-0
-0
-0
-0
-0
-0
-0
-0
-0
14.9839
-0
-0
-0
23.0123
-0
-0
-0
11.4642
-0
-0
-0
-0
-0
-0
4.66019
11.4334
-0
-0
-0
51.9894
11.7886
-0
17.5886
-0
-0
-0
-0
-0
-0
-0
67.1031
-0
-0
43.5562
-0
-0
-0
-0
-0
-0
-0
-0
-0
18.6334
-0
51.0013
-0
-0
-0
9.00551
-0
-0
-0
-0
0.457359
-0
8.20125
13.5088
-0
-0
-0
5.512
-0
-0
17.6212
32.341
-0
-0
-0
-0
13.0319
-0
0.704212
-0
-0
-0
-0
-0
-0
-0
-0
-0
-0
-0
-0
1.82928
6.54606
-0
-0
-0
-0
-0
-0
-0
-0
-0
-0
-0
13.1197
-0
-0
-0
11.5647
-0
-0
-0
17.9049
-0
-0
-0
-0
-0
-0
-0
-0
-0
-0
-0
31.3365
-0
-0
-0
46.7993
33.4888
-0
16.2138
-0
-0
-0
-0
10.8641
-0
-0
-0
-0
-0
-0
-0
-0
-0
-0
-0
-0
0.930718
15.3999
-0
-0
1.61442
-0
-0
-0
-0
-0
-0
-0
-0
-0
-0
-0
-0
11.324
-0
-0
-0
-0
-0
-0
-0
-0
-0
-0
-0
-0
-0
-0
-0
-0
0.083752
-0
27.9636
-0
-0
-0
26.952
-0
-0
-0
-0
-0
-0
-0
-0
42.6293
-0
-0
-0
-0
16.6688
-0
-0
-0
-0
-0
-0
7.66578
-0
15.0472
-0
-0
-0
-0
-0
-0
0.394716
-0
-0
-0
-0
-0
-0
-0
-0
-0
-0
-0
-0
-0
-0
-0
-0
8.7017
19.1789
-0
-0
-0
-0
2.44848
-0
2.83181
-0
-0
-0
-0
-0
-0
-0
-0
-0
-0
-0
8.78024
-0
-0
-0
-0
-0
8.01257
-0
-0
-0
-0
8.6285
41.2453
-0
-0
12.1075
-0
-0
-0
-0
-0
2.54907
-0
-0
-0
-0
-0
-0
-0
-0
-0
-0
-0
-0
-0
-0
18.7716
18.3718
-0
-0
-0
-0
-0
-0
-0
-0
-0
-0
7.51502
-0
-0
-0
32.0055
0.306148
-0
57.0428
-0
-0
27.3331
8.85812
-0
-0
22.3479
-0
-0
-0
-0
5.52349
-0
-0
-0
-0
5.01171
-0
12.2799
-0
-0
-0
-0
-0
-0
23.0819
-0
7.76938
-0
-0
-0
-0
12.8746
-0
-0
6.47214
-0
-0
-0
-0
-0
-0
-0
-0
-0
31.7418
-0
-0
-0
-0
-0
-0
-0
-0
-0
-0
39.0308
-0
-0
-0
-0
-0
-0
-0
-0
34.0147
11.421
-0
4.44409
12.5648
-0
-0
4.59272
-0
-0
23.6223
-0
-0
-0
-0
-0
11.7632
-0
-0
-0
-0
-0
42.3965
-0
-0
-0
-0
2.02266
-0
-0
-0
1.84738
48.1319
25.956
-0
-0
-0
-0
41.9627
-0
-0
1.73762
18.8399
-0
15.5487
-0
-0
-0
-0
3.96239
-0
-0
-0
-0
-0
-0
-0
0.557663
40.1
-0
-0
-0
33.2813
-0
32.4845
-0
-0
-0
-0
-0
-0
-0
21.4543
-0
-0
-0
-0
-0
-0
26.6357
3.46429
4.16282
-0
15.7469
-0
-0
19.489
10.8161
-0
11.4834
-0
-0
-0
-0
-0
0.868433
-0
-0
-0
-0
-0
54.524
-0
-0
-0
-0
-0
-0
-0
-0
-0
7.81439
-0
-0
-0
-0
-0
-0
35.8784
-0
13.8614
-0
-0
-0
-0
24.3136
-0
24.307
30.2845
15.4294
-0
9.3416
-0
-0
-0
-0
13.9877
24.531
-0
-0
-0
-0
-0
10.3739
2.82858
-0
-0
5.24598
-0
-0
-0
45.2259
-0
25.9588
-0
10.5081
-0
-0
-0
-0
-0
12.9182
-0
-0
-0
19.4514
26.663
-0
-0
-0
-0
1.73032
-0
8.25152
0.764341
5.60722
-0
-0
-0
-0
-0
-0
-0
19.1069
25.1391
-0
0.130836
-0
-0
-0
-0
32.0401
-0
-0
-0
-0
15.3654
-0
1.26821
36.3112
-0
-0
-0
-0
-0
-0
-0
-0
6.16595
-0
-0
-0
-0
-0
-0
-0
-0
-0
-0
34.4452
-0
-0
-0
-0
-0
-0
-0
-0
-0
-0
2.91171
-0
16.5644
-0
-0
-0
2.43145
5.40414
-0
-0
46.8265
-0
28.1856
-0
-0
-0
28.443
-0
-0
-0
-0
-0
-0
-0
-0
-0
-0
7.58196
-0
51.3209
-0
-0
-0
-0
15.0302
-0
-0
-0
-0
-0
-0
-0
-0
-0
-0
-0
-0
-0
-0
10.5868
20.6159
-0
-0
-0
30.7595
28.3461
14.6781
-0
-0
7.55849
2.08076
-0
-0
-0
-0
49.9814
-0
-0
-0
-0
-0
-0
-0
-0
-0
-0
-0
-0
8.52347
-0
67.6881
-0
-0
-0
-0
-0
1.97182
-0
-0
-0
-0
11.0432
-0
-0
5.40209
-0
-0
22.051
-0
-0
-0
-0
-0
-0
-0
-0
-0
-0
-0
-0
-0
31.7
6.35592
-0
-0
-0
12.4229
-0
39.913
-0
-0
-0
13.1786
23.5534
-0
-0
12.8959
-0
2.6247
-0
-0
-0
-0
-0
25.0428
-0
-0
7.50959
-0
-0
-0
-0
-0
-0
-0
10.3027
-0
-0
38.2163
-0
-0
-0
27.4902
-0
-0
-0
-0
-0
3.4059
-0
44.7711
-0
-0
-0
-0
5.33918
34.7857
-0
-0
-0
-0
-0
-0
-0
25.9212
-0
-0
-0
-0
-0
-0
-0
-0
-0
-0
-0
-0
-0
-0
-0
-0
0.363151
-0
-0
-0
-0
-0
-0
-0
-0
-0
-0
-0
-0
-0
-0
-0
0.761803
-0
33.8057
-0
-0
11.4685
-0
-0
-0
5.73816
-0
-0
0.872082
-0
-0
-0
2.32613
18.2592
-0
-0
-0
-0
-0
-0
-0
34.4651
-0
-0
-0
-0
-0
2.08211
8.09267
-0
-0
-0
7.84834
-0
-0
2.16749
-0
-0
42.186
-0
-0
-0
-0
34.5087
-0
-0
-0
-0
-0
-0
29.5661
-0
-0
-0
-0
-0
-0
-0
-0
24.0519
-0
39.7329
-0
-0
-0
-0
-0
-0
-0
50.1059
-0
-0
4.7129
-0
-0
-0
-0
-0
-0
-0
-0
1.76766
9.96063
11.7641
-0
-0
-0
1.77155
-0
-0
-0
-0
5.41493
-0
-0
-0
14.3268
49.6851
-0
-0
-0
-0
0.463558
-0
-0
-0
-0
-0
-0
-0
6.18113
-0
-0
4.62441
-0
-0
-0
-0
-0
-0
21.2706
-0
-0
-0
-0
-0
7.18723
-0
-0
-0
-0
-0
-0
-0
-0
-0
19.5086
6.30208
1.06838
-0
20.0841
-0
-0
-0
17.7322
-0
-0
-0
16.6607
-0
-0
46.715
-0
-0
26.0193
-0
-0
-0
-0
-0
-0
0.694607
-0
8.49773
-0
-0
31.4704
-0
-0
-0
-0
-0
-0
64.3555
-0
-0
-0
-0
-0
-0
-0
-0
-0
-0
-0
-0
-0
22.5886
-0
14.9433
-0
-0
-0
1.71946
33.1148
-0
-0
-0
4.62008
-0
-0
-0
-0
-0
-0
22.5319
-0
-0
-0
-0
-0
-0
-0
-0
-0
-0
-0
-0
-0
-0
16.6816
61.9163
-0
-0
-0
-0
-0
-0
-0
4.16582
-0
-0
-0
-0
41.2589
-0
-0
6.42916
15.3988
-0
-0
-0
-0
-0
-0
25.6352
28.5735
0.848592
-0
-0
-0
-0
13.1388
25.2127
-0
6.60083
5.08388
-0
-0
-0
-0
-0
-0
-0
-0
-0
-0
-0
3.52927
-0
10.1643
-0
-0
-0
-0
-0
-0
8.06294
-0
-0
-0
-0
-0
5.20929
-0
-0
-0
-0
4.90159
-0
-0
-0
1.43235
28.6328
-0
-0
18.2363
-0
-0
2.75142
22.7062
21.2146
-0
-0
-0
-0
-0
-0
6.32448
-0
21.1299
-0
-0
-0
13.5371
-0
-0
-0
26.7612
-0
-0
-0
-0
-0
-0
-0
-0
