-0
-0
-0
-0
-0
41.0088
-0
-0
57.3743
-0
29.9971
-0
-0
-0
-0
21.2857
-0
-0
-0
-0
-0
15.8783
-0
7.95918
41.3137
14.2432
6.71168
-0
-0
-0
-0
-0
-0
-0
-0
-0
-0
-0
-0
-0
-0
-0
16.0931
21.202
-0
9.54078
-0
34.183
-0
-0
-0
-0
-0
-0
-0
-0
26.6328
3.09391
30.291
-0
-0
-0
-0
-0
41.7736
-0
22.1442
25.819
-0
0.477853
-0
-0
-0
-0
-0
-0
56.6157
-0
-0
-0
-0
14.8217
-0
6.42442
-0
-0
-0
-0
-0
-0
12.4732
-0
-0
-0
-0
-0
6.36725
-0
24.4953
-0
-0
-0
-0
-0
36.1955
-0
29.5651
-0
-0
-0
-0
-0
-0
-0
-0
23.297
-0
-0
59.1717
-0
44.993
-0
-0
-0
17.711
-0
-0
-0
-0
-0
28.7721
-0
0.558252
-0
2.75833
-0
-0
-0
-0
-0
-0
-0
22.2241
-0
-0
-0
-0
-0
-0
-0
-0
0.563638
-0
36.7008
16.8272
-0
-0
-0
-0
2.80602
-0
1.12386
-0
9.3986
36.8968
-0
-0
-0
-0
12.9313
-0
12.4264
-0
-0
-0
-0
-0
-0
-0
-0
-0
-0
-0
-0
-0
25.5315
0.384871
-0
52.262
-0
-0
4.99472
30.1453
11.5427
-0
-0
-0
42.939
-0
-0
-0
11.9344
2.37331
-0
-0
-0
63.6632
-0
-0
-0
-0
-0
59.7169
-0
-0
-0
17.6827
-0
31.0509
-0
16.2635
-0
-0
-0
-0
-0
-0
-0
-0
-0
-0
-0
-0
-0
-0
-0
-0
-0
-0
-0
2.07646
10.4318
-0
-0
-0
-0
45.1758
-0
-0
-0
-0
-0
-0
7.80181
14.0545
-0
31.4601
8.81403
-0
-0
-0
-0
-0
-0
-0
-0
-0
-0
-0
-0
-0
16.2805
69.6315
8.53253
-0
-0
-0
-0
-0
-0
-0
6.8869
-0
24.0031
-0
-0
-0
2.06678
-0
-0
0.0572311
28.0389
69.6456
-0
0.788052
-0
10.9501
-0
1.53365
34.7916
-0
-0
-0
-0
-0
22.406
-0
-0
12.1443
-0
-0
-0
-0
-0
-0
0.0695001
-0
-0
-0
0.15571
-0
-0
-0
12.9754
4.08846
-0
-0
-0
-0
59.6593
-0
-0
-0
-0
-0
-0
-0
6.05713
-0
-0
-0
-0
-0
-0
17.626
-0
-0
-0
11.3155
-0
-0
-0
-0
-0
-0
-0
-0
-0
-0
-0
40.3235
-0
-0
3.10994
-0
2.64334
-0
-0
3.84308
-0
-0
8.76521
0.127985
63.3381
-0
-0
-0
8.78152
-0
-0
-0
-0
37.0447
-0
-0
-0
-0
-0
-0
-0
35.838
-0
-0
-0
-0
10.2525
-0
-0
-0
12.3122
-0
-0
-0
-0
8.76203
-0
-0
-0
-0
-0
-0
-0
-0
-0
18.922
-0
-0
-0
-0
-0
47.5111
-0
-0
-0
-0
28.7361
-0
-0
5.1675
-0
-0
14.1495
23.8995
-0
-0
-0
10.6382
-0
-0
-0
-0
-0
-0
-0
-0
-0
-0
-0
-0
-0
58.7123
-0
-0
-0
-0
51.6415
-0
-0
-0
-0
-0
-0
-0
-0
-0
7.82966
-0
-0
-0
-0
-0
-0
-0
-0
-0
-0
-0
-0
-0
-0
-0
-0
17.5757
15.558
-0
-0
-0
-0
-0
18.8044
39.5728
-0
-0
-0
-0
25.4764
34.8651
-0
-0
-0
-0
-0
18.6154
66.8736
-0
-0
-0
-0
-0
-0
-0
-0
-0
-0
-0
4.01476
-0
-0
38.572
-0
-0
-0
-0
16.8496
-0
-0
17.078
-0
-0
-0
-0
-0
-0
-0
73.1891
-0
-0
-0
-0
-0
-0
-0
-0
-0
-0
16.8466
-0
12.6939
-0
-0
-0
-0
-0
-0
43.3778
-0
-0
-0
16.6349
-0
-0
-0
22.8129
-0
-0
-0
-0
-0
-0
-0
-0
-0
35.0434
-0
-0
-0
-0
-0
46.7616
-0
-0
-0
-0
-0
-0
-0
-0
1.40058
-0
13.2984
-0
-0
-0
-0
-0
-0
-0
44.2628
5.87694
-0
29.6939
-0
-0
-0
-0
-0
-0
-0
-0
26.666
-0
5.87759
33.7957
-0
-0
-0
85.5324
-0
-0
-0
-0
-0
-0
42.2043
-0
-0
-0
-0
-0
-0
-0
-0
-0
-0
-0
-0
-0
-0
-0
-0
-0
-0
-0
-0
-0
-0
-0
14.8275
17.2377
5.26335
-0
-0
-0
-0
-0
-0
-0
-0
-0
-0
-0
1.19031
31.728
6.33862
-0
39.3607
-0
-0
-0
-0
-0
-0
-0
-0
-0
-0
-0
-0
1.74137
33.5152
-0
-0
20.3966
-0
-0
50.4776
-0
-0
-0
-0
-0
-0
50.7425
-0
-0
-0
-0
-0
-0
-0
-0
-0
-0
4.17699
24.1345
-0
-0
-0
-0
-0
-0
-0
-0
-0
-0
-0
26.3624
-0
-0
-0
-0
-0
70.632
-0
-0
-0
-0
6.31913
0.0495626
-0
-0
39.3083
-0
-0
-0
37.3421
-0
0.558425
-0
-0
-0
17.5603
-0
-0
-0
32.6722
-0
-0
-0
-0
36.2412
-0
-0
-0
8.66221
-0
23.6229
-0
-0
-0
-0
-0
-0
2.09218
0.688923
8.86641
4.88304
7.16733
-0
-0
-0
-0
-0
3.92264
-0
-0
-0
-0
-0
-0
-0
-0
46.0035
-0
-0
-0
22.6443
83.2228
-0
-0
-0
-0
6.26159
-0
46.4784
-0
-0
-0
-0
-0
-0
-0
-0
-0
21.2236
29.1964
-0
-0
40.516
-0
-0
-0
-0
-0
-0
47.2893
-0
11.0796
-0
34.2646
-0
-0
-0
-0
-0
-0
7.08449
12.8528
18.9858
-0
52.2054
-0
21.549
11.5871
-0
-0
-0
10.5479
-0
-0
-0
-0
-0
-0
-0
15.6577
1.26003
5.82867
-0
-0
2.15809
-0
15.7497
43.5853
-0
11.1076
14.8802
-0
-0
-0
-0
2.52713
-0
-0
-0
-0
0.686212
-0
-0
-0
-0
-0
-0
7.67846
19.0652
46.097
-0
-0
-0
-0
0.248278
4.17607
-0
-0
-0
2.03731
15.1723
7.27736
-0
-0
-0
-0
45.0687
-0
-0
-0
-0
-0
-0
8.67307
-0
-0
-0
-0
29.25
-0
-0
-0
-0
-0
7.66055
52.9983
-0
-0
-0
-0
41.3308
9.88562
-0
-0
14.3375
-0
-0
-0
9.39557
-0
-0
5.17838
-0
-0
-0
48.9829
17.0265
-0
-0
-0
-0
22.3031
-0
29.0496
66.2344
-0
-0
-0
-0
-0
-0
-0
-0
-0
-0
-0
-0
-0
2.0049
24.7005
14.8886
-0
-0
-0
-0
-0
-0
-0
-0
33.2568
-0
-0
-0
55.7452
-0
-0
-0
-0
-0
-0
32.5755
34.0584
-0
-0
-0
-0
-0
-0
-0
-0
-0
-0
-0
-0
-0
49.1547
-0
-0
-0
-0
-0
-0
-0
-0
-0
-0
-0
-0
-0
-0
-0
-0
-0
-0
-0
-0
-0
-0
-0
-0
-0
-0
-0
-0
-0
-0
-0
53.9228
-0
-0
-0
-0
-0
9.00589
-0
5.88787
-0
-0
-0
-0
-0
-0
-0
15.4768
1.33321
-0
-0
-0
39.7551
-0
10.8359
-0
-0
-0
-0
-0
16.228
44.1739
28.2761
-0
16.875
-0
-0
-0
-0
-0
19.8761
-0
-0
17.5858
-0
2.82829
-0
-0
-0
-0
-0
-0
53.6846
30.4748
-0
-0
7.65692
-0
-0
-0
-0
-0
-0
-0
-0
69.8844
51.9678
-0
0.00891161
-0
-0
5.57462
13.2345
-0
-0
1.00003
-0
21.8016
-0
-0
-0
-0
-0
-0
-0
-0
-0
-0
-0
10.0303
-0
12.1294
-0
-0
-0
0.113452
28.8031
-0
-0
-0
-0
-0
-0
-0
-0
-0
-0
10.7069
-0
13.8168
18.8412
16.0257
-0
-0
-0
-0
-0
-0
-0
-0
-0
-0
14.2535
-0
-0
-0
-0
13.7994
-0
-0
-0
-0
-0
27.5079
-0
-0
-0
19.9574
-0
-0
-0
-0
-0
23.5184
-0
-0
-0
-0
-0
-0
-0
-0
-0
-0
-0
-0
-0
-0
4.02276
0.970736
48.6086
16.524
-0
-0
-0
-0
1.30671
-0
-0
-0
-0
23.9165
-0
-0
-0
-0
-0
-0
-0
-0
-0
-0
-0
4.68536
-0
-0
-0
-0
-0
-0
-0
-0
-0
7.31716
-0
-0
-0
-0
-0
-0
-0
-0
-0
37.4743
-0
-0
10.3961
-0
-0
20.2313
-0
-0
-0
-0
-0
-0
38.5496
-0
-0
-0
-0
-0
-0
-0
-0
-0
-0
-0
-0
-0
-0
-0
-0
-0
-0
-0
-0
-0
57.5679
11.3464
17.7089
7.32883
-0
-0
-0
-0
-0
13.1662
-0
-0
-0
-0
-0
-0
-0
-0
-0
-0
-0
-0
-0
-0
-0
-0
-0
-0
2.54554
5.70132
-0
-0
-0
36.2426
-0
22.9858
28.1855
8.54791
22.1807
-0
-0
-0
-0
-0
-0
-0
80.5294
44.3364
-0
2.92643
41.6176
-0
-0
-0
12.4078
46.0074
-0
19.2591
36.32
0.0137949
-0
-0
17.2684
-0
-0
-0
4.31302
-0
-0
-0
14.7987
-0
-0
-0
-0
-0
-0
-0
-0
-0
-0
-0
15.4323
-0
-0
-0
12.8298
19.4036
-0
-0
-0
14.6604
25.8839
-0
-0
-0
-0
-0
-0
-0
-0
12.4259
-0
-0
-0
-0
-0
-0
-0
-0
-0
10.904
-0
-0
-0
0.782275
-0
-0
-0
-0
-0
-0
30.4034
-0
-0
-0
16.4371
-0
-0
-0
-0
-0
34.714
-0
21.0313
-0
-0
-0
-0
50.4192
-0
-0
-0
-0
-0
-0
36.4229
38.5323
-0
-0
-0
-0
-0
-0
11.6914
-0
-0
-0
-0
-0
18.2028
-0
-0
-0
-0
-0
-0
5.06153
13.8371
-0
-0
-0
-0
59.3406
-0
-0
-0
0.682361
-0
-0
-0
1.5384
-0
-0
11.5208
-0
-0
-0
58.9678
-0
-0
-0
9.17259
-0
-0
-0
-0
-0
-0
-0
-0
-0
-0
-0
-0
-0
-0
-0
-0
-0
-0
-0
-0
-0
-0
34.5205
-0
-0
-0
-0
-0
-0
-0
-0
-0
-0
-0
-0
-0
-0
-0
-0
-0
-0
-0
12.6948
-0
-0
-0
-0
-0
-0
-0
1.9194
12.2504
-0
-0
20.2662
-0
-0
1.86955
-0
-0
-0
31.9276
-0
-0
-0
-0
-0
-0
-0
-0
-0
-0
-0
-0
-0
-0
-0
5.92555
-0
-0
-0
18.7331
-0
-0
-0
-0
-0
-0
-0
39.9935
-0
-0
6.65238
-0
-0
-0
1.59261
-0
-0
-0
-0
-0
-0
-0
-0
27.5434
11.7598
16.5896
-0
-0
-0
-0
-0
-0
-0
-0
-0
4.63978
-0
-0
-0
27.8026
-0
-0
-0
-0
-0
-0
-0
-0
27.7782
-0
-0
-0
15.6003
-0
-0
-0
-0
-0
-0
-0
-0
48.6121
-0
24.8956
-0
-0
-0
-0
-0
-0
-0
-0
-0
-0
11.367
-0
-0
-0
-0
-0
-0
-0
-0
-0
14.6874
-0
5.01864
-0
-0
-0
-0
-0
-0
-0
-0
4.21346
-0
-0
-0
-0
-0
6.57603
-0
-0
24.4277
-0
-0
-0
-0
27.1646
-0
-0
42.983
-0
3.51968
15.6948
-0
-0
22.9244
-0
-0
-0
33.6421
-0
-0
-0
-0
-0
-0
-0
6.63302
-0
11.2483
1.72884
-0
-0
-0
15.4318
-0
7.40004
-0
-0
-0
38.0988
-0
-0
-0
-0
8.80156
-0
-0
-0
-0
34.2969
2.12227
-0
-0
25.2736
-0
-0
-0
38.3795
-0
-0
-0
-0
-0
-0
-0
-0
30.0386
-0
-0
-0
-0
-0
-0
-0
-0
-0
13.1052
35.4661
-0
-0
-0
-0
-0
-0
-0
-0
-0
-0
-0
-0
-0
77.0475
-0
-0
-0
-0
-0
-0
-0
-0
-0
-0
-0
-0
-0
13.1436
-0
-0
-0
-0
14.5487
-0
-0
-0
-0
-0
-0
-0
-0
22.4694
26.3213
15.064
-0
-0
-0
-0
-0
-0
-0
-0
-0
-0
-0
14.4215
-0
21.829
-0
-0
-0
-0
-0
-0
7.39767
27.0457
-0
-0
-0
44.2741
-0
-0
23.5534
-0
0.901603
-0
-0
-0
2.18168
19.6607
51.0146
-0
-0
-0
-0
-0
-0
-0
7.71021
60.7807
-0
-0
-0
-0
-0
46.9865
-0
-0
-0
-0
-0
-0
-0
-0
-0
-0
-0
-0
-0
65.7107
8.79161
-0
-0
-0
-0
-0
-0
-0
-0
-0
-0
-0
-0
-0
-0
-0
-0
-0
-0
-0
-0
-0
-0
-0
8.59233
-0
-0
-0
-0
-0
28.3949
-0
-0
-0
-0
-0
-0
-0
-0
78.2393
3.03064
-0
-0
-0
-0
31.7703
13.8409
20.3381
-0
-0
-0
-0
-0
-0
-0
-0
-0
-0
-0
22.4994
-0
3.66448
-0
-0
-0
-0
-0
-0
-0
9.78356
-0
-0
-0
-0
-0
-0
7.01914
-0
-0
10.8245
-0
-0
-0
-0
-0
-0
11.8097
23.9521
-0
-0
26.5288
-0
32.6138
-0
68.356
-0
-0
81.6672
27.4161
-0
-0
-0
-0
-0
82.3156
11.8685
5.1191
-0
-0
-0
-0
-0
-0
-0
-0
9.16027
-0
0.0897853
-0
0.272506
-0
21.9262
-0
-0
-0
35.9422
-0
-0
12.0429
-0
-0
-0
12.3208
-0
-0
-0
-0
-0
-0
3.25987
-0
0.0786133
5.04172
-0
69.374
-0
9.18541
-0
-0
3.36727
-0
-0
11.7476
10.6271
-0
0.879387
-0
-0
-0
-0
-0
-0
-0
-0
-0
-0
-0
-0
0.0519776
-0
-0
12.9479
-0
-0
-0
-0
2.5272
-0
54.7145
-0
-0
-0
-0
0.324599
16.3952
-0
-0
-0
-0
2.46943
31.6997
-0
-0
-0
-0
22.3154
-0
46.3826
-0
3.25318
31.0329
-0
-0
25.9994
-0
25.3892
-0
-0
-0
-0
-0
22.0037
31.6622
1.56904
-0
-0
-0
-0
19.5022
-0
-0
-0
-0
-0
-0
-0
-0
-0
-0
22.7954
-0
-0
6.05379
-0
28.4053
-0
-0
70.3259
-0
-0
-0
-0
78.2041
58.9024
-0
-0
4.48871
-0
-0
-0
-0
-0
-0
-0
-0
12.1638
-0
-0
-0
-0
-0
-0
-0
-0
51.3517
-0
-0
4.7226
-0
17.9856
-0
34.8334
-0
-0
-0
-0
-0
-0
-0
-0
-0
-0
4.39196
-0
-0
-0
19.5804
-0
-0
64.682
10.7152
-0
-0
62.4386
-0
-0
-0
-0
-0
16.0494
-0
-0
26.8703
-0
3.45106
21.9789
-0
-0
24.4219
-0
-0
56.9432
23.3035
-0
-0
26.2692
-0
-0
16.6999
-0
-0
12.833
-0
-0
-0
28.0963
-0
-0
-0
-0
-0
-0
-0
-0
14.0224
-0
15.0875
-0
-0
-0
-0
-0
-0
27.1813
-0
11.1569
27.4225
-0
-0
-0
-0
-0
40.7594
21.8884
-0
-0
-0
-0
-0
-0
-0
-0
-0
35.9464
-0
58.1862
-0
-0
-0
15.0062
-0
-0
-0
28.6642
-0
-0
-0
-0
15.7241
-0
-0
-0
-0
-0
-0
8.74695
13.9312
-0
-0
-0
-0
-0
-0
-0
-0
-0
-0
-0
11.7461
-0
-0
7.35955
-0
5.25189
49.1485
-0
-0
-0
-0
-0
-0
-0
-0
-0
-0
-0
-0
-0
-0
19.8531
-0
-0
-0
57.9959
-0
-0
-0
-0
24.5849
-0
-0
71.9657
25.8916
-0
-0
-0
2.82905
-0
-0
-0
-0
-0
-0
-0
-0
-0
-0
-0
17.0095
-0
-0
-0
-0
-0
-0
-0
-0
12.5111
-0
-0
-0
-0
-0
-0
-0
-0
-0
-0
-0
-0
-0
-0
-0
-0
-0
-0
-0
-0
31.8162
-0
25.219
-0
-0
14.5274
51.669
-0
-0
17.353
-0
13.2606
-0
30.1834
-0
10.2409
-0
-0
-0
-0
-0
26.4419
-0
-0
-0
-0
-0
-0
-0
-0
-0
-0
-0
42.4463
-0
43.9776
-0
-0
-0
-0
-0
-0
-0
-0
-0
-0
13.8143
-0
-0
-0
-0
2.53721
-0
-0
-0
12.6444
-0
-0
-0
-0
-0
-0
-0
-0
-0
-0
-0
-0
20.942
-0
8.55982
-0
-0
-0
-0
-0
-0
-0
3.36251
-0
-0
-0
1.30247
17.0794
-0
-0
36.6612
-0
-0
-0
-0
-0
56.8183
-0
2.64576
14.4509
46.3089
-0
-0
-0
-0
-0
19.1633
-0
-0
-0
14.5808
8.29769
-0
-0
6.6846
-0
-0
-0
-0
-0
-0
-0
0.178797
-0
-0
19.0013
26.8714
-0
-0
-0
-0
-0
-0
-0
97.1598
-0
-0
9.08032
26.5796
8.81201
-0
-0
-0
-0
-0
-0
3.69622
-0
-0
-0
-0
-0
-0
-0
-0
-0
-0
-0
-0
-0
-0
-0
-0
-0
44.2758
6.86864
9.01821
-0
-0
-0
-0
-0
-0
-0
5.5931
7.67319
-0
-0
-0
-0
-0
-0
8.55412
-0
-0
-0
-0
-0
-0
-0
-0
-0
-0
-0
-0
-0
13.8946
25.9969
14.2871
25.8459
-0
-0
-0
-0
-0
-0
-0
-0
10.3717
-0
-0
-0
12.2236
-0
-0
-0
-0
-0
-0
0.496168
-0
-0
-0
25.4819
-0
-0
-0
30.7154
-0
5.10659
-0
-0
31.8129
-0
9.43465
13.9681
-0
-0
-0
-0
-0
50.1953
-0
-0
4.22227
-0
-0
41.1682
-0
47.3329
-0
-0
17.8682
-0
-0
13.3194
-0
-0
-0
-0
-0
16.2888
-0
-0
-0
9.22964
-0
-0
-0
-0
-0
-0
-0
-0
-0
-0
-0
-0
-0
28.7842
-0
37.7862
-0
-0
-0
-0
-0
9.04605
-0
-0
-0
-0
-0
-0
-0
18.6085
-0
-0
-0
-0
-0
37.1737
-0
-0
-0
12.9242
-0
-0
-0
-0
-0
4.51573
-0
-0
-0
-0
1.95112
-0
-0
-0
-0
-0
-0
46.5562
-0
-0
-0
-0
-0
-0
-0
-0
-0
7.82361
-0
-0
-0
-0
-0
-0
-0
-0
-0
-0
-0
-0
-0
-0
2.27351
-0
-0
-0
2.2111
-0
31.1127
-0
-0
62.7336
-0
-0
-0
31.1215
-0
-0
38.8012
-0
-0
29.0691
-0
33.5219
-0
14.875
-0
-0
68.2087
31.7396
-0
2.33077
-0
-0
-0
-0
-0
-0
-0
-0
-0
-0
17.9024
-0
-0
-0
-0
-0
-0
2.77133
-0
-0
11.3334
-0
-0
-0
24.1119
-0
-0
-0
-0
-0
-0
-0
-0
-0
-0
-0
-0
-0
-0
-0
-0
-0
-0
-0
-0
-0
-0
-0
-0
-0
49.9683
-0
51.0999
1.90384
-0
-0
8.88239
-0
-0
-0
-0
-0
-0
-0
-0
-0
-0
-0
-0
-0
-0
-0
26.4415
-0
-0
0.656942
-0
-0
29.4113
-0
-0
-0
-0
-0
-0
5.92211
-0
-0
3.01182
24.4077
-0
14.849
4.86177
-0
-0
-0
-0
43.3512
49.1885
-0
-0
-0
-0
-0
-0
-0
-0
-0
-0
-0
23.7334
-0
-0
-0
17.8414
-0
-0
-0
-0
-0
-0
14.025
-0
-0
-0
-0
-0
-0
3.79815
-0
-0
-0
6.05601
-0
-0
-0
-0
-0
-0
11.1221
-0
-0
-0
-0
-0
-0
-0
-0
-0
-0
-0
-0
19.5834
-0
-0
-0
-0
11.0298
36.9975
48.0824
-0
-0
-0
-0
19.2257
-0
-0
-0
-0
-0
13.9825
-0
-0
-0
2.41042
20.1244
16.2746
13.4928
-0
-0
-0
-0
21.2696
2.11007
-0
-0
26.5078
-0
-0
-0
-0
-0
-0
-0
7.20993
-0
-0
-0
-0
23.6615
-0
-0
-0
-0
-0
-0
-0
-0
-0
-0
-0
-0
-0
-0
-0
-0
35.7646
-0
-0
-0
-0
-0
-0
-0
-0
-0
11.4469
52.2227
-0
-0
-0
24.4315
-0
-0
-0
16.1796
-0
-0
-0
-0
-0
-0
-0
-0
2.57354
-0
-0
-0
82.4236
-0
-0
-0
-0
-0
-0
-0
-0
-0
-0
8.45913
-0
1.8968
-0
-0
9.93794
-0
-0
-0
-0
-0
-0
-0
-0
-0
-0
-0
-0
-0
-0
-0
-0
2.01366
-0
-0
-0
44.1257
-0
-0
-0
-0
-0
-0
-0
-0
-0
-0
0.447252
54.0065
27.431
-0
21.1513
-0
-0
-0
-0
30.7489
-0
-0
64.3038
-0
1.00517
37.0638
-0
-0
-0
-0
-0
-0
-0
-0
-0
64.8796
-0
8.21654
-0
-0
-0
0.924134
-0
-0
-0
-0
1.39055
-0
10.9951
13.4588
-0
-0
-0
-0
-0
6.91031
10.2534
40.6438
-0
-0
-0
15.0809
-0
-0
0.402811
-0
-0
-0
-0
-0
-0
-0
-0
-0
-0
-0
-0
11.5122
-0
-0
-0
9.5667
-0
-0
-0
2.09556
-0
-0
-0
-0
-0
-0
-0
-0
4.83354
-0
-0
-0
43.617
-0
-0
-0
-0
-0
28.644
-0
-0
-0
-0
-0
37.726
12.0404
-0
-0
10.9502
67.4902
-0
35.1354
-0
-0
12.3231
-0
35.1586
-0
-0
-0
-0
-0
-0
-0
-0
-0
-0
-0
39.8351
28.2033
-0
-0
-0
27.1537
-0
-0
-0
11.8936
-0
-0
-0
-0
-0
-0
-0
-0
-0
-0
-0
-0
-0
-0
1.90433
-0
-0
-0
-0
-0
-0
-0
-0
-0
21.8573
-0
-0
32.2953
-0
-0
-0
19.6451
-0
-0
-0
-0
-0
-0
-0
-0
-0
-0
-0
-0
-0
39.9257
-0
-0
-0
-0
-0
-0
10.6372
-0
-0
-0
-0
-0
-0
-0
-0
-0
-0
-0
-0
-0
-0
-0
-0
-0
-0
-0
43.6936
-0
-0
-0
-0
-0
-0
42.3209
-0
-0
-0
-0
-0
-0
10.1858
19.0183
-0
-0
-0
-0
-0
-0
-0
-0
-0
28.5141
9.60556
-0
-0
-0
-0
-0
30.4054
-0
-0
-0
-0
-0
52.6396
-0
-0
15.9153
-0
-0
-0
-0
-0
2.49417
-0
-0
-0
8.64872
-0
-0
-0
24.9912
-0
-0
-0
-0
-0
-0
7.23749
46.0734
-0
-0
-0
-0
-0
-0
-0
-0
-0
-0
-0
-0
-0
-0
14.2827
-0
-0
2.66473
-0
-0
37.6598
-0
-0
-0
30.9591
-0
8.97852
-0
-0
22.5599
-0
-0
-0
-0
-0
-0
64.5937
-0
-0
-0
-0
-0
-0
56.4544
-0
-0
14.0316
-0
-0
-0
26.5844
-0
-0
10.9755
4.50199
21.381
-0
-0
-0
-0
-0
-0
-0
33.1145
-0
-0
-0
-0
-0
-0
-0
-0
-0
-0
38.4047
-0
-0
-0
-0
-0
-0
-0
-0
22.4512
11.5064
-0
3.80947
22.7637
-0
-0
-0
-0
-0
2.28949
-0
7.52366
-0
-0
-0
-0
-0
-0
-0
-0
-0
3.28156
-0
-0
-0
-0
7.45694
-0
-0
-0
7.55272
21.3797
37.5937
-0
-0
23.5431
-0
19.0067
-0
-0
36.9809
31.2739
-0
-0
-0
-0
-0
-0
10.319
15.6222
-0
-0
-0
-0
-0
-0
14.1368
-0
-0
-0
-0
42.1077
-0
36.6255
-0
-0
-0
-0
-0
-0
-0
47.3244
-0
-0
-0
2.33688
-0
18.3399
20.1041
8.35982
-0
-0
47.0134
-0
-0
32.3035
27.8397
-0
-0
-0
-0
-0
-0
-0
-0
-0
-0
-0
-0
-0
53.8907
-0
-0
-0
-0
-0
0.760011
-0
-0
-0
68.5245
-0
-0
-0
-0
-0
-0
68.8933
-0
6.88644
-0
-0
-0
-0
36.9478
-0
29.8086
-0
-0
-0
24.0356
-0
-0
-0
-0
0.16833
7.21812
-0
-0
-0
-0
-0
56.7747
6.56891
-0
-0
-0
13.5025
-0
-0
-0
-0
-0
-0
-0
-0
-0
-0
-0
-0
-0
-0
-0
-0
-0
-0
-0
6.06702
-0
-0
-0
-0
-0
-0
-0
-0
-0
-0
-0
-0
-0
-0
-0
39.5854
-0
0.0124159
5.0056
-0
-0
-0
-0
-0
-0
-0
-0
-0
1.6974
-0
46.6921
-0
-0
-0
-0
-0
-0
-0
36.5154
-0
-0
-0
-0
-0
-0
-0
6.52163
-0
-0
-0
28.9213
-0
-0
-0
-0
-0
-0
-0
-0
-0
-0
-0
25.6625
-0
10.7484
-0
-0
9.5606
0.377742
-0
-0
67.9055
-0
18.652
-0
-0
-0
25.0702
-0
-0
-0
-0
-0
4.89591
-0
-0
-0
-0
-0
-0
54.2639
-0
-0
-0
-0
46.176
-0
-0
3.33093
-0
-0
-0
-0
-0
-0
-0
-0
-0
-0
-0
-0
-0
-0
4.53809
-0
-0
15.4897
29.9911
-0
-0
-0
8.66509
-0
10.8807
-0
-0
44.5142
-0
-0
-0
-0
7.60551
-0
-0
-0
-0
-0
-0
-0
16.6033
-0
74.4378
-0
-0
-0
-0
-0
-0
-0
-0
-0
-0
-0
-0
-0
15.2079
-0
-0
67.9479
-0
-0
-0
-0
-0
-0
-0
-0
0.911759
-0
-0
12.0495
-0
36.7156
15.5483
-0
-0
3.03242
-0
-0
3.81879
-0
-0
-0
0.479023
-0
-0
-0
34.3911
-0
5.39645
-0
-0
-0
-0
-0
-0
-0
-0
-0
-0
28.2061
-0
-0
-0
-0
-0
8.62012
-0
-0
37.0468
-0
-0
-0
33.4029
-0
-0
-0
-0
-0
-0
-0
96.1869
-0
-0
-0
-0
11.2608
53.9272
30.0546
-0
-0
-0
-0
-0
-0
0.817877
-0
-0
-0
-0
-0
-0
-0
-0
-0
-0
-0
-0
-0
-0
-0
-0
-0
-0
-0
-0
-0
-0
-0
-0
-0
-0
-0
-0
-0
-0
0.69286
-0
21.1645
-0
30.7381
-0
-0
30.1587
-0
-0
27.4253
-0
-0
-0
-0
-0
-0
-0
0.874061
35.7031
-0
-0
-0
-0
1.59392
-0
-0
63.5444
-0
-0
-0
-0
3.09182
-0
10.3162
-0
-0
-0
7.07009
-0
-0
9.71743
-0
-0
22.8637
-0
14.8924
-0
-0
-0
-0
-0
-0
-0
-0
9.95306
37.9108
-0
-0
-0
-0
-0
-0
-0
-0
35.1444
-0
70.7467
-0
-0
-0
-0
21.7142
-0
-0
66.5987
-0
-0
39.4177
-0
-0
9.9156
-0
16.4563
-0
-0
-0
-0
21.6921
42.0232
-0
-0
-0
3.08114
-0
-0
-0
-0
-0
-0
-0
-0
0.169864
44.4746
-0
-0
-0
-0
0.586468
-0
-0
-0
-0
-0
-0
-0
57.711
-0
-0
10.447
1.00284
-0
-0
-0
-0
-0
-0
-0
2.36119
-0
-0
-0
24.7181
-0
-0
-0
-0
-0
-0
7.94455
-0
-0
47.2806
5.56719
20.2245
3.25233
24.0034
-0
-0
-0
32.3997
-0
-0
-0
35.6381
-0
-0
65.9378
-0
-0
-0
-0
-0
-0
-0
-0
-0
-0
-0
7.17037
-0
-0
38.5088
-0
-0
-0
-0
-0
-0
84.374
-0
-0
-0
-0
-0
-0
-0
-0
-0
-0
-0
-0
-0
4.00749
-0
-0
-0
-0
-0
-0
42.4306
-0
-0
-0
3.78787
-0
-0
-0
-0
-0
-0
37.3611
-0
-0
-0
-0
-0
-0
-0
-0
-0
-0
-0
-0
-0
-0
9.79415
51.8032
-0
-0
-0
30.0305
-0
-0
-0
9.25578
-0
-0
-0
-0
39.8451
-0
0.266927
-0
18.1037
-0
-0
-0
-0
-0
-0
34.4494
32.716
32.3519
3.80709
-0
-0
-0
26.4256
13.6154
-0
-0
5.73899
12.8018
-0
-0
-0
-0
-0
-0
-0
-0
-0
-0
3.25802
-0
-0
1.5581
-0
-0
-0
-0
31.5723
16.5655
-0
-0
-0
16.6572
-0
15.2433
-0
-0
-0
-0
-0
-0
-0
-0
-0
28.2563
-0
-0
4.8009
-0
-0
-0
15.4679
27.7082
-0
-0
-0
-0
-0
-0
26.4614
2.1313
23.0491
-0
-0
8.72294
-0
-0
-0
-0
41.7695
-0
-0
-0
36.4213
32.9898
-0
0.822235
-0
