-0
-0
-0
-0
-0
-0
-0
-0
13.138
-0
6.67993
-0
-0
-0
-0
18.8616
5.9759
-0
-0
5.60933
-0
-0
0.544894
3.83897
14.9755
-0
33.1318
-0
-0
-0
-0
-0
-0
-0
0.922888
-0
-0
-0
-0
-0
-0
-0
19.4713
19.8953
-0
-0
-0
66.578
-0
-0
-0
-0
-0
-0
-0
-0
1.60549
1.93763
58.2623
-0
-0
-0
7.185
-0
40.5683
-0
-0
23.2556
-0
1.29192
-0
-0
-0
-0
-0
0.27563
47.3171
-0
-0
-0
-0
2.15452
17.011
3.36182
-0
-0
-0
-0
-0
-0
8.15008
-0
-0
-0
27.0621
-0
12.548
-0
6.29153
-0
0.406949
-0
-0
-0
3.10343
-0
10.0691
-0
-0
-0
-0
-0
-0
-0
-0
-0
-0
-0
44.9101
38.1904
-0
-0
-0
6.22201
22.2737
-0
-0
22.2021
-0
-0
-0
-0
35.4815
-0
7.64814
-0
-0
-0
-0
-0
-0
-0
58.225
13.4253
-0
-0
-0
-0
-0
-0
-0
-0
-0
-0
14.5488
-0
-0
-0
-0
1.78665
12.8786
1.28331
-0
12.7143
26.6689
-0
-0
11.3205
-0
41.0052
-0
14.7805
-0
-0
-0
-0
-0
-0
-0
-0
-0
-0
-0
-0
-0
9.23927
-0
-0
14.7541
-0
1.34202
19.9417
23.5679
5.254
-0
-0
-0
47.2816
-0
-0
-0
-0
-0
-0
-0
-0
29.1369
34.2053
-0
-0
-0
-0
7.71751
-0
-0
15.3317
13.2662
-0
25.1044
-0
19.0464
-0
-0
12.1553
-0
-0
-0
-0
-0
-0
-0
-0
-0
-0
-0
-0
-0
-0
-0
-0
40.9854
-0
4.1989
-0
-0
-0
8.17728
-0
3.93404
-0
-0
-0
-0
-0
48.4614
-0
-0
7.78508
-0
-0
-0
-0
-0
-0
-0
-0
-0
-0
-0
-0
-0
34.5546
32.7959
30.9794
-0
-0
-0
-0
-0
-0
5.42962
2.85004
-0
44.0998
-0
-0
-0
24.1358
-0
-0
-0
14.105
36.4047
-0
16.2661
-0
36.1598
-0
-0
32.1106
-0
-0
-0
18.667
6.16967
14.6656
-0
-0
45.4666
-0
-0
-0
-0
-0
-0
1.09217
-0
-0
-0
0.346568
-0
-0
-0
0.956224
9.90511
-0
5.09468
35.2645
-0
51.9262
-0
-0
-0
-0
-0
-0
-0
23.2737
39.1685
-0
-0
-0
-0
-0
13.5674
-0
-0
-0
-0
-0
-0
-0
-0
-0
-0
-0
-0
-0
-0
-0
33.4253
-0
-0
5.44503
-0
2.83601
-0
-0
18.0945
-0
-0
8.4423
0.522965
52.6977
-0
-0
-0
20.4129
3.13455
-0
-0
-0
15.9217
-0
-0
-0
-0
-0
-0
-0
-0
-0
-0
0.0782629
-0
32.7485
-0
-0
-0
17.9062
-0
-0
-0
-0
10.0055
-0
-0
-0
-0
-0
-0
-0
-0
-0
25.1404
-0
-0
24.3697
-0
-0
64.9355
-0
-0
-0
-0
47.3346
-0
-0
42.31
50.2543
-0
29.5984
29.4475
-0
6.33476
-0
42.8449
-0
-0
-0
-0
-0
-0
-0
-0
-0
-0
-0
-0
-0
15.0511
3.84006
-0
-0
-0
22.2517
-0
-0
-0
-0
-0
-0
-0
-0
-0
-0
-0
-0
-0
-0
-0
-0
-0
-0
2.12364
2.92123
-0
-0
-0
-0
-0
-0
7.17785
11.2611
-0
-0
-0
-0
-0
31.5809
61.9067
-0
-0
-0
-0
15.1979
32.7248
-0
-0
6.34022
-0
-0
39.3792
32.2673
-0
-0
20.017
-0
-0
-0
-0
-0
-0
-0
-0
-0
-0
12.2978
1.88916
-0
-0
-0
17.672
9.94823
-0
-0
-0
-0
-0
-0
-0
-0
-0
-0
32.8522
-0
16.6404
-0
-0
-0
-0
-0
-0
-0
-0
14.5749
27.9788
28.4729
-0
-0
-0
-0
-0
-0
72.4326
6.90411
-0
-0
17.8003
-0
-0
0.172144
40.4132
-0
1.64281
-0
-0
-0
-0
16.1923
-0
-0
39.5633
11.1711
-0
-0
-0
-0
11.0352
-0
-0
-0
-0
13.1377
-0
31.7788
-0
-0
-0
5.35335
-0
-0
-0
-0
-0
-0
-0
-0
8.22815
-0
6.23468
-0
-0
-0
-0
-0
-0
-0
20.3033
10.6259
-0
16.0988
20.8163
-0
-0
-0
0.984746
5.69477
-0
-0
-0
-0
-0
10.5832
-0
-0
-0
-0
-0
-0
-0
-0
-0
-0
-0
-0
-0
-0
-0
-0
-0
-0
-0
-0
-0
-0
-0
-0
-0
4.32841
-0
-0
-0
-0
25.1807
-0
-0
-0
-0
-0
-0
-0
25.1646
33.2231
-0
34.0896
-0
-0
-0
-0
34.2772
-0
-0
-0
41.4445
-0
-0
-0
0.974658
37.8443
-0
-0
3.62326
-0
-0
35.4632
-0
-0
-0
-0
-0
-0
27.6514
32.3317
-0
-0
-0
-0
-0
-0
4.61372
-0
6.35577
13.5306
17.3937
-0
-0
-0
-0
-0
-0
7.49877
-0
-0
-0
-0
7.16363
-0
-0
-0
-0
-0
3.7209
-0
-0
-0
-0
-0
19.1303
-0
4.92977
14.2085
-0
-0
11.1973
-0
-0
1.0578
-0
-0
-0
26.2798
-0
-0
-0
-0
-0
-0
-0
18.1392
22.2421
-0
-0
-0
18.5821
-0
13.8318
-0
24.7625
-0
-0
-0
-0
6.98836
-0
0.789476
12.3581
9.92292
-0
-0
-0
-0
-0
4.54336
-0
-0
-0
-0
-0
51.5871
-0
-0
-0
-0
-0
-0
0.884023
41.5546
-0
-0
-0
-0
13.6081
-0
22.4549
46.5682
-0
-0
-0
-0
-0
-0
-0
-0
8.49905
-0
-0
-0
70.8355
-0
20.7724
-0
-0
-0
-0
32.8508
-0
-0
-0
30.662
-0
-0
-0
-0
-0
-0
-0
9.41612
19.324
-0
39.1863
-0
15.0616
0.641237
-0
-0
-0
1.40422
-0
-0
-0
-0
-0
-0
-0
5.73359
30.546
-0
-0
-0
-0
-0
11.1936
4.36867
-0
-0
35.7483
-0
-0
-0
-0
-0
-0
-0
6.40628
-0
-0
-0
-0
-0
-0
-0
-0
59.5701
-0
24.7521
-0
-0
-0
-0
5.40377
1.64591
-0
-0
-0
-0
32.553
-0
32.5297
9.39562
-0
-0
19.4913
-0
-0
-0
-0
-0
-0
11.9276
15.9648
-0
-0
-0
7.37816
-0
-0
-0
-0
-0
18.7663
56.8283
-0
-0
-0
-0
17.7776
-0
-0
-0
29.5146
-0
-0
-0
-0
-0
9.47096
-0
-0
-0
-0
63.865
5.9209
16.8743
-0
-0
-0
13.0035
0.994536
-0
57.6728
-0
-0
-0
-0
-0
-0
-0
-0
-0
-0
-0
21.8341
-0
25.0663
27.3361
30.4306
-0
-0
-0
-0
-0
-0
-0
-0
14.5357
-0
-0
-0
31.3
-0
8.05706
-0
7.51619
-0
-0
-0
-0
-0
-0
-0
-0
-0
-0
-0
-0
-0
-0
-0
-0
-0
41.2107
-0
-0
-0
5.50479
-0
-0
-0
-0
0.42687
-0
-0
0.587579
-0
-0
-0
2.77338
-0
-0
-0
-0
-0
-0
-0
-0
-0
-0
-0
-0
-0
-0
-0
28.082
7.0925
-0
-0
9.00811
-0
-0
-0
-0
-0
-0
-0
-0
-0
-0
-0
50.054
23.1087
-0
-0
-0
38.9137
-0
1.21096
-0
-0
-0
0.127693
-0
9.88876
12.6217
-0
-0
24.675
-0
-0
-0
-0
-0
17.1241
-0
-0
9.78672
-0
-0
-0
6.05215
-0
-0
-0
2.03121
15.031
16.634
-0
-0
23.352
-0
-0
-0
-0
-0
-0
-0
-0
27.1996
7.49974
-0
-0
-0
-0
16.3068
-0
-0
-0
-0
-0
31.1398
-0
-0
-0
-0
-0
-0
-0
-0
-0
-0
-0
23.3536
-0
10.1233
-0
-0
-0
-0
29.0862
-0
-0
-0
-0
-0
-0
-0
-0
-0
-0
12.0141
-0
16.7304
-0
11.8522
-0
-0
-0
-0
-0
-0
0.532787
-0
-0
-0
34.1919
-0
-0
-0
-0
48.7935
4.88914
-0
-0
-0
-0
5.09106
-0
-0
-0
59.9605
-0
33.8264
-0
-0
-0
11.9695
-0
-0
-0
-0
-0
-0
-0
-0
1.63274
-0
-0
33.5783
-0
-0
-0
-0
42.9425
2.45121
-0
-0
-0
-0
-0
-0
-0
-0
-0
21.7381
-0
-0
-0
-0
-0
-0
-0
-0
-0
-0
-0
15.4072
-0
-0
8.33782
-0
-0
-0
-0
-0
-0
5.82517
-0
-0
-0
-0
-0
-0
-0
-0
-0
15.4663
-0
-0
-0
-0
-0
43.5411
-0
-0
-0
-0
-0
-0
46.3886
-0
-0
-0
-0
-0
-0
-0
-0
28.2322
-0
-0
-0
-0
-0
-0
-0
-0
-0
-0
-0
-0
22.8493
27.5768
6.55604
25.5253
-0
14.7464
-0
-0
-0
23.4273
-0
-0
-0
13.6912
-0
-0
-0
-0
16.0643
-0
-0
4.61215
-0
-0
-0
-0
-0
-0
0.681469
-0
-0
-0
-0
37.0351
-0
23.4735
-0
-0
47.1518
-0
-0
-0
-0
-0
-0
-0
46.7794
25.742
-0
-0
25.9313
-0
-0
-0
20.5045
85.4207
-0
-0
58.3173
-0
-0
-0
-0
-0
-0
-0
-0
27.0246
-0
-0
9.28745
-0
-0
-0
6.18178
-0
-0
-0
-0
-0
-0
-0
14.19
-0
-0
-0
18.9661
27.9579
-0
-0
-0
15.886
37.4339
-0
-0
-0
-0
-0
-0
-0
-0
-0
-0
0.588816
-0
-0
-0
-0
-0
-0
-0
-0
-0
-0
-0
8.42096
4.97188
-0
-0
-0
-0
-0
-0
-0
2.425
-0
7.98934
-0
-0
-0
-0
-0
23.4037
-0
31.4483
-0
-0
-0
-0
47.6684
-0
-0
-0
-0
-0
-0
35.7142
35.2553
-0
-0
-0
-0
-0
-0
-0
-0
-0
-0
-0
-0
42.9999
-0
-0
-0
-0
-0
-0
0.656882
27.4193
-0
-0
-0
-0
23.9476
2.15398
3.5075
-0
1.26651
-0
-0
4.22606
-0
-0
-0
-0
-0
-0
-0
19.8761
-0
-0
-0
7.96056
-0
-0
-0
-0
-0
-0
-0
-0
-0
-0
-0
-0
-0
-0
9.40826
-0
-0
24.6508
-0
-0
-0
-0
9.322
-0
-0
-0
-0
-0
-0
-0
3.88405
-0
-0
-0
-0
-0
-0
-0
-0
-0
-0
-0
1.81662
-0
-0
-0
-0
-0
12.5868
-0
-0
-0
-0
7.67738
-0
-0
-0
2.43872
-0
-0
-0
3.43792
-0
0.201049
-0
5.68371
-0
-0
0.0814848
-0
-0
-0
-0
-0
-0
-0
-0
-0
-0
-0
5.61912
38.3569
-0
-0
-0
-0
-0
-0
-0
2.10879
39.4643
-0
-0
-0
-0
-0
-0
-0
-0
-0
-0
-0
-0
-0
44.0787
-0
-0
-0
-0
-0
-0
-0
-0
-0
-0
-0
-0
8.91243
-0
-0
-0
74.4725
2.13631
-0
-0
-0
-0
-0
-0
-0
37.8211
-0
-0
4.24509
-0
-0
-0
-0
22.9595
-0
-0
-0
-0
-0
-0
-0
-0
-0
-0
-0
-0
-0
-0
-0
-0
-0
6.65285
-0
-0
-0
-0
-0
-0
44.8146
-0
-0
52.2205
-0
1.68003
-0
-0
-0
-0
-0
-0
-0
-0
-0
28.0028
-0
-0
-0
-0
20.2519
-0
-0
3.4474
-0
12.1258
-0
-0
57.9512
-0
-0
34.7054
-0
8.6533
17.1096
-0
-0
46.4795
-0
-0
-0
32.3722
-0
-0
-0
-0
-0
-0
-0
-0
-0
57.5143
23.3973
-0
6.07003
-0
16.0952
-0
-0
-0
16.2402
-0
39.654
-0
-0
-0
-0
-0
-0
-0
-0
-0
31.1867
-0
-0
-0
-0
-0
-0
7.07603
24.111
-0
-0
-0
-0
-0
-0
-0
-0
12.2152
-0
-0
22.5671
-0
-0
-0
23.5692
-0
-0
-0
11.0266
-0
-0
-0
-0
-0
-0
-0
-0
-0
-0
-0
-0
-0
11.8749
-0
-0
-0
-0
-0
-0
21.6024
-0
-0
3.25115
-0
-0
-0
-0
-0
-0
-0
-0
7.97103
-0
-0
-0
-0
-0
-0
-0
-0
61.6905
-0
12.0736
-0
-0
-0
-0
-0
-0
10.6467
-0
-0
-0
-0
-0
-0
18.1456
-0
-0
-0
-0
-0
-0
-0
19.2786
-0
-0
-0
21.1198
-0
-0
23.4016
-0
9.71845
-0
-0
-0
-0
-0
47.0404
5.05926
-0
-0
-0
-0
-0
-0
-0
-0
-0
-0
-0
-0
-0
-0
11.6348
-0
-0
-0
-0
-0
-0
-0
-0
-0
-0
-0
-0
41.0236
2.10478
-0
-0
-0
-0
-0
-0
-0
-0
-0
-0
6.36002
-0
1.95732
-0
-0
-0
-0
-0
-0
-0
-0
-0
-0
-0
-0
-0
-0
-0
-0
-0
-0
-0
-0
-0
-0
-0
-0
-0
35.0063
2.3371
-0
-0
-0
-0
-0
13.766
10.6346
-0
-0
-0
-0
-0
-0
1.71325
-0
-0
-0
-0
26.7981
-0
-0
-0
-0
-0
-0
-0
-0
32.9279
-0
-0
-0
-0
-0
-0
-0
16.04
-0
-0
16.7815
-0
12.669
-0
-0
-0
-0
-0
14.4105
-0
-0
31.6651
-0
23.8579
-0
38.3024
19.4159
-0
73.6569
22.6465
-0
-0
14.8261
-0
-0
23.5094
-0
5.33766
-0
-0
-0
-0
-0
-0
-0
-0
6.50942
-0
-0
-0
-0
-0
-0
-0
-0
-0
37.3022
10.1675
-0
8.15503
-0
-0
-0
6.48738
-0
-0
-0
37.4479
-0
17.3234
3.81278
-0
-0
0.261002
8.28684
40.579
36.2657
-0
-0
-0
-0
-0
-0
29.9463
44.2663
-0
-0
-0
-0
-0
-0
-0
-0
-0
-0
-0
-0
-0
-0
-0
-0
17.3573
32.8192
-0
-0
7.19157
-0
4.25043
-0
67.5022
-0
-0
-0
-0
0.0761989
10.9985
-0
-0
11.1046
-0
6.99801
26.9124
-0
-0
-0
0.346297
-0
-0
-0
-0
-0
34.2958
-0
2.16261
10.3086
9.50327
27.532
-0
31.4814
-0
-0
-0
20.6278
65.2494
4.64812
-0
-0
-0
-0
-0
3.26966
-0
-0
-0
-0
-0
-0
-0
-0
-0
18.4496
-0
-0
-0
-0
-0
-0
-0
10.717
-0
-0
0.277719
-0
52.478
72.9095
-0
-0
21.6056
-0
-0
-0
-0
-0
-0
-0
-0
-0
-0
-0
-0
-0
-0
-0
-0
-0
52.0326
-0
-0
12.4852
-0
-0
-0
-0
-0
-0
-0
-0
-0
-0
-0
-0
-0
-0
32.2493
-0
-0
-0
-0
-0
-0
40.6528
4.20673
-0
-0
32.4027
-0
-0
-0
-0
-0
45.2586
33.2247
-0
25.3217
-0
-0
-0
-0
-0
12.2063
-0
-0
3.03817
-0
-0
12.6334
55.4001
-0
-0
16.3384
-0
-0
19.6533
-0
-0
-0
41.2795
-0
-0
-0
-0
-0
-0
-0
-0
36.4339
-0
-0
-0
-0
-0
-0
-0
-0
0.464433
15.8827
6.85647
-0
-0
-0
5.57072
-0
-0
22.955
31.2655
-0
-0
-0
-0
8.48181
-0
-0
-0
-0
22.735
-0
46.2836
8.76477
-0
-0
-0
-0
-0
-0
25.5391
-0
-0
-0
-0
13.7527
-0
-0
-0
-0
-0
-0
-0
12.4099
-0
-0
-0
-0
-0
-0
-0
-0
-0
-0
-0
24.7646
-0
-0
-0
-0
-0
12.0414
-0
-0
-0
-0
-0
-0
-0
-0
-0
-0
-0
-0
2.79062
-0
26.7436
-0
-0
-0
29.3008
3.32929
-0
-0
-0
9.07759
-0
-0
61.3667
14.6523
-0
-0
-0
4.48279
-0
-0
-0
-0
-0
-0
-0
-0
-0
-0
-0
-0
-0
-0
-0
4.94348
-0
-0
-0
-0
4.83505
-0
-0
-0
-0
-0
19.0352
-0
-0
-0
-0
-0
-0
-0
-0
-0
-0
-0
-0
-0
-0
-0
-0
30.8359
-0
-0
-0
50.0455
3.86516
-0
8.1454
-0
-0
-0
21.5317
-0
0.32584
-0
-0
-0
-0
-0
-0
-0
-0
-0
-0
-0
-0
-0
-0
-0
-0
-0
53.3604
-0
27.263
-0
-0
-0
-0
-0
10.913
-0
-0
-0
-0
32.0931
-0
-0
-0
-0
1.89746
-0
-0
-0
-0
-0
-0
-0
-0
-0
-0
-0
-0
-0
-0
-0
-0
15.1393
-0
-0
-0
-0
-0
-0
-0
-0
-0
25.711
-0
-0
-0
3.04048
-0
-0
27.144
31.0515
-0
-0
-0
-0
8.9979
29.0072
-0
-0
11.776
20.9011
-0
-0
-0
-0
-0
12.35
-0
-0
-0
14.6444
-0
-0
-0
-0
13.9632
-0
-0
-0
-0
-0
-0
6.68761
-0
-0
64.9082
34.7988
-0
8.22322
-0
-0
-0
-0
-0
63.8677
-0
-0
-0
23.2663
-0
-0
11.9119
-0
-0
-0
23.6173
4.83722
-0
-0
-0
-0
-0
-0
-0
-0
-0
-0
-0
12.2703
1.4444
-0
-0
-0
-0
69.3478
4.14842
-0
20.4463
-0
-0
-0
-0
-0
2.71756
31.0997
-0
-0
-0
-0
-0
-0
-0
6.04026
-0
-0
-0
-0
-0
-0
-0
-0
-0
-0
-0
6.98537
-0
10.8319
1.94262
-0
56.943
-0
-0
-0
-0
-0
-0
-0
-0
-0
-0
1.57755
-0
-0
-0
-0
-0
-0
-0
-0
4.1038
-0
-0
-0
32.641
-0
-0
-0
20.4369
-0
29.1791
7.6698
-0
18.5553
-0
52.0514
3.21367
-0
-0
-0
0.665704
17.3502
36.435
-0
0.521906
-0
-0
-0
35.222
-0
49.3195
-0
-0
33.2152
-0
-0
-0
-0
-0
-0
-0
-0
26.4064
-0
-0
-0
-0
-0
-0
-0
-0
-0
-0
-0
-0
-0
-0
-0
-0
-0
27.7682
-0
24.4566
-0
-0
-0
-0
-0
9.48589
-0
-0
-0
-0
-0
-0
-0
6.76055
-0
-0
-0
-0
-0
29.646
-0
-0
-0
-0
-0
-0
-0
-0
-0
5.7482
-0
-0
-0
-0
3.01159
-0
-0
-0
-0
-0
-0
17.9239
-0
-0
-0
-0
-0
-0
-0
-0
-0
-0
-0
-0
-0
0.669853
-0
-0
-0
-0
-0
-0
-0
-0
-0
-0
-0
-0
-0
-0
53.6303
-0
-0
-0
-0
33.6236
-0
-0
-0
34.2239
-0
12.3149
30.9336
-0
-0
10.0211
-0
46.4431
-0
1.88887
-0
-0
44.8145
37.7249
-0
-0
-0
-0
-0
-0
3.30987
-0
-0
-0
-0
-0
-0
-0
-0
-0
-0
-0
-0
-0
-0
-0
10.4826
-0
-0
-0
16.7495
-0
-0
-0
-0
-0
-0
-0
-0
-0
-0
-0
-0
-0
23.1576
-0
-0
-0
-0
-0
-0
-0
-0
-0
-0
-0
45.794
-0
10.4787
-0
-0
14.1254
11.6553
-0
-0
-0
-0
-0
-0
-0
-0
-0
-0
-0
-0
-0
-0
12.4033
25.3872
-0
-0
0.54573
-0
-0
48.4663
-0
-0
-0
-0
-0
-0
-0
-0
14.5171
5.60553
25.6226
23.8216
37.2081
10.2842
-0
-0
0.476517
-0
59.4432
-0
-0
-0
-0
-0
-0
-0
-0
-0
-0
-0
-0
21.1879
-0
-0
-0
-0
-0
5.42867
-0
-0
-0
9.0106
2.45286
-0
-0
-0
-0
-0
8.06306
-0
-0
-0
-0
-0
-0
1.84105
34.947
-0
-0
-0
-0
-0
-0
-0
-0
-0
-0
-0
-0
-0
-0
-0
-0
4.29782
-0
-0
-0
-0
-0
5.62776
20.9943
-0
-0
-0
6.04788
-0
-0
-0
14.271
-0
-0
35.399
-0
-0
-0
-0
2.4148
1.22593
11.4197
15.0263
-0
-0
-0
25.8743
23.6687
-0
8.0244
-0
1.63669
-0
-0
-0
-0
1.34731
-0
4.37491
-0
-0
-0
9.85414
55.0683
-0
2.64132
2.59262
-0
-0
9.56526
-0
-0
-0
-0
-0
-0
-0
-0
35.3294
-0
10.9812
-0
-0
-0
-0
-0
-0
-0
-0
-0
26.0927
36.8463
-0
-0
-0
-0
6.36059
-0
-0
41.8258
-0
-0
-0
-0
-0
6.3399
-0
-0
7.46614
-0
-0
-0
31.0366
-0
-0
-0
-0
-0
-0
-0
-0
-0
-0
23.473
-0
-0
-0
-0
18.4499
-0
-0
-0
-0
-0
-0
-0
-0
-0
-0
-0
-0
-0
-0
2.04578
-0
20.2332
-0
-0
-0
20.5497
-0
-0
-0
-0
-0
-0
-0
16.2778
-0
-0
-0
64.9037
30.0894
-0
5.95466
-0
1.08262
-0
-0
5.38463
-0
-0
76.7642
-0
-0
46.9663
-0
-0
-0
-0
-0
-0
-0
-0
-0
13.7688
-0
48.6454
-0
-0
-0
18.5294
-0
-0
-0
-0
-0
-0
43.1335
-0
-0
-0
-0
-0
-0
22.6913
42.3386
33.7048
-0
-0
-0
-0
-0
-0
0.963579
13.8079
-0
-0
-0
-0
-0
-0
-0
-0
-0
-0
-0
39.4873
-0
-0
-0
-0
-0
-0
-0
-0
-0
-0
-0
-0
-0
-0
-0
-0
6.99468
-0
-0
48.2342
34.0131
-0
-0
-0
-0
-0
9.40611
2.95959
-0
-0
-0
-0
31.8548
-0
-0
-0
25.5828
45.1715
-0
22.3951
-0
6.06755
6.14052
-0
-0
8.8101
-0
-0
-0
-0
-0
-0
-0
-0
-0
1.12037
-0
8.23879
-0
-0
-0
9.29911
-0
-0
-0
-0
-0
-0
-0
-0
-0
-0
-0
-0
1.71808
-0
-0
-0
-0
-0
4.44078
-0
-0
-0
-0
-0
-0
-0
-0
-0
7.61543
3.12831
-0
19.0095
-0
-0
-0
34.1635
-0
-0
-0
-0
-0
-0
-0
-0
-0
-0
14.8368
-0
-0
-0
-0
-0
-0
-0
-0
-0
9.63098
6.7779
9.74884
-0
-0
-0
-0
-0
-0
-0
-0
-0
11.1739
-0
-0
-0
-0
13.9602
-0
-0
-0
-0
-0
-0
-0
-0
15.7941
11.052
-0
-0
-0
-0
30.2718
0.416577
-0
1.69363
-0
-0
-0
-0
-0
-0
-0
-0
-0
-0
5.43616
-0
-0
-0
-0
-0
-0
-0
-0
-0
-0
0.723482
37.2174
-0
6.37341
11.0405
-0
-0
-0
-0
-0
1.14352
-0
-0
-0
-0
-0
-0
-0
-0
-0
-0
-0
-0
-0
-0
-0
14.8876
-0
-0
-0
-0
-0
-0
-0
-0
-0
-0
14.1978
-0
-0
-0
29.971
-0
-0
24.9294
2.93187
-0
25.8009
-0
-0
-0
7.67966
-0
-0
-0
-0
35.7905
-0
-0
-0
-0
-0
-0
35.5174
-0
-0
-0
-0
2.80494
-0
16.1735
-0
-0
-0
-0
-0
-0
-0
-0
-0
7.89252
-0
-0
-0
-0
-0
-0
0.652657
-0
-0
7.14992
-0
-0
-0
-0
-0
-0
-0
-0
-0
-0
46.8246
-0
-0
-0
-0
-0
-0
-0
-0
29.9471
8.39427
-0
4.07684
8.66914
-0
-0
-0
-0
-0
5.04478
-0
3.20727
-0
10.0443
-0
9.46684
-0
-0
-0
-0
-0
4.45669
-0
-0
-0
-0
12.6213
-0
-0
-0
11.6371
50.4897
39.8635
-0
-0
20.1329
-0
57.9346
-0
8.5795
12.6464
20.4816
-0
20.655
-0
-0
-0
-0
-0
-0
-0
-0
-0
-0
-0
-0
0.493784
1.78646
-0
-0
-0
-0
-0
48.8663
-0
-0
-0
-0
-0
-0
-0
25.6624
-0
-0
5.70757
-0
-0
5.54554
5.78116
22.0651
25.3261
8.48673
43.7291
-0
-0
-0
10.8346
-0
33.0018
-0
-0
-0
-0
-0
33.3234
-0
-0
-0
-0
-0
81.1252
-0
-0
-0
-0
-0
6.374
17.0114
-0
-0
2.62403
-0
-0
-0
-0
-0
-0
39.0904
-0
11.8515
-0
-0
-0
-0
43.054
-0
17.5694
-0
18.7052
3.78028
7.20152
-0
-0
-0
-0
10.0956
37.3101
-0
20.8114
-0
-0
-0
-0
3.68054
9.08469
-0
7.84778
-0
-0
-0
66.7273
-0
8.37511
-0
-0
-0
-0
-0
-0
-0
2.64901
-0
-0
-0
5.29433
38.4249
-0
-0
-0
-0
-0
-0
-0
-0
35.9961
-0
-0
-0
-0
-0
-0
-0
19.6296
40.4442
-0
0.190682
-0
-0
-0
-0
21.5484
-0
-0
-0
-0
-0
-0
-0
12.8814
-0
-0
-0
-0
-0
-0
-0
6.81901
-0
-0
-0
-0
-0
-0
-0
7.80731
-0
-0
14.1553
15.4708
-0
-0
-0
-0
-0
-0
-0
-0
-0
-0
25.5648
35.0036
2.57974
-0
-0
-0
-0
26.9467
-0
-0
21.5563
-0
20.4471
-0
-0
-0
25.5912
-0
-0
-0
-0
-0
0.788115
-0
-0
-0
-0
38.5508
-0
31.9305
-0
-0
-0
-0
-0
-0
0.953425
-0
-0
-0
-0
1.22226
-0
-0
-0
-0
-0
-0
-0
21.8984
0.831625
-0
-0
-0
32.7265
39.538
17.2774
-0
-0
-0
-0
-0
-0
-0
-0
25.1787
-0
-0
-0
-0
2.13271
-0
7.54668
-0
-0
-0
-0
-0
42.6193
-0
83.316
-0
-0
-0
-0
-0
19.3195
-0
-0
-0
-0
-0
-0
-0
11.4234
-0
-0
64.5049
-0
-0
-0
-0
-0
-0
-0
-0
-0
-0
-0
9.38738
-0
45.7938
4.49326
-0
-0
6.34333
-0
-0
37.5286
-0
-0
-0
-0
25.9307
-0
-0
11.4755
-0
-0
-0
-0
-0
-0
-0
-0
-0
-0
17.7776
-0
-0
-0
-0
-0
-0
-0
-0
-0
-0
22.3067
-0
-0
-0
37.5126
-0
-0
-0
-0
-0
-0
-0
37.7137
-0
-0
-0
-0
7.75548
36.2155
28.61
-0
-0
-0
-0
-0
-0
13.3593
-0
-0
-0
-0
-0
-0
-0
-0
-0
-0
-0
-0
-0
-0
-0
-0
5.05151
-0
-0
-0
-0
-0
-0
-0
-0
-0
-0
-0
-0
-0
-0
-0
1.72328
-0
5.88564
-0
-0
8.45611
-0
-0
-0
19.5444
-0
-0
19.3603
-0
-0
-0
-0
9.15667
-0
-0
2.59292
-0
-0
-0
-0
37.279
-0
-0
-0
-0
-0
10.4845
-0
-0
-0
-0
6.94997
-0
-0
11.9304
-0
-0
42.4879
-0
32.2317
-0
-0
37.398
-0
-0
-0
-0
-0
-0
49.1651
5.31902
-0
-0
-0
-0
-0
-0
-0
26.5599
-0
4.0893
-0
-0
-0
-0
16.4932
-0
-0
50.6364
-0
-0
2.29723
-0
-0
6.09189
-0
5.6382
-0
-0
-0
-0
39.9287
14.5797
-0
-0
-0
17.5374
-0
-0
-0
3.69867
3.41985
-0
-0
-0
12.6548
59.2431
-0
-0
32.7577
-0
-0
-0
-0
-0
-0
9.98993
-0
-0
-0
-0
-0
13.9146
30.9549
-0
-0
-0
-0
-0
26.2844
-0
-0
-0
-0
-0
-0
-0
-0
-0
-0
-0
-0
-0
18.5893
-0
44.8586
4.57989
32.7371
-0
37.6359
-0
-0
-0
10.3952
-0
-0
-0
35.0095
-0
-0
37.2298
-0
-0
5.18682
-0
-0
-0
-0
-0
-0
3.64638
-0
-0
-0
-0
38.4166
-0
-0
-0
-0
-0
-0
61.941
-0
-0
-0
-0
-0
-0
-0
-0
-0
-0
-0
-0
-0
5.77597
-0
13.3126
-0
-0
-0
-0
38.541
-0
-0
-0
1.12189
-0
-0
18.7005
-0
-0
11.871
23.1064
-0
-0
-0
-0
-0
-0
8.2617
-0
-0
-0
-0
-0
-0
-0
7.67526
79.4087
-0
-0
-0
0.894094
-0
-0
-0
18.616
-0
-0
-0
-0
50.0215
-0
-0
5.5114
5.05217
-0
-0
2.60345
-0
-0
-0
28.6165
46.66
5.5954
23.7551
-0
-0
-0
18.9896
25.341
-0
25.228
5.74147
-0
-0
-0
-0
-0
-0
-0
-0
-0
-0
-0
1.91678
-0
-0
26.1998
-0
-0
-0
-0
22.4036
7.64189
-0
-0
-0
-0
-0
14.9955
-0
-0
-0
-0
0.802895
-0
-0
12.3319
-0
57.4605
-0
8.12149
1.53224
-0
-0
-0
38.6175
36.9796
-0
-0
-0
-0
-0
-0
7.64029
-0
26.5825
11.1791
0.165228
-0
31.067
-0
-0
-0
3.97485
-0
-0
-0
-0
19.3303
-0
-0
-0
