-0
-0
-0
-0
-0
9.78836
-0
-0
43.9071
-0
12.7355
-0
-0
-0
-0
21.1283
-0
-0
6.36071
-0
-0
18.133
-0
-0
19.1659
16.9925
31.7212
-0
-0
-0
-0
-0
-0
-0
2.0787
-0
-0
-0
-0
-0
-0
-0
-0
5.08423
-0
4.67853
-0
34.3451
-0
-0
-0
-0
-0
-0
-0
-0
29.3134
2.131
35.8294
-0
-0
-0
11.7669
-0
12.3134
-0
12.9688
14.0131
7.95332
0.796505
-0
-0
-0
-0
-0
-0
47.7631
-0
-0
-0
-0
-0
-0
18.1707
-0
-0
-0
-0
-0
-0
4.38182
-0
-0
-0
-0
-0
8.9855
-0
23.8697
-0
-0
-0
-0
-0
26.4822
-0
17.2745
-0
-0
-0
-0
-0
-0
-0
-0
20.1478
7.26857
-0
54.31
12.3057
-0
-0
10.1539
54.4054
10.2111
-0
-0
21.0533
-0
-0
-0
-0
21.5234
-0
12.0549
-0
-0
7.89834
-0
14.1925
-0
-0
47.1711
-0
-0
-0
-0
-0
-0
-0
-0
-0
-0
6.36197
-0
-0
5.76917
1.8471
-0
3.0797
-0
0.841251
-0
21.8004
2.79663
-0
-0
21.7986
-0
12.6211
-0
10.1342
-0
-0
-0
-0
-0
-0
-0
-0
-0
-0
-0
-0
-0
36.8272
-0
-0
21.0921
-0
27.4524
20.4604
29.6234
3.74825
-0
-0
-0
11.7259
-0
-0
-0
4.32397
-0
-0
-0
-0
51.7686
26.0369
-0
-0
-0
-0
36.2598
-0
-0
-0
14.5996
-0
24.7318
-0
39.5747
-0
-0
-0
-0
-0
-0
6.27315
-0
-0
-0
-0
-0
-0
-0
-0
-0
-0
-0
-0
28.708
2.21286
-0
-0
-0
-0
-0
-0
-0
-0
-0
-0
-0
-0
62.043
-0
2.1607
-0
-0
-0
-0
-0
-0
-0
-0
-0
-0
-0
-0
-0
-0
6.24295
35.2195
14.7606
-0
-0
-0
-0
-0
-0
-0
8.30833
-0
22.4086
-0
-0
-0
-0
-0
-0
-0
20.4209
83.8171
-0
-0
-0
-0
-0
-0
13.7375
-0
-0
-0
9.89258
-0
29.4687
5.15449
-0
31.223
-0
-0
-0
-0
-0
14.6155
-0
-0
-0
-0
1.724
-0
-0
-0
14.0491
-0
-0
-0
13.1075
-0
64.3251
-0
-0
-0
-0
-0
-0
-0
12.4625
31.9343
1.6194
-0
-0
-0
-0
17.4075
-0
-0
-0
-0
-0
-0
-0
-0
-0
-0
-0
-0
-0
-0
-0
22.3908
-0
-0
-0
-0
2.50019
-0
-0
34.2257
-0
-0
4.49276
0.0927851
53.3928
-0
-0
-0
2.9514
-0
-0
-0
6.10925
23.602
-0
-0
-0
-0
-0
-0
-0
-0
-0
-0
-0
-0
-0
-0
-0
-0
35.3634
-0
-0
-0
-0
8.24581
-0
-0
3.51547
-0
-0
-0
-0
-0
-0
37.7045
4.75061
-0
26.7533
22.1895
-0
52.0585
-0
-0
-0
-0
36.4572
-0
-0
4.47073
7.13556
-0
52.0177
7.05865
-0
-0
-0
27.4484
-0
-0
-0
-0
-0
-0
-0
-0
-0
-0
-0
-0
-0
58.7115
20.7808
-0
-0
-0
50.1789
-0
-0
-0
-0
-0
-0
-0
-0
-0
-0
-0
-0
-0
-0
-0
-0
12.5916
-0
-0
-0
-0
-0
-0
-0
-0
-0
-0
8.25799
-0
-0
-0
-0
-0
13.0832
28.395
-0
-0
-0
-0
51.4065
17.9139
-0
-0
4.22449
-0
-0
-0
71.5563
-0
-0
-0
-0
-0
2.77568
-0
-0
-0
-0
-0
-0
-0
-0
37.4662
-0
-0
-0
29.0526
-0
-0
-0
-0
-0
-0
-0
-0
-0
-0
-0
41.8664
-0
-0
-0
-0
-0
-0
-0
-0
-0
-0
16.1792
8.09861
16.2192
-0
-0
-0
12.5611
-0
-0
53.229
41.6853
-0
-0
30.155
-0
-0
4.58866
55.346
-0
0.986297
-0
-0
-0
-0
-0
-0
-0
18.5953
-0
-0
-0
-0
-0
60.1997
-0
15.1048
-0
-0
23.5798
-0
-0
-0
-0
-0
30.3743
-0
-0
-0
-0
-0
-0
15.4224
10.3681
0.780288
-0
42.236
-0
-0
-0
-0
-0
-0
-0
-0
42.7929
-0
36.3922
26.0689
-0
-0
-0
62.9599
-0
-0
-0
-0
-0
-0
48.1799
-0
-0
-0
-0
-0
-0
-0
-0
-0
-0
-0
-0
-0
-0
-0
-0
-0
-0
-0
-0
-0
-0
-0
2.35102
27.98
-0
-0
-0
-0
-0
-0
-0
-0
-0
-0
-0
-0
-0
10.9052
-0
-0
39.1486
-0
-0
-0
-0
7.8823
-0
-0
-0
16.261
-0
-0
-0
1.50857
1.7831
-0
-0
14.7374
-0
-0
38.399
-0
-0
-0
-0
-0
-0
24.6184
10.674
-0
2.48373
-0
-0
-0
-0
-0
-0
5.17516
1.06418
56.4334
-0
-0
-0
-0
-0
-0
31.8791
-0
-0
-0
-0
11.0108
-0
-0
-0
-0
-0
20.2876
2.93937
-0
-0
-0
-0
-0
-0
0.394891
38.2129
-0
-0
1.08829
-0
-0
0.737064
-0
-0
-0
-0
-0
-0
-0
29.6621
-0
-0
-0
11.9095
28.3048
-0
-0
-0
-0
-0
29.8413
-0
-0
-0
-0
-0
-0
-0
-0
0.982269
27.8013
13.5737
-0
-0
-0
-0
-0
5.21113
-0
3.95716
-0
-0
-0
32.6052
-0
-0
2.98125
-0
-0
-0
0.360699
104.406
-0
-0
-0
-0
19.5377
-0
22.3402
16.3423
-0
-0
-0
-0
-0
-0
-0
-0
-0
19.3636
-0
-0
72.1043
-0
22.8993
-0
-0
-0
-0
47.5062
-0
1.15521
-0
35.8108
-0
-0
35.891
-0
-0
-0
-0
9.71867
1.45917
-0
13.3524
-0
5.85466
-0
-0
-0
-0
-0
-0
4.24191
-0
-0
-0
-0
-0
22.9156
11.1797
-0
-0
-0
-0
-0
18.787
-0
-0
35.347
39.1863
-0
-0
-0
-0
3.84285
-0
-0
11.9618
-0
30.7571
-0
-0
-0
-0
-0
-0
20.8769
11.6715
38.0681
-0
-0
-0
-0
5.64627
-0
-0
9.57882
-0
11.4767
11.6662
-0
49.3343
-0
-0
-0
18.0583
-0
-0
-0
-0
8.9198
-0
24.1934
11.7057
11.5276
-0
-0
33.3379
-0
-0
-0
-0
-0
17.9464
42.5786
-0
-0
-0
-0
10.9122
-0
-0
-0
-0
-0
-0
19.6455
3.25718
-0
-0
5.59749
-0
-0
-0
34.3294
3.01595
-0
-0
-0
-0
26.1434
-0
-0
36.9834
-0
-0
-0
-0
-0
-0
-0
-0
-0
-0
-0
4.58657
-0
12.8239
19.8855
7.93468
-0
-0
-0
-0
-0
-0
-0
-0
12.2098
-0
-0
-0
24.976
-0
3.63062
-0
-0
-0
-0
-0
-0
-0
-0
-0
-0
-0
-0
-0
-0
-0
-0
-0
-0
-0
31.3507
-0
-0
-0
-0
24.0105
-0
-0
-0
-0
-0
-0
-0
-0
-0
-0
-0
-0
-0
-0
-0
-0
-0
-0
-0
-0
-0
-0
-0
-0
-0
-0
28.2302
21.2691
-0
-0
6.98616
-0
-0
-0
11.0763
-0
-0
-0
-0
-0
-0
-0
48.0513
-0
-0
-0
-0
25.3228
-0
3.4369
-0
-0
-0
-0
-0
12.8333
39.4184
27.0214
-0
-0
-0
-0
11.903
-0
-0
27.2791
20.1764
-0
-0
-0
1.48814
-0
0.892474
-0
-0
-0
-0
42.0133
14.6335
-0
-0
35.816
-0
-0
-0
-0
-0
-0
-0
-0
54.4672
11.852
-0
9.34981
-0
-0
-0
-0
-0
-0
1.63995
-0
32.8644
-0
-0
6.75238
-0
-0
-0
-0
-0
-0
-0
-0
31.566
-0
20.3652
-0
-0
-0
-0
41.1381
-0
-0
-0
-0
-0
-0
-0
-0
-0
-0
35.263
-0
14.6716
11.0019
13.3922
-0
-0
-0
-0
-0
-0
1.51026
-0
-0
-0
31.5615
-0
-0
-0
-0
5.50779
-0
-0
-0
-0
-0
7.04869
-0
-0
-0
32.4073
-0
38.4808
-0
-0
24.9464
7.76348
-0
-0
-0
-0
-0
5.88015
-0
-0
-0
-0
18.2665
-0
-0
-0
16.2773
-0
47.5857
-0
-0
-0
-0
-0
-0
-0
-0
-0
-0
36.1224
-0
-0
-0
-0
-0
-0
-0
-0
-0
8.98952
-0
6.06308
-0
-0
7.20391
-0
-0
-0
-0
-0
-0
2.45638
-0
-0
-0
-0
-0
-0
-0
-0
-0
70.4803
-0
-0
-0
-0
-0
0.580102
-0
-0
-0
-0
-0
-0
31.8271
-0
-0
-0
-0
-0
-0
-0
-0
22.8563
-0
-0
-0
-0
-0
-0
-0
-0
-0
-0
-0
-0
35.5468
30.4731
10.5176
20.4133
-0
-0
-0
-0
-0
41.1161
-0
-0
-0
5.20538
-0
-0
-0
-0
-0
-0
-0
-0
29.0726
-0
-0
-0
-0
-0
14.8385
20.097
-0
18.7524
-0
-0
-0
13.6625
-0
-0
52.1189
-0
-0
-0
-0
-0
-0
-0
78.6472
13.6565
-0
0.923203
47.1772
-0
-0
-0
7.32262
76.6819
-0
-0
53.0858
-0
-0
-0
51.5266
-0
10.0812
-0
-0
-0
5.80475
-0
2.6935
2.91872
-0
-0
-0
-0
-0
-0
-0
-0
-0
-0
42.4702
-0
-0
-0
-0
39.1739
-0
-0
-0
22.767
26.1787
-0
-0
-0
-0
-0
-0
6.91009
-0
29.1805
-0
-0
-0
-0
-0
-0
-0
-0
-0
-0
-0
-0
22.3773
27.7664
-0
-0
-0
-0
-0
-0
-0
-0
-0
-0
8.91707
8.12987
-0
-0
-0
-0
34.1241
-0
23.5838
-0
-0
-0
-0
61.503
-0
-0
-0
-0
-0
-0
51.3759
53.4698
-0
-0
-0
-0
-0
-0
-0
-0
-0
-0
-0
-0
42.8949
-0
-0
-0
-0
-0
-0
-0
-0
-0
-0
-0
-0
30.2808
-0
24.481
-0
0.750078
-0
-0
3.46997
-0
-0
-0
-0
-0
-0
-0
19.6069
-0
-0
-0
-0
-0
-0
-0
-0
-0
-0
-0
-0
-0
-0
-0
-0
-0
-0
-0
-0
-0
-0
-0
-0
-0
-0
47.5887
-0
-0
-0
-0
-0
-0
-0
5.46185
-0
-0
-0
-0
-0
-0
-0
-0
-0
-0
48.4352
-0
-0
-0
-0
-0
-0
14.8164
-0
-0
-0
-0
28.4535
-0
-0
-0
0.521792
-0
-0
-0
-0
-0
0.129528
-0
16.9777
-0
-0
-0
-0
-0
-0
16.8312
-0
-0
-0
-0
-0
-0
-0
-0
30.6558
-0
-0
-0
-0
-0
-0
-0
-0
-0
-0
28.5824
-0
-0
-0
-0
-0
-0
-0
-0
-0
-0
-0
44.5246
23.0804
-0
2.7839
-0
-0
-0
-0
-0
-0
-0
-0
-0
-0
-0
-0
-0
55.6182
-0
-0
-0
-0
-0
-0
-0
-0
40.8424
-0
-0
-0
-0
-0
-0
-0
-0
-0
-0
-0
-0
38.1021
-0
6.31569
-0
-0
-0
22.294
-0
-0
-0
-0
-0
-0
19.4741
-0
-0
-0
-0
-0
-0
5.58903
-0
-0
33.3023
-0
4.40103
-0
-0
-0
-0
-0
-0
-0
-0
3.69184
-0
-0
-0
-0
-0
30.1745
-0
-0
4.06374
-0
-0
-0
-0
36.3536
-0
-0
20.8792
-0
-0
6.89233
-0
-0
63.8316
-0
-0
-0
5.38028
-0
-0
-0
-0
-0
-0
-0
-0
-0
20.1356
-0
-0
-0
-0
28.6959
-0
-0
-0
-0
-0
44.8495
-0
-0
-0
-0
0.84306
-0
-0
6.61891
-0
36.4261
-0
-0
-0
12.0234
-0
-0
-0
14.1698
-0
-0
7.07168
-0
-0
-0
-0
-0
17.5765
-0
-0
23.3813
-0
-0
-0
37.0115
-0
-0
-0
5.66448
-0
-0
-0
-0
-0
-0
-0
-0
-0
-0
-0
-0
-0
20.2422
-0
-0
-0
-0
-0
-0
5.21952
-0
-0
-0
-0
-0
-0
-0
-0
-0
-0
-0
26.4615
-0
-0
-0
-0
-0
-0
-0
-0
51.1676
2.60503
0.764775
-0
-0
-0
-0
-0
-0
-0
-0
-0
-0
-0
-0
-0
18.4939
-0
-0
-0
-0
-0
-0
-0
14.8745
-0
-0
-0
-0
-0
-0
12.6369
-0
-0
-0
-0
-0
-0
25.4041
45.8518
29.674
-0
-0
0.548125
-0
-0
-0
-0
18.3516
-0
-0
-0
-0
-0
21.6522
-0
-0
-0
-0
-0
-0
-0
-0
-0
-0
-0
-0
-0
62.3475
6.50198
-0
-0
-0
-0
-0
-0
-0
-0
-0
-0
43.4554
-0
-0
-0
-0
-0
-0
-0
-0
-0
-0
-0
-0
-0
-0
-0
-0
-0
-0
3.67762
-0
12.1013
-0
-0
-0
-0
-0
-0
28.7224
3.19439
-0
-0
-0
-0
42.4932
1.16911
11.7944
-0
-0
-0
-0
-0
18.1152
-0
-0
-0
-0
-0
59.9212
5.23812
29.7621
-0
-0
-0
-0
-0
-0
21.9881
-0
-0
-0
-0
-0
-0
-0
-0
-0
-0
9.38205
4.7324
-0
-0
-0
-0
-0
-0
-0
-0
-0
42.8044
-0
13.2529
-0
48.1075
-0
-0
83.8597
29.8581
-0
-0
-0
-0
-0
48.9221
2.71177
4.53156
-0
-0
-0
-0
-0
-0
-0
-0
9.00535
-0
-0
-0
-0
-0
20.3891
-0
-0
-0
41.4386
-0
-0
-0
-0
-0
-0
12.4894
-0
-0
-0
-0
-0
-0
5.00555
-0
10.3875
11.9873
2.37964
56.6739
-0
2.24396
-0
-0
-0
-0
-0
6.50595
1.56451
-0
-0
-0
-0
-0
-0
-0
-0
-0
-0
-0
-0
-0
-0
9.75064
-0
14.2468
-0
-0
-0
-0
-0
3.03238
-0
27.6899
-0
-0
-0
-0
0.418887
49.0133
-0
-0
24.6338
-0
0.515632
22.292
-0
-0
-0
-0
-0
-0
37.8164
-0
-0
38.89
-0
-0
22.9602
12.259
-0
-0
-0
-0
-0
-0
15.1812
62.0019
5.23308
-0
-0
-0
-0
-0
-0
-0
-0
-0
-0
-0
-0
-0
-0
-0
59.4564
-0
-0
1.15782
-0
-0
-0
-0
90.9967
-0
-0
-0
-0
57.4158
66.2579
-0
-0
-0
-0
-0
-0
-0
-0
-0
-0
-0
8.59349
-0
-0
-0
-0
-0
-0
-0
-0
58.3371
-0
-0
-0
-0
28.8093
-0
20.4188
1.40737
-0
-0
-0
-0
-0
-0
-0
-0
-0
29.8342
-0
-0
-0
-0
10.0653
-0
79.2598
-0
-0
-0
79.8813
-0
-0
-0
-0
-0
67.6423
28.9376
-0
-0
-0
-0
-0
-0
-0
-0
-0
-0
22.0742
22.1006
-0
8.27181
17.8115
-0
-0
0.701712
-0
-0
20.4788
-0
-0
-0
57.2121
6.79812
-0
-0
-0
-0
-0
-0
-0
51.3186
-0
9.10855
-0
-0
-0
-0
-0
-0
16.5747
7.04584
-0
-0
-0
-0
-0
33.1921
-0
46.7382
70.2381
-0
-0
-0
-0
-0
-0
-0
-0
-0
34.2594
16.1178
41.2226
-0
-0
-0
-0
-0
-0
-0
17.7238
-0
-0
-0
-0
-0
-0
-0
-0
-0
-0
-0
-0
17.738
-0
-0
-0
-0
-0
-0
-0
-0
-0
-0
-0
-0
-0
-0
1.09283
-0
2.67487
3.61898
-0
-0
-0
-0
-0
-0
-0
-0
-0
-0
-0
-0
-0
-0
14.6845
-0
-0
-0
62.2256
-0
-0
-0
-0
24.3626
-0
-0
50.1854
69.0837
-0
-0
-0
-0
-0
-0
-0
-0
-0
-0
-0
-0
-0
-0
-0
-0
-0
-0
-0
-0
-0
-0
-0
-0
12.136
-0
-0
-0
-0
-0
-0
-0
-0
-0
-0
-0
-0
-0
-0
-0
-0
-0
-0
1.20178
-0
-0
-0
7.00245
-0
-0
-0
34.7407
14.0348
-0
22.3393
-0
-0
-0
27.7824
-0
12.8853
-0
-0
-0
-0
-0
-0
-0
-0
-0
-0
-0
-0
-0
-0
-0
-0
-0
44.0854
-0
12.7537
-0
-0
-0
-0
-0
-0
-0
-0
-0
-0
32.0592
-0
37.7327
-0
-0
2.11221
-0
-0
-0
-0
-0
-0
-0
-0
2.21201
-0
-0
-0
-0
0.279271
-0
-0
2.72822
-0
4.02166
-0
-0
-0
-0
-0
24.5177
20.6982
28.3618
-0
-0
-0
2.62752
-0
-0
-0
33.547
-0
-0
-0
-0
-0
56.6879
-0
-0
17.9141
2.19995
-0
-0
-0
5.6733
-0
23.377
-0
-0
-0
18.8587
4.54871
-0
-0
17.8049
3.50976
-0
-0
-0
-0
-0
-0
-0
-0
-0
75.0318
14.6316
-0
28.7059
-0
-0
-0
-0
-0
48.0685
-0
9.78622
-0
18.7558
-0
-0
-0
-0
-0
-0
11.0167
13.8721
-0
-0
-0
-0
-0
-0
-0
-0
-0
-0
-0
41.3834
-0
-0
-0
-0
-0
56.731
11.3678
-0
3.87128
-0
-0
-0
-0
-0
-0
8.31052
-0
-0
-0
-0
-0
-0
-0
7.01133
-0
-0
-0
-0
-0
12.2769
-0
-0
-0
-0
-0
28.0551
-0
-0
1.79115
-0
73.2382
-0
-0
-0
-0
-0
11.6975
-0
0.0543174
26.695
-0
9.08821
-0
-0
-0
-0
-0
-0
-0
-0
-0
-0
-0
-0
22.7994
-0
-0
-0
14.678
-0
-0
-0
-0
6.86752
-0
14.8555
10.7896
-0
-0
-0
-0
-0
32.5118
-0
-0
-0
-0
-0
13.7098
-0
65.4582
-0
-0
71.3813
-0
-0
-0
-0
-0
-0
-0
-0
8.51371
-0
-0
-0
-0
-0
-0
-0
-0
-0
-0
-0
-0
-0
-0
-0
-0
-0
63.6092
-0
16.8268
-0
9.75164
-0
14.1245
-0
13.1269
-0
-0
-0
-0
-0
-0
-0
5.43959
-0
-0
-0
-0
-0
23.5162
-0
-0
-0
-0
-0
-0
-0
-0
-0
6.37883
-0
-0
-0
-0
5.41272
-0
-0
-0
-0
-0
-0
17.5217
-0
-0
-0
-0
-0
-0
-0
-0
-0
-0
-0
-0
-0
-0
-0
-0
-0
3.10072
-0
-0
-0
-0
-0
-0
2.87647
-0
-0
-0
37.0821
-0
-0
-0
-0
43.0735
-0
-0
-0
50.0305
-0
-0
2.79898
6.43534
-0
21.3582
-0
45.2527
-0
23.1643
-0
-0
11.7394
45.6376
-0
-0
-0
-0
5.82631
-0
-0
-0
-0
1.0428
-0
-0
6.94352
-0
-0
-0
-0
-0
-0
12.8065
-0
-0
18.0454
-0
-0
-0
19.991
-0
-0
-0
-0
-0
6.71532
-0
-0
-0
-0
6.56425
-0
-0
6.3938
-0
-0
-0
-0
-0
-0
-0
-0
-0
-0
-0
44.9002
-0
8.23671
-0
-0
-0
16.8901
-0
-0
-0
-0
-0
-0
-0
-0
-0
-0
3.05078
-0
-0
-0
-0
62.0709
0.840344
-0
0.680829
-0
-0
56.9173
-0
-0
-0
-0
-0
-0
14.8802
-0
-0
-0
52.2147
15.1012
29.6884
9.64214
-0
-0
-0
-0
50.6028
31.4764
-0
7.17544
-0
-0
-0
-0
-0
-0
3.16296
-0
-0
15.8964
-0
-0
-0
-0
-0
25.5757
-0
-0
-0
-0
7.72302
-0
-0
-0
-0
-0
-0
13.4432
-0
-0
-0
-0
-0
-0
43.2581
-0
-0
-0
-0
-0
-0
-0
-0
-0
-0
-0
-0
-0
-0
-0
-0
4.53582
-0
-0
3.05838
-0
-0
42.9084
-0
-0
-0
-0
17.4406
-0
-0
-0
15.3566
-0
-0
29.6199
-0
-0
-0
-0
-0
-0
41.0621
6.63945
-0
-0
-0
75.3795
8.19282
-0
-0
17.4477
-0
-0
-0
4.3426
-0
-0
-0
-0
-0
-0
-0
-0
24.024
-0
-0
-0
-0
-0
6.95237
-0
-0
-0
-0
-0
-0
-0
-0
-0
-0
19.5427
-0
-0
-0
-0
-0
-0
-0
-0
-0
10.1312
63.6325
-0
-0
-0
-0
-0
-0
-0
42.9366
-0
-0
-0
-0
-0
-0
14.9932
-0
6.20557
-0
11.3651
-0
38.0271
-0
-0
-0
-0
-0
-0
33.5811
-0
-0
-0
8.98643
-0
11.1249
-0
-0
7.39907
-0
-0
-0
-0
-0
-0
-0
-0
-0
-0
-0
-0
25.5107
-0
-0
-0
20.458
-0
-0
-0
2.87375
-0
-0
-0
-0
-0
-0
-0
0.483651
-0
-0
-0
103.306
11.3411
-0
-0
-0
-0
-0
-0
-0
-0
-0
68.732
-0
4.63532
40.4033
-0
-0
-0
-0
4.69748
-0
-0
-0
-0
28.4296
-0
46.5737
-0
-0
-0
12.7159
-0
-0
-0
-0
1.60475
-0
39.5388
25.7417
-0
-0
-0
-0
-0
-0
24.1563
55.6942
-0
-0
-0
-0
-0
-0
0.00697369
18.9388
-0
-0
-0
-0
-0
-0
-0
5.93415
-0
-0
-0
51.9046
-0
-0
-0
-0
-0
-0
-0
-0
-0
-0
-0
-0
-0
-0
-0
-0
1.98011
-0
-0
1.34878
32.2066
-0
-0
-0
-0
0.593511
-0
-0
-0
-0
-0
-0
42.1223
-0
-0
-0
44.8673
44.0746
-0
15.5849
-0
-0
6.33853
-0
21.0448
-0
-0
-0
-0
-0
-0
-0
-0
-0
-0
-0
18.8123
8.67093
-0
-0
-0
14.762
-0
-0
-0
-0
-0
-0
-0
-0
-0
-0
-0
-0
-0
-0
-0
-0
-0
-0
15.1683
-0
-0
-0
-0
-0
-0
-0
-0
-0
-0
-0
-0
-0
-0
-0
-0
22.6866
-0
-0
-0
-0
-0
-0
-0
-0
35.3414
-0
-0
-0
-0
0.150286
-0
-0
-0
1.0159
-0
-0
10.8398
-0
1.93567
-0
-0
-0
0.91147
-0
-0
-0
-0
6.63875
6.10738
-0
-0
-0
-0
-0
-0
-0
53.4179
-0
-0
-0
-0
-0
5.45716
17.6695
-0
-0
-0
-0
18.5272
0.0221078
-0
8.13679
-0
-0
-0
-0
-0
-0
-0
-0
-0
-0
-0
-0
-0
-0
-0
-0
33.676
-0
-0
-0
-0
11.882
1.25361
-0
-0
15.5406
-0
-0
-0
-0
-0
2.08753
-0
-0
-0
6.76952
-0
-0
-0
-0
-0
-0
-0
-0
-0
-0
10.6489
45.3311
-0
-0
-0
-0
-0
-0
-0
-0
-0
-0
-0
-0
0.888389
-0
18.5065
-0
-0
56.0605
4.43313
-0
53.2877
28.0259
-0
-0
8.07715
-0
-0
-0
-0
78.1622
-0
-0
-0
-0
-0
-0
40.3258
-0
-0
-0
-0
-0
-0
23.6722
-0
21.6789
-0
2.6631
-0
-0
6.64556
-0
-0
9.85742
9.19653
16.1628
9.10935
-0
-0
-0
-0
-0
-0
14.009
-0
-0
-0
-0
-0
-0
-0
-0
-0
-0
56.5508
-0
9.99291
-0
-0
-0
-0
-0
-0
47.032
10.2367
-0
3.81774
17.2439
-0
-0
13.2629
-0
35.2424
-0
-0
2.31991
-0
3.38837
-0
8.5866
5.84143
-0
-0
-0
-0
19.8321
-0
-0
-0
-0
-0
-0
-0
-0
-0
41.043
11.4018
-0
-0
-0
3.99548
63.5896
-0
24.1845
12.4898
50.795
-0
12.9683
-0
-0
-0
-0
-0
-0
-0
-0
2.06526
-0
-0
-0
-0
3.46706
-0
-0
1.69033
16.8128
-0
35.5371
-0
-0
-0
-0
-0
-0
-0
48.2369
-0
-0
-0
-0
-0
-0
20.4717
12.755
-0
-0
10.2308
-0
-0
4.42424
29.5859
-0
-0
-0
-0
-0
-0
-0
10.0571
-0
-0
-0
-0
-0
75.2243
-0
-0
-0
-0
-0
-0
-0
-0
-0
41.5514
-0
-0
-0
-0
-0
-0
71.7416
-0
17.6524
-0
-0
-0
-0
10.3151
-0
26.855
32.5229
9.40722
-0
0.144537
-0
-0
-0
-0
11.0304
43.4827
-0
-0
-0
-0
-0
28.6397
4.54009
-0
-0
4.05212
-0
-0
-0
54.8917
-0
41.9983
-0
-0
-0
-0
19.0167
-0
-0
23.2466
-0
-0
-0
-0
27.9669
-0
-0
-0
-0
3.35213
-0
-0
-0
16.4188
-0
-0
-0
-0
-0
-0
-0
5.69862
48.6656
-0
0.282191
-0
-0
-0
-0
-0
-0
-0
-0
-0
20.1463
-0
-0
37.135
-0
-0
-0
-0
-0
-0
-0
13.259
11.9576
-0
-0
-0
-0
-0
-0
-0
-0
-0
9.61362
43.5301
-0
-0
-0
-0
-0
-0
-0
-0
-0
-0
4.41127
17.5911
-0
-0
-0
-0
5.56251
9.7754
-0
-0
43.9091
-0
51.8349
-0
-0
-0
41.2788
-0
-0
-0
-0
11.1393
-0
-0
-0
-0
-0
26.9094
-0
45.0371
-0
1.30717
-0
-0
11.3176
-0
-0
-0
10.4372
-0
-0
-0
-0
-0
-0
-0
-0
-0
-0
13.1305
23.1828
-0
36.8263
-0
7.47132
35.1837
15.6696
-0
-0
-0
-0
-0
-0
-0
-0
23.2609
-0
-0
-0
-0
-0
-0
-0
-0
-0
-0
-0
-0
9.28714
-0
74.1079
-0
-0
-0
-0
-0
4.40493
-0
-0
-0
-0
-0
-0
-0
-0
-0
-0
20.8146
-0
-0
-0
-0
-0
-0
-0
-0
-0
-0
-0
14.082
-0
45.6737
19.3215
-0
-0
-0
7.60776
-0
39.6986
-0
-0
-0
-0
-0
-0
-0
27.8608
-0
-0
-0
-0
-0
-0
-0
16.2927
-0
-0
33.4031
-0
7.51041
-0
-0
-0
-0
-0
-0
-0
-0
35.8326
-0
-0
-0
51.6154
-0
-0
-0
-0
-0
-0
-0
64.906
-0
-0
-0
-0
-0
60.5774
22.195
-0
-0
-0
-0
-0
8.58329
7.88224
-0
-0
-0
-0
-0
-0
-0
-0
-0
-0
-0
-0
-0
1.16529
-0
-0
-0
-0
-0
-0
-0
-0
-0
-0
-0
-0
-0
-0
-0
-0
-0
-0
13.989
-0
40.5338
-0
-0
14.4048
-0
-0
-0
7.7497
-0
-0
4.3033
-0
-0
-0
-0
12.1737
-0
10.1294
-0
-0
-0
-0
2.25954
54.5212
-0
-0
-0
-0
-0
-0
13.3636
-0
-0
2.87214
13.2335
-0
-0
16.7596
-0
-0
24.0441
-0
18.7353
-0
-0
35.5676
-0
-0
-0
-0
-0
-0
49.4855
9.74037
-0
-0
-0
-0
-0
-0
-0
55.2712
-0
45.8254
-0
-0
-0
-0
9.7742
-0
-0
55.5796
-0
-0
51.132
-0
-0
-0
-0
-0
-0
-0
-0
-0
36.0355
38.6537
-0
-0
-0
6.87106
-0
-0
-0
-0
-0
-0
-0
-0
31.1699
37.2477
-0
-0
-0
-0
0.599003
-0
-0
-0
1.04877
-0
-0
-0
7.6295
-0
-0
19.2776
12.206
-0
-0
-0
-0
-0
15.6778
-0
5.34993
-0
-0
-0
19.9608
-0
-0
-0
-0
-0
-0
-0
-0
-0
19.5142
5.37738
28.6934
-0
9.06208
-0
-0
-0
48.9009
-0
-0
-0
20.2789
-0
-0
42.2106
-0
-0
-0
-0
-0
-0
-0
-0
-0
2.5315
-0
-0
-0
-0
35.5153
-0
-0
-0
-0
-0
-0
34.3934
-0
-0
-0
-0
-0
-0
-0
-0
-0
-0
-0
-0
-0
-0
-0
-0
-0
-0
-0
42.2344
83.8426
-0
-0
-0
-0
-0
-0
-0
-0
-0
-0
59.6818
-0
-0
-0
-0
-0
-0
-0
-0
-0
-0
-0
-0
-0
-0
24.5043
64.9025
-0
-0
-0
0.886857
-0
-0
-0
-0
-0
-0
-0
-0
30.0706
-0
16.2612
-0
21.5577
-0
-0
7.19271
-0
-0
-0
23.069
74.0547
-0
11.7985
-0
-0
2.88503
11.4805
18.0649
-0
23.2599
5.12959
-0
-0
4.83074
-0
-0
-0
-0
-0
-0
-0
-0
3.83778
-0
-0
8.82809
-0
-0
-0
-0
0.859341
20.6503
-0
-0
-0
7.39265
-0
-0
-0
-0
-0
-0
-0
-0
-0
-0
-0
54.8194
-0
-0
42.4526
-0
7.54936
-0
28.1515
15.8814
-0
-0
-0
-0
-0
-0
19.5244
1.97616
24.0599
-0
10.7566
11.9445
11.4802
-0
-0
-0
20.9464
-0
-0
-0
-0
-0
5.96793
8.0962
-0
