-0
-0
-0
-0
-0
15.6847
-0
-0
41.099
-0
18.3917
-0
-0
-0
-0
19.8539
6.89548
-0
-0
-0
-0
0.883579
-0
4.04695
7.0748
-0
32.1327
-0
-0
-0
-0
-0
-0
-0
-0
-0
-0
-0
-0
-0
-0
-0
11.0548
-0
-0
5.57905
-0
37.7631
-0
-0
-0
-0
-0
-0
-0
-0
15.095
1.71244
66.6392
-0
-0
-0
-0
-0
2.56435
-0
-0
33.6535
-0
1.62147
-0
-0
-0
-0
-0
-0
47.9655
-0
-0
-0
-0
13.1303
0.668248
11.3044
-0
-0
-0
-0
-0
-0
9.56767
-0
-0
-0
22.5663
-0
8.2105
-0
13.5692
-0
-0
-0
-0
-0
-0
-0
21.2368
-0
-0
-0
-0
-0
-0
-0
-0
11.5489
-0
-0
49.0245
32.5418
-0
-0
-0
10.2066
3.97291
-0
-0
-0
-0
-0
-0
-0
25.158
-0
7.54499
-0
-0
29.0663
-0
-0
-0
-0
56.6936
4.20877
-0
-0
-0
-0
-0
-0
-0
-0
-0
-0
17.6448
-0
-0
-0
-0
1.58679
-0
1.08656
-0
9.89355
20.9178
-0
-0
6.55818
-0
38.8267
-0
17.7377
-0
-0
-0
-0
-0
-0
-0
-0
-0
-0
-0
-0
-0
21.0472
-0
-0
34.9138
-0
-0
27.3063
41.7814
-0
-0
-0
-0
26.5451
-0
-0
-0
-0
6.79946
-0
-0
-0
29.0677
28.2185
10.983
-0
-0
9.36267
23.5219
-0
-0
-0
21.4797
-0
4.75907
-0
30.1264
-0
-0
22.1507
-0
-0
-0
0.0561814
-0
-0
-0
-0
-0
-0
-0
-0
-0
-0
-0
-0
40.8568
0.514753
-0
-0
-0
-0
6.84385
-0
4.66721
-0
-0
-0
-0
-0
64.1376
-0
1.2902
8.66374
-0
-0
-0
-0
-0
-0
-0
-0
-0
-0
-0
-0
-0
43.4361
34.4841
31.8615
-0
-0
-0
-0
-0
-0
5.04287
7.27373
-0
53.3881
-0
-0
-0
16.9713
-0
-0
-0
19.4074
45.3066
-0
20.8268
-0
-0
-0
5.90775
48.7103
-0
-0
-0
0.512422
17.1896
22.3486
-0
-0
58.1783
-0
-0
-0
-0
-0
-0
-0
-0
-0
-0
0.691859
-0
-0
6.36889
-0
10.421
-0
2.13517
26.0713
-0
52.2784
-0
-0
-0
-0
-0
-0
-0
13.3924
29.4127
3.60146
-0
-0
-0
9.49186
8.60641
-0
-0
-0
-0
-0
-0
-0
-0
-0
2.46692
-0
-0
-0
-0
-0
24.4698
-0
-0
29.4717
-0
3.96769
-0
-0
-0
-0
-0
8.4558
0.585828
46.7968
-0
-0
-0
13.1977
-0
-0
-0
-0
2.89208
-0
-0
-0
-0
-0
-0
-0
-0
-0
-0
-0
-0
2.09238
-0
-0
-0
23.396
-0
-0
-0
-0
-0
-0
-0
-0
-0
-0
-0
-0
-0
-0
20.0625
7.87858
-0
-0
4.37903
-0
57.1125
-0
-0
-0
-0
60.3131
10.0905
-0
16.3391
21.009
-0
50.8493
40.4464
-0
-0
-0
22.2215
-0
-0
-0
-0
-0
-0
-0
-0
-0
-0
-0
-0
-0
38.1041
7.70553
-0
-0
-0
23.5746
-0
-0
-0
-0
-0
-0
-0
-0
-0
-0
-0
-0
-0
-0
-0
-0
16.7253
-0
-0
-0
-0
-0
-0
-0
-0
-0
-0
1.03328
-0
-0
-0
-0
-0
7.41111
49.2831
-0
-0
-0
-0
25.7374
21.2967
-0
-0
13.723
-0
-0
24.054
61.9591
-0
-0
8.5283
-0
-0
-0
-0
-0
-0
-0
-0
-0
-0
-0
4.42221
-0
4.67511
-0
18.277
21.4709
-0
-0
-0
-0
-0
-0
-0
-0
-0
-0
56.5008
-0
20.5576
1.05435
-0
-0
-0
-0
-0
-0
-0
15.0347
5.03392
3.09015
-0
18.3558
-0
-0
-0
-0
60.7934
-0
-0
-0
-0
-0
-0
-0
32.2951
-0
-0
-0
-0
-0
-0
32.1607
-0
-0
15.151
20.5094
18.2288
-0
-0
-0
42.3998
-0
-0
-0
-0
26.6576
-0
9.78515
-0
-0
-0
17.9256
-0
-0
-0
-0
-0
-0
-0
-0
8.08646
-0
11.6901
-0
-0
-0
-0
-0
-0
-0
5.96568
-0
-0
11.8127
15.496
-0
-0
-0
10.2965
2.90294
-0
-0
-0
-0
-0
10.3941
-0
-0
-0
-0
-0
-0
-0
-0
-0
-0
-0
-0
-0
-0
-0
-0
-0
-0
-0
-0
-0
-0
-0
-0
-0
2.69251
-0
-0
-0
-0
30.8635
-0
-0
-0
-0
-0
-0
-0
19.669
38.8259
-0
29.2774
-0
-0
-0
-0
-0
-0
-0
-0
7.42669
-0
-0
-0
1.38622
45.6224
-0
-0
19.6264
-0
-0
28.5236
-0
-0
-0
-0
-0
-0
48.9316
21.5395
-0
-0
-0
-0
-0
-0
6.29024
-0
-0
29.0164
22.2534
-0
-0
-0
-0
-0
-0
13.1597
-0
-0
-0
-0
12.8356
-0
-0
-0
2.55107
-0
10.8602
-0
-0
-0
-0
-0
22.017
-0
-0
15.8962
-0
-0
20.3496
2.08512
-0
1.07155
-0
-0
-0
11.8632
-0
-0
-0
31.6309
-0
-0
-0
16.4
8.89482
-0
-0
-0
16.7049
-0
7.46742
-0
1.9387
-0
-0
-0
-0
-0
-0
7.68379
26.9098
9.27519
-0
-0
-0
-0
-0
-0
-0
-0
-0
-0
-0
14.8612
-0
-0
14.7722
-0
-0
-0
-0
41.6922
-0
-0
-0
-0
3.22538
-0
27.8557
17.0115
-0
-0
-0
-0
-0
-0
-0
-0
-0
7.31132
-0
-0
78.3548
-0
31.9615
-0
-0
-0
-0
37.4301
-0
-0
-0
0.227823
-0
-0
-0
-0
-0
-0
-0
11.5891
24.8692
3.87294
39.7142
-0
-0
9.19057
-0
-0
1.46017
-0
-0
-0
-0
-0
-0
-0
-0
1.22215
23.941
14.2616
-0
-0
-0
-0
2.62884
20.4068
-0
19.9157
52.4366
-0
-0
-0
-0
-0
-0
-0
5.89294
-0
2.30899
-0
-0
-0
-0
-0
-0
24.3851
5.51321
34.6895
-0
-0
-0
-0
3.94711
25.7617
-0
-0
-0
1.25485
20.279
-0
40.9366
21.8826
-0
-0
17.7387
-0
-0
-0
-0
-0
-0
6.67888
-0
-0
-0
-0
4.51448
-0
-0
-0
-0
-0
11.1124
37.5362
-0
-0
-0
-0
35.8565
13.8436
-0
-0
6.31589
-0
-0
9.22951
-0
-0
-0
8.43564
-0
-0
-0
77.8395
14.585
29.0947
-0
-0
-0
32.3686
1.48766
-0
32.2199
-0
-0
-0
-0
-0
-0
-0
-0
-0
-0
-0
-0
-0
4.93798
32.5359
28.604
-0
-0
-0
-0
-0
-0
-0
-0
30.5101
-0
-0
-0
58.8657
-0
-0
-0
18.5237
-0
-0
-0
14.1295
-0
-0
-0
-0
-0
-0
-0
-0
-0
-0
-0
-0
-0
26.2819
-0
-0
-0
10.4252
5.6979
-0
-0
-0
-0
-0
-0
2.45737
-0
-0
-0
27.0665
-0
-0
-0
-0
-0
-0
-0
-0
-0
-0
-0
-0
-0
-0
-0
32.6486
-0
-0
-0
8.14069
-0
-0
-0
-0
9.96558
-0
-0
-0
-0
-0
-0
48.8073
26.9218
-0
-0
-0
27.0814
-0
-0
-0
21.867
-0
-0
-0
7.03773
31.2707
-0
-0
37.6934
-0
-0
-0
-0
-0
17.6839
-0
-0
22.1776
-0
-0
-0
16.8472
-0
-0
-0
-0
6.173
20.066
-0
-0
11.4069
-0
-0
-0
-0
-0
-0
-0
-0
39.5538
23.4822
-0
-0
-0
-0
19.315
-0
-0
-0
-0
-0
24.307
-0
-0
3.3356
-0
-0
-0
-0
-0
-0
-0
0.197404
27.8838
-0
24.2357
-0
-0
-0
-0
18.4077
-0
-0
-0
-0
-0
-0
-0
-0
-0
-0
39.391
-0
10.4278
4.21337
14.1618
-0
-0
-0
-0
-0
-0
0.311879
-0
-0
-0
26.5423
-0
-0
-0
-0
63.8594
-0
-0
-0
-0
-0
23.5489
-0
-0
-0
51.8049
-0
32.5948
-0
-0
-0
9.61272
-0
-0
-0
-0
-0
-0
-0
-0
-0
-0
-0
37.6217
-0
-0
-0
-0
42.2576
-0
-0
-0
-0
-0
-0
-0
-0
-0
-0
39.5486
-0
-0
-0
-0
-0
-0
-0
-0
-0
-0
-0
12.0724
-0
-0
-0
-0
-0
-0
-0
-0
-0
-0
-0
-0
-0
-0
1.03817
-0
-0
-0
-0
-0
-0
-0
18.2817
-0
-0
40.187
-0
-0
-0
-0
-0
-0
32.3646
-0
-0
7.53646
-0
-0
-0
-0
-0
33.2709
-0
-0
-0
-0
-0
-0
-0
-0
-0
-0
7.72384
-0
16.0861
26.2996
31.0744
3.48686
-0
14.6258
-0
-0
-0
26.9965
-0
-0
-0
7.49269
-0
-0
-0
-0
-0
-0
-0
9.15146
2.19635
-0
-0
-0
-0
-0
1.22302
-0
-0
-0
-0
77.4207
-0
5.15965
8.37549
21.8034
50.387
-0
-0
-0
-0
-0
-0
-0
45.8691
57.2387
-0
-0
18.2433
-0
-0
-0
36.3644
52.8769
-0
-0
60.1427
-0
-0
-0
1.25513
-0
-0
-0
9.81477
26.1656
-0
-0
37.1077
-0
-0
-0
1.27398
-0
-0
-0
-0
-0
-0
-0
19.6176
-0
-0
-0
-0
27.6134
-0
-0
-0
52.2685
52.5444
-0
-0
-0
-0
-0
-0
-0
-0
-0
-0
3.12353
-0
-0
-0
-0
-0
-0
-0
-0
-0
-0
0.792271
12.9587
-0
-0
-0
-0
-0
-0
-0
-0
6.35426
-0
13.3632
-0
-0
-0
-0
-0
29.4848
-0
34.9664
-0
-0
-0
-0
40.0019
-0
-0
-0
-0
-0
-0
12.555
26.8822
-0
-0
-0
-0
-0
-0
16.3081
6.17062
-0
-0
-0
-0
61.0379
-0
-0
-0
-0
-0
-0
-0
7.55195
-0
-0
-0
-0
-0
-0
26.6406
-0
1.01689
-0
-0
-0
11.386
-0
-0
-0
-0
-0
-0
0.843099
-0
-0
-0
11.0694
-0
2.1838
-0
-0
-0
-0
-0
-0
-0
-0
-0
-0
-0
-0
15.4373
-0
-0
19.3231
-0
-0
-0
-0
27.6282
-0
-0
-0
-0
-0
-0
-0
-0
-0
-0
-0
-0
-0
1.78147
-0
-0
-0
-0
3.91224
0.248083
-0
-0
4.30178
-0
-0
8.39525
-0
-0
-0
-0
-0
-0
-0
-0
0.918492
-0
-0
-0
24.4027
-0
-0
-0
18.7592
-0
-0
-0
-0
-0
-0
-0
-0
-0
-0
-0
14.3243
-0
-0
-0
33.4662
-0
3.98125
-0
-0
-0
-0
-0
-0
36.5879
-0
-0
-0
-0
-0
-0
-0
-0
-0
-0
-0
-0
-0
28.8711
3.93539
-0
-0
-0
-0
-0
-0
-0
-0
-0
-0
-0
-0
-0
-0
-0
67.4397
-0
-0
-0
-0
-0
-0
-0
-0
3.0674
-0
-0
12.7505
-0
-0
-0
-0
16.3964
-0
-0
-0
-0
4.50476
-0
-0
-0
-0
-0
21.8453
-0
-0
-0
-0
-0
-0
-0
-0
-0
-0
-0
-0
-0
24.4052
-0
-0
53.0266
-0
1.84606
-0
-0
-0
-0
-0
-0
-0
-0
3.9704
13.8295
-0
-0
-0
-0
54.917
-0
-0
1.55892
-0
7.34522
-0
-0
45.9422
-0
-0
27.5519
-0
2.16275
32.7534
-0
-0
19.4919
-0
-0
-0
39.9999
-0
-0
-0
-0
-0
-0
-0
4.06168
-0
49.9567
23.7424
-0
2.99838
-0
-0
-0
-0
-0
6.28381
-0
30.0552
-0
-0
-0
-0
-0
-0
-0
-0
-0
31.0984
-0
-0
-0
2.92768
-0
-0
14.1496
21.9779
-0
-0
-0
-0
-0
-0
4.96652
-0
42.7289
-0
-0
5.99132
-0
-0
-0
14.4917
-0
-0
-0
11.0621
-0
-0
-0
-0
-0
-0
-0
-0
-0
-0
-0
-0
-0
37.054
-0
-0
-0
-0
-0
-0
4.32012
-0
-0
4.29873
-0
-0
-0
10.9567
-0
-0
-0
-0
25.7594
-0
-0
-0
-0
-0
-0
-0
-0
64.8425
-0
22.3686
-0
-0
-0
-0
-0
-0
4.54428
-0
-0
-0
-0
-0
-0
18.7707
-0
-0
-0
-0
-0
-0
24.6848
8.7861
-0
-0
-0
6.02046
-0
-0
35.2842
-0
3.98126
-0
-0
-0
-0
10.2465
43.7148
1.92391
-0
-0
-0
-0
-0
-0
-0
37.9807
-0
-0
-0
-0
-0
-0
-0
-0
-0
-0
-0
-0
-0
-0
-0
-0
-0
-0
-0
51.8976
25.8924
-0
-0
-0
-0
-0
-0
-0
-0
-0
-0
8.86825
-0
3.97854
-0
-0
-0
-0
-0
-0
-0
-0
-0
-0
-0
-0
-0
-0
-0
-0
-0
-0
-0
-0
-0
-0
-0
-0
-0
30.2512
2.40501
-0
-0
-0
-0
-0
22.7198
14.091
-0
-0
-0
-0
-0
-0
-0
-0
-0
-0
-0
29.6863
-0
-0
-0
-0
-0
-0
-0
-0
45.3994
8.54157
-0
-0
-0
-0
-0
-0
-0
-0
-0
42.662
7.75784
1.82598
-0
-0
-0
-0
-0
15.3724
-0
-0
24.1234
-0
10.0399
-0
55.4877
8.05771
-0
61.1285
12.8584
-0
-0
13.6342
-0
-0
32.4711
-0
5.63326
-0
-0
-0
-0
-0
-0
-0
-0
11.3054
-0
-0
-0
2.72144
-0
0.485158
-0
-0
-0
34.2367
-0
-0
7.09021
-0
-0
-0
10.5116
-0
-0
-0
18.5032
-0
23.0018
3.30002
5.98981
18.4658
-0
7.51498
57.0797
11.7294
-0
-0
-0
-0
-0
-0
31.5546
38.3495
-0
-0
-0
-0
-0
6.54906
-0
-0
-0
-0
-0
7.79481
-0
-0
6.84478
-0
5.87693
35.2908
-0
-0
-0
-0
2.74407
-0
70.8601
-0
-0
-0
-0
0.369886
8.46351
-0
-0
12.5588
-0
22.314
6.19071
-0
-0
-0
-0
17.2647
-0
4.23693
-0
-0
30.1667
-0
1.33048
5.95441
1.41102
-0
-0
47.3293
-0
-0
-0
12.8701
56.0492
-0
-0
-0
-0
-0
5.0286
-0
-0
-0
-0
-0
-0
-0
-0
-0
-0
24.7966
-0
-0
-0
-0
-0
-0
-0
13.6931
-0
-0
-0
-0
54.017
86.6621
-0
-0
20.5255
-0
-0
-0
-0
-0
-0
-0
-0
-0
-0
-0
-0
-0
-0
-0
-0
-0
62.754
-0
-0
-0
-0
29.2586
-0
17.8473
-0
-0
-0
-0
-0
-0
-0
-0
-0
-0
12.5568
-0
-0
-0
-0
16.2651
-0
47.5441
-0
-0
-0
42.6785
-0
-0
-0
-0
-0
28.1403
29.3426
-0
15.1133
-0
7.09282
-0
-0
-0
-0
-0
-0
13.2117
40.468
0.221167
12.7869
53.0715
-0
-0
-0
-0
-0
26.8048
-0
-0
-0
49.2789
-0
-0
-0
-0
-0
7.20299
-0
-0
39.9131
-0
3.89001
-0
-0
-0
-0
-0
-0
-0
10.7491
-0
-0
-0
-0
-0
-0
-0
34.3168
34.6788
-0
-0
-0
-0
-0
-0
-0
-0
2.77271
22.4938
-0
37.5167
-0
-0
-0
-0
-0
-0
-0
20.1826
-0
-0
-0
-0
34.5884
-0
-0
-0
-0
-0
-0
7.6006
1.19362
-0
-0
-0
-0
-0
-0
-0
-0
-0
-0
-0
18.3661
-0
-0
3.40561
-0
-0
31.1945
-0
-0
-0
-0
-0
-0
-0
-0
-0
-0
-0
-0
10.9588
-0
24.2963
-0
6.32479
-0
12.309
-0
-0
-0
-0
42.236
-0
-0
68.7578
-0
-0
-0
-0
-0
-0
-0
-0
-0
-0
-0
-0
-0
-0
-0
-0
-0
-0
-0
-0
10.7902
-0
-0
-0
-0
13.3545
-0
-0
-0
-0
-0
0.917898
-0
-0
10.5255
-0
-0
-0
0.258494
-0
-0
-0
-0
-0
-0
-0
10.2486
-0
20.5135
-0
-0
-0
23.2812
0.647778
-0
12.5536
-0
-0
-0
24.1161
-0
-0
-0
-0
-0
-0
-0
1.97264
-0
-0
-0
-0
-0
-0
-0
-0
-0
-0
-0
28.3496
-0
22.5247
-0
-0
-0
-0
-0
-0
-0
-0
-0
-0
23.7192
-0
-0
3.76935
-0
2.33356
-0
-0
1.38871
-0
-0
-0
-0
-0
-0
-0
-0
1.53089
-0
-0
-0
-0
14.6077
-0
-0
-0
-0
-0
-0
-0
-0
16.5025
41.0437
-0
-0
-0
2.77479
-0
-0
35.451
24.333
-0
-0
-0
-0
-0
48.5069
-0
-0
4.0766
41.018
-0
-0
-0
-0
-0
13.5308
-0
-0
-0
13.0906
0.201216
-0
-0
-0
13.6857
-0
-0
-0
-0
-0
-0
18.5295
-0
-0
58.9632
32.5706
-0
-0
-0
-0
-0
-0
-0
49.683
-0
-0
-0
33.4248
9.47243
-0
-0
-0
-0
-0
12.174
10.3047
-0
-0
-0
-0
-0
-0
-0
-0
-0
-0
-0
8.46637
-0
-0
-0
-0
-0
65.4132
29.1178
-0
5.97972
-0
-0
-0
-0
-0
-0
17.2079
-0
-0
-0
-0
-0
-0
-0
6.8458
-0
-0
-0
-0
-0
6.07486
-0
-0
-0
-0
-0
-0
-0
2.76732
13.2951
-0
42.2717
-0
-0
-0
-0
-0
-0
-0
-0
-0
-0
-0
-0
-0
-0
-0
-0
-0
-0
-0
1.99102
-0
-0
-0
21.2233
-0
-0
-0
24.2024
-0
-0
-0
-0
14.9561
-0
43.7014
7.09299
-0
-0
-0
-0
14.2598
57.1834
-0
-0
-0
-0
-0
45.0582
-0
41.9857
-0
-0
27.378
-0
-0
-0
-0
-0
-0
-0
-0
21.1813
-0
-0
-0
-0
-0
-0
-0
-0
-0
-0
-0
-0
-0
-0
-0
-0
-0
50.9085
-0
18.9907
-0
-0
-0
-0
-0
5.91248
-0
-0
-0
-0
-0
-0
-0
6.08037
-0
-0
-0
-0
-0
40.7938
-0
-0
-0
-0
-0
-0
-0
-0
-0
4.62874
-0
-0
-0
-0
0.541593
-0
-0
-0
-0
-0
-0
32.0572
-0
-0
-0
-0
-0
-0
-0
-0
-0
-0
-0
-0
-0
1.48571
-0
-0
-0
1.42026
-0
-0
-0
-0
-0
-0
-0
-0
-0
-0
53.5372
-0
15.9339
-0
-0
65.8051
-0
-0
-0
55.247
-0
14.5995
33.5594
2.10422
-0
28.6161
-0
57.5107
-0
-0
-0
0.0143657
44.5756
42.3715
-0
-0
-0
-0
4.27947
-0
1.8833
-0
-0
3.0907
-0
-0
5.09437
-0
-0
-0
-0
-0
-0
-0
-0
-0
23.9808
-0
-0
-0
9.52505
18.8896
-0
-0
-0
-0
-0
-0
-0
-0
-0
3.80807
-0
-0
5.02659
-0
-0
-0
-0
-0
3.66773
-0
-0
-0
-0
-0
70.834
-0
11.6893
-0
-0
9.53199
12.0581
-0
-0
-0
-0
-0
-0
-0
-0
-0
-0
-0
3.95284
-0
-0
7.99468
19.9849
-0
-0
0.96801
-0
-0
59.6875
-0
-0
-0
-0
-0
-0
-0
-0
26.4596
11.6949
22.6335
14.7029
23.3693
-0
-0
-0
13.9598
-0
76.9123
6.07172
-0
-0
-0
-0
-0
-0
-0
-0
-0
1.37784
-0
9.06688
6.19433
-0
-0
-0
-0
1.9507
-0
-0
-0
4.88898
26.8917
-0
-0
-0
-0
-0
16.1225
25.1562
-0
-0
-0
-0
-0
9.73302
36.6321
-0
-0
-0
-0
-0
-0
-0
-0
-0
-0
-0
-0
-0
-0
-0
-0
-0
-0
-0
6.64443
-0
-0
28.2553
21.8196
-0
1.37748
-0
0.827636
2.68781
-0
-0
13.0022
-0
-0
34.3042
-0
-0
-0
4.55165
29.4999
12.1316
-0
-0
-0
-0
-0
21.4533
31.7851
-0
6.12371
5.03729
9.89059
-0
-0
-0
-0
1.58845
-0
7.20249
-0
-0
-0
0.302026
65.8136
-0
-0
-0
-0
-0
-0
-0
-0
-0
-0
-0
-0
-0
-0
16.9722
-0
22.7642
-0
-0
-0
-0
-0
-0
-0
-0
-0
18.1922
18.6641
-0
-0
-0
-0
4.88118
-0
-0
26.7174
-0
-0
-0
-0
18.089
-0
-0
-0
6.98271
-0
-0
-0
47.3489
-0
-0
-0
-0
-0
-0
-0
-0
-0
-0
18.8651
-0
10.6252
-0
-0
37.6081
-0
-0
-0
-0
-0
-0
-0
-0
-0
-0
-0
-0
-0
-0
-0
-0
28.0138
-0
-0
-0
8.97642
-0
-0
-0
-0
-0
-0
-0
4.00747
-0
-0
-0
55.4468
30.3994
-0
9.40079
-0
-0
-0
-0
29.0705
-0
-0
80.3962
-0
-0
20.7788
-0
-0
-0
-0
0.173964
-0
-0
-0
-0
13.7416
-0
26.0366
-0
-0
-0
36.9884
-0
-0
-0
6.61282
0.471613
-0
37.0541
-0
-0
-0
-0
-0
-0
16.5286
38.8176
53.2043
-0
-0
-0
2.50675
-0
-0
1.41159
26.1209
-0
-0
-0
-0
-0
-0
-0
-0
-0
-0
-0
38.1448
-0
-0
-0
-0
-0
-0
-0
-0
-0
-0
-0
-0
-0
-0
-0
-0
6.21984
-0
-0
41.0697
40.3787
2.09828
-0
-0
-0
-0
31.2235
-0
-0
-0
-0
-0
37.5352
-0
-0
-0
36.9006
34.0174
-0
39.2197
-0
-0
17.326
-0
-0
17.0817
-0
-0
-0
-0
-0
-0
-0
-0
-0
-0
-0
18.8802
-0
-0
-0
15.922
-0
-0
-0
-0
-0
-0
-0
-0
-0
-0
-0
-0
-0
-0
-0
-0
-0
-0
2.31694
-0
-0
-0
-0
-0
-0
-0
-0
-0
10.6903
2.64744
-0
10.0469
-0
-0
-0
11.8715
-0
-0
-0
-0
-0
-0
-0
-0
-0
-0
-0
-0
-0
2.74102
-0
-0
-0
-0
6.84878
-0
9.31328
25.4148
-0
-0
-0
-0
-0
-0
-0
-0
-0
-0
11.0652
-0
-0
-0
-0
29.3293
-0
-0
17.1805
-0
-0
-0
-0
-0
16.5231
32.5993
-0
-0
-0
-0
28.5466
0.8778
-0
-0
-0
-0
-0
-0
-0
-0
-0
-0
-0
-0
24.2726
-0
-0
-0
-0
-0
7.43472
-0
-0
-0
-0
2.05908
49.8984
-0
-0
13.2021
-0
-0
-0
-0
-0
1.05509
-0
3.15221
-0
4.75063
-0
-0
-0
-0
-0
-0
-0
-0
-0
-0
-0
14.4538
-0
-0
-0
-0
-0
-0
-0
-0
-0
-0
-0
-0
-0
-0
7.29081
-0
-0
18.8827
-0
-0
57.9613
-0
-0
-0
-0
-0
-0
-0
-0
29.7075
-0
-0
-0
-0
-0
-0
39.8096
-0
-0
-0
-0
46.0763
-0
25.1916
-0
-0
-0
0.587334
-0
-0
-0
-0
-0
7.74882
4.72755
-0
3.12365
-0
5.66005
-0
11.6901
-0
-0
11.7094
-0
-0
-0
-0
-0
3.96255
-0
-0
-0
-0
39.7569
-0
-0
-0
-0
-0
-0
-0
-0
7.37858
8.5428
-0
4.40614
10.7242
-0
-0
11.0789
-0
-0
-0
-0
-0
-0
10.2143
-0
-0
-0
-0
-0
-0
-0
-0
-0
-0
-0
-0
5.04453
-0
-0
-0
23.1261
30.5936
42.6238
-0
-0
36.2874
10.9848
53.1821
-0
-0
13.6001
22.4355
-0
7.20787
-0
-0
-0
-0
-0
-0
-0
-0
-0
-0
-0
-0
-0
-0
-0
-0
-0
18.1987
-0
30.9502
-0
-0
-0
-0
-0
-0
-0
45.4728
-0
-0
9.23289
-0
-0
14.3001
-0
10.1914
9.52342
14.1834
28.9777
-0
-0
-0
23.4655
-0
46.4506
-0
-0
-0
-0
-0
9.08187
-0
-0
-0
-0
-0
88.2767
-0
-0
-0
-0
-0
8.9434
14.9815
-0
-0
20.8164
-0
-0
-0
-0
-0
-0
60.4628
-0
-0
-0
-0
-0
-0
29.2419
-0
17.7062
3.14336
1.33657
1.63319
-0
-0
-0
-0
-0
-0
31.3028
-0
12.9989
-0
-0
-0
13.4701
5.42583
14.1972
-0
-0
23.4874
-0
-0
73.7514
-0
14.9654
-0
-0
-0
-0
-0
-0
-0
21.3572
-0
-0
-0
1.54079
38.0294
-0
-0
8.59261
-0
-0
-0
-0
-0
42.0605
-0
-0
-0
-0
-0
-0
-0
45.5777
46.0434
-0
0.218708
-0
-0
-0
-0
33.9463
-0
-0
-0
-0
-0
-0
-0
5.87558
-0
-0
-0
-0
-0
12.9155
-0
20.1426
23.1828
-0
-0
-0
-0
-0
-0
5.68748
-0
-0
-0
35.8015
-0
-0
-0
-0
-0
-0
-0
-0
-0
-0
46.1036
59.702
-0
2.78766
-0
-0
-0
19.9605
-0
-0
17.1277
-0
5.73397
-0
-0
-0
32.533
-0
-0
-0
-0
-0
8.05437
-0
-0
-0
-0
-0
-0
25.1098
-0
-0
-0
-0
-0
-0
-0
23.8231
-0
-0
-0
-0
-0
-0
-0
-0
-0
-0
-0
28.9433
3.03992
-0
9.27102
-0
34.5417
51.306
18.7585
-0
-0
-0
-0
-0
-0
-0
-0
30.5058
-0
-0
-0
-0
-0
-0
-0
-0
-0
-0
-0
-0
46.5206
-0
91.0963
-0
-0
-0
-0
-0
28.3464
-0
-0
-0
-0
2.00131
-0
-0
20.9607
-0
-0
59.2127
-0
-0
-0
-0
-0
-0
-0
-0
2.32735
-0
-0
24.8804
-0
58.8074
12.3904
-0
-0
37.8212
-0
-0
41.839
-0
-0
-0
2.07159
10.5531
4.26055
-0
20.6933
-0
-0
-0
-0
-0
-0
-0
3.96855
-0
-0
38.0358
-0
-0
-0
-0
-0
-0
-0
9.58053
-0
-0
24.5538
-0
-0
13.8447
38.5211
-0
-0
-0
-0
-0
-0
-0
33.4741
-0
-0
-0
-0
-0
55.0779
59.8329
-0
-0
-0
-0
-0
-0
20.808
-0
-0
-0
-0
-0
-0
-0
-0
-0
-0
-0
-0
-0
-0
-0
0.45627
-0
-0
-0
-0
-0
-0
-0
-0
-0
-0
-0
-0
-0
-0
-0
-0
4.19283
-0
-0
-0
-0
21.3695
-0
-0
3.05067
27.8174
-0
-0
28.4884
-0
-0
-0
-0
3.28845
-0
-0
-0
-0
2.6805
-0
-0
42.2046
-0
-0
-0
-0
-0
12.0286
11.5063
-0
-0
-0
20.1301
-0
-0
24.7348
-0
-0
42.1717
-0
5.71554
-0
-0
45.0531
-0
-0
-0
-0
-0
5.98814
51.9987
-0
-0
-0
-0
-0
-0
-0
-0
31.9623
-0
22.5732
-0
-0
21.8611
-0
15.1995
-0
-0
55.2298
-0
-0
9.68994
-0
-0
15.5719
-0
-0
-0
-0
-0
-0
44.6404
12.0882
-0
-0
-0
7.59669
-0
-0
-0
3.98843
2.76622
-0
-0
-0
12.9139
68.8746
-0
-0
21.0212
-0
-0
-0
-0
-0
-0
7.55208
-0
-0
15.502
-0
-0
8.34096
48.0749
-0
-0
-0
-0
-0
17.0516
-0
-0
-0
-0
-0
-0
-0
-0
-0
-0
-0
-0
-0
25.0417
-0
46.432
3.34499
23.5113
-0
42.2644
3.23797
-0
-0
30.5339
-0
-0
-0
41.7783
-0
-0
34.8859
-0
-0
29.3165
-0
-0
-0
-0
-0
13.2956
5.71383
-0
4.19201
-0
-0
39.4815
-0
-0
-0
-0
-0
-0
59.9617
-0
-0
-0
-0
-0
-0
-0
-0
-0
-0
-0
-0
-0
12.6685
-0
-0
21.8614
-0
-0
-0
23.1256
-0
-0
-0
8.11528
-0
-0
-0
-0
-0
-0
32.6091
-0
-0
-0
-0
-0
-0
24.1264
-0
-0
-0
-0
-0
-0
-0
-0
50.9417
-0
-0
-0
18.9049
-0
-0
-0
11.1163
-0
-0
-0
-0
58.9302
-0
-0
-0
11.0461
-0
-0
-0
6.86458
-0
-0
40.9151
30.6463
-0
27.8899
-0
-0
-0
38.6758
26.7905
-0
1.58898
4.64954
-0
-0
13.4593
-0
-0
-0
-0
-0
-0
-0
-0
3.00584
-0
-0
41.2104
-0
-0
-0
-0
15.2912
5.57888
-0
-0
-0
-0
-0
9.34858
-0
-0
-0
-0
7.85708
-0
-0
-0
-0
24.1375
-0
-0
-0
-0
-0
-0
14.6268
51.8967
-0
-0
-0
-0
-0
-0
37.0881
-0
11.6642
-0
-0
-0
6.17573
-0
-0
-0
1.77674
-0
-0
-0
-0
18.4729
-0
-0
-0
