-0
-0
-0
-0
-0
25.6544
-0
-0
47.6161
-0
27.5496
-0
-0
-0
-0
23.436
-0
-0
-0
-0
-0
-0
-0
10.9684
36.002
12.6584
18.0563
-0
-0
-0
-0
-0
-0
-0
-0
-0
-0
-0
-0
-0
-0
-0
21.2771
33.1571
-0
8.27989
-0
23.5896
-0
-0
-0
-0
-0
-0
-0
-0
36.7012
3.63711
25.7238
-0
-0
-0
-0
-0
31.332
-0
-0
34.6419
-0
1.15068
-0
-0
-0
-0
-0
0.222714
46.9545
-0
-0
-0
-0
16.3433
-0
-0
9.2488
-0
-0
-0
-0
-0
10.0131
-0
-0
-0
-0
-0
8.40422
-0
4.88632
-0
-0
-0
-0
-0
27.8113
-0
28.771
-0
-0
-0
-0
-0
-0
-0
-0
31.5641
-0
-0
60.5323
9.82647
20.7813
-0
-0
4.69101
22.1503
-0
-0
-0
-0
1.88447
7.13988
-0
10.2034
-0
-0
1.66914
-0
7.83703
-0
-0
-0
-0
25.814
-0
-0
-0
-0
-0
-0
-0
-0
-0
-0
20.7677
34.3635
-0
-0
-0
-0
2.66751
7.77375
0.607783
-0
-0
10.9076
-0
-0
-0
-0
16.7035
-0
14.0682
-0
-0
-0
-0
-0
-0
-0
-0
-0
-0
-0
-0
-0
31.916
-0
-0
58.0624
-0
-0
-0
28.8684
-0
-0
-0
-0
51.9667
-0
-0
-0
3.02034
-0
-0
-0
-0
39.4969
-0
3.16351
-0
-0
-0
50.4311
-0
-0
-0
0.602135
-0
15.6421
-0
19.9792
-0
-0
-0
-0
-0
-0
-0
-0
-0
-0
-0
-0
-0
-0
-0
-0
-0
-0
-0
11.9983
11.0967
-0
-0
-0
-0
38.9062
-0
-0
-0
-0
-0
-0
-0
30.3467
-0
19.2057
7.92638
-0
-0
-0
-0
-0
-0
-0
-0
-0
-0
-0
-0
-0
14.3051
45.7187
9.30809
-0
-0
-0
-0
-0
-0
-0
6.71513
-0
35.8002
-0
-0
-0
-0
-0
-0
-0
24.4035
82.3059
-0
-0
-0
-0
-0
-0
16.9506
-0
-0
0.0943783
-0
-0
26.1999
-0
-0
11.5012
-0
-0
-0
-0
-0
-0
-0
-0
-0
-0
0.348124
-0
-0
-0
14.7508
5.13441
-0
-0
-0
-0
56.7139
-0
-0
-0
-0
-0
-0
-0
9.6085
-0
-0
-0
-0
-0
-0
16.8528
-0
-0
-0
-0
-0
-0
-0
-0
-0
-0
-0
-0
-0
-0
-0
34.3164
-0
-0
1.8729
-0
3.37611
-0
-0
-0
-0
-0
7.19858
0.345103
48.4196
-0
-0
-0
12.1847
-0
-0
-0
-0
15.958
-0
-0
-0
-0
-0
-0
-0
26.0801
-0
-0
-0
-0
18.7377
-0
-0
-0
31.7268
-0
-0
-0
-0
2.02082
-0
-0
-0
-0
-0
-0
-0
-0
-0
-0
-0
-0
-0
9.06902
-0
39.4066
-0
-0
-0
-0
26.4373
-0
-0
-0
-0
-0
15.5456
7.75585
-0
-0
-0
11.0561
-0
-0
-0
-0
-0
-0
-0
-0
-0
-0
-0
-0
-0
40.8948
-0
-0
-0
-0
52.9079
-0
-0
-0
-0
-0
-0
-0
-0
-0
3.21427
-0
-0
-0
-0
-0
-0
-0
-0
-0
-0
-0
-0
-0
-0
-0
-0
-0
3.30771
-0
-0
-0
-0
-0
14.2119
31.3002
-0
-0
-0
-0
13.8542
14.3411
-0
-0
-0
-0
-0
15.5019
64.2018
-0
-0
2.28321
-0
-0
-0
-0
-0
-0
-0
-0
-0
-0
-0
35.6722
-0
-0
-0
-0
14.4792
-0
-0
4.00368
-0
-0
-0
-0
-0
-0
-0
59.5916
-0
-0
-0
-0
-0
-0
-0
-0
-0
-0
18.0129
-0
20.1601
-0
11.3684
-0
-0
-0
-0
43.975
0.056251
-0
-0
12.4646
-0
-0
-0
21.4623
-0
-0
-0
-0
-0
-0
-0
-0
-0
13.0982
-0
-0
-0
-0
-0
56.197
-0
-0
-0
-0
-0
-0
-0
-0
-0
-0
21.0674
-0
-0
-0
-0
-0
-0
-0
19.97
1.24886
-0
20.7903
-0
-0
-0
-0
-0
-0
-0
-0
26.6515
-0
5.33349
27.5769
-0
-0
-0
61.2567
-0
-0
-0
-0
-0
-0
29.2804
-0
-0
-0
-0
11.0349
-0
-0
-0
-0
-0
-0
-0
-0
-0
-0
-0
-0
-0
-0
-0
-0
-0
-0
-0
23.7133
5.1212
-0
-0
-0
-0
-0
-0
-0
-0
-0
-0
-0
-0
11.5035
8.83248
-0
42.1984
-0
-0
-0
-0
-0
-0
-0
-0
-0
-0
-0
-0
1.55738
40.552
-0
-0
40.0656
-0
-0
32.098
-0
-0
-0
-0
-0
-0
45.8146
-0
-0
-0
-0
-0
-0
-0
-0
-0
-0
12.4084
10.2838
-0
-0
-0
4.67241
-0
-0
-0
-0
-0
-0
-0
25.7977
-0
-0
-0
-0
-0
45.2964
-0
-0
-0
-0
-0
-0
-0
-0
38.32
-0
-0
-0
20.3755
-0
0.665852
-0
-0
-0
25.6445
-0
-0
-0
15.3948
-0
-0
-0
-0
20.6919
-0
-0
-0
-0
-0
22.2011
-0
-0
-0
-0
-0
-0
1.30134
-0
4.82243
7.36708
22.4295
-0
-0
-0
-0
-0
1.79734
-0
-0
-0
-0
-0
-0
-0
-0
33.5762
-0
-0
-0
7.97831
61.7472
-0
-0
-0
-0
5.21614
-0
21.7206
14.0534
-0
-0
-0
-0
-0
-0
-0
-0
27.0962
19.6755
-0
-0
51.7471
-0
-0
-0
-0
-0
-0
34.6921
-0
8.51651
-0
17.5403
-0
-0
-0
-0
-0
-0
-0
10.3717
18.4269
-0
47.6647
-0
3.47931
-0
-0
-0
-0
6.11817
-0
-0
-0
-0
-0
-0
-0
4.16095
-0
10.8153
-0
-0
-0
-0
5.83725
40.3882
-0
6.56688
44.3771
-0
-0
-0
-0
3.33559
-0
-0
-0
-0
21.8092
-0
-0
-0
-0
-0
-0
7.58137
14.3533
49.9248
-0
-0
-0
-0
1.8562
18.7646
-0
-0
-0
2.0027
14.0476
11.3168
-0
-0
-0
-0
30.9201
-0
-0
-0
-0
-0
-0
8.54846
-0
-0
-0
-0
19.4065
-0
-0
-0
-0
-0
-0
54.0953
-0
-0
-0
-0
29.4227
7.11458
-0
-0
6.42686
-0
-0
2.81882
7.66385
-0
-0
16.77
-0
-0
-0
21.4355
11.6361
-0
-0
-0
-0
26.0405
-0
11.2886
44.0316
-0
-0
-0
-0
-0
-0
-0
-0
-0
-0
-0
-0
-0
-0
30.4743
9.15907
-0
-0
-0
-0
-0
-0
-0
-0
32.2712
-0
-0
-0
59.2356
-0
-0
-0
-0
-0
-0
30.7933
16.3171
-0
-0
-0
-0
-0
-0
-0
-0
-0
-0
-0
-0
-0
40.1866
-0
-0
-0
-0
-0
-0
-0
-0
-0
-0
-0
-0
-0
-0
-0
-0
-0
-0
-0
-0
-0
-0
-0
-0
-0
-0
-0
-0
-0
-0
-0
28.4137
-0
-0
-0
1.2388
-0
-0
-0
-0
-0
-0
-0
-0
-0
-0
-0
41.2705
8.40376
-0
-0
-0
34.7363
-0
0.868421
-0
-0
-0
-0
-0
18.6549
27.8735
8.98054
-0
14.9773
-0
-0
0.401247
-0
-0
29.7646
-0
-0
21.0583
-0
2.94995
-0
-0
-0
-0
-0
22.2242
39.1643
33.1673
-0
-0
19.3008
-0
-0
-0
-0
-0
-0
-0
-0
55.1152
39.0015
-0
-0
-0
-0
-0
-0
-0
-0
4.76669
-0
24.678
-0
-0
22.1929
-0
-0
-0
-0
-0
-0
-0
-0
13.7934
-0
10.017
-0
-0
-0
-0
16.9521
-0
-0
-0
-0
-0
-0
-0
-0
-0
-0
21.0022
-0
15.9078
13.6571
12.8798
-0
-0
-0
-0
-0
-0
0.335533
-0
-0
-0
17.567
-0
-0
-0
-0
24.8535
-0
-0
-0
-0
-0
39.6288
-0
-0
-0
18.063
-0
-0
-0
-0
-0
11.5713
-0
-0
-0
-0
-0
-0
-0
-0
-0
-0
-0
-0
-0
-0
-0
-0
45.8492
-0
-0
-0
0.693897
-0
17.3859
-0
-0
-0
-0
29.3754
-0
-0
-0
-0
-0
-0
-0
-0
-0
-0
-0
-0
-0
-0
-0
1.54562
-0
-0
-0
-0
-0
-0
-0
-0
-0
-0
-0
-0
-0
-0
-0
25.7355
-0
-0
12.6808
-0
-0
16.6665
-0
-0
-0
-0
-0
-0
48.2575
-0
-0
-0
-0
-0
-0
-0
-0
23.3912
-0
-0
-0
-0
-0
-0
-0
-0
-0
-0
-0
-0
40.7076
25.0056
14.1754
-0
-0
-0
-0
-0
-0
9.54056
-0
-0
-0
2.25104
-0
-0
-0
-0
-0
-0
-0
-0
-0
-0
-0
-0
-0
-0
4.86094
12.5242
-0
-0
-0
44.68
-0
31.2223
13.1304
3.64403
14.7131
-0
-0
-0
-0
-0
-0
-0
75.568
51.8227
-0
-0
38.889
-0
-0
-0
14.8874
54.917
-0
0.974326
27.9475
10.1584
-0
-0
29.94
-0
-0
-0
8.83621
1.83239
-0
-0
7.98883
-0
-0
-0
-0
-0
-0
-0
-0
-0
-0
-0
24.4462
-0
-0
-0
6.18583
22.9073
-0
-0
-0
3.30848
43.0279
-0
-0
-0
-0
-0
-0
-0
-0
2.7633
-0
-0
-0
-0
-0
-0
-0
-0
-0
0.952843
-0
-0
-0
12.791
-0
-0
-0
-0
-0
-0
19.3269
-0
-0
-0
15.5737
-0
-0
-0
-0
-0
42.8685
-0
18.8922
-0
-0
-0
-0
41.266
-0
-0
-0
-0
-0
-0
23.9955
36.9593
-0
-0
-0
-0
-0
-0
6.97904
10.7153
-0
-0
-0
-0
15.1872
-0
-0
-0
-0
-0
-0
3.13359
9.75931
-0
-0
-0
-0
40.0777
-0
-0
-0
0.655674
-0
-0
-0
2.67814
-0
-0
11.347
-0
-0
-0
43.135
-0
-0
-0
-0
-0
-0
-0
-0
-0
-0
-0
-0
-0
-0
-0
-0
-0
-0
11.9981
-0
-0
-0
-0
-0
-0
-0
37.1318
-0
-0
-0
-0
-0
-0
-0
-0
-0
-0
-0
-0
-0
-0
-0
-0
8.46855
-0
-0
14.92
-0
-0
-0
-0
-0
-0
-0
-0
-0
-0
13.1807
0.914943
-0
-0
2.11674
-0
-0
-0
43.7368
-0
-0
-0
-0
-0
-0
-0
-0
-0
-0
-0
-0
-0
-0
-0
3.25766
-0
-0
-0
20.9985
-0
-0
-0
-0
-0
-0
-0
22.1437
-0
-0
4.77681
-0
-0
-0
-0
-0
-0
-0
-0
-0
-0
-0
9.96255
24.0567
12.9666
7.71845
-0
-0
-0
-0
-0
-0
-0
-0
-0
22.0742
-0
-0
-0
24.3808
-0
-0
-0
-0
-0
-0
-0
-0
15.8479
-0
-0
-0
13.6568
-0
-0
-0
7.25131
-0
-0
-0
-0
49.5118
-0
7.26405
-0
-0
-0
13.6225
-0
-0
-0
-0
-0
-0
17.0617
-0
-0
-0
-0
-0
-0
7.99617
-0
-0
8.01808
-0
3.27072
-0
-0
-0
-0
-0
-0
-0
-0
7.65982
-0
-0
-0
-0
-0
30.2064
-0
-0
17.6546
-0
-0
-0
-0
28.1789
-0
-0
29.9315
-0
-0
-0
-0
-0
17.5813
-0
-0
-0
42.0192
-0
-0
-0
-0
-0
-0
-0
11.5109
-0
13.8623
0.446969
-0
-0
-0
5.60102
-0
-0
-0
-0
-0
28.8518
-0
-0
-0
-0
13.1229
-0
-0
-0
-0
30.5324
-0
-0
-0
15.6237
-0
-0
-0
39.1573
-0
-0
-0
-0
-0
-0
-0
-0
18.2352
-0
-0
-0
-0
-0
-0
7.98941
-0
-0
29.5933
37.1907
-0
-0
-0
-0
-0
-0
-0
-0
-0
-0
-0
-0
-0
74.0629
-0
-0
-0
-0
-0
-0
-0
-0
-0
-0
-0
-0
-0
14.4008
-0
-0
-0
-0
25.4517
-0
-0
-0
-0
-0
-0
-0
-0
29.8764
27.3654
25.1564
-0
-0
-0
-0
-0
-0
-0
-0
-0
-0
-0
-0
-0
20.8874
-0
-0
-0
-0
-0
-0
-0
14.911
-0
-0
-0
34.8987
-0
-0
0.278581
-0
-0
-0
-0
-0
-0
29.0017
50.5342
-0
-0
-0
-0
-0
-0
-0
-0
44.7184
-0
-0
-0
-0
-0
33.3111
-0
-0
-0
-0
-0
-0
-0
-0
-0
-0
-0
-0
-0
64.4188
22.9723
-0
-0
-0
-0
-0
-0
-0
-0
-0
-0
4.74091
-0
-0
-0
-0
-0
-0
-0
-0
-0
-0
-0
-0
3.45078
-0
-0
-0
-0
-0
19.7582
-0
-0
-0
-0
-0
-0
-0
-0
51.5614
3.06908
-0
-0
-0
-0
20.8311
-0
16.0694
-0
-0
-0
-0
-0
10.5152
1.80274
-0
-0
-0
-0
19.4817
-0
-0
-0
-0
-0
-0
-0
-0
-0
9.90774
-0
-0
-0
-0
-0
-0
9.27717
-0
-0
10.1985
-0
-0
-0
-0
-0
-0
17.8533
24.4229
-0
-0
45.3125
-0
29.9412
-0
59.1853
-0
-0
62.7928
2.31113
-0
-0
-0
-0
-0
78.368
10.2027
5.59432
-0
-0
-0
-0
-0
-0
-0
-0
10.2907
-0
-0
-0
-0
-0
26.6878
-0
-0
-0
32.0495
-0
-0
0.0870788
-0
-0
-0
16.6219
-0
-0
-0
-0
-0
4.5522
1.553
-0
-0
-0
-0
61.295
-0
2.48441
-0
-0
5.31855
-0
-0
33.0963
3.84719
-0
2.5057
3.88159
-0
-0
-0
-0
-0
-0
-0
-0
-0
-0
-0
24.8954
-0
-0
12.0201
-0
-0
-0
-0
2.86609
-0
40.4884
-0
-0
-0
-0
0.148226
-0
-0
-0
2.62756
-0
17.5825
33.8454
-0
-0
-0
-0
29.292
-0
27.7852
-0
-0
34.7116
-0
-0
5.7482
2.76783
3.45175
-0
8.6247
-0
-0
-0
17.9541
29.3605
14.8703
-0
-0
-0
-0
22.0404
-0
-0
-0
-0
-0
-0
-0
-0
-0
-0
26.3886
-0
-0
14.1894
-0
21.3704
-0
-0
52.0713
-0
-0
-0
-0
61.6479
41.5911
-0
-0
-0
-0
-0
-0
-0
-0
-0
-0
-0
2.10516
-0
-0
-0
-0
-0
-0
-0
-0
38.6937
-0
-0
-0
-0
3.02975
-0
46.0751
-0
-0
-0
-0
-0
-0
-0
-0
-0
-0
21.8339
-0
-0
-0
9.11402
-0
-0
65.5959
-0
-0
-0
53.6701
-0
-0
-0
-0
-0
20.3014
3.08193
-0
15.7831
-0
23.2766
14.6019
-0
-0
13.8243
-0
-0
38.8482
33.4695
-0
-0
26.2752
-0
-0
13.9869
-0
-0
14.642
-0
-0
-0
18.2161
-0
-0
-0
-0
-0
2.74057
-0
-0
30.5419
-0
-0
-0
-0
-0
-0
-0
-0
18.915
-0
10.3601
29.0855
-0
-0
-0
-0
-0
44.7683
46.0709
-0
-0
-0
-0
-0
-0
-0
-0
-0
17.1547
-0
56.6371
-0
-0
-0
5.29963
-0
-0
-0
37.039
-0
-0
-0
-0
3.29267
-0
-0
-0
-0
-0
-0
6.61061
15.8348
-0
-0
-0
-0
-0
-0
-0
-0
-0
-0
-0
18.7124
-0
-0
2.36959
-0
-0
27.8444
-0
-0
-0
-0
6.84093
-0
-0
-0
-0
-0
-0
-0
11.1792
-0
7.45647
-0
-0
-0
38.2724
-0
-0
-0
-0
31.4043
-0
-0
62.1427
26.6372
-0
-0
-0
-0
-0
-0
-0
-0
-0
-0
-0
-0
-0
-0
-0
2.8425
-0
-0
-0
-0
-0
-0
-0
-0
13.3853
-0
-0
-0
-0
-0
-0
-0
-0
-0
-0
-0
-0
-0
-0
-0
-0
-0
-0
-0
-0
36.9288
-0
11.897
-0
-0
11.1458
32.3846
12.0488
-0
8.69482
-0
13.7889
-0
31.6764
-0
0.810951
-0
-0
-0
-0
-0
11.5125
-0
-0
-0
-0
-0
-0
-0
-0
-0
-0
-0
35.3418
-0
38.2741
-0
-0
-0
-0
-0
-0
-0
-0
-0
-0
6.85372
-0
-0
-0
-0
2.96367
-0
-0
-0
-0
-0
-0
-0
-0
-0
-0
-0
-0
-0
-0
-0
-0
19.9056
-0
11.554
-0
-0
-0
-0
-0
12.6163
12.47
6.098
-0
-0
-0
2.0482
-0
-0
-0
34.7021
-0
-0
-0
-0
0.767381
41.5956
-0
-0
5.2859
26.7059
-0
-0
-0
-0
-0
17.8059
-0
-0
-0
13.4984
13.4646
-0
-0
-0
7.63281
-0
-0
-0
-0
-0
-0
-0
-0
-0
25.4062
22.0126
-0
-0
-0
-0
-0
-0
-0
72.1499
-0
-0
-0
15.3784
17.4526
-0
-0
-0
-0
-0
9.66706
21.4063
-0
-0
-0
-0
-0
-0
-0
-0
-0
-0
-0
-0
-0
-0
-0
-0
-0
41.1444
0.997532
15.9803
-0
-0
-0
-0
-0
-0
-0
-0
1.10652
-0
-0
-0
-0
-0
-0
8.90833
-0
-0
-0
-0
-0
-0
-0
-0
-0
-0
-0
-0
-0
10.973
12.2882
7.73175
24.7955
-0
-0
-0
-0
-0
-0
-0
-0
4.62221
-0
7.13025
-0
27.0764
-0
-0
-0
-0
-0
-0
2.24232
-0
-0
-0
34.9965
-0
-0
-0
25.8954
-0
16.8009
-0
-0
20.856
-0
19.4228
10.3178
-0
-0
-0
-0
-0
47.9819
-0
-0
3.78071
-0
-0
44.3716
-0
35.5364
-0
-0
13.6006
-0
-0
-0
-0
-0
-0
-0
-0
19.5075
-0
-0
-0
-0
-0
-0
-0
-0
-0
-0
-0
-0
-0
-0
-0
-0
-0
36.9499
-0
32.2646
-0
-0
-0
-0
-0
11.5748
-0
-0
-0
-0
-0
-0
-0
21.314
-0
-0
-0
-0
-0
23.5645
-0
-0
-0
0.346633
-0
-0
-0
-0
-0
4.28352
-0
-0
-0
-0
0.931049
-0
-0
-0
-0
-0
-0
33.1118
-0
-0
-0
-0
-0
-0
-0
-0
-0
4.65533
-0
-0
-0
-0
-0
-0
-0
-0
-0
-0
-0
-0
-0
7.50727
3.53644
-0
-0
-0
-0
-0
26.1671
-0
-0
51.4307
-0
-0
-0
18.8229
-0
5.13387
12.346
-0
-0
27.8585
-0
40.0755
-0
20.666
-0
-0
46.1659
25.771
-0
-0
-0
-0
-0
-0
-0
-0
-0
-0
-0
-0
11.9453
-0
-0
-0
-0
-0
-0
-0
-0
-0
4.27128
-0
-0
-0
14.4576
-0
-0
-0
-0
-0
-0
-0
-0
-0
-0
-0
-0
-0
-0
-0
-0
-0
-0
-0
-0
-0
-0
-0
-0
-0
56.1937
-0
36.9113
-0
-0
-0
21.3518
-0
-0
-0
-0
-0
-0
-0
-0
-0
-0
0.501452
-0
-0
-0
-0
29.9888
-0
-0
0.752166
-0
-0
27.7543
-0
-0
-0
-0
-0
-0
-0
-0
-0
5.97987
22.7997
6.38406
3.67705
-0
-0
-0
18.4591
-0
25.0184
26.3119
-0
-0
-0
-0
-0
-0
-0
-0
-0
-0
-0
16.7658
-0
-0
-0
14.3919
-0
3.18717
-0
-0
-0
-0
11.5221
-0
-0
-0
-0
-0
-0
21.5202
-0
-0
-0
-0
-0
-0
6.8849
-0
-0
-0
-0
-0
-0
-0
-0
-0
-0
-0
-0
-0
-0
-0
-0
20.5656
-0
-0
-0
-0
-0
44.1198
32.7406
-0
-0
-0
-0
11.5482
-0
-0
12.4464
4.2942
-0
21.3408
-0
-0
-0
9.36213
26.8052
2.13196
21.3875
-0
-0
-0
-0
25.9838
7.00367
-0
-0
23.9097
4.71887
-0
-0
-0
-0
-0
-0
14.569
-0
-0
-0
-0
20.2455
-0
2.12068
-0
-0
-0
-0
-0
-0
1.94762
-0
-0
-0
-0
-0
-0
-0
34.9738
-0
-0
6.88647
-0
-0
-0
-0
-0
-0
6.53466
35.4966
-0
-0
-0
3.97221
-0
-0
-0
41.1515
-0
-0
-0
-0
-0
-0
-0
-0
-0
-0
-0
-0
54.0178
-0
-0
-0
-0
-0
-0
-0
-0
-0
-0
-0
-0
0.0807053
-0
-0
8.55357
-0
-0
-0
-0
-0
-0
-0
-0
-0
-0
-0
-0
-0
-0
-0
-0
10.3526
-0
-0
-0
10.0213
-0
-0
-0
-0
-0
-0
-0
-0
-0
-0
8.04641
55.7427
34.3809
-0
3.79168
-0
-0
-0
-0
33.1915
-0
-0
75.4773
-0
2.06693
25.5609
-0
-0
-0
-0
-0
-0
-0
-0
-0
55.2549
-0
20.6515
-0
-0
-0
37.3155
-0
-0
-0
1.46352
0.962524
-0
11.8932
20.2762
-0
-0
-0
-0
-0
10.1783
22.5998
42.4095
-0
-0
-0
9.11027
-0
-0
0.384757
-0
-0
-0
-0
-0
-0
-0
-0
-0
-0
-0
-0
37.506
-0
-0
-0
-0
-0
-0
-0
10.8775
-0
-0
-0
-0
-0
-0
-0
-0
1.53029
-0
-0
-0
42.0732
-0
-0
-0
-0
-0
15.0422
-0
-0
-0
-0
-0
28.0516
-0
-0
-0
33.3352
43.6848
-0
9.85634
-0
-0
1.14682
-0
15.3333
-0
-0
-0
-0
-0
-0
-0
-0
-0
-0
-0
35.5398
27.5467
-0
-0
-0
13.1501
-0
-0
-0
6.37311
-0
-0
-0
-0
-0
-0
-0
-0
2.28047
-0
-0
-0
-0
-0
4.69241
-0
-0
-0
-0
-0
-0
-0
-0
-0
8.12466
-0
-0
29.2159
-0
-0
-0
25.5205
-0
-0
-0
-0
-0
-0
-0
-0
-0
-0
-0
-0
-0
30.9073
-0
-0
-0
-0
0.7124
-0
10.8957
-0
-0
-0
-0
-0
-0
-0
-0
-0
-0
-0
-0
-0
-0
-0
-0
-0
-0
-0
28.1438
-0
-0
-0
-0
-0
-0
46.572
-0
-0
-0
-0
-0
0.486382
11.8464
6.56124
-0
-0
-0
-0
-0
-0
-0
-0
-0
13.2356
-0
-0
-0
-0
-0
-0
18.6003
-0
-0
-0
-0
-0
36.9899
-0
-0
12.4805
-0
-0
-0
-0
-0
2.36101
-0
-0
-0
-0
-0
-0
-0
14.4112
-0
-0
-0
-0
-0
-0
-0
40.98
-0
-0
-0
-0
-0
-0
-0
-0
-0
-0
-0
-0
-0
-0
12.2551
-0
-0
8.81394
-0
-0
50.4216
-0
-0
-0
17.19
-0
3.09113
-0
-0
24.7166
-0
-0
-0
-0
-0
-0
55.7438
-0
-0
-0
-0
8.76603
-0
27.919
-0
-0
-0
-0
-0
-0
27.1119
-0
-0
11.5444
6.57953
18.7898
-0
-0
-0
-0
-0
-0
-0
38.4279
-0
-0
-0
-0
-0
1.54778
-0
-0
-0
-0
37.1166
-0
-0
-0
-0
-0
-0
-0
-0
6.44385
11.769
-0
3.20123
18.8214
-0
-0
-0
-0
-0
5.45756
-0
7.14827
-0
-0
-0
9.77593
-0
-0
-0
-0
-0
12.193
-0
-0
-0
-0
6.16763
-0
-0
-0
-0
12.2304
19.357
-0
-0
23.5738
-0
39.6155
-0
-0
28.0576
22.4815
-0
-0
-0
-0
-0
-0
-0
11.6759
-0
-0
-0
-0
-0
-0
14.35
-0
-0
-0
-0
18.093
-0
21.5989
-0
-0
-0
-0
-0
-0
-0
44.1132
-0
-0
-0
-0
-0
15.067
6.6218
-0
-0
4.90448
24.2987
-0
-0
10.3068
19.3865
-0
28.5336
-0
-0
-0
-0
-0
-0
-0
-0
-0
-0
-0
30.242
-0
-0
-0
-0
-0
-0
-0
-0
-0
48.6918
-0
-0
-0
-0
-0
-0
67.9006
-0
5.84739
-0
-0
-0
-0
38.4718
-0
14.6393
12.8871
-0
-0
35.0603
-0
-0
-0
-0
-0
7.49982
-0
-0
-0
-0
-0
35.7607
6.31708
-0
-0
-0
16.2353
-0
-0
19.5361
-0
-0
-0
-0
-0
-0
-0
-0
-0
10.9032
-0
-0
-0
-0
1.57624
1.38918
6.24429
3.22325
-0
-0
-0
-0
-0
9.79598
-0
-0
-0
-0
-0
-0
-0
9.23751
49.0392
-0
-0
-0
-0
-0
-0
-0
-0
-0
-0
-0
13.9447
-0
-0
35.1168
-0
-0
-0
-0
-0
-0
-0
14.0599
4.03383
-0
-0
-0
-0
-0
-0
-0
-0
-0
-0
22.308
-0
-0
-0
-0
-0
-0
-0
-0
-0
-0
4.24239
28.6709
-0
22.183
-0
-0
7.69257
4.29624
-0
-0
42.4172
-0
30.9353
-0
-0
-0
20.2862
-0
-0
-0
-0
-0
0.506029
-0
-0
-0
-0
-0
-0
60.4458
-0
-0
-0
-0
25.61
-0
-0
1.385
-0
-0
-0
-0
-0
-0
-0
-0
-0
-0
-0
6.86934
-0
-0
12.1509
-0
0.26822
52.8774
21.6333
-0
-0
-0
2.31806
-0
5.39062
-0
-0
23.5939
-0
-0
-0
-0
-0
-0
-0
-0
-0
-0
-0
-0
10.3753
-0
72.856
-0
-0
-0
-0
-0
8.41076
-0
-0
-0
-0
-0
-0
-0
7.74704
-0
-0
73.4016
-0
-0
-0
-0
-0
-0
-0
-0
23.9067
-0
2.90951
-0
-0
36.5868
0.890493
-0
-0
1.15746
-0
-0
5.37714
-0
-0
-0
-0
-0
-0
-0
49.0523
-0
3.90946
-0
-0
-0
-0
-0
-0
-0
-0
10.002
-0
16.7416
-0
-0
-0
-0
-0
20.1921
-0
-0
44.1266
-0
-0
1.13562
51.7612
-0
-0
-0
-0
-0
4.65681
-0
80.5702
-0
-0
-0
-0
-0
51.7581
36.2849
-0
-0
-0
-0
-0
-0
17.6073
-0
-0
-0
-0
-0
-0
-0
-0
-0
-0
-0
-0
-0
-0
-0
15.0923
-0
-0
-0
-0
-0
-0
-0
-0
-0
-0
-0
-0
-0
-0
8.60833
-0
22.1642
-0
39.3441
-0
-0
14.4031
-0
-0
3.28125
-0
-0
-0
2.13109
-0
-0
-0
-0
24.9471
-0
-0
-0
-0
17.1638
-0
-0
33.387
-0
-0
-0
-0
9.90387
-0
-0
-0
-0
-0
6.5742
-0
-0
-0
-0
-0
15.7238
-0
16.3462
-0
-0
0.599914
-0
-0
-0
-0
-0
9.00269
27.2273
-0
-0
-0
-0
-0
-0
-0
-0
41.6286
-0
65.3397
-0
-0
-0
-0
-0
-0
-0
53.0073
-0
-0
35.371
-0
-0
-0
-0
18.5054
-0
-0
-0
-0
17.2128
44.4013
-0
-0
-0
1.78974
-0
-0
-0
-0
-0
-0
-0
-0
-0
34.8944
-0
-0
-0
-0
0.523348
-0
-0
-0
-0
-0
-0
-0
43.343
-0
-0
7.68948
-0
-0
-0
-0
-0
-0
-0
-0
-0
-0
-0
-0
20.2831
-0
-0
-0
-0
-0
-0
-0
-0
-0
46.2557
5.22354
19.686
-0
29.0716
-0
6.14574
-0
21.3316
-0
-0
-0
43.6817
-0
-0
44.4513
-0
-0
-0
-0
14.2147
-0
-0
-0
-0
-0
-0
17.2447
-0
-0
38.9109
-0
-0
-0
-0
-0
-0
71.7407
4.81595
-0
-0
-0
-0
-0
-0
-0
-0
-0
-0
-0
-0
-0
-0
-0
-0
-0
-0
0.743225
35.4191
-0
-0
-0
2.03938
-0
-0
-0
-0
-0
-0
23.2882
-0
-0
-0
13.402
-0
-0
-0
-0
-0
-0
-0
-0
-0
-0
-0
52.4077
-0
-0
-0
21.2778
-0
-0
-0
11.3487
-0
-0
-0
-0
51.4706
-0
-0
-0
11.9029
-0
-0
-0
-0
-0
-0
32.554
52.1786
8.7177
21.9979
-0
-0
-0
34.5445
8.82432
-0
-0
5.35072
21.5153
-0
-0
-0
-0
-0
-0
-0
-0
-0
-0
2.23006
-0
-0
0.889361
-0
-0
-0
-0
4.51499
13.2237
-0
-0
-0
10.3154
-0
11.0756
-0
-0
-0
-0
6.81549
-0
-0
-0
-0
12.6005
-0
-0
5.28642
-0
-0
-0
14.3741
30.7278
-0
-0
-0
-0
-0
-0
20.2654
-0
35.4033
-0
-0
6.88035
-0
-0
-0
-0
26.7014
-0
-0
-0
37.6993
26.6507
-0
-0
-0
