-0
-0
-0
-0
-0
-0
-0
-0
25.11
-0
20.5678
-0
-0
-0
-0
18.7077
10.9049
-0
-0
-0
-0
-0
-0
6.54765
7.1604
-0
41.2983
-0
-0
-0
-0
-0
-0
-0
-0
-0
-0
-0
-0
-0
-0
-0
8.2108
13.5682
-0
6.9668
-0
45.9155
-0
-0
-0
-0
-0
-0
-0
-0
2.41475
2.45754
51.5316
-0
-0
-0
-0
-0
28.1511
-0
-0
35.676
-0
2.27963
-0
-0
-0
-0
-0
-0
51.8112
-0
-0
-0
-0
12.3814
11.363
4.65569
-0
-0
-0
-0
-0
-0
-0
-0
11.4365
-0
27.6819
-0
8.86799
-0
11.4142
-0
-0
-0
-0
-0
-0
-0
12.5158
-0
-0
-0
-0
-0
-0
-0
-0
8.27065
-0
-0
49.8694
34.6107
-0
-0
2.51198
13.7846
13.0181
-0
-0
19.6163
-0
7.57518
-0
-0
28.987
-0
0.259082
-0
-0
15.793
-0
-0
-0
-0
55.5741
-0
-0
-0
-0
-0
-0
-0
-0
-0
-0
-0
12.8575
-0
-0
-0
-0
2.01745
12.9842
0.944548
-0
12.605
13.6629
-0
-0
-0
-0
52.7829
-0
17.3914
-0
-0
-0
-0
-0
-0
-0
-0
-0
-0
-0
-0
-0
28.7408
-0
-0
38.5249
-0
-0
22.676
32.2785
13.818
-0
-0
-0
41.0518
-0
-0
-0
-0
-0
-0
-0
-0
12.3196
31.6369
-0
-0
-0
-0
12.2069
-0
-0
6.72246
2.10648
-0
9.5
-0
22.0204
-0
-0
15.2101
-0
-0
-0
-0
-0
-0
-0
-0
-0
-0
-0
-0
-0
-0
-0
-0
12.6876
-0
-0
-0
-0
-0
23.241
-0
-0
-0
-0
-0
-0
-0
50.8295
-0
9.52951
6.30709
-0
-0
-0
-0
-0
-0
-0
-0
-0
-0
-0
-0
-0
46.6896
33.8571
31.3251
-0
-0
-0
-0
-0
-0
-0
6.81668
-0
52.0132
-0
-0
-0
18.6612
-0
-0
-0
16.7103
37.8045
-0
9.74398
-0
4.59652
-0
4.48018
41.0425
-0
-0
-0
12.5999
13.1505
19.199
-0
-0
48.4434
-0
-0
-0
-0
-0
-0
0.0567854
-0
-0
-0
0.0369726
-0
-0
-0
-0
8.66406
-0
8.20687
16.4893
-0
52.2259
-0
-0
-0
-0
-0
-0
-0
18.7476
32.6194
-0
-0
-0
-0
-0
11.5137
-0
-0
-0
-0
-0
-0
-0
-0
-0
-0
-0
-0
-0
-0
-0
31.7394
-0
-0
10.5264
-0
3.09442
-0
-0
0.610277
-0
-0
8.31668
0.894905
50.9154
-0
-0
-0
18.3107
-0
-0
-0
-0
1.76464
-0
-0
-0
-0
-0
-0
-0
17.8373
-0
-0
0.0596732
-0
17.1116
-0
-0
-0
20.2913
-0
-0
-0
-0
-0
-0
-0
-0
-0
-0
-0
-0
-0
-0
9.81805
-0
-0
-0
0.551761
-0
64.3692
-0
-0
-0
-0
44.0581
-0
-0
25.7108
33.6834
-0
43.5316
18.618
-0
-0
-0
31.1248
-0
-0
-0
-0
-0
-0
-0
-0
-0
-0
-0
-0
-0
28.7455
20.4068
-0
-0
-0
18.4942
-0
-0
-0
-0
-0
-0
-0
-0
-0
2.5351
-0
-0
-0
-0
-0
-0
-0
-0
-0
-0
-0
-0
-0
-0
-0
-0
-0
-0
-0
-0
-0
-0
-0
13.7586
63.9516
-0
-0
-0
-0
18.5741
39.0143
-0
-0
-0
-0
-0
16.8856
29.4441
-0
-0
24.6751
-0
-0
-0
-0
-0
-0
-0
-0
-0
-0
-0
19.2899
-0
4.68513
-0
20.1666
17.8595
-0
-0
7.93898
-0
-0
-0
-0
-0
-0
-0
49.2857
-0
6.53471
14.4812
-0
-0
-0
-0
-0
-0
-0
17.7323
29.7205
16.4277
-0
-0
-0
-0
-0
-0
70.739
9.84818
-0
-0
2.31431
-0
-0
1.34517
32.5815
-0
1.07495
-0
-0
-0
-0
31.9917
-0
-0
30.3355
14.3664
-0
-0
-0
-0
26.8947
-0
-0
-0
-0
22.6592
-0
11.312
-0
-0
-0
12.9938
-0
-0
-0
-0
-0
-0
-0
-0
13.7356
-0
2.28597
-0
-0
-0
-0
-0
-0
-0
1.64216
14.7662
-0
11.2662
13.4046
-0
-0
-0
-0
12.9884
-0
-0
-0
-0
-0
27.6871
-0
-0
-0
-0
-0
-0
-0
-0
-0
-0
-0
-0
-0
-0
-0
-0
-0
-0
-0
-0
6.67771
-0
-0
-0
-0
4.00899
-0
-0
-0
-0
17.4823
-0
-0
-0
-0
-0
-0
-0
34.8796
18.6486
-0
33.2425
-0
-0
-0
-0
10.5093
-0
-0
-0
12.6
-0
-0
-0
1.38341
42.9204
-0
-0
2.32595
-0
-0
28.5166
-0
-0
-0
-0
-0
-0
44.1428
13.4953
-0
-0
-0
-0
-0
-0
7.52818
-0
-0
9.0366
18.5986
-0
-0
-0
-0
-0
-0
-0
-0
-0
-0
-0
7.81645
-0
-0
-0
-0
-0
7.23287
-0
-0
-0
-0
-0
16.1641
-0
0.699796
17.5538
-0
-0
-0
-0
-0
0.722042
-0
-0
-0
27.9277
-0
-0
-0
7.99016
-0
-0
-0
-0
19.5339
-0
-0
-0
0.490964
-0
-0
-0
11.713
-0
-0
-0
-0
1.90142
-0
1.99656
0.841422
15.8758
-0
-0
-0
-0
-0
-0
-0
-0
-0
-0
-0
50.5974
4.0885
1.56316
3.75544
-0
-0
-0
-0
40.5402
-0
-0
-0
-0
1.47698
-0
8.4616
14.383
-0
-0
-0
-0
-0
-0
-0
-0
5.18028
1.70061
-0
-0
87.5399
-0
10.3403
-0
-0
-0
-0
30.7603
-0
0.432338
-0
18.0182
-0
-0
-0
-0
-0
-0
-0
7.39337
13.8381
1.21732
22.2558
-0
15.1886
8.95127
-0
-0
-0
-0
-0
-0
1.73816
-0
-0
-0
-0
-0
7.48097
3.2479
-0
-0
-0
-0
3.03665
12.6502
-0
-0
34.9059
-0
-0
-0
-0
-0
-0
-0
4.76447
-0
-0
-0
-0
-0
-0
-0
-0
19.6484
0.555759
37.8218
-0
-0
-0
-0
4.14985
17.3917
-0
-0
-0
-0
19.7631
-0
30.6267
6.24083
-0
-0
16.217
-0
-0
-0
-0
-0
-0
4.07602
4.95284
-0
-0
-0
-0
-0
-0
-0
-0
-0
15.7919
52.6535
-0
-0
-0
-0
20.432
8.01862
-0
-0
26.9797
-0
-0
2.24634
-0
-0
-0
-0
-0
-0
-0
70.5766
7.79623
12.0931
-0
-0
-0
36.5506
-0
6.29612
44.5603
-0
-0
-0
-0
-0
-0
-0
-0
-0
-0
-0
5.02503
-0
-0
25.4892
17.4927
-0
-0
-0
-0
-0
-0
-0
-0
19.5975
-0
-0
-0
49.896
-0
3.18289
-0
12.1163
-0
-0
-0
-0
-0
-0
-0
-0
-0
-0
-0
-0
-0
-0
-0
-0
-0
44.4185
-0
-0
-0
9.08234
-0
-0
-0
-0
-0
-0
-0
4.44669
-0
-0
-0
1.831
-0
-0
-0
-0
-0
-0
-0
-0
-0
-0
-0
-0
-0
-0
-0
21.429
-0
-0
-0
-0
-0
-0
-0
-0
-0
-0
-0
-0
-0
-0
-0
47.1033
28.8972
-0
-0
-0
48.0849
-0
-0
-0
-0
-0
-0
-0
11.2564
14.3438
-0
-0
47.0656
-0
-0
-0
-0
-0
1.84103
-0
-0
19.6045
-0
-0
-0
16.1248
-0
-0
-0
-0
11.526
33.0672
-0
-0
19.1851
-0
-0
-0
-0
-0
-0
-0
-0
18.4984
0.265714
-0
-0
-0
-0
10.6703
-0
-0
-0
-0
-0
43.9254
-0
-0
0.157833
-0
-0
-0
-0
-0
-0
-0
-0
26.0554
-0
12.0823
-0
-0
-0
-0
11.8986
-0
-0
-0
-0
-0
-0
-0
-0
-0
-0
22.3793
-0
15.3628
-0
11.2156
-0
-0
-0
-0
-0
-0
0.0122647
-0
-0
-0
28.4079
-0
-0
-0
-0
56.0865
-0
-0
-0
-0
-0
7.1533
-0
-0
-0
50.4674
-0
26.1342
-0
-0
-0
21.1538
-0
-0
-0
-0
-0
-0
-0
-0
-0
-0
-0
26.9863
-0
-0
-0
17.1954
49.519
-0
-0
-0
-0
-0
-0
-0
-0
-0
-0
42.892
-0
-0
-0
-0
-0
-0
-0
-0
-0
-0
-0
11.0868
-0
-0
-0
-0
-0
-0
-0
-0
-0
-0
-0
-0
-0
-0
5.99741
-0
-0
-0
-0
25.1172
-0
-0
6.1886
-0
-0
33.3201
-0
-0
-0
-0
-0
-0
48.4853
-0
-0
-0
-0
-0
-0
-0
-0
44.7415
-0
-0
-0
-0
-0
-0
-0
-0
-0
-0
-0
-0
21.6476
32.7165
14.702
5.4358
-0
23.594
-0
-0
-0
23.5093
-0
-0
-0
17.6778
-0
-0
-0
-0
6.3729
-0
-0
8.36089
-0
-0
-0
-0
-0
-0
-0
2.68953
-0
-0
-0
55.0728
-0
19.8941
-0
0.401884
21.3381
-0
-0
-0
-0
-0
-0
-0
47.5944
48.6003
-0
-0
21.5059
-0
-0
-0
27.9736
68.3035
-0
-0
46.8082
4.44987
-0
-0
6.25041
-0
-0
-0
-0
28.7446
-0
-0
12.1147
-0
-0
-0
1.18133
-0
-0
-0
-0
-0
-0
-0
9.55978
-0
-0
-0
-0
35.5792
-0
-0
-0
10.7279
53.1782
-0
-0
-0
-0
-0
-0
-0
-0
-0
-0
-0
-0
-0
-0
-0
-0
-0
-0
-0
-0
-0
-0
10.9015
-0
-0
-0
-0
-0
-0
-0
-0
2.00016
-0
18.4598
-0
-0
-0
-0
-0
24.7318
-0
22.1814
-0
-0
-0
-0
53.6107
-0
-0
-0
-0
-0
-0
28.29
49.5951
-0
-0
-0
-0
-0
-0
14.606
-0
-0
-0
-0
-0
60.0166
-0
-0
-0
-0
-0
-0
-0
24.5271
-0
-0
-0
-0
33.1028
3.56907
1.76952
-0
0.811201
-0
-0
-0
-0
-0
-0
7.16434
-0
5.52361
-0
7.26657
-0
-0
-0
0.139477
-0
-0
-0
-0
-0
-0
-0
-0
-0
-0
-0
-0
-0
-0
13.5475
-0
-0
16.822
-0
-0
-0
-0
7.55274
-0
-0
-0
-0
-0
-0
-0
-0
-0
-0
-0
-0
-0
-0
-0
-0
-0
-0
1.94374
-0
-0
-0
-0
-0
-0
-0
-0
-0
-0
-0
-0
-0
-0
-0
0.934233
-0
-0
-0
18.8865
-0
-0
-0
-0
-0
-0
0.0601735
-0
-0
-0
-0
-0
-0
-0
-0
-0
-0
-0
-0
22.402
-0
-0
-0
-0
-0
-0
-0
-0
12.2292
-0
-0
-0
-0
-0
-0
-0
-0
-0
-0
-0
-0
-0
25.4858
-0
-0
10.5193
-0
-0
-0
-0
-0
-0
-0
-0
-0
11.9932
-0
-0
-0
61.4651
7.98485
-0
-0
-0
-0
-0
-0
-0
12.8537
-0
-0
9.22205
-0
-0
-0
-0
22.2353
-0
-0
-0
-0
1.97811
-0
-0
-0
-0
-0
14.5793
-0
-0
-0
-0
-0
-0
-0
-0
-0
-0
-0
-0
-0
36.8571
-0
-0
52.966
-0
1.36832
-0
-0
-0
-0
-0
-0
-0
-0
-0
25.5778
-0
-0
-0
-0
23.1731
-0
-0
-0
-0
5.4208
-0
-0
57.1103
-0
-0
37.2715
-0
10.7773
13.7995
-0
-0
34.7871
-0
-0
-0
47.3158
-0
-0
-0
-0
-0
-0
-0
0.181539
-0
46.7739
23.6836
-0
7.42458
-0
2.76752
-0
-0
-0
14.6136
-0
52.5864
-0
-0
-0
-0
3.24806
-0
-0
-0
-0
27.0161
-0
-0
-0
6.19596
-0
-0
-0
17.7186
-0
-0
-0
-0
-0
-0
5.25927
-0
30.4732
-0
-0
19.4369
-0
-0
-0
13.663
-0
-0
-0
9.63487
-0
-0
-0
-0
-0
-0
-0
-0
-0
-0
-0
-0
-0
28.9028
-0
-0
-0
-0
-0
-0
23.5096
-0
-0
13.9583
-0
-0
-0
20.388
-0
-0
-0
-0
9.10479
-0
-0
-0
-0
-0
-0
-0
-0
53.9293
-0
7.07683
-0
-0
-0
-0
-0
-0
-0
-0
-0
-0
-0
-0
-0
20.694
-0
-0
-0
-0
-0
-0
9.27583
20.1959
-0
-0
-0
15.1974
-0
-0
25.8537
-0
5.95375
-0
-0
-0
-0
4.00364
57.8478
6.5916
-0
-0
-0
-0
-0
-0
-0
5.84708
-0
-0
-0
-0
-0
-0
-0
-0
-0
-0
-0
-0
-0
-0
-0
-0
-0
-0
-0
42.5836
9.61429
-0
-0
-0
-0
-0
-0
-0
-0
-0
-0
19.1599
-0
-0
-0
-0
-0
-0
-0
-0
-0
-0
-0
-0
-0
-0
-0
-0
-0
-0
-0
-0
-0
-0
-0
-0
-0
-0
-0
53.45
2.65195
-0
-0
-0
-0
-0
9.16648
15.2592
-0
-0
-0
-0
-0
2.86326
10.9357
-0
-0
-0
-0
16.7921
-0
-0
-0
-0
-0
-0
-0
-0
34.3857
-0
-0
-0
-0
-0
-0
-0
3.06388
-0
-0
34.1533
-0
17.2729
-0
-0
-0
-0
-0
14.9781
-0
-0
40.8285
-0
8.90803
-0
49.9831
12.589
-0
70.7651
-0
-0
-0
15.0883
-0
-0
30.3139
-0
4.71543
-0
-0
-0
-0
-0
-0
-0
-0
8.68645
-0
-0
-0
-0
-0
0.86351
-0
-0
-0
30.5081
-0
-0
12.4411
-0
-0
-0
4.6249
-0
-0
-0
35.9642
-0
18.3777
2.31114
-0
-0
-0
17.4388
50.6372
29.4151
-0
-0
-0
-0
-0
-0
29.7235
47.6752
-0
-0
-0
-0
-0
-0
-0
-0
-0
-0
-0
-0
-0
-0
-0
-0
19.872
42.921
-0
-0
0.0921278
-0
3.56359
-0
65.607
-0
-0
-0
-0
0.339875
3.05372
-0
-0
10.2157
-0
21.066
35.2829
-0
-0
-0
-0
10.1459
-0
-0
-0
-0
20.2924
-0
-0
-0
-0
1.49457
-0
54.9454
-0
-0
-0
16.9154
50.6287
-0
-0
-0
-0
-0
17.7725
13.9277
-0
-0
-0
-0
-0
-0
-0
-0
-0
33.254
-0
-0
-0
-0
-0
-0
-0
22.6
-0
-0
-0
-0
42.8054
76.2952
-0
-0
26.8148
-0
-0
-0
-0
-0
-0
-0
-0
-0
-0
-0
-0
-0
-0
-0
-0
-0
44.0803
-0
-0
15.7304
-0
15.4383
-0
0.142311
-0
-0
-0
-0
-0
-0
-0
-0
-0
-0
28.9381
-0
-0
-0
-0
-0
-0
40.1583
-0
-0
-0
35.0867
-0
-0
-0
-0
-0
26.9302
16.6304
-0
16.7853
-0
-0
-0
-0
-0
-0
-0
-0
0.607333
8.47481
-0
4.41703
55.587
-0
-0
18.1124
-0
-0
9.33146
-0
-0
-0
44.2285
-0
-0
-0
-0
-0
5.17237
-0
-0
29.0119
-0
-0
-0
-0
-0
-0
-0
-0
0.313403
10.2363
1.23686
-0
-0
-0
-0
-0
-0
29.0131
26.7766
-0
-0
-0
-0
-0
-0
-0
-0
4.43496
0.566993
-0
40.9826
-0
-0
-0
-0
-0
-0
-0
17.6308
-0
-0
-0
-0
24.1208
-0
-0
-0
-0
-0
-0
4.36489
10.4072
-0
-0
-0
-0
-0
-0
-0
-0
-0
8.50506
-0
28.0409
-0
-0
4.99624
-0
-0
21.9708
-0
-0
-0
-0
-0
-0
-0
-0
-0
-0
-0
-0
9.51388
-0
11.5319
-0
-0
-0
21.8035
-0
-0
-0
-0
28.7207
-0
-0
70.245
20.2863
-0
-0
-0
-0
-0
-0
-0
-0
-0
-0
-0
-0
-0
-0
-0
2.78432
-0
-0
-0
10.7266
-0
-0
-0
-0
6.19083
-0
-0
-0
-0
-0
23.4621
-0
-0
-0
-0
-0
-0
-0
-0
-0
-0
-0
-0
-0
-0
-0
-0
12.7174
-0
-0
-0
35.0086
5.80466
7.36126
20.3688
-0
-0
-0
25.0095
-0
-0
-0
-0
-0
-0
-0
-0
-0
-0
-0
-0
-0
-0
-0
-0
-0
-0
-0
43.4694
-0
25.4657
-0
-0
-0
-0
-0
4.69777
-0
-0
-0
-0
12.5776
-0
-0
11.9575
-0
2.50032
-0
-0
-0
-0
-0
-0
-0
-0
-0
-0
-0
-0
-0
-0
-0
-0
12.3297
-0
-0
-0
-0
-0
-0
-0
-0
10.2722
17.4126
-0
-0
-0
2.41932
-0
-0
30.3192
17.5968
-0
-0
-0
-0
10.263
33.7939
-0
-0
9.693
10.643
-0
-0
-0
-0
-0
7.97775
-0
-0
-0
14.3661
-0
-0
-0
-0
9.57502
-0
-0
-0
-0
-0
-0
-0
-0
-0
54.2184
23.9411
-0
-0
-0
-0
-0
-0
-0
50.1075
-0
-0
-0
8.08736
-0
-0
6.19595
-0
-0
-0
14.2723
13.8786
-0
-0
-0
-0
-0
-0
-0
-0
-0
-0
-0
-0
-0
-0
-0
-0
-0
54.7622
0.92152
-0
-0
-0
-0
-0
-0
-0
-0
15.5144
-0
-0
-0
-0
-0
-0
-0
6.73456
-0
-0
-0
-0
-0
3.06722
-0
-0
-0
-0
-0
-0
-0
-0
13.2693
-0
26.4175
-0
-0
-0
-0
-0
-0
-0
-0
7.64617
-0
-0
-0
-0
-0
-0
-0
-0
-0
-0
3.50308
-0
-0
-0
23.2324
-0
-0
-0
18.1462
-0
15.8559
-0
-0
17.8029
-0
59.4372
5.68412
-0
5.09648
-0
0.0157509
17.2555
19.2585
-0
-0
-0
-0
-0
44.5364
-0
34.4821
-0
-0
6.00057
-0
-0
-0
-0
-0
-0
-0
-0
28.9594
-0
-0
-0
-0
-0
-0
-0
-0
-0
-0
-0
-0
-0
-0
-0
-0
-0
19.1049
-0
23.2845
-0
-0
-0
-0
-0
5.37501
-0
-0
-0
-0
-0
-0
-0
20.4147
-0
-0
-0
-0
-0
31.9484
-0
-0
-0
-0
-0
-0
-0
-0
-0
5.56229
-0
-0
-0
-0
1.58314
-0
-0
-0
-0
-0
-0
24.3875
-0
-0
-0
-0
-0
-0
-0
-0
-0
-0
-0
-0
-0
9.72976
-0
-0
-0
-0
-0
-0
-0
-0
-0
-0
-0
-0
-0
-0
34.4101
-0
15.8785
-0
-0
43.4601
-0
-0
-0
24.2062
-0
6.35776
29.0598
-0
-0
20.6877
-0
61.5101
-0
-0
-0
-0
36.9632
49.1652
-0
-0
-0
-0
-0
-0
7.56235
-0
-0
-0
-0
-0
4.06499
-0
-0
-0
-0
-0
-0
-0
-0
-0
-0
-0
-0
-0
3.38893
5.29151
-0
-0
-0
-0
-0
-0
-0
-0
-0
-0
-0
-0
-0
-0
-0
-0
-0
-0
-0
-0
-0
-0
-0
-0
62.1594
-0
6.96263
-0
-0
10.2923
5.50354
-0
-0
-0
-0
-0
-0
-0
-0
10.3088
-0
-0
-0
-0
-0
15.1208
35.1783
-0
-0
0.629448
-0
-0
32.5319
-0
-0
-0
-0
-0
-0
-0
-0
29.0268
8.42809
42.5454
11.2215
21.5555
-0
-0
-0
6.28449
-0
80.2387
4.26681
-0
-0
-0
-0
-0
-0
-0
-0
-0
-0
-0
13.5487
1.38596
-0
-0
-0
-0
10.6864
-0
-0
-0
3.80339
4.71175
-0
-0
-0
-0
-0
-0
22.1934
-0
-0
-0
-0
-0
8.22868
39.329
-0
-0
-0
-0
-0
-0
-0
-0
-0
-0
-0
-0
-0
-0
-0
-0
-0
-0
-0
2.49126
-0
-0
22.4934
12.2368
-0
-0
-0
5.06836
-0
-0
-0
9.29523
-0
-0
31.9798
-0
-0
-0
-0
37.216
12.2246
1.93556
-0
-0
-0
-0
6.67444
6.86066
-0
1.40234
-0
3.97493
-0
-0
-0
-0
-0
-0
12.3718
-0
-0
-0
-0
55.186
-0
-0
-0
-0
5.92266
-0
-0
-0
-0
-0
-0
-0
-0
-0
20.4114
-0
14.7772
-0
-0
-0
-0
-0
-0
-0
-0
-0
17.232
29.3289
-0
-0
-0
-0
9.52452
-0
-0
43.2906
-0
-0
-0
-0
-0
-0
-0
3.44193
1.46307
-0
-0
-0
37.7591
-0
-0
-0
-0
-0
-0
-0
-0
-0
-0
27.2181
-0
-0
-0
-0
17.387
-0
-0
-0
-0
-0
-0
-0
-0
-0
-0
-0
-0
-0
5.32559
-0
-0
23.0789
-0
-0
-0
22.709
-0
-0
-0
-0
-0
-0
-0
-0
-0
-0
-0
44.9117
36.0559
-0
4.55213
-0
-0
-0
-0
13.1699
-0
-0
77.4427
-0
-0
24.8989
-0
-0
-0
-0
2.51713
-0
-0
-0
-0
34.7083
-0
41.23
-0
-0
-0
15.7691
-0
-0
-0
-0
0.741256
-0
43.4966
-0
-0
-0
-0
-0
-0
16.4091
33.5025
39.1728
-0
-0
-0
-0
-0
-0
0.999935
4.38491
-0
-0
-0
-0
-0
-0
-0
-0
-0
-0
-0
27.176
-0
-0
-0
-0
-0
-0
-0
-0
-0
-0
-0
-0
-0
-0
-0
-0
8.14444
-0
-0
50.1571
39.8629
9.82255
-0
-0
-0
-0
19.097
-0
-0
-0
-0
-0
20.5535
-0
-0
-0
29.492
39.6023
-0
19.6748
-0
-0
5.18419
-0
2.37561
14.9995
-0
-0
-0
-0
-0
-0
-0
-0
-0
-0
-0
-0
-0
-0
-0
3.43503
-0
-0
-0
-0
-0
-0
-0
-0
-0
-0
-0
-0
6.4059
-0
-0
-0
-0
-0
-0
-0
-0
-0
-0
-0
-0
-0
-0
-0
9.11837
6.48029
-0
4.2117
-0
-0
-0
15.0683
-0
-0
-0
-0
-0
-0
-0
-0
-0
-0
-0
-0
-0
8.21749
-0
-0
-0
-0
-0
-0
10.0269
21.1317
-0
-0
-0
-0
-0
-0
-0
2.03384
-0
-0
25.2029
-0
-0
-0
-0
17.9831
-0
-0
5.79427
-0
-0
-0
-0
-0
7.34545
26.9799
-0
-0
-0
-0
21.1873
0.731283
-0
-0
-0
-0
-0
-0
-0
-0
-0
-0
-0
-0
11.7843
-0
-0
-0
-0
-0
-0
-0
-0
-0
-0
-0
40.9637
-0
-0
10.6213
-0
-0
-0
-0
-0
1.76638
-0
-0
-0
-0
-0
-0
-0
-0
-0
-0
-0
-0
-0
-0
-0
6.86868
-0
-0
-0
-0
1.4188
-0
-0
-0
-0
-0
14.9856
-0
-0
-0
14.9343
-0
-0
22.4956
-0
-0
31.6947
-0
-0
-0
2.20172
-0
-0
-0
-0
32.2867
-0
-0
-0
-0
-0
-0
41.7022
-0
-0
-0
-0
15.2624
-0
17.0787
-0
-0
-0
-0
-0
-0
-0
-0
-0
8.01759
-0
-0
-0
-0
-0
-0
8.58804
-0
-0
14.1874
-0
-0
-0
-0
-0
22.0266
-0
-0
-0
-0
49.7733
-0
-0
-0
-0
-0
-0
-0
-0
16.6985
10.8243
-0
3.65899
9.96474
-0
-0
8.23201
-0
-0
-0
-0
-0
-0
4.46558
-0
7.13078
-0
-0
-0
-0
-0
2.15796
-0
-0
-0
-0
8.69395
-0
-0
-0
31.5711
54.5219
45.0547
-0
-0
20.2595
0.965895
58.9789
-0
-0
7.26502
14.5878
-0
-0
-0
-0
-0
-0
-0
-0
-0
-0
-0
-0
-0
-0
-0
-0
-0
-0
-0
-0
-0
30.3326
-0
-0
-0
-0
-0
-0
-0
22.5059
-0
-0
5.5203
-0
-0
18.8703
9.11223
12.6348
3.7299
-0
33.6105
-0
-0
-0
10.0333
-0
34.9307
-0
-0
-0
-0
-0
30.879
-0
-0
-0
-0
-0
75.1462
-0
-0
-0
-0
-0
5.62111
15.8212
-0
-0
3.8738
-0
-0
-0
-0
-0
-0
51.4334
-0
0.124036
-0
-0
-0
-0
44.583
-0
5.22001
-0
3.64084
-0
2.41355
-0
-0
-0
-0
-0
15.8919
-0
36.288
-0
-0
-0
6.82689
5.34042
3.06
-0
-0
18.8049
-0
-0
62.6156
-0
19.9757
-0
-0
-0
-0
-0
-0
-0
12.3954
-0
-0
-0
-0
30.1289
-0
7.82059
-0
-0
-0
-0
13.5452
7.92513
38.7194
-0
-0
-0
-0
-0
-0
-0
19.1747
63.0373
-0
0.0937544
-0
-0
-0
-0
18.804
-0
-0
-0
-0
-0
-0
-0
-0
-0
-0
-0
-0
-0
7.18352
-0
28.9128
6.77889
-0
-0
-0
-0
-0
-0
0.301249
-0
-0
3.24814
22.2066
-0
-0
-0
-0
-0
-0
-0
-0
-0
-0
9.34319
55.1399
-0
-0
-0
-0
-0
-0
-0
-0
32.5023
-0
24.5332
-0
-0
-0
20.9379
-0
-0
-0
-0
-0
-0
3.60677
-0
-0
-0
18.6183
-0
33.2821
-0
-0
-0
-0
-0
-0
-0
10.7984
-0
-0
-0
-0
-0
-0
-0
-0
-0
-0
-0
23.6165
-0
-0
17.3404
-0
12.5399
56.653
3.7257
-0
-0
-0
-0
-0
-0
-0
-0
10.4905
-0
-0
-0
-0
-0
-0
-0
-0
-0
-0
-0
-0
40.1354
-0
85.5437
-0
2.25565
-0
-0
-0
18.8686
-0
-0
-0
-0
-0
-0
-0
15.3512
-0
-0
59.0593
-0
-0
-0
-0
-0
-0
-0
-0
-0
-0
-0
17.3744
-0
43.0481
15.3439
-0
-0
2.2826
-0
-0
33.8839
-0
-0
-0
-0
11.6945
-0
-0
19.8369
-0
-0
-0
-0
-0
-0
-0
-0
-0
-0
31.4849
-0
-0
4.88434
-0
-0
-0
-0
-0
-0
-0
42.2276
-0
-0
-0
36.7433
-0
-0
-0
-0
-0
-0
-0
44.9552
-0
-0
-0
-0
-0
41.8275
46.3532
-0
-0
-0
-0
-0
-0
8.93138
-0
-0
-0
-0
-0
-0
-0
-0
-0
-0
-0
-0
-0
-0
-0
-0
-0
-0
-0
-0
-0
-0
-0
-0
-0
-0
-0
-0
-0
-0
-0
-0
10.4055
-0
1.93944
-0
-0
25.5237
-0
-0
-0
35.1965
-0
-0
38.8424
-0
-0
-0
-0
-0
-0
-0
-0
-0
-0
-0
0.613037
20.4209
-0
-0
-0
-0
-0
0.661952
1.95386
-0
-0
-0
10.8404
-0
-0
7.44617
-0
-0
43.342
-0
36.3214
-0
-0
48.5136
-0
-0
-0
-0
-0
4.9394
73.5945
0.944158
-0
-0
-0
-0
11.0196
-0
-0
20.96
-0
8.24342
-0
-0
13.042
-0
11.0861
-0
-0
53.6364
-0
-0
-0
-0
-0
0.856502
-0
-0
-0
-0
-0
-0
20.6419
-0
-0
-0
-0
11.6156
-0
-0
-0
-0
0.27173
-0
-0
-0
2.55339
62.3817
-0
-0
27.378
-0
-0
-0
-0
-0
-0
0.218947
-0
-0
13.1596
-0
-0
9.02846
29.8405
-0
-0
-0
-0
-0
17.8339
-0
-0
-0
-0
-0
-0
-0
-0
-0
-0
-0
-0
-0
11.9712
-0
48.3502
4.97192
18.8604
-0
55.0802
-0
-0
-0
8.35506
-0
-0
-0
50.9584
-0
-0
36.8103
-0
-0
13.9082
-0
-0
-0
-0
-0
25.3589
4.37507
-0
-0
-0
-0
38.4372
-0
-0
-0
-0
-0
-0
49.8723
-0
-0
-0
-0
-0
-0
-0
-0
-0
-0
-0
-0
-0
9.00054
-0
6.65628
1.98459
-0
-0
-0
37.7499
-0
-0
-0
-0
-0
-0
-0
-0
-0
-0
28.7531
-0
-0
-0
8.00237
-0
-0
12.0178
-0
-0
-0
-0
-0
-0
-0
-0
73.1329
-0
-0
-0
-0
-0
-0
-0
11.4325
-0
-0
-0
-0
58.1102
-0
-0
-0
2.24383
-0
-0
-0
-0
-0
-0
39.3665
40.906
-0
23.3436
-0
-0
-0
16.5565
43.3589
-0
5.1316
5.7531
-0
-0
9.06134
-0
-0
-0
-0
-0
-0
-0
-0
2.31551
-0
-0
29.4732
-0
-0
-0
-0
24.7663
6.3637
-0
-0
-0
-0
-0
6.22785
-0
-0
-0
-0
9.48523
-0
-0
0.168428
-0
33.516
-0
1.53265
-0
-0
-0
-0
30.3975
53.4732
-0
-0
-0
-0
-0
-0
15.0519
-0
18.7919
8.31516
-0
-0
16.3823
-0
-0
-0
-0
-0
-0
-0
-0
9.72953
-0
-0
-0
