-0
-0
-0
-0
-0
-0
-0
-0
7.32429
-0
34.4948
-0
-0
-0
-0
27.4546
2.12165
-0
-0
-0
-0
6.87753
4.51269
9.96101
18.781
-0
23.2042
-0
-0
-0
-0
-0
-0
-0
2.31437
-0
-0
-0
-0
-0
-0
-0
3.0504
10.8731
-0
-0
-0
19.2417
-0
-0
-0
-0
-0
-0
-0
-0
8.04358
0.050863
20.1079
-0
-0
-0
0.0868047
-0
-0
-0
4.72759
24.1661
-0
0.425958
-0
-0
-0
-0
-0
-0
25.0481
-0
-0
1.37458
-0
9.38199
7.77529
-0
6.23019
-0
-0
-0
-0
-0
3.90828
-0
3.3502
-0
24.0305
-0
3.60954
-0
-0
-0
-0
-0
-0
-0
16.6016
-0
10.6357
-0
-0
-0
-0
0.39133
-0
-0
-0
3.71808
8.73475
-0
47.8548
31.722
-0
-0
-0
-0
8.3306
-0
-0
7.876
-0
-0
-0
-0
32.434
-0
-0
-0
-0
2.38191
-0
16.5573
-0
-0
26.8187
14.4878
-0
-0
-0
-0
-0
-0
-0
-0
-0
-0
22.5827
-0
-0
-0
-0
0.830574
23.2596
1.19071
-0
7.0542
3.45704
-0
-0
23.8723
-0
24.5065
-0
20.5234
-0
-0
-0
-0
-0
-0
-0
-0
-0
-0
-0
-0
-0
5.80275
-0
-0
13.2783
-0
-0
-0
47.1031
-0
-0
-0
-0
5.90005
-0
-0
-0
-0
13.1725
-0
4.93452
-0
1.64362
0.867295
0.469497
-0
-0
13.8893
20.4906
-0
-0
13.7816
28.034
-0
-0
-0
6.38741
-0
-0
3.46351
-0
-0
-0
-0
3.54935
-0
-0
-0
-0
-0
-0
-0
-0
-0
-0
-0
31.2219
-0
3.81631
-0
-0
-0
-0
-0
-0
-0
-0
-0
-0
-0
32.2912
-0
14.4501
26.1688
-0
-0
-0
-0
-0
0.878834
-0
-0
-0
5.79231
-0
-0
-0
43.3076
18.3989
34.1329
-0
-0
-0
-0
3.47902
-0
2.48749
10.3442
-0
38.4618
-0
-0
-0
27.9681
-0
-0
-0
13.2111
41.7677
-0
19.4568
-0
4.71917
1.74165
15.8958
32.8816
-0
-0
-0
16.1645
12.615
20.42
-0
-0
46.8309
-0
-0
-0
-0
-0
3.96908
0.353682
-0
-0
-0
1.12701
-0
-0
-0
1.90881
21.2427
-0
2.39996
5.1401
-0
45.959
-0
-0
-0
-0
-0
-0
-0
21.9166
8.03667
13.506
2.387
-0
-0
17.2723
17.8598
-0
-0
7.49406
-0
11.7289
-0
-0
12.465
-0
0.838141
-0
-0
-0
-0
-0
28.4445
-0
-0
7.71285
-0
2.40826
-0
-0
-0
-0
-0
13.5412
0.0275213
15.2644
-0
3.74387
-0
-0
11.0031
-0
-0
-0
-0
-0
-0
1.63662
4.49994
-0
-0
-0
3.79583
-0
-0
-0
-0
13.8645
-0
-0
-0
29.7734
9.15174
-0
-0
-0
6.34188
-0
-0
9.10828
-0
-0
-0
-0
-0
-0
-0
-0
-0
-0
7.3618
-0
33.1243
-0
-0
-0
-0
17.6924
10.0023
2.36542
28.6224
17.8606
-0
19.811
23.0255
-0
-0
-0
13.9448
-0
-0
-0
-0
-0
-0
-0
-0
-0
-0
-0
-0
-0
21.069
8.12792
-0
-0
-0
12.547
-0
-0
-0
-0
-0
-0
-0
-0
-0
-0
-0
-0
-0
-0
-0
-0
1.09378
-0
0.507985
9.52125
-0
-0
-0
-0
-0
-0
-0
8.60172
-0
-0
-0
-0
-0
5.29599
40.9071
-0
-0
-0
-0
-0
-0
-0
-0
-0
-0
-0
-0
11.1002
1.4014
-0
16.3105
-0
-0
-0
-0
-0
-0
-0
-0
-0
-0
5.61014
21.3417
-0
-0
-0
14.0305
-0
-0
-0
15.4022
-0
-0
-0
-0
-0
-0
-0
18.9313
-0
11.9037
23.759
-0
-0
-0
-0
-0
-0
-0
13.8453
4.36814
17.0079
-0
2.81334
-0
4.41439
-0
-0
17.0828
8.55719
0.0963504
-0
-0
-0
-0
-0
14.0112
-0
-0
-0
-0
-0
-0
27.13
-0
3.26851
26.5163
28.0542
6.64434
-0
-0
-0
6.97226
-0
-0
-0
-0
22.5944
-0
16.5471
-0
-0
0.150259
13.0498
-0
-0
-0
-0
-0
-0
-0
-0
16.7859
-0
7.48407
-0
-0
-0
-0
-0
-0
-0
27.2433
20.3853
-0
-0
20.9745
-0
-0
-0
4.11085
12.0129
-0
-0
-0
-0
-0
0.104762
-0
-0
-0
-0
-0
-0
-0
-0
-0
-0
-0
-0
-0
-0
-0
-0
-0
-0
-0
-0
-0
-0
-0
-0
-0
1.7049
-0
-0
1.51212
-0
14.8413
-0
-0
-0
-0
-0
-0
-0
16.2607
21.1475
-0
20.4355
7.8684
-0
-0
-0
20.1819
-0
-0
-0
39.0458
-0
-0
-0
0.636473
49.6941
-0
-0
8.19754
-0
-0
19.5444
-0
-0
-0
5.20653
-0
-0
39.7061
18.5725
-0
2.03602
-0
-0
-0
-0
12.6566
-0
2.99916
14.0819
13.1445
-0
-0
-0
5.85997
-0
-0
14.287
-0
-0
-0
-0
-0
-0
-0
-0
1.84223
-0
-0
8.55859
2.28673
-0
-0
-0
29.0001
-0
-0
9.85044
-0
-0
-0
10.2813
-0
0.851936
-0
-0
0.0181681
18.711
-0
-0
-0
17.6947
-0
-0
-0
3.82713
-0
-0
-0
-0
7.56718
-0
6.42009
6.71923
17.488
-0
-0
-0
-0
3.81565
1.83965
11.9761
2.49722
-0
-0
-0
-0
-0
-0
1.20951
1.63944
-0
-0
-0
-0
34.0982
-0
11.5994
9.75239
-0
-0
-0
-0
14.6373
-0
0.803356
-0
-0
2.94586
-0
15.8972
1.74395
2.88018
-0
-0
-0
-0
-0
20.1246
-0
3.10702
16.8963
-0
12.0724
50.0201
-0
3.12365
-0
-0
-0
-0
24.7672
-0
13.961
-0
8.65497
-0
-0
2.82555
-0
-0
-0
-0
6.59705
19.0082
-0
10.2698
-0
2.42607
1.3588
-0
-0
-0
10.753
-0
6.21725
-0
-0
-0
-0
-0
4.91958
18.5288
17.9127
-0
10.827
-0
-0
0.722695
15.2196
-0
15.1232
33.4401
-0
-0
-0
-0
5.08421
-0
20.3814
1.00031
-0
8.97069
-0
-0
-0
-0
-0
-0
9.32368
-0
7.13659
-0
-0
-0
-0
2.90221
19.6009
-0
-0
-0
9.86695
27.3015
2.96543
29.1199
-0
-0
-0
-0
-0
-0
-0
10.1956
-0
-0
16.8734
19.6724
-0
-0
-0
10.4675
-0
-0
-0
-0
-0
25.4804
-0
-0
-0
-0
-0
11.737
9.16187
-0
-0
25.7707
-0
-0
9.30568
-0
-0
2.74702
8.36527
-0
-0
-0
29.9932
18.861
18.8468
-0
-0
-0
23.1167
8.02908
14.6311
33.7085
-0
-0
-0
1.61073
-0
-0
-0
-0
-0
-0
-0
6.77093
-0
3.98285
1.96554
22.3998
-0
-0
-0
-0
-0
-0
-0
-0
31.5211
-0
-0
-0
34.5631
-0
-0
-0
3.22958
-0
-0
-0
-0
-0
-0
-0
-0
-0
-0
-0
-0
-0
-0
-0
-0
-0
37.043
-0
-0
-0
15.4883
-0
-0
-0
1.85959
-0
-0
12.9088
0.784551
-0
-0
-0
-0
-0
3.88387
1.8711
-0
1.32038
-0
-0
-0
-0
-0
-0
-0
-0
-0
-0
3.77588
-0
4.35755
-0
4.56801
-0
-0
-0
2.51757
2.91972
-0
-0
-0
-0
-0
-0
22.276
31.1393
-0
-0
-0
25.806
-0
-0
-0
9.88409
-0
-0
10.3565
6.44432
22.0642
-0
-0
44.1777
-0
-0
-0
-0
-0
8.59466
-0
-0
13.1032
-0
-0
-0
-0
-0
-0
-0
-0
9.32805
2.6652
-0
-0
21.3657
-0
-0
-0
1.29421
-0
-0
-0
-0
19.2607
16.3274
-0
-0
-0
-0
-0
-0
-0
-0
-0
-0
14.3646
0.0961861
-0
12.5917
-0
-0
-0
-0
-0
-0
-0
18.5765
-0
-0
11.4536
-0
-0
-0
-0
13.4978
-0
-0
-0
-0
-0
-0
-0
-0
-0
-0
4.6266
-0
9.02596
-0
6.9845
-0
-0
-0
-0
-0
-0
0.488948
-0
-0
-0
29.0846
-0
-0
-0
-0
51.5025
5.28352
-0
-0
-0
-0
19.6543
-0
-0
-0
11.5699
-0
18.5091
-0
-0
4.53831
5.44042
-0
-0
-0
-0
-0
24.403
-0
-0
6.08111
0.274697
8.5324
13.4867
-0
-0
-0
11.6391
19.9674
11.6001
-0
-0
-0
-0
-0
-0
-0
-0
-0
1.54617
-0
-0
-0
1.49568
-0
-0
-0
-0
-0
13.45
-0
7.02068
-0
-0
-0
-0
-0
-0
-0
-0
-0
8.57659
-0
-0
-0
-0
1.79801
-0
-0
-0
-0
-0
-0
5.97123
7.21162
-0
-0
30.1707
-0
-0
-0
-0
-0
-0
22.1407
-0
-0
-0
-0
-0
-0
-0
-0
26.9261
-0
-0
-0
-0
-0
-0
-0
-0
-0
-0
-0
-0
-0
8.23043
9.08812
-0
-0
7.01364
-0
-0
-0
36.8532
-0
-0
-0
18.1432
-0
3.0688
-0
-0
-0
-0
-0
21.3357
9.3768
-0
-0
-0
-0
-0
3.43981
0.0946201
-0
-0
6.37813
45.4695
-0
2.44118
-0
-0
14.8985
-0
-0
-0
-0
-0
-0
-0
16.8314
40.1967
-0
-0
5.242
-0
-0
-0
17.7751
16.2247
-0
-0
53.1569
7.96614
-0
-0
10.1708
-0
10.6857
-0
-0
25.2974
-0
-0
26.0606
-0
-0
-0
13.278
-0
12.129
-0
-0
-0
0.886385
-0
7.07915
-0
-0
-0
5.38341
26.2851
-0
-0
-0
6.14307
54.2678
-0
-0
-0
3.8863
-0
-0
-0
-0
-0
-0
16.8735
-0
-0
-0
-0
-0
-0
-0
-0
-0
3.90155
-0
30.2921
-0
-0
-0
-0
-0
6.26279
-0
-0
-0
-0
18.705
-0
-0
-0
-0
-0
29.2263
-0
11.8958
-0
-0
-0
-0
23.1172
-0
-0
-0
-0
-0
-0
19.5979
9.56773
-0
-0
-0
-0
-0
-0
25.0012
7.45362
-0
-0
-0
-0
26.3014
-0
-0
-0
-0
-0
-0
-0
6.96606
-0
-0
-0
-0
-0
-0
3.89536
-0
1.0571
2.48976
-0
18.8971
3.96397
-0
23.6774
-0
-0
4.84755
-0
-0
-0
-0
-0
-0
-0
-0
-0
-0
-0
-0
-0
-0
4.14602
-0
-0
-0
-0
-0
16.4565
-0
-0
7.9944
-0
-0
-0
-0
25.1462
-0
-0
-0
-0
-0
-0
-0
-0
-0
-0
-0
-0
-0
-0
-0
-0
-0
-0
24.3126
-0
-0
-0
-0
-0
-0
18.9903
-0
-0
-0
-0
4.10731
-0
-0
-0
2.08255
-0
-0
-0
34.2624
-0
-0
-0
1.20628
-0
0.468879
-0
-0
-0
-0
12.0257
-0
-0
-0
-0
9.84093
7.68857
-0
-0
18.05
-0
6.96689
-0
-0
-0
-0
-0
-0
19.4509
-0
-0
-0
-0
-0
-0
-0
-0
-0
-0
-0
-0
-0
12.3688
5.62057
-0
-0
-0
-0
-0
-0
-0
-0
-0
-0
-0
-0
-0
-0
-0
18.6574
12.8756
-0
-0
-0
-0
-0
3.76635
-0
3.6566
15.8314
-0
8.29017
-0
10.4798
-0
-0
28.8403
-0
-0
-0
-0
-0
-0
-0
-0
-0
-0
10.0077
-0
-0
-0
-0
-0
-0
25.4548
-0
-0
-0
-0
-0
-0
36.4561
-0
-0
32.8981
-0
3.0814
-0
-0
-0
-0
-0
-0
-0
-0
23.2823
11.4507
-0
-0
-0
13.6185
35.7915
-0
-0
9.67503
-0
10.1433
-0
-0
23.4032
14.9436
-0
-0
-0
8.49649
40.3869
6.53243
-0
24.3723
-0
-0
-0
15.0688
-0
13.8224
-0
-0
-0
-0
-0
8.50146
-0
15.6309
23.8138
-0
-0
-0
-0
-0
-0
-0
17.2837
-0
13.0299
-0
-0
-0
-0
-0
-0
-0
-0
-0
17.4131
-0
-0
-0
1.13656
-0
-0
10.7252
21.3806
-0
-0
-0
-0
-0
-0
2.24229
-0
12.1892
-0
-0
28.8619
-0
-0
-0
8.67196
-0
-0
-0
8.29965
-0
-0
-0
-0
-0
-0
-0
-0
-0
-0
-0
-0
-0
14.2326
-0
-0
-0
-0
-0
-0
20.3212
-0
-0
-0
8.04594
-0
-0
18.0008
-0
-0
-0
1.54401
18.4985
-0
-0
-0
-0
-0
-0
-0
-0
25.736
-0
32.6844
-0
-0
-0
-0
-0
-0
10.4677
-0
-0
-0
-0
11.4903
-0
11.9042
-0
-0
-0
-0
-0
-0
0.637067
15.0264
-0
-0
-0
-0
-0
7.88103
15.4867
-0
18.8559
-0
-0
-0
-0
17.6306
26.0096
-0
-0
-0
-0
-0
-0
-0
-0
-0
-0
-0
-0
-0
0.664165
8.491
6.55691
-0
-0
-0
-0
-0
-0
-0
-0
-0
-0
-0
-0
41.9025
27.3781
-0
-0
-0
-0
-0
-0
-0
-0
-0
-0
26.0434
-0
-0
-0
-0
-0
-0
-0
-0
-0
-0
-0
-0
-0
-0
-0
-0
-0
-0
1.24716
-0
-0
-0
-0
-0
-0
-0
-0
2.68499
1.38812
-0
-0
-0
-0
7.24841
32.1073
10.8542
-0
-0
-0
9.48385
-0
33.5748
22.0265
-0
-0
-0
-0
22.2655
-0
-0
-0
-0
-0
-0
-0
-0
4.9436
-0
-0
-0
-0
9.44767
-0
-0
-0
-0
-0
40.2732
-0
-0
-0
-0
-0
-0
10.5339
12.2358
-0
-0
15.8546
4.52289
15.9047
-0
39.7075
25.6412
-0
47.9467
4.55511
14.8493
-0
29.2695
-0
-0
20.3427
6.10151
3.3074
-0
-0
-0
-0
-0
-0
-0
-0
7.37974
-0
-0
-0
-0
-0
3.69756
-0
-0
-0
32.2489
17.8263
-0
-0
-0
-0
-0
23.3969
-0
-0
-0
40.1081
-0
21.709
4.97483
-0
-0
-0
-0
9.99371
-0
16.1641
-0
-0
-0
-0
-0
32.1141
34.9953
-0
-0
10.6278
-0
-0
5.95575
-0
-0
-0
-0
-0
-0
-0
-0
-0
-0
-0
23.3894
-0
-0
-0
-0
2.38688
-0
47.3388
-0
-0
-0
-0
0.334582
-0
-0
-0
-0
18.0773
25.6251
26.579
-0
-0
-0
18.8744
-0
-0
4.37747
-0
-0
-0
-0
-0
15.7307
-0
-0
-0
19.6975
-0
-0
-0
9.85616
41.3663
-0
-0
-0
-0
-0
3.47254
3.64454
-0
-0
-0
-0
-0
-0
-0
-0
-0
32.3885
-0
-0
-0
-0
-0
-0
-0
18.1797
6.70841
-0
0.626795
-0
28.5681
38.804
-0
-0
11.3034
-0
-0
-0
-0
-0
-0
-0
-0
-0
-0
-0
-0
-0
-0
0.0287954
-0
-0
32.2155
-0
-0
-0
-0
18.5574
-0
4.993
-0
-0
-0
-0
-0
-0
-0
-0
-0
-0
33.6591
-0
-0
-0
-0
8.2367
-0
2.18478
11.9726
-0
-0
14.8152
-0
-0
-0
-0
-0
27.3362
23.0812
-0
39.1877
-0
6.63212
-0
-0
-0
-0
-0
-0
-0
10.7008
7.19205
14.4539
11.9595
-0
-0
-0
-0
-0
4.20402
-0
-0
-0
18.5161
-0
-0
-0
-0
-0
25.8874
-0
-0
-0
-0
-0
-0
-0
-0
-0
-0
-0
-0
22.2354
-0
-0
-0
-0
-0
13.8421
-0
24.8003
26.6708
-0
-0
-0
-0
-0
-0
-0
-0
31.6291
20.6525
19.3306
27.9855
16.7661
-0
0.857402
-0
-0
-0
-0
15.4102
-0
-0
-0
-0
16.7664
-0
-0
-0
-0
-0
-0
2.56426
-0
-0
-0
17.3412
-0
-0
-0
9.07734
9.42762
-0
-0
-0
4.16799
-0
-0
0.77383
-0
25.5599
8.09786
-0
-0
-0
-0
-0
-0
-0
-0
-0
-0
-0
-0
10.079
-0
-0
-0
8.17895
-0
24.6796
-0
-0
-0
-0
13.0159
-0
-0
56.103
20.7096
-0
-0
-0
11.837
-0
-0
-0
-0
-0
-0
-0
-0
-0
-0
-0
-0
-0
-0
-0
4.78809
-0
-0
12.3987
-0
12.2268
-0
-0
4.18619
-0
-0
36.8559
-0
-0
20.9299
-0
-0
-0
-0
4.98414
-0
-0
-0
-0
-0
-0
0.693406
-0
17.8051
-0
6.2695
-0
27.4544
-0
5.60288
26.4888
-0
-0
-0
19.7706
-0
10.044
-0
-0
-0
-0
-0
-0
-0
-0
-0
-0
-0
-0
1.85958
-0
-0
-0
-0
21.0647
-0
13.788
-0
-0
-0
-0
-0
-0
-0
-0
-0
-0
9.02619
-0
-0
22.9986
-0
0.174557
-0
-0
-0
-0
-0
-0
-0
-0
-0
-0
-0
5.35524
3.90065
-0
-0
-0
4.56027
-0
-0
-0
0.603881
-0
-0
-0
-0
16.7606
17.0606
11.4478
-0
-0
2.00581
-0
6.80714
18.8799
21.424
-0
-0
-0
-0
-0
37.0489
-0
-0
6.14457
30.5154
-0
-0
-0
-0
-0
18.2557
2.19208
-0
-0
7.89885
7.78474
-0
-0
-0
1.8221
-0
-0
-0
-0
-0
-0
-0
-0
-0
24.9835
24.5868
-0
15.2411
-0
0.574086
-0
-0
-0
34.5071
13.5459
-0
-0
31.2725
-0
-0
-0
-0
-0
-0
33.9577
3.40147
-0
-0
-0
-0
-0
-0
-0
-0
-0
-0
-0
9.60026
-0
-0
-0
-0
-0
46.2396
15.9754
-0
0.411175
-0
-0
-0
-0
-0
8.31368
7.95339
5.9796
-0
-0
-0
-0
-0
-0
3.8215
-0
-0
-0
-0
-0
14.2171
-0
-0
-0
-0
-0
6.49711
-0
6.29971
2.15979
-0
16.7437
-0
-0
-0
-0
-0
-0
-0
5.01376
-0
-0
-0
-0
-0
-0
-0
-0
-0
-0
-0
2.02332
-0
-0
-0
3.23928
18.9956
-0
-0
27.465
-0
3.15279
-0
-0
14.8052
-0
28.7044
1.7444
-0
-0
-0
-0
1.23186
23.3942
5.57456
-0
-0
2.71209
-0
36.9165
15.1564
14.5888
-0
-0
-0
12.9422
3.03748
-0
-0
-0
-0
-0
-0
34.9974
2.76314
-0
-0
-0
-0
-0
-0
-0
-0
15.3712
-0
-0
-0
-0
-0
-0
-0
21.8621
10.3021
4.97346
-0
-0
14.7508
-0
-0
11.4613
-0
-0
-0
-0
-0
-0
-0
10.2581
-0
-0
-0
-0
26.8028
5.22852
-0
-0
-0
-0
-0
-0
-0
-0
-0
4.22608
-0
-0
-0
-0
-0
-0
-0
-0
-0
-0
-0
20.0906
-0
-0
-0
-0
-0
-0
-0
0.687972
-0
-0
-0
-0
-0
13.1056
-0
-0
-0
-0
-0
-0
-0
-0
-0
6.75326
1.13023
-0
-0
-0
30.1325
-0
-0
-0
7.5937
34.0141
-0
-0
-0
31.3687
-0
10.3672
-0
-0
-0
17.5794
-0
47.3492
-0
14.0142
-0
-0
23.818
40.5907
-0
-0
-0
-0
2.68943
-0
27.2581
-0
0.644449
15.12
-0
-0
-0
-0
-0
-0
-0
-0
-0
-0
-0
-0
6.95725
-0
-0
-0
-0
18.2
-0
8.3617
-0
-0
-0
-0
-0
-0
-0
10.5682
-0
-0
12.5426
-0
-0
-0
-0
-0
-0
-0
-0
-0
-0
-0
29.0124
-0
17.5922
-0
-0
18.1767
2.70327
-0
-0
-0
-0
-0
-0
-0
2.43015
15.3376
-0
0.434996
-0
-0
8.04675
-0
13.3041
-0
-0
0.415634
-0
-0
8.49489
-0
-0
-0
-0
-0
-0
-0
-0
39.9344
26.7624
38.0952
6.85225
9.32397
11.5994
1.61826
-0
5.55539
-0
41.1109
-0
-0
-0
-0
-0
-0
-0
-0
-0
-0
3.24293
-0
33.4606
-0
-0
-0
-0
-0
11.9845
2.13673
-0
-0
13.3141
13.9903
-0
10.962
-0
-0
-0
20.5031
-0
-0
-0
-0
-0
10.7873
14.0744
26.3006
-0
-0
-0
-0
-0
-0
-0
-0
-0
0.315301
-0
-0
-0
-0
-0
-0
3.84057
-0
-0
5.48643
-0
14.6248
19.5654
5.24125
-0
20.5797
-0
-0
-0
-0
-0
-0
-0
-0
12.5043
-0
-0
-0
-0
5.93334
13.2396
1.13234
-0
-0
-0
-0
13.6367
12.3922
-0
27.0128
-0
20.038
-0
-0
-0
-0
14.6415
-0
19.9661
13.2562
-0
-0
11.2677
53.4243
-0
-0
28.4687
6.4022
3.21952
7.72291
-0
-0
9.75681
-0
-0
-0
-0
-0
11.6078
-0
20.0517
-0
-0
3.83541
-0
-0
-0
-0
-0
-0
10.6789
9.02145
-0
-0
-0
-0
7.91924
-0
-0
29.5936
-0
-0
-0
-0
11.4886
-0
9.58227
-0
23.1807
-0
-0
-0
12.2093
-0
-0
-0
-0
-0
-0
-0
-0
-0
-0
10.5065
-0
0.963286
-0
-0
14.4802
3.20165
-0
-0
-0
-0
-0
-0
-0
-0
3.29831
-0
-0
-0
-0
-0
-0
7.73177
-0
-0
-0
-0
-0
-0
-0
10.0756
-0
-0
7.49497
14.1168
-0
-0
-0
2.67006
41.0215
-0
1.61866
-0
0.315229
-0
-0
21.0779
-0
-0
6.42331
-0
0.185155
16.0547
-0
-0
7.05872
-0
6.29253
-0
-0
-0
-0
22.7068
-0
4.57467
-0
-0
-0
40.4318
-0
-0
-0
16.3269
1.77162
-0
21.1572
-0
-0
-0
-0
-0
-0
31.0392
21.4039
35.6823
-0
-0
-0
11.4923
-0
-0
0.793841
-0
-0
-0
-0
-0
-0
-0
-0
-0
17.5833
-0
-0
34.0374
-0
-0
-0
4.82522
-0
-0
-0
-0
-0
-0
-0
-0
-0
-0
-0
-0
11.1379
-0
-0
31.2539
41.4597
-0
-0
-0
-0
-0
6.48104
-0
-0
-0
-0
-0
29.178
-0
-0
-0
10.1044
0.945566
1.93597
12.6896
-0
10.2877
34.1315
-0
14.4783
3.10143
-0
-0
-0
-0
-0
-0
-0
-0
-0
14.9764
-0
0.202223
-0
-0
-0
14.7095
-0
-0
-0
-0
8.73506
-0
-0
-0
-0
-0
-0
-0
-0
-0
-0
-0
-0
-0
0.960461
-0
6.64326
-0
-0
10.0988
-0
-0
-0
-0
22.1113
18.0917
3.88125
12.514
-0
-0
-0
0.159723
7.68119
-0
-0
-0
-0
-0
-0
-0
10.2397
-0
-0
-0
-0
16.0805
-0
-0
-0
5.49196
17.8395
-0
9.13763
19.0233
8.57345
-0
-0
-0
-0
-0
-0
1.65009
-0
7.16611
24.5214
-0
0.737514
-0
-0
20.3493
-0
-0
3.3905
-0
-0
-0
1.80293
-0
15.529
2.68972
-0
-0
-0
-0
31.5773
0.725094
2.63066
6.66651
-0
-0
-0
-0
-0
-0
-0
-0
-0
-0
0.293921
-0
-0
-0
-0
-0
2.85129
-0
-0
-0
-0
5.67008
28.9208
-0
-0
10.0069
-0
-0
-0
-0
-0
0.307984
-0
6.20376
-0
15.2833
-0
-0
-0
-0
-0
-0
-0
-0
-0
-0
5.77774
-0
-0
-0
-0
-0
10.6236
-0
-0
-0
-0
0.642173
7.57962
-0
1.77367
-0
20.801
3.01936
-0
15.1199
4.63578
-0
22.6203
-0
5.21848
-0
-0
-0
-0
-0
-0
25.4373
-0
-0
-0
-0
-0
-0
34.3585
-0
-0
20.782
-0
8.94775
-0
-0
-0
-0
11.1286
3.65937
-0
-0
-0
-0
-0
10.5265
8.65488
-0
16.3864
-0
12.9596
-0
10.0175
-0
-0
11.7723
-0
-0
-0
-0
4.30999
13.0371
-0
-0
-0
-0
15.0728
-0
-0
-0
-0
-0
-0
-0
-0
2.11621
6.28876
-0
3.60857
7.54888
-0
-0
-0
-0
-0
0.091837
4.68652
15.2349
-0
24.7287
-0
13.813
41.7078
4.97385
11.4561
-0
-0
6.79877
-0
-0
-0
-0
-0
-0
-0
1.82001
6.91477
33.474
24.3139
-0
-0
-0
-0
36.5605
-0
-0
-0
40.367
-0
0.477875
-0
-0
-0
-0
-0
-0
-0
-0
-0
-0
-0
-0
5.98252
-0
-0
-0
-0
8.76661
-0
17.7279
-0
-0
-0
-0
-0
-0
-0
18.3109
-0
-0
3.32214
-0
12.7825
0.447092
-0
16.2519
4.5166
-0
13.3737
-0
-0
-0
21.4368
-0
26.6573
-0
-0
-0
-0
-0
-0
-0
-0
-0
-0
-0
54.2467
-0
-0
1.78612
-0
5.87194
6.40356
20.9715
6.71804
-0
11.3402
-0
-0
-0
-0
-0
-0
37.2344
-0
-0
-0
-0
-0
-0
13.2813
-0
10.091
-0
23.627
8.05623
-0
-0
13.2152
-0
-0
-0
18.3357
-0
18.6208
-0
-0
-0
21.5485
3.52096
11.6446
-0
1.10147
8.4237
-0
-0
45.5885
-0
-0
-0
-0
-0
-0
-0
-0
-0
15.1288
-0
-0
-0
-0
15.6477
6.04556
-0
9.08729
-0
-0
-0
-0
15.6712
32.4798
-0
-0
-0
-0
-0
-0
-0
24.9428
24.2504
-0
0.180557
-0
-0
-0
-0
20.2788
-0
-0
-0
-0
4.09542
11.7044
-0
-0
-0
-0
-0
-0
-0
5.01933
-0
13.5805
19.1246
-0
1.34227
-0
-0
-0
-0
-0
-0
-0
7.13511
15.8685
-0
-0
-0
-0
-0
-0
-0
-0
-0
-0
34.4048
12.7738
-0
10.2161
-0
-0
-0
-0
2.16956
-0
-0
-0
25.792
-0
-0
-0
29.934
-0
-0
-0
-0
-0
18.0465
1.71071
-0
-0
-0
-0
-0
8.44777
-0
-0
-0
3.89481
-0
-0
-0
-0
-0
-0
-0
-0
-0
-0
-0
1.39643
-0
-0
-0
11.7331
6.56556
-0
5.28362
-0
21.3637
30.8797
6.71629
-0
-0
-0
-0
-0
-0
-0
-0
6.56305
-0
-0
-0
-0
-0
-0
-0
-0
3.65942
-0
-0
-0
29.7261
-0
38.9227
-0
0.399729
-0
-0
-0
8.79517
-0
-0
-0
-0
4.59639
-0
-0
21.3439
-0
-0
39.1473
-0
-0
-0
-0
-0
-0
-0
-0
14.7472
-0
-0
14.5277
-0
30.81
17.9097
9.34612
-0
14.9617
2.30778
-0
34.8579
-0
-0
-0
-0
-0
6.36737
-0
30.8504
3.00724
-0
-0
7.54468
-0
-0
-0
7.31111
-0
6.73079
15.7991
-0
-0
-0
-0
-0
-0
-0
-0
-0
-0
9.53261
-0
-0
23.7837
23.6479
-0
-0
-0
-0
-0
15.6356
-0
20.4487
-0
-0
-0
-0
-0
35.3907
14.8154
-0
-0
-0
-0
-0
-0
29.0103
-0
-0
-0
-0
-0
-0
-0
-0
-0
-0
-0
1.48867
-0
-0
-0
5.58742
-0
-0
-0
11.1661
-0
-0
-0
-0
-0
-0
-0
-0
-0
-0
-0
-0
11.5153
-0
-0
-0
-0
3.33744
-0
-0
3.74499
-0
-0
-0
6.43835
-0
-0
0.0783386
-0
9.42326
-0
-0
-0
-0
12.8831
-0
-0
39.4663
-0
-0
-0
-0
-0
-0
5.25483
-0
-0
-0
17.5993
-0
-0
19.0741
-0
-0
17.5064
-0
10.7729
-0
-0
22.7866
-0
-0
-0
-0
-0
2.15739
19.8624
-0
-0
6.6217
-0
-0
-0
-0
-0
9.14411
-0
13.8726
-0
-0
9.2763
-0
-0
-0
-0
28.121
-0
11.7273
10.6015
-0
-0
8.63581
-0
8.31538
-0
-0
-0
-0
32.3627
1.80296
-0
-0
-0
17.7879
-0
-0
-0
18.6982
15.1017
-0
-0
-0
7.60895
39.0015
-0
-0
20.6179
-0
2.43478
-0
-0
-0
-0
5.57329
-0
-0
-0
-0
-0
19.3229
47.6573
-0
-0
-0
-0
-0
26.7794
11.3148
-0
-0
-0
-0
-0
-0
-0
-0
-0
-0
-0
-0
31.945
-0
21.9095
3.12431
13.4058
-0
39.1623
8.38774
-0
-0
22.2899
-0
-0
-0
41.7311
-0
-0
22.7417
-0
-0
9.1373
-0
30.564
-0
-0
-0
-0
9.48428
-0
-0
-0
-0
28.5962
-0
-0
-0
-0
-0
-0
14.0185
-0
-0
-0
-0
-0
-0
-0
-0
-0
-0
-0
-0
-0
6.40274
-0
-0
17.7311
-0
-0
-0
30.7283
-0
-0
-0
-0
-0
-0
19.3443
-0
-0
-0
14.6145
-0
-0
-0
12.6905
-0
-0
12.5394
-0
-0
-0
-0
-0
-0
-0
-0
20.1881
-0
-0
-0
16.4824
14.9207
-0
-0
14.7869
-0
-0
-0
-0
20.3619
-0
-0
-0
4.71604
-0
-0
13.7815
5.44293
-0
-0
7.84184
42.5004
15.1516
10.5771
-0
-0
4.9468
22.1542
-0
-0
-0
5.24031
12.5884
-0
5.99425
-0
-0
-0
-0
-0
-0
-0
-0
1.75001
-0
2.17683
8.74026
-0
-0
-0
-0
0.453003
8.98203
-0
-0
-0
9.15817
-0
-0
-0
-0
-0
-0
7.71636
-0
-0
11.4313
-0
9.16436
-0
-0
-0
-0
-0
-0
5.4736
30.5822
-0
-0
-0
-0
-0
-0
27.9101
-0
19.0848
27.8969
-0
13.9868
9.06884
-0
-0
-0
-0
-0
-0
-0
-0
16.5218
-0
-0
-0
