-0
-0
-0
-0
-0
-0
-0
-0
20.679
-0
32.7574
-0
-0
-0
-0
6.82286
11.3242
-0
-0
-0
-0
-0
-0
-0
32.2322
-0
-0
-0
-0
-0
-0
-0
-0
-0
2.0824
-0
-0
-0
-0
-0
14.6668
-0
-0
7.43898
-0
-0
-0
-0
-0
16.7498
-0
-0
-0
-0
-0
-0
26.8357
1.17462
21.1555
43.0173
-0
-0
-0
-0
-0
-0
-0
-0
16.0156
1.28503
-0
-0
-0
-0
-0
0.0569138
37.7134
-0
-0
-0
-0
42.7273
-0
7.70953
7.12987
-0
-0
-0
-0
-0
57.1172
-0
-0
-0
-0
-0
9.64918
-0
6.51638
-0
-0
-0
-0
6.14173
-0
-0
3.79519
-0
-0
-0
-0
-0
-0
-0
-0
34.2077
-0
-0
41.3204
36.381
13.6518
-0
-0
21.2255
-0
-0
-0
-0
-0
-0
-0
12.2505
31.9215
-0
-0
-0
1.62678
53.6099
-0
-0
-0
-0
29.9779
-0
-0
-0
-0
-0
-0
-0
-0
-0
-0
19.7894
-0
-0
-0
-0
-0
1.48015
26.1827
-0
-0
-0
-0
-0
-0
-0
-0
31.2195
-0
7.62366
-0
-0
-0
-0
-0
-0
-0
-0
-0
-0
-0
-0
-0
25.6866
-0
-0
39.5958
-0
3.83756
45.3007
20.8857
-0
-0
-0
-0
19.0393
-0
-0
-0
10.9134
12.1816
-0
-0
-0
34.0493
-0
17.8358
-0
-0
-0
19.5706
-0
-0
-0
2.43857
-0
-0
-0
2.31665
-0
-0
-0
-0
-0
-0
-0
-0
29.5904
-0
-0
-0
-0
-0
28.381
-0
-0
-0
-0
7.74495
-0
-0
-0
-0
-0
19.7977
-0
-0
-0
-0
-0
-0
5.6373
5.74672
-0
2.91812
0.529134
-0
-0
-0
-0
-0
3.34805
7.62117
-0
-0
-0
-0
-0
-0
31.7571
3.66572
24.2588
-0
-0
-0
-0
-0
-0
32.3622
3.96661
-0
13.4797
-0
-0
-0
-0
-0
-0
-0
-0
7.48767
-0
32.7809
-0
-0
-0
-0
62.0008
-0
-0
4.63088
-0
35.2049
18.2703
-0
-0
7.20105
-0
-0
-0
-0
-0
12.4693
1.08668
-0
-0
-0
0.238386
-0
-0
24.1673
5.59956
12.6948
-0
-0
-0
-0
43.3371
-0
-0
-0
-0
-0
-0
-0
-0
-0
10.6606
-0
-0
-0
-0
-0
-0
-0
-0
1.51137
9.52819
-0
-0
-0
-0
3.378
-0
-0
-0
8.58119
-0
-0
-0
-0
-0
7.89777
3.75633
-0
-0
-0
-0
-0
15.6654
0.116616
1.58057
-0
-0
-0
-0
-0
-0
-0
-0
3.82647
-0
-0
29.1543
-0
-0
-0
-0
-0
28.5543
-0
-0
-0
-0
-0
-0
-0
-0
-0
-0
-0
-0
-0
-0
-0
-0
-0
-0
-0
-0
-0
-0
2.83152
-0
-0
-0
-0
-0
1.58298
-0
-0
-0
-0
18.0212
-0
2.02361
1.19564
-0
-0
-0
-0
-0
-0
-0
-0
-0
-0
3.87162
-0
-0
-0
-0
-0
-0
-0
-0
-0
-0
52.2749
2.40153
-0
-0
-0
21.5356
-0
-0
-0
-0
-0
-0
-0
-0
5.6835
-0
-0
-0
-0
-0
-0
-0
-0
-0
-0
-0
-0
-0
-0
-0
-0
-0
-0
-0
-0
-0
-0
-0
-0
43.6088
24.6464
-0
-0
-0
-0
7.15517
19.8644
-0
-0
14.0413
-0
-0
18.9931
10.5985
-0
-0
-0
-0
-0
26.721
-0
-0
16.696
-0
-0
-0
-0
-0
11.2029
-0
-0
1.67398
-0
9.11931
-0
-0
-0
-0
-0
-0
-0
-0
-0
-0
24.3539
-0
-0
-0
-0
-0
-0
-0
-0
-0
-0
12.3159
9.15459
-0
-0
19.8841
-0
-0
-0
-0
44.2561
71.5556
-0
-0
-0
-0
-0
-0
-0
-0
-0
-0
-0
-0
-0
-0
-0
-0
-0
-0
14.7946
-0
-0
-0
12.7919
-0
-0
-0
-0
0.377078
-0
-0
-0
-0
-0
23.208
-0
-0
-0
-0
-0
27.8208
-0
-0
12.4844
-0
11.0764
-0
-0
-0
-0
-0
-0
9.3418
-0
16.3366
-0
-0
11.4059
-0
-0
-0
28.2094
-0
-0
-0
-0
-0
-0
31.4752
-0
-0
-0
-0
-0
-0
-0
-0
-0
-0
-0
-0
-0
-0
-0
-0
-0
-0
-0
-0
-0
-0
-0
-0
2.55274
9.64668
-0
-0
-0
-0
20.0211
1.25492
-0
-0
-0
-0
-0
-0
0.20984
18.6989
-0
21.0577
-0
-0
-0
-0
-0
-0
-0
-0
-0
-0
-0
-0
0.891597
6.91547
-0
-0
12.1525
-0
-0
39.2057
-0
-0
-0
6.90263
-0
-0
27.8068
-0
-0
-0
-0
-0
-0
8.55413
2.72203
-0
-0
31.2691
21.0357
-0
-0
-0
-0
-0
-0
29.8048
-0
-0
-0
-0
4.32051
-0
-0
-0
-0
-0
9.25873
-0
6.58084
-0
-0
-0
-0
-0
-0
-0
-0
6.31642
-0
-0
-0
0.352688
-0
-0
-0
6.55879
-0
-0
-0
10.0819
-0
-0
-0
-0
8.02867
-0
-0
-0
44.3701
-0
17.9995
-0
19.5071
-0
-0
6.4335
-0
-0
-0
-0
6.58677
7.51326
-0
-0
-0
-0
-0
-0
1.28062
-0
-0
-0
-0
-0
-0
-0
2.17791
-0
-0
-0
-0
50.4137
-0
-0
-0
-0
-0
-0
13.7829
-0
3.69661
-0
3.69506
-0
-0
-0
-0
-0
-0
-0
-0
-0
58.3636
-0
14.29
-0
-0
-0
-0
33.6262
-0
-0
-0
25.7474
-0
-0
22.9777
-0
-0
-0
-0
11.7038
-0
-0
31.8504
-0
-0
17.3021
-0
-0
-0
18.738
-0
-0
-0
-0
-0
-0
-0
30.3585
-0
-0
-0
19.0324
-0
-0
-0
0.931162
-0
30.4764
48.0819
-0
-0
-0
-0
-0
-0
-0
26.7242
-0
-0
-0
-0
-0
-0
-0
-0
11.0953
12.3816
17.579
-0
-0
-0
-0
4.08778
2.66263
-0
-0
-0
-0
-0
-0
-0
10.6017
-0
-0
-0
-0
-0
-0
8.48217
-0
-0
21.6823
13.7864
-0
-0
-0
-0
-0
-0
-0
-0
-0
-0
-0
-0
-0
-0
-0
-0
1.57778
-0
-0
14.9109
-0
-0
-0
5.24131
-0
-0
26.6499
-0
-0
-0
-0
11.376
6.83045
-0
-0
-0
-0
-0
17.4608
9.77862
-0
-0
8.89233
-0
-0
-0
-0
-0
-0
-0
-0
-0
-0
-0
15.758
-0
0.363017
-0
-0
-0
-0
-0
-0
3.12514
16.3753
-0
-0
-0
25.1388
-0
-0
-0
-0
-0
-0
-0
25.4902
-0
-0
-0
-0
-0
-0
-0
-0
-0
-0
-0
-0
-0
-0
-0
-0
-0
-0
7.11905
-0
-0
-0
-0
-0
-0
-0
-0
-0
-0
12.8386
-0
2.00235
-0
-0
-0
-0
-0
-0
-0
-0
-0
-0
-0
-0
-0
5.94371
7.86887
-0
-0
14.4217
-0
-0
-0
-0
-0
-0
-0
-0
-0
-0
-0
16.6326
-0
-0
-0
-0
-0
-0
8.35373
-0
-0
-0
-0
-0
13.0104
6.70105
-0
-0
5.98846
-0
-0
-0
-0
-0
19.403
28.7233
-0
2.77814
-0
-0
-0
-0
-0
-0
-0
12.5511
35.1844
33.1816
-0
-0
31.0431
-0
-0
-0
-0
-0
-0
-0
-0
3.87322
24.6168
-0
5.75464
-0
-0
-0
-0
-0
-0
8.92411
-0
29.9802
-0
-0
-0
-0
-0
-0
-0
-0
-0
-0
17.078
-0
-0
13.6635
-0
-0
-0
-0
39.9299
19.6237
-0
-0
-0
-0
-0
-0
-0
-0
-0
20.2576
-0
-0
16.6089
4.09387
-0
-0
-0
-0
-0
-0
0.187494
-0
-0
-0
5.61261
-0
-0
-0
-0
10.7965
-0
-0
-0
-0
-0
32.999
-0
-0
0.782521
-0
-0
2.43443
-0
-0
-0
27.0136
-0
-0
-0
-0
-0
-0
2.17649
6.02675
-0
-0
19.095
-0
-0
-0
-0
25.6784
11.9574
6.45645
-0
-0
-0
-0
11.4212
-0
-0
-0
-0
-0
-0
-0
-0
-0
-0
16.7945
-0
-0
-0
-0
-0
22.1292
-0
-0
-0
-0
-0
-0
-0
10.8413
-0
10.7799
-0
-0
-0
-0
-0
-0
-0
-0
-0
-0
-0
-0
31.5247
-0
-0
28.4522
-0
-0
-0
-0
16.6054
-0
2.18905
-0
-0
-0
-0
-0
-0
-0
-0
-0
-0
-0
19.5649
-0
-0
-0
-0
1.10987
-0
-0
17.9072
-0
5.24875
15.5363
-0
-0
-0
4.97733
-0
-0
-0
43.2358
-0
-0
-0
38.1789
-0
-0
-0
-0
9.82661
-0
-0
1.73118
-0
-0
-0
-0
-0
28.2599
-0
-0
-0
4.03001
27.0589
41.0559
-0
6.23206
12.7444
0.901648
45.7741
-0
-0
-0
-0
-0
-0
-0
24.585
-0
-0
2.2313
-0
16.8023
-0
-0
32.0988
41.3341
-0
-0
32.0336
-0
-0
-0
23.5094
-0
-0
-0
45.4253
6.49785
-0
-0
-0
34.2835
-0
-0
-0
-0
-0
-0
-0
-0
0.00142634
-0
2.80205
-0
-0
-0
41.3124
64.0262
-0
-0
-0
-0
27.6925
-0
-0
-0
-0
-0
-0
-0
-0
3.04859
18.4642
-0
-0
-0
-0
-0
-0
-0
-0
25.2498
-0
-0
-0
1.30163
-0
-0
-0
-0
-0
-0
-0
-0
-0
-0
19.9748
-0
-0
-0
-0
-0
3.35752
-0
18.1972
-0
-0
0.111988
-0
3.75865
-0
3.60262
-0
-0
-0
-0
31.0599
46.3661
-0
-0
-0
-0
-0
-0
-0
33.4279
-0
-0
-0
-0
26.3216
-0
-0
-0
-0
-0
-0
-0
-0
-0
-0
-0
13.1691
-0
-0
30.607
-0
-0
-0
-0
-0
6.48071
-0
-0
-0
-0
-0
-0
12.0681
-0
-0
-0
9.63707
-0
15.5704
-0
-0
-0
-0
-0
-0
6.42726
-0
-0
-0
-0
-0
-0
-0
-0
-0
-0
-0
-0
-0
77.0649
-0
-0
-0
-0
-0
-0
-0
-0
-0
-0
-0
-0
-0
17.657
16.2492
-0
-0
-0
28.0653
12.9915
-0
-0
-0
-0
-0
-0
-0
-0
-0
-0
15.1299
-0
-0
-0
-0
-0
7.37388
-0
52.3329
-0
-0
-0
-0
-0
-0
-0
-0
-0
-0
-0
-0
-0
-0
-0
15.5434
9.63696
-0
-0
2.58114
-0
-0
-0
-0
-0
-0
-0
25.99
-0
-0
-0
10.7737
-0
-0
-0
-0
-0
-0
-0
-0
-0
-0
-0
22.0112
-0
-0
5.70835
-0
-0
-0
-0
-0
-0
-0
-0
-0
-0
-0
10.9159
40.4834
-0
-0
-0
-0
-0
-0
-0
-0
-0
-0
-0
-0
31.0879
-0
-0
-0
2.01144
-0
-0
-0
-0
60.1887
-0
-0
-0
-0
-0
2.67526
-0
-0
-0
-0
-0
-0
-0
-0
-0
-0
-0
-0
-0
-0
-0
-0
7.43854
-0
5.32606
7.73647
-0
-0
-0
-0
-0
-0
-0
-0
11.8066
-0
-0
-0
-0
-0
-0
-0
-0
-0
-0
-0
-0
3.39115
-0
-0
19.7953
-0
-0
1.86655
10.477
-0
-0
-0
-0
-0
17.6342
-0
11.5104
-0
-0
-0
-0
37.2111
11.4689
-0
-0
-0
-0
4.26107
-0
-0
-0
-0
-0
-0
-0
18.4398
-0
-0
10.4859
-0
-0
-0
-0
13.1928
-0
-0
48.872
-0
-0
26.1553
-0
-0
-0
14.614
-0
-0
-0
-0
-0
-0
-0
-0
52.2643
-0
-0
-0
-0
-0
-0
12.6676
-0
-0
13.1759
18.4669
-0
26.8665
-0
-0
-0
-0
-0
-0
-0
-0
-0
-0
-0
-0
-0
-0
-0
-0
-0
-0
12.2795
-0
-0
1.66992
1.60417
-0
-0
-0
-0
-0
-0
-0
-0
-0
-0
-0
-0
-0
-0
-0
31.0994
44.5267
3.08176
36.5731
-0
-0
-0
-0
-0
-0
-0
-0
-0
-0
-0
-0
-0
13.0794
-0
-0
-0
-0
-0
-0
-0
29.6336
-0
-0
-0
-0
-0
-0
-0
-0
-0
-0
4.17043
-0
3.17409
53.0122
20.1713
-0
-0
-0
-0
-0
-0
-0
-0
25.6748
-0
-0
-0
-0
-0
6.8646
3.67497
-0
-0
-0
-0
-0
-0
-0
-0
-0
-0
-0
-0
42.5072
2.68339
-0
-0
-0
-0
-0
-0
-0
-0
-0
5.60763
-0
-0
-0
-0
-0
-0
-0
-0
-0
-0
-0
-0
-0
-0
-0
-0
-0
-0
-0
-0
-0
-0
-0
-0
-0
-0
-0
-0
19.3784
2.64451
-0
-0
-0
-0
0.735342
-0
9.11187
-0
-0
-0
-0
-0
-0
3.22185
-0
-0
-0
-0
48.9538
-0
-0
-0
-0
-0
-0
-0
-0
3.85346
18.1031
-0
-0
-0
-0
-0
-0
0.263776
-0
-0
14.3962
6.16888
-0
-0
-0
-0
-0
27.4873
-0
-0
-0
54.4424
-0
-0
-0
41.6239
-0
-0
17.5391
40.1697
-0
-0
-0
-0
-0
29.407
-0
2.78959
-0
-0
-0
-0
-0
-0
-0
-0
9.74551
-0
26.1764
-0
-0
-0
13.147
-0
-0
-0
38.6435
-0
-0
-0
-0
-0
-0
41.5692
-0
-0
-0
-0
-0
-0
2.18655
13.0453
2.32294
-0
22.0623
38.0632
-0
-0
-0
-0
-0
-0
-0
0.748661
5.12653
-0
40.6061
-0
-0
-0
0.568054
-0
-0
-0
-0
-0
-0
-0
-0
0.00292695
-0
-0
1.35114
-0
-0
-0
-0
3.04414
-0
25.4041
-0
-0
-0
-0
0.384284
12.1297
-0
-0
20.6562
-0
-0
11.1514
-0
10.4501
-0
-0
20.5945
-0
5.87783
-0
13.0581
20.9973
-0
38.5957
-0
49.9616
-0
-0
-0
-0
-0
-0
15.1627
3.72325
-0
-0
-0
-0
-0
24.5789
-0
-0
-0
-0
-0
-0
-0
-0
-0
-0
21.8534
-0
-0
5.25212
-0
-0
-0
-0
-0
8.43128
-0
-0
-0
-0
38.3305
-0
-0
23.5293
-0
-0
-0
-0
-0
-0
-0
-0
-0
-0
-0
-0
-0
-0
0.901055
12.5242
-0
13.3792
-0
8.26594
-0
-0
16.2592
-0
0.859069
-0
-0
-0
-0
-0
-0
-0
-0
-0
8.55747
-0
-0
-0
-0
-0
11.7406
-0
12.335
-0
-0
-0
79.227
-0
-0
-0
3.24432
-0
-0
-0
-0
-0
-0
44.4752
17.1508
-0
-0
-0
-0
-0
33.6893
48.3199
-0
41.2354
41.1225
-0
-0
13.6501
-0
-0
10.9153
-0
-0
-0
25.0883
-0
-0
-0
-0
-0
-0
-0
-0
11.2572
-0
25.4113
-0
-0
-0
-0
-0
-0
8.99479
-0
-0
2.51767
-0
-0
-0
2.09236
-0
40.8597
53.0821
-0
-0
-0
-0
-0
-0
-0
-0
-0
-0
14.5554
46.2813
-0
12.1255
14.802
-0
-0
-0
-0
2.84479
-0
-0
-0
-0
-0
-0
-0
-0
-0
-0
-0
5.80692
-0
-0
-0
-0
-0
-0
-0
-0
8.35575
-0
-0
-0
-0
-0
-0
-0
-0
-0
2.99387
-0
-0
-0
-0
-0
-0
-0
-0
-0
-0
-0
-0
-0
-0
42.4816
-0
3.95766
-0
25.5771
-0
-0
-0
-0
46.7932
28.6095
-0
-0
-0
-0
-0
-0
17.7296
-0
-0
-0
-0
-0
-0
-0
-0
-0
-0
-0
-0
-0
-0
-0
33.8556
-0
-0
-0
-0
9.94441
-0
-0
-0
-0
-0
33.5139
-0
-0
24.2917
-0
-0
-0
0.102934
-0
-0
-0
-0
-0
15.1077
-0
31.4877
-0
-0
-0
-0
30.6823
-0
3.53689
-0
-0
-0
-0
-0
22.1159
-0
-0
-0
-0
-0
-0
-0
-0
2.30471
-0
-0
-0
33.1283
-0
-0
-0
-0
-0
-0
-0
-0
-0
-0
-0
-0
-0
-0
-0
4.85534
-0
-0
-0
-0
-0
-0
1.62329
-0
-0
-0
-0
-0
-0
-0
-0
-0
-0
-0
-0
-0
-0
-0
27.3821
1.35889
-0
3.55269
-0
-0
-0
1.08869
-0
-0
-0
-0
10.6094
24.401
-0
-0
16.7379
1.24451
-0
-0
20.0107
18.3956
-0
-0
12.0998
-0
9.67477
16.332
-0
-0
-0
-0
-0
-0
-0
-0
-0
12.7106
-0
-0
-0
2.47507
-0
-0
-0
-0
-0
-0
-0
-0
-0
25.1454
-0
-0
-0
-0
11.4986
10.5565
-0
-0
-0
-0
-0
-0
-0
13.0002
-0
-0
0.0906273
7.99317
11.0192
-0
-0
-0
-0
-0
-0
32.1149
1.32572
-0
-0
-0
-0
-0
-0
-0
-0
-0
-0
-0
-0
-0
-0
-0
7.82678
30.9496
14.4451
-0
-0
-0
-0
-0
-0
-0
-0
34.8878
-0
-0
-0
-0
-0
-0
-0
8.48541
-0
-0
-0
-0
-0
2.67555
-0
-0
-0
-0
-0
6.67057
-0
2.07949
0.44853
-0
36.4661
-0
-0
2.9358
-0
-0
4.15388
-0
12.17
9.3381
-0
11.4727
-0
40.813
-0
-0
-0
-0
-0
-0
9.11839
-0
-0
-0
46.7436
-0
-0
-0
-0
-0
-0
2.39969
-0
28.7693
-0
-0
-0
-0
-0
-0
-0
-0
32.8323
-0
7.32865
6.93002
-0
-0
24.3273
-0
-0
-0
-0
-0
-0
-0
-0
-0
-0
-0
-0
-0
-0
-0
-0
-0
31.7876
-0
-0
-0
-0
-0
-0
-0
-0
-0
-0
1.46692
-0
-0
28.0715
-0
7.37854
-0
-0
-0
-0
-0
-0
-0
-0
-0
-0
-0
-0
-0
13.6333
-0
-0
-0
-0
-0
21.958
15.3074
-0
-0
16.9322
-0
-0
-0
-0
-0
3.87114
-0
27.1281
-0
-0
1.79102
10.6427
-0
-0
-0
-0
-0
72.9696
-0
-0
-0
-0
-0
-0
-0
-0
-0
-0
-0
-0
-0
-0
-0
-0
-0
0.183175
-0
-0
-0
-0
-0
10.6828
-0
-0
-0
-0
-0
-0
3.42511
-0
7.3451
51.8211
-0
-0
-0
16.8325
-0
61.7585
-0
-0
-0
25.4231
-0
51.887
-0
14.1248
-0
-0
33.2942
50.191
-0
-0
-0
-0
17.575
-0
-0
-0
-0
-0
-0
-0
-0
-0
1.32422
-0
-0
-0
-0
13.2229
-0
-0
8.7066
-0
11.7771
-0
7.25841
-0
-0
-0
-0
-0
-0
-0
-0
-0
-0
-0
-0
-0
5.98297
-0
-0
-0
40.5872
-0
-0
-0
-0
-0
-0
-0
23.8251
-0
-0
29.0036
-0
0.805109
3.16695
-0
-0
-0
-0
-0
-0
-0
-0
-0
-0
-0
-0
-0
-0
-0
-0
16.897
-0
-0
-0
-0
-0
-0
-0
-0
-0
-0
-0
-0
-0
28.3741
-0
-0
-0
11.5005
-0
-0
-0
7.89897
-0
-0
-0
-0
-0
-0
-0
-0
-0
-0
-0
19.1165
-0
-0
-0
-0
-0
-0
-0
-0
8.38394
-0
-0
-0
-0
13.973
-0
-0
-0
-0
-0
-0
36.8626
-0
-0
-0
-0
-0
-0
29.0266
-0
-0
-0
-0
-0
-0
-0
-0
-0
10.4547
-0
-0
-0
-0
-0
-0
-0
-0
-0
7.74898
-0
15.0225
45.5562
-0
-0
-0
-0
-0
-0
-0
-0
-0
-0
-0
2.19208
-0
-0
-0
-0
-0
38.2385
22.7914
-0
-0
-0
-0
20.3944
35.0389
-0
-0
27.9773
6.02146
-0
-0
-0
-0
-0
-0
23.2789
24.3452
-0
-0
8.02394
7.64593
-0
20.0655
-0
2.77372
-0
38.0404
-0
-0
-0
-0
-0
-0
-0
-0
-0
-0
22.939
-0
-0
-0
-0
-0
-0
-0
-0
-0
40.6825
2.62467
-0
-0
-0
-0
-0
-0
-0
-0
-0
-0
-0
15.6652
41.5631
18.8663
-0
-0
-0
-0
9.49234
-0
28.9797
-0
-0
-0
-0
-0
-0
-0
-0
-0
-0
15.9308
-0
26.1649
10.4132
-0
68.3693
-0
-0
-0
-0
-0
-0
-0
-0
13.8532
-0
-0
-0
11.0774
-0
-0
-0
48.7202
-0
-0
-0
-0
-0
-0
-0
-0
-0
-0
-0
-0
-0
-0
-0
61.4715
-0
-0
-0
-0
-0
-0
-0
2.463
-0
-0
54.5229
-0
-0
-0
-0
-0
14.8436
-0
-0
-0
-0
-0
-0
25.1207
-0
30.6812
-0
-0
-0
57.2635
-0
-0
36.7131
4.83829
1.39232
-0
-0
-0
-0
-0
-0
-0
-0
-0
7.29766
15.2244
-0
-0
-0
37.4796
-0
-0
0.633931
14.1775
-0
-0
-0
-0
-0
-0
-0
-0
-0
-0
-0
24.3562
-0
-0
-0
-0
-0
-0
-0
-0
-0
-0
-0
-0
-0
-0
29.6527
-0
-0
-0
-0
-0
39.4961
8.85064
-0
-0
-0
-0
16.9077
-0
-0
-0
-0
-0
32.2595
19.1225
-0
-0
46.0126
22.795
31.2623
-0
-0
-0
10.1867
-0
10.3982
-0
-0
-0
-0
-0
-0
-0
-0
-0
-0
-0
21.5584
-0
17.5075
-0
-0
-0
-0
-0
-0
14.8172
-0
-0
-0
-0
-0
-0
-0
-0
-0
-0
-0
-0
11.841
-0
-0
-0
-0
-0
-0
33.4023
-0
-0
-0
-0
2.45434
-0
0.940172
-0
-0
-0
-0
-0
-0
-0
-0
-0
-0
-0
-0
-0
-0
-0
0.212176
-0
-0
7.95469
-0
-0
-0
9.02043
-0
-0
6.76425
1.58243
-0
-0
-0
-0
-0
-0
-0
-0
-0
-0
-0
-0
13.7475
-0
-0
-0
-0
-0
-0
-0
-0
-0
-0
4.38176
-0
18.5846
-0
-0
-0
-0
-0
0.49226
-0
-0
-0
49.9044
-0
0.429634
-0
-0
-0
-0
-0
-0
-0
34.8105
-0
-0
-0
-0
36.7373
-0
-0
20.2979
15.5018
26.0949
37.2364
-0
-0
16.3366
-0
-0
-0
-0
-0
1.85678
-0
-0
-0
-0
-0
-0
-0
-0
-0
-0
-0
-0
-0
-0
30.9533
-0
-0
-0
4.24729
-0
-0
-0
-0
-0
-0
-0
-0
-0
-0
-0
-0
-0
-0
64.4432
-0
-0
30.2415
9.37705
10.5411
-0
-0
-0
-0
-0
-0
26.4904
-0
-0
-0
-0
-0
-0
29.298
-0
-0
-0
-0
20.2329
-0
20.2917
-0
-0
2.33521
10.1506
-0
-0
-0
-0
-0
2.6284
21.1002
1.93067
48.2724
7.24967
-0
-0
9.62105
-0
-0
-0
-0
-0
-0
-0
-0
16.0804
-0
2.53898
-0
-0
0.813559
-0
1.62958
-0
-0
-0
-0
-0
-0
-0
6.4475
-0
4.69697
6.11476
-0
-0
7.32514
-0
-0
23.8273
-0
-0
-0
-0
-0
-0
5.07509
-0
-0
-0
-0
-0
-0
-0
-0
-0
1.92836
-0
-0
-0
-0
-0
-0
-0
-0
21.2783
5.78472
21.6098
-0
-0
12.0588
-0
-0
-0
-0
-0
-0
-0
-0
-0
14.4378
-0
-0
-0
-0
-0
9.00563
-0
20.6139
-0
-0
18.0499
-0
-0
-0
-0
-0
-0
-0
-0
-0
20.2229
-0
-0
-0
-0
-0
-0
-0
-0
-0
-0
-0
-0
-0
4.31703
1.02288
-0
36.7047
-0
-0
-0
-0
-0
9.88905
-0
8.55567
-0
-0
-0
48.5468
-0
-0
-0
-0
-0
-0
-0
-0
-0
32.062
0.826769
-0
-0
-0
-0
-0
90.4435
-0
-0
-0
-0
-0
-0
6.34168
-0
26.9771
10.75
-0
-0
-0
-0
-0
-0
-0
27.7797
-0
-0
-0
-0
26.0493
-0
16.057
4.16711
4.87739
-0
-0
10.7076
-0
-0
0.116377
-0
10.2152
-0
-0
-0
-0
-0
-0
-0
-0
-0
-0
-0
34.1248
30.9522
-0
-0
1.37802
-0
-0
-0
-0
-0
3.32181
-0
-0
-0
-0
-0
-0
-0
17.2302
52.5372
-0
-0
-0
-0
-0
-0
-0
-0
-0
-0
-0
-0
-0
-0
28.6
-0
-0
-0
-0
-0
18.9587
-0
45.5439
2.83476
-0
-0
-0
-0
-0
-0
-0
-0
-0
-0
-0
-0
-0
-0
-0
-0
-0
-0
-0
-0
-0
4.52744
17.5487
-0
28.3252
-0
-0
-0
17.6022
-0
-0
48.7839
-0
-0
-0
-0
-0
28.7975
-0
-0
-0
1.54037
-0
2.76826
-0
-0
-0
-0
6.17752
-0
30.6842
-0
-0
-0
-0
0.96459
-0
2.08381
16.28
-0
-0
-0
-0
-0
-0
-0
-0
-0
-0
-0
22.7175
-0
-0
54.7318
-0
7.9417
61.3017
-0
-0
-0
-0
-0
-0
-0
-0
-0
37.2211
-0
-0
-0
-0
5.44852
-0
-0
-0
-0
-0
-0
-0
-0
-0
39.5823
-0
-0
-0
-0
-0
-0
-0
-0
-0
-0
11.0904
-0
-0
25.2608
-0
-0
9.7219
-0
-0
-0
-0
-0
-0
-0
-0
-0
-0
25.6641
-0
1.24551
24.32
-0
15.6605
-0
-0
37.1663
-0
15.3779
-0
-0
-0
8.24413
-0
-0
-0
-0
3.20093
22.6164
-0
-0
-0
-0
-0
-0
-0
-0
54.4979
-0
-0
-0
-0
-0
-0
-0
16.3849
-0
-0
24.5585
-0
-0
-0
-0
-0
-0
-0
-0
-0
-0
-0
44.3788
-0
17.9169
-0
-0
-0
20.3208
11.7668
-0
-0
-0
-0
-0
-0
8.72784
-0
-0
-0
-0
-0
-0
-0
-0
-0
14.2453
-0
-0
-0
12.7672
-0
-0
14.1911
-0
-0
-0
-0
-0
-0
-0
-0
-0
-0
10.4125
-0
-0
-0
-0
16.5241
-0
-0
-0
-0
-0
-0
-0
7.38832
-0
-0
-0
19.4268
-0
-0
-0
-0
31.6948
-0
12.9005
-0
-0
-0
-0
-0
32.2217
-0
-0
-0
-0
-0
-0
9.71229
-0
-0
-0
13.8299
-0
-0
-0
-0
-0
-0
-0
-0
-0
-0
-0
-0
-0
-0
-0
-0
-0
-0
-0
28.3937
-0
-0
-0
-0
-0
-0
22.4903
-0
32.9221
-0
-0
4.30334
-0
-0
-0
20.3582
10.0594
-0
-0
7.42213
-0
-0
29.1413
-0
-0
-0
-0
-0
-0
12.3944
21.5209
-0
-0
-0
-0
-0
-0
-0
-0
-0
-0
-0
-0
38.3229
29.7832
5.81893
-0
-0
-0
0.753219
-0
-0
-0
-0
-0
-0
-0
5.94227
-0
-0
9.12241
33.2973
-0
-0
-0
-0
-0
0.787147
-0
-0
-0
-0
-0
34.0563
-0
-0
-0
-0
-0
-0
-0
5.15123
-0
27.9336
2.99164
1.25241
-0
-0
-0
-0
-0
6.37872
12.9297
-0
-0
53.3968
-0
-0
15.536
-0
-0
-0
-0
-0
-0
-0
-0
-0
1.64925
-0
1.07033
-0
-0
27.4332
-0
-0
-0
-0
-0
-0
44.8474
-0
-0
-0
-0
-0
-0
-0
-0
-0
-0
-0
-0
-0
-0
-0
-0
3.99716
-0
-0
-0
-0
-0
-0
-0
22.8096
-0
-0
-0
-0
-0
-0
-0
-0
-0
-0
17.2665
-0
-0
38.3233
-0
-0
-0
-0
-0
-0
-0
-0
25.6054
-0
-0
-0
13.7485
-0
-0
-0
6.51298
-0
-0
-0
-0
16.7573
-0
13.5374
-0
9.19602
-0
-0
-0
7.78782
-0
-0
34.3012
1.72942
-0
8.90192
-0
-0
-0
23.4156
59.7071
-0
-0
4.61878
27.9841
-0
30.0613
-0
-0
-0
-0
-0
-0
-0
-0
2.30285
-0
-0
14.0125
-0
-0
-0
-0
7.56898
18.7671
-0
-0
-0
8.38531
-0
15.8763
-0
-0
-0
-0
41.9263
-0
-0
-0
-0
-0
-0
-0
-0
-0
-0
-0
-0
30.1034
-0
-0
-0
-0
-0
-0
1.76008
-0
-0
-0
-0
-0
-0
-0
-0
-0
19.8046
-0
-0
-0
-0
-0
-0
11.4879
-0
