-0
-0
-0
-0
-0
-0
-0
-0
26.9438
-0
6.22891
-0
0.406947
-0
-0
12.3644
46.7449
-0
-0
-0
-0
-0
-0
-0
13.9527
10.7924
10.7273
-0
-0
-0
-0
-0
-0
-0
0.516439
-0
-0
-0
-0
-0
28.6467
-0
-0
-0
-0
-0
-0
1.19408
-0
-0
-0
-0
-0
0.344087
-0
-0
-0
2.46239
-0
17.3059
-0
-0
17.5708
-0
-0
-0
-0
-0
1.96228
0.282105
-0
-0
-0
-0
-0
-0
63.138
-0
-0
-0
-0
39.599
8.52841
-0
1.93538
-0
-0
-0
-0
-0
51.4801
-0
-0
-0
14.2803
-0
7.30402
-0
2.89438
-0
-0
-0
-0
-0
-0
-0
-0
-0
-0
-0
-0
-0
-0
-0
-0
18.5713
-0
-0
28.3766
32.3915
18.5169
3.20705
-0
1.79341
-0
-0
-0
5.68638
-0
-0
0.895335
-0
28.1492
-0
-0
-0
-0
18.7456
-0
-0
-0
-0
62.3159
-0
-0
-0
-0
-0
-0
-0
-0
-0
-0
-0
-0
-0
-0
-0
-0
1.14047
37.9985
0.931269
-0
-0
11.6092
-0
-0
19.3331
-0
41.8965
-0
11.7236
-0
-0
-0
-0
7.28559
-0
-0
-0
-0
-0
-0
-0
-0
26.9207
18.5614
-0
7.10491
-0
-0
43.2241
30.4718
-0
-0
-0
-0
12.0957
-0
-0
-0
27.8349
-0
-0
-0
-0
20.1949
18.9063
16.7729
-0
-0
-0
4.704
-0
-0
18.438
7.06655
-0
-0
-0
12.9875
-0
-0
-0
-0
-0
-0
7.85478
-0
24.5616
-0
-0
-0
-0
-0
-0
-0
-0
-0
-0
-0
-0
-0
-0
-0
-0
65.8335
-0
-0
-0
-0
21.4916
-0
-0
14.7025
-0
0.170303
1.95893
-0
-0
-0
-0
5.24478
-0
16.2338
-0
-0
-0
-0
-0
-0
28.5764
11.0383
47.0642
-0
-0
-0
-0
-0
-0
27.7327
4.54279
-0
62.1126
-0
-0
16.9728
-0
-0
-0
-0
15.829
56.2865
-0
24.2182
-0
17.9829
-0
11.5466
38.4585
-0
-0
1.36003
-0
8.49661
22.4108
-0
-0
29.2113
-0
-0
-0
-0
-0
-0
0.152658
-0
-0
-0
0.475562
-0
-0
29.7405
-0
29.5029
-0
25.4591
10.6183
-0
28.1595
-0
-0
-0
-0
-0
-0
-0
13.3337
25.981
26.0863
-0
-0
-0
-0
18.5587
-0
-0
-0
39.1011
-0
-0
-0
-0
-0
2.88265
-0
-0
-0
-0
-0
3.95868
-0
-0
14.8394
-0
3.00582
-0
-0
-0
-0
-0
15.4196
0.353013
14.7809
-0
-0
-0
10.6622
-0
-0
-0
-0
18.8346
-0
-0
24.3089
-0
-0
-0
-0
-0
-0
-0
-0
-0
-0
-0
-0
-0
-0
4.69931
-0
-0
-0
-0
-0
-0
-0
-0
-0
-0
-0
-0
-0
-0
-0
-0
-0
-0
-0
36.3818
-0
-0
-0
-0
1.73862
-0
3.14037
28.6858
-0
-0
8.89571
-0
-0
-0
-0
4.9816
-0
-0
-0
-0
-0
-0
-0
-0
8.59177
-0
-0
-0
-0
56.0784
8.20723
-0
-0
-0
54.5336
-0
-0
-0
-0
-0
-0
3.29919
-0
-0
-0
-0
-0
-0
-0
-0
-0
-0
-0
-0
-0
0.501068
-0
-0
-0
-0
-0
-0
-0
-0
-0
-0
-0
-0
15.9671
24.7437
-0
-0
9.33435
-0
11.8224
10.2077
-0
-0
0.495072
-0
-0
19.9888
-0
-0
-0
8.84511
-0
-0
-0
-0
-0
37.8109
4.03709
-0
-0
-0
-0
6.01386
-0
-0
7.74043
-0
-0
-0
-0
4.28807
-0
-0
-0
-0
-0
-0
-0
29.0014
-0
7.16697
-0
-0
-0
-0
-0
-0
-0
-0
14.1387
-0
-0
-0
26.7954
-0
-0
-0
-0
35.4489
52.4797
-0
-0
-0
-0
-0
-0
13.4051
-0
-0
-0
-0
-0
-0
-0
-0
-0
7.56052
4.11583
5.98173
-0
-0
-0
-0
-0
-0
-0
-0
40.8745
-0
-0
-0
10.3919
-0
5.0728
-0
-0
-0
-0
-0
47.8501
-0
-0
17.4863
-0
6.7099
-0
-0
-0
-0
-0
-0
-0
-0
-0
-0
-0
10.9189
11.989
-0
-0
22.2632
-0
-0
-0
-0
-0
-0
5.53962
-0
-0
-0
-0
-0
-0
-0
2.49141
-0
-0
-0
-0
-0
-0
-0
-0
-0
-0
-0
-0
-0
-0
-0
14.1756
21.6468
5.11556
-0
-0
-0
-0
39.4844
3.13831
-0
-0
-0
-0
-0
-0
24.3333
20.7589
-0
24.358
10.8014
-0
-0
-0
11.2369
-0
-0
-0
32.8102
19.6249
-0
-0
1.19259
27.2957
-0
-0
-0
-0
-0
53.4478
-0
-0
-0
-0
-0
-0
50.2337
-0
-0
-0
-0
-0
-0
-0
21.7561
-0
-0
19.5146
17.3944
-0
-0
-0
-0
-0
-0
18.0459
-0
-0
-0
-0
-0
-0
-0
-0
-0
-0
13.2902
-0
-0
-0
-0
-0
7.72069
-0
-0
23.6066
-0
5.24511
-0
-0
-0
1.40873
-0
-0
-0
8.35181
12.0267
-0
-0
0.468131
-0
-0
-0
5.93215
24.5089
-0
-0
-0
6.93177
-0
11.0176
-0
2.54971
-0
0.150854
-0
-0
12.8647
2.98853
4.69503
13.7487
-0
-0
-0
-0
-0
-0
-0
-0
-0
-0
-0
-0
4.69315
4.87752
2.42049
22.4306
-0
-0
-0
-0
47.8465
-0
-0
-0
-0
18.7002
-0
37.8619
-0
12.1851
-0
-0
-0
-0
-0
-0
-0
-0
-0
-0
11.6897
39.6472
-0
7.60704
-0
-0
-0
-0
27.9427
-0
-0
-0
5.97178
-0
-0
16.7643
-0
-0
-0
-0
8.6924
-0
-0
46.5398
-0
-0
20.6175
-0
-0
-0
30.4468
-0
-0
-0
-0
-0
-0
-0
12.0739
-0
-0
-0
47.1282
-0
-0
2.08574
-0
-0
-0
58.0262
-0
-0
-0
-0
1.95483
-0
-0
30.9767
-0
-0
-0
-0
-0
-0
-0
-0
28.6494
-0
-0
4.95729
-0
-0
-0
3.06506
26.2165
-0
-0
-0
10.8324
-0
7.1335
14.8088
8.08562
-0
-0
-0
-0
-0
-0
12.0008
-0
-0
11.1244
-0
-0
-0
-0
4.40775
-0
-0
-0
-0
-0
-0
38.2766
-0
-0
-0
-0
-0
24.8272
-0
-0
23.8755
-0
-0
-0
0.147396
-0
-0
8.32349
-0
-0
-0
37.7797
26.2469
0.687139
-0
-0
-0
-0
-0
47.699
19.2919
-0
-0
13.4844
11.3246
-0
-0
5.83472
-0
-0
-0
-0
-0
-0
-0
-0
-0
-0
-0
-0
-0
-0
-0
-0
-0
11.9331
-0
-0
-0
30.8193
-0
-0
-0
-0
-0
-0
-0
-0
-0
-0
-0
-0
-0
-0
2.12897
35.115
-0
-0
-0
-0
-0
-0
-0
-0
-0
32.9165
17.9132
-0
-0
14.3878
-0
-0
-0
-0
-0
-0
-0
-0
-0
24.3164
3.34633
-0
-0
-0
-0
-0
-0
-0
-0
-0
-0
-0
-0
4.84937
22.7319
-0
-0
-0
-0
-0
-0
-0
-0
-0
-0
-0
-0
-0
-0
8.98749
21.9041
-0
-0
-0
-0
-0
6.83177
-0
-0
-0
-0
-0
5.09315
12.5279
-0
-0
24.6555
-0
-0
-0
-0
-0
3.61555
11.3797
-0
44.9274
-0
-0
-0
-0
-0
-0
-0
-0
25.2156
-0
-0
-0
31.6978
-0
-0
-0
-0
-0
-0
-0
-0
-0
45.7835
-0
-0
-0
-0
-0
33.9553
-0
-0
22.754
-0
50.5715
-0
-0
-0
-0
-0
-0
-0
-0
-0
-0
-0
-0
-0
20.9451
-0
-0
-0
-0
38.5438
-0
-0
-0
-0
-0
-0
-0
-0
-0
-0
16.8942
-0
6.53531
14.4765
7.73221
-0
-0
-0
-0
-0
-0
0.879423
-0
10.2319
-0
-0
-0
-0
-0
-0
36.3202
-0
-0
-0
-0
-0
15.477
-0
-0
-0
1.28456
-0
18.6846
-0
-0
-0
16.9584
-0
-0
-0
-0
-0
14.7342
-0
-0
-0
-0
-0
31.9682
-0
-0
-0
15.7963
34.1633
23.56
-0
-0
-0
-0
2.59076
-0
-0
-0
-0
1.67312
-0
-0
-0
-0
-0
-0
-0
-0
-0
-0
-0
8.27417
-0
-0
-0
-0
-0
-0
-0
18.637
-0
-0
-0
-0
-0
-0
-0
-0
-0
-0
-0
-0
-0
-0
-0
-0
-0
21.7219
-0
-0
-0
-0
2.71129
-0
4.46251
-0
-0
-0
-0
-0
-0
-0
-0
-0
-0
-0
-0
-0
-0
-0
-0
-0
-0
-0
-0
-0
22.8095
37.5598
-0
-0
-0
-0
-0
-0
-0
58.5776
-0
-0
-0
38.181
-0
-0
-0
-0
-0
-0
-0
16.6594
1.06201
-0
-0
-0
-0
8.80129
-0
9.82718
7.13425
-0
-0
79.1123
-0
-0
-0
-0
56.859
-0
-0
-0
-0
-0
-0
-0
8.47833
-0
-0
3.78306
-0
6.45192
-0
-0
20.4974
45.6167
-0
-0
20.7015
-0
0.782801
-0
46.1403
-0
-0
-0
1.17908
52.0959
-0
-0
-0
-0
-0
-0
-0
-0
-0
-0
-0
-0
19.9265
-0
-0
-0
-0
-0
13.5365
44.1977
-0
-0
16.0753
17.5976
45.6741
-0
-0
-0
3.7074
-0
-0
-0
-0
8.72954
-0
-0
-0
-0
-0
-0
-0
-0
-0
-0
-0
-0
-0
19.4182
-0
-0
-0
-0
-0
-0
-0
15.3774
-0
-0
-0
-0
-0
-0
-0
-0
12.6393
-0
84.7811
0.450057
-0
27.8024
-0
4.24938
-0
5.37135
-0
-0
-0
-0
32.4695
28.2819
-0
-0
-0
-0
-0
-0
13.7305
-0
-0
-0
-0
-0
17.4057
-0
-0
-0
-0
-0
-0
-0
6.20177
-0
-0
-0
-0
17.2755
12.088
24.123
-0
0.106557
-0
-0
5.68926
9.33283
-0
-0
-0
-0
3.93019
-0
13.6136
-0
-0
-0
1.68869
-0
52.3834
-0
-0
-0
-0
-0
-0
23.6287
-0
-0
-0
-0
-0
-0
-0
-0
0.398306
-0
-0
-0
-0
43.4698
-0
-0
-0
-0
-0
-0
-0
-0
-0
-0
-0
-0
-0
1.69003
-0
-0
-0
-0
19.5341
-0
-0
-0
-0
-0
-0
23.4741
-0
22.9076
-0
-0
-0
-0
-0
-0
1.03879
-0
-0
-0
25.9313
-0
-0
8.58431
-0
-0
-0
-0
-0
-0
-0
12.6813
-0
-0
-0
-0
14.9094
4.06524
-0
-0
38.7384
-0
-0
-0
-0
-0
-0
-0
20.616
-0
-0
1.12421
-0
-0
-0
-0
-0
19.4452
-0
-0
-0
-0
-0
-0
29.5488
-0
-0
-0
-0
-0
-0
-0
-0
-0
-0
-0
-0
-0
-0
-0
36.9294
-0
-0
-0
-0
-0
-0
-0
-0
-0
-0
-0
5.66122
9.57235
-0
-0
-0
-0
-0
-0
-0
-0
9.58585
-0
-0
-0
-0
-0
6.46221
-0
-0
-0
-0
-0
-0
11.7518
-0
-0
-0
-0
-0
-0
-0
-0
-0
17.6194
-0
4.36436
8.09906
-0
-0
-0
-0
-0
-0
-0
-0
2.45644
-0
-0
-0
-0
11.5572
-0
-0
-0
-0
-0
-0
-0
25.5375
-0
-0
-0
-0
21.5072
-0
-0
-0
-0
-0
-0
-0
4.04461
-0
12.3702
-0
-0
-0
-0
46.4117
-0
-0
8.96222
15.6779
-0
1.26446
-0
-0
-0
-0
-0
4.93356
-0
45.5929
-0
-0
-0
-0
-0
-0
-0
-0
-0
0.193529
26.152
-0
-0
-0
-0
-0
-0
30.3962
-0
-0
-0
-0
-0
-0
-0
-0
33.6889
-0
-0
-0
-0
-0
-0
-0
-0
-0
-0
39.8362
-0
-0
-0
-0
-0
-0
-0
-0
-0
-0
-0
-0
-0
-0
-0
-0
-0
-0
-0
-0
38.7613
-0
-0
8.54373
16.1712
-0
-0
-0
-0
-0
-0
-0
-0
-0
-0
-0
-0
-0
-0
-0
-0
26.3276
-0
23.3801
-0
-0
-0
-0
-0
-0
-0
-0
-0
-0
23.6974
-0
-0
16.4237
-0
-0
-0
-0
-0
-0
-0
18.1322
-0
-0
-0
-0
-0
-0
0.432619
-0
-0
-0
-0
-0
-0
9.95916
44.0246
-0
-0
-0
-0
-0
-0
-0
-0
21.801
-0
18.4024
-0
-0
-0
25.4097
-0
-0
-0
-0
-0
-0
-0
-0
-0
-0
-0
-0
-0
60.7113
14.6325
-0
-0
-0
-0
-0
-0
-0
-0
-0
-0
-0
-0
-0
-0
-0
-0
-0
-0
-0
-0
-0
-0
-0
-0
-0
-0
-0
-0
-0
34.4902
-0
-0
-0
-0
-0
-0
-0
-0
23.4846
1.07229
-0
-0
-0
-0
1.59923
15.3562
10.3744
-0
-0
-0
-0
-0
-0
-0
-0
-0
-0
-0
24.8612
-0
-0
-0
-0
-0
-0
-0
-0
0.422033
20.7629
-0
-0
-0
-0
-0
-0
-0
-0
-0
8.05392
4.1695
-0
-0
-0
17.4581
-0
15.9593
6.71707
-0
-0
25.8206
-0
14.4821
-0
57.5855
16.5823
-0
42.7112
31.3325
4.34189
-0
-0
-0
-0
-0
0.996886
3.22822
-0
-0
-0
-0
-0
-0
-0
-0
9.34048
-0
-0
-0
-0
-0
44.6669
-0
-0
-0
38.605
-0
-0
7.26476
-0
-0
-0
30.9674
-0
-0
19.0633
-0
-0
-0
4.50139
9.11916
-0
8.78322
-0
-0
-0
2.31589
-0
-0
-0
-0
-0
-0
17.6168
-0
-0
-0
-0
-0
6.40246
-0
-0
-0
-0
-0
-0
-0
-0
-0
-0
5.6507
3.16147
-0
-0
-0
-0
2.28302
-0
50.2423
-0
10.7152
-0
-0
0.35535
-0
-0
-0
14.9055
-0
15.1943
25.2222
-0
3.58833
-0
-0
-0
-0
18.7778
-0
-0
4.31143
-0
13.3073
-0
9.18982
-0
-0
-0
-0
-0
-0
16.7484
16.7715
-0
-0
-0
-0
-0
22.6799
-0
-0
-0
-0
-0
-0
-0
-0
15.5274
-0
11.0254
-0
-0
-0
-0
-0
-0
-0
-0
-0
-0
-0
-0
-0
37.4414
-0
-0
17.6932
-0
-0
-0
-0
-0
-0
-0
-0
-0
-0
-0
-0
-0
24.2281
-0
-0
-0
23.1937
-0
-0
-0
-0
1.80677
-0
-0
-0
-0
-0
-0
-0
-0
2.49828
-0
-0
-0
6.36961
-0
-0
-0
-0
-0
-0
7.20385
-0
-0
12.4985
72.0057
-0
-0
-0
-0
-0
-0
36.6783
-0
14.7968
19.8102
9.96597
-0
-0
-0
-0
-0
-0
-0
11.0422
-0
24.1652
6.83244
-0
-0
-0
-0
-0
-0
-0
-0
-0
27.4694
-0
-0
-0
-0
-0
-0
-0
-0
-0
-0
8.80413
-0
-0
-0
-0
-0
-0
-0
-0
-0
4.80663
-0
-0
-0
-0
-0
23.4176
20.6761
-0
-0
-0
-0
-0
-0
-0
-0
-0
38.255
-0
57.4918
1.42188
39.9981
-0
-0
-0
-0
-0
22.1484
-0
-0
-0
-0
6.2453
-0
-0
-0
-0
-0
-0
-0
15.3088
-0
-0
-0
-0
-0
-0
20.1391
30.2797
-0
-0
-0
22.2752
-0
-0
-0
-0
-0
13.8389
-0
-0
-0
-0
4.4189
-0
-0
-0
-0
-0
-0
-0
18.7821
-0
11.1275
-0
8.82536
-0
32.1984
-0
-0
-0
-0
20.8896
15.9668
-0
6.45142
15.4414
-0
-0
-0
11.3272
-0
-0
-0
-0
-0
-0
-0
-0
-0
-0
-0
-0
-0
-0
-0
12.2715
-0
-0
-0
-0
16.2817
-0
-0
-0
-0
-0
8.76427
-0
-0
12.4405
-0
-0
-0
3.07536
-0
-0
-0
-0
-0
-0
-0
41.4731
-0
-0
-0
-0
31.2646
15.545
-0
-0
-0
-0
-0
-0
25.5875
-0
14.7473
-0
-0
-0
-0
-0
-0
32.576
-0
-0
-0
18.8186
-0
-0
-0
-0
-0
-0
-0
-0
7.35019
-0
-0
-0
-0
-0
-0
-0
-0
-0
-0
1.3868
-0
-0
10.7384
-0
-0
-0
-0
-0
-0
-0
-0
-0
-0
-0
-0
-0
-0
-0
-0
-0
-0
20.1132
-0
-0
-0
-0
-0
-0
-0
-0
-0
31.5209
-0
-0
-0
1.00372
-0
-0
42.5174
32.1185
-0
-0
-0
-0
-0
-0
24.0631
-0
21.0683
39.1073
-0
-0
-0
-0
-0
15.6703
-0
-0
-0
5.51959
0.416624
-0
-0
-0
4.10253
-0
-0
-0
-0
13.1895
-0
-0
-0
-0
-0
-0
-0
-0
-0
-0
-0
-0
-0
12.39
-0
-0
-0
13.3209
-0
-0
-0
-0
-0
-0
7.28646
30.3439
17.1132
-0
-0
-0
-0
-0
-0
-0
-0
-0
-0
-0
5.83438
-0
-0
-0
-0
22.292
34.4257
-0
11.8267
-0
-0
-0
-0
-0
6.94468
28.7721
-0
-0
-0
-0
-0
-0
-0
5.56369
-0
-0
-0
-0
-0
-0
-0
-0
-0
-0
-0
-0
-0
-0
29.6322
-0
37.8888
-0
-0
-0
-0
-0
-0
-0
6.60895
6.44053
-0
-0
-0
-0
-0
-0
-0
-0
-0
-0
4.53471
-0
-0
-0
23.5345
25.5142
-0
-0
4.8096
-0
-0
-0
-0
33.217
-0
34.7352
-0
-0
-0
-0
-0
-0
15.0292
-0
-0
-0
-0
-0
38.7759
-0
-0
-0
-0
14.405
7.23942
-0
10.2692
-0
-0
-0
-0
-0
-0
-0
7.12325
28.3384
28.7613
-0
-0
-0
-0
-0
9.1683
-0
-0
-0
-0
-0
-0
0.327821
46.4346
-0
17.6737
-0
-0
-0
-0
-0
-0
-0
-0
-0
-0
-0
-0
-0
11.7222
-0
-0
-0
-0
-0
27.986
10.3288
-0
-0
-0
-0
-0
-0
-0
-0
4.34128
-0
-0
-0
-0
2.93585
6.23274
-0
12.5582
-0
-0
-0
70.8235
-0
1.08088
-0
-0
-0
-0
-0
-0
-0
-0
-0
-0
-0
-0
-0
-0
-0
10.881
-0
-0
-0
-0
-0
25.5592
-0
-0
-0
-0
-0
-0
-0
-0
9.38613
54.2096
-0
-0
-0
19.2185
-0
7.80596
21.854
-0
-0
47.7842
-0
64.7633
-0
10.222
-0
-0
17.6699
74.7121
-0
-0
-0
-0
-0
-0
-0
-0
-0
-0
-0
-0
0.673348
-0
-0
-0
-0
-0
-0
-0
-0
-0
-0
-0
-0
-0
2.21696
3.39482
-0
-0
-0
-0
13.8908
-0
-0
-0
-0
-0
-0
-0
14.7483
-0
-0
-0
31.5333
-0
-0
-0
-0
5.27422
-0
-0
27.9859
-0
36.9208
41.6494
-0
-0
-0
-0
-0
-0
-0
-0
-0
-0
-0
-0
-0
-0
-0
-0
-0
-0
34.3343
-0
-0
0.320628
-0
-0
34.1886
-0
-0
-0
-0
-0
0.625842
-0
-0
17.7176
31.199
5.13361
-0
34.9667
7.00031
-0
-0
-0
-0
-0
-0
-0
-0
-0
-0
-0
-0
-0
-0
11.1334
-0
-0
18.2177
-0
-0
-0
-0
-0
-0
-0
-0
-0
-0
28.6427
-0
-0
-0
-0
-0
10.4833
-0
-0
-0
-0
-0
-0
-0
47.5237
-0
-0
-0
-0
-0
-0
-0
-0
-0
18.6025
-0
-0
-0
-0
-0
-0
14.0009
-0
27.1208
-0
-0
14.8738
31.5274
-0
-0
17.9983
-0
4.70457
2.74126
-0
-0
-0
-0
-0
-0
-0
-0
-0
19.7617
-0
40.0361
5.92905
-0
-0
-0
-0
-0
37.6026
-0
-0
-0
-0
-0
-0
-0
-0
-0
-0
20.8079
20.4298
-0
-0
4.01472
37.2351
-0
17.9667
2.26396
5.84327
-0
34.1005
-0
-0
-0
22.3001
-0
-0
-0
-0
3.13006
-0
33.9062
-0
-0
9.03355
-0
-0
-0
-0
-0
-0
31.1337
40.2901
-0
-0
-0
7.66217
-0
-0
-0
12.9906
-0
-0
-0
4.14452
14.8152
-0
-0
-0
42.7682
-0
-0
-0
47.4388
-0
-0
-0
-0
-0
-0
-0
-0
-0
-0
3.60358
-0
-0
17.114
-0
46.3284
-0
-0
-0
-0
-0
-0
-0
-0
30.3764
-0
-0
-0
33.1335
-0
-0
-0
2.98151
-0
-0
-0
-0
-0
-0
-0
-0
-0
-0
0.757815
6.63745
-0
-0
-0
33.3853
2.3676
-0
-0
-0
-0
-0
-0
52.0722
-0
-0
11.0283
-0
-0
48.6215
-0
-0
-0
-0
-0
-0
-0
-0
-0
10.9475
-0
28.2126
-0
-0
-0
58.5232
3.93324
-0
1.89678
-0
-0
-0
19.8775
1.23276
-0
-0
-0
-0
-0
-0
9.3649
48.846
-0
-0
-0
40.5596
-0
6.32405
1.21355
-0
-0
-0
-0
-0
-0
-0
-0
-0
-0
-0
-0
35.2346
-0
-0
-0
16.6719
-0
-0
-0
-0
-0
-0
-0
-0
7.1907
-0
-0
-0
4.11578
-0
-0
25.166
36.0992
-0
-0
-0
-0
-0
33.8321
-0
-0
-0
-0
-0
28.1327
18.3591
-0
1.52113
2.38268
14.5243
32.7423
-0
-0
-0
13.5075
-0
22.7588
-0
-0
-0
-0
-0
-0
-0
-0
-0
-0
-0
-0
10.1041
22.7214
-0
-0
30.4346
-0
-0
-0
-0
-0
-0
-0
-0
-0
-0
-0
-0
14.6624
-0
-0
4.30513
-0
-0
0.424616
-0
-0
-0
-0
63.291
-0
-0
-0
-0
-0
-0
-0
-0
-0
1.8511
-0
-0
-0
-0
-0
-0
-0
-0
-0
-0
1.74788
-0
-0
-0
-0
6.02457
-0
-0
-0
-0
3.41049
-0
10.7525
-0
-0
-0
-0
-0
-0
-0
-0
-0
-0
-0
2.17271
-0
26.5487
-0
-0
3.79569
-0
-0
-0
-0
-0
-0
-0
-0
-0
2.88889
-0
-0
-0
-0
-0
0.15262
-0
1.29053
-0
24.664
-0
-0
-0
-0
-0
-0
-0
-0
-0
3.10301
-0
-0
-0
-0
41.664
-0
6.75672
13.4452
-0
4.3798
-0
-0
-0
15.1216
20.9157
-0
-0
-0
-0
0.928785
-0
-0
-0
-0
-0
-0
-0
-0
-0
-0
-0
-0
-0
-0
28.0545
-0
-0
-0
-0
-0
6.51393
-0
-0
-0
-0
-0
16.6065
-0
-0
-0
10.7998
-0
-0
21.3688
-0
-0
20.7298
-0
-0
-0
36.8255
-0
-0
-0
-0
7.3493
-0
-0
-0
-0
-0
-0
43.5231
-0
-0
-0
-0
-0
-0
24.2564
-0
-0
35.9265
-0
-0
-0
-0
-0
-0
4.4183
-0
-0
17.2314
-0
20.2775
-0
21.1364
-0
-0
-0
-0
-0
-0
-0
-0
16.7679
-0
-0
-0
-0
-0
-0
-0
-0
-0
-0
-0
-0
-0
-0
2.90475
-0
5.23365
3.88585
-0
-0
-0
-0
-0
35.9964
-0
6.61786
-0
-0
-0
-0
25.3833
-0
-0
-0
-0
-0
-0
-0
-0
-0
14.784
-0
-0
-0
6.29004
-0
-0
6.19798
-0
-0
7.04705
19.7191
1.21402
-0
10.7933
33.3559
-0
12.0108
-0
-0
-0
-0
-0
-0
-0
-0
-0
-0
-0
-0
28.5804
-0
-0
-0
42.8786
29.5306
-0
26.6071
-0
-0
-0
-0
-0
-0
-0
23.527
-0
-0
10.7434
-0
-0
-0
19.8946
13.646
17.2641
21.5913
19.0957
-0
-0
-0
23.793
-0
48.6511
-0
-0
-0
-0
-0
5.5228
-0
-0
-0
-0
4.91059
55.5251
-0
-0
-0
-0
-0
-0
-0
-0
-0
39.835
-0
-0
-0
-0
-0
-0
55.8329
-0
-0
-0
-0
-0
-0
-0
9.43198
34.3793
5.91031
-0
-0
-0
-0
-0
-0
-0
0.418078
4.58665
-0
-0
-0
-0
-0
44.1254
4.82298
40.6722
-0
-0
34.7529
-0
-0
-0
-0
25.1454
-0
-0
-0
-0
-0
-0
-0
-0
-0
-0
-0
34.923
21.8008
-0
24.1163
6.52798
-0
-0
-0
-0
-0
15.4841
0.835869
-0
-0
-0
-0
-0
-0
12.4583
35.9053
-0
-0
-0
-0
-0
-0
20.1119
-0
-0
-0
-0
-0
-0
-0
5.77593
-0
-0
-0
-0
-0
37.9561
-0
11.543
15.8682
-0
23.1076
-0
-0
-0
-0
-0
-0
-0
-0
26.5505
-0
-0
-0
-0
-0
-0
-0
-0
-0
-0
22.3461
6.74239
3.12145
9.33983
-0
-0
-0
35.8066
-0
-0
58.5384
-0
-0
-0
-0
-0
40.3693
-0
-0
-0
-0
5.4806
1.3015
-0
-0
-0
-0
5.32529
-0
43.3107
-0
-0
-0
-0
6.19656
-0
-0
-0
-0
-0
-0
-0
-0
-0
-0
-0
-0
-0
-0
-0
9.32939
-0
60.4177
-0
50.462
38.2094
16.5032
-0
-0
7.71272
-0
-0
-0
-0
-0
17.566
-0
-0
-0
-0
-0
-0
-0
-0
-0
-0
-0
-0
-0
-0
43.6655
-0
-0
-0
-0
-0
22.6646
-0
-0
-0
-0
16.7232
-0
-0
25.4163
-0
-0
10.8131
-0
-0
-0
-0
-0
-0
-0
-0
-0
-0
-0
-0
0.622638
13.9456
-0
-0
-0
-0
33.8429
-0
45.5147
-0
-0
-0
-0
36.9505
-0
-0
-0
-0
19.0766
-0
15.2028
-0
-0
-0
-0
-0
-0
34.6996
-0
-0
-0
-0
-0
-0
-0
4.24099
-0
-0
65.8475
-0
-0
-0
8.49006
-0
-0
-0
-0
-0
-0
-0
30.8191
-0
-0
-0
-0
-0
60.8084
-0
-0
-0
-0
-0
-0
-0
8.87523
-0
-0
-0
-0
-0
-0
-0
-0
-0
5.28813
-0
-0
-0
-0
-0
-0
-0
-0
-0
-0
-0
-0
-0
-0
-0
-0
1.87895
-0
-0
-0
-0
-0
33.6521
-0
-0
-0
-0
-0
-0
-0
-0
-0
-0
-0
22.5134
-0
-0
-0
-0
22.3939
-0
-0
-0
-0
-0
-0
-0
52.1278
-0
-0
-0
-0
-0
-0
-0
-0
-0
-0
33.012
-0
-0
-0
-0
-0
-0
-0
-0
-0
-0
2.41908
-0
-0
-0
-0
-0
8.2041
-0
-0
-0
-0
-0
-0
-0
-0
-0
-0
-0
57.3911
-0
-0
41.8979
-0
-0
-0
-0
12.6962
-0
1.20403
3.37272
-0
-0
8.09834
-0
-0
-0
-0
-0
-0
13.3017
7.82548
-0
-0
-0
-0
-0
-0
-0
28.8392
12.4351
-0
-0
-0
45.2259
44.6917
-0
-0
-0
-0
-0
-0
-0
-0
-0
-0
-0
-0
16.9191
-0
-0
12.7777
53.5599
-0
-0
-0
-0
-0
25.725
-0
-0
-0
-0
-0
9.05779
-0
-0
-0
-0
-0
-0
-0
37.4474
-0
37.9217
1.22425
35.6646
-0
9.50579
2.42897
-0
-0
-0
22.867
-0
-0
38.6786
-0
-0
-0
-0
-0
-0
-0
-0
-0
-0
-0
-0
5.92305
-0
-0
-0
-0
50.3279
-0
-0
-0
-0
-0
-0
51.2407
-0
-0
-0
-0
-0
-0
-0
-0
-0
-0
-0
-0
-0
-0
-0
-0
4.00158
-0
-0
-0
-0
-0
-0
-0
25.1828
-0
-0
-0
-0
-0
-0
34.3845
-0
-0
-0
0.226761
-0
-0
38.2918
-0
-0
-0
-0
-0
-0
-0
35.9896
20.8375
-0
-0
-0
-0
-0
-0
-0
4.58066
-0
-0
-0
-0
61.6726
-0
-0
-0
15.3462
-0
-0
-0
15.916
-0
-0
52.8207
26.4371
35.3664
-0
-0
-0
-0
-0
53.0633
-0
-0
5.30631
14.2023
-0
14.4868
-0
-0
-0
-0
-0
-0
-0
-0
3.76355
-0
-0
30.3056
-0
-0
-0
-0
-0
20.9532
-0
-0
-0
22.9931
-0
-0
19.6232
-0
-0
-0
14.4117
-0
-0
-0
-0
-0
-0
23.5418
-0
-0
13.2537
-0
30.7938
1.17428
-0
-0
-0
-0
-0
-0
-0
-0
7.32954
-0
16.5109
-0
-0
-0
-0
-0
11.7113
-0
-0
-0
-0
8.11903
-0
-0
-0
