-0
-0
-0
-0
-0
-0
-0
-0
43.7351
-0
3.73184
-0
-0
-0
-0
13.2646
36.3941
-0
-0
-0
-0
-0
-0
-0
23.4406
-0
-0
-0
-0
-0
25.33
-0
-0
-0
-0
-0
-0
-0
-0
-0
29.7647
-0
-0
27.8213
-0
7.66021
-0
-0
-0
8.23065
-0
-0
1.04914
7.83308
-0
-0
9.30743
2.64968
8.63025
-0
-0
-0
-0
-0
-0
-0
-0
-0
22.4114
1.59188
-0
-0
-0
-0
-0
-0
13.492
-0
-0
-0
-0
33.4275
-0
32.7223
-0
-0
-0
-0
-0
-0
47.5119
-0
-0
-0
-0
-0
6.38713
-0
18.5062
-0
-0
-0
-0
-0
3.0221
-0
-0
-0
-0
-0
0.12857
-0
-0
-0
-0
33.6713
-0
-0
37.2226
3.00941
34.9513
-0
-0
8.20979
-0
-0
-0
-0
-0
-0
5.37925
6.65436
9.72273
-0
-0
-0
-0
53.0248
-0
-0
-0
-0
47.8339
-0
-0
-0
-0
-0
-0
-0
12.5224
-0
-0
18.6016
-0
-0
-0
-0
-0
1.91959
1.18337
1.26628
-0
-0
18.4475
-0
-0
-0
-0
31.1051
-0
1.89627
-0
-0
-0
-0
-0
-0
-0
-0
-0
-0
-0
-0
-0
22.9181
-0
-0
34.9476
-0
0.766664
54.0399
8.74849
-0
-0
-0
-0
31.8008
18.8474
-0
-0
-0
3.75001
-0
-0
-0
63.2429
22.6713
56.6398
-0
-0
-0
24.5724
-0
-0
-0
9.85156
-0
-0
-0
20.0267
-0
-0
4.33606
-0
-0
-0
-0
-0
7.9377
-0
-0
-0
-0
-0
7.29129
-0
-0
-0
-0
-0
2.93263
-0
-0
-0
-0
21.0426
-0
6.14056
-0
-0
-0
0.0876656
6.30341
-0
-0
0.0144442
-0
-0
-0
-0
-0
-0
-0
-0
-0
-0
-0
-0
-0
-0
-0
24.4222
24.0035
-0
-0
-0
-0
-0
-0
31.937
0.0333203
-0
30.0418
-0
-0
2.68033
-0
-0
-0
-0
-0
32.2204
-0
19.8866
-0
-0
-0
-0
27.1396
-0
-0
1.20397
-0
14.2665
41.8147
-0
-0
14.3859
-0
-0
-0
-0
-0
16.8722
1.82442
-0
-0
-0
0.238214
-0
-0
-0
-0
14.1226
-0
-0
-0
-0
49.4825
-0
-0
-0
-0
-0
-0
-0
-0
-0
-0
3.61134
-0
-0
-0
23.9596
-0
-0
-0
-0
6.03966
-0
-0
-0
-0
-0
-0
-0
-0
0.683727
-0
-0
-0
-0
3.61846
-0
2.60828
-0
-0
-0
-0
-0
19.1538
0.0784297
23.605
-0
-0
-0
-0
-0
-0
-0
-0
22.3154
-0
-0
11.3142
-0
-0
-0
-0
-0
23.207
-0
-0
-0
-0
-0
0.331183
-0
-0
-0
-0
-0
-0
-0
-0
-0
-0
-0
-0
-0
-0
-0
-0
7.6262
-0
-0
1.67285
-0
-0
-0
-0
-0
-0
-0
49.6221
-0
-0
-0
-0
-0
18.8816
-0
-0
-0
-0
7.19402
-0
-0
-0
-0
-0
-0
-0
-0
-0
-0
-0
-0
-0
64.9126
23.6946
-0
-0
-0
53.263
-0
-0
-0
-0
-0
-0
-0
-0
22.0356
-0
-0
-0
4.20844
-0
-0
-0
8.6949
-0
-0
-0
-0
-0
-0
3.23716
-0
-0
-0
-0
-0
-0
-0
-0
-0
2.5629
7.99913
-0
-0
-0
-0
35.2891
15.6091
-0
-0
30.6827
-0
-0
31.7609
5.22155
-0
-0
-0
9.41767
-0
25.4926
-0
-0
-0
31.203
-0
-0
-0
-0
11.302
-0
3.77719
7.39282
-0
5.21872
-0
-0
-0
-0
-0
-0
-0
-0
-0
-0
44.6777
-0
-0
-0
-0
-0
-0
-0
-0
-0
-0
14.7118
-0
-0
-0
34.9681
-0
3.27187
-0
-0
11.5003
65.1478
-0
-0
-0
-0
-0
31.1477
9.90434
-0
-0
-0
-0
-0
-0
-0
-0
-0
-0
-0
33.72
-0
-0
-0
-0
-0
-0
-0
-0
28.5771
-0
-0
-0
-0
-0
39.1773
-0
-0
-0
-0
-0
10.1967
-0
-0
-0
-0
34.5676
-0
-0
-0
-0
-0
-0
26.3776
-0
24.2296
-0
0.496185
17.1527
-0
-0
-0
48.0696
-0
-0
-0
-0
-0
-0
22.5064
-0
-0
-0
-0
-0
-0
-0
-0
-0
-0
-0
-0
-0
-0
0.565786
-0
-0
-0
-0
-0
-0
-0
-0
14.8352
28.582
20.8185
-0
-0
-0
-0
5.42695
9.31454
-0
-0
-0
-0
-0
-0
25.1961
41.6277
-0
-0
-0
-0
-0
-0
-0
-0
-0
-0
-0
-0
-0
-0
0.74185
-0
-0
-0
-0
-0
-0
29.9784
-0
-0
-0
-0
-0
-0
30.1007
-0
-0
-0
-0
-0
-0
-0
-0
-0
-0
26.4383
48.0868
-0
-0
-0
-0
-0
-0
16.8163
-0
-0
-0
-0
-0
-0
-0
-0
-0
-0
-0
-0
-0
-0
-0
-0
-0
-0
-0
42.5679
-0
3.48914
-0
-0
-0
0.29132
-0
-0
-0
-0
-0
-0
-0
3.0478
-0
-0
-0
-0
18.0372
-0
-0
-0
26.0261
-0
7.56097
-0
-0
-0
-0
-0
-0
2.40457
-0
11.7049
-0
16.3503
-0
-0
-0
-0
-0
23.3629
-0
-0
-0
-0
-0
-0
-0
-0
16.0074
-0
-0
-0
-0
71.8747
-0
-0
-0
-0
-0
-0
32.156
-0
-0
-0
3.39846
-0
-0
-0
-0
-0
3.27717
-0
-0
-0
42.5218
-0
36.0569
-0
-0
-0
-0
20.7379
-0
-0
-0
1.58989
-0
-0
40.1001
-0
-0
-0
1.75358
6.65907
-0
-0
13.0923
-0
-0
20.2093
-0
-0
-0
7.27779
-0
-0
-0
-0
-0
-0
-0
-0
-0
-0
-0
8.2422
-0
-0
14.2113
-0
-0
-0
52.066
-0
-0
7.75368
-0
-0
-0
-0
57.6613
-0
4.50427
-0
-0
-0
-0
-0
-0
12.6663
9.42997
-0
-0
-0
-0
-0
4.92848
11.8828
-0
-0
-0
-0
-0
-0
-0
11.3049
-0
-0
-0
-0
-0
-0
13.0458
14.1429
-0
-0
-0
-0
-0
-0
-0
-0
-0
-0
-0
-0
-0
1.07338
-0
-0
-0
-0
-0
-0
-0
-0
-0
-0
-0
3.1255
11.7622
-0
-0
20.6456
-0
-0
-0
29.9786
6.86061
-0
-0
-0
-0
-0
-0
-0
2.33033
-0
-0
18.9408
-0
-0
-0
-0
-0
-0
-0
-0
-0
-0
-0
47.9324
-0
-0
-0
-0
-0
-0
-0
-0
-0
20.5274
-0
-0
-0
9.78233
-0
-0
-0
-0
-0
-0
-0
-0
-0
-0
-0
-0
-0
-0
-0
3.53672
-0
-0
-0
-0
-0
-0
-0
-0
-0
-0
-0
-0
-0
-0
-0
-0
-0
-0
-0
-0
-0
3.83762
-0
-0
-0
-0
-0
-0
-0
-0
-0
-0
-0
-0
-0
-0
4.6321
17.8676
32.4118
-0
-0
-0
-0
-0
-0
-0
-0
-0
-0
-0
-0
-0
-0
18.2406
-0
-0
-0
6.85852
-0
-0
12.4659
-0
-0
-0
-0
-0
18.4818
18.4398
-0
-0
15.5393
-0
-0
-0
-0
-0
20.8109
32.3479
-0
-0
-0
-0
-0
-0
-0
-0
-0
-0
55.1116
1.405
-0
-0
32.8922
-0
-0
-0
-0
-0
-0
-0
-0
3.59736
42.8247
-0
6.5462
-0
-0
-0
22.0288
-0
-0
9.82994
-0
33.7552
-0
-0
-0
-0
-0
-0
-0
-0
-0
-0
4.14966
-0
-0
15.2707
-0
-0
-0
11.9952
26.3805
21.3424
-0
-0
-0
-0
-0
-0
-0
-0
-0
32.5786
-0
6.21213
18.3438
7.48871
-0
-0
-0
-0
-0
-0
0.098823
-0
5.73001
-0
-0
-0
-0
-0
-0
-0
-0
-0
-0
-0
-0
37.6758
-0
-0
-0
10.0309
-0
10.7005
-0
-0
-0
8.16637
-0
-0
-0
-0
-0
-0
-0
-0
-0
-0
5.79717
-0
-0
-0
-0
2.35697
38.1229
2.92224
-0
-0
-0
-0
11.6596
-0
-0
-0
-0
-0
-0
-0
-0
-0
-0
-0
-0
-0
-0
-0
-0
-0
-0
-0
-0
-0
-0
-0
-0
0.268793
-0
-0
-0
-0
-0
-0
-0
-0
-0
-0
-0
2.2889
-0
-0
24.3682
-0
-0
-0
3.81958
-0
-0
-0
0.933427
-0
11.4735
-0
-0
-0
-0
-0
-0
-0
-0
3.49402
-0
-0
-0
-0
-0
-0
-0
-0
-0
-0
40.6964
-0
19.4953
0.536537
-0
-0
-0
-0
-0
-0
-0
18.8516
-0
-0
-0
36.1326
-0
-0
-0
-0
10.9756
-0
-0
7.69053
-0
-0
-0
-0
-0
5.21423
6.83193
17.08
-0
-0
-0
29.4116
-0
13.8055
22.3894
-0
49.3462
-0
-0
4.75206
-0
-0
-0
-0
4.64792
-0
-0
4.72832
-0
8.55066
-0
-0
21.9372
35.3602
35.2007
-0
43.2823
-0
-0
-0
50.0832
-0
-0
-0
34.125
-0
18.803
-0
-0
29.8322
0.36472
-0
-0
-0
-0
-0
-0
-0
-0
-0
18.8661
-0
-0
-0
36.578
50.8276
-0
-0
-0
33.6502
49.1673
-0
-0
-0
-0
-0
-0
-0
-0
16.5788
-0
-0
-0
-0
-0
-0
-0
-0
-0
4.66528
-0
3.1611
-0
5.73429
-0
-0
-0
-0
-0
-0
-0
-0
16.5156
-0
-0
-0
-0
-0
-0
-0
32.9404
-0
39.0192
-0
-0
17.1063
-0
8.66935
-0
40.1146
-0
-0
-0
-0
20.0983
50.8969
-0
-0
-0
-0
15.5213
-0
1.47241
24.5505
-0
-0
-0
-0
32.5172
-0
-0
-0
-0
-0
-0
0.571462
-0
-0
-0
-0
19.0877
1.54197
5.173
51.2113
-0
-0
-0
-0
-0
8.07337
-0
-0
-0
-0
-0
-0
6.26324
-0
-0
-0
7.10416
-0
20.9833
-0
-0
-0
-0
-0
-0
-0
-0
-0
-0
-0
-0
-0
-0
-0
-0
-0
-0
-0
-0
43.6502
-0
-0
-0
-0
-0
-0
-0
-0
-0
-0
-0
-0
-0
33.1502
-0
-0
4.23894
-0
41.4244
-0
-0
-0
-0
-0
-0
23.3886
-0
25.7215
-0
-0
-0
-0
-0
-0
-0
-0
0.342566
-0
23.5194
-0
0.254642
-0
2.92079
-0
-0
0.326411
-0
-0
-0
6.08286
-0
-0
-0
-0
-0
3.46018
-0
-0
6.90037
-0
-0
-0
-0
-0
-0
-0
9.2196
24.9373
-0
-0
35.5328
-0
-0
-0
-0
-0
-0
-0
-0
-0
-0
-0
8.88867
-0
-0
-0
-0
-0
-0
-0
-0
-0
-0
-0
-0
-0
-0
-0
46.3668
-0
-0
-0
-0
-0
-0
-0
-0
-0
-0
-0
16.2046
14.422
-0
-0
-0
3.32825
-0
-0
-0
-0
30.5212
-0
-0
-0
-0
-0
21.8514
-0
-0
-0
-0
-0
-0
-0
-0
-0
-0
-0
-0
-0
-0
3.93157
-0
16.5966
-0
2.16477
20.8616
-0
-0
-0
-0
-0
-0
-0
-0
6.0714
-0
-0
-0
-0
13.6432
-0
-0
-0
-0
-0
-0
-0
41.6541
-0
-0
3.17633
-0
40.6145
-0
-0
-0
-0
-0
-0
-0
12.5387
-0
-0
-0
-0
-0
-0
37.2117
-0
-0
-0
-0
-0
-0
-0
9.31698
-0
-0
-0
-0
-0
39.4896
-0
-0
-0
-0
-0
-0
-0
-0
-0
21.5243
27.1565
-0
-0
-0
-0
-0
-0
31.7318
-0
-0
-0
-0
-0
-0
-0
-0
31.6021
-0
-0
-0
-0
-0
-0
14.155
-0
-0
12.8629
21.3608
-0
-0
-0
-0
-0
-0
-0
-0
13.4124
-0
-0
-0
-0
-0
-0
-0
-0
-0
-0
-0
-0
-0
-0
-0
-0
-0
-0
-0
-0
-0
-0
-0
-0
-0
-0
-0
-0
-0
-0
-0
18.4789
57.1404
-0
4.90905
-0
-0
-0
-0
-0
-0
-0
-0
-0
-0
-0
-0
-0
20.5591
-0
-0
-0
-0
-0
-0
-0
12.5776
-0
-0
-0
2.04846
-0
-0
-0
-0
-0
-0
-0
-0
1.52787
-0
33.0952
-0
-0
-0
-0
-0
-0
-0
-0
69.9629
-0
-0
-0
-0
-0
-0
0.814933
-0
-0
-0
-0
-0
-0
-0
-0
-0
-0
-0
-0
53.0612
14.7691
-0
-0
-0
-0
-0
-0
-0
-0
-0
-0
4.67104
-0
-0
-0
-0
-0
-0
-0
-0
-0
-0
-0
-0
0.504114
-0
-0
-0
-0
-0
13.8167
-0
-0
-0
-0
-0
-0
-0
-0
17.3208
3.38235
-0
-0
-0
-0
-0
-0
11.914
-0
-0
-0
6.2058
-0
29.5447
-0
-0
-0
-0
-0
47.8028
1.20071
-0
-0
-0
-0
-0
-0
-0
15.7629
1.02923
-0
-0
-0
-0
-0
-0
-0
-0
-0
9.95352
10.0741
-0
-0
-0
-0
-0
25.0785
-0
-0
-0
46.7436
-0
13.1191
-0
20.6219
-0
-0
-0
40.4755
-0
-0
-0
-0
-0
22.6666
-0
3.22701
-0
-0
-0
-0
-0
-0
-0
-0
10.7334
-0
-0
-0
-0
-0
13.3805
-0
-0
-0
53.558
-0
-0
2.77501
-0
-0
-0
13.9627
-0
-0
-0
-0
-0
-0
4.74021
-0
-0
-0
-0
21.8897
-0
-0
-0
-0
-0
-0
-0
7.59521
-0
-0
-0
-0
-0
-0
-0
-0
-0
-0
-0
-0
-0
-0
-0
-0
-0
7.96988
26.1248
-0
-0
9.31483
-0
5.13538
-0
27.4053
-0
-0
-0
-0
0.382202
31.1671
-0
-0
44.8327
-0
-0
-0
-0
-0
-0
-0
35.805
-0
27.5096
-0
33.9587
58.1361
-0
30.4303
-0
44.1433
-0
-0
-0
-0
-0
-0
25.8924
-0
-0
-0
-0
-0
-0
16.0522
-0
-0
-0
-0
-0
-0
-0
-0
35.4326
-0
15.6815
-0
-0
-0
-0
-0
-0
-0
-0
-0
-0
-0
-0
6.90809
17.1659
-0
-0
23.1693
-0
-0
-0
-0
-0
-0
-0
-0
-0
-0
-0
-0
-0
-0
0.194262
3.13652
-0
37.281
-0
18.5882
-0
-0
26.3455
-0
-0
-0
-0
-0
-0
-0
-0
-0
-0
-0
21.3555
-0
-0
-0
-0
-0
8.36005
-0
24.5343
-0
-0
-0
80.5735
-0
-0
-0
-0
-0
-0
38.1555
-0
6.71323
30.5875
11.0723
-0
-0
-0
-0
-0
-0
7.88963
67.1643
-0
23.634
22.8864
-0
-0
-0
-0
-0
1.74788
-0
-0
-0
34.5712
-0
-0
-0
-0
-0
-0
-0
-0
22.639
-0
-0
-0
-0
-0
-0
-0
-0
28.9635
-0
-0
-0
-0
-0
-0
5.54574
-0
27.3416
29.8622
-0
-0
-0
-0
-0
-0
-0
-0
-0
9.10732
18.8479
48.492
3.77921
-0
-0
-0
-0
-0
-0
30.6286
-0
-0
-0
-0
5.05173
-0
-0
-0
-0
-0
-0
10.763
-0
-0
-0
-0
-0
-0
-0
1.88773
-0
-0
-0
-0
-0
-0
-0
-0
-0
-0
3.84898
-0
-0
-0
-0
-0
-0
-0
-0
-0
-0
-0
-0
-0
-0
7.59875
-0
-0
-0
29.0465
-0
-0
-0
-0
46.0137
36.5664
-0
6.77469
0.151234
-0
-0
-0
-0
-0
-0
-0
-0
-0
-0
-0
-0
21.2916
-0
-0
-0
-0
-0
-0
9.84697
-0
-0
-0
-0
20.1074
-0
-0
-0
-0
-0
5.69097
-0
-0
-0
-0
-0
-0
1.99749
-0
-0
-0
-0
-0
4.05324
-0
44.935
-0
12.5414
-0
-0
37.4055
-0
-0
-0
-0
-0
-0
-0
34.0263
-0
-0
-0
-0
-0
-0
-0
27.7052
-0
-0
-0
-0
12.1911
-0
-0
-0
-0
-0
-0
-0
-0
12.8474
-0
-0
-0
-0
-0
-0
-0
-0
-0
-0
-0
-0
-0
-0
-0
0.345141
-0
-0
-0
-0
-0
-0
-0
-0
-0
-0
-0
-0
-0
20.1262
-0
-0
1.53185
-0
-0
-0
2.77009
-0
-0
-0
-0
13.1725
18.4501
-0
-0
-0
3.32126
-0
-0
37.6684
23.0908
-0
-0
36.8124
-0
-0
24.3735
26.2098
-0
-0
18.8011
2.80703
-0
-0
-0
-0
16.468
-0
-0
-0
5.74222
-0
-0
-0
-0
-0
-0
8.24261
-0
-0
23.7129
-0
-0
-0
-0
-0
19.2464
-0
-0
-0
-0
-0
-0
-0
-0
-0
-0
-0
-0
-0
-0
-0
-0
-0
-0
-0
20.3581
7.66121
-0
-0
-0
-0
-0
-0
-0
-0
-0
-0
-0
-0
-0
-0
-0
-0
21.5803
10.9644
-0
3.31893
-0
-0
-0
-0
-0
-0
16.1307
-0
-0
-0
-0
-0
-0
-0
6.46848
-0
-0
-0
-0
-0
5.78459
-0
-0
-0
-0
-0
-0
-0
0.383427
-0
-0
37.6513
-0
-0
-0
-0
-0
-0
-0
7.40615
15.6318
-0
-0
-0
37.2449
-0
-0
-0
-0
-0
-0
4.33725
-0
-0
-0
35.0864
-0
-0
-0
-0
-0
-0
-0
-0
10.9551
-0
-0
6.8405
-0
-0
-0
-0
-0
46.1034
-0
-0
-0
-0
-0
30.7707
-0
6.02911
-0
-0
9.03782
13.9119
-0
1.80087
39.4014
-0
-0
-0
-0
-0
-0
1.80168
1.53006
38.2013
-0
-0
-0
-0
-0
-0
-0
-0
-0
-0
-0
-0
-0
59.3346
-0
6.17711
-0
7.613
-0
-0
-0
-0
-0
-0
-0
-0
-0
-0
-0
-0
-0
-0
-0
-0
-0
28.1261
8.86985
-0
-0
27.003
-0
-0
-0
-0
-0
5.70461
-0
14.4024
-0
-0
7.01033
17.7557
-0
-0
-0
-0
-0
46.5905
-0
-0
-0
-0
-0
-0
-0
-0
-0
-0
-0
-0
-0
-0
-0
-0
-0
6.59535
-0
-0
-0
-0
-0
-0
-0
-0
-0
-0
-0
-0
-0
-0
8.03456
67.2192
-0
-0
-0
44.7419
-0
36.2837
-0
12.9336
-0
16.5354
-0
40.0534
-0
-0
-0
-0
20.6522
30.5008
-0
-0
-0
-0
4.31068
-0
-0
-0
-0
-0
-0
-0
11.6934
-0
-0
-0
-0
-0
-0
-0
-0
-0
4.80802
-0
-0
-0
24.3586
-0
-0
-0
-0
-0
23.217
-0
-0
-0
-0
-0
-0
-0
19.0359
-0
-0
-0
17.7271
-0
21.4087
-0
-0
-0
-0
-0
33.8748
-0
-0
25.181
-0
-0
-0
-0
-0
-0
-0
-0
-0
-0
-0
-0
-0
-0
10.8552
-0
-0
-0
32.2512
-0
-0
0.234417
-0
-0
9.41169
-0
-0
-0
-0
-0
-0
-0
-0
-0
-0
-0
-0
42.6036
-0
-0
-0
-0
-0
26.1835
-0
-0
-0
-0
-0
-0
-0
-0
-0
45.4188
-0
-0
14.4779
-0
-0
-0
-0
-0
-0
-0
-0
-0
-0
14.3277
-0
-0
-0
9.89177
-0
3.4306
22.4672
-0
-0
-0
-0
-0
-0
27.7102
-0
-0
-0
-0
-0
-0
-0
-0
-0
-0
-0
-0
-0
-0
-0
-0
10.6926
-0
-0
-0
-0
9.51868
48.0383
-0
-0
-0
-0
25.2356
-0
-0
-0
-0
16.5062
-0
-0
-0
-0
-0
-0
-0
63.4885
50.8079
17.2165
-0
-0
-0
46.8352
46.307
-0
-0
9.56131
6.94028
-0
-0
-0
-0
-0
-0
10.2386
10.2333
-0
-0
-0
2.90676
-0
11.1727
-0
-0
-0
4.84151
-0
-0
-0
-0
-0
-0
-0
-0
-0
-0
20.0856
-0
-0
-0
-0
-0
-0
-0
-0
-0
26.1741
-0
-0
-0
-0
7.81865
-0
-0
-0
-0
-0
-0
-0
32.9682
34.1701
22.7049
-0
-0
10.0878
-0
8.54525
-0
36.0975
-0
-0
-0
-0
-0
-0
-0
-0
-0
-0
8.2588
-0
-0
-0
-0
21.3492
-0
-0
-0
-0
-0
-0
-0
-0
21.2794
-0
-0
-0
1.89154
-0
-0
-0
19.2953
-0
-0
-0
-0
-0
-0
-0
6.13776
-0
-0
-0
-0
-0
-0
-0
63.799
-0
-0
-0
-0
-0
-0
-0
-0
-0
-0
23.1636
-0
-0
-0
-0
-0
2.94193
-0
4.74242
-0
-0
-0
-0
8.55067
-0
32.5302
-0
-0
-0
31.5311
6.71289
-0
30.9425
18.6611
2.06982
-0
5.82758
36.7742
-0
-0
-0
-0
-0
-0
-0
12.5465
-0
-0
-0
40.9491
0.399481
-0
0.694646
20.2161
-0
-0
-0
-0
-0
-0
-0
1.92715
-0
-0
-0
42.13
11.05
-0
-0
-0
-0
-0
-0
-0
-0
4.21511
-0
-0
-0
-0
20.2627
-0
-0
-0
-0
-0
17.914
-0
-0
-0
-0
-0
26.3263
-0
-0
-0
-0
-0
-0
15.6611
-0
13.1984
42.5849
10.4011
-0
-0
-0
-0
4.69842
-0
-0
-0
-0
-0
-0
-0
-0
-0
-0
-0
-0
2.28505
9.28327
-0
5.0844
-0
-0
-0
-0
-0
5.91936
-0
-0
-0
-0
-0
-0
-0
-0
-0
-0
-0
-0
7.44087
-0
-0
-0
-0
-0
-0
-0
9.89895
-0
-0
-0
-0
-0
18.6733
-0
-0
-0
2.4163
-0
-0
-0
-0
-0
-0
-0
-0
-0
-0
-0
-0
1.25972
-0
-0
6.00083
-0
-0
-0
-0
-0
-0
8.71257
1.79409
-0
-0
-0
-0
-0
-0
-0
-0
-0
-0
-0
-0
4.22441
-0
-0
-0
-0
-0
-0
-0
-0
-0
-0
-0
-0
-0
-0
-0
-0
-0
12.8116
0.129308
-0
-0
-0
40.4974
-0
-0
-0
-0
-0
-0
-0
-0
-0
22.3714
-0
-0
-0
-0
23.3168
-0
-0
-0
34.5243
1.77089
41.7305
17.1097
-0
13.7831
17.0235
-0
-0
-0
-0
2.4335
-0
-0
-0
-0
-0
-0
-0
-0
-0
-0
-0
-0
-0
-0
16.568
-0
-0
-0
3.33197
-0
-0
-0
-0
-0
-0
-0
-0
-0
-0
-0
3.88863
-0
-0
36.0235
-0
-0
67.4439
4.50763
-0
-0
22.3562
-0
-0
-0
-0
37.3242
-0
-0
-0
-0
-0
-0
19.7122
-0
-0
-0
-0
18.1676
-0
-0
-0
12.1971
-0
-0
-0
-0
-0
-0
-0
5.06806
7.40832
-0
36.9168
-0
-0
-0
16.1417
-0
10.5457
11.5741
-0
-0
-0
-0
-0
38.7931
-0
19.7235
-0
-0
27.6096
-0
46.4767
-0
-0
-0
-0
-0
-0
-0
9.82601
-0
5.7849
10.4478
-0
-0
22.0662
-0
-0
10.6318
-0
-0
-0
-0
-0
-0
-0
-0
-0
-0
-0
-0
-0
-0
-0
-0
11.1462
-0
-0
-0
-0
-0
-0
19.427
-0
15.5531
33.3894
29.3318
-0
-0
62.6144
3.66879
-0
-0
-0
-0
-0
-0
-0
-0
15.6187
-0
-0
-0
-0
-0
18.4474
11.0903
32.6975
-0
14.9526
57.3991
-0
3.33211
-0
-0
-0
-0
-0
-0
-0
11.9976
-0
-0
-0
-0
-0
0.174631
-0
-0
-0
15.952
-0
-0
-0
-0
2.45942
-0
28.9918
-0
-0
-0
-0
-0
7.67813
-0
-0
-0
-0
-0
15.3089
-0
-0
-0
-0
-0
-0
-0
-0
-0
28.2821
27.0372
-0
-0
-0
-0
-0
64.0291
-0
-0
-0
-0
-0
-0
13.8241
-0
44.3704
18.9613
36.2292
-0
-0
-0
-0
-0
-0
4.06535
-0
-0
-0
-0
28.1159
-0
18.9874
2.2458
-0
-0
-0
36.1799
-0
-0
12.8034
-0
45.6218
-0
21.156
-0
-0
-0
-0
-0
-0
-0
-0
-0
33.6826
18.4395
-0
-0
17.125
-0
-0
-0
-0
-0
-0
-0
-0
-0
-0
-0
-0
-0
32.8709
32.6273
-0
-0
-0
-0
-0
-0
-0
-0
-0
-0
-0
-0
-0
-0
24.8738
-0
-0
-0
-0
-0
31.005
-0
10.1869
16.2914
-0
0.0334959
-0
-0
-0
-0
-0
-0
-0
-0
-0
-0
-0
-0
-0
-0
-0
-0
-0
-0
-0
22.2093
31.6588
-0
6.17604
-0
-0
1.27991
30.5135
-0
-0
78.1799
-0
-0
-0
-0
-0
31.6977
-0
-0
-0
1.1117
-0
-0
-0
-0
-0
-0
-0
-0
36.7444
-0
13.0073
-0
-0
-0
-0
14.5919
-0
-0
-0
-0
-0
-0
-0
-0
-0
-0
-0
-0
11.3294
-0
-0
23.955
-0
1.83886
50.8886
5.06259
-0
-0
-0
-0
-0
-0
-0
-0
34.7544
-0
-0
-0
-0
-0
-0
-0
-0
-0
-0
-0
-0
-0
-0
37.1996
-0
-0
-0
-0
-0
7.72958
-0
-0
-0
-0
3.35222
-0
-0
-0
-0
-0
19.8236
-0
-0
-0
-0
-0
-0
-0
-0
-0
-0
16.0925
-0
-0
26.719
-0
-0
-0
-0
16.3
-0
0.304038
-0
-0
-0
24.1384
22.7681
-0
-0
-0
6.62037
53.9977
-0
16.1541
-0
-0
-0
-0
-0
-0
86.0518
-0
-0
-0
-0
-0
-0
-0
3.70555
-0
-0
25.6757
-0
-0
-0
41.8194
-0
-0
-0
-0
-0
-0
-0
30.3317
-0
-0
-0
-0
-0
26.6284
49.1317
-0
-0
-0
-0
-0
-0
13.0318
-0
-0
-0
-0
-0
4.0342
-0
-0
-0
3.45956
-0
12.1896
-0
-0
-0
26.6375
-0
-0
-0
-0
-0
-0
-0
-0
-0
-0
6.62963
-0
-0
-0
-0
-0
21.9579
-0
-0
-0
-0
-0
-0
0.156501
2.62198
-0
-0
-0
38.3523
-0
-0
-0
-0
18.7892
-0
-0
-0
-0
-0
-0
-0
60.4561
-0
-0
-0
-0
10.6078
-0
-0
-0
-0
-0
5.16372
-0
-0
-0
-0
-0
-0
-0
-0
-0
-0
-0
-0
-0
-0
-0
-0
-0
-0
-0
-0
-0
-0
-0
-0
-0
-0
-0
-0
50.9905
-0
-0
3.07531
-0
-0
-0
-0
45.9995
5.88335
-0
-0
-0
-0
22.017
-0
-0
-0
-0
-0
10.6113
7.77969
36.1486
-0
-0
-0
9.03854
-0
-0
-0
-0
-0
-0
-0
-0
53.2993
12.6489
-0
-0
-0
-0
0.357975
-0
-0
-0
7.04974
-0
-0
-0
30.4448
-0
-0
-0
-0
-0
-0
-0
-0
-0
-0
-0
-0
-0
-0
-0
10.8932
-0
-0
-0
-0
-0
-0
-0
-0
-0
32.5205
5.87765
16.5467
-0
-0
-0
-0
-0
12.7574
19.8242
-0
-0
55.9527
-0
-0
-0
-0
-0
4.21639
-0
-0
-0
-0
-0
-0
0.850495
-0
17.9536
-0
-0
30.7225
-0
-0
-0
-0
-0
-0
60.9932
-0
-0
-0
-0
-0
-0
-0
-0
-0
-0
-0
-0
6.28882
0.153367
-0
2.54939
-0
-0
-0
-0
-0
-0
-0
-0
27.0127
-0
-0
-0
-0
-0
-0
3.99694
-0
-0
-0
-0
-0
-0
64.5694
-0
-0
-0
-0
-0
-0
-0
-0
25.3327
-0
-0
-0
-0
-0
-0
-0
8.98913
-0
-0
-0
-0
29.8055
-0
-0
-0
2.92143
-0
-0
-0
6.39096
-0
-0
36.1689
-0
-0
16.0446
-0
-0
-0
-0
59.7722
-0
-0
3.97771
10.4567
-0
36.784
5.41703
-0
-0
-0
-0
-0
-0
-0
3.54718
-0
-0
36.9774
-0
-0
-0
-0
-0
18.0353
4.1334
-0
-0
-0
-0
14.2467
13.4608
-0
-0
-0
50.8789
-0
-0
-0
20.6942
11.7001
-0
-0
-0
-0
-0
-0
-0
-0
-0
-0
-0
-0
-0
-0
-0
-0
7.43403
-0
-0
-0
-0
-0
-0
-0
22.6774
-0
-0
-0
-0
-0
-0
-0
-0
