-0
-0
-0
-0
-0
-0
-0
-0
22.2922
-0
24.7365
-0
4.59654
-0
-0
0.956552
23.9665
-0
-0
-0
-0
17.3801
-0
-0
23.0728
23.1624
-0
-0
-0
-0
-0
-0
-0
-0
0.193165
-0
-0
-0
-0
-0
-0
-0
-0
-0
-0
-0
-0
3.67296
-0
-0
-0
-0
-0
14.1039
-0
-0
-0
1.99101
1.34263
28.6517
-0
-0
-0
6.46474
-0
-0
-0
-0
-0
0.869091
-0
-0
-0
-0
-0
-0
63.9489
-0
-0
-0
-0
52.3217
-0
-0
13.0446
-0
-0
-0
-0
-0
71.9835
-0
-0
-0
-0
-0
11.6867
-0
16.4324
-0
-0
-0
-0
-0
-0
-0
9.05348
-0
-0
-0
-0
-0
-0
-0
-0
-0
-0
-0
23.3944
32.5133
23.478
-0
-0
17.7839
-0
-0
-0
-0
-0
-0
-0
-0
3.69715
-0
-0
-0
26.3931
31.9504
-0
-0
-0
-0
36.0221
-0
-0
-0
-0
-0
-0
-0
-0
-0
-0
21.4123
24.2708
-0
-0
-0
-0
0.824452
20.9545
0.704447
-0
3.29235
-0
-0
-0
-0
-0
27.3078
-0
12.0224
11.5493
-0
-0
-0
-0
-0
15.9058
-0
-0
-0
-0
-0
-0
19.6819
17.1163
-0
1.44692
-0
32.3216
2.5889
43.8991
-0
-0
-0
-0
0.425246
2.846
-0
-0
5.58745
25.4846
-0
-0
-0
15.1392
13.7483
22.8877
-0
-0
-0
23.7278
-0
-0
-0
-0
-0
-0
-0
14.4486
-0
-0
-0
-0
-0
-0
-0
-0
24.2871
-0
-0
-0
-0
-0
2.99099
-0
-0
-0
-0
-0
-0
-0
-0
-0
-0
15.5252
-0
6.36689
-0
-0
-0
-0
1.79616
21.8135
-0
-0
27.1904
-0
-0
-0
4.01016
-0
-0
27.572
-0
-0
-0
-0
-0
-0
20.602
8.98902
26.876
-0
-0
-0
-0
-0
-0
35.0023
7.18261
-0
69.3811
-0
-0
-0
-0
-0
-0
-0
18.2552
25.5351
-0
32.0977
-0
19.4256
-0
13.4276
12.7965
-0
-0
2.58713
-0
8.43431
18.8262
-0
-0
22.2915
-0
-0
-0
-0
-0
-0
0.675983
-0
-0
-0
0.731211
-0
-0
41.2317
23.2714
9.60138
-0
1.88519
-0
-0
50.6933
-0
-0
-0
-0
-0
-0
-0
12.0128
-0
21.6047
8.39241
-0
-0
-0
-0
-0
-0
2.66667
20.7467
0.9246
-0
-0
-0
-0
-0
-0
-0
-0
-0
-0
23.0291
-0
-0
18.5144
-0
3.5446
-0
-0
-0
-0
-0
19.3247
0.334141
2.32778
-0
0.355872
-0
-0
-0
-0
-0
-0
-0
-0
-0
-0
-0
-0
-0
-0
-0
-0
-0
-0
-0
-0
-0
0.379383
-0
22.2805
-0
-0
-0
-0
-0
-0
-0
-0
-0
-0
-0
-0
-0
-0
-0
-0
-0
-0
-0
-0
25.0004
-0
-0
-0
-0
27.8361
5.4871
8.73075
20.9946
-0
-0
32.0724
-0
-0
-0
-0
20.0608
-0
-0
-0
-0
-0
-0
-0
-0
-0
-0
-0
-0
-0
40.1611
-0
-0
-0
-0
35.3206
-0
-0
-0
-0
-0
-0
-0
-0
8.02982
-0
-0
-0
-0
-0
-0
-0
-0
-0
-0
-0
0.707444
-0
-0
7.21244
-0
-0
-0
-0
-0
-0
-0
-0
-0
-0
21.275
-0
-0
29.2827
-0
-0
1.8692
-0
-0
8.16203
-0
-0
18.9893
23.0717
-0
-0
26.0966
-0
-0
-0
-0
-0
11.8091
19.8249
-0
-0
-0
-0
-0
-0
-0
1.55898
-0
-0
8.27679
-0
-0
-0
-0
-0
-0
-0
-0
-0
13.2374
-0
7.55588
-0
-0
-0
-0
-0
-0
-0
-0
16.1485
-0
-0
-0
57.9439
1.64832
-0
-0
-0
5.90053
36.193
4.99224
-0
-0
-0
-0
-0
0.512567
-0
-0
-0
-0
-0
-0
-0
-0
17.8972
-0
-0
45.4165
-0
-0
-0
-0
-0
-0
-0
-0
18.4188
-0
-0
-0
14.1091
-0
13.9592
-0
-0
-0
-0
-0
47.213
-0
-0
14.0921
-0
15.1298
-0
-0
-0
-0
-0
-0
13.6662
-0
20.6415
-0
-0
19.2016
4.27257
-0
-0
35.4327
-0
-0
-0
-0
-0
-0
-0
-0
-0
-0
-0
-0
-0
-0
9.23253
-0
-0
-0
-0
-0
-0
-0
-0
-0
-0
-0
-0
-0
-0
-0
12.1728
4.70957
11.5326
-0
-0
-0
-0
42.1791
-0
-0
-0
-0
-0
-0
0.543772
-0
30.1539
-0
30.6612
0.674652
-0
-0
-0
-0
-0
-0
-0
29.8361
-0
-0
-0
1.17772
35.8469
-0
-0
-0
-0
-0
45.8336
-0
-0
-0
14.8358
-0
-0
50.8111
-0
-0
-0
-0
-0
-0
-0
13.4305
-0
-0
25.0401
0.68007
-0
-0
-0
7.57089
-0
-0
15.333
-0
12.3158
-0
-0
-0
-0
-0
-0
-0
-0
31.2
-0
-0
-0
-0
-0
-0
-0
-0
5.48542
-0
1.95729
-0
-0
-0
1.70992
-0
-0
-0
-0
-0
-0
-0
4.87725
-0
-0
-0
7.30265
4.3669
-0
-0
-0
19.4918
-0
-0
-0
18.818
-0
-0
-0
-0
11.7442
-0
14.629
12.8389
-0
-0
-0
-0
-0
-0
-0
4.56596
-0
-0
-0
-0
-0
-0
-0
31.1365
-0
-0
-0
-0
21.5768
-0
-0
-0
-0
23.5965
-0
36.9911
-0
-0
-0
18.7014
-0
-0
-0
-0
-0
12.8374
-0
-0
15.5703
44.7482
-0
32.054
-0
-0
-0
-0
21.5842
-0
-0
-0
18.0866
-0
-0
0.150808
-0
-0
-0
-0
13.097
-0
-0
58.9191
-0
-0
28.29
-0
-0
27.6926
28.3539
-0
-0
-0
-0
-0
-0
-0
8.92412
-0
-0
-0
19.2222
-0
-0
-0
-0
-0
8.22849
39.2922
-0
-0
12.4972
-0
5.75543
-0
-0
11.4877
-0
-0
-0
-0
-0
-0
-0
-0
17.6354
3.93099
0.966836
-0
-0
-0
-0
5.82121
30.6784
-0
-0
-0
12.1117
-0
4.25066
2.87188
11.1967
-0
-0
-0
-0
-0
-0
-0
-0
-0
7.99512
-0
-0
-0
-0
-0
-0
-0
-0
-0
-0
-0
30.8581
-0
-0
-0
-0
-0
2.79619
-0
6.75089
18.5908
-0
-0
-0
4.07507
-0
-0
12.6198
-0
-0
-0
37.6561
32.1769
16.1894
-0
-0
-0
-0
-0
36.8764
14.8429
-0
-0
31.2035
2.65407
-0
-0
-0
-0
-0
-0
-0
-0
-0
15.2428
33.3498
-0
0.3505
-0
-0
-0
-0
1.94644
-0
-0
24.3886
-0
-0
-0
47.586
-0
-0
-0
-0
-0
-0
-0
0.300853
-0
-0
-0
-0
-0
-0
0.273359
12.2341
-0
-0
-0
-0
-0
11.5166
-0
-0
-0
36.3854
8.44706
-0
-0
-0
-0
-0
-0
7.35871
-0
-0
-0
-0
-0
5.6759
3.77674
-0
-0
6.22381
-0
-0
-0
-0
-0
-0
-0
-0
-0
29.7123
18.6392
-0
-0
17.5397
-0
-0
-0
-0
-0
-0
-0
-0
-0
-0
-0
-0
21.6851
-0
-0
-0
-0
-0
14.125
-0
-0
-0
-0
-0
6.20529
22.9933
-0
-0
24.1871
-0
-0
-0
-0
-0
19.8116
20.312
-0
44.3117
-0
-0
-0
-0
-0
-0
-0
-0
26.2679
17.3935
-0
-0
50.5278
-0
-0
-0
-0
-0
-0
-0
-0
6.90015
64.5938
-0
-0
-0
-0
-0
9.96981
-0
-0
-0
-0
22.0422
12.2118
-0
-0
-0
-0
-0
-0
-0
-0
-0
23.7066
-0
-0
5.39353
-0
-0
-0
22.1287
24.1909
-0
-0
-0
-0
-0
-0
-0
-0
-0
-0
43.8758
-0
2.12827
13.4106
7.75067
-0
-0
-0
-0
-0
-0
-0
-0
2.70949
-0
3.39579
-0
-0
-0
-0
49.5999
-0
-0
-0
-0
-0
40.554
-0
-0
5.45983
-0
-0
15.0441
-0
0.210014
-0
23.5643
-0
-0
-0
-0
-0
20.266
-0
-0
-0
0.631695
7.86849
8.275
-0
-0
-0
3.77172
13.8261
36.5796
-0
-0
-0
-0
23.6413
-0
-0
-0
-0
17.1214
-0
-0
-0
-0
-0
-0
-0
-0
-0
4.90933
-0
-0
-0
-0
-0
-0
-0
-0
-0
25.526
-0
3.38363
-0
-0
-0
-0
-0
-0
-0
-0
-0
-0
-0
-0
12.5059
-0
-0
15.4078
10.8186
-0
-0
-0
12.2621
-0
5.08662
-0
-0
-0
-0
-0
-0
-0
3.30815
-0
-0
-0
-0
-0
-0
13.1734
-0
-0
6.41229
-0
-0
-0
13.4262
-0
-0
-0
-0
-0
-0
-0
-0
44.8617
14.663
-0
-0
31.0783
-0
-0
-0
-0
-0
-0
-0
24.8015
6.15915
-0
-0
-0
-0
15.3008
2.87047
-0
-0
-0
32.1691
85.1993
-0
26.7481
30.5063
26.0296
57.7745
-0
-0
-0
-0
-0
-0
-0
30.1586
-0
-0
-0
-0
32.3497
-0
-0
31.4044
16.2653
5.48531
-0
30.5659
-0
3.14595
-0
-0
-0
-0
-0
45.0108
46.6537
-0
-0
1.49541
-0
6.12345
-0
-0
-0
-0
-0
-0
-0
-0
-0
7.33329
-0
-0
-0
37.949
10.7699
-0
2.83045
-0
24.5324
43.5602
-0
-0
-0
-0
2.97688
-0
-0
-0
13.841
-0
6.16309
-0
-0
-0
-0
-0
-0
-0
39.4097
-0
4.61891
1.02673
5.35482
-0
-0
-0
-0
-0
-0
14.2926
-0
-0
-0
-0
-0
-0
-0
-0
-0
11.5443
-0
75.3056
-0
-0
4.0486
-0
-0
-0
11.6015
-0
-0
-0
-0
29.1008
21.8397
-0
-0
-0
-0
-0
-0
5.25958
32.0189
-0
-0
-0
-0
5.01892
-0
-0
-0
-0
-0
-0
9.03769
-0
-0
-0
-0
4.91307
-0
-0
7.61936
-0
0.104898
-0
-0
-0
22.9522
-0
-0
-0
-0
-0
-0
41.8531
-0
-0
-0
11.1821
-0
21.166
-0
-0
-0
-0
-0
-0
16.8352
-0
-0
-0
-0
-0
-0
-0
-0
-0
15.8267
-0
-0
-0
83.7317
-0
-0
-0
-0
-0
-0
-0
-0
-0
-0
-0
-0
-0
24.6815
-0
-0
-0
-0
21.3304
-0
-0
-0
3.19435
-0
-0
20.3184
-0
5.49601
-0
-0
-0
-0
-0
-0
-0
-0
3.41458
-0
46.229
-0
-0
-0
-0
-0
-0
-0
-0
-0
-0
-0
-0
-0
-0
-0
14.0003
4.68314
-0
-0
12.167
-0
-0
-0
-0
-0
-0
-0
1.317
14.2853
-0
-0
9.08041
-0
-0
-0
-0
-0
-0
-0
-0
-0
-0
9.87722
24.8013
-0
-0
-0
-0
-0
-0
-0
-0
-0
-0
-0
11.87
-0
-0
8.61405
25.0933
-0
-0
-0
-0
-0
-0
-0
-0
-0
-0
-0
17.7827
26.6265
-0
-0
-0
5.13183
-0
-0
-0
-0
33.3763
-0
-0
-0
-0
-0
4.52101
-0
16.4678
-0
-0
-0
-0
-0
-0
-0
-0
-0
-0
-0
-0
-0
-0
29.5736
-0
4.47722
-0
-0
-0
-0
-0
-0
-0
-0
12.4543
-0
-0
-0
-0
16.2637
6.27438
-0
-0
1.34488
-0
-0
-0
-0
-0
-0
-0
32.6649
-0
12.4938
14.6991
-0
-0
-0
-0
-0
-0
19.0414
-0
30.1589
-0
-0
-0
-0
55.7013
23.1857
-0
20.3685
12.8628
-0
-0
-0
-0
-0
-0
-0
-0
-0
24.983
9.23672
-0
2.54192
-0
-0
-0
-0
-0
-0
14.7446
27.3655
-0
-0
-0
-0
-0
-0
16.5136
11.4043
-0
-0
-0
-0
-0
-0
-0
31.0418
-0
-0
-0
-0
-0
-0
-0
-0
-0
9.99328
28.1677
-0
-0
-0
-0
-0
4.29199
-0
-0
-0
-0
-0
-0
-0
16.1066
-0
-0
-0
-0
-0
-0
21.2314
-0
-0
-0
-0
-0
-0
-0
-0
-0
-0
-0
-0
-0
-0
-0
-0
-0
-0
-0
-0
59.8801
-0
46.3999
-0
-0
-0
-0
-0
-0
7.27373
-0
-0
-0
1.55381
-0
-0
15.3062
-0
-0
-0
-0
-0
-0
-0
14.0844
-0
-0
-0
-0
-0
-0
43.234
-0
-0
-0
-0
-0
-0
26.1102
61.4117
-0
-0
-0
0.139141
-0
-0
-0
-0
37.1824
-0
15.9132
-0
-0
-0
52.6778
18.3144
-0
-0
-0
-0
-0
-0
-0
-0
-0
-0
-0
-0
53.7769
14.4252
-0
-0
-0
-0
-0
-0
-0
-0
-0
-0
4.48152
-0
-0
-0
-0
-0
-0
-0
6.53439
-0
-0
-0
-0
-0
-0
-0
-0
-0
-0
26.9237
-0
-0
-0
-0
-0
-0
-0
-0
25.3394
1.15276
-0
-0
1.9351
-0
-0
20.008
9.28031
11.3128
-0
-0
8.97004
-0
-0
-0
-0
-0
-0
-0
41.7089
-0
-0
-0
-0
-0
-0
-0
-0
13.7498
32.1721
-0
-0
-0
-0
-0
-0
-0
-0
-0
23.3945
5.65038
-0
-0
-0
6.4935
-0
31.354
9.30509
-0
-0
24.3145
-0
14.6342
-0
59.4178
3.35608
-0
38.6267
30.4748
-0
-0
-0
-0
-0
38.1139
19.0026
3.18076
-0
-0
-0
9.62884
-0
-0
-0
-0
11.6002
-0
5.71872
-0
-0
-0
34.1492
-0
-0
-0
59.4855
13.055
-0
16.6331
-0
-0
-0
36.489
-0
-0
-0
-0
-0
-0
3.36852
28.0723
15.5424
15.5468
3.72289
-0
-0
0.844418
-0
-0
-0
-0
-0
6.02154
14.361
-0
3.83927
-0
-0
-0
10.7548
-0
-0
-0
-0
-0
-0
-0
-0
8.53298
-0
-0
4.31376
-0
-0
-0
-0
3.38462
-0
38.8327
-0
11.063
-0
-0
0.465887
16.1294
-0
-0
20.2952
-0
-0
36.9713
-0
-0
-0
-0
34.3172
-0
24.0152
-0
-0
15.781
-0
44.706
-0
-0
-0
-0
-0
-0
-0
-0
19.3252
17.4578
12.5743
-0
-0
-0
-0
16.9968
-0
-0
-0
-0
-0
21.8342
-0
-0
22.8916
-0
4.86226
-0
-0
-0
-0
-0
-0
-0
-0
11.2544
-0
1.34486
21.0783
-0
52.8995
-0
-0
19.0767
-0
-0
-0
-0
-0
-0
-0
-0
0.0174477
-0
-0
-0
6.26889
10.8221
0.0718384
3.20864
-0
20.9467
-0
5.70338
12.7608
-0
-0
-0
-0
-0
-0
-0
-0
-0
-0
-0
-0
-0
-0
-0
-0
-0
-0
33.9128
-0
-0
11.7851
-0
-0
23.4818
38.5677
-0
-0
5.06151
-0
-0
-0
41.106
-0
8.8753
-0
20.3777
30.788
-0
-0
-0
-0
-0
-0
15.0086
-0
12.5069
20.22
-0
1.84373
-0
-0
-0
11.3058
-0
-0
-0
33.1292
-0
-0
-0
-0
-0
-0
-0
-0
11.8156
-0
28.0782
-0
-0
-0
-0
-0
-0
-0
-0
-0
6.12872
-0
-0
-0
19.28
-0
60.4983
32.4521
-0
-0
-0
-0
-0
-0
-0
-0
0.906034
16.6289
-0
21.3719
-0
35.9641
-0
-0
-0
3.10551
-0
35.4157
-0
-0
-0
-0
16.9049
-0
-0
-0
-0
8.94911
-0
26.5223
18.1992
-0
-0
-0
-0
-0
-0
16.1413
7.26579
-0
-0
-0
11.9517
-0
-0
4.71205
-0
-0
37.7839
-0
-0
-0
-0
-0
-0
-0
-0
-0
-0
-0
-0
-0
-0
34.237
-0
-0
-0
-0
-0
-0
-0
-0
3.44674
5.78769
-0
17.6482
17.9501
-0
-0
-0
11.0068
-0
-0
-0
-0
-0
-0
-0
-0
-0
-0
-0
-0
-0
-0
-0
29.7509
-0
-0
5.89964
-0
10.4894
-0
-0
-0
-0
-0
10.7941
-0
-0
17.1134
-0
-0
-0
-0
-0
-0
-0
-0
-0
17.4518
-0
16.4391
-0
15.0548
-0
-0
10.9187
11.4798
-0
11.5951
-0
-0
-0
-0
27.3359
-0
17.5536
-0
-0
1.68921
-0
-0
-0
-0
1.8639
18.5209
-0
20.7354
-0
-0
-0
-0
-0
-0
-0
-0
22.8547
-0
-0
-0
-0
-0
-0
-0
-0
-0
-0
-0
-0
-0
-0
3.19009
-0
-0
-0
-0
-0
-0
-0
-0
-0
-0
-0
-0
-0
-0
8.93226
-0
-0
26.4638
-0
-0
-0
0.108209
-0
-0
-0
-0
-0
2.21867
-0
-0
-0
1.96947
-0
-0
17.6716
44.6007
-0
-0
18.4007
-0
2.13523
-0
-0
-0
1.52945
20.756
-0
-0
-0
-0
-0
18.7774
-0
-0
-0
7.05113
20.8261
-0
-0
-0
0.190261
-0
-0
-0
-0
13.5283
-0
-0
-0
-0
-0
13.8441
-0
-0
-0
-0
-0
-0
-0
29.1151
-0
-0
-0
43.268
14.0543
-0
-0
-0
-0
-0
7.33779
21.8388
-0
-0
-0
-0
0.908416
-0
-0
-0
-0
-0
-0
-0
2.35236
-0
-0
-0
-0
-0
40.2075
-0
16.5545
-0
-0
-0
-0
-0
27.2249
41.6875
2.82207
-0
-0
-0
-0
-0
-0
5.8526
-0
-0
-0
-0
-0
15.0267
-0
-0
-0
-0
-0
-0
-0
-0
12.1453
-0
43.4404
-0
-0
-0
-0
-0
15.1672
-0
11.8245
-0
-0
-0
-0
13.3018
-0
-0
-0
-0
-0
-0
8.36735
-0
-0
-0
44.831
24.6301
-0
-0
40.599
-0
-0
-0
-0
4.85525
-0
31.3327
-0
-0
4.65199
-0
0.0816614
-0
33.8224
0.970683
-0
-0
-0
-0
41.4052
4.25887
-0
-0
-0
-0
15.9633
-0
8.4859
11.262
-0
-0
-0
-0
-0
-0
-0
-0
34.2064
-0
-0
-0
-0
-0
3.79425
-0
-0
-0
-0
-0
-0
-0
33.0178
-0
10.6572
-0
-0
-0
-0
-0
-0
-0
-0
-0
-0
-0
-0
-0
-0
-0
-0
-0
-0
3.09038
-0
26.5874
-0
-0
11.5067
-0
-0
-0
-0
-0
4.22774
-0
-0
-0
-0
1.99057
10.4188
-0
5.92712
-0
-0
-0
38.7069
-0
-0
-0
-0
-0
-0
-0
-0
-0
-0
-0
-0
-0
-0
-0
-0
-0
22.4049
-0
-0
-0
-0
-0
13.8126
-0
-0
-0
-0
-0
-0
-0
-0
-0
66.795
-0
-0
-0
31.1495
-0
22.6622
22.6245
4.14718
-0
58.183
-0
40.745
-0
4.88477
-0
0.0821812
35.5072
41.0361
-0
-0
-0
-0
5.90835
-0
-0
-0
-0
-0
-0
-0
3.49479
-0
-0
-0
-0
-0
-0
-0
-0
-0
6.33099
-0
-0
-0
-0
2.25723
-0
-0
-0
-0
22.1535
-0
-0
-0
-0
1.43108
-0
-0
21.6075
-0
-0
-0
17.0195
-0
10.692
-0
-0
17.1505
-0
-0
43.9926
-0
29.486
37.1578
-0
4.59192
-0
-0
-0
-0
-0
-0
-0
-0
-0
-0
-0
0.267098
-0
-0
-0
-0
1.79005
28.6746
-0
0.579862
-0
-0
25.9397
-0
-0
-0
-0
-0
6.53845
-0
-0
21.5272
23.1342
-0
-0
27.0888
2.26778
-0
-0
28.086
-0
5.60211
15.6848
-0
-0
-0
-0
-0
-0
-0
-0
7.63081
-0
-0
-0
-0
-0
-0
-0
-0
-0
-0
-0
-0
-0
36.3824
-0
-0
-0
-0
-0
28.0996
24.0584
-0
-0
-0
-0
-0
-0
22.4963
-0
-0
-0
8.32227
-0
-0
-0
-0
-0
6.85269
-0
-0
-0
-0
-0
-0
-0
-0
5.96096
-0
-0
-0
38.5833
7.64744
-0
3.85731
-0
8.97351
-0
-0
-0
-0
2.79679
-0
-0
-0
-0
-0
11.2276
-0
21.3868
-0
14.0144
-0
-0
-0
7.85786
53.0566
-0
-0
-0
-0
-0
-0
-0
-0
-0
-0
44.544
34.5605
-0
-0
6.58556
17.023
-0
0.835679
-0
0.468091
-0
16.1306
-0
-0
-0
7.12103
-0
-0
-0
-0
22.2701
-0
33.9294
-0
-0
9.8028
-0
-0
-0
-0
-0
-0
39.77
41.8153
-0
-0
-0
-0
5.23142
-0
-0
10.6268
-0
-0
-0
-0
46.733
0.828148
-0
-0
13.3418
-0
-0
-0
67.8049
-0
-0
-0
-0
-0
-0
-0
-0
-0
-0
-0
-0
1.81866
21.6152
-0
67.6559
-0
-0
-0
-0
-0
-0
-0
-0
24.9459
-0
-0
-0
34.8423
-0
-0
-0
29.2354
-0
-0
-0
-0
-0
-0
-0
-0
-0
-0
-0
41.8828
-0
-0
-0
19.5769
-0
-0
-0
-0
-0
-0
-0
28.381
-0
-0
19.483
-0
-0
42.2481
-0
-0
2.20012
-0
-0
-0
-0
-0
-0
19.9267
-0
7.63129
-0
-0
-0
61.0565
7.51203
-0
11.4779
-0
1.02187
-0
-0
-0
-0
-0
-0
-0
-0
-0
45.0111
9.34486
-0
-0
-0
35.741
-0
-0
2.12494
14.073
-0
-0
-0
-0
-0
-0
-0
-0
4.46344
-0
-0
51.575
-0
-0
-0
13.6998
-0
-0
-0
-0
-0
-0
-0
-0
33.575
-0
-0
-0
8.34813
-0
-0
12.6646
40.141
-0
-0
2.47318
-0
-0
37.5445
-0
-0
-0
-0
-0
33.0611
28.2259
-0
-0
16.8132
11.6733
58.772
2.65154
-0
-0
15.0695
-0
23.8276
-0
-0
-0
-0
-0
-0
-0
-0
-0
-0
-0
-0
19.7121
4.39719
-0
-0
20.27
-0
-0
-0
13.1297
-0
-0
-0
-0
-0
-0
-0
-0
0.561621
-0
-0
-0
13.3641
-0
-0
-0
-0
0.123847
-0
26.8887
-0
-0
-0
-0
-0
-0
-0
-0
-0
10.8228
-0
-0
-0
-0
-0
-0
-0
-0
-0
-0
-0
-0
-0
-0
-0
8.38984
-0
-0
-0
-0
-0
-0
8.34097
-0
-0
-0
-0
-0
-0
-0
-0
-0
-0
-0
-0
-0
39.6441
-0
-0
-0
-0
-0
-0
-0
-0
-0
-0
-0
12.7031
-0
-0
-0
-0
-0
3.46366
0.747053
7.80633
6.90714
-0
38.42
-0
-0
-0
-0
-0
-0
-0
-0
-0
4.81556
-0
-0
-0
-0
33.7129
-0
3.82315
10.9234
-0
10.1326
21.9857
-0
-0
16.8673
15.4108
-0
-0
-0
-0
1.28066
-0
13.0887
-0
-0
-0
-0
-0
2.01809
-0
-0
-0
-0
-0
-0
23.4845
-0
-0
-0
-0
-0
-0
-0
-0
-0
-0
-0
-0
-0
-0
-0
18.2556
-0
-0
20.082
-0
-0
31.4176
-0
8.73957
-0
56.44
-0
-0
-0
-0
7.3438
-0
-0
-0
-0
34.023
-0
49.6079
-0
-0
17.7489
-0
40.5185
-0
7.41829
-0
-0
35.7435
20.4212
1.32896
-0
-0
-0
-0
4.32478
2.50567
-0
22.1393
3.86751
29.4288
-0
23.9895
-0
-0
-0
-0
-0
-0
-0
-0
23.9009
-0
11.3146
-0
-0
-0
-0
1.84206
-0
-0
-0
-0
-0
-0
-0
5.04071
-0
4.18532
6.22495
-0
-0
-0
-0
-0
48.7232
-0
-0
-0
1.7609
-0
-0
15.8969
-0
-0
-0
-0
-0
-0
-0
-0
-0
13.3316
-0
-0
15.623
3.84224
-0
15.3002
-0
-0
-0
6.15217
16.0132
23.2436
-0
11.1178
4.5886
-0
0.457117
-0
-0
-0
6.74537
-0
-0
-0
-0
-0
-0
-0
-0
33.8446
-0
-0
-0
31.5919
47.6009
-0
21.8029
-0
-0
-0
-0
-0
-0
-0
37.2108
-0
-0
-0
-0
4.28552
6.77268
10.7763
-0
-0
25.8142
43.0656
-0
-0
5.46562
13.523
-0
44.2502
-0
-0
-0
-0
-0
-0
-0
-0
-0
-0
-0
64.4692
-0
-0
-0
-0
7.63117
-0
-0
-0
-0
35.5153
-0
-0
-0
-0
-0
-0
47.9901
-0
-0
-0
-0
-0
-0
4.1458
-0
24.677
1.31296
-0
-0
-0
-0
-0
-0
-0
1.80422
-0
-0
-0
-0
-0
-0
39.8877
4.99715
33.3871
-0
3.20537
13.3154
-0
-0
-0
-0
41.7529
-0
-0
-0
-0
-0
-0
-0
1.41579
-0
-0
-0
39.8837
48.3762
-0
6.82843
21.0312
-0
-0
-0
-0
-0
-0
-0
-0
-0
-0
7.18061
-0
-0
40.2427
10.6183
-0
0.124125
2.11924
-0
-0
-0
8.48776
-0
-0
-0
-0
1.26049
-0
-0
9.79825
-0
-0
-0
-0
-0
12.9561
-0
13.962
15.0888
-0
9.2965
5.8912
-0
-0
-0
-0
-0
-0
-0
37.2829
-0
-0
-0
17.3009
-0
-0
-0
-0
-0
-0
15.8127
21.2849
33.2356
28.9189
-0
-0
10.3877
37.7356
-0
-0
28.9661
-0
-0
-0
-0
-0
40.2863
-0
-0
-0
-0
0.687143
-0
-0
-0
-0
-0
-0
-0
11.7889
-0
-0
-0
-0
12.4011
-0
-0
-0
-0
-0
-0
-0
-0
-0
-0
1.33906
-0
-0
-0
-0
-0
-0
25.0269
-0
43.271
51.2676
17.0651
-0
-0
-0
1.57667
-0
-0
-0
-0
68.7813
-0
-0
-0
-0
24.206
-0
-0
-0
-0
-0
-0
-0
-0
-0
50.5265
-0
-0
-0
-0
-0
-0
-0
-0
-0
-0
36.9212
-0
-0
27.7033
-0
15.1828
26.6711
-0
2.20809
-0
-0
-0
-0
-0
-0
24.0439
-0
-0
-0
14.5137
17.1064
-0
-0
-0
-0
19.679
-0
46.2667
-0
-0
-0
29.3428
43.5216
-0
-0
1.75488
-0
29.2449
-0
22.296
-0
-0
-0
-0
-0
-0
35.3874
-0
-0
-0
-0
-0
-0
-0
14.1434
-0
-0
50.8741
-0
-0
14.0618
9.51838
-0
-0
-0
-0
-0
14.4177
-0
19.5172
-0
-0
-0
-0
-0
57.3123
-0
-0
-0
-0
-0
-0
-0
44.847
-0
-0
-0
-0
-0
-0
-0
-0
-0
27.3322
-0
-0
-0
-0
-0
-0
15.1903
-0
-0
-0
-0
-0
-0
-0
-0
-0
-0
-0
-0
-0
18.8815
-0
17.0518
-0
-0
-0
-0
11.7993
-0
-0
23.7819
-0
-0
-0
10.7681
-0
-0
-0
-0
56.0939
-0
-0
-0
-0
16.877
-0
-0
62.3187
-0
-0
-0
0.0988644
-0
-0
-0
-0
-0
-0
22.8962
-0
-0
-0
-0
-0
1.31794
-0
-0
-0
-0
-0
-0
-0
-0
-0
-0
-0
-0
-0
0.513822
-0
-0
-0
-0
-0
-0
11.8541
-0
65.3504
-0
-0
19.5148
-0
-0
-0
-0
35.207
-0
13.7864
27.9278
-0
-0
21.3622
-0
-0
-0
-0
-0
1.8595
-0
40.9628
2.75133
-0
-0
-0
-0
-0
-0
5.78909
5.88194
-0
-0
-0
46.3806
42.3385
2.55744
-0
-0
-0
-0
3.00806
-0
-0
1.84688
-0
-0
-0
49.6662
-0
-0
18.2097
49.892
-0
-0
-0
-0
-0
1.03765
-0
-0
-0
-0
-0
33.6653
-0
-0
-0
-0
-0
-0
-0
5.70346
-0
47.5688
2.77525
10.0446
-0
-0
8.30781
-0
8.80737
0.0871496
-0
-0
-0
40.8527
-0
-0
13.6186
-0
-0
4.69038
-0
-0
-0
-0
-0
-0
7.31741
-0
2.42132
-0
-0
40.6596
-0
-0
-0
-0
-0
-0
37.5859
-0
-0
-0
-0
-0
-0
-0
-0
-0
-0
-0
-0
-0
-0
-0
-0
4.82965
-0
-0
-0
-0
-0
-0
-0
30.1417
-0
-0
-0
-0
-0
-0
19.6277
-0
-0
-0
13.75
-0
-0
9.38621
-0
-0
-0
-0
-0
-0
-0
14.2432
-0
-0
-0
-0
-0
14.2546
-0
-0
-0
-0
-0
-0
-0
29.5053
-0
-0
-0
42.0844
-0
-0
-0
11.2656
-0
-0
37.144
2.69062
3.57141
5.74529
-0
-0
-0
15.6527
39.6701
-0
-0
5.52896
13.0237
-0
3.19069
-0
-0
-0
-0
-0
-0
-0
-0
3.77736
-0
-0
28.6707
-0
-0
-0
6.77814
-0
15.1909
10.9538
-0
-0
15.1229
-0
36.3692
2.86605
-0
-0
-0
35.1159
-0
-0
-0
-0
-0
-0
2.58968
-0
-0
-0
-0
4.29924
21.7757
-0
-0
-0
-0
-0
-0
3.5138
-0
9.44284
-0
-0
-0
-0
-0
-0
-0
12.7694
-0
-0
-0
-0
4.25647
-0
-0
-0
