-0
-0
-0
-0
-0
-0
-0
-0
28.9137
-0
35.5082
-0
-0
-0
-0
3.83054
27.5861
-0
-0
-0
-0
17.6462
-0
-0
31.2599
14.668
-0
-0
-0
-0
-0
-0
-0
-0
-0
-0
-0
-0
-0
-0
9.56677
-0
1.17769
11.6533
-0
-0
-0
-0
-0
-0
-0
-0
-0
8.46516
-0
-0
-0
1.86372
0.249249
19.0217
-0
-0
11.5713
6.14072
5.25796
-0
-0
-0
-0
-0
-0
-0
-0
-0
-0
-0
51.0303
-0
-0
-0
-0
27.1454
6.33925
-0
0.196227
-0
-0
0.44029
-0
-0
53.0154
-0
-0
-0
-0
-0
8.17401
-0
16.2371
-0
-0
-0
-0
7.5167
2.38948
-0
7.03303
3.1005
-0
-0
0.32172
-0
-0
-0
-0
-0
-0
-0
20.3476
27.9472
31.4553
-0
-0
14.4036
-0
-0
-0
-0
-0
-0
24.7172
-0
4.17409
-0
-0
-0
23.484
18.7871
-0
-0
-0
-0
26.1546
-0
-0
-0
-0
-0
-0
-0
-0
-0
-0
9.82042
-0
-0
-0
-0
-0
1.27447
13.3588
0.885577
-0
-0
-0
-0
-0
8.94201
-0
13.6291
-0
6.64038
-0
-0
-0
-0
-0
-0
-0
-0
-0
-0
-0
-0
-0
5.77603
7.25478
-0
6.63937
-0
13.93
48.3463
42.2971
5.49278
-0
-0
0.358035
3.19357
-0
-0
-0
10.0507
29.2033
-0
-0
-0
37.2763
7.5017
19.6494
-0
-0
-0
21.8724
-0
-0
-0
-0
-0
2.27298
-0
9.94024
-0
-0
-0
-0
-0
-0
17.9694
-0
6.98193
-0
-0
-0
-0
-0
1.83212
-0
-0
-0
-0
-0
-0
-0
-0
-0
-0
42.4993
-0
-0
-0
-0
8.78289
-0
12.1266
14.8223
-0
-0
18.3739
-0
-0
-0
6.22266
-0
-0
21.93
-0
-0
0.0901817
-0
-0
-0
25.624
4.68309
21.9209
-0
-0
-0
-0
-0
-0
30.0628
2.26567
-0
59.4775
-0
-0
0.306915
-0
-0
-0
-0
17.2923
26.7007
-0
23.1431
-0
-0
-0
11.7286
15.9517
-0
-0
5.03817
-0
5.87678
11.4309
-0
-0
13.7067
-0
7.20818
-0
-0
-0
-0
1.14872
-0
-0
-0
0.386004
-0
-0
37.8201
17.2653
-0
-0
5.27735
-0
-0
28.8241
-0
-0
-0
-0
-0
-0
-0
-0
-0
10.0513
-0
-0
-0
-0
15.8601
-0
-0
-0
9.89879
-0
-0
-0
-0
-0
5.03766
-0
-0
-0
-0
-0
16.4033
-0
-0
1.05842
-0
2.33862
-0
-0
-0
-0
-0
12.4231
-0
2.39049
-0
25.7312
-0
4.91937
-0
-0
-0
-0
18.4271
-0
-0
-0
-0
-0
-0
-0
-0
-0
-0
-0
-0
4.91285
-0
-0
-0
16.3476
10.2764
0.234918
-0
-0
-0
-0
-0
-0
-0
-0
-0
-0
-0
-0
4.40358
-0
-0
-0
-0
-0
14.6918
-0
-0
-0
-0
31.1228
-0
8.3252
33.6513
-0
-0
4.14003
-0
-0
-0
-0
23.9554
-0
-0
-0
-0
0.887109
-0
-0
-0
-0
-0
-0
-0
-0
28.3752
4.9198
-0
-0
-0
24.6025
-0
-0
-0
-0
-0
-0
-0
-0
2.84429
-0
-0
-0
-0
-0
-0
-0
-0
-0
-0
-0
13.7508
-0
-0
0.0841137
-0
-0
-0
-0
-0
-0
-0
-0
-0
5.55639
29.8791
-0
6.32487
10.2069
-0
4.58063
16.0535
-0
-0
17.5342
-0
-0
13.5041
12.7506
-0
-0
12.0377
-0
-0
-0
-0
-0
7.97613
-0
-0
-0
-0
-0
-0
-0
-0
11.9437
-0
-0
0.505403
-0
-0
-0
-0
-0
-0
-0
-0
-0
24.4778
-0
-0
-0
-0
-0
-0
-0
-0
-0
-0
11.6244
-0
-0
-0
29.5429
-0
-0
-0
-0
8.14563
23.6181
-0
-0
-0
-0
-0
-0
2.19511
-0
-0
-0
-0
-0
-0
-0
-0
-0
-0
16.4476
22.7967
-0
-0
-0
-0
-0
-0
-0
-0
20.1374
-0
-0
-0
-0
-0
15.1022
-0
-0
-0
-0
-0
27.6058
-0
-0
16.7462
-0
-0
-0
-0
-0
-0
-0
-0
-0
-0
21.0696
-0
-0
21.9324
29.2203
-0
-0
35.5133
-0
-0
-0
-0
-0
-0
-0
-0
-0
-0
-0
-0
-0
-0
15.1093
-0
-0
-0
-0
-0
-0
-0
-0
-0
-0
-0
-0
-0
-0
-0
40.693
14.3274
6.52664
-0
-0
-0
-0
29.7141
2.31252
-0
-0
-0
-0
-0
9.89481
3.54973
16.42
-0
22.2638
9.23715
-0
-0
-0
-0
-0
-0
-0
11.3487
-0
-0
5.91912
0.679419
36.2713
-0
-0
-0
-0
-0
20.0296
-0
-0
-0
-0
-0
-0
28.9924
4.40312
-0
-0
-0
-0
-0
-0
37.2716
-0
-0
13.1141
6.85863
-0
-0
-0
3.4934
-0
-0
-0
-0
17.763
-0
-0
1.09826
-0
-0
-0
-0
-0
38.5177
-0
-0
-0
-0
-0
-0
-0
-0
0.395509
-0
7.88453
-0
-0
-0
1.17138
-0
-0
-0
-0
8.93996
-0
-0
-0
-0
-0
-0
12.7738
9.97032
-0
-0
-0
7.36549
-0
10.1762
-0
16.3301
-0
-0
-0
-0
9.1773
2.64274
11.3966
8.12959
-0
-0
-0
-0
-0
-0
6.76542
-0
-0
-0
-0
-0
-0
-0
-0
23.4851
-0
-0
-0
-0
33.4732
-0
-0
-0
-0
21.5541
-0
37.1448
-0
4.56941
-0
2.80872
-0
-0
-0
7.82507
-0
16.0302
-0
-0
6.49059
16.0963
-0
9.94323
-0
-0
-0
-0
24.4862
-0
-0
-0
13.358
-0
-0
-0
-0
-0
-0
15.2209
8.10146
-0
-0
42.6936
-0
7.58546
3.00273
-0
-0
-0
38.3953
-0
-0
4.93755
-0
-0
-0
-0
-0
-0
-0
-0
17.2243
-0
-0
0.357431
-0
-0
-0
23.2295
-0
-0
16.4582
-0
1.07294
-0
-0
12.1051
-0
-0
-0
-0
-0
-0
-0
-0
7.91249
-0
16.8319
-0
-0
-0
-0
3.54704
7.09689
-0
-0
-0
10.3407
6.56847
-0
-0
29.9962
-0
-0
8.61386
-0
-0
-0
12.876
-0
-0
17.463
-0
-0
-0
-0
-0
-0
-0
-0
-0
-0
-0
35.6673
-0
-0
-0
-0
9.43149
36.7292
-0
4.89526
13.6364
-0
-0
-0
2.17137
-0
-0
10.7302
-0
-0
-0
31.7816
22.1997
-0
-0
-0
-0
-0
-0
31.6088
24.7613
-0
-0
11.493
-0
-0
-0
-0
-0
-0
-0
-0
-0
-0
-0
4.88391
-0
0.501132
-0
-0
-0
-0
12.59
-0
-0
34.5482
-0
-0
-0
13.3332
-0
-0
-0
-0
-0
-0
5.80891
6.82971
-0
-0
-0
-0
-0
-0
5.5582
25.4421
-0
-0
-0
-0
-0
-0
-0
-0
-0
19.0027
14.9638
-0
-0
0.497084
-0
-0
-0
1.16685
-0
-0
-0
2.20349
-0
-0
5.90168
-0
-0
-0
-0
-0
-0
-0
-0
-0
-0
-0
-0
20.4868
23.0877
-0
-0
-0
0.664008
-0
-0
-0
-0
-0
-0
-0
-0
-0
-0
-0
14.8554
-0
-0
-0
-0
-0
8.24741
-0
-0
-0
-0
-0
6.0103
-0
-0
-0
20.7402
-0
-0
-0
-0
-0
11.3948
18.1002
-0
27.8315
-0
-0
-0
-0
-0
-0
-0
-0
5.79056
19.5693
-0
-0
34.1577
-0
-0
-0
-0
-0
-0
-0
-0
14.2513
53.8358
-0
-0
-0
-0
-0
13.8986
0.13308
-0
2.51725
-0
19.9154
-0
-0
-0
-0
-0
-0
-0
-0
-0
-0
-0
-0
-0
8.61735
-0
-0
-0
-0
31.2853
-0
-0
-0
-0
-0
-0
-0
-0
-0
-0
24.2587
-0
2.24434
11.5079
5.21365
-0
-0
-0
-0
-0
-0
0.340648
-0
18.6508
-0
-0
-0
-0
-0
-0
49.3722
-0
-0
-0
-0
-0
10.6466
-0
-0
17.5302
-0
-0
2.88502
-0
0.0863884
-0
34.4093
-0
-0
-0
-0
-0
18.0687
-0
-0
-0
2.94457
-0
3.78381
-0
-0
-0
11.7292
21.7873
33.3462
-0
-0
-0
-0
3.53561
-0
-0
-0
-0
3.68493
-0
-0
-0
-0
-0
-0
-0
-0
-0
-0
-0
13.5919
-0
-0
-0
-0
-0
-0
-0
40.7779
-0
-0
-0
-0
-0
-0
-0
-0
-0
-0
-0
-0
-0
-0
1.08304
-0
-0
1.2438
10.4057
-0
-0
-0
-0
-0
13.9687
-0
0.023072
-0
-0
-0
-0
-0
-0
-0
-0
-0
-0
-0
-0
-0
-0
-0
4.4639
-0
1.41673
-0
30.8212
-0
-0
-0
-0
-0
-0
-0
-0
27.9608
-0
-0
-0
19.6949
-0
-0
-0
-0
-0
-0
-0
25.1002
0.0388807
-0
-0
-0
-0
6.90385
-0
0.903383
-0
-0
8.45827
53.6714
-0
17.1681
33.0058
14.6642
35.2367
-0
-0
-0
-0
-0
-0
-0
4.371
-0
-0
6.14047
-0
16.6766
-0
-0
23.2385
-0
-0
-0
25.039
-0
11.0907
-0
22.3361
-0
-0
-0
15.7351
28.423
-0
-0
-0
-0
-0
-0
-0
-0
-0
-0
-0
-0
10.9394
-0
6.06098
-0
-0
-0
28.8882
-0
-0
-0
-0
0.71488
31.542
13.8325
-0
-0
-0
-0
-0
9.75356
-0
16.3319
-0
-0
-0
-0
-0
-0
-0
-0
-0
20.038
-0
4.95393
-0
9.67176
-0
-0
-0
-0
-0
-0
12.049
12.2384
-0
-0
9.15268
-0
-0
-0
-0
-0
8.35856
-0
58.1188
9.93323
-0
13.1403
-0
-0
-0
26.2236
-0
-0
-0
-0
39.1781
20.7909
-0
-0
-0
-0
2.19717
-0
4.92411
29.6253
-0
-0
-0
-0
29.0831
-0
-0
-0
-0
-0
-0
-0
11.1313
-0
-0
-0
4.56574
10.2735
-0
7.2159
-0
-0
-0
-0
-0
10.1859
-0
-0
-0
-0
-0
-0
20.4297
-0
-0
-0
-0
-0
27.359
-0
-0
-0
-0
-0
-0
2.04602
-0
-0
-0
-0
-0
-0
-0
-0
-0
-0
-0
-0
-0
62.694
-0
-0
-0
-0
-0
-0
-0
-0
-0
-0
-0
-0
-0
-0
-0
-0
-0
-0
16.9233
3.03931
-0
-0
1.04717
-0
-0
-0
-0
12.1993
-0
-0
-0
-0
-0
-0
1.57617
-0
-0
-0
34.2682
-0
-0
-0
-0
-0
-0
-0
5.8456
-0
-0
-0
-0
-0
-0
-0
4.06386
9.41874
-0
-0
21.9729
-0
-0
-0
-0
-0
-0
-0
36.2936
-0
-0
-0
-0
-0
-0
-0
-0
2.42828
-0
-0
-0
-0
-0
5.30917
23.9454
-0
-0
-0
-0
-0
-0
-0
-0
-0
-0
-0
4.02183
-0
-0
2.75455
2.81149
-0
-0
-0
-0
-0
-0
-0
-0
-0
-0
-0
14.5449
32.7217
-0
-0
-0
8.45195
-0
-0
-0
-0
29.9785
-0
-0
-0
-0
-0
-0
-0
11.3887
-0
-0
-0
-0
-0
-0
-0
-0
-0
-0
-0
2.98839
-0
-0
13.7136
-0
3.99227
16.3603
-0
-0
-0
-0
-0
-0
-0
2.2106
-0
0.274032
-0
-0
3.43766
-0
-0
-0
-0
-0
-0
-0
-0
13.3374
-0
-0
10.7908
-0
17.0002
-0
8.11796
-0
-0
-0
-0
-0
19.3135
-0
30.9024
-0
-0
-0
-0
37.7441
17.2225
-0
7.38
31.0627
-0
-0
-0
-0
-0
-0
-0
-0
-0
19.5977
18.0851
-0
-0
-0
-0
-0
-0
-0
-0
5.61854
24.859
-0
-0
-0
-0
-0
-0
20.2588
-0
-0
-0
-0
-0
-0
-0
-0
30.8837
-0
-0
-0
-0
-0
-0
-0
-0
-0
19.0327
27.5049
-0
-0
-0
-0
-0
-0
-0
-0
-0
-0
-0
-0
-0
10.4444
-0
-0
-0
-0
-0
-0
21.5222
-0
-0
-0
9.98326
-0
-0
-0
-0
-0
-0
-0
-0
-0
-0
4.09004
-0
-0
-0
-0
-0
37.0411
-0
33.1948
-0
-0
-0
-0
-0
-0
-0
-0
-0
-0
3.91884
14.1892
-0
13.1242
-0
-0
-0
-0
-0
-0
-0
18.0295
-0
-0
-0
-0
-0
-0
6.00081
-0
-0
-0
-0
-0
-0
14.9444
37.1634
-0
-0
-0
-0
-0
-0
-0
-0
29.0576
-0
20.4089
-0
-0
-0
23.8847
2.8964
-0
-0
-0
-0
-0
-0
-0
-0
-0
-0
-0
-0
47.2149
7.43737
-0
-0
-0
-0
-0
-0
-0
-0
-0
-0
-0
-0
-0
-0
-0
-0
-0
-0
-0
-0
-0
-0
-0
-0
-0
-0
-0
-0
-0
27.1359
-0
-0
2.43136
-0
-0
-0
-0
-0
20.9919
1.00758
-0
-0
-0
-0
1.25126
19.8306
9.26154
-0
-0
-0
-0
-0
7.13241
-0
-0
-0
-0
-0
18.5772
-0
-0
-0
-0
-0
-0
-0
-0
4.81793
29.4868
-0
-0
-0
-0
-0
-0
-0
-0
-0
22.731
10.1057
-0
-0
-0
6.84005
-0
22.7941
-0
-0
-0
14.4684
-0
26.1041
-0
38.5446
4.76837
-0
21.5449
13.1749
-0
-0
4.49119
-0
-0
26.1121
14.1562
2.14426
-0
-0
-0
12.3693
5.11831
-0
-0
-0
7.66772
-0
-0
-0
-0
-0
25.6201
-0
-0
-0
32.6292
6.05458
-0
3.21704
-0
-0
-0
34.7258
-0
-0
-0
-0
-0
-0
4.88424
1.38015
6.74832
-0
4.70232
0.58021
-0
8.22875
-0
-0
-0
-0
-0
-0
16.1572
0.110808
29.1339
-0
-0
-0
8.34403
-0
-0
-0
-0
-0
-0
-0
-0
-0
-0
-0
4.9073
-0
-0
-0
-0
2.47835
-0
33.929
-0
0.900648
-0
-0
0.292975
3.74818
-0
-0
10.9752
-0
-0
32.4141
-0
-0
-0
-0
29.7202
-0
18.1924
-0
-0
8.91248
-0
10.8249
-0
-0
0.246538
-0
-0
-0
-0
-0
15.6047
5.96633
-0
-0
-0
-0
-0
5.53414
-0
-0
-0
-0
-0
4.59687
-0
-0
17.368
-0
0.253177
-0
-0
-0
-0
-0
-0
-0
-0
5.95155
-0
0.378842
6.54402
5.90475
34.7446
-0
-0
2.78278
-0
-0
-0
-0
-0
-0
-0
-0
4.34356
-0
-0
-0
-0
20.2824
-0
-0
-0
24.848
-0
3.01894
-0
-0
-0
-0
-0
-0
-0
-0
-0
-0
-0
1.86082
-0
-0
-0
-0
-0
-0
-0
23.6114
-0
-0
28.0577
-0
-0
14.2143
46.9393
-0
-0
-0
-0
-0
-0
22.3092
-0
7.7506
4.86681
12.2347
20.8803
-0
-0
-0
-0
-0
11.2576
6.08006
1.77332
17.4493
-0
-0
-0
-0
-0
-0
8.40075
-0
-0
-0
11.3556
-0
-0
-0
-0
-0
-0
-0
-0
-0
-0
33.1347
-0
-0
-0
-0
-0
-0
-0
-0
-0
9.90735
-0
-0
-0
-0
-0
38.4779
16.5266
-0
4.67855
-0
-0
-0
-0
-0
-0
-0
14.7865
-0
31.1195
1.5757
22.2089
7.23421
-0
-0
-0
-0
17.7135
-0
-0
-0
-0
-0
-0
-0
-0
-0
2.83198
-0
11.8262
18.587
-0
-0
-0
-0
-0
-0
11.4923
10.7219
-0
-0
-0
5.42571
-0
-0
-0
-0
-0
19.8011
-0
-0
-0
-0
6.32182
-0
-0
-0
-0
-0
-0
-0
-0
-0
15.2941
-0
0.730899
-0
5.24775
-0
-0
-0
-0
-0
14.2979
-0
25.7358
12.8268
-0
-0
-0
23.7669
-0
-0
-0
-0
-0
-0
-0
-0
-0
-0
-0
-0
-0
-0
-0
27.8285
-0
5.75642
-0
-0
8.78793
-0
-0
-0
-0
-0
12.0779
-0
-0
14.8624
-0
-0
-0
0.235966
-0
-0
-0
-0
-0
-0
-0
26.5497
-0
16.7871
-0
-0
27.0276
-0
-0
-0
-0
-0
3.37497
-0
22.1286
-0
17.5113
-0
-0
-0
-0
-0
-0
13.6012
8.26882
21.9184
-0
34.1424
-0
-0
1.48692
-0
-0
-0
-0
-0
27.324
-0
-0
-0
-0
-0
-0
-0
-0
-0
-0
-0
-0
-0
-0
-0
-0
-0
-0
-0
-0
-0
-0
-0
-0
-0
-0
-0
-0
-0
3.04275
-0
-0
27.2017
-0
-0
-0
-0
-0
-0
-0
-0
-0
13.7783
-0
-0
-0
1.24165
-0
-0
12.9573
54.475
-0
-0
15.407
3.82588
-0
-0
12.9698
-0
9.89313
6.77567
-0
-0
-0
-0
-0
15.8774
-0
-0
-0
3.44189
4.75988
-0
-0
-0
15.6732
-0
-0
-0
-0
12.2899
-0
-0
-0
-0
-0
1.11689
-0
-0
-0
-0
-0
-0
-0
23.1471
-0
-0
-0
20.7479
12.1846
-0
-0
-0
-0
-0
-0
30.1415
8.35455
-0
-0
-0
-0
-0
-0
-0
-0
-0
-0
-0
1.78741
-0
-0
-0
-0
-0
28.9666
2.94889
21.8736
-0
-0
-0
-0
-0
7.20335
34.3592
-0
-0
-0
-0
-0
-0
-0
5.7095
-0
-0
1.06135
-0
-0
12.4467
-0
-0
-0
-0
-0
-0
-0
-0
21.239
-0
23.0943
-0
-0
-0
-0
-0
13.4748
-0
17.1298
28.487
-0
-0
-0
14.4367
-0
-0
-0
-0
-0
-0
5.7153
-0
-0
-0
27.3154
27.9022
-0
-0
13.482
-0
-0
-0
0.311102
22.3805
-0
15.9168
-0
-0
8.2756
-0
-0
-0
22.6892
-0
-0
-0
1.27927
-0
31.0903
-0
-0
-0
-0
16.7647
-0
-0
7.04447
7.46269
-0
-0
-0
-0
-0
-0
-0
8.00169
42.1008
-0
-0
-0
-0
-0
6.498
-0
-0
-0
-0
-0
-0
-0
19.5232
-0
12.1872
-0
-0
-0
-0
-0
-0
-0
-0
-0
-0
-0
-0
-0
14.9678
-0
-0
-0
-0
-0
2.62275
17.9363
-0
-0
15.4073
-0
-0
-0
-0
-0
3.63688
-0
12.269
-0
-0
2.17072
7.83116
-0
-0
-0
-0
-0
39.2127
-0
-0
-0
-0
-0
-0
-0
-0
-0
-0
-0
-0
-0
-0
-0
-0
-0
20.235
-0
-0
-0
-0
-0
19.8959
1.93308
-0
3.2994
-0
-0
-0
0.735554
-0
-0
26.837
-0
-0
-0
10.1514
-0
4.0719
29.7332
13.1121
-0
44.3156
-0
38.0261
-0
-0
-0
-0
36.2204
36.7656
-0
6.25931
-0
-0
-0
-0
-0
-0
-0
-0
-0
-0
2.281
-0
-0
-0
-0
-0
-0
6.47302
-0
-0
-0
-0
-0
-0
9.22135
9.91375
-0
-0
-0
-0
16.4045
-0
-0
-0
-0
0.57843
1.3568
-0
13.0551
-0
-0
6.44079
8.93793
0.0979104
5.91946
-0
-0
16.502
-0
-0
13.256
-0
20.4267
47.1595
-0
8.26215
-0
-0
-0
-0
-0
-0
-0
-0
-0
-0
-0
0.527762
-0
-0
-0
-0
10.7126
26.0566
-0
0.00249989
-0
-0
17.7267
-0
-0
-0
-0
-0
2.45009
-0
-0
4.72195
4.79441
-0
-0
21.8747
9.31451
-0
-0
-0
-0
-0
5.4531
-0
-0
-0
-0
-0
-0
-0
-0
1.24769
-0
-0
-0
-0
-0
-0
-0
-0
-0
-0
-0
-0
-0
27.5531
-0
-0
-0
-0
-0
26.394
1.33029
-0
-0
-0
-0
-0
-0
31.8029
-0
-0
-0
22.0077
-0
-0
-0
-0
-0
14.938
-0
-0
-0
-0
-0
-0
-0
-0
4.79708
-0
-0
-0
28.84
6.27685
-0
-0
-0
6.14277
6.29018
-0
-0
-0
3.69065
-0
-0
-0
-0
-0
4.65587
-0
39.0272
5.00714
-0
-0
-0
-0
-0
28.7469
-0
-0
22.747
-0
-0
-0
-0
-0
-0
-0
27.0345
34.3613
-0
-0
-0
10.0195
-0
-0
5.24284
7.35287
-0
13.3401
-0
-0
-0
14.3006
-0
-0
-0
-0
4.26947
-0
24.782
-0
-0
11.6235
-0
-0
-0
-0
-0
-0
37.1512
9.60821
-0
-0
-0
-0
-0
-0
-0
18.3584
-0
-0
-0
-0
24.4281
-0
-0
-0
11.0209
-0
2.96111
-0
58.2252
-0
-0
-0
-0
-0
-0
-0
-0
-0
-0
6.47731
-0
-0
7.24714
-0
49.917
-0
-0
-0
-0
-0
-0
-0
-0
33.7596
-0
-0
-0
24.1681
-0
-0
-0
10.2038
-0
-0
-0
-0
-0
-0
-0
-0
-0
-0
-0
17.3368
-0
-0
-0
11.5601
8.3716
-0
-0
-0
-0
-0
-0
9.49123
-0
-0
7.84988
-0
-0
21.5182
-0
-0
10.6157
-0
-0
-0
-0
-0
-0
0.131767
-0
7.0268
-0
-0
-0
44.3616
3.41149
-0
-0
2.64437
-0
-0
-0
-0
-0
-0
-0
-0
-0
-0
12.2046
-0
-0
-0
-0
46.3844
-0
-0
1.06947
-0
-0
-0
-0
-0
-0
-0
-0
-0
2.05159
-0
-0
36.5709
-0
-0
-0
-0
-0
-0
-0
-0
-0
-0
-0
-0
27.4097
-0
-0
-0
2.91214
-0
-0
20.3621
28.1335
-0
-0
-0
-0
-0
27.7901
-0
-0
-0
-0
-0
26.0996
28.2279
-0
10.0108
12.351
-0
38.2114
-0
-0
2.23054
6.79461
-0
14.2709
-0
-0
-0
-0
-0
-0
-0
-0
-0
-0
-0
-0
19.7616
-0
-0
-0
14.2684
-0
-0
-0
3.48435
-0
-0
-0
-0
-0
-0
-0
10.0824
12.7008
-0
-0
4.70907
-0
-0
-0
-0
-0
-0
-0
31.5643
-0
-0
-0
-0
8.40042
-0
-0
-0
-0
13.8056
-0
0.00273889
-0
-0
-0
-0
-0
-0
-0
-0
-0
-0
-0
-0
0.774036
16.3191
-0
-0
-0
-0
2.93724
-0
7.31363
-0
-0
-0
-0
13.1807
-0
-0
-0
-0
-0
-0
-0
-0
30.4307
-0
-0
0.885469
-0
-0
-0
-0
-0
-0
-0
-0
-0
-0
-0
-0
-0
-0
1.68317
0.0829907
13.1394
24.3406
-0
45.2536
-0
1.4886
-0
-0
-0
-0
-0
-0
-0
17.982
-0
-0
-0
-0
35.3619
-0
6.582
8.70425
-0
0.621276
8.96342
-0
-0
12.8023
10.8929
-0
-0
-0
-0
1.06964
-0
3.75863
-0
-0
-0
-0
-0
5.90701
-0
-0
-0
-0
-0
-0
30.4378
7.46073
-0
-0
1.28582
-0
-0
-0
-0
-0
-0
-0
-0
-0
0.692704
-0
15.46
-0
-0
2.32111
-0
-0
37.6002
-0
-0
-0
36.8512
-0
-0
-0
-0
11.85
-0
-0
-0
-0
11.6631
-0
38.2809
-0
-0
13.9487
-0
31.033
-0
28.9165
-0
-0
26.5987
34.6842
-0
-0
-0
-0
-0
4.99784
12.0691
-0
10.3935
-0
7.34069
-0
10.3506
-0
-0
-0
-0
-0
-0
-0
-0
16.1922
-0
-0
4.55124
-0
-0
-0
10.4934
-0
-0
2.0413
-0
-0
-0
-0
3.49991
11.2411
3.3563
6.63894
-0
-0
-0
-0
-0
21.6319
-0
-0
-0
-0
-0
-0
9.25163
-0
-0
-0
-0
-0
-0
-0
-0
-0
18.2708
-0
-0
-0
-0
2.34597
4.2773
3.39648
-0
-0
10.0525
-0
24.5163
-0
-0
-0
0.887614
5.46915
-0
-0
-0
-0
-0
-0
-0
-0
-0
-0
-0
-0
16.9066
-0
-0
-0
31.2267
18.7985
-0
17.9658
-0
-0
-0
-0
-0
-0
-0
29.0608
-0
-0
-0
9.20677
-0
-0
5.34253
-0
5.07767
15.0893
16.0048
-0
-0
15.1915
13.9813
-0
23.4387
-0
-0
-0
-0
-0
-0
-0
-0
-0
-0
-0
42.1431
-0
-0
-0
-0
8.27479
-0
-0
-0
-0
30.9566
-0
-0
-0
-0
-0
-0
33.0787
-0
-0
-0
-0
-0
-0
16.018
-0
34.2128
5.70499
-0
-0
-0
-0
-0
-0
-0
4.46228
10.7386
-0
-0
-0
5.70752
-0
33.8342
3.08015
12.6975
-0
-0
12.8487
-0
-0
-0
-0
37.0138
-0
-0
-0
-0
-0
-0
1.50883
-0
-0
-0
-0
46.8118
19.6048
-0
10.5826
11.2984
-0
10.5277
-0
-0
-0
-0
0.760006
-0
-0
-0
4.44441
-0
-0
31.712
13.28
-0
-0
8.79012
-0
-0
-0
0.856727
-0
-0
-0
-0
7.97361
-0
-0
29.1756
-0
-0
-0
-0
-0
21.578
-0
15.6192
20.3996
-0
13.8002
-0
-0
-0
-0
-0
-0
-0
-0
1.62007
-0
-0
-0
-0
-0
-0
-0
-0
-0
-0
19.6338
-0
32.2539
24.3209
-0
-0
-0
25.4114
-0
-0
44.7011
-0
-0
-0
-0
-0
25.9696
-0
-0
-0
-0
-0
7.77046
-0
-0
-0
-0
-0
-0
41.1705
-0
-0
-0
-0
15.5608
-0
-0
-0
-0
-0
-0
-0
-0
-0
-0
-0
-0
-0
-0
-0
0.568824
-0
41.2422
-0
28.1911
31.3652
2.06306
-0
-0
21.8535
2.11392
-0
-0
-0
-0
44.5316
-0
-0
-0
-0
11.6809
-0
-0
-0
-0
-0
-0
11.3167
-0
-0
31.8487
-0
-0
-0
-0
-0
-0
-0
-0
-0
-0
14.4349
-0
-0
12.3735
-0
-0
13.9056
-0
0.375488
-0
2.63764
-0
-0
-0
-0
11.6125
-0
-0
-0
-0
1.82968
-0
-0
-0
-0
15.6409
-0
0.417145
1.58384
-0
-0
10.9812
9.34395
-0
-0
0.409294
-0
22.9336
-0
16.1703
-0
-0
-0
-0
-0
-0
35.8703
-0
-0
-0
-0
-0
-0
-0
13.0749
-0
-0
40.5176
-0
-0
9.36794
7.54426
-0
-0
-0
-0
-0
-0
-0
19.5413
-0
9.263
-0
-0
-0
41.3577
5.34472
-0
-0
-0
-0
-0
-0
24.9213
-0
-0
-0
-0
-0
6.78586
-0
-0
-0
15.8826
-0
-0
-0
-0
-0
-0
6.70107
-0
-0
-0
-0
-0
-0
-0
-0
-0
-0
-0
-0
-0
8.8449
-0
19.0581
-0
0.767107
-0
-0
-0
-0
-0
3.23362
-0
-0
-0
3.40291
-0
-0
-0
-0
42.8234
-0
-0
-0
-0
13.4896
-0
-0
34.0975
-0
-0
-0
-0
-0
-0
-0
-0
-0
-0
6.02942
-0
-0
0.0360631
-0
-0
-0
-0
-0
-0
-0
-0
-0
-0
-0
-0
-0
-0
1.52197
-0
-0
-0
-0
-0
-0
-0
-0
9.44958
-0
37.048
-0
-0
19.0279
-0
-0
-0
-0
28.2467
-0
11.3004
-0
-0
-0
26.6005
-0
-0
-0
-0
-0
3.37177
-0
32.3094
4.1099
-0
-0
-0
-0
-0
-0
16.6811
0.696653
-0
-0
-0
25.6618
30.5759
-0
-0
-0
-0
0.0835439
3.07527
-0
-0
6.2537
-0
-0
-0
35.9782
-0
-0
10.5869
41.5284
-0
-0
-0
-0
-0
13.3685
-0
-0
-0
-0
-0
16.2036
-0
-0
-0
-0
3.99857
-0
11.5613
18.7073
-0
38.0755
1.82585
4.36451
0.0840177
-0
-0
-0
9.08118
4.18865
11.2766
-0
-0
20.4042
-0
-0
-0
-0
-0
4.82709
-0
-0
-0
-0
-0
-0
2.77329
-0
1.91823
-0
-0
36.5545
-0
-0
-0
-0
-0
-0
48.0484
-0
-0
-0
-0
-0
-0
-0
-0
-0
-0
-0
-0
14.0512
-0
-0
-0
-0
-0
-0
-0
-0
-0
-0
-0
16.1774
-0
-0
-0
-0
7.29517
-0
4.90462
-0
-0
-0
2.35122
-0
-0
11.3247
-0
-0
-0
-0
-0
-0
-0
9.25444
9.37198
-0
-0
-0
-0
18.3019
-0
-0
5.94456
-0
-0
-0
-0
27.4731
-0
-0
-0
-0
-0
-0
-0
-0
-0
-0
31.2574
6.87341
20.7089
-0
-0
3.95744
-0
2.60777
21.3093
-0
-0
4.39415
3.11921
-0
2.52718
-0
-0
-0
-0
-0
-0
-0
-0
3.8278
-0
-0
12.7074
-0
-0
-0
5.0576
-0
14.3562
10.5949
-0
-0
9.2149
-0
19.4768
11.0232
-0
-0
-0
32.3803
-0
-0
-0
-0
-0
-0
7.53495
-0
-0
-0
5.07041
4.33175
23.2651
-0
-0
-0
-0
-0
-0
-0
-0
-0
-0
2.36208
11.782
-0
-0
-0
-0
13.7837
-0
-0
-0
2.49373
9.69009
-0
-0
-0
