0.629132
-0
-0
-0
-0
-0
-0
-0
51.1178
-0
66.3211
-0
-0
-0
-0
6.91839
-0
-0
-0
-0
-0
-0
-0
-0
-0
2.30969
-0
-0
-0
-0
-0
-0
-0
-0
-0
-0
-0
-0
-0
-0
-0
-0
-0
-0
-0
-0
-0
-0
-0
11.3967
-0
-0
-0
-0
-0
-0
9.86053
-0
6.22129
26.8193
-0
-0
-0
-0
27.5759
-0
-0
-0
-0
1.03676
-0
-0
-0
-0
-0
-0
36.8144
12.419
-0
-0
-0
42.7416
-0
-0
-0
-0
-0
24.1191
-0
-0
-0
-0
-0
-0
-0
-0
-0
-0
17.3663
-0
-0
-0
-0
-0
-0
-0
-0
-0
-0
-0
-0
-0
-0
-0
-0
-0
-0
-0
37.2613
33.1585
23.0325
-0
16.7622
-0
-0
-0
-0
-0
-0
-0
16.6368
36.0322
37.2071
-0
-0
-0
-0
-0
-0
9.33882
-0
-0
-0
-0
-0
-0
-0
-0
-0
-0
-0
-0
-0
-0
-0
-0
19.4229
-0
-0
2.93541
-0
0.665673
-0
-0
-0
-0
3.71931
13.9166
-0
42.3459
-0
22.9562
-0
-0
-0
-0
-0
-0
3.23896
-0
26.8958
-0
-0
-0
-0
4.02902
-0
-0
44.8212
-0
6.82709
10.2262
-0
6.83354
-0
-0
-0
-0
-0
-0
-0
49.3671
-0
-0
-0
-0
-0
7.4079
-0
-0
-0
-0
24.1237
-0
-0
6.4798
-0
-0
-0
-0
0.359195
-0
-0
-0
-0
-0
-0
-0
-0
-0
-0
-0
-0
-0
-0
-0
-0
-0
-0
-0
-0
-0
-0
-0
-0
-0
38.8776
-0
-0
-0
-0
-0
0.110119
1.48501
-0
-0
-0
-0
-0
-0
-0
-0
-0
11.683
-0
-0
-0
-0
-0
-0
-0
17.9747
13.2312
18.7994
-0
-0
-0
-0
-0
-0
-0
7.61915
-0
0.880598
-0
-0
-0
-0
-0
-0
0.347517
-0
9.3777
-0
12.6225
-0
18.1622
-0
-0
29.2453
-0
8.94774
2.57253
-0
13.4775
30.6134
-0
-0
4.03617
-0
-0
-0
-0
-0
7.65555
0.268554
-0
-0
-0
0.421901
-0
-0
20.6528
-0
35.3604
-0
-0
-0
-0
14.5881
-0
-0
-0
-0
-0
-0
-0
-0
-0
-0
-0
-0
-0
-0
5.77396
-0
-0
-0
-0
-0
-0
-0
-0
-0
19.2791
-0
-0
-0
-0
-0
-0
-0
-0
40.3298
3.27288
1.71963
-0
-0
-0
-0
-0
20.7483
0.112428
-0
-0
-0
-0
-0
-0
-0
-0
13.307
13.0883
-0
-0
42.9331
-0
-0
-0
-0
-0
12.1948
-0
-0
-0
-0
-0
-0
-0
-0
-0
16.4605
-0
-0
-0
9.45893
-0
-0
-0
26.7742
-0
-0
-0
-0
-0
18.9895
-0
-0
-0
-0
20.7959
-0
-0
-0
-0
-0
-0
-0
2.80759
28.5662
-0
-0
-0
-0
9.21886
-0
6.37512
-0
-0
-0
-0
16.5868
-0
-0
-0
-0
-0
-0
-0
-0
38.8933
-0
-0
-0
18.7703
-0
-0
-0
-0
-0
-0
-0
-0
-0
10.6894
-0
-0
-0
-0
-0
-0
-0
-0
-0
-0
6.80245
35.5965
-0
-0
-0
-0
-0
-0
-0
-0
-0
-0
1.44536
-0
17.4345
34.7798
-0
-0
-0
-0
-0
0.390459
-0
-0
-0
-0
-0
11.8513
1.84434
-0
-0
-0
-0
-0
37.5361
-0
-0
-0
-0
-0
13.2001
-0
-0
-0
-0
-0
-0
-0
23.616
-0
-0
-0
1.33086
-0
2.2001
-0
-0
-0
-0
45.5781
-0
-0
3.29004
-0
-0
-0
-0
-0
-0
-0
18.3927
-0
-0
9.53785
21.0101
-0
-0
-0
-0
34.3364
39.2755
-0
-0
-0
-0
-0
-0
32.0138
-0
0.926312
-0
-0
-0
-0
-0
-0
-0
-0
-0
-0
3.7873
-0
-0
19.6696
4.21982
-0
-0
-0
11.3372
-0
-0
-0
-0
-0
7.49293
-0
-0
-0
-0
-0
13.9008
-0
16.1087
32.8331
-0
4.16455
-0
-0
-0
-0
-0
-0
29.6189
-0
32.0566
-0
21.1462
9.66846
14.8268
-0
-0
59.6263
-0
-0
-0
-0
-0
-0
19.7176
-0
-0
-0
-0
-0
-0
-0
-0
-0
-0
-0
-0
-0
-0
19.2444
-0
-0
-0
-0
-0
-0
-0
-0
6.98372
37.882
-0
-0
-0
-0
-0
44.6853
-0
-0
-0
-0
-0
-0
-0
0.404769
2.62519
-0
32.909
-0
-0
-0
-0
-0
-0
-0
-0
-0
0.74297
-0
-0
1.48147
12.8293
-0
17.424
-0
-0
-0
38.6451
-0
-0
-0
-0
-0
-0
23.9056
-0
-0
-0
-0
-0
-0
-0
5.03823
-0
-0
-0
-0
8.20964
-0
-0
-0
-0
-0
-0
-0
-0
-0
-0
8.59673
-0
8.16604
-0
-0
-0
36.8257
-0
17.5887
-0
-0
-0
-0
-0
33.912
17.4274
-0
18.6565
-0
-0
-0
-0
-0
-0
-0
8.01714
-0
-0
-0
19.3604
-0
-0
-0
0.50412
-0
-0
-0
-0
5.50636
-0
12.5893
-0
73.148
2.6283
1.51006
-0
-0
-0
-0
3.56791
9.05094
-0
-0
4.32116
-0
-0
-0
-0
-0
-0
-0
-0
-0
-0
-0
5.28077
6.88851
-0
-0
-0
0.79158
33.4707
-0
7.9507
-0
-0
-0
-0
-0
-0
4.49507
-0
-0
-0
-0
-0
12.12
-0
-0
16.2948
-0
-0
21.4942
-0
-0
-0
-0
-0
-0
7.16245
-0
9.82788
-0
26.3948
-0
-0
35.9544
-0
-0
-0
-0
5.88495
11.5957
21.7641
26.8028
-0
-0
-0
-0
-0
38.6052
13.2254
-0
-0
-0
-0
-0
-0
-0
57.4989
-0
-0
-0
43.4504
-0
-0
26.8765
-0
-0
-0
63.8785
4.45552
-0
-0
-0
8.45175
-0
-0
11.546
-0
-0
-0
-0
-0
-0
-0
-0
23.3441
-0
55.5505
-0
-0
-0
-0
-0
6.13181
-0
-0
-0
3.50987
-0
-0
-0
-0
-0
-0
-0
5.30721
-0
5.122
-0
2.71683
-0
-0
-0
-0
-0
-0
13.5689
-0
-0
-0
-0
-0
8.02429
3.42857
-0
-0
-0
-0
-0
19.1279
-0
-0
12.4252
-0
-0
-0
16.5386
-0
-0
26.5226
-0
-0
-0
-0
28.8151
17.2692
-0
-0
-0
24.0206
-0
44.2875
-0
-0
-0
12.0342
-0
-0
9.16106
30.0799
-0
-0
-0
-0
-0
-0
15.8734
-0
-0
-0
-0
-0
-0
-0
-0
-0
-0
-0
-0
-0
-0
0.0451277
-0
-0
-0
9.06066
-0
-0
20.1584
9.41193
-0
2.34428
-0
-0
-0
-0
-0
-0
-0
-0
-0
-0
-0
-0
-0
-0
-0
-0
-0
-0
-0
-0
-0
4.18947
-0
-0
-0
-0
-0
1.39497
-0
2.11712
-0
-0
-0
49.1085
-0
-0
-0
-0
-0
-0
-0
-0
-0
-0
31.2461
-0
-0
-0
-0
-0
-0
-0
-0
-0
-0
-0
-0
-0
-0
-0
-0
-0
-0
-0
13.9526
-0
3.49668
-0
-0
-0
-0
-0
13.924
-0
0.936444
-0
17.8203
-0
-0
-0
-0
-0
33.3141
-0
-0
34.4621
-0
-0
-0
-0
-0
-0
-0
-0
-0
21.9609
-0
-0
41.2081
-0
-0
-0
-0
-0
-0
-0
-0
35.8756
28.4578
-0
-0
-0
-0
-0
-0
-0
-0
20.1301
-0
9.06048
-0
-0
25.8771
-0
-0
-0
-0
-0
-0
-0
-0
-0
-0
37.1137
-0
-0
-0
-0
29.3034
19.0654
-0
-0
-0
9.73012
8.76685
-0
-0
-0
-0
-0
-0
-0
20.8998
13.6661
-0
-0
-0
-0
-0
1.692
-0
-0
-0
-0
-0
12.2034
-0
-0
-0
25.2614
-0
-0
-0
-0
15.9617
39.2697
-0
-0
30.7475
-0
-0
-0
-0
-0
-0
71.5031
-0
-0
-0
-0
-0
3.71778
-0
13.6053
-0
-0
-0
-0
-0
-0
6.45499
9.3451
-0
18.9104
46.2435
-0
-0
-0
-0
-0
-0
-0
-0
-0
-0
-0
-0
-0
-0
-0
-0
-0
-0
-0
-0
-0
-0
-0
-0
-0
-0
-0
23.1615
25.6415
-0
-0
-0
-0
-0
-0
5.91455
-0
-0
-0
-0
-0
-0
-0
-0
-0
-0
3.81129
-0
-0
-0
-0
10.7436
-0
-0
-0
-0
-0
-0
-0
-0
-0
-0
-0
-0
-0
-0
-0
-0
-0
5.64019
10.5879
-0
-0
27.0695
-0
0.771093
47.6841
-0
-0
-0
-0
-0
-0
-0
58.2578
20.4077
-0
-0
14.7958
-0
-0
-0
-0
-0
-0
-0
14.8893
-0
-0
-0
-0
-0
12.4837
9.75978
-0
-0
-0
11.6963
13.2493
-0
1.08806
-0
0.529239
-0
-0
2.43806
-0
-0
-0
27.1175
-0
25.9658
26.0436
-0
4.16537
18.698
-0
-0
-0
-0
26.4436
-0
-0
11.8983
-0
-0
2.99608
5.57963
-0
21.646
-0
-0
-0
9.32188
2.76231
-0
76.8466
1.95575
-0
-0
-0
-0
-0
-0
13.0737
5.23249
-0
-0
-0
-0
-0
5.65419
53.3987
-0
-0
19.5376
-0
13.0985
13.7897
-0
-0
-0
-0
-0
1.52618
-0
8.40075
-0
-0
-0
-0
-0
-0
22.0908
-0
-0
6.29281
-0
-0
4.47025
-0
-0
-0
-0
-0
-0
-0
-0
-0
-0
-0
-0
-0
-0
-0
-0
-0
-0
-0
-0
16.4231
-0
28.8273
-0
12.1983
-0
-0
-0
-0
-0
-0
-0
-0
-0
-0
-0
-0
-0
-0
-0
13.3124
-0
-0
7.29327
-0
25.0233
-0
-0
-0
-0
-0
-0
-0
-0
-0
-0
-0
21.2937
4.12419
-0
-0
-0
1.09146
-0
-0
5.28557
-0
-0
-0
9.06807
-0
-0
-0
-0
-0
-0
-0
-0
-0
-0
-0
-0
-0
-0
-0
-0
5.99187
-0
-0
-0
-0
-0
-0
-0
-0
-0
-0
-0
-0
-0
25.5405
-0
-0
-0
-0
-0
-0
-0
-0
-0
-0
-0
-0
-0
-0
4.35755
-0
-0
-0
35.1376
-0
-0
-0
2.15974
-0
-0
-0
-0
-0
-0
-0
-0
-0
-0
-0
-0
-0
-0
-0
8.46157
-0
-0
-0
-0
-0
-0
-0
-0
-0
-0
-0
-0
-0
-0
-0
32.2055
10.4324
-0
-0
22.5831
-0
-0
-0
-0
2.36377
-0
-0
53.0307
-0
-0
-0
-0
-0
-0
-0
-0
5.05184
-0
-0
-0
-0
-0
-0
58.6885
7.80358
0.292386
16.4646
-0
-0
-0
-0
-0
-0
-0
-0
-0
-0
-0
-0
49.3762
-0
-0
-0
-0
-0
-0
-0
-0
23.4739
-0
-0
-0
25.5809
-0
-0
-0
53.2304
-0
-0
-0
-0
67.6647
-0
10.1047
-0
-0
-0
2.09651
-0
-0
-0
-0
-0
-0
47.5059
-0
-0
-0
-0
-0
-0
-0
8.91441
-0
32.3556
-0
6.45387
10.3835
-0
-0
-0
-0
-0
-0
-0
-0
-0
-0
2.84461
-0
-0
-0
-0
-0
-0
-0
-0
-0
-0
-0
-0
-0
15.8674
-0
-0
42.9205
34.7371
-0
8.36855
-0
-0
-0
20.7165
-0
-0
-0
-0
-0
-0
-0
11.5017
-0
-0
-0
-0
-0
-0
-0
-0
16.7561
-0
-0
-0
34.0925
-0
-0
-0
-0
-0
-0
-0
22.5206
-0
-0
-0
-0
-0
48.5732
-0
-0
-0
2.78559
43.6621
-0
-0
-0
-0
1.5366
16.6518
-0
43.1494
-0
-0
20.6679
-0
-0
-0
-0
-0
-0
-0
-0
-0
28.0726
-0
-0
0.582495
-0
-0
-0
-0
-0
-0
-0
-0
-0
-0
-0
-0
-0
-0
-0
-0
-0
-0
7.91411
37.5753
-0
-0
6.73417
-0
-0
32.427
-0
-0
-0
-0
-0
-0
-0
-0
-0
5.96166
7.85695
39.9461
-0
-0
-0
-0
-0
-0
-0
-0
-0
-0
-0
-0
16.324
-0
12.8615
-0
-0
40.3787
-0
-0
-0
-0
31.7391
-0
-0
-0
-0
-0
-0
10.2612
-0
-0
-0
-0
-0
-0
18.7234
-0
-0
-0
-0
-0
-0
-0
-0
-0
-0
-0
-0
4.5164
-0
-0
8.70887
-0
-0
-0
-0
-0
-0
-0
-0
-0
-0
-0
-0
-0
18.9501
-0
-0
-0
-0
-0
-0
-0
-0
-0
-0
-0
-0
-0
12.2765
-0
-0
-0
-0
-0
-0
-0
-0
-0
-0
-0
-0
-0
-0
-0
-0
31.1869
-0
-0
10.0815
-0
-0
-0
-0
-0
20.4295
1.98589
-0
-0
11.2121
-0
43.2533
38.1617
9.78542
-0
-0
-0
-0
-0
-0
-0
-0
-0
-0
-0
55.6965
-0
-0
-0
-0
-0
-0
-0
-0
-0
17.5816
-0
-0
-0
-0
-0
-0
7.09526
-0
-0
41.8162
21.5802
-0
-0
-0
-0
-0
25.7607
-0
-0
-0
59.1975
-0
-0
-0
16.9075
-0
-0
34.5877
17.8919
-0
-0
-0
-0
-0
-0
-0
3.07355
-0
-0
-0
-0
20.4384
-0
-0
-0
8.7048
-0
68.1257
-0
-0
7.49656
8.4946
-0
-0
-0
17.397
-0
-0
-0
-0
-0
-0
12.6148
-0
-0
-0
-0
1.1915
-0
13.171
32.9828
62.4492
36.3633
24.6472
11.9038
-0
-0
-0
-0
27.0903
-0
-0
-0
1.54977
-0
63.3515
2.84179
-0
7.07292
6.96381
-0
-0
-0
-0
-0
-0
18.804
-0
-0
-0
-0
-0
-0
-0
-0
-0
1.68513
-0
26.0588
-0
-0
-0
-0
0.440908
-0
-0
-0
-0
17.926
48.4125
4.11271
-0
44.8063
-0
-0
-0
-0
11.7253
-0
1.48231
29.3372
-0
17.2138
-0
12.3428
-0
-0
16.2893
-0
-0
-0
10.9736
4.22285
-0
-0
-0
-0
9.55016
31.8714
-0
-0
-0
-0
-0
-0
-0
-0
-0
-0
36.7752
-0
-0
-0
-0
-0
-0
-0
44.0711
30.3639
-0
-0
-0
24.358
-0
-0
-0
-0
-0
-0
-0
-0
-0
-0
-0
-0
-0
-0
-0
-0
-0
14.1714
0.271929
-0
-0
18.5849
-0
-0
-0
-0
28.8662
-0
20.1032
-0
-0
-0
-0
-0
-0
-0
-0
-0
1.35181
-0
-0
-0
-0
5.65615
6.54444
-0
7.80954
-0
-0
-0
65.2024
-0
-0
5.871
-0
14.6841
-0
-0
8.34009
35.4615
16.8959
61.1673
11.8507
14.3549
-0
-0
-0
-0
49.6721
36.0074
-0
46.2481
4.61687
-0
-0
9.94263
-0
-0
8.7443
-0
-0
-0
1.06736
-0
-0
8.17859
-0
-0
-0
-0
-0
-0
-0
9.92417
-0
-0
-0
-0
-0
-0
38.8267
-0
3.09362
12.6752
-0
-0
-0
-0
-0
16.6509
16.9983
-0
32.2502
-0
-0
-0
-0
-0
-0
-0
18.0848
-0
25.9405
31.6789
-0
47.0954
-0
-0
-0
-0
-0
-0
-0
-0
-0
13.7182
-0
-0
-0
-0
-0
-0
-0
-0
-0
-0
-0
-0
-0
-0
43.1714
-0
-0
-0
-0
18.2495
-0
-0
-0
-0
37.082
-0
-0
-0
-0
10.3669
41.1002
-0
-0
-0
0.521482
-0
-0
-0
25.5882
-0
46.7278
8.77067
23.6916
-0
1.82811
-0
-0
-0
-0
59.5407
18.2425
-0
-0
-0
-0
-0
-0
8.06568
-0
-0
-0
-0
-0
-0
-0
-0
-0
-0
-0
18.8105
-0
-0
-0
-0
-0
11.9924
-0
-0
22.7438
-0
-0
-0
-0
-0
61.1878
-0
-0
-0
-0
-0
-0
1.59027
-0
-0
-0
-0
-0
-0
-0
26.3074
-0
-0
-0
-0
40.819
16.9941
7.57402
-0
-0
3.55904
-0
-0
23.5862
-0
-0
-0
-0
-0
-0
-0
0.265857
67.2013
36.841
-0
-0
22.1643
-0
5.93953
-0
-0
-0
-0
-0
-0
2.53848
-0
-0
-0
-0
-0
-0
-0
-0
-0
-0
-0
-0
19.1229
-0
-0
-0
-0
-0
-0
-0
-0
-0
-0
-0
2.89485
-0
-0
17.2643
-0
11.127
-0
-0
-0
-0
-0
-0
1.34417
-0
-0
-0
-0
9.52259
68.0954
-0
-0
27.0489
2.01366
-0
-0
11.6679
-0
-0
-0
-0
-0
-0
39.8268
-0
20.2732
9.41842
2.81875
-0
-0
-0
-0
-0
17.5384
-0
-0
-0
6.33569
-0
-0
-0
15.9561
-0
-0
-0
-0
-0
3.06743
-0
19.1016
-0
-0
-0
-0
-0
-0
-0
-0
-0
-0
-0
60.3766
-0
-0
44.4448
-0
29.2012
-0
-0
-0
14.264
-0
12.1963
30.6614
42.8649
-0
-0
-0
-0
-0
-0
-0
-0
-0
-0
-0
-0
-0
-0
-0
20.8966
22.0647
4.02885
-0
-0
-0
-0
-0
-0
-0
-0
-0
-0
-0
-0
-0
-0
-0
-0
4.74551
-0
-0
21.03
-0
-0
13.8329
-0
-0
-0
-0
-0
-0
-0
-0
23.3892
-0
29.1134
-0
-0
-0
-0
-0
-0
-0
-0
-0
-0
-0
-0
44.9018
-0
-0
-0
-0
-0
-0
-0
-0
-0
-0
46.8067
-0
-0
-0
-0
-0
-0
-0
-0
24.8359
-0
-0
0.20026
-0
-0
-0
-0
-0
-0
-0
2.5125
-0
-0
-0
-0
-0
-0
-0
-0
-0
4.44542
-0
-0
-0
-0
-0
-0
-0
14.4515
-0
-0
-0
14.6624
-0
-0
-0
-0
-0
-0
-0
-0
-0
-0
-0
-0
-0
17.3145
-0
-0
-0
-0
-0
-0
-0
-0
-0
-0
-0
-0
-0
-0
-0
-0
-0
-0
-0
-0
-0
14.5823
-0
-0
-0
36.4138
-0
-0
-0
-0
-0
1.31333
-0
32.4148
-0
-0
0.545489
-0
-0
24.2004
-0
-0
-0
11.9192
-0
-0
-0
-0
-0
-0
-0
-0
-0
-0
-0
-0
-0
-0
-0
-0
-0
-0
-0
18.0633
-0
-0
-0
-0
-0
-0
-0
-0
-0
-0
29.1386
-0
48.3013
35.7932
-0
-0
-0
34.9103
-0
-0
-0
-0
-0
11.6935
-0
33.2559
-0
28.4832
-0
-0
-0
12.8374
-0
-0
-0
-0
10.5409
-0
11.4482
-0
-0
-0
-0
-0
10.1851
-0
-0
-0
-0
-0
-0
40.1519
-0
-0
-0
-0
14.4194
-0
9.21336
5.04266
-0
-0
-0
-0
-0
-0
-0
-0
-0
-0
-0
-0
-0
-0
0.926221
0.849215
14.9564
-0
-0
-0
-0
-0
-0
-0
-0
22.7823
-0
-0
-0
-0
19.2691
-0
-0
-0
-0
-0
-0
-0
-0
-0
-0
-0
-0
-0
-0
-0
7.48262
11.3192
-0
-0
-0
-0
8.81438
-0
-0
-0
-0
-0
-0
-0
-0
-0
-0
-0
-0
44.3855
-0
-0
-0
10.3637
-0
3.71745
-0
-0
3.63862
-0
-0
-0
-0
-0
-0
27.9161
-0
-0
-0
-0
-0
-0
15.9294
-0
-0
-0
-0
26.6727
-0
-0
-0
-0
-0
1.92127
-0
-0
28.8897
-0
-0
-0
1.6224
-0
-0
62.8034
-0
-0
-0
-0
-0
-0
-0
-0
-0
-0
-0
-0
-0
-0
-0
-0
-0
-0
-0
-0
-0
-0
35.4294
15.9395
-0
-0
-0
-0
-0
-0
-0
-0
-0
-0
-0
-0
-0
-0
-0
6.77066
-0
16.8948
-0
-0
-0
-0
-0
64.4978
-0
-0
40.1575
-0
-0
0.392981
-0
-0
-0
-0
15.495
46.4454
-0
-0
6.47193
43.0539
-0
16.3131
-0
-0
-0
47.0135
-0
-0
-0
-0
-0
-0
-0
-0
-0
-0
16.1518
-0
-0
25.0151
-0
-0
-0
3.09377
-0
-0
3.63348
-0
-0
-0
-0
-0
-0
-0
-0
-0
-0
-0
-0
-0
31.8562
3.36945
-0
-0
-0
-0
29.6302
-0
18.6942
-0
-0
-0
-0
-0
-0
-0
-0
-0
-0
17.7084
-0
-0
47.4601
-0
24.8771
-0
-0
-0
-0
4.66243
-0
-0
-0
-0
20.5925
-0
-0
0.846
-0
-0
-0
-0
-0
-0
-0
-0
-0
-0
-0
-0
-0
-0
-0
-0
-0
-0
-0
26.316
35.1803
-0
-0
-0
-0
-0
-0
0.236416
-0
-0
30.2796
-0
-0
-0
-0
-0
42.6763
-0
-0
-0
-0
-0
-0
8.21721
6.71962
34.899
-0
-0
-0
54.1214
-0
-0
-0
0.145171
1.7108
-0
11.742
-0
-0
-0
-0
-0
-0
-0
17.3533
-0
-0
-0
-0
43.7837
-0
-0
1.746
-0
-0
-0
0.605508
-0
-0
-0
-0
-0
-0
-0
-0
5.30806
-0
-0
-0
-0
-0
-0
-0
-0
-0
-0
-0
-0
-0
-0
-0
-0
3.36205
-0
-0
-0
-0
43.7974
-0
-0
-0
-0
12.5269
-0
-0
-0
-0
-0
6.37169
21.0842
-0
-0
24.2923
-0
1.42484
4.08016
-0
5.72192
39.0739
45.7135
-0
-0
-0
-0
-0
-0
-0
-0
-0
-0
-0
-0
22.7966
-0
-0
8.24316
-0
4.48715
-0
-0
-0
-0
-0
-0
-0
-0
-0
-0
-0
-0
-0
-0
-0
6.27031
-0
-0
-0
-0
-0
-0
8.25381
19.9549
-0
-0
-0
-0
25.3844
23.2672
-0
5.25831
-0
9.10289
-0
-0
-0
-0
-0
-0
-0
-0
-0
-0
-0
-0
9.25201
-0
21.9308
-0
-0
-0
-0
3.8051
-0
-0
4.76251
-0
-0
-0
0.180447
-0
-0
-0
-0
-0
-0
-0
-0
-0
-0
-0
-0
-0
-0
-0
-0
-0
-0
-0
-0
-0
-0
16.8802
6.36916
-0
-0
-0
-0
-0
0.720983
-0
-0
8.51356
-0
-0
-0
-0
14.7945
-0
-0
-0
-0
16.4069
-0
-0
-0
-0
17.9724
-0
-0
15.9814
-0
5.45983
23.8429
6.46836
-0
13.7745
-0
-0
-0
-0
-0
0.416288
-0
-0
-0
-0
-0
-0
-0
-0
-0
27.8125
-0
-0
-0
-0
33.3367
-0
-0
-0
6.19838
-0
-0
13.0367
-0
-0
-0
-0
-0
-0
-0
-0
-0
-0
-0
43.1432
27.2987
-0
-0
-0
33.8314
-0
11.9018
-0
51.3847
-0
-0
5.6588
-0
-0
-0
-0
0.802022
-0
15.5492
-0
-0
-0
-0
-0
-0
48.066
-0
-0
18.1689
18.6182
-0
-0
-0
-0
-0
6.53252
35.0245
-0
25.8354
-0
52.6942
-0
11.0377
-0
-0
-0
-0
-0
-0
-0
-0
-0
-0
-0
12.558
-0
3.90657
-0
-0
2.77914
-0
-0
-0
-0
-0
-0
10.3708
1.04793
5.3559
27.7392
-0
-0
-0
-0
-0
8.9013
-0
-0
-0
-0
-0
-0
5.31289
16.9257
18.5581
-0
-0
-0
-0
-0
-0
-0
-0
8.50572
-0
-0
31.8451
-0
-0
-0
-0
-0
-0
51.5285
-0
-0
16.692
-0
-0
7.56234
-0
-0
-0
11.0145
10.4651
-0
-0
-0
-0
-0
-0
-0
-0
-0
-0
-0
26.5315
-0
-0
-0
-0
-0
-0
-0
-0
-0
-0
18.2239
-0
-0
-0
-0
-0
-0
-0
-0
-0
-0
-0
-0
-0
-0
19.612
-0
10.7465
-0
-0
-0
-0
-0
13.3799
-0
-0
-0
-0
-0
54.3629
-0
-0
-0
-0
-0
9.46273
-0
-0
-0
66.7691
-0
-0
-0
-0
-0
-0
29.2182
-0
-0
-0
-0
-0
-0
21.8652
-0
20.932
30.0648
-0
-0
-0
-0
19.4696
-0
-0
28.2026
-0
-0
-0
-0
33.4519
-0
65.1809
4.12449
22.5329
-0
-0
34.9771
-0
-0
-0
-0
-0
-0
-0
-0
-0
-0
-0
-0
4.85689
-0
-0
-0
10.5164
-0
-0
12.2806
-0
-0
-0
-0
0.219298
20.7409
16.25
-0
-0
-0
-0
-0
-0
-0
-0
48.7104
-0
0.0400777
-0
-0
-0
-0
21.7445
-0
-0
-0
-0
13.7826
11.2509
-0
7.95583
-0
-0
-0
-0
-0
36.4323
-0
58.4469
7.13903
-0
9.93794
-0
-0
-0
-0
-0
-0
-0
-0
-0
-0
-0
-0
-0
-0
5.10308
-0
-0
-0
-0
-0
-0
-0
-0
-0
-0
-0
-0
-0
-0
52.2465
-0
-0
-0
-0
-0
14.9859
-0
-0
-0
-0
12.9024
38.8692
-0
-0
-0
-0
-0
-0
17.0214
-0
2.46581
-0
-0
-0
-0
11.4838
-0
-0
-0
-0
-0
-0
-0
-0
-0
-0
-0
-0
-0
44.3072
-0
76.5562
-0
46.5891
28.0421
25.2145
-0
-0
42.4133
-0
-0
-0
-0
-0
47.7777
-0
-0
-0
-0
-0
-0
-0
-0
-0
-0
-0
-0
-0
-0
20.8266
14.8331
-0
-0
-0
-0
-0
-0
-0
-0
-0
-0
-0
-0
15.0996
-0
-0
-0
-0
-0
-0
15.1316
-0
-0
-0
-0
-0
42.4166
18.083
7.17564
-0
33.9415
37.7455
-0
-0
9.74951
1.83305
-0
-0
-0
-0
-0
-0
-0
-0
-0
11.9215
-0
15.6589
-0
-0
-0
-0
-0
-0
-0
-0
17.298
-0
-0
-0
-0
-0
-0
-0
-0
-0
-0
10.0784
-0
-0
-0
-0
-0
-0
-0
-0
-0
-0
-0
45.3046
-0
-0
-0
-0
13.1619
39.4581
-0
-0
-0
-0
-0
-0
-0
-0
-0
-0
-0
-0
-0
-0
-0
-0
-0
-0
-0
5.65108
-0
1.32666
-0
-0
24.3111
12.4398
-0
-0
-0
-0
-0
-0
18.0846
-0
-0
48.2146
-0
-0
-0
-0
9.41501
-0
-0
-0
-0
-0
-0
-0
-0
-0
-0
-0
19.6294
-0
-0
13.3408
-0
7.04563
-0
13.0878
-0
-0
-0
-0
27.5503
55.7459
-0
-0
-0
-0
12.4193
-0
43.0585
-0
12.686
15.206
17.5478
-0
-0
29.92
-0
-0
-0
-0
-0
-0
-0
25.5277
-0
-0
-0
5.93728
-0
-0
14.8071
-0
3.06261
-0
-0
-0
-0
-0
-0
6.48499
-0
3.66406
-0
-0
24.3012
-0
10.7095
-0
-0
2.7291
1.42992
-0
-0
-0
-0
13.2691
-0
-0
-0
-0
-0
-0
-0
-0
-0
-0
-0
-0
-0
-0
-0
29.1805
-0
-0
-0
-0
21.8561
23.8069
-0
-0
-0
-0
8.8408
-0
-0
-0
-0
-0
-0
-0
18.2845
-0
-0
36.8916
40.9016
-0
-0
-0
-0
-0
-0
-0
1.38263
-0
-0
-0
3.09254
-0
-0
-0
-0
-0
-0
-0
52.8265
-0
-0
3.74651
37.3345
10.2444
-0
-0
-0
-0
17.9058
1.63045
-0
-0
-0
-0
-0
-0
-0
-0
-0
-0
4.3086
-0
-0
-0
3.68738
10.6871
-0
-0
-0
-0
12.3686
-0
-0
-0
-0
-0
-0
13.2625
-0
-0
-0
-0
-0
-0
-0
-0
-0
-0
-0
-0
-0
15.819
-0
-0
-0
-0
-0
-0
-0
-0
-0
-0
-0
-0
-0
-0
-0
-0
-0
17.0078
-0
-0
-0
14.3744
-0
-0
-0
-0
-0
-0
-0
-0
-0
-0
-0
8.42695
-0
-0
-0
8.81479
-0
-0
-0
13.1652
-0
-0
-0
-0
28.625
-0
-0
-0
17.6478
-0
-0
15.7827
16.5216
-0
-0
31.1945
-0
15.0631
-0
-0
-0
-0
46.4436
65.2697
-0
-0
4.3515
48.1057
-0
-0
-0
-0
-0
-0
-0
-0
-0
-0
5.85197
-0
-0
-0
-0
-0
-0
-0
14.8315
13.0404
-0
-0
-0
34.6529
-0
13.0178
-0
-0
-0
-0
15.6573
-0
-0
-0
-0
-0
-0
-0
-0
-0
-0
-0
-0
57.3064
-0
-0
-0
-0
-0
-0
11.9378
10.1194
-0
-0
-0
-0
-0
-0
-0
-0
17.0339
-0
-0
-0
-0
-0
1.32889
-0
-0
