-0
-0
-0
-0
-0
-0
-0
-0
56.1188
-0
53.3934
-0
-0
-0
-0
-0
-0
-0
8.70853
-0
-0
-0
-0
-0
-0
-0
-0
-0
-0
-0
-0
-0
-0
-0
0.551946
-0
-0
-0
-0
-0
16.5493
-0
-0
-0
-0
-0
-0
-0
-0
22.8877
-0
-0
-0
-0
-0
-0
7.51836
-0
-0
10.8886
-0
-0
38.3729
-0
-0
-0
-0
-0
-0
1.10583
-0
-0
-0
-0
-0
-0
39.1233
32.4285
-0
-0
-0
31.3403
-0
-0
-0
-0
-0
39.4072
-0
-0
-0
-0
-0
-0
-0
-0
-0
-0
11.3501
-0
-0
-0
-0
-0
-0
-0
-0
-0
-0
-0
-0
-0
-0
-0
-0
-0
-0
-0
18.703
18.9651
5.27858
13.2316
6.6735
-0
-0
-0
-0
-0
-0
-0
40.9485
-0
61.0232
-0
-0
-0
-0
-0
-0
-0
-0
-0
-0
-0
-0
-0
-0
-0
-0
-0
-0
-0
-0
-0
-0
-0
12.2635
-0
-0
2.39288
-0
0.413588
-0
-0
-0
6.84921
7.58831
-0
-0
56.8743
-0
22.2442
-0
-0
-0
-0
-0
-0
23.4785
-0
50.4519
-0
-0
-0
-0
-0
-0
-0
47.9468
-0
17.6077
-0
-0
7.30874
-0
-0
-0
-0
-0
-0
-0
26.6305
-0
-0
-0
-0
-0
0.243923
-0
-0
-0
-0
-0
-0
-0
10.7533
-0
-0
-0
-0
14.9563
-0
-0
-0
-0
-0
-0
-0
-0
9.18265
-0
-0
-0
-0
-0
1.10637
-0
-0
-0
-0
-0
-0
-0
-0
-0
-0
57.1797
-0
-0
-0
-0
-0
0.0945282
9.92652
-0
-0
-0
-0
-0
-0
-0
-0
-0
7.77476
-0
-0
5.9286
-0
-0
-0
-0
16.8684
-0
34.2787
-0
-0
-0
-0
-0
1.12224
2.84544
10.8376
-0
-0
-0
-0
-0
-0
-0
-0
-0
-0
-0
-0
10.2388
-0
16.2389
-0
8.43119
26.3184
-0
-0
2.67945
-0
-0
23.1472
-0
-0
3.33433
-0
-0
-0
-0
-0
-0
0.409285
-0
-0
-0
-0
-0
-0
41.5729
-0
55.7978
-0
52.6731
-0
-0
-0
-0
-0
-0
-0
-0
-0
-0
-0
-0
-0
-0
-0
20.0437
-0
2.69496
-0
-0
-0
13.5413
-0
-0
-0
-0
-0
19.1882
-0
-0
-0
-0
-0
-0
-0
-0
24.667
6.13366
1.70743
-0
-0
5.26852
-0
-0
19.3491
-0
11.5534
-0
-0
10.8087
-0
-0
-0
-0
-0
20.8716
-0
-0
54.0629
-0
-0
-0
-0
-0
37.807
-0
-0
-0
-0
-0
-0
-0
-0
-0
-0
-0
-0
-0
8.40826
-0
-0
4.96096
61.2249
-0
-0
-0
-0
-0
15.4013
-0
-0
-0
-0
5.08098
-0
-0
-0
2.61231
-0
-0
-0
-0
21.7419
-0
-0
-0
-0
-0
-0
-0
-0
-0
-0
-0
-0
19.4662
-0
-0
25.2684
-0
2.96862
-0
-0
32.5235
-0
-0
-0
12.1295
-0
-0
8.02147
-0
-0
-0
-0
-0
-0
51.3789
8.6113
0.953555
-0
-0
-0
-0
-0
-0
-0
-0
-0
52.1129
-0
-0
-0
-0
-0
-0
-0
-0
-0
-0
4.73465
-0
18.0536
1.25719
-0
-0
31.8764
-0
19.8465
7.18854
-0
-0
-0
-0
-0
5.78643
-0
-0
-0
-0
-0
-0
25.5898
-0
-0
-0
-0
-0
9.13004
-0
-0
-0
-0
-0
-0
-0
47.3219
2.67243
-0
-0
17.626
-0
33.4308
-0
-0
-0
-0
33.6296
-0
-0
-0
5.39903
-0
-0
-0
-0
-0
-0
21.3526
-0
-0
13.252
46.7172
4.69713
-0
-0
-0
57.1634
58.951
-0
-0
-0
-0
-0
-0
18.1933
-0
-0
-0
-0
-0
-0
1.67099
-0
-0
-0
3.53741
1.81176
15.7784
-0
-0
9.63149
6.12729
-0
-0
-0
-0
-0
-0
-0
0.311095
4.8605
-0
-0
-0
-0
-0
-0
0.125931
-0
-0
-0
-0
-0
-0
-0
-0
-0
-0
-0
-0
-0
25.1692
-0
11.0714
7.44307
4.6389
-0
-0
59.3539
-0
-0
-0
-0
-0
-0
26.5233
-0
-0
-0
-0
-0
-0
-0
-0
-0
-0
-0
-0
-0
-0
47.2477
7.40351
-0
-0
-0
-0
12.2538
-0
-0
-0
37.2673
1.77104
-0
-0
-0
-0
47.8118
-0
-0
-0
-0
-0
-0
-0
17.3542
-0
-0
36.6584
36.4225
-0
-0
-0
-0
-0
-0
-0
-0
10.1736
-0
-0
1.66973
1.10827
-0
2.80525
-0
-0
-0
26.5216
-0
-0
-0
-0
-0
-0
25.4369
-0
-0
-0
-0
-0
-0
13.6153
-0
-0
-0
-0
-0
29.566
-0
-0
-0
-0
-0
6.11196
-0
-0
-0
-0
-0
-0
32.6145
-0
-0
-0
20.0642
-0
57.6887
-0
-0
-0
-0
-0
-0
-0
-0
17.763
-0
-0
-0
-0
-0
-0
-0
-0
-0
-0
-0
-0
-0
-0
-0
-0
-0
-0
-0
-0
9.27819
-0
25.097
-0
75.9713
1.09344
0.996029
6.8475
-0
-0
-0
-0
22.3713
-0
-0
10.6447
-0
-0
-0
-0
-0
-0
-0
-0
-0
-0
-0
-0
-0
-0
-0
-0
-0
11.5393
-0
33.1657
-0
-0
-0
-0
-0
-0
-0
-0
19.5302
-0
-0
-0
-0
-0
-0
-0
-0
-0
-0
-0
-0
-0
-0
-0
-0
-0
-0
-0
-0
29.9699
-0
-0
27.8445
-0
12.1615
-0
-0
3.11643
-0
50.2015
17.6033
-0
-0
-0
-0
-0
63.4343
28.8475
-0
-0
-0
-0
-0
-0
-0
34.9709
-0
-0
-0
22.2811
-0
-0
43.275
-0
-0
-0
30.1323
18.953
-0
-0
-0
5.08452
-0
-0
21.8405
-0
-0
-0
-0
11.4524
-0
-0
-0
4.99713
-0
7.73117
-0
-0
-0
-0
0.522591
13.29
-0
-0
-0
-0
-0
-0
-0
9.65688
-0
-0
-0
-0
-0
4.40211
-0
-0
-0
5.41525
-0
-0
-0
-0
18.4345
-0
-0
-0
-0
-0
0.281086
-0
-0
-0
-0
-0
-0
43.6852
-0
-0
28.5136
-0
-0
-0
9.23623
-0
-0
52.5481
-0
-0
-0
-0
33.2479
-0
-0
24.8197
-0
-0
-0
33.6364
-0
-0
-0
9.20831
4.56452
-0
18.1692
19.8895
-0
-0
-0
37.216
-0
-0
6.27788
-0
-0
-0
-0
-0
-0
-0
12.7594
-0
-0
-0
-0
-0
-0
-0
-0
-0
-0
11.7985
-0
-0
10.1552
-0
-0
5.12038
-0
-0
-0
-0
-0
29.4986
-0
-0
-0
-0
-0
-0
-0
-0
-0
-0
10.4358
-0
6.61751
-0
-0
-0
-0
-0
-0
-0
0.87492
-0
-0
-0
0.42154
-0
-0
45.6165
-0
-0
-0
-0
-0
-0
-0
-0
-0
-0
-0
-0
-0
-0
-0
-0
-0
-0
-0
-0
-0
-0
-0
-0
-0
-0
-0
-0
-0
-0
25.9909
-0
4.4406
-0
-0
-0
-0
-0
12.2325
-0
4.85498
-0
-0
-0
-0
-0
-0
-0
-0
-0
-0
5.73857
-0
-0
-0
-0
-0
-0
-0
-0
7.37302
16.0241
-0
-0
33.9738
-0
-0
-0
-0
-0
-0
-0
-0
-0
-0
-0
-0
-0
-0
-0
-0
3.32234
-0
19.6655
-0
7.64719
-0
-0
14.4198
-0
-0
-0
0.580269
-0
-0
-0
-0
-0
-0
22.8076
-0
-0
-0
-0
24.8243
33.4506
-0
-0
-0
-0
18.2833
-0
-0
-0
-0
-0
-0
-0
27.8506
13.0771
-0
-0
-0
-0
-0
-0
-0
-0
-0
-0
-0
10.1111
-0
-0
-0
-0
-0
-0
-0
-0
8.46962
34.7731
-0
-0
44.1452
-0
-0
-0
-0
-0
-0
70.9628
13.3356
-0
-0
-0
-0
-0
-0
-0
-0
-0
-0
-0
3.30037
-0
20.5765
12.2722
-0
67.8987
36.8155
-0
-0
-0
-0
-0
-0
-0
-0
-0
-0
-0
-0
-0
-0
-0
-0
-0
-0
-0
-0
10.3286
-0
-0
-0
-0
-0
-0
31.7079
1.26835
-0
2.96637
-0
-0
-0
-0
-0
-0
-0
-0
-0
-0
-0
-0
-0
-0
-0
14.5314
-0
-0
-0
-0
15.9645
-0
-0
-0
-0
-0
-0
-0
-0
-0
-0
-0
-0
-0
-0
-0
-0
-0
28.2417
-0
7.15356
-0
17.4028
-0
14.4644
48.6444
-0
-0
-0
-0
-0
-0
-0
55.9363
-0
-0
-0
2.76925
-0
-0
-0
-0
8.79143
-0
-0
18.6196
-0
-0
-0
-0
10.6997
22.0135
-0
14.2227
-0
-0
-0
17.5978
-0
-0
-0
-0
-0
-0
17.2129
7.04985
-0
-0
33.3536
-0
-0
-0
-0
10.3963
-0
-0
-0
-0
-0
11.6409
-0
-0
0.776088
-0
-0
19.694
32.8796
-0
-0
-0
-0
-0
-0
-0
-0
97.3409
4.97375
-0
-0
-0
-0
-0
-0
26.7575
-0
-0
14.8106
-0
-0
-0
4.65998
79.696
-0
-0
-0
-0
-0
39.7532
-0
-0
-0
-0
-0
9.9476
-0
4.24755
-0
-0
-0
-0
-0
-0
24.6122
-0
-0
-0
-0
-0
-0
-0
-0
-0
-0
-0
-0
-0
10.0529
-0
-0
-0
-0
-0
-0
-0
-0
-0
-0
-0
-0
14.7711
-0
9.71633
-0
-0
-0
-0
-0
-0
-0
-0
7.6439
-0
-0
-0
-0
-0
-0
-0
14.4329
3.17943
-0
11.2945
-0
-0
30.7937
-0
-0
-0
-0
-0
-0
-0
-0
-0
-0
-0
14.2478
12.2586
2.97458
-0
-0
0.81109
-0
-0
-0
21.5965
-0
2.30129
2.11732
-0
-0
-0
-0
-0
-0
-0
-0
-0
7.2658
-0
-0
-0
-0
-0
-0
39.1827
-0
-0
-0
-0
-0
-0
-0
-0
-0
-0
-0
-0
-0
-0
-0
-0
-0
-0
-0
-0
-0
-0
-0
-0
-0
-0
-0
-0
6.9304
-0
-0
-0
-0
-0
-0
-0
-0
-0
-0
-0
-0
-0
-0
-0
-0
-0
-0
-0
-0
-0
-0
-0
9.64701
-0
-0
-0
-0
-0
-0
-0
-0
-0
17.9026
-0
-0
-0
-0
-0
23.4975
7.45952
-0
-0
15.1931
-0
-0
-0
-0
1.94994
-0
-0
64.0418
-0
-0
-0
8.89201
-0
-0
-0
-0
8.69522
-0
32.6291
-0
-0
-0
-0
64.3642
-0
5.51225
61.1621
-0
-0
-0
-0
-0
-0
-0
-0
-0
-0
-0
2.86498
21.599
-0
-0
-0
-0
-0
-0
-0
4.29156
21.5588
-0
-0
-0
31.8845
-0
-0
-0
35.7548
-0
-0
-0
-0
6.4794
-0
15.0745
-0
-0
-0
3.3227
-0
5.25273
-0
-0
-0
-0
27.5779
-0
-0
-0
-0
-0
-0
-0
15.0172
-0
-0
-0
6.28074
4.4962
-0
-0
-0
-0
-0
3.94833
-0
-0
-0
-0
-0
-0
-0
-0
-0
-0
-0
-0
-0
-0
-0
-0
-0
-0
27.1245
-0
-0
8.78918
42.1797
-0
-0
-0
-0
-0
43.0162
-0
9.08665
-0
-0
-0
-0
2.69193
-0
-0
-0
12.6509
-0
-0
-0
-0
-0
40.1804
-0
-0
-0
35.8729
-0
12.6514
-0
-0
-0
-0
-0
41.9042
-0
-0
-0
-0
-0
54.4463
-0
-0
-0
-0
52.5444
-0
-0
-0
-0
-0
20.4364
-0
74.7561
-0
-0
13.9133
-0
-0
-0
-0
-0
-0
10.2068
-0
-0
-0
-0
-0
2.75872
-0
-0
-0
17.0595
-0
-0
-0
-0
-0
-0
-0
-0
-0
12.964
-0
0.295408
-0
-0
31.0376
44.1392
1.45341
-0
30.5336
-0
-0
46.3916
-0
-0
-0
-0
-0
-0
-0
-0
-0
12.7213
-0
22.5066
-0
-0
-0
-0
-0
-0
-0
-0
-0
-0
-0
-0
12.8208
-0
9.78942
-0
-0
67.3452
-0
-0
-0
-0
28.8853
-0
-0
-0
-0
-0
-0
18.5024
-0
-0
18.6232
-0
-0
-0
25.4283
-0
-0
-0
-0
-0
-0
-0
-0
-0
-0
-0
20.2268
-0
-0
-0
-0
-0
-0
-0
-0
-0
-0
-0
6.29245
-0
-0
-0
-0
-0
13.404
-0
-0
-0
-0
-0
-0
-0
-0
-0
-0
9.82892
-0
-0
5.46915
-0
-0
-0
-0
0.112172
-0
-0
-0
57.1296
-0
-0
-0
-0
-0
-0
-0
45.0336
-0
1.9817
16.1592
-0
-0
-0
-0
-0
22.1222
1.59126
-0
-0
-0
-0
41.9469
20.832
8.25108
-0
-0
-0
-0
-0
-0
-0
-0
-0
-0
-0
38.5805
-0
-0
-0
-0
-0
-0
-0
-0
-0
9.97426
-0
-0
-0
-0
-0
-0
2.44935
-0
-0
9.62359
-0
-0
-0
-0
-0
-0
32.1057
-0
-0
-0
34.1017
-0
-0
-0
11.6756
-0
-0
14.7436
14.8769
-0
-0
-0
-0
-0
-0
-0
2.16198
-0
-0
-0
-0
27.3688
-0
-0
-0
7.84371
-0
42.5953
-0
-0
19.1896
-0
-0
-0
-0
10.3102
-0
-0
-0
-0
18.8662
-0
-0
-0
-0
-0
-0
-0
-0
11.536
50.683
32.2522
35.9324
6.43586
-0
-0
-0
-0
-0
20.1007
2.11417
-0
-0
-0
-0
48.2353
-0
17.5124
10.3874
24.8417
-0
-0
-0
-0
-0
-0
13.2873
-0
-0
-0
-0
-0
-0
-0
-0
-0
0.0998398
-0
-0
-0
-0
-0
-0
0.394985
-0
-0
-0
-0
-0
27.1612
-0
-0
48.3079
-0
-0
-0
-0
-0
22.8098
7.18111
-0
-0
32.0554
-0
7.97102
-0
-0
-0
-0
-0
-0
13.1059
-0
-0
-0
-0
-0
24.9419
37.6802
-0
-0
-0
-0
-0
-0
-0
-0
-0
-0
-0
-0
-0
-0
-0
37.0596
-0
-0
47.8814
-0
-0
-0
-0
-0
-0
-0
-0
1.57734
-0
19.3375
-0
-0
-0
-0
-0
-0
-0
-0
-0
-0
-0
-0
1.70556
18.4531
-0
-0
-0
-0
-0
12.2536
26.4687
-0
6.70489
-0
-0
-0
-0
-0
-0
-0
-0
-0
12.6165
-0
-0
-0
-0
-0
-0
-0
-0
-0
-0
-0
59.6625
-0
-0
-0
-0
32.7488
-0
-0
-0
-0
26.0488
24.0749
11.8213
28.5641
-0
-0
-0
-0
34.7549
44.5445
-0
62.1123
12.9987
-0
-0
15.6444
-0
-0
15.2858
-0
-0
-0
5.19139
-0
-0
-0
-0
-0
-0
-0
-0
-0
-0
33.6096
-0
-0
-0
-0
-0
-0
23.5563
-0
20.2082
22.4173
-0
-0
-0
-0
-0
-0
-0
14.3794
32.7686
-0
-0
-0
-0
-0
-0
-0
1.96995
-0
37.4746
13.2814
-0
6.21795
-0
-0
-0
-0
-0
-0
-0
-0
-0
3.98679
16.942
-0
-0
-0
-0
-0
-0
-0
-0
-0
-0
-0
-0
-0
33.6006
2.17128
-0
37.5491
-0
-0
-0
-0
-0
0.777144
16.3962
-0
-0
-0
-0
-0
18.7068
-0
-0
-0
-0
-0
-0
-0
-0
-0
65.3094
0.564995
34.551
-0
-0
-0
-0
2.4124
-0
45.6364
32.2403
-0
-0
-0
-0
-0
-0
21.9419
-0
-0
-0
-0
-0
-0
-0
-0
-0
-0
-0
10.5856
-0
-0
-0
-0
-0
13.9608
-0
-0
19.89
-0
-0
-0
-0
-0
57.7794
-0
-0
-0
-0
-0
-0
3.61931
-0
-0
-0
-0
-0
-0
-0
47.6861
-0
-0
-0
14.2534
12.9118
2.99975
-0
-0
-0
3.51894
5.80372
-0
22.3468
-0
-0
-0
-0
-0
-0
-0
-0
63.6902
44.7785
-0
-0
18.7294
-0
-0
-0
-0
-0
-0
-0
-0
-0
-0
-0
-0
-0
-0
0.814458
-0
-0
-0
-0
5.25998
-0
9.99976
-0
-0
-0
-0
-0
-0
-0
-0
-0
-0
-0
13.6058
-0
-0
-0
-0
15.5278
13.7914
-0
-0
-0
-0
-0
1.39031
-0
15.4082
-0
12.2027
-0
64.6459
-0
-0
43.2653
-0
-0
-0
22.486
-0
-0
-0
-0
-0
-0
-0
-0
22.2925
-0
0.492429
-0
-0
-0
-0
-0
10.8081
-0
-0
-0
5.53712
-0
-0
-0
17.3576
-0
-0
-0
-0
-0
-0
-0
15.5984
-0
-0
-0
-0
-0
-0
-0
-0
-0
-0
-0
52.8966
-0
-0
33.558
-0
4.96077
-0
-0
-0
25.9329
-0
-0
-0
12.985
-0
-0
-0
12.924
-0
-0
-0
-0
-0
-0
-0
0.790536
-0
-0
-0
35.0498
34.4022
6.84584
-0
-0
-0
-0
-0
-0
-0
6.96944
-0
-0
-0
-0
-0
-0
-0
-0
5.57903
-0
-0
-0
-0
-0
7.6049
-0
-0
-0
-0
-0
-0
-0
-0
18.2127
-0
11.4156
-0
-0
-0
-0
-0
-0
-0
-0
-0
-0
9.77553
-0
-0
-0
-0
-0
-0
-0
-0
-0
-0
-0
-0
-0
-0
-0
-0
-0
-0
2.50623
15.8138
-0
25.4556
-0
-0
-0
-0
-0
-0
-0
-0
-0
-0
-0
-0
-0
-0
-0
-0
-0
-0
-0
-0
-0
-0
-0
-0
-0
-0
-0
-0
-0
-0
-0
21.7281
46.6936
-0
-0
-0
-0
-0
6.07939
-0
-0
-0
-0
27.4772
-0
-0
4.25229
-0
5.04142
-0
-0
-0
-0
-0
-0
-0
-0
0.0424559
-0
-0
-0
-0
-0
-0
-0
-0
-0
-0
22.6113
-0
-0
-0
24.9581
-0
-0
-0
5.88028
-0
-0
-0
10.5128
-0
-0
1.26921
-0
-0
33.1046
-0
-0
-0
24.0618
-0
-0
-0
-0
-0
-0
-0
-0
-0
-0
10.5437
-0
-0
-0
-0
-0
-0
0.242069
-0
1.62488
-0
-0
-0
-0
-0
-0
-0
-0
-0
-0
34.6432
-0
32.8817
36.4829
-0
-0
-0
7.18465
-0
-0
2.67368
-0
-0
-0
-0
13.2656
-0
28.9938
-0
0.011679
-0
25.2848
-0
-0
-0
-0
-0
-0
-0
-0
-0
-0
-0
-0
11.7143
-0
-0
-0
-0
-0
-0
39.4727
-0
-0
-0
-0
28.0526
28.6663
5.01636
-0
-0
-0
-0
-0
-0
-0
-0
-0
-0
-0
-0
-0
-0
-0
-0
-0
34.3865
-0
-0
-0
-0
-0
-0
-0
-0
5.56419
-0
-0
-0
-0
23.1476
-0
-0
-0
-0
-0
-0
-0
-0
-0
-0
-0
26.113
-0
-0
-0
-0
10.9537
-0
0.776484
-0
-0
20.8091
-0
-0
-0
-0
-0
-0
-0
-0
-0
-0
-0
-0
19.9279
-0
-0
-0
-0
-0
-0
-0
-0
-0
-0
-0
-0
-0
-0
-0
39.165
-0
-0
-0
-0
-0
-0
22.143
-0
-0
-0
-0
10.6501
-0
2.15938
-0
-0
-0
22.2106
-0
-0
3.89874
-0
-0
-0
17.4993
-0
-0
58
-0
-0
-0
-0
-0
-0
-0
-0
-0
22.0907
-0
-0
-0
-0
-0
-0
-0
-0
-0
-0
-0
-0
46.4817
-0
-0
-0
-0
15.4149
-0
-0
-0
-0
-0
-0
-0
-0
-0
-0
-0
43.7246
-0
20.3551
-0
-0
-0
-0
-0
38.4353
-0
-0
40.4347
-0
-0
0.528781
-0
-0
-0
-0
7.91713
28.5668
-0
-0
-0
28.6613
-0
27.7111
14.0716
-0
-0
46.5405
-0
-0
-0
-0
-0
-0
-0
-0
-0
0.143772
11.4114
-0
-0
-0
-0
-0
-0
23.5691
1.47298
-0
4.00908
-0
-0
-0
-0
-0
-0
-0
-0
-0
-0
-0
-0
-0
17.5458
1.50569
-0
-0
-0
-0
40.3381
-0
12.4631
-0
-0
-0
2.91512
-0
-0
-0
-0
-0
-0
20.4767
-0
-0
66.1537
-0
47.6188
-0
-0
-0
-0
43.6388
-0
-0
-0
-0
-0
-0
-0
-0
-0
-0
-0
-0
-0
-0
-0
13.138
-0
-0
-0
-0
-0
-0
-0
-0
-0
-0
-0
18.3574
16.6463
-0
50.4189
-0
-0
-0
-0
3.87338
-0
-0
19.4706
-0
-0
-0
-0
-0
47.2882
-0
-0
-0
-0
-0
-0
16.2472
17.9804
0.92878
-0
-0
-0
22.697
-0
-0
-0
-0
0.82445
-0
-0
-0
-0
-0
-0
6.87173
-0
-0
-0
-0
-0
-0
-0
29.0594
-0
2.26264
2.32443
-0
-0
-0
-0
-0
-0
6.65563
-0
-0
-0
-0
-0
-0
-0
-0
-0
8.60819
-0
-0
-0
-0
-0
5.2123
-0
-0
-0
-0
4.18458
-0
1.89766
-0
-0
-0
10.5597
41.5256
-0
-0
-0
-0
12.6819
-0
-0
-0
-0
-0
6.78009
15.7199
-0
10.4073
35.4097
3.60656
15.5676
0.648477
-0
31.3953
25.7178
33.0694
-0
-0
-0
-0
-0
-0
-0
-0
-0
-0
-0
-0
53.3169
-0
-0
-0
-0
16.8263
12.8599
-0
-0
-0
-0
-0
-0
-0
-0
-0
-0
-0
40.0861
-0
-0
20.5974
-0
-0
-0
-0
-0
-0
19.2513
32.8621
-0
-0
-0
-0
18.6665
10.5821
13.0074
-0
-0
6.0135
-0
-0
-0
-0
-0
-0
-0
-0
-0
-0
-0
-0
15.1281
-0
22.286
-0
-0
-0
-0
-0
-0
-0
4.4683
-0
-0
-0
-0
35.1136
-0
-0
-0
-0
-0
-0
-0
-0
-0
-0
-0
-0
-0
-0
-0
-0
-0
-0
-0
-0
-0
15.5494
14.3877
-0
-0
-0
-0
-0
-0
-0
-0
20.6716
-0
-0
-0
-0
2.6193
-0
-0
4.52979
-0
5.72803
-0
-0
-0
-0
57.4053
-0
-0
0.973329
-0
-0
18.4617
10.3287
-0
13.0955
-0
-0
-0
-0
-0
1.14564
-0
-0
-0
-0
-0
-0
-0
-0
-0
47.9923
-0
-0
-0
-0
49.5044
-0
-0
-0
34.2184
-0
-0
24.8935
-0
-0
-0
14.3223
-0
-0
-0
-0
-0
-0
-0
49.3492
14.981
-0
14.7688
-0
12.0795
-0
0.355584
-0
34.7882
-0
-0
-0
-0
-0
-0
-0
-0
-0
-0
-0
-0
-0
-0
-0
-0
48.2897
-0
-0
-0
32.3141
-0
-0
-0
-0
1.55012
5.37811
39.0541
-0
1.58964
-0
65.0511
-0
33.6311
-0
-0
-0
-0
-0
-0
-0
-0
19.1606
-0
-0
-0
-0
12.145
-0
-0
44.2158
-0
-0
-0
-0
-0
-0
8.58778
-0
4.54084
27.1883
-0
-0
28.0229
-0
-0
24.7481
-0
-0
-0
-0
-0
-0
9.4776
-0
3.75777
-0
-0
-0
-0
-0
-0
-0
-0
-0
-0
-0
46.7759
-0
-0
0.959522
-0
19.4225
-0
43.558
-0
-0
24.4802
-0
-0
-0
-0
-0
-0
-0
26.0102
-0
-0
-0
-0
-0
-0
-0
-0
-0
17.3292
-0
-0
-0
-0
-0
-0
-0
-0
-0
6.82491
-0
-0
8.5076
27.5316
11.9949
-0
-0
-0
-0
32.416
-0
-0
-0
-0
-0
-0
5.24528
12.8136
-0
-0
-0
-0
-0
-0
-0
5.46685
-0
-0
-0
-0
-0
28.6701
-0
-0
-0
-0
-0
3.02979
-0
0.43353
-0
56.8267
-0
-0
-0
-0
-0
-0
43.1636
-0
7.67017
-0
-0
-0
-0
19.4206
10.8362
11.6591
13.4149
-0
-0
-0
-0
0.512343
-0
-0
34.4259
-0
-0
-0
-0
13.7248
-0
65.8537
4.79909
2.32924
-0
-0
18.5094
4.00175
-0
-0
-0
-0
-0
-0
-0
-0
-0
-0
-0
5.23926
-0
-0
-0
21.5094
-0
-0
2.84128
-0
-0
-0
-0
10.2604
18.7887
0.13428
-0
-0
-0
-0
-0
-0
-0
-0
42.5766
-0
0.0503685
-0
-0
-0
-0
27.954
-0
-0
-0
-0
9.68097
-0
-0
-0
-0
-0
-0
-0
-0
67.4781
-0
52.7817
-0
-0
-0
-0
-0
-0
-0
-0
-0
-0
-0
-0
-0
-0
-0
-0
-0
29.5946
-0
-0
-0
-0
-0
-0
17.6874
-0
-0
-0
-0
-0
1.3249
-0
49.9777
-0
-0
-0
1.72381
-0
7.1451
-0
-0
-0
0.342032
11.4304
0.464411
-0
1.55809
-0
-0
-0
-0
33.0185
-0
-0
-0
-0
2.23159
-0
-0
5.31426
-0
-0
-0
0.0942038
-0
-0
-0
-0
-0
-0
-0
1.1405
3.85067
-0
79.9264
-0
38.6004
6.76439
-0
-0
-0
40.732
-0
-0
-0
-0
-0
31.5591
-0
-0
-0
-0
-0
-0
-0
-0
-0
-0
-0
-0
11.1225
-0
1.17596
25.4425
-0
-0
-0
0.655641
-0
-0
-0
-0
-0
-0
-0
-0
16.0724
-0
-0
-0
-0
-0
-0
34.6974
-0
-0
-0
-0
-0
10.8724
35.3887
0.763009
43.7969
29.6237
37.4124
-0
-0
3.95915
14.993
-0
-0
3.81225
-0
-0
-0
26.8658
-0
-0
-0
7.47729
32.025
-0
-0
-0
-0
-0
-0
-0
-0
-0
-0
-0
-0
-0
-0
-0
-0
-0
-0
-0
22.1982
-0
-0
-0
-0
-0
-0
-0
-0
-0
-0
-0
20.8378
-0
5.30327
-0
-0
33.8783
42.4353
-0
-0
-0
-0
-0
-0
-0
-0
-0
-0
-0
-0
-0
-0
-0
-0
-0
-0
-0
7.60977
-0
2.71269
-0
-0
-0
4.49612
-0
-0
-0
-0
-0
-0
7.18411
-0
7.75924
82.0046
-0
23.392
-0
2.91257
-0
-0
-0
-0
-0
8.80939
-0
-0
-0
-0
-0
-0
28.0898
-0
10.9034
43.2395
5.38384
5.94701
-0
17.6603
-0
-0
-0
-0
28.698
6.65658
-0
-0
-0
-0
-0
-0
20.1244
-0
15.283
34.8083
-0
-0
-0
17.618
-0
-0
-0
-0
-0
-0
-0
0.265114
-0
-0
-0
6.89703
-0
-0
-0
-0
-0
-0
-0
-0
-0
-0
-0
-0
-0
11.0153
-0
-0
51.2328
-0
-0
-0
-0
9.65752
19.5162
-0
-0
-0
-0
8.33682
-0
-0
-0
-0
-0
-0
-0
-0
-0
26.0331
-0
-0
-0
-0
-0
23.2728
0.17179
-0
-0
-0
-0
13.4408
-0
-0
-0
-0
9.72284
0.646979
-0
-0
-0
-0
-0
-0
10.9788
-0
-0
26.7431
17.1747
-0
-0
-0
-0
-0
-0
-0
11.9685
-0
-0
-0
-0
-0
-0
-0
-0
6.3417
-0
-0
22.3674
-0
-0
2.18081
34.2553
-0
-0
-0
-0
-0
-0
28.8545
-0
-0
-0
-0
-0
8.38915
-0
-0
9.97889
-0
-0
-0
-0
-0
8.48293
9.20831
-0
-0
-0
-0
12.5413
-0
-0
-0
-0
-0
-0
31.0838
-0
-0
-0
-0
-0
-0
-0
-0
-0
-0
-0
-0
-0
24.2827
-0
-0
-0
-0
-0
-0
-0
-0
-0
-0
-0
-0
-0
-0
-0
-0
-0
4.96312
-0
-0
-0
3.67534
-0
-0
-0
-0
-0
-0
-0
-0
-0
-0
4.32891
3.92606
-0
-0
-0
-0
-0
-0
-0
9.68417
-0
-0
-0
-0
31.73
-0
-0
-0
2.73009
-0
-0
-0
31.4032
-0
-0
27.1996
-0
11.7197
-0
-0
-0
-0
33.8371
70.319
-0
-0
4.13318
14.8946
-0
6.71919
-0
-0
-0
-0
-0
-0
-0
-0
5.78457
-0
-0
2.03605
-0
-0
-0
-0
-0
10.0197
-0
-0
-0
46.18
-0
-0
-0
-0
-0
-0
-0
-0
-0
-0
-0
-0
-0
-0
-0
-0
-0
-0
-0
45.5442
-0
-0
-0
-0
-0
-0
22.4576
-0
-0
-0
-0
-0
-0
-0
-0
-0
0.485077
-0
-0
-0
-0
-0
-0
-0
-0
