-0
-0
-0
-0
-0
-0
-0
15.7093
36.878
-0
-0
-0
-0
-0
-0
7.17106
-0
-0
-0
-0
-0
-0
-0
-0
-0
-0
-0
-0
-0
-0
-0
-0
-0
-0
7.93302
-0
-0
-0
-0
-0
-0
-0
3.05298
21.3759
-0
-0
-0
17.8524
-0
-0
-0
-0
-0
-0
-0
-0
23.5984
-0
-0
9.04396
-0
-0
23.5913
-0
-0
-0
7.52528
-0
17.0332
1.00255
-0
-0
-0
-0
-0
5.34701
44.7533
-0
-0
-0
-0
22.2559
0.884094
-0
-0
-0
-0
-0
-0
-0
-0
-0
-0
-0
6.86156
-0
-0
-0
33.5723
-0
-0
-0
-0
-0
-0
-0
-0
-0
-0
-0
-0
-0
-0
-0
-0
2.63249
-0
-0
1.25869
17.7745
35.0702
-0
-0
-0
-0
-0
-0
-0
-0
-0
-0
4.8206
33.9713
-0
25.5349
-0
-0
58.4285
-0
-0
-0
-0
14.4477
-0
-0
-0
-0
-0
-0
-0
-0
-0
-0
7.11176
-0
-0
18.112
-0
-0
2.82317
14.1346
0.0350682
-0
-0
4.02512
13.3724
2.00659
-0
-0
66.7337
-0
11.5228
-0
-0
-0
-0
-0
-0
18.4616
-0
8.13305
-0
-0
-0
-0
22.824
-0
-0
29.9955
-0
17.6757
-0
8.76835
0.311372
-0
-0
-0
-0
-0
-0
-0
-0
2.12555
-0
-0
-0
-0
25.614
-0
-0
-0
-0
7.75029
-0
-0
7.41437
-0
-0
-0
-0
11.0938
-0
-0
-0
-0
-0
-0
12.0477
-0
25.6207
-0
2.01643
-0
-0
-0
-0
-0
-0
-0
-0
-0
-0
-0
-0
-0
-0
33.2185
-0
-0
-0
-0
-0
-0
-0
10.1719
-0
3.57194
3.10952
-0
-0
-0
-0
-0
-0
-0
-0
-0
-0
-0
-0
-0
54.2284
10.3326
16.6572
-0
-0
-0
-0
-0
-0
-0
6.4263
-0
-0
-0
-0
-0
13.5058
-0
-0
-0
28.0849
20.7339
-0
9.19535
-0
-0
-0
4.33671
37.4665
-0
10.6869
1.98036
-0
-0
-0
-0
-0
-0
-0
-0
-0
-0
-0
-0
0.485272
-0
-0
-0
0.377726
-0
-0
33.4272
4.254
34.6932
-0
41.8423
-0
-0
11.5539
-0
-0
-0
-0
-0
-0
-0
-0
-0
21.587
-0
-0
9.4596
-0
8.42279
-0
-0
0.636029
-0
-0
-0
-0
13.5138
-0
11.6405
-0
-0
-0
-0
-0
-0
-0
-0
8.17511
39.6713
2.08861
-0
-0
19.7822
-0
-0
12.0164
-0
-0
-0
-0
-0
12.8824
-0
-0
-0
-0
-0
-0
-0
71.1955
-0
-0
-0
-0
-0
-0
-0
-0
-0
-0
-0
12.5898
-0
-0
-0
-0
-0
-0
-0
-0
-0
-0
-0
32.8446
-0
-0
-0
-0
-0
5.86028
-0
-0
-0
-0
-0
-0
-0
-0
1.01832
-0
-0
4.24883
-0
-0
-0
-0
-0
-0
-0
-0
-0
-0
-0
-0
-0
-0
4.95471
-0
-0
7.78041
-0
-0
-0
-0
37.6495
-0
-0
-0
-0
-0
-0
41.5577
-0
-0
-0
-0
9.72483
-0
1.68111
-0
-0
-0
-0
-0
-0
-0
-0
-0
-0
9.98887
34.6817
-0
-0
-0
-0
-0
-0
-0
-0
-0
-0
-0
-0
61.7681
43.0593
-0
9.28845
37.5565
-0
56.9724
13.4873
-0
-0
28.9328
-0
-0
18.0935
-0
-0
-0
-0
-0
-0
14.4654
-0
-0
-0
-0
-0
14.9535
-0
-0
-0
-0
-0
-0
-0
-0
-0
-0
-0
10.5444
-0
6.41841
-0
-0
-0
-0
42.4569
-0
-0
-0
-0
-0
-0
-0
-0
-0
-0
11.6457
-0
-0
-0
-0
28.4685
-0
-0
-0
84.3719
60.2446
-0
-0
-0
10.4121
-0
-0
-0
-0
-0
-0
-0
-0
-0
-0
-0
-0
-0
1.62619
-0
-0
-0
-0
-0
-0
9.43145
-0
-0
-0
-0
13.973
-0
-0
16.0019
-0
-0
-0
-0
-0
-0
2.78433
-0
-0
66.8877
-0
-0
-0
-0
-0
-0
-0
-0
-0
-0
10.956
-0
-0
12.4639
-0
-0
-0
23.3796
-0
12.2582
32.4739
-0
-0
-0
12.1553
-0
-0
-0
-0
-0
-0
-0
-0
-0
-0
-0
-0
-0
-0
13.6484
-0
-0
-0
-0
-0
-0
-0
-0
9.56754
-0
-0
-0
-0
-0
-0
16.4787
12.5787
-0
-0
-0
-0
-0
-0
-0
5.7094
-0
28.3598
-0
-0
-0
-0
-0
-0
-0
-0
-0
23.1778
-0
-0
0.900386
9.83405
20.5225
12.6281
5.52731
-0
-0
5.60147
-0
-0
5.39449
-0
-0
-0
13.8759
-0
-0
-0
-0
-0
-0
20.5799
-0
-0
-0
1.21037
-0
-0
-0
-0
-0
-0
-0
14.4985
-0
-0
-0
-0
-0
-0
12.1187
-0
-0
-0
-0
-0
66.7307
-0
-0
-0
-0
-0
10.2801
-0
-0
9.75362
-0
13.5143
-0
0.0253855
-0
-0
-0
16.1834
-0
-0
-0
-0
-0
-0
-0
-0
-0
-0
-0
-0
25.3822
-0
-0
-0
70.9325
-0
1.23404
14.5805
-0
-0
6.37982
-0
25.8197
-0
-0
23.0566
-0
-0
-0
-0
-0
-0
-0
-0
-0
13.1465
-0
-0
-0
-0
-0
-0
-0
41.9673
-0
14.7644
-0
-0
2.69251
-0
-0
-0
9.62638
-0
-0
-0
21.188
-0
-0
-0
-0
-0
-0
-0
-0
-0
-0
-0
-0
-0
-0
-0
-0
-0
-0
-0
-0
-0
60.3281
-0
-0
-0
-0
6.56034
-0
-0
15.6672
8.68227
24.7329
-0
-0
-0
37.9542
6.9951
-0
-0
-0
-0
-0
-0
-0
27.7802
-0
-0
-0
37.6559
2.19452
-0
-0
-0
-0
-0
12.0435
4.87292
-0
7.0879
-0
4.02895
-0
-0
-0
-0
-0
-0
-0
-0
-0
-0
-0
25.2684
-0
-0
-0
-0
-0
-0
2.15882
24.221
-0
-0
-0
1.67347
-0
-0
3.64211
3.93873
-0
-0
-0
13.1438
-0
-0
-0
-0
-0
20.001
-0
-0
-0
-0
11.3754
-0
10.2636
-0
-0
-0
17.2578
-0
-0
-0
-0
-0
-0
5.27746
-0
15.6284
34.6682
-0
-0
-0
26.3771
-0
-0
-0
-0
-0
-0
3.27349
8.89968
-0
-0
-0
-0
-0
-0
42.3
-0
-0
-0
-0
-0
-0
-0
-0
-0
-0
-0
6.55842
-0
-0
4.89922
-0
-0
-0
-0
-0
-0
-0
33.2776
15.0808
0.927885
-0
-0
-0
-0
-0
-0
2.10768
-0
14.7323
-0
-0
-0
5.60512
-0
-0
-0
-0
-0
-0
-0
1.21012
-0
-0
-0
-0
-0
-0
-0
-0
-0
-0
-0
-0
-0
-0
-0
12.9349
-0
-0
-0
1.11973
-0
-0
-0
-0
-0
-0
-0
24.348
-0
-0
-0
-0
-0
-0
-0
-0
-0
1.28684
-0
3.57498
-0
-0
15.0336
-0
-0
-0
-0
-0
-0
-0
-0
-0
-0
4.83265
-0
-0
-0
-0
-0
-0
4.54214
-0
-0
5.97535
-0
-0
9.12038
-0
23.4636
-0
-0
-0
-0
-0
-0
-0
-0
-0
-0
3.30966
-0
-0
-0
-0
-0
-0
-0
-0
-0
36.9989
-0
-0
42.3508
-0
-0
4.08416
-0
-0
-0
-0
-0
-0
32.7155
-0
-0
-0
-0
0.174647
-0
5.23009
-0
21.2293
-0
-0
-0
-0
5.3826
5.89755
-0
-0
1.90204
-0
-0
-0
2.18603
-0
-0
12.2525
-0
-0
-0
3.94344
29.1756
-0
-0
-0
-0
-0
5.50015
-0
-0
-0
-0
-0
-0
-0
17.1887
6.16754
-0
-0
-0
-0
-0
-0
-0
-0
2.15948
-0
-0
-0
-0
-0
-0
11.9559
-0
-0
-0
-0
-0
-0
-0
-0
36.8732
-0
-0
-0
-0
-0
-0
17.8193
-0
-0
-0
-0
-0
13.4308
-0
-0
-0
1.161
-0
-0
-0
-0
-0
4.65233
2.42339
30.1727
42.9055
-0
-0
-0
-0
-0
-0
-0
-0
-0
-0
-0
-0
-0
-0
27.4029
-0
-0
-0
-0
-0
18.4714
-0
-0
-0
-0
-0
-0
33.2128
23.1951
-0
40.5673
-0
-0
-0
-0
-0
-0
-0
-0
-0
36.4366
-0
-0
-0
-0
-0
10.1235
-0
-0
-0
-0
-0
-0
-0
-0
-0
-0
-0
-0
-0
-0
-0
-0
-0
-0
-0
-0
7.58737
-0
-0
-0
-0
-0
-0
-0
15.7204
18.1098
-0
-0
-0
-0
-0
-0
-0
49.0366
-0
-0
-0
2.21438
-0
-0
-0
-0
16.969
-0
-0
-0
-0
-0
-0
-0
-0
45.9255
2.74077
22.0662
-0
-0
-0
-0
-0
-0
15.5146
-0
-0
-0
25.8263
9.73651
-0
-0
-0
-0
17.8376
15.9985
-0
1.48641
5.80623
-0
-0
-0
-0
40.1183
-0
-0
12.6753
-0
-0
-0
30.7902
19.9943
-0
-0
-0
-0
-0
-0
-0
64.7285
5.34283
-0
-0
5.889
-0
-0
-0
21.8356
-0
-0
-0
-0
-0
-0
-0
46.1276
-0
-0
-0
-0
-0
1.15528
-0
-0
1.61269
-0
-0
-0
-0
38.8722
-0
-0
-0
-0
-0
-0
25.5327
-0
-0
10.307
-0
-0
-0
-0
-0
-0
-0
-0
-0
-0
-0
-0
-0
-0
-0
-0
-0
-0
-0
-0
-0
-0
1.60013
-0
-0
21.5803
3.64945
7.04583
-0
-0
-0
-0
-0
-0
33.877
20.9416
-0
-0
-0
-0
-0
-0
19.0757
32.7976
-0
38.1821
-0
-0
21.6834
-0
-0
-0
-0
-0
-0
-0
-0
-0
-0
1.57644
7.55346
10.1222
-0
9.97593
-0
0.31019
-0
-0
12.2141
8.24131
-0
-0
-0
-0
19.5661
-0
-0
-0
-0
-0
-0
-0
-0
-0
7.66554
-0
-0
-0
-0
7.81
-0
-0
2.89077
-0
-0
-0
-0
-0
-0
-0
-0
-0
-0
59.7564
-0
-0
18.4704
-0
-0
-0
-0
-0
-0
-0
-0
-0
-0
-0
15.894
-0
15.4624
10.6238
12.9293
-0
-0
-0
-0
-0
-0
-0
-0
-0
-0
-0
36.1497
-0
-0
-0
0.271142
-0
-0
-0
42.9641
-0
-0
-0
-0
-0
-0
-0
-0
-0
-0
4.85448
-0
-0
-0
-0
24.1862
-0
-0
-0
-0
-0
-0
-0
-0
-0
-0
-0
38.7518
1.38827
-0
4.6788
20.7488
-0
-0
-0
-0
6.61583
-0
-0
-0
-0
-0
-0
28.5584
24.8897
-0
15.6387
-0
-0
-0
-0
-0
-0
-0
-0
-0
-0
-0
-0
28.1681
-0
-0
-0
-0
-0
-0
-0
25.9358
22.4879
-0
-0
-0
2.47544
-0
-0
-0
-0
-0
-0
-0
-0
10.4963
-0
28.0542
-0
-0
-0
-0
-0
-0
-0
-0
-0
-0
34.7825
-0
-0
-0
-0
0.263095
-0
-0
3.89055
-0
-0
-0
5.66526
20.652
11.5788
-0
-0
-0
-0
-0
-0
-0
-0
-0
-0
-0
3.06996
-0
-0
-0
-0
-0
-0
-0
3.50688
2.88995
-0
-0
-0
-0
-0
-0
10.4178
-0
-0
-0
-0
-0
18.7117
-0
29.0701
-0
-0
-0
-0
38.902
-0
1.54214
-0
-0
-0
18.2679
-0
-0
6.61721
-0
-0
-0
-0
13.2873
-0
-0
-0
-0
4.29756
-0
-0
17.0891
-0
-0
-0
-0
-0
26.2747
-0
-0
-0
2.81701
51.1359
-0
19.6925
-0
-0
-0
11.2605
-0
61.9768
-0
-0
42.8711
-0
-0
-0
-0
-0
-0
-0
-0
-0
22.8085
-0
-0
0.26163
-0
-0
-0
-0
-0
-0
-0
-0
-0
-0
-0
-0
-0
-0
-0
9.62725
-0
-0
15.0611
29.8567
-0
-0
-0
-0
-0
37.5282
-0
1.82369
-0
-0
-0
-0
-0
-0
-0
50.9905
-0
23.5199
17.838
-0
-0
-0
-0
-0
20.567
-0
-0
-0
-0
-0
-0
-0
8.73618
-0
-0
36.5049
-0
-0
-0
-0
64.8628
-0
-0
-0
-0
-0
-0
15.6689
-0
-0
5.34003
-0
18.3777
-0
52.0851
-0
-0
-0
-0
-0
-0
-0
-0
-0
-0
-0
-0
-0
-0
-0
-0
-0
-0
-0
-0
-0
-0
-0
11.9264
-0
-0
-0
-0
-0
35.3825
-0
-0
-0
-0
-0
-0
-0
-0
22.1436
-0
0.820373
-0
-0
17.9418
-0
-0
-0
0.526181
-0
-0
-0
-0
-0
-0
-0
-0
-0
-0
-0
-0
-0
-0
2.24674
-0
-0
-0
-0
-0
-0
12.9615
-0
-0
-0
-0
-0
34.121
1.78675
6.69621
-0
-0
-0
-0
-0
-0
-0
-0
-0
-0
-0
40.6268
-0
-0
-0
-0
-0
-0
-0
-0
-0
6.69067
-0
-0
-0
-0
-0
-0
0.714478
-0
-0
8.61413
18.8216
-0
-0
-0
-0
-0
30.225
-0
-0
-0
24.5839
-0
-0
-0
49.4713
14.6341
-0
29.5415
28.0588
-0
-0
-0
-0
-0
-0
-0
1.29327
-0
-0
-0
-0
-0
-0
-0
-0
7.75096
-0
37.4539
10.666
-0
-0
13.629
-0
-0
-0
35.6333
-0
-0
-0
-0
8.54128
-0
30.106
-0
-0
-0
-0
-0
-0
5.81657
5.96967
7.92595
-0
-0
-0
-0
-0
-0
-0
14.2751
-0
-0
-0
11.373
-0
53.4045
-0
18.0086
-0
4.34837
-0
-0
-0
-0
-0
-0
15.3474
-0
-0
-0
-0
-0
-0
-0
-0
-0
0.913325
-0
8.27163
-0
1.79056
-0
-0
-0
-0
1.20177
-0
-0
34.1386
0.633371
25.5455
-0
36.2807
-0
-0
13.4439
-0
-0
-0
-0
7.67727
-0
20.2964
-0
10.8854
-0
-0
-0
-0
-0
-0
20.6749
-0
-0
-0
-0
-0
23.6885
4.95748
-0
-0
-0
-0
-0
-0
-0
-0
-0
-0
38.9838
-0
-0
12.3194
-0
-0
-0
-0
34.3836
11.7086
-0
-0
-0
-0
-0
-0
-0
23.9439
4.76982
-0
-0
-0
-0
-0
-0
-0
-0
-0
-0
-0
-0
15.486
3.20152
-0
-0
15.3086
-0
-0
-0
-0
3.32469
-0
4.49463
-0
-0
-0
-0
-0
-0
-0
-0
-0
6.3195
-0
-0
-0
-0
-0
-0
-0
27.1444
-0
-0
-0
52.6312
-0
-0
-0
10.1678
10.9345
-0
-0
1.39023
-0
1.36201
6.86625
-0
17.7339
18.6401
-0
-0
-0
14.6891
31.3158
-0
68.965
8.64531
-0
-0
26.8525
-0
-0
-0
-0
-0
-0
1.60791
-0
-0
-0
-0
-0
-0
-0
-0
-0
-0
-0
9.72755
-0
-0
-0
-0
-0
-0
-0
-0
-0
-0
-0
-0
-0
-0
5.26007
2.09074
14.1618
-0
-0
-0
-0
-0
-0
-0
-0
-0
-0
34.5734
29.1387
-0
41.5434
-0
-0
-0
-0
-0
-0
-0
-0
-0
0.95342
-0
-0
-0
-0
-0
-0
-0
-0
-0
-0
-0
-0
-0
-0
38.2531
4.29982
-0
26.4777
-0
-0
-0
-0
-0
10.7521
-0
-0
-0
-0
-0
-0
0.80277
3.19029
-0
-0
-0
19.4617
-0
-0
-0
-0
11.2089
-0
32.0879
-0
29.2178
-0
-0
-0
-0
36.9389
-0
-0
-0
18.1119
-0
-0
-0
13.891
-0
-0
-0
-0
-0
-0
-0
-0
-0
-0
-0
-0
-0
-0
-0
4.35115
-0
17.2648
-0
-0
13.2216
-0
-0
-0
-0
-0
73.7558
-0
-0
-0
-0
-0
-0
2.54655
-0
-0
-0
-0
-0
-0
-0
43.818
-0
-0
-0
20.5166
2.23015
10.6918
18.3141
-0
2.74665
4.68931
-0
-0
23.5844
-0
-0
-0
-0
-0
-0
-0
6.87094
15.1759
-0
-0
-0
-0
-0
-0
-0
-0
-0
-0
-0
-0
-0
-0
-0
-0
-0
-0
15.9064
32.759
-0
-0
-0
-0
-0
6.60809
-0
-0
-0
-0
-0
-0
-0
-0
-0
-0
-0
16.6073
-0
-0
-0
-0
22.9459
-0
-0
19.1175
-0
-0
-0
0.814185
-0
-0
-0
-0
-0
44.661
-0
-0
20.8391
1.04403
-0
-0
8.62091
0.377862
-0
-0
-0
-0
-0
-0
-0
-0
-0
-0
-0
-0
-0
-0
-0
17.8531
-0
-0
-0
8.49232
-0
-0
-0
-0
-0
-0
-0
-0
-0
6.01737
-0
-0
-0
-0
-0
-0
-0
-0
-0
-0
-0
-0
-0
24.9676
-0
-0
59.1815
-0
17.1673
-0
-0
-0
22.6214
-0
-0
-0
33.9158
-0
-0
-0
-0
-0
-0
-0
-0
-0
-0
-0
-0
-0
-0
-0
16.243
-0
-0
-0
4.34421
-0
-0
-0
-0
-0
-0
25.6698
-0
-0
-0
-0
-0
-0
-0
7.85203
-0
-0
5.91614
-0
-0
-0
-0
-0
-0
-0
-0
0.0906054
-0
-0
22.6519
-0
29.6997
-0
-0
-0
-0
-0
-0
-0
19.1147
-0
-0
16.219
-0
3.38112
-0
-0
-0
-0
-0
-0
-0
-0
-0
-0
11.5769
-0
-0
-0
-0
-0
50.6349
-0
-0
34.6111
-0
17.9979
-0
-0
-0
-0
-0
-0
-0
-0
-0
4.11798
2.03433
-0
-0
-0
-0
-0
-0
-0
-0
-0
-0
-0
-0
-0
-0
-0
-0
1.14176
-0
-0
43.7394
-0
-0
-0
-0
-0
-0
-0
-0
-0
-0
49.9468
-0
-0
4.48581
-0
-0
-0
-0
-0
-0
-0
-0
-0
-0
-0
12.8514
-0
-0
-0
-0
-0
-0
-0
-0
-0
-0
-0
-0
-0
17.6535
-0
-0
-0
17.7314
-0
0.886826
-0
26.8949
-0
-0
1.90189
-0
-0
8.79639
-0
-0
-0
30.8748
-0
-0
-0
-0
-0
-0
-0
-0
-0
-0
-0
-0
-0
-0
4.04453
-0
-0
7.40893
3.04101
13.7272
-0
-0
-0
-0
2.97534
-0
-0
-0
14.7333
-0
13.5984
-0
47.9336
25.4295
-0
-0
-0
-0
-0
-0
18.252
-0
-0
7.39236
-0
13.7854
-0
30.8685
-0
-0
-0
42.3679
-0
-0
-0
-0
-0
-0
-0
-0
-0
-0
-0
-0
-0
-0
1.60301
-0
-0
-0
-0
43.2283
-0
-0
-0
-0
2.20994
-0
-0
-0
-0
-0
-0
-0
-0
-0
-0
-0
-0
-0
-0
-0
-0
-0
-0
-0
3.55716
-0
-0
-0
-0
-0
-0
-0
-0
14.2688
-0
11.3735
-0
-0
12.9022
-0
-0
-0
-0
-0
-0
-0
-0
-0
-0
-0
-0
-0
-0
-0
15.7727
33.5
-0
-0
-0
-0
-0
-0
-0
-0
-0
-0
24.8637
-0
-0
-0
-0
-0
0.706841
-0
-0
-0
-0
-0
-0
-0
-0
0.105678
-0
-0
-0
-0
-0
-0
-0
12.6338
-0
-0
11.0873
-0
-0
-0
23.4407
-0
-0
-0
-0
-0
10.7468
-0
-0
-0
-0
-0
-0
3.82799
-0
-0
-0
-0
7.31123
-0
-0
12.1668
-0
-0
-0
-0
-0
-0
1.13864
-0
-0
4.08675
-0
-0
-0
-0
-0
-0
0.896715
-0
-0
-0
-0
5.54745
28.0898
-0
-0
-0
-0
-0
-0
-0
-0
-0
-0
-0
-0
-0
-0
-0
-0
8.96978
-0
-0
-0
-0
-0
-0
-0
37.938
-0
-0
-0
-0
-0
-0
8.41436
-0
-0
-0
-0
7.6075
-0
-0
10.1199
-0
-0
11.686
10.6877
-0
-0
38.76
-0
-0
-0
-0
-0
-0
16.3546
-0
-0
18.3258
12.364
-0
-0
-0
-0
-0
-0
8.00125
-0
-0
11.8775
27.8825
-0
-0
-0
-0
-0
-0
-0
-0
-0
-0
6.96487
-0
-0
-0
-0
4.8459
-0
-0
32.5577
-0
8.35018
-0
-0
-0
-0
-0
-0
-0
7.77145
2.58454
-0
71.9497
-0
-0
40.4771
-0
32.6646
6.39763
-0
-0
-0
-0
-0
-0
-0
-0
27.4425
-0
-0
4.64085
-0
-0
-0
-0
-0
-0
-0
-0
-0
-0
-0
-0
-0
-0
-0
-0
-0
-0
-0
45.1368
26.416
-0
5.41338
-0
-0
-0
-0
-0
-0
-0
12.1113
-0
-0
-0
-0
-0
18.5332
-0
-0
-0
-0
-0
-0
-0
-0
5.7013
-0
-0
-0
9.83932
-0
-0
-0
-0
0.505126
-0
-0
-0
-0
-0
-0
31.4817
-0
-0
-0
5.59096
-0
-0
-0
13.002
-0
-0
0.463868
-0
-0
-0
-0
-0
-0
14.613
-0
-0
-0
-0
-0
-0
1.46366
-0
-0
-0
-0
-0
-0
-0
-0
-0
-0
-0
-0
-0
-0
-0
7.96152
-0
-0
12.4612
18.8396
-0
-0
-0
-0
-0
1.30617
-0
-0
-0
-0
19.474
16.7705
21.8845
-0
38.4341
-0
-0
-0
2.106
-0
-0
10.6892
39.8826
-0
-0
-0
7.61185
-0
-0
-0
-0
-0
-0
-0
-0
17.2891
-0
-0
27.8664
-0
13.5419
-0
-0
-0
-0
-0
-0
-0
-0
-0
-0
-0
-0
3.4908
-0
-0
19.4196
7.09797
-0
-0
-0
2.69956
0.0303594
41.3769
-0
-0
-0
-0
-0
1.29642
1.15789
-0
-0
-0
-0
-0
-0
-0
-0
-0
-0
-0
-0
-0
-0
-0
-0
3.20401
-0
-0
-0
-0
-0
-0
-0
-0
-0
4.88312
-0
-0
-0
-0
13.6974
-0
-0
-0
-0
-0
-0
-0
-0
0.386652
-0
-0
-0
-0
-0
13.5618
-0
-0
-0
-0
-0
-0
-0
-0
-0
-0
-0
-0
-0
-0
8.21103
-0
36.4165
-0
16.371
-0
-0
-0
-0
-0
-0
-0
-0
-0
-0
-0
-0
50.5692
-0
-0
6.0076
-0
43.7069
25.5082
-0
-0
14.125
-0
-0
-0
-0
-0
-0
-0
-0
-0
-0
-0
-0
-0
-0
-0
25.0105
-0
-0
-0
-0
39.9286
-0
-0
-0
-0
0.264107
0.92701
-0
-0
-0
-0
22.041
12.4758
-0
-0
-0
-0
-0
-0
27.975
0.134495
-0
24.9793
-0
4.88465
-0
5.70232
-0
13.1461
-0
-0
-0
-0
-0
-0
-0
12.5725
-0
-0
-0
-0
-0
-0
-0
-0
29.6912
-0
11.7134
-0
22.5452
-0
-0
-0
-0
-0
3.66339
-0
4.31151
15.4553
-0
12.4491
-0
-0
-0
-0
-0
-0
-0
-0
-0
-0
12.1724
-0
-0
-0
-0
-0
-0
-0
10.6624
-0
-0
-0
-0
-0
-0
3.87605
27.8016
2.74656
20.4608
-0
-0
51.5561
-0
-0
23.4858
11.5537
8.36701
-0
10.8512
-0
-0
-0
25.2857
-0
-0
-0
-0
-0
-0
-0
-0
-0
-0
-0
15.7188
-0
-0
-0
-0
-0
-0
-0
-0
-0
-0
9.94103
-0
-0
-0
-0
-0
-0
25.28
37.234
-0
13.5909
-0
22.0893
-0
-0
22.8807
-0
-0
-0
-0
17.0788
0.164196
-0
-0
-0
-0
-0
-0
-0
-0
-0
-0
2.1287
-0
-0
-0
-0
-0
-0
-0
-0
-0
-0
-0
-0
1.98922
-0
-0
0.620232
-0
-0
-0
-0
-0
11.1554
-0
-0
-0
-0
12.3363
33.5888
-0
-0
-0
14.4579
-0
0.673079
-0
15.7396
-0
7.20889
-0
-0
-0
-0
-0
-0
38.7274
-0
-0
-0
-0
-0
-0
1.50528
19.8633
25.3837
6.5568
-0
-0
-0
-0
-0
-0
-0
22.8983
17.2673
-0
-0
-0
43.5137
-0
26.8033
4.12686
-0
-0
-0
-0
-0
-0
-0
-0
-0
-0
-0
-0
-0
5.8953
-0
-0
-0
-0
-0
-0
21.5365
-0
-0
9.79241
-0
-0
22.1197
-0
-0
42.5088
6.93179
-0
-0
-0
-0
-0
-0
-0
-0
-0
-0
-0
-0
-0
-0
-0
25.2757
-0
-0
-0
-0
20.758
21.919
-0
-0
-0
-0
-0
-0
-0
38.4108
-0
28.9822
-0
-0
4.21403
-0
-0
-0
-0
-0
-0
-0
-0
7.5489
-0
-0
-0
-0
-0
41.7276
-0
-0
-0
-0
-0
-0
-0
3.05939
-0
-0
-0
-0
-0
-0
47.4854
-0
-0
-0
-0
-0
0.12313
-0
-0
-0
1.13561
-0
-0
-0
11.9968
-0
-0
18.6824
-0
19.319
-0
-0
-0
-0
-0
-0
-0
14.1443
-0
-0
-0
8.51156
-0
-0
-0
-0
-0
-0
-0
-0
-0
-0
69.3249
-0
-0
15.103
15.5485
-0
-0
26.1792
-0
-0
-0
-0
-0
-0
-0
-0
-0
-0
-0
-0
-0
-0
-0
-0
-0
-0
-0
-0
12.4801
2.36521
-0
-0
-0
-0
-0
-0
-0
-0
-0
-0
-0
-0
16.4469
-0
-0
11.2709
-0
-0
-0
8.25058
-0
-0
-0
-0
-0
-0
-0
0.48624
23.9224
25.8611
5.86343
-0
-0
-0
26.8198
-0
-0
-0
-0
-0
-0
32.3926
-0
-0
3.04153
-0
26.2791
-0
-0
-0
-0
-0
-0
-0
-0
-0
5.82587
-0
9.65842
-0
-0
-0
-0
21.8627
-0
-0
21.3019
-0
-0
3.20575
-0
-0
-0
-0
-0
-0
-0
-0
68.8035
-0
-0
-0
-0
10.3212
17.7924
-0
-0
-0
-0
-0
-0
-0
0.764449
-0
-0
-0
-0
-0
-0
-0
-0
-0
7.4628
-0
-0
-0
19.5586
-0
-0
8.78723
22.2674
-0
-0
-0
-0
-0
-0
15.3395
-0
-0
48.3274
-0
-0
-0
-0
-0
5.36585
-0
-0
-0
5.25347
-0
-0
-0
-0
-0
-0
7.10779
-0
-0
-0
-0
10.9558
-0
44.3098
-0
-0
-0
-0
14.4944
13.0316
-0
-0
-0
-0
-0
-0
1.79343
-0
-0
23.5212
2.65978
-0
-0
-0
-0
-0
-0
-0
-0
-0
-0
25.4261
-0
-0
-0
66.5571
-0
-0
-0
-0
-0
-0
-0
-0
-0
-0
-0
-0
-0
-0
-0
-0
13.0204
-0
0.391584
-0
-0
-0
-0
-0
32.0655
-0
-0
15.2373
-0
-0
-0
-0
-0
-0
6.25305
-0
-0
15.7756
-0
-0
-0
-0
-0
9.80649
-0
-0
-0
-0
38.5224
1.17394
-0
-0
-0
-0
5.81191
-0
-0
-0
-0
-0
-0
11.0728
-0
-0
-0
14.6435
26.6278
-0
-0
-0
-0
-0
57.3455
-0
-0
-0
-0
-0
9.98333
-0
-0
-0
-0
1.55174
-0
-0
49.7154
-0
9.08855
2.57933
5.8042
3.77201
-0
-0
6.2361
-0
11.0233
-0
-0
-0
41.9847
-0
-0
20.8415
-0
-0
-0
-0
-0
-0
-0
-0
9.35905
2.01131
-0
-0
-0
-0
10.7243
-0
-0
-0
-0
-0
-0
21.721
-0
-0
-0
-0
-0
-0
-0
-0
-0
-0
-0
-0
-0
29.6455
-0
19.4266
-0
-0
-0
-0
10.7925
-0
-0
-0
-0
-0
-0
-0
-0
-0
0.721865
-0
-0
-0
-0
31.0109
-0
8.4938
4.04766
-0
-0
-0
-0
-0
-0
-0
5.11355
-0
-0
0.674134
-0
-0
-0
2.05579
-0
9.64677
-0
-0
-0
-0
31.9447
-0
-0
-0
0.311959
-0
-0
-0
27.7714
-0
-0
26.0026
-0
0.676742
-0
-0
-0
-0
58.8155
36.9911
-0
-0
3.63628
24.8279
23.2598
41.3075
-0
-0
-0
-0
-0
-0
-0
-0
5.01338
-0
10.6789
-0
-0
-0
-0
-0
12.4188
11.02
-0
-0
-0
36.6075
-0
2.03383
-0
-0
-0
-0
12.6648
-0
-0
-0
-0
-0
-0
3.54525
-0
-0
14.338
-0
-0
17.3386
-0
-0
-0
-0
-0
-0
5.44879
-0
-0
-0
-0
-0
-0
-0
-0
-0
32.0185
-0
-0
-0
-0
-0
8.45854
-0
-0
