-0
-0
-0
-0
-0
-0
-0
-0
46.2202
-0
54.163
-0
-0
-0
-0
-0
-0
-0
-0
-0
-0
-0
-0
-0
-0
-0
-0
-0
-0
-0
-0
-0
-0
-0
-0
-0
-0
-0
-0
-0
22.4635
-0
-0
-0
-0
-0
-0
-0
-0
-0
-0
-0
-0
-0
-0
-0
-0
0.102062
-0
-0
-0
-0
27.3575
-0
14.239
-0
7.72428
-0
-0
2.10028
-0
-0
-0
-0
-0
1.06125
18.433
-0
-0
-0
-0
53.8029
-0
-0
-0
-0
-0
0.048066
-0
-0
-0
-0
-0
-0
-0
-0
15.389
-0
58.9906
-0
-0
-0
-0
-0
-0
-0
-0
-0
-0
-0
-0
-0
-0
-0
-0
22.4371
-0
-0
17.1398
39.2207
-0
-0
32.9518
-0
-0
-0
-0
1.49773
-0
-0
0.125911
23.7777
12.7843
-0
2.98876
-0
-0
41.9351
-0
-0
-0
-0
14.3011
-0
-0
-0
-0
-0
-0
-0
-0
5.76127
-0
-0
-0
-0
11.5897
-0
-0
4.0736
-0
0.574869
-0
2.3278
-0
0.781441
28.7602
-0
-0
69.1879
-0
20.0327
-0
-0
-0
-0
-0
-0
10.5024
-0
50.9393
-0
-0
-0
-0
0.171684
-0
-0
42.4124
-0
29.7965
-0
-0
21.1228
-0
-0
-0
-0
-0
-0
-0
-0
19.225
-0
-0
-0
-0
40.432
-0
-0
-0
-0
-0
-0
-0
21.6097
-0
-0
-0
-0
-0
-0
-0
20.8135
-0
17.7219
-0
-0
-0
-0
-0
-0
-0
-0
-0
-0
-0
-0
-0
-0
-0
-0
-0
-0
-0
-0
49.1289
-0
-0
-0
-0
-0
-0
17.5437
-0
-0
-0
-0
-0
-0
-0
-0
-0
6.99652
-0
-0
-0
-0
-0
-0
-0
26.7719
26.0711
13.7897
-0
-0
-0
-0
-0
-0
-0
1.91242
-0
-0
-0
-0
-0
2.71166
-0
-0
-0
26.625
-0
-0
9.98644
-0
29.4883
-0
-0
68.7785
-0
-0
0.69
-0
-0
21.3688
5.20426
-0
-0
-0
3.37255
-0
-0
-0
-0
1.34332
-0
-0
-0
0.455732
-0
-0
40.535
-0
33.4143
-0
76.5612
-0
-0
34.4572
-0
-0
-0
-0
-0
-0
-0
-0
-0
1.36814
-0
-0
17.9805
-0
0.607284
-0
-0
-0
-0
-0
-0
-0
-0
-0
34.0842
-0
-0
-0
-0
-0
-0
-0
-0
2.55035
3.76554
1.31868
-0
-0
49.0235
-0
-0
21.1053
-0
1.92512
-0
-0
6.21209
-0
0.532758
-0
-0
-0
32.1461
-0
-0
57.8641
-0
-0
-0
-0
11.7666
39.8985
-0
-0
-0
-0
-0
-0
-0
-0
2.31423
-0
-0
-0
-0
-0
-0
-0
-0
57.333
-0
-0
-0
-0
10.0328
26.9662
-0
-0
-0
-0
16.9737
-0
-0
-0
1.01947
-0
-0
-0
10.2675
49.4492
-0
4.10093
1.16679
-0
17.4764
-0
2.53119
-0
-0
-0
-0
26.9589
38.714
-0
-0
16.3013
-0
-0
-0
-0
38.5051
-0
-0
-0
24.8895
-0
-0
18.567
-0
-0
-0
-0
-0
-0
36.7483
5.64842
0.736218
-0
-0
-0
-0
-0
-0
-0
-0
-0
47.4802
-0
-0
-0
-0
-0
-0
-0
-0
-0
-0
-0
-0
36.7413
60.8747
-0
-0
24.1787
3.61954
26.1708
58.2379
-0
-0
14.9827
-0
-0
35.1863
-0
-0
-0
-0
-0
-0
57.0608
-0
-0
4.24553
-0
-0
15.3741
-0
-0
-0
-0
7.45815
-0
-0
8.20184
-0
-0
-0
-0
-0
28.5334
-0
6.12935
-0
-0
54.0211
-0
9.35208
9.91906
-0
-0
-0
-0
-0
-0
-0
16.0014
15.1046
-0
7.37283
17.8032
30.5132
-0
-0
-0
138.591
54.7743
-0
-0
5.68761
-0
-0
14.8578
33.7542
-0
-0
-0
-0
-0
-0
15.0065
-0
-0
-0
22.047
-0
-0
-0
-0
-0
-0
-0
-0
-0
-0
-0
-0
-0
-0
17.2975
8.6028
-0
-0
-0
-0
-0
-0
-0
-0
10.6559
-0
-0
-0
-0
-0
-0
-0
-0
10.9981
-0
31.4707
-0
21.1464
-0
-0
-0
-0
32.0799
-0
-0
-0
-0
-0
-0
46.6845
-0
-0
-0
-0
-0
-0
-0
-0
-0
-0
-0
-0
-0
-0
19.6053
-0
0.882602
-0
-0
-0
-0
-0
-0
-0
-0
-0
-0
-0
-0
-0
33.4454
-0
5.11373
-0
-0
-0
-0
-0
-0
-0
-0
87.646
17.5679
-0
-0
-0
-0
-0
-0
7.71771
-0
17.4663
-0
-0
0.963178
-0
26.3003
16.6961
-0
-0
-0
28.2188
-0
-0
-0
-0
-0
-0
4.19306
-0
-0
-0
-0
-0
-0
43.2798
22.8752
-0
-0
17.6066
-0
-0
-0
-0
-0
0.114869
-0
-0
-0
-0
-0
-0
-0
-0
6.1003
-0
-0
-0
2.33825
-0
-0
-0
-0
-0
-0
-0
15.7993
-0
-0
46.02
-0
-0
-0
-0
-0
-0
-0
-0
-0
-0
-0
-0
-0
-0
-0
-0
-0
-0
-0
-0
-0
-0
-0
-0
102.065
-0
1.26344
-0
-0
-0
-0
-0
16.9754
-0
-0
16.4957
-0
-0
-0
-0
-0
-0
-0
-0
-0
0.0617087
-0
-0
-0
-0
-0
-0
17.3804
35.7314
-0
16.0794
-0
-0
-0
-0
-0
-0
-0
-0
13.6749
50.849
49.0553
-0
-0
-0
-0
-0
-0
-0
19.7021
-0
-0
-0
-0
-0
-0
-0
-0
-0
-0
18.9673
-0
-0
-0
-0
45.1295
-0
-0
3.51422
-0
51.8496
-0
-0
5.7293
22.3448
-0
-0
96.0823
0.845873
-0
-0
-0
-0
-0
-0
-0
26.8644
-0
-0
-0
20.1505
-0
-0
19.8697
-0
-0
-0
-0
-0
-0
-0
-0
-0
-0
-0
0.47248
-0
-0
-0
-0
-0
-0
-0
-0
12.0599
-0
50.9261
13.4768
-0
-0
-0
1.77552
-0
-0
-0
-0
-0
-0
-0
-0
22.2168
-0
-0
20.3318
-0
-0
-0
-0
-0
-0
16.7439
-0
-0
-0
-0
-0
-0
-0
-0
-0
-0
11.9146
-0
-0
-0
-0
-0
-0
13.1603
-0
-0
18.5083
-0
-0
11.6594
7.56907
-0
-0
-0
-0
-0
-0
23.1881
24.0092
-0
-0
-0
-0
7.04784
-0
54.4671
-0
-0
-0
-0
-0
-0
7.88452
-0
-0
-0
-0
74.5269
-0
-0
-0
-0
-0
-0
-0
-0
-0
-0
6.81316
-0
6.7777
-0
-0
-0
-0
-0
-0
-0
-0
22.9113
-0
-0
17.8666
-0
18.6344
-0
-0
-0
-0
-0
-0
-0
-0
-0
-0
-0
-0
25.1685
-0
-0
-0
-0
24.3268
-0
-0
-0
-0
-0
-0
-0
-0
-0
-0
9.54692
-0
-0
27.7353
-0
-0
13.9884
-0
-0
-0
-0
-0
-0
-0
-0
-0
-0
-0
-0
-0
-0
16.4049
-0
-0
-0
-0
-0
-0
-0
-0
-0
-0
-0
-0
-0
-0
-0
29.7035
-0
-0
-0
-0
8.03345
-0
-0
12.3385
-0
-0
-0
-0
-0
-0
-0
-0
-0
-0
-0
-0
6.47669
-0
-0
-0
-0
-0
-0
-0
-0
-0
44.2747
-0
-0
15.2165
-0
-0
-0
-0
3.82564
-0
-0
-0
-0
-0
-0
8.67174
-0
-0
-0
-0
14.9334
-0
-0
-0
5.11279
-0
-0
8.30182
-0
-0
-0
19.8105
-0
-0
-0
-0
8.36208
-0
23.2453
-0
-0
-0
1.38111
37.5641
6.65303
-0
-0
-0
4.8998
20.0639
-0
-0
-0
-0
-0
-0
-0
21.7125
13.4089
-0
-0
-0
-0
-0
-0
-0
-0
-0
-0
-0
-0
-0
-0
-0
4.1675
-0
-0
-0
-0
32.5851
12.4729
-0
-0
53.2273
-0
-0
-0
-0
-0
-0
22.8438
-0
-0
-0
-0
-0
-0
-0
14.3932
-0
5.51568
-0
-0
-0
-0
45.0787
-0
10.4886
56.4349
81.2736
-0
-0
-0
-0
-0
-0
-0
-0
-0
-0
-0
-0
-0
-0
-0
-0
-0
-0
-0
-0
28.3893
-0
-0
-0
-0
-0
-0
33.8263
4.91408
-0
-0
-0
-0
0.315836
-0
29.5607
-0
-0
-0
-0
30.2867
-0
-0
-0
-0
-0
32.6096
-0
-0
-0
-0
-0
-0
-0
-0
-0
-0
-0
-0
-0
-0
-0
-0
-0
14.6942
-0
-0
-0
-0
-0
-0
-0
-0
-0
-0
39.7631
42.2392
-0
-0
-0
-0
-0
-0
-0
58.7587
16.3341
-0
-0
-0
-0
-0
-0
-0
13.0035
-0
-0
-0
-0
-0
-0
-0
27.598
31.1421
-0
-0
-0
-0
29.3313
-0
-0
-0
14.7901
-0
-0
-0
1.98888
-0
-0
-0
-0
-0
8.22846
36.7639
-0
2.36602
22.1387
-0
-0
-0
12.3113
8.56291
-0
-0
7.7146
-0
-0
-0
1.21517
55.9072
-0
-0
4.12295
-0
-0
-0
-0
89.3686
15.1232
-0
-0
-0
-0
-0
-0
51.784
-0
-0
-0
-0
-0
-0
11.828
58.2945
-0
-0
-0
-0
-0
-0
-0
-0
-0
-0
-0
-0
-0
8.90001
-0
-0
-0
-0
-0
-0
35.3852
2.91055
-0
-0
-0
-0
35.4535
-0
-0
-0
-0
-0
-0
-0
-0
-0
-0
-0
-0
-0
-0
-0
-0
-0
-0
-0
-0
-0
-0
17.9138
-0
9.14353
-0
-0
-0
-0
-0
-0
-0
27.5348
-0
-0
-0
-0
-0
-0
15.7704
13.4544
-0
22.8095
-0
-0
48.1014
-0
-0
-0
-0
-0
-0
-0
-0
-0
-0
-0
-0
4.93028
16.1837
-0
-0
0.963243
-0
-0
-0
26.9025
-0
-0
-0
-0
-0
-0
-0
-0
-0
-0
20.8567
-0
-0
-0
-0
-0
-0
-0
-0
14.8399
-0
-0
4.53268
-0
-0
-0
-0
-0
-0
-0
-0
-0
-0
19.4701
-0
-0
47.2814
-0
-0
-0
-0
-0
-0
-0
-0
-0
-0
-0
20.5198
-0
5.53925
19.8368
23.2944
-0
-0
-0
-0
-0
-0
-0
-0
-0
13.343
-0
-0
-0
-0
-0
-0
-0
-0
-0
29.041
-0
-0
-0
-0
-0
-0
-0
-0
-0
-0
-0
-0
-0
-0
-0
3.4999
-0
-0
-0
-0
-0
13.6671
-0
-0
-0
-0
-0
48.1403
13.5629
-0
-0
-0
-0
-0
-0
-0
-0
-0
-0
-0
-0
-0
-0
38.784
8.76329
7.17741
33.4735
-0
-0
-0
-0
-0
-0
-0
-0
-0
-0
-0
-0
65.1975
-0
-0
-0
-0
-0
-0
23.5852
46.0164
25.3061
-0
-0
-0
10.8315
-0
-0
-0
24.6532
-0
-0
-0
-0
11.2086
-0
32.4405
-0
-0
-0
-0
-0
8.41414
-0
-0
-0
-0
-0
-0
-0
-0
-0
-0
-0
-0
-0
-0
28.8377
-0
4.03348
19.3201
-0
-0
-0
-0
-0
-0
-0
-0
34.3532
-0
-0
-0
-0
-0
-0
-0
-0
-0
-0
-0
-0
-0
-0
-0
-0
-0
-0
-0
4.73168
-0
25.5522
-0
-0
-0
72.5988
-0
-0
-0
-0
-0
-0
-0
15.2796
-0
19.7158
1.90597
-0
45.1399
-0
-0
-0
18.8689
-0
3.04308
-0
51.0502
-0
-0
7.68586
-0
18.6261
-0
-0
56.6647
-0
-0
-0
-0
-0
66.8553
-0
-0
-0
-0
84.8797
-0
13.9851
-0
-0
-0
48.6363
-0
61.3019
-0
-0
48.0501
-0
-0
-0
-0
-0
-0
-0
-0
-0
-0
-0
-0
0.682279
-0
-0
-0
-0
-0
-0
-0
-0
-0
-0
-0
-0
-0
-0
-0
-0
-0
-0
9.46317
47.2291
-0
-0
28.0731
-0
-0
66.3867
-0
-0
-0
-0
-0
-0
-0
-0
-0
4.76405
-0
20.2649
-0
-0
-0
-0
-0
-0
-0
-0
-0
-0
-0
-0
24.6377
-0
12.4641
-0
-0
87.9906
-0
-0
-0
43.1175
25.8363
-0
-0
-0
-0
-0
-0
52.0733
-0
-0
27.6402
-0
-0
-0
3.45613
35.6551
-0
-0
-0
-0
-0
-0
-0
-0
-0
-0
3.73295
30.2297
-0
-0
-0
-0
-0
-0
-0
-0
-0
-0
4.82211
-0
-0
-0
-0
-0
-0
-0
-0
54.4697
-0
-0
-0
-0
-0
-0
-0
14.4467
-0
-0
-0
-0
-0
-0
-0
-0
-0
-0
-0
-0
-0
-0
-0
-0
-0
-0
-0
-0
-0
31.644
-0
-0
-0
-0
-0
-0
16.5914
2.20939
-0
-0
-0
-0
42.048
28.2946
16.6066
-0
-0
-0
-0
-0
-0
-0
-0
-0
-0
-0
29.039
-0
-0
0.449272
-0
-0
-0
-0
-0
-0
9.28182
-0
-0
-0
-0
-0
-0
-0
-0
-0
15.6074
13.8527
-0
-0
-0
-0
-0
23.7792
-0
-0
-0
40.3873
-0
-0
-0
74.2979
-0
-0
54.3783
18.7948
-0
-0
-0
-0
-0
-0
-0
1.34691
-0
-0
-0
-0
10.0303
-0
-0
-0
8.3638
-0
60.0236
0.6497
-0
-0
8.45998
-0
-0
-0
22.7262
-0
-0
-0
-0
9.32399
-0
-0
-0
-0
-0
-0
13.8096
-0
7.89514
40.1691
41.759
-0
45.3206
9.34838
-0
-0
-0
-0
29.4369
-0
-0
-0
2.75899
-0
25.2048
-0
21.9804
45.6609
51.3999
-0
-0
-0
-0
-0
-0
1.73003
-0
-0
-0
-0
1.37506
-0
-0
-0
-0
0.473208
-0
15.1824
-0
-0
-0
-0
0.281065
-0
-0
-0
-0
7.06375
22.5914
37.8867
-0
47.8079
-0
-0
-0
-0
-0
-0
8.50773
-0
-0
49.4811
-0
28.5523
17.8609
-0
22.2504
-0
-0
-0
22.4794
-0
-0
-0
5.19823
-0
24.5634
28.2766
65.033
-0
-0
-0
-0
-0
-0
-0
-0
-0
42.6296
-0
-0
-0
-0
19.8618
-0
-0
67.3879
-0
-0
0.0769137
-0
-0
-0
-0
-0
21.3766
-0
-0
-0
-0
-0
-0
-0
-0
-0
-0
-0
-0
-0
-0
2.13906
-0
-0
34.1115
-0
-0
-0
-0
46.5373
-0
25.1904
-0
-0
-0
-0
-0
-0
-0
-0
-0
-0
-0
-0
-0
-0
-0
-0
-0
17.7078
-0
-0
-0
70.4617
-0
-0
20.1379
12.6091
-0
-0
-0
-0
-0
6.53156
-0
-0
6.20955
-0
-0
-0
-0
-0
23.7879
-0
50.7324
64.8907
-0
-0
81.9683
-0
-0
44.356
-0
-0
-0
27.5736
5.51611
-0
-0
-0
-0
-0
-0
-0
-0
-0
21.4207
-0
-0
-0
-0
-0
-0
28.1805
-0
34.4476
-0
-0
-0
-0
-0
-0
20.4871
-0
3.25666
19.5492
-0
-0
-0
-0
-0
-0
-0
16.7387
-0
-0
24.9883
4.6223
10.6475
-0
-0
-0
-0
-0
-0
-0
-0
-0
40.2849
11.016
-0
-0
-0
-0
-0
33.353
-0
-0
-0
-0
-0
-0
-0
45.8054
22.8788
-0
97.1269
-0
-0
-0
-0
-0
-0
-0
-0
-0
-0
-0
-0
-0
-0
-0
-0
-0
12.5449
-0
-0
-0
-0
52.8414
-0
42.541
-0
4.90341
-0
-0
2.43119
-0
9.78583
6.23531
-0
-0
-0
-0
-0
-0
6.23258
-0
-0
-0
-0
-0
-0
-0
-0
-0
-0
-0
3.44027
-0
-0
-0
-0
-0
27.5912
-0
-0
9.85363
-0
-0
-0
-0
-0
50.0521
-0
-0
-0
-0
-0
-0
4.18965
-0
-0
-0
-0
-0
-0
-0
-0
-0
-0
-0
36.6768
-0
-0
11.2314
-0
-0
29.888
-0
-0
20.0009
-0
-0
-0
-0
-0
-0
-0
-0
26.3597
-0
-0
-0
5.24091
-0
-0
-0
-0
-0
-0
-0
-0
-0
-0
-0
-0
-0
-0
26.9173
31.1013
-0
-0
-0
-0
-0
24.6549
-0
-0
0.452668
-0
-0
-0
-0
-0
-0
-0
-0
18.1815
-0
1.59458
47.2284
-0
38.8527
-0
-0
-0
-0
-0
-0
1.72516
-0
-0
-0
-0
-0
51.2624
-0
-0
82.2687
-0
-0
-0
5.68257
-0
-0
3.33745
-0
-0
30.1603
-0
-0
22.1574
-0
4.53276
-0
2.31272
-0
-0
-0
0.232948
-0
-0
-0
6.47632
-0
-0
-0
-0
-0
-0
-0
-0
-0
-0
-0
29.109
-0
-0
4.34366
2.12328
-0
-0
-0
-0
-0
-0
-0
62.6075
-0
-0
55.159
-0
10.4347
-0
-0
-0
-0
-0
-0
-0
21.1781
-0
-0
-0
27.2861
-0
-0
-0
-0
-0
-0
-0
-0
-0
-0
-0
-0
40.1875
-0
-0
-0
-0
-0
-0
-0
-0
-0
-0
-0
-0
-0
-0
-0
-0
-0
5.92957
-0
-0
-0
-0
-0
3.86406
-0
-0
-0
-0
-0
-0
-0
-0
26.2766
-0
16.0339
-0
-0
-0
-0
-0
-0
-0
-0
7.23787
-0
25.9099
-0
-0
-0
-0
-0
-0
-0
-0
3.15817
-0
-0
-0
14.0067
-0
-0
-0
-0
-0
-0
34.4093
10.1483
48.7928
-0
41.4956
-0
-0
-0
-0
-0
-0
10.3049
-0
8.45022
-0
-0
-0
-0
-0
6.16184
-0
-0
-0
-0
-0
-0
-0
-0
-0
-0
-0
1.51044
-0
-0
-0
45.6781
-0
-0
-0
-0
-0
-0
-0
-0
-0
-0
45.2417
-0
-0
-0
-0
-0
-0
-0
-0
-0
-0
-0
-0
-0
-0
-0
-0
-0
-0
-0
-0
-0
-0
-0
-0
-0
-0
-0
-0
47.0892
-0
-0
-0
49.7182
-0
2.64307
-0
39.3487
-0
-0
3.35188
-0
-0
7.78612
-0
-0
-0
-0
-0
-0
-0
-0
-0
-0
-0
-0
-0
-0
24.6148
-0
-0
-0
-0
-0
-0
-0
-0
-0
-0
-0
-0
-0
-0
-0
-0
-0
5.19567
-0
11.4405
-0
45.5314
13.5809
-0
-0
-0
20.1981
-0
-0
25.7378
-0
-0
-0
-0
26.0106
-0
19.9238
-0
-0
5.61708
7.28062
-0
-0
-0
-0
-0
-0
-0
-0
-0
2.67154
-0
-0
14.854
-0
-0
-0
-0
-0
-0
56.7428
-0
-0
-0
-0
16.5023
-0
0.450531
-0
-0
-0
-0
-0
-0
-0
-0
-0
-0
-0
-0
-0
-0
-0
-0
-0
29.5226
-0
-0
-0
-0
-0
-0
-0
-0
16.9281
-0
-0
-0
18.4534
23.4197
-0
-0
-0
-0
-0
-0
-0
-0
-0
-0
-0
11.879
-0
-0
7.4622
-0
41.7679
-0
0.657541
-0
-0
-0
19.1886
-0
-0
-0
-0
-0
-0
-0
-0
-0
-0
-0
7.62995
-0
-0
-0
-0
-0
31.9636
-0
-0
-0
-0
-0
-0
-0
-0
-0
-0
-0
-0
-0
-0
-0
-0
16.0972
-0
-0
-0
-0
20.9849
-0
-0
-0
-0
-0
-0
-0
-0
24.6526
-0
-0
-0
-0
-0
-0
25.5863
-0
-0
-0
-0
-0
-0
-0
-0
-0
-0
8.09222
-0
-0
-0
-0
18.3676
-0
-0
-0
7.29874
-0
-0
30.0827
-0
-0
-0
-0
1.01953
-0
-0
-0
-0
-0
-0
-0
-0
-0
-0
-0
32.9512
-0
8.5041
-0
-0
-0
-0
-0
46.9977
-0
-0
29.1902
-0
-0
-0
-0
-0
-0
-0
-0
-0
-0
-0
-0
37.5119
-0
-0
9.87049
-0
-0
67.1263
-0
-0
-0
-0
-0
-0
-0
-0
-0
-0
-0
-0
-0
-0
-0
-0
-0
-0
-0
-0
16.5715
-0
-0
-0
-0
-0
-0
31.025
-0
-0
-0
-0
-0
-0
3.87942
-0
-0
36.6122
-0
-0
19.2798
-0
5.47868
-0
-0
-0
0.598604
-0
-0
-0
-0
-0
-0
99.7913
-0
6.95846
83.6816
-0
53.1488
-0
-0
22.9125
-0
15.2161
-0
-0
-0
-0
-0
-0
-0
29.304
-0
-0
-0
-0
-0
-0
-0
-0
-0
-0
-0
-0
-0
-0
-0
-0
-0
7.19277
-0
50.6665
34.1765
1.24196
50.7268
-0
-0
-0
-0
-0
-0
-0
68.3514
-0
-0
-0
-0
-0
29.1682
-0
-0
-0
-0
12.7808
-0
17.9935
-0
1.71588
-0
-0
-0
-0
-0
-0
-0
-0
0.818964
-0
-0
-0
-0
-0
-0
62.7831
-0
-0
-0
-0
-0
-0
-0
39.9824
-0
-0
1.86167
-0
-0
-0
0.135906
-0
-0
12.3618
-0
-0
-0
-0
-0
-0
26.8612
-0
-0
-0
-0
-0
-0
-0
-0
4.64576
-0
-0
-0
-0
-0
-0
2.84015
-0
-0
11.3981
10.9724
52.6708
-0
-0
-0
-0
63.3471
-0
-0
-0
-0
-0
-0
-0
-0
-0
-0
17.9089
-0
11.7151
-0
11.0154
13.9055
20.2008
-0
-0
-0
-0
-0
-0
-0
-0
-0
-0
-0
1.83714
31.7536
-0
-0
17.8014
4.82643
-0
-0
-0
-0
-0
-0
-0
-0
-0
-0
-0
-0
-0
27.3181
-0
-0
36.7395
-0
-0
-0
-0
-0
0.277553
-0
-0
-0
-0
-0
-0
70.0641
-0
-0
7.23012
-0
-0
-0
-0
-0
-0
-0
-0
-0
-0
-0
-0
13.5456
-0
6.72884
-0
1.68831
-0
-0
-0
-0
-0
-0
-0
1.04829
-0
-0
-0
-0
42.6227
-0
-0
-0
-0
-0
-0
-0
-0
28.8287
-0
-0
-0
-0
-0
13.8209
-0
-0
-0
-0
-0
-0
58.6041
-0
-0
-0
-0
2.23032
-0
-0
-0
-0
12.5666
-0
-0
-0
-0
-0
-0
-0
8.00189
-0
-0
-0
-0
-0
-0
56.5088
-0
-0
10.7939
-0
17.0723
7.8202
-0
-0
11.6298
-0
-0
-0
-0
-0
1.70033
-0
-0
-0
-0
-0
-0
-0
-0
-0
35.0743
-0
-0
-0
-0
64.9111
-0
-0
-0
14.1971
-0
3.6521
22.9243
-0
-0
-0
20.1702
-0
-0
-0
-0
-0
13.2694
-0
17.0939
10.4698
-0
34.9697
-0
1.42122
-0
3.87393
-0
48.0632
-0
-0
-0
-0
-0
-0
-0
-0
-0
-0
-0
-0
-0
-0
-0
-0
61.322
-0
-0
14.1237
52.4598
-0
-0
-0
-0
23.8118
2.08265
20.5117
-0
-0
-0
90.4028
-0
-0
-0
-0
-0
-0
-0
-0
-0
-0
20.9788
-0
-0
-0
-0
30.6731
-0
-0
17.0073
-0
-0
-0
-0
-0
-0
11.9595
-0
4.92824
28.5647
-0
-0
54.2724
-0
-0
22.0973
18.4141
-0
-0
-0
-0
-0
5.82199
16.2652
-0
12.5537
52.6731
0.883969
-0
-0
-0
-0
-0
8.20594
-0
-0
53.0502
-0
14.9467
-0
-0
-0
2.9522
37.2717
-0
-0
25.6725
-0
-0
-0
-0
-0
-0
23.0168
-0
-0
39.6317
-0
8.00312
-0
-0
-0
-0
-0
2.87349
-0
-0
-0
-0
-0
-0
-0
-0
-0
26.1188
-0
-0
14.2135
-0
-0
-0
-0
-0
-0
1.06699
-0
2.95503
-0
-0
-0
-0
39.5636
-0
-0
15.0387
-0
-0
-0
-0
-0
30.8006
-0
-0
-0
-0
-0
70.1703
-0
-0
-0
71.6367
3.70836
14.2853
-0
-0
-0
13.0001
-0
-0
-0
-0
-0
-0
25.5681
21.8984
4.92748
-0
-0
-0
-0
20.2631
-0
-0
16.4637
-0
-0
-0
-0
-0
-0
-0
61.6677
-0
-0
16.3431
-0
53.725
-0
36.8241
3.75803
-0
-0
-0
-0
-0
-0
1.5616
-0
-0
-0
-0
-0
-0
-0
-0
-0
16.8221
-0
-0
-0
17.2775
-0
-0
-0
-0
-0
38.4309
-0
-0
9.85691
-0
-0
-0
-0
-0
-0
-0
-0
-0
35.3952
-0
-0
-0
5.50556
-0
-0
28.6553
-0
-0
-0
-0
12.3754
7.45247
-0
-0
-0
-0
-0
-0
-0
89.381
-0
86.3533
1.91909
-0
-0
1.9375
-0
-0
-0
-0
-0
-0
-0
9.01973
-0
-0
-0
-0
-0
64.5715
-0
-0
-0
-0
-0
-0
6.25026
-0
-0
-0
-0
-0
-0
-0
46.8978
-0
-0
-0
0.0644999
-0
-0
-0
-0
-0
0.870352
-0
-0
4.24425
4.21631
-0
-0
-0
-0
10.7621
-0
15.2472
-0
-0
-0
-0
-0
21.3309
-0
-0
-0
4.76689
-0
-0
-0
0.628639
-0
-0
-0
-0
-0
-0
109.958
-0
-0
-0
21.8974
-0
-0
33.8486
-0
-0
4.06938
-0
-0
29.3144
-0
-0
-0
-0
-0
-0
-0
-0
-0
-0
-0
-0
24.9828
-0
24.2652
-0
-0
-0
-0
-0
-0
-0
-0
-0
0.2355
-0
-0
-0
-0
-0
-0
34.8206
-0
-0
-0
25.1401
-0
-0
-0
-0
-0
5.95976
-0
17.7086
45.8494
45.2546
58.366
-0
-0
-0
45.0414
-0
-0
-0
-0
-0
-0
63.9305
-0
-0
15.0513
-0
-0
-0
-0
-0
-0
-0
-0
-0
-0
9.08195
6.61052
-0
42.0842
-0
-0
-0
-0
-0
-0
-0
20.2036
-0
-0
8.21156
-0
-0
-0
-0
-0
-0
-0
-0
51.735
-0
26.7859
-0
-0
27.6202
9.61344
-0
-0
-0
-0
-0
-0
3.97808
-0
-0
-0
-0
-0
-0
-0
-0
-0
-0
-0
-0
-0
-0
44.3562
-0
-0
31.9162
6.08659
-0
-0
-0
-0
-0
-0
16.6117
-0
-0
112.791
-0
0.466822
-0
-0
-0
10.2684
-0
-0
-0
43.9274
-0
-0
-0
-0
-0
-0
37.2247
-0
-0
12.6548
-0
-0
-0
41.3815
4.99102
-0
-0
-0
25.2642
21.3294
-0
-0
41.1985
-0
-0
-0
37.3716
-0
-0
62.053
-0
-0
-0
20.6716
-0
-0
9.80461
-0
-0
-0
-0
60.86
-0
-0
-0
22.5123
-0
37.4887
31.8148
-0
4.20643
-0
-0
-0
-0
9.33892
3.38213
-0
-0
-0
-0
-0
54.7747
-0
12.6099
-0
17.6947
37.4755
-0
-0
-0
-0
-0
-0
-0
-0
-0
-0
-0
-0
-0
-0
-0
21.3995
-0
-0
-0
-0
-0
19.3497
-0
-0
-0
-0
10.1026
38.2624
17.1873
-0
6.06242
-0
4.71195
-0
-0
-0
-0
-0
-0
-0
9.0655
-0
-0
26.3481
-0
-0
21.9671
-0
-0
-0
-0
-0
5.66955
-0
-0
-0
5.95444
-0
-0
-0
-0
-0
-0
-0
11.8309
-0
13.6537
2.18486
9.10589
13.5723
-0
-0
-0
-0
-0
-0
-0
-0
31.8443
-0
-0
30.842
-0
-0
-0
-0
-0
-0
-0
-0
41.0613
5.7724
-0
-0
-0
-0
-0
-0
-0
-0
-0
-0
-0
48.218
-0
-0
-0
-0
-0
-0
-0
-0
-0
-0
-0
-0
-0
59.0888
-0
-0
-0
-0
-0
-0
-0
-0
-0
-0
-0
-0
-0
-0
-0
-0
1.36845
12.066
-0
-0
-0
37.7025
-0
-0
-0
-0
-0
-0
-0
-0
-0
-0
-0
50.5487
-0
-0
-0
-0
-0
-0
-0
4.76378
-0
-0
-0
-0
26.1221
-0
-0
-0
-0
-0
-0
16.0935
51.8653
-0
-0
37.0666
-0
-0
-0
-0
-0
-0
50.0015
65.7242
-0
-0
3.22497
-0
18.3441
3.31478
-0
-0
-0
-0
-0
-0
-0
-0
7.88459
-0
-0
-0
-0
-0
-0
-0
3.07061
-0
-0
-0
-0
-0
-0
21.171
-0
-0
-0
-0
0.661437
-0
-0
-0
15.5397
-0
-0
-0
-0
-0
20.6325
-0
-0
47.1058
-0
-0
-0
-0
-0
-0
9.38037
-0
-0
-0
-0
21.5685
-0
-0
-0
-0
-0
-0
-0
-0
-0
-0
-0
-0
-0
