-0
-0
-0
-0
-0
-0
-0
10.7912
37.5045
-0
48.13
-0
-0
-0
-0
17.8854
-0
-0
-0
-0
-0
-0
-0
-0
-0
-0
-0
-0
-0
-0
-0
-0
-0
-0
-0
-0
-0
-0
-0
-0
-0
-0
-0
-0
-0
-0
-0
-0
-0
-0
-0
-0
-0
-0
-0
-0
18.4105
-0
0.720174
34.769
-0
-0
-0
-0
11.7744
-0
-0
-0
-0
1.31034
-0
-0
-0
-0
-0
-0
24.8596
-0
-0
-0
-0
31.7033
-0
-0
-0
-0
-0
0.593809
-0
-0
21.7982
-0
-0
-0
-0
-0
-0
-0
19.5713
-0
-0
-0
-0
22.4539
-0
-0
-0
-0
-0
-0
24.2943
-0
-0
-0
-0
8.5752
-0
-0
18.9818
23.2836
28.3601
-0
11.3018
-0
-0
-0
-0
-0
-0
-0
-0
29.3522
20.0243
-0
-0
-0
-0
-0
-0
2.49161
-0
-0
-0
-0
-0
-0
-0
-0
-0
-0
-0
-0
-0
9.54409
-0
-0
31.8666
-0
-0
2.3353
3.58837
0.236073
-0
-0
-0
23.1614
-0
-0
-0
59.4843
-0
23.2198
-0
-0
-0
-0
-0
-0
-0
-0
1.94538
-0
-0
-0
-0
33.8413
-0
-0
21.6147
-0
2.72304
-0
-0
-0
-0
-0
-0
4.73639
-0
-0
-0
19.8643
-0
-0
-0
-0
-0
-0
-0
-0
-0
-0
37.834
-0
-0
10.8949
-0
-0
-0
-0
11.0278
-0
-0
-0
-0
-0
-0
-0
-0
10.9391
-0
-0
-0
-0
-0
3.04137
-0
-0
-0
-0
-0
-0
-0
-0
-0
-0
55.0611
-0
-0
-0
-0
-0
-0
-0
-0
-0
-0
-0
-0
-0
-0
-0
-0
-0
-0
-0
-0
-0
-0
-0
-0
16.1171
11.0925
26.3292
-0
-0
-0
-0
-0
-0
23.584
6.26938
-0
-0
-0
-0
-0
-0
-0
-0
-0
-0
-0
-0
18.5397
-0
59.5032
-0
-0
14.1449
-0
-0
5.24384
-0
-0
17.3282
-0
-0
25.7271
-0
-0
8.31326
-0
-0
-0
-0
-0
-0
-0
-0
-0
-0
27.3121
-0
73.8935
-0
-0
-0
-0
2.69056
-0
-0
-0
-0
-0
-0
-0
13.7052
-0
16.3129
-0
-0
15.6202
-0
16.226
-0
-0
-0
2.03712
-0
1.32279
-0
4.28329
-0
-0
-0
-0
-0
2.71062
-0
-0
-0
-0
34.3301
-0
3.56597
-0
-0
7.41967
-0
-0
16.8118
0.772928
-0
-0
-0
-0
-0
-0
-0
-0
3.06783
-0
-0
-0
60.679
-0
-0
-0
-0
-0
10.0198
-0
-0
-0
-0
-0
19.4339
-0
-0
-0
-0
-0
-0
-0
-0
-0
-0
-0
33.565
-0
-0
-0
-0
-0
39.6083
-0
-0
-0
-0
5.99009
-0
-0
-0
-0
-0
-0
-0
-0
6.42605
-0
16.9021
-0
-0
-0
-0
-0
-0
-0
-0
-0
9.45788
7.24376
-0
-0
3.47465
-0
-0
-0
-0
83.9822
-0
-0
-0
-0
-0
-0
-0
-0
-0
-0
-0
-0
-0
27.3796
-0
-0
-0
-0
-0
-0
-0
-0
-0
-0
25.7879
-0
-0
-0
-0
-0
-0
-0
-0
-0
-0
-0
9.04544
-0
17.1194
2.0278
-0
-0
24.998
-0
8.55812
-0
-0
-0
2.25156
-0
-0
13.424
-0
-0
-0
-0
-0
-0
14.791
-0
-0
-0
-0
-0
9.73963
-0
-0
13.0573
-0
-0
-0
8.65913
33.1315
-0
-0
-0
1.76394
-0
-0
-0
-0
-0
-0
37.2353
-0
31.3331
-0
-0
-0
-0
-0
-0
-0
-0
21.977
14.1578
-0
-0
31.2111
-0
-0
-0
-0
44.1108
66.5449
-0
-0
-0
-0
-0
-0
6.10322
-0
1.96395
-0
-0
-0
-0
-0
-0
-0
-0
-0
5.59195
-0
-0
-0
10.4234
2.37674
-0
-0
-0
6.16249
-0
2.52954
-0
-0
-0
-0
-0
-0
-0
11.3484
-0
65.0337
-0
-0
-0
-0
4.18408
-0
-0
-0
-0
-0
-0
1.61452
-0
11.9218
-0
12.8355
13.2988
-0
-0
-0
65.5225
-0
10.2622
-0
-0
-0
-0
28.7004
-0
-0
-0
-0
-0
-0
-0
-0
-0
-0
-0
-0
-0
-0
25.1344
-0
-0
-0
-0
-0
-0
-0
-0
-0
25.5242
2.49064
-0
-0
-0
-0
37.1235
3.58213
-0
-0
-0
-0
-0
-0
11.1898
-0
-0
61.874
-0
-0
-0
-0
-0
-0
-0
-0
-0
-0
-0
-0
1.62643
2.51535
-0
-0
2.46982
-0
-0
27.2851
-0
-0
-0
-0
-0
-0
48.5371
-0
-0
-0
-0
-0
-0
2.51311
-0
-0
-0
1.32871
-0
0.199907
-0
-0
-0
-0
-0
24.6523
-0
-0
-0
-0
-0
-0
-0
-0
-0
-0
9.14189
-0
14.173
-0
-0
-0
-0
-0
-0
11.5996
-0
4.27999
-0
-0
-0
0.306078
-0
-0
-0
-0
-0
-0
-0
4.30106
-0
-0
-0
5.91338
20.6101
-0
-0
-0
23.1327
-0
17.8541
-0
60.0205
-0
0.0605181
14.0034
-0
-0
-0
3.4173
16.5809
-0
-0
-0
-0
-0
-0
-0
-0
-0
-0
-0
-0
-0
-0
-0
-0
-0
-0
-0
-0
2.86336
-0
23.7889
-0
-0
-0
-0
3.23995
-0
-0
-0
-0
-0
-0
-0
-0
-0
-0
-0
-0
-0
11.5831
-0
-0
-0
-0
-0
-0
17.4281
-0
5.85402
-0
-0
-0
-0
24.2214
-0
-0
-0
-0
9.04891
-0
13.4914
27.6329
-0
-0
24.6276
-0
-0
55.7218
24.1188
-0
-0
-0
-0
-0
-0
-0
68.6877
9.46965
-0
-0
39.2517
-0
-0
31.4963
3.20061
-0
-0
54.1806
8.10758
-0
-0
-0
8.92386
-0
-0
29.9903
-0
-0
-0
-0
-0
-0
-0
-0
16.2182
-0
-0
-0
-0
-0
-0
2.82858
36.6176
-0
-0
-0
13.6794
-0
-0
10.8859
4.14456
-0
-0
-0
-0
-0
10.2796
-0
7.67476
-0
15.4543
-0
-0
-0
-0
5.91922
-0
-0
-0
-0
-0
21.5693
37.1251
-0
-0
-0
-0
-0
-0
-0
-0
29.4137
-0
-0
-0
4.05429
-0
-0
52.0243
-0
-0
-0
-0
29.8073
3.14639
-0
-0
-0
-0
-0
36.5572
-0
-0
-0
6.12267
-0
-0
16.3376
7.24734
-0
-0
-0
0.635648
-0
-0
18.0108
-0
-0
-0
-0
-0
-0
-0
-0
-0
-0
-0
-0
-0
-0
16.8089
-0
-0
-0
-0
-0
-0
-0
1.99746
-0
-0
-0
-0
-0
-0
-0
8.7441
-0
-0
-0
-0
-0
12.0422
-0
-0
-0
1.81183
12.5474
-0
-0
-0
-0
11.6151
-0
-0
-0
-0
-0
-0
-0
19.3177
-0
-0
-0
39.4667
3.73137
-0
-0
-0
-0
-0
-0
-0
-0
5.42875
14.3069
-0
-0
0.755662
-0
-0
-0
-0
-0
-0
-0
-0
-0
-0
5.90856
-0
-0
-0
-0
-0
14.8491
-0
0.194645
-0
-0
-0
-0
-0
22.6465
-0
-0
-0
16.3178
-0
-0
-0
-0
-0
17.7346
-0
-0
16.743
-0
-0
-0
-0
-0
-0
-0
-0
-0
25.1306
-0
-0
30.4952
-0
-0
-0
-0
-0
-0
-0
-0
14.2872
13.426
-0
-0
-0
-0
-0
-0
-0
-0
3.37466
-0
7.73715
-0
-0
17.2396
-0
-0
-0
-0
-0
-0
-0
-0
3.31408
-0
29.0498
-0
-0
-0
-0
42.4903
15.1083
-0
-0
-0
0.694195
-0
-0
-0
-0
-0
-0
-0
-0
28.8307
10.8231
-0
-0
-0
-0
-0
23.571
-0
-0
-0
-0
-0
2.43143
-0
-0
-0
4.95566
-0
-0
-0
-0
-0
36.8595
-0
-0
17.8832
15.091
-0
6.48556
-0
-0
-0
44.6441
-0
-0
-0
-0
-0
-0
19.8282
35.3356
-0
-0
26.6608
-0
14.6066
-0
-0
-0
-0
21.3616
26.4828
-0
-0
-0
-0
-0
-0
-0
-0
-0
-0
-0
-0
-0
-0
-0
-0
-0
-0
-0
-0
18.3444
-0
-0
-0
-0
-0
-0
22.0447
24.1729
-0
-0
-0
-0
-0
-0
-0
-0
-0
-0
-0
-0
-0
-0
-0
-0
-0
18.8427
2.05927
-0
-0
-0
-0
-0
-0
-0
-0
-0
-0
-0
-0
-0
-0
-0
-0
-0
-0
-0
16.7699
-0
16.1335
-0
-0
-0
34.9676
-0
-0
65.9099
-0
-0
-0
-0
-0
-0
-0
71.9667
1.86703
-0
-0
43.1451
-0
-0
-0
-0
11.4515
-0
-0
36.9197
-0
-0
-0
-0
-0
19.9029
10.3056
27.4437
-0
-0
12.2387
29.6479
-0
6.54869
-0
-0
-0
-0
-0
-0
-0
-0
27.7923
-0
33.0504
12.8759
-0
3.89105
-0
-0
-0
-0
7.7955
32.8361
-0
-0
29.8151
-0
-0
9.22285
43.6054
-0
15.2307
-0
5.42437
-0
-0
-0
-0
96.2946
2.63437
-0
-0
-0
-0
-0
-0
12.6547
-0
-0
11.8282
-0
-0
-0
3.64464
72.976
-0
-0
-0
-0
14.9374
10.4383
-0
-0
-0
-0
-0
-0
-0
18.272
9.73576
-0
-0
-0
-0
-0
7.50566
-0
-0
-0
-0
-0
5.38639
-0
-0
-0
-0
-0
-0
-0
-0
-0
-0
-0
8.42444
-0
-0
-0
-0
-0
-0
-0
-0
-0
-0
27.9172
-0
12.077
-0
-0
-0
-0
-0
-0
-0
17.6812
-0
-0
-0
-0
-0
-0
5.93281
15.2639
-0
16.7176
-0
-0
18.3663
-0
-0
-0
-0
-0
-0
3.94825
-0
-0
-0
-0
15.6309
-0
-0
43.6166
-0
0.363736
-0
-0
6.2431
39.3391
-0
-0
14.8086
-0
-0
-0
-0
-0
-0
-0
6.34887
7.89576
-0
-0
-0
-0
-0
-0
-0
7.85805
-0
-0
-0
-0
-0
-0
-0
-0
-0
-0
-0
-0
-0
15.175
-0
-0
-0
-0
-0
-0
-0
-0
-0
-0
-0
-0
-0
-0
28.1088
-0
20.812
13.8922
17.7069
-0
-0
-0
-0
-0
-0
-0
-0
-0
-0
-0
-0
-0
-0
-0
-0
-0
-0
-0
22.3589
-0
-0
-0
-0
-0
-0
-0
-0
-0
-0
-0
-0
-0
-0
-0
19.9736
18.5645
-0
-0
22.7785
-0
-0
-0
-0
-0
-0
-0
10.2606
-0
-0
4.50857
40.1105
-0
-0
-0
-0
17.9381
-0
-0
-0
-0
-0
-0
51.3222
20.8144
11.7711
2.19646
-0
-0
-0
-0
-0
-0
-0
-0
-0
-0
-0
12.4999
31.6714
-0
-0
-0
-0
-0
-0
-0
-0
15.4796
-0
-0
-0
27.6153
-0
-0
-0
20.4413
-0
-0
-0
-0
57.6682
-0
5.16904
-0
-0
-0
0.491056
-0
4.25469
-0
-0
-0
-0
25.9574
-0
-0
-0
-0
-0
-0
-0
6.12851
-0
3.31795
-0
7.8479
-0
-0
-0
-0
-0
-0
-0
-0
-0
19.1047
-0
-0
-0
-0
-0
-0
-0
-0
-0
-0
-0
-0
-0
-0
-0
-0
-0
-0
27.0498
6.69332
-0
-0
-0
-0
-0
42.8804
-0
-0
-0
-0
-0
-0
-0
13.1196
-0
-0
-0
-0
-0
-0
-0
-0
11.1464
-0
-0
-0
31.3084
-0
-0
-0
-0
-0
-0
-0
13.0616
-0
-0
-0
-0
-0
49.0584
-0
-0
-0
-0
17.2443
-0
-0
-0
0.0706923
-0
5.90674
-0
49.1532
-0
-0
18.4423
-0
-0
-0
-0
-0
-0
7.36144
3.95088
-0
1.319
-0
-0
0.580705
-0
-0
-0
-0
-0
-0
-0
-0
-0
-0
-0
-0
-0
8.90167
-0
-0
-0
-0
-0
1.5698
-0
-0
-0
-0
-0
26.7274
-0
-0
-0
-0
-0
-0
-0
-0
-0
44.6565
20.2929
48.2826
-0
-0
-0
-0
-0
-0
-0
-0
-0
9.59148
-0
-0
-0
-0
15.4759
-0
-0
32.5256
-0
-0
-0
-0
31.5945
-0
-0
-0
-0
-0
-0
48.825
-0
-0
13.7628
-0
-0
-0
5.16483
17.3362
-0
-0
-0
-0
-0
-0
-0
-0
3.81509
-0
-0
-0
-0
-0
8.64872
-0
-0
-0
-0
-0
-0
-0
-0
-0
-0
-0
-0
-0
39.4275
-0
-0
-0
-0
-0
-0
-0
-0
7.99433
-0
-0
-0
-0
29.2827
-0
-0
-0
-0
-0
-0
-0
-0
-0
-0
-0
-0
-0
-0
-0
-0
32.3644
-0
-0
-0
-0
-0
-0
-0
-0
47.9051
3.45174
-0
-0
-0
-0
14.8129
12.3775
5.19556
-0
-0
-0
-0
-0
-0
-0
-0
-0
-0
-0
47.1992
-0
-0
-0
-0
-0
-0
-0
-0
2.0885
-0
-0
-0
-0
-0
-0
-0
10.7621
-0
-0
9.90985
-0
-0
-0
-0
-0
-0
44.2913
-0
-0
-0
40.0028
-0
-0
-0
36.2355
-0
-0
24.4665
47.1407
-0
-0
-0
-0
23.592
-0
-0
2.59274
-0
-0
-0
-0
-0
-0
-0
-0
12.3166
-0
61.0924
-0
-0
-0
-0
-0
-0
-0
36.74
-0
-0
-0
-0
-0
-0
6.86319
-0
-0
-0
17.8657
-0
-0
8.77472
24.4513
37.3681
6.01341
-0
7.22577
-0
-0
-0
-0
15.7605
-0
-0
4.1591
-0
-0
43.721
-0
-0
-0
16.2215
-0
-0
-0
-0
-0
-0
11.4415
-0
-0
-0
-0
-0
-0
-0
-0
-0
-0
-0
26.3156
-0
-0
-0
-0
0.328847
-0
-0
-0
-0
1.83179
17.2723
22.5844
-0
50.256
-0
-0
-0
-0
-0
-0
13.8953
-0
-0
41.3084
-0
32.3025
-0
-0
29.6414
-0
-0
-0
22.7744
2.36299
-0
-0
-0
-0
9.76533
30.7566
-0
-0
-0
-0
-0
-0
-0
-0
-0
-0
34.1796
-0
-0
-0
-0
-0
-0
-0
27.0521
24.9062
-0
-0
-0
3.61215
-0
-0
-0
-0
-0
-0
-0
-0
-0
-0
-0
-0
-0
-0
-0
-0
-0
8.44087
2.74046
-0
-0
10.1957
-0
-0
-0
-0
-0
-0
-0
-0
-0
-0
-0
-0
-0
-0
-0
-0
16.5652
-0
-0
-0
-0
-0
-0
-0
-0
-0
-0
-0
48.3726
-0
-0
8.03526
-0
2.2667
-0
-0
-0
32.5056
24.251
45.2959
-0
-0
-0
-0
-0
-0
28.393
57.9993
-0
57.2701
21.3675
-0
-0
-0
-0
-0
0.700196
-0
-0
-0
-0
8.60307
-0
-0
-0
-0
-0
-0
-0
-0
-0
25.994
-0
-0
-0
-0
-0
-0
16.6813
-0
12.8458
25.7877
-0
-0
-0
-0
-0
39.9668
8.43997
-0
43.9453
-0
-0
-0
-0
-0
-0
12.3536
35.1572
21.0248
59.6856
36.6677
3.919
-0
-0
-0
-0
-0
16.1404
-0
-0
-0
-0
-0
-0
-0
-0
-0
-0
-0
-0
-0
-0
-0
-0
-0
-0
-0
26.4917
9.30598
-0
-0
-0
12.3302
-0
-0
-0
-0
8.71698
-0
-0
-0
-0
-0
2.08622
-0
-0
-0
-0
-0
-0
-0
31.0573
-0
37.0464
-0
32.1113
-0
39.0335
-0
-0
-0
-0
36.4541
9.58044
-0
-0
-0
-0
-0
-0
9.03939
-0
-0
-0
-0
-0
-0
-0
-0
-0
-0
-0
-0
-0
-0
-0
-0
-0
-0
-0
-0
25.3926
-0
-0
-0
-0
-0
35.454
-0
-0
20.9452
-0
-0
-0
2.8497
-0
-0
-0
-0
-0
20.8596
-0
32.5647
-0
-0
-0
-0
61.9127
-0
-0
-0
-0
10.8577
-0
-0
29.9296
-0
-0
-0
-0
-0
-0
-0
13.5532
45.5656
18.0139
-0
-0
-0
-0
-0
-0
-0
-0
-0
-0
-0
11.0794
-0
-0
-0
-0
-0
33.1783
-0
-0
-0
-0
9.69748
-0
31.0808
-0
-0
-0
-0
-0
-0
-0
-0
-0
-0
-0
2.27963
-0
-0
3.85839
-0
21.2789
-0
-0
9.78018
-0
-0
-0
2.01757
-0
2.48653
-0
-0
-0
59.2321
-0
-0
29.7054
1.13337
-0
-0
39.4223
-0
-0
-0
-0
-0
-0
32.775
-0
-0
-0
22.5575
-0
-0
-0
-0
-0
20.6715
-0
-0
-0
5.95468
-0
-0
-0
-0
-0
-0
-0
-0
-0
8.72607
-0
25.9601
-0
-0
-0
22.1011
-0
-0
-0
-0
-0
7.74239
-0
51.6309
-0
-0
68.2216
-0
6.04703
-0
-0
-0
14.6324
-0
9.29839
24.5759
43.4913
-0
-0
-0
-0
-0
-0
-0
-0
-0
-0
-0
-0
-0
-0
-0
34.5288
23.7478
-0
-0
-0
-0
-0
-0
-0
-0
-0
-0
-0
-0
-0
-0
-0
-0
-0
7.74567
-0
-0
-0
-0
-0
9.1706
-0
-0
-0
-0
-0
-0
-0
2.81147
4.28724
-0
34.3058
-0
-0
-0
-0
-0
-0
-0
25.7545
-0
-0
-0
-0
8.10006
-0
-0
-0
-0
-0
-0
-0
-0
-0
-0
12.755
-0
-0
2.23375
-0
-0
13.7013
26.7981
-0
20.5879
-0
16.9085
-0
-0
-0
-0
-0
-0
-0
-0
-0
-0
-0
-0
10.3226
-0
1.0914
-0
-0
-0
14.4967
-0
-0
-0
-0
-0
-0
-0
-0
-0
-0
-0
0.371111
-0
-0
-0
-0
-0
-0
-0
-0
-0
-0
-0
-0
-0
42.8704
-0
3.23264
-0
-0
-0
-0
-0
-0
-0
-0
-0
-0
-0
-0
-0
-0
-0
-0
-0
-0
-0
16.8161
-0
-0
-0
20.4976
-0
-0
-0
-0
-0
-0
-0
25.1773
-0
-0
2.34876
-0
-0
24.3549
-0
-0
-0
16.4202
-0
-0
-0
-0
-0
-0
-0
-0
-0
-0
-0
-0
-0
-0
-0
-0
-0
15.8198
-0
-0
-0
-0
-0
-0
-0
-0
-0
-0
-0
-0
17.9173
-0
40.1222
61.8149
-0
-0
-0
25.6114
-0
-0
-0
-0
-0
30.063
-0
8.75653
-0
40.0194
-0
0.0597767
-0
23.6463
-0
-0
-0
-0
21.6084
-0
5.70585
-0
-0
-0
-0
-0
8.65626
-0
8.95959
-0
-0
-0
-0
41.3691
-0
-0
-0
-0
5.62414
-0
-0
-0
-0
-0
-0
-0
-0
-0
-0
-0
-0
-0
-0
-0
-0
-0
3.15347
-0
50.9971
-0
-0
-0
-0
-0
-0
-0
-0
-0
-0
-0
-0
-0
12.0072
-0
-0
-0
-0
-0
-0
-0
-0
-0
-0
-0
12.6146
-0
-0
-0
-0
18.2587
-0
0.397055
-0
-0
31.5338
-0
-0
-0
-0
-0
-0
-0
-0
-0
-0
-0
-0
38.6293
-0
-0
-0
0.742417
-0
21.9687
0.449183
-0
-0
-0
-0
-0
-0
-0
-0
41.0046
-0
-0
3.56544
-0
-0
-0
8.79704
-0
4.80314
-0
-0
31.4092
-0
-0
-0
-0
-0
7.69683
-0
4.76656
25.8296
-0
-0
-0
-0
-0
-0
44.7022
-0
-0
-0
-0
-0
-0
-0
-0
-0
-0
-0
-0
-0
-0
-0
17.9507
19.2089
-0
-0
-0
-0
19.5176
16.0299
3.46123
-0
0.341379
-0
14.8805
-0
-0
-0
-0
-0
-0
0.61716
-0
-0
-0
-0
-0
28.8515
29.0453
-0
-0
-0
-0
-0
67.4798
-0
-0
16.1819
-0
-0
-0
-0
-0
-0
-0
0.552624
26.5999
-0
-0
5.05712
55.6531
-0
6.22104
0.0326401
-0
-0
44.683
-0
-0
-0
-0
-0
-0
-0
-0
-0
-0
33.2215
-0
-0
-0
-0
-0
-0
5.93864
-0
-0
24.1796
-0
-0
-0
-0
-0
-0
-0
-0
-0
-0
-0
-0
6.54321
20.2521
14.4407
-0
-0
6.09491
-0
27.1736
-0
12.4472
-0
-0
-0
-0
-0
-0
-0
-0
-0
-0
16.4379
-0
-0
65.3088
-0
14.8782
-0
-0
-0
-0
14.713
-0
-0
-0
-0
-0
-0
-0
46.3669
-0
-0
-0
0.83627
-0
-0
-0
-0
-0
-0
-0
-0
-0
-0
6.73237
16.558
-0
-0
-0
29.706
30.3963
-0
22.16
-0
-0
-0
-0
12.0924
-0
-0
42.7724
-0
-0
-0
-0
-0
2.82907
-0
-0
-0
-0
-0
-0
0.32181
2.92181
26.0301
-0
-0
-0
34.461
-0
-0
-0
-0
2.49146
-0
9.83869
-0
-0
-0
-0
25.372
-0
-0
-0
-0
-0
-0
-0
60.6117
-0
-0
1.76447
-0
-0
-0
-0
-0
-0
-0
-0
-0
-0
-0
-0
10.2223
-0
-0
-0
-0
-0
-0
-0
-0
-0
-0
-0
-0
-0
-0
20.5593
-0
6.55557
-0
-0
-0
-0
50.4868
-0
-0
-0
-0
20.7748
-0
-0
-0
-0
-0
23.1136
7.52322
-0
-0
19.6743
27.1049
7.23508
-0
-0
2.09634
16.9894
17.1587
5.12589
-0
-0
-0
-0
-0
-0
-0
-0
-0
-0
0.937412
6.45265
-0
25.4364
-0
-0
13.3829
-0
-0
-0
-0
-0
-0
-0
-0
-0
-0
-0
-0
10.4575
-0
-0
-0
-0
-0
-0
-0
8.03899
0.103037
-0
22.8612
-0
-0
-0
0.043141
-0
3.76026
-0
-0
-0
-0
-0
-0
-0
-0
-0
-0
-0
-0
-0
-0
-0
-0
2.34586
-0
-0
12.8688
-0
-0
-0
-0
-0
-0
5.11504
-0
-0
-0
-0
6.50905
-0
-0
-0
-0
-0
-0
-0
-0
-0
-0
-0
-0
-0
-0
-0
-0
-0
-0
-0
-0
-0
53.7631
-0
-0
-0
-0
-0
-0
-0
-0
-0
19.269
-0
-0
-0
-0
-0
-0
-0
-0
-0
-0
-0
-0
-0
-0
13.4821
-0
-0
10.1193
-0
1.82667
42.4285
0.92891
-0
15.7958
12.6643
-0
-0
-0
-0
0.842519
-0
-0
-0
-0
-0
-0
-0
-0
-0
34.4652
-0
-0
-0
-0
19.8325
-0
-0
-0
17.4216
-0
-0
-0
-0
-0
-0
1.35942
-0
-0
-0
-0
-0
-0
-0
59.3512
10.6542
-0
16.9077
-0
11.3691
-0
10.1543
-0
42.2449
-0
-0
-0
-0
-0
-0
-0
22.4953
-0
14.2725
-0
-0
-0
-0
-0
-0
27.0566
-0
-0
8.20831
18.3346
-0
-0
-0
-0
-0
10.058
23.8728
-0
19.988
-0
22.9861
-0
-0
-0
-0
-0
-0
-0
-0
-0
-0
22.8102
-0
-0
16.7758
-0
9.48227
-0
-0
12.4716
-0
-0
-0
-0
-0
-0
10.0161
-0
6.07929
23.5412
-0
-0
18.033
-0
-0
21.6313
-0
-0
-0
-0
-0
-0
12.0934
-0
1.56938
-0
-0
-0
-0
-0
-0
-0
-0
-0
-0
-0
32.1784
-0
-0
7.99106
-0
-0
-0
39.5302
-0
-0
15.3029
14.8724
-0
0.977083
-0
-0
-0
8.26549
4.33975
-0
7.17769
-0
-0
-0
-0
-0
-0
13.1877
30.9495
-0
12.7726
11.9503
-0
-0
-0
-0
-0
-0
-0
-0
-0
16.358
-0
3.35807
-0
-0
-0
-0
15.9326
-0
-0
-0
-0
-0
-0
-0
34.6718
-0
25.0006
-0
-0
-0
-0
-0
13.5733
-0
-0
-0
-0
-0
43.2438
-0
-0
-0
-0
-0
8.5946
-0
1.47505
-0
54.5964
-0
-0
-0
-0
-0
-0
38.4801
-0
-0
-0
-0
-0
-0
37.2044
-0
-0
35.0293
-0
-0
-0
-0
-0
-0
-0
30.5593
8.11405
-0
-0
-0
16.0051
-0
51.0413
6.44324
24.4242
-0
-0
37.0738
-0
-0
-0
-0
-0
-0
-0
-0
-0
-0
-0
-0
2.76782
-0
-0
-0
15.0636
8.32792
-0
15.4694
-0
-0
-0
-0
-0
0.185643
6.03539
-0
-0
-0
-0
-0
-0
-0
-0
40.1974
-0
0.00341867
-0
-0
-0
-0
32.8625
-0
-0
-0
-0
1.01495
6.03624
-0
-0
-0
-0
-0
-0
-0
50.0448
-0
55.1289
7.46889
-0
3.99963
6.81345
-0
-0
-0
-0
-0
-0
-0
23.1803
-0
-0
-0
-0
-0
18.0514
-0
-0
-0
-0
-0
-0
-0
-0
-0
-0
-0
9.1998
-0
-0
28.0993
-0
0.340399
-0
-0
-0
10.8694
-0
-0
-0
-0
28.1687
19.2014
-0
-0
-0
-0
-0
-0
23.7891
-0
-0
-0
-0
-0
-0
-0
3.53583
-0
-0
-0
-0
-0
-0
-0
-0
-0
-0
-0
-0
9.12857
-0
93.189
-0
19.8631
23.7434
31.8512
-0
-0
25.8828
-0
-0
-0
-0
-0
40.3548
-0
-0
-0
-0
-0
-0
-0
-0
-0
-0
-0
-0
-0
-0
19.8468
2.15662
-0
-0
-0
-0
-0
-0
-0
-0
-0
-0
-0
-0
23.4826
-0
-0
-0
-0
-0
-0
2.49053
-0
-0
-0
-0
-0
-0
13.4079
-0
1.77483
38.6917
18.4819
-0
-0
7.22621
43.1766
-0
10.5451
-0
-0
-0
-0
39.4712
8.74221
-0
20.5698
-0
4.8038
-0
-0
-0
-0
-0
-0
-0
-0
17.0279
2.49582
-0
9.29393
-0
-0
-0
-0
-0
-0
-0
22.294
-0
-0
-0
-0
-0
-0
-0
-0
-0
7.91165
-0
35.0462
-0
-0
-0
-0
12.3859
22.9929
-0
-0
-0
-0
-0
-0
-0
11.6782
-0
-0
-0
-0
-0
-0
-0
-0
-0
-0
-0
1.29409
-0
4.55058
-0
-0
16.0598
18.3219
-0
22.4399
-0
-0
-0
-0
16.1583
-0
-0
37.0394
-0
-0
-0
-0
2.11796
-0
-0
-0
-0
27.1302
-0
-0
-0
-0
-0
-0
33.317
-0
-0
-0
-0
-0
-0
-0
-0
-0
-0
-0
17.9253
39.0311
-0
-0
-0
-0
-0
-0
19.184
-0
-0
16.2198
-0
-0
-0
10.6033
-0
-0
-0
-0
-0
-0
-0
23.5187
-0
-0
-0
-0
-0
-0
22.9757
-0
9.7896
-0
-0
-0
-0
-0
-0
-0
-0
22.6631
-0
-0
14.9008
-0
9.2971
-0
-0
2.05321
1.37242
-0
-0
-0
-0
15.4044
-0
-0
-0
-0
-0
-0
-0
-0
-0
-0
-0
-0
-0
-0
-0
41.4389
1.84092
-0
-0
-0
49.9908
1.3472
-0
-0
-0
-0
8.24359
-0
-0
-0
-0
6.23818
-0
-0
-0
-0
-0
22.0214
3.08431
-0
-0
-0
-0
-0
5.89798
-0
3.45577
-0
-0
-0
6.79872
-0
-0
-0
-0
0.167177
-0
-0
12.1705
-0
8.72899
4.59169
42.7525
-0
1.2627
-0
-0
-0
31.2561
0.39133
-0
-0
26.0547
-0
-0
13.2315
-0
-0
-0
-0
-0
-0
-0
-0
-0
9.46714
-0
12.7316
-0
-0
28.7761
-0
-0
-0
-0
-0
-0
34.3963
-0
-0
-0
-0
-0
-0
-0
-0
-0
-0
-0
-0
-0
14.1578
-0
-0
-0
-0
-0
-0
-0
-0
-0
-0
-0
-0
-0
-0
-0
-0
-0
15.3109
-0
-0
-0
2.83033
-0
17.3734
-0
-0
-0
-0
-0
-0
-0
-0
-0
32.326
-0
-0
-0
-0
-0
-0
-0
22.2673
-0
-0
-0
-0
23.7977
-0
-0
-0
15.9756
-0
-0
9.6639
43.8036
-0
-0
33.8538
-0
12.3221
-0
-0
-0
-0
7.87333
57.1045
-0
-0
4.19246
44.767
-0
14.8485
-0
-0
-0
-0
-0
-0
-0
-0
3.83964
-0
5.94473
-0
-0
-0
-0
-0
-0
14.6355
-0
-0
-0
21.716
-0
-0
1.74947
-0
-0
-0
1.04027
-0
-0
-0
-0
-0
-0
-0
-0
-0
30.2246
-0
-0
26.2554
-0
-0
-0
-0
-0
-0
-0
-0
-0
-0
-0
-0
-0
-0
-0
-0
28.633
-0
-0
-0
-0
-0
-0
-0
-0
