-0
-0
-0
-0
-0
-0
-0
57.608
12.8196
24.0925
15.5712
-0
-0
-0
-0
20.0869
-0
-0
-0
8.0512
-0
-0
-0
-0
7.14995
-0
-0
-0
-0
-0
-0
-0
-0
-0
3.80213
-0
-0
-0
-0
-0
0.196639
-0
-0
21.2297
-0
-0
-0
-0
-0
32.0833
-0
-0
-0
-0
-0
-0
36.9563
0.442973
-0
46.4663
-0
-0
16.41
-0
-0
-0
-0
-0
-0
2.25546
-0
-0
11.4815
-0
-0
0.339417
31.0475
-0
-0
-0
-0
34.9399
-0
-0
28.8016
-0
-0
-0
-0
-0
29.601
-0
-0
-0
1.09836
-0
7.61491
-0
-0
-0
-0
-0
-0
5.41594
-0
-0
-0
-0
-0
-0
-0
-0
-0
-0
-0
2.59937
-0
-0
36.1524
28.4586
31.6457
-0
8.46909
-0
-0
-0
-0
-0
-0
-0
-0
49.6151
30.9533
-0
-0
-0
-0
40.2846
-0
8.3297
-0
-0
20.2292
-0
-0
-0
-0
-0
-0
-0
-0
-0
-0
13.4304
-0
-0
32.7154
-0
-0
2.00665
35.0935
-0
-0
-0
-0
17.4047
-0
-0
-0
93.4753
-0
17.0268
-0
-0
-0
-0
-0
-0
29.0192
-0
-0
-0
-0
-0
-0
15.5606
-0
-0
45.5333
-0
36.1123
0.495184
-0
-0
-0
-0
-0
-0
-0
-0
-0
14.2584
-0
-0
14.3611
-0
-0
-0
-0
-0
-0
-0
22.7482
-0
-0
13.2802
7.45953
-0
-0
-0
11.6397
-0
-0
-0
5.02204
-0
-0
-0
-0
30.728
-0
-0
-0
-0
-0
0.897664
-0
-0
-0
-0
0.314126
-0
-0
-0
-0
-0
51.38
-0
-0
-0
-0
-0
-0
-0
-0
-0
-0
-0
-0
-0
8.80732
-0
-0
-0
-0
-0
-0
-0
-0
-0
-0
22.3632
11.1706
35.2367
-0
-0
-0
-0
-0
-0
8.21132
4.32536
-0
-0
-0
-0
-0
-0
-0
-0
-0
-0
-0
-0
27.083
-0
44.9184
-0
-0
48.7439
-0
-0
0.37884
-0
8.32981
27.7915
-0
-0
-0
-0
-0
-0
-0
-0
-0
0.321367
-0
-0
-0
0.737693
-0
-0
-0
5.62034
22.4553
-0
7.42162
-0
-0
14.309
-0
-0
-0
-0
-0
-0
-0
4.23908
-0
29.3053
-0
-0
-0
-0
-0
-0
-0
-0
-0
8.23005
-0
-0
11.2265
-0
13.8273
-0
-0
-0
14.5206
-0
-0
-0
-0
-0
18.8955
1.62105
-0
-0
-0
-0
-0
9.50772
0.836909
-0
-0
-0
-0
-0
-0
-0
-0
-0
4.13936
-0
-0
61.8662
-0
-0
-0
-0
-0
17.9384
-0
-0
-0
-0
-0
5.35872
-0
-0
15.5161
-0
-0
-0
-0
-0
-0
-0
-0
14.0878
-0
-0
-0
-0
-0
32.6295
-0
-0
-0
-0
-0
-0
-0
-0
-0
-0
-0
-0
-0
-0
-0
-0
-0
-0
25.8483
-0
-0
-0
-0
10.2491
-0
-0
-0
-0
-0
8.77017
-0
-0
-0
-0
44.5029
0.315859
-0
-0
-0
7.58743
28.2757
8.53498
-0
-0
-0
-0
3.6705
-0
24.7292
-0
-0
-0
-0
-0
-0
-0
-0
-0
-0
12.3222
-0
-0
-0
-0
-0
-0
-0
-0
-0
-0
-0
-0
-0
43.9467
21.7122
-0
-0
-0
-0
54.3552
21.669
-0
-0
7.99867
-0
-0
29.2422
-0
-0
-0
-0
-0
-0
20.0033
-0
-0
35.9184
-0
-0
4.11032
-0
-0
12.3301
-0
-0
-0
-0
12.5162
20.88
-0
20.0812
-0
-0
-0
-0
-0
-0
-0
6.1731
-0
6.00898
-0
-0
-0
-0
-0
-0
-0
-0
12.2359
-0
-0
-0
13.037
-0
-0
-0
-0
80.3393
93.4689
-0
-0
5.58667
-0
-0
-0
-0
-0
-0
-0
-0
-0
-0
6.90567
-0
-0
-0
-0
-0
6.64002
-0
-0
-0
-0
-0
-0
-0
-0
-0
-0
-0
-0
-0
4.1273
-0
-0
7.97123
-0
-0
34.167
-0
-0
14.4375
-0
3.2725
-0
-0
-0
-0
-0
-0
13.1831
-0
5.99681
-0
2.98625
10.2005
-0
-0
-0
23.9162
-0
-0
-0
-0
-0
-0
16.7134
-0
-0
-0
-0
-0
-0
-0
-0
-0
-0
-0
-0
-0
-0
4.57744
-0
-0
-0
-0
-0
-0
-0
-0
-0
-0
-0
-0
-0
-0
-0
-0
14.7517
-0
-0
-0
-0
-0
-0
-0
22.2176
-0
31.9752
-0
-0
-0
-0
-0
-0
-0
-0
3.89271
-0
-0
-0
0.724419
-0
-0
-0
10.7181
-0
-0
32.5012
-0
-0
20.9513
-0
-0
-0
7.93581
-0
-0
-0
-0
-0
-0
-0
17.8429
-0
-0
47.8818
-0
-0
-0
-0
-0
-0
-0
32.4491
-0
-0
-0
-0
-0
-0
-0
-0
-0
-0
-0
-0
-0
-0
-0
-0
-0
-0
15.9806
-0
-0
11.7242
-0
-0
-0
-0
-0
-0
-0
-0
-0
-0
-0
-0
-0
-0
-0
-0
-0
-0
-0
-0
54.4809
-0
-0
-0
51.8237
-0
-0
7.27283
-0
-0
-0
-0
13.0308
-0
-0
-0
-0
-0
-0
-0
3.08915
-0
-0
-0
-0
31.0041
-0
-0
-0
-0
-0
-0
-0
25.698
-0
17.817
-0
-0
10.8046
-0
11.9475
-0
12.3273
-0
6.40185
-0
-0
-0
-0
-0
-0
-0
-0
-0
17.2771
-0
-0
-0
-0
-0
-0
13.4142
-0
-0
-0
36.2331
-0
-0
49.42
-0
-0
-0
-0
11.5976
-0
-0
13.8101
-0
-0
20.1301
-0
-0
40.5551
28.4466
-0
-0
-0
-0
-0
-0
-0
50.152
18.1991
-0
-0
48.0801
8.31084
-0
2.97712
-0
-0
-0
43.4862
-0
-0
-0
-0
6.19076
-0
-0
22.0362
-0
-0
-0
-0
-0
-0
-0
-0
26.144
0.397119
-0
-0
-0
-0
-0
3.55721
27.4202
-0
-0
-0
3.07335
-0
-0
-0
4.23103
-0
-0
-0
-0
-0
1.12199
-0
-0
-0
12.6057
-0
-0
-0
-0
-0
-0
7.94817
-0
-0
-0
-0
6.77666
-0
-0
-0
-0
-0
-0
-0
-0
-0
-0
-0
-0
4.24337
-0
-0
50.1973
-0
-0
-0
-0
-0
4.90767
-0
5.85484
-0
-0
-0
-0
-0
-0
-0
-0
32.0169
-0
10.3999
14.7133
-0
-0
-0
-0
-0
-0
3.56579
2.75289
-0
0.399916
-0
-0
-0
-0
-0
14.7289
16.334
-0
-0
-0
-0
-0
-0
-0
-0
17.5653
-0
-0
-0
-0
-0
-0
-0
-0
-0
-0
-0
23.5376
-0
-0
-0
-0
-0
-0
-0
-0
-0
4.26119
-0
-0
-0
-0
-0
8.56084
15.137
-0
-0
-0
-0
-0
-0
38.3374
-0
-0
-0
-0
-0
-0
-0
-0
-0
-0
-0
-0
-0
-0
6.35277
-0
-0
9.56153
-0
-0
-0
-0
-0
-0
-0
-0
-0
-0
-0
30.1367
-0
-0
-0
-0
37.9735
-0
1.73229
-0
-0
-0
7.3378
-0
16.8504
-0
-0
-0
-0
-0
-0
-0
-0
-0
3.79268
-0
-0
15.5114
-0
-0
-0
-0
-0
-0
-0
14.3707
-0
25.7369
-0
-0
53.7803
-0
-0
-0
-0
-0
-0
-0
-0
-0
-0
-0
-0
-0
-0
-0
-0
-0
-0
-0
-0
30.7842
-0
-0
-0
-0
-0
-0
-0
-0
-0
-0
6.16495
-0
-0
17.9162
-0
-0
-0
-0
33.8527
-0
-0
-0
-0
-0
-0
-0
-0
-0
-0
-0
-0
-0
28.1085
6.71599
-0
-0
-0
-0
-0
-0
0.353319
-0
-0
-0
-0
-0
-0
-0
-0
5.78468
-0
-0
-0
-0
-0
35.7453
-0
-0
16.8262
-0
-0
-0
-0
0.173655
-0
14.294
-0
-0
-0
-0
-0
-0
2.07084
24.7667
-0
-0
2.4622
22.7335
0.693002
-0
-0
-0
9.15036
-0
-0
-0
-0
-0
-0
-0
-0
-0
-0
-0
-0
-0
-0
-0
-0
22.6629
-0
-0
-0
-0
-0
6.79793
-0
-0
-0
3.17616
-0
-0
7.96461
3.35085
-0
39.6148
-0
-0
-0
-0
-0
-0
-0
-0
-0
-0
-0
-0
-0
-0
-0
23.8489
-0
-0
-0
-0
7.36465
-0
-0
-0
9.50457
-0
-0
-0
-0
-0
-0
-0
-0
-0
13.7667
-0
-0
-0
-0
-0
-0
-0
18.1071
-0
-0
32.5858
-0
-0
-0
-0
-0
-0
-0
33.6434
-0
-0
-0
43.1725
-0
-0
-0
-0
26.3257
-0
-0
17.0188
-0
-0
-0
-0
-0
27.7181
2.40086
-0
-0
3.40135
-0
-0
-0
-0
-0
-0
44.7116
-0
-0
-0
-0
-0
-0
-0
38.1603
22.7626
-0
3.1254
-0
16.0038
-0
-0
-0
54.7487
-0
-0
18.7898
-0
-0
1.09811
46.8069
12.131
-0
-0
-0
-0
-0
-0
-0
110.96
-0
-0
-0
-0
-0
-0
-0
7.01287
11.0527
-0
-0
-0
-0
-0
-0
82.5359
-0
-0
28.1971
-0
20.0861
12.221
-0
-0
11.326
-0
-0
-0
-0
17.6651
18.0281
-0
-0
-0
-0
-0
-0
-0
-0
11.5082
-0
-0
-0
-0
-0
-0
-0
-0
-0
-0
-0
-0
-0
-0
-0
-0
-0
-0
-0
-0
-0
-0
8.46096
-0
-0
13.3969
-0
-0
-0
-0
-0
-0
-0
-0
37.6191
41.7953
-0
-0
-0
-0
-0
-0
0.564625
2.81888
-0
-0
23.8359
-0
19.9658
-0
-0
-0
-0
-0
-0
23.8754
-0
-0
-0
-0
-0
-0
-0
9.85084
-0
0.119871
-0
-0
-0
13.3472
-0
5.92924
-0
-0
-0
-0
4.07932
-0
-0
-0
11.2458
4.26007
-0
-0
-0
-0
-0
-0
-0
23.5594
-0
-0
-0
-0
-0
-0
-0
-0
-0
-0
-0
-0
-0
58.9411
-0
-0
-0
-0
-0
-0
-0
-0
-0
-0
-0
-0
-0
-0
12.0431
-0
56.2614
1.03588
4.19497
-0
-0
-0
-0
-0
-0
0.755314
-0
-0
-0
-0
61.8749
-0
-0
-0
-0
-0
28.6156
-0
57.9111
-0
-0
-0
-0
-0
-0
0.0435729
-0
-0
-0
-0
-0
-0
-0
-0
32.7361
-0
-0
8.70779
22.2498
-0
18.9777
-0
-0
-0
-0
-0
42.2978
-0
-0
25.0622
22.2748
-0
-0
-0
-0
24.1342
-0
-0
-0
-0
-0
-0
32.4645
9.99016
-0
14.3143
-0
-0
-0
-0
-0
-0
-0
-0
-0
-0
-0
1.94593
48.9882
-0
-0
-0
-0
-0
-0
-0
-0
-0
9.46772
-0
-0
12.0329
-0
-0
-0
6.64615
-0
-0
-0
-0
73.3973
-0
28.4849
-0
-0
-0
-0
-0
17.1616
-0
-0
-0
-0
9.36126
-0
-0
-0
-0
-0
-0
-0
-0
-0
-0
-0
5.0143
-0
-0
-0
-0
-0
-0
-0
-0
-0
8.1699
-0
-0
-0
-0
-0
-0
-0
-0
-0
-0
-0
-0
-0
-0
-0
25.6507
-0
-0
-0
9.66299
-0
-0
-0
-0
-0
19.615
-0
7.61385
-0
-0
-0
-0
43.0492
13.3646
-0
-0
4.91672
-0
4.65096
-0
-0
-0
-0
-0
-0
-0
1.15968
-0
-0
-0
-0
-0
-0
-0
-0
-0
1.9722
-0
-0
-0
48.2717
-0
-0
-0
-0
19.3284
-0
-0
-0
-0
-0
-0
-0
38.9919
-0
-0
20.1791
-0
-0
-0
2.20824
-0
-0
21.1587
15.8737
-0
60.8258
-0
-0
-0
-0
-0
-0
-0
-0
-0
-0
-0
-0
-0
-0
-0
-0
20.5072
-0
-0
-0
-0
-0
9.24307
14.506
-0
-0
-0
-0
22.5025
-0
-0
-0
-0
-0
-0
-0
-0
-0
52.0254
-0
38.8061
11.8473
-0
-0
-0
-0
-0
11.4574
-0
-0
-0
-0
-0
-0
-0
11.3506
-0
-0
-0
-0
-0
-0
-0
19.3126
-0
-0
-0
-0
-0
-0
7.51719
-0
-0
31.4238
-0
-0
-0
58.6641
6.00087
-0
-0
-0
-0
-0
-0
-0
-0
5.56993
-0
-0
-0
-0
-0
-0
-0
-0
-0
-0
-0
-0
-0
-0
-0
-0
-0
-0
-0
13.3153
-0
-0
5.60193
-0
-0
-0
-0
-0
-0
-0
-0
-0
-0
24.7778
-0
-0
-0
1.52338
-0
-0
-0
-0
-0
-0
-0
-0
-0
-0
-0
-0
-0
-0
32.002
-0
-0
-0
-0
-0
-0
4.85538
1.68132
-0
-0
-0
-0
45.6457
-0
5.59963
-0
-0
-0
13.8279
-0
-0
-0
-0
-0
-0
-0
35.7099
-0
-0
-0
-0
-0
-0
-0
-0
-0
14.961
-0
-0
-0
-0
-0
-0
5.04348
-0
-0
24.9568
-0
-0
-0
-0
-0
-0
24.8493
-0
-0
-0
73.3462
-0
-0
-0
64.3542
-0
-0
28.3532
31.6487
-0
12.8627
-0
-0
-0
-0
-0
4.42427
-0
-0
-0
-0
-0
-0
-0
-0
10.4152
-0
14.4144
-0
-0
-0
-0
-0
-0
-0
35.5334
-0
-0
-0
-0
-0
-0
29.1033
-0
-0
-0
-0
-0
-0
2.2444
23.2543
19.7344
6.0733
-0
-0
-0
-0
-0
-0
13.7465
-0
-0
-0
-0
-0
18.8305
-0
-0
1.21992
12.9839
-0
-0
-0
-0
-0
-0
30.4317
-0
-0
-0
-0
0.359083
-0
-0
-0
-0
1.77759
-0
46.4036
-0
8.12315
-0
-0
0.109502
-0
-0
-0
-0
-0
12.7193
24.6083
-0
59.0196
-0
-0
-0
-0
-0
6.95358
2.22079
20.2365
-0
44.0993
-0
73.2325
-0
-0
30.8875
-0
-0
-0
21.8342
-0
-0
-0
-0
-0
-0
15.668
-0
-0
-0
-0
-0
-0
-0
-0
-0
-0
40.9954
-0
-0
8.73223
-0
-0
-0
-0
-0
21.1451
-0
-0
-0
-0
-0
-0
-0
40.6056
-0
-0
-0
-0
-0
-0
-0
-0
-0
-0
-0
-0
-0
-0
1.28288
-0
-0
1.82715
-0
-0
-0
-0
-0
-0
3.95242
-0
-0
-0
-0
-0
-0
-0
-0
-0
25.2631
-0
-0
-0
-0
-0
15.6147
-0
-0
-0
-0
-0
40.5887
-0
-0
-0
-0
4.71981
-0
4.09736
-0
30.8972
25.8663
27.6236
-0
19.5188
-0
-0
-0
-0
-0
46.2513
-0
68.7137
68.485
-0
-0
5.99317
-0
-0
-0
-0
-0
-0
0.815609
-0
-0
10.1639
-0
-0
-0
-0
-0
17.408
-0
-0
-0
-0
-0
-0
-0
-0
19.4996
-0
10.1185
15.6941
-0
-0
-0
-0
-0
30.2745
54.0849
2.02304
-0
-0
-0
-0
-0
-0
-0
-0
-0
2.42508
65.5463
37.0904
1.38524
2.19855
-0
-0
-0
-0
16.5767
-0
-0
-0
-0
13.5522
-0
-0
-0
-0
-0
-0
6.25243
-0
-0
-0
-0
-0
-0
-0
18.291
22.2617
-0
10.8754
-0
-0
-0
-0
-0
-0
-0
-0
-0
-0
-0
-0
2.38188
-0
-0
-0
-0
-0
-0
-0
-0
-0
51.1195
-0
31.301
-0
28.2116
-0
-0
-0
-0
31.9168
13.256
-0
-0
-0
-0
-0
-0
3.77213
-0
-0
-0
-0
-0
-0
-0
-0
-0
-0
-0
-0
-0
-0
-0
2.16272
-0
-0
-0
-0
17.9837
-0
-0
-0
-0
-0
49.4809
-0
-0
-0
-0
-0
-0
3.55972
-0
-0
-0
-0
-0
20.781
-0
31.7427
-0
-0
-0
14.4983
42.2456
-0
-0
-0
-0
1.93419
-0
-0
18.2153
-0
-0
-0
-0
-0
-0
-0
-0
3.2734
4.5509
-0
-0
6.45998
-0
-0
-0
-0
-0
-0
-0
-0
7.48183
-0
-0
-0
-0
-0
23.7774
15.4319
-0
-0
-0
32.5713
-0
44.2381
-0
-0
-0
-0
-0
-0
-0
-0
-0
-0
-0
-0
-0
-0
-0
-0
19.8471
-0
-0
-0
-0
-0
-0
0.762693
-0
-0
-0
-0
-0
63.1524
-0
-0
44.8428
1.93387
11.6193
-0
18.9593
-0
-0
-0
-0
-0
8.30253
-0
-0
-0
-0
-0
-0
-0
-0
-0
-0
13.0447
-0
-0
-0
3.81526
-0
-0
-0
-0
-0
-0
-0
-0
-0
4.93919
-0
-0
-0
-0
-0
12.6199
-0
-0
-0
-0
-0
-0
-0
15.6466
-0
-0
24.2315
-0
6.68135
-0
-0
-0
-0
-0
-0
9.79031
4.75843
-0
-0
-0
-0
-0
-0
-0
-0
-0
-0
-0
-0
-0
-0
-0
27.9299
38.8977
-0
-0
-0
-0
-0
-0
-0
-0
-0
-0
-0
-0
-0
-0
-0
-0
-0
7.80873
-0
-0
-0
-0
-0
-0
-0
-0
-0
-0
-0
-0
-0
13.2636
3.78711
-0
49.3856
-0
-0
-0
-0
-0
-0
-0
19.9996
-0
-0
15.0271
-0
4.58777
-0
-0
-0
-0
-0
-0
4.41036
-0
-0
-0
22.67
-0
-0
-0
-0
-0
23.7172
16.1344
-0
24.6674
-0
0.0238204
-0
-0
-0
-0
-0
-0
14.4704
-0
-0
0.518982
-0
-0
15.2977
-0
-0
-0
-0
-0
-0
0.822857
-0
-0
-0
-0
-0
-0
-0
-0
-0
-0
40.3099
-0
-0
-0
-0
-0
-0
-0
-0
-0
-0
51.356
-0
-0
42.1326
-0
0.020183
-0
-0
-0
-0
-0
-0
-0
-0
-0
4.75599
-0
-0
-0
-0
-0
-0
-0
-0
3.30793
20.5537
-0
-0
-0
-0
-0
-0
-0
-0
-0
0.346528
-0
-0
-0
-0
1.19447
-0
-0
32.8056
-0
-0
-0
34.6631
-0
-0
-0
-0
-0
-0
-0
-0
-0
-0
-0
-0
-0
-0
-0
-0
-0
-0
-0
-0
-0
6.1669
-0
-0
3.55844
-0
-0
9.61297
-0
-0
-0
-0
46.7997
39.4996
-0
-0
-0
27.9709
-0
20.9187
0.806297
-0
-0
23.7401
-0
9.53301
-0
56.9783
-0
-0
10.5106
53.8948
-0
-0
-0
-0
40.3277
-0
-0
-0
-0
-0
-0
-0
0.0692162
-0
-0
-0
-0
-0
-0
21.2397
-0
-0
11.8461
-0
-0
-0
20.1797
-0
-0
-0
-0
-0
-0
-0
-0
-0
-0
-0
-0
-0
4.33477
-0
-0
-0
39.381
-0
-0
-0
-0
-0
-0
-0
15.4537
-0
-0
2.70135
-0
-0
13.9012
-0
-0
-0
-0
-0
-0
-0
-0
-0
-0
-0
17.3381
-0
-0
-0
10.5672
2.24734
-0
-0
-0
8.20075
-0
-0
-0
-0
-0
-0
24.9361
-0
-0
16.1741
-0
-0
3.86129
36.6069
-0
-0
-0
25.7852
-0
-0
-0
-0
-0
-0
-0
-0
-0
-0
-0
59.9271
-0
-0
-0
-0
-0
-0
10.505
-0
50.7342
-0
-0
-0
-0
-0
-0
-0
-0
-0
-0
8.48456
9.36252
-0
-0
-0
-0
-0
-0
28.2323
-0
-0
-0
-0
-0
-0
8.52322
-0
-0
-0
-0
-0
-0
-0
-0
9.93094
30.2955
-0
-0
-0
-0
3.80279
-0
-0
-0
-0
7.94235
-0
-0
-0
-0
-0
-0
-0
9.05795
-0
-0
-0
-0
3.74701
5.29725
20.0588
-0
-0
-0
-0
0.113354
68.9835
-0
-0
22.9722
5.13956
-0
-0
-0
-0
-0
-0
7.77759
20.1028
-0
-0
8.32485
23.1038
-0
1.98333
-0
-0
-0
43.8906
-0
-0
-0
-0
-0
-0
-0
-0
-0
-0
21.8025
-0
-0
7.44595
-0
-0
-0
9.13505
-0
-0
34.0834
11.9625
-0
-0
-0
-0
-0
-0
-0
-0
-0
-0
-0
-0
32.0727
45.2901
-0
-0
-0
-0
9.28466
-0
-0
-0
-0
-0
-0
-0
-0
-0
31.6437
-0
-0
10.6803
-0
0.390842
71.3013
-0
47.6707
-0
-0
-0
-0
-0
-0
-0
-0
-0
23.6722
-0
-0
33.2659
-0
-0
-0
-0
-0
-0
-0
-0
-0
-0
-0
-0
-0
-0
0.221162
13.5339
-0
-0
-0
67.1394
25.6371
-0
12.5856
-0
-0
-0
-0
0.285069
-0
-0
42.6875
-0
-0
-0
-0
-0
-0
-0
-0
-0
6.19741
-0
-0
26.35
23.0799
20.5925
-0
-0
-0
30.1234
-0
-0
15.6762
-0
0.643981
-0
-0
-0
-0
-0
-0
20.2951
-0
-0
-0
-0
-0
-0
-0
23.8485
-0
-0
0.432227
15.1212
-0
-0
0.264864
-0
-0
-0
-0
-0
-0
-0
-0
26.6074
-0
-0
-0
-0
-0
-0
-0
-0
-0
-0
-0
-0
-0
-0
14.2267
-0
7.10024
-0
-0
-0
15.4183
50.1404
-0
-0
-0
-0
16.3838
-0
-0
-0
-0
-0
39.8612
4.88324
-0
16.5186
42.4191
28.2639
-0
-0
-0
-0
23.1841
17.5839
-0
-0
-0
-0
-0
-0
-0
-0
-0
-0
-0
-0
-0
-0
38.0185
-0
-0
-0
-0
-0
-0
-0
-0
-0
-0
-0
-0
-0
-0
-0
9.03971
-0
-0
-0
16.7605
-0
-0
-0
-0
-0
24.8352
29.6671
-0
-0
-0
14.3427
-0
-0
21.9343
-0
-0
-0
-0
-0
-0
-0
-0
-0
-0
-0
-0
-0
-0
-0
11.8251
-0
-0
-0
-0
-0
-0
-0
-0
-0
3.99971
-0
-0
-0
-0
-0
17.6062
-0
-0
-0
-0
-0
-0
-0
-0
-0
-0
-0
-0
-0
-0
-0
-0
-0
-0
-0
-0
13.1589
-0
-0
-0
-0
-0
-0
-0
-0
-0
20.9617
-0
3.10664
-0
-0
-0
-0
-0
-0
-0
0.186149
-0
-0
-0
-0
34.7322
-0
-0
30.0519
16.5046
38.3195
56.2573
-0
9.78031
11.9792
10.5488
-0
-0
-0
-0
0.908129
-0
-0
-0
-0
-0
-0
-0
-0
-0
52.4627
-0
-0
-0
-0
22.6068
-0
-0
-0
5.94358
-0
18.5066
12.7289
-0
-0
-0
-0
11.8041
-0
-0
-0
-0
-0
-0
78.2563
-0
-0
32.9336
-0
-0
-0
-0
-0
13.8107
-0
-0
10.615
-0
-0
-0
-0
17.9802
-0
6.60684
-0
-0
-0
-0
-0
-0
8.2716
-0
-0
-0
18.4691
-0
-0
-0
-0
-0
5.52497
-0
-0
24.939
-0
8.24605
-0
-0
-0
-0
-0
-0
-0
-0
-0
-0
-0
-0
-0
-0
-0
-0
-0
-0
-0
-0
-0
-0
-0
-0
-0
8.64965
13.5616
4.22259
11.3293
-0
-0
9.80988
-0
-0
24.239
21.0196
-0
-0
-0
-0
-0
-0
-0
-0
-0
-0
-0
-0
-0
-0
-0
1.44521
3.22738
-0
15.0868
-0
-0
-0
-0
-0
1.06777
-0
33.7296
-0
-0
34.3068
-0
-0
-0
-0
-0
-0
31.2666
-0
-0
11.6699
-0
14.2701
-0
-0
7.88084
-0
-0
39.392
-0
-0
9.13395
-0
-0
-0
-0
-0
-0
-0
-0
-0
34.241
23.0735
14.2565
-0
-0
-0
-0
-0
-0
-0
-0
-0
13.7081
-0
28.2739
3.41793
-0
45.1287
-0
-0
-0
-0
-0
-0
-0
-0
-0
-0
2.4799
13.0721
-0
-0
-0
-0
5.29692
3.09713
-0
-0
-0
16.7537
-0
-0
-0
-0
-0
-0
50.6824
-0
-0
-0
-0
-0
-0
1.92565
8.61837
17.9454
31.4612
-0
-0
-0
-0
-0
-0
-0
35.1766
6.71316
-0
-0
-0
12.9941
-0
7.66312
4.29853
-0
-0
-0
5.66804
-0
-0
-0
-0
-0
-0
-0
-0
1.67006
-0
-0
-0
-0
-0
-0
-0
38.1297
28.1197
20.5366
36.431
4.91598
-0
-0
-0
-0
4.17694
-0
-0
-0
-0
-0
-0
-0
-0
-0
73.3068
-0
0.0775769
-0
-0
-0
-0
6.20941
-0
-0
-0
-0
-0
-0
-0
-0
-0
-0
-0
-0
-0
67.4076
-0
35.1751
10.6773
-0
8.7944
6.59069
-0
-0
-0
-0
-0
-0
-0
27.9866
-0
-0
-0
-0
-0
30.667
-0
-0
-0
-0
-0
-0
-0
30.9624
-0
-0
-0
18.0491
-0
-0
18.4754
-0
-0
-0
-0
-0
5.57949
-0
-0
-0
1.08815
-0
7.31443
-0
-0
-0
-0
24.6334
-0
26.177
-0
-0
-0
-0
-0
-0
5.75677
17.6778
-0
-0
-0
-0
-0
-0
-0
-0
-0
-0
-0
1.59384
-0
37.8374
74.0198
-0
8.45813
63.2276
19.8003
-0
-0
16.6347
-0
-0
-0
-0
-0
15.878
-0
-0
-0
-0
-0
-0
-0
-0
-0
-0
-0
-0
-0
-0
36.6872
-0
-0
-0
-0
1.41555
-0
-0
-0
-0
-0
-0
-0
-0
34.444
-0
-0
26.3351
-0
-0
-0
-0
-0
-0
-0
-0
-0
-0
24.9407
-0
7.28156
30.2486
-0
-0
-0
-0
14.8222
-0
17.322
-0
-0
9.11226
-0
23.1888
-0
-0
19.9095
17.0646
29.8961
-0
-0
-0
-0
-0
-0
-0
-0
5.98255
-0
-0
-0
-0
-0
-0
-0
25.1867
-0
-0
4.79161
-0
-0
-0
-0
-0
-0
-0
-0
-0
16.2739
-0
21.1399
-0
-0
-0
-0
21.5837
4.46547
-0
-0
-0
-0
-0
-0
-0
14.2043
-0
-0
-0
-0
-0
-0
-0
-0
-0
-0
-0
-0
-0
-0
-0
-0
8.25446
7.57346
-0
5.27848
-0
-0
-0
-0
11.8464
-0
-0
29.8545
-0
-0
-0
-0
4.13378
-0
-0
-0
-0
5.54509
-0
-0
-0
-0
-0
-0
22.4942
-0
-0
-0
-0
23.7803
-0
29.8613
-0
-0
-0
-0
3.42784
18.1357
-0
-0
6.27816
-0
-0
-0
20.885
-0
-0
-0
12.74
-0
-0
-0
-0
-0
-0
-0
-0
-0
-0
5.38148
-0
-0
-0
13.8784
-0
-0
-0
-0
21.3757
-0
-0
-0
-0
-0
-0
-0
-0
11.2262
-0
-0
6.21294
-0
-0
-0
2.21817
-0
-0
-0
12.1926
-0
-0
27.4564
-0
-0
-0
-0
-0
3.55626
-0
-0
-0
-0
-0
-0
-0
-0
-0
28.7173
-0
-0
-0
-0
43.0252
-0
19.3374
-0
-0
-0
2.94752
6.59259
-0
-0
-0
-0
-0
-0
-0
-0
-0
16.6935
35.3779
-0
-0
-0
-0
-0
13.4019
-0
-0
-0
-0
-0
15.7991
-0
-0
-0
-0
-0
-0
-0
-0
-0
10.73
3.62244
32.715
-0
-0
13.3041
6.91573
7.82378
1.95472
35.3621
-0
-0
41.6353
-0
-0
13.6781
-0
-0
-0
-0
4.29452
-0
-0
-0
-0
-0
-0
23.562
-0
-0
9.01711
-0
-0
-0
-0
-0
-0
32.9455
-0
-0
-0
-0
-0
-0
-0
-0
-0
-0
-0
-0
-0
-0
18.9409
15.1162
-0
-0
-0
-0
-0
-0
-0
-0
-0
-0
-0
-0
-0
-0
-0
-0
-0
-0
-0
39.4994
-0
21.2657
43.2665
-0
-0
-0
-0
-0
-0
-0
-0
27.2102
-0
-0
-0
-0
-0
-0
-0
23.5596
-0
-0
-0
-0
37.6306
-0
-0
-0
22.1828
-0
-0
24.8694
36.0792
-0
-0
38.178
-0
-0
-0
-0
-0
-0
18.8358
64.3742
-0
-0
4.18277
35.9794
-0
19.7576
-0
-0
-0
-0
-0
-0
-0
-0
2.7041
-0
-0
-0
-0
-0
-0
-0
-0
9.52056
-0
-0
-0
2.54378
-0
25.6629
-0
-0
-0
-0
28.8952
-0
-0
-0
28.7933
-0
-0
-0
-0
-0
3.20249
-0
0.874329
35.5193
-0
-0
-0
-0
-0
-0
8.97413
-0
-0
-0
8.51681
-0
-0
-0
-0
-0
24.4303
-0
-0
-0
-0
-0
-0
-0
-0
