-0
-0
-0
-0
-0
-0
-0
17.2648
25.2325
-0
10.975
-0
-0
-0
-0
22.8783
-0
-0
-0
-0
-0
-0
23.1093
-0
-0
30.9214
19.1215
-0
-0
-0
-0
-0
-0
-0
6.20411
-0
-0
-0
-0
-0
-0
-0
18.714
10.4496
12.5519
-0
-0
41.9256
-0
-0
-0
-0
-0
-0
-0
-0
18.7711
1.9366
11.9917
-0
-0
-0
-0
-0
13.6237
-0
45.6584
11.384
-0
0.554447
-0
6.32053
-0
-0
-0
9.34756
-0
-0
-0
-0
-0
4.85729
34.4715
7.47427
21.5036
-0
-0
-0
-0
-0
-0
-0
-0
-0
-0
-0
16.3907
-0
6.21948
-0
-0
-0
-0
-0
10.9215
-0
1.58513
-0
-0
-0
11.8248
2.75296
-0
-0
-0
21.8626
1.35021
-0
33.7892
15.6684
-0
-0
-0
-0
8.11601
-0
8.19042
-0
-0
-0
-0
-0
-0
-0
43.4139
-0
-0
9.44614
-0
3.47238
-0
-0
45.5299
-0
22.9065
-0
-0
-0
-0
-0
15.9384
-0
-0
5.54897
37.91
-0
39.655
-0
-0
1.21295
-0
-0
-0
8.37518
9.7268
40.3519
-0
5.23941
-0
39.9157
-0
13.7379
-0
-0
-0
-0
-0
-0
0.108329
9.69437
-0
-0
-0
-0
-0
4.86959
-0
-0
-0
24.2672
32.5832
10.5805
68.1848
23.7096
-0
-0
-0
18.376
37.7906
-0
12.3783
-0
-0
-0
0.56443
-0
23.9387
17.111
23.1207
-0
-0
5.93563
29.1501
-0
-0
14.9867
-0
-0
31.0986
-0
14.7987
-0
19.8095
-0
-0
-0
-0
28.6897
2.25304
-0
-0
-0
-0
-0
-0
2.96442
-0
-0
-0
-0
-0
-0
5.40814
-0
-0
-0
6.94615
-0
8.61043
-0
-0
-0
-0
-0
16.1284
-0
-0
11.3531
-0
-0
-0
14.5543
-0
0.0733757
-0
-0
-0
-0
-0
-0
-0
17.1238
50.5886
25.27
-0
-0
1.27228
-0
-0
-0
9.08374
7.8202
-0
22.3191
-0
-0
-0
35.1141
-0
-0
-0
11.1456
-0
-0
-0
-0
-0
-0
11.0149
-0
-0
-0
-0
-0
-0
17.4435
6.819
-0
39.0175
-0
-0
-0
20.2519
-0
4.72986
0.389756
-0
-0
-0
1.51288
-0
-0
-0
-0
-0
-0
0.18336
-0
-0
13.545
-0
-0
-0
-0
-0
-0
-0
-0
-0
9.62096
-0
-0
-0
10.4795
-0
-0
-0
-0
-0
-0
-0
-0
-0
-0
22.5913
-0
-0
-0
-0
-0
13.2335
-0
-0
6.60086
19.4497
1.91624
-0
-0
20.2498
-0
-0
-0
0.572543
15.7274
-0
-0
6.46346
-0
-0
-0
-0
-0
4.66709
-0
-0
-0
7.75538
-0
-0
-0
-0
-0
-0
-0
-0
43.1736
-0
21.1403
-0
10.9237
20.852
-0
-0
-0
-0
-0
-0
-0
-0
5.88374
-0
-0
-0
-0
10.4888
41.8513
-0
7.45486
-0
-0
-0
-0
-0
-0
-0
30.8476
-0
4.23828
6.44597
-0
-0
-0
-0
-0
-0
-0
11.7837
-0
-0
-0
-0
-0
-0
-0
-0
-0
-0
-0
-0
-0
24.2245
8.06578
-0
-0
-0
-0
8.79498
46.8156
-0
-0
-0
-0
35.7938
-0
20.2323
-0
-0
-0
20.0387
-0
-0
-0
-0
-0
-0
7.59655
2.20887
-0
-0
-0
-0
-0
-0
-0
-0
2.26763
-0
-0
-0
31.2285
51.127
-0
21.5716
-0
-0
28.2943
26.3558
-0
-0
17.5113
-0
-0
29.043
-0
-0
-0
-0
-0
-0
38.0367
-0
-0
-0
-0
-0
24.8404
-0
-0
9.42279
-0
17.5538
2.78849
-0
-0
16.7974
-0
17.1922
-0
-0
-0
-0
-0
-0
-0
14.682
-0
23.5244
-0
-0
-0
-0
-0
-0
-0
-0
6.49612
-0
29.4677
-0
27.1763
6.05347
-0
-0
-0
37.7814
15.1475
-0
-0
-0
-0
-0
-0
-0
-0
-0
-0
-0
-0
-0
7.49537
-0
21.4295
4.08244
36.6718
29.0637
-0
0.311931
-0
-0
-0
24.6889
-0
-0
9.42241
3.91645
29.4578
-0
1.6356
-0
-0
-0
-0
5.89375
-0
-0
-0
-0
-0
19.4488
-0
-0
-0
-0
-0
-0
-0
-0
-0
38.6595
47.0842
-0
-0
22.1359
-0
-0
-0
24.8512
30.4741
-0
-0
-0
-0
-0
-0
-0
-0
-0
-0
24.1269
-0
-0
-0
-0
-0
-0
-0
-0
-0
0.596015
8.76637
-0
-0
-0
-0
-0
-0
-0
-0
-0
-0
-0
-0
-0
-0
-0
22.4223
11.3635
-0
-0
7.14848
-0
1.54287
-0
29.594
-0
28.9367
-0
-0
-0
-0
29.2887
-0
-0
-0
-0
22.808
-0
-0
-0
28.4132
-0
10.682
6.91841
-0
-0
-0
-0
-0
-0
-0
-0
-0
6.96914
-0
-0
-0
-0
-0
-0
2.58414
34.5653
2.5281
-0
-0
8.82064
-0
-0
-0
18.4193
-0
-0
-0
-0
-0
-0
-0
-0
-0
-0
25.2154
-0
-0
-0
-0
-0
-0
-0
-0
20.3537
-0
5.8421
-0
-0
-0
52.1783
30.0523
-0
-0
-0
-0
-0
-0
-0
-0
-0
2.55799
-0
-0
-0
-0
-0
-0
-0
-0
-0
-0
46.2932
-0
31.0396
-0
-0
25.2456
-0
-0
38.7065
-0
38.7433
-0
-0
-0
-0
-0
1.77465
11.7757
5.37774
-0
-0
-0
-0
-0
8.54184
-0
-0
-0
-0
-0
-0
43.6858
-0
-0
-0
-0
32.0873
-0
9.66813
-0
12.0382
-0
-0
-0
-0
-0
-0
-0
-0
-0
-0
-0
27.2258
-0
-0
-0
-0
-0
-0
0.0490574
-0
-0
-0
15.8703
1.21406
-0
18.619
-0
-0
-0
-0
10.3033
45.2183
-0
24.8962
-0
9.44963
-0
-0
-0
6.19294
24.4315
-0
-0
-0
-0
-0
-0
-0
-0
46.087
25.3568
-0
-0
32.5075
-0
6.35459
-0
-0
-0
19.6416
-0
-0
-0
-0
1.5364
-0
-0
-0
-0
11.7142
-0
-0
-0
-0
-0
-0
7.14434
-0
-0
-0
-0
-0
-0
3.1919
28.1143
-0
4.36485
-0
9.01378
27.4893
12.3886
-0
8.19369
-0
-0
-0
-0
-0
-0
11.0669
-0
-0
8.61981
-0
-0
-0
-0
-0
-0
20.1804
-0
-0
-0
-0
32.0391
-0
-0
-0
-0
-0
6.26201
-0
13.9583
-0
-0
-0
-0
12.1584
-0
-0
11.2678
-0
-0
-0
19.888
-0
10.0042
-0
-0
-0
-0
-0
11.3566
38.1482
-0
-0
-0
-0
-0
-0
-0
-0
-0
-0
-0
0.87259
-0
-0
22.8185
-0
0.795862
-0
-0
-0
-0
28.7789
-0
-0
18.4749
-0
-0
-0
-0
-0
-0
-0
20.279
-0
-0
-0
-0
-0
-0
-0
-0
-0
-0
-0
-0
-0
-0
-0
-0
-0
2.17683
-0
-0
-0
12.7737
7.43455
-0
2.99818
-0
-0
-0
4.73627
-0
-0
-0
-0
-0
-0
-0
-0
-0
-0
-0
-0
-0
-0
-0
-0
-0
-0
-0
16.8254
56.4569
55.129
16.1556
-0
-0
-0
10.7323
-0
-0
-0
-0
-0
-0
-0
-0
44.3471
16.256
7.7389
-0
-0
2.23849
0.66611
0.618786
0.954782
-0
-0
-0
-0
20.6837
7.6847
-0
12.6862
-0
-0
-0
-0
-0
-0
-0
5.43222
-0
-0
20.468
-0
-0
-0
-0
-0
-0
-0
-0
-0
26.1429
-0
-0
74.043
-0
-0
-0
-0
-0
-0
-0
-0
34.3496
43.9094
4.81386
-0
-0
-0
10.2192
-0
16.449
-0
15.6013
-0
21.7829
-0
-0
10.0496
17.0135
-0
-0
8.03754
-0
-0
-0
37.6651
-0
-0
-0
-0
-0
6.86544
-0
30.1793
-0
-0
15.3308
-0
-0
-0
-0
-0
-0
-0
17.205
-0
3.42353
9.98019
4.11152
-0
-0
-0
-0
-0
-0
0.930057
-0
-0
-0
30.4252
3.9724
-0
-0
-0
42.7462
17.5626
-0
-0
-0
-0
21.9726
-0
-0
12.895
-0
-0
64.4631
-0
-0
-0
0.276147
-0
-0
-0
-0
-0
6.12109
-0
-0
-0
-0
2.97452
33.553
-0
-0
-0
-0
32.8528
0.0949754
-0
-0
14.9372
-0
-0
-0
-0
-0
-0
-0
-0
-0
-0
-0
-0
25.7717
-0
-0
-0
-0
-0
33.9663
-0
-0
-0
-0
-0
-0
-0
1.13991
-0
23.1835
-0
-0
-0
-0
8.34767
-0
-0
-0
-0
-0
-0
-0
20.1258
-0
-0
26.0109
-0
-0
2.62486
15.7661
-0
-0
15.5126
-0
48.1732
-0
-0
4.62554
-0
-0
-0
-0
-0
-0
-0
-0
-0
-0
-0
-0
16.4121
-0
1.14685
-0
13.4308
-0
24.9342
17.9324
-0
-0
-0
-0
-0
-0
3.67954
-0
-0
32.5821
-0
-0
-0
-0
2.20443
-0
-0
4.22145
17.0605
-0
-0
-0
-0
51.5173
4.05932
17.3971
-0
-0
-0
-0
-0
53.503
44.9359
-0
53.8547
-0
-0
21.9107
-0
-0
-0
38.868
33.868
39.363
-0
4.45639
28.4481
-0
-0
-0
-0
56.4524
21.0967
3.14798
38.6976
15.3366
-0
-0
69.7381
-0
27.3378
-0
-0
-0
-0
-0
36.4123
30.7375
-0
-0
-0
-0
-0
-0
-0
2.0868
1.2247
-0
19.6585
-0
23.1469
-0
12.8688
-0
-0
-0
3.92179
-0
-0
16.4713
-0
-0
13.0305
-0
-0
4.0241
-0
-0
-0
-0
-0
-0
-0
-0
-0
19.0501
-0
43.0229
-0
3.70649
-0
-0
-0
-0
-0
-0
-0
-0
-0
20.2542
-0
-0
-0
-0
-0
-0
-0
-0
-0
10.6227
23.0809
-0
-0
-0
-0
-0
-0
-0
-0
-0
-0
-0
61.0367
-0
-0
-0
-0
-0
-0
-0
12.7963
39.897
-0
-0
-0
-0
35.8864
-0
-0
-0
-0
-0
-0
17.1967
9.7635
-0
-0
-0
-0
-0
-0
56.3309
-0
1.15437
-0
-0
5.6064
18.7092
-0
26.0749
-0
-0
-0
-0
-0
-0
-0
-0
25.5651
-0
-0
-0
-0
-0
-0
-0
-0
-0
-0
-0
-0
-0
-0
-0
-0
-0
-0
-0
-0
-0
-0
52.6641
-0
-0
-0
-0
-0
-0
-0
18.652
-0
-0
-0
-0
-0
5.20858
-0
-0
18.6152
3.2994
2.01941
-0
-0
-0
-0
-0
-0
-0
-0
-0
-0
-0
17.1515
-0
-0
-0
3.51903
9.15198
9.01453
-0
33.6968
-0
-0
-0
17.7663
-0
-0
0.0193021
-0
-0
-0
-0
-0
-0
-0
-0
-0
-0
-0
-0
6.438
-0
-0
-0
-0
-0
-0
-0
-0
29.3945
-0
-0
-0
-0
-0
-0
-0
-0
-0
-0
-0
-0
-0
-0
30.1547
6.18903
-0
-0
-0
48.1804
-0
-0
-0
-0
-0
-0
-0
-0
-0
-0
26.4317
4.17884
-0
9.98954
-0
-0
-0
-0
-0
26.0794
12.5127
-0
-0
-0
-0
-0
-0
41.3774
-0
-0
-0
-0
-0
-0
43.8537
-0
-0
-0
-0
-0
34.0543
-0
-0
-0
-0
31.8119
-0
-0
-0
-0
-0
-0
15.259
-0
-0
2.2848
-0
2.01421
-0
-0
-0
-0
-0
-0
-0
-0
-0
21.6824
-0
-0
-0
-0
-0
-0
-0
7.5028
-0
-0
-0
-0
9.08809
25.0802
-0
11.8577
-0
-0
-0
-0
-0
-0
-0
-0
-0
13.0528
-0
42.0074
-0
-0
-0
-0
35.1352
-0
2.41673
-0
16.3149
-0
24.79
4.214
13.3142
20.2209
-0
-0
-0
-0
45.3549
-0
-0
13.2301
-0
-0
-0
-0
0.922441
-0
7.08221
-0
-0
-0
10.9663
-0
-0
-0
34.9942
25.8039
-0
6.75236
-0
-0
-0
25.258
-0
16.1464
-0
6.46937
19.1321
-0
-0
-0
37.5901
-0
-0
7.33433
-0
-0
23.6969
-0
-0
-0
31.3141
-0
-0
5.02479
-0
-0
-0
-0
-0
-0
-0
-0
-0
-0
-0
-0
-0
-0
-0
18.1563
-0
-0
9.28087
-0
-0
-0
21.76
10.1817
-0
-0
0.0863979
-0
-0
-0
-0
15.8289
27.0561
-0
10.0887
-0
-0
-0
-0
-0
-0
7.86187
-0
-0
-0
-0
-0
-0
9.96614
-0
-0
18.0656
-0
-0
-0
4.06276
9.55118
-0
-0
1.77259
0.99735
-0
-0
29.3807
-0
-0
-0
-0
-0
-0
-0
26.1181
-0
-0
2.92265
-0
-0
-0
-0
-0
-0
-0
-0
-0
-0
10.3131
-0
42.8181
-0
-0
-0
-0
-0
-0
-0
-0
-0
-0
-0
-0
14.0157
8.87997
-0
-0
-0
-0
-0
2.58401
-0
13.4989
-0
-0
-0
-0
24.3969
-0
14.9675
-0
39.571
-0
-0
-0
-0
-0
-0
-0
-0
-0
-0
-0
-0
-0
6.05063
-0
-0
-0
-0
-0
-0
-0
-0
-0
-0
-0
-0
-0
27.9734
3.03591
18.0721
-0
-0
-0
30.0673
-0
1.49211
-0
-0
-0
-0
-0
23.4617
-0
-0
-0
-0
15.2341
-0
-0
-0
-0
-0
-0
-0
-0
-0
-0
-0
27.3377
-0
-0
18.4412
-0
-0
-0
-0
-0
-0
-0
38.2545
-0
-0
12.1233
-0
37.6913
-0
37.3151
15.0702
-0
32.2949
27.4178
-0
-0
1.8165
-0
-0
22.5834
15.3239
4.5329
-0
-0
-0
-0
1.22799
-0
-0
-0
8.84603
-0
-0
-0
-0
5.54384
-0
-0
-0
-0
38.4392
18.4207
-0
16.9137
-0
33.8126
-0
14.2236
-0
-0
-0
-0
-0
-0
5.15833
-0
11.2081
-0
-0
-0
-0
10.8122
-0
-0
-0
-0
-0
2.1857
17.3346
0.807112
-0
-0
-0
-0
-0
-0
-0
-0
-0
-0
3.29135
57.5208
-0
5.2012
-0
1.98466
20.2107
-0
-0
-0
-0
2.71427
-0
33.7545
-0
29.3644
-0
-0
-0
-0
-0
-0
-0
-0
-0
11.8689
-0
-0
-0
-0
34.9933
-0
-0
-0
-0
64.0866
-0
18.2691
1.08348
10.2229
17.0836
-0
0.279142
-0
-0
0.957608
18.7022
4.79162
20.3729
-0
-0
-0
-0
-0
-0
-0
-0
-0
-0
-0
-0
-0
-0
-0
61.2286
-0
-0
-0
-0
0.939511
-0
-0
0.563722
19.519
-0
1.76059
6.88336
22.5882
-0
-0
-0
36.2019
4.66412
-0
-0
-0
-0
-0
-0
-0
-0
-0
-0
-0
-0
-0
1.76738
-0
-0
58.2149
-0
-0
19.1869
-0
15.3616
-0
10.6242
-0
21.5412
-0
-0
-0
-0
-0
-0
-0
-0
11.0888
-0
-0
-0
-0
2.39279
-0
6.68983
1.5102
-0
-0
12.3807
-0
-0
18.3948
-0
-0
-0
33.1911
-0
20.9122
-0
21.5452
-0
-0
-0
-0
23.1345
-0
-0
6.82112
-0
40.2882
19.2094
-0
-0
-0
-0
-0
-0
-0
-0
32.6912
-0
-0
-0
-0
-0
-0
-0
-0
-0
31.2202
-0
-0
11.757
-0
-0
-0
-0
6.89227
-0
5.69996
-0
-0
-0
-0
4.41012
34.891
-0
12.2288
9.52674
49.4249
-0
-0
-0
-0
-0
-0
-0
-0
-0
40.248
-0
51.8399
2.04581
27.7206
-0
-0
-0
-0
28.0725
1.49996
-0
-0
-0
9.76359
-0
-0
-0
-0
8.50407
-0
12.0593
-0
-0
-0
-0
-0
-0
-0
5.17575
4.33592
-0
-0
-0
-0
-0
-0
-0
-0
0.835492
40.0135
-0
-0
-0
-0
9.33954
32.6639
-0
-0
-0
-0
-0
-0
-0
-0
3.68704
-0
8.84074
-0
-0
-0
-0
-0
-0
43.3932
19.8636
-0
0.706453
-0
-0
-0
-0
4.15307
-0
-0
-0
-0
-0
-0
-0
-0
-0
-0
-0
-0
-0
-0
-0
28.1304
-0
-0
-0
-0
11.6258
-0
-0
-0
-0
-0
26.6525
-0
7.37306
-0
-0
-0
-0
0.533986
-0
-0
-0
-0
-0
-0
-0
49.5825
-0
3.26487
-0
42.7203
-0
20.1992
-0
-0
1.65698
-0
-0
-0
12.4369
-0
23.8336
-0
-0
23.4492
-0
-0
15.0786
-0
-0
-0
-0
-0
-0
-0
-0
-0
-0
-0
-0
-0
21.3731
-0
-0
-0
-0
-0
7.98205
-0
-0
-0
-0
5.15837
6.32831
6.43591
-0
-0
2.12177
-0
-0
-0
-0
-0
-0
-0
-0
-0
-0
-0
0.173099
25.9181
50.5874
-0
-0
7.69823
-0
29.0746
-0
-0
-0
-0
-0
1.01444
-0
40.3462
-0
-0
11.2315
2.83099
-0
-0
8.98382
13.821
-0
-0
5.90478
-0
-0
-0
20.1622
-0
-0
-0
-0
5.13433
-0
-0
-0
20.7108
44.3961
18.252
-0
11.6643
-0
-0
-0
-0
3.54184
-0
-0
-0
3.65746
-0
-0
1.52131
11.3604
-0
11.5263
57.8479
-0
-0
-0
38.4217
-0
-0
-0
39.1248
-0
-0
31.072
16.2626
5.18153
-0
-0
-0
-0
-0
-0
7.20702
17.0505
-0
-0
-0
-0
-0
-0
-0
-0
-0
-0
-0
-0
-0
-0
-0
-0
-0
6.45451
1.52673
-0
-0
-0
-0
-0
14.8654
11.0063
20.4598
-0
-0
-0
-0
-0
-0
-0
8.43905
-0
-0
-0
-0
-0
-0
-0
-0
-0
-0
-0
-0
-0
35.9998
-0
-0
42.1756
-0
-0
-0
-0
-0
-0
-0
5.57735
-0
-0
33.0069
-0
-0
-0
-0
-0
-0
-0
-0
3.90507
-0
-0
-0
44.8954
2.03482
-0
11.6142
12.1133
-0
-0
-0
-0
-0
-0
50.649
-0
-0
-0
-0
-0
-0
-0
-0
33.935
5.51751
3.90065
-0
-0
-0
12.5726
-0
-0
19.8784
0.308311
-0
-0
-0
-0
-0
-0
-0
7.4333
-0
-0
-0
33.9464
14.2393
-0
-0
-0
-0
-0
-0
-0
-0
-0
11.115
-0
-0
11.2596
-0
11.5796
-0
8.13489
-0
-0
-0
0.186064
-0
-0
-0
-0
-0
-0
-0
-0
-0
-0
-0
-0
24.5921
-0
-0
-0
12.5693
-0
-0
-0
-0
-0
2.01784
3.98114
-0
-0
-0
-0
4.07577
-0
-0
21.7524
6.93529
-0
-0
4.24501
-0
-0
-0
-0
-0
-0
-0
-0
-0
-0
-0
-0
-0
-0
-0
-0
-0
16.5228
-0
-0
-0
-0
-0
-0
13.7765
-0
-0
8.48673
32.4382
-0
14.415
-0
-0
39.1644
-0
-0
-0
36.2809
-0
-0
29.5439
-0
-0
-0
-0
-0
-0
21.9553
-0
-0
-0
-0
-0
-0
-0
-0
9.35642
-0
-0
-0
-0
5.11835
-0
-0
4.83543
-0
-0
-0
-0
-0
-0
3.91516
-0
-0
-0
-0
-0
14.5129
19.0924
-0
-0
-0
0.260377
-0
-0
-0
-0
-0
-0
-0
-0
-0
34.8881
9.70024
-0
-0
-0
-0
-0
-0
-0
-0
-0
-0
5.04713
-0
-0
2.2768
-0
18.9029
2.82509
-0
-0
-0
-0
-0
-0
-0
20.695
-0
-0
-0
1.04534
-0
-0
-0
10.8629
28.3275
16.923
0.478464
-0
-0
-0
-0
-0
-0
-0
-0
10.2248
33.1929
-0
-0
3.23044
-0
44.8649
18.0658
-0
-0
-0
12.4086
-0
-0
-0
5.94753
-0
24.9865
-0
-0
-0
-0
-0
28.7645
13.6015
-0
55.754
-0
-0
-0
28.9649
-0
9.07956
-0
-0
-0
-0
0.393552
-0
28.8852
-0
-0
-0
-0
-0
-0
-0
-0
-0
-0
-0
13.7344
-0
-0
-0
-0
-0
-0
6.40672
-0
-0
-0
-0
-0
-0
3.29989
-0
44.189
8.69172
-0
-0
-0
-0
9.75205
56.1857
-0
-0
-0
31.4528
-0
-0
-0
-0
-0
-0
-0
21.4787
-0
-0
-0
11.9217
-0
3.68284
-0
-0
-0
-0
-0
-0
20.05
-0
24.5397
-0
18.704
-0
-0
13.3757
-0
21.212
-0
0.399247
-0
-0
-0
-0
43.7622
-0
-0
-0
-0
-0
-0
-0
-0
-0
-0
-0
-0
-0
-0
5.16066
-0
9.03481
37.5124
0.479832
2.97468
-0
-0
30.1801
-0
-0
-0
31.7572
-0
-0
-0
-0
-0
12.8049
-0
-0
28.7446
-0
-0
5.21745
-0
-0
64.7746
-0
-0
14.2402
-0
-0
8.58724
15.0019
-0
-0
-0
-0
-0
-0
-0
-0
1.17566
-0
13.3308
-0
2.8832
-0
-0
5.6867
-0
-0
-0
-0
-0
-0
-0
-0
-0
2.6786
-0
-0
-0
-0
-0
-0
4.08424
-0
-0
-0
-0
-0
-0
-0
-0
-0
-0
-0
28.1514
-0
-0
0.83846
35.7983
58.6851
-0
-0
-0
7.53615
-0
-0
-0
-0
-0
16.7554
-0
13.275
13.075
-0
-0
4.80053
-0
6.05991
-0
-0
-0
-0
-0
-0
16.8959
-0
-0
-0
-0
-0
15.1541
-0
-0
-0
-0
24.714
-0
-0
-0
-0
-0
-0
21.2055
-0
-0
-0
-0
-0
-0
-0
-0
0.307383
-0
-0
12.3363
-0
-0
-0
-0
-0
-0
-0
-0
-0
39.6996
-0
-0
11.4724
-0
-0
-0
-0
-0
-0
-0
-0
-0
-0
-0
-0
-0
-0
-0
-0
-0
37.7129
-0
-0
-0
-0
-0
8.75261
-0
-0
-0
-0
16.9933
21.5177
9.75056
-0
5.31609
41.5774
18.969
-0
-0
-0
66.1702
40.606
31.4409
-0
-0
-0
-0
-0
14.9207
-0
-0
-0
-0
-0
15.8438
17.3212
-0
-0
-0
-0
16.2886
-0
-0
-0
7.90135
-0
-0
-0
-0
-0
-0
-0
7.89857
-0
-0
-0
-0
22.6371
-0
20.2751
-0
-0
-0
17.6083
-0
-0
-0
-0
-0
-0
-0
-0
-0
5.45408
-0
-0
-0
-0
-0
-0
-0
-0
-0
-0
-0
-0
-0
-0
-0
17.8513
-0
-0
-0
-0
-0
-0
-0
5.13905
-0
6.60574
-0
-0
-0
-0
-0
-0
-0
-0
-0
-0
-0
-0
-0
-0
57.1406
-0
3.20175
-0
-0
11.7788
-0
-0
-0
9.06518
0.726413
20.7208
-0
-0
-0
-0
0.146204
7.37183
15.4374
-0
-0
-0
-0
-0
-0
-0
-0
-0
-0
-0
-0
-0
-0
-0
-0
19.3471
-0
-0
8.42131
-0
43.667
46.0076
-0
15.3279
11.0173
2.86885
-0
-0
-0
-0
-0
-0
-0
12.3043
-0
-0
-0
-0
-0
-0
10.3725
-0
-0
-0
-0
9.82427
-0
-0
-0
-0
-0
25.3529
-0
-0
-0
-0
-0
-0
-0
0.554322
-0
-0
-0
-0
-0
1.91248
-0
46.4983
-0
-0
-0
17.2864
-0
27.2221
-0
-0
0.0973451
-0
-0
-0
-0
4.18946
-0
-0
-0
-0
-0
-0
15.3438
-0
-0
-0
-0
-0
-0
-0
-0
7.68673
-0
-0
6.52517
-0
41.359
-0
-0
24.0929
-0
-0
-0
-0
-0
14.4317
-0
-0
-0
8.01101
30.2943
-0
-0
-0
-0
8.00886
-0
-0
-0
-0
-0
-0
-0
-0
-0
2.25094
17.0248
1.30692
11.6564
-0
-0
-0
-0
13.3745
-0
5.52078
28.6907
-0
19.1698
-0
-0
-0
1.8205
0.410892
11.3491
-0
-0
-0
-0
-0
-0
-0
-0
-0
9.86831
-0
-0
28.6306
-0
-0
15.3292
-0
13.1401
-0
0.794052
37.2917
19.8567
13.6855
16.1022
-0
-0
-0
13.4599
-0
-0
-0
-0
9.30565
-0
-0
-0
-0
-0
9.04441
-0
9.56176
8.0198
-0
23.7969
-0
-0
-0
-0
-0
-0
-0
21.3973
-0
6.43715
-0
-0
-0
-0
-0
6.15562
3.75797
29.7017
50.554
-0
-0
-0
24.1172
-0
-0
-0
-0
-0
-0
-0
-0
-0
-0
-0
-0
-0
24.8891
8.97244
-0
-0
-0
2.12654
13.9221
13.9744
46.448
-0
-0
-0
-0
-0
-0
-0
-0
45.0933
-0
-0
-0
-0
-0
-0
3.85184
28.0148
4.86271
-0
15.938
-0
-0
-0
-0
-0
-0
-0
63.1691
-0
-0
-0
-0
-0
7.42114
3.2747
-0
-0
10.4131
4.97101
-0
-0
24.1971
-0
16.5573
-0
1.71295
-0
-0
28.171
-0
-0
-0
-0
-0
-0
29.2724
37.5082
17.9125
-0
56.2647
-0
-0
-0
-0
-0
21.638
-0
-0
-0
-0
-0
-0
-0
1.4923
1.27361
-0
-0
-0
-0
-0
-0
13.4351
-0
-0
-0
-0
24.2559
-0
-0
-0
14.1777
-0
-0
-0
-0
26.9499
-0
15.8817
-0
-0
-0
-0
-0
-0
-0
-0
-0
-0
2.93656
19.4107
-0
-0
-0
-0
-0
32.4306
-0
-0
-0
-0
40.997
11.6304
15.1081
17.2681
-0
-0
-0
47.0808
-0
-0
-0
-0
-0
-0
-0
-0
-0
-0
-0
-0
3.16148
-0
35.4065
-0
-0
-0
-0
10.3082
-0
-0
-0
-0
-0
2.37522
8.52519
-0
-0
-0
64.6408
-0
-0
6.42598
-0
-0
-0
9.46165
-0
-0
-0
-0
-0
17.1221
-0
-0
-0
-0
24.1522
-0
-0
31.4393
-0
-0
-0
-0
-0
25.7741
-0
-0
-0
-0
25.8734
-0
-0
-0
-0
-0
-0
-0
35.5458
-0
43.6902
-0
-0
-0
-0
-0
-0
-0
-0
-0
-0
-0
-0
-0
15.7217
-0
-0
81.0302
-0
-0
-0
6.19481
-0
-0
-0
-0
-0
-0
-0
24.2363
-0
35.0174
1.19601
-0
-0
26.4192
-0
-0
-0
-0
-0
9.62728
-0
18.3312
30.1736
-0
58.9523
-0
31.0231
-0
-0
-0
-0
-0
-0
-0
-0
14.7787
9.09056
-0
-0
-0
-0
-0
-0
19.2304
-0
40.4894
24.8629
-0
-0
5.70352
23.3179
-0
-0
-0
-0
-0
22.3435
-0
21.3601
-0
-0
-0
-0
15.1198
15.542
47.5565
-0
-0
-0
-0
37.8496
-0
34.675
-0
-0
-0
-0
37.779
-0
-0
-0
-0
-0
-0
-0
-0
-0
-0
-0
9.62893
-0
16.5648
-0
-0
-0
-0
-0
5.89072
-0
-0
10.7294
-0
0.0739825
5.27227
-0
11.1529
13.8674
-0
-0
-0
27.3593
-0
-0
-0
-0
-0
-0
-0
-0
-0
10.1538
-0
16.974
-0
-0
-0
-0
1.38283
-0
14.9863
0.518606
-0
-0
22.7465
39.1753
-0
-0
23.3499
-0
-0
-0
-0
-0
-0
-0
-0
-0
-0
-0
-0
-0
-0
-0
-0
-0
-0
-0
-0
-0
-0
-0
19.257
0.609789
-0
-0
-0
-0
-0
0.284088
-0
-0
-0
-0
11.2759
-0
22.8835
-0
-0
17.0132
17.8332
-0
45.6815
-0
-0
25.0352
-0
13.6921
-0
-0
-0
24.0595
-0
38.5995
-0
-0
-0
11.7724
-0
-0
-0
40.2443
0.0479598
-0
-0
-0
27.0985
-0
-0
-0
2.5482
-0
2.2487
-0
-0
-0
-0
4.80278
-0
25.2051
5.61813
-0
-0
11.3679
44.959
-0
-0
-0
-0
-0
32.9896
-0
-0
-0
-0
-0
26.4016
-0
-0
-0
-0
4.54605
-0
-0
-0
-0
31.0017
0.0227923
35.451
19.9358
28.9974
3.72686
-0
-0
-0
-0
-0
-0
23.338
-0
-0
30.7214
-0
-0
-0
-0
6.29296
-0
-0
-0
-0
-0
8.06617
27.8762
-0
-0
10.4309
-0
-0
-0
-0
-0
-0
28.4953
-0
-0
-0
-0
-0
-0
-0
-0
-0
-0
-0
-0
-0
-0
-0
6.30633
-0
-0
-0
-0
9.51217
-0
-0
-0
8.15986
-0
-0
10.0725
-0
-0
15.8346
-0
-0
-0
-0
22.092
-0
-0
58.4773
-0
-0
-0
-0
-0
-0
29.9459
-0
-0
-0
-0
-0
-0
-0
-0
-0
31.6003
-0
36.6746
-0
-0
34.9601
-0
-0
-0
-0
-0
-0
16.0679
-0
-0
-0
28.2768
-0
17.6016
2.18223
-0
-0
-0
13.6046
7.44181
-0
32.7759
4.00561
-0
-0
36.328
15.3889
-0
-0
-0
-0
-0
-0
-0
4.04747
-0
-0
1.85167
-0
-0
4.90515
-0
29.3898
5.27764
14.4602
-0
-0
22.6655
-0
43.9545
49.7367
-0
-0
-0
12.3859
-0
-0
-0
-0
18.6631
3.54189
20.21
-0
-0
-0
-0
29.4344
60.8606
1.48607
-0
-0
-0
-0
-0
1.50161
8.4813
17.1323
12.6634
2.21459
3.97988
-0
-0
-0
-0
19.8188
-0
-0
-0
-0
26.5274
18.1495
-0
-0
