-0
-0
-0
-0
-0
27.3706
-0
1.89458
14.9733
-0
16.4385
-0
-0
-0
-0
38.2032
-0
-0
-0
-0
-0
-0
-0
-0
13.0056
-0
44.6952
-0
-0
-0
-0
-0
-0
-0
2.94165
-0
-0
-0
-0
-0
-0
-0
-0
24.7682
-0
-0
-0
10.3212
-0
25.9494
-0
-0
-0
-0
-0
-0
12.8303
2.61551
-0
-0
-0
-0
-0
-0
-0
-0
9.27565
41.415
-0
1.3988
-0
-0
-0
-0
-0
5.4161
24.7131
-0
-0
-0
-0
36.6745
-0
-0
50.8004
-0
-0
-0
-0
-0
-0
-0
-0
-0
-0
-0
15.184
-0
-0
-0
-0
-0
-0
-0
10.2962
-0
30.6485
-0
-0
-0
-0
-0
-0
-0
-0
49.9651
-0
-0
66.7952
2.01932
-0
-0
-0
-0
-0
-0
-0
-0
-0
-0
-0
7.25589
-0
-0
3.68009
-0
-0
50.665
-0
-0
-0
-0
42.0972
-0
-0
-0
-0
-0
-0
-0
-0
-0
-0
-0
45.2936
-0
23.8662
-0
-0
1.64685
-0
-0
-0
-0
4.33772
10.6152
-0
20.5381
-0
30.5728
-0
25.4086
-0
-0
-0
-0
-0
-0
9.27584
-0
-0
-0
-0
-0
-0
-0
-0
-0
33.1372
-0
-0
14.5312
16.4278
-0
-0
-0
-0
-0
-0
-0
-0
-0
22.2117
-0
-0
-0
-0
57.0609
59.2334
-0
-0
3.36653
17.3659
-0
-0
-0
34.1738
-0
-0
-0
10.9826
-0
-0
31.614
-0
-0
-0
-0
-0
-0
-0
-0
-0
-0
-0
-0
-0
-0
-0
-0
-0
17.817
-0
-0
-0
-0
37.844
-0
-0
-0
-0
-0
-0
-0
-0
-0
10.3022
-0
-0
-0
-0
-0
-0
-0
-0
-0
26.4871
-0
-0
-0
-0
46.0302
26.4839
29.0653
-0
-0
-0
-0
-0
-0
5.78792
17.9285
-0
35.7708
-0
-0
22.1231
-0
-0
-0
-0
15.9253
27.9453
-0
-0
-0
-0
-0
16.7631
52.8104
-0
-0
-0
-0
28.321
40.8419
-0
-0
-0
-0
16.5296
-0
-0
-0
22.9532
-0
-0
-0
-0
0.84506
-0
-0
-0
-0
9.20711
-0
3.11236
-0
-0
46.2785
-0
-0
-0
-0
-0
-0
-0
-0
-0
-0
-0
-0
-0
-0
17.9144
-0
-0
-0
-0
2.33934
-0
-0
-0
-0
9.61339
-0
-0
-0
-0
-0
32.4543
-0
-0
-0
24.9502
2.51112
-0
-0
-0
-0
-0
0.202361
0.62883
13.9099
-0
-0
-0
-0
-0
-0
-0
-0
15.2233
-0
-0
24.095
6.55841
-0
-0
-0
-0
10.2754
-0
-0
-0
7.57635
-0
-0
-0
17.5638
-0
-0
-0
-0
-0
-0
-0
10.338
-0
-0
-0
-0
-0
-0
12.9731
37.942
-0
-0
8.14343
-0
-0
-0
-0
-0
-0
11.4946
-0
-0
-0
-0
-0
1.8717
-0
-0
15.2653
-0
-0
-0
-0
-0
-0
-0
-0
-0
-0
16.6548
-0
-0
-0
-0
13.648
25.9096
-0
10.1516
0.318082
-0
-0
7.36798
-0
-0
-0
-0
27.21
-0
49.9143
-0
-0
-0
-0
-0
-0
20.805
-0
-0
-0
-0
6.62648
-0
-0
-0
-0
-0
-0
-0
-0
-0
-0
10.1676
-0
-0
47.9032
-0
-0
-0
-0
33.2082
32.8633
-0
-0
30.9907
7.43075
-0
30.6074
26.1717
-0
-0
18.1513
-0
-0
41.5289
-0
-0
16.5081
-0
-0
17.1946
-0
-0
22.2012
-0
53.277
-0
-0
-0
-0
-0
7.86643
-0
-0
19.651
-0
-0
-0
-0
41.4813
-0
-0
19.725
-0
-0
-0
-0
-0
-0
-0
13.307
-0
-0
-0
0.64315
16.8639
-0
-0
-0
61.5865
28.7598
-0
-0
-0
-0
-0
-0
4.21149
-0
-0
-0
-0
-0
-0
20.0564
-0
-0
-0
42.2463
43.0395
-0
-0
-0
21.5171
-0
-0
-0
-0
2.80876
-0
-0
-0
20.7811
-0
15.301
-0
-0
-0
-0
-0
-0
-0
-0
17.808
0.862903
-0
-0
-0
-0
-0
-0
-0
-0
-0
19.5723
-0
-0
13.6456
-0
-0
-0
25.6154
-0
-0
21.7606
-0
-0
-0
17.2
-0
-0
-0
-0
-0
-0
-0
-0
-0
-0
-0
-0
-0
-0
-0
-0
-0
-0
-0
-0
-0
-0
-0
-0
15.9429
-0
-0
-0
-0
-0
8.89803
15.5917
53.8285
-0
-0
-0
3.44281
21.4767
-0
44.3637
-0
29.6652
-0
-0
-0
-0
-0
-0
-0
23.2748
-0
30.9638
-0
-0
1.37368
9.9926
-0
10.683
12.3013
-0
-0
14.7197
-0
-0
-0
-0
-0
-0
40.9642
-0
-0
-0
-0
-0
-0
3.12371
30.2438
-0
-0
12.7973
9.03629
-0
-0
-0
-0
-0
-0
8.94397
-0
-0
-0
-0
27.7631
-0
-0
-0
-0
6.34201
-0
-0
21.3055
-0
-0
-0
53.1967
-0
28.9517
-0
-0
6.30183
17.9569
21.2043
-0
-0
-0
-0
-0
-0
-0
-0
-0
7.80604
-0
-0
-0
8.3099
-0
-0
-0
-0
-0
-0
-0
-0
12.9025
-0
0.283778
-0
-0
-0
-0
-0
14.2982
-0
-0
4.01366
-0
-0
-0
-0
-0
-0
-0
-0
-0
12.7494
9.79889
10.304
-0
-0
-0
-0
4.708
20.2996
-0
-0
-0
-0
-0
-0
6.49477
-0
38.7635
-0
-0
-0
-0
-0
25.4296
-0
-0
0.420261
-0
1.52602
35.6896
-0
-0
-0
-0
-0
-0
18.4426
-0
3.0742
-0
-0
-0
-0
40.1079
-0
10.4832
-0
-0
3.98621
23.553
-0
16.8142
-0
1.2888
9.19575
-0
-0
9.47976
1.53947
-0
-0
-0
-0
-0
-0
-0
-0
9.95451
49.1315
-0
24.3538
-0
-0
-0
0.353227
-0
-0
27.1107
-0
-0
-0
-0
6.25675
-0
-0
-0
-0
-0
-0
-0
-0
-0
-0
-0
-0
11.5368
54.8836
-0
-0
-0
-0
-0
17.3091
-0
-0
-0
-0
-0
-0
-0
-0
-0
-0
-0
-0
-0
7.19295
31.4608
-0
-0
-0
-0
-0
-0
-0
-0
-0
-0
-0
-0
-0
-0
-0
-0
-0
-0
-0
18.4266
32.8503
-0
-0
-0
-0
-0
-0
28.3462
-0
-0
-0
-0
-0
-0
43.1168
13.185
-0
-0
-0
-0
-0
9.89882
12.274
24.9242
-0
-0
-0
-0
-0
15.2404
-0
-0
-0
-0
27.407
-0
-0
-0
-0
5.34438
-0
-0
-0
-0
-0
-0
-0
18.6179
15.543
-0
-0
-0
10.6607
-0
-0
-0
26.7845
-0
-0
-0
-0
8.19828
-0
-0
-0
-0
-0
-0
-0
-0
-0
-0
-0
-0
5.08643
-0
-0
-0
7.89946
36.1546
-0
7.67495
-0
-0
-0
3.70077
-0
-0
-0
-0
10.1451
-0
11.0879
-0
-0
-0
4.51687
-0
-0
-0
-0
-0
-0
-0
-0
-0
-0
-0
37.484
22.2426
-0
-0
8.58248
-0
-0
5.28694
-0
-0
-0
-0
-0
0.378356
1.50106
40.4687
-0
-0
-0
3.44003
-0
-0
-0
-0
-0
-0
-0
6.51207
9.26187
-0
-0
1.27171
-0
-0
-0
-0
-0
-0
-0
-0
9.66415
-0
-0
-0
-0
-0
-0
-0
-0
-0
-0
-0
-0
0.861219
-0
-0
-0
-0
-0
-0
-0
-0
27.571
24.0134
-0
-0
-0
-0
-0
-0
-0
-0
17.0674
-0
-0
26.2289
-0
31.1802
-0
-0
-0
17.0422
-0
-0
-0
8.89862
-0
-0
9.13776
-0
-0
-0
-0
29.1716
7.70814
-0
-0
-0
-0
-0
-0
-0
-0
-0
-0
-0
-0
19.5816
6.64341
-0
-0
-0
-0
-0
-0
-0
-0
-0
-0
18.8283
-0
-0
-0
-0
41.0386
-0
-0
-0
-0
8.54204
22.4569
-0
-0
46.1731
1.08414
-0
18.3981
-0
-0
5.50628
0.0433674
-0
-0
-0
-0
-0
-0
-0
-0
-0
5.41339
-0
-0
-0
-0
-0
26.9927
30.1105
-0
14.989
-0
-0
-0
-0
-0
-0
-0
-0
-0
-0
-0
-0
24.7585
-0
5.77543
-0
-0
-0
-0
-0
38.975
-0
-0
-0
-0
-0
-0
-0
-0
-0
-0
-0
-0
-0
-0
9.81485
-0
-0
-0
-0
-0
-0
-0
18.4826
-0
-0
28.4329
-0
-0
-0
7.59707
-0
-0
14.4914
-0
-0
-0
-0
-0
-0
-0
-0
-0
-0
-0
-0
-0
-0
-0
-0
19.3737
-0
-0
-0
-0
19.8385
26.7979
38.454
-0
-0
-0
-0
-0
-0
-0
0.474893
-0
-0
-0
-0
-0
-0
-0
-0
-0
-0
3.4505
-0
-0
-0
-0
-0
-0
14.0242
0.938145
-0
21.1664
-0
12.828
-0
2.58277
55.0377
30.9371
20.0908
-0
-0
43.9262
-0
-0
-0
35.1982
-0
52.6776
-0
3.70023
7.52732
-0
-0
-0
25.8477
3.55885
-0
-0
34.7117
-0
-0
0.166166
44.1874
10.0236
-0
-0
-0
-0
4.24037
24.1889
3.72479
36.4892
-0
-0
-0
43.8208
-0
-0
-0
-0
13.5695
-0
-0
-0
-0
-0
-0
3.74958
-0
-0
25.7657
-0
13.8013
30.4339
-0
-0
6.59727
-0
-0
-0
-0
6.2176
-0
-0
-0
-0
14.966
-0
-0
31.5029
-0
-0
-0
20.8482
-0
-0
-0
-0
-0
-0
-0
-0
-0
-0
31.325
-0
-0
-0
-0
-0
-0
-0
20.5412
-0
19.483
-0
-0
-0
-0
4.56755
-0
3.8298
10.1047
-0
-0
-0
18.5807
10.1398
-0
-0
-0
-0
-0
5.48713
18.8412
35.42
-0
-0
-0
-0
64.0592
-0
-0
-0
-0
-0
-0
-0
-0
-0
-0
-0
-0
17.9215
35.1391
31.3005
-0
0.676814
-0
-0
-0
23.6041
-0
22.3173
-0
-0
42.6209
-0
-0
-0
-0
-0
-0
-0
-0
-0
-0
-0
-0
-0
-0
-0
-0
-0
-0
-0
-0
-0
-0
-0
-0
-0
-0
-0
-0
17.2194
-0
-0
-0
-0
-0
-0
-0
-0
-0
-0
-0
-0
-0
12.7438
-0
-0
-0
-0
33.186
1.01187
-0
-0
-0
-0
-0
-0
-0
13.1772
-0
-0
-0
-0
-0
-0
0.354926
-0
-0
-0
51.6615
-0
-0
-0
-0
-0
-0
-0
9.77986
-0
-0
-0
-0
-0
-0
-0
8.55094
5.87668
-0
-0
-0
-0
24.4426
-0
-0
-0
-0
-0
30.0358
-0
-0
-0
40.0239
-0
-0
-0
-0
-0
-0
-0
-0
-0
-0
-0
21.5478
-0
-0
9.57606
-0
-0
-0
-0
-0
-0
-0
-0
-0
-0
-0
-0
48.117
-0
-0
-0
-0
-0
-0
-0
-0
11.9453
31.9264
-0
-0
-0
-0
-0
-0
20.7649
-0
-0
-0
-0
6.63256
-0
-0
-0
-0
-0
-0
-0
14.254
-0
-0
-0
-0
-0
-0
-0
-0
-0
-0
-0
-0
-0
-0
39.995
-0
1.75938
7.26851
-0
-0
-0
-0
-0
-0
-0
19.8781
22.5253
-0
-0
-0
-0
-0
-0
-0
-0
-0
-0
-0
-0
24.8267
24.5724
-0
18.8999
-0
20.4124
-0
12.3349
-0
22.6883
-0
-0
-0
22.4504
-0
16.9013
-0
-0
-0
-0
7.30286
-0
-0
-0
-0
-0
22.2213
-0
-0
-0
42.3534
-0
7.00849
-0
16.8278
-0
-0
-0
-0
-0
-0
-0
30.4805
-0
-0
1.32553
-0
-0
33.4106
-0
-0
-0
24.2131
-0
-0
-0
-0
-0
-0
17.9808
0.0902792
66.5977
-0
-0
16.964
-0
-0
-0
-0
-0
-0
19.4583
10.3681
-0
13.7319
-0
-0
0.0170637
-0
-0
-0
-0
-0
-0
-0
-0
18.2527
-0
-0
-0
-0
-0
-0
-0
-0
-0
10.7435
37.9065
-0
-0
38.525
-0
-0
-0
25.5378
-0
-0
-0
-0
-0
-0
-0
-0
-0
3.95146
-0
44.0907
-0
-0
-0
-0
-0
11.0177
-0
-0
-0
-0
-0
-0
-0
20.8655
-0
-0
30.311
-0
-0
-0
19.1327
-0
-0
-0
1.10912
-0
-0
-0
5.40433
-0
12.7827
4.87138
-0
-0
-0
34.2991
39.6548
-0
-0
-0
-0
-0
-0
-0
-0
4.04496
-0
-0
-0
-0
-0
-0
-0
-0
-0
-0
-0
-0
-0
-0
-0
-0
-0
-0
-0
20.388
44.126
-0
44.0819
-0
-0
-0
-0
-0
-0
-0
32.7478
-0
-0
-0
-0
8.17814
-0
-0
-0
-0
-0
-0
-0
-0
9.97639
-0
-0
-0
-0
-0
-0
-0
26.8606
-0
-0
-0
-0
-0
-0
-0
1.14333
-0
-0
-0
-0
24.9304
-0
13.2175
-0
-0
-0
-0
-0
19.4665
-0
-0
-0
-0
-0
24.0126
-0
-0
-0
-0
-0
-0
-0
-0
-0
11.0328
-0
-0
-0
-0
-0
-0
-0
-0
-0
42.4672
-0
-0
-0
-0
-0
-0
5.63999
-0
-0
-0
27.0019
-0
-0
-0
59.5852
-0
-0
5.42109
-0
-0
-0
8.64075
-0
-0
6.9633
-0
7.31369
-0
-0
-0
-0
-0
-0
-0
-0
15.9635
-0
-0
-0
-0
-0
-0
-0
-0
-0
29.7455
-0
-0
-0
-0
14.6133
-0
19.4254
-0
-0
-0
-0
7.17076
-0
5.12151
7.59174
-0
-0
-0
12.142
-0
-0
-0
-0
7.88614
-0
-0
5.18115
27.6295
-0
14.1081
-0
-0
29.0316
10.3694
-0
-0
-0
-0
10.7732
24.7174
5.55644
-0
-0
-0
32.7248
19.1537
-0
-0
-0
-0
2.73952
-0
34.7612
-0
-0
-0
-0
0.116853
-0
-0
-0
-0
-0
38.0328
-0
-0
-0
-0
-0
49.7357
-0
-0
-0
-0
2.47782
-0
17.9547
-0
-0
-0
-0
8.98691
-0
17.647
-0
11.8835
-0
-0
-0
-0
-0
-0
27.0093
3.4111
-0
-0
-0
-0
-0
-0
-0
-0
-0
11.9759
-0
-0
-0
-0
-0
-0
-0
-0
-0
-0
-0
-0
42.2488
-0
-0
-0
42.3947
7.81546
-0
-0
-0
-0
-0
-0
-0
-0
-0
-0
-0
-0
-0
1.00495
-0
-0
50.4821
-0
-0
-0
-0
55.4599
-0
29.5226
-0
-0
-0
-0
-0
-0
-0
-0
-0
-0
1.7785
-0
-0
-0
-0
-0
-0
10.8855
-0
-0
-0
42.1589
-0
-0
-0
-0
-0
-0
4.35918
-0
-0
-0
12.915
-0
-0
-0
-0
-0
-0
12.0905
52.5426
-0
4.84902
22.6567
-0
-0
3.77902
-0
-0
-0
-0
-0
6.39711
9.35228
-0
-0
3.58513
-0
-0
11.7672
-0
-0
-0
-0
-0
14.4889
-0
-0
-0
-0
-0
9.49561
-0
-0
-0
-0
-0
-0
-0
-0
-0
9.67901
4.31913
-0
-0
-0
-0
-0
-0
-0
-0
-0
4.79962
10.5703
-0
-0
37.2326
-0
-0
-0
-0
28.7902
1.8843
-0
-0
-0
39.3986
4.56483
-0
-0
-0
-0
-0
26.1208
-0
-0
-0
-0
-0
-0
-0
-0
28.9997
-0
-0
-0
-0
-0
-0
-0
-0
-0
-0
-0
-0
-0
-0
6.83977
-0
-0
-0
-0
-0
-0
-0
-0
-0
5.14027
15.7588
25.1649
-0
-0
-0
-0
-0
-0
76.7311
17.9528
-0
46.4109
8.30076
-0
-0
-0
-0
-0
-0
-0
-0
-0
-0
-0
-0
-0
-0
-0
-0
-0
-0
-0
-0
-0
-0
-0
-0
29.1004
-0
-0
-0
-0
-0
22.6662
-0
-0
-0
-0
-0
-0
0.0713183
-0
-0
-0
-0
-0
-0
-0
73.7472
-0
-0
-0
39.3424
6.98755
-0
-0
-0
5.70453
-0
-0
-0
25.7777
-0
-0
-0
-0
-0
-0
-0
21.2736
-0
-0
11.8553
-0
-0
-0
31.4822
-0
-0
-0
-0
-0
-0
9.68204
-0
-0
-0
-0
-0
-0
11.8606
-0
-0
-0
-0
-0
-0
-0
-0
3.07453
-0
-0
-0
-0
-0
-0
-0
-0
-0
-0
-0
13.1123
-0
17.9009
-0
-0
-0
-0
-0
-0
-0
-0
-0
-0
-0
6.85646
72.0685
-0
-0
1.16615
3.85537
-0
-0
9.50273
-0
-0
-0
-0
-0
-0
-0
-0
-0
-0
-0
-0
26.636
-0
-0
-0
13.9114
7.5444
-0
-0
4.82865
-0
-0
-0
-0
2.52948
-0
-0
-0
-0
-0
-0
-0
-0
-0
26.6413
-0
-0
-0
-0
13.619
-0
-0
-0
6.21707
-0
8.8694
-0
-0
45.9555
-0
-0
-0
-0
-0
-0
-0
-0
-0
-0
-0
11.1881
-0
-0
-0
-0
-0
-0
-0
-0
-0
-0
-0
-0
19.3207
5.30556
-0
-0
-0
-0
-0
-0
-0
-0
-0
-0
-0
-0
-0
-0
-0
-0
8.87532
-0
-0
-0
-0
-0
-0
-0
-0
-0
-0
-0
-0
-0
-0
23.0837
-0
-0
-0
-0
-0
-0
-0
-0
-0
-0
-0
-0
11.8132
-0
-0
-0
-0
-0
3.8885
-0
-0
-0
-0
-0
-0
1.6486
-0
-0
-0
-0
-0
-0
-0
-0
35.6283
-0
34.409
6.65562
-0
-0
-0
-0
9.1286
10.8631
-0
4.56288
-0
2.10138
-0
-0
-0
2.22913
-0
-0
-0
-0
-0
21.9251
-0
-0
-0
-0
-0
20.8696
-0
-0
-0
40.0715
-0
-0
-0
-0
-0
-0
-0
-0
-0
-0
17.3205
-0
-0
29.2425
-0
11.1514
-0
-0
19.4427
-0
-0
8.59528
-0
-0
-0
-0
-0
-0
-0
20.1898
-0
-0
-0
-0
-0
-0
-0
-0
-0
-0
-0
-0
-0
-0
-0
4.93463
-0
1.36679
-0
-0
-0
1.54472
-0
-0
3.20883
-0
-0
7.01175
-0
-0
-0
-0
-0
-0
-0
-0
-0
-0
-0
-0
-0
-0
-0
-0
-0
-0
-0
6.13354
-0
-0
-0
-0
1.45587
-0
-0
-0
19.7845
-0
16.8229
-0
18.5619
28.1109
-0
-0
-0
31.6139
-0
-0
-0
-0
-0
7.00342
-0
41.5859
-0
-0
-0
-0
28.342
42.5551
-0
-0
-0
-0
-0
-0
1.49501
-0
-0
48.2562
-0
-0
15.8819
-0
-0
-0
-0
-0
-0
2.76538
-0
-0
-0
-0
-0
15.6604
34.4655
-0
-0
-0
-0
-0
-0
-0
-0
-0
-0
0.830969
-0
-0
-0
-0
-0
-0
-0
-0
-0
-0
-0
-0
-0
-0
7.54379
32.7064
1.63169
17.3813
-0
13.0386
32.9431
-0
-0
-0
-0
-0
-0
-0
-0
-0
-0
-0
8.50321
-0
-0
9.96488
5.45874
-0
7.54779
0.722622
-0
19.1716
-0
-0
-0
-0
-0
-0
-0
5.32658
-0
-0
-0
7.81313
-0
-0
-0
-0
-0
-0
-0
36.5321
-0
-0
-0
-0
-0
-0
-0
-0
-0
30.0989
-0
-0
30.4533
-0
-0
-0
-0
-0
-0
-0
-0
2.22078
-0
9.06729
-0
23.5783
-0
-0
-0
-0
-0
-0
-0
-0
-0
-0
12.2083
29.5645
-0
-0
0.120967
-0
-0
-0
8.31285
-0
-0
15.0412
-0
-0
-0
-0
-0
-0
16.3822
-0
-0
-0
-0
-0
45.6426
-0
-0
-0
2.84674
-0
-0
-0
-0
-0
-0
-0
5.85214
-0
-0
-0
-0
32.3794
13.0739
14.991
-0
-0
-0
-0
28.716
4.79108
-0
12.6564
22.0763
52.7301
-0
-0
-0
-0
-0
-0
-0
10.5546
-0
-0
-0
27.2782
-0
-0
-0
-0
-0
4.98013
-0
-0
19.6683
-0
-0
-0
-0
-0
-0
-0
27.0555
-0
-0
0.812051
-0
-0
-0
-0
-0
-0
17.9519
-0
-0
-0
-0
-0
2.36823
16.801
-0
26.8834
-0
-0
-0
-0
12.8804
11.6818
-0
1.04102
-0
-0
-0
-0
57.2193
-0
-0
-0
-0
-0
-0
-0
-0
-0
-0
12.7231
-0
-0
-0
-0
63.8917
10.4279
-0
-0
-0
-0
-0
-0
-0
-0
-0
-0
-0
-0
4.83138
-0
-0
7.41062
-0
-0
-0
28.4502
-0
-0
-0
-0
-0
-0
-0
-0
-0
-0
-0
5.44623
57.3763
-0
-0
-0
-0
-0
-0
-0
-0
-0
5.39073
-0
24.7968
-0
-0
-0
-0
-0
-0
-0
-0
0.989254
-0
13.1977
-0
-0
-0
-0
-0
1.00076
15.5929
-0
-0
43.6815
2.17644
-0
-0
-0
-0
-0
-0
-0
-0
40.2648
-0
11.5491
-0
-0
-0
0.0850015
-0
-0
0.203801
-0
-0
-0
0.0771941
-0
-0
-0
-0
-0
-0
-0
-0
28.571
-0
-0
-0
-0
-0
-0
-0
-0
-0
56.9856
-0
-0
-0
-0
-0
-0
15.018
-0
-0
-0
46.3146
-0
-0
-0
14.3123
-0
16.7299
-0
-0
-0
-0
-0
17.7977
36.5681
-0
16.7163
41.9967
-0
-0
20.0617
-0
16.2578
49.4434
48.7981
-0
17.7186
-0
-0
-0
-0
-0
-0
-0
-0
-0
-0
39.8824
-0
0.449348
11.7975
0.589653
-0
-0
-0
-0
-0
-0
-0
-0
11.9369
-0
-0
-0
-0
-0
-0
-0
-0
-0
-0
-0
-0
-0
0.0692479
21.4395
-0
-0
-0
-0
-0
-0
23.9883
-0
27.8315
-0
7.2545
-0
-0
-0
-0
-0
-0
-0
-0
-0
-0
-0
-0
-0
-0
-0
0.302819
-0
-0
-0
-0
6.68659
-0
10.6343
13.7528
6.15305
-0
-0
5.35654
-0
-0
-0
21.0562
-0
-0
20.6955
-0
38.3212
-0
-0
28.6195
-0
-0
15.6279
-0
6.71064
-0
3.44906
2.21357
-0
8.46671
7.3471
-0
-0
-0
28.4716
0.372735
-0
-0
-0
9.96769
-0
-0
-0
-0
-0
-0
-0
-0
-0
-0
-0
-0
-0
-0
27.6347
-0
4.85606
-0
-0
12.7674
47.5444
-0
-0
9.87413
21.8502
-0
-0
-0
-0
-0
-0
-0
-0
-0
-0
-0
-0
2.47034
-0
6.43405
-0
-0
-0
-0
11.4228
-0
-0
-0
20.5111
9.78177
-0
7.76304
-0
-0
-0
-0
-0
-0
-0
-0
-0
-0
-0
-0
-0
-0
60.7687
-0
8.1115
-0
-0
-0
-0
-0
-0
-0
-0
-0
-0
-0
14.2009
-0
-0
-0
-0
-0
-0
33.5212
-0
2.70363
-0
-0
-0
-0
-0
-0
48.7654
-0
-0
11.8047
14.9022
19.0838
14.8901
-0
5.21384
-0
-0
-0
-0
-0
-0
-0
-0
-0
-0
3.62407
-0
32.0466
-0
-0
27.8337
-0
-0
-0
-0
-0
-0
-0
-0
-0
10.0377
-0
3.11373
23.5072
-0
-0
0.809619
-0
29.8023
-0
-0
20.3925
-0
25.1608
-0
-0
-0
-0
-0
-0
-0
-0
-0
-0
-0
-0
-0
-0
-0
-0
-0
10.9624
5.92816
-0
-0
3.06229
24.8904
34.854
-0
-0
30.4373
29.957
12.4922
22.8229
-0
-0
-0
-0
-0
-0
-0
-0
-0
-0
-0
-0
-0
-0
-0
-0
-0
36.7721
-0
-0
-0
-0
-0
-0
-0
-0
-0
8.26221
18.7328
-0
12.6155
-0
-0
-0
-0
-0
-0
1.25489
-0
-0
-0
-0
12.435
-0
13.7966
-0
-0
-0
-0
-0
-0
-0
-0
-0
-0
1.4859
7.28867
-0
-0
-0
31.233
-0
-0
35.972
6.42851
-0
1.987
-0
-0
-0
-0
-0
-0
65.4576
-0
-0
-0
-0
-0
-0
-0
-0
-0
-0
-0
-0
-0
-0
-0
-0
-0
-0
-0
-0
-0
-0
13.1828
-0
18.0899
5.14272
-0
-0
-0
34.1019
15.3834
-0
8.43722
-0
-0
-0
-0
-0
-0
0.0352607
-0
-0
-0
-0
-0
-0
-0
-0
29.3475
-0
23.0323
-0
-0
-0
-0
40.2683
-0
0.105183
-0
-0
-0
-0
-0
-0
19.746
24.6082
-0
0.249722
-0
-0
-0
-0
15.0747
-0
-0
-0
-0
25.8553
4.63328
-0
-0
-0
-0
-0
-0
-0
53.2904
-0
54.3442
47.2582
-0
2.44879
-0
-0
-0
-0
-0
-0
-0
-0
22.9741
-0
-0
-0
-0
5.79411
55.9384
-0
-0
-0
-0
20.0517
8.12093
-0
47.7437
-0
-0
-0
-0
-0
-0
45.0091
-0
-0
-0
23.8864
-0
12.2295
-0
-0
-0
-0
-0
6.85738
-0
1.16197
-0
-0
-0
-0
-0
-0
-0
-0
-0
-0
-0
-0
-0
11.6328
-0
-0
3.34267
-0
-0
-0
8.18274
-0
-0
-0
19.5346
-0
3.66187
15.1533
-0
-0
22.6072
0.974698
-0
-0
22.4203
-0
-0
13.4849
-0
-0
23.2658
-0
-0
-0
-0
-0
-0
-0
-0
-0
-0
-0
-0
38.0747
-0
76.6532
-0
-0
-0
-0
-0
-0
-0
-0
-0
-0
14.818
-0
-0
19.1677
-0
-0
70.4259
-0
-0
-0
-0
-0
-0
-0
-0
-0
31.337
31.851
70.0097
-0
41.9966
21.6924
-0
-0
13.4262
22.518
-0
-0
-0
-0
-0
-0
-0
24.7017
-0
35.9244
10.7922
-0
-0
-0
-0
-0
-0
-0
-0
-0
27.8142
-0
-0
-0
-0
-0
-0
-0
-0
-0
-0
21.5336
-0
-0
34.187
30.2827
-0
-0
-0
-0
-0
-0
-0
49.7327
-0
0.162966
-0
-0
18.9168
21.3492
61.9541
-0
-0
-0
-0
-0
-0
5.70583
-0
-0
-0
-0
-0
-0
-0
-0
-0
-0
-0
24.3146
-0
-0
-0
-0
-0
1.18776
-0
-0
-0
-0
-0
-0
33.5154
-0
-0
10.4011
-0
-0
-0
-0
-0
-0
-0
-0
-0
22.663
-0
-0
-0
-0
-0
-0
-0
-0
-0
7.13669
-0
15.5853
-0
10.9109
-0
-0
-0
-0
30.7232
36.6624
-0
-0
8.17651
-0
10.3354
8.08592
40.8065
-0
-0
-0
10.36
-0
-0
0.955157
-0
-0
38.8092
-0
-0
-0
-0
-0
-0
-0
-0
-0
-0
20.0734
-0
25.511
-0
-0
-0
-0
-0
-0
-0
-0
-0
-0
-0
-0
37.7979
-0
-0
-0
19.7959
43.87
-0
-0
-0
-0
-0
12.8165
-0
-0
-0
-0
-0
8.04375
-0
-0
-0
-0
-0
20.5988
-0
-0
-0
17.778
-0
-0
-0
-0
-0
29.1629
-0
-0
7.31193
-0
5.10003
-0
-0
-0
-0
-0
-0
32.3631
21.2371
-0
-0
12.712
31.0862
-0
-0
-0
-0
-0
37.6875
-0
-0
-0
-0
-0
3.17327
-0
-0
-0
-0
11.0748
-0
-0
-0
-0
20.8804
3.35934
-0
8.26602
29.4977
-0
6.33829
-0
17.4539
-0
-0
-0
16.6038
-0
-0
-0
-0
-0
-0
-0
18.0188
-0
-0
-0
14.376
4.11409
-0
-0
-0
-0
12.8888
-0
-0
-0
-0
-0
-0
23.4544
-0
-0
-0
-0
-0
-0
-0
-0
-0
-0
-0
-0
-0
48.1837
-0
6.11739
20.5472
-0
-0
-0
2.92248
-0
-0
-0
-0
-0
-0
-0
-0
-0
-0
-0
-0
-0
-0
21.4924
-0
-0
36.8446
-0
-0
-0
-0
-0
-0
-0
-0
14.4953
-0
-0
-0
-0
-0
0.932961
-0
-0
-0
-0
-0
-0
33.5165
-0
-0
-0
-0
-0
-0
15.6235
-0
-0
-0
26.2916
-0
24.9906
-0
-0
1.10259
-0
28.3179
14.1642
-0
-0
5.63745
8.78363
-0
35.981
27.1395
-0
-0
-0
-0
-0
-0
-0
5.53339
-0
-0
-0
-0
-0
-0
-0
4.57439
14.6565
-0
-0
-0
-0
-0
37.1355
35.869
-0
-0
-0
14.2292
-0
-0
-0
-0
-0
-0
-0
-0
-0
-0
-0
1.9661
34.2658
-0
-0
-0
-0
-0
-0
37.4449
10.9598
56.2573
-0
-0
-0
6.84472
-0
-0
-0
0.0211257
-0
-0
-0
-0
13.1021
-0
-0
-0
