-0
-0
-0
-0
-0
20.676
-0
-0
7.10741
-0
-0
-0
-0
-0
-0
24.2977
-0
-0
-0
-0
-0
-0
-0
-0
45.3131
5.76654
60.5214
-0
-0
-0
-0
-0
-0
-0
6.1435
-0
-0
-0
-0
-0
-0
-0
-0
55.6754
-0
-0
-0
49.8248
-0
-0
-0
-0
-0
-0
-0
-0
34.6827
2.44711
-0
-0
-0
-0
-0
-0
-0
-0
31.6132
26.0075
-0
1.09586
-0
-0
-0
-0
-0
11.7873
58.3424
-0
-0
-0
-0
38.9307
5.98962
-0
34.5504
-0
-0
-0
-0
-0
-0
-0
-0
-0
-0
-0
11.6765
-0
6.33224
-0
-0
-0
-0
-0
-0
-0
18.5338
-0
-0
-0
1.5366
-0
-0
-0
-0
23.6429
-0
-0
32.6783
20.4353
32.5756
-0
-0
-0
-0
-0
-0
-0
-0
24.1008
0.779122
-0
-0
-0
27.2499
-0
-0
-0
-0
-0
-0
-0
37.8831
-0
-0
-0
-0
-0
-0
-0
-0
-0
-0
12.293
49.183
-0
46.4347
-0
-0
2.75224
32.933
-0
-0
-0
-0
-0
-0
-0
-0
32.7814
-0
11.7397
-0
-0
6.54174
-0
-0
-0
10.6651
-0
-0
-0
-0
-0
-0
46.5623
-0
-0
39.3869
13.2528
24.8023
19.8781
40.7507
31.4489
-0
-0
-0
3.04553
-0
-0
-0
-0
18.7441
-0
-0
-0
-0
49.9401
42.6791
-0
-0
-0
15.2106
-0
-0
-0
-0
0.194338
-0
-0
-0
-0
21.2969
12.2679
-0
-0
-0
0.526009
-0
-0
-0
-0
-0
-0
-0
-0
-0
-0
-0
-0
-0
37.7407
-0
-0
-0
-0
48.8828
-0
-0
-0
-0
-0
-0
2.74906
0.111898
-0
-0
-0
-0
-0
-0
-0
-0
-0
-0
-0
9.93006
-0
-0
-0
-0
65.8328
40.8725
20.766
-0
-0
-0
-0
-0
-0
-0
7.22731
-0
91.2977
-0
-0
-0
5.04676
-0
-0
-0
13.6947
8.17016
-0
-0
-0
-0
-0
-0
32.2895
-0
-0
-0
-0
34.8326
16.5702
-0
-0
-0
-0
31.3131
-0
-0
-0
13.5909
0.389655
-0
-0
-0
0.794846
-0
-0
-0
11.5504
21.655
-0
13.6436
-0
-0
31.5122
-0
-0
-0
-0
-0
-0
-0
-0
-0
-0
-0
-0
-0
-0
6.35978
-0
-0
13.5841
-0
-0
-0
2.38568
-0
-0
9.96991
-0
-0
-0
-0
-0
35.2323
-0
-0
-0
41.0481
1.58107
-0
-0
25.8122
-0
-0
-0
1.59515
25.3169
-0
-0
-0
-0
-0
-0
-0
-0
24.3068
-0
-0
23.5272
28.8441
-0
-0
-0
-0
10.7862
-0
-0
-0
24.8026
-0
-0
-0
-0
-0
-0
-0
-0
-0
-0
-0
-0
-0
6.70134
-0
-0
-0
-0
-0
7.61115
-0
-0
-0
-0
4.49394
-0
-0
-0
0.0478333
28.7897
-0
-0
7.078
-0
-0
-0
-0
-0
-0
-0
-0
-0
-0
-0
-0
-0
12.0481
-0
-0
-0
-0
-0
-0
-0
-0
13.1763
-0
-0
0.22277
-0
-0
14.1932
-0
-0
-0
-0
21.6129
-0
8.33623
-0
-0
-0
-0
-0
-0
-0
-0
-0
3.92074
-0
19.6523
-0
-0
-0
-0
-0
-0
2.10046
-0
-0
-0
6.1362
-0
15.6887
56.5041
-0
-0
19.8417
-0
43.9088
54.351
-0
1.5874
17.853
-0
-0
55.622
-0
-0
-0
35.0067
-0
-0
11.1909
-0
-0
8.07577
-0
-0
24.3745
-0
-0
-0
-0
36.6017
-0
-0
11.2878
-0
-0
9.49296
-0
-0
-0
-0
-0
-0
-0
27.6834
-0
-0
0.169895
-0
-0
-0
-0
-0
-0
-0
5.69368
-0
10.8674
-0
-0
11.3138
-0
-0
-0
76.2763
22.3137
-0
-0
-0
1.8705
-0
-0
-0
-0
-0
-0
4.34179
-0
-0
-0
-0
-0
-0
34.2809
39.803
-0
-0
-0
18.7936
-0
-0
-0
-0
-0
4.87867
25.8194
-0
14.0509
-0
-0
-0
-0
9.78533
-0
-0
-0
-0
-0
25.6469
9.83361
-0
-0
-0
-0
-0
-0
-0
-0
-0
11.3451
-0
-0
12.6924
-0
-0
-0
32.7918
-0
-0
54.4593
-0
-0
-0
-0
-0
-0
-0
-0
12.1974
-0
-0
-0
-0
-0
-0
-0
-0
-0
-0
-0
-0
-0
-0
-0
-0
-0
-0
-0
-0
-0
-0
-0
-0
-0
-0
46.9702
36.1876
-0
-0
-0
-0
51.2538
-0
24.6329
4.4985
49.8791
-0
-0
-0
-0
-0
-0
-0
-0
-0
7.9111
-0
-0
0.22994
6.60095
-0
1.96168
16.0764
-0
-0
-0
-0
-0
15.2755
-0
-0
-0
25.3963
-0
-0
-0
-0
-0
-0
49.6658
6.88334
-0
-0
-0
9.53371
-0
-0
-0
7.11788
-0
-0
9.79738
-0
-0
-0
-0
17.5476
-0
-0
-0
-0
-0
-0
-0
16.1719
-0
-0
3.89361
17.9478
-0
21.133
-0
-0
5.01551
-0
-0
-0
-0
-0
-0
-0
42.2013
-0
-0
-0
-0
-0
-0
-0
4.70091
-0
-0
-0
-0
6.8102
-0
1.48196
-0
31.1878
-0
-0
-0
-0
-0
31.722
-0
33.2003
10.9205
-0
-0
-0
-0
-0
-0
8.14052
-0
-0
-0
-0
18.4258
-0
8.71423
-0
-0
-0
-0
9.58449
13.2647
-0
-0
-0
-0
-0
-0
-0
-0
49.23
-0
-0
-0
-0
-0
-0
-0
-0
-0
-0
-0
61.8145
-0
-0
-0
-0
-0
-0
6.74552
-0
-0
-0
-0
-0
-0
8.56621
-0
4.04175
-0
-0
7.03234
8.66187
9.09092
52.9799
-0
63.8808
1.64524
-0
-0
-0
8.96471
-0
-0
-0
-0
-0
-0
0.746136
-0
-0
16.1812
-0
2.59437
16.174
-0
-0
38.8114
-0
-0
23.4362
-0
-0
-0
-0
0.0747464
-0
-0
-0
-0
-0
-0
-0
-0
-0
-0
22.0361
-0
-0
45.3529
5.80101
-0
-0
-0
-0
24.1333
-0
-0
-0
-0
-0
5.15824
-0
-0
11.3642
-0
-0
-0
-0
-0
11.2425
-0
-0
-0
-0
-0
-0
-0
-0
-0
16.7654
-0
-0
-0
0.0102719
28.0318
-0
-0
-0
-0
29.3996
17.0417
-0
-0
-0
-0
-0
-0
33.0802
-0
-0
-0
-0
-0
-0
55.917
-0
7.78269
-0
-0
-0
3.86286
-0
-0
37.7189
-0
-0
-0
-0
-0
14.0623
-0
-0
-0
-0
-0
-0
-0
-0
-0
0.585992
-0
-0
-0
-0
-0
5.97341
-0
0.0172236
-0
-0
-0
-0
-0
-0
-0
-0
16.6484
-0
-0
5.45386
5.52007
12.4054
-0
-0
-0
-0
-0
-0
-0
-0
-0
-0
-0
-0
2.01138
-0
-0
-0
14.23
-0
5.71728
0.392857
-0
-0
-0
-0
-0
-0
-0
-0
-0
-0
-0
-0
-0
-0
-0
-0
-0
-0
-0
-0
-0
-0
-0
-0
25.0699
10.9965
23.2575
17.4517
-0
-0
-0
-0
-0
-0
-0
-0
-0
-0
-0
15.1885
-0
21.4085
-0
-0
-0
4.29669
4.19167
-0
-0
-0
-0
-0
8.31284
12.7842
-0
17.1885
-0
9.37675
-0
-0
-0
-0
-0
-0
-0
-0
8.85203
-0
-0
-0
-0
-0
-0
-0
-0
-0
71.7678
-0
-0
14.8801
-0
-0
-0
-0
-0
-0
-0
-0
13.6679
29.9676
6.251
-0
-0
1.62743
14.7005
-0
-0
-0
19.5751
-0
11.6099
26.9165
-0
-0
7.10536
-0
-0
22.3049
-0
-0
-0
12.6975
1.68942
-0
-0
-0
-0
-0
-0
19.0677
-0
-0
-0
-0
-0
45.1392
-0
-0
-0
-0
-0
-0
7.73132
6.04731
5.23653
-0
-0
-0
-0
-0
-0
-0
-0
-0
-0
35.3959
-0
-0
-0
-0
42.4693
37.8276
-0
-0
-0
-0
42.7467
-0
-0
21.4791
-0
-0
19.3483
-0
-0
0.00756669
-0
0.0123708
-0
-0
-0
-0
-0
7.95676
-0
-0
-0
-0
-0
-0
-0
-0
41.0654
56.5339
-0
-0
-0
-0
-0
-0
-0
-0
-0
-0
-0
-0
-0
-0
-0
-0
53.1053
-0
-0
-0
-0
-0
57.6796
-0
-0
-0
-0
-0
-0
12.0798
-0
-0
26.4652
-0
-0
5.71087
-0
33.8493
-0
-0
-0
-0
19.4084
-0
-0
44.3255
-0
-0
27.0613
-0
-0
4.25302
-0
-0
-0
36.7821
-0
-0
3.50698
-0
-0
-0
-0
-0
-0
-0
-0
-0
-0
-0
-0
-0
0.847213
-0
-0
-0
-0
3.21428
-0
38.0793
-0
-0
-0
-0
-0
-0
-0
-0
-0
-0
13.0536
-0
-0
4.31868
-0
-0
-0
-0
-0
-0
-0
-0
-0
-0
23.259
-0
-0
-0
-0
-0
5.06733
-0
12.5236
38.7352
-0
25.1983
-0
-0
3.68368
-0
-0
-0
36.3533
29.4126
22.6294
-0
-0
32.8377
-0
-0
-0
47.8312
57.788
-0
12.7871
13.9181
-0
-0
-0
40.0033
1.17786
-0
-0
-0
-0
-0
3.70719
7.57357
7.13426
-0
-0
-0
9.30339
-0
-0
-0
13.2809
-0
-0
17.6603
-0
4.78693
-0
-0
0.40017
-0
-0
12.6825
-0
9.29694
1.55031
-0
-0
-0
-0
-0
-0
-0
2.65198
-0
-0
-0
-0
3.69838
-0
-0
33.8095
-0
33.4738
-0
5.94233
-0
-0
-0
-0
-0
-0
-0
-0
-0
-0
-0
-0
-0
-0
-0
-0
-0
-0
29.1314
-0
-0
-0
3.64688
-0
15.3747
16.9361
-0
-0
-0
-0
-0
-0
39.5712
38.8364
-0
-0
-0
-0
-0
-0
6.58059
65.3217
-0
-0
-0
-0
107.613
-0
-0
-0
-0
-0
-0
-0
-0
-0
-0
-0
-0
7.77784
-0
-0
-0
1.54471
-0
-0
-0
-0
-0
25.6084
0.180127
-0
18.6166
-0
6.90077
-0
-0
-0
-0
-0
-0
-0
-0
-0
-0
-0
-0
-0
-0
-0
-0
-0
-0
-0
-0
-0
-0
-0
-0
-0
-0
47.3664
-0
-0
-0
-0
-0
-0
-0
38.443
-0
-0
-0
-0
-0
-0
-0
-0
8.30631
-0
-0
1.60723
-0
-0
-0
-0
-0
-0
-0
-0
-0
-0
8.1918
-0
-0
-0
2.02103
19.3075
-0
-0
46.68
-0
-0
-0
-0
-0
-0
0.126576
-0
-0
-0
3.87847
-0
-0
-0
-0
9.51971
-0
-0
-0
6.20205
-0
-0
-0
-0
-0
-0
-0
27.5664
-0
-0
-0
8.92463
-0
-0
-0
-0
-0
-0
-0
-0
-0
-0
-0
9.38433
-0
-0
-0
-0
-0
-0
-0
11.4606
-0
-0
-0
-0
-0
-0
-0
22.2631
23.5689
-0
5.28317
-0
-0
-0
3.50963
-0
44.5147
4.03444
-0
-0
-0
-0
-0
-0
11.4867
-0
-0
-0
-0
-0
-0
62.073
-0
-0
-0
-0
-0
-0
-0
-0
-0
-0
22.4514
-0
-0
-0
-0
-0
-0
2.72615
-0
-0
32.2572
-0
3.33511
-0
-0
-0
-0
-0
-0
2.38563
-0
-0
33.9888
-0
-0
-0
-0
-0
-0
-0
9.26458
-0
-0
-0
11.4153
1.45475
-0
-0
17.1376
-0
-0
-0
3.12697
-0
17.8039
-0
-0
-0
45.8629
-0
25.7551
-0
-0
-0
-0
15.1151
-0
17.9518
-0
1.32165
-0
26.7827
7.44024
-0
34.1508
3.39164
-0
-0
-0
35.8871
-0
-0
-0
-0
-0
-0
-0
30.7562
-0
-0
-0
-0
-0
23.6024
-0
-0
-0
24.2464
-0
-0
27.6172
-0
7.48975
-0
-0
-0
57.6133
-0
-0
-0
-0
-0
-0
10.8357
-0
-0
30.3421
10.5449
-0
23.6792
-0
-0
-0
4.81122
-0
-0
-0
-0
-0
-0
-0
3.57556
-0
-0
-0
-0
-0
-0
-0
-0
-0
-0
-0
-0
-0
38.7033
-0
-0
-0
15.206
-0
-0
-0
3.75892
-0
-0
-0
-0
28.5881
28.5981
-0
65.9303
-0
-0
-0
-0
-0
29.3524
-0
-0
-0
-0
-0
3.66418
-0
15.8384
-0
-0
-0
-0
-0
-0
-0
16.0074
-0
-0
-0
26.8407
-0
-0
30.6804
-0
-0
-0
-0
-0
-0
18.791
26.9446
-0
-0
-0
-0
-0
-0
-0
-0
-0
-0
-0
-0
-0
12.4544
-0
7.52707
-0
-0
-0
-0
-0
-0
-0
-0
-0
-0
-0
-0
26.8703
6.37119
-0
34.034
-0
-0
-0
-0
-0
17.5063
-0
19.9208
-0
-0
-0
-0
-0
-0
0.84622
-0
-0
-0
-0
-0
-0
-0
-0
-0
-0
-0
-0
-0
-0
3.82135
-0
-0
-0
-0
-0
-0
18.428
0.778902
-0
-0
-0
-0
5.20027
-0
3.65701
-0
-0
-0
19.251
-0
-0
-0
-0
-0
-0
-0
19.1377
-0
-0
-0
-0
-0
-0
-0
-0
19.2955
4.4032
-0
-0
-0
-0
-0
-0
27.1403
-0
-0
17.039
-0
-0
-0
-0
-0
-0
-0
-0
-0
-0
16.4499
-0
27.9821
-0
46.2345
-0
-0
12.296
-0
-0
-0
-0
-0
18.1262
3.84019
-0
6.71274
-0
-0
-0
-0
-0
-0
-0
-0
11.5496
-0
23.2543
-0
-0
-0
-0
-0
-0
-0
42.7831
-0
-0
-0
-0
6.63093
-0
34.0774
-0
-0
-0
-0
-0
-0
0.141104
-0
4.7056
-0
-0
54.6567
-0
-0
-0
-0
30.0111
-0
-0
-0
-0
-0
29.2166
-0
-0
9.1315
-0
-0
-0
-0
-0
2.94648
-0
26.8936
-0
-0
-0
30.4853
13.9558
-0
-0
-0
-0
3.66306
-0
58.4904
-0
-0
-0
-0
-0
-0
5.0909
-0
-0
-0
-0
0.623336
-0
-0
-0
-0
50.0903
-0
-0
-0
-0
17.0164
-0
33.2504
7.37444
-0
37.7795
-0
-0
-0
17.7352
-0
21.8102
1.16373
-0
-0
-0
-0
-0
-0
-0
-0
-0
-0
-0
-0
-0
-0
-0
-0
-0
-0
-0
-0
-0
-0
-0
-0
-0
34.8471
-0
-0
-0
56.1696
-0
-0
-0
30.5112
12.832
-0
-0
-0
-0
-0
-0
-0
-0
-0
-0
-0
-0
-0
2.41933
-0
-0
29.5869
-0
-0
-0
-0
0.665872
-0
1.62042
-0
-0
-0
-0
-0
-0
-0
-0
-0
-0
-0
-0
-0
-0
3.80863
-0
-0
16
-0
-0
-0
26.4818
-0
-0
-0
-0
-0
-0
37.5355
-0
-0
-0
23.8981
-0
-0
27.8854
15.3868
-0
-0
51.1718
33.9217
-0
20.6707
33.3225
-0
6.08523
24.5293
-0
-0
-0
-0
-0
-0
-0
-0
-0
-0
-0
-0
-0
-0
-0
-0
-0
-0
25.2767
-0
-0
-0
-0
3.25329
-0
3.09767
-0
-0
-0
-0
-0
-0
-0
-0
54.2007
-0
5.43306
-0
-0
-0
-0
-0
-0
-0
-0
-0
27.9425
-0
-0
54.1097
-0
-0
-0
-0
41.665
3.21065
-0
-0
-0
20.0999
-0
-0
-0
-0
-0
-0
25.5683
-0
-0
-0
-0
-0
-0
-0
-0
-0
-0
-0
-0
-0
-0
-0
-0
-0
-0
0.313121
-0
-0
-0
-0
13.4953
5.59414
-0
-0
-0
-0
-0
-0
-0
-0
27.3662
-0
2.88762
-0
4.15319
-0
-0
-0
-0
31.8497
13.6022
-0
36.9291
11.492
-0
-0
-0
-0
-0
-0
-0
-0
-0
-0
-0
-0
1.9302
-0
-0
-0
-0
-0
-0
32.9763
-0
-0
-0
-0
14.7079
-0
-0
-0
-0
-0
44.194
-0
-0
-0
-0
-0
-0
-0
-0
-0
-0
-0
-0
-0
-0
47.5012
-0
13.252
-0
59.1276
7.02406
14.2108
27.2005
-0
11.0531
-0
-0
-0
18.6415
-0
-0
-0
-0
6.22695
-0
-0
29.0661
-0
-0
-0
-0
-0
-0
-0
-0
-0
-0
-0
-0
-0
6.89077
-0
-0
-0
-0
-0
-0
21.6456
-0
-0
-0
-0
-0
-0
-0
-0
3.50842
-0
-0
-0
-0
-0
-0
-0
-0
6.54924
-0
-0
-0
18.6447
-0
-0
-0
31.41
-0
23.312
-0
-0
-0
11.1856
-0
-0
-0
23.0266
-0
-0
21.5639
3.14471
-0
-0
-0
-0
-0
-0
-0
-0
-0
-0
-0
-0
-0
-0
-0
-0
-0
-0
-0
11.8577
-0
1.98602
-0
5.91669
-0
-0
-0
-0
19.9957
-0
-0
-0
-0
-0
-0
-0
-0
-0
27.927
5.27132
-0
-0
-0
1.84565
-0
-0
-0
36.5415
1.2877
9.03033
43.7925
-0
71.9976
-0
-0
-0
-0
-0
-0
-0
-0
-0
-0
-0
3.52797
-0
-0
-0
-0
-0
-0
-0
-0
-0
-0
-0
-0
-0
7.27171
-0
-0
-0
-0
-0
-0
-0
-0
30.4506
-0
-0
-0
-0
-0
-0
-0
9.56082
-0
-0
3.38714
-0
-0
-0
-0
-0
-0
-0
-0
3.21044
-0
10.5295
20.1439
13.0023
3.29093
-0
-0
-0
-0
-0
-0
-0
-0
-0
-0
27.8315
-0
1.83089
-0
-0
-0
27.3898
-0
-0
1.68767
-0
-0
-0
56.7196
-0
-0
-0
4.12575
-0
-0
-0
4.09219
21.4512
-0
38.172
2.53386
-0
-0
-0
-0
-0
-0
-0
22.617
1.77801
3.08094
-0
-0
-0
-0
-0
-0
4.88878
-0
-0
17.9869
-0
-0
-0
-0
-0
15.2199
-0
-0
-0
44.4379
-0
-0
-0
-0
-0
-0
-0
-0
-0
-0
4.11553
-0
-0
27.4124
-0
16.2548
-0
-0
-0
-0
-0
18.8687
-0
-0
-0
12.9151
-0
-0
-0
-0
-0
-0
-0
-0
-0
-0
-0
-0
1.14454
-0
-0
-0
-0
-0
-0
5.98902
-0
13.4319
-0
-0
-0
-0
-0
-0
-0
-0
-0
20.0994
-0
-0
-0
-0
-0
16.4802
-0
-0
-0
-0
-0
-0
-0
-0
-0
-0
-0
-0
-0
-0
-0
-0
-0
-0
3.86724
-0
-0
-0
36.0068
-0
17.0587
-0
-0
-0
-0
-0
-0
-0
-0
10.6785
33.8668
-0
-0
-0
-0
25.8578
-0
5.73993
-0
-0
4.16426
-0
-0
-0
-0
-0
-0
-0
-0
-0
-0
10.0796
-0
-0
-0
-0
9.52411
-0
-0
-0
-0
-0
-0
-0
-0
-0
-0
17.7182
3.39572
-0
-0
-0
0.420517
-0
-0
-0
-0
-0
-0
-0
-0
-0
-0
-0
-0
-0
-0
-0
-0
-0
-0
-0
-0
-0
2.98329
33.3251
-0
-0
-0
5.78077
17.1042
-0
-0
-0
-0
-0
-0
-0
-0
-0
-0
-0
-0
-0
-0
16.0964
1.29015
26.7899
-0
-0
-0
-0
-0
1.49823
-0
-0
-0
-0
21.3679
-0
-0
-0
-0
-0
14.5246
-0
-0
-0
-0
-0
-0
22.5612
-0
-0
7.58221
-0
-0
-0
-0
-0
-0
-0
0.431653
-0
22.4409
-0
-0
-0
-0
-0
26.5682
-0
-0
-0
-0
-0
-0
2.71246
-0
-0
-0
-0
-0
1.22085
-0
4.01217
-0
-0
10.6545
14.8998
-0
-0
5.92436
-0
-0
-0
-0
-0
-0
-0
-0
-0
-0
-0
-0
12.2549
12.1387
-0
-0
-0
-0
-0
11.3615
-0
-0
-0
-0
9.66395
-0
-0
-0
22.333
13.2632
-0
46.1655
-0
-0
-0
-0
-0
-0
-0
-0
-0
-0
5.03169
12.4065
-0
-0
8.1554
39.7754
19.3362
-0
-0
19.3886
-0
18.111
-0
0.929106
19.7882
-0
-0
-0
14.6368
-0
-0
-0
-0
-0
0.950277
-0
-0
-0
-0
-0
-0
-0
-0
4.13139
-0
20.1526
7.64261
-0
23.7691
-0
-0
-0
0.820908
-0
-0
20.0796
12.3128
-0
-0
-0
-0
6.72034
-0
-0
43.9112
-0
-0
0.0857385
-0
-0
-0
-0
-0
-0
-0
3.12358
-0
54.767
-0
-0
-0
-0
-0
-0
-0
11.3722
-0
-0
23.2224
-0
34.4453
0.781541
-0
47.1821
10.0159
-0
4.71372
-0
-0
-0
-0
-0
-0
-0
-0
-0
-0
-0
-0
-0
52.7304
-0
-0
-0
27.7981
-0
-0
-0
-0
-0
-0
-0
0.952585
-0
-0
-0
36.9027
38.9757
-0
-0
-0
-0
-0
-0
-0
-0
-0
37.7723
-0
-0
-0
-0
-0
-0
-0
-0
-0
-0
4.23614
-0
12.7964
-0
-0
-0
-0
-0
-0
-0
-0
-0
-0
0.0707997
-0
-0
-0
-0
-0
-0
9.01577
-0
60.478
6.00397
2.222
-0
-0
-0
10.3588
11.7012
-0
-0
-0
-0
7.51588
-0
-0
-0
-0
-0
-0
-0
-0
-0
23.658
-0
-0
11.7092
5.71879
-0
-0
-0
-0
-0
11.3018
-0
-0
-0
-0
-0
-0
9.10179
-0
-0
-0
57.8257
26.6898
-0
-0
-0
-0
-0
-0
-0
-0
-0
-0
20.3909
21.5614
-0
32.8454
65.6955
-0
-0
16.0097
-0
44.0274
13.7292
26.867
-0
3.89432
-0
-0
-0
-0
-0
-0
-0
-0
-0
-0
76.223
-0
-0
1.47499
-0
-0
-0
-0
-0
51.5415
-0
-0
-0
-0
-0
-0
-0
-0
-0
-0
-0
-0
-0
-0
-0
-0
-0
-0
-0
-0
-0
-0
-0
-0
-0
-0
-0
7.56897
-0
-0
-0
-0
-0
-0
-0
-0
-0
-0
-0
-0
-0
-0
-0
-0
-0
3.3597
-0
-0
-0
-0
-0
-0
7.76677
-0
-0
-0
8.39174
-0
-0
-0
-0
10.2137
-0
-0
-0
-0
0.2059
13.1628
-0
11.8138
-0
-0
8.26015
-0
-0
-0
-0
-0
-0
12.7451
-0
-0
-0
-0
-0
-0
9.3953
-0
2.11708
8.39899
-0
-0
-0
-0
-0
-0
-0
-0
-0
-0
-0
-0
-0
-0
5.64134
-0
-0
6.5029
-0
29.2558
68.4826
-0
-0
10.3975
-0
-0
-0
-0
-0
0.19687
-0
-0
-0
-0
-0
-0
-0
-0
-0
-0
-0
-0
-0
-0
-0
-0
-0
-0
3.32467
20.1939
-0
-0
-0
-0
-0
-0
-0
-0
-0
-0
-0
-0
-0
-0
-0
-0
50.8981
-0
1.0887
-0
10.4462
-0
-0
-0
-0
-0
-0
-0
-0
-0
44.204
-0
-0
-0
-0
-0
-0
16.7803
-0
-0
-0
-0
-0
-0
-0
-0
32.5176
-0
-0
5.05019
-0
29.5384
-0
-0
-0
-0
-0
-0
-0
3.67427
2.86095
-0
-0
-0
-0
7.05047
-0
-0
-0
-0
31.3789
-0
-0
-0
-0
6.06766
-0
-0
-0
10.1572
9.09119
20.4116
2.29988
13.4254
-0
-0
18.7291
-0
-0
-0
-0
27.0248
-0
31.2518
-0
30.5652
-0
18.4912
5.11166
6.66565
12.1637
-0
-0
-0
-0
-0
-0
-0
-0
-0
-0
-0
-0
-0
-0
-0
-0
23.9325
-0
-0
24.8521
-0
-0
18.3988
-0
-0
-0
28.7614
44.9316
-0
-0
-0
-0
-0
-0
7.14753
-0
-0
-0
-0
27.8517
-0
-0
10.5478
-0
-0
-0
-0
-0
-0
-0
30.8882
-0
-0
-0
-0
-0
-0
-0
-0
17.0931
-0
13.6251
-0
-0
15.4919
-0
-0
17.8422
-0
-0
-0
-0
-0
-0
-0
-0
-0
-0
-0
42.4611
-0
-0
-0
19.081
18.7195
-0
11.378
31.8133
-0
-0
-0
-0
-0
-0
-0
-0
80.371
-0
0.624304
-0
-0
-0
-0
-0
-0
-0
-0
-0
-0
15.3838
-0
9.22943
-0
-0
-0
-0
-0
-0
-0
10.3917
-0
-0
5.03083
-0
-0
-0
21.0029
-0
-0
-0
-0
-0
-0
-0
-0
-0
22.2991
-0
-0
-0
-0
-0
-0
13.1334
-0
22.1147
-0
3.49185
-0
-0
-0
-0
7.42492
-0
-0
-0
-0
-0
-0
-0
-0
-0
3.36932
-0
-0
-0
-0
-0
-0
13.9896
-0
-0
-0
-0
7.6766
-0
-0
12.2156
-0
-0
-0
-0
-0
24.7736
-0
39.7882
9.29143
-0
3.46305
-0
-0
-0
-0
-0
-0
-0
0.0478208
15.4411
-0
-0
-0
-0
-0
70.617
-0
-0
-0
-0
-0
5.79067
1.24582
76.9149
-0
-0
-0
-0
-0
-0
23.267
-0
-0
-0
23.5005
-0
-0
-0
-0
-0
1.31112
-0
-0
-0
-0
-0
-0
-0
-0
-0
-0
-0
-0
-0
-0
-0
-0
8.14553
23.0417
-0
-0
9.09
-0
-0
-0
8.10482
-0
-0
-0
-0
-0
-0
8.7392
-0
-0
42.7603
14.5182
-0
-0
39.7112
-0
-0
4.61508
-0
-0
25.2727
-0
-0
-0
-0
42.6084
-0
-0
-0
-0
-0
-0
-0
-0
-0
56.6898
-0
-0
-0
-0
-0
-0
-0
-0
-0
-0
-0
-0
-0
16.8466
-0
-0
113.951
-0
-0
-0
4.90403
-0
-0
-0
-0
-0
11.2576
-0
-0
-0
41.0441
-0
-0
-0
6.03918
11.2865
-0
-0
-0
-0
-0
-0
28.6284
12.3583
4.02796
25.2254
-0
14.02
-0
-0
-0
-0
-0
-0
-0
-0
-0
12.4806
-0
-0
-0
-0
-0
-0
7.75261
-0
-0
3.94833
-0
-0
-0
26.6635
-0
-0
-0
-0
-0
12.4434
-0
42.0555
-0
-0
-0
-0
25.8201
16.4542
42.2163
-0
-0
-0
-0
-0
-0
15.6694
-0
-0
-0
-0
-0
-0
-0
-0
-0
-0
-0
3.52139
-0
-0
-0
-0
12.8426
-0
-0
-0
-0
-0
-0
-0
2.20716
-0
27.3624
16.0037
-0
-0
-0
-0
-0
-0
-0
-0
-0
34.3396
0.199952
-0
24.3754
-0
-0
-0
-0
-0
6.19015
-0
-0
19.4038
-0
18.8886
-0
-0
2.57176
-0
4.44047
3.61694
-0
-0
-0
8.61733
-0
6.48674
13.8084
-0
-0
-0
33.2017
-0
-0
-0
-0
-0
24.5147
-0
15.5754
-0
-0
-0
-0
-0
-0
-0
-0
2.03962
-0
-0
10.4555
-0
-0
-0
-0
-0
-0
2.53828
-0
-0
-0
-0
-0
-0
6.33923
-0
-0
61.1336
-0
-0
10.5507
-0
-0
15.4449
-0
30.0035
-0
-0
-0
-0
-0
-0
-0
-0
-0
-0
-0
-0
-0
-0
-0
-0
-0
-0
-0
19.4327
-0
-0
-0
-0
0.809209
-0
-0
-0
-0
-0
-0
5.69228
15.1178
-0
-0
8.67753
2.5368
-0
-0
-0
-0
-0
51.1603
-0
-0
-0
-0
-0
51.7016
-0
-0
-0
-0
2.60835
-0
-0
-0
-0
33.5517
2.34717
-0
18.6195
12.757
-0
24.2398
-0
12.337
-0
-0
-0
18.0141
-0
-0
34.1088
-0
-0
-0
-0
16.5096
-0
-0
-0
22.5336
-0
-0
18.3194
-0
-0
0.938378
-0
-0
-0
-0
-0
-0
22.5143
-0
-0
-0
-0
-0
-0
-0
-0
-0
-0
-0
-0
-0
35.4297
-0
27.4315
-0
-0
-0
-0
-0
-0
-0
-0
33.8644
-0
-0
-0
-0
-0
46.1521
-0
-0
-0
-0
37.4069
-0
-0
21.9134
-0
-0
-0
-0
-0
-0
-0
-0
23.9398
-0
-0
-0
-0
-0
-0
-0
35.3127
-0
-0
-0
-0
46.0469
-0
-0
-0
-0
-0
4.60624
2.35329
0.195564
-0
-0
22.6463
-0
19.0192
-0
-0
-0
-0
37.2308
31.1994
-0
-0
4.95714
-0
-0
30.8706
22.4103
-0
-0
-0
-0
-0
-0
-0
4.55671
-0
-0
-0
-0
-0
-0
-0
6.24905
14.2311
-0
-0
-0
24.0822
-0
62.7511
7.30858
2.72922
-0
-0
44.9263
-0
-0
-0
-0
-0
-0
-0
-0
-0
-0
-0
11.474
22.7275
-0
-0
-0
-0
-0
-0
9.39602
17.0595
60.6093
14.5685
-0
-0
48.1549
-0
-0
-0
27.4875
-0
-0
-0
2.46995
7.46751
11.3082
-0
-0
