-0
-0
-0
-0
-0
-0
-0
-0
22.2603
-0
44.8546
-0
-0
-0
-0
28.2523
-0
-0
-0
-0
-0
-0
-0
29.5618
15.8678
-0
15.3225
-0
-0
-0
-0
-0
-0
-0
1.55162
-0
-0
-0
-0
-0
-0
-0
-0
24.0856
-0
-0
-0
22.8193
-0
-0
-0
-0
-0
-0
-0
-0
13.835
1.40591
8.87702
-0
-0
-0
-0
-0
5.14414
-0
16.5486
25.5434
-0
0.633898
-0
-0
-0
-0
-0
0.482165
17.432
-0
-0
-0
-0
29.9863
-0
-0
10.5363
-0
-0
-0
-0
-0
2.27695
-0
-0
-0
-0
-0
3.42504
-0
1.25113
-0
-0
-0
-0
-0
17.3
-0
-0
-0
-0
-0
-0
-0
-0
-0
-0
3.75321
0.983137
-0
26.3512
-0
20.4516
-0
-0
-0
-0
-0
-0
-0
-0
7.91553
-0
0.509567
-0
-0
9.21922
-0
-0
-0
-0
-0
-0
-0
23.8907
-0
-0
-0
-0
-0
-0
-0
-0
-0
-0
6.6449
35.4525
-0
31.4159
-0
-0
1.68635
22.2376
0.00951266
-0
2.37667
-0
8.85616
-0
18.3835
-0
3.06789
-0
23.1139
-0
-0
-0
-0
-0
-0
0.0367284
-0
-0
-0
-0
-0
-0
4.45762
-0
-0
49.7409
-0
-0
-0
19.1286
-0
-0
-0
-0
-0
-0
-0
-0
-0
9.31957
-0
-0
-0
-0
14.7699
30.7984
-0
-0
-0
24.4124
-0
-0
-0
-0
-0
-0
-0
4.37386
-0
-0
-0
-0
-0
-0
-0
-0
-0
-0
-0
-0
-0
-0
-0
-0
-0
-0
-0
-0
-0
-0
-0
-0
-0
31.6136
-0
-0
-0
-0
-0
-0
-0
6.09992
-0
-0
3.65535
-0
-0
-0
-0
-0
-0
-0
-0
-0
-0
-0
-0
-0
29.5976
9.64452
43.6518
-0
-0
-0
-0
-0
-0
20.2753
11.5179
-0
39.6836
-0
-0
-0
20.011
-0
-0
-0
18.8626
29.9586
-0
-0
-0
-0
-0
-0
14.5774
-0
-0
3.73545
-0
-0
18.5381
-0
-0
11.5301
-0
-0
16.8406
-0
-0
-0
0.27996
-0
-0
-0
0.906905
-0
-0
5.03401
4.42059
28.5435
-0
20.1479
0.940959
-0
28.0662
-0
-0
-0
-0
-0
-0
-0
5.6401
-0
4.64548
-0
-0
-0
-0
13.1693
-0
-0
17.9488
2.30415
-0
-0
-0
-0
-0
-0
-0
-0
-0
-0
-0
19.545
-0
-0
16.6577
-0
2.26508
-0
-0
-0
-0
-0
7.95833
-0
10.115
-0
-0
-0
-0
-0
-0
-0
-0
-0
-0
-0
30.6584
0.377841
-0
-0
-0
4.18908
2.07487
-0
-0
-0
7.96045
-0
-0
-0
16.3416
-0
-0
-0
-0
-0
-0
-0
-0
-0
-0
-0
-0
-0
-0
-0
24.5195
-0
-0
-0
-0
16.2614
-0
-0
-0
-0
29.88
10.2949
-0
-0
-0
-0
14.8516
13.9726
-0
4.37227
-0
6.57861
-0
-0
-0
-0
-0
3.55047
-0
-0
-0
-0
-0
-0
-0
24.8156
0.545458
-0
-0
-0
12.2191
-0
-0
-0
-0
-0
-0
-0
-0
24.5165
-0
-0
-0
-0
-0
-0
-0
17.525
-0
-0
4.04687
2.85705
-0
-0
0.802857
-0
-0
-0
-0
-0
-0
-0
5.8123
-0
6.48266
24.6684
-0
-0
-0
-0
24.5887
-0
-0
-0
2.6361
-0
-0
22.5915
12.1933
-0
-0
-0
-0
-0
16.4696
-0
-0
-0
-0
-0
6.94157
-0
-0
13.0279
-0
10.5309
-0
17.7641
2.88875
-0
-0
0.775929
20.8737
-0
-0
-0
-0
-0
-0
17.1239
-0
9.95454
-0
-0
-0
-0
-0
-0
-0
-0
14.827
-0
11.8758
-0
22.9492
-0
-0
-0
-0
30.3765
9.55833
-0
-0
-0
-0
-0
-0
-0
-0
0.414771
-0
-0
-0
-0
-0
-0
1.32404
2.49854
29.9115
0.0623319
-0
-0
-0
15.1084
4.27759
-0
-0
-0
-0
-0
16.843
-0
-0
-0
8.79942
-0
-0
-0
-0
-0
-0
7.46709
-0
-0
-0
-0
-0
-0
-0
-0
-0
-0
-0
7.9457
18.9003
-0
-0
21.46
-0
-0
-0
28.9457
-0
-0
19.6148
-0
-0
-0
-0
-0
-0
-0
-0
17.3349
-0
-0
-0
-0
-0
-0
-0
-0
-0
9.56675
9.26116
-0
-0
-0
-0
-0
-0
-0
1.70285
-0
-0
-0
-0
-0
-0
-0
28.961
-0
-0
-0
-0
-0
19.4006
-0
4.4367
-0
21.0887
-0
-0
-0
-0
2.76322
-0
-0
-0
-0
-0
-0
-0
0.606866
13.7924
-0
-0
29.2697
-0
-0
3.91659
-0
-0
-0
1.40645
-0
-0
34.952
-0
-0
6.10806
-0
-0
-0
3.13367
-0
-0
-0
21.4689
-0
-0
-0
-0
16.6561
-0
-0
3.93752
-0
-0
-0
-0
16.4219
-0
-0
-0
-0
-0
22.6971
-0
14.4666
-0
-0
-0
13.7607
-0
-0
-0
-0
-0
4.6551
3.06855
-0
0.80906
-0
-0
-0
30.9676
-0
-0
-0
32.9084
-0
-0
-0
-0
28.7876
-0
-0
-0
5.12172
-0
-0
-0
19.0817
-0
-0
13.5609
-0
-0
-0
4.59991
14.8323
5.85785
-0
-0
-0
-0
-0
2.96905
-0
-0
-0
-0
-0
0.743923
0.975504
-0
7.22276
-0
-0
-0
5.37881
20.4521
-0
-0
-0
-0
-0
-0
8.76218
-0
-0
-0
-0
-0
-0
-0
8.64718
-0
-0
18.9328
-0
-0
45.0817
-0
-0
-0
-0
-0
-0
15.2841
-0
4.0973
-0
10.0878
-0
-0
21.6785
-0
-0
-0
-0
7.13162
5.71058
0.7112
29.8093
-0
14.9682
7.61346
-0
-0
-0
1.5226
-0
-0
-0
-0
-0
-0
-0
6.27883
20.8247
13.6526
-0
-0
5.03537
-0
-0
28.8765
-0
18.9082
15.1272
4.53849
-0
-0
-0
3.09136
-0
-0
8.50518
-0
7.93493
-0
-0
-0
-0
-0
-0
-0
-0
9.23189
-0
-0
-0
-0
2.84424
16.3754
-0
6.96079
-0
-0
9.22909
11.0004
0.457184
-0
14.3624
-0
-0
-0
-0
-0
20.71
-0
-0
-0
-0
-0
-0
-0
-0
-0
-0
-0
-0
-0
34.3965
13.816
-0
-0
-0
-0
-0
5.34674
-0
-0
-0
-0
-0
-0
6.58676
-0
-0
29.0181
-0
-0
-0
19.3194
9.95061
4.32459
-0
-0
-0
12.3807
-0
-0
10.5427
-0
-0
-0
-0
-0
21.9589
-0
-0
-0
-0
-0
-0
-0
-0
-0
20.7172
-0
-0
-0
-0
-0
-0
-0
7.24012
15.5921
-0
-0
-0
31.9421
-0
-0
-0
-0
-0
-0
-0
14.8893
-0
-0
-0
-0
-0
-0
-0
-0
-0
-0
-0
-0
-0
12.4614
-0
-0
-0
-0
0.461424
-0
7.61079
-0
-0
-0
22.228
-0
-0
-0
-0
-0
-0
-0
-0
-0
-0
14.9648
7.06125
-0
-0
-0
-0
-0
-0
-0
-0
25.9727
-0
15.6097
-0
11.0638
-0
-0
-0
-0
-0
-0
-0
-0
-0
-0
6.65398
-0
3.80622
-0
-0
-0
24.9581
-0
-0
-0
-0
-0
-0
-0
12.7113
-0
7.60494
-0
17.0728
-0
-0
7.63101
-0
-0
-0
-0
-0
19.076
-0
-0
-0
-0
-0
-0
-0
7.91014
2.05546
27.227
-0
-0
12.9308
-0
-0
-0
-0
-0
-0
-0
-0
51.4527
5.84338
1.05758
-0
-0
-0
-0
-0
8.69881
-0
19.8102
-0
24.4739
5.27172
-0
21.2355
-0
-0
-0
5.05787
-0
-0
-0
6.84205
-0
-0
-0
-0
-0
-0
-0
19.1343
-0
-0
-0
-0
-0
-0
-0
-0
-0
-0
4.47566
-0
4.74064
12.3589
5.34539
-0
-0
-0
-0
-0
3.23153
0.337282
-0
0.64651
-0
20.3771
-0
-0
-0
-0
26.4946
29.0077
-0
-0
-0
4.1392
65.2399
-0
-0
-0
-0
-0
4.44614
-0
-0
-0
16.3895
-0
-0
-0
-0
-0
-0
23.5786
-0
-0
-0
-0
-0
10.4671
-0
10.1625
-0
18.6312
12.9923
-0
-0
10.8367
-0
-0
-0
-0
-0
-0
7.04209
-0
-0
-0
-0
-0
-0
-0
-0
-0
-0
-0
9.34135
-0
-0
-0
4.31842
-0
-0
-0
-0
-0
19.9986
-0
-0
-0
-0
9.39481
-0
-0
-0
-0
-0
-0
-0
34.5948
-0
-0
8.2679
-0
-0
-0
-0
-0
-0
38.4125
-0
-0
-0
-0
-0
-0
-0
-0
-0
-0
-0
-0
-0
2.48284
-0
3.88675
-0
-0
-0
-0
-0
-0
-0
25.8145
-0
-0
1.28855
-0
-0
-0
4.44076
-0
-0
-0
32.0131
-0
-0
-0
-0
-0
-0
-0
-0
-0
-0
-0
-0
-0
1.17031
4.8242
13.2312
-0
26.9339
8.69714
30.0513
-0
1.3253
-0
9.44737
16.4591
-0
-0
-0
-0
-0
-0
-0
18.7178
31.098
-0
1.89132
1.56449
-0
-0
-0
10.14
23.5035
-0
6.63554
30.7806
6.29035
-0
22.203
32.4996
-0
0.00681043
-0
1.36248
-0
-0
-0
-0
19.5269
-0
-0
2.69727
-0
-0
-0
-0
13.9493
-0
-0
5.41717
-0
-0
-0
13.6201
-0
-0
-0
4.60348
2.13355
40.8646
12.8513
-0
-0
-0
-0
-0
-0
-0
-0
-0
-0
-0
-0
-0
-0
-0
3.53603
-0
13.0512
-0
-0
6.17658
-0
-0
-0
-0
-0
-0
-0
1.02638
-0
-0
-0
15.8023
-0
-0
-0
-0
-0
21.0022
-0
6.34332
1.97631
21.8862
-0
-0
20.4329
-0
-0
-0
-0
-0
-0
13.5254
30.3374
-0
-0
-0
-0
-0
-0
24.177
38.4742
-0
-0
-0
-0
37.511
-0
-0
-0
-0
-0
-0
-0
-0
-0
-0
11.1035
-0
0.698169
-0
-0
-0
0.470116
-0
-0
-0
-0
-0
6.28013
12.6803
-0
-0
-0
0.45082
-0
-0
-0
6.79322
-0
-0
-0
-0
-0
-0
-0
-0
-0
-0
-0
-0
-0
-0
-0
-0
-0
-0
-0
-0
-0
-0
29.2104
-0
-0
-0
-0
-0
-0
-0
1.25968
-0
-0
-0
-0
-0
-0
-0
-0
12.6119
-0
-0
-0
-0
-0
-0
-0
-0
-0
-0
1.05378
-0
-0
-0
2.26351
-0
-0
0.739078
23.4512
-0
-0
55.8456
-0
-0
-0
-0
-0
-0
-0
-0
-0
-0
-0
-0
-0
-0
-0
-0
22.3842
-0
22.1976
-0
-0
10.4983
-0
-0
-0
-0
-0
18.9132
16.2379
-0
-0
5.88288
-0
-0
-0
-0
-0
-0
-0
-0
-0
-0
-0
26.1675
3.55539
-0
2.0796
-0
-0
-0
-0
-0
-0
-0
-0
-0
-0
-0
-0
22.6411
7.7808
-0
-0
-0
-0
-0
-0
-0
32.1412
3.72282
-0
-0
12.4153
-0
-0
-0
24.8002
1.7897
-0
-0
-0
13.9503
-0
1.03331
-0
-0
-0
-0
-0
5.20074
-0
-0
-0
-0
23.0139
-0
-0
-0
-0
-0
-0
11.2499
-0
-0
14.1354
-0
5.47704
-0
-0
-0
1.40894
-0
-0
2.08362
-0
2.46153
-0
-0
-0
-0
-0
-0
-0
-0
-0
-0
-0
-0
-0
-0
-0
-0
3.91764
-0
-0
-0
10.038
-0
4.26801
-0
-0
-0
10.6594
-0
-0
-0
-0
-0
-0
10.6487
13.3198
-0
-0
10.8392
-0
-0
-0
-0
-0
2.29558
-0
-0
-0
13.1624
-0
-0
-0
-0
-0
-0
-0
13.9881
-0
-0
-0
-0
-0
-0
-0
-0
3.92667
24.9511
-0
-0
-0
-0
3.37176
-0
-0
-0
32.3792
-0
-0
6.00369
-0
-0
-0
14.1997
-0
-0
28.0681
24.5785
-0
18.8994
-0
-0
-0
-0
-0
-0
-0
-0
-0
-0
-0
32.2285
-0
-0
-0
-0
11.2254
-0
-0
-0
-0
-0
-0
-0
-0
36.5271
-0
-0
-0
11.6043
8.3405
-0
-0
-0
-0
-0
-0
-0
30.3345
9.80139
16.2155
29.5177
-0
-0
-0
-0
-0
-0
-0
-0
-0
-0
-0
31.3899
-0
13.2266
-0
-0
-0
-0
-0
-0
-0
10.2648
-0
-0
-0
28.0826
-0
-0
0.694518
-0
-0
12.9599
-0
-0
-0
25.1265
22.5027
-0
-0
-0
-0
-0
-0
-0
-0
2.70736
-0
-0
-0
-0
-0
-0
1.12365
-0
-0
-0
-0
-0
-0
-0
-0
-0
-0
-0
-0
43.1386
8.47662
-0
-0
-0
-0
-0
-0
-0
-0
-0
0.789081
-0
-0
-0
-0
-0
-0
-0
5.51297
-0
-0
-0
-0
-0
-0
-0
-0
-0
-0
-0
12.7689
-0
-0
-0
-0
-0
-0
-0
-0
8.33213
1.87961
-0
-0
-0
-0
16.0618
12.2152
12.249
-0
-0
-0
3.20616
-0
16.3899
3.51028
-0
-0
8.25033
-0
21.7673
-0
-0
-0
-0
-0
-0
-0
-0
-0
-0
-0
-0
-0
1.54114
-0
-0
13.252
-0
-0
2.52648
-0
-0
-0
-0
-0
-0
-0
-0
-0
-0
30.0332
-0
39.1159
-0
23.5666
6.84586
-0
33.9457
-0
-0
-0
-0
-0
9.31681
22.8055
14.4163
4.6186
-0
-0
-0
-0
-0
-0
-0
-0
12.7913
-0
4.83466
-0
-0
-0
-0
-0
-0
-0
33.9737
-0
-0
-0
-0
-0
-0
28.5747
-0
-0
-0
8.61194
-0
-0
3.70632
-0
3.7806
-0
-0
22.8316
-0
23.0341
-0
-0
27.1887
-0
-0
12.4749
-0
-0
4.1358
-0
-0
-0
-0
-0
-0
-0
-0
-0
-0
3.74209
-0
-0
-0
-0
11.9402
-0
-0
-0
-0
2.00283
-0
34.8298
-0
-0
-0
-0
0.0726682
0.829729
-0
-0
-0
-0
21.582
19.9571
-0
-0
-0
-0
20.68
-0
-0
12.2434
-0
6.26974
-0
0.505484
17.0737
-0
-0
-0
3.7387
-0
2.34327
-0
13.9176
14.8366
-0
-0
-0
-0
-0
14.9693
-0
-0
-0
-0
-0
-0
-0
-0
-0
-0
16.3851
-0
-0
-0
-0
12.6822
-0
-0
23.3443
38.1881
-0
0.246971
-0
34.7471
-0
-0
-0
13.8551
-0
1.26505
-0
-0
-0
-0
-0
-0
-0
-0
-0
-0
-0
-0
0.992837
-0
-0
38.073
-0
-0
-0
-0
-0
-0
23.3413
-0
-0
-0
-0
-0
-0
-0
-0
-0
13.6438
-0
-0
-0
-0
21.528
-0
-0
14.5068
-0
-0
-0
7.03988
-0
-0
-0
-0
-0
-0
11.1105
-0
15.0336
-0
35.5369
28.0095
-0
-0
0.916057
-0
-0
32.1752
38.0585
4.77412
12.5756
33.1792
-0
-0
3.29983
-0
-0
2.27384
-0
-0
-0
4.09492
-0
-0
-0
-0
-0
3.81242
-0
-0
-0
-0
13.8327
-0
-0
-0
-0
-0
-0
3.31879
20.8033
-0
-0
-0
-0
-0
2.4015
-0
28.5912
44.754
-0
8.39798
-0
-0
-0
-0
-0
-0
-0
-0
-0
26.0198
8.80598
-0
22.1785
-0
-0
-0
-0
30.5943
-0
-0
-0
-0
-0
-0
-0
-0
-0
9.88542
-0
12.8622
-0
-0
-0
-0
-0
-0
-0
-0
25.5664
-0
-0
-0
-0
-0
-0
-0
-0
14.9689
17.7569
-0
-0
-0
-0
8.09108
-0
-0
-0
-0
-0
-0
-0
34.7956
-0
29.2296
7.9504
10.6036
-0
12.2352
-0
-0
-0
-0
28.4274
-0
-0
5.83587
-0
-0
-0
-0
-0
-0
-0
-0
-0
-0
-0
-0
-0
-0
-0
-0
-0
-0
-0
-0
-0
-0
9.38917
-0
-0
17.5109
-0
-0
-0
-0
-0
11.4761
-0
-0
-0
-0
-0
-0
-0
-0
-0
-0
-0
-0
-0
-0
36.8128
-0
4.31076
-0
32.7326
14.4092
8.46789
6.80291
-0
10.3649
1.42343
-0
-0
23.805
-0
-0
-0
-0
-0
-0
-0
16.087
-0
-0
-0
-0
-0
-0
-0
-0
-0
-0
-0
0.0469589
-0
22.1932
-0
-0
-0
-0
-0
-0
17.1144
-0
-0
-0
-0
-0
-0
1.30019
-0
1.30377
-0
-0
-0
-0
-0
-0
-0
-0
11.4547
-0
-0
11.8248
11.9917
12.364
-0
-0
0.528315
-0
-0
-0
-0
-0
-0
-0
6.28223
12.3045
3.77083
-0
-0
11.9159
2.26925
-0
1.30371
1.2106
-0
-0
-0
-0
-0
18.3496
29.1516
-0
-0
-0
4.9719
-0
-0
-0
10.5649
-0
20.2378
9.04825
-0
-0
6.77389
-0
-0
-0
-0
9.50912
-0
-0
-0
7.48534
5.13615
-0
-0
-0
-0
2.79341
24.661
-0
-0
-0
-0
-0
-0
-0
31.6396
-0
6.33895
30.5498
28.5063
26.4317
-0
-0
-0
-0
-0
-0
-0
-0
-0
-0
-0
-0
-0
-0
-0
-0
-0
-0
-0
-0
-0
-0
-0
-0
7.97608
23.1106
-0
-0
-0
-0
-0
-0
-0
-0
-0
0.687048
-0
-0
-0
-0
-0
-0
7.40819
-0
-0
11.6589
-0
-0
-0
-0
-0
-0
-0
-0
-0
-0
-0
13.7413
15.3058
-0
-0
-0
-0
-0
-0
-0
-0
10.6004
-0
-0
-0
-0
-0
-0
-0
-0
4.99405
-0
-0
1.76143
-0
-0
-0
-0
-0
-0
-0
11.3714
-0
7.95335
7.38229
-0
6.07414
-0
24.8778
5.25105
-0
-0
-0
-0
-0
21.5402
-0
3.51156
10.3436
-0
-0
-0
3.82533
-0
-0
9.18288
-0
-0
16.0433
-0
-0
-0
-0
-0
-0
27.8499
-0
-0
-0
6.21273
-0
-0
-0
-0
-0
-0
-0
-0
-0
-0
6.19081
-0
-0
50.6251
-0
15.9903
-0
0.734148
-0
-0
-0
-0
-0
-0
-0
-0
-0
-0
-0
-0
-0
-0
-0
-0
5.21629
-0
-0
-0
-0
0.256487
-0
-0
-0
-0
-0
4.13049
-0
-0
-0
-0
0.585922
-0
-0
-0
3.53264
-0
-0
17.288
-0
-0
-0
-0
-0
-0
-0
-0
-0
-0
-0
-0
-0
-0
-0
-0
-0
-0
-0
-0
-0
-0
-0
-0
4.84638
-0
-0
-0
27.0304
-0
-0
-0
-0
13.6219
-0
-0
-0
16.2866
-0
19.8298
14.3173
-0
-0
12.2842
-0
10.9014
-0
-0
-0
-0
16.3262
38.6732
-0
-0
-0
-0
1.15357
-0
3.72314
-0
6.06228
4.80293
-0
-0
-0
-0
-0
-0
-0
-0
-0
-0
-0
-0
1.23005
-0
-0
7.81621
-0
-0
-0
-0
-0
-0
-0
-0
-0
-0
-0
3.12859
-0
-0
6.12764
-0
-0
-0
-0
-0
-0
-0
-0
-0
-0
-0
3.83624
-0
16.1907
-0
-0
19.432
45.1187
-0
0.322105
-0
-0
-0
-0
-0
-0
-0
-0
-0
-0
-0
-0
-0
4.31271
7.15702
-0
0.330734
-0
-0
-0
-0
-0
-0
-0
-0
-0
-0
-0
15.4852
-0
16.8127
-0
12.3263
11.5327
-0
-0
13.6414
-0
24.5056
-0
-0
18.1262
-0
-0
-0
-0
-0
-0
-0
7.51661
-0
18.0049
-0
-0
-0
15.7248
-0
-0
-0
-0
-0
-0
2.14403
-0
8.47833
-0
-0
-0
-0
14.2101
-0
-0
-0
-0
5.17435
1.38183
14.065
-0
-0
-0
-0
-0
-0
-0
-0
-0
1.94381
-0
-0
-0
-0
-0
-0
12.6491
-0
-0
2.29813
-0
14.2267
26.8736
2.05328
-0
-0
-0
-0
-0
-0
-0
5.57596
5.16285
-0
14.7289
-0
-0
-0
-0
15.116
-0
-0
-0
-0
-0
-0
-0
10.2459
-0
14.0989
20.0405
-0
-0
-0
1.06615
-0
1.10105
20.3932
19.0232
25.1854
-0
-0
-0
24.0774
-0
-0
-0
1.87997
-0
-0
-0
-0
17.4698
-0
-0
-0
-0
-0
3.47072
-0
28.3423
8.80668
-0
4.57786
-0
-0
-0
7.6099
-0
-0
29.4777
4.57378
-0
-0
-0
-0
5.24662
-0
-0
20.0604
-0
-0
-0
-0
2.0452
14.8826
-0
-0
-0
-0
16.5278
-0
44.9723
-0
-0
-0
-0
-0
-0
-0
-0
-0
-0
-0
-0
9.92905
4.47305
-0
37.0568
-0
-0
-0
-0
-0
-0
-0
-0
-0
-0
-0
-0
-0
-0
-0
-0
28.1316
-0
-0
-0
12.7821
-0
-0
-0
-0
-0
-0
-0
16.2383
-0
-0
-0
21.1232
31.1038
-0
18.9359
-0
-0
-0
-0
5.16193
-0
-0
19.9377
-0
-0
4.02913
-0
-0
-0
-0
-0
-0
-0
0.0209578
-0
20.868
-0
-0
-0
-0
-0
15.4474
-0
-0
-0
-0
1.28363
-0
-0
-0
-0
-0
-0
-0
-0
9.87748
6.84557
18.1478
-0
-0
-0
28.3354
10.4594
-0
0.571552
-0
-0
-0
-0
-0
-0
-0
-0
-0
-0
-0
-0
15.7679
-0
-0
-0
-0
-0
-0
-0
-0
-0
11.0212
-0
-0
0.609893
-0
16.7784
-0
9.7952
-0
-0
-0
31.2768
-0
-0
-0
-0
-0
1.51636
-0
-0
-0
-0
4.29061
25.1304
4.80619
-0
-0
51.8203
9.32891
-0
-0
-0
26.6132
13.3225
36.2827
-0
-0
-0
-0
-0
-0
-0
-0
-0
-0
-0
-0
38.2234
0.852138
-0
-0
-0
-0
-0
-0
-0
5.90187
-0
-0
-0
-0
-0
-0
-0
0.328873
-0
-0
-0
-0
-0
-0
-0
-0
-0
-0
-0
-0
-0
-0
-0
-0
-0
7.4017
-0
26.7453
3.26785
-0
-0
-0
-0
-0
-0
-0
-0
-0
-0
-0
-0
-0
-0
-0
-0
37.2058
-0
-0
-0
-0
21.7103
-0
7.23314
-0
-0
-0
-0
-0
-0
-0
-0
-0
-0
-0
-0
-0
-0
-0
-0
19.0723
-0
-0
20.9395
-0
-0
-0
-0
-0
7.60093
1.16558
-0
-0
-0
-0
-0
0.471588
20.593
-0
-0
-0
-0
-0
-0
-0
-0
-0
-0
4.63559
-0
-0
-0
-0
-0
-0
-0
-0
-0
-0
-0
-0
63.0916
-0
-0
11.2205
-0
-0
-0
-0
-0
-0
-0
-0
-0
-0
-0
-0
-0
-0
-0
1.99441
-0
-0
-0
-0
7.75406
-0
-0
-0
6.95905
-0
-0
-0
-0
-0
-0
-0
16.1706
-0
-0
-0
7.4292
-0
-0
9.00404
-0
-0
31.5407
-0
4.8591
-0
13.3858
-0
37.5466
-0
-0
-0
-0
-0
-0
-0
26.2558
5.55454
-0
-0
-0
-0
-0
24.5597
-0
1.25414
-0
-0
-0
0.818167
-0
-0
10.4712
-0
-0
12.9228
6.66895
14.6214
-0
-0
-0
-0
-0
-0
-0
11.5772
3.13352
-0
-0
-0
-0
9.63555
-0
5.62911
-0
-0
44.5343
-0
-0
-0
-0
-0
-0
-0
-0
9.96455
8.43981
-0
2.70287
16.5373
-0
-0
20.8917
-0
-0
5.26116
-0
8.41317
-0
-0
-0
-0
15.5168
-0
2.33618
-0
-0
4.059
-0
-0
-0
-0
11.7136
-0
-0
-0
-0
8.23722
16.6813
-0
-0
-0
-0
31.3443
-0
-0
8.42955
10.2316
-0
12.4422
-0
-0
-0
-0
9.79895
-0
-0
-0
-0
-0
-0
-0
1.59135
-0
10.5779
-0
-0
5.55494
-0
-0
-0
-0
-0
-0
-0
-0
-0
26.7236
-0
-0
-0
10.9619
-0
-0
14.2241
-0
-0
-0
7.98668
-0
-0
13.215
2.91306
-0
7.99704
-0
-0
-0
-0
-0
-0
-0
-0
-0
-0
-0
18.7032
-0
-0
-0
-0
6.40053
7.96221
-0
11.2345
-0
27.8531
2.30484
-0
-0
-0
-0
-0
46.837
-0
-0
-0
-0
-0
-0
0.459489
-0
-0
-0
-0
-0
-0
-0
-0
-0
-0
-0
15.3351
-0
-0
-0
-0
-0
-0
5.41595
-0
-0
-0
26.0892
-0
-0
16.7887
-0
-0
-0
-0
-0
-0
-0
-0
-0
-0
-0
-0
-0
-0
8.50192
-0
-0
7.10103
-0
-0
-0
-0
-0
10.6615
-0
-0
-0
-0
-0
-0
-0
-0
25.9396
-0
-0
-0
-0
-0
-0
25.9819
-0
-0
-0
-0
4.06351
6.76408
-0
9.25083
-0
-0
-0
-0
-0
0.848341
-0
30.6069
-0
-0
5.05755
-0
-0
-0
-0
-0
-0
-0
-0
38.8228
-0
-0
-0
-0
-0
21.4265
-0
-0
-0
-0
20.615
19.7776
-0
46.587
-0
-0
-0
-0
-0
-0
18.5942
-0
23.0836
-0
2.59054
-0
14.5697
-0
-0
-0
-0
9.56798
9.98833
-0
-0
-0
-0
-0
-0
5.67573
2.12029
-0
-0
-0
4.6639
-0
-0
-0
-0
-0
-0
-0
-0
-0
-0
3.24592
-0
-0
-0
-0
-0
-0
-0
-0
6.4352
19.1967
-0
-0
-0
-0
13.1412
-0
-0
-0
-0
19.8702
-0
-0
-0
-0
8.85112
-0
-0
-0
-0
-0
-0
-0
-0
-0
57.5051
-0
-0
-0
-0
-0
-0
-0
-0
-0
-0
-0
-0
-0
21.3375
-0
-0
32.9539
-0
-0
-0
10.3437
-0
-0
-0
-0
13.9946
-0
-0
0.50044
-0
41.9625
1.06077
5.90185
-0
-0
2.64456
-0
15.9506
-0
-0
-0
-0
-0
33.4701
1.2301
35.4482
-0
28.5778
-0
-0
-0
-0
-0
-0
-0
-0
8.57006
0.369914
3.21991
-0
-0
-0
-0
-0
-0
-0
-0
10.0966
-0
-0
6.72434
33.3026
-0
-0
-0
-0
-0
25.0994
-0
11.6201
-0
9.00219
-0
-0
-0
11.6833
17.9133
-0
-0
-0
-0
-0
-0
25.0628
-0
-0
-0
-0
-0
-0
-0
-0
-0
-0
-0
4.32598
-0
-0
-0
-0
-0
-0
-0
-0
-0
-0
-0
-0
25.1955
-0
-0
-0
-0
-0
15.495
-0
18.5598
-0
-0
-0
-0
5.28711
-0
-0
25.8431
-0
-0
-0
-0
-0
0.0792763
18.8492
-0
11.4011
-0
-0
-0
-0
16.4468
-0
6.16808
21.5463
-0
-0
-0
-0
-0
-0
16.5436
-0
-0
-0
10.177
-0
-0
-0
-0
-0
-0
-0
-0
-0
-0
4.6615
-0
-0
-0
-0
-0
-0
26.6963
-0
-0
-0
-0
-0
-0
-0
-0
-0
-0
16.9132
2.10053
-0
-0
-0
10.5665
-0
-0
51.939
-0
-0
0.834792
-0
-0
29.1649
-0
24.4916
-0
-0
-0
-0
14.1757
-0
-0
-0
-0
6.29267
-0
-0
-0
4.56846
2.41432
-0
-0
-0
5.72365
12.0212
1.65649
-0
-0
-0
4.43171
-0
-0
-0
-0
2.84024
-0
3.35237
32.8323
-0
-0
5.48191
12.8741
-0
-0
-0
-0
-0
8.10336
-0
-0
-0
-0
-0
9.18256
-0
-0
-0
-0
5.68351
-0
-0
7.31853
-0
-0
3.51427
-0
-0
22.7173
-0
-0
3.58452
6.14278
-0
-0
-0
26.4828
-0
-0
29.0797
-0
-0
-0
-0
55.8773
-0
-0
10.4153
-0
5.17714
4.2625
13.0801
-0
11.0053
22.3665
-0
-0
-0
-0
-0
-0
29.3939
-0
-0
-0
-0
-0
-0
-0
-0
-0
-0
-0
-0
-0
1.67645
-0
-0
22.8873
-0
-0
-0
-0
-0
-0
-0
34.0582
-0
-0
-0
-0
-0
-0
-0
-0
-0
-0
17.9242
-0
-0
-0
2.59969
-0
-0
-0
-0
-0
-0
-0
12.9386
-0
-0
-0
-0
-0
-0
-0
17.4296
-0
-0
-0
-0
28.9586
-0
-0
-0
-0
-0
-0
6.22988
-0
-0
-0
4.76647
2.56226
21.9281
-0
-0
-0
-0
16.5434
28.4977
-0
-0
5.25953
31.4198
-0
11.7844
2.99691
-0
-0
-0
-0
-0
-0
-0
3.12871
-0
-0
1.4991
-0
-0
-0
-0
-0
12.3648
-0
-0
-0
39.1276
-0
29.1365
-0
-0
-0
-0
-0
-0
-0
-0
-0
2.83286
-0
-0
4.76531
-0
-0
-0
22.8429
22.175
-0
-0
-0
-0
-0
-0
18.9352
7.33081
14.6521
23.2862
16.3536
-0
12.2718
-0
-0
-0
32.9806
-0
-0
-0
0.725999
8.41488
-0
-0
-0
