-0
-0
-0
-0
-0
-0
-0
-0
44.5433
-0
38.259
-0
-0
-0
-0
23.2167
-0
-0
-0
-0
-0
0.585322
-0
19.9548
16.3726
-0
32.4154
-0
-0
-0
-0
-0
-0
-0
-0
-0
-0
-0
-0
-0
-0
-0
-0
27.0101
-0
11.6496
-0
15.0234
-0
-0
-0
-0
-0
-0
-0
-0
-0
2.80677
3.06586
-0
-0
-0
-0
-0
33.0572
-0
-0
31.7298
-0
1.76683
-0
-0
-0
-0
-0
2.06212
28.2184
-0
-0
-0
-0
41.665
-0
-0
20.8786
-0
-0
-0
-0
-0
9.75391
-0
-0
-0
-0
-0
3.55639
-0
-0
-0
-0
-0
-0
-0
22.7082
-0
13.4091
-0
-0
-0
-0
-0
-0
-0
-0
-0
-0
-0
35.0812
24.4315
19.7973
-0
1.55541
-0
11.3998
-0
-0
-0
-0
-0
12.0293
-0
-0
-0
9.48796
-0
-0
-0
-0
13.7841
-0
-0
22.1388
-0
-0
-0
-0
-0
-0
-0
-0
-0
-0
1.56681
38.3129
-0
31.9624
-0
-0
1.33239
-0
-0
-0
15.1384
-0
-0
-0
-0
-0
20.1128
-0
21.6589
-0
-0
-0
-0
-0
-0
0.194058
-0
-0
-0
-0
-0
-0
11.7989
-0
-0
26.1711
-0
-0
0.204643
17.3923
6.30526
-0
-0
-0
-0
-0
-0
-0
-0
10.5482
-0
-0
-0
-0
38.8188
27.3435
-0
-0
-0
39.5516
-0
-0
-0
-0
-0
6.6073
-0
9.81585
-0
-0
7.80928
-0
-0
-0
-0
-0
-0
-0
-0
-0
-0
-0
-0
-0
-0
-0
-0
-0
13.4827
-0
-0
-0
-0
51.8053
-0
-0
-0
-0
-0
-0
-0
10.5718
-0
-0
-0
-0
-0
-0
-0
-0
-0
-0
-0
-0
-0
-0
-0
-0
48.6971
23.1054
25.082
-0
-0
-0
-0
-0
-0
-0
5.70016
-0
30.2122
-0
-0
-0
9.33381
-0
-0
-0
20.5051
18.8169
-0
-0
-0
-0
-0
-0
37.7127
-0
-0
0.571983
-0
0.419767
29.7176
-0
-0
13.4136
-0
-0
-0
-0
-0
-0
-0
-0
-0
-0
0.152673
-0
-0
2.7119
0.868951
13.5929
-0
-0
-0
-0
37.1647
-0
-0
-0
-0
-0
-0
-0
-0
-0
5.11215
-0
-0
-0
-0
0.21285
-0
-0
27.6581
-0
-0
-0
-0
-0
-0
-0
-0
-0
-0
-0
-0
56.2252
-0
-0
9.66784
-0
1.69081
-0
-0
13.6399
-0
-0
3.58733
0.989385
26.6742
-0
-0
-0
-0
-0
-0
-0
-0
1.47783
-0
-0
15.6901
5.08361
-0
-0
-0
5.07554
21.2447
-0
-0
-0
-0
-0
-0
-0
31.3138
-0
-0
-0
-0
6.86647
-0
-0
-0
-0
-0
-0
-0
-0
-0
-0
33.4145
-0
4.69568
-0
-0
18.43
-0
-0
-0
-0
33.7083
16.5959
-0
10.8772
-0
-0
24.4616
5.79928
-0
20.1003
-0
25.1893
-0
-0
-0
-0
-0
2.54136
-0
-0
-0
-0
-0
-0
-0
15.3657
30.4473
-0
9.16166
-0
1.58314
-0
-0
-0
-0
-0
-0
-0
-0
32.6205
5.23674
-0
-0
-0
-0
-0
-0
4.80627
-0
-0
5.16063
3.21202
-0
-0
9.8826
-0
-0
-0
7.3144
-0
-0
-0
-0
-0
-0
37.8189
-0
-0
-0
-0
33.4423
40.0708
-0
-0
-0
-0
-0
33.8689
20.7557
-0
-0
22.792
-0
-0
-0
-0
-0
12.3447
-0
-0
-0
-0
-0
16.8208
-0
7.53485
-0
5.73927
25.5523
-0
-0
-0
5.57039
-0
-0
-0
-0
-0
-0
26.5727
-0
-0
15.8743
-0
-0
-0
-0
-0
-0
-0
9.91973
-0
6.15511
-0
14.6339
1.03632
-0
-0
-0
50.3802
40.4268
-0
-0
-0
-0
-0
-0
15.6192
-0
1.27599
-0
-0
-0
-0
0.677373
-0
-0
9.52166
23.5307
3.49574
9.99957
-0
-0
12.9464
2.16101
-0
-0
-0
-0
-0
11.0808
-0
-0
-0
17.165
-0
-0
-0
-0
-0
-0
-0
-0
10.7957
-0
2.37368
-0
-0
-0
-0
-0
-0
-0
-0
20.5731
-0
10.0753
4.19774
-0
-0
-0
33.961
-0
-0
8.70733
-0
-0
-0
15.8027
-0
-0
-0
-0
0.561064
-0
-0
-0
-0
-0
-0
-0
-0
-0
-0
-0
-0
-0
-0
-0
-0
-0
-0
11.8044
-0
-0
-0
-0
-0
-0
6.24143
16.3297
-0
-0
-0
-0
-0
13.8136
16.0067
6.38774
-0
44.8455
-0
-0
-0
-0
6.45331
-0
-0
-0
-0
-0
-0
-0
0.165752
9.32924
-0
-0
26.5225
-0
-0
6.22458
-0
-0
-0
-0
-0
-0
23.6757
-0
-0
12.1009
-0
7.54389
-0
18.9266
-0
-0
-0
10.5312
-0
-0
-0
-0
-0
-0
-0
-0
-0
-0
-0
-0
16.0236
-0
-0
-0
-0
-0
-0
-0
-0
-0
-0
-0
22.9207
-0
17.7526
-0
-0
-0
-0
-0
-0
0.0155116
-0
-0
-0
19.9679
-0
-0
-0
-0
-0
-0
-0
8.32889
27.8824
-0
-0
-0
-0
-0
-0
-0
35.0339
-0
-0
-0
-0
-0
1.22021
7.71269
4.81226
11.9739
-0
-0
-0
-0
-0
-0
-0
-0
-0
-0
-0
24.7141
11.9123
9.64579
12.9785
-0
-0
-0
14.6388
35.3226
-0
-0
-0
-0
-0
-0
-0
-0
-0
-0
16.9091
-0
-0
-0
10.7948
-0
-0
28.9411
-0
-0
17.3668
-0
-0
-0
-0
-0
-0
22.207
-0
6.71838
-0
26.1268
-0
-0
0.553917
-0
-0
-0
-0
5.2262
-0
3.45075
18.6834
-0
42.1767
7.60031
-0
-0
0.365735
0.297153
-0
-0
-0
-0
-0
-0
-0
-0
15.0477
19.0182
3.16814
1.19206
-0
-0
24.8653
2.46863
-0
-0
3.90598
-0
-0
-0
-0
1.65011
-0
-0
3.06963
-0
-0
-0
-0
-0
-0
-0
-0
-0
17.6105
48.035
-0
-0
-0
-0
-0
19.058
-0
-0
-0
-0
-0
-0
1.24685
-0
-0
-0
-0
-0
-0
-0
8.51264
-0
-0
0.812572
-0
-0
-0
-0
-0
-0
16.7161
-0
-0
-0
17.1768
31.752
-0
-0
-0
-0
-0
-0
-0
-0
-0
-0
-0
-0
17.0223
-0
-0
11.0694
-0
-0
-0
35.6369
0.23348
-0
-0
-0
-0
8.50732
-0
-0
14.5333
-0
-0
-0
-0
-0
40.7331
-0
-0
-0
-0
0.579042
-0
-0
-0
5.12878
14.3629
-0
-0
-0
-0
-0
-0
-0
9.23971
19.3932
-0
-0
-0
49.9112
-0
-0
-0
-0
-0
-0
-0
16.9439
4.43994
1.55616
-0
-0
-0
-0
-0
-0
-0
-0
-0
-0
-0
35.6156
-0
-0
-0
-0
2.17789
-0
16.8517
-0
-0
-0
-0
-0
-0
-0
-0
-0
-0
-0
-0
-0
-0
-0
-0
-0
-0
-0
-0
-0
-0
-0
-0
27.6442
-0
10.9785
-0
-0
-0
8.88239
-0
-0
-0
-0
-0
-0
-0
-0
14.7812
10.2006
25.1733
-0
-0
-0
33.2499
-0
-0
-0
-0
-0
-0
-0
10.5347
-0
20.8211
-0
21.7025
-0
-0
-0
-0
-0
-0
-0
-0
10.5655
-0
-0
-0
-0
-0
-0
-0
-0
-0
36.2191
-0
-0
6.45158
-0
-0
-0
-0
-0
-0
-0
-0
49.9368
3.39208
15.7994
-0
-0
-0
-0
-0
-0
-0
10.8453
-0
20.7945
-0
-0
21.3075
25.369
-0
-0
5.20924
-0
-0
-0
5.53813
2.70608
-0
6.24602
-0
-0
-0
-0
28.3261
-0
-0
-0
-0
-0
-0
-0
-0
-0
-0
9.29667
-0
4.92239
9.67389
7.50668
-0
-0
-0
-0
-0
-0
-0
-0
-0
-0
14.1955
-0
-0
-0
-0
19.3108
6.53683
-0
-0
-0
20.0109
41.5337
-0
-0
21.1097
-0
-0
-0
-0
-0
-0
25.9526
-0
-0
-0
-0
-0
-0
22.3911
-0
-0
-0
-0
-0
-0
-0
-0
-0
20.4663
-0
15.9889
-0
-0
-0
-0
-0
-0
-0
-0
14.5248
-0
-0
-0
-0
-0
-0
-0
-0
-0
11.4431
-0
6.50247
-0
-0
-0
4.66414
-0
-0
16.9548
-0
-0
-0
-0
-0
-0
-0
12.2914
-0
-0
-0
-0
-0
-0
-0
9.88223
-0
-0
24.8615
-0
-0
-0
-0
-0
-0
35.345
-0
-0
-0
-0
4.87022
-0
-0
-0
-0
-0
0.54573
-0
-0
-0
-0
-0
-0
-0
-0
-0
-0
-0
-0
22.1652
-0
-0
-0
-0
-0
-0
-0
-0
-0
-0
5.87717
-0
-0
-0
-0
-0
-0
-0
-0
-0
-0
-0
-0
-0
-0
0.466313
6.76794
-0
17.5345
-0
4.55924
-0
7.43272
-0
30.9949
11.8105
-0
-0
-0
-0
-0
-0
-0
20.0575
41.5625
-0
0.111764
26.921
-0
-0
-0
23.5603
15.0857
-0
-0
4.99574
5.38129
-0
15.415
28.038
3.85758
4.73975
-0
-0
-0
-0
-0
25.2835
26.8163
-0
-0
-0
-0
-0
-0
-0
-0
3.37706
-0
19.3035
-0
0.515609
-0
5.04314
-0
-0
-0
0.865682
-0
40.2993
7.02333
-0
-0
-0
-0
-0
-0
-0
0.18509
-0
-0
-0
-0
-0
-0
-0
24.5232
-0
7.10397
-0
-0
5.88722
-0
-0
-0
-0
-0
-0
-0
-0
-0
-0
-0
14.9774
6.99948
-0
-0
-0
-0
23.9824
-0
10.1932
-0
18.3435
1.19041
-0
18.2304
-0
2.08136
-0
-0
-0
-0
5.93191
58.2717
-0
-0
-0
-0
-0
-0
7.34082
11.2632
-0
-0
-0
-0
37.4009
-0
-0
-0
-0
-0
-0
-0
-0
-0
-0
-0
-0
25.0038
-0
-0
-0
0.409195
-0
-0
-0
-0
-0
9.05639
14.8621
-0
-0
-0
22.4214
-0
-0
-0
20.263
-0
-0
-0
-0
-0
-0
-0
-0
-0
-0
-0
-0
-0
-0
-0
-0
-0
4.54718
-0
-0
-0
-0
19.5876
-0
-0
-0
-0
-0
-0
-0
12.07
-0
-0
-0
-0
-0
-0
17.9693
-0
24.6318
-0
3.8682
0.75244
-0
-0
-0
-0
-0
-0
-0
-0
-0
-0
-0
6.02809
-0
-0
0.76309
9.73588
-0
-0
52.6528
-0
-0
-0
-0
-0
-0
-0
-0
-0
-0
-0
-0
-0
-0
-0
13.2333
0.178873
-0
12.4913
-0
-0
7.8436
-0
-0
-0
-0
-0
31.9841
-0
-0
-0
-0
-0
-0
-0
-0
8.66819
-0
-0
-0
-0
-0
-0
8.82229
26.6812
-0
-0
-0
-0
-0
-0
-0
-0
-0
-0
-0
-0
-0
-0
21.1746
-0
-0
-0
-0
-0
-0
16.442
-0
33.766
20.8553
-0
-0
12.1536
-0
-0
-0
22.7786
-0
-0
-0
-0
41.8925
-0
5.07197
-0
-0
-0
-0
-0
24.3708
-0
-0
-0
-0
19.5302
-0
-0
-0
-0
-0
-0
18.283
-0
-0
41.6004
-0
3.00598
-0
-0
-0
0.568032
-0
-0
5.61177
-0
10.8884
3.57774
3.56594
-0
-0
-0
-0
-0
-0
-0
-0
-0
-0
-0
7.43146
-0
-0
17.2204
-0
-0
-0
22.4219
-0
33.1499
-0
-0
-0
25.0917
-0
-0
-0
-0
-0
-0
-0
9.6321
-0
-0
-0
-0
-0
-0
-0
-0
5.55937
-0
2.70766
-0
25.5255
-0
-0
-0
-0
-0
-0
-0
13.1407
-0
-0
-0
-0
-0
10.7612
-0
-0
-0
13.943
-0
-0
3.73254
-0
-0
-0
-0
1.64056
22.7484
-0
-0
20.7192
-0
-0
-0
3.91059
-0
-0
7.04754
21.7129
-0
-0
-0
-0
-0
-0
-0
-0
-0
-0
-0
-0
-0
43.8645
-0
-0
-0
-0
12.4489
-0
-0
-0
-0
18.5398
-0
-0
-0
32.408
-0
-0
-0
7.55916
10.4578
-0
-0
-0
-0
-0
-0
-0
32.0646
22.7863
43.718
17.1101
-0
-0
-0
-0
-0
-0
13.9344
-0
-0
-0
-0
18.6685
-0
12.0297
-0
-0
-0
-0
-0
-0
-0
-0
-0
-0
-0
17.0696
-0
-0
16.2825
-0
12.9307
19.0901
-0
-0
-0
17.1776
36.8485
-0
-0
-0
-0
-0
-0
-0
-0
18.4101
-0
-0
-0
-0
-0
-0
2.30299
-0
-0
-0
-0
-0
-0
-0
-0
-0
-0
-0
-0
22.6411
17.0888
-0
-0
-0
-0
-0
-0
-0
-0
-0
-0
-0
-0
-0
-0
2.9697
-0
-0
-0
-0
-0
-0
-0
-0
-0
-0
-0
-0
-0
-0
5.06924
-0
-0
12.1944
-0
-0
-0
-0
-0
43.5302
1.71702
-0
-0
-0
-0
27.503
9.13608
12.4382
-0
-0
-0
-0
-0
-0
-0
-0
-0
7.00211
-0
25.9484
-0
-0
-0
-0
-0
-0
-0
-0
-0
-0
-0
-0
-0
-0
-0
-0
28.4547
-0
-0
19.7893
6.24727
-0
-0
-0
-0
-0
0.84025
-0
-0
-0
19.7745
0.481854
19.787
-0
40.8641
5.56996
-0
31.068
-0
-0
-0
-0
-0
-0
29.3163
-0
4.38253
-0
-0
-0
-0
-0
-0
-0
-0
6.97808
-0
22.7848
-0
-0
-0
-0
-0
-0
-0
20.6883
-0
-0
4.8851
-0
-0
-0
5.37426
-0
-0
-0
34.3301
-0
-0
-0
-0
5.4805
-0
-0
19.245
-0
15.3201
-0
-0
26.7194
-0
-0
3.12694
10.6704
-0
14.9923
5.52962
-0
-0
23.684
-0
-0
-0
-0
-0
-0
-0
-0
-0
-0
-0
20.8405
-0
-0
-0
-0
1.06391
-0
38.1302
-0
-0
-0
-0
0.0608131
-0
-0
-0
2.86562
12.7257
24.2296
34.8195
-0
-0
-0
-0
33.6857
-0
-0
1.9195
-0
8.48601
-0
20.7426
7.5326
-0
10.3055
-0
19.5881
-0
-0
-0
15.733
13.3146
-0
-0
-0
-0
-0
4.72736
0.265763
-0
-0
-0
-0
-0
-0
-0
-0
-0
15.5288
-0
-0
-0
-0
7.54591
-0
-0
29.6806
32.0058
-0
0.639473
-0
55.4188
4.89527
-0
-0
0.601003
-0
-0
-0
-0
-0
-0
-0
-0
5.06624
-0
-0
-0
-0
-0
0.358308
-0
-0
39.382
-0
-0
-0
-0
6.47028
-0
28.9915
-0
-0
-0
-0
-0
-0
-0
-0
-0
4.29278
-0
-0
-0
-0
41.3883
2.80715
-0
25.5876
-0
-0
-0
2.85359
-0
-0
4.53521
-0
-0
-0
18.4753
-0
8.93109
-0
4.07274
0.720066
22.2593
-0
-0
-0
-0
40.0809
13.2362
-0
-0
51.1299
-0
-0
15.8552
-0
-0
2.49404
-0
-0
-0
12.1267
-0
-0
-0
-0
-0
-0
-0
-0
16.4044
-0
19.9515
14.7596
-0
-0
-0
-0
-0
2.58384
-0
14.4295
-0
-0
-0
-0
-0
-0
31.4366
14.2192
-0
0.829716
-0
-0
-0
-0
-0
-0
-0
-0
-0
22.8143
-0
0.738536
28.5186
-0
-0
-0
-0
31.5591
0.476415
-0
-0
-0
8.90153
-0
4.43066
-0
-0
-0
-0
11.119
-0
-0
-0
-0
-0
-0
-0
-0
23.8818
-0
-0
-0
8.28201
-0
-0
-0
-0
16.0867
-0
-0
-0
-0
-0
8.84642
-0
-0
-0
-0
-0
-0
-0
27.6147
-0
22.7026
-0
18.5843
-0
3.26127
-0
-0
-0
-0
25.933
-0
-0
26.2353
-0
-0
-0
-0
-0
-0
-0
-0
-0
-0
-0
-0
-0
-0
-0
-0
1.88411
-0
-0
-0
-0
-0
6.83008
-0
-0
9.81269
-0
-0
-0
-0
-0
9.94173
-0
-0
-0
-0
-0
-0
0.152018
-0
-0
-0
-0
-0
-0
-0
20.4309
-0
5.00727
-0
14.1543
12.805
-0
-0
-0
9.56129
9.26783
-0
-0
16.6467
-0
-0
-0
-0
2.30746
-0
-0
5.50311
-0
-0
13.0983
-0
-0
-0
-0
-0
-0
-0
-0
2.43632
-0
23.4952
-0
-0
-0
-0
-0
-0
21.5506
-0
-0
-0
10.5782
-0
16.0452
-0
-0
3.19991
-0
-0
-0
-0
-0
-0
-0
-0
-0
-0
-0
25.002
-0
-0
-0
-0
10.1856
-0
-0
-0
-0
-0
-0
-0
9.63392
11.0537
3.03088
-0
-0
-0
2.45526
-0
1.8191
-0
-0
-0
-0
-0
-0
26.8939
22.5541
-0
-0
-0
-0
-0
-0
-0
-0
-0
12.102
-0
-0
-0
5.51541
-0
-0
-0
5.92882
11.5951
-0
-0
-0
-0
14.9439
-0
3.21617
-0
-0
-0
32.743
-0
-0
-0
-0
-0
-0
-0
42.1268
-0
-0
35.1181
12.7292
38.8115
-0
-0
-0
-0
-0
-0
-0
-0
-0
-0
-0
4.06804
-0
-0
-0
-0
-0
-0
-0
-0
-0
-0
-0
-0
-0
17.3833
18.9652
1.24398
-0
-0
-0
-0
-0
-0
-0
-0
-0
-0
-0
-0
-0
-0
6.99651
-0
-0
-0
-0
-0
-0
-0
-0
-0
-0
-0
-0
-0
-0
20.9631
-0
-0
-0
-0
-0
-0
-0
-0
-0
3.35902
11.7488
-0
6.77513
-0
-0
-0
-0
-0
-0
-0
-0
1.48943
-0
-0
-0
18.804
-0
-0
-0
-0
-0
20.5295
10.462
4.32883
-0
-0
43.1803
6.44185
-0
-0
-0
-0
-0
17.645
-0
7.7221
-0
-0
-0
-0
-0
22.8274
-0
-0
-0
9.59155
15.8051
11.252
-0
-0
-0
-0
-0
32.0379
-0
-0
-0
5.42859
-0
-0
-0
-0
-0
-0
-0
-0
-0
-0
-0
-0
-0
33.7756
-0
26.534
-0
-0
-0
-0
-0
-0
-0
-0
-0
-0
-0
-0
-0
1.33204
-0
-0
-0
-0
-0
-0
-0
-0
-0
-0
-0
-0
-0
-0
-0
5.45801
-0
-0
-0
-0
-0
-0
-0
-0
3.08869
-0
-0
-0
-0
-0
-0
-0
-0
-0
-0
-0
-0
-0
-0
-0
-0
-0
-0
-0
-0
-0
-0
-0
-0
-0
-0
-0
5.56136
-0
-0
-0
14.5758
-0
5.86916
-0
1.7573
22.2255
-0
-0
-0
16.2673
-0
16.9152
3.96652
-0
-0
-0
-0
9.87732
-0
-0
-0
-0
23.035
37.8228
-0
-0
-0
0.198946
21.8308
-0
-0
-0
-0
3.51053
-0
-0
1.96226
-0
-0
-0
-0
-0
-0
-0
-0
-0
3.0421
-0
-0
1.38205
15.4898
-0
-0
-0
-0
-0
-0
-0
-0
-0
-0
-0
0.968665
-0
-0
-0
-0
-0
-0
-0
4.02478
-0
-0
-0
-0
-0
11.9701
13.396
8.59696
-0
-0
17.3327
34.2633
-0
7.43225
-0
-0
-0
-0
-0
-0
-0
-0
-0
-0
-0
-0
1.2809
26.3718
-0
-0
-0
-0
-0
-0
-0
-0
-0
-0
-0
-0
-0
-0
2.24581
-0
32.9395
-0
16.304
-0
-0
-0
16.4712
-0
52.7394
15.6187
-0
14.4429
-0
-0
-0
-0
-0
-0
-0
-0
-0
29.6498
-0
-0
-0
20.2914
-0
20.2635
2.23168
-0
10.2426
-0
-0
-0
8.16009
-0
-0
-0
-0
26.3995
-0
-0
-0
-0
4.39916
2.28862
16.9452
-0
-0
-0
-0
-0
-0
-0
-0
-0
-0
-0
-0
-0
-0
-0
-0
10.4255
-0
-0
-0
-0
-0
-0
10.5339
-0
-0
-0
-0
-0
-0
-0
-0
-0
-0
48.8593
-0
-0
-0
-0
17.5954
-0
3.82718
-0
-0
-0
-0
0.067096
-0
-0
16.9162
3.32261
18.353
-0
-0
-0
-0
11.3533
19.6407
4.28606
30.7251
-0
-0
-0
42.6142
-0
-0
-0
-0
-0
-0
-0
-0
14.3248
-0
-0
-0
-0
-0
-0
-0
26.4045
6.7892
-0
-0
-0
-0
-0
-0
-0
-0
41.2799
9.75881
-0
-0
-0
-0
1.201
-0
-0
23.9998
-0
-0
-0
-0
18.8358
-0
-0
15.2485
-0
-0
12.1506
-0
58.7267
-0
-0
-0
-0
-0
-0
-0
5.32115
-0
-0
-0
-0
7.21458
6.99889
-0
2.88265
-0
-0
-0
-0
-0
-0
-0
-0
-0
-0
-0
-0
-0
-0
-0
-0
39.6396
-0
-0
-0
42.7884
-0
-0
-0
-0
-0
-0
2.5292
5.49901
-0
-0
-0
21.9287
26.2387
-0
38.7626
-0
-0
-0
-0
3.69101
-0
-0
35.3638
-0
-0
-0
-0
-0
-0
-0
-0
-0
-0
-0
-0
33.9336
-0
18.037
-0
-0
-0
-0
-0
-0
-0
-0
-0
-0
-0
-0
-0
-0
-0
-0
-0
29.7455
6.18312
-0
-0
-0
-0
34.5348
0.835398
-0
-0
-0
-0
-0
0.115567
-0
-0
-0
-0
-0
-0
-0
-0
3.56721
-0
-0
-0
-0
-0
-0
-0
-0
-0
9.57722
-0
-0
-0
-0
-0
-0
-0
-0
-0
-0
50.3888
15.9336
-0
-0
-0
-0
19.2473
-0
-0
-0
-0
2.01886
29.9504
-0
-0
-0
36.3529
7.85258
-0
14.7742
-0
16.1549
20.3438
24.4002
13.1519
-0
-0
-0
-0
-0
-0
-0
-0
-0
-0
-0
23.2972
-0
-0
-0
-0
-0
-0
-0
-0
-0
-0
-0
-0
-0
-0
-0
-0
-0
-0
-0
-0
-0
-0
-0
-0
-0
-0
-0
-0
-0
-0
-0
-0
-0
-0
5.98236
-0
45.7947
-0
-0
-0
11.3177
-0
-0
-0
-0
-0
-0
-0
-0
-0
-0
-0
-0
-0
10.3865
-0
-0
-0
-0
-0
-0
7.16291
-0
-0
-0
-0
-0
-0
-0
-0
12.2699
-0
-0
-0
-0
0.762678
-0
-0
-0
-0
-0
28.7215
-0
-0
-0
5.98683
-0
-0
-0
-0
-0
-0
-0
19.8186
0.143087
9.38064
-0
-0
-0
-0
-0
-0
-0
-0
-0
-0
-0
-0
-0
-0
-0
-0
-0
-0
-0
-0
-0
-0
1.60841
48.6662
-0
-0
4.71288
-0
-0
-0
-0
-0
0.892079
-0
-0
-0
-0
-0
-0
-0
-0
-0
-0
-0
-0
-0
-0
5.23415
-0
-0
-0
-0
-0
5.62883
-0
-0
-0
-0
-0
13.6321
-0
-0
-0
0.289579
-0
-0
-0
-0
-0
63.2461
-0
-0
-0
27.9069
-0
14.1028
-0
-0
8.78685
-0
-0
-0
-0
20.8212
-0
-0
-0
-0
-0
-0
46.0837
-0
-0
-0
-0
-0
-0
-0
-0
22.0758
-0
5.61474
6.54841
-0
14.4086
-0
-0
-0
-0
-0
-0
-0
-0
6.98477
-0
-0
-0
-0
31.6032
-0
-0
-0
-0
40.0214
-0
-0
-0
-0
20.4543
-0
-0
-0
-0
8.37754
-0
1.35661
14.1994
-0
-0
20.6554
-0
4.0237
3.82917
-0
-0
14.2979
-0
-0
5.52954
-0
-0
11.4572
-0
4.06477
9.46151
-0
-0
-0
-0
5.05227
-0
-0
-0
-0
17.1455
15.4245
-0
-0
1.07941
-0
22.0599
-0
-0
16.9691
1.18224
-0
8.31823
-0
-0
-0
9.69732
33.9478
-0
-0
-0
-0
-0
-0
-0
-0
-0
8.34415
-0
-0
6.59003
-0
-0
-0
-0
-0
-0
-0
5.31417
-0
11.7783
-0
-0
-0
8.83529
-0
16.2745
25.3455
-0
-0
-0
10.9115
-0
-0
30.1945
2.7416
-0
13.8448
-0
-0
-0
-0
-0
6.92078
-0
-0
-0
-0
-0
20.6293
-0
-0
-0
-0
-0
7.47401
20.2067
-0
-0
11.4707
-0
-0
-0
-0
-0
-0
46.1769
0.714072
16.3728
-0
-0
-0
-0
17.6262
-0
-0
-0
-0
-0
13.3108
-0
-0
-0
-0
-0
9.05457
-0
-0
-0
-0
-0
18.8688
4.87242
-0
-0
-0
22.1419
0.0168163
-0
7.85535
-0
-0
-0
2.20926
-0
-0
20.6343
-0
-0
-0
-0
-0
-0
6.45976
7.46321
7.19552
-0
-0
-0
-0
-0
-0
-0
7.56116
-0
-0
-0
-0
-0
-0
-0
-0
31.2898
-0
-0
-0
-0
-0
-0
28.8862
-0
-0
-0
-0
21.8266
-0
-0
-0
-0
-0
-0
-0
-0
11.2113
-0
28.1656
6.75987
-0
-0
-0
-0
-0
-0
-0
-0
-0
-0
25.0579
-0
-0
-0
-0
-0
43.9536
-0
-0
-0
-0
8.31918
8.49067
-0
37.1363
-0
-0
-0
12.6989
-0
-0
26.3293
-0
27.6865
-0
-0
-0
-0
-0
-0
-0
-0
18.2384
24.3302
-0
-0
-0
-0
-0
-0
-0
-0
-0
-0
-0
-0
-0
-0
-0
-0
-0
-0
-0
-0
-0
-0
6.46027
-0
-0
-0
2.58098
-0
-0
1.69424
-0
20.7161
14.4301
20.0685
-0
-0
30.0615
-0
-0
14.5515
-0
-0
28.2051
-0
-0
-0
-0
9.59797
-0
-0
-0
-0
-0
-0
-0
-0
-0
69.0363
-0
-0
-0
-0
-0
-0
-0
-0
-0
-0
-0
-0
-0
9.88202
-0
-0
36.8631
-0
-0
-0
-0
-0
-0
-0
-0
-0
2.60767
-0
15.7626
-0
32.1031
-0
-0
-0
4.43374
6.6442
-0
0.650015
-0
-0
-0
-0
15.2472
-0
-0
32.5291
-0
11.6154
-0
-0
-0
-0
-0
-0
-0
-0
25.9085
-0
5.9972
14.4206
-0
-0
-0
-0
1.7954
-0
-0
24.7548
-0
-0
-0
51.0879
-0
-0
-0
-0
-0
16.7338
-0
42.4601
-0
1.12629
-0
-0
-0
3.61154
3.70545
-0
-0
-0
-0
3.50712
-0
37.1229
-0
-0
-0
-0
-0
-0
-0
-0
-0
-0
-0
-0
-0
-0
-0
-0
-0
-0
-0
-0
-0
-0
-0
-0
7.47482
-0
11.6791
-0
-0
-0
2.96554
-0
1.22689
-0
8.73835
-0
-0
35.8059
9.63547
-0
6.71021
2.48876
-0
-0
-0
-0
-0
-0
-0
14.9308
-0
-0
-0
-0
-0
-0
10.6442
-0
-0
-0
-0
-0
7.43784
-0
23.8337
-0
-0
5.43847
-0
-0
-0
-0
-0
-0
21.9353
-0
13.7764
-0
-0
26.8036
-0
-0
-0
-0
-0
1.93207
54.7841
0.0380379
-0
-0
-0
-0
12.6246
-0
-0
5.44211
-0
5.31349
-0
-0
-0
-0
21.5866
-0
-0
37.4181
2.28176
-0
-0
-0
-0
18.2694
-0
11.9814
-0
-0
-0
10.2205
-0
-0
-0
-0
-0
-0
-0
-0
-0
0.394972
-0
-0
-0
-0
13.8659
10.7878
3.93055
-0
-0
-0
-0
-0
-0
-0
-0
12.5612
-0
-0
27.0653
-0
-0
-0
8.30025
-0
-0
-0
-0
-0
27.4054
-0
-0
-0
-0
-0
6.93708
-0
-0
-0
-0
1.94298
-0
-0
18.5112
-0
20.9397
2.55294
-0
-0
32.9915
-0
-0
-0
10.7473
-0
-0
-0
42.4808
-0
-0
24.6489
-0
-0
-0
-0
32.6054
-0
-0
22.1668
5.89876
1.43285
-0
12.8893
-0
3.80957
11.0696
-0
-0
-0
-0
-0
-0
48.2708
-0
-0
-0
-0
-0
-0
-0
-0
-0
-0
-0
-0
-0
17.5123
-0
6.62746
24.7384
-0
-0
-0
1.59139
-0
-0
-0
21.94
-0
-0
-0
-0
-0
-0
1.5499
-0
-0
-0
-0
-0
-0
-0
-0
-0
-0
-0
-0
-0
-0
-0
45.4109
-0
-0
-0
-0
-0
-0
-0
15.6827
-0
-0
-0
-0
29.0804
-0
-0
-0
21.5401
-0
-0
10.5631
-0
-0
-0
20.7823
-0
22.2389
-0
-0
-0
-0
13.4377
32.9341
-0
-0
4.41629
16.1801
-0
7.37853
1.56557
-0
-0
-0
-0
-0
-0
-0
3.25789
-0
-0
-0
-0
-0
-0
-0
-0
4.79632
-0
-0
-0
9.4658
-0
36.4964
-0
-0
-0
-0
-0
-0
-0
-0
-0
1.19112
-0
3.44247
-0
-0
-0
-0
34.8526
46.0512
-0
-0
-0
-0
-0
-0
6.05568
-0
25.8867
2.64499
-0
-0
7.62967
-0
-0
-0
39.8677
-0
-0
-0
7.30747
20.2006
14.1869
-0
-0
