-0
-0
-0
-0
-0
15.0123
-0
29.3634
54.6989
-0
73.3439
-0
-0
-0
-0
31.9522
-0
-0
-0
-0
-0
-0
-0
-0
-0
-0
8.78374
-0
-0
-0
-0
-0
-0
-0
-0
-0
-0
-0
-0
-0
-0
-0
-0
13.0221
-0
-0
-0
-0
-0
-0
-0
-0
-0
-0
-0
-0
-0
1.9475
26.7132
-0
-0
-0
4.82132
-0
-0
-0
2.52569
31.5704
-0
3.0556
-0
-0
-0
-0
-0
-0
19.5767
-0
-0
-0
-0
55.4035
-0
-0
39.5274
-0
-0
-0
-0
-0
5.63834
-0
-0
-0
-0
-0
7.23315
-0
-0
-0
-0
-0
-0
-0
-0
-0
-0
-0
-0
-0
30.7433
-0
-0
-0
-0
-0
-0
-0
40.8479
28.781
-0
-0
11.6245
4.05872
-0
-0
-0
-0
-0
5.5716
-0
24.835
17.6245
-0
-0
-0
-0
11.1703
-0
-0
-0
-0
30.224
-0
-0
-0
-0
-0
-0
-0
-0
4.29883
-0
-0
20.5953
-0
40.6683
-0
-0
2.35268
44.6225
-0
-0
-0
-0
37.6812
0.236854
-0
-0
52.4651
-0
34.6483
-0
-0
-0
-0
-0
-0
18.8683
-0
-0
-0
-0
-0
-0
8.73292
-0
-0
48.2841
-0
10.2931
-0
1.46193
11.032
-0
-0
-0
-0
-0
-0
-0
-0
-0
-0
-0
-0
-0
26.7448
-0
-0
-0
-0
2.96637
-0
-0
-0
-0
-0
-0
-0
-0
-0
-0
42.5127
10.4085
-0
-0
3.05593
-0
-0
-0
17.8406
-0
-0
-0
2.52329
-0
-0
-0
-0
-0
-0
-0
-0
-0
-0
37.9259
-0
-0
-0
-0
-0
-0
-0
1.07575
-0
-0
-0
11.1488
-0
2.71509
-0
-0
9.06543
-0
-0
-0
-0
-0
-0
-0
55.1862
-0
31.8694
-0
-0
-0
-0
-0
0.284862
29.4136
11.4818
-0
23.7537
-0
-0
-0
17.2033
-0
-0
-0
-0
46.2818
-0
-0
-0
-0
3.44721
-0
52.7583
-0
-0
-0
-0
-0
26.7718
-0
-0
0.458611
-0
-0
-0
-0
-0
3.27328
-0
-0
-0
-0
1.57694
-0
-0
26.9906
-0
26.2455
-0
16.7558
-0
-0
36.2937
-0
-0
-0
-0
-0
-0
-0
4.18712
-0
-0
-0
-0
-0
-0
0.562361
-0
6.11634
19.1412
-0
-0
-0
-0
-0
-0
14.8273
-0
-0
-0
-0
-0
18.8722
-0
-0
10.1438
-0
2.58653
-0
-0
9.30769
-0
-0
13.7708
0.323297
4.26658
-0
-0
1.04514
-0
-0
-0
-0
-0
4.19719
-0
-0
38.152
-0
-0
-0
-0
15.163
7.0091
-0
-0
-0
19.2858
-0
4.9767
-0
24.4117
5.0371
-0
-0
-0
0.195825
-0
-0
-0
-0
-0
-0
-0
-0
-0
0.598733
56.6118
-0
-0
-0
-0
47.3449
-0
-0
-0
-0
15.7922
9.50173
-0
-0
20.1145
-0
18.2757
1.31051
-0
26.1765
-0
32.6387
-0
-0
1.29771
-0
-0
25.6667
-0
-0
13.8206
-0
-0
-0
-0
42.3362
-0
-0
-0
-0
-0
-0
8.04965
-0
-0
-0
-0
17.0087
-0
74.4287
-0
-0
-0
-0
-0
-0
-0
12.8939
-0
-0
-0
16.4502
-0
-0
-0
-0
-0
-0
-0
-0
-0
-0
33.3566
-0
-0
28.1654
-0
-0
3.94096
-0
32.3435
-0
-0
-0
-0
-0
-0
44.2187
14.7628
-0
-0
-0
-0
-0
26.5376
-0
-0
-0
-0
-0
-0
-0
-0
33.6636
-0
12.6182
-0
0.326258
58.2417
-0
-0
-0
-0
-0
13.2589
-0
-0
-0
-0
30.6036
-0
-0
22.0508
-0
-0
-0
-0
-0
-0
-0
17.4075
-0
4.05063
-0
6.64951
6.27106
-0
-0
-0
86.1465
39.9015
-0
-0
-0
-0
-0
-0
24.354
-0
1.48453
-0
-0
-0
-0
21.2612
-0
-0
-0
69.1635
5.46841
17.2767
-0
-0
-0
4.66277
-0
-0
-0
-0
-0
-0
-0
-0
-0
27.0167
-0
-0
-0
-0
-0
-0
-0
-0
-0
-0
-0
-0
-0
-0
-0
-0
-0
-0
27.1234
18.848
-0
-0
13.1626
-0
-0
-0
21.7271
-0
-0
-0
-0
-0
-0
19.8719
-0
-0
-0
-0
1.3339
-0
-0
-0
-0
-0
-0
-0
-0
-0
6.74115
8.82747
-0
-0
-0
-0
7.6472
-0
-0
-0
-0
-0
-0
-0
-0
-0
-0
25.7312
-0
-0
-0
-0
-0
-0
22.2144
-0
-0
52.1691
12.4594
-0
-0
-0
0.857587
-0
-0
-0
6.05346
-0
11.6872
-0
0.831588
-0
-0
12.8249
23.6816
-0
-0
9.5919
-0
-0
-0
-0
-0
-0
48.381
-0
-0
9.4246
-0
-0
-0
-0
11.247
-0
-0
14.5863
-0
-0
-0
-0
-0
-0
-0
13.2352
-0
-0
-0
-0
-0
-0
-0
-0
-0
6.20915
-0
-0
-0
-0
-0
-0
-0
-0
13.9481
-0
-0
-0
23.5472
-0
-0
0.551604
-0
-0
-0
25.0424
-0
-0
-0
25.3956
-0
-0
-0
-0
36.5978
-0
-0
-0
-0
-0
-0
-0
53.6909
-0
-0
37.3103
-0
-0
-0
-0
2.55105
24.2479
-0
-0
-0
-0
-0
-0
-0
-0
-0
-0
-0
-0
-0
-0
-0
-0
-0
-0
-0
-0
-0
-0
-0
-0
-0
-0
-0
-0
-0
-0
-0
-0
-0
-0
-0
-0
-0
-0
-0
-0
61.6293
-0
-0
-0
-0
-0
-0
4.75127
-0
-0
-0
28.9552
6.64355
-0
-0
-0
-0
-0
-0
6.52887
31.9939
35.4229
-0
-0
50.6757
40.2177
-0
-0
67.8278
-0
-0
-0
-0
-0
-0
-0
-0
-0
36.7829
0.469711
-0
1.8313
-0
-0
-0
8.06001
-0
-0
19.0041
-0
-0
-0
-0
-0
-0
-0
0.436421
-0
-0
-0
-0
0.550903
-0
-0
-0
20.3622
-0
68.0749
-0
-0
-0
-0
1.33182
40.9674
-0
4.27081
-0
22.6539
17.6909
-0
3.14193
-0
-0
-0
-0
-0
-0
17.5941
8.99302
-0
-0
3.31693
5.88117
-0
-0
-0
-0
-0
-0
-0
-0
-0
27.9802
-0
-0
-0
-0
-0
-0
6.91673
-0
-0
-0
-0
-0
7.82943
-0
-0
-0
19.8124
-0
-0
-0
9.6978
4.22915
11.5116
-0
-0
-0
40.9929
-0
-0
8.03747
-0
-0
-0
-0
-0
29.8902
-0
-0
-0
-0
31.5511
-0
-0
-0
-0
-0
-0
-0
-0
-0
-0
-0
-0
0.561117
34.3085
-0
-0
-0
34.5442
-0
-0
-0
18.2142
-0
-0
-0
26.1268
-0
12.085
-0
-0
-0
-0
-0
-0
-0
-0
-0
-0
-0
22.7893
-0
-0
-0
-0
36.8364
-0
28.601
-0
-0
-0
2.22373
-0
-0
-0
-0
14.3884
-0
-0
-0
-0
-0
-0
1.57797
-0
-0
-0
-0
-0
-0
-0
-0
13.4171
-0
15.1178
-0
-0
-0
19.3921
-0
-0
-0
-0
16.9804
-0
-0
-0
-0
14.0065
-0
-0
-0
-0
41.8337
-0
-0
-0
-0
-0
-0
-0
19.1243
-0
-0
-0
-0
-0
-0
15.0045
-0
-0
-0
-0
-0
13.557
-0
-0
-0
-0
-0
-0
-0
6.79613
-0
16.3778
-0
-0
15.378
-0
-0
-0
-0
-0
-0
-0
-0
11.682
-0
-0
-0
-0
-0
-0
-0
-0
-0
-0
-0
44.3214
-0
-0
15.796
-0
-0
-0
-0
-0
-0
-0
-0
15.0508
-0
10.0864
-0
-0
-0
-0
27.8098
-0
-0
-0
-0
-0
-0
-0
-0
-0
-0
-0
-0
-0
21.268
9.82776
-0
-0
-0
-0
-0
34.0565
-0
-0
-0
-0
25.3846
-0
-0
-0
-0
26.5901
-0
-0
-0
-0
7.72737
53.1785
-0
-0
51.4663
11.4039
-0
27.4851
-0
-0
-0
40.4927
-0
-0
-0
-0
-0
-0
10.8506
-0
-0
-0
19.8611
-0
10.5052
-0
-0
-0
19.694
11.1493
51.1811
-0
-0
-0
-0
-0
-0
-0
-0
4.76742
-0
-0
-0
-0
-0
-0
-0
-0
-0
-0
-0
30.7361
-0
-0
-0
-0
-0
-0
-0
-0
-0
-0
-0
-0
-0
-0
36.4824
-0
-0
-0
-0
-0
-0
-0
41.7118
-0
-0
32.3535
-0
-0
-0
-0
19.9335
-0
26.925
-0
-0
-0
-0
-0
-0
-0
-0
-0
-0
26.5597
-0
8.14125
-0
-0
1.63586
-0
-0
-0
-0
-0
39.8576
3.43361
19.0575
-0
-0
-0
-0
-0
-0
1.7867
-0
-0
-0
13.7157
-0
-0
-0
-0
-0
-0
-0
1.56125
-0
-0
-0
-0
-0
-0
5.95449
10.3709
-0
21.268
-0
12.7285
-0
42.7586
-0
2.64917
-0
-0
-0
-0
-0
-0
-0
28.0446
20.1859
56.5693
-0
-0
0.0335452
-0
-0
-0
1.02332
13.7181
-0
-0
17.8021
-0
-0
-0
49.6177
40.7254
-0
-0
-0
-0
-0
17.8388
3.22329
80.0432
-0
-0
-0
13.1553
-0
-0
-0
42.5527
-0
-0
3.24107
-0
24.5845
-0
-0
8.89165
-0
-0
-0
-0
28.1006
28.0497
-0
-0
-0
-0
-0
-0
-0
-0
4.70525
-0
-0
-0
0.719775
-0
36.0966
9.99636
-0
-0
-0
-0
-0
-0
-0
-0
-0
-0
-0
-0
-0
-0
57.4662
-0
17.3834
-0
-0
-0
-0
-0
-0
-0
-0
-0
7.4453
-0
-0
37.0213
-0
8.43791
-0
-0
-0
-0
6.32785
30.9054
-0
-0
-0
-0
-0
-0
-0
31.7905
-0
-0
-0
-0
39.6281
-0
-0
-0
-0
-0
-0
-0
-0
-0
-0
-0
-0
-0
0.442121
-0
-0
0.843352
-0
-0
-0
26.3615
-0
21.3754
40.3671
-0
-0
-0
-0
-0
-0
-0
17.4293
-0
-0
-0
-0
-0
-0
-0
-0
-0
-0
-0
-0
-0
-0
-0
-0
-0
-0
-0
-0
-0
-0
25.9682
-0
-0
18.7727
-0
-0
-0
-0
-0
-0
-0
-0
-0
-0
-0
42.5175
-0
37.1501
-0
-0
-0
-0
-0
-0
-0
-0
-0
-0
-0
-0
-0
1.17613
-0
-0
-0
0.106123
2.78224
-0
-0
50.8895
-0
-0
-0
-0
-0
-0
0.377411
-0
-0
-0
-0
-0
-0
-0
-0
23.0742
-0
-0
21.1684
-0
-0
-0
-0
-0
-0
-0
-0
15.6849
15.0511
-0
-0
2.17816
-0
-0
-0
-0
-0
-0
-0
-0
-0
-0
-0
49.1482
32.6341
-0
28.4038
-0
-0
-0
-0
8.53867
-0
-0
-0
-0
-0
-0
-0
62.9483
-0
-0
-0
-0
-0
-0
29.0373
0.135391
19.0435
-0
-0
-0
19.6054
-0
-0
-0
33.5521
-0
-0
-0
-0
40.8988
-0
-0
-0
-0
-0
19.0921
-0
36.0084
-0
-0
-0
-0
-0
-0
-0
-0
-0
-0
-0
23.9835
-0
-0
18.3298
-0
6.15648
2.75657
-0
-0
-0
-0
-0
20.0992
-0
-0
35.7406
-0
-0
-0
-0
-0
-0
-0
-0
-0
-0
-0
-0
-0
19.8966
-0
33.8814
-0
5.6286
-0
-0
-0
11.3737
-0
-0
-0
70.8649
-0
-0
-0
-0
-0
-0
13.2801
40.6024
-0
-0
28.5727
-0
20.859
-0
-0
-0
0.225439
-0
-0
-0
23.3074
-0
-0
-0
-0
-0
-0
-0
44.7525
-0
-0
-0
-0
-0
26.1057
-0
-0
-0
-0
6.49958
-0
17.0083
-0
19.5502
-0
72.1281
-0
53.1996
-0
-0
49.0566
-0
-0
-0
9.95979
-0
-0
35.3117
14.6638
-0
-0
-0
-0
-0
-0
-0
-0
-0
-0
-0
-0
-0
23.6921
-0
19.5872
-0
-0
27.2759
-0
-0
-0
-0
41.6354
22.7955
1.67057
-0
60.7772
-0
-0
19.0857
-0
-0
-0
-0
-0
-0
-0
-0
-0
36.434
16.3901
30.3992
-0
-0
-0
-0
-0
-0
-0
4.21663
-0
-0
-0
-0
35.9964
-0
15.2248
-0
-0
20.4971
-0
-0
-0
22.4324
9.47855
-0
-0
-0
18.5324
-0
-0
4.76905
-0
-0
61.6245
-0
-0
-0
53.5239
34.0436
7.22248
-0
-0
-0
-0
-0
-0
-0
-0
-0
-0
7.39334
-0
-0
-0
0.957431
-0
-0
-0
-0
-0
-0
-0
-0
-0
-0
-0
-0
7.05953
13.7706
-0
14.2291
-0
-0
-0
-0
-0
-0
-0
10.3265
-0
-0
4.83085
-0
-0
-0
-0
-0
-0
-0
-0
-0
-0
-0
-0
-0
-0
-0
-0
-0
-0
23.4316
0.286495
-0
-0
-0
-0
-0
-0
4.45682
-0
-0
-0
-0
15.08
14.0681
16.1272
-0
-0
-0
4.25317
-0
9.83477
17.1255
-0
-0
8.01757
-0
5.00386
-0
-0
-0
-0
-0
-0
-0
-0
0.16559
-0
-0
-0
-0
-0
-0
-0
18.1956
-0
-0
11.7982
-0
-0
-0
-0
-0
-0
31.6615
-0
-0
-0
49.7621
-0
5.22366
-0
42.7205
-0
-0
5.6787
-0
-0
-0
-0
-0
10.0948
5.97815
-0
5.46561
-0
-0
-0
-0
-0
-0
-0
-0
13.9062
-0
22.6504
-0
-0
-0
-0
-0
-0
-0
29.0293
-0
-0
-0
-0
3.55814
-0
10.1431
-0
-0
-0
23.9766
13.2062
-0
5.90022
-0
-0
-0
-0
-0
-0
-0
-0
-0
7.42873
-0
-0
12.7441
8.01084
-0
-0
-0
-0
8.59757
36.473
-0
-0
-0
-0
18.943
-0
31.4109
-0
-0
-0
-0
25.6329
-0
-0
2.05585
-0
3.01709
-0
14.227
-0
-0
-0
-0
0.188002
-0
-0
-0
-0
-0
62.2927
18.3376
-0
1.67974
-0
-0
7.95536
-0
-0
-0
-0
6.39696
-0
17.2748
-0
41.4154
6.74197
-0
98.453
-0
-0
-0
27.8559
-0
-0
-0
5.3382
-0
-0
50.0109
-0
-0
-0
-0
-0
-0
-0
-0
-0
-0
54.9762
-0
-0
4.53401
-0
40.7645
-0
-0
33.2031
13.7336
-0
-0
-0
19.9545
-0
-0
-0
-0
-0
-0
-0
-0
-0
-0
-0
-0
-0
-0
-0
-0
-0
-0
1.88294
-0
-0
49.4577
-0
-0
-0
-0
21.4814
-0
19.971
-0
-0
-0
-0
-0
-0
-0
-0
-0
-0
3.73098
-0
-0
-0
-0
9.09802
-0
24.0028
-0
-0
-0
47.2092
-0
-0
15.9034
-0
-0
-0
3.73322
-0
-0
-0
49.6884
-0
1.54763
-0
-0
-0
-0
-0
47.947
-0
32.0903
81.6506
-0
-0
39.1703
-0
-0
15.095
-0
-0
-0
18.5708
-0
-0
-0
-0
-0
-0
-0
-0
28.0333
-0
51.1685
9.55131
-0
-0
-0
-0
-0
21.8358
-0
11.1911
-0
-0
-0
-0
-0
-0
23.7145
35.6006
26.133
-0
-0
-0
-0
-0
-0
-0
-0
5.11336
9.56157
9.09403
8.31461
0.122306
35.0558
-0
-0
-0
-0
9.04317
-0
-0
-0
-0
17.8198
22.1394
-0
-0
-0
-0
-0
-0
-0
-0
-0
-0
-0
-0
-0
-0
74.2599
-0
67.1749
-0
-0
-0
-0
-0
-0
-0
-0
-0
-0
-0
-0
-0
-0
-0
-0
-0
-0
-0
-0
36.3565
-0
53.7511
-0
43.8738
-0
-0
-0
-0
-0
-0
16.8183
-0
-0
-0
-0
-0
-0
-0
-0
-0
-0
-0
-0
-0
-0
-0
-0
-0
-0
-0
-0
-0
-0
-0
-0
-0
10.7595
-0
-0
11.6583
-0
-0
-0
-0
-0
17.1343
-0
-0
-0
-0
-0
-0
3.7699
-0
-0
-0
-0
-0
0.606136
-0
27.8344
-0
-0
-0
10.9181
-0
-0
-0
-0
5.861
25.6542
-0
-0
26.399
-0
-0
-0
-0
-0
-0
-0
-0
9.96735
-0
-0
-0
-0
-0
-0
-0
-0
-0
-0
-0
-0
17.5588
-0
-0
-0
-0
-0
8.00772
83.224
-0
-0
-0
-0
-0
1.03966
-0
-0
1.17382
-0
-0
0.247317
-0
-0
-0
-0
-0
-0
-0
-0
34.2074
11.027
8.59717
-0
-0
-0
-0
-0
-0
-0
-0
8.16241
-0
19.2736
20.8395
68.647
-0
-0
16.707
3.38707
-0
-0
3.232
-0
-0
-0
-0
-0
49.1539
-0
-0
-0
-0
-0
-0
12.3824
-0
-0
-0
13.277
26.9521
-0
-0
4.22875
-0
-0
-0
-0
-0
-0
-0
-0
-0
-0
-0
27.648
-0
-0
-0
13.6079
-0
-0
-0
-0
-0
-0
-0
56.6416
-0
8.815
25.1557
24.5757
30.0594
-0
-0
-0
-0
-0
-0
-0
-0
-0
-0
-0
34.4592
-0
-0
-0
-0
-0
-0
-0
-0
-0
-0
-0
-0
18.3598
22.8739
7.95572
-0
-0
-0
-0
-0
7.88688
-0
-0
-0
-0
-0
-0
-0
-0
-0
9.0578
-0
-0
-0
-0
-0
-0
-0
-0
-0
-0
-0
-0
-0
-0
15.6191
13.5981
-0
-0
-0
-0
-0
-0
-0
-0
-0
22.5694
-0
17.9232
-0
-0
-0
-0
-0
11.6191
-0
-0
5.03742
-0
-0
-0
62.2711
-0
-0
-0
-0
-0
28.4092
28.063
4.77825
-0
-0
58.7295
-0
-0
-0
-0
-0
-0
32.4448
-0
33.6008
9.36329
1.71392
-0
-0
-0
-0
-0
-0
-0
-0
19.3656
-0
-0
-0
-0
-0
-0
22.4377
-0
-0
-0
21.0477
-0
-0
-0
-0
-0
-0
-0
-0
-0
-0
26.3722
-0
-0
25.9006
-0
11.5192
-0
7.35787
-0
14.3104
-0
-0
-0
-0
-0
-0
-0
-0
-0
-0
-0
-0
-0
-0
-0
-0
-0
-0
-0
-0
-0
-0
-0
-0
-0
1.67195
-0
18.3704
-0
-0
0.27376
-0
-0
11.7099
7.67138
-0
-0
-0
-0
-0
-0
-0
-0
-0
-0
-0
-0
-0
-0
-0
-0
-0
-0
-0
-0
-0
-0
-0
-0
-0
-0
-0
4.62819
-0
-0
-0
48.4306
-0
-0
-0
-0
-0
-0
-0
-0
21.1096
-0
13.5023
-0
-0
-0
-0
-0
-0
-0
-0
-0
0.0758647
-0
51.3187
-0
-0
-0
-0
48.474
-0
8.92479
-0
9.51005
-0
-0
-0
7.46453
-0
-0
-0
-0
-0
-0
40.7734
-0
-0
-0
-0
-0
-0
-0
-0
-0
-0
-0
-0
-0
-0
-0
-0
-0
25.8881
-0
-0
-0
-0
14.6007
-0
-0
-0
-0
-0
-0
-0
-0
-0
-0
10.8699
-0
-0
-0
52.9012
66.2897
-0
-0
-0
-0
-0
-0
-0
-0
-0
-0
-0
17.5295
-0
-0
29.3017
-0
-0
-0
0.928943
-0
-0
-0
-0
-0
-0
-0
-0
-0
-0
-0
13.557
-0
10.0673
0.150774
41.2646
-0
-0
-0
41.2049
-0
52.1687
-0
-0
-0
-0
-0
-0
-0
-0
-0
35.2837
-0
-0
20.2418
7.57944
-0
-0
22.5481
-0
24.024
-0
-0
39.8241
-0
15.0968
-0
1.49036
-0
-0
-0
-0
47.8497
-0
-0
3.27112
-0
-0
-0
33.9259
-0
-0
-0
-0
-0
-0
0.855872
-0
-0
-0
-0
-0
-0
-0
-0
11.9424
-0
-0
-0
20.588
-0
-0
44.3945
28.2843
-0
-0
-0
-0
-0
-0
-0
-0
-0
-0
18.3027
-0
-0
-0
-0
38.3181
1.18274
36.4547
-0
-0
-0
-0
-0
18.0525
-0
31.9568
44.581
11.0387
-0
-0
-0
-0
35.3641
15.5763
6.39701
0.170801
-0
-0
-0
28.3474
-0
-0
-0
-0
-0
3.31875
-0
-0
14.5558
-0
-0
-0
-0
-0
34.1594
-0
28.0267
-0
-0
-0
-0
-0
-0
3.30115
-0
-0
32.6638
-0
-0
-0
-0
-0
5.68479
-0
-0
-0
-0
-0
-0
-0
7.05931
12.5424
-0
24.8767
-0
-0
18.5584
-0
12.201
-0
-0
-0
-0
-0
-0
-0
-0
-0
-0
0.303807
-0
7.65726
22.7751
-0
32.9838
-0
-0
-0
-0
-0
-0
-0
-0
-0
4.63918
-0
-0
2.69091
-0
-0
-0
32.377
-0
-0
-0
19.0935
-0
-0
-0
-0
-0
-0
-0
-0
-0
-0
-0
51.2868
25.7915
-0
25.3407
-0
-0
-0
-0
7.28849
-0
-0
57.954
-0
-0
-0
-0
-0
5.53135
-0
-0
-0
-0
-0
-0
8.61768
-0
24.7352
-0
-0
-0
-0
-0
-0
-0
-0
1.2105
-0
26.8598
-0
-0
-0
-0
-0
-0
-0
-0
-0
-0
-0
-0
52.3012
-0
-0
0.217046
4.10382
-0
-0
-0
-0
-0
-0
-0
-0
-0
-0
-0
4.14578
-0
-0
-0
-0
-0
-0
-0
-0
-0
1.09103
-0
-0
-0
-0
-0
-0
10.0337
-0
-0
-0
55.3238
-0
-0
-0
-0
-0
-0
-0
-0
-0
-0
-0
19.9718
-0
-0
-0
49.1777
12.8433
-0
-0
-0
44.7529
11.6982
42.4631
-0
19.234
-0
-0
-0
-0
-0
-0
-0
-0
-0
-0
53.3895
-0
0.502503
-0
26.0634
-0
-0
-0
-0
-0
-0
-0
-0
-0
-0
-0
-0
-0
4.29073
8.98829
-0
0.844306
-0
-0
-0
-0
-0
0.12852
-0
-0
-0
-0
-0
-0
-0
0.935246
-0
2.63319
-0
-0
-0
-0
-0
-0
-0
-0
-0
-0
-0
-0
-0
-0
-0
-0
-0
-0
13.4406
-0
-0
7.03011
-0
-0
5.98258
-0
-0
-0
-0
-0
-0
-0
-0
3.25001
-0
-0
-0
-0
-0
-0
-0
-0
-0
-0
30.0968
-0
-0
-0
-0
-0
-0
9.07545
-0
-0
-0
-0
-0
0.0706164
19.7971
-0
5.90043
-0
-0
-0
-0
-0
-0
-0
-0
-0
0.351196
-0
-0
-0
-0
-0
3.24196
-0
-0
-0
-0
-0
33.9985
-0
-0
11.4289
7.58293
-0
-0
-0
-0
1.29774
-0
5.77517
-0
-0
-0
-0
-0
-0
-0
52.2864
-0
-0
-0
-0
21.5473
-0
-0
-0
22.0762
-0
0.646683
41.2033
-0
-0
-0
22.1539
7.20238
-0
-0
-0
-0
-0
-0
27.0931
4.48397
-0
44.0302
-0
-0
-0
-0
-0
20.5266
-0
-0
0.0667048
-0
-0
-0
-0
15.0426
-0
-0
-0
-0
-0
-0
17.9077
-0
-0
-0
-0
-0
-0
-0
-0
-0
-0
-0
14.6974
20.5619
23.9525
10.0288
-0
11.777
-0
-0
-0
-0
-0
-0
-0
-0
-0
-0
44.6356
-0
-0
-0
-0
79.8727
-0
-0
-0
-0
-0
-0
-0
-0
-0
14.6747
-0
3.79841
13.0255
-0
-0
22.3727
-0
24.0507
33.2538
-0
-0
15.9143
-0
-0
-0
-0
-0
-0
-0
11.6257
26.4782
-0
-0
-0
-0
-0
24.6547
-0
-0
-0
1.01469
6.53257
-0
-0
-0
5.35157
27.1599
-0
-0
15.6572
-0
-0
12.2892
-0
-0
-0
-0
-0
-0
10.8393
-0
-0
-0
-0
-0
-0
2.67557
5.28664
-0
-0
-0
-0
-0
-0
-0
-0
-0
-0
-0
-0
-0
-0
12.5338
-0
6.11307
-0
1.41196
24.8126
-0
-0
-0
-0
-0
-0
31.9334
-0
-0
57.7723
-0
-0
-0
-0
-0
4.46435
-0
-0
-0
-0
-0
15.7499
-0
-0
-0
28.9845
-0
8.15901
29.7087
-0
-0
-0
-0
-0
-0
-0
-0
-0
48.9834
6.8674
12.359
-0
-0
-0
-0
50.4716
-0
-0
30.2055
-0
9.06273
1.04949
-0
-0
-0
-0
-0
10.6112
-0
3.6192
-0
26.4154
-0
-0
5.95024
-0
-0
-0
4.78436
-0
-0
69.2271
-0
-0
-0
-0
-0
-0
-0
-0
-0
25.8361
-0
-0
-0
29.7812
40.4121
-0
-0
-0
-0
-0
-0
25.8315
9.86639
-0
-0
-0
-0
-0
-0
-0
-0
-0
22.7094
-0
-0
-0
-0
-0
-0
42.0171
-0
-0
-0
-0
16.033
-0
-0
-0
-0
-0
-0
-0
-0
20.0297
-0
55.0983
31.9549
-0
-0
-0
-0
-0
-0
-0
-0
-0
-0
25.8771
-0
-0
-0
-0
9.46239
57.9617
-0
-0
-0
-0
-0
-0
-0
47.7862
-0
-0
-0
-0
-0
-0
-0
-0
20.591
-0
-0
-0
-0
-0
-0
-0
-0
-0
11.6517
-0
-0
-0
-0
-0
-0
-0
-0
-0
-0
-0
-0
-0
-0
12.4814
-0
-0
-0
0.594458
-0
-0
-0
4.46583
-0
-0
-0
4.84985
-0
45.7563
64.1596
-0
-0
55.3191
10.9689
-0
-0
-0
-0
-0
27.0247
-0
-0
18.2542
-0
-0
-0
-0
-0
-0
-0
-0
-0
-0
-0
-0
0.160647
-0
36.0268
-0
-0
-0
-0
-0
-0
-0
-0
-0
-0
-0
-0
-0
33.6299
-0
-0
45.8281
-0
-0
-0
-0
-0
-0
-0
-0
-0
5.63135
-0
31.5919
-0
43.0666
14.851
-0
-0
-0
13.9251
-0
-0
-0
-0
-0
-0
5.91115
29.9673
-0
46.7964
-0
-0
-0
-0
-0
-0
-0
-0
-0
-0
5.27196
-0
8.82285
31.0774
-0
-0
-0
-0
22.6398
-0
-0
37.8267
-0
-0
18.7882
35.1866
-0
-0
-0
-0
-0
4.80278
-0
16.5883
-0
32.0223
-0
-0
-0
15.5853
-0
-0
-0
-0
-0
29.9169
48.7441
23.4459
-0
-0
-0
-0
-0
-0
-0
-0
-0
-0
-0
-0
-0
36.9917
-0
-0
5.61779
0.0189785
-0
-0
-0
-0
-0
-0
26.7206
-0
-0
38.5535
-0
-0
-0
-0
-0
9.80701
-0
-0
-0
30.036
-0
-0
-0
-0
-0
-0
7.35329
-0
-0
35.6127
-0
6.36302
-0
0.470647
-0
-0
-0
-0
8.13882
4.0414
-0
-0
12.0343
-0
10.6873
-0
39.8077
-0
-0
17.1765
-0
-0
-0
-0
-0
-0
-0
-0
-0
-0
-0
22.3811
-0
-0
-0
-0
-0
-0
59.0768
-0
18.2439
-0
-0
-0
-0
-0
-0
-0
-0
-0
-0
-0
28.9667
-0
-0
-0
33.1702
62.419
-0
-0
-0
-0
-0
-0
-0
-0
-0
-0
-0
1.63696
-0
-0
-0
1.22769
-0
3.33686
-0
-0
-0
-0
-0
-0
-0
-0
12.6895
26.5917
22.53
-0
14.8534
-0
4.85844
-0
-0
-0
-0
30.1072
-0
-0
17.3142
-0
-0
3.20419
31.8595
-0
-0
-0
-0
-0
-0
-0
2.22789
-0
-0
-0
-0
-0
-0
-0
-0
0.0506839
-0
-0
12.2507
-0
-0
5.13042
-0
-0
24.8449
-0
-0
-0
8.28465
-0
-0
-0
54.5977
-0
-0
-0
-0
-0
-0
-0
-0
-0
-0
-0
-0
2.31472
-0
-0
-0
-0
11.7416
-0
-0
-0
-0
-0
-0
22.8019
-0
-0
-0
-0
-0
-0
-0
-0
-0
-0
-0
-0
-0
21.4226
-0
-0
16.3599
-0
-0
-0
14.8446
-0
-0
-0
-0
-0
-0
-0
-0
-0
19.902
-0
-0
-0
-0
33.2676
-0
9.41338
8.33363
3.40154
-0
-0
-0
-0
-0
-0
-0
53.7564
-0
-0
-0
-0
-0
-0
-0
4.6418
-0
-0
-0
-0
28.246
-0
-0
-0
-0
-0
-0
43.274
0.452768
-0
-0
30.9091
-0
-0
12.0745
-0
-0
-0
31.2469
75.3032
-0
-0
6.58169
16.8368
-0
19.0019
-0
-0
-0
-0
-0
-0
-0
-0
5.57916
-0
-0
-0
-0
-0
-0
-0
-0
2.63138
-0
-0
-0
28.7136
0.773342
32.8926
24.3602
-0
-0
-0
-0
-0
-0
-0
-0
-0
-0
-0
-0
-0
-0
-0
-0
54.6834
-0
-0
-0
-0
-0
-0
9.93761
-0
15.9035
20.0545
-0
-0
-0
-0
-0
-0
5.84322
-0
-0
-0
-0
-0
-0
-0
-0
