0.186338
-0
-0
-0
-0
3.06231
-0
-0
44.4474
-0
45.5345
-0
-0
-0
-0
29.2664
-0
-0
-0
-0
-0
-0
-0
11.3676
6.33275
0.78871
19.7294
-0
-0
-0
-0
-0
-0
-0
1.21459
-0
-0
-0
-0
-0
-0
-0
-0
42.1119
-0
26.1376
-0
15.8534
-0
-0
-0
-0
-0
-0
-0
-0
15.4725
1.64203
9.45068
-0
-0
-0
-0
2.13069
26.1
-0
4.96001
17.3343
-0
1.97894
-0
-0
-0
-0
-0
0.167745
11.4933
-0
-0
-0
-0
29.82
-0
1.75969
5.76287
-0
-0
-0
-0
-0
29.4482
-0
-0
-0
-0
-0
3.68039
-0
18.9474
-0
-0
-0
-0
-0
-0
-0
1.42811
-0
-0
-0
19.7048
-0
-0
-0
-0
-0
-0
-0
41.8113
-0
14.5341
-0
5.91743
-0
-0
-0
-0
-0
-0
-0
9.73991
5.31834
-0
-0
-0
-0
-0
34.0996
-0
-0
-0
-0
10.3774
-0
-0
-0
-0
-0
-0
-0
-0
-0
-0
31.5406
19.0438
-0
46.204
-0
-0
2.27292
-0
-0
-0
-0
-0
0.486214
-0
9.16139
-0
7.69992
-0
23.2994
-0
-0
-0
-0
-0
-0
-0
-0
-0
-0
-0
-0
-0
15.3206
-0
-0
36.992
-0
-0
-0
12.2216
-0
-0
-0
-0
-0
0.839734
-0
-0
-0
31.3036
-0
-0
-0
-0
30.2542
25.8806
-0
-0
-0
33.5897
-0
-0
-0
-0
-0
-0
-0
-0
-0
-0
24.2258
-0
-0
-0
-0
-0
-0
-0
6.89373
-0
-0
-0
2.86623
-0
-0
-0
-0
-0
-0
-0
-0
-0
-0
11.9772
-0
-0
-0
-0
-0
-0
-0
4.40155
-0
-0
-0
-0
-0
-0
-0
-0
-0
-0
-0
-0
-0
-0
-0
-0
33.797
4.34952
44.7666
-0
-0
-0
-0
-0
-0
32.6482
8.03524
-0
28.6236
-0
-0
-0
1.15602
-0
-0
-0
5.52162
21.6403
-0
2.47476
-0
-0
-0
-0
22.9337
-0
-0
4.32113
-0
0.577265
34.1585
-0
-0
27.6581
-0
-0
-0
-0
-0
-0
-0
-0
-0
-0
0.523517
-0
-0
6.17194
10.3331
7.26642
-0
-0
-0
-0
16.2832
-0
-0
-0
-0
-0
-0
-0
0.62189
-0
8.07385
-0
-0
-0
-0
12.3348
-0
-0
5.5033
-0
-0
-0
-0
-0
-0
7.04351
-0
-0
-0
-0
-0
30.6029
-0
-0
36.0844
-0
3.35257
-0
-0
-0
-0
-0
13.1292
-0
5.8357
-0
-0
-0
-0
-0
-0
-0
1.24315
-0
-0
-0
9.92125
-0
-0
-0
-0
-0
-0
-0
-0
-0
6.57046
-0
4.10353
-0
21.9559
4.75011
-0
-0
-0
-0
-0
-0
-0
-0
-0
-0
-0
-0
-0
8.00884
34.1732
-0
-0
2.928
-0
22.786
-0
-0
-0
-0
37.3753
15.0102
-0
-0
-0
-0
4.95221
7.23378
-0
16.81
-0
8.96573
-0
-0
-0
-0
-0
-0
-0
-0
-0
-0
-0
-0
-0
41.3444
16.0013
-0
-0
-0
1.60862
-0
-0
-0
-0
-0
-0
6.53697
-0
47.8977
-0
-0
-0
-0
-0
-0
-0
11.2309
-0
-0
28.2607
-0
-0
-0
14.3274
-0
-0
-0
8.42387
-0
-0
-0
-0
-0
10.6836
11.719
-0
-0
-0
-0
38.879
-0
-0
-0
19.6334
-0
-0
29.495
44.6072
-0
-0
-0
-0
-0
22.665
-0
-0
-0
-0
-0
-0
-0
-0
28.2181
-0
8.87248
-0
17.672
1.96605
-0
-0
9.94365
11.6195
-0
-0
-0
-0
-0
-0
26.0263
-0
5.2838
11.2468
-0
-0
-0
-0
-0
-0
-0
16.7802
4.83916
3.41638
-0
21.1391
7.146
-0
-0
-0
38.0945
37.1252
-0
-0
-0
-0
-0
-0
-0
-0
2.08152
-0
-0
-0
-0
-0
-0
-0
-0
8.89769
4.51659
-0
-0
-0
30.5545
-0
-0
-0
-0
-0
8.27293
13.7586
-0
-0
-0
30.5102
-0
-0
-0
-0
-0
-0
-0
-0
7.75113
-0
16.9092
-0
-0
-0
-0
-0
-0
-0
-0
23.7097
-0
-0
23.2558
-0
-0
-0
24.5796
-0
-0
-0
-0
-0
-0
21.577
-0
-0
-0
-0
-0
-0
-0
-0
-0
-0
-0
-0
-0
-0
18.985
4.48427
-0
-0
-0
-0
-0
-0
-0
-0
0.853743
-0
-0
-0
-0
-0
-0
-0
-0
-0
-0
-0
-0
1.42587
10.597
36.0121
-0
50.4478
-0
-0
-0
-0
-0
-0
-0
-0
-0
-0
-0
-0
0.834654
9.35635
-0
-0
29.7057
-0
-0
-0
-0
-0
-0
-0
-0
-0
37.1523
-0
-0
11.249
-0
-0
-0
-0
-0
-0
-0
14.8407
-0
-0
-0
-0
-0
-0
-0
9.96851
-0
-0
-0
-0
27.6066
-0
-0
-0
-0
-0
-0
-0
-0
-0
-0
-0
15.2362
-0
-0
-0
-0
-0
-0
-0
-0
0.174013
-0
-0
-0
25.0525
-0
-0
-0
33.0987
-0
-0
-0
12.414
26.0165
-0
-0
-0
-0
-0
7.78122
-0
19.2206
-0
-0
1.60084
-0
-0
-0
17.9825
4.56848
24.2959
-0
-0
-0
-0
-0
15.0122
-0
-0
-0
-0
-0
-0
-0
-0
-0
-0
-0
-0
1.19129
33.3
-0
-0
-0
-0
-0
-0
19.6142
-0
-0
-0
4.84148
-0
-0
-0
6.18177
-0
-0
10.9154
-0
-0
41.4755
-0
-0
-0
-0
-0
-0
33.3298
-0
16.8787
-0
-0
-0
-0
25.429
-0
-0
-0
-0
8.14127
12.2081
-0
24.8854
-0
9.57657
20.2391
-0
-0
8.98208
25.8121
-0
-0
-0
-0
-0
-0
-0
1.69263
18.2624
-0
-0
-0
-0
-0
0.374903
17.5748
-0
18.7797
34.952
-0
-0
-0
-0
0.725638
-0
-0
-0
-0
1.6887
-0
-0
-0
-0
-0
-0
-0
-0
24.1621
-0
-0
-0
-0
1.61914
19.5065
-0
9.39231
-0
-0
3.8043
-0
7.02787
-0
-0
-0
-0
-0
-0
-0
27.1205
-0
-0
9.13241
-0
-0
-0
-0
-0
-0
2.62438
-0
-0
-0
34.9573
15.3351
-0
-0
-0
-0
-0
9.07708
-0
-0
0.190666
-0
-0
-0
10.9876
-0
-0
38.4184
-0
-0
-0
10.1494
15.095
7.07246
-0
-0
-0
12.0136
-0
-0
-0
-0
-0
-0
-0
-0
4.07885
-0
-0
-0
-0
-0
-0
-0
-0
11.7898
7.92292
-0
-0
-0
-0
-0
-0
-0
17.34
25.0717
-0
-0
-0
39.8581
-0
-0
-0
-0
-0
-0
-0
21.371
-0
-0
-0
-0
-0
-0
2.01231
-0
-0
-0
-0
-0
-0
19.0276
-0
-0
-0
-0
2.99696
-0
11.8953
-0
-0
-0
1.0281
-0
-0
-0
-0
-0
-0
-0
-0
-0
-0
-0
6.15496
-0
-0
-0
-0
-0
-0
-0
-0
30.0987
-0
-0
-0
-0
0.811707
-0
-0
-0
-0
-0
-0
-0
-0
-0
14.0537
18.5632
12.8831
-0
-0
-0
7.67836
-0
-0
-0
-0
-0
-0
-0
17.6488
-0
2.87036
-0
40.4706
-0
-0
5.90141
-0
-0
-0
-0
-0
19.153
-0
-0
-0
-0
-0
-0
-0
21.8851
-0
15.5015
-0
-0
2.17503
-0
-0
-0
-0
-0
-0
-0
-0
39.9907
21.4342
-0
3.76998
-0
-0
-0
-0
7.86643
-0
-0
-0
15.5511
-0
-0
17.2281
4.64387
-0
-0
-0
-0
-0
-0
20.4506
1.02039
-0
8.94695
-0
-0
-0
2.47909
17.9015
-0
-0
-0
-0
-0
-0
-0
-0
-0
-0
36.8639
-0
0.645029
15.6659
6.78202
-0
-0
-0
-0
-0
19.903
-0
-0
-0
-0
16.2208
-0
-0
-0
-0
21.6175
3.89438
-0
-0
-0
4.81476
60.6794
-0
-0
17.9203
-0
-0
-0
-0
-0
-0
20.3469
-0
-0
-0
-0
-0
-0
45.8125
-0
2.73471
-0
-0
-0
15.0756
-0
-0
-0
23.1028
18.9837
0.466995
-0
-0
-0
-0
-0
-0
-0
-0
-0
-0
-0
-0
-0
-0
-0
-0
-0
-0
-0
-0
12.0967
-0
-0
-0
-0
-0
-0
-0
-0
-0
-0
-0
-0
-0
-0
-0
-0
-0
-0
-0
-0
-0
-0
31.133
-0
-0
4.38105
-0
-0
-0
-0
-0
-0
26.8151
-0
-0
-0
-0
-0
-0
-0
-0
-0
-0
14.1218
-0
-0
11.7669
-0
-0
-0
-0
-0
-0
-0
-0
-0
14.7455
-0
-0
-0
-0
-0
-0
3.11738
-0
-0
-0
39.093
-0
-0
-0
-0
-0
-0
-0
-0
1.52259
-0
-0
-0
-0
19.6252
14.2799
23.615
-0
13.537
3.57745
21.4417
-0
2.17313
-0
33.3757
19.2982
-0
-0
-0
-0
-0
-0
-0
21.8161
68.1598
-0
0.510597
-0
-0
-0
-0
35.5493
21.7258
-0
-0
30.9577
5.378
-0
33.573
59.6743
-0
9.03022
-0
13.9028
-0
-0
-0
18.3092
22.2874
-0
-0
-0
3.66551
-0
-0
-0
-0
-0
-0
12.6564
-0
-0
-0
25.5214
-0
-0
-0
-0
29.4101
48.9609
21.3672
-0
-0
-0
-0
-0
-0
-0
9.3616
-0
-0
-0
-0
-0
-0
-0
-0
-0
-0
-0
2.592
-0
-0
-0
-0
-0
-0
-0
-0
-0
-0
4.60792
-0
25.5222
-0
-0
-0
-0
-0
19.6575
-0
-0
-0
24.0051
-0
-0
51.1761
-0
7.45408
-0
-0
-0
-0
6.9422
34.1739
-0
-0
-0
-0
-0
-0
6.74977
53.808
-0
-0
-0
-0
53.1681
-0
-0
-0
-0
-0
-0
1.04031
-0
-0
-0
-0
-0
-0
-0
2.05598
4.2472
0.103504
-0
-0
-0
25.9672
-0
-0
6.53033
-0
-0
-0
8.53522
-0
-0
-0
14.5323
-0
-0
-0
-0
-0
-0
-0
-0
-0
-0
-0
-0
-0
-0
-0
-0
-0
4.59737
-0
-0
-0
-0
54.0096
-0
-0
-0
-0
-0
-0
-0
-0
-0
-0
-0
-0
-0
-0
-0
-0
22.3398
-0
6.9846
-0
-0
-0
-0
-0
-0
-0
-0
7.13333
-0
-0
-0
-0
-0
-0
0.291176
-0
2.05748
-0
49.5648
-0
-0
-0
-0
-0
-0
-0
-0
-0
-0
-0
-0
-0
-0
-0
16.8455
34.9983
-0
16.1191
-0
-0
2.55795
-0
-0
-0
-0
-0
22.5119
20.8183
-0
-0
12.0929
-0
-0
-0
-0
-0
-0
-0
-0
-0
-0
7.78652
10.8201
27.0993
-0
-0
-0
-0
-0
-0
-0
-0
-0
-0
-0
-0
-0
7.03463
23.9136
-0
-0
-0
-0
-0
-0
-0
-0
30.6886
-0
-0
-0
15.8543
-0
-0
-0
33.6161
-0
-0
-0
-0
57.1409
-0
-0
-0
-0
-0
12.6205
-0
27.8666
-0
-0
-0
-0
6.82641
-0
-0
-0
-0
-0
-0
10.9163
-0
-0
41.8921
-0
5.51215
-0
-0
-0
-0
-0
-0
-0
-0
-0
22.5144
-0
-0
-0
-0
-0
-0
-0
-0
-0
-0
-0
-0
-0
-0
-0
5.95464
-0
-0
10.9325
10.1832
-0
3.41822
-0
-0
-0
30.3941
-0
-0
-0
-0
-0
-0
16.1589
12.4685
-0
-0
5.04697
-0
0.918152
-0
-0
-0
-0
-0
-0
-0
9.68286
-0
-0
-0
-0
-0
-0
-0
8.3168
-0
-0
-0
-0
-0
7.52979
-0
-0
1.57027
34.6494
-0
-0
-0
-0
14.5896
-0
11.3437
-0
17.968
-0
-0
3.1288
-0
-0
-0
23.9116
-0
-0
3.17197
27.4115
-0
-0
-0
-0
-0
-0
-0
-0
-0
-0
-0
-0
-0
30.772
-0
-0
-0
-0
4.72227
-0
-0
-0
-0
12.7014
5.58935
-0
-0
35.559
-0
-0
-0
-0
13.4083
-0
-0
-0
-0
-0
-0
-0
46.4575
16.5173
32.877
14.363
-0
-0
-0
-0
-0
-0
11.0337
-0
-0
-0
-0
4.75309
-0
15.8878
-0
-0
3.68486
-0
-0
-0
2.61691
-0
-0
-0
-0
19.9482
-0
-0
-0
-0
-0
15.7204
-0
-0
1.90911
21.896
15.5004
-0
-0
-0
-0
-0
-0
-0
-0
10.8633
-0
-0
-0
-0
-0
-0
-0
-0
-0
-0
-0
-0
-0
-0
-0
-0
-0
-0
-0
40.3766
16.5117
-0
-0
-0
-0
-0
-0
-0
-0
-0
-0
-0
-0
-0
-0
-0
-0
4.03484
-0
-0
-0
-0
-0
-0
-0
-0
-0
-0
-0
-0
20.519
-0
-0
-0
-0
-0
-0
-0
-0
27.1434
2.69989
-0
-0
-0
-0
18.1744
20.278
19.8177
-0
-0
-0
16.5809
-0
41.3123
-0
-0
-0
10.1825
-0
44.7646
-0
-0
-0
-0
-0
-0
-0
-0
-0
-0
-0
-0
-0
-0
-0
-0
7.91222
-0
-0
31.0989
12.6309
-0
-0
-0
-0
-0
-0
-0
-0
-0
49.8382
-0
23.5742
-0
28.8473
7.96927
-0
5.83175
-0
-0
-0
-0
-0
-0
36.833
5.86317
4.38328
-0
-0
-0
-0
-0
-0
-0
-0
14.1603
-0
43.4958
-0
-0
3.29155
-0
-0
-0
-0
32.8294
-0
-0
15.7747
-0
-0
-0
15.6979
-0
-0
-0
14.8551
-0
-0
3.65305
11.3399
14.8765
-0
-0
22.2784
-0
19.0314
-0
-0
9.26658
-0
-0
18.822
6.28823
-0
19.8142
2.09908
-0
-0
7.02427
-0
-0
-0
-0
-0
-0
12.1119
-0
15.6506
-0
-0
21.8526
-0
-0
-0
-0
1.86989
-0
29.8478
-0
-0
-0
-0
0.0931468
-0
-0
-0
14.1799
6.44988
32.1892
40.4195
-0
-0
-0
-0
38.0681
-0
-0
-0
-0
30.1333
-0
2.09787
34.4495
-0
-0
-0
23.3345
-0
-0
-0
19.4122
-0
-0
-0
-0
-0
-0
17.0999
-0
-0
-0
-0
-0
-0
-0
-0
-0
-0
27.0341
-0
-0
-0
-0
9.74693
-0
-0
14.9632
29.6286
-0
-0
-0
42.4174
1.25862
-0
-0
9.465
-0
-0
-0
-0
-0
-0
-0
-0
-0
-0
-0
-0
-0
-0
1.05637
-0
-0
50.4337
-0
-0
-0
-0
16.8229
-0
23.6366
8.74052
-0
-0
-0
-0
-0
-0
-0
-0
6.07947
-0
-0
-0
-0
30.7124
9.83806
-0
23.1806
-0
-0
-0
31.2259
-0
-0
-0
-0
-0
-0
24.1453
-0
5.08788
-0
29.0671
5.94339
-0
-0
-0
-0
-0
21.9387
47.0834
-0
32.2668
41.649
-0
-0
-0
-0
-0
3.71207
-0
-0
-0
32.1174
-0
-0
-0
-0
-0
-0
-0
-0
7.16307
-0
15.7151
-0
-0
-0
-0
-0
-0
18.1012
0.341134
-0
-0
-0
-0
-0
-0
-0
56.0649
31.4755
-0
6.21239
-0
-0
-0
-0
-0
-0
-0
-0
1.03288
27.1
-0
-0
29.3914
-0
-0
-0
-0
45.4581
0.0509062
-0
-0
-0
13.0747
-0
-0
-0
-0
6.96986
-0
10.2983
-0
-0
-0
-0
-0
-0
-0
-0
14.9807
-0
-0
-0
-0
-0
-0
-0
-0
-0
-0
-0
-0
-0
-0
-0
-0
-0
-0
-0
-0
-0
-0
36.7628
-0
19.0789
-0
38.8359
-0
13.0149
-0
-0
-0
-0
35.7303
2.99171
-0
-0
-0
-0
-0
-0
-0
-0
-0
-0
-0
-0
-0
-0
-0
-0
-0
-0
-0
-0
-0
-0
-0
-0
-0
-0
-0
20.2162
-0
-0
-0
-0
-0
16.5763
-0
-0
8.3898
-0
-0
-0
-0
-0
-0
-0
-0
-0
-0
-0
45.2463
-0
3.38803
-0
13.7115
19.6289
-0
22.7944
8.04315
-0
-0
-0
-0
24.5281
-0
-0
-0
-0
-0
-0
-0
23.8833
-0
-0
3.10901
-0
-0
-0
-0
-0
-0
-0
-0
-0
-0
38.8963
-0
-0
-0
-0
-0
-0
13.6803
-0
-0
-0
7.60949
-0
-0
-0
-0
1.52418
-0
-0
-0
-0
-0
-0
-0
-0
-0
-0
-0
-0
-0
-0
-0
-0
5.15395
-0
2.29524
-0
1.02714
-0
-0
-0
-0
-0
18.219
-0
-0
11.9324
3.31323
-0
-0
7.94669
-0
-0
-0
-0
-0
23.8971
29.187
-0
-0
-0
0.200705
-0
-0
-0
8.42253
-0
22.6034
-0
-0
-0
6.53155
-0
-0
-0
-0
-0
-0
-0
-0
-0
12.5881
-0
0.981362
-0
-0
7.85301
27.8799
-0
-0
-0
-0
-0
-0
-0
36.141
-0
3.52975
35.8276
22.7539
31.3169
-0
-0
-0
-0
-0
-0
14.9428
-0
-0
-0
-0
-0
-0
-0
-0
-0
-0
-0
-0
-0
-0
-0
-0
-0
-0
20.9473
-0
13.329
-0
-0
-0
-0
-0
-0
-0
-0
-0
-0
-0
-0
-0
-0
8.9416
-0
-0
10.9916
-0
-0
-0
-0
-0
-0
-0
-0
-0
-0
-0
5.93508
-0
-0
-0
-0
-0
-0
-0
-0
-0
18.9129
1.72358
-0
2.4632
-0
-0
-0
-0
-0
-0
-0
-0
-0
-0
-0
-0
9.28229
7.47737
-0
-0
-0
-0
-0
-0
14.5298
-0
-0
15.5678
7.31157
-0
-0
-0
-0
-0
35.7938
-0
12.4496
4.48342
-0
-0
7.00851
-0
-0
-0
13.75
6.28472
3.72552
27.5331
-0
-0
-0
-0
-0
-0
34.8818
-0
-0
-0
25.5965
-0
-0
-0
-0
-0
-0
-0
-0
-0
-0
-0
-0
-0
71.9759
-0
18.5014
-0
-0
-0
-0
-0
-0
-0
-0
-0
-0
-0
-0
-0
-0
-0
-0
-0
-0
12.8499
-0
-0
-0
-0
9.87847
-0
-0
-0
-0
-0
5.36242
-0
20.5544
-0
-0
1.32927
-0
-0
-0
8.9246
-0
-0
33.0882
-0
-0
-0
-0
-0
-0
-0
-0
-0
7.01005
-0
-0
-0
-0
-0
-0
-0
-0
-0
-0
-0
-0
-0
6.92311
3.43272
-0
-0
-0
15.7369
-0
0.291285
-0
-0
35.1834
-0
-0
-0
9.08215
-0
12.9085
0.142145
-0
-0
2.8697
-0
22.0051
-0
1.05175
-0
-0
10.4288
32.0247
-0
-0
-0
-0
22.2583
-0
8.44462
-0
-0
-0
-0
-0
1.56897
-0
3.15619
-0
-0
-0
-0
-0
-0
-0
10.1181
-0
-0
-0
0.0128353
-0
-0
-0
-0
-0
-0
-0
-0
-0
-0
2.9193
-0
-0
-0
-0
12.8476
-0
-0
-0
9.90327
-0
-0
-0
-0
-0
0.547122
-0
4.56954
-0
-0
30.7043
62.3906
-0
-0
-0
-0
-0
-0
-0
-0
-0
-0
1.1661
24.4923
-0
-0
-0
18.1386
15.1602
-0
0.312318
-0
-0
-0
-0
-0
-0
-0
-0
-0
-0
-0
-0
-0
29.9784
-0
25.9952
7.10417
-0
-0
26.8268
-0
39.6792
-0
-0
26.6764
-0
-0
-0
-0
-0
-0
-0
12.2461
-0
33.6606
-0
-0
-0
0.680878
-0
10.7052
-0
-0
12.4135
-0
12.0386
-0
7.87097
-0
-0
-0
-0
43.2417
-0
-0
-0
-0
-0
-0
39.543
-0
-0
-0
-0
-0
-0
-0
-0
-0
-0
-0
-0
-0
-0
-0
10.9224
-0
-0
-0
11.6748
-0
29.9905
30.0503
6.887
-0
-0
-0
4.94951
-0
-0
-0
9.61107
1.00485
-0
23.3298
-0
-0
-0
-0
29.2088
10.1216
25.1985
11.6334
-0
-0
-0
1.63543
18.0029
-0
-0
18.849
-0
-0
-0
-0
-0
-0
13.3467
11.7124
33.8083
-0
-0
-0
27.2843
-0
-0
-0
-0
-0
-0
-0
-0
8.50287
-0
-0
-0
-0
-0
-0
-0
25.5628
-0
-0
-0
-0
-0
-0
-0
-0
-0
45.0531
-0
-0
-0
-0
-0
-0
-0
-0
15.6719
-0
-0
-0
2.30349
15.9858
2.25994
-0
-0
-0
-0
10.019
-0
51.9417
-0
-0
-0
-0
-0
-0
4.01246
-0
-0
-0
-0
-0
-0
14.669
-0
14.9979
-0
-0
-0
-0
-0
-0
-0
-0
10.6371
-0
-0
-0
-0
-0
-0
-0
38.1756
-0
-0
-0
26.7459
-0
-0
-0
-0
-0
-0
-0
4.15624
-0
-0
-0
41.2567
36.4229
-0
14.3897
-0
-0
-0
-0
9.30464
-0
-0
39.5493
-0
-0
-0
-0
-0
-0
-0
-0
-0
-0
-0
-0
-0
-0
12.2376
-0
-0
-0
21.125
-0
-0
-0
-0
0.777718
-0
-0
-0
-0
-0
-0
-0
-0
3.05122
-0
-0
-0
-0
-0
49.4566
7.7856
-0
0.066762
-0
-0
-0
-0
-0
-0
-0
-0
-0
-0
-0
-0
36.9202
-0
-0
-0
-0
-0
-0
-0
-0
-0
9.81541
-0
-0
14.4903
-0
24.2254
-0
0.275702
-0
-0
1.71885
26.4698
-0
-0
-0
-0
-0
-0
-0
-0
-0
-0
8.32954
17.8967
3.80915
-0
-0
62.7957
2.46254
-0
14.183
-0
11.954
26.2052
44.9433
-0
-0
-0
-0
-0
-0
-0
-0
-0
-0
-0
-0
26.6139
15.2826
-0
-0
-0
-0
-0
-0
-0
-0
-0
-0
-0
-0
-0
-0
-0
-0
-0
-0
-0
-0
-0
-0
-0
-0
-0
-0
4.31805
-0
-0
-0
-0
-0
-0
5.17566
-0
42.236
-0
-0
-0
-0
-0
-0
-0
-0
-0
-0
-0
-0
-0
-0
-0
-0
-0
31.3583
-0
-0
-0
-0
-0
-0
7.22522
-0
-0
-0
-0
-0
-0
-0
-0
-0
-0
-0
-0
11.9771
18.3445
-0
-0
4.86982
-0
-0
41.5969
-0
-0
-0
11.5544
-0
-0
-0
-0
-0
-0
-0
-0
0.630827
9.37945
-0
-0
1.01569
-0
-0
-0
-0
-0
-0
-0
-0
-0
-0
-0
-0
-0
-0
-0
-0
-0
-0
-0
-0
43.1702
-0
-0
13.2843
-0
-0
-0
-0
-0
1.07131
-0
-0
-0
-0
-0
-0
-0
-0
-0
-0
-0
-0
-0
-0
-0
-0
-0
-0
-0
-0
-0
-0
-0
-0
-0
-0
4.27609
-0
-0
-0
4.22373
-0
-0
38.3295
-0
-0
80.3665
-0
9.38232
-0
1.2572
-0
17.2465
-0
-0
24.9456
-0
-0
-0
-0
18.4887
-0
-0
-0
-0
-0
-0
36.7837
-0
-0
-0
-0
-0
13.3257
-0
-0
-0
-0
-0
12.8381
7.61431
-0
12.2238
9.60318
-0
-0
-0
-0
-0
-0
-0
-0
-0
-0
-0
10.8579
-0
19.7738
-0
-0
46.7262
-0
-0
-0
-0
-0
-0
-0
-0
-0
9.71431
-0
3.53422
15.2891
-0
-0
29.6408
-0
4.33308
3.09704
-0
-0
-0
-0
-0
-0
-0
-0
-0
-0
-0
-0
-0
-0
-0
-0
27.3539
1.3629
-0
-0
-0
5.83261
16.8875
-0
-0
8.99254
-0
27.424
-0
-0
12.765
5.63684
-0
17.0084
-0
-0
-0
1.32998
17.7664
-0
-0
-0
-0
-0
-0
-0
-0
-0
11.0077
-0
-0
27.1139
-0
-0
-0
-0
-0
-0
-0
9.47789
-0
3.75042
-0
-0
-0
9.48312
-0
-0
1.31926
-0
-0
-0
-0
-0
-0
3.62516
10.8369
-0
11.9332
-0
-0
-0
-0
-0
0.518535
-0
-0
-0
-0
-0
22.1154
-0
-0
-0
-0
-0
13.4492
3.2596
-0
-0
-0
4.84416
-0
-0
-0
-0
-0
53.322
-0
-0
-0
-0
-0
-0
18.6551
-0
-0
5.4184
-0
-0
-0
-0
-0
-0
-0
-0
34.0985
-0
-0
-0
-0
-0
2.61134
5.12552
-0
-0
-0
30.0052
-0
-0
47.9413
-0
-0
-0
-0
-0
-0
21.2527
-0
-0
2.45794
-0
-0
-0
-0
6.42107
4.87627
-0
-0
-0
-0
-0
6.75624
-0
10.2124
-0
-0
-0
-0
-0
-0
-0
21.5825
29.202
-0
-0
-0
-0
-0
-0
23.0532
-0
-0
-0
-0
8.11036
1.70535
-0
15.4592
-0
-0
-0
-0
-0
20.5625
-0
9.53638
10.2534
-0
21.0184
-0
-0
-0
-0
-0
-0
-0
-0
45.8298
-0
-0
-0
-0
-0
15.7926
-0
-0
-0
-0
13.4497
8.87221
-0
38.9128
-0
-0
-0
10.6626
4.01659
-0
20.5414
-0
33.9187
-0
-0
-0
8.72814
-0
-0
-0
-0
20.582
18.3567
-0
-0
-0
-0
-0
-0
1.87411
-0
-0
-0
-0
-0
-0
-0
-0
-0
-0
-0
-0
-0
-0
-0
2.84127
-0
-0
-0
9.45734
-0
16.461
21.8358
-0
16.1171
39.7646
15.3418
-0
-0
11.2962
3.8873
-0
-0
-0
-0
33.5022
-0
-0
-0
-0
3.79028
-0
-0
-0
-0
-0
-0
-0
-0
-0
56.0602
-0
-0
-0
-0
-0
-0
-0
-0
-0
-0
-0
-0
-0
7.06608
-0
-0
7.17454
-0
-0
-0
20.0311
-0
-0
-0
-0
4.36622
-0
-0
17.8862
-0
34.7523
9.57615
-0
-0
5.88461
-0
-0
-0
-0
-0
-0
-0
-0
11.0099
-0
29.8455
4.38056
17.8782
-0
-0
-0
-0
-0
-0
-0
-0
47.2321
-0
15.416
-0
-0
-0
-0
-0
2.86007
-0
-0
5.08373
-0
-0
3.36294
57.0566
-0
-0
-0
-0
-0
16.3699
-0
35.4623
-0
24.6381
-0
-0
-0
12.0117
15.9014
-0
-0
-0
-0
-0
-0
56.4462
-0
-0
-0
-0
-0
-0
-0
-0
-0
-0
-0
6.43226
-0
8.88179
-0
5.02409
0.862821
-0
-0
-0
-0
-0
-0
-0
22.5752
-0
-0
-0
-0
-0
17.8474
-0
37.1068
-0
-0
-0
-0
8.67753
-0
-0
12.7843
-0
-0
-0
-0
-0
-0
20.6424
-0
8.7157
-0
-0
-0
-0
-0
-0
-0
27.0276
-0
-0
-0
-0
3.14312
-0
26.4031
-0
-0
-0
-0
-0
-0
-0
-0
-0
-0
-0
-0
-0
-0
25.4009
-0
-0
-0
2.1261
-0
-0
25.9117
-0
-0
-0
-0
-0
-0
-0
-0
-0
-0
22.247
-0
-0
-0
-0
33.5685
-0
2.88334
51.2174
19.668
-0
-0
-0
-0
36.7961
-0
22.8629
-0
-0
-0
29.8879
3.92768
-0
-0
-0
-0
-0
-0
-0
-0
16.1745
-0
-0
-0
-0
18.0255
13.647
-0
-0
-0
-0
3.92318
-0
-0
-0
2.34962
10.3097
-0
4.61572
39.6186
-0
-0
11.4857
5.70546
-0
-0
-0
-0
-0
3.71124
-0
-0
-0
-0
-0
14.6642
-0
-0
-0
-0
6.79584
-0
-0
-0
-0
27.0091
5.75504
21.4845
-0
20.8117
0.510709
-0
16.9081
22.3575
-0
-0
-0
38.7711
-0
-0
23.7699
-0
-0
-0
-0
32.3486
-0
-0
5.83816
4.60887
7.03658
-0
23.7697
-0
17.1034
23.3486
-0
-0
-0
-0
-0
-0
66.5743
-0
-0
-0
-0
-0
-0
-0
-0
-0
-0
-0
-0
-0
23.5988
-0
-0
23.578
-0
-0
-0
17.3598
-0
-0
-0
29.5411
-0
-0
-0
-0
-0
-0
-0
-0
-0
-0
-0
-0
-0
3.98533
-0
-0
-0
-0
-0
-0
-0
-0
40.8843
-0
-0
-0
-0
-0
-0
-0
21.2331
-0
-0
-0
-0
18.5156
-0
-0
-0
22.566
-0
-0
18.9891
-0
-0
-0
21.5298
-0
5.60498
-0
-0
-0
-0
-0
59.8596
-0
-0
4.92977
34.1915
-0
37.3509
-0
-0
-0
-0
-0
-0
-0
-0
3.58873
-0
-0
6.79351
-0
-0
-0
-0
-0
10.9981
-0
-0
-0
13.3703
-0
46.1491
-0
-0
-0
-0
2.50784
-0
-0
-0
-0
-0
-0
-0
8.75994
-0
-0
-0
20.2461
29.7733
-0
-0
-0
-0
-0
-0
-0
-0
22.5743
-0
0.673415
-0
-0
-0
-0
-0
28.9936
-0
-0
-0
-0
12.9903
4.20867
-0
-0
