-0
-0
-0
-0
-0
-0
-0
-0
24.9318
-0
47.0666
-0
-0
-0
-0
16.9719
2.15268
-0
-0
-0
-0
-0
-0
12.751
17.2306
14.1019
8.62697
-0
-0
-0
-0
-0
-0
-0
1.50431
-0
-0
-0
-0
-0
-0
-0
-0
8.90666
-0
10.1748
-0
18.0367
-0
-0
-0
-0
-0
-0
-0
-0
-0
1.16057
8.92177
-0
-0
-0
-0
-0
24.4581
-0
12.3024
10.2243
-0
0.354323
-0
-0
-0
-0
-0
1.11318
17.938
-0
-0
-0
-0
24.6839
-0
-0
0.10092
-0
-0
-0
-0
-0
13.5915
-0
-0
-0
-0
-0
1.18321
-0
14.1428
-0
-0
-0
-0
-0
3.55309
-0
5.23858
-0
-0
-0
-0
-0
-0
-0
-0
1.84808
5.41579
-0
20.5956
3.59536
12.3894
-0
2.88395
-0
-0
-0
-0
-0
-0
-0
-0
11.0581
-0
-0
-0
-0
-0
-0
-0
9.96985
-0
-0
17.2235
-0
-0
-0
-0
-0
-0
-0
-0
-0
-0
5.9249
30.0929
-0
46.4903
-0
-0
1.66994
-0
-0
-0
22.9487
-0
-0
-0
29.3246
-0
-0
-0
21.4636
-0
-0
-0
-0
-0
-0
7.7319
-0
-0
-0
-0
-0
-0
28.01
-0
-0
28.7455
-0
-0
-0
24.9514
-0
-0
-0
-0
-0
3.58059
-0
-0
-0
20.4288
-0
-0
-0
-0
40.1076
28.4528
-0
-0
1.48904
9.66744
-0
-0
-0
-0
-0
-0
-0
-0
-0
-0
13.3335
-0
-0
-0
-0
-0
-0
-0
25.764
-0
-0
-0
-0
-0
-0
-0
-0
-0
1.12406
-0
-0
-0
-0
16.8895
-0
-0
-0
-0
-0
-0
-0
4.73441
-0
-0
2.5921
-0
-0
2.1265
-0
-0
-0
-0
-0
-0
-0
-0
-0
-0
29.5256
5.18443
21.7251
-0
-0
-0
-0
-0
-0
15.7974
8.86317
-0
30.9265
-0
-0
-0
8.12903
-0
-0
-0
19.9073
-0
-0
-0
-0
-0
-0
-0
3.58789
-0
-0
4.71427
-0
1.89944
17.569
-0
-0
19.9439
-0
2.87214
17.1825
-0
-0
-0
0.237668
-0
-0
-0
0.85129
-0
-0
18.765
4.54465
-0
-0
16.495
-0
-0
10.4057
-0
-0
-0
-0
-0
-0
-0
1.73794
-0
8.31133
-0
-0
-0
9.09025
10.8471
-0
1.78181
12.5488
-0
-0
1.64823
-0
-0
-0
15.0671
-0
-0
-0
-0
-0
19.5193
-0
-0
16.842
-0
1.82644
-0
-0
-0
-0
-0
11.7138
0.202812
-0
-0
-0
2.01285
-0
-0
-0
-0
-0
-0
-0
-0
13.2132
9.301
-0
-0
-0
5.77092
-0
-0
-0
-0
0.00249815
-0
-0
-0
25.3108
-0
-0
-0
-0
-0
-0
-0
-0
-0
-0
-0
-0
-0
-0
-0
32.6438
-0
-0
12.9628
-0
25.65
-0
-0
-0
-0
40.8974
29.0087
3.63888
1.54735
5.61912
-0
16.6193
1.48125
-0
-0
-0
13.3821
-0
-0
-0
-0
-0
7.88194
-0
-0
-0
-0
-0
-0
-0
18.911
4.99288
-0
-0
0.468877
-0
-0
-0
-0
-0
-0
-0
5.27264
-0
39.2835
-0
-0
-0
-0
-0
-0
-0
25.9263
-0
1.99127
10.5543
5.9439
-0
-0
-0
-0
-0
-0
4.05035
-0
-0
-0
13.0259
-0
-0
18.3978
-0
1.63823
14.3932
-0
26.3823
-0
-0
-0
-0
-0
-0
0.0251855
18.3507
-0
-0
-0
-0
-0
19.0881
-0
-0
9.54143
-0
-0
8.7728
-0
-0
17.8961
-0
15.3119
-0
18.5711
0.694821
-0
-0
-0
10.6551
-0
-0
-0
-0
-0
-0
6.93414
25.7928
3.85162
3.01151
-0
-0
-0
-0
-0
-0
-0
10.3402
-0
1.36507
-0
27.9037
-0
-0
-0
-0
13.6137
-0
-0
-0
-0
-0
-0
-0
2.05187
-0
0.953306
-0
2.7141
-0
-0
-0
-0
13.1653
-0
28.4609
15.7173
-0
-0
-0
16.7108
8.81432
-0
-0
-0
-0
16.5722
14.8486
-0
10.3506
1.91752
6.66496
-0
-0
-0
-0
-0
-0
12.2135
-0
-0
-0
12.4661
-0
-0
-0
-0
-0
-0
-0
-0
39.7916
-0
-0
16.2829
-0
-0
-0
22.2031
-0
-0
-0
-0
-0
-0
7.15909
-0
-0
-0
-0
3.61718
-0
-0
-0
-0
-0
-0
-0
-0
-0
30.5124
12.2636
-0
-0
-0
-0
-0
-0
-0
0.849391
-0
-0
-0
-0
-0
-0
-0
6.74081
-0
-0
-0
-0
4.77086
12.0424
-0
-0
-0
47.7169
-0
-0
-0
-0
-0
-0
-0
-0
-0
-0
-0
-0
0.0765719
10.2409
-0
-0
14.2989
-0
-0
-0
-0
-0
-0
-0
-0
-0
27.4558
-0
-0
15.0369
-0
-0
-0
2.18213
5.87214
-0
-0
4.4991
-0
-0
-0
-0
10.7417
-0
-0
0.850441
-0
-0
-0
-0
35.3923
-0
-0
3.05719
-0
-0
0.0614896
-0
-0
-0
-0
-0
15.5424
-0
-0
-0
-0
-0
15.9652
-0
-0
0.622444
-0
-0
-0
12.9384
-0
-0
-0
25.9197
-0
-0
-0
4.6502
31.1118
-0
-0
-0
-0
-0
10.1234
-0
28.3912
-0
-0
-0
-0
-0
-0
11.3348
14.4081
-0
-0
-0
-0
-0
-0
3.1289
-0
-0
-0
-0
-0
-0
18.0772
5.07325
16.78
-0
-0
-0
5.67268
4.22835
-0
-0
-0
-0
-0
-0
-0
-0
5.74121
-0
31.1602
-0
-0
-0
3.29674
-0
-0
24.1973
-0
1.23333
18.8635
-0
-0
-0
-0
-0
-0
-0
-0
10.5531
-0
-0
-0
-0
16.4763
-0
-0
-0
-0
5.05998
30.1816
-0
13.7649
-0
8.88472
23.3303
-0
-0
-0
11.7745
-0
-0
-0
-0
-0
-0
1.26588
-0
18.4368
11.7493
-0
7.72032
-0
-0
16.6674
5.23197
-0
7.89081
15.9186
6.36534
-0
-0
-0
3.34741
-0
-0
-0
-0
-0
-0
-0
-0
-0
-0
-0
1.33166
-0
13.9471
-0
-0
-0
-0
2.49535
24.2484
-0
21.5928
-0
-0
12.7754
5.65551
3.94927
-0
19.3179
-0
-0
-0
-0
-0
10.6291
-0
-0
-0
-0
-0
-0
-0
-0
-0
-0
-0
-0
-0
34.5044
13.8869
-0
-0
-0
-0
-0
-0
-0
-0
-0
5.45545
-0
-0
10.8331
-0
-0
22.5758
-0
-0
-0
11.7852
9.40536
2.52879
-0
-0
-0
32.6018
-0
-0
-0
-0
-0
-0
-0
-0
34.5624
-0
-0
-0
-0
-0
2.83945
-0
3.62682
-0
-0
-0
-0
-0
-0
-0
-0
-0
9.33766
21.9857
-0
-0
-0
34.013
-0
-0
-0
-0
-0
-0
-0
19.3168
6.85656
24.9957
-0
-0
-0
-0
-0
-0
-0
-0
-0
-0
3.02611
15.3555
-0
-0
-0
-0
13.9166
-0
4.53156
-0
-0
-0
-0
-0
-0
-0
-0
-0
-0
-0
-0
-0
-0
16.3366
13.9822
-0
-0
-0
-0
-0
-0
-0
-0
27.4138
-0
10.1934
-0
-0
2.70666
-0
-0
-0
-0
-0
-0
-0
-0
-0
3.80226
-0
21.4614
-0
-0
-0
8.18783
8.16213
-0
24.906
-0
-0
-0
2.73819
6.98956
-0
-0
-0
26.597
-0
-0
17.8481
-0
-0
-0
-0
-0
19.0234
-0
-0
-0
0.71239
-0
-0
-0
0.607687
-0
7.28253
-0
-0
3.85466
-0
-0
-0
-0
-0
-0
-0
-0
34.3712
20.1814
1.41107
-0
-0
-0
6.20497
-0
16.2408
-0
-0
-0
15.9092
38.2986
-0
16.1654
-0
-0
-0
4.7581
-0
-0
-0
-0
7.87061
-0
4.53507
-0
-0
-0
-0
3.91304
-0
-0
-0
-0
-0
10.1617
-0
-0
-0
-0
18.6917
-0
-0
9.41424
5.02834
-0
-0
-0
-0
-0
14.6065
-0
-0
3.69084
-0
13.1952
-0
-0
-0
-0
34.6108
27.709
-0
-0
-0
20.8906
33.6349
-0
-0
14.046
-0
-0
14.4867
-0
-0
-0
19.7638
-0
-0
-0
-0
-0
-0
17.5136
-0
-0
3.73754
-0
1.8023
6.17406
-0
14.7471
-0
-0
22.3698
-0
-0
-0
-0
-0
-0
-0
-0
-0
7.59384
-0
-0
-0
-0
-0
-0
-0
-0
-0
16.194
-0
31.2808
-0
-0
-0
-0
-0
-0
5.22951
-0
-0
-0
-0
-0
-0
-0
22.1291
-0
-0
-0
-0
-0
-0
-0
28.8345
-0
-0
-0
-0
-0
-0
-0
-0
-0
22.3431
-0
-0
0.865569
-0
1.5762
-0
-0
-0
-0
-0
8.14012
-0
-0
6.34849
-0
11.9282
-0
-0
-0
-0
-0
-0
-0
21.2494
-0
-0
-0
-0
-0
-0
-0
9.78255
-0
-0
8.86152
-0
-0
-0
-0
-0
-0
-0
-0
12.3177
-0
-0
-0
-0
9.90594
3.12808
0.191568
-0
8.84101
6.99556
13.5073
-0
16.2414
9.39163
28.5359
16.4331
-0
-0
-0
-0
-0
-0
2.88602
12.4947
32.8932
-0
0.00673425
21.0242
-0
-0
-0
40.3026
3.10076
-0
1.10739
22.1936
18.2125
-0
8.02751
31.7841
-0
13.4296
-0
-0
-0
3.38578
4.753
-0
19.9711
-0
-0
-0
1.42498
-0
-0
-0
0.484466
4.95483
-0
8.13161
-0
16.0306
-0
16.1178
-0
-0
-0
-0
19.1012
32.9385
23.4329
-0
-0
-0
-0
-0
0.362066
-0
-0
-0
-0
-0
-0
12.6969
-0
-0
23.146
-0
15.4983
-0
0.289817
26.817
-0
-0
-0
-0
-0
0.000287056
-0
0.0226434
1.58711
-0
-0
6.90277
5.32449
-0
-0
-0
-0
23.8029
-0
-0
-0
20.6341
-0
-0
15.3855
-0
17.5732
-0
-0
-0
-0
2.02715
17.852
-0
-0
-0
-0
-0
-0
9.21674
46.2213
-0
-0
-0
-0
41.6448
-0
-0
-0
-0
-0
-0
3.19736
-0
-0
-0
-0
-0
-0
-0
-0
-0
-0
-0
-0
0.0714205
3.43752
-0
13.2908
11.5653
-0
-0
-0
7.07635
-0
-0
-0
-0
-0
-0
-0
-0
-0
-0
-0
-0
-0
-0
-0
-0
-0
-0
-0
-0
-0
-0
-0
-0
-0
-0
23.8692
-0
-0
-0
-0
-0
-0
-0
6.5153
-0
-0
-0
-0
-0
-0
-0
-0
10.0981
-0
-0
-0
-0
-0
-0
-0
-0
-0
-0
-0
-0
-0
-0
-0
-0
-0
0.998603
32.4602
-0
-0
37.8543
-0
-0
-0
-0
-0
-0
-0
-0
-0
-0
-0
-0
-0
-0
-0
14.9492
26.5592
-0
19.3144
-0
-0
-0
-0
-0
-0
-0
-0
16.6861
26.5394
-0
-0
2.49447
-0
-0
-0
-0
-0
-0
-0
-0
-0
-0
-0
19.7118
10.6292
-0
-0
-0
-0
-0
-0
-0
-0
-0
-0
-0
-0
-0
-0
7.68988
-0
-0
-0
-0
-0
-0
2.62423
-0
1.5074
-0
-0
-0
-0
-0
-0
-0
37.9541
18.8697
-0
-0
-0
14.6471
-0
-0
-0
-0
-0
8.60267
-0
33.881
-0
-0
-0
-0
17.3301
-0
-0
-0
-0
-0
-0
12.43
-0
-0
36.2478
-0
4.63792
-0
-0
-0
7.30667
-0
-0
3.23902
-0
2.92936
17.6192
4.47899
-0
-0
13.7133
-0
-0
-0
-0
-0
-0
1.84622
-0
-0
-0
-0
13.6045
-0
-0
0.337882
13.9449
-0
19.6301
-0
-0
-0
-0
-0
-0
-0
-0
-0
-0
1.76492
19.5556
-0
5.11606
13.6636
-0
7.15386
-0
-0
-0
-0
1.52861
14.0713
-0
23.9621
-0
-0
-0
-0
-0
-0
-0
11.7063
-0
-0
0.394772
-0
-0
-0
-0
-0
4.56145
10.9803
-0
-0
-0
-0
14.9771
-0
1.68729
3.50518
22.8365
-0
-0
-0
-0
-0
-0
4.26438
-0
-0
3.39033
5.45886
-0
13.2226
7.75528
-0
0.286067
2.34633
-0
-0
-0
-0
-0
-0
-0
36.7925
-0
-0
-0
-0
22.884
-0
-0
-0
-0
5.10543
-0
-0
-0
16.4615
-0
0.599308
-0
31.5166
6.75911
-0
-0
-0
-0
-0
-0
-0
27.3631
11.9473
21.2469
5.12012
-0
-0
-0
-0
-0
-0
27.5279
-0
-0
-0
-0
11.7908
-0
10.3386
-0
-0
16.5869
-0
-0
-0
3.75695
-0
-0
-0
0.564591
23.7059
-0
-0
16.4178
-0
-0
7.83446
-0
-0
-0
10.6936
34.3689
-0
-0
-0
-0
-0
-0
-0
3.99744
6.1175
-0
-0
-0
-0
-0
-0
-0
-0
-0
-0
-0
-0
-0
-0
-0
-0
-0
-0
-0
34.1336
12.3838
-0
-0
-0
-0
-0
-0
-0
-0
-0
-0
-0
-0
-0
-0
-0
-0
1.31012
2.07777
-0
-0
-0
-0
-0
-0
-0
-0
-0
-0
-0
20.8616
-0
-0
8.13824
-0
-0
-0
-0
-0
10.1342
1.54584
-0
-0
-0
-0
-0
19.2293
13.6105
1.55711
-0
-0
15.3645
-0
26.7222
-0
-0
-0
0.200727
-0
19.4075
-0
-0
-0
-0
-0
-0
-0
-0
-0
-0
-0
-0
-0
0.838624
-0
-0
4.44088
-0
-0
17.7513
2.88787
-0
-0
-0
-0
-0
-0
-0
-0
-0
22.3403
-0
23.5059
-0
10.9451
8.26156
-0
14.4563
-0
-0
-0
-0
-0
6.96462
12.4016
12.7814
2.96307
-0
-0
-0
-0
-0
-0
-0
-0
10.588
-0
14.1814
-0
10.3003
-0
-0
-0
-0
-0
30.5795
-0
-0
11.079
-0
4.77328
-0
8.19972
-0
-0
-0
16.7045
3.7178
-0
4.35718
-0
12.3632
4.47745
7.369
11.1178
-0
22.3652
-0
-0
44.052
-0
-0
17.4208
-0
-0
6.61862
15.2956
-0
-0
2.75409
-0
-0
-0
-0
-0
-0
12.7049
-0
0.907174
3.32773
-0
-0
-0
-0
-0
-0
1.13355
-0
11.3751
-0
-0
-0
-0
0.0939904
3.27013
-0
-0
13.8684
0.0639493
24.6596
22.2462
-0
-0
-0
-0
28.2658
-0
-0
2.099
-0
7.84263
-0
3.08919
20.5524
5.63088
-0
-0
7.85596
-0
-0
-0
16.3675
0.406611
-0
-0
-0
-0
-0
16.1559
0.322295
-0
-0
-0
-0
-0
-0
-0
-0
-0
11.1617
-0
-0
0.0239114
-0
1.05233
-0
-0
7.63646
34.757
-0
1.2633
-0
22.5508
-0
-0
-0
3.7278
-0
-0
-0
-0
-0
-0
-0
-0
-0
-0
-0
-0
-0
-0
1.34684
-0
-0
26.9925
-0
-0
-0
-0
10.7332
-0
20.9533
1.53339
-0
-0
-0
-0
-0
-0
-0
-0
-0
-0
-0
-0
-0
20.2688
-0
-0
-0
-0
-0
-0
-0
-0
-0
13.9646
-0
-0
-0
23.4616
-0
10.8611
-0
19.4581
2.80401
-0
-0
-0
-0
-0
10.953
29.3141
4.22718
14.1602
14.6528
-0
1.58766
-0
-0
-0
10.2941
-0
-0
14.0382
8.67584
-0
-0
-0
-0
-0
3.24678
-0
-0
14.5508
-0
13.6421
-0
-0
-0
-0
-0
-0
2.80666
7.85115
-0
-0
-0
-0
-0
0.2187
-0
38.2527
27.8082
-0
11.4588
-0
-0
-0
-0
-0
-0
-0
4.2284
10.3616
0.37941
15.2532
-0
37.8942
-0
-0
5.43345
-0
36.9571
0.894526
-0
-0
-0
-0
10.2381
-0
-0
-0
16.3672
-0
5.64652
-0
-0
-0
3.82081
-0
-0
-0
-0
29.1723
-0
-0
-0
0.639168
-0
-0
-0
-0
0.349796
0.78781
-0
-0
-0
-0
13.9564
-0
-0
-0
-0
-0
-0
-0
39.1749
-0
27.379
-0
19.3556
-0
-0
-0
-0
-0
-0
17.3872
-0
-0
-0
-0
-0
-0
-0
-0
-0
-0
-0
-0
-0
-0
-0
-0
11.4951
-0
-0
1.49873
-0
-0
-0
-0
-0
23.1533
-0
-0
15.3541
-0
-0
-0
-0
-0
1.17658
-0
-0
-0
-0
-0
-0
-0
3.02241
-0
-0
-0
-0
-0
-0
23.1051
-0
-0
-0
33.9987
5.78025
-0
7.58048
1.00785
-0
28.3878
-0
-0
15.6428
-0
-0
8.28503
-0
13.7038
-0
-0
3.89505
-0
2.90107
13.3618
-0
-0
2.80012
7.5182
-0
-0
-0
-0
-0
-0
20.1311
-0
-0
-0
-0
-0
-0
8.67823
-0
-0
-0
-0
-0
-0
-0
-0
0.632619
-0
-0
-0
5.3141
-0
-0
-0
-0
10.3493
-0
-0
16.6494
-0
0.204149
-0
-0
0.429808
-0
-0
-0
0.144716
-0
-0
-0
-0
6.67962
11.4422
9.95403
-0
15.1644
2.05997
-0
-0
-0
-0
-0
-0
-0
-0
28.9281
21.7424
-0
-0
-0
2.52941
-0
-0
-0
17.0571
-0
18.3294
5.13153
-0
-0
4.61884
5.20415
-0
-0
-0
14.4811
-0
-0
-0
21.1665
9.0764
-0
7.30258
-0
-0
-0
36.2379
-0
-0
-0
-0
-0
-0
-0
11.4971
-0
-0
29.6044
54.3457
25.4083
-0
-0
-0
-0
-0
1.53159
2.96895
-0
-0
-0
-0
7.96996
-0
-0
-0
-0
-0
-0
-0
-0
-0
-0
-0
2.01517
-0
35.7093
-0
19.3423
-0
-0
-0
-0
-0
-0
-0
2.67975
-0
-0
-0
-0
-0
-0
5.41008
-0
-0
19.9903
-0
-0
-0
-0
-0
-0
-0
-0
-0
-0
-0
8.3306
-0
-0
-0
-0
-0
-0
-0
-0
-0
-0
-0
9.34669
-0
-0
-0
-0
-0
-0
0.430227
-0
-0
1.62294
-0
-0
-0
-0
-0
-0
-0
-0
-0
-0
1.9124
23.244
-0
-0
28.4596
3.69625
-0
-0
-0
-0
-0
6.59437
-0
-0
5.34471
-0
-0
-0
19.6714
-0
-0
18.0013
5.22197
6.50618
21.7699
-0
-0
-0
-0
-0
-0
12.7091
-0
-0
-0
7.22788
-0
-0
-0
-0
-0
-0
-0
-0
-0
-0
-0
-0
-0
53.63
-0
7.89129
-0
13.9936
-0
1.35593
-0
3.41399
-0
-0
-0
-0
-0
-0
-0
-0
-0
-0
-0
-0
24.4747
-0
-0
-0
11.3197
7.04505
-0
-0
-0
-0
-0
3.69206
-0
8.23407
-0
-0
2.21758
-0
-0
-0
6.06598
-0
-0
5.65529
-0
-0
-0
-0
-0
-0
-0
-0
-0
-0
5.36925
-0
-0
-0
0.494038
-0
-0
-0
-0
10.6417
-0
0.29269
-0
-0
5.74619
-0
-0
-0
16.6854
-0
-0
-0
-0
7.85643
-0
-0
-0
13.0026
-0
0.841091
9.03709
-0
-0
-0
-0
17.1454
-0
-0
-0
0.20624
-0
8.52694
-0
-0
-0
-0
15.3707
-0
12.2572
-0
24.7429
-0
-0
-0
-0
-0
3.72699
-0
-0
-0
-0
-0
-0
-0
-0
-0
-0
21.0394
-0
-0
-0
-0
-0
-0
35.7799
-0
-0
-0
-0
15.0808
-0
-0
-0
-0
19.9984
-0
-0
-0
4.29732
-0
-0
-0
-0
-0
2.26825
19.8838
13.2986
-0
-0
9.09292
34.3529
-0
7.84088
-0
-0
-0
-0
-0
-0
-0
-0
-0
13.1551
-0
-0
-0
5.20346
25.0197
-0
-0
-0
-0
-0
-0
-0
-0
-0
-0
-0
12.2082
-0
-0
-0
17.0807
-0
15.573
8.12998
-0
-0
13.1761
-0
33.1395
28.1021
-0
29.7133
-0
-0
-0
-0
-0
-0
-0
15.5434
-0
16.7508
-0
-0
-0
11.8963
-0
3.01611
-0
-0
3.74134
12.0983
19.3911
-0
3.3108
-0
-0
-0
-0
22.3312
-0
-0
-0
-0
-0
-0
26.1467
-0
-0
6.7159
-0
-0
-0
-0
-0
-0
4.15572
-0
-0
-0
0.72291
-0
24.5662
-0
-0
-0
-0
-0
-0
19.781
-0
-0
8.75983
-0
4.73675
-0
-0
-0
4.58472
1.33199
-0
21.6015
-0
-0
-0
1.97265
1.02453
-0
8.23635
-0
-0
-0
4.03632
-0
-0
-0
11.3579
8.58329
-0
-0
-0
6.76271
-0
10.3822
25.9573
16.453
11.8597
-0
-0
-0
22.1529
-0
-0
-0
-0
-0
-0
-0
-0
19.8709
-0
-0
-0
-0
-0
16.8069
-0
18.5741
13.6983
-0
-0
-0
-0
-0
-0
-0
-0
26.8007
-0
-0
-0
-0
-0
3.89229
-0
-0
13.4179
-0
-0
-0
-0
18.4266
9.89196
-0
-0
11.8313
-0
8.64052
-0
40.0781
-0
-0
-0
-0
-0
-0
0.316159
-0
-0
-0
-0
-0
9.11289
22.0907
-0
23.248
-0
-0
-0
-0
-0
-0
-0
-0
-0
-0
-0
-0
7.82755
-0
-0
-0
35.5137
-0
-0
-0
-0
-0
-0
-0
-0
-0
-0
1.98151
21.5532
-0
12.8305
-0
20.9421
35.1583
-0
20.6532
-0
-0
-0
-0
0.902107
-0
-0
22.3356
-0
-0
-0
-0
-0
12.2027
-0
-0
-0
-0
8.60884
-0
3.24803
-0
0.851032
-0
-0
-0
1.23455
-0
-0
-0
-0
0.473281
-0
0.258054
-0
-0
-0
-0
-0
-0
10.3621
-0
4.13616
-0
-0
0.255016
36.8891
-0
-0
0.54439
-0
-0
-0
-0
-0
-0
-0
-0
-0
-0
-0
-0
30.0959
-0
-0
-0
-0
-0
-0
-0
-0
-0
-0
-0
-0
12.3229
-0
0.621765
-0
-0
-0
-0
5.78202
15.8406
-0
-0
-0
-0
-0
4.89456
-0
-0
-0
-0
9.56511
26.8293
5.22899
-0
-0
28.271
14.2981
5.16691
9.51943
-0
40.2924
8.5736
44.4583
-0
-0
-0
-0
-0
-0
-0
-0
-0
-0
-0
0.840689
17.9732
-0
-0
-0
-0
-0
0.233796
-0
-0
0.2906
-0
-0
-0
6.53278
-0
-0
2.91635
9.27152
-0
-0
-0
-0
-0
-0
-0
-0
-0
0.056791
1.60456
-0
-0
-0
-0
-0
-0
12.7891
-0
19.6413
7.59714
-0
-0
-0
2.23232
-0
-0
-0
0.0318596
-0
-0
-0
7.49246
-0
-0
-0
-0
15.8688
-0
-0
-0
-0
-0
-0
4.62912
-0
-0
-0
-0
-0
-0
-0
-0
-0
-0
-0
-0
-0
22.356
-0
-0
-0
-0
-0
33.3792
-0
-0
-0
4.02414
1.73136
13.6421
-0
-0
-0
-0
-0
-0
0.338121
16.7031
-0
5.67491
-0
-0
4.76248
-0
-0
-0
-0
-0
-0
1.92769
-0
-0
-0
-0
-0
-0
-0
-0
-0
-0
0.0901238
24.0259
-0
-0
8.452
-0
-0
-0
-0
-0
-0
-0
12.9959
-0
-0
-0
3.6314
-0
-0
-0
-0
-0
-0
-0
-0
5.47105
-0
-0
-0
2.28217
-0
-0
0.0883498
-0
-0
-0
-0
5.11698
-0
-0
-0
-0
0.222576
-0
-0
-0
-0
43.0651
-0
7.0092
-0
13.3727
-0
40.1029
-0
-0
6.33572
-0
-0
-0
-0
40.9342
3.08453
-0
-0
-0
3.55518
-0
24.4913
-0
-0
-0
-0
-0
15.5107
-0
-0
-0
-0
-0
9.89815
-0
13.6085
-0
4.51578
-0
-0
-0
-0
-0
-0
10.3881
-0
-0
-0
-0
14.7376
-0
11.1292
1.73155
-0
25.664
-0
-0
-0
-0
-0
-0
-0
-0
2.62192
5.2964
-0
2.52733
13.665
-0
-0
19.5981
-0
21.4318
9.05072
-0
-0
21.3229
2.29039
-0
-0
14.2111
-0
5.79035
-0
-0
-0
-0
-0
-0
-0
5.93792
9.4859
-0
-0
-0
4.78146
31.791
-0
-0
-0
-0
13.7162
-0
-0
11.6818
13.8493
8.97374
10.7845
-0
-0
-0
-0
0.335285
-0
-0
8.17484
-0
-0
-0
-0
-0
-0
10.4593
-0
1.1761
2.83007
-0
-0
-0
-0
-0
-0
-0
11.6314
-0
8.71376
-0
-0
0.588537
15.142
-0
16.1141
16.9318
-0
-0
-0
24.289
-0
-0
8.99063
10.6889
-0
8.48791
-0
-0
-0
-0
-0
10.5892
-0
-0
-0
-0
-0
14.0613
-0
-0
-0
-0
11.0166
9.14057
-0
-0
-0
-0
10.3773
-0
-0
-0
-0
-0
36.214
3.39469
0.637292
-0
-0
-0
-0
17.5919
-0
-0
-0
-0
-0
-0
-0
5.43451
-0
-0
-0
12.8991
-0
-0
-0
-0
-0
-0
4.0023
-0
-0
-0
14.1893
-0
-0
42.3195
-0
-0
-0
-0
-0
-0
10.6233
-0
-0
8.42304
-0
-0
-0
-0
7.12805
2.36495
-0
-0
-0
-0
-0
18.0294
-0
17.1682
0.911744
-0
-0
-0
-0
-0
-0
-0
6.02752
-0
-0
5.62236
-0
-0
-0
39.5121
-0
-0
-0
-0
13.0247
30.9864
-0
-0
-0
-0
-0
-0
-0
-0
-0
20.8249
7.09241
-0
8.24463
-0
-0
-0
-0
-0
-0
-0
-0
49.0991
-0
-0
-0
-0
2.27161
34.3806
-0
-0
-0
-0
13.8201
8.25644
-0
43.2237
-0
-0
4.87037
8.04749
9.61898
-0
0.177561
-0
13.8507
-0
-0
-0
11.6763
-0
-0
-0
-0
24.4624
18.2056
-0
-0
-0
-0
-0
-0
-0
-0
15.4774
-0
-0
-0
-0
-0
-0
10.7459
-0
-0
-0
-0
-0
0.807493
9.37867
-0
-0
-0
-0
-0
-0
9.0165
-0
20.8265
9.92814
7.9945
-0
-0
10.4742
15.6824
-0
2.35038
-0
-0
38.706
-0
-0
-0
-0
20.4015
-0
-0
-0
1.76293
-0
-0
-0
1.0177
-0
41.6153
-0
-0
-0
-0
-0
-0
-0
-0
-0
-0
1.40276
-0
-0
2.02067
-0
-0
14.1221
-0
-0
-0
26.4102
-0
-0
-0
-0
13.5084
0.788097
-0
25.9377
-0
27.9106
15.7798
-0
-0
3.79821
4.74673
-0
-0
-0
-0
-0
-0
3.03463
27.2839
-0
32.7228
-0
12.562
-0
-0
-0
-0
-0
-0
-0
-0
34.0336
-0
14.0271
-0
-0
-0
-0
-0
-0
-0
-0
-0
-0
-0
-0
30.9047
-0
-0
-0
-0
-0
12.0518
-0
7.63926
-0
17.4463
-0
-0
-0
9.89225
3.95315
-0
-0
-0
-0
14.9295
-0
47.6697
-0
-0
-0
-0
-0
-0
-0
-0
-0
-0
-0
-0
-0
-0
-0
-0
5.49887
-0
-0
16.1079
-0
-0
-0
-0
25.2667
-0
-0
-0
-0
4.53378
9.56179
-0
3.07568
-0
-0
-0
-0
35.0665
-0
-0
10.4369
-0
-0
-0
-0
-0
7.62407
39.0103
-0
7.62966
-0
-0
-0
-0
2.11261
-0
20.8396
14.93
-0
-0
-0
-0
17.2944
-0
16.1675
-0
-0
-0
-0
-0
-0
-0
-0
-0
-0
-0
-0
-0
-0
11.3413
-0
-0
-0
-0
-0
-0
45.93
-0
-0
-0
-0
-0
-0
-0
-0
-0
-0
3.21188
-0
-0
-0
-0
19.7968
-0
-0
39.4313
7.42582
-0
6.50827
-0
-0
37.7992
-0
8.26287
-0
-0
-0
4.13273
2.17867
-0
1.85949
-0
-0
-0
-0
-0
-0
15.0112
14.1147
-0
-0
-0
12.1134
0.47604
-0
-0
-0
-0
3.46985
-0
-0
-0
7.05602
5.33523
-0
-0
49.3675
-0
-0
8.73417
2.08314
-0
-0
-0
-0
-0
8.75247
-0
-0
-0
-0
-0
9.36424
-0
-0
-0
-0
8.41853
-0
-0
0.899582
-0
12.6991
2.23698
6.84868
-0
24.7343
4.2349
-0
6.88287
-0
-0
-0
-0
6.37802
-0
-0
9.21375
-0
-0
-0
-0
42.982
-0
-0
2.77432
-0
7.62553
12.1152
10.8089
-0
6.79224
10.8054
-0
-0
-0
-0
-0
-0
27.4367
-0
-0
-0
-0
-0
-0
-0
-0
-0
-0
-0
-0
-0
2.87926
-0
-0
22.5961
-0
-0
2.72867
-0
-0
-0
-0
26.9107
-0
-0
2.22039
-0
-0
-0
1.66071
-0
-0
-0
0.37256
-0
-0
-0
4.24137
-0
-0
-0
-0
-0
-0
-0
7.79465
-0
-0
-0
-0
-0
-0
-0
4.57159
-0
13.2648
-0
-0
6.03139
-0
-0
-0
12.7751
-0
-0
5.47175
-0
-0
-0
8.92145
9.16616
20.5184
-0
-0
-0
-0
-0
31.8662
4.34562
1.75172
3.96118
2.78417
-0
12.9755
-0
-0
-0
-0
-0
-0
-0
-0
4.29431
-0
-0
2.39944
-0
-0
-0
-0
-0
4.45453
1.08353
-0
-0
23.8977
-0
24.7728
2.89049
-0
-0
-0
-0
-0
-0
-0
-0
13.3712
-0
5.36242
-0
-0
-0
-0
20.7789
20.4367
-0
-0
-0
-0
-0
-0
5.72912
6.24502
11.2291
17.9012
12.4416
-0
18.8642
-0
-0
-0
15.7363
-0
-0
-0
-0
16.9
2.0979
-0
-0
