-0
-0
-0
-0
-0
-0
-0
18.1068
19.7683
-0
21.9167
-0
-0
-0
-0
18.2688
-0
-0
13.7583
-0
-0
-0
-0
1.66472
11.0331
25.7481
34.776
-0
-0
-0
-0
-0
-0
-0
5.94721
-0
-0
-0
-0
-0
-0
-0
17.1188
22.5968
-0
-0
-0
24.3047
-0
13.8367
-0
-0
-0
-0
-0
9.45584
20.3371
1.1639
6.8266
-0
-0
-0
22.4957
-0
4.48116
-0
18.3475
14.4499
-0
0.803787
-0
-0
-0
-0
-0
4.82896
22.9466
-0
-0
-0
-0
12.0986
22.7289
-0
7.39691
-0
-0
-0
-0
-0
-0
-0
-0
-0
36.3253
-0
6.60786
-0
4.56154
-0
-0
-0
-0
-0
13.5091
-0
3.55724
-0
-0
-0
-0
-0
-0
-0
-0
25.2092
-0
-0
40.6749
51.6481
12.4453
-0
13.5612
0.642855
20.4272
-0
-0
3.11206
-0
-0
-0
-0
15.5247
-0
32.3419
-0
-0
-0
-0
13.5661
-0
-0
26.9822
-0
-0
-0
-0
-0
-0
-0
-0
-0
-0
-0
15.8987
-0
31.0573
-0
-0
1.28055
37.6705
-0
-0
-0
24.0389
14.0679
-0
23.7784
-0
56.9411
-0
14.7875
-0
-0
-0
-0
-0
-0
-0
-0
-0
-0
-0
-0
-0
21.9465
-0
-0
40.4992
-0
30.7825
10.1429
38.7529
3.89721
-0
-0
-0
5.2378
-0
-0
-0
-0
-0
-0
16.3711
-0
-0
14.6804
25.3259
-0
-0
6.32296
17.9663
-0
-0
-0
9.35181
-0
21.1244
-0
32.9952
-0
-0
-0
-0
-0
-0
20.3831
-0
-0
-0
-0
-0
-0
-0
3.90859
-0
-0
-0
-0
-0
16.9442
-0
-0
-0
-0
53.1364
-0
-0
-0
-0
0.185242
-0
-0
51.1608
-0
4.82109
-0
-0
-0
-0
-0
-0
-0
-0
-0
-0
-0
-0
-0
-0
33.4628
20.7867
36.1402
-0
-0
-0
-0
-0
-0
-0
7.34591
-0
27.9981
-0
-0
-0
-0
-0
-0
-0
4.63097
28.1944
-0
-0
-0
-0
-0
30.1932
19.0134
-0
-0
-0
-0
2.89723
13.7036
-0
-0
26.409
-0
-0
-0
13.0878
-0
1.32532
0.0422707
-0
-0
-0
1.17867
-0
-0
-0
3.88889
32.3731
-0
27.9512
8.28831
-0
25.2684
-0
-0
-0
-0
-0
-0
-0
8.67336
8.73044
10.7412
-0
-0
-0
-0
10.7684
-0
-0
3.31434
-0
-0
-0
-0
12.0176
-0
12.1161
-0
-0
-0
-0
10.1394
16.182
-0
-0
12.9014
11.8249
2.18798
-0
-0
46.1518
-0
-0
-0
0.819303
35.2942
-0
-0
-0
6.85118
14.6279
-0
-0
-0
25.1779
-0
-0
37.8931
-0
-0
-0
-0
-0
7.8572
-0
-0
-0
17.6474
-0
-0
-0
-0
-0
-0
-0
-0
-0
-0
-0
-0
-0
-0
-0
-0
-0
-0
0.532579
45.5635
-0
-0
-0
-0
7.82306
-0
-0
-0
-0
11.6663
-0
-0
13.8503
3.68739
-0
9.79176
-0
-0
4.17758
-0
-0
-0
-0
-0
-0
-0
0.288761
-0
-0
-0
-0
-0
-0
-0
23.2756
16.3235
-0
-0
-0
6.3727
4.6717
21.815
-0
-0
-0
-0
12.8955
-0
28.5239
-0
-0
-0
-0
-0
-0
-0
-0
-0
-0
0.118771
-0
-0
-0
-0
-0
-0
-0
1.67213
-0
-0
-0
-0
-0
49.1994
47.2051
-0
-0
-0
-0
33.1705
45.6917
-0
-0
14.4503
-0
-0
34.6936
0.751022
-0
-0
16.4851
-0
-0
16.8693
-0
-0
15.167
-0
-0
11.4871
-0
-0
-0
-0
2.15336
-0
4.48889
14.3845
17.444
-0
8.19849
-0
-0
-0
-0
-0
-0
-0
16.9976
-0
21.7278
-0
-0
-0
-0
-0
-0
-0
-0
9.81054
-0
14.0024
-0
15.3079
4.82413
-0
-0
-0
69.3001
37.1288
-0
-0
19.3929
-0
-0
-0
21.3656
-0
-0
-0
-0
-0
-0
26.8397
-0
-0
5.58154
31.9055
26.3613
-0
-0
-0
24.3817
-0
5.45466
-0
-0
-0
-0
10.3333
-0
8.46711
-0
-0
-0
-0
11.7748
-0
-0
-0
-0
-0
5.54605
-0
-0
-0
-0
-0
-0
-0
-0
-0
11.3237
21.0715
-0
-0
10.7332
-0
-0
-0
14.1772
7.50688
-0
42.9452
-0
-0
-0
-0
-0
-0
-0
-0
-0
-0
-0
-0
-0
-0
-0
-0
-0
-0
-0
11.9211
-0
-0
-0
-0
-0
-0
-0
-0
-0
-0
-0
-0
-0
3.91615
2.46093
17.9225
-0
-0
-0
-0
-0
-0
-0
31.0341
-0
43.5107
-0
-0
-0
-0
21.3188
-0
-0
-0
-0
16.2428
-0
-0
0.179396
21.4307
-0
-0
35.0977
-0
-0
5.9507
-0
-0
-0
-0
-0
-0
17.5492
11.5749
-0
-0
-0
-0
-0
13.4057
35.6384
-0
-0
5.61652
13.8246
-0
-0
-0
13.508
-0
-0
8.33951
-0
10.6086
-0
-0
-0
-0
-0
-0
-0
-0
-0
-0
35.3867
-0
-0
-0
35.2561
-0
43.6804
-0
-0
-0
10.7021
9.06932
-0
0.23469
-0
-0
-0
16.2353
-0
-0
-0
-0
-0
-0
-0
0.985477
1.1335
-0
-0
-0
0.622148
-0
2.63
-0
35.6277
-0
-0
18.1527
-0
-0
12.4616
-0
23.3623
-0
-0
-0
-0
-0
-0
-0
13.6298
-0
-0
-0
-0
32.3827
-0
14.0966
-0
-0
-0
-0
-0
47.3284
-0
-0
-0
-0
18.5965
-0
13.6511
1.59764
39.0487
-0
-0
-0
-0
-0
1.7791
-0
-0
-0
-0
-0
33.5918
-0
-0
-0
-0
-0
-0
3.17322
-0
-0
-0
-0
-0
-0
32.7543
-0
-0
-0
-0
5.97672
-0
-0
50.5129
-0
19.6885
-0
-0
-0
-0
1.06159
-0
-0
-0
-0
-0
-0
3.08352
-0
35.3189
13.2969
-0
-0
21.8398
-0
11.0538
-0
-0
-0
33.4507
-0
-0
-0
-0
3.87638
-0
-0
0.267249
-0
-0
-0
-0
-0
-0
-0
-0
-0
-0
4.38093
-0
-0
-0
-0
2.59643
22.4805
-0
-0
-0
-0
13.2758
9.97672
-0
3.2392
-0
-0
-0
-0
-0
-0
6.06223
-0
-0
21.2063
13.4512
-0
-0
-0
0.755933
-0
1.72156
-0
-0
-0
2.15938
27.2337
-0
-0
-0
-0
-0
20.3944
-0
-0
16.7912
-0
-0
-0
19.5242
-0
-0
35.3494
-0
-0
-0
17.9477
-0
26.4105
-0
-0
-0
-0
-0
6.16315
5.13722
-0
-0
-0
3.24107
-0
3.0828
5.1801
-0
-0
-0
5.09334
-0
-0
7.56436
-0
8.44652
0.571374
-0
-0
-0
-0
-0
-0
-0
-0
-0
-0
-0
-0
-0
-0
-0
21.3801
-0
-0
-0
-0
-0
-0
-0
-0
-0
-0
1.76483
-0
-0
-0
-0
-0
-0
-0
-0
-0
-0
-0
-0
-0
-0
-0
-0
-0
-0
-0
-0
-0
-0
-0
-0
-0
-0
-0
-0
-0
-0
-0
-0
-0
-0
-0
-0
-0
-0
6.21144
34.3075
9.34336
-0
-0
-0
2.99914
-0
-0
-0
-0
-0
-0
-0
-0
30.6504
16.3418
-0
-0
-0
10.477
35.5388
-0
-0
-0
10.9913
-0
29.5055
8.03992
7.48739
-0
7.7169
-0
-0
-0
-0
-0
-0
-0
-0
-0
-0
7.64194
-0
-0
-0
-0
-0
-0
-0
6.32537
-0
37.1571
-0
-0
42.7003
-0
-0
-0
-0
-0
-0
-0
-0
21.5998
4.84063
-0
-0
-0
-0
8.89989
-0
-0
-0
27.2494
-0
23.4492
-0
-0
9.70792
13.3059
-0
-0
-0
-0
-0
-0
17.9215
-0
-0
4.8644
-0
-0
-0
-0
29.7417
-0
-0
-0
-0
-0
0.979756
-0
-0
-0
-0
-0
-0
7.35162
6.35869
5.41368
-0
-0
-0
-0
-0
-0
0.885682
-0
-0
-0
34.2744
12.128
-0
-0
-0
54.2087
-0
-0
-0
-0
-0
39.1314
-0
-0
24.669
3.21411
-0
27.1124
-0
-0
-0
-0
7.57244
-0
-0
-0
-0
-0
-0
-0
-0
-0
-0
18.6609
-0
-0
2.45057
-0
29.0143
-0
-0
-0
-0
-0
-0
-0
-0
-0
-0
-0
-0
-0
-0
-0
-0
11.5462
-0
-0
-0
-0
-0
8.3076
-0
-0
-0
-0
-0
-0
-0
-0
-0
31.7308
-0
-0
-0
-0
26.3729
-0
-0
-0
-0
17.2588
-0
-0
-0
-0
-0
25.5804
-0
-0
-0
-0
-0
-0
7.75386
-0
16.0896
-0
-0
-0
-0
-0
-0
8.77461
-0
-0
-0
-0
-0
-0
-0
-0
-0
-0
-0
-0
7.51168
13.6119
22.2508
-0
-0
-0
-0
-0
-0
18.7941
-0
-0
-0
22.1591
-0
-0
-0
-0
7.24036
-0
-0
4.62756
-0
-0
-0
-0
-0
13.6256
0.392566
12.9534
-0
9.02387
-0
2.46203
-0
17.3146
-0
-0
30.4517
-0
1.25331
-0
-0
-0
-0
20.3026
31.7384
17.0836
-0
-0
19.839
-0
-0
-0
19.8735
57.972
6.70174
-0
38.5516
5.63589
-0
11.3341
39.4117
1.63119
13.0284
-0
-0
3.91263
-0
-0
12.3154
51.9672
-0
-0
5.30442
-0
-0
-0
-0
19.5686
1.35014
-0
23.1404
-0
0.023515
-0
-0
22.4377
-0
-0
-0
-0
-0
27.3886
-0
-0
-0
-0
-0
-0
-0
-0
-0
-0
-0
-0
-0
-0
-0
19.6189
-0
11.7455
-0
-0
-0
-0
15.9368
-0
-0
-0
-0
-0
-0
-0
-0
-0
-0
-0
-0
-0
-0
-0
8.82603
-0
35.1569
-0
-0
-0
-0
17.3097
-0
-0
-0
-0
-0
-0
62.3504
31.4758
-0
-0
-0
-0
-0
-0
32.6394
11.931
-0
-0
-0
-0
44.0386
-0
-0
-0
-0
-0
-0
-0
-0
-0
-0
-0
-0
25.1084
6.82828
24.9482
-0
0.735252
-0
-0
3.61886
-0
-0
20.3766
-0
-0
26.363
-0
-0
-0
-0
-0
3.92332
-0
-0
-0
-0
-0
-0
-0
-0
-0
-0
-0
-0
-0
-0
-0
-0
-0
0.503015
-0
-0
-0
-0
19.3279
-0
-0
-0
-0
-0
-0
-0
26.2061
-0
-0
-0
-0
-0
-0
14.4567
-0
15.5098
-0
1.36506
-0
-0
-0
-0
-0
-0
13.8445
-0
-0
-0
-0
38.5055
2.91544
-0
-0
2.25744
4.96578
-0
-0
17.6312
-0
0.0708271
-0
16.0604
-0
-0
-0
-0
-0
-0
-0
-0
-0
-0
-0
-0
-0
-0
10.1255
47.0058
-0
-0
-0
-0
-0
-0
-0
-0
10.6333
-0
8.16025
-0
-0
-0
-0
-0
-0
-0
-0
-0
-0
-0
7.23805
18.2338
-0
-0
-0
-0
21.6079
-0
-0
-0
-0
-0
-0
-0
-0
-0
3.96806
23.3031
12.9213
-0
-0
-0
-0
-0
-0
-0
25.3597
23.867
-0
-0
2.81906
-0
-0
-0
31.2145
-0
-0
-0
-0
-0
-0
21.7591
-0
-0
-0
-0
-0
-0
-0
-0
-0
-0
45.7662
-0
-0
-0
-0
-0
-0
25.6564
-0
-0
17.3394
-0
0.612017
-0
-0
-0
-0
-0
-0
-0
-0
-0
24.6475
-0
-0
-0
-0
12.85
-0
-0
23.6575
-0
-0
-0
-0
39.2677
2.25239
-0
12.4657
-0
-0
-0
-0
-0
14.1156
-0
-0
-0
22.5923
-0
33.485
-0
-0
-0
-0
10.399
-0
2.78143
-0
16.0786
-0
9.60332
-0
-0
-0
-0
-0
5.44858
-0
52.5556
-0
-0
-0
-0
-0
-0
-0
-0
-0
-0
-0
-0
-0
34.5233
-0
-0
-0
36.2737
-0
-0
3.26659
-0
-0
-0
-0
-0
27.3239
-0
2.89823
6.36332
-0
-0
-0
15.2627
-0
-0
5.23254
-0
-0
34.6197
-0
-0
-0
0.629851
-0
-0
-0
-0
-0
-0
-0
-0
-0
-0
-0
-0
-0
-0
15.9796
-0
-0
20.5536
14.3587
-0
-0
18.9842
-0
-0
-0
-0
15.1227
-0
-0
-0
-0
-0
-0
-0
5.03892
24.197
-0
41.2318
-0
-0
-0
-0
-0
13.2087
7.2042
-0
-0
-0
-0
1.26693
-0
9.69703
-0
-0
-0
-0
-0
-0
-0
42.0856
-0
-0
-0
12.2558
-0
-0
6.47469
-0
-0
20.4343
-0
-0
-0
25.9911
22.5232
-0
-0
-0
-0
-0
-0
-0
-0
-0
-0
-0
-0
-0
1.52722
-0
5.64108
-0
-0
-0
-0
-0
-0
-0
-0
-0
-0
-0
-0
30.9205
4.76695
-0
4.35501
8.98115
-0
-0
-0
-0
1.92722
-0
3.48594
-0
-0
-0
-0
21.2227
-0
2.66827
4.63238
-0
-0
-0
-0
-0
-0
-0
-0
-0
-0
-0
-0
-0
-0
-0
-0
-0
-0
-0
-0
6.8759
0.788087
-0
-0
-0
-0
7.90517
-0
4.31861
-0
-0
-0
9.87188
-0
-0
-0
-0
-0
-0
-0
34.2721
-0
-0
-0
-0
11.1638
-0
-0
-0
16.0036
-0
3.14009
-0
-0
-0
-0
-0
19.7921
-0
-0
18.077
-0
-0
-0
-0
-0
-0
19.3922
-0
-0
-0
17.4163
0.508716
8.57938
-0
36.4155
22.5377
-0
56.2108
16.3935
-0
-0
19.6413
-0
-0
-0
-0
4.84377
-0
-0
-0
-0
-0
-0
-0
-0
6.4344
-0
-0
-0
-0
-0
-0
-0
-0
-0
28.8715
6.81136
-0
0.0565387
-0
-0
-0
8.01922
-0
-0
-0
-0
-0
-0
3.70287
-0
1.58828
-0
-0
19.2792
-0
6.04799
-0
-0
-0
-0
-0
4.05176
-0
0.519162
8.50582
-0
-0
-0
14.2954
-0
-0
-0
-0
-0
-0
9.74685
-0
-0
-0
26.6489
8.75431
-0
-0
-0
-0
2.71936
-0
45.0085
-0
-0
-0
-0
-0
-0
-0
-0
-0
3.65466
-0
6.05802
-0
3.24566
-0
-0
10.9211
-0
-0
-0
-0
38.096
-0
22.3963
-0
11.9175
4.96387
-0
12.8895
-0
-0
-0
9.88152
20.0517
-0
-0
-0
-0
-0
-0
-0
-0
-0
-0
-0
-0
-0
-0
-0
-0
6.1236
-0
-0
-0
-0
-0
-0
-0
14.3989
15.681
-0
-0
-0
31.4234
-0
-0
-0
25.3931
8.09081
-0
-0
4.28438
-0
-0
-0
-0
-0
-0
-0
-0
-0
-0
-0
-0
-0
11.8474
-0
-0
-0
-0
-0
-0
-0
-0
-0
-0
-0
-0
-0
-0
-0
-0
6.17742
23.9493
-0
-0
-0
-0
-0
-0
18.856
-0
-0
-0
30.9485
-0
-0
-0
-0
-0
7.51098
35.3146
-0
16.5457
-0
12.8283
-0
-0
-0
-0
5.15363
-0
10.7123
27.1251
-0
33.8929
25.4116
-0
-0
-0
-0
-0
-0
-0
-0
-0
-0
-0
-0
-0
-0
-0
-0
-0
-0
12.6785
-0
-0
6.523
-0
-0
-0
-0
-0
-0
5.59309
-0
-0
-0
-0
7.03858
-0
-0
18.5881
33.0845
13.3989
-0
-0
-0
-0
-0
-0
-0
-0
-0
-0
48.2513
11.8474
0.311492
45.2012
-0
-0
-0
-0
3.31511
-0
-0
-0
-0
20.0234
-0
21.2556
-0
-0
-0
-0
1.39008
-0
-0
-0
-0
-0
-0
-0
-0
20.4705
-0
-0
-0
-0
-0
-0
-0
-0
11.3555
10.5092
-0
-0
-0
-0
-0
27.5863
-0
-0
-0
-0
-0
-0
-0
-0
14.2258
-0
6.83134
-0
21.7511
-0
-0
-0
-0
46.4397
20.4009
-0
-0
5.99384
-0
-0
-0
-0
-0
-0
-0
-0
-0
-0
-0
-0
-0
-0
-0
-0
-0
-0
-0
11.0993
-0
-0
-0
-0
17.0643
-0
-0
4.53344
-0
-0
39.1131
-0
-0
-0
-0
-0
-0
0.288356
-0
-0
-0
-0
-0
-0
-0
42.1529
-0
6.63315
-0
48.9868
3.29462
28.9706
-0
-0
18.7519
-0
-0
-0
19.47
-0
-0
-0
-0
-0
-0
-0
4.17262
-0
1.49488
-0
-0
-0
-0
-0
-0
-0
-0
-0
-0
-0
18.2648
-0
-0
-0
-0
-0
-0
-0
-0
-0
13.3332
19.6539
-0
-0
-0
-0
0.681494
-0
-0
-0
-0
-0
-0
-0
-0
1.66492
-0
-0
11.0135
-0
-0
-0
-0
3.84791
-0
-0
-0
-0
-0
-0
-0
-0
-0
74.0802
2.25482
-0
29.0369
2.54961
-0
-0
7.28063
-0
-0
-0
-0
-0
-0
-0
-0
-0
6.77053
-0
-0
1.54049
-0
-0
-0
18.5816
23.1985
28.2907
-0
10.0021
-0
-0
-0
-0
39.0078
-0
-0
-0
-0
-0
-0
-0
-0
-0
31.5637
24.4803
-0
-0
-0
20.8514
-0
-0
-0
21.8649
-0
16.6615
24.7979
-0
23.8811
-0
-0
-0
-0
-0
20.1198
-0
8.7495
-0
-0
-0
-0
-0
-0
-0
-0
-0
-0
-0
-0
-0
-0
-0
-0
23.7112
0.358125
-0
-0
-0
-0
-0
-0
-0
-0
12.1739
-0
-0
-0
-0
-0
6.35115
-0
7.8791
-0
-0
-0
-0
-0
-0
-0
-0
-0
-0
-0
12.9489
-0
47.8222
10.6153
-0
23.8505
-0
-0
-0
-0
-0
-0
-0
16.8021
-0
-0
29.6881
-0
-0
-0
-0
-0
-0
-0
-0
0.248212
-0
-0
-0
22.5105
3.2632
-0
-0
10.163
-0
14.2217
34.9113
-0
20.4631
-0
48.121
1.60989
-0
-0
-0
-0
-0
-0
-0
20.2058
-0
0.382126
-0
26.7297
-0
18.4952
-0
-0
15.0234
-0
0.597146
-0
-0
-0
-0
-0
-0
9.08538
-0
-0
-0
5.93618
-0
-0
-0
-0
-0
-0
-0
-0
-0
-0
-0
-0
-0
35.1345
-0
9.02214
-0
14.0791
-0
-0
-0
-0
-0
-0
-0
5.8249
-0
-0
-0
-0
-0
-0
-0
-0
10.575
5.93814
-0
-0
-0
-0
-0
-0
-0
-0
-0
2.66628
-0
13.3486
-0
-0
1.48374
-0
-0
5.43256
14.5075
-0
-0
-0
-0
-0
-0
-0
-0
-0
-0
-0
-0
-0
-0
-0
-0
-0
-0
-0
-0
-0
-0
-0
-0
6.56364
-0
-0
8.20767
-0
-0
-0
33.8781
-0
20.8944
-0
11.0419
22.1349
-0
-0
-0
19.6116
-0
25.3178
7.61293
-0
-0
-0
-0
36.8717
-0
28.7546
-0
-0
-0
25.4253
-0
-0
-0
-0
4.42423
-0
-0
-0
-0
-0
-0
-0
-0
-0
-0
-0
-0
-0
-0
5.71378
-0
-0
-0
-0
-0
6.99322
4.93061
-0
-0
-0
-0
-0
-0
-0
-0
-0
-0
-0
-0
-0
10.3228
-0
-0
-0
8.09061
-0
-0
-0
-0
-0
-0
-0
15.2313
-0
1.33981
-0
-0
-0
30.4673
-0
-0
-0
-0
-0
-0
-0
-0
-0
-0
-0
1.53156
-0
-0
-0
27.8675
-0
-0
0.521508
-0
-0
-0
-0
-0
-0
-0
-0
10.1384
-0
-0
5.01633
6.25461
-0
44.7467
-0
-0
-0
-0
-0
-0
0.851871
-0
-0
-0
16.8959
-0
-0
-0
-0
-0
19.3196
-0
-0
34.1826
-0
-0
-0
13.3701
-0
34.3423
-0
-0
-0
-0
-0
-0
25.914
-0
-0
-0
-0
-0
-0
-0
-0
-0
-0
-0
28.801
-0
-0
-0
-0
-0
-0
5.6061
-0
-0
-0
-0
-0
-0
-0
-0
-0
8.99756
-0
-0
-0
-0
-0
22.7365
-0
-0
-0
-0
5.66274
-0
-0
-0
15.4257
-0
-0
45.023
-0
-0
-0
-0
-0
-0
-0
-0
-0
-0
-0
30.7498
34.7146
-0
17.2225
-0
26.6178
-0
-0
-0
-0
26.2994
-0
10.5578
-0
-0
-0
13.6535
47.3483
-0
11.6016
-0
4.81694
-0
-0
-0
-0
9.60095
-0
-0
-0
-0
-0
-0
-0
17.662
14.6225
-0
22.8615
-0
-0
8.66832
28.3772
-0
-0
26.2085
7.53306
-0
-0
-0
-0
-0
-0
-0
17.71
-0
-0
16.7045
-0
-0
15.5789
-0
19.302
4.63869
-0
-0
2.17458
29.53
-0
-0
-0
-0
-0
-0
-0
11.128
8.59848
-0
22.1704
-0
19.9275
6.57747
-0
45.671
-0
-0
-0
-0
-0
-0
-0
-0
-0
-0
-0
-0
-0
-0
-0
-0
13.1225
-0
-0
-0
12.9849
-0
-0
-0
-0
-0
-0
-0
-0
-0
-0
-0
59.1849
44.6403
-0
6.0846
-0
-0
-0
-0
8.01279
-0
-0
31.6042
-0
-0
6.13191
-0
-0
12.2512
-0
-0
-0
-0
-0
-0
3.59449
-0
3.55168
-0
6.21523
-0
25.0346
-0
-0
-0
8.7823
0.81163
-0
35.7108
5.58095
-0
-0
-0
2.05107
-0
17.7785
19.3988
18.5763
-0
-0
-0
-0
-0
-0
-0
2.64082
-0
-0
-0
-0
-0
-0
-0
-0
-0
-0
-0
10.7201
-0
-0
-0
15.4067
-0
-0
-0
-0
-0
4.33732
-0
-0
-0
-0
-0
-0
5.91856
-0
-0
8.81795
41.0167
1.22231
-0
-0
-0
-0
6.37698
-0
-0
-0
-0
7.02723
20.1967
-0
-0
26.7942
46.5502
-0
-0
-0
-0
38.8317
29.1922
33.566
-0
11.5473
-0
-0
-0
-0
-0
-0
-0
-0
-0
9.63236
26.0847
-0
-0
-0
-0
4.92894
-0
-0
-0
16.7347
-0
-0
-0
-0
-0
-0
-0
1.69822
15.323
-0
-0
-0
-0
-0
4.96177
-0
-0
-0
16.3809
-0
-0
-0
-0
-0
-0
11.4983
-0
8.91364
-0
-0
-0
-0
-0
-0
-0
-0
-0
-0
-0
-0
-0
-0
-0
-0
-0
-0
-0
-0
-0
-0
22.9739
-0
8.75681
-0
-0
-0
-0
-0
-0
-0
-0
-0
-0
-0
2.27673
-0
-0
-0
-0
22.2592
-0
-0
-0
-0
2.49497
-0
-0
-0
-0
7.2723
-0
-0
-0
-0
0.222946
-0
3.19475
-0
-0
-0
-0
-0
-0
-0
-0
-0
-0
-0
-0
-0
-0
-0
-0
-0
34.4613
-0
-0
0.689837
-0
29.2275
43.8377
-0
-0
9.23309
-0
-0
-0
-0
-0
-0
-0
-0
-0
-0
-0
-0
-0
-0
-0
13.3677
-0
-0
-0
-0
18.0592
7.10594
-0
-0
-0
18.3936
11.4125
-0
-0
-0
-0
-0
-0
-0
1.25199
-0
-0
-0
-0
4.58466
-0
-0
50.3537
-0
-0
-0
15.4182
-0
-0
-0
-0
24.0965
-0
-0
-0
-0
-0
-0
-0
-0
-0
-0
-0
-0
-0
1.05823
-0
-0
-0
0.906182
-0
-0
22.3594
-0
-0
8.8468
-0
32.8499
14.8921
-0
-0
-0
-0
-0
-0
-0
-0
-0
-0
-0
-0
7.7695
-0
-0
-0
-0
2.80013
-0
-0
-0
-0
-0
-0
-0
-0
22.4038
5.05464
25.3219
2.44122
10.5182
-0
-0
29.6104
-0
-0
-0
-0
50.4578
-0
28.3718
-0
-0
-0
-0
17.9769
-0
-0
-0
-0
-0
-0
-0
6.97001
-0
-0
-0
-0
17.7572
-0
-0
-0
21.4635
6.05857
42.9666
-0
1.67667
14.9883
8.55455
-0
15.4114
-0
-0
-0
4.18174
18.6176
-0
-0
-0
2.85234
-0
-0
-0
-0
-0
12.0757
-0
-0
-0
-0
24.911
-0
-0
-0
-0
-0
-0
-0
20.9945
13.9228
1.64871
-0
-0
8.95873
-0
-0
-0
12.8704
-0
8.49969
-0
-0
-0
9.099
-0
15.3185
-0
-0
-0
-0
-0
-0
-0
-0
-0
-0
-0
43.7603
0.396932
-0
-0
10.3557
0.20428
6.13676
9.0584
41.6018
-0
11.795
-0
-0
-0
-0
-0
-0
59.4769
-0
16.1416
-0
-0
-0
-0
22.2239
9.49137
-0
-0
4.90375
27.8223
-0
-0
-0
-0
-0
-0
42.4266
-0
-0
-0
22.4757
-0
3.43345
3.79011
-0
-0
-0
25.7753
-0
-0
15.2627
-0
15.1104
-0
-0
-0
-0
17.0975
-0
-0
-0
-0
-0
-0
12.7786
28.4657
3.6427
5.86294
22.05
-0
-0
-0
-0
21.0321
8.73911
-0
-0
-0
-0
-0
-0
-0
-0
40.3814
-0
-0
-0
-0
-0
-0
27.122
-0
-0
-0
-0
5.40321
-0
-0
-0
-0
-0
-0
-0
-0
49.0606
-0
28.9306
-0
-0
-0
-0
-0
-0
-0
-0
-0
-0
-0
10.7984
-0
-0
-0
-0
-0
51.9199
-0
-0
-0
-0
25.5487
8.60481
20.6458
22.9244
-0
-0
-0
16.9697
-0
-0
24.7262
-0
3.65051
-0
-0
-0
10.1763
-0
-0
-0
-0
-0
22.4877
-0
-0
-0
-0
19.004
-0
10.5334
-0
-0
-0
-0
7.23308
-0
-0
15.2762
24.9594
-0
-0
6.07056
-0
-0
-0
5.99559
-0
-0
-0
2.96907
-0
7.98584
29.5075
-0
0.929872
39.3444
5.99409
-0
-0
31.4625
-0
-0
-0
-0
-0
-0
-0
-0
-0
-0
-0
-0
-0
-0
-0
-0
-0
-0
18.5646
-0
62.5783
-0
-0
-0
-0
-0
-0
-0
-0
-0
-0
-0
-0
-0
11.5154
-0
-0
58.4335
-0
-0
-0
-0
-0
-0
-0
-0
-0
-0
16.17
7.94616
-0
46.2749
2.68195
-0
-0
21.2039
20.761
-0
8.94693
-0
-0
21.4801
-0
20.4232
-0
-0
14.3502
-0
11.7525
-0
-0
-0
-0
-0
-0
-0
-0
3.65855
12.1049
-0
-0
-0
-0
-0
-0
7.3489
-0
-0
29.0586
-0
-0
1.90915
33.1072
-0
-0
-0
-0
-0
13.3946
-0
31.4975
-0
-0
-0
-0
16.7929
17.059
29.0548
-0
-0
-0
-0
39.6664
-0
28.6044
-0
-0
-0
-0
7.28072
-0
-0
-0
-0
-0
-0
6.15774
-0
-0
-0
-0
8.07613
-0
-0
-0
-0
-0
-0
-0
19.2023
-0
10.5337
9.30763
-0
-0
-0
-0
-0
-0
-0
-0
-0
15.5358
-0
-0
-0
-0
-0
-0
22.4722
-0
-0
-0
-0
14.8326
-0
3.44871
-0
-0
-0
-0
-0
-0
-0
-0
-0
2.15482
-0
7.54453
24.4146
-0
-0
-0
35.1189
-0
-0
1.57896
-0
-0
4.4361
-0
8.03511
-0
-0
15.6661
-0
-0
-0
3.71578
-0
-0
-0
9.48593
4.72174
-0
-0
-0
4.64664
-0
-0
-0
-0
-0
-0
-0
14.9087
-0
-0
-0
-0
0.778505
-0
-0
36.4698
-0
-0
9.1374
-0
-0
-0
-0
-0
-0
12.7972
-0
-0
-0
-0
-0
-0
-0
-0
30.4242
3.44374
-0
-0
-0
1.42692
15.6678
-0
-0
10.4049
-0
3.94192
-0
-0
-0
-0
-0
-0
27.1735
1.58488
-0
-0
17.8468
27.0904
-0
-0
-0
-0
-0
43.2969
-0
1.70565
-0
-0
-0
9.652
-0
-0
-0
-0
0.772121
-0
-0
21.836
-0
21.1866
1.52957
16.1105
-0
31.4543
3.9505
15.2956
-0
9.83251
15.7331
-0
-0
36.4762
-0
-0
22.2038
-0
-0
-0
-0
26.6773
-0
-0
-0
12.0359
1.46575
-0
-0
-0
-0
12.248
-0
-0
-0
-0
-0
-0
22.5971
-0
-0
-0
-0
-0
-0
-0
-0
-0
-0
-0
-0
-0
12.4891
-0
19.4756
5.75482
-0
-0
-0
5.03905
-0
-0
-0
3.05958
-0
-0
-0
-0
-0
16.2618
-0
-0
-0
-0
23.5818
-0
-0
47.3006
-0
-0
-0
-0
-0
-0
-0
-0
28.9201
-0
-0
-0
-0
-0
-0
-0
45.6407
-0
-0
-0
-0
54.3838
-0
-0
-0
-0
-0
-0
7.5083
-0
-0
-0
32.5353
1.2813
10.0947
-0
-0
-0
-0
25.8559
1.85559
-0
28.618
4.39644
-0
-0
32.4465
8.40676
-0
-0
-0
-0
-0
-0
-0
2.16842
-0
9.15558
-0
-0
-0
-0
-0
2.87463
11.528
-0
-0
-0
16.8926
-0
5.50123
-0
-0
-0
-0
3.19443
-0
-0
-0
-0
-0
-0
12.227
-0
-0
-0
8.50233
26.6214
36.7296
-0
-0
-0
-0
-0
-0
27.2084
-0
16.6089
6.80241
9.79813
17.1527
13.6417
-0
-0
-0
37.7997
-0
-0
-0
-0
9.40921
11.3296
-0
-0
