-0
-0
-0
-0
-0
-0
-0
1.98724
24.2224
-0
20.9415
-0
0.109763
-0
-0
40.3796
16.3033
10.0815
4.8607
-0
-0
-0
-0
7.79096
10.5563
-0
23.6023
10.3209
-0
-0
-0
-0
-0
9.67206
-0
-0
-0
-0
10.8525
-0
-0
-0
-0
25.6896
-0
6.69441
-0
-0
-0
-0
-0
-0
0.147168
10.5584
-0
12.6482
-0
2.71552
-0
-0
-0
-0
-0
-0
7.32914
-0
-0
39.2761
9.63186
0.188624
-0
-0
-0
-0
-0
0.0476639
10.9993
-0
-0
-0
-0
18.345
-0
-0
10.7397
-0
-0
-0
-0
-0
-0
-0
-0
-0
1.90265
-0
6.29902
-0
0.473897
-0
-0
-0
-0
18.8023
33.6675
-0
-0
-0
-0
-0
-0
-0
-0
-0
-0
-0
-0
-0
22.7719
35.9365
3.53373
-0
-0
3.08127
44.344
-0
6.23416
-0
-0
-0
5.89987
10.9428
22.2956
-0
3.21709
8.08025
-0
-0
-0
0.185201
-0
-0
16.2526
-0
-0
-0
-0
-0
-0
-0
30.9747
-0
-0
-0
29.0401
-0
48.2168
-0
-0
2.25769
0.448899
2.27376
-0
16.2833
-0
-0
12.7081
24.9518
-0
16.4942
-0
19.3091
2.6532
-0
3.13488
-0
-0
-0
10.0024
-0
0.73883
-0
-0
-0
-0
23.5238
-0
-0
26.5422
16.6457
0.496886
13.2429
25.0408
39.023
-0
-0
-0
12.799
9.72803
-0
-0
-0
2.47402
-0
-0
-0
-0
34.4562
16.839
-0
-0
-0
23.772
-0
-0
-0
-0
4.97068
-0
-0
16.427
-0
-0
-0
-0
-0
-0
-0
5.48524
-0
-0
-0
-0
-0
-0
-0
-0
-0
-0
-0
-0
15.1495
-0
-0
-0
-0
25.6769
-0
-0
-0
-0
-0
0.224649
-0
17.2423
20.7873
2.39932
1.92445
-0
-0
-0
11.8302
-0
-0
-0
-0
-0
10.9307
-0
-0
-0
26.8482
3.63543
17.7533
-0
-0
-0
-0
-0
-0
-0
15.563
-0
32.996
-0
-0
-0
16.0285
-0
-0
8.66309
18.6817
40.2354
-0
-0
-0
7.85679
18.8755
-0
30.7804
-0
-0
5.37648
-0
1.10133
9.02025
-0
-0
34.0847
-0
22.0407
-0
3.08204
-0
4.07724
0.155135
-0
-0
-0
1.29295
-0
-0
-0
10.4806
-0
-0
13.8677
-0
-0
20.6275
-0
-0
-0
-0
-0
-0
-0
-0
-0
-0
2.9475
-0
4.40188
21.7879
43.5539
-0
-0
18.4615
-0
-0
7.4869
-0
-0
-0
13.0101
-0
-0
-0
-0
-0
21.0811
-0
-0
-0
-0
3.41505
-0
-0
11.1358
-0
-0
16.8343
-0
51.885
-0
18.4863
31.3671
38.0028
-0
-0
-0
-0
-0
-0
-0
-0
-0
3.93501
-0
-0
-0
38.4187
-0
-0
-0
5.42568
-0
19.7251
-0
5.28517
29.2415
-0
-0
-0
8.42681
0.471413
-0
-0
-0
7.3428
-0
-0
-0
-0
-0
17.8232
-0
-0
-0
-0
16.4352
-0
-0
-0
-0
12.0714
11.7058
10.0417
5.72299
9.07981
-0
14.7467
-0
-0
25.0918
-0
1.40148
-0
-0
-0
-0
12.7542
-0
9.25984
-0
-0
-0
1.53584
-0
-0
-0
26.0025
-0
-0
9.73188
-0
7.59857
-0
-0
-0
0.198516
-0
18.0837
-0
49.7903
8.7931
0.0831131
-0
-0
-0
11.5486
-0
-0
-0
40.588
-0
23.5819
-0
-0
-0
-0
-0
-0
6.47373
-0
-0
-0
-0
-0
1.83407
13.348
-0
43.1135
-0
-0
19.6941
-0
-0
-0
-0
-0
-0
11.5097
-0
-0
-0
-0
-0
-0
-0
-0
-0
34.1688
-0
-0
15.7795
-0
12.679
-0
-0
52.2473
14.2804
-0
12.2381
-0
-0
-0
41.2008
-0
-0
-0
-0
-0
-0
29.2083
23.2934
-0
19.7241
-0
-0
-0
-0
-0
-0
10.5045
24.421
-0
15.5366
0.573865
34.3655
-0
18.7675
-0
-0
12.6879
13.0333
5.18737
-0
36.0636
4.44201
-0
-0
36.7068
-0
2.6133
-0
3.45828
-0
-0
-0
-0
8.3784
-0
25.5745
7.40098
-0
4.5713
-0
28.0737
5.93259
17.52
-0
-0
2.99935
4.17917
-0
-0
-0
-0
8.58778
-0
-0
-0
-0
-0
-0
9.80723
-0
-0
-0
-0
-0
-0
-0
-0
-0
-0
-0
-0
42.799
-0
-0
36.4044
5.36542
-0
-0
4.66738
5.26735
-0
17.1466
-0
-0
-0
0.34245
-0
-0
-0
-0
28.7276
-0
-0
-0
-0
-0
-0
-0
-0
-0
-0
8.48671
-0
-0
-0
-0
-0
-0
-0
-0
3.04681
1.31692
-0
-0
-0
-0
6.22026
41.4712
7.89017
-0
-0
-0
-0
19.8733
21.0873
-0
-0
29.7384
-0
-0
-0
-0
2.79705
-0
-0
-0
3.05464
-0
-0
-0
0.881651
16.1282
9.09627
2.07043
18.5937
5.94417
-0
-0
0.210595
-0
-0
9.44285
-0
-0
23.0173
-0
-0
39.2414
-0
6.52944
-0
5.12091
4.73753
-0
-0
28.4427
-0
-0
-0
-0
10.3965
-0
0.330142
18.1036
-0
7.32712
-0
-0
0.741579
-0
-0
28.3749
0.811041
-0
-0
-0
17.1774
-0
-0
-0
22.0865
-0
29.7601
-0
-0
21.5855
-0
-0
-0
-0
-0
-0
-0
-0
-0
-0
-0
-0
-0
-0
-0
-0
20.4161
-0
-0
-0
-0
-0
11.6713
-0
18.7626
12.1667
-0
-0
-0
-0
17.7654
21.9435
15.8074
11.8981
-0
40.8534
-0
-0
-0
14.5995
-0
4.97631
-0
5.70015
-0
-0
-0
0.383642
5.06442
-0
-0
-0
13.8132
38.5143
-0
11.8875
-0
-0
-0
-0
10.4027
-0
8.18856
-0
-0
-0
-0
-0
12.3497
-0
32.1751
21.368
-0
-0
-0
-0
-0
-0
-0
-0
-0
22.0485
-0
27.1126
-0
21.766
-0
-0
14.1373
-0
-0
-0
-0
-0
-0
-0
13.9099
-0
-0
-0
-0
-0
-0
2.33131
-0
-0
-0
-0
-0
-0
16.4007
3.92654
1.67466
19.0329
11.6183
1.11817
-0
-0
23.2618
-0
-0
-0
1.12395
-0
-0
-0
-0
11.2084
-0
-0
4.03403
-0
-0
-0
0.429092
-0
-0
-0
-0
10.6498
-0
30.7068
-0
-0
-0
-0
3.87493
-0
-0
-0
-0
-0
-0
-0
27.0815
13.5687
-0
-0
-0
-0
-0
-0
16.7216
-0
-0
-0
21.4034
-0
-0
-0
22.0647
-0
-0
-0
-0
-0
6.10845
10.8997
-0
-0
-0
-0
-0
-0
-0
-0
-0
-0
-0
8.95422
21.2081
-0
-0
37.4043
-0
5.7227
-0
1.95674
22.9128
-0
-0
-0
-0
18.026
-0
3.04201
7.78192
-0
-0
4.47439
-0
-0
0.0963243
-0
-0
-0
-0
4.59318
3.34461
0.964951
-0
-0
-0
0.18398
-0
9.78584
-0
-0
17.4608
-0
-0
6.40803
-0
-0
-0
46.456
-0
6.07199
-0
-0
-0
-0
10.8142
-0
18.5024
-0
-0
-0
-0
-0
-0
-0
-0
-0
-0
-0
-0
40.8005
-0
-0
-0
18.5324
10.6141
-0
15.7489
-0
-0
-0
5.29811
0.375939
-0
-0
-0
-0
-0
-0
-0
-0
-0
13.9707
-0
-0
-0
-0
-0
-0
-0
-0
-0
-0
-0
15.7637
-0
-0
6.47905
5.15469
-0
-0
-0
-0
-0
-0
-0
-0
22.4487
28.117
10.1278
-0
-0
-0
-0
17.0637
-0
-0
-0
-0
14.1229
15.5525
16.1336
-0
-0
-0
11.2419
-0
-0
-0
-0
-0
-0
-0
-0
12.9874
-0
-0
-0
-0
-0
-0
-0
11.8581
-0
20.7992
-0
-0
21.697
-0
-0
-0
-0
-0
-0
11.4011
-0
24.7794
-0
24.3268
0.0933623
-0
10.2639
-0
22.1343
21.648
-0
27.6832
-0
-0
-0
-0
3.30194
24.2582
-0
-0
35.165
-0
-0
-0
-0
0.604257
-0
-0
-0
-0
-0
-0
5.44168
-0
-0
-0
-0
-0
29.6464
-0
-0
-0
-0
-0
-0
12.2253
13.8959
4.17708
-0
-0
-0
-0
-0
18.4135
-0
-0
0.64377
1.4415
-0
-0
-0
-0
-0
4.25671
-0
-0
-0
-0
-0
22.4757
-0
-0
25.3608
3.53509
-0
-0
-0
-0
-0
34.5295
-0
-0
-0
-0
-0
-0
-0
-0
10.8582
4.44307
-0
10.6581
-0
-0
-0
-0
15.1226
1.19871
-0
-0
34.2866
-0
8.04402
-0
-0
0.57832
-0
-0
-0
-0
8.62102
-0
-0
-0
-0
4.96814
-0
-0
-0
32.1556
-0
-0
-0
9.32726
-0
-0
6.4513
15.3557
-0
16.0711
-0
-0
11.2581
-0
-0
-0
-0
-0
-0
34.3393
-0
-0
3.61564
27.2123
-0
-0
8.19662
-0
3.46201
7.15375
5.50591
-0
53.9912
-0
1.8592
-0
-0
34.7612
-0
-0
21.5654
4.2347
-0
11.2845
-0
-0
15.4308
-0
1.78759
-0
-0
-0
-0
-0
-0
-0
-0
-0
-0
-0
-0
-0
-0
-0
-0
-0
-0
17.0471
-0
-0
-0
-0
8.70953
-0
-0
-0
-0
-0
-0
0.9809
-0
-0
25.9954
23.2383
-0
3.24048
1.1074
-0
-0
30.894
-0
8.65008
3.7606
-0
6.51279
-0
-0
-0
-0
3.40551
1.22378
-0
-0
-0
8.05575
27.1487
-0
-0
23.5975
-0
-0
-0
21.5833
21.945
9.78652
32.2603
25.0314
16.2534
3.73086
-0
-0
-0
-0
-0
-0
23.2942
1.4572
-0
3.40618
-0
-0
-0
-0
2.29638
27.7786
-0
28.8687
-0
32.0571
-0
-0
-0
-0
-0
15.348
-0
16.4344
6.029
-0
-0
-0
7.81337
-0
5.45539
-0
3.24464
-0
-0
-0
-0
-0
-0
2.55387
-0
-0
-0
-0
-0
19.6738
2.15556
-0
-0
-0
-0
-0
-0
-0
16.6782
-0
-0
8.86513
-0
3.17431
-0
-0
-0
20.3955
-0
-0
-0
-0
6.63532
-0
5.23868
-0
20.8258
7.08331
-0
-0
-0
5.05236
24.6903
-0
-0
-0
-0
-0
-0
5.63386
20.3594
-0
-0
-0
-0
13.6312
-0
-0
-0
17.1042
-0
-0
-0
-0
-0
-0
-0
0.770923
28.0369
-0
34.0092
22.4778
0.101419
-0
-0
15.5321
-0
-0
10.7815
-0
-0
12.8653
-0
-0
-0
-0
-0
12.1702
-0
-0
-0
-0
-0
-0
-0
-0
-0
-0
-0
-0
-0
-0
-0
-0
-0
-0
-0
-0
-0
-0
23.022
-0
-0
2.02502
-0
-0
-0
-0
-0
-0
-0
-0
-0
-0
-0
9.3223
-0
23.8884
-0
1.15151
-0
5.73895
-0
-0
-0
-0
-0
-0
-0
-0
-0
-0
-0
-0
-0
1.5871
-0
-0
-0
27.0789
-0
-0
-0
-0
-0
11.5098
-0
-0
0.594267
-0
-0
-0
-0
-0
-0
-0
16.7341
-0
11.9352
-0
-0
-0
-0
-0
-0
-0
-0
-0
26.364
-0
-0
-0
-0
-0
-0
-0
7.36586
-0
-0
-0
-0
-0
-0
23.1423
38.0313
-0
-0
-0
3.26713
-0
-0
-0
-0
-0
-0
8.52939
-0
-0
-0
-0
9.39918
-0
9.92678
0.0862695
-0
-0
-0
-0
9.52159
6.00517
-0
-0
-0
-0
-0
-0
36.1287
-0
-0
-0
-0
9.70168
-0
8.74443
-0
-0
-0
-0
-0
19.3088
-0
-0
-0
-0
4.21133
-0
-0
-0
-0
4.8202
-0
18.9698
14.2885
-0
42.3743
-0
4.7246
14.9739
-0
-0
-0
-0
-0
-0
-0
2.91921
51.4866
25.9902
-0
-0
33.1206
-0
-0
-0
-0
-0
-0
19.8197
-0
20.0084
-0
-0
26.6529
-0
-0
-0
24.8302
-0
77.2651
-0
-0
-0
0.0844006
-0
-0
-0
-0
-0
-0
9.70367
12.7895
-0
-0
-0
-0
-0
0.538085
-0
33.1287
1.9114
-0
2.3054
-0
11.2942
21.5065
17.0001
-0
-0
-0
-0
-0
13.2265
-0
3.53609
-0
-0
-0
-0
-0
-0
-0
35.0792
-0
-0
13.1358
-0
-0
-0
9.67691
-0
-0
-0
-0
10.3472
-0
-0
-0
-0
-0
-0
27.7369
15.4369
29.1981
10.7196
6.93051
-0
2.61588
25.191
-0
-0
13.9822
-0
-0
-0
-0
-0
-0
-0
-0
-0
39.1589
-0
15.8448
-0
-0
36.5073
15.8988
-0
-0
12.5799
-0
-0
-0
-0
1.24599
-0
-0
-0
-0
-0
-0
-0
10.0975
28.9628
19.715
10.7972
-0
-0
3.53231
-0
-0
-0
10.4786
-0
-0
-0
-0
-0
-0
18.0902
-0
-0
22.3186
-0
-0
-0
-0
23.2782
-0
-0
2.83082
6.26495
-0
-0
-0
-0
15.7829
18.1526
-0
11.4958
-0
-0
20.038
-0
-0
6.02321
-0
-0
-0
-0
-0
13.9049
-0
-0
-0
-0
4.60082
-0
14.2498
-0
-0
-0
-0
-0
-0
-0
-0
-0
-0
-0
-0
46.034
6.76682
-0
9.99047
2.80747
-0
-0
-0
-0
57.1029
-0
-0
-0
-0
-0
-0
-0
-0
-0
6.97277
-0
-0
15.8534
-0
-0
-0
-0
-0
-0
-0
-0
22.4883
-0
-0
31.5385
-0
-0
-0
-0
-0
-0
1.48522
-0
-0
-0
17.153
12.2685
-0
14.4276
-0
-0
-0
23.0147
-0
-0
-0
-0
-0
-0
-0
15.2483
-0
-0
-0
-0
4.65436
-0
-0
-0
3.83226
-0
-0
-0
-0
20.4242
-0
-0
-0
-0
-0
-0
28.2197
15.4716
-0
-0
-0
-0
10.7215
-0
-0
-0
0.218147
-0
7.60533
-0
21.601
-0
-0
14.3208
1.19931
-0
-0
6.8857
-0
-0
23.0789
9.00429
2.8128
-0
-0
-0
-0
0.180911
-0
-0
-0
15.3037
-0
-0
-0
-0
-0
-0
-0
11.489
-0
47.5493
17.8529
-0
-0
-0
-0
-0
26.515
-0
-0
-0
28.612
8.42122
1.77301
10.2711
-0
-0
-0
-0
-0
-0
27.4126
-0
-0
27.1028
-0
-0
13.1162
-0
-0
-0
-0
4.22549
23.803
-0
-0
-0
-0
-0
-0
-0
-0
-0
3.78208
15.7882
18.9207
3.72827
-0
0.157051
-0
-0
4.48484
-0
-0
-0
-0
-0
-0
-0
-0
-0
-0
9.76823
10.8544
14.1469
23.8582
-0
-0
-0
-0
38.7272
-0
-0
36.6777
-0
18.2107
-0
-0
-0
19.4544
10.6333
-0
-0
-0
-0
0.280005
10.9506
-0
-0
-0
1.25528
-0
-0
-0
2.01426
-0
-0
-0
-0
-0
-0
-0
-0
-0
7.97572
-0
-0
-0
-0
18.9909
-0
-0
18.0481
4.04972
-0
1.30246
-0
21.4277
-0
-0
-0
-0
-0
-0
-0
-0
-0
-0
-0
-0
3.11275
-0
-0
-0
-0
-0
0.80435
-0
-0
22.9231
-0
16.2268
-0
-0
-0
-0
24.4015
10.8087
-0
-0
-0
0.690614
-0
-0
7.07043
-0
-0
15.3725
-0
-0
-0
25.0891
-0
-0
28.0917
-0
-0
-0
-0
-0
-0
32.0867
-0
-0
-0
1.99691
-0
33.834
-0
13.7371
9.67891
34.0275
-0
-0
19.5444
-0
30.5893
13.4114
-0
19.9067
9.01451
-0
17.647
13.6249
-0
-0
-0
-0
-0
-0
0.545564
-0
-0
-0
-0
-0
-0
-0
-0
-0
-0
-0
21.6654
-0
-0
-0
-0
-0
7.95209
-0
-0
12.5964
-0
-0
-0
1.61846
-0
26.0081
13.6536
-0
13.74
-0
-0
-0
-0
-0
7.29765
-0
-0
1.41165
13.9197
32.887
-0
-0
-0
-0
17.9251
-0
47.1556
-0
-0
-0
-0
-0
-0
6.48932
-0
-0
-0
-0
23.9811
-0
-0
-0
-0
-0
-0
-0
-0
26.2139
-0
8.91764
-0
-0
-0
-0
1.81752
7.61428
25.7642
-0
-0
-0
-0
-0
32.4642
14.4956
-0
-0
-0
-0
-0
-0
33.6816
-0
-0
10.3657
1.362
-0
16.4077
29.4207
-0
-0
-0
-0
16.9694
-0
15.9771
1.60413
-0
-0
-0
-0
-0
-0
-0
-0
-0
-0
-0
-0
28.3659
-0
-0
-0
-0
-0
-0
-0
-0
3.44769
7.63038
-0
30.5851
-0
-0
9.02669
-0
5.90231
-0
-0
1.44873
4.21554
-0
-0
-0
0.827772
6.12215
-0
-0
-0
-0
-0
-0
29.5467
-0
26.9906
2.4178
11.5456
25.8301
-0
-0
16.1372
7.81423
6.3389
-0
-0
46.7336
-0
-0
8.94855
-0
6.06058
-0
-0
28.6226
5.59735
0.980066
1.58405
-0
6.89506
-0
28.8724
-0
-0
-0
-0
-0
-0
6.68189
-0
-0
-0
-0
-0
-0
29.3208
-0
8.63509
-0
-0
7.16128
9.95459
-0
-0
-0
-0
-0
-0
-0
-0
-0
-0
-0
-0
-0
-0
7.41277
-0
-0
-0
-0
-0
-0
10.2312
-0
0.483944
-0
20.1745
-0
23.4084
-0
7.03009
-0
-0
-0
5.12
-0
-0
-0
27.1209
-0
-0
4.7442
-0
19.9564
12.604
15.2099
-0
-0
14.5365
19.4786
-0
-0
-0
-0
27.4084
17.3853
-0
0.21884
2.90491
27.2006
-0
-0
-0
-0
-0
2.23562
-0
-0
1.89103
-0
-0
25.0102
-0
2.36563
20.9983
-0
-0
4.90692
29.793
26.1124
29.1063
-0
8.36668
-0
-0
23.7041
1.06017
52.5538
-0
-0
-0
3.50168
-0
6.23914
-0
-0
-0
-0
-0
4.9378
-0
-0
-0
-0
-0
-0
-0
0.0551421
-0
-0
-0
-0
-0
-0
47.138
10.2139
-0
-0
-0
-0
-0
-0
-0
35.55
-0
-0
-0
-0
-0
-0
7.77782
-0
-0
28.7445
-0
-0
-0
-0
-0
-0
-0
-0
47.0497
-0
5.52842
12.9709
-0
-0
-0
-0
-0
-0
-0
-0
-0
14.9353
9.13415
-0
-0
-0
-0
-0
-0
-0
-0
-0
5.92103
4.62833
-0
-0
-0
-0
34.171
10.2483
-0
-0
4.43599
17.1674
3.30272
-0
-0
-0
53.1445
4.99766
-0
-0
-0
-0
2.19734
14.5613
-0
15.6229
27.4131
8.4003
-0
19.0047
13.4894
36.1083
-0
-0
21.9754
4.42184
16.7829
-0
33.1393
-0
-0
-0
-0
-0
10.36
-0
-0
19.2936
-0
-0
-0
-0
-0
-0
-0
-0
-0
-0
17.7872
-0
-0
5.00687
-0
6.39984
-0
25.5793
-0
-0
-0
32.897
13.093
-0
-0
-0
-0
-0
-0
0.279471
-0
-0
-0
-0
-0
-0
-0
-0
33.0142
-0
-0
-0
-0
1.3278
-0
2.81095
-0
26.7137
-0
-0
1.15731
-0
-0
-0
-0
-0
-0
2.09208
-0
-0
-0
-0
-0
-0
-0
-0
-0
-0
-0
-0
-0
-0
-0
-0
-0
-0
-0
24.0753
-0
30.9741
-0
26.182
5.60334
-0
-0
23.2076
19.2996
-0
-0
-0
7.35779
-0
-0
-0
-0
-0
-0
-0
-0
4.44615
-0
-0
-0
12.7775
-0
14.6837
-0
0.641509
-0
24.9145
-0
-0
-0
-0
38.2185
-0
-0
-0
-0
-0
-0
-0
9.04446
-0
17.5312
-0
-0
-0
-0
-0
-0
-0
-0
-0
-0
17.2891
11.0282
-0
-0
12.8796
-0
-0
26.8875
-0
-0
-0
-0
-0
-0
-0
-0
-0
3.33762
-0
-0
0.124548
-0
-0
-0
-0
-0
-0
20.3034
10.4864
6.45427
-0
-0
16.2946
13.1012
-0
30.7127
-0
6.42172
-0
-0
-0
-0
3.12509
-0
-0
-0
-0
22.4899
9.61495
-0
23.8351
18.8709
1.36767
-0
-0
-0
3.99738
-0
-0
-0
-0
2.44118
18.4352
-0
-0
-0
-0
-0
24.2945
-0
-0
-0
28.2175
-0
-0
-0
-0
-0
-0
-0
-0
-0
-0
-0
12.6155
-0
-0
62.2386
-0
7.20482
-0
13.164
-0
34.5906
-0
-0
29.2998
15.9717
3.49035
-0
2.20141
-0
-0
-0
-0
-0
17.1415
-0
-0
-0
-0
6.31667
45.7479
-0
-0
-0
-0
-0
5.84912
-0
-0
-0
-0
-0
-0
-0
4.84174
-0
14.0988
17.9628
-0
-0
-0
11.4534
-0
-0
17.8831
-0
21.4999
-0
2.11932
-0
-0
-0
10.3197
49.0581
-0
42.2504
-0
-0
-0
17.5774
29.3085
11.9961
10.1633
-0
-0
-0
43.5821
4.76396
-0
-0
-0
5.37919
2.63425
-0
-0
17.6909
-0
13.3611
40.3228
18.5732
2.16289
-0
-0
9.75688
13.3955
-0
-0
8.44712
7.03581
-0
-0
-0
-0
1.09066
0.753983
-0
-0
3.30299
-0
-0
-0
17.6058
2.13961
-0
13.2984
-0
-0
13.2241
14.9745
-0
-0
-0
-0
-0
-0
-0
-0
5.37645
-0
-0
20.5626
-0
-0
-0
-0
8.81992
16.9834
-0
-0
13.9239
-0
18.8009
-0
-0
8.86361
-0
-0
31.9992
-0
-0
-0
-0
-0
-0
5.12727
-0
9.90104
-0
9.50564
-0
22.1219
-0
-0
-0
-0
-0
-0
-0
-0
-0
-0
-0
3.5064
-0
-0
-0
38.8564
-0
-0
-0
-0
-0
-0
-0
-0
-0
-0
-0
35.782
-0
13.6099
19.068
25.6015
50.5041
3.87332
10.5058
-0
5.14122
-0
-0
-0
-0
-0
-0
-0
1.98017
-0
-0
-0
27.8211
-0
-0
-0
-0
13.6662
-0
18.3739
-0
22.5627
-0
-0
-0
-0
-0
-0
-0
-0
6.59278
-0
21.9418
-0
-0
-0
3.80832
13.3751
-0
15.7804
-0
-0
-0
-0
-0
24.0574
-0
11.9713
3.92388
-0
-0
8.90684
0.26403
-0
-0
-0
-0
-0
-0
-0
-0
18.941
17.9933
-0
18.3383
-0
-0
-0
-0
21.182
-0
15.438
-0
-0
-0
-0
-0
-0
19.9966
-0
-0
-0
6.4752
-0
-0
-0
1.98304
-0
18.0073
-0
-0
-0
-0
52.509
2.00337
10.773
-0
1.13262
6.63146
-0
-0
-0
-0
37.7175
16.6698
39.1674
0.85329
-0
-0
-0
0.00177427
-0
-0
-0
-0
-0
-0
8.3332
-0
8.61593
-0
-0
-0
30.3333
-0
-0
17.1465
-0
-0
-0
-0
-0
-0
25.6384
-0
19.2748
24.8167
-0
-0
2.47092
-0
-0
-0
-0
33.3103
0.8229
-0
0.870593
-0
-0
-0
-0
-0
24.3078
-0
10.614
-0
7.63183
-0
0.155032
30.2684
-0
-0
-0
-0
-0
-0
9.69688
31.4072
-0
-0
-0
-0
18.5185
-0
-0
-0
-0
-0
-0
11.2279
-0
-0
-0
-0
-0
-0
-0
-0
-0
-0
-0
-0
-0
16.2129
-0
-0
0.246917
-0
19.4419
21.1501
-0
0.308281
-0
28.6773
-0
-0
-0
1.29526
-0
-0
-0
19.4218
1.94895
20.0716
-0
-0
-0
-0
18.4309
-0
-0
-0
-0
-0
-0
-0
-0
-0
-0
-0
-0
-0
-0
-0
25.2365
-0
2.47961
21.0159
13.6335
-0
13.6149
-0
-0
-0
-0
-0
0.334006
-0
-0
-0
-0
-0
3.02987
-0
-0
-0
4.17395
-0
-0
-0
-0
5.54139
7.73661
-0
-0
3.35907
24.9859
-0
-0
-0
-0
-0
-0
15.2262
-0
1.92273
-0
4.94179
-0
-0
-0
-0
-0
56.3438
3.25136
5.7235
-0
5.70033
-0
11.8359
-0
-0
15.307
-0
-0
6.80538
-0
-0
-0
-0
-0
-0
-0
-0
2.8359
-0
14.4844
-0
-0
-0
16.5166
-0
-0
38.1093
-0
12.0224
19.1115
-0
4.8821
4.53865
0.0433823
-0
-0
-0
-0
-0
10.3398
22.944
-0
-0
-0
25.0271
11.2619
-0
11.9697
23.8705
-0
-0
-0
9.23232
-0
5.05258
19.0091
-0
-0
-0
-0
8.45366
3.73852
6.82749
30.2416
-0
-0
5.56217
-0
1.36074
-0
0.680979
-0
-0
-0
-0
7.66013
32.6441
-0
2.81329
11.7127
-0
13.6877
-0
-0
-0
-0
14.4335
-0
-0
9.92539
-0
7.10291
-0
0.697486
-0
-0
-0
33.3625
6.82654
5.6788
4.30144
-0
17.0243
7.2711
-0
-0
-0
-0
10.1147
-0
8.39503
-0
-0
-0
-0
1.83375
21.929
-0
21.0951
-0
-0
3.57722
-0
-0
-0
-0
-0
-0
-0
14.0775
-0
-0
-0
-0
-0
-0
-0
-0
-0
5.11871
-0
-0
-0
-0
-0
16.1578
13.3634
-0
21.4267
-0
-0
-0
-0
-0
-0
-0
-0
-0
-0
-0
11.5089
-0
-0
-0
1.07538
33.2283
0.150945
0.0823365
39.172
-0
23.8041
7.09593
-0
-0
-0
-0
-0
8.35496
35.495
12.8112
-0
-0
-0
-0
20.9826
-0
18.4002
-0
19.1279
-0
17.7329
-0
-0
-0
-0
-0
18.8235
-0
-0
-0
-0
-0
13.1655
3.65156
-0
-0
-0
6.1793
-0
0.103145
47.2399
-0
0.387094
-0
61.3535
-0
-0
-0
-0
-0
-0
20.2148
6.26396
-0
9.78072
4.85021
2.47995
1.83323
10.3085
1.006
-0
-0
15.4404
14.7057
-0
12.0806
-0
-0
-0
-0
-0
-0
2.49488
-0
-0
0.130039
-0
-0
-0
-0
18.3899
-0
-0
-0
-0
9.61302
-0
-0
22.0142
-0
10.9524
-0
-0
-0
6.64074
-0
6.29115
17.9601
-0
-0
-0
-0
-0
-0
-0
-0
-0
34.157
7.59157
-0
-0
-0
-0
3.73321
40.6882
-0
-0
-0
-0
9.72536
-0
12.2251
37.3952
-0
-0
10.7642
14.2292
33.713
27.8212
45.4171
-0
34.516
-0
-0
-0
28.859
-0
-0
-0
-0
2.83278
30.153
-0
-0
-0
-0
-0
-0
-0
-0
8.1561
-0
2.18363
7.78867
-0
-0
-0
17.3506
-0
-0
0.836021
-0
-0
-0
5.75063
-0
-0
-0
9.75418
-0
-0
16.9572
-0
23.6345
11.8418
-0
-0
-0
5.47238
-0
-0
-0
-0
-0
16.7713
0.20196
-0
-0
-0
22.1061
-0
-0
-0
11.0667
-0
-0
-0
-0
-0
68.9515
-0
-0
-0
-0
-0
-0
-0
-0
-0
-0
-0
-0
0.519664
-0
-0
-0
34.0724
-0
-0
-0
-0
-0
-0
-0
-0
20.1074
-0
-0
4.82198
-0
11.8585
21.1918
-0
-0
21.3696
-0
-0
-0
11.9399
-0
-0
-0
6.5447
0.404139
-0
36.1283
37.3323
36.0142
-0
23.2502
-0
-0
-0
19.1229
-0
11.3125
20.1419
-0
-0
-0
-0
-0
-0
-0
-0
-0
11.7782
18.3884
-0
-0
10.3531
25.362
-0
-0
-0
-0
-0
14.66
-0
26.0328
-0
24.9316
-0
-0
8.96868
19.064
30.4532
-0
-0
-0
-0
14.2506
-0
62.4523
-0
-0
-0
-0
-0
-0
-0
-0
-0
1.63115
-0
-0
-0
-0
-0
-0
4.43254
-0
-0
-0
-0
-0
-0
-0
28.5003
-0
-0
-0
29.6403
21.423
-0
-0
-0
2.31566
36.959
11.9857
1.13608
12.1058
-0
-0
-0
-0
1.5434
-0
6.87615
-0
10.5974
2.8009
-0
7.30351
-0
-0
-0
-0
35.121
-0
11.6661
-0
-0
-0
-0
-0
1.04178
-0
-0
-0
-0
-0
-0
-0
-0
22.6218
-0
-0
8.67401
-0
4.05374
-0
-0
16.9999
-0
-0
-0
-0
-0
-0
16.4199
-0
-0
-0
-0
-0
-0
-0
0.434131
-0
-0
7.80618
16.9216
-0
-0
-0
11.2642
-0
-0
4.32908
6.00417
4.78441
-0
-0
-0
4.32643
-0
-0
-0
-0
15.4584
32.9626
-0
11.5472
25.3851
-0
-0
-0
-0
-0
-0
15.5574
11.6636
-0
-0
-0
7.03715
-0
15.1911
-0
23.2089
3.21761
13.6906
-0
-0
-0
25.8455
0.709083
-0
-0
13.2437
-0
-0
8.659
-0
-0
-0
-0
3.32695
-0
-0
-0
-0
-0
-0
-0
-0
-0
-0
-0
-0
12.1874
-0
-0
-0
-0
11.8796
6.75301
17.7309
5.63087
30.3959
-0
3.77448
-0
0.053278
-0
-0
4.80238
32.7035
-0
-0
-0
8.05162
-0
-0
-0
21.8279
-0
-0
11.5993
6.45111
17.2829
-0
14.2887
-0
-0
32.9541
-0
-0
-0
-0
-0
-0
25.5968
-0
-0
-0
-0
-0
-0
-0
-0
-0
1.67383
3.43564
-0
-0
14.3783
24.7712
15.989
6.02932
-0
-0
6.08696
-0
-0
-0
-0
-0
-0
-0
7.9959
11.3315
-0
19.2427
-0
-0
3.40462
-0
18.4925
-0
-0
-0
6.917
-0
-0
-0
-0
-0
-0
-0
1.85282
-0
-0
-0
-0
6.02471
-0
-0
6.75181
-0
12.3498
-0
-0
35.1815
-0
0.857485
-0
-0
-0
-0
10.2418
-0
-0
-0
14.9058
16.4667
60.9032
-0
-0
0.102086
-0
20.9015
-0
23.5301
-0
5.76656
2.80731
0.480736
32.1228
17.0464
-0
-0
-0
-0
-0
-0
-0
4.89447
-0
-0
-0
-0
-0
16.6495
-0
-0
9.47972
8.39812
-0
-0
-0
-0
16.3005
12.4724
17.179
-0
-0
-0
-0
-0
-0
-0
0.223016
-0
3.28853
-0
7.7845
-0
-0
-0
15.9092
-0
7.29616
-0
-0
-0
-0
-0
-0
13.0853
33.5276
-0
-0
25.7396
-0
-0
-0
-0
-0
-0
7.46241
6.7162
0.60171
33.4969
-0
-0
