-0
-0
-0
-0
-0
-0
-0
17.2327
26.4845
-0
57.2411
-0
-0
-0
-0
36.8995
-0
5.93819
-0
-0
-0
-0
-0
23.5549
-0
-0
27.5081
13.0609
-0
-0
-0
-0
-0
-0
3.22122
-0
-0
-0
-0
-0
-0
-0
-0
16.6991
-0
-0
-0
-0
-0
-0
-0
-0
-0
-0
-0
-0
-0
0.953538
19.9465
3.50175
-0
-0
-0
7.86382
-0
-0
15.4132
32.8746
-0
2.59856
-0
23.7084
-0
-0
-0
-0
7.4409
-0
-0
9.8236
-0
28.6482
4.93859
-0
35.581
-0
-0
-0
-0
-0
-0
-0
-0
-0
-0
-0
-0
-0
-0
-0
-0
-0
-0
-0
-0
-0
15.5722
-0
-0
-0
7.46413
-0
-0
-0
-0
2.0698
-0
-0
75.3621
9.77412
-0
-0
-0
-0
-0
-0
-0
-0
-0
13.8144
3.70296
13.191
13.3194
-0
-0
-0
-0
6.15992
-0
29.835
-0
-0
12.7548
-0
-0
-0
-0
-0
-0
-0
-0
6.82133
-0
-0
17.3923
-0
28.2959
-0
-0
0.938343
20.2429
-0
-0
9.98009
-0
26.5097
-0
-0
-0
13.787
-0
35.7748
-0
-0
-0
-0
-0
-0
-0
-0
-0
-0
-0
-0
-0
-0
-0
-0
9.46821
-0
-0
-0
17.3678
-0
-0
-0
-0
-0
-0
-0
-0
-0
5.05789
-0
-0
-0
-0
-0
12.4041
-0
-0
-0
48.0315
-0
-0
-0
-0
-0
-0
-0
-0
-0
21.8515
-0
21.5425
-0
-0
14.6075
18.3537
-0
-0
-0
-0
-0
-0
1.16957
-0
-0
-0
-0
-0
-0
-0
-0
-0
-0
15.4449
-0
-0
-0
-0
-0
-0
-0
-0
-0
0.852821
-0
-0
-0
7.69919
-0
-0
33.442
-0
-0
2.2726
-0
-0
-0
-0
62.4659
-0
26.2784
-0
-0
-0
-0
-0
0.378319
31.9269
13.3409
-0
-0
-0
-0
0.313237
52.5859
-0
-0
-0
-0
17.37
-0
-0
-0
5.89416
4.65562
-0
85.0739
-0
-0
-0
-0
-0
32.9652
-0
-0
17.1296
-0
-0
25.8767
-0
-0
7.56778
-0
-0
-0
-0
1.35562
-0
-0
2.89304
-0
19.5962
-0
-0
-0
-0
-0
-0
-0
-0
-0
-0
-0
-0
3.68462
-0
-0
-0
-0
-0
-0
13.5896
-0
-0
-0
-0
-0
26.2197
-0
-0
-0
-0
-0
-0
-0
-0
6.81841
5.46491
-0
-0
25.064
2.0699
2.95671
-0
-0
-0
-0
-0
4.74648
0.804761
-0
-0
-0
-0
-0
-0
-0
-0
-0
-0
-0
-0
6.33034
-0
-0
-0
-0
-0
17.6539
-0
-0
-0
4.89149
-0
22.1657
-0
-0
-0
5.95186
-0
-0
21.2571
-0
-0
-0
-0
1.92261
-0
-0
-0
-0
-0
29.6907
-0
-0
-0
-0
-0
-0
-0
-0
-0
16.9757
24.7294
-0
-0
-0
-0
-0
21.3824
-0
-0
-0
3.1936
-0
-0
-0
-0
-0
-0
-0
-0
25.0696
-0
-0
-0
-0
25.7806
-0
-0
-0
0.00601292
-0
-0
-0
-0
-0
-0
-0
-0
-0
19.4219
-0
-0
-0
-0
-0
20.4972
-0
-0
-0
-0
28.5844
-0
-0
-0
1.15563
-0
-0
-0
-0
-0
-0
-0
46.4596
-0
-0
24.8997
-0
-0
4.08488
-0
19.5912
7.9298
-0
-0
-0
-0
-0
47.6053
-0
-0
-0
-0
-0
-0
23.4114
-0
-0
-0
-0
-0
14.2061
-0
-0
44.1941
-0
56.4192
-0
-0
56.3284
-0
-0
-0
27.8378
-0
-0
-0
-0
-0
-0
39.3359
-0
9.62676
14.9244
-0
-0
-0
-0
-0
-0
-0
14.8776
9.55416
3.62145
-0
12.3132
-0
-0
-0
-0
45.6845
35.7918
-0
-0
-0
-0
-0
-0
2.81035
-0
0.939861
-0
-0
-0
12.5916
30.7806
-0
-0
-0
24.8611
-0
28.8759
-0
-0
-0
-0
5.168
-0
-0
-0
1.77
27.3558
-0
-0
-0
3.43619
-0
-0
-0
-0
-0
-0
-0
7.54725
20.2385
-0
-0
-0
-0
-0
-0
-0
-0
-0
0.926249
24.0838
-0
-0
-0
-0
-0
-0
16.0617
-0
-0
0.71116
-0
-0
-0
56.6481
-0
-0
-0
-0
25.7025
-0
-0
-0
-0
-0
-0
-0
-0
-0
-0
19.1302
-0
-0
-0
-0
-0
-0
-0
-0
-0
-0
-0
-0
-0
-0
-0
22.5292
-0
-0
-0
-0
-0
0.182343
2.55118
-0
-0
33.748
-0
-0
-0
-0
23.1213
-0
-0
-0
-0
15.8513
5.9159
-0
0.830857
-0
-0
-0
7.83827
-0
-0
-0
-0
-0
-0
-0
-0
-0
47.8496
-0
-0
24.0773
-0
18.5551
-0
16.406
-0
-0
-0
7.04613
19.9294
-0
-0
-0
-0
-0
-0
-0
-0
-0
-0
-0
-0
-0
-0
-0
-0
-0
-0
-0
-0
-0
-0
-0
35.2576
-0
19.7982
-0
-0
-0
6.84293
-0
-0
-0
-0
-0
-0
44.2417
-0
-0
-0
22.1296
-0
-0
-0
-0
-0
-0
-0
-0
-0
-0
-0
-0
22.3337
-0
0.564511
3.45618
-0
-0
10.7286
-0
-0
4.08
-0
-0
-0
-0
-0
-0
-0
3.36038
-0
-0
-0
5.90485
-0
-0
-0
-0
-0
-0
-0
5.35936
-0
-0
-0
-0
-0
-0
-0
-0
-0
-0
-0
-0
-0
-0
-0
-0
-0
30.9029
-0
15.5763
15.4381
-0
-0
-0
-0
-0
-0
16.4239
-0
-0
-0
37.4824
21.1823
-0
-0
-0
2.72578
-0
-0
3.94491
4.97831
12.6333
-0
-0
25.5953
15.4442
-0
-0
25.5875
5.19875
-0
-0
-0
-0
-0
-0
-0
34.9314
-0
8.84527
-0
12.8288
-0
-0
12.6109
21.7646
-0
18.2791
54.4414
20.7651
-0
-0
-0
1.92859
-0
-0
17.3511
-0
-0
-0
-0
-0
-0
-0
-0
-0
-0
44.1946
-0
-0
-0
-0
-0
31.659
-0
-0
-0
10.5049
12.24
-0
9.32781
-0
-0
-0
-0
-0
-0
-0
16.2809
-0
-0
3.27093
-0
-0
-0
-0
5.91746
-0
31.1469
-0
-0
-0
26.6246
-0
-0
-0
-0
-0
-0
-0
-0
-0
-0
-0
-0
11.1679
-0
-0
-0
29.7227
-0
-0
-0
0.593544
5.64166
-0
-0
-0
-0
45.1994
-0
-0
47.0965
-0
-0
-0
-0
-0
-0
-0
-0
-0
-0
21.9029
-0
-0
-0
-0
-0
-0
-0
-0
-0
-0
-0
-0
-0
35.935
-0
-0
-0
57.6899
-0
-0
-0
19.308
-0
-0
-0
13.4718
-0
-0
-0
-0
-0
-0
-0
-0
-0
-0
-0
-0
-0
35.8819
-0
-0
-0
7.79895
14.4034
-0
15.7298
-0
-0
-0
-0
-0
-0
-0
-0
-0
-0
-0
3.13502
-0
-0
-0
25.0356
-0
-0
-0
-0
-0
-0
-0
-0
10.1919
-0
22.0452
-0
16.4063
17.2428
11.4889
-0
-0
-0
-0
11.4115
-0
-0
-0
-0
4.37373
11.3123
-0
-0
-0
22.7746
-0
-0
-0
-0
-0
-0
15.7669
16.2846
-0
41.1897
-0
29.4852
-0
-0
-0
-0
-0
-0
-0
-0
-0
-0
-0
-0
10.3708
-0
-0
-0
-0
-0
27.2477
-0
-0
1.19613
-0
-0
-0
-0
-0
-0
-0
-0
52.6026
-0
-0
-0
-0
-0
0.398493
-0
-0
-0
-0
-0
18.4106
-0
-0
-0
6.14414
-0
-0
6.07779
-0
-0
-0
5.46811
-0
-0
11.5416
-0
-0
-0
-0
33.4271
-0
-0
-0
-0
-0
26.8528
-0
-0
-0
-0
-0
-0
-0
14.3265
9.01755
-0
-0
-0
-0
-0
56.3805
-0
-0
-0
-0
0.581697
-0
-0
-0
-0
-0
-0
-0
-0
-0
49.1331
38.0304
-0
-0
0.987798
-0
-0
4.90467
-0
-0
-0
47.3822
-0
-0
-0
-0
-0
-0
25.6992
-0
9.21113
5.86999
7.00665
4.68063
0.458892
-0
-0
-0
-0
0.85334
35.4013
-0
-0
-0
-0
-0
-0
-0
-0
-0
-0
-0
-0
4.57175
-0
-0
-0
-0
-0
-0
-0
63.584
-0
-0
-0
-0
-0
-0
9.09968
-0
9.5725
-0
-0
-0
3.94828
-0
20.7888
-0
-0
-0
-0
-0
-0
-0
56.0348
-0
-0
48.7652
-0
-0
-0
-0
-0
-0
13.6943
-0
-0
-0
-0
-0
-0
-0
-0
-0
-0
-0
-0
10.9269
-0
-0
11.2822
2.71122
-0
-0
-0
-0
8.74704
-0
25.6047
-0
-0
-0
-0
-0
-0
42.1113
-0
-0
-0
28.3356
-0
-0
-0
-0
0.92893
-0
-0
-0
-0
-0
-0
-0
-0
20.74
0.840312
14.1448
-0
20.8086
2.87477
20.958
-0
17.5502
-0
23.3006
-0
-0
-0
-0
-0
-0
-0
10.9937
7.18425
51.0165
-0
2.95795
-0
-0
-0
-0
-0
46.5181
-0
-0
15.8684
-0
-0
8.92904
27.529
1.17342
-0
-0
-0
-0
-0
13.8924
28.5763
23.4788
-0
-0
-0
19.4182
-0
-0
-0
5.52733
5.14235
-0
15.3587
-0
19.6867
-0
28.5403
28.9573
-0
-0
-0
-0
32.7706
12.8414
-0
-0
-0
-0
-0
-0
-0
-0
17.233
2.76482
-0
-0
13.5485
-0
46.4202
-0
-0
-0
-0
0.0459679
4.36855
-0
-0
-0
-0
-0
-0
-0
-0
-0
-0
-0
24.9906
-0
-0
-0
-0
-0
1.19179
-0
-0
-0
-0
0.595717
-0
-0
-0
12.5808
-0
-0
-0
-0
-0
10.7763
-0
-0
-0
-0
-0
1.40592
5.50881
34.2319
-0
-0
-0
-0
40.7157
-0
-0
-0
-0
-0
-0
-0
-0
-0
-0
9.23882
-0
-0
-0
-0
1.67061
1.40689
-0
-0
11.333
1.37865
-0
46.0958
44.5246
-0
-0
-0
-0
-0
-0
14.6479
5.89891
-0
-0
11.4588
-0
-0
-0
-0
-0
-0
-0
-0
-0
-0
-0
-0
-0
-0
-0
-0
-0
-0
-0
31.9877
-0
-0
16.348
-0
-0
-0
-0
-0
-0
-0
-0
-0
-0
-0
13.2277
-0
6.34619
-0
-0
-0
-0
-0
9.37578
-0
-0
-0
-0
-0
-0
-0
2.28306
-0
-0
-0
-0
10.3913
-0
-0
58.9891
-0
-0
-0
-0
-0
-0
-0
-0
-0
-0
-0
-0
-0
-0
-0
0.205967
11.5466
-0
-0
-0
-0
-0
-0
-0
-0
-0
-0
6.10985
-0
-0
-0
-0
-0
-0
-0
-0
-0
-0
-0
-0
-0
-0
-0
43.8098
23.9982
-0
24.9334
-0
-0
-0
-0
21.7917
-0
-0
-0
-0
-0
-0
-0
48.4987
20.1535
-0
-0
-0
-0
-0
36.3234
-0
33.9768
31.9918
-0
-0
11.3953
-0
-0
-0
22.2864
-0
-0
-0
-0
52.6712
-0
-0
-0
-0
-0
10.3744
-0
3.38653
-0
-0
-0
-0
16.6756
-0
-0
-0
-0
-0
-0
-0
-0
-0
5.44977
-0
5.6886
-0
-0
-0
-0
-0
-0
4.7119
-0
-0
0.893247
-0
-0
-0
-0
-0
-0
-0
-0
-0
-0
-0
-0
-0
1.4508
-0
-0
-0
-0
3.58009
20.4171
-0
-0
-0
-0
-0
31.2835
-0
-0
-0
-0
-0
-0
2.09975
11.3341
-0
-0
-0
-0
19.3025
-0
-0
-0
-0
-0
-0
-0
17.3384
-0
-0
14.702
-0
-0
-0
-0
57.5774
-0
6.3777
13.5349
-0
-0
27.6293
-0
-0
-0
9.25233
-0
-0
0.313738
-0
18.6688
-0
74.8318
-0
32.7987
-0
-0
34.4704
-0
-0
-0
24.3537
-0
-0
30.2285
10.1849
-0
-0
-0
-0
-0
-0
-0
-0
-0
-0
-0
-0
-0
30.8721
-0
7.19202
-0
-0
-0
-0
-0
-0
-0
11.1865
36.0312
-0
-0
31.7114
-0
-0
-0
-0
0.0194619
-0
-0
-0
-0
-0
-0
-0
37.6847
26.9477
33.9293
-0
-0
-0
-0
-0
-0
-0
-0
-0
-0
-0
-0
56.6077
-0
14.6411
-0
-0
19.8526
-0
-0
-0
-0
-0
-0
-0
-0
41.8446
-0
-0
-0
-0
-0
45.1373
-0
-0
-0
26.9702
-0
-0
-0
-0
-0
-0
-0
-0
-0
-0
-0
-0
-0
-0
-0
-0
11.9862
-0
-0
-0
-0
-0
-0
6.80712
-0
-0
-0
-0
-0
18.4357
13.2571
-0
2.84166
-0
-0
-0
-0
-0
-0
-0
-0
-0
-0
6.59365
-0
-0
-0
35.291
-0
-0
-0
23.0759
-0
-0
-0
-0
-0
-0
-0
-0
-0
-0
1.80673
-0
-0
-0
-0
-0
-0
14.5617
1.84228
-0
-0
-0
-0
18.2754
16.6484
11.9304
9.84418
-0
-0
-0
-0
-0
8.54861
-0
-0
-0
-0
10.9142
-0
-0
-0
-0
-0
-0
-0
-0
-0
-0
-0
-0
-0
-0
-0
-0
-0
-0
-0
6.75118
-0
-0
-0
-0
-0
-0
-0
-0
-0
-0
35.0425
5.3878
-0
-0
17.6942
6.27146
-0
-0
-0
-0
-0
-0
-0
16.3132
29.1994
-0
4.28122
-0
-0
-0
-0
-0
-0
-0
-0
12.7583
-0
59.2006
-0
-0
-0
-0
-0
3.99396
-0
15.9341
-0
-0
-0
-0
-0
-0
-0
-0
-0
-0
18.3874
8.17736
2.34999
6.5194
24.7898
-0
-0
34.6168
-0
-0
20.2151
-0
-0
0.694435
-0
-0
29.3466
26.597
-0
-0
-0
-0
9.00726
-0
-0
-0
-0
-0
13.8405
-0
13.6485
-0
-0
-0
-0
32.0165
-0
-0
-0
-0
1.30264
-0
26.212
-0
-0
-0
-0
0.311623
-0
-0
-0
-0
-0
27.3576
-0
-0
-0
-0
-0
2.98023
-0
-0
16.9116
-0
-0
-0
3.4586
4.93124
-0
5.82207
-0
57.7191
-0
-0
-0
11.3598
19.9632
-0
-0
1.81313
-0
-0
26.6454
3.33694
-0
-0
-0
-0
-0
-0
-0
-0
-0
32.8506
-0
-0
-0
-0
14.2232
-0
-0
52.422
24.8391
-0
0.273852
-0
29.4583
-0
-0
-0
-0
-0
-0
-0
-0
-0
-0
-0
-0
-0
-0
-0
-0
-0
-0
2.24346
14.612
-0
63.6056
-0
-0
-0
-0
20.619
-0
42.1744
-0
-0
-0
-0
-0
-0
-0
-0
-0
-0
-0
-0
-0
-0
4.96853
22.2822
-0
-0
-0
5.65002
-0
23.7827
-0
-0
-0
-0
-0
-0
-0
-0
-0
0.95881
72.1798
-0
8.59087
-0
-0
-0
-0
28.8759
10.3654
-0
27.7518
48.3192
-0
-0
18.4362
-0
-0
12.4925
-0
-0
-0
10.5026
-0
-0
-0
-0
-0
-0
-0
-0
23.3968
-0
-0
18.3287
-0
-0
-0
-0
-0
2.636
8.31543
-0
-0
-0
-0
-0
-0
-0
4.83514
21.6849
51.1288
16.2348
-0
-0
-0
-0
-0
-0
-0
6.7865
23.6305
-0
15.0805
13.8134
16.6624
-0
-0
-0
-0
58.7536
0.525647
-0
-0
-0
-0
-0
-0
-0
-0
-0
-0
-0
-0
-0
-0
3.83161
-0
-0
-0
-0
27.9892
-0
6.56452
-0
0.747098
-0
-0
-0
-0
8.37964
-0
-0
-0
-0
-0
-0
-0
-0
-0
0.038844
-0
-0
-0
16.378
-0
23.0861
-0
7.38411
-0
-0
-0
-0
-0
-0
75.5261
-0
-0
-0
-0
-0
-0
-0
14.2722
-0
-0
-0
-0
-0
-0
-0
-0
-0
-0
-0
-0
-0
-0
-0
-0
-0
-0
-0
-0
15.1721
-0
-0
-0
-0
-0
9.73378
-0
-0
-0
-0
-0
-0
5.25763
-0
-0
-0
-0
-0
-0
-0
37.7116
-0
-0
11.2707
23.4804
8.04513
-0
4.68842
-0
22.4272
32.5967
-0
-0
14.1508
-0
-0
-0
-0
-0
-0
-0
-0
-0
-0
-0
-0
-0
-0
-0
-0
-0
-0
-0
-0
-0
-0
-0
-0
-0
-0
-0
11.2694
47.0373
-0
-0
-0
-0
-0
-0
-0
-0
2.00725
-0
-0
6.59456
-0
-0
-0
-0
-0
-0
-0
-0
38.4072
8.97221
42.0218
-0
15.2916
-0
-0
-0
-0
-0
-0
14.3461
-0
-0
24.8212
44.9211
-0
-0
-0
1.22001
-0
-0
-0
-0
-0
-0
-0
-0
32.6878
18.4348
-0
-0
-0
-0
-0
-0
-0
-0
-0
7.9289
27.3477
-0
-0
1.53613
-0
-0
-0
-0
-0
-0
-0
-0
-0
9.85828
-0
-0
-0
-0
-0
31.0973
-0
-0
-0
-0
-0
-0
-0
51.7618
15.6058
-0
70.2275
16.9523
7.98422
-0
-0
-0
-0
-0
-0
6.09705
-0
-0
-0
-0
3.02794
-0
-0
-0
-0
-0
-0
-0
-0
-0
-0
-0
-0
-0
-0
-0
-0
-0
-0
-0
-0
24.9727
-0
-0
8.81053
-0
-0
-0
-0
-0
-0
9.82011
-0
-0
5.75302
-0
-0
-0
-0
-0
-0
-0
-0
-0
-0
5.50118
47.5814
42.4488
-0
-0
-0
-0
-0
-0
-0
-0
-0
27.0756
-0
26.6957
-0
-0
-0
-0
-0
41.9696
-0
-0
-0
-0
-0
-0
52.9517
-0
-0
-0
-0
-0
3.87983
3.79714
-0
-0
-0
-0
-0
-0
-0
-0
-0
-0
3.42489
-0
24.9234
-0
-0
-0
-0
-0
-0
-0
-0
-0
-0
-0
-0
-0
-0
-0
-0
-0
16.2414
-0
-0
-0
1.03304
2.45518
-0
-0
-0
-0
-0
-0
-0
-0
-0
-0
-0
-0
20.5635
-0
12.7317
-0
-0
-0
-0
-0
1.2026
-0
-0
-0
-0
-0
-0
-0
-0
-0
-0
-0
-0
2.32293
-0
-0
-0
-0
-0
-0
-0
-0
-0
-0
3.98537
-0
27.1721
-0
-0
-0
-0
-0
1.0327
-0
-0
-0
19.3742
-0
-0
-0
-0
-0
-0
-0
-0
-0
-0
-0
-0
-0
-0
-0
-0
-0
-0
-0
-0
-0
-0
-0
-0
-0
-0
-0
-0
37.1557
-0
-0
-0
4.90758
12.9833
-0
-0
-0
32.2865
-0
31.0143
-0
-0
-0
-0
-0
6.34229
-0
12.9223
-0
-0
-0
32.3974
-0
-0
-0
-0
20.9628
-0
15.9889
-0
17.2452
7.46206
-0
-0
6.84702
-0
-0
-0
-0
-0
-0
-0
-0
-0
-0
-0
10.855
-0
-0
-0
-0
-0
-0
-0
-0
-0
-0
-0
-0
15.2103
-0
-0
-0
-0
-0
-0
-0
-0
-0
-0
-0
-0
-0
-0
-0
3.88563
-0
-0
-0
52.7539
6.807
-0
-0
-0
-0
-0
-0
-0
-0
-0
-0
-0
-0
-0
-0
20.6821
3.91784
-0
12.6195
0.413443
-0
-0
-0
-0
-0
-0
-0
-0
-0
-0
0.405101
43.1413
-0
32.9743
-0
23.4262
-0
-0
-0
38.5663
-0
42.586
-0
-0
-0
-0
-0
-0
-0
-0
-0
16.4978
-0
-0
43.0108
0.724156
-0
-0
22.8211
-0
43.3838
-0
-0
40.2197
-0
9.07941
-0
35.7907
-0
-0
-0
-0
64.7289
-0
-0
16.3666
-0
-0
-0
40.298
-0
-0
-0
-0
-0
-0
-0
-0
-0
-0
-0
-0
-0
-0
-0
11.3951
8.58429
-0
-0
-0
-0
10.3509
28.2944
-0
-0
13.9452
-0
-0
-0
-0
-0
-0
-0
-0
56.7587
-0
-0
-0
-0
-0
14.8702
14.0645
-0
-0
-0
-0
-0
3.19863
-0
24.4215
23.9906
39.6074
5.25459
-0
13.0921
-0
39.008
-0
-0
9.63504
-0
-0
-0
36.3647
-0
-0
-0
-0
-0
17.12
-0
-0
26.1458
-0
-0
-0
-0
-0
-0
-0
24.8461
6.67869
-0
-0
-0
-0
-0
-0
-0
-0
8.90549
-0
-0
-0
-0
-0
9.4102
-0
-0
15.9774
-0
-0
-0
7.1441
30.3068
14.5006
-0
-0
-0
-0
11.867
-0
-0
-0
-0
-0
-0
-0
-0
-0
15.5788
-0
-0
4.52181
-0
22.1552
-0
-0
-0
-0
-0
-0
-0
-0
-0
-0
-0
-0
38.084
-0
-0
-0
-0
-0
-0
46.5277
-0
-0
-0
35.284
-0
-0
-0
-0
-0
-0
-0
-0
-0
-0
-0
3.826
45.0764
-0
19.9669
-0
-0
-0
-0
7.05436
-0
-0
51.9984
-0
-0
-0
-0
-0
3.82225
-0
-0
-0
-0
-0
-0
-0
5.06433
29.0275
-0
-0
-0
-0
-0
1.88581
-0
-0
0.0463549
-0
7.84027
-0
-0
-0
-0
-0
-0
7.82344
-0
21.3954
-0
-0
-0
58.1804
-0
-0
0.594945
-0
-0
-0
0.108242
-0
-0
-0
-0
-0
-0
-0
-0
16.5497
-0
-0
-0
-0
-0
-0
-0
-0
-0
3.73633
-0
-0
-0
-0
6.40437
-0
-0
-0
-0
-0
57.5986
7.38298
-0
-0
-0
-0
-0
-0
-0
-0
-0
17.8891
47.2361
1.98353
-0
-0
47.3145
37.317
-0
-0
-0
26.7639
38.5492
49.5826
14.8747
-0
-0
-0
-0
-0
-0
-0
-0
-0
-0
-0
44.7988
-0
-0
-0
26.2624
-0
-0
-0
-0
-0
-0
-0
-0
-0
-0
-0
5.2407
-0
-0
-0
-0
-0
-0
-0
-0
-0
-0
-0
-0
-0
-0
-0
-0
-0
-0
20.1223
-0
-0
-0
-0
-0
-0
-0
-0
-0
-0
-0
-0
-0
-0
-0
-0
16.1002
-0
-0
-0
13.1733
-0
-0
0.759499
-0
-0
6.25283
-0
-0
-0
25.9993
-0
-0
-0
-0
7.55491
-0
2.45706
-0
-0
-0
-0
-0
12.7976
-0
-0
-0
-0
-0
-0
3.1109
-0
-0
37.3199
-0
-0
-0
-0
-0
0.77606
-0
-0
23.9304
-0
-0
-0
-0
-0
-0
-0
-0
-0
-0
-0
-0
-0
-0
-0
-0
-0
-0
-0
-0
4.71022
41.6584
-0
-0
6.8986
0.246096
-0
-0
-0
-0
0.490669
-0
-0
-0
-0
-0
-0
-0
-0
-0
22.2917
-0
-0
-0
-0
7.97738
-0
-0
-0
25.074
-0
23.0309
47.779
-0
-0
-0
-0
5.95772
-0
-0
-0
-0
-0
-0
19.8485
-0
-0
39.0051
-0
28.1275
-0
-0
-0
43.9984
-0
-0
-0
-0
-0
-0
-0
-0
-0
-0
-0
-0
-0
-0
45.8612
-0
-0
-0
-0
-0
-0
-0
-0
-0
-0
-0
12.377
-0
-0
12.053
-0
5.94937
-0
-0
-0
-0
-0
-0
-0
-0
-0
-0
18.3769
-0
-0
-0
-0
65.393
-0
-0
-0
-0
-0
-0
-0
-0
-0
9.58335
-0
4.23
16.3396
-0
-0
-0
-0
28.6101
-0
-0
1.95177
20.3089
-0
-0
-0
-0
-0
18.1943
-0
24.3608
-0
-0
-0
-0
-0
-0
-0
-0
-0
-0
-0
-0
-0
-0
24.957
-0
32.8887
-0
-0
12.8132
-0
23.4592
8.68882
-0
-0
-0
-0
-0
-0
-0
-0
-0
-0
-0
-0
-0
10.3359
3.15096
-0
-0
-0
-0
-0
-0
-0
-0
-0
-0
-0
-0
-0
2.81377
-0
-0
-0
-0
11.7372
7.58054
-0
-0
-0
-0
-0
-0
-0
-0
-0
34.6713
-0
-0
-0
-0
-0
-0
-0
14.4442
-0
-0
-0
26.8903
-0
-0
-0
-0
-0
9.0968
61.1023
1.60881
-0
2.57573
-0
-0
-0
-0
-0
-0
50.1175
-0
-0
-0
-0
-0
-0
15.1576
-0
-0
-0
7.68754
-0
8.41788
-0
12.9876
-0
-0
-0
-0
-0
-0
-0
-0
-0
18.3081
7.26033
-0
-0
-0
41.531
-0
-0
15.839
-0
-0
-0
-0
-0
8.66478
-0
-0
-0
27.1329
-0
-0
-0
-0
1.25334
12.3131
-0
23.5555
-0
-0
-0
16.3946
-0
31.1992
1.60019
-0
-0
-0
-0
-0
-0
-0
-0
-0
-0
-0
-0
-0
-0
58.6072
-0
-0
-0
-0
6.87889
9.57713
-0
-0
-0
-0
-0
-0
-0
-0
-0
29.9441
29.6401
-0
-0
-0
-0
-0
-0
-0
-0
-0
-0
11.8421
-0
-0
-0
-0
43.6651
29.7253
-0
-0
-0
-0
-0
3.02203
-0
51.8477
-0
-0
-0
-0
-0
-0
1.1533
-0
22.5183
-0
25.4587
-0
-0
-0
-0
-0
1.61519
29.9523
23.8244
-0
-0
-0
-0
-0
-0
-0
-0
-0
-0
-0
-0
-0
-0
-0
-0
-0
-0
-0
-0
-0
-0
5.81022
-0
-0
-0
17.5166
-0
-0
-0
-0
-0
42.2401
9.66589
-0
52.6807
-0
-0
-0
-0
-0
-0
-0
-0
-0
-0
-0
39.2334
-0
-0
-0
-0
-0
-0
-0
-0
-0
31.5474
-0
-0
-0
-0
-0
-0
-0
-0
-0
-0
-0
-0
-0
40.7899
-0
-0
60.4341
-0
-0
-0
-0
-0
-0
-0
-0
-0
10.8048
-0
-0
-0
45.5898
2.32815
3.57165
-0
13.4925
-0
-0
-0
-0
-0
-0
-0
12.6184
42.0138
-0
49.67
10.22
-0
-0
-0
-0
-0
-0
-0
-0
-0
-0
-0
-0
32.3796
-0
-0
-0
-0
30.9609
-0
-0
17.4725
-0
-0
4.9102
11.5448
-0
-0
-0
-0
-0
-0
-0
31.8504
-0
5.29459
-0
-0
-0
9.40718
24.9702
-0
-0
-0
-0
-0
12.2786
-0
-0
-0
-0
-0
-0
-0
-0
-0
-0
-0
-0
4.99621
-0
23.2297
-0
-0
-0
6.67178
6.25909
-0
-0
-0
-0
-0
21.7812
-0
-0
4.4889
-0
27.4371
-0
-0
2.82856
-0
-0
-0
-0
3.11487
-0
-0
-0
-0
-0
-0
-0
-0
7.80097
25.7728
-0
-0
-0
-0
-0
-0
-0
-0
9.90539
15.7227
-0
-0
44.8565
-0
8.24806
-0
61.7431
-0
-0
9.98512
-0
-0
-0
3.40689
-0
-0
-0
-0
-0
-0
-0
25.4879
-0
-0
-0
-0
-0
-0
51.874
-0
34.4962
-0
-0
-0
-0
-0
-0
-0
18.0774
-0
-0
-0
21.7308
-0
-0
-0
-0
27.1278
22.4152
-0
-0
-0
-0
22.4026
-0
-0
-0
-0
-0
-0
-0
-0
-0
-0
-0
-0
-0
-0
-0
-0
-0
-0
-0
-0
19.1334
-0
-0
-0
-0
-0
4.17114
-0
-0
-0
-0
53.9685
-0
-0
0.225566
-0
-0
-0
38.6559
-0
-0
-0
-0
-0
7.91355
3.13363
-0
-0
-0
-0
2.3887
-0
-0
-0
-0
11.9726
-0
-0
2.83163
-0
-0
1.99308
14.5045
-0
26.6127
-0
-0
-0
17.9019
-0
-0
-0
44.7378
-0
-0
10.7951
-0
-0
-0
-0
10.611
-0
-0
12.2316
17.9193
6.25943
13.8136
3.45254
-0
2.52319
10.2521
-0
-0
-0
-0
-0
-0
-0
-0
-0
-0
-0
-0
-0
2.68817
-0
-0
-0
-0
-0
-0
8.63852
-0
-0
13.3788
-0
-0
-0
-0
-0
-0
-0
7.10114
-0
-0
-0
-0
-0
31.175
-0
-0
-0
-0
7.07159
-0
23.6165
16.265
15.2996
-0
-0
-0
-0
-0
2.23968
-0
22.54
-0
-0
-0
-0
-0
-0
-0
15.1629
-0
37.0024
-0
-0
9.89788
-0
-0
-0
6.968
-0
-0
12.01
2.71549
-0
-0
8.24433
-0
-0
-0
-0
-0
-0
39.9651
63.5903
-0
-0
5.07109
17.3494
-0
16.0607
-0
-0
-0
-0
-0
-0
-0
-0
4.87979
-0
-0
-0
-0
-0
-0
-0
-0
0.753719
-0
-0
-0
25.9125
-0
24.7661
33.1832
-0
-0
-0
-0
-0
-0
-0
-0
-0
-0
-0
-0
-0
2.58184
-0
-0
76.2871
-0
-0
-0
-0
-0
-0
18.914
17.5721
15.0051
14.9211
1.81653
-0
-0
-0
-0
-0
18.5236
-0
-0
-0
-0
32.4007
-0
-0
-0
