-0
-0
-0
-0
-0
-0
-0
10.3891
23.3835
-0
38.6814
-0
-0
-0
-0
29.7896
-0
2.55096
-0
-0
-0
-0
-0
-0
-0
-0
33.2574
9.01325
-0
-0
-0
-0
-0
-0
1.96825
-0
-0
-0
-0
-0
-0
-0
-0
35.1533
-0
-0
-0
-0
-0
-0
-0
-0
-0
-0
-0
-0
2.37167
1.23054
32.1917
-0
-0
-0
10.3851
-0
-0
-0
-0
28.4187
-0
1.76348
-0
-0
-0
-0
-0
1.39759
0.390703
-0
-0
-0
-0
36.2256
2.46925
-0
30.5364
-0
-0
-0
-0
-0
-0
-0
-0
-0
-0
-0
7.79816
-0
-0
-0
-0
-0
-0
15.3823
7.34116
-0
21.0237
-0
-0
-0
-0
-0
-0
-0
-0
8.59241
-0
-0
57.8861
15.55
-0
-0
-0
-0
9.02902
-0
-0
-0
-0
-0
-0
27.5448
-0
-0
-0
-0
-0
-0
-0
16.9563
-0
-0
-0
-0
-0
-0
-0
-0
-0
-0
-0
-0
-0
-0
2.96797
-0
48.4509
-0
-0
0.821859
28.4809
-0
-0
17.8236
-0
5.50798
-0
9.16979
-0
26.8243
-0
31.1877
-0
-0
-0
-0
-0
-0
-0
-0
-0
-0
-0
-0
-0
4.25878
-0
-0
7.63083
-0
13.6492
5.59186
-0
4.08419
-0
-0
-0
-0
-0
-0
-0
-0
-0
-0
-0
-0
-0
5.69942
20.196
-0
3.47038
-0
26.7633
-0
-0
-0
2.08307
-0
-0
-0
-0
-0
7.92238
17.541
5.37253
-0
-0
-0
9.61964
-0
-0
-0
-0
-0
-0
5.61678
-0
-0
-0
-0
-0
-0
-0
-0
-0
-0
15.8561
-0
-0
-0
-0
-0
-0
-0
1.99761
-0
0.199684
-0
7.55438
-0
12.459
-0
-0
27.3976
-0
-0
-0
-0
-0
-0
-0
42.4528
-0
37.6982
-0
-0
-0
-0
-0
0.666132
34.451
7.73141
-0
19.212
-0
-0
-0
19.0538
-0
-0
-0
-0
39.029
-0
-0
-0
-0
-0
-0
78.4357
-0
-0
0.8634
-0
21.8826
34.1994
-0
-0
23.9764
-0
-0
16.545
-0
-0
-0
-0
-0
-0
-0
0.401187
-0
-0
-0
-0
13.3333
-0
-0
3.07775
-0
-0
-0
-0
-0
-0
-0
-0
-0
0.0853555
12.4581
-0
-0
-0
-0
-0
10.046
-0
15.3214
-0
-0
-0
12.7829
-0
-0
-0
-0
-0
-0
-0
-0
11.331
-0
-0
-0
15.3717
1.03943
2.97225
-0
-0
-0
-0
-0
0.729998
1.10176
28.4702
-0
-0
0.365722
11.7856
-0
-0
-0
-0
-0
-0
-0
9.83152
-0
-0
-0
-0
-0
63.5577
-0
-0
-0
-0
-0
0.702165
-0
-0
-0
-0
-0
-0
21.8019
-0
-0
-0
-0
-0
-0
-0
-0
-0
-0
42.7488
-0
-0
-0
-0
-0
-0
-0
-0
-0
22.8009
22.709
-0
1.41097
-0
-0
-0
12.7209
-0
5.34193
-0
25.3098
-0
-0
12.8259
-0
-0
-0
-0
-0
2.06299
-0
-0
-0
-0
-0
1.53288
-0
-0
5.88088
-0
-0
-0
-0
-0
-0
-0
8.58606
-0
51.8744
-0
12.0326
-0
-0
-0
-0
-0
-0
-0
-0
8.99365
1.17979
-0
-0
-0
0.383125
-0
-0
-0
-0
-0
-0
43.338
-0
-0
8.16241
-0
-0
-0
-0
30.0973
2.27267
-0
-0
-0
-0
-0
43.2643
1.55988
-0
-0
-0
-0
-0
11.8123
-0
-0
-0
-0
-0
4.78509
-0
-0
8.27543
-0
25.2589
-0
-0
44.6975
-0
-0
-0
22.8891
-0
-0
-0
-0
-0
-0
18.4449
-0
41.5395
26.7608
-0
-0
-0
-0
-0
-0
-0
10.4159
14.3482
5.78406
6.71005
23.8276
-0
-0
-0
-0
51.7431
25.8056
-0
-0
-0
-0
-0
-0
36.7191
-0
0.383489
-0
-0
-0
11.2031
32.2354
-0
-0
-0
37.7524
-0
31.5816
-0
-0
11.0175
-0
-0
-0
-0
-0
22.4229
18.9981
-0
-0
-0
22.1845
-0
-0
2.72501
-0
-0
-0
5.81466
-0
-0
-0
-0
-0
-0
-0
-0
-0
-0
-0
3.56628
-0
-0
-0
1.63754
-0
-0
-0
2.23556
-0
-0
-0
-0
-0
-0
9.24131
-0
-0
-0
-0
21.635
-0
-0
-0
-0
-0
-0
-0
-0
-0
-0
3.12089
-0
-0
-0
-0
-0
-0
-0
-0
-0
-0
-0
-0
-0
-0
6.99136
24.044
-0
-0
-0
-0
-0
-0
7.7664
-0
-0
52.2347
-0
-0
-0
-0
11.0704
-0
-0
-0
3.86446
16.8493
-0
-0
1.07223
8.51388
-0
-0
1.19378
-0
-0
-0
-0
-0
8.60868
-0
-0
-0
37.9786
4.93296
-0
42.492
-0
-0
-0
25.1001
-0
-0
-0
15.6187
10.0301
-0
-0
-0
-0
-0
-0
9.16597
-0
-0
-0
-0
-0
-0
-0
-0
-0
3.33356
-0
-0
19.0139
-0
-0
-0
29.1725
-0
15.1172
-0
-0
9.17097
2.71224
-0
-0
0.0633221
-0
-0
-0
17.0782
-0
-0
-0
22.0213
-0
-0
-0
3.66701
4.41475
-0
-0
-0
-0
-0
0.958375
-0
16.112
-0
0.0299203
-0
-0
-0
13.4889
-0
-0
18.992
-0
-0
-0
-0
-0
-0
-0
-0
-0
-0
-0
1.36624
-0
-0
-0
-0
-0
-0
15.1336
6.86651
-0
-0
-0
-0
-0
-0
0.853285
-0
21.2471
-0
3.70575
-0
-0
-0
-0
-0
-0
15.9005
-0
-0
15.0563
-0
-0
-0
-0
-0
-0
14.7266
-0
-0
-0
13.876
8.2243
-0
-0
-0
-0
-0
-0
0.535534
-0
33.7639
-0
-0
17.4364
-0
-0
-0
3.69335
10.7899
-0
-0
-0
-0
-0
-0
-0
19.966
17.8686
0.0661384
16.0436
-0
-0
-0
8.42942
20.1975
-0
-0
39.7681
10.4546
-0
-0
-0
-0
-0
-0
19.1937
-0
-0
-0
-0
-0
-0
-0
-0
-0
-0
60.2188
-0
-0
-0
-0
0.12652
21.2499
-0
-0
-0
-0
4.63361
-0
-0
-0
-0
-0
-0
-0
-0
24.8829
28.7845
-0
-0
-0
11.2761
-0
-0
-0
-0
-0
10.1766
-0
-0
-0
7.99082
-0
-0
-0
-0
-0
-0
-0
-0
-0
-0
-0
-0
9.90246
2.94311
7.34322
-0
43.9148
-0
-0
-0
-0
3.62617
11.4981
-0
-0
-0
20.206
-0
-0
9.82139
-0
-0
-0
-0
-0
26.7847
-0
-0
-0
-0
39.9201
-0
-0
-0
-0
-0
-0
-0
-0
-0
-0
-0
-0
11.0481
9.04228
-0
-0
-0
49.016
-0
0.340814
-0
42.7542
-0
-0
-0
-0
-0
5.21361
-0
-0
-0
-0
-0
-0
-0
-0
-0
-0
-0
16.658
-0
-0
-0
8.6939
5.27668
-0
30.1874
-0
-0
-0
0.873726
-0
-0
-0
-0
20.0978
-0
0.987193
-0
-0
2.10602
-0
8.60433
-0
-0
-0
-0
-0
-0
-0
-0
-0
-0
21.0473
-0
1.75978
-0
2.75585
-0
-0
-0
-0
-0
-0
-0
-0
-0
7.50405
17.7777
-0
-0
-0
10.304
-0
-0
-0
-0
-0
-0
3.97288
11.3345
-0
7.08215
-0
4.51675
-0
-0
-0
-0
-0
-0
-0
-0
5.69574
-0
-0
-0
-0
-0
-0
-0
0.208188
-0
1.62045
-0
-0
-0
-0
-0
-0
-0
-0
-0
-0
-0
39.2926
-0
-0
-0
-0
-0
1.81059
-0
-0
-0
14.4368
-0
6.82756
-0
-0
16.1386
-0
-0
-0
3.09134
-0
-0
-0
5.75838
-0
-0
8.30394
-0
-0
-0
-0
18.9394
-0
-0
-0
-0
-0
31.0421
-0
-0
-0
-0
11.0137
-0
-0
13.269
6.94954
-0
-0
-0
-0
-0
41.3916
-0
-0
-0
-0
8.08913
-0
-0
-0
-0
31.3087
-0
-0
-0
-0
18.6265
38.8957
-0
-0
37.157
32.9832
-0
9.29492
-0
-0
-0
20.8681
0.898163
-0
-0
-0
-0
-0
28.9934
-0
5.267
-0
-0
18.9181
21.2184
-0
-0
19.5086
24.8269
2.27008
32.2606
-0
8.6593
-0
-0
-0
-0
-0
-0
-0
-0
-0
-0
-0
-0
-0
-0
-0
-0
-0
-0
35.021
-0
-0
-0
-0
-0
-0
12.2208
-0
-0
-0
-0
-0
-0
-0
22.0122
-0
-0
-0
-0
-0
-0
-0
45.8645
-0
-0
35.0172
-0
-0
-0
-0
8.89778
-0
26.7439
-0
-0
-0
-0
-0
-0
-0
-0
-0
-0
-0
-0
0.50438
-0
-0
-0
18.9695
-0
-0
11.3895
-0
-0
14.5148
20.6332
-0
-0
-0
-0
-0
-0
30.9399
-0
-0
-0
16.3786
-0
-0
-0
-0
-0
-0
-0
-0
-0
-0
-0
-0
-0
-0
1.2784
-0
-0
8.1086
-0
20.9346
-0
-0
-0
-0
10.9817
-0
-0
-0
-0
-0
-0
7.38607
6.91671
7.43196
-0
1.37036
-0
-0
-0
-0
6.58679
21.1833
-0
-0
29.3951
-0
-0
6.71748
29.7504
18.085
-0
-0
-0
-0
-0
18.3796
10.0132
21.4473
-0
-0
-0
16.8142
-0
-0
-0
21.9891
0.926609
-0
16.7945
-0
2.14551
-0
4.46208
9.09355
-0
-0
-0
-0
32.9178
15.5222
-0
-0
-0
-0
-0
-0
-0
-0
-0
5.47971
-0
-0
8.71875
-0
31.2377
0.819551
-0
-0
-0
-0
9.17068
4.54194
-0
-0
-0
-0
-0
-0
-0
-0
18.5508
-0
30.0619
-0
-0
-0
-0
-0
9.2583
-0
-0
-0
-0
-0
-0
22.6599
-0
15.7552
-0
-0
-0
3.68123
0.770994
15.8231
-0
-0
-0
-0
-0
-0
13.0301
34.8013
-0
-0
9.50189
-0
63.5602
-0
-0
-0
-0
-0
-0
-0
-0
-0
-0
-0
-0
-0
-0
12.7381
-0
0.702402
-0
-0
-0
3.06625
-0
43.1453
38.089
-0
0.0767219
-0
-0
-0
-0
-0
-0
-0
-0
-0
-0
-0
-0
-0
-0
-0
-0
-0
-0
-0
-0
-0
-0
-0
-0
-0
-0
-0
-0
12.963
-0
-0
-0
-0
-0
-0
-0
-0
-0
-0
-0
-0
-0
-0
18.6658
-0
26.3743
-0
-0
-0
-0
-0
13.7149
-0
-0
-0
-0
-0
-0
-0
-0
-0
-0
-0
-0
9.81152
-0
-0
43.999
-0
-0
-0
-0
-0
-0
-0
-0
-0
-0
-0
-0
-0
-0
-0
14.7353
17.8804
-0
34.0275
-0
-0
-0
-0
-0
-0
-0
-0
8.92893
16.4981
-0
-0
14.1422
-0
-0
-0
-0
7.93218
-0
-0
-0
-0
-0
-0
34.1492
-0
-0
8.11808
-0
-0
-0
-0
13.5015
-0
-0
-0
-0
-0
-0
-0
44.3586
1.346
-0
-0
-0
-0
-0
17.0196
18.0578
28.2075
19.6683
-0
-0
9.71535
-0
-0
-0
48.404
-0
-0
-0
-0
6.1627
-0
-0
-0
-0
-0
4.74256
-0
21.1441
-0
-0
-0
-0
18.963
-0
-0
-0
-0
-0
-0
5.22781
-0
-0
25.934
-0
4.26837
-0
-0
-0
-0
-0
-0
4.57872
-0
-0
45.5271
-0
-0
-0
-0
-0
-0
-0
-0
-0
14.265
-0
-0
2.96217
6.97143
-0
16.9029
-0
-0
-0
15.2413
-0
17.6973
-0
-0
-0
45.5182
-0
-0
-0
-0
-0
-0
2.93577
4.52186
-0
-0
-0
-0
6.22752
-0
-0
-0
-0
-0
-0
-0
18.084
-0
-0
0.848308
-0
-0
-0
-0
14.0466
-0
1.3576
-0
-0
-0
30.3318
-0
-0
-0
5.70212
-0
-0
2.4242
-0
29.3186
-0
50.415
-0
26.6313
-0
-0
25.8255
-0
-0
-0
-0
-0
-0
29.0308
2.49655
-0
5.26063
-0
-0
-0
-0
-0
-0
-0
-0
-0
-0
-0
13.4813
-0
-0
-0
-0
16.7545
-0
-0
-0
-0
37.335
5.71436
3.67631
-0
33.0476
-0
-0
-0
-0
4.20075
-0
-0
-0
-0
-0
-0
-0
27.4897
24.2515
29.6804
-0
-0
-0
-0
-0
-0
-0
-0
-0
-0
-0
-0
52.0195
-0
10.5987
-0
-0
-0
-0
-0
-0
-0
-0
-0
-0
-0
4.92986
-0
-0
-0
-0
-0
61.5298
-0
-0
-0
27.47
-0
-0
-0
-0
-0
-0
-0
-0
-0
-0
-0
-0
-0
-0
-0
-0
5.92784
-0
-0
-0
-0
-0
-0
-0
-0
-0
-0
-0
-0
25.2381
28.0571
-0
29.6036
-0
-0
-0
-0
-0
-0
-0
-0
-0
-0
7.3526
-0
-0
-0
0.688889
-0
-0
-0
7.86007
-0
-0
-0
-0
-0
-0
-0
-0
-0
-0
7.5119
-0
-0
-0
-0
-0
-0
-0
1.98829
-0
-0
-0
-0
19.4089
6.2386
10.2712
-0
-0
-0
23.1132
-0
-0
9.3863
-0
-0
4.2168
-0
-0
-0
-0
-0
-0
-0
-0
-0
-0
25.6887
5.3544
-0
-0
-0
-0
-0
-0
9.72593
-0
-0
16.6022
-0
-0
-0
-0
-0
-0
-0
-0
-0
-0
35.8623
9.33692
1.25944
-0
29.7647
1.98145
-0
-0
-0
-0
-0
-0
-0
24.6939
3.06549
-0
5.10961
-0
-0
-0
-0
-0
-0
-0
-0
10.5462
-0
7.26445
-0
-0
-0
-0
-0
0.480752
-0
7.67385
-0
-0
-0
-0
-0
-0
-0
-0
-0
-0
26.2459
-0
3.06503
2.85159
11.869
-0
-0
18.9334
8.12117
-0
8.56311
-0
-0
-0
-0
-0
44.3971
14.8503
-0
-0
-0
-0
20.1914
10.1064
-0
-0
-0
-0
-0
-0
2.00862
-0
-0
-0
-0
12.2968
-0
-0
-0
-0
1.18922
-0
32.0115
-0
-0
-0
-0
0.081349
-0
-0
-0
-0
-0
41.7234
-0
-0
10.0999
-0
-0
-0
-0
-0
17.415
-0
-0
-0
2.59315
-0
33.0184
11.7658
-0
59.9592
-0
-0
-0
9.5869
10.1198
-0
-0
1.09224
-0
-0
9.97173
-0
-0
-0
-0
-0
-0
-0
-0
-0
-0
-0
-0
-0
-0
-0
20.3074
-0
-0
-0
14.8873
-0
-0
-0
19.6128
-0
-0
-0
-0
-0
-0
-0
-0
-0
-0
-0
-0
-0
-0
-0
-0
-0
-0
1.54714
-0
-0
42.4325
-0
-0
-0
-0
3.02201
-0
25.0413
-0
-0
-0
-0
-0
-0
-0
-0
-0
-0
-0
-0
-0
-0
-0
21.2435
5.72716
-0
-0
-0
-0
24.209
-0
-0
-0
-0
-0
-0
-0
-0
10.8581
-0
46.7875
-0
4.69214
-0
-0
-0
-0
14.8492
28.2292
-0
14.6605
54.4044
-0
-0
19.6274
0.188842
-0
11.546
-0
-0
-0
18.781
-0
-0
-0
-0
-0
-0
-0
-0
3.13941
-0
-0
18.1545
-0
-0
-0
-0
-0
19.3211
-0
2.62977
-0
-0
-0
2.46597
-0
-0
9.30687
19.9176
12.5556
12.6363
-0
-0
-0
-0
-0
-0
-0
4.88298
-0
31.234
3.95747
14.2771
9.20211
-0
-0
-0
-0
35.0608
0.312416
-0
-0
-0
10.8515
-0
-0
-0
-0
-0
-0
19.8253
-0
-0
-0
-0
-0
-0
-0
-0
51.6904
-0
36.9505
-0
-0
-0
-0
-0
-0
-0
-0
-0
-0
-0
-0
3.96653
-0
-0
-0
-0
-0
-0
-0
39.2298
-0
22.657
18.7548
31.0567
-0
0.226882
-0
-0
-0
-0
51.8687
1.00606
-0
-0
-0
-0
-0
-0
30.0439
-0
-0
-0
-0
-0
-0
-0
-0
-0
-0
-0
-0
-0
-0
-0
-0
-0
-0
-0
-0
16.4699
-0
-0
-0
-0
-0
4.51504
-0
-0
-0
-0
-0
-0
3.85919
-0
-0
-0
-0
-0
-0
-0
30.4344
-0
-0
14.6415
19.4209
3.32343
-0
-0
-0
26.4285
-0
-0
-0
10.5568
-0
-0
-0
-0
-0
-0
-0
-0
2.77649
9.88301
9.03582
-0
-0
-0
-0
-0
-0
-0
-0
-0
-0
-0
-0
-0
-0
-0
-0
12.7078
12.4729
-0
-0
-0
11.0085
-0
-0
-0
-0
1.65684
-0
-0
-0
-0
-0
-0
-0
-0
-0
-0
-0
23.7767
-0
15.1371
-0
-0
1.03785
-0
-0
-0
0.230667
-0
15.6688
-0
1.85343
8.34173
48.2719
-0
-0
-0
2.05735
-0
-0
1.87903
-0
-0
-0
-0
-0
30.6881
6.80507
-0
-0
-0
-0
-0
2.11541
-0
-0
-0
6.38595
16.1545
-0
-0
-0
-0
-0
-0
-0
-0
-0
-0
-0
-0
-0
-0
-0
-0
-0
-0
48.7681
-0
-0
-0
-0
-0
-0
-0
28.736
-0
-0
28.899
12.1098
27.1556
-0
-0
-0
-0
-0
-0
-0
-0
-0
-0
-0
3.64548
-0
-0
-0
-0
-0
-0
-0
-0
-0
-0
-0
-0
20.3286
-0
-0
-0
-0
-0
-0
-0
-0
-0
-0
-0
-0
-0
-0
-0
-0
-0
8.15395
-0
-0
-0
-0
-0
-0
-0
-0
-0
-0
-0
-0
-0
5.76659
12.6809
5.85025
-0
-0
-0
-0
-0
-0
-0
-0
-0
-0
-0
15.6239
-0
-0
-0
-0
-0
16.9797
-0
-0
1.32213
-0
-0
-0
24.7199
-0
-0
-0
-0
-0
-0
27.5801
-0
-0
-0
6.39623
-0
-0
-0
-0
-0
-0
-0
-0
33.8108
0.187384
-0
-0
-0
-0
-0
-0
-0
-0
-0
-0
-0
-0
-0
-0
-0
-0
26.5445
-0
-0
-0
0.439341
-0
-0
-0
-0
-0
-0
-0
-0
-0
-0
2.9748
-0
-0
31.3284
-0
16.5438
-0
0.593156
-0
-0
-0
-0
-0
-0
-0
6.76237
-0
-0
-0
-0
-0
-0
-0
-0
-0
-0
-0
-0
0.191974
-0
-0
-0
-0
-0
-0
2.43441
-0
5.83476
-0
-0
-0
-0
-0
-0
-0
-0
-0
0.543357
-0
-0
-0
-0
-0
-0
-0
-0
-0
-0
-0
-0
-0
-0
-0
-0
-0
4.89421
-0
2.76513
-0
-0
-0
-0
2.48214
-0
-0
-0
27.4043
-0
5.39875
-0
-0
-0
-0
-0
-0
21.1151
-0
32.5053
-0
-0
-0
-0
-0
12.8396
-0
38.4055
-0
-0
-0
21.269
-0
-0
-0
-0
30.4667
-0
30.555
-0
3.89209
3.71919
-0
-0
2.99583
-0
-0
-0
-0
-0
-0
-0
-0
-0
-0
-0
-0
2.69601
0.81525
-0
-0
-0
-0
-0
-0
-0
-0
-0
-0
0.793078
-0
-0
-0
-0
-0
-0
0.135514
-0
-0
-0
-0
-0
-0
-0
10.0348
2.18354
-0
-0
-0
42.8911
55.7438
-0
-0
-0
-0
-0
-0
-0
-0
-0
-0
-0
12.4742
-0
-0
12.5464
-0
-0
20.9855
0.277321
-0
-0
-0
-0
-0
-0
-0
-0
-0
-0
-0
28.2871
-0
17.4981
-0
38.4947
-0
-0
-0
30.4346
-0
31.9761
-0
-0
-0
-0
-0
-0
-0
-0
-0
27.2499
-0
-0
42.5741
-0
-0
-0
5.99775
-0
36.4264
-0
-0
46.4625
-0
4.93199
-0
24.4015
-0
1.71357
-0
-0
21.3865
-0
-0
23.6638
-0
-0
-0
31.0099
-0
-0
-0
-0
-0
-0
-0
-0
-0
-0
-0
-0
-0
-0
-0
11.2976
11.5779
-0
-0
-0
-0
-0
26.4791
-0
-0
1.11488
-0
-0
-0
-0
-0
5.06971
-0
-0
46.0979
-0
-0
-0
-0
8.36568
2.13323
17.4723
-0
-0
-0
-0
-0
4.01812
-0
18.7693
40.0786
23.9172
-0
-0
5.20531
-0
40.1709
15.8905
-0
-0
-0
-0
-0
43.6641
-0
-0
-0
-0
-0
23.6574
-0
-0
3.38107
-0
-0
-0
-0
-0
13.9719
-0
18.2156
-0
-0
-0
-0
-0
-0
23.0129
-0
-0
8.23883
-0
-0
-0
-0
-0
22.3622
-0
-0
15.4342
-0
-0
-0
-0
21.2723
18.3321
-0
3.96076
-0
-0
3.53356
-0
-0
-0
-0
-0
-0
-0
-0
-0
1.32403
-0
-0
12.6759
-0
28.4462
12.7812
3.05618
-0
-0
-0
-0
-0
-0
-0
-0
-0
10.5378
19.7706
-0
-0
-0
-0
-0
-0
22.5036
-0
-0
-0
24.9042
-0
-0
-0
-0
-0
-0
-0
-0
-0
-0
-0
23.3438
48.3791
-0
50.9795
-0
-0
-0
-0
16.8026
-0
-0
41.864
-0
-0
-0
-0
-0
-0
-0
-0
-0
-0
-0
-0
-0
17.2398
13.7979
-0
-0
-0
31.7272
-0
-0
-0
-0
-0
-0
-0
-0
-0
-0
-0
-0
-0
2.7357
8.02903
-0
-0
-0
-0
29.2651
-0
-0
0.531464
4.02204
-0
-0
-0
-0
-0
-0
-0
-0
-0
-0
-0
8.43343
-0
-0
-0
-0
-0
-0
-0
-0
-0
8.20765
-0
-0
-0
-0
-0
-0
7.26544
-0
-0
-0
51.439
16.6257
-0
-0
-0
-0
-0
-0
-0
-0
-0
1.26925
15.3376
8.06209
-0
-0
46.0662
0.829571
-0
-0
-0
41.2026
25.1402
41.3364
-0
-0
-0
-0
-0
-0
-0
-0
-0
-0
-0
-0
17.9171
-0
10.1722
-0
12.7196
-0
-0
-0
-0
-0
-0
-0
-0
-0
-0
-0
-0
-0
17.9833
-0
-0
-0
-0
-0
-0
-0
-0
-0
-0
-0
-0
-0
-0
-0
-0
8.2165
4.00734
1.7888
-0
-0
-0
-0
-0
-0
-0
-0
-0
-0
-0
-0
-0
-0
16.8039
-0
-0
-0
29.3391
-0
-0
-0
-0
-0
3.91275
-0
-0
-0
-0
-0
-0
-0
-0
4.6691
-0
-0
-0
-0
-0
-0
-0
10.8183
-0
-0
-0
-0
-0
-0
1.73888
-0
-0
31.8997
-0
-0
-0
-0
-0
0.387531
-0
-0
15.5685
-0
-0
-0
-0
-0
-0
-0
-0
2.70947
-0
7.52554
-0
-0
-0
-0
-0
-0
-0
-0
-0
-0
34.286
-0
-0
3.4643
6.68205
-0
-0
-0
-0
0.608607
-0
-0
-0
-0
-0
-0
-0
-0
-0
12.0075
-0
-0
-0
-0
28.5703
-0
-0
-0
30.1405
9.34074
5.9948
22.7497
-0
-0
-0
-0
-0
-0
-0
-0
-0
-0
-0
21.5243
-0
-0
43.1751
-0
44.8242
-0
-0
-0
36.5859
-0
-0
-0
-0
-0
-0
-0
-0
-0
-0
-0
-0
-0
-0
39.8316
-0
-0
-0
-0
-0
-0
-0
-0
17.9937
-0
-0
10.7872
-0
5.96965
3.02832
-0
-0
-0
-0
-0
-0
-0
-0
-0
-0
-0
-0
14.798
-0
-0
-0
-0
66.9754
-0
-0
-0
-0
-0
-0
-0
-0
-0
8.01359
-0
3.4052
14.6068
-0
-0
-0
-0
22.2038
-0
-0
-0
35.9892
-0
-0
-0
-0
1.06897
22.5029
-0
7.68214
12.6269
-0
-0
-0
-0
-0
8.77577
-0
-0
-0
-0
-0
-0
-0
27.3921
-0
41.7726
-0
3.42373
18.1659
-0
18.3082
28.2542
-0
-0
-0
-0
-0
-0
-0
-0
-0
-0
-0
-0
-0
18.3295
13.0933
-0
2.39171
-0
-0
2.8421
-0
-0
-0
-0
-0
-0
-0
-0
6.61451
4.65728
-0
-0
-0
-0
4.75473
-0
1.64996
-0
-0
-0
-0
-0
-0
-0
40.026
-0
-0
-0
-0
-0
-0
-0
18.9327
-0
-0
-0
27.3934
-0
-0
-0
8.61042
-0
6.79683
50.1996
21.088
-0
8.37411
-0
-0
-0
-0
-0
-0
47.2172
-0
1.11994
-0
-0
-0
-0
9.12171
-0
-0
-0
15.4056
-0
14.7951
-0
10.7109
-0
-0
-0
-0
-0
-0
-0
-0
-0
8.1083
5.26289
-0
-0
-0
36.9908
-0
-0
26.8031
-0
-0
-0
5.90148
-0
-0
-0
-0
-0
-0
-0
-0
-0
3.66347
-0
-0
-0
8.63044
-0
-0
-0
0.486222
18.3849
22.6036
0.745025
-0
-0
-0
-0
-0
-0
0.503639
5.73179
-0
-0
-0
-0
-0
-0
37.5559
-0
-0
-0
-0
-0
-0
-0
-0
-0
-0
-0
-0
-0
35.8773
-0
10.2748
44.774
-0
-0
-0
-0
-0
-0
-0
-0
-0
-0
19.3215
-0
-0
-0
-0
44.0901
30.5998
-0
-0
-0
-0
-0
-0
-0
44.1369
-0
-0
-0
2.86431
-0
-0
11.6263
-0
6.86872
-0
31.4696
-0
0.244679
-0
-0
-0
3.73876
23.4854
21.7794
-0
-0
-0
-0
-0
-0
-0
0.0593008
-0
-0
-0
-0
-0
-0
4.82169
-0
-0
-0
0.874122
-0
-0
-0
4.81789
-0
-0
-0
25.4421
-0
-0
4.20328
-0
4.29468
57.9268
3.04183
-0
-0
10.6491
-0
-0
-0
-0
-0
0.10691
-0
-0
-0
-0
7.41434
-0
-0
-0
-0
-0
-0
-0
-0
-0
46.4511
-0
-0
-0
-0
-0
-0
-0
-0
-0
3.72032
-0
-0
-0
28.4688
-0
-0
73.7658
-0
-0
-0
-0
-0
-0
-0
-0
20.5194
15.8418
-0
-0
-0
44.8146
-0
10.5511
-0
21.3269
9.38594
-0
-0
-0
-0
-0
-0
14.5017
32.9695
-0
6.25008
10.8061
-0
-0
-0
-0
-0
-0
-0
-0
-0
-0
-0
-0
28.7392
-0
-0
-0
-0
6.02987
-0
-0
12.6225
-0
-0
3.7781
2.75528
-0
-0
-0
-0
-0
6.4619
-0
7.17143
-0
36.4361
-0
-0
9.78912
1.93787
-0
-0
-0
-0
-0
-0
9.61724
-0
-0
-0
-0
-0
-0
-0
-0
-0
-0
-0
-0
13.6211
-0
22.7448
-0
-0
-0
1.70538
-0
-0
-0
-0
-0
-0
10.4444
-0
-0
7.14571
-0
4.3876
-0
-0
-0
-0
-0
4.13087
-0
10.075
-0
-0
-0
-0
-0
-0
-0
-0
6.88406
22.5953
5.07858
15.0673
-0
-0
-0
-0
-0
-0
8.78973
5.56168
-0
-0
11.036
-0
8.68909
-0
33.1831
-0
-0
12.525
5.51709
-0
-0
26.0315
-0
-0
5.42586
-0
-0
-0
-0
25.9665
-0
-0
-0
-0
-0
-0
30.5379
-0
21.4596
-0
-0
-0
-0
-0
-0
-0
-0
-0
-0
-0
20.843
-0
-0
-0
14.3569
39.4257
13.328
-0
-0
-0
-0
17.1034
-0
-0
-0
-0
-0
-0
-0
-0
-0
-0
-0
-0
-0
-0
-0
-0
-0
-0
-0
-0
-0
12.2819
1.05459
-0
-0
-0
3.75838
-0
-0
-0
-0
39.9861
-0
-0
7.55913
-0
-0
-0
24.4608
-0
-0
-0
-0
-0
8.26931
-0
-0
-0
-0
-0
4.31583
-0
-0
-0
-0
5.17955
-0
-0
23.9345
-0
-0
1.51259
12.9624
-0
33.131
-0
-0
-0
7.16641
-0
-0
-0
25.336
-0
-0
-0
-0
-0
-0
-0
0.857904
-0
-0
-0
26.1145
7.62128
-0
11.1801
-0
-0
13.4845
-0
-0
-0
-0
-0
-0
35.2816
-0
-0
-0
-0
-0
-0
-0
-0
-0
-0
-0
-0
-0
24.0907
-0
-0
28.4762
-0
-0
-0
-0
-0
-0
-0
-0
-0
-0
-0
-0
-0
36.4093
-0
-0
11.8713
-0
31.2031
-0
-0
9.20323
0.471021
-0
-0
-0
-0
-0
-0
-0
38.164
-0
-0
-0
-0
-0
-0
-0
25.7715
-0
-0
-0
-0
41.7103
-0
-0
-0
-0
-0
-0
13.5912
-0
-0
-0
15.0387
-0
-0
-0
-0
-0
-0
28.3619
56.2284
-0
-0
3.91727
9.52553
-0
10.3193
-0
-0
-0
-0
-0
-0
-0
-0
4.27206
-0
-0
-0
-0
-0
-0
-0
-0
5.5518
-0
-0
-0
33.7158
-0
23.1758
9.29654
-0
-0
-0
-0
-0
-0
-0
-0
-0
-0
-0
-0
-0
-0
-0
-0
30.7648
-0
-0
-0
-0
-0
-0
0.951129
17.6593
32.5448
4.17336
26.6168
-0
-0
-0
-0
-0
3.1112
-0
-0
-0
-0
10.6705
-0
-0
-0
