-0
-0
-0
-0
-0
-0
-0
22.7096
25.2589
-0
40.5403
-0
-0
-0
-0
32.5268
3.36634
-0
-0
-0
-0
-0
-0
-0
-0
-0
26.6632
8.58566
-0
-0
-0
-0
-0
-0
1.55396
-0
-0
-0
-0
-0
-0
-0
-0
30.0614
-0
-0
-0
-0
-0
-0
-0
-0
-0
-0
-0
-0
-0
1.72414
29.0343
-0
-0
-0
4.0816
3.64007
17.7529
-0
-0
22.9855
-0
2.02285
-0
-0
-0
-0
-0
-0
0.908359
-0
-0
-0
-0
44.0388
1.33461
1.11509
31.0349
-0
-0
-0
-0
-0
-0
-0
-0
-0
-0
-0
3.07889
-0
-0
-0
-0
-0
-0
5.61002
5.14604
-0
20.1421
-0
-0
-0
23.171
-0
-0
-0
-0
4.67843
-0
-0
76.5772
24.7499
-0
-0
-0
-0
8.77217
-0
-0
-0
-0
-0
-0
26.1418
-0
-0
-0
-0
-0
-0
-0
26.6838
-0
-0
-0
-0
-0
-0
-0
-0
-0
-0
-0
5.91674
-0
-0
0.400044
-0
50.5841
-0
-0
1.14101
18.2535
-0
-0
17.5081
-0
28.7092
7.46404
7.5207
-0
25.0953
-0
36.344
-0
-0
-0
-0
-0
-0
3.76315
-0
-0
-0
-0
-0
-0
15.7675
-0
-0
10.2332
-0
3.90628
-0
-0
2.66313
-0
-0
-0
1.44284
-0
-0
-0
-0
2.06429
-0
-0
-0
-0
10.4179
7.4997
-0
-0
-0
28.8
-0
-0
-0
-0
-0
-0
-0
-0
-0
14.1031
1.48133
8.27669
-0
-0
7.47251
12.8054
-0
-0
-0
-0
-0
-0
-0
-0
-0
-0
-0
-0
-0
-0
-0
-0
-0
19.0643
-0
-0
-0
-0
-0
-0
-0
0.142624
-0
-0
-0
8.73663
-0
32.2924
-0
-0
18.867
-0
-0
-0
-0
-0
-0
-0
39.0146
-0
37.1187
-0
-0
-0
-0
-0
1.18517
39.8492
9.42526
-0
17.0946
-0
-0
6.74151
16.9734
-0
-0
-0
-0
17.7833
-0
-0
-0
4.86625
-0
-0
67.9741
-0
-0
1.17536
-0
1.2533
41.164
-0
-0
22.4329
-0
-0
22.6926
-0
-0
-0
-0
-0
-0
-0
0.845091
-0
-0
8.77598
-0
21.7318
-0
-0
0.698112
-0
-0
-0
-0
-0
-0
-0
-0
-0
-0
-0
-0
-0
-0
-0
-0
13.3413
-0
23.9519
-0
-0
-0
23.9906
-0
-0
-0
-0
-0
-0
-0
-0
15.343
16.1016
7.83186
-0
5.7447
-0
2.81706
-0
-0
-0
-0
-0
4.21576
1.04715
23.2472
-0
-0
16.2995
9.02286
-0
-0
-0
-0
8.01837
-0
-0
-0
-0
-0
-0
-0
-0
48.1993
-0
-0
-0
-0
-0
22.5522
-0
-0
-0
7.06237
-0
-0
26.2772
-0
-0
-0
-0
-0
-0
-0
-0
-0
-0
50.1804
-0
-0
-0
-0
-0
-0
-0
-0
-0
28.6999
40.9258
-0
-0
-0
-0
-0
6.4753
-0
11.278
-0
32.718
-0
-0
-0
-0
-0
4.1903
-0
-0
15.7423
-0
-0
-0
-0
-0
-0
-0
-0
-0
-0
-0
-0
-0
-0
-0
-0
8.11459
-0
57.0025
-0
8.88379
-0
3.00343
-0
-0
-0
1.74632
-0
2.52285
22.1935
-0
-0
-0
0.0183742
-0
-0
-0
-0
-0
-0
-0
38.6292
-0
-0
5.34064
-0
-0
-0
-0
30.2767
-0
-0
-0
-0
-0
-0
52.0619
-0
-0
-0
-0
-0
-0
20.4967
-0
-0
-0
-0
-0
11.7746
-0
-0
21.6381
-0
51.4368
-0
-0
65.2202
-0
-0
-0
29.3353
-0
-0
-0
-0
-0
-0
11.4449
-0
35.6153
19.0862
-0
-0
-0
-0
-0
-0
-0
14.6654
5.51264
-0
22.2942
34.2396
-0
-0
-0
-0
41.9421
29.7365
-0
-0
-0
-0
-0
-0
31.7697
-0
2.7036
-0
-0
-0
5.70413
24.8839
-0
-0
-0
23.6969
-0
43.2022
-0
-0
-0
3.85336
-0
-0
-0
-0
11.4248
23.012
-0
-0
-0
13.3003
-0
-0
-0
-0
-0
-0
8.39083
-0
-0
-0
-0
-0
-0
-0
-0
-0
-0
-0
8.98061
1.41005
-0
-0
2.43684
-0
-0
-0
14.3255
-0
-0
-0
-0
-0
-0
27.3031
-0
-0
-0
-0
32.6626
-0
-0
-0
-0
-0
-0
-0
-0
-0
-0
9.72864
-0
-0
-0
-0
-0
-0
-0
-0
-0
-0
-0
-0
-0
-0
6.73659
19.1208
-0
-0
-0
-0
-0
-0
6.27196
-0
-0
42.8235
-0
-0
-0
-0
3.58508
-0
-0
-0
4.22192
12.0814
-0
-0
0.846031
14.1458
-0
-0
-0
-0
-0
-0
-0
-0
-0
5.53504
-0
-0
43.1763
-0
-0
53.5387
-0
-0
-0
8.56143
-0
-0
-0
10.9594
9.24178
-0
-0
-0
-0
-0
-0
10.2952
-0
-0
-0
-0
-0
-0
-0
-0
-0
-0
-0
-0
2.56579
-0
-0
-0
23.5729
6.91615
-0
-0
-0
6.97817
4.46796
-0
-0
0.248608
-0
-0
-0
26.5916
-0
-0
-0
18.4899
-0
-0
-0
-0
-0
-0
-0
-0
-0
-0
-0
-0
14.6957
-0
-0
12.8265
-0
-0
6.43357
-0
6.93674
35.0255
-0
-0
-0
-0
-0
-0
-0
-0
-0
-0
-0
-0
-0
-0
-0
-0
-0
-0
-0
-0
-0
-0
-0
-0
-0
-0
-0
-0
-0
-0
2.37381
-0
-0
-0
-0
-0
2.48404
30.4139
-0
9.22827
13.823
-0
-0
-0
-0
-0
-0
11.0577
-0
-0
-0
33.861
27.7923
-0
1.57277
-0
2.12861
-0
-0
-0
1.91429
18.425
4.34219
-0
15.1067
2.44901
-0
-0
24.2325
9.57177
-0
-0
-0
-0
-0
-0
-0
24.1905
11.5862
7.71281
7.49167
0.582005
-0
-0
19.2931
16.6609
-0
-0
43.0428
10.4901
-0
-0
-0
-0
-0
-0
30.8579
-0
-0
-0
-0
-0
-0
-0
-0
-0
-0
52.2336
-0
-0
-0
-0
-0
26.0988
-0
-0
-0
-0
-0
-0
7.77055
-0
-0
-0
-0
-0
-0
20.7641
37.2706
-0
-0
-0
-0
-0
-0
-0
4.53603
-0
12.6067
-0
-0
-0
12.8686
-0
-0
-0
-0
-0
-0
-0
-0
-0
-0
-0
-0
5.66197
-0
28.4264
-0
28.3993
-0
-0
-0
-0
4.12788
15.5529
-0
3.78894
-0
43.3023
-0
-0
15.2651
-0
-0
-0
-0
-0
34.3417
-0
-0
-0
-0
37.6321
-0
-0
-0
-0
-0
-0
-0
-0
-0
-0
0.931864
-0
7.80694
11.0758
-0
-0
-0
41.4908
-0
-0
-0
41.537
-0
-0
-0
4.59942
-0
-0
-0
-0
-0
-0
-0
-0
-0
-0
-0
-0
-0
21.1157
-0
-0
-0
4.06907
7.64055
-0
39.3721
-0
-0
-0
-0
-0
-0
-0
-0
-0
-0
-0
-0
-0
14.3174
8.96707
21.2506
-0
-0
-0
-0
-0
-0
-0
-0
-0
-0
17.1098
-0
12.5804
-0
12.0729
-0
-0
-0
-0
7.62347
-0
-0
-0
-0
-0
12.5392
-0
-0
-0
17.6313
-0
-0
-0
-0
-0
-0
4.78665
14.4397
-0
8.16559
-0
-0
-0
-0
-0
-0
-0
-0
-0
-0
14.9909
-0
-0
-0
9.14608
-0
-0
-0
-0
-0
5.02222
-0
-0
-0
-0
-0
-0
-0
-0
-0
-0
-0
38.3797
-0
-0
-0
-0
-0
-0
-0
-0
-0
-0
-0
-0
-0
-0
17.2663
-0
-0
-0
7.5419
-0
-0
-0
-0
-0
-0
8.51205
-0
-0
-0
-0
16.3998
-0
-0
-0
-0
-0
40.3631
-0
-0
-0
-0
-0
-0
-0
11.9226
9.05833
-0
-0
-0
-0
-0
58.554
-0
-0
-0
-0
-0
-0
-0
-0
-0
4.55958
-0
-0
-0
-0
18.0388
44.1255
-0
-0
27.5657
26.0592
-0
-0
-0
-0
-0
38.1287
-0
-0
-0
-0
-0
-0
18.8878
-0
10.9091
-0
-0
11.2316
26.558
-0
-0
9.79378
17.2986
19.1269
40.562
-0
27.6119
-0
-0
-0
-0
-0
-0
-0
-0
-0
-0
-0
-0
-0
-0
-0
-0
-0
-0
40.6688
-0
-0
-0
-0
-0
-0
11.4595
-0
-0
-0
-0
-0
0.567748
-0
24.1053
-0
-0
-0
-0
-0
-0
-0
45.1529
-0
-0
31.1479
-0
-0
-0
-0
-0
-0
24.563
-0
-0
-0
-0
-0
-0
-0
-0
-0
-0
-0
-0
-0
-0
-0
-0
8.30154
-0
-0
13.7129
-0
13.6079
-0
30.9285
-0
-0
-0
-0
-0
-0
26.9193
-0
-0
-0
15.5233
-0
-0
-0
-0
3.93257
-0
-0
-0
-0
-0
-0
-0
-0
-0
1.11717
9.57978
-0
-0
-0
24.0655
-0
-0
-0
-0
-0
-0
-0
-0
-0
-0
-0
14.44
16.792
30.5529
-0
1.4006
-0
-0
-0
-0
4.84985
21.745
-0
-0
10.3787
-0
-0
8.90693
44.4926
8.69516
-0
-0
-0
-0
-0
17.7412
-0
28.5707
-0
-0
-0
30.5236
-0
-0
-0
26.6565
-0
-0
17.4001
-0
7.69324
-0
15.9253
15.0553
-0
-0
-0
2.29977
40.1648
26.6601
-0
-0
-0
-0
-0
-0
-0
-0
7.01692
4.26915
-0
-0
24.1459
-0
49.1315
2.06508
-0
-0
-0
-0
-0
4.60521
-0
-0
-0
-0
-0
-0
-0
-0
30.3194
-0
18.8031
-0
-0
-0
-0
-0
0.669032
-0
-0
-0
-0
0.461293
-0
17.9853
-0
13.1129
-0
-0
-0
1.50651
-0
5.80894
-0
-0
-0
-0
-0
-0
5.16918
37.1086
-0
-0
7.90942
-0
58.0117
-0
-0
-0
-0
-0
-0
-0
-0
-0
-0
5.32224
-0
3.60446
-0
-0
-0
1.11717
-0
-0
-0
15.4336
-0
45.0624
60.1721
-0
-0
-0
-0
-0
-0
9.07144
-0
17.755
-0
-0
-0
-0
-0
-0
-0
19.2408
-0
-0
-0
-0
-0
-0
-0
-0
-0
-0
-0
-0
-0
14.1694
-0
-0
-0
-0
-0
-0
-0
-0
-0
-0
-0
-0
-0
-0
1.73749
-0
17.0652
-0
-0
-0
-0
-0
12.8161
5.51392
-0
-0
-0
-0
-0
-0
4.31983
-0
-0
-0
-0
24.0638
-0
-0
45.6096
-0
-0
-0
-0
-0
-0
-0
-0
-0
-0
-0
-0
-0
-0
-0
18.8384
26.7435
-0
34.379
-0
-0
-0
-0
-0
-0
-0
-0
11.3064
33.9246
-0
-0
8.64583
-0
-0
-0
-0
-0
-0
-0
-0
-0
-0
-0
31.314
-0
-0
17.2235
-0
-0
-0
-0
9.09127
-0
-0
-0
-0
-0
-0
-0
51.8686
-0
-0
-0
-0
-0
-0
34.5264
20.7679
38.4094
15.6675
-0
-0
5.62899
-0
-0
-0
29.6245
-0
-0
-0
-0
9.58751
-0
-0
-0
-0
-0
23.2293
-0
19.8992
-0
-0
-0
-0
6.72765
-0
-0
-0
-0
-0
-0
-0
-0
-0
18.4488
-0
5.27771
-0
-0
-0
0.123743
-0
-0
22.5006
-0
-0
34.8134
-0
-0
-0
-0
-0
-0
-0
-0
-0
3.54936
-0
-0
-0
17.6537
-0
15.6227
-0
-0
-0
7.94596
-0
9.9241
-0
-0
-0
50.5594
-0
-0
-0
-0
-0
-0
-0
-0
-0
-0
-0
-0
36.7266
-0
-0
-0
-0
-0
-0
-0
8.16134
-0
-0
-0
-0
-0
-0
-0
33.8334
-0
7.29336
-0
-0
-0
29.224
-0
-0
-0
3.15765
-0
-0
13.934
-0
26.5885
-0
58.6014
-0
18.1745
-0
-0
32.915
-0
-0
-0
-0
-0
-0
20.013
15.9411
-0
-0
-0
-0
-0
-0
-0
-0
-0
-0
-0
-0
-0
18.8489
-0
8.33975
-0
-0
28.6551
-0
-0
-0
-0
38.8632
16.5942
-0
-0
33.3365
-0
-0
-0
-0
-0
-0
-0
-0
-0
-0
-0
-0
-0
23.4546
42.5449
-0
-0
-0
-0
-0
-0
-0
-0
-0
-0
-0
-0
52.7327
-0
12.8518
-0
-0
2.12654
-0
-0
-0
-0
-0
-0
-0
-0
44.8189
-0
-0
-0
-0
-0
65.4335
-0
-0
-0
10.6335
-0
-0
-0
-0
-0
-0
-0
-0
-0
-0
-0
-0
1.48988
-0
-0
-0
10.6634
-0
-0
-0
-0
-0
-0
-0
-0
-0
-0
-0
-0
22.0264
15.0498
-0
20.4564
-0
-0
-0
-0
-0
-0
-0
-0
-0
-0
11.1299
-0
-0
-0
18.7008
-0
-0
-0
19.3197
-0
-0
-0
-0
-0
-0
-0
-0
-0
-0
15.0588
-0
-0
-0
-0
-0
-0
3.03252
2.18941
-0
-0
-0
-0
13.4489
5.23872
11.619
-0
-0
-0
16.0257
-0
-0
6.68905
-0
-0
2.80094
-0
-0
-0
-0
-0
-0
-0
-0
-0
-0
37.0048
6.09471
-0
-0
-0
-0
-0
-0
5.21604
-0
-0
10.5289
-0
-0
-0
-0
-0
-0
-0
-0
-0
-0
42.0009
-0
0.924352
-0
11.1973
-0
-0
-0
-0
-0
-0
-0
-0
41.3844
-0
-0
4.70532
-0
-0
-0
-0
-0
-0
-0
-0
12.3604
-0
30.2977
-0
9.30061
7.50911
-0
-0
12.2134
-0
11.7707
-0
-0
-0
-0
-0
-0
-0
-0
-0
-0
21.9697
1.23392
6.01701
5.12175
13.4074
-0
-0
10.0738
1.56428
-0
18.5111
-0
-0
-0
-0
-0
45.7708
7.08619
-0
-0
-0
-0
19.2842
2.95728
-0
-0
-0
-0
9.28231
-0
6.12282
-0
-0
-0
-0
2.11088
-0
-0
-0
-0
1.43644
-0
28.9714
-0
-0
-0
-0
0.199323
-0
-0
-0
4.05587
-0
44.3848
-0
-0
11.556
-0
-0
-0
-0
-0
7.88323
-0
-0
-0
-0
-0
26.5172
7.13423
-0
64.8608
-0
-0
-0
12.6934
0.336402
-0
-0
2.28336
-0
-0
31.3994
-0
-0
-0
-0
-0
-0
-0
-0
-0
-0
-0
-0
-0
-0
-0
34.5581
-0
-0
9.54826
8.73435
-0
-0
-0
22.1192
-0
-0
-0
-0
-0
-0
-0
-0
-0
-0
-0
-0
-0
-0
-0
-0
-0
-0
1.72134
10.8715
-0
49.0992
-0
-0
-0
-0
7.15219
-0
23.9913
-0
-0
-0
-0
-0
-0
-0
-0
-0
-0
-0
-0
-0
-0
-0
14.3801
-0
-0
-0
9.98729
-0
24.9027
-0
-0
-0
-0
-0
-0
-0
-0
5.46331
1.27278
43.2033
-0
9.81595
-0
-0
-0
-0
17.8319
36.2209
-0
15.0088
56.2649
-0
-0
9.61
2.25164
-0
25.0478
-0
-0
-0
14.6875
-0
-0
-0
-0
-0
-0
-0
-0
2.58849
-0
1.87343
43.2425
-0
-0
-0
-0
-0
16.5201
-0
-0
-0
-0
-0
-0
-0
-0
3.49033
17.5237
19.9241
22.2017
-0
-0
-0
-0
-0
-0
-0
13.4446
2.21914
3.36217
2.83111
18.124
11.7798
-0
-0
-0
-0
47.1188
0.243402
-0
-0
-0
-0
-0
-0
-0
-0
-0
-0
8.98164
-0
-0
-0
-0
-0
-0
-0
-0
45.4845
-0
52.0572
-0
-0
-0
-0
-0
-0
-0
-0
-0
-0
-0
-0
-0
-0
-0
-0
4.66343
-0
-0
-0
45.9751
-0
19.838
10.5303
34.7691
-0
-0
3.72338
-0
-0
-0
49.8542
-0
-0
-0
-0
-0
-0
-0
18.2917
-0
-0
-0
-0
-0
-0
-0
-0
-0
-0
-0
-0
-0
-0
-0
-0
-0
-0
-0
-0
20.4188
-0
-0
-0
-0
-0
-0
-0
-0
-0
-0
-0
-0
5.74562
-0
-0
-0
-0
-0
-0
-0
25.1118
-0
-0
19.9884
27.8646
-0
-0
-0
-0
10.0527
20.2345
-0
-0
15.8594
-0
-0
-0
-0
-0
-0
-0
-0
7.78815
4.02277
4.75908
-0
-0
-0
-0
-0
-0
-0
-0
-0
-0
-0
-0
-0
-0
-0
-0
23.7718
7.67446
-0
3.31228
-0
3.79164
-0
-0
-0
-0
0.583613
-0
-0
-0
-0
-0
-0
-0
-0
-0
-0
-0
18.9239
-0
21.7659
-0
13.8614
-0
-0
-0
-0
-0
-0
26.713
-0
-0
15.3907
45.6478
-0
-0
-0
2.42782
-0
-0
3.93872
-0
-0
-0
-0
-0
43.4183
6.95169
-0
-0
-0
1.02767
-0
-0
-0
-0
-0
8.22671
17.4812
-0
-0
-0
-0
-0
-0
-0
-0
-0
-0
-0
0.549335
-0
-0
-0
-0
-0
-0
32.0287
-0
-0
-0
-0
-0
-0
-0
31.1286
5.23882
-0
31.5949
16.1622
23.0476
-0
-0
-0
-0
-0
-0
-0
-0
-0
-0
-0
0.162755
-0
-0
-0
-0
-0
-0
-0
-0
-0
-0
-0
-0
8.4623
-0
-0
-0
-0
-0
-0
-0
19.1335
-0
-0
-0
-0
-0
-0
-0
-0
-0
8.80801
-0
-0
-0
-0
-0
-0
-0
-0
-0
-0
-0
-0
-0
-0
24.0828
22.0672
3.43791
-0
-0
-0
-0
-0
-0
-0
-0
-0
-0
2.08649
-0
-0
-0
-0
-0
27.413
-0
-0
0.835055
-0
-0
-0
30.9157
-0
-0
-0
-0
-0
-0
20.8927
-0
-0
-0
6.2729
-0
-0
-0
-0
-0
-0
7.29359
-0
39.2722
-0
-0
-0
-0
-0
-0
-0
-0
-0
-0
-0
-0
-0
-0
-0
-0
-0
24.4548
-0
-0
-0
-0
-0
-0
-0
-0
-0
-0
-0
-0
-0
-0
-0
-0
-0
44.7636
-0
9.56995
-0
14.6186
-0
-0
-0
-0
-0
-0
-0
-0
-0
-0
-0
-0
-0
-0
-0
-0
-0
-0
-0
-0
-0
-0
-0
-0
-0
-0
-0
2.38283
-0
19.0758
-0
-0
-0
-0
-0
4.41687
-0
-0
-0
-0
-0
-0
-0
-0
-0
-0
-0
-0
-0
-0
-0
-0
-0
-0
-0
-0
-0
15.9247
-0
2.32926
-0
-0
-0
0.236493
-0
-0
-0
-0
19.2848
-0
1.45294
-0
-0
-0
-0
-0
-0
30.3475
-0
22.3205
0.0355406
-0
-0
-0
-0
-0
-0
27.4196
-0
-0
-0
10.4023
-0
-0
-0
-0
29.7672
-0
14.241
-0
16.1034
3.96048
-0
-0
5.23967
-0
-0
-0
-0
-0
-0
-0
-0
-0
-0
-0
-0
2.23678
-0
-0
-0
-0
-0
-0
-0
-0
-0
-0
-0
15.8032
-0
-0
-0
-0
-0
-0
-0
-0
-0
-0
-0
-0
-0
-0
-0
-0
-0
-0
-0
55.9116
27.9634
-0
-0
-0
-0
-0
-0
-0
-0
-0
6.66497
-0
7.69412
-0
-0
13.907
-0
-0
20.1597
0.890924
-0
-0
4.43014
-0
-0
-0
-0
-0
-0
-0
-0
21.6906
-0
24.9422
-0
44.2595
-0
-0
-0
41.0163
-0
35.6542
-0
-0
-0
-0
-0
-0
-0
-0
-0
27.2405
-0
-0
54.939
-0
-0
-0
26.7439
-0
34.5676
-0
-0
39.774
-0
-0
5.87934
32.6376
-0
-0
-0
-0
44.0771
-0
-0
19.1138
-0
-0
-0
33.8546
-0
-0
-0
-0
-0
-0
-0
-0
-0
-0
-0
-0
-0
-0
-0
14.6989
5.28164
-0
-0
-0
-0
-0
12.1579
-0
-0
13.3623
-0
-0
-0
-0
-0
7.4989
-0
-0
35.168
-0
-0
-0
-0
13.1249
15.4877
27.7631
-0
-0
-0
1.99309
-0
-0
-0
22.7666
39.1017
18.3751
-0
-0
7.66378
-0
37.0941
7.43798
2.16253
7.08869
-0
-0
-0
40.2915
-0
-0
-0
-0
-0
17.8034
-0
-0
19.0283
-0
-0
-0
-0
-0
19.1135
-0
20.1898
-0
-0
-0
-0
-0
-0
13.4904
6.73298
-0
-0
-0
-0
-0
-0
-0
18.8015
-0
-0
9.44063
-0
-0
-0
-0
18.2557
32.1926
-0
2.36428
-0
-0
11.0979
-0
-0
-0
-0
-0
-0
-0
-0
-0
1.81634
-0
-0
-0
-0
11.0375
12.2359
-0
-0
-0
-0
-0
-0
-0
-0
-0
-0
9.71802
23.6826
-0
-0
-0
-0
-0
-0
34.3543
-0
-0
-0
29.8836
-0
-0
-0
-0
-0
-0
-0
-0
-0
-0
-0
17.0922
43.7132
-0
35.2284
-0
-0
-0
-0
7.48847
-0
-0
46.1443
-0
-0
-0
-0
-0
21.2314
-0
-0
-0
-0
-0
-0
-0
28.1279
18.8266
-0
-0
-0
16.7035
-0
-0
-0
-0
0.222256
-0
-0
-0
-0
-0
-0
-0
-0
-0
-0
-0
-0
-0
-0
37.3104
-0
0.0744517
1.05837
15.5243
-0
-0
0.0230698
-0
-0
-0
-0
-0
-0
-0
-0
30.0031
-0
-0
-0
-0
-0
-0
-0
-0
-0
-0
-0
-0
-0
-0
-0
-0
3.52637
-0
-0
-0
53.3465
15.9473
-0
-0
-0
-0
-0
-0
-0
-0
-0
2.67199
16.3276
-0
-0
-0
46.7056
18.0522
-0
-0
-0
35.008
15.2835
44.8886
-0
-0
-0
-0
-0
-0
-0
-0
-0
-0
-0
2.51903
27.5076
-0
13.1342
-0
9.75075
-0
4.86578
-0
-0
-0
-0
-0
-0
-0
-0
-0
-0
-0
7.95639
13.8255
-0
-0
-0
-0
-0
-0
-0
-0
-0
-0
-0
-0
-0
-0
-0
10.1267
-0
-0
-0
-0
-0
-0
-0
-0
-0
-0
-0
-0
-0
-0
-0
-0
20.1584
-0
10.412
-0
26.5759
-0
-0
-0
-0
-0
3.95188
-0
-0
-0
1.21392
-0
-0
-0
-0
1.39439
-0
-0
-0
-0
-0
-0
-0
-0
-0
0.329271
2.46192
-0
-0
-0
-0
-0
-0
29.9221
-0
-0
-0
-0
-0
0.267653
-0
-0
24.5911
-0
-0
0.488
-0
-0
-0
-0
-0
-0
0.0307388
-0
-0
-0
-0
-0
-0
-0
-0
3.15817
-0
-0
30.0238
-0
0.490978
4.33729
14.713
-0
-0
-0
-0
0.702815
-0
-0
-0
-0
-0
-0
-0
-0
-0
27.9723
-0
-0
-0
-0
11.1998
-0
-0
-0
35.9949
-0
3.83137
59.3598
-0
-0
-0
-0
2.75755
-0
-0
-0
-0
-0
-0
10.55
-0
-0
42.421
-0
41.7735
-0
-0
-0
27.9357
-0
-0
-0
-0
-0
-0
-0
-0
-0
-0
-0
-0
-0
-0
36.818
-0
-0
-0
-0
-0
-0
-0
-0
1.57038
-0
-0
12.4457
-0
-0
-0
-0
-0
-0
-0
-0
-0
-0
-0
-0
-0
-0
-0
19.7409
-0
-0
-0
-0
78.1388
-0
-0
-0
-0
-0
-0
-0
-0
-0
10.6794
-0
3.94743
15.3281
-0
-0
10.3654
-0
21.9196
-0
-0
-0
54.5484
-0
-0
-0
-0
-0
18.8399
-0
15.1858
-0
-0
-0
-0
-0
-0
3.8525
-0
-0
-0
-0
-0
-0
-0
48.6811
-0
54.925
-0
-0
28.0041
-0
25.7574
28.1454
-0
-0
-0
-0
-0
-0
-0
-0
-0
-0
-0
-0
-0
34.842
3.81259
-0
-0
-0
-0
-0
-0
-0
-0
-0
-0
-0
-0
-0
11.0136
8.46803
-0
-0
-0
8.80629
14.7903
-0
-0
-0
-0
-0
-0
-0
-0
-0
55.9681
-0
-0
-0
-0
-0
15.733
-0
3.69504
-0
-0
-0
23.157
-0
-0
-0
-0
-0
8.72015
63.7247
3.67847
-0
18.0757
-0
-0
-0
-0
-0
-0
33.2086
-0
-0
-0
-0
-0
-0
31.7908
-0
-0
1.52953
20.3353
-0
20.4745
-0
11.7441
-0
-0
-0
-0
-0
-0
-0
-0
-0
-0
6.40066
1.28225
-0
-0
42.6522
-0
-0
31.0604
-0
-0
-0
-0
-0
-0
-0
-0
-0
-0
-0
-0
-0
1.57734
-0
-0
-0
19.0208
-0
-0
-0
8.239
16.3919
29.988
0.866905
-0
-0
-0
-0
-0
-0
-0
-0
-0
-0
-0
-0
-0
-0
65.7994
-0
-0
-0
-0
-0
-0
-0
-0
-0
-0
-0
-0
-0
21.9222
-0
1.62226
46.5065
-0
-0
-0
-0
-0
-0
-0
-0
-0
-0
25.8275
-0
-0
-0
-0
39.7695
47.3608
-0
-0
-0
-0
-0
2.87013
-0
45.9134
-0
-0
-0
-0
-0
-0
14.6185
-0
25.803
-0
37.9195
-0
-0
-0
-0
-0
2.56982
29.9683
13.0195
-0
-0
-0
-0
-0
-0
-0
-0
-0
-0
-0
-0
-0
-0
2.21454
-0
-0
-0
-0
-0
-0
-0
6.58772
-0
-0
-0
35.1285
-0
-0
-0
-0
3.72396
68.3831
6.05702
-0
20.0318
12.5105
-0
-0
-0
-0
-0
-0
-0
-0
-0
-0
8.94491
-0
-0
-0
-0
-0
-0
-0
-0
-0
23.8461
-0
-0
-0
-0
-0
-0
-0
-0
-0
9.21406
-0
-0
-0
21.2936
-0
-0
73.1115
-0
-0
-0
-0
-0
-0
-0
-0
9.61227
28.2801
-0
-0
-0
51.5814
2.1484
13.6928
-0
11.7761
1.19205
-0
-0
-0
-0
-0
-0
30.405
46.0913
-0
1.16649
1.08632
-0
-0
-0
-0
-0
-0
-0
-0
-0
-0
-0
-0
18.0281
-0
-0
-0
-0
17.7094
-0
-0
18.0056
-0
-0
-0
16.9973
-0
-0
-0
-0
-0
9.28058
-0
-0
-0
30.8397
-0
-0
-0
2.61162
-0
-0
-0
-0
-0
13.6965
14.5646
-0
-0
-0
-0
-0
-0
-0
-0
-0
-0
-0
-0
16.3586
-0
32.0956
-0
-0
-0
14.6599
5.24949
-0
-0
-0
-0
-0
14.8241
-0
-0
26.6893
-0
18.4269
-0
-0
-0
-0
-0
-0
-0
2.40492
-0
-0
-0
3.17203
-0
-0
-0
-0
18.5725
33.3679
-0
1.26108
-0
-0
-0
-0
-0
-0
3.93819
14.8034
-0
-0
10.515
-0
7.64593
-0
53.586
-0
-0
7.95243
-0
-0
-0
22.6052
-0
-0
4.52298
-0
-0
-0
-0
27.514
-0
-0
-0
-0
-0
-0
41.9406
-0
12.8235
-0
-0
-0
-0
-0
-0
-0
-0
-0
-0
-0
27.1974
-0
-0
-0
5.47187
39.9468
16.0821
-0
-0
-0
-0
2.3227
-0
-0
-0
-0
-0
-0
-0
-0
-0
-0
-0
-0
-0
-0
-0
-0
-0
-0
-0
-0
-0
-0
1.61714
-0
-0
-0
5.79152
-0
-0
-0
-0
54.9453
-0
-0
-0
-0
-0
-0
12.424
1.16875
-0
-0
-0
-0
10.1068
-0
-0
-0
-0
-0
-0
-0
-0
-0
-0
9.44841
-0
-0
17.533
-0
-0
2.47048
24.365
-0
31.2565
-0
-0
-0
9.6349
-0
-0
-0
24.735
-0
-0
-0
-0
-0
-0
-0
-0
-0
-0
-0
30.1894
6.95364
-0
23.9727
-0
-0
17.2336
-0
-0
-0
-0
-0
-0
16.4744
-0
-0
-0
-0
-0
-0
-0
-0
-0
-0
-0
-0
-0
11.7749
-0
-0
18.7214
-0
-0
-0
-0
-0
-0
-0
-0
-0
-0
-0
-0
-0
29.047
-0
-0
6.88196
-0
17.0901
-0
2.92352
10.4551
11.4578
-0
-0
-0
-0
-0
-0
-0
45.1599
-0
-0
-0
-0
-0
-0
-0
14.2495
-0
13.8825
-0
-0
47.3361
-0
-0
-0
-0
-0
-0
9.39309
11.729
-0
-0
5.14002
-0
-0
-0
-0
-0
-0
30.8695
64.2231
-0
-0
4.07298
9.78485
-0
23.5601
-0
-0
-0
-0
-0
-0
-0
-0
4.39879
-0
-0
-0
-0
-0
-0
-0
-0
2.92266
-0
-0
-0
30.258
-0
39.3945
34.8215
-0
-0
-0
-0
-0
-0
-0
-0
-0
-0
14.2765
-0
-0
-0
-0
-0
34.0571
-0
-0
-0
-0
-0
-0
7.44901
7.35334
31.7998
-0
23.152
-0
-0
-0
-0
-0
-0
-0
-0
-0
-0
28.7833
-0
-0
-0
