-0
-0
-0
-0
-0
-0
-0
44.3747
18.5275
-0
44.9952
-0
-0
-0
-0
44.424
5.92053
8.79203
-0
-0
-0
-0
-0
-0
-0
-0
26.1481
1.37798
-0
-0
-0
-0
-0
-0
1.7161
-0
-0
23.2357
-0
-0
-0
-0
-0
14.2055
-0
-0
-0
-0
-0
-0
-0
-0
-0
-0
-0
5.03018
0.330114
2.54966
12.1721
5.43604
-0
-0
-0
5.45495
-0
-0
-0
49.1739
10.3203
2.61978
-0
16.8108
-0
-0
-0
0.12977
-0
-0
-0
-0
-0
8.10633
4.7211
16.6841
47.6794
-0
-0
-0
-0
-0
1.50848
-0
-0
-0
-0
-0
6.58043
-0
-0
-0
-0
-0
-0
-0
29.2722
-0
-0
-0
-0
-0
20.8997
-0
-0
-0
-0
-0
-0
-0
68.4681
15.611
-0
-0
-0
-0
7.75329
-0
-0
-0
-0
13.2545
-0
34.4161
6.89932
-0
-0
-0
-0
2.96464
-0
35.7965
-0
-0
1.0616
-0
15.5281
-0
-0
-0
-0
-0
5.53579
-0
-0
-0
29.5434
-0
52.4236
-0
-0
-0
34.3499
-0
-0
42.1601
-0
21.2543
-0
30.6862
-0
13.9428
-0
37.2643
-0
-0
-0
-0
-0
-0
21.7754
-0
-0
-0
-0
-0
-0
30.3393
-0
-0
-0
-0
-0
2.24068
2.27404
11.1212
-0
-0
-0
6.14224
-0
-0
-0
-0
-0
-0
-0
-0
-0
10.045
6.56081
-0
-0
18.6782
21.0658
-0
-0
35.2769
-0
0.987924
8.33973
-0
17.923
-0
34.0108
0.71307
-0
-0
-0
6.40628
51.5108
-0
-0
-0
-0
-0
-0
22.542
-0
-0
-0
-0
-0
-0
-0
-0
-0
-0
-0
-0
-0
-0
-0
-0
-0
-0
26.3546
-0
-0
-0
12.8028
-0
-0
-0
-0
46.786
-0
-0
2.02353
-0
-0
-0
-0
49.3608
-0
29.0922
-0
-0
25.8117
-0
-0
0.758378
16.1224
12.7935
-0
7.44997
-0
-0
-0
27.8996
-0
-0
-0
-0
20.4753
-0
-0
-0
15.4396
5.44324
-0
50.7436
-0
-0
3.22246
-0
-0
42.8174
-0
-0
16.9981
-0
-0
27.7022
-0
-0
0.76344
-0
-0
-0
-0
1.58449
-0
-0
-0
-0
-0
-0
-0
-0
-0
-0
-0
-0
-0
-0
-0
-0
-0
5.68371
28.7915
-0
13.4373
-0
-0
5.33175
15.1741
-0
40.2205
1.07383
-0
4.90253
48.7074
-0
3.98213
-0
-0
-0
-0
-0
-0
29.8797
16.2391
5.65987
-0
26.2273
-0
2.35152
-0
-0
-0
-0
-0
-0
1.07388
-0
-0
-0
14.5407
-0
-0
-0
-0
-0
-0
-0
-0
-0
-0
-0
-0
-0
-0
54.7648
-0
-0
-0
5.18988
-0
43.0213
-0
-0
-0
-0
-0
-0
35.2173
-0
-0
-0
-0
-0
-0
-0
-0
-0
-0
63.7431
-0
9.14793
-0
-0
-0
-0
-0
-0
-0
41.4793
36.1283
-0
-0
-0
-0
-0
-0
-0
-0
-0
42.9102
-0
-0
-0
-0
-0
-0
17.6775
-0
-0
-0
-0
-0
-0
-0
-0
-0
-0
-0
-0
-0
15.5369
-0
-0
-0
-0
32.7771
-0
51.7992
-0
-0
-0
-0
-0
24.9062
-0
2.67327
-0
-0
-0
-0
-0
-0
-0
2.65056
-0
-0
-0
-0
-0
-0
14.0993
-0
-0
37.3461
-0
-0
-0
-0
34.6753
-0
-0
-0
-0
-0
-0
35.4779
-0
-0
-0
-0
-0
-0
19.0397
-0
-0
27.2027
-0
-0
-0
-0
-0
26.0775
-0
48.993
-0
-0
64.1417
-0
-0
-0
21.7206
-0
-0
-0
-0
-0
-0
18.139
-0
24.2092
28.7398
-0
-0
-0
-0
-0
-0
-0
15.6298
6.24303
15.2741
14.9691
25.688
-0
-0
-0
-0
30.6318
60.3129
-0
0.362515
3.58087
-0
-0
-0
24.3585
-0
1.74773
-0
-0
-0
8.33742
21.6503
-0
-0
-0
15.0699
-0
52.0763
-0
-0
-0
4.12722
28.4166
-0
-0
-0
26.0372
2.71518
-0
0.917847
-0
0.361169
-0
-0
6.8953
10.7387
-0
-0
8.83438
-0
11.7706
-0
-0
-0
-0
-0
-0
-0
-0
-0
20.5827
8.47132
-0
-0
5.58987
-0
-0
-0
19.798
-0
-0
-0
-0
-0
-0
9.86527
-0
-0
-0
-0
34.2042
-0
-0
-0
-0
-0
-0
-0
-0
-0
-0
-0
-0
-0
-0
-0
12.7802
-0
-0
-0
-0
-0
-0
-0
-0
-0
-0
55.0293
-0
-0
-0
-0
-0
-0
-0
-0
-0
40.0375
-0
-0
-0
-0
14.6018
-0
2.48277
-0
-0
35.189
-0
-0
0.59943
-0
-0
-0
23.0342
8.30672
-0
-0
-0
-0
21.4153
-0
-0
-0
37.6878
-0
-0
38.9734
-0
24.3648
-0
6.74837
-0
-0
-0
14.0701
37.418
-0
-0
-0
-0
-0
-0
-0
-0
-0
-0
-0
-0
-0
-0
-0
-0
-0
-0
0.137704
-0
-0
-0
-0
43.7664
1.16772
3.54227
-0
-0
-0
-0
-0
-0
-0
-0
-0
-0
13.8153
-0
-0
-0
-0
-0
-0
-0
-0
-0
-0
-0
-0
-0
-0
-0
-0
1.58142
-0
-0
6.26679
-0
-0
28.8595
-0
11.3214
21.7031
-0
-0
-0
-0
-0
-0
-0
4.20098
-0
-0
-0
11.0275
-0
17.1284
-0
-0
-0
-0
-0
40.1721
-0
-0
-0
-0
-0
-0
-0
-0
-0
-0
-0
-0
-0
-0
-0
-0
8.78324
14.1112
-0
-0
6.69973
-0
-0
-0
-0
-0
-0
26.2539
-0
-0
-0
29.3378
29.8392
-0
17.5636
-0
-0
-0
-0
-0
-0
-0
-0
-0
30.9155
-0
-0
-0
17.9893
37.7699
-0
0.795213
-0
-0
-0
-0
-0
35.7783
-0
23.0245
-0
28.9782
16.4685
-0
7.78854
9.85511
-0
-0
66.9893
3.55906
-0
-0
-0
2.14152
-0
-0
28.2773
-0
-0
-0
-0
-0
-0
-0
-0
-0
-0
37.1973
-0
-0
-0
-0
-0
37.9738
-0
-0
-0
10.1932
-0
-0
17.0609
-0
-0
-0
-0
-0
-0
-0
36.2205
-0
-0
5.0948
2.00319
-0
-0
-0
13.443
-0
15.1517
-0
-0
-0
2.02401
-0
-0
-0
-0
-0
-0
-0
28.1988
-0
-0
-0
-0
0.7041
-0
13.0612
-0
41.8321
-0
-0
-0
-0
0.896395
-0
-0
-0
-0
7.94811
-0
-0
22.9596
-0
-0
-0
-0
-0
10.9817
-0
-0
-0
-0
32.3916
4.41223
-0
-0
-0
-0
-0
-0
-0
-0
-0
-0
-0
-0
7.85369
-0
-0
-0
40.0013
-0
2.58559
-0
24.4612
-0
-0
-0
-0
-0
-0
-0
-0
-0
-0
-0
-0
-0
-0
-0
-0
-0
6.86027
-0
-0
-0
2.88785
-0
-0
22.1522
-0
-0
-0
-0
-0
-0
-0
-0
-0
-0
-0
-0
-0
20.6673
10.7998
-0
-0
-0
-0
-0
-0
-0
-0
-0
4.59231
17.1756
31.3013
-0
30.4309
-0
5.8962
-0
-0
-0
-0
15.2834
-0
-0
-0
12.9695
1.08154
6.94239
-0
-0
17.5505
-0
-0
-0
-0
-0
-0
1.36586
4.9049
17.7348
-0
26.4266
-0
3.11326
-0
-0
13.5389
-0
-0
-0
-0
-0
5.56745
-0
-0
-0
-0
-0
-0
-0
-0
-0
-0
-0
-0
-0
-0
-0
-0
-0
-0
-0
-0
-0
34.6262
-0
-0
-0
-0
-0
-0
-0
-0
-0
25.5879
-0
1.42435
-0
-0
2.45756
14.2701
-0
-0
-0
-0
-0
-0
-0
-0
-0
0.311953
-0
-0
-0
-0
33.6616
-0
-0
-0
-0
-0
24.9642
-0
-0
-0
-0
1.11819
-0
3.64264
12.0594
5.42649
-0
-0
-0
-0
-0
70.8913
1.49295
-0
-0
-0
-0
-0
-0
-0
-0
-0
-0
-0
-0
-0
21.237
36.5532
-0
-0
24.1188
11.8918
-0
-0
-0
-0
-0
41.2206
-0
-0
-0
-0
-0
-0
-0
-0
23.9283
-0
18.0875
29.72
10.8393
-0
-0
-0
2.32451
-0
18.3519
-0
3.14905
-0
-0
-0
-0
-0
-0
-0
-0
-0
-0
-0
-0
-0
-0
-0
-0
-0
-0
27.843
-0
-0
-0
-0
-0
-0
14.7897
-0
18.0078
-0
-0
-0
20.5671
-0
-0
-0
-0
-0
-0
-0
-0
-0
52.8177
-0
-0
44.9069
-0
-0
-0
-0
7.18874
-0
30.4331
-0
4.96545
-0
-0
3.61367
-0
-0
-0
10.2433
-0
9.90272
-0
3.23542
-0
-0
-0
-0
-0
-0
-0
-0
-0
-0
3.77054
-0
-0
-0
-0
-0
-0
43.072
-0
-0
-0
43.1322
-0
-0
-0
-0
2.87001
-0
-0
-0
5.27627
-0
-0
-0
-0
-0
9.59301
42.2696
-0
9.48569
5.96589
-0
-0
-0
-0
6.29428
-0
-0
-0
-0
-0
-0
-0
16.9597
0.53463
12.2096
-0
2.13961
-0
-0
-0
-0
11.4363
23.7451
-0
-0
23.909
0.95258
-0
16.3731
60.4978
-0
13.2145
-0
-0
-0
-0
24.418
14.5547
17.4916
-0
-0
-0
68.9371
-0
-0
-0
-0
21.2619
-0
34.5533
-0
19.5212
-0
13.5828
13.8873
-0
-0
-0
-0
20.7318
17.1166
-0
28.7838
-0
-0
-0
-0
-0
-0
33.9527
-0
-0
-0
20.595
-0
46.3288
1.92657
-0
-0
-0
-0
-0
21.519
-0
-0
-0
-0
-0
-0
-0
-0
1.90186
-0
27.2853
-0
-0
-0
-0
-0
0.781132
10.1291
-0
-0
0.111151
-0
-0
-0
-0
15.1135
-0
-0
-0
-0
-0
33.9092
-0
-0
-0
-0
-0
7.08694
28.9649
39.499
-0
-0
10.8473
-0
38.6252
-0
-0
-0
-0
-0
-0
-0
-0
-0
-0
33.2747
-0
-0
-0
28.5987
-0
0.91217
3.52814
-0
10.2461
-0
-0
40.7811
41.8479
-0
-0
-0
-0
-0
-0
-0
0.0299773
29.0062
-0
-0
-0
-0
-0
-0
-0
-0
-0
-0
-0
-0
-0
-0
-0
-0
-0
-0
-0
-0
-0
18.9703
21.0765
-0
-0
-0
-0
-0
-0
-0
-0
-0
-0
-0
-0
-0
23.5395
-0
27.1619
0.0239432
8.36713
-0
-0
-0
26.4046
1.65327
-0
6.30071
-0
-0
-0
-0
4.7131
-0
-0
-0
0.619209
1.19445
-0
-0
64.2994
-0
-0
-0
-0
-0
-0
-0
-0
-0
-0
5.54327
-0
-0
-0
-0
-0
3.21129
-0
51.711
-0
-0
-0
-0
-0
-0
-0
-0
-0
23.7244
-0
-0
4.36847
-0
-0
-0
-0
16.1521
-0
-0
-0
-0
-0
-0
35.1656
1.80301
-0
-0
-0
0.67058
-0
-0
19.6845
-0
-0
-0
-0
-0
-0
-0
41.439
6.76821
-0
-0
-0
-0
-0
25.9556
6.12675
33.8759
36.4037
-0
-0
-0
-0
-0
-0
21.9758
-0
-0
-0
-0
32.7263
-0
-0
-0
-0
-0
16.384
-0
-0
-0
-0
-0
-0
6.46771
-0
-0
-0
-0
-0
-0
8.36199
-0
-0
26.4689
-0
5.01701
2.19361
-0
-0
-0
-0
-0
22.8008
-0
9.08284
51.2931
-0
-0
-0
-0
-0
-0
-0
-0
-0
-0
-0
-0
-0
15.309
-0
0.123128
-0
-0
-0
-0
-0
16.5447
-0
-0
-0
40.181
-0
-0
-0
-0
-0
-0
-0
-0
-0
-0
-0
-0
14.147
-0
-0
11.3812
-0
-0
-0
-0
-0
-0
-0
-0
-0
-0
-0
-0
35.2497
-0
-0
-0
-0
-0
24.5001
-0
-0
-0
14.7242
-0
-0
-0
-0
38.427
-0
38.9749
-0
-0
-0
-0
21.8019
-0
-0
-0
10.2367
-0
-0
13.2041
-0
-0
-0
-0
-0
0.229439
3.14866
-0
-0
-0
-0
-0
-0
-0
-0
-0
-0
-0
-0
63.7081
-0
-0
-0
-0
8.44968
10.0909
2.65665
-0
-0
-0
-0
-0
-0
10.7005
-0
-0
1.03291
-0
-0
-0
-0
35.1038
48.2317
61.3681
-0
-0
-0
-0
-0
-0
-0
-0
-0
-0
-0
-0
33.4705
-0
13.5075
-0
-0
-0
-0
-0
-0
-0
-0
-0
-0
-0
7.71454
-0
-0
-0
-0
-0
62.1162
-0
-0
-0
11.62
-0
-0
-0
-0
-0
-0
-0
-0
-0
-0
-0
-0
-0
-0
-0
-0
32.2124
-0
-0
-0
-0
-0
-0
-0
-0
-0
-0
-0
-0
31.0239
30.6388
-0
-0
3.00385
-0
-0
-0
-0
1.30364
-0
-0
-0
-0
5.29438
-0
-0
-0
32.3234
-0
-0
-0
15.6276
-0
-0
-0
-0
-0
-0
-0
-0
-0
-0
6.74015
-0
-0
-0
-0
-0
-0
-0
1.0132
-0
-0
-0
4.39781
22.5723
0.213182
7.62178
-0
-0
-0
49.9997
-0
-0
26.6055
-0
-0
-0
-0
-0
-0
-0
-0
-0
-0
-0
-0
-0
8.69242
-0
-0
-0
-0
-0
-0
-0
-0
-0
-0
-0
-0
-0
-0
-0
-0
-0
-0
-0
-0
-0
17.2545
15.7775
-0
-0
27.869
-0
-0
-0
-0
-0
-0
-0
-0
22.2844
2.71111
-0
5.06283
-0
-0
-0
-0
-0
-0
-0
-0
12.6058
-0
23.1111
-0
8.67251
-0
-0
-0
44.4631
-0
19.6798
-0
-0
-0
-0
-0
-0
-0
-0
-0
-0
26.085
-0
-0
4.82661
-0
-0
-0
11.8346
1.78641
-0
20.2369
-0
-0
-0
-0
-0
37.691
-0
-0
-0
-0
-0
-0
-0
-0
-0
-0
-0
15.3707
-0
19.2157
-0
6.21447
-0
-0
24.5105
-0
-0
8.00267
-0
1.25678
-0
16.0661
-0
-0
-0
-0
0.447924
0.86859
-0
-0
-0
-0
5.05554
0.314783
-0
5.99075
-0
-0
-0
-0
-0
23.6605
-0
-0
-0
-0
-0
20.6725
10.7482
-0
45.3448
-0
-0
-0
13.0387
20.4338
10.2561
-0
1.04454
-0
-0
1.50281
-0
-0
-0
-0
-0
-0
-0
-0
-0
-0
8.81724
-0
-0
-0
-0
-0
-0
-0
2.95314
40.7168
-0
-0
-0
4.35779
-0
-0
-0
-0
-0
-0
-0
-0
-0
-0
-0
-0
-0
-0
-0
-0
-0
-0
1.19022
-0
-0
59.0895
-0
-0
-0
-0
-0
-0
30.8229
14.9586
-0
-0
-0
-0
-0
-0
-0
-0
9.15683
-0
-0
-0
-0
-0
25.6464
-0
-0
-0
11.2068
-0
20.5368
-0
-0
-0
-0
-0
-0
-0
-0
6.33919
-0
33.2406
-0
6.48686
-0
-0
-0
-0
39.1253
22.2134
-0
24.7098
42.744
-0
-0
21.9146
-0
-0
-0
-0
-0
1.65426
-0
-0
-0
-0
-0
-0
-0
-0
-0
-0
-0
-0
50.8839
-0
-0
0.861331
-0
-0
14.5647
-0
-0
-0
-0
-0
-0
5.34517
-0
2.73203
10.9025
32.3439
33.7122
-0
-0
-0
-0
-0
-0
15.7757
17.0637
17.4827
8.38474
26.6805
3.30461
19.1488
-0
-0
-0
-0
39.3336
0.26408
-0
-0
-0
-0
-0
-0
-0
-0
-0
-0
-0
-0
-0
-0
-0
-0
-0
-0
-0
54.4735
-0
4.86372
-0
-0
-0
-0
-0
-0
21.0467
-0
-0
5.66516
-0
-0
3.4262
-0
-0
-0
-0
-0
-0
-0
0.714305
-0
-0
3.79562
25.3288
-0
2.38002
-0
-0
-0
-0
61.5726
-0
-0
-0
-0
-0
-0
-0
18.91
-0
-0
-0
-0
-0
-0
-0
-0
-0
-0
-0
-0
-0
-0
-0
-0
-0
-0
-0
-0
17.079
-0
-0
-0
-0
-0
2.49379
-0
-0
-0
-0
-0
-0
5.70008
-0
-0
-0
-0
-0
-0
-0
50.3176
-0
-0
31.0851
3.91289
7.21385
-0
-0
-0
42.2201
-0
-0
-0
20.1709
-0
-0
-0
-0
-0
-0
-0
-0
14.2706
-0
-0
-0
-0
-0
-0
-0
-0
-0
-0
-0
-0
-0
-0
-0
-0
-0
-0
1.6831
38.7291
-0
0.600536
-0
3.65443
14.3503
-0
-0
-0
3.9705
-0
-0
-0
-0
-0
-0
-0
-0
-0
-0
-0
6.60449
3.49327
36.393
-0
53.482
-0
-0
-0
-0
-0
-0
31.4575
-0
21.6034
12.4172
56.6933
-0
-0
-0
2.96196
-0
-0
9.8598
-0
-0
-0
-0
-0
58.8407
19.4256
-0
-0
-0
-0
-0
-0
-0
-0
-0
12.0802
16.0589
-0
-0
-0
-0
-0
-0
-0
-0
-0
-0
-0
-0
0.624414
-0
-0
-0
-0
8.30946
51.7828
-0
-0
-0
-0
-0
29.2608
-0
1.56828
0.591466
-0
50.7136
3.32782
12.9583
-0
-0
11.2364
-0
-0
24.975
-0
-0
-0
-0
-0
10.2143
-0
-0
-0
-0
-0
-0
-0
-0
-0
-0
-0
-0
-0
-0
5.71649
-0
-0
-0
-0
-0
36.0929
-0
-0
25.7797
-0
-0
-0
-0
-0
-0
9.01163
-0
-0
-0
-0
-0
-0
-0
-0
-0
-0
-0
4.9965
-0
17.8726
-0
16.8853
2.31885
-0
-0
-0
-0
-0
-0
-0
5.82853
10.5731
-0
11.2268
-0
-0
-0
-0
-0
11.0421
-0
-0
-0
-0
-0
-0
36.6802
-0
-0
-0
-0
-0
-0
15.2419
-0
-0
-0
11.4166
-0
-0
-0
-0
-0
-0
-0
-0
18.9329
-0
-0
-0
-0
-0
-0
-0
21.0646
-0
1.06654
-0
-0
-0
-0
-0
-0
-0
6.095
-0
-0
-0
-0
18.1012
-0
-0
-0
-0
-0
-0
-0
-0
-0
7.63444
-0
-0
34.2261
-0
4.2919
-0
3.74991
-0
-0
-0
10.313
-0
-0
-0
-0
-0
-0
-0
-0
-0
-0
-0
-0
6.24725
-0
-0
-0
-0
-0
-0
-0
-0
-0
-0
2.15391
-0
32.93
-0
-0
-0
-0
-0
5.51092
-0
-0
-0
-0
-0
-0
-0
-0
-0
-0
-0
-0
-0
-0
-0
-0
-0
-0
-0
-0
-0
10.5095
-0
8.18106
30.506
-0
-0
-0
0.87723
-0
-0
21.2283
27.3475
-0
-0
-0
1.23924
-0
-0
-0
-0
22.3539
-0
37.0481
-0
-0
-0
-0
-0
9.73528
-0
51.7537
-0
-0
-0
38.9093
-0
-0
-0
-0
40.7183
-0
21.4007
-0
22.9275
31.1131
-0
-0
13.5633
-0
-0
-0
-0
-0
-0
-0
-0
-0
-0
-0
-0
-0
-0
-0
-0
-0
-0
-0
-0
-0
-0
-0
-0
2.60333
-0
-0
-0
-0
-0
-0
-0
-0
-0
-0
-0
-0
-0
-0
-0
17.3174
-0
-0
-0
60.6875
19.3125
-0
-0
-0
-0
-0
-0
-0
-0
-0
28.662
-0
4.62494
-0
-0
6.30262
-0
-0
19.8422
0.445254
-0
-0
-0
-0
-0
-0
10.107
-0
-0
25.352
-0
28.4962
-0
14.981
16.3772
54.3421
-0
-0
-0
49.2624
-0
54.5435
-0
-0
-0
15.6007
-0
-0
-0
-0
-0
49.442
-0
-0
75.9191
-0
-0
-0
10.9593
-0
52.1307
-0
-0
29.7554
-0
-0
-0
56.8878
-0
-0
-0
-0
15.6232
-0
-0
11.8046
-0
-0
-0
51.9987
-0
-0
-0
-0
-0
-0
3.54948
-0
-0
-0
-0
-0
-0
-0
-0
33.7473
25.5416
-0
-0
-0
-0
-0
-0
-0
-0
9.90503
-0
-0
-0
-0
-0
0.24075
-0
-0
32.7137
-0
-0
-0
0.164277
-0
33.1265
19.041
-0
-0
-0
19.8716
-0
-0
-0
10.9482
19.1222
43.7129
-0
-0
29.1689
-0
40.4096
6.11792
-0
-0
-0
-0
-0
24.4388
-0
-0
-0
-0
-0
18.0279
-0
-0
15.3109
-0
-0
-0
-0
-0
-0
-0
24.3717
-0
-0
-0
-0
-0
-0
4.48319
-0
-0
-0
-0
-0
-0
-0
-0
-0
-0
-0
26.3615
-0
-0
-0
31.7048
25.4448
19.6923
-0
-0
4.1859
-0
8.59237
-0
-0
-0
-0
-0
-0
-0
-0
-0
35.7212
-0
-0
6.28067
-0
6.73769
22.3227
8.56898
-0
-0
-0
-0
25.5696
-0
-0
-0
-0
21.7053
55.6882
-0
-0
-0
-0
-0
-0
37.5553
-0
-0
-0
22.5463
-0
-0
-0
-0
-0
-0
-0
5.8531
-0
3.49875
-0
20.4338
39.8723
-0
25.0847
-0
-0
-0
-0
-0
-0
-0
18.8348
-0
-0
-0
-0
-0
-0
-0
-0
-0
-0
-0
0.999179
-0
27.1363
32.0936
-0
-0
-0
29.2623
-0
-0
-0
-0
-0
-0
7.75571
-0
-0
-0
-0
-0
-0
7.17547
-0
16.6169
-0
-0
-0
52.5575
-0
17.3747
-0
15.8301
-0
-0
0.0678461
-0
-0
-0
-0
10.6664
-0
-0
-0
34.7818
-0
-0
-0
-0
-0
-0
-0
-0
-0
-0
-0
-0
-0
-0
-0
-0
1.38449
-0
-0
-0
63.8691
4.56326
-0
-0
6.96084
-0
-0
-0
-0
-0
-0
14.1412
-0
-0
-0
-0
48.1038
3.44766
-0
-0
-0
32.6535
2.83227
31.5424
-0
-0
-0
-0
-0
-0
-0
-0
-0
-0
-0
7.37237
-0
-0
14.8158
-0
-0
-0
-0
-0
-0
-0
-0
-0
-0
-0
-0
-0
27.4239
-0
3.45801
7.33953
-0
-0
-0
-0
-0
-0
0.594905
-0
18.2819
-0
-0
-0
-0
-0
-0
23.6496
-0
-0
-0
-0
-0
-0
-0
-0
-0
-0
-0
-0
-0
-0
-0
-0
3.00576
-0
-0
-0
31.5337
-0
-0
-0
-0
-0
5.35547
-0
-0
-0
-0
-0
12.1725
-0
-0
-0
-0
-0
-0
-0
-0
-0
-0
-0
-0
18.9906
-0
-0
-0
-0
-0
-0
-0
9.7031
-0
-0
-0
-0
-0
0.467383
-0
-0
17.3092
-0
-0
-0
-0
-0
-0
-0
-0
-0
-0
-0
-0
-0
-0
-0
9.01343
-0
-0
10.9426
-0
-0
20.9364
-0
-0
-0
17.2681
-0
-0
-0
-0
0.526685
-0
-0
-0
-0
-0
-0
-0
-0
-0
-0
-0
-0
-0
-0
-0
-0
-0
-0
29.0607
17.0546
23.9819
40.5118
-0
-0
-0
-0
-0
-0
-0
-0
-0
-0
-0
27.5623
-0
-0
59.8792
-0
9.86656
-0
-0
-0
24.4564
-0
-0
-0
-0
-0
-0
-0
-0
-0
-0
-0
-0
0.363489
-0
28.6126
-0
-0
-0
-0
-0
-0
-0
9.45614
9.16557
-0
-0
12.0752
-0
-0
22.8524
-0
-0
-0
-0
-0
-0
-0
-0
-0
-0
-0
-0
52.9881
-0
-0
16.48
-0
32.3171
-0
-0
-0
-0
-0
-0
-0
-0
-0
10.6276
-0
3.62464
16.0619
-0
-0
-0
-0
37.1406
-0
-0
17.3767
42.3988
-0
-0
-0
-0
-0
33.4328
-0
0.709402
-0
-0
-0
-0
-0
-0
22.3959
-0
-0
-0
-0
-0
-0
-0
-0
-0
28.9839
-0
19.5425
9.25916
-0
35.1739
-0
-0
-0
-0
-0
-0
-0
-0
-0
-0
-0
-0
-0
-0
34.4978
8.19046
-0
-0
-0
-0
-0
-0
-0
-0
-0
-0
-0
-0
-0
10.5254
-0
-0
-0
-0
-0
-0
-0
-0
-0
-0
-0
-0
-0
11.0079
-0
43.652
-0
-0
-0
-0
-0
-0
-0
25.9396
-0
-0
-0
-0
-0
-0
-0
-0
-0
-0
74.6618
22.2843
-0
-0
3.14815
-0
-0
-0
-0
-0
42.9555
5.76194
-0
-0
-0
-0
-0
8.14901
16.2692
-0
-0
19.2678
-0
-0
-0
-0
-0
-0
-0
-0
-0
-0
-0
-0
-0
-0
5.94782
-0
-0
-0
53.5485
-0
-0
47.5665
-0
-0
-0
-0
-0
10.8567
-0
-0
-0
-0
-0
-0
-0
5.93565
-0
11.1509
-0
27.5423
-0
-0
-0
12.2672
27.5074
31.7918
1.77434
0.271913
-0
-0
-0
-0
-0
-0
-0
-0
-0
-0
-0
-0
-0
63.8008
-0
-0
-0
-0
31.8713
-0
-0
-0
-0
-0
-0
-0
-0
13.106
-0
8.68001
37.4027
-0
-0
-0
2.3608
-0
-0
-0
-0
-0
5.24045
6.11018
-0
-0
-0
-0
25.7008
50.2591
-0
-0
-0
-0
-0
-0
-0
66.8712
-0
-0
-0
-0
-0
-0
25.9331
-0
38.2252
4.97498
3.69445
-0
-0
-0
-0
-0
1.36554
23.73
32.6699
3.63776
-0
-0
-0
-0
-0
-0
-0
-0
-0
-0
-0
-0
-0
7.2869
-0
-0
-0
-0
-0
-0
-0
7.50255
-0
-0
-0
30.3127
-0
36.3348
-0
-0
-0
49.9384
4.12961
-0
6.61254
13.364
-0
-0
-0
-0
-0
-0
-0
-0
-0
-0
34.6644
-0
-0
5.15709
-0
-0
-0
-0
-0
-0
25.0683
-0
-0
-0
-0
-0
-0
-0
-0
15.7168
0.368959
-0
-0
-0
18.6806
-0
-0
45.6827
-0
-0
-0
-0
-0
-0
-0
-0
18.6178
-0
-0
-0
-0
35.1893
-0
15.5173
-0
17.0174
26.4798
-0
-0
-0
-0
-0
-0
-0
57.2955
-0
22.6902
17.4664
8.7742
-0
-0
-0
-0
-0
-0
-0
-0
9.90307
-0
-0
8.24653
-0
-0
-0
-0
-0
-0
-0
12.0399
-0
-0
1.81521
13.9003
-0
-0
-0
-0
-0
4.57896
-0
7.91444
-0
2.56457
-0
-0
-0
-0
-0
-0
-0
-0
-0
14.427
-0
11.4566
-0
-0
-0
-0
5.5604
-0
-0
-0
-0
9.62182
-0
25.419
-0
13.0357
-0
-0
-0
8.18874
11.9532
-0
-0
-0
-0
-0
30.3219
-0
-0
18.0184
9.46456
29.5082
-0
-0
-0
11.1144
-0
24.2895
-0
14.1302
-0
-0
-0
13.8166
-0
-0
-0
-0
11.241
20.3587
-0
-0
-0
-0
-0
-0
-0
-0
27.8747
24.0203
-0
-0
11.1387
-0
-0
-0
30.1587
-0
-0
-0
-0
-0
-0
3.21374
-0
-0
-0
-0
-0
-0
-0
23.8231
-0
-0
-0
-0
-0
-0
47.8533
-0
16.2904
-0
-0
-0
-0
-0
-0
-0
-0
-0
-0
-0
40.5854
-0
-0
-0
-0
-0
14.6052
-0
-0
-0
-0
-0
-0
-0
-0
-0
-0
-0
-0
-0
1.99653
-0
-0
-0
-0
-0
-0
-0
12.3367
-0
-0
-0
33.1727
-0
-0
-0
18.5392
-0
5.14482
-0
-0
-0
-0
55.7779
-0
-0
-0
-0
-0
-0
14.2084
-0
-0
-0
-0
-0
26.0323
-0
-0
-0
-0
-0
7.55091
-0
-0
-0
-0
12.2687
-0
-0
5.62687
-0
-0
0.827455
12.2645
-0
23.9974
-0
-0
-0
14.7346
-0
-0
-0
57.9352
-0
-0
-0
-0
-0
-0
-0
11.2896
-0
-0
4.39644
14.0883
5.99227
9.22408
0.91018
-0
24.718
24.7887
-0
-0
-0
-0
-0
-0
-0
-0
-0
-0
-0
-0
-0
-0
-0
-0
-0
-0
-0
-0
-0
-0
3.49113
43.9235
-0
-0
-0
-0
-0
-0
-0
6.73408
-0
-0
-0
-0
-0
33.8414
-0
-0
-0
-0
4.81335
-0
25.1472
46.4791
12.359
-0
-0
-0
-0
-0
-0
-0
45.4135
-0
-0
-0
-0
-0
-0
-0
37.1505
-0
40.5057
-0
-0
17.0063
-0
-0
-0
-0
-0
-0
12.8651
-0
-0
-0
23.8977
-0
-0
12.7601
-0
-0
-0
58.7481
28.6773
-0
8.66506
4.12821
35.1514
-0
17.1834
-0
-0
-0
-0
-0
-0
-0
-0
2.56087
-0
-0
-0
-0
-0
-0
-0
-0
3.19765
-0
-0
-0
-0
6.35341
28.0188
43.7488
-0
-0
-0
-0
-0
-0
-0
-0
-0
-0
-0
-0
-0
0.220377
-0
-0
14.6075
-0
-0
-0
-0
-0
-0
2.94106
24.0806
20.9928
3.85767
16.2498
-0
-0
-0
-0
-0
1.40507
-0
-0
-0
-0
33.0405
-0
-0
-0
