1.44684
-0
-0
-0
-0
-0
-0
44.7187
17.3529
-0
50.4998
-0
-0
-0
-0
15.1307
13.3637
-0
-0
-0
-0
-0
-0
-0
-0
4.02199
15.0859
-0
-0
-0
-0
-0
-0
-0
2.78881
-0
-0
-0
3.585
-0
-0
-0
-0
15.0195
-0
3.21275
-0
6.90925
-0
-0
-0
-0
-0
-0
-0
-0
-0
0.094506
-0
36.6312
-0
-0
-0
-0
0.60249
-0
14.2909
-0
-0
1.12135
-0
-0
-0
-0
-0
0.105056
25.9956
-0
-0
4.695
-0
37.8052
2.65632
-0
20.5302
-0
-0
-0
-0
-0
6.97067
-0
-0
-0
4.39745
-0
-0
-0
-0
-0
-0
-0
-0
-0
-0
-0
7.85248
-0
-0
0.442893
-0
1.5337
-0
-0
-0
-0
-0
-0
36.0751
56.6601
-0
-0
-0
-0
-0
-0
12.8019
-0
-0
-0
-0
41.6735
3.8212
-0
6.49833
-0
2.49153
27.5444
-0
55.8565
-0
-0
-0
-0
3.13156
-0
-0
-0
-0
-0
-0
-0
-0
15.5346
40.7013
-0
18.3248
-0
-0
0.273731
-0
-0
-0
49.4969
14.3821
25.7358
-0
15.0463
-0
26.0219
-0
25.3413
17.7266
-0
-0
-0
-0
-0
14.5466
-0
-0
-0
-0
-0
-0
56.2049
-0
-0
12.4062
-0
44.41
-0
40.6963
-0
-0
-0
-0
-0
19.1972
-0
1.61327
-0
-0
-0
20.2884
-0
-0
5.67106
-0
-0
-0
2.68303
24.9444
-0
7.21137
11.6919
8.65437
-0
-0
-0
-0
-0
-0
-0
-0
-0
-0
-0
-0
-0
-0
-0
-0
-0
-0
9.49295
-0
-0
-0
-0
-0
-0
-0
-0
-0
-0
12.106
-0
-0
-0
-0
7.24835
0.109015
-0
1.29211
-0
-0
22.665
-0
-0
2.45801
24.5204
-0
-0
1.32086
-0
-0
10.7436
-0
-0
-0
36.709
-0
24.7984
-0
-0
-0
-0
-0
-0
37.6661
9.59005
-0
33.6303
-0
-0
-0
-0
-0
-0
-0
0.892435
26.7581
-0
28.9352
-0
10.7574
7.23966
17.7388
37.5454
-0
1.70611
-0
-0
7.31945
34.8497
-0
-0
10.8745
-0
-0
-0
6.29104
-0
-0
1.29168
-0
-0
-0
1.79086
-0
-0
-0
7.64315
-0
-0
-0
-0
-0
24.6436
-0
-0
-0
-0
-0
-0
-0
16.7064
-0
17.5394
-0
-0
-0
18.465
-0
-0
-0
42.2865
1.33327
26.5529
15.5017
-0
9.60682
-0
-0
-0
-0
-0
-0
13.3088
9.78896
-0
-0
16.7189
-0
2.77045
-0
-0
-0
-0
-0
7.53801
0.17112
-0
-0
-0
-0
-0
-0
-0
-0
-0
-0
-0
16.2411
27.6367
8.83994
-0
-0
-0
-0
-0
-0
-0
-0
-0
-0
13.5129
-0
33.2123
6.25032
-0
-0
-0
-0
-0
-0
-0
-0
-0
-0
39.8815
-0
-0
-0
57.0317
-0
-0
0.555177
-0
-0
-0
-0
-0
-0
0.0846906
-0
6.72423
9.63439
-0
-0
14.0728
-0
-0
13.6756
-0
16.0014
-0
-0
-0
-0
-0
-0
0.576067
-0
19.2539
-0
-0
-0
-0
32.7664
4.26396
-0
-0
-0
-0
-0
-0
-0
-0
-0
-0
2.26116
-0
3.39037
-0
-0
-0
-0
-0
-0
-0
-0
-0
-0
31.1551
0.683912
-0
-0
10.3616
-0
-0
-0
3.26255
-0
9.63782
-0
-0
-0
-0
35.8847
-0
-0
17.1253
-0
-0
-0
-0
-0
9.23965
-0
-0
24.018
-0
-0
-0
-0
-0
-0
-0
-0
-0
12.7884
6.91165
-0
13.6955
-0
-0
15.0447
-0
-0
4.05945
3.21654
1.47208
-0
-0
-0
22.4464
-0
-0
-0
-0
-0
-0
-0
-0
17.3328
11.411
-0
-0
-0
-0
-0
-0
-0
10.5575
-0
-0
-0
23.7831
-0
-0
-0
-0
-0
29.1987
-0
8.28348
-0
-0
-0
-0
-0
-0
-0
-0
19.3048
-0
-0
-0
-0
44.8804
-0
24.0923
19.623
-0
-0
-0
-0
-0
-0
-0
-0
0.19955
4.45987
5.98744
-0
6.62251
-0
22.305
-0
-0
-0
-0
-0
11.4523
8.70663
-0
15.0937
-0
10.2074
-0
-0
-0
-0
-0
-0
4.95338
0.657376
47.8169
-0
-0
17.8455
-0
-0
-0
14.7949
-0
-0
-0
-0
-0
-0
-0
-0
-0
-0
-0
-0
-0
-0
-0
-0
-0
-0
-0
-0
-0
-0
-0
-0
-0
-0
-0
-0
-0
-0
-0
-0
2.36281
-0
-0
-0
-0
30.4781
11.2795
-0
-0
-0
-0
-0
12.8936
-0
50.2983
-0
27.3316
-0
-0
-0
-0
-0
-0
0.556464
-0
6.93817
-0
-0
-0
1.00283
43.5774
13.5996
6.9883
-0
-0
-0
62.6029
-0
-0
-0
20.4052
-0
-0
41.5049
-0
-0
6.5363
13.4602
-0
-0
-0
17.3067
-0
-0
1.32193
5.31264
-0
-0
-0
-0
-0
-0
29.7625
-0
12.6082
-0
-0
-0
-0
-0
2.10813
-0
-0
-0
-0
-0
-0
-0
-0
23.1215
-0
4.97985
-0
-0
-0
-0
-0
-0
0.580187
2.78075
-0
-0
0.0587333
-0
-0
-0
-0
-0
-0
-0
-0
-0
-0
-0
-0
11.2173
-0
7.92583
-0
22.0245
-0
-0
5.18766
-0
-0
4.33685
15.5578
1.3784
5.45186
-0
19.6758
-0
-0
-0
-0
17.4702
-0
-0
-0
-0
26.179
-0
5.70973
6.11363
-0
-0
-0
-0
32.083
-0
-0
-0
3.52002
-0
-0
-0
-0
-0
-0
-0
-0
-0
-0
12.3763
-0
-0
-0
5.75793
23.943
38.2927
-0
2.87055
-0
-0
-0
-0
36.9767
-0
-0
-0
42.1681
10.1596
-0
4.98868
-0
-0
-0
-0
9.27493
-0
-0
11.7503
-0
-0
-0
-0
-0
31.4921
20.5275
-0
9.79649
-0
-0
-0
-0
-0
38.2205
-0
-0
-0
32.0722
-0
-0
17.0653
3.5902
-0
-0
42.2753
4.47866
-0
-0
-0
8.17438
-0
-0
-0
-0
-0
-0
-0
16.0903
-0
-0
-0
-0
-0
7.28686
-0
-0
-0
-0
3.42923
29.3558
-0
-0
-0
43.0686
22.5067
-0
5.60008
-0
3.08341
-0
-0
-0
-0
-0
9.77908
-0
-0
16.5655
-0
6.96758
-0
-0
-0
-0
27.5943
-0
-0
-0
3.68551
-0
-0
-0
-0
-0
-0
-0
-0
-0
4.66055
12.9026
-0
-0
-0
-0
-0
40.2158
-0
-0
-0
-0
7.67134
14.1475
-0
-0
-0
24.616
-0
-0
-0
-0
-0
30.65
7.96481
-0
6.88733
-0
-0
-0
-0
-0
-0
-0
-0
8.35384
-0
0.448345
-0
-0
-0
-0
16.6028
-0
2.09441
6.92048
-0
-0
-0
26.1257
-0
-0
-0
-0
-0
-0
-0
14.0787
-0
-0
-0
-0
-0
-0
-0
-0
-0
-0
-0
-0
-0
22.964
-0
-0
-0
-0
-0
-0
16.0192
-0
-0
11.639
-0
-0
-0
-0
-0
-0
-0
10.485
-0
-0
-0
-0
-0
-0
-0
-0
-0
-0
-0
-0
-0
-0
46.8334
-0
-0
15.2714
-0
-0
-0
12.6543
-0
-0
-0
-0
-0
-0
31.4206
11.1465
2.58589
-0
-0
-0
41.6536
-0
-0
-0
-0
-0
-0
4.42495
9.62366
-0
13.7074
-0
48.7439
-0
-0
-0
-0
-0
-0
-0
-0
39.6965
-0
3.26348
-0
1.57001
-0
-0
-0
-0
-0
16.3842
-0
-0
57.8955
-0
-0
-0
-0
-0
-0
2.93243
-0
14.7306
35.3717
-0
-0
-0
-0
-0
-0
-0
-0
12.3569
-0
4.16447
5.07978
-0
-0
7.19877
-0
-0
-0
-0
-0
-0
34.7459
0.277232
-0
1.73665
-0
-0
-0
-0
9.34759
31.3945
-0
-0
-0
-0
-0
-0
-0
-0
-0
20.5476
-0
-0
14.9921
1.16143
-0
-0
-0
-0
-0
12.7746
0.0113241
-0
-0
-0
20.2004
-0
-0
-0
-0
49.3966
-0
-0
-0
-0
-0
67.4711
-0
-0
3.50294
-0
-0
6.57308
-0
-0
-0
22.6914
-0
-0
-0
-0
-0
38.4499
-0
-0
5.42797
-0
19.4794
43.6362
11.2405
-0
-0
-0
-0
34.6572
2.75314
-0
-0
-0
10.839
-0
-0
-0
-0
-0
-0
-0
-0
-0
-0
26.9044
-0
-0
-0
3.62559
-0
-0
-0
-0
-0
-0
-0
-0
10.1478
19.8134
-0
33.025
-0
-0
-0
-0
14.7161
-0
-0
-0
-0
-0
-0
-0
27.7131
-0
-0
34.8358
28.6904
-0
-0
-0
10.6957
-0
-0
-0
3.82142
-0
-0
11.076
-0
-0
-0
-0
-0
-0
-0
-0
-0
-0
-0
-0
-0
-0
20.9429
-0
-0
-0
-0
-0
-0
-0
-0
-0
-0
59.7262
8.21247
-0
-0
32.2125
-0
-0
-0
-0
-0
-0
-0
31.6192
-0
-0
-0
-0
4.06348
26.7613
8.70037
-0
-0
10.9262
31.3321
18.3962
-0
-0
-0
9.4667
18.0063
-0
-0
-0
-0
-0
8.96357
-0
47.2292
47.4008
-0
-0
-0
-0
-0
-0
22.4561
-0
-0
-0
40.9705
7.55912
-0
-0
18.3576
-0
24.0785
-0
-0
-0
-0
-0
18.8466
49.1634
-0
-0
-0
-0
-0
-0
-0
3.58781
19.4265
-0
6.1743
-0
22.1708
-0
34.1204
-0
-0
22.2896
-0
-0
27.4363
16.6137
-0
6.4241
19.33
-0
-0
-0
-0
-0
34.7711
-0
4.18009
-0
5.0234
-0
11.0066
-0
-0
49.0661
-0
-0
12.5981
4.69406
-0
-0
-0
-0
-0
-0
-0
-0
-0
-0
-0
-0
-0
-0
-0
-0
-0
9.73082
42.7444
16.9112
1.3159
-0
8.71037
2.38167
-0
-0
-0
-0
-0
-0
7.37599
16.6089
-0
-0
-0
-0
-0
-0
11.0473
59.8763
-0
-0
11.6152
-0
18.1984
-0
-0
-0
-0
-0
-0
-0
-0
-0
-0
-0
-0
-0
-0
2.79568
-0
0.333965
-0
-0
-0
42.6435
-0
30.0943
-0
-0
-0
-0
13.1017
-0
-0
-0
8.81933
-0
-0
-0
-0
-0
-0
-0
-0
42.2276
-0
-0
-0
-0
-0
-0
-0
-0
-0
-0
-0
-0
-0
49.4649
4.78481
-0
-0
12.4699
-0
-0
-0
32.1286
-0
-0
-0
-0
-0
-0
-0
-0
3.00139
19.0964
22.8516
-0
-0
-0
27.8566
-0
-0
9.76953
-0
-0
-0
-0
6.72306
-0
-0
-0
0.170195
-0
10.4993
-0
43.9499
-0
-0
-0
32.7563
-0
-0
-0
-0
-0
-0
9.27008
-0
-0
-0
-0
16.9992
8.90104
-0
-0
11.171
-0
2.618
-0
-0
-0
-0
-0
-0
29.5076
-0
-0
-0
-0
-0
-0
-0
11.6642
-0
-0
-0
-0
-0
-0
42.3481
-0
-0
-0
-0
11.0885
-0
-0
-0
-0
-0
-0
-0
-0
-0
17.179
36.1944
7.49035
-0
-0
-0
-0
-0
-0
-0
-0
15.067
-0
20.4706
-0
-0
-0
-0
38.1321
-0
-0
-0
-0
64.2578
-0
21.3948
-0
-0
-0
29.6081
-0
29.8726
-0
-0
-0
-0
12.9577
-0
-0
-0
-0
-0
-0
-0
-0
-0
44.2963
-0
5.678
-0
-0
-0
0.883816
-0
-0
-0
-0
-0
-0
9.8174
-0
-0
17.6576
25.2342
-0
-0
-0
-0
-0
21.581
2.24343
-0
-0
-0
34.8416
-0
7.4241
13.9897
3.73944
-0
-0
-0
-0
-0
10.6028
-0
29.8383
2.08152
-0
-0
-0
37.7783
61.7618
-0
7.09952
-0
-0
-0
-0
-0
-0
-0
-0
-0
-0
23.1748
-0
-0
-0
-0
-0
-0
-0
23.0702
-0
29.0233
-0
-0
-0
-0
-0
-0
-0
38.0726
0.82805
-0
-0
-0
24.5228
-0
-0
-0
7.20606
-0
3.34649
9.34462
-0
-0
-0
-0
-0
-0
30.3819
26.4315
-0
56.2047
-0
-0
-0
31.7027
-0
-0
-0
-0
-0
-0
-0
5.13281
-0
-0
-0
-0
-0
-0
2.95482
-0
-0
-0
43.1255
-0
-0
-0
-0
-0
-0
-0
-0
-0
-0
-0
-0
-0
-0
-0
13.2227
16.0234
-0
29.8387
-0
-0
-0
-0
-0
-0
24.2663
-0
-0
-0
-0
6.40647
-0
9.95889
-0
-0
-0
-0
-0
-0
-0
-0
-0
-0
2.68196
-0
-0
-0
26.844
-0
-0
-0
13.6231
-0
-0
14.5608
8.23381
-0
-0
-0
-0
-0
19.8982
-0
-0
4.85694
-0
-0
-0
-0
-0
12.7346
30.9728
-0
-0
-0
-0
-0
-0
-0
-0
-0
-0
-0
-0
24.718
16.0275
-0
-0
-0
-0
-0
-0
-0
16.477
-0
-0
-0
-0
10.7823
-0
-0
-0
13.4014
1.69906
-0
-0
-0
-0
-0
-0
-0
-0
-0
-0
-0
17.3869
-0
6.57428
1.55614
-0
-0
-0
-0
-0
9.33984
0.209135
-0
-0
-0
-0
-0
6.103
4.46849
-0
-0
-0
29.6151
-0
31.0673
3.33226
-0
-0
-0
-0
28.9439
-0
5.31109
-0
-0
5.86702
-0
-0
-0
-0
0.0842786
7.91188
-0
-0
-0
-0
-0
-0
-0
-0
59.282
-0
-0
-0
-0
-0
-0
19.2218
1.19176
-0
-0
41.2493
-0
0.907032
-0
35.6708
-0
-0
49.609
-0
-0
-0
21.0569
-0
-0
13.7378
24.2239
3.27921
-0
-0
-0
-0
-0
-0
-0
-0
9.39974
-0
28.6434
-0
-0
3.72821
-0
-0
-0
-0
51.2044
-0
-0
-0
-0
-0
-0
22.1725
-0
-0
-0
-0
-0
-0
4.10079
-0
13.3546
22.2193
-0
-0
-0
9.20179
-0
-0
14.0778
-0
-0
7.34448
32.9418
0.313246
27.3774
1.71728
-0
-0
-0
-0
-0
-0
-0
-0
-0
31.8248
-0
23.2595
2.72885
0.664553
-0
-0
-0
-0
-0
1.40161
-0
43.2467
-0
5.78727
-0
-0
0.524765
-0
-0
-0
-0
9.05353
27.1074
16.5928
-0
4.52961
-0
-0
25.9579
-0
-0
-0
-0
15.5749
-0
10.7567
-0
2.98478
-0
-0
12.8068
-0
5.63403
0.136876
14.9637
-0
29.7161
-0
-0
-0
-0
-0
14.007
-0
-0
-0
-0
4.53392
-0
-0
6.04831
-0
4.59008
-0
-0
-0
-0
-0
-0
-0
-0
40.4784
-0
-0
14.3453
-0
-0
-0
-0
17.9579
0.676349
-0
-0
-0
-0
-0
-0
-0
-0
-0
-0
-0
-0
25.6625
2.84072
10.4167
-0
19.3193
-0
-0
-0
-0
-0
-0
22.2512
5.04749
3.08657
-0
-0
-0
-0
-0
-0
-0
29.4067
-0
-0
-0
-0
3.91891
14.1188
-0
-0
-0
-0
-0
-0
-0
-0
-0
-0
5.91001
-0
29.0747
-0
20.8482
11.8833
46.4745
-0
-0
-0
-0
-0
-0
-0
27.7424
-0
45.9957
22.8833
-0
-0
-0
-0
-0
-0
-0
-0
-0
18.6727
-0
-0
54.2277
-0
-0
-0
-0
-0
-0
-0
-0
-0
-0
-0
1.08403
-0
-0
1.55036
-0
-0
36.0291
-0
-0
-0
14.167
-0
33.4901
55.4535
5.81464
4.07227
-0
-0
-0
-0
-0
14.2326
7.95578
5.46853
21.0183
12.391
7.03718
46.5556
53.5072
-0
-0
-0
-0
25.0548
-0
-0
-0
-0
27.6268
-0
-0
-0
-0
-0
-0
3.83403
-0
-0
-0
4.87534
-0
-0
-0
-0
1.27607
-0
-0
-0
0.374816
-0
-0
-0
-0
13.6413
-0
10.3321
-0
-0
-0
17.971
-0
-0
-0
-0
6.11986
-0
-0
-0
-0
10.6908
-0
4.31704
-0
-0
1.61579
-0
-0
-0
33.7561
11.0624
-0
-0
-0
-0
-0
-0
34.3068
-0
-0
-0
-0
-0
-0
-0
-0
-0
-0
-0
-0
-0
-0
-0
-0
-0
13.095
-0
-0
13.5517
-0
-0
0.663712
-0
1.78203
7.14013
-0
-0
23.7204
-0
-0
-0
3.81801
-0
-0
-0
-0
-0
1.3737
-0
20.9271
-0
-0
-0
29.6308
10.5467
5.72731
-0
-0
-0
-0
-0
-0
22.0386
-0
-0
-0
-0
-0
-0
-0
-0
19.332
22.8086
5.01768
-0
12.1159
4.76844
-0
-0
-0
-0
-0
-0
-0
3.60405
-0
-0
-0
-0
-0
-0
-0
-0
-0
-0
-0
36.803
13.5104
2.40174
-0
-0
-0
-0
2.34324
-0
-0
-0
-0
-0
-0
-0
-0
18.1507
6.69047
13.9894
3.21513
-0
3.92034
-0
-0
-0
2.08337
-0
-0
-0
-0
-0
28.6272
1.59199
-0
17.6201
2.29895
-0
4.45962
-0
-0
-0
-0
-0
-0
8.51946
18.0841
-0
-0
-0
3.78713
-0
6.23129
-0
-0
-0
21.7621
18.2075
26.7111
-0
2.19127
-0
-0
-0
-0
-0
-0
-0
-0
-0
-0
-0
-0
-0
-0
30.3033
66.5363
-0
-0
-0
-0
-0
-0
-0
3.05567
-0
-0
58.8839
33.1896
-0
-0
-0
-0
4.03373
-0
48.362
12.7706
10.1018
-0
-0
-0
-0
-0
-0
-0
-0
-0
-0
-0
-0
-0
-0
-0
33.0296
-0
6.7876
-0
-0
-0
-0
-0
-0
-0
40.1649
-0
-0
-0
-0
-0
-0
-0
-0
6.37922
-0
-0
13.9669
-0
-0
-0
-0
-0
-0
-0
-0
-0
-0
8.0227
15.6261
-0
28.7726
-0
-0
-0
-0
-0
-0
-0
36.2671
-0
-0
3.42834
-0
0.0121283
-0
-0
-0
-0
-0
-0
6.75345
-0
-0
-0
12.4898
7.73475
-0
0.751674
20.6136
-0
-0
21.7555
-0
-0
-0
2.26352
-0
-0
-0
-0
-0
-0
5.51479
-0
-0
0.554399
2.03856
-0
29.2515
-0
-0
-0
-0
-0
19.8797
18.0379
-0
-0
-0
-0
-0
-0
36.8314
-0
-0
-0
-0
-0
-0
-0
-0
-0
-0
-0
-0
-0
-0
-0
-0
-0
-0
-0
-0
-0
16.3358
-0
-0
-0
-0
-0
-0
-0
-0
-0
-0
-0
-0
-0
-0
-0
12.6241
25.7686
-0
7.65526
-0
-0
2.88593
-0
-0
-0
-0
-0
5.85583
-0
37.1558
-0
-0
0.157101
-0
-0
-0
-0
-0
-0
11.2741
-0
-0
-0
-0
7.36356
-0
-0
-0
-0
-0
37.0816
-0
-0
-0
-0
-0
-0
16.6733
-0
-0
40.9688
-0
-0
21.7571
4.99469
-0
-0
-0
-0
-0
-0
-0
-0
63.7887
-0
-0
-0
65.2553
-0
7.72683
1.96307
-0
-0
9.8704
-0
40.2148
-0
26.8046
-0
-0
1.03781
30.4401
-0
-0
-0
-0
41.0135
-0
17.714
-0
-0
-0
-0
-0
-0
-0
-0
-0
14.03
-0
-0
0.875134
-0
-0
18.6383
-0
-0
-0
-0
-0
-0
5.33435
-0
-0
-0
-0
-0
-0
-0
-0
-0
-0
-0
-0
5.52408
-0
8.72123
-0
-0
-0
-0
-0
-0
-0
5.56554
10.9826
4.60919
1.0807
-0
9.75959
13.55
-0
-0
-0
-0
-0
-0
19.538
1.52846
-0
-0
0.189362
-0
-0
22.6429
-0
14.1223
12.1591
-0
0.209847
-0
-0
-0
-0
-0
-0
-0
-0
3.95414
-0
1.45666
46.9105
-0
-0
-0
3.60042
-0
-0
-0
29.1937
-0
6.4925
-0
-0
-0
-0
-0
-0
-0
-0
-0
18.8243
10.6381
-0
28.0004
-0
-0
-0
19.6153
-0
28.862
5.08069
-0
0.46028
-0
20.0243
-0
16.7534
-0
-0
-0
-0
32.7802
-0
-0
-0
-0
-0
-0
21.5294
-0
-0
-0
-0
-0
-0
1.77164
-0
-0
18.4896
-0
-0
-0
-0
-0
17.5032
-0
-0
-0
-0
-0
3.90391
10.3861
21.0569
-0
36.0871
-0
-0
10.5191
-0
-0
-0
-0
-0
17.5086
-0
-0
-0
3.45467
-0
28.5986
-0
-0
-0
-0
-0
7.45536
30.9897
-0
30.2457
10.5215
30.2201
-0
-0
-0
-0
24.984
-0
31.0771
54.1792
-0
-0
14.8185
57.8233
-0
-0
-0
-0
-0
1.83437
-0
-0
20.9534
-0
-0
-0
-0
-0
10.1878
-0
38.379
32.2951
3.23132
5.14234
-0
-0
11.9116
-0
4.68499
-0
34.893
17.7162
-0
-0
-0
-0
-0
-0
-0
-0
-0
-0
-0
-0
78.5183
45.6032
-0
-0
-0
10.2449
1.27129
-0
17.4995
-0
-0
-0
-0
-0
-0
-0
29.3203
-0
-0
-0
-0
21.9625
0.660704
-0
11.6709
-0
-0
-0
-0
-0
-0
-0
-0
4.37949
9.87247
-0
-0
-0
-0
-0
-0
14.6399
-0
-0
-0
-0
9.26846
-0
-0
-0
-0
-0
-0
44.8197
-0
10.0967
-0
20.1376
27.8178
-0
15.0983
-0
-0
-0
-0
-0
-0
-0
-0
-0
-0
19.6094
-0
-0
13.7184
-0
2.7415
-0
-0
-0
-0
-0
22.6198
-0
-0
-0
-0
51.0043
4.15757
-0
-0
18.241
1.72242
-0
-0
-0
-0
-0
-0
-0
-0
-0
35.6337
-0
-0
-0
-0
31.0888
-0
-0
0.791356
27.4069
-0
2.96647
0.0186521
-0
-0
2.98807
-0
11.5657
-0
-0
-0
50.592
-0
-0
-0
-0
-0
-0
-0
3.87844
-0
11.2088
-0
-0
-0
-0
-0
-0
8.82547
-0
-0
-0
35.2061
11.1163
-0
-0
-0
-0
31.968
-0
-0
-0
-0
-0
31.4088
7.23817
-0
-0
34.129
15.5921
24.3196
-0
-0
25.0638
41.3257
9.43587
-0
-0
-0
-0
-0
-0
-0
-0
-0
-0
-0
5.08482
-0
20.1943
-0
-0
50.0938
31.2389
31.299
11.8242
-0
-0
-0
-0
-0
-0
-0
-0
-0
-0
-0
7.29059
-0
-0
2.62555
-0
-0
-0
-0
0.120418
-0
-0
-0
-0
13.3416
-0
6.00205
5.92904
-0
-0
-0
10.9026
-0
-0
-0
-0
-0
-0
-0
-0
-0
-0
-0
-0
-0
-0
-0
-0
-0
-0
-0
-0
-0
-0
5.06101
-0
-0
-0
-0
-0
-0
-0
-0
-0
-0
1.5019
-0
-0
22.207
-0
-0
3.34575
-0
-0
-0
-0
1.88776
-0
-0
-0
8.09336
-0
0.247551
-0
-0
-0
1.62989
0.459143
9.18915
-0
3.71275
0.820728
-0
13.7439
-0
-0
-0
-0
-0
-0
-0
18.0298
-0
-0
-0
-0
18.9071
-0
-0
46.266
9.15219
33.6463
51.7188
-0
-0
13.6736
34.4773
-0
-0
-0
-0
0.672489
-0
16.0808
-0
-0
-0
-0
-0
-0
-0
12.0011
-0
-0
-0
-0
24.6229
-0
-0
-0
32.8989
-0
64.9384
0.626192
-0
-0
-0
-0
-0
-0
-0
1.7604
9.30717
-0
-0
36.8274
-0
-0
54.1262
-0
11.967
-0
51.3839
-0
23.725
-0
-0
2.65811
-0
-0
-0
-0
3.44259
-0
-0
-0
-0
15.8708
-0
48.8838
-0
-0
-0
-0
-0
2.56873
32.8843
-0
-0
-0
-0
8.98347
-0
25.7552
37.4479
0.439642
31.2549
-0
9.04805
-0
-0
-0
-0
-0
-0
-0
-0
10.5994
-0
-0
-0
-0
13.6047
-0
-0
-0
-0
-0
-0
-0
-0
-0
5.97903
24.9138
4.78719
8.62491
-0
-0
-0
-0
1.1514
22.7273
-0
-0
9.95071
13.0997
-0
-0
-0
-0
13.5142
-0
-0
-0
-0
-0
-0
-0
11.4676
19.3818
-0
46.8299
5.29859
23.5997
-0
-0
-0
-0
-0
40.4381
-0
7.59231
9.42479
-0
-0
24.4311
-0
-0
-0
1.58717
-0
-0
-0
-0
-0
-0
-0
-0
7.99143
1.55253
-0
-0
-0
16.5268
-0
-0
-0
-0
-0
-0
-0
-0
-0
46.0912
-0
19.9805
-0
-0
21.1102
2.67958
-0
-0
-0
8.27932
-0
-0
-0
-0
8.30893
-0
39.4567
-0
-0
-0
-0
-0
-0
-0
-0
-0
-0
-0
64.7187
-0
-0
-0
-0
38.1526
-0
21.5242
5.54431
-0
32.7378
1.80198
-0
-0
-0
-0
-0
32.6634
-0
-0
-0
15.6656
-0
-0
10.4183
-0
-0
8.86998
-0
-0
-0
-0
-0
-0
-0
-0
-0
-0
-0
-0
23.9286
-0
28.0646
3.32075
21.9114
-0
-0
54.5672
4.33931
-0
-0
-0
12.6737
-0
24.5864
-0
-0
-0
-0
-0
22.1617
-0
-0
-0
4.14556
46.1034
22.3529
-0
33.2132
-0
-0
-0
-0
-0
14.6641
-0
-0
-0
-0
-0
-0
-0
36.1399
15.155
-0
0.0226023
-0
-0
-0
-0
37.4061
-0
-0
-0
-0
11.566
13.6165
-0
-0
-0
-0
-0
-0
-0
29.47
-0
6.82918
9.02226
-0
3.82137
-0
-0
-0
-0
-0
-0
-0
-0
28.6729
-0
-0
-0
-0
-0
20.3605
-0
-0
-0
-0
31.2845
-0
-0
30.4294
-0
-0
-0
21.4397
-0
-0
27.3082
-0
-0
-0
-0
-0
18.452
-0
-0
-0
-0
-0
19.3105
-0
-0
-0
-0
-0
-0
-0
-0
-0
-0
-0
-0
-0
25.8506
1.76861
16.4605
-0
-0
0.17181
-0
-0
-0
7.26451
-0
-0
-0
8.63308
5.80976
34.7066
-0
-0
14.7706
67.1745
7.89874
-0
-0
14.2803
7.36095
-0
-0
-0
-0
8.93024
-0
-0
-0
-0
13.1246
-0
-0
0.250519
-0
-0
-0
-0
4.54463
-0
25.4933
-0
-0
17.7609
9.70089
-0
-0
-0
-0
4.24138
-0
1.58337
-0
-0
32.1233
-0
-0
39.5699
-0
-0
-0
-0
-0
-0
-0
-0
17.7393
10.7415
-0
-0
21.3849
34.322
-0
1.29537
-0
47.5388
15.036
-0
30.9078
-0
2.046
0.532754
-0
41.5701
-0
-0
22.4911
0.102822
18.9745
-0
10.9674
-0
-0
-0
-0
-0
-0
36.233
-0
-0
-0
-0
-0
-0
-0
44.8817
-0
-0
-0
-0
-0
9.51711
20.4918
-0
-0
-0
-0
-0
45.3552
-0
2.69019
-0
-0
-0
-0
-0
-0
11.527
-0
-0
-0
-0
-0
-0
54.8787
-0
-0
-0
-0
8.49014
-0
-0
-0
-0
10.7961
-0
17.8632
-0
-0
-0
-0
25.8189
16.4453
-0
27.6444
-0
-0
-0
-0
42.105
-0
-0
17.9745
-0
-0
24.1013
-0
24.8878
-0
-0
-0
-0
21.8576
-0
-0
4.69935
-0
17.007
-0
-0
-0
1.82778
27.5926
-0
11.6202
-0
-0
-0
-0
13.6919
-0
-0
43.4181
-0
-0
37.0514
-0
-0
-0
28.8204
-0
-0
-0
8.20726
-0
-0
15.057
-0
-0
-0
-0
-0
-0
-0
-0
-0
-0
-0
-0
-0
-0
10.5362
-0
43.5695
-0
-0
-0
29.2751
-0
-0
31.2845
2.96072
13.6025
-0
-0
-0
-0
-0
-0
-0
-0
11.6884
-0
28.6265
-0
-0
34.2032
-0
-0
-0
-0
-0
1.07547
-0
34.1241
1.71077
-0
-0
-0
-0
-0
-0
26.2201
18.8883
-0
-0
-0
31.1333
-0
5.24256
-0
-0
-0
5.74707
-0
-0
-0
-0
-0
-0
-0
-0
-0
-0
5.61461
18.3652
-0
-0
-0
-0
-0
36.8214
20.6017
-0
-0
-0
-0
9.54343
-0
-0
-0
-0
6.94647
-0
-0
19.9357
-0
9.29322
0.986273
37.8078
-0
5.60106
7.42379
19.0825
0.618213
16.2938
-0
-0
-0
58.2682
-0
-0
8.17071
-0
-0
-0
-0
66.6114
-0
-0
-0
-0
2.59575
-0
16.4628
-0
19.804
10.4257
-0
-0
-0
-0
-0
-0
23.7344
-0
-0
-0
-0
-0
-0
-0
-0
-0
-0
-0
-0
-0
-0
37.6433
-0
-0
-0
-0
-0
-0
-0
-0
-0
0.514796
-0
-0
-0
-0
-0
-0
-0
-0
-0
-0
36.3786
-0
39.1476
46.1366
5.28541
-0
-0
-0
-0
-0
35.4137
-0
-0
-0
-0
-0
-0
15.2533
-0
-0
14.0039
-0
5.96297
6.70768
-0
39.7397
-0
-0
-0
36.1479
-0
-0
29.0055
11.5573
-0
-0
-0
-0
17.3091
-0
-0
-0
4.48673
49.783
20.1445
-0
-0
5.44186
21.8467
-0
17.9989
-0
-0
-0
-0
-0
-0
-0
-0
2.17541
-0
1.52965
-0
-0
-0
-0
-0
4.24364
10.028
15.827
-0
-0
2.9639
11.1361
27.3949
2.33909
-0
-0
-0
12.6593
-0
-0
-0
-0
-0
-0
-0
-0
-0
7.29717
-0
-0
60.447
-0
-0
-0
-0
1.59399
-0
-0
-0
5.04366
4.01244
-0
-0
-0
-0
-0
-0
32.3666
-0
-0
-0
-0
-0
16.7051
-0
-0
