-0
-0
-0
-0
-0
-0
-0
-0
12.8531
-0
-0
-0
-0
-0
-0
20.6646
-0
-0
-0
7.20859
-0
-0
-0
-0
-0
15.748
14.5156
-0
-0
-0
-0
-0
-0
-0
5.39634
-0
-0
-0
-0
-0
-0
-0
0.773575
0.539092
-0
-0
-0
10.3187
-0
-0
-0
-0
-0
-0
-0
-0
3.16864
2.41141
8.84912
32.8895
-0
-0
1.05668
-0
15.4243
-0
-0
-0
-0
1.98429
-0
-0
-0
-0
-0
4.10066
45.0595
-0
-0
1.51482
-0
38.9511
28.2637
-0
44.7811
-0
-0
-0
-0
-0
-0
-0
-0
-0
-0
-0
6.45536
-0
14.7001
-0
-0
-0
-0
-0
-0
-0
2.05029
-0
-0
-0
7.58992
-0
-0
-0
-0
23.0785
-0
-0
21.6932
19.4978
49.5165
-0
-0
-0
-0
-0
0.0302261
-0
-0
-0
-0
35.5616
-0
-0
35.9414
-0
-0
65.1384
-0
31.0727
-0
-0
72.6975
-0
-0
-0
-0
-0
-0
-0
5.71783
-0
-0
11.4401
38.133
-0
3.24121
-0
-0
1.82116
4.04791
-0
-0
-0
4.65973
15.0105
-0
-0
-0
60.148
-0
12.9192
-0
-0
-0
-0
-0
-0
-0
-0
-0
-0
-0
-0
-0
26.7006
-0
-0
28.709
-0
16.9902
40.2352
11.7455
-0
-0
-0
-0
15.5963
14.975
-0
-0
-0
1.0259
-0
-0
-0
-0
24.86
-0
-0
-0
-0
20.3502
-0
-0
-0
-0
-0
-0
-0
5.08778
-0
-0
-0
-0
-0
-0
1.25109
-0
7.68298
-0
-0
-0
-0
-0
-0
-0
-0
-0
-0
-0
6.95872
-0
-0
-0
-0
71.7197
-0
-0
-0
-0
-0
-0
-0
5.22993
-0
-0
4.96674
-0
-0
-0
-0
-0
6.05294
-0
-0
-0
-0
-0
-0
-0
41.87
14.8371
27.4732
-0
-0
-0
-0
-0
-0
-0
6.62173
-0
41.4209
-0
-0
-0
-0
-0
-0
-0
16.7397
10.7023
-0
-0
-0
11.1551
-0
-0
58.8437
-0
-0
1.15047
8.6912
-0
18.4587
-0
-0
-0
-0
22.5174
-0
-0
-0
-0
-0
-0
-0
-0
0.0793467
-0
-0
-0
5.8066
16.2535
-0
-0
-0
-0
13.476
-0
-0
-0
-0
-0
-0
-0
3.42819
-0
1.66286
-0
-0
-0
-0
-0
-0
-0
-0
-0
15.8934
-0
-0
-0
-0
12.9339
-0
-0
-0
-0
-0
25.3965
-0
-0
4.89006
23.4389
2.71295
-0
-0
19.9746
-0
-0
-0
1.92581
-0
-0
-0
-0
-0
-0
-0
-0
-0
9.50876
-0
-0
25.3405
-0
-0
-0
-0
-0
18.8904
-0
-0
-0
-0
-0
17.7662
-0
-0
-0
-0
-0
-0
-0
-0
-0
-0
-0
-0
-0
22.3145
-0
-0
-0
34.5473
-0
-0
-0
-0
-0
-0
-0
-0
-0
-0
-0
1.38425
-0
-0
-0
-0
-0
-0
-0
-0
-0
-0
-0
-0
-0
-0
-0
-0
-0
-0
-0
-0
-0
-0
18.3826
-0
-0
-0
-0
-0
-0
-0
-0
-0
-0
-0
16.8874
-0
6.65237
-0
-0
-0
-0
-0
-0
-0
-0
-0
-0
24.7807
20.681
-0
-0
-0
-0
-0
-0
3.79445
-0
-0
-0
-0
-0
54.1395
60.6691
-0
-0
-0
-0
46.4998
52.0202
-0
-0
27.8879
-0
-0
43.3837
-0
-0
-0
7.13062
-0
-0
13.0443
-0
-0
30.8242
-0
-0
44.3938
-0
-0
-0
-0
42.3316
-0
-0
-0
-0
-0
-0
2.20049
-0
-0
-0
-0
-0
-0
7.71175
-0
19.4022
-0
-0
-0
-0
-0
-0
-0
-0
7.95391
-0
-0
-0
27.4399
-0
-0
-0
-0
51.5519
45.4741
-0
-0
-0
-0
-0
-0
-0
-0
-0
-0
-0
-0
-0
3.61186
-0
-0
-0
32.4257
4.64113
-0
-0
-0
-0
-0
-0
-0
-0
-0
-0
-0
-0
3.6755
-0
-0
-0
-0
20.8192
-0
-0
1.8317
-0
-0
43.4796
-0
-0
-0
-0
-0
-0
-0
-0
9.68539
-0
-0
-0
-0
7.20934
-0
-0
-0
29.7912
-0
-0
33.4311
-0
-0
-0
-0
-0
-0
-0
-0
-0
-0
-0
-0
-0
-0
-0
-0
-0
-0
-0
-0
-0
-0
-0
-0
-0
-0
-0
0.753659
-0
3.00448
-0
-0
-0
-0
2.82691
32.5471
8.80474
-0
-0
-0
-0
-0
-0
41.3347
7.86322
23.5842
-0
-0
-0
-0
-0
-0
-0
-0
-0
8.81414
-0
-0
1.21291
27.5117
-0
-0
6.1978
-0
-0
8.91645
-0
-0
6.08193
-0
-0
-0
18.9666
-0
-0
-0
-0
-0
-0
7.55725
17.1006
13.1113
-0
15.2033
-0
-0
-0
-0
4.17898
-0
-0
-0
-0
-0
-0
-0
30.7369
-0
-0
-0
-0
-0
-0
-0
-0
-0
-0
-0
3.38287
-0
20.8405
-0
-0
10.9637
20.3058
-0
-0
0.787811
-0
-0
-0
10.3745
-0
-0
-0
-0
-0
-0
-0
-0
-0
-0
-0
-0
11.9313
-0
-0
-0
25.6968
-0
-0
-0
-0
-0
-0
3.6461
28.4022
-0
-0
-0
-0
-0
-0
-0
-0
-0
-0
-0
-0
21.732
-0
-0
4.21547
-0
-0
-0
-0
0.618367
-0
-0
-0
-0
1.78496
-0
-0
-0
59.0499
-0
-0
-0
-0
-0
-0
-0
-0
-0
6.53829
-0
20.3697
-0
9.86125
-0
-0
-0
-0
-0
-0
-0
-0
14.6444
-0
-0
15.9584
-0
1.64555
-0
-0
9.73691
-0
-0
38.2731
-0
-0
-0
-0
-0
14.8865
11.6002
-0
-0
-0
-0
-0
-0
-0
23.633
-0
-0
-0
28.6257
-0
-0
-0
3.45343
-0
-0
39.2977
-0
-0
-0
-0
7.33231
-0
-0
10.7352
-0
-0
-0
-0
-0
-0
-0
-0
3.48953
19.5266
-0
-0
-0
-0
-0
1.73374
24.2227
-0
-0
-0
-0
-0
-0
0.828959
16.0689
-0
-0
-0
-0
-0
-0
15.2429
-0
-0
-0
-0
-0
-0
-0
-0
-0
0.339116
-0
-0
-0
-0
49.6287
-0
-0
-0
-0
-0
0.479023
-0
-0
17.42
-0
-0
-0
19.7828
-0
-0
-0
-0
-0
-0
22.3933
3.74721
17.4426
-0
-0
-0
14.1768
-0
18.0647
-0
-0
-0
-0
-0
-0
-0
-0
-0
-0
-0
-0
-0
-0
-0
32.8677
-0
-0
-0
-0
-0
-0
33.8678
-0
-0
-0
-0
-0
-0
2.73724
-0
-0
-0
15.3807
-0
-0
-0
-0
-0
-0
-0
-0
-0
-0
-0
-0
-0
-0
-0
-0
-0
-0
-0
-0
-0
10.5266
-0
5.52699
-0
-0
-0
-0
-0
-0
-0
-0
-0
-0
-0
3.64392
4.29406
-0
-0
6.35052
-0
-0
-0
-0
-0
-0
-0
-0
-0
10.6535
39.0391
-0
-0
-0
-0
-0
-0
-0
-0
-0
-0
-0
-0
-0
13.7133
28.4191
21.0591
-0
-0
-0
-0
-0
6.27561
-0
-0
-0
4.71104
-0
8.6065
-0
-0
-0
7.99644
-0
-0
-0
-0
-0
1.82378
-0
-0
58.6488
-0
-0
-0
32.8616
-0
-0
-0
-0
-0
54.8428
-0
-0
50.7257
-0
-0
-0
-0
-0
-0
-0
-0
33.2829
49.3651
-0
-0
-0
-0
14.6878
-0
-0
-0
44.2555
-0
-0
-0
-0
0.312165
-0
-0
-0
-0
-0
-0
-0
-0
-0
-0
7.41861
-0
-0
-0
-0
16.3739
-0
-0
-0
-0
-0
18.9682
-0
-0
-0
-0
-0
-0
-0
19.3164
5.10455
-0
-0
-0
-0
-0
-0
-0
-0
-0
-0
0.186789
4.60109
-0
-0
-0
41.6784
-0
-0
-0
-0
-0
11.5095
-0
-0
0.367859
-0
-0
12.1009
-0
-0
-0
-0
-0
-0
-0
-0
-0
21.8968
5.79633
-0
-0
-0
-0
17.7947
-0
-0
-0
-0
-0
-0
-0
-0
-0
-0
-0
-0
-0
-0
-0
-0
-0
-0
-0
25.8929
-0
40.4523
-0
-0
-0
-0
-0
30.5557
-0
-0
-0
-0
-0
-0
-0
7.86557
-0
17.0838
-0
-0
2.68751
-0
26.4541
-0
-0
-0
-0
-0
-0
-0
-0
-0
-0
12.8011
-0
-0
-0
-0
-0
-0
-0
-0
25.9752
-0
-0
-0
-0
-0
-0
-0
-0
-0
-0
-0
-0
-0
-0
-0
-0
-0
0.508664
-0
-0
-0
14.4383
-0
-0
-0
-0
-0
-0
40.408
31.9589
-0
-0
40.3029
-0
-0
-0
-0
-0
-0
-0
-0
-0
-0
-0
-0
-0
7.77348
4.95095
-0
-0
-0
-0
37.8314
-0
3.10044
41.4868
4.26288
34.2278
-0
-0
-0
-0
-0
-0
6.66543
32.3157
33.8654
-0
3.994
3.6722
-0
-0
-0
17.6916
73.4211
-0
-0
2.25414
23.0044
-0
-0
29.4437
6.1413
-0
-0
18.5355
7.91882
-0
-0
21.6534
35.6937
2.66062
-0
-0
-0
-0
-0
-0
3.95717
23.8013
-0
-0
-0
28.0469
-0
-0
20.7942
-0
-0
5.36397
7.05808
-0
10.735
-0
-0
2.81237
-0
-0
-0
-0
0.271464
-0
-0
-0
-0
13.0518
-0
-0
44.8379
-0
45.3346
-0
-0
-0
-0
7.99377
-0
-0
-0
-0
-0
-0
-0
-0
-0
-0
-0
-0
-0
-0
-0
7.46568
-0
34.7428
-0
-0
-0
36.7826
-0
-0
-0
-0
-0
-0
-0
24.3902
23.252
-0
-0
-0
-0
-0
-0
-0
50.242
-0
-0
-0
-0
57.6864
-0
-0
-0
-0
-0
-0
-0
-0
-0
-0
-0
-0
-0
-0
28.6354
-0
-0
-0
-0
4.39181
-0
-0
16.6888
-0
-0
5.53916
-0
8.92755
-0
-0
-0
-0
8.84547
-0
-0
-0
-0
-0
-0
-0
-0
-0
-0
-0
-0
-0
-0
-0
-0
0.246321
-0
-0
-0
-0
55.0499
-0
-0
-0
-0
-0
-0
-0
1.41248
-0
-0
-0
-0
-0
-0
-0
-0
-0
-0
-0
1.28062
-0
-0
13.4976
-0
-0
-0
-0
-0
-0
-0
24.4429
-0
-0
-0
-0
-0
8.70601
-0
40.849
-0
-0
10.3716
3.11425
-0
-0
-0
-0
-0
-0
-0
-0
-0
-0
-0
25.8568
-0
-0
-0
31.9583
-0
3.71126
-0
-0
-0
-0
-0
39.5291
-0
-0
-0
8.99543
-0
-0
-0
-0
0.294135
-0
-0
-0
-0
-0
-0
9.06266
21.2838
-0
-0
-0
-0
-0
-0
-0
-0
-0
-0
-0
-0
-0
-0
63.8987
-0
-0
-0
-0
-0
-0
-0
-0
-0
27.4684
-0
-0
-0
-0
-0
-0
3.90195
-0
-0
-0
-0
30.1593
-0
25.7807
-0
-0
-0
-0
-0
14.9744
-0
-0
-0
-0
17.9726
-0
-0
-0
-0
-0
-0
-0
-0
-0
-0
-0
3.51347
-0
-0
-0
-0
-0
-0
-0
-0
-0
-0
-0
-0
-0
14.338
-0
-0
-0
-0
-0
-0
-0
22.7689
6.28319
0.461541
-0
-0
-0
-0
-0
1.9206
-0
-0
-0
-0
-0
6.82095
-0
55.0797
-0
-0
-0
-0
32.7514
13.2911
-0
-0
-0
-0
-0
-0
-0
-0
-0
-0
-0
-0
34.7681
-0
-0
-0
-0
-0
-0
-0
-0
-0
-0
0.501209
-0
-0
26.4706
-0
-0
-0
8.86435
-0
-0
-0
-0
-0
-0
2.62206
-0
37.4345
-0
3.29089
-0
-0
-0
-0
-0
-0
-0
12.1561
14.6806
-0
44.0552
-0
-0
-0
5.37939
-0
-0
-0
-0
-0
-0
-0
11.7087
-0
-0
-0
-0
-0
-0
-0
-0
-0
-0
11.4275
-0
-0
-0
-0
-0
-0
-0
-0
-0
-0
-0
-0
-0
-0
-0
13.5966
45.3471
-0
42.7822
-0
-0
-0
-0
-0
-0
-0
-0
-0
-0
-0
-0
-0
12.4121
-0
-0
5.83478
-0
-0
-0
-0
35.0749
-0
-0
-0
11.4242
-0
-0
20.9505
-0
-0
-0
-0
-0
-0
-0
11.641
-0
-0
-0
-0
-0
-0
-0
-0
-0
-0
-0
-0
-0
-0
-0
3.68326
-0
-0
-0
-0
-0
-0
-0
-0
-0
-0
-0
-0
24.3659
11.5599
-0
5.4642
-0
-0
-0
-0
-0
-0
-0
-0
-0
-0
-0
-0
-0
-0
24.2172
-0
-0
-0
-0
-0
-0
-0
-0
-0
-0
-0
-0
-0
-0
-0
-0
-0
-0
-0
-0
-0
5.06202
0.209905
-0
-0
-0
-0
11.7485
-0
5.85326
-0
-0
-0
-0
-0
-0
-0
-0
-0
-0
-0
19.3488
-0
-0
-0
-0
-0
-0
-0
-0
6.94176
13.478
-0
-0
-0
-0
-0
-0
18.8392
-0
-0
21.001
-0
-0
-0
-0
-0
-0
-0
25.3881
-0
-0
50.2833
-0
1.44306
-0
55.8939
-0
-0
8.81669
7.72917
-0
-0
-0
-0
-0
-0
-0
5.22893
-0
-0
-0
-0
-0
-0
-0
-0
10.1505
-0
24.8262
-0
-0
-0
-0
-0
-0
-0
39.6864
-0
-0
-0
-0
-0
-0
18.4689
-0
-0
-0
-0
-0
-0
0.579806
5.79877
19.4642
-0
6.54553
12.3084
-0
-0
-0
-0
19.7819
-0
-0
-0
33.1767
-0
-0
-0
-0
8.48411
-0
-0
-0
-0
-0
-0
-0
23.6282
-0
-0
-0
15.2903
-0
-0
-0
-0
-0
2.4756
-0
91.7916
-0
38.7361
-0
-0
-0
-0
-0
-0
-0
15.3836
5.32719
-0
-0
1.07856
-0
-0
51.2283
-0
-0
-0
-0
19.6114
-0
14.3977
-0
21.6902
-0
-0
19.355
-0
-0
-0
12.3037
-0
21.921
-0
-0
-0
0.290496
7.11533
-0
-0
-0
-0
-0
-0
-0
-0
-0
-0
20.0527
-0
-0
-0
-0
-0
-0
-0
-0
38.0454
-0
0.138702
-0
52.0466
-0
-0
-0
42.6514
2.56287
-0
-0
-0
-0
-0
-0
-0
-0
-0
-0
-0
-0
6.2574
0.964314
-0
-0
42.9602
-0
-0
-0
-0
7.86495
-0
41.5521
-0
14.8533
-0
-0
-0
-0
-0
-0
-0
10.9471
-0
-0
-0
-0
-0
28.9656
-0
24.0817
-0
-0
-0
19.4284
-0
-0
-0
-0
-0
-0
44.5458
-0
9.90112
9.37523
36.4592
-0
-0
-0
0.802926
-0
-0
19.5022
20.1391
-0
28.5268
20.9439
-0
-0
-0
-0
-0
-0
-0
-0
-0
4.2234
-0
-0
-0
-0
-0
-0
-0
-0
28.5227
-0
-0
-0
-0
-0
-0
-0
0.571369
-0
11.8148
-0
-0
-0
-0
-0
-0
-0
11.2617
44.6304
-0
2.82599
-0
-0
-0
-0
-0
-0
-0
-0
8.83356
8.35501
9.20618
4.1219
12.489
-0
-0
-0
-0
47.2797
-0
-0
-0
-0
6.01136
-0
-0
-0
-0
-0
-0
8.95038
-0
-0
-0
-0
-0
-0
-0
5.28078
-0
-0
-0
-0
-0
-0
-0
-0
-0
-0
8.09044
-0
-0
-0
-0
15.3509
1.43905
-0
-0
-0
-0
-0
-0
-0
-0
37.0861
-0
4.34636
-0
8.6432
-0
-0
-0
-0
87.6597
16.3845
-0
5.11939
-0
-0
-0
-0
-0
-0
-0
-0
-0
-0
-0
-0
-0
-0
-0
-0
-0
-0
-0
-0
11.6716
-0
-0
-0
-0
14.6965
-0
-0
-0
-0
-0
16.5143
-0
-0
-0
-0
-0
-0
2.85339
-0
-0
-0
-0
-0
-0
-0
44.0136
-0
-0
-0
23.743
40.982
0.483782
14.6949
-0
-0
-0
-0
-0
20.1922
-0
-0
-0
-0
1.12833
-0
-0
4.96498
-0
-0
-0
-0
-0
-0
-0
-0
-0
-0
-0
-0
-0
17.5564
-0
-0
-0
-0
-0
-0
-0
-0
-0
-0
-0
-0
5.70754
-0
-0
0.531404
-0
-0
-0
-0
-0
-0
-0
-0
-0
-0
-0
-0
-0
37.7688
-0
-0
30.0377
-0
-0
-0
-0
-0
-0
-0
-0
-0
40.3671
-0
-0
9.87049
2.2908
-0
-0
-0
-0
-0
-0
-0
-0
-0
-0
-0
1.44089
-0
-0
-0
-0
-0
-0
-0
12.3245
-0
-0
-0
9.00722
-0
-0
-0
-0
7.19695
-0
-0
-0
-0
20.5681
-0
-0
-0
-0
-0
-0
-0
-0
-0
-0
-0
-0
-0
33.275
-0
-0
12.4773
-0
37.4451
-0
-0
-0
-0
-0
-0
19.3341
10.1995
-0
-0
-0
2.37166
-0
-0
-0
-0
-0
-0
-0
-0
-0
-0
-0
-0
-0
-0
-0
10.2945
-0
-0
-0
-0
-0
-0
24.6304
-0
-0
-0
-0
-0
-0
-0
9.07277
-0
-0
-0
-0
-0
-0
-0
-0
-0
-0
-0
-0
-0
18.8477
32.1833
-0
43.1113
-0
-0
-0
-0
-0
-0
-0
5.88285
-0
-0
13.2459
-0
-0
-0
-0
-0
-0
-0
-0
4.8225
-0
-0
-0
53.3406
-0
-0
-0
-0
-0
4.45769
-0
-0
15.5689
-0
20.6478
-0
-0
-0
-0
-0
5.1125
8.58905
-0
-0
3.39242
-0
-0
-0
-0
-0
-0
-0
7.3625
-0
-0
-0
-0
-0
-0
-0
-0
-0
-0
-0
-0
19.395
-0
-0
-0
-0
-0
-0
-0
-0
-0
-0
-0
-0
-0
53.6152
-0
-0
-0
-0
-0
-0
-0
-0
-0
-0
-0
-0
-0
-0
-0
-0
-0
-0
-0
-0
-0
-0
-0
-0
3.07723
-0
-0
-0
-0
-0
-0
4.06845
-0
10.1343
-0
-0
0.997542
-0
-0
15.9212
-0
-0
-0
22.412
-0
-0
-0
-0
-0
12.6404
-0
-0
-0
-0
-0
-0
-0
-0
-0
-0
-0
24.0985
-0
-0
-0
-0
-0
-0
-0
-0
-0
-0
-0
-0
20.7936
-0
6.72825
44.5471
-0
-0
-0
33.2267
-0
7.24795
20.5089
-0
-0
11.7217
-0
16.7382
-0
15.8568
-0
-0
14.0808
-0
-0
-0
-0
-0
16.402
-0
-0
-0
-0
-0
-0
-0
3.08948
-0
-0
-0
-0
-0
-0
11.5918
-0
-0
-0
-0
-0
0.142948
8.29915
-0
-0
-0
-0
-0
-0
-0
-0
-0
-0
-0
11.5781
-0
23.9967
-0
-0
3.34765
-0
-0
-0
-0
-0
-0
-0
-0
15.1823
7.27053
-0
36.5973
-0
-0
-0
-0
-0
-0
-0
-0
-0
-0
-0
-0
-0
-0
-0
-0
-0
-0
59.938
23.97
-0
0.0452757
-0
24.2398
-0
-0
-0
-0
-0
-0
38.7972
-0
-0
16.1836
9.3475
-0
-0
4.69648
-0
-0
-0
20.466
-0
-0
-0
-0
-0
-0
-0
-0
-0
-0
-0
6.81006
-0
-0
-0
-0
-0
-0
28.3053
-0
29.348
-0
-0
-0
-0
-0
-0
-0
-0
-0
-0
-0
11.522
-0
-0
-0
-0
-0
11.9236
16.1761
-0
-0
-0
6.47031
-0
-0
-0
-0
-0
-0
-0
-0
-0
-0
-0
7.17415
2.11673
-0
-0
-0
-0
-0
4.21655
-0
-0
29.6302
-0
-0
-0
-0
-0
1.22733
-0
-0
27.2448
-0
-0
-0
14.2728
-0
3.48068
-0
-0
-0
-0
-0
-0
39.6968
-0
-0
-0
1.61704
-0
-0
-0
-0
17.8834
-0
-0
7.15507
-0
-0
-0
37.9778
-0
13.2682
-0
-0
-0
23.1935
-0
-0
-0
-0
-0
-0
-0
-0
1.70554
-0
21.95
6.85575
-0
26.5946
-0
-0
-0
-0
-0
-0
30.4359
6.2086
-0
-0
-0
-0
8.1599
-0
-0
12.6165
-0
-0
-0
-0
26.1697
39.0229
-0
-0
-0
-0
-0
-0
29.865
-0
-0
-0
-0
-0
-0
-0
28.8226
-0
-0
24.742
-0
10.9367
27.3168
-0
62.1748
-0
-0
-0
-0
-0
-0
-0
-0
11.3789
27.0999
-0
-0
-0
-0
-0
-0
9.37604
-0
-0
-0
-0
-0
-0
-0
-0
-0
-0
-0
-0
-0
-0
-0
33.6769
25.8532
-0
-0
-0
-0
-0
-0
2.69043
-0
-0
45.1622
-0
-0
17.7001
-0
-0
3.03832
-0
-0
-0
-0
-0
-0
-0
-0
42.0838
-0
-0
-0
-0
-0
-0
-0
6.40626
0.450838
-0
1.13341
-0
-0
-0
-0
3.38337
-0
7.44309
-0
26.7927
-0
-0
-0
-0
-0
-0
0.457163
-0
-0
16.1315
-0
-0
-0
-0
-0
-0
-0
-0
-0
22.8117
-0
-0
-0
-0
-0
-0
-0
-0
-0
-0
-0
-0
-0
-0
-0
-0
8.97946
-0
-0
17.4728
17.5726
19.4849
-0
-0
-0
-0
17.0916
-0
-0
-0
-0
-0
28.0753
16.072
-0
17.8584
52.329
-0
-0
-0
-0
-0
11.0732
-0
-0
-0
-0
-0
-0
-0
-0
-0
-0
-0
-0
-0
-0
-0
5.89894
-0
-0
-0
-0
-0
-0
18.5183
-0
-0
-0
-0
-0
-0
-0
-0
-0
-0
-0
-0
-0
-0
-0
17.6354
-0
0.125417
-0
-0
-0
-0
-0
-0
-0
-0
6.99524
-0
-0
-0
-0
-0
-0
-0
-0
-0
-0
-0
-0
-0
-0
-0
-0
-0
-0
-0
-0
-0
-0
-0
1.93647
-0
4.51351
-0
-0
-0
-0
-0
-0
-0
-0
-0
-0
-0
-0
-0
-0
-0
-0
13.6229
-0
-0
-0
-0
-0
-0
-0
-0
2.08827
16.3651
-0
-0
-0
-0
-0
0.709523
-0
4.53281
-0
34.9667
-0
-0
-0
-0
-0
-0
-0
-0
-0
5.88442
-0
-0
-0
-0
1.27319
-0
0.490736
31.3325
-0
43.3418
56.6475
-0
-0
9.62373
-0
-0
-0
-0
-0
-0
-0
-0
-0
-0
-0
-0
-0
-0
-0
10.8669
-0
-0
-0
-0
20.0578
-0
-0
-0
6.26761
22.4931
0.242175
-0
-0
-0
-0
-0
-0
-0
-0
-0
-0
-0
-0
6.58768
-0
-0
34.9099
-0
11.7867
-0
25.9679
-0
12.5392
-0
-0
-0
-0
-0
-0
-0
37.7261
-0
-0
-0
-0
-0
-0
49.5809
-0
-0
-0
-0
-0
0.731507
-0
-0
6.21293
-0
-0
1.60434
-0
10.4466
-0
-0
-0
-0
-0
-0
-0
-0
-0
-0
-0
-0
-0
-0
-0
-0
-0
-0
-0
-0
-0
-0
-0
-0
-0
-0
-0
-0
3.45029
11.2634
3.35239
12.9693
-0
-0
27.3205
-0
-0
-0
-0
23.877
-0
-0
-0
-0
-0
-0
-0
-0
-0
-0
-0
-0
-0
-0
5.06432
-0
-0
2.2547
-0
-0
-0
-0
-0
33.3449
-0
49.3931
-0
-0
40.5418
-0
16.7788
35.4421
-0
-0
-0
-0
8.42511
-0
13.5414
-0
-0
-0
-0
6.87285
-0
-0
-0
-0
18.854
-0
-0
4.16667
-0
-0
-0
-0
-0
-0
-0
14.604
-0
-0
11.6495
-0
-0
-0
-0
-0
-0
-0
6.88738
2.77665
-0
16.8656
-0
-0
48.1793
-0
-0
-0
-0
-0
-0
-0
-0
-0
-0
-0
63.2764
-0
-0
-0
7.15957
16.5883
2.53123
-0
17.73
-0
-0
-0
-0
-0
-0
-0
-0
17.2442
-0
-0
-0
-0
-0
-0
11.3018
-0
-0
-0
-0
-0
-0
-0
5.19246
-0
-0
-0
-0
-0
-0
-0
27.6805
-0
-0
5.02079
-0
-0
-0
28.4224
-0
-0
2.72296
-0
-0
-0
-0
-0
-0
5.49448
-0
-0
-0
-0
-0
-0
39.3649
8.71666
33.4964
5.5549
39.3744
-0
-0
-0
-0
-0
10.8859
-0
-0
-0
-0
-0
-0
-0
14.6776
10.7842
-0
-0
-0
-0
-0
-0
39.9897
-0
-0
-0
-0
8.13094
-0
-0
-0
-0
-0
-0
-0
-0
28.0076
-0
16.9439
0.688516
-0
-0
-0
-0
-0
-0
-0
-0
-0
-0
34.1675
-0
-0
-0
-0
-0
28.9458
-0
-0
-0
-0
13.966
16.2253
-0
55.0998
-0
-0
-0
37.0255
-0
-0
20.3938
-0
-0
-0
-0
-0
-0
-0
-0
-0
0.76652
-0
9.16404
-0
3.13439
-0
-0
4.58667
-0
-0
-0
-0
-0
-0
-0
-0
-0
7.74462
19.3851
-0
-0
-0
-0
-0
-0
4.00221
-0
-0
-0
-0
-0
-0
12.4822
-0
5.58154
58.6027
22.4496
-0
-0
26.3009
-0
-0
-0
-0
-0
31.389
-0
-0
-0
-0
33.1672
-0
-0
-0
-0
-0
-0
-0
-0
-0
59.0446
-0
-0
-0
-0
-0
-0
-0
-0
-0
-0
-0
-0
-0
32.4618
-0
-0
57.7371
-0
-0
-0
-0
-0
-0
-0
-0
-0
-0
-0
-0
-0
42.2218
-0
-0
-0
4.34039
-0
-0
5.49301
-0
-0
-0
21.1889
32.2466
-0
-0
48.1415
-0
23.011
-0
-0
-0
-0
-0
-0
-0
-0
13.821
-0
-0
-0
-0
-0
-0
-0
45.3314
-0
-0
19.8983
-0
-0
-0
2.55604
-0
-0
-0
-0
-0
29.967
-0
27.6657
-0
-0
-0
-0
-0
20.801
56.2875
-0
-0
-0
-0
5.10083
-0
-0
-0
-0
-0
-0
-0
-0
-0
-0
-0
-0
-0
-0
-0
-0
-0
-0
7.71364
11.209
-0
2.93034
-0
-0
-0
-0
-0
-0
-0
2.58224
-0
-0
-0
-0
10.4818
-0
-0
-0
-0
-0
-0
-0
13.7845
-0
-0
-0
-0
-0
-0
-0
-0
29.5649
-0
-0
0.99041
-0
21.4218
-0
6.76361
8.6349
-0
-0
-0
-0
1.76509
-0
38.1923
-0
-0
-0
1.98676
-0
-0
-0
-0
-0
-0
-0
-0
-0
-0
-0
-0
-0
-0
-0
-0
15.6168
-0
-0
14.6605
-0
-0
-0
-0
-0
-0
7.05812
-0
-0
-0
-0
1.74418
-0
4.46657
-0
-0
7.48626
-0
-0
20.8263
-0
-0
32.5025
-0
-0
-0
-0
-0
0.472981
15.2228
13.6217
-0
-0
-0
-0
-0
-0
-0
9.92463
-0
-0
-0
-0
38.6142
6.32608
-0
-0
-0
-0
3.03821
-0
-0
-0
-0
-0
-0
-0
-0
-0
-0
6.89657
25.5829
-0
-0
-0
-0
-0
49.0699
-0
-0
-0
-0
-0
20.6075
-0
-0
-0
-0
-0
-0
-0
28.1757
-0
32.4968
1.06371
23.7916
-0
4.9883
1.00713
3.83885
-0
6.17718
-0
-0
-0
9.28657
-0
-0
-0
-0
-0
-0
-0
4.30009
-0
-0
-0
-0
-0
-0
35.8875
-0
-0
9.80616
-0
-0
-0
-0
-0
-0
12.5805
-0
-0
-0
-0
-0
-0
-0
-0
-0
-0
-0
-0
-0
19.7394
-0
4.21816
-0
-0
-0
-0
-0
-0
-0
-0
32.9294
-0
-0
-0
-0
-0
22.8778
-0
-0
-0
-0
33.5207
-0
2.52436
0.114081
-0
-0
-0
-0
-0
-0
-0
-0
17.5143
-0
-0
-0
-0
-0
-0
-0
21.965
-0
-0
-0
-0
58.7112
-0
-0
-0
15.9922
-0
17.4485
-0
22.1903
-0
-0
46.1166
-0
12.8004
-0
-0
-0
-0
33.3099
51.2928
-0
-0
3.89582
8.66394
-0
41.9804
4.04635
-0
-0
-0
-0
-0
-0
-0
4.79254
-0
-0
-0
-0
-0
-0
-0
12.132
10.8326
10.1513
-0
-0
-0
-0
45.8782
34.3284
-0
-0
-0
46.9989
-0
-0
-0
-0
-0
-0
18.1565
-0
-0
-0
-0
34.041
72.9347
-0
-0
-0
-0
-0
-0
-0
-0
0.254443
-0
-0
-0
12.4045
-0
-0
-0
34.1284
-0
-0
-0
-0
14.7442
6.32086
-0
-0
