-0
-0
-0
-0
-0
-0
-0
31.685
-0
-0
4.37383
-0
-0
-0
-0
-0
26.5071
-0
-0
22.0062
-0
-0
-0
-0
-0
11.4812
-0
-0
-0
-0
-0
-0
-0
18.0396
-0
-0
-0
-0
-0
-0
9.3143
-0
24.4466
-0
-0
-0
-0
-0
-0
-0
-0
-0
-0
18.2609
-0
-0
17.078
0.471952
9.74172
-0
-0
-0
33.2383
-0
23.4566
-0
-0
-0
17.5616
0.799173
-0
14.9233
-0
-0
-0
-0
33.5406
-0
-0
-0
-0
-0
26.5358
6.03317
-0
-0
-0
12.8593
-0
-0
14.4265
-0
-0
-0
13.49
-0
10.6813
-0
-0
-0
-0
-0
-0
13.9322
-0
-0
-0
-0
-0
-0
35.1959
-0
-0
-0
-0
-0
-0
-0
39.8142
-0
8.28526
46.3769
3.53956
-0
28.0598
-0
20.7275
-0
-0
-0
-0
-0
18.9762
-0
45.4265
-0
11.9364
10.9626
1.46775
35.2159
-0
-0
-0
10.5775
-0
-0
-0
-0
-0
-0
57.9373
-0
-0
-0
-0
-0
-0
48.0512
-0
1.86414
5.78779
1.19325
-0
-0
-0
-0
-0
45.2192
-0
43.4387
-0
13.6835
-0
-0
-0
-0
17.8496
-0
-0
-0
-0
-0
-0
-0
-0
19.3108
-0
-0
-0
-0
22.7025
-0
2.31405
-0
-0
-0
-0
58.7912
-0
-0
-0
-0
-0
-0
-0
-0
36.7682
2.831
-0
-0
-0
-0
-0
-0
-0
-0
15.1067
-0
5.70331
-0
78.5556
-0
-0
5.55611
-0
-0
-0
2.31446
-0
13.486
-0
-0
-0
-0
-0
38.5192
-0
-0
-0
-0
-0
-0
-0
-0
-0
-0
70.5521
-0
-0
-0
-0
-0
-0
-0
21.3658
-0
-0
6.93731
-0
-0
-0
-0
-0
-0
-0
-0
-0
3.09145
-0
-0
-0
-0
-0
46.1745
-0
-0
-0
-0
-0
-0
44.2704
5.29383
-0
-0
-0
-0
-0
13.8464
-0
-0
-0
-0
44.5313
-0
-0
-0
24.2014
-0
-0
0.030687
-0
-0
5.35045
37.9052
-0
15.7904
-0
-0
0.313309
-0
-0
-0
-0
-0
-0
-0
-0
-0
-0
1.07198
-0
-0
9.86389
-0
28.9178
-0
12.6905
11.3826
-0
22.9232
-0
-0
-0
-0
-0
-0
-0
22.9741
81.8145
9.49177
15.1696
-0
-0
-0
25.6235
-0
-0
-0
-0
-0
-0
-0
-0
-0
-0
-0
-0
-0
5.2846
27.4359
2.70696
-0
-0
28.2694
-0
4.1065
-0
-0
53.0767
-0
-0
14.3789
-0
-0
-0
-0
-0
23.8425
-0
-0
-0
-0
19.6639
-0
-0
-0
-0
-0
-0
-0
-0
19.8843
0.560068
-0
-0
23.544
-0
50.7251
-0
-0
51.0022
-0
-0
-0
16.4269
-0
-0
-0
-0
13.1466
-0
-0
-0
-0
19.214
31.7968
-0
38.2998
-0
-0
36.9375
-0
-0
-0
-0
-0
-0
-0
-0
35.096
-0
52.1879
7.39457
-0
-0
-0
14.6272
-0
-0
-0
-0
-0
-0
-0
-0
-0
-0
-0
-0
-0
46.2903
-0
-0
-0
-0
13.0259
-0
-0
-0
-0
-0
-0
5.98783
-0
-0
-0
1.58881
-0
-0
-0
-0
-0
-0
-0
-0
-0
-0
-0
-0
-0
-0
-0
8.74762
31.0203
-0
-0
-0
-0
-0
2.08281
-0
-0
-0
-0
-0
21.8197
-0
-0
-0
25.9031
-0
-0
18.7136
67.9787
-0
-0
-0
25.4342
-0
-0
-0
-0
21.7994
23.1743
-0
-0
-0
-0
31.8182
-0
-0
-0
16.872
-0
-0
-0
-0
-0
-0
-0
-0
-0
-0
-0
-0
-0
45.3949
-0
-0
-0
-0
-0
-0
-0
-0
24.2916
-0
23.2715
-0
36.2299
-0
4.27662
-0
-0
28.7517
28.2405
-0
-0
40.7601
-0
-0
-0
38.4343
-0
-0
-0
-0
-0
-0
6.46158
-0
-0
-0
7.6625
-0
-0
7.64867
-0
28.7035
-0
22.5773
-0
9.15059
16.6379
-0
-0
-0
-0
-0
19.6038
-0
-0
-0
-0
-0
62.8681
2.75538
-0
4.07262
-0
29.1132
-0
-0
-0
-0
-0
-0
-0
-0
-0
-0
-0
31.9488
20.4434
-0
-0
26.1844
-0
-0
-0
25.0779
-0
-0
8.03338
-0
-0
-0
-0
-0
-0
-0
-0
-0
-0
-0
-0
-0
-0
-0
11.4843
-0
-0
-0
-0
-0
-0
-0
-0
3.50152
10.4478
-0
-0
-0
-0
4.72126
3.1825
-0
-0
-0
4.68605
-0
-0
-0
-0
-0
59.1762
-0
-0
-0
-0
4.76192
-0
-0
-0
11.2781
-0
-0
-0
2.50254
28.7151
-0
-0
29.5403
-0
-0
54.9959
-0
-0
-0
-0
-0
-0
53.2884
38.12
-0
-0
-0
-0
-0
-0
-0
-0
-0
-0
35.4133
-0
-0
-0
47.6241
-0
-0
10.13
-0
22.1625
-0
-0
-0
-0
-0
-0
9.83406
0.828373
45.4683
-0
-0
-0
-0
-0
-0
-0
-0
-0
-0
-0
14.9048
-0
-0
0.49074
-0
-0
0.0692821
-0
-0
-0
-0
-0
-0
-0
12.4368
-0
-0
-0
-0
-0
3.85638
-0
20.085
-0
-0
-0
-0
20.1349
-0
12.7491
-0
9.9985
0.0420777
-0
-0
4.908
-0
-0
55.8963
19.4832
-0
-0
-0
0.121322
-0
-0
-0
-0
-0
-0
-0
-0
-0
48.1673
-0
29.2833
-0
-0
26.4294
-0
13.0505
26.9929
15.9101
-0
-0
-0
-0
-0
-0
-0
-0
11.4628
-0
-0
-0
-0
44.6671
-0
-0
-0
-0
-0
-0
23.3249
-0
2.6186
-0
-0
20.608
-0
-0
-0
15.4351
10.707
-0
-0
-0
16.1556
-0
-0
-0
-0
62.6531
11.8815
-0
-0
-0
-0
-0
-0
-0
60.7367
5.58741
-0
-0
31.6352
-0
-0
60.8153
-0
-0
-0
75.7038
-0
-0
-0
-0
6.99423
-0
-0
23.3413
-0
-0
-0
-0
-0
-0
-0
-0
42.3582
-0
-0
-0
-0
-0
-0
6.82645
23.1751
-0
0.34092
-0
19.944
-0
-0
19.6652
46.5829
-0
-0
-0
17.2315
-0
-0
7.92047
-0
-0
4.11074
0.789486
-0
-0
-0
27.5864
-0
-0
-0
-0
-0
-0
75.2611
-0
-0
-0
-0
-0
-0
-0
-0
50.935
-0
-0
8.24566
-0
-0
-0
47.4366
-0
-0
-0
22.3227
33.1983
9.22958
-0
-0
-0
-0
-0
75.1798
-0
-0
-0
6.31453
35.0739
-0
-0
8.47934
-0
-0
-0
-0
24.3402
-0
-0
-0
15.3813
-0
-0
-0
-0
-0
29.2866
-0
-0
-0
-0
-0
-0
11.127
-0
-0
-0
-0
-0
-0
-0
-0
-0
-0
-0
-0
-0
-0
18.9329
20.1481
-0
-0
-0
-0
-0
-0
-0
-0
-0
-0
10.8068
-0
-0
17.938
-0
42.7295
-0
-0
-0
-0
-0
-0
-0
12.3179
-0
-0
10.3335
48.9241
-0
-0
-0
-0
-0
-0
-0
-0
-0
-0
10.3059
-0
-0
17.1548
-0
-0
-0
-0
-0
-0
-0
-0
-0
-0
-0
43.9528
-0
-0
-0
-0
-0
-0
4.67819
-0
-0
-0
41.0162
-0
13.4474
19.0555
8.05422
-0
-0
-0
-0
-0
-0
-0
9.144
24.3262
-0
12.7328
-0
2.08292
-0
18.0628
-0
-0
-0
-0
81.5373
-0
-0
-0
38.0214
-0
-0
-0
21.2935
-0
-0
-0
-0
-0
8.5209
-0
6.75723
-0
-0
-0
-0
-0
-0
1.39252
-0
-0
-0
-0
4.0876
-0
-0
-0
-0
-0
-0
-0
-0
-0
-0
23.0418
-0
-0
-0
-0
36.0659
17.669
-0
-0
-0
-0
-0
-0
-0
-0
-0
-0
-0
8.76624
19.1911
9.78058
-0
-0
-0
-0
-0
-0
2.06623
-0
-0
-0
-0
-0
-0
-0
-0
-0
-0
-0
-0
-0
-0
-0
-0
-0
12.1404
-0
-0
3.19379
-0
-0
-0
-0
-0
-0
-0
-0
-0
-0
-0
15.2909
3.75016
-0
14.3092
-0
14.2228
-0
24.1468
-0
-0
-0
-0
-0
-0
-0
-0
-0
-0
-0
-0
-0
-0
-0
-0
-0
-0
-0
-0
-0
-0
16.2564
-0
-0
-0
-0
-0
-0
-0
-0
-0
14.649
-0
-0
-0
-0
23.4227
-0
-0
-0
-0
-0
-0
-0
-0
-0
6.71292
-0
-0
32.8735
-0
-0
36.7165
-0
-0
-0
-0
-0
-0
-0
-0
-0
-0
-0
-0
24.1102
-0
-0
10.736
-0
-0
22.5596
-0
-0
-0
-0
15.1888
-0
-0
93.6496
-0
-0
-0
-0
-0
-0
-0
73.6386
-0
-0
-0
32.3274
-0
-0
-0
-0
32.696
-0
-0
49.1771
28.4817
-0
-0
-0
-0
-0
13.1578
6.10997
-0
-0
-0
30.3873
-0
18.4176
-0
-0
-0
-0
-0
-0
-0
-0
-0
-0
-0
-0
-0
4.68175
3.10408
-0
-0
-0
12.759
32.8027
8.74498
-0
49.1887
-0
-0
-0
30.6096
-0
7.55242
-0
42.9703
24.4775
-0
-0
-0
1.31264
-0
-0
-0
-0
-0
-0
-0
-0
-0
-0
22.8753
-0
-0
-0
-0
45.5013
-0
-0
-0
-0
-0
-0
-0
-0
-0
-0
-0
41.3613
-0
32.5452
-0
-0
-0
-0
-0
-0
-0
-0
-0
-0
1.76359
-0
6.02587
5.11186
-0
-0
-0
-0
-0
-0
-0
-0
-0
-0
-0
-0
-0
-0
-0
-0
-0
-0
24.4892
-0
-0
-0
2.30101
-0
-0
12.7875
-0
-0
-0
-0
18.1493
9.59352
-0
-0
-0
-0
-0
-0
-0
10.7211
-0
-0
-0
-0
-0
-0
-0
-0
-0
-0
-0
-0
-0
-0
-0
27.7175
13.1792
-0
-0
65.412
-0
-0
1.67467
-0
27.6633
-0
-0
-0
-0
-0
28.384
-0
25.3676
-0
-0
-0
-0
12.1971
-0
-0
-0
-0
-0
-0
-0
3.65457
-0
-0
-0
-0
-0
-0
-0
-0
3.84243
-0
-0
-0
-0
9.87325
-0
-0
-0
1.0192
-0
-0
-0
-0
-0
-0
-0
-0
-0
-0
-0
-0
-0
-0
9.70028
-0
-0
-0
25.5338
15.4545
-0
24.3626
-0
13.6165
-0
-0
6.96314
-0
-0
-0
0.60313
-0
-0
-0
-0
-0
-0
-0
0.844149
-0
-0
-0
-0
-0
-0
-0
-0
-0
-0
-0
-0
-0
-0
-0
23.4555
-0
-0
-0
-0
-0
-0
-0
-0
2.37755
-0
11.2439
34.2789
-0
-0
-0
-0
-0
-0
-0
10.6094
-0
-0
11.0295
56.7188
0.842897
11.8736
-0
-0
-0
-0
-0
-0
-0
-0
-0
-0
-0
-0
26.0408
47.1756
-0
-0
-0
-0
-0
-0
-0
-0
-0
-0
-0
-0
0.354662
-0
-0
-0
-0
-0
-0
-0
-0
19.002
-0
-0
-0
-0
-0
-0
-0
14.3016
-0
-0
-0
-0
-0
-0
-0
-0
-0
15.2428
-0
4.85132
-0
-0
-0
-0
8.17074
17.8299
-0
-0
-0
-0
-0
-0
-0
-0
-0
-0
-0
-0
-0
-0
-0
-0
1.41968
-0
-0
-0
-0
56.344
-0
-0
-0
-0
-0
-0
-0
-0
-0
-0
-0
-0
-0
-0
-0
9.23967
-0
-0
-0
-0
15.3987
-0
-0
-0
-0
-0
-0
4.05028
-0
-0
10.0135
-0
-0
-0
-0
7.32334
-0
-0
-0
-0
-0
-0
-0
10.9482
-0
-0
-0
-0
-0
-0
-0
-0
-0
-0
-0
-0
-0
-0
1.94946
-0
0.582509
-0
-0
-0
-0
-0
-0
11.9286
-0
-0
-0
-0
-0
-0
-0
-0
-0
-0
-0
-0
-0
-0
-0
-0
-0
-0
-0
-0
-0
-0
-0
-0
19.4251
-0
-0
-0
-0
-0
-0
-0
-0
-0
-0
-0
18.2556
-0
-0
-0
-0
-0
-0
-0
5.83556
37.6793
15.9921
-0
-0
-0
-0
-0
-0
-0
-0
-0
35.0195
-0
-0
17.7031
-0
14.2691
-0
-0
-0
-0
-0
-0
-0
39.3661
-0
-0
-0
-0
-0
15.9291
18.0348
-0
-0
-0
-0
31.1997
-0
-0
17.6588
-0
-0
-0
-0
-0
-0
-0
-0
40.0716
-0
-0
-0
-0
-0
-0
7.23078
-0
-0
-0
-0
-0
-0
-0
-0
-0
-0
-0
-0
74.9811
1.33126
-0
-0
-0
-0
-0
-0
-0
-0
-0
-0
-0
-0
21.1418
2.34033
-0
-0
-0
-0
-0
-0
-0
-0
-0
-0
-0
-0
-0
-0
-0
47.2457
-0
-0
-0
-0
-0
-0
-0
-0
-0
1.95331
-0
-0
-0
-0
6.74824
28.9649
5.28666
-0
-0
-0
-0
-0
-0
-0
-0
-0
-0
-0
21.8807
7.73245
-0
-0
-0
-0
-0
-0
-0
26.7344
-0
7.27679
-0
-0
-0
-0
-0
-0
-0
-0
-0
-0
-0
-0
-0
22.9114
-0
21.9902
43.9665
-0
-0
37.7688
-0
-0
-0
49.4121
33.6142
-0
40.5843
40.686
-0
36.6404
15.3875
-0
-0
-0
-0
5.26327
-0
-0
-0
-0
-0
-0
-0
-0
8.27867
-0
-0
-0
-0
-0
43.9952
-0
9.07574
-0
30.3295
-0
-0
-0
-0
-0
-0
4.02736
18.1993
-0
-0
-0
-0
30.5266
8.71904
13.0343
21.1638
-0
-0
-0
-0
-0
-0
-0
-0
-0
-0
19.5506
34.8692
-0
-0
-0
6.59459
-0
46.003
-0
-0
-0
-0
-0
-0
-0
-0
-0
-0
10.6963
-0
-0
-0
48.0162
-0
1.30462
-0
62.6411
-0
13.3154
-0
-0
0.638717
-0
-0
-0
-0
-0
-0
22.7101
-0
36.1886
-0
-0
1.44388
-0
15.2268
-0
5.94507
-0
-0
-0
-0
44.2785
-0
-0
30.5812
-0
-0
-0
16.1649
25.6549
9.02552
-0
-0
-0
-0
16.3042
-0
-0
-0
-0
-0
-0
-0
-0
33.5519
-0
31.8741
-0
-0
55.25
-0
-0
-0
-0
20.0433
-0
-0
-0
-0
15.1091
17.6027
-0
-0
-0
-0
-0
-0
-0
-0
-0
-0
-0
0.871653
-0
-0
-0
7.23485
21.5589
-0
-0
-0
30.3918
-0
-0
-0
-0
-0
-0
-0
-0
17.0583
-0
-0
-0
-0
-0
-0
-0
-0
41.5847
-0
-0
-0
-0
26.3799
-0
26.1816
3.36977
-0
-0
34.3161
-0
0.0545831
-0
6.5883
43.9641
-0
58.9619
-0
25.0299
-0
13.2571
-0
-0
-0
-0
-0
-0
-0
20.8638
-0
35.5137
17.1824
-0
-0
-0
-0
-0
-0
-0
-0
-0
13.5826
13.9782
-0
-0
-0
-0
5.51964
-0
-0
-0
-0
-0
-0
-0
-0
-0
-0
-0
-0
-0
-0
-0
-0
-0
4.82622
-0
-0
48.9117
13.736
-0
7.28501
-0
-0
6.58766
-0
-0
-0
5.34136
51.6472
-0
35.445
32.462
14.0186
-0
-0
-0
-0
-0
11.5697
-0
-0
-0
-0
-0
-0
-0
-0
-0
33.3211
-0
-0
23.3542
-0
-0
-0
-0
-0
-0
20.0967
-0
-0
-0
-0
32.7541
-0
-0
-0
-0
2.42588
-0
-0
2.43015
-0
-0
-0
-0
-0
-0
-0
-0
-0
-0
-0
-0
-0
-0
26.4127
-0
60.8228
-0
-0
17.6948
-0
34.4707
-0
-0
-0
-0
-0
-0
-0
1.34238
-0
25.3232
-0
-0
-0
-0
-0
-0
-0
-0
-0
26.564
-0
-0
-0
-0
-0
-0
-0
-0
13.4837
-0
-0
-0
-0
-0
-0
-0
-0
-0
-0
-0
-0
4.92638
-0
-0
-0
-0
-0
-0
-0
18.6142
-0
-0
-0
-0
33.5005
-0
-0
-0
-0
-0
-0
-0
35.2375
-0
64.9594
7.02396
-0
-0
-0
-0
-0
49.9772
-0
-0
-0
2.96942
-0
-0
-0
-0
-0
-0
-0
-0
1.72936
-0
-0
-0
-0
-0
12.6295
-0
-0
-0
21.5113
-0
-0
36.8333
-0
-0
-0
-0
-0
-0
-0
-0
-0
-0
-0
-0
-0
2.90174
-0
-0
8.92096
-0
-0
-0
-0
-0
-0
-0
-0
-0
-0
-0
3.96637
26.5909
16.8192
-0
-0
1.35196
-0
-0
13.3406
87.3851
-0
-0
-0
-0
-0
-0
-0
-0
50.7466
33.5029
-0
-0
-0
1.96122
-0
22.0432
-0
-0
-0
17.638
19.0246
-0
-0
-0
56.8557
-0
-0
-0
-0
-0
-0
22.203
-0
-0
20.2365
-0
-0
-0
0.950868
-0
-0
-0
-0
69.8347
-0
-0
-0
19.7164
-0
-0
-0
-0
-0
-0
28.19
3.63009
-0
-0
-0
-0
-0
-0
-0
-0
-0
-0
-0
-0
4.62729
-0
-0
-0
-0
32.1856
-0
-0
-0
-0
-0
-0
-0
-0
71.1771
6.97472
-0
-0
-0
-0
-0
-0
-0
7.07356
-0
-0
-0
-0
-0
-0
-0
-0
-0
-0
-0
27.2483
-0
56.1578
-0
-0
64.2151
-0
-0
-0
-0
-0
18.3787
-0
10.6404
39.2891
-0
-0
-0
4.85579
-0
-0
-0
-0
-0
-0
-0
-0
-0
-0
0.642148
-0
-0
12.0445
-0
-0
15.2666
44.2465
-0
30.4769
-0
43.1052
2.47615
-0
-0
-0
0.18555
-0
17.1498
0.415466
-0
-0
-0
-0
16.16
-0
27.1328
-0
-0
3.25768
49.2902
-0
-0
-0
-0
-0
-0
-0
-0
-0
2.20634
-0
17.7969
-0
-0
-0
-0
-0
35.4567
-0
-0
-0
-0
-0
-0
-0
77.0716
-0
-0
-0
38.5738
-0
31.0244
-0
-0
-0
-0
-0
-0
-0
-0
-0
3.45545
-0
-0
-0
-0
-0
5.9745
-0
-0
-0
-0
-0
-0
-0
-0
-0
1.87627
-0
-0
-0
-0
4.89185
-0
-0
15.0843
5.14607
-0
-0
0.686549
-0
6.69946
-0
-0
10.7912
-0
-0
-0
-0
-0
-0
-0
-0
-0
-0
-0
-0
52.7411
-0
-0
-0
-0
-0
-0
-0
-0
-0
-0
-0
-0
-0
-0
23.3876
40.7758
-0
-0
-0
51.4233
-0
20.1404
-0
-0
-0
48.2817
-0
46.1827
-0
43.8436
-0
-0
-0
40.6928
-0
-0
-0
-0
75.2563
-0
18.9403
-0
-0
-0
-0
-0
7.70118
-0
-0
-0
-0
-0
-0
78.4934
-0
-0
4.02666
-0
-0
-0
23.2684
-0
-0
-0
-0
-0
17.8871
-0
-0
-0
-0
6.97802
-0
-0
-0
-0
-0
-0
30.9829
-0
-0
-0
-0
-0
-0
-0
21.6216
-0
17.3085
14.9211
-0
-0
25.7144
-0
-0
-0
-0
-0
-0
-0
-0
-0
-0
1.64749
-0
-0
-0
-0
9.57529
3.75224
7.87951
0.933015
-0
-0
57.0135
-0
-0
-0
-0
-0
-0
-0
-0
-0
6.97233
-0
45.9675
74.8969
-0
-0
-0
9.81566
-0
9.73806
-0
-0
-0
-0
-0
-0
-0
-0
-0
44.9076
-0
-0
6.28981
5.53454
-0
-0
-0
-0
-0
-0
-0
-0
-0
24.9306
-0
-0
-0
2.92807
-0
26.3505
-0
5.73326
-0
-0
-0
-0
3.14054
61.387
-0
-0
-0
-0
-0
-0
-0
-0
-0
-0
-0
-0
-0
23.0613
-0
-0
3.28864
-0
33.7617
-0
-0
1.84721
-0
-0
-0
51.0043
-0
-0
3.30085
-0
-0
21.4272
-0
-0
-0
-0
-0
-0
0.684602
-0
24.9599
68.033
-0
-0
-0
-0
46.9636
50.6073
-0
-0
-0
-0
-0
-0
6.343
-0
-0
-0
4.05672
-0
-0
-0
6.18234
71.4248
-0
-0
37.3365
-0
-0
56.2805
-0
-0
-0
2.7458
-0
-0
-0
-0
18.1061
-0
32.9083
-0
-0
-0
-0
-0
-0
-0
13.3644
-0
18.3856
-0
-0
-0
-0
-0
-0
-0
-0
-0
-0
-0
-0
2.52501
-0
4.8831
22.7077
-0
37.8201
22.4663
-0
-0
-0
-0
-0
-0
-0
-0
-0
-0
-0
-0
-0
32.1307
-0
-0
25.6374
-0
12.4556
-0
-0
-0
-0
8.99125
-0
-0
-0
-0
2.44084
-0
-0
33.8974
-0
21.4112
-0
-0
-0
-0
-0
-0
-0
-0
-0
-0
-0
-0
0.456079
27.2125
-0
-0
-0
29.7692
8.4892
-0
24.0955
-0
1.79272
-0
-0
-0
40.1659
-0
7.66437
-0
-0
-0
-0
-0
-0
-0
-0
-0
-0
-0
-0
-0
-0
98.0761
-0
-0
-0
47.0536
-0
-0
-0
-0
0.122124
-0
77.9702
47.8165
-0
-0
-0
-0
-0
-0
-0
58.1787
-0
-0
-0
-0
-0
24.191
1.06058
-0
-0
-0
-0
-0
-0
-0
-0
-0
5.44668
-0
-0
12.2221
-0
-0
-0
-0
-0
-0
-0
-0
-0
-0
-0
-0
-0
-0
30.0797
-0
8.67857
-0
-0
-0
1.43046
-0
-0
-0
-0
-0
-0
-0
-0
-0
-0
-0
0.530805
-0
-0
14.9358
8.13185
9.01803
-0
-0
-0
-0
-0
-0
48.6995
-0
-0
-0
-0
-0
-0
-0
-0
-0
-0
-0
-0
-0
42.5099
-0
-0
20.7422
-0
-0
-0
-0
-0
-0
-0
-0
-0
-0
-0
-0
89.8357
-0
-0
-0
-0
-0
-0
-0
-0
-0
-0
12.732
-0
-0
-0
-0
-0
45.1639
-0
-0
20.3564
-0
-0
19.2973
-0
-0
-0
-0
-0
-0
-0
-0
40.3712
-0
3.55636
-0
-0
0.828768
-0
-0
7.33309
13.8349
1.72688
-0
8.24037
-0
22.3851
-0
-0
-0
-0
-0
-0
-0
-0
-0
-0
-0
-0
-0
-0
16.5798
-0
-0
-0
-0
-0
-0
-0
-0
-0
8.23051
-0
-0
-0
-0
-0
0.193344
-0
-0
-0
-0
-0
8.10408
-0
-0
-0
-0
-0
-0
4.78538
-0
-0
-0
-0
-0
27.369
-0
-0
-0
-0
-0
32.9464
-0
-0
3.535
-0
-0
-0
-0
-0
1.5538
-0
-0
-0
-0
-0
-0
-0
-0
-0
7.58306
-0
-0
-0
-0
-0
9.92304
-0
-0
-0
-0
12.2813
-0
-0
-0
-0
37.8712
-0
-0
-0
-0
7.53161
-0
-0
61.8764
-0
-0
23.091
-0
-0
-0
0.0368065
-0
-0
-0
-0
16.4165
-0
-0
-0
-0
-0
-0
14.571
-0
-0
-0
-0
-0
-0
-0
-0
42.8741
22.6803
32.2682
-0
-0
-0
-0
-0
10.6344
-0
-0
14.1662
-0
-0
-0
-0
-0
-0
-0
-0
-0
-0
-0
-0
-0
-0
-0
21.1109
-0
-0
-0
18.7215
-0
-0
-0
-0
-0
-0
-0
6.31554
-0
5.58924
6.75648
-0
-0
13.9756
-0
-0
27.878
10.387
-0
-0
-0
-0
-0
-0
-0
-0
-0
-0
3.86402
-0
-0
-0
-0
21.4606
-0
-0
-0
-0
4.49846
-0
14.946
-0
-0
7.7353
50.469
10.3154
36.6175
-0
82.4106
-0
-0
-0
-0
-0
-0
-0
-0
-0
-0
-0
-0
-0
-0
7.12017
10.2746
10.5135
-0
-0
-0
-0
0.845204
-0
-0
-0
-0
-0
-0
-0
5.63598
-0
-0
-0
-0
-0
-0
11.9474
9.82269
-0
-0
8.06341
-0
-0
-0
-0
-0
65.0624
-0
-0
-0
-0
-0
-0
-0
-0
-0
-0
3.27716
41.5805
14.5885
-0
-0
-0
-0
-0
-0
2.68926
-0
24.0597
-0
-0
-0
-0
-0
-0
-0
-0
-0
-0
-0
-0
-0
35.0814
-0
41.4274
62.8373
28.5996
-0
-0
-0
0.484234
-0
-0
33.3244
45.7626
-0
-0
-0
-0
-0
38.9312
5.97237
22.8128
-0
-0
-0
-0
-0
36.0246
-0
73.6741
-0
-0
-0
-0
-0
-0
-0
-0
-0
-0
-0
43.1212
20.6073
-0
9.63077
15.9046
1.19364
45.6628
-0
22.0386
20.6022
30.2021
-0
-0
-0
-0
-0
-0
-0
0.874744
-0
-0
-0
-0
-0
-0
-0
48.9234
-0
-0
-0
-0
33.9818
5.40998
-0
10.054
-0
-0
-0
-0
-0
-0
-0
12.2731
20.4038
-0
-0
-0
-0
-0
-0
-0
-0
-0
-0
84.4053
-0
-0
-0
-0
-0
-0
-0
-0
-0
-0
-0
30.9445
6.35223
-0
-0
-0
-0
37.2568
-0
-0
-0
-0
-0
-0
-0
-0
32.5191
-0
-0
-0
-0
17.6535
1.17371
7.14326
-0
-0
-0
-0
-0
55.1704
-0
-0
-0
-0
2.21733
-0
-0
-0
-0
-0
-0
-0
-0
-0
-0
-0
-0
-0
-0
-0
-0
-0
59.9973
-0
2.53298
38.7317
18.0128
-0
-0
-0
-0
-0
-0
-0
-0
22.3558
-0
-0
-0
-0
-0
-0
-0
-0
-0
-0
-0
-0
-0
-0
24.6871
-0
-0
-0
-0
0.155947
-0
-0
-0
1.71632
-0
25.2965
-0
2.03884
2.10603
-0
-0
-0
-0
-0
-0
-0
-0
-0
-0
-0
-0
-0
-0
-0
-0
37.2997
-0
14.1364
-0
-0
8.9679
-0
51.2852
-0
-0
-0
16.1255
6.30613
-0
-0
20.5735
12.609
-0
-0
-0
-0
-0
-0
-0
-0
-0
-0
-0
-0
19.5297
-0
-0
-0
-0
0.350176
-0
-0
15.0752
-0
-0
18.6939
-0
-0
-0
-0
-0
-0
-0
-0
45.3876
-0
-0
-0
-0
-0
40.9098
-0
-0
-0
-0
-0
2.97162
34.2231
9.63327
-0
-0
-0
-0
-0
-0
-0
-0
-0
27.7366
-0
-0
-0
2.5816
-0
-0
-0
38.8804
-0
3.80523
-0
-0
-0
-0
-0
-0
-0
21.6922
-0
-0
-0
-0
29.8255
-0
-0
-0
-0
9.25869
-0
-0
-0
-0
12.8275
-0
32.1293
-0
-0
-0
-0
16.4644
-0
-0
-0
-0
-0
-0
-0
30.8195
-0
-0
-0
-0
-0
-0
-0
-0
-0
-0
-0
-0
-0
77.3658
-0
-0
-0
-0
-0
-0
-0
58.6116
-0
-0
-0
-0
-0
-0
-0
-0
-0
-0
-0
-0
-0
-0
40.1581
-0
-0
61.0738
-0
-0
-0
-0
-0
-0
-0
-0
-0
-0
-0
-0
-0
9.71616
-0
-0
-0
-0
-0
-0
12.0365
-0
-0
-0
-0
-0
-0
-0
-0
34.6635
12.331
-0
-0
-0
97.4056
38.8345
-0
-0
26.4915
-0
4.31442
26.562
-0
-0
11.8366
-0
-0
-0
-0
-0
-0
19.3672
25.0196
-0
-0
-0
-0
-0
20.3882
-0
-0
-0
-0
-0
-0
-0
-0
-0
-0
-0
-0
-0
43.1225
-0
23.2831
3.51166
60.0132
-0
4.83128
-0
-0
-0
23.4158
35.4528
-0
-0
8.57504
-0
-0
-0
-0
-0
24.4754
-0
-0
-0
-0
-0
-0
3.55497
-0
-0
-0
19.3314
52.0343
-0
-0
-0
-0
-0
-0
7.97731
-0
-0
-0
-0
-0
-0
-0
-0
-0
-0
-0
-0
-0
10.6151
-0
-0
-0
-0
-0
8.00972
13.4173
-0
-0
-0
7.82172
-0
-0
36.5247
-0
-0
-0
4.63164
-0
-0
-0
-0
-0
-0
32.8857
-0
-0
-0
-0
-0
-0
-0
18.1271
15.446
-0
-0
-0
-0
1.35357
-0
-0
17.4314
-0
-0
-0
31.4977
18.3759
-0
28.052
-0
-0
-0
-0
-0
9.11734
-0
-0
60.5212
67.2695
17.603
3.69321
-0
-0
-0
28.1812
30.2627
-0
63.6349
5.11071
25.9982
-0
-0
-0
-0
-0
-0
-0
-0
-0
-0
3.29486
-0
1.03584
-0
-0
-0
-0
-0
-0
12.1317
-0
-0
-0
13.3668
-0
1.39589
61.2693
-0
-0
-0
-0
-0
-0
-0
-0
-0
-0
-0
11.4614
-0
4.3925
-0
20.5973
-0
-0
-0
-0
-0
-0
-0
-0
-0
-0
-0
-0
0.874472
-0
-0
-0
-0
3.30321
-0
-0
-0
-0
-0
-0
-0
-0
