-0
-0
-0
-0
-0
-0
-0
13.7975
15.7768
-0
5.24355
-0
-0
-0
-0
1.15193
19.2772
-0
-0
5.57621
-0
-0
-0
-0
-0
-0
-0
-0
-0
-0
-0
-0
-0
4.47611
1.50592
-0
-0
-0
-0
-0
8.10066
-0
14.6434
-0
-0
-0
-0
10.0372
-0
5.50158
-0
-0
-0
-0
-0
-0
5.17273
1.05842
19.8091
-0
-0
-0
51.2241
-0
12.9883
-0
-0
8.11927
38.4106
0.747622
-0
13.3842
-0
-0
-0
-0
46.9285
-0
-0
-0
-0
-0
28.8326
-0
-0
-0
-0
24.0658
-0
-0
16.5441
-0
-0
-0
-0
-0
13.4633
-0
-0
-0
-0
-0
-0
28.5268
-0
-0
-0
-0
-0
-0
14.4452
-0
-0
-0
-0
-0
-0
-0
42.1108
-0
-0
50.5915
-0
-0
31.2726
-0
-0
-0
-0
2.28013
-0
-0
50.25
-0
36.6244
-0
15.3299
-0
4.441
31.2072
-0
-0
-0
-0
-0
-0
-0
-0
-0
-0
57.6925
-0
-0
-0
-0
-0
-0
40.7821
-0
1.2684
17.8242
0.65435
-0
-0
-0
-0
-0
32.2115
-0
43.8693
-0
17.061
-0
-0
3.51852
-0
8.1373
-0
-0
-0
-0
-0
-0
-0
-0
15.1265
-0
-0
-0
-0
30.9017
-0
-0
-0
-0
-0
-0
57.4125
-0
-0
-0
-0
-0
-0
-0
-0
41.7456
4.07278
-0
-0
-0
-0
-0
-0
-0
-0
7.91403
-0
10.1874
-0
64.582
-0
-0
-0
-0
-0
-0
14.6143
-0
-0
-0
-0
-0
-0
-0
25.5908
-0
-0
-0
-0
19.0407
-0
-0
-0
-0
-0
33.371
-0
-0
-0
-0
-0
-0
-0
14.6747
-0
25.6593
10.4046
-0
-0
-0
-0
-0
-0
-0
-0
-0
0.444591
-0
-0
-0
-0
-0
58.498
-0
-0
-0
-0
-0
-0
17.7289
5.43189
-0
21.6637
-0
-0
-0
11.5972
-0
-0
-0
-0
60.5161
-0
16.0226
-0
36.29
-0
-0
17.1767
-0
-0
3.39649
16.0314
-0
21.0722
-0
-0
20.395
-0
-0
-0
-0
-0
-0
-0
-0
-0
-0
0.872182
-0
-0
-0
-0
24.7355
-0
31.7905
6.12436
-0
36.4426
-0
-0
-0
-0
-0
-0
-0
23.9601
78.335
9.58531
18.4195
1.33427
-0
-0
11.3543
-0
-0
-0
-0
-0
-0
-0
-0
-0
-0
-0
-0
-0
-0
26.7242
7.49872
-0
-0
34.9567
-0
3.49851
-0
-0
42.8182
-0
-0
7.56519
0.286482
3.52198
-0
-0
6.35079
2.79387
-0
-0
-0
-0
14.1082
-0
-0
-0
-0
-0
-0
-0
-0
18.5916
-0
-0
-0
22.9375
-0
35.2035
-0
-0
44.4996
-0
-0
-0
20.4177
-0
-0
-0
-0
0.537963
-0
-0
-0
-0
15.4387
20.6468
-0
24.1993
-0
-0
28.7922
-0
-0
-0
-0
-0
-0
-0
-0
40.1264
-0
29.9971
17.3921
-0
-0
-0
1.88719
-0
-0
-0
-0
-0
-0
-0
-0
-0
-0
-0
-0
-0
34.9213
-0
-0
-0
-0
11.536
-0
-0
-0
-0
-0
-0
-0
-0
-0
-0
-0
-0
-0
-0
-0
-0
-0
-0
-0
-0
-0
-0
-0
-0
-0
-0
15.3598
31.8079
-0
-0
-0
-0
-0
23.1601
-0
-0
-0
-0
-0
18.7411
-0
-0
-0
12.9049
-0
-0
-0
56.259
-0
-0
-0
22.4363
-0
-0
-0
-0
-0
10.0088
-0
-0
-0
-0
27.8224
-0
-0
-0
10.2802
2.60186
-0
-0
-0
-0
-0
-0
-0
-0
-0
-0
-0
-0
36.3521
-0
-0
-0
-0
-0
-0
-0
-0
21.8384
-0
26.3359
-0
39.4705
-0
32.6597
-0
-0
40.8606
25.812
-0
-0
15.7813
-0
-0
-0
43.5254
-0
-0
-0
-0
-0
-0
22.9578
-0
-0
-0
16.2091
-0
-0
2.57181
-0
34.8616
-0
5.54325
-0
19.0036
7.47135
-0
-0
-0
-0
-0
24.0067
-0
-0
-0
-0
-0
37.8689
-0
-0
0.0385046
-0
40.1097
-0
-0
-0
-0
-0
-0
-0
-0
-0
-0
-0
28.1794
-0
-0
-0
31.8168
-0
-0
-0
24.8431
-0
-0
-0
-0
-0
-0
-0
-0
-0
-0
-0
-0
-0
-0
-0
-0
-0
-0
28.6701
-0
-0
-0
-0
-0
-0
-0
-0
23.5796
10.2491
-0
-0
-0
-0
13.8915
8.76968
-0
-0
-0
-0
-0
-0
21.4548
-0
-0
45.9555
-0
-0
-0
-0
19.2349
-0
-0
-0
32.9018
7.51491
-0
-0
1.95406
34.8239
-0
-0
17.6958
-0
-0
56.7045
-0
-0
-0
-0
-0
-0
46.5724
24.6463
-0
-0
-0
-0
-0
-0
-0
-0
-0
-0
21.9647
-0
-0
-0
37.3046
-0
-0
12.3909
-0
24.3364
-0
-0
-0
-0
-0
-0
-0
5.9542
20.5041
-0
15.5263
-0
-0
-0
-0
-0
-0
10.4571
-0
-0
28.9946
-0
-0
0.432402
-0
-0
-0
-0
11.9832
-0
-0
-0
-0
-0
1.57842
-0
8.31372
-0
-0
-0
-0
-0
39.2349
6.42658
10.1741
-0
-0
15.406
-0
13.5757
-0
1.47139
15.7784
5.20853
-0
3.77069
-0
-0
31.5671
1.02601
-0
-0
-0
-0
-0
-0
-0
-0
-0
-0
-0
-0
-0
24.9868
-0
24.7399
-0
-0
26.1025
-0
20.3701
21.3501
16.6871
-0
-0
-0
-0
-0
-0
-0
-0
10.6706
-0
-0
13.4003
-0
24.5495
-0
-0
-0
-0
23.5663
-0
-0
-0
19.3791
-0
-0
27.6514
-0
-0
-0
-0
7.99397
-0
-0
14.249
7.20303
-0
-0
-0
-0
25.8298
15.7362
-0
14.1127
-0
-0
-0
-0
-0
38.7104
16.0847
-0
-0
17.295
-0
-0
40.1795
-0
-0
3.34662
68.7181
12.2793
-0
-0
-0
2.37352
-0
-0
18.12
-0
-0
-0
-0
-0
-0
-0
-0
25.2721
-0
-0
-0
-0
-0
-0
7.20533
34.1756
-0
-0
-0
36.2316
11.3893
-0
27.4077
29.2551
-0
-0
-0
0.351391
-0
-0
6.11553
-0
-0
17.6655
21.478
-0
-0
-0
30.1863
-0
-0
-0
-0
-0
-0
59.5055
-0
-0
-0
-0
-0
-0
-0
4.88599
59.6721
-0
-0
17.2732
-0
-0
-0
58.1085
-0
-0
-0
21.2368
30.9245
16.1113
-0
-0
-0
20.9364
-0
55.2195
0.344344
-0
-0
-0
39.1356
-0
-0
17.0097
-0
-0
-0
-0
21.7729
-0
-0
-0
21.1069
-0
-0
-0
-0
-0
3.56063
-0
-0
-0
-0
-0
-0
24.6026
-0
-0
-0
-0
-0
-0
-0
-0
-0
-0
-0
-0
-0
-0
26.5828
5.82879
-0
-0
-0
-0
-0
-0
-0
-0
-0
-0
-0
-0
-0
34.446
-0
27.8899
-0
6.80076
-0
-0
-0
-0
-0
3.62526
-0
-0
5.00395
28.4951
-0
-0
-0
-0
-0
-0
-0
-0
-0
-0
10.3526
-0
-0
9.64535
-0
-0
-0
-0
-0
-0
-0
-0
-0
-0
1.41534
15.9013
-0
-0
-0
-0
-0
-0
4.92624
-0
-0
-0
30.2642
-0
9.82693
30.1606
0.196256
-0
-0
-0
-0
-0
-0
-0
9.60035
-0
-0
3.93199
-0
3.5275
-0
9.95527
-0
-0
-0
12.878
63.0758
4.86164
-0
-0
25.3868
-0
-0
-0
-0
-0
-0
-0
-0
-0
-0
-0
-0
-0
-0
-0
11.4159
-0
-0
6.86437
-0
11.4994
-0
-0
1.19233
-0
-0
-0
-0
-0
-0
-0
-0
2.32492
-0
12.9948
-0
-0
-0
-0
31.6939
-0
-0
-0
-0
-0
-0
-0
-0
-0
-0
3.75466
-0
7.29753
15.8598
9.77098
-0
-0
-0
-0
-0
-0
1.7558
-0
-0
-0
-0
-0
-0
-0
-0
13.4247
-0
-0
-0
-0
-0
15.0722
-0
-0
-0
-0
-0
15.8641
-0
-0
-0
-0
-0
-0
-0
-0
-0
6.12929
-0
-0
2.07585
-0
29.9009
-0
20.7348
-0
35.1437
-0
11.9978
12.6555
-0
-0
-0
-0
-0
-0
-0
-0
-0
-0
-0
-0
-0
-0
-0
-0
-0
-0
-0
12.0573
-0
2.81882
-0
0.8997
1.53169
-0
-0
-0
-0
-0
-0
-0
-0
-0
-0
-0
-0
-0
-0
-0
-0
21.0184
-0
6.35414
17.1342
9.78381
-0
47.5886
-0
-0
13.1276
-0
-0
-0
-0
-0
3.11659
-0
-0
-0
-0
-0
-0
39.9683
-0
-0
-0
-0
-0
15.9312
-0
-0
-0
-0
8.20766
-0
3.73775
69.1841
-0
-0
-0
-0
-0
-0
-0
74.6584
-0
-0
-0
37.7756
-0
-0
-0
-0
26.9711
-0
-0
26.3477
23.6803
-0
-0
-0
-0
-0
10.1923
1.89107
-0
-0
-0
49.5381
-0
1.69947
-0
-0
12.5483
-0
-0
-0
-0
-0
-0
-0
16.9613
-0
-0
2.91783
-0
-0
-0
-0
11.0145
42.1561
-0
-0
29.4874
-0
-0
17.5173
33.4856
-0
3.46821
-0
5.42817
54.4795
-0
-0
-0
-0
-0
-0
-0
-0
-0
-0
-0
-0
-0
-0
18.1996
-0
-0
-0
-0
43.0321
-0
-0
-0
10.3766
12.4927
-0
-0
-0
-0
-0
-0
35.8955
-0
20.7579
-0
-0
-0
-0
-0
-0
-0
-0
-0
-0
24.1954
-0
-0
17.6346
5.58122
-0
-0
-0
-0
-0
-0
-0
-0
-0
-0
-0
-0
-0
-0
-0
-0
-0
12.6588
-0
-0
-0
11.5422
11.5343
-0
1.21379
-0
-0
-0
-0
38.9528
0.36799
-0
-0
-0
-0
-0
-0
5.15997
-0
-0
-0
-0
-0
4.49338
-0
-0
-0
-0
-0
-0
-0
1.3313
-0
-0
11.3422
3.50996
-0
-0
62.8755
-0
0.43182
22.3646
-0
-0
-0
-0
-0
-0
-0
26.2002
-0
-0
-0
-0
-0
-0
-0
-0
-0
-0
-0
-0
-0
-0
1.87054
-0
-0
-0
-0
-0
3.12109
-0
-0
-0
-0
-0
-0
-0
15.1032
-0
-0
-0
-0
-0
-0
-0
-0
-0
-0
-0
-0
-0
5.3716
-0
-0
-0
-0
-0
-0
3.45788
-0
20.2807
-0
-0
15.1437
-0
3.91653
-0
-0
21.0763
-0
-0
-0
0.406694
-0
8.50569
-0
-0
-0
-0
-0
2.02884
-0
-0
-0
-0
-0
-0
1.64557
-0
-0
-0
-0
-0
-0
-0
-0
46.5688
-0
-0
-0
-0
-0
-0
-0
-0
-0
-0
-0
20.5121
-0
-0
-0
-0
-0
-0
-0
-0
-0
-0
18.2176
43.9642
-0
2.60705
-0
-0
2.59531
-0
-0
-0
-0
-0
-0
9.62097
-0
-0
37.9957
40.712
-0
-0
-0
-0
-0
-0
-0
-0
-0
-0
-0
-0
1.17293
-0
-0
-0
2.72484
-0
-0
-0
-0
-0
-0
-0
-0
-0
-0
-0
-0
1.14218
-0
-0
-0
-0
13.5435
2.13786
-0
-0
-0
8.88563
-0
2.33034
-0
-0
4.35037
-0
7.50299
3.48414
-0
-0
-0
-0
-0
-0
-0
-0
-0
-0
-0
-0
-0
3.16104
-0
-0
4.95286
-0
11.0659
-0
-0
50.1989
-0
-0
18.8997
-0
-0
13.3394
-0
-0
-0
-0
1.31001
-0
14.4229
-0
-0
7.98482
-0
-0
-0
-0
6.76014
-0
-0
-0
-0
-0
-0
14.3959
-0
-0
12.0837
-0
-0
29.3727
-0
7.447
-0
-0
-0
-0
-0
-0
-0
11.8991
-0
-0
-0
-0
-0
-0
-0
-0
2.83357
-0
-0
-0
-0
-0
14.1957
-0
0.0160203
-0
-0
-0
-0
-0
-0
-0
-0
-0
-0
3.5713
-0
-0
-0
-0
-0
-0
-0
-0
-0
-0
-0
-0
-0
-0
-0
-0
-0
-0
-0
-0
32.5463
-0
-0
-0
-0
-0
-0
-0
-0
-0
-0
-0
25.4939
-0
-0
-0
-0
-0
-0
-0
0.845431
17.06
-0
-0
-0
-0
-0
-0
-0
-0
4.65658
-0
36.6533
-0
-0
20.8501
-0
13.8633
-0
-0
-0
-0
-0
-0
-0
49.3348
-0
-0
-0
-0
-0
2.95083
11.2293
-0
-0
-0
-0
24.8287
-0
-0
16.9709
-0
-0
-0
-0
-0
-0
-0
-0
26.3147
-0
-0
-0
-0
-0
7.17032
-0
-0
-0
-0
-0
-0
-0
-0
-0
-0
-0
-0
-0
60.3044
4.02353
-0
-0
-0
-0
-0
-0
-0
-0
-0
-0
-0
-0
26.2729
-0
-0
-0
-0
-0
-0
-0
-0
-0
-0
-0
-0
-0
-0
-0
-0
41.6836
-0
-0
-0
-0
-0
-0
-0
-0
-0
1.11824
-0
-0
-0
-0
6.94296
14.1297
7.05874
-0
-0
-0
-0
-0
-0
-0
-0
-0
-0
-0
27.2344
-0
0.45651
-0
-0
-0
-0
-0
-0
15.7846
-0
-0
-0
-0
-0
-0
-0
-0
-0
-0
-0
-0
-0
-0
-0
28.0886
-0
-0
31.3099
-0
-0
33.2919
-0
-0
-0
35.6264
30.2459
-0
34.0549
23.3612
-0
25.1391
-0
-0
-0
-0
-0
5.59542
-0
-0
-0
-0
18.7421
-0
-0
-0
7.95477
-0
-0
-0
-0
-0
12.9663
-0
-0
-0
34.0788
5.42415
-0
-0
-0
-0
-0
16.5626
9.58109
-0
-0
-0
-0
17.4073
5.90688
-0
-0
-0
-0
-0
-0
-0
-0
-0
-0
-0
-0
13.176
16.6449
-0
-0
-0
-0
-0
36.3175
-0
-0
-0
-0
-0
-0
0.0629029
-0
-0
-0
10.7855
-0
-0
-0
46.4559
-0
0.870976
-0
63.1674
-0
4.5518
-0
7.52482
0.48589
-0
-0
-0
-0
-0
-0
21.0172
-0
4.15912
-0
34.9379
-0
-0
5.14991
-0
-0
-0
-0
-0
-0
32.3357
-0
-0
25.8016
-0
-0
-0
8.26933
26.0884
-0
-0
-0
-0
-0
1.59967
-0
-0
-0
-0
-0
-0
-0
-0
33.6102
-0
23.1888
-0
-0
18.2102
-0
14.7336
-0
-0
11.7059
-0
-0
-0
-0
2.00091
25.5532
-0
-0
-0
-0
-0
-0
-0
-0
-0
-0
-0
-0
-0
-0
-0
8.99091
29.651
-0
-0
-0
-0
-0
-0
-0
-0
-0
-0
-0
-0
11.4413
-0
-0
-0
-0
1.13748
-0
-0
7.48184
49.8913
-0
-0
23.8971
-0
17.5042
-0
32.8701
5.28745
-0
-0
50.7741
-0
3.97637
-0
13.7735
38.7292
3.25105
49.6878
-0
31.0121
-0
20.7464
-0
-0
-0
-0
-0
-0
-0
-0
-0
36.8952
10.0888
-0
-0
-0
-0
-0
-0
-0
-0
-0
54.9561
4.83054
-0
-0
-0
-0
-0
-0
-0
-0
-0
-0
-0
-0
-0
-0
-0
-0
-0
-0
23.9507
9.92561
-0
-0
10.8019
-0
-0
52.0218
16.8365
-0
-0
-0
-0
11.5494
-0
-0
-0
-0
48.2401
-0
51.4532
27.7552
-0
-0
-0
-0
-0
-0
11.2608
-0
-0
-0
-0
-0
-0
-0
-0
-0
-0
-0
-0
11.9247
-0
-0
-0
-0
-0
-0
28.6126
-0
-0
-0
-0
23.292
-0
-0
-0
-0
7.70146
-0
-0
-0
-0
-0
-0
18.6419
-0
-0
-0
-0
-0
-0
-0
-0
8.76741
-0
14.7637
-0
60.5527
-0
-0
-0
-0
20.5715
-0
-0
-0
-0
-0
-0
-0
26.261
-0
12.1646
-0
-0
-0
-0
-0
-0
-0
-0
-0
3.08774
-0
-0
-0
-0
-0
-0
-0
-0
9.72048
-0
-0
-0
-0
-0
15.8642
-0
-0
-0
-0
-0
-0
4.12325
-0
-0
-0
-0
-0
-0
-0
21.9358
-0
-0
-0
-0
15.4188
11.3054
-0
-0
-0
-0
8.75561
-0
27.0516
-0
56.0371
-0
-0
-0
-0
-0
-0
32.8865
-0
-0
-0
-0
-0
-0
-0
-0
-0
-0
-0
-0
11.8023
-0
-0
-0
-0
-0
14.5404
-0
-0
-0
21.6633
28.0353
-0
37.9822
-0
-0
-0
-0
-0
-0
-0
-0
-0
-0
-0
-0
-0
20.141
-0
-0
-0
-0
-0
-0
-0
-0
-0
-0
-0
-0
-0
-0
10.3843
34.545
20.7595
-0
-0
1.3973
-0
-0
12.3454
70.6884
-0
-0
-0
-0
-0
-0
-0
-0
23.3129
49.7333
-0
-0
-0
-0
-0
22.8367
-0
10.6907
-0
20.2355
12.3093
-0
-0
-0
53.3927
-0
-0
-0
-0
-0
-0
9.07806
-0
-0
22.3332
14.286
-0
-0
-0
-0
-0
-0
-0
68.9035
-0
-0
-0
29.5821
-0
-0
-0
-0
-0
-0
42.5487
1.12634
-0
-0
-0
-0
-0
-0
-0
-0
-0
-0
-0
-0
6.64988
-0
-0
-0
-0
55.9281
6.26064
-0
-0
-0
-0
-0
-0
-0
69.6434
-0
-0
-0
-0
-0
-0
-0
-0
7.04558
-0
-0
-0
-0
-0
-0
-0
-0
-0
-0
-0
2.22235
-0
49.9892
-0
-0
55.9089
-0
-0
-0
-0
-0
4.51331
-0
13.7903
5.11928
-0
0.219921
-0
-0
-0
-0
-0
-0
-0
-0
1.9871
-0
-0
-0
5.26817
-0
-0
-0
6.46004
-0
21.6169
35.7247
-0
16.3577
-0
29.7771
2.99424
-0
-0
-0
0.0564169
-0
24.6044
1.55917
7.20655
2.68098
-0
-0
25.8368
-0
13.9316
-0
-0
34.7717
24.7144
-0
-0
-0
-0
-0
-0
-0
-0
-0
4.07064
12.5513
14.5383
-0
-0
-0
-0
-0
44.5838
-0
-0
-0
-0
-0
-0
-0
60.9953
-0
11.1805
-0
35.4319
-0
24.2647
-0
-0
-0
-0
-0
-0
-0
-0
-0
5.95569
-0
-0
-0
-0
-0
6.64002
7.46859
-0
-0
-0
-0
-0
-0
-0
-0
2.10482
-0
-0
-0
-0
3.6639
-0
-0
16.5893
13.9305
-0
-0
31.7204
-0
15.2213
-0
-0
-0
-0
-0
-0
-0
-0
-0
-0
-0
1.0519
-0
-0
-0
46.3393
-0
-0
-0
-0
-0
-0
-0
-0
-0
-0
7.56422
-0
2.2347
-0
-0
32.6315
-0
-0
-0
39.9825
-0
6.58457
-0
-0
-0
34.8424
-0
53.508
-0
56.3652
-0
-0
-0
36.575
-0
-0
-0
-0
44.6937
-0
38.387
-0
2.49087
-0
-0
-0
4.33387
-0
-0
-0
-0
-0
-0
49.264
-0
-0
-0
-0
-0
-0
12.6307
-0
-0
-0
-0
-0
-0
-0
-0
-0
-0
-0
-0
-0
14.3756
-0
-0
-0
26.1081
0.714444
-0
-0
-0
-0
-0
-0
23.1933
-0
22.5137
-0
-0
-0
30.6907
-0
-0
-0
-0
-0
-0
-0
-0
-0
-0
-0
4.65701
-0
-0
-0
1.85325
-0
-0
1.05435
-0
-0
65.3263
-0
-0
-0
-0
-0
11.4414
7.942
-0
-0
-0
-0
27.3545
59.7161
-0
-0
-0
6.4059
-0
7.85199
-0
-0
-0
-0
-0
-0
-0
-0
-0
46.0555
-0
-0
12.0168
0.834841
-0
-0
-0
-0
-0
-0
-0
-0
-0
19.8723
-0
-0
-0
30.2766
-0
11.3668
-0
-0
-0
-0
-0
-0
-0
54.4802
-0
-0
-0
-0
-0
-0
-0
-0
-0
-0
-0
-0
-0
-0
-0
-0
6.02862
-0
13.3468
11.623
3.68396
-0
-0
-0
-0
42.6849
-0
8.14586
1.58143
-0
-0
18.7025
-0
-0
12.9442
-0
3.62168
-0
9.28879
-0
-0
39.1842
-0
-0
-0
-0
15.2836
41.462
-0
-0
-0
4.41652
-0
-0
6.42385
-0
-0
-0
5.13179
-0
-0
-0
31.5199
72.5913
-0
14.6525
39.4681
-0
-0
51.5085
-0
-0
-0
10.8628
-0
-0
-0
-0
31.5211
-0
26.6711
-0
-0
-0
-0
-0
-0
-0
18.6305
-0
19.5024
27.072
-0
-0
-0
-0
14.0077
-0
-0
9.31364
-0
-0
-0
-0
0.969528
29.3658
10.9347
-0
20.0774
1.73783
2.88251
-0
-0
-0
-0
-0
12.4549
-0
-0
-0
-0
-0
-0
6.08245
-0
-0
13.8626
-0
3.41284
-0
-0
-0
-0
-0
-0
-0
-0
8.66675
5.66298
-0
-0
17.9048
-0
19.2336
-0
-0
-0
-0
-0
-0
-0
-0
-0
-0
-0
-0
-0
28.6437
-0
-0
-0
40.3396
17.3869
-0
25.2519
-0
-0
-0
-0
5.19163
24.355
-0
26.1947
-0
-0
11.4117
-0
-0
0.297697
-0
-0
-0
-0
-0
-0
-0
-0
70.7554
-0
-0
-0
52.6999
-0
-0
-0
-0
-0
-0
57.9268
25.5932
-0
-0
3.36002
-0
-0
-0
-0
50.1952
-0
-0
-0
-0
-0
25.3103
1.74271
9.28181
-0
-0
-0
-0
-0
1.40907
-0
-0
-0
-0
-0
15.7598
-0
-0
-0
-0
-0
-0
-0
-0
-0
-0
-0
-0
-0
-0
-0
-0
14.8403
-0
-0
11.4801
31.5053
-0
-0
-0
-0
-0
2.16404
-0
-0
-0
-0
-0
16.4583
-0
-0
-0
13.0235
2.89577
-0
-0
-0
-0
4.56876
-0
45.0005
-0
-0
-0
-0
-0
-0
-0
-0
-0
-0
-0
-0
-0
35.3816
-0
-0
43.5301
-0
-0
-0
-0
-0
-0
-0
-0
-0
-0
-0
-0
85.4133
-0
-0
-0
-0
-0
-0
-0
-0
-0
-0
26.4854
-0
-0
-0
-0
-0
28.1986
-0
-0
8.85466
-0
-0
5.86475
-0
-0
-0
-0
-0
-0
-0
-0
29.6667
-0
19.9976
-0
-0
8.77865
-0
-0
-0
21.8965
-0
-0
9.16531
-0
0.42833
-0
-0
-0
-0
-0
-0
-0
-0
19.7857
-0
-0
-0
-0
-0
-0
-0
-0
-0
-0
-0
-0
-0
-0
-0
4.51897
-0
-0
-0
-0
1.56474
0.379161
-0
-0
-0
-0
-0
3.76697
-0
-0
-0
-0
-0
-0
-0
-0
-0
-0
-0
-0
25.8283
-0
-0
-0
-0
-0
11.4311
-0
-0
5.96852
-0
-0
3.76879
-0
-0
1.41888
-0
-0
-0
-0
-0
-0
-0
-0
-0
3.53832
-0
-0
-0
-0
1.25832
-0
-0
-0
-0
-0
8.4432
-0
-0
-0
-0
47.3177
-0
-0
0.831108
-0
-0
-0
-0
59.0777
-0
-0
22.6854
-0
-0
-0
-0
-0
-0
-0
-0
20.227
-0
-0
-0
-0
-0
-0
21.1659
-0
-0
-0
-0
-0
-0
17.3845
-0
35.308
-0
7.92719
-0
-0
-0
-0
-0
11.1126
-0
-0
1.43146
-0
-0
-0
33.988
-0
-0
-0
-0
-0
-0
-0
-0
9.20752
-0
-0
-0
-0
-0
-0
10.7884
-0
-0
-0
-0
-0
-0
-0
5.54233
-0
4.8514
8.49993
-0
-0
8.89365
-0
-0
29.415
-0
-0
-0
-0
-0
-0
-0
-0
-0
-0
-0
9.44662
-0
-0
-0
-0
21.4459
-0
-0
-0
0.0247595
-0
-0
14.1403
-0
-0
-0
59.4517
10.6166
25.5017
-0
68.8412
-0
14.843
-0
-0
-0
-0
-0
-0
-0
-0
-0
-0
-0
-0
-0
-0
13.9621
-0
0.843051
-0
-0
18.872
-0
-0
-0
-0
-0
-0
-0
-0
-0
-0
-0
-0
-0
-0
-0
42.3335
-0
-0
14.3487
-0
-0
-0
12.1679
-0
62.9822
-0
-0
-0
-0
-0
-0
-0
-0
-0
-0
-0
54.6503
-0
-0
-0
-0
-0
-0
-0
1.60022
-0
50.4415
-0
-0
-0
-0
-0
-0
21.4609
-0
11.5307
-0
-0
-0
-0
46.1248
-0
34.9525
25.834
45.4156
-0
-0
-0
15.8297
-0
-0
10.5592
38.0723
-0
-0
-0
-0
-0
37.991
5.5993
36.2138
-0
-0
0.4966
-0
-0
41.4037
-0
51.0561
-0
-0
-0
-0
-0
-0
-0
-0
-0
-0
-0
16.8793
29.8339
-0
6.83626
8.61529
-0
-0
-0
29.0819
8.98153
37.9437
-0
-0
-0
-0
1.75838
-0
-0
2.96646
1.02853
-0
-0
-0
-0
-0
-0
42.2323
-0
-0
-0
-0
0.370899
-0
-0
13.943
-0
-0
-0
-0
-0
-0
-0
-0
-0
-0
-0
-0
-0
-0
-0
-0
-0
-0
-0
55.7932
-0
-0
-0
-0
-0
-0
-0
-0
-0
-0
-0
17.5136
5.24634
-0
-0
-0
-0
25.9255
-0
-0
4.69203
-0
-0
-0
-0
-0
32.0595
-0
-0
-0
-0
16.5869
-0
17.0239
-0
-0
-0
0.673075
-0
52.9391
-0
-0
-0
-0
50.3523
-0
-0
-0
-0
-0
-0
-0
-0
-0
-0
-0
-0
-0
-0
-0
-0
-0
51.3336
-0
32.9428
61.0476
9.68998
-0
-0
-0
-0
-0
-0
-0
-0
11.5075
-0
-0
-0
-0
2.18281
-0
-0
-0
-0
-0
-0
-0
11.1759
-0
33.9885
-0
-0
-0
-0
-0
-0
-0
-0
14.6171
-0
13.548
-0
-0
9.43306
-0
-0
-0
-0
-0
-0
-0
-0
-0
-0
-0
7.03876
-0
-0
-0
-0
42.7227
-0
13.482
-0
-0
-0
-0
47.6202
-0
-0
-0
5.73938
32.5101
-0
-0
3.73079
40.2632
-0
-0
-0
-0
-0
-0
8.70725
-0
-0
-0
-0
-0
-0
-0
-0
-0
-0
9.87194
-0
-0
42.1883
-0
-0
29.275
-0
-0
-0
-0
-0
-0
-0
-0
23.5588
-0
-0
-0
-0
11.5525
66.4654
-0
-0
-0
-0
-0
-0
17.347
9.38504
-0
-0
-0
-0
-0
-0
-0
-0
-0
-0
-0
-0
-0
12.0578
-0
-0
-0
21.9818
-0
12.4681
-0
-0
-0
-0
-0
-0
-0
9.37775
-0
-0
-0
-0
4.52817
-0
-0
-0
-0
13.1505
-0
-0
-0
-0
7.73107
-0
19.4744
-0
-0
-0
-0
19.2901
-0
-0
1.29144
-0
8.87149
-0
-0
27.6505
-0
-0
-0
-0
-0
-0
-0
-0
-0
-0
-0
-0
-0
60.1235
-0
-0
0.544377
-0
-0
-0
-0
29.927
-0
-0
-0
-0
-0
-0
-0
-0
-0
-0
-0
-0
-0
-0
24.9623
-0
-0
52.2245
-0
-0
-0
-0
-0
-0
-0
0.307047
-0
-0
20.0258
-0
-0
8.10204
-0
-0
-0
-0
-0
-0
35.4172
16.3217
-0
-0
-0
-0
-0
-0
-0
27.5158
6.13889
-0
-0
-0
54.228
51.8511
-0
-0
4.22626
-0
3.78931
33.2935
-0
-0
-0
-0
-0
-0
-0
-0
-0
25.4202
29.2605
-0
-0
-0
-0
-0
1.28376
-0
-0
-0
-0
-0
-0
-0
-0
-0
-0
-0
-0
-0
56.7596
-0
41.0386
3.06417
59.0133
-0
33.8452
-0
-0
-0
12.0757
9.60874
-0
-0
5.99868
-0
-0
-0
-0
-0
31.5153
-0
-0
-0
-0
-0
-0
8.22693
-0
-0
-0
8.36287
48.886
-0
-0
-0
-0
-0
-0
19.5401
-0
-0
-0
-0
-0
-0
-0
-0
-0
-0
-0
-0
-0
7.49398
-0
-0
-0
-0
-0
-0
22.7913
-0
-0
-0
-0
-0
-0
21.64
-0
-0
-0
38.6755
-0
-0
-0
-0
-0
-0
18.248
-0
-0
-0
-0
-0
-0
-0
17.177
18.6255
-0
-0
-0
-0
-0
-0
-0
42.6972
-0
-0
-0
3.83072
29.6465
-0
29.2355
4.63729
-0
-0
-0
-0
9.12543
-0
-0
50.8197
60.7139
19.2023
4.02119
-0
-0
8.14022
33.0407
40.8825
-0
64.1309
5.22146
19.095
-0
-0
-0
-0
-0
-0
-0
-0
-0
-0
3.31552
-0
-0
1.79987
-0
-0
-0
1.30063
-0
13.0916
-0
-0
-0
29.1594
-0
-0
15.1765
-0
-0
-0
-0
-0
-0
-0
-0
-0
-0
-0
-0
-0
-0
-0
1.52091
-0
-0
-0
-0
-0
-0
-0
-0
-0
-0
-0
18.2348
-0
-0
-0
-0
-0
5.93767
-0
-0
-0
-0
-0
-0
-0
-0
