-0
-0
-0
-0
-0
-0
-0
-0
-0
-0
13.6361
-0
-0
-0
-0
-0
-0
-0
-0
-0
-0
-0
-0
4.32575
-0
-0
-0
-0
-0
-0
-0
-0
-0
25.1535
1.97957
-0
-0
-0
-0
-0
-0
-0
17.1583
-0
-0
29.5745
-0
-0
-0
32.0016
-0
-0
-0
-0
-0
-0
18.4537
1.88834
31.4773
-0
-0
-0
20.7665
4.32459
21.4147
-0
-0
4.55478
3.21003
1.30767
-0
-0
-0
-0
-0
-0
60.5251
-0
-0
-0
-0
3.53169
-0
-0
-0
-0
-0
4.12928
-0
-0
14.2943
-0
-0
-0
-0
-0
11.1593
-0
8.40891
-0
-0
-0
-0
33.3605
-0
-0
6.78329
-0
-0
-0
-0
-0
-0
-0
-0
5.10489
-0
-0
43.6878
9.18812
-0
29.1359
5.70495
-0
16.5896
-0
-0
-0
-0
0.762621
-0
0.245397
32.7693
-0
12.7855
-0
22.877
5.48185
-0
6.7207
-0
-0
7.48904
-0
-0
-0
-0
-0
-0
-0
38.0031
-0
-0
-0
4.35061
-0
-0
14.6372
-0
1.80891
20.789
0.392123
-0
-0
-0
-0
-0
-0
-0
32.1102
-0
16.142
-0
-0
5.05091
-0
-0
-0
-0
-0
-0
-0
-0
-0
-0
4.76816
-0
-0
-0
-0
23.2528
-0
9.7701
-0
-0
-0
-0
34.8736
-0
-0
-0
24.6624
-0
-0
-0
-0
38.4974
-0
-0
-0
-0
-0
3.06245
-0
-0
-0
2.74186
-0
8.56519
-0
35.8574
-0
-0
9.94894
-0
-0
-0
0.142838
-0
6.54848
-0
-0
-0
-0
-0
-0
-0
-0
-0
-0
42.7376
-0
-0
-0
-0
-0
6.3398
-0
0.808197
-0
-0
-0
-0
-0
9.6394
-0
17.7849
17.2646
-0
-0
-0
-0
-0
-0
-0
-0
-0
1.71403
-0
-0
-0
-0
-0
29.7535
-0
-0
-0
-0
-0
-0
11.4589
7.06693
-0
21.4181
-0
-0
-0
-0
-0
-0
-0
-0
36.3802
-0
41.0143
-0
8.66277
-0
-0
23.3108
-0
-0
1.14249
11.9437
-0
20.93
-0
-0
21.9809
-0
-0
-0
-0
-0
-0
-0
-0
-0
-0
0.544286
-0
-0
-0
39.1698
14.2094
-0
-0
12.3066
-0
60.1048
-0
-0
-0
-0
-0
-0
-0
21.4758
21.4061
-0
6.65872
-0
-0
-0
8.0456
-0
-0
-0
-0
-0
-0
-0
1.12012
-0
-0
-0
-0
-0
-0
-0
23.0282
-0
-0
23.6269
-0
3.76099
-0
-0
3.12532
-0
-0
9.95109
0.687776
-0
-0
-0
-0
11.5359
-0
-0
-0
-0
-0
-0
-0
-0
-0
-0
-0
-0
-0
11.0219
-0
-0
-0
-0
-0
10.012
-0
-0
12.1715
-0
-0
-0
11.9786
-0
-0
-0
-0
-0
-0
-0
-0
-0
18.0709
30.2529
-0
-0
-0
-0
28.6825
-0
-0
-0
-0
-0
-0
-0
-0
25.3681
-0
22.3975
-0
-0
7.55965
-0
-0
-0
-0
-0
-0
-0
-0
-0
-0
-0
-0
-0
-0
-0
28.1658
-0
-0
-0
-0
22.7002
-0
-0
-0
-0
-0
-0
-0
-0
-0
-0
-0
-0
-0
-0
-0
-0
-0
-0
-0
-0
-0
-0
-0
-0
-0
-0
-0
15.5268
-0
-0
-0
2.8955
-0
18.3077
5.20428
-0
-0
-0
-0
12.1994
-0
-0
-0
17.9102
-0
-0
-0
50.3813
-0
-0
9.98277
6.16535
-0
-0
-0
-0
-0
-0
-0
-0
-0
-0
9.80374
-0
-0
-0
-0
-0
-0
-0
-0
5.43004
-0
-0
-0
-0
-0
-0
-0
-0
37.1445
-0
-0
-0
-0
-0
-0
-0
-0
19.2604
9.72655
8.92881
-0
27.0733
-0
21.9299
-0
-0
40.4544
18.7328
-0
-0
-0
-0
-0
-0
44.5116
-0
-0
-0
-0
-0
-0
27.4287
-0
6.97173
-0
7.46735
-0
-0
-0
-0
40.7186
-0
-0
-0
-0
17.2399
-0
-0
-0
-0
-0
26.6984
-0
-0
-0
-0
-0
26.6103
-0
-0
-0
-0
36.7672
-0
-0
-0
-0
-0
-0
-0
-0
-0
-0
-0
31.2055
-0
-0
-0
39.0751
-0
-0
-0
-0
-0
-0
4.66766
-0
-0
-0
-0
-0
-0
-0
-0
-0
-0
-0
-0
-0
-0
-0
-0
-0
-0
-0
-0
-0
-0
-0
-0
11.1258
8.1477
-0
-0
-0
-0
18.1537
-0
-0
-0
-0
-0
-0
-0
-0
36.6062
-0
34.4294
-0
-0
-0
-0
-0
-0
-0
-0
34.3
-0
-0
17.3943
1.97332
33.1696
-0
-0
32.3179
-0
-0
54.5192
-0
-0
-0
-0
-0
-0
44.9548
21.0861
-0
-0
-0
-0
-0
-0
15.6125
-0
-0
1.30269
-0
-0
-0
-0
21.7583
-0
-0
33.5404
-0
10.2859
-0
-0
9.73658
-0
-0
-0
-0
-0
26.5944
-0
13.7286
-0
-0
-0
-0
-0
-0
5.88759
-0
-0
5.70501
-0
-0
0.883532
-0
-0
-0
-0
-0
-0
-0
14.9638
-0
-0
-0
-0
-0
-0
-0
-0
25.4017
-0
27.22
-0
29.5741
-0
-0
9.2311
-0
5.60714
-0
4.08706
4.64475
2.63789
-0
-0
-0
-0
-0
-0
-0
-0
-0
-0
-0
-0
-0
-0
-0
-0
-0
-0
0.413648
-0
-0
12.5935
-0
-0
27.5191
-0
31.0754
13.9402
5.56977
-0
-0
-0
-0
-0
-0
-0
-0
-0
-0
4.45603
29.1
-0
28.884
-0
-0
-0
-0
20.8789
-0
-0
-0
-0
-0
-0
14.9936
-0
-0
-0
-0
10.9053
-0
-0
53.9393
5.1234
-0
3.37933
-0
-0
14.0081
10.3721
-0
-0
-0
-0
-0
-0
-0
25.9168
-0
-0
-0
2.11944
-0
-0
13.0192
-0
-0
19.9939
64.0273
2.22432
-0
-0
-0
3.76699
-0
-0
6.97159
-0
-0
-0
-0
-0
-0
-0
-0
12.4622
-0
1.84702
-0
-0
-0
-0
6.66604
31.3015
-0
-0
-0
-0
31.212
-0
-0
23.1506
-0
-0
-0
-0
-0
-0
-0
-0
-0
11.5671
7.12802
4.05559
-0
-0
23.601
-0
-0
-0
-0
-0
-0
55.3815
-0
-0
-0
-0
-0
10.2864
-0
5.97191
35.9394
-0
-0
11.5784
-0
-0
-0
35.0907
-0
-0
-0
-0
24.3728
46.1968
-0
-0
-0
-0
-0
44.4023
-0
-0
-0
-0
37.3596
-0
-0
-0
-0
-0
-0
-0
8.5477
-0
0.589749
12.2619
43.8948
-0
-0
-0
-0
-0
-0
-0
-0
-0
-0
-0
-0
37.0892
-0
-0
-0
0.280065
-0
-0
5.36105
-0
-0
-0
-0
-0
-0
-0
15.7232
-0
-0
-0
-0
-0
-0
7.82516
-0
-0
-0
-0
-0
0.78555
-0
19.2479
-0
-0
-0
-0
-0
-0
-0
1.95278
-0
10.8941
-0
-0
-0
18.8298
-0
-0
-0
-0
-0
-0
-0
-0
-0
-0
-0
-0
-0
13.5674
-0
-0
-0
0.26897
-0
-0
-0
-0
-0
-0
-0
35.4932
1.5798
-0
-0
-0
20.1534
-0
6.68799
-0
-0
-0
27.726
-0
8.65755
50.679
-0
-0
-0
-0
-0
-0
-0
-0
34.7524
2.05039
-0
36.9038
-0
-0
-0
-0
-0
-0
-0
27.0552
43.2422
13.8189
-0
-0
23.0518
-0
-0
-0
-0
-0
-0
-0
-0
24.2901
3.54147
-0
-0
-0
-0
-0
-0
-0
-0
0.852057
-0
29.3573
-0
-0
3.91878
-0
-0
-0
-0
-0
-0
-0
-0
20.6665
-0
36.675
-0
-0
-0
-0
11.2098
6.08906
-0
-0
-0
-0
-0
-0
-0
-0
-0
8.68317
-0
2.77673
17.2679
11.573
-0
-0
-0
-0
-0
-0
0.64597
-0
-0
-0
5.86395
19.4625
-0
-0
-0
50.7355
-0
-0
-0
-0
-0
37.9404
-0
-0
0.377672
-0
-0
16.2054
-0
-0
-0
-0
-0
-0
-0
-0
-0
-0
-0
-0
-0
-0
19.1824
11.8036
6.11698
-0
3.51294
-0
-0
-0
-0
-0
-0
-0
10.842
-0
-0
-0
-0
-0
-0
-0
-0
-0
-0
-0
-0
-0
-0
-0
-0
-0
-0
-0
-0
-0
-0
-0
-0
-0
-0
4.76265
-0
-0
0.901514
-0
-0
-0
-0
-0
-0
-0
-0
-0
-0
-0
-0
28.2229
-0
-0
4.80423
-0
-0
-0
-0
-0
-0
-0
-0
-0
-0
-0
-0
11.4158
-0
-0
-0
-0
-0
6.50673
0.12989
4.70547
-0
-0
21.904
-0
-0
55.1796
-0
-0
-0
-0
-0
-0
-0
46.9977
-0
-0
-0
20.7149
-0
-0
-0
-0
13.1071
-0
-0
2.94745
1.44596
-0
-0
-0
-0
-0
8.23342
-0
-0
-0
-0
63.8073
-0
14.3842
-0
-0
29.0941
-0
-0
-0
-0
-0
-0
-0
37.6247
-0
-0
-0
-0
8.90299
-0
-0
29.6824
56.788
-0
-0
30.7956
-0
-0
0.913164
0.84964
-0
-0
-0
32.0348
58.411
-0
3.75409
1.40737
0.0757039
-0
-0
-0
-0
-0
-0
-0
-0
-0
-0
21.1918
-0
-0
-0
-0
32.4151
-0
-0
-0
21.5349
18.0798
8.65605
-0
-0
-0
-0
-0
6.96649
-0
9.59691
-0
15.1231
-0
-0
-0
-0
-0
-0
-0
-0
9.85459
-0
-0
18.0045
-0
-0
-0
-0
-0
-0
1.29357
-0
-0
-0
1.06285
7.45136
-0
-0
-0
-0
-0
-0
13.3263
-0
-0
-0
2.87618
4.09137
-0
-0
-0
-0
-0
-0
41.7472
-0
-0
-0
-0
-0
-0
-0
-0
-0
-0
-0
-0
-0
-0
-0
-0
-0
-0
-0
-0
21.6865
-0
-0
-0
-0
-0
-0
-0
27.0448
-0
0.782174
10.3555
-0
-0
6.173
-0
-0
-0
-0
13.2227
-0
-0
-0
-0
-0
-0
-0
-0
-0
-0
-0
-0
-0
-0
-0
-0
-0
-0
-0
-0
11.2533
-0
-0
-0
-0
-0
-0
-0
32.4354
-0
-0
-0
-0
-0
-0
-0
-0
-0
-0
-0
-0
-0
11.6473
-0
-0
-0
-0
-0
-0
-0
-0
11.6563
-0
-0
-0
-0
-0
-0
-0
24.6281
-0
-0
-0
-0
-0
47.4775
-0
8.80162
-0
-0
-0
-0
-0
-0
-0
-0
-0
-0
-0
-0
-0
-0
-0
39.0354
-0
-0
-0
26.1908
-0
-0
-0
-0
-0
-0
-0
6.39652
-0
-0
-0
-0
-0
-0
-0
-0
-0
-0
-0
-0
-0
-0
25.6269
31.6557
-0
9.95246
-0
-0
-0
-0
-0
-0
-0
-0
-0
0.203057
-0
-0
40.9745
34.8832
-0
-0
-0
-0
-0
-0
-0
-0
-0
-0
-0
-0
4.47385
-0
-0
-0
16.7416
-0
-0
-0
-0
19.4696
-0
2.05826
-0
-0
-0
-0
-0
17.1421
-0
-0
-0
-0
20.3677
-0
-0
-0
-0
-0
-0
1.92478
-0
-0
19.9874
-0
5.46982
-0
-0
-0
-0
-0
-0
-0
-0
-0
-0
-0
-0
-0
-0
17.617
-0
-0
9.3179
-0
-0
-0
-0
30.9181
-0
-0
17.8241
-0
-0
25.128
11.5176
-0
-0
-0
9.20646
-0
22.9211
-0
3.11406
-0
-0
-0
-0
-0
9.69145
-0
15.3339
21.0919
-0
-0
-0
13.4488
-0
-0
-0
-0
-0
16.033
-0
17.6688
-0
-0
0.811102
-0
-0
-0
-0
7.78299
2.46177
-0
-0
31.2998
-0
-0
19.1022
5.70668
-0
-0
-0
-0
-0
-0
-0
-0
18.3574
-0
-0
-0
-0
-0
-0
-0
-0
-0
-0
28.5234
-0
-0
-0
-0
-0
-0
-0
-0
-0
-0
-0
-0
-0
22.4806
-0
-0
-0
-0
-0
-0
29.4752
-0
-0
-0
-0
-0
-0
-0
-0
-0
-0
-0
4.27833
-0
-0
-0
-0
-0
-0
-0
-0
19.7504
-0
18.0319
-0
-0
-0
-0
-0
-0
8.57755
-0
27.2356
-0
-0
6.51384
-0
12.2167
-0
-0
-0
-0
-0
-0
-0
39.8934
-0
-0
-0
-0
-0
-0
7.25086
-0
-0
-0
-0
-0
5.42663
25.9733
8.79031
-0
-0
-0
-0
-0
-0
-0
-0
24.6947
-0
-0
-0
-0
-0
25.1757
-0
-0
-0
-0
-0
-0
-0
-0
-0
-0
-0
-0
-0
55.5908
13.5317
-0
-0
-0
-0
-0
-0
-0
-0
-0
-0
-0
-0
23.2546
-0
-0
-0
-0
-0
-0
-0
-0
-0
-0
-0
-0
-0
-0
-0
-0
24.8926
-0
-0
-0
-0
-0
-0
-0
-0
2.81213
1.7682
-0
-0
-0
-0
3.53776
24.4455
8.14081
-0
-0
-0
-0
-0
0.580307
-0
-0
-0
-0
-0
37.9271
-0
-0
-0
-0
-0
-0
-0
-0
8.41107
0.280703
-0
-0
-0
-0
-0
-0
-0
-0
-0
27.8349
-0
-0
-0
-0
15.8591
-0
3.97704
25.219
-0
-0
54.1232
-0
-0
-0
61.3907
-0
-0
21.6962
15.377
-0
-0
-0
-0
-0
-0
2.92379
5.13204
-0
-0
-0
-0
12.307
-0
-0
-0
7.1797
-0
-0
-0
-0
-0
6.48248
-0
-0
-0
33.2035
-0
-0
-0
-0
-0
-0
32.2808
-0
-0
-0
-0
-0
16.5674
3.47944
14.0047
21.1712
-0
-0
9.71344
-0
-0
-0
-0
-0
-0
-0
17.2676
5.22329
-0
-0
-0
-0
-0
34.6224
-0
-0
-0
-0
-0
-0
-0
-0
-0
-0
-0
-0
-0
-0
8.46416
-0
1.61597
-0
56.1261
-0
-0
-0
8.4571
0.328923
-0
-0
-0
-0
-0
24.6386
14.3315
-0
-0
-0
11.9828
6.35672
-0
10.3819
-0
-0
5.91767
-0
13.4355
-0
24.8441
-0
-0
13.6459
-0
-0
-0
8.01157
31.019
-0
-0
-0
-0
-0
23.2875
-0
-0
-0
-0
-0
-0
6.41512
-0
11.7691
-0
24.4043
-0
-0
20.473
-0
0.135197
-0
-0
-0
7.73828
-0
-0
-0
26.1607
54.4493
-0
-0
-0
-0
-0
-0
-0
-0
-0
-0
-0
4.78716
-0
-0
-0
5.84254
3.79274
-0
-0
-0
8.97917
-0
-0
-0
-0
-0
-0
7.58105
-0
8.49696
-0
-0
-0
-0
13.6218
-0
-0
8.4399
35.6709
-0
-0
-0
-0
17.954
-0
6.084
6.2923
-0
-0
51.5945
-0
-0
-0
9.87835
15.8336
9.76814
30.9496
-0
19.516
-0
17.8439
22.0654
-0
-0
-0
-0
-0
-0
24.1816
-0
24.6345
23.9917
-0
-0
-0
-0
-0
-0
-0
-0
-0
28.4072
0.0890641
-0
-0
-0
-0
6.2909
-0
-0
2.42674
-0
0.973009
-0
-0
-0
-0
-0
-0
-0
-0
35.7405
16.6572
-0
-0
-0
-0
-0
47.5506
35.2463
-0
2.09696
-0
-0
-0
-0
-0
-0
0.984357
30.6755
2.97036
40.4323
-0
-0
-0
-0
-0
-0
-0
5.98195
-0
-0
-0
-0
-0
-0
-0
-0
-0
-0
-0
10.4516
-0
-0
-0
-0
-0
-0
-0
-0
-0
-0
-0
-0
0.787619
-0
-0
-0
-0
-0
1.7385
-0
-0
-0
-0
5.61198
-0
-0
-0
12.8353
-0
-0
-0
20.2194
-0
24.5299
-0
20.2132
-0
23.3851
-0
-0
-0
-0
26.5514
-0
-0
-0
-0
-0
-0
-0
14.2289
-0
2.47795
-0
-0
-0
-0
-0
-0
-0
-0
-0
4.6699
-0
-0
-0
7.06337
-0
-0
-0
-0
9.84309
-0
-0
-0
-0
-0
13.9935
-0
-0
-0
-0
-0
-0
1.21752
-0
3.75918
-0
-0
-0
-0
-0
-0
-0
1.6372
-0
-0
17.912
10.6086
-0
-0
-0
-0
-0
-0
21.3201
-0
33.0118
-0
-0
14.2915
-0
-0
-0
3.41108
-0
19.7635
-0
0.011179
-0
-0
3.47622
-0
-0
-0
4.97732
-0
36.4906
-0
-0
-0
-0
-0
-0
-0
-0
-0
-0
28.0389
-0
19.0498
-0
-0
-0
-0
-0
-0
-0
-0
-0
-0
-0
-0
-0
14.4203
-0
-0
-0
-0
-0
-0
-0
-0
-0
-0
-0
-0
-0
-0
21.4679
25.1344
5.07341
-0
-0
0.907959
-0
-0
4.44525
50.25
-0
-0
-0
-0
-0
3.34204
-0
-0
18.283
35.5454
-0
-0
-0
7.09077
-0
19.1096
-0
-0
-0
15.8466
18.0701
-0
-0
-0
29.015
-0
-0
-0
-0
-0
-0
16.1868
-0
-0
8.3697
-0
-0
-0
-0
-0
-0
-0
-0
85.3325
-0
1.71214
-0
46.5668
10.1802
-0
-0
-0
-0
-0
36.1599
-0
-0
-0
-0
-0
-0
-0
-0
-0
-0
-0
-0
-0
2.74635
-0
-0
-0
-0
51.6628
19.1784
-0
-0
-0
-0
-0
-0
-0
5.41314
27.788
-0
-0
-0
-0
-0
-0
-0
6.47221
-0
-0
-0
-0
-0
-0
-0
-0
-0
-0
-0
-0
-0
31.6246
-0
-0
54.6148
-0
-0
-0
-0
-0
3.20946
-0
-0
-0
-0
6.23124
-0
-0
-0
-0
-0
-0
-0
-0
4.71223
-0
-0
-0
19.494
-0
-0
-0
21.609
-0
21.8404
-0
-0
4.89611
-0
6.87263
3.60557
-0
-0
-0
0.143989
-0
20.0864
0.312731
11.8413
9.71709
-0
-0
26.0309
-0
16.7001
-0
-0
18.0998
-0
-0
-0
-0
-0
-0
-0
-0
-0
-0
-0
6.4126
-0
-0
-0
-0
-0
-0
9.26148
-0
-0
-0
-0
-0
-0
-0
29.8613
-0
9.35048
-0
10.2473
-0
6.2927
-0
-0
-0
-0
-0
-0
-0
-0
-0
13.6878
-0
-0
-0
-0
0.987139
5.47649
21.6511
-0
-0
-0
-0
-0
-0
-0
-0
0.524138
-0
-0
-0
-0
1.96589
-0
-0
21.035
-0
-0
-0
47.8149
-0
5.44264
-0
-0
-0
-0
-0
-0
-0
-0
-0
-0
-0
10.5366
-0
-0
-0
30.0031
-0
-0
-0
-0
-0
4.53562
1.20953
-0
-0
-0
-0
-0
-0
-0
10.2268
65.6501
-0
-0
-0
19.6211
-0
19.1254
-0
-0
-0
49.012
-0
69.0472
-0
38.5088
-0
0.00504152
18.7302
25.6037
-0
-0
-0
-0
32.2113
-0
30.7303
-0
-0
-0
-0
-0
0.125923
-0
-0
-0
-0
-0
-0
36.3126
-0
-0
20.0989
-0
-0
-0
-0
-0
-0
-0
-0
-0
-0
-0
-0
-0
-0
3.78967
-0
-0
13.402
-0
-0
-0
35.1631
13.0467
12.6295
-0
-0
-0
-0
-0
27.2852
-0
26.187
-0
-0
-0
39.1149
-0
-0
-0
-0
-0
-0
-0
-0
-0
-0
0.780086
11.4591
-0
-0
-0
4.93749
-0
-0
0.730677
-0
-0
29.7205
-0
-0
-0
-0
-0
20.2254
-0
-0
-0
-0
-0
3.20421
28.7875
-0
-0
-0
18.2063
-0
4.28038
-0
-0
-0
-0
-0
-0
-0
-0
-0
29.0337
-0
-0
-0
-0
-0
-0
6.42148
-0
-0
-0
-0
-0
-0
6.67476
-0
-0
-0
5.24183
-0
20.0167
14.1567
-0
-0
-0
-0
-0
2.90373
27.6825
-0
-0
-0
-0
-0
-0
-0
-0
-0
-0
-0
-0
-0
-0
-0
-0
-0
-0
-0
4.92237
-0
-0
-0
-0
-0
17.0824
-0
-0
-0
-0
-0
8.27253
-0
-0
10.2279
-0
-0
-0
-0
-0
-0
11.6332
-0
-0
-0
-0
22.8339
42.7571
-0
-0
-0
3.02005
-0
0.166103
-0
-0
-0
-0
16.7465
22.5229
-0
-0
10.8563
59.062
-0
0.941503
13.8484
-0
-0
29.0084
-0
-0
9.69601
-0
-0
-0
-0
-0
1.4811
-0
27.653
-0
-0
21.6438
-0
-0
-0
-0
-0
-0
20.1307
18.9374
-0
-0
-0
-0
-0
-0
-0
12.2413
-0
-0
-0
-0
12.1387
38.9382
-0
-0
-0
-0
-0
-0
22.0169
-0
-0
-0
-0
-0
-0
-0
-0
-0
-0
11.9322
-0
-0
3.22723
-0
37.6648
4.23214
-0
-0
-0
-0
-0
-0
-0
19.7462
-0
-0
-0
9.69434
-0
-0
-0
-0
-0
-0
-0
-0
-0
-0
-0
-0
-0
-0
-0
25.6521
17.1897
-0
-0
29.7228
19.5941
-0
-0
-0
-0
-0
-0
25.4209
20.6973
-0
43.592
-0
-0
32.2505
-0
-0
-0
-0
-0
-0
1.03015
-0
-0
-0
-0
34.1775
-0
-0
-0
54.9773
-0
-0
-0
-0
0.808802
-0
3.56405
1.08901
-0
-0
-0
-0
-0
-0
30.4446
36.797
-0
-0
-0
-0
-0
-0
1.51915
13.0343
-0
-0
-0
-0
-0
-0
-0
-0
-0
-0
-0
38.777
-0
-0
-0
-0
-0
-0
-0
-0
-0
-0
-0
-0
25.7155
-0
9.90731
-0
19.6097
-0
-0
-0
31.1665
19.2017
-0
-0
-0
-0
-0
-0
-0
-0
-0
-0
31.2013
-0
-0
-0
19.9348
18.2848
-0
-0
-0
1.22999
-0
-0
25.3538
-0
-0
-0
-0
-0
-0
-0
-0
-0
-0
-0
-0
9.2433
34.9686
-0
-0
-0
-0
-0
-0
1.77424
-0
-0
-0
-0
-0
-0
-0
-0
55.1184
-0
-0
-0
9.75232
-0
-0
-0
-0
-0
-0
16.0191
-0
-0
-0
3.65433
-0
5.36039
0.832269
-0
0.0406219
-0
-0
-0
-0
-0
-0
-0
-0
-0
-0
-0
13.6537
-0
-0
-0
-0
36.2095
-0
-0
-0
19.3086
-0
-0
6.31978
-0
1.47908
-0
-0
-0
-0
-0
-0
-0
-0
-0
-0
-0
-0
-0
-0
0.531998
-0
-0
-0
-0
-0
-0
-0
-0
18.5501
48.232
-0
-0
-0
-0
1.67713
0.477882
-0
-0
-0
-0
-0
-0
-0
-0
-0
-0
-0
-0
0.580816
-0
-0
-0
-0
-0
27.1693
-0
-0
-0
-0
4.96591
29.229
-0
9.52041
10.0458
-0
-0
2.41844
-0
-0
1.80704
-0
-0
-0
-0
-0
-0
-0
-0
-0
5.66549
-0
-0
-0
-0
-0
-0
-0
-0
-0
-0
-0
-0
-0
-0
-0
30.759
-0
-0
-0
-0
6.55852
-0
-0
39.3958
8.09742
-0
12.6615
5.51354
-0
-0
8.72042
-0
-0
-0
-0
1.48584
-0
-0
-0
-0
0.401725
-0
27.6035
-0
-0
-0
-0
-0
-0
27.3867
-0
14.3487
-0
0.428821
3.60501
-0
-0
-0
-0
8.31949
-0
-0
9.99524
-0
-0
-0
10.1337
-0
-0
-0
-0
-0
-0
-0
-0
-0
-0
-0
-0
-0
-0
-0
-0
-0
-0
-0
-0
-0
-0
-0
5.25251
-0
5.33517
6.51939
-0
-0
-0
-0
-0
25.5193
0.166975
-0
-0
-0
-0
-0
0.176488
-0
-0
-0
-0
17.4391
-0
-0
-0
-0
12.1876
-0
-0
-0
-0
-0
-0
-0
-0
-0
-0
47.9231
0.253177
-0
-0
43.3293
-0
21.6955
-0
-0
-0
-0
-0
-0
-0
-0
-0
-0
-0
-0
-0
-0
-0
-0
9.56246
-0
-0
3.24945
-0
-0
-0
-0
-0
-0
-0
8.25217
-0
-0
-0
-0
-0
-0
-0
23.1276
-0
-0
8.47435
-0
-0
-0
20.4841
-0
60.8238
-0
-0
-0
-0
-0
-0
-0
-0
-0
-0
-0
56.9612
-0
-0
-0
-0
-0
-0
-0
-0
-0
50.5911
-0
-0
-0
-0
-0
-0
40.9668
-0
12.7218
-0
-0
-0
-0
40.0049
-0
6.54757
18.462
16.2161
11.9173
-0
-0
1.4591
-0
-0
33.2889
25.9167
-0
-0
-0
-0
-0
39.8247
5.5229
14.1172
-0
-0
-0
-0
-0
37.5036
-0
10.9589
-0
-0
-0
-0
-0
-0
-0
-0
-0
-0
-0
2.4682
20.775
-0
20.0695
16.4385
-0
-0
-0
-0
16.7177
36.7719
-0
-0
-0
-0
-0
-0
-0
23.9663
23.8119
-0
-0
-0
-0
-0
5.78242
24.0443
-0
-0
-0
-0
0.232311
-0
-0
32.7775
-0
-0
-0
-0
-0
1.96645
-0
-0
2.26449
-0
10.9112
-0
-0
-0
-0
-0
-0
-0
-0
31.6288
-0
-0
-0
-0
-0
-0
-0
-0
2.43948
-0
3.7361
28.0605
8.72468
-0
-0
-0
-0
22.8564
-0
-0
-0
-0
-0
-0
-0
-0
28.5994
-0
-0
-0
-0
-0
5.54127
18.3521
-0
-0
-0
-0
-0
55.1657
-0
1.15915
-0
-0
60.16
-0
-0
-0
10.2659
-0
-0
-0
-0
-0
-0
-0
-0
-0
-0
-0
-0
-0
33.3692
-0
52.2905
64.8017
18.7957
-0
-0
-0
-0
-0
-0
-0
-0
32.3799
-0
-0
-0
-0
-0
-0
-0
-0
-0
-0
-0
-0
-0
-0
51.2468
-0
-0
-0
-0
-0
-0
-0
-0
-0
-0
7.13732
-0
-0
19.9839
-0
2.84195
9.02006
-0
4.20114
-0
-0
-0
-0
-0
-0
10.4416
-0
2.50348
-0
-0
47.568
-0
-0
-0
-0
-0
-0
62.3938
-0
-0
-0
27.9172
-0
-0
-0
14.734
22.9499
-0
-0
-0
-0
-0
-0
10.3192
-0
-0
-0
-0
-0
1.07164
-0
-0
-0
-0
19.4646
-0
-0
15.3409
-0
-0
32.4131
-0
-0
-0
-0
-0
-0
26.1064
-0
30.0305
-0
-0
-0
-0
35.4112
82.4801
-0
-0
-0
-0
-0
-0
-0
11.0084
-0
-0
-0
-0
-0
-0
-0
-0
-0
-0
-0
-0
-0
13.5976
-0
-0
7.28068
5.72439
-0
-0
-0
-0
-0
-0
-0
-0
-0
20.9876
-0
-0
-0
-0
17.5356
-0
-0
-0
-0
-0
-0
-0
-0
-0
-0
-0
31.3625
-0
-0
-0
-0
47.671
-0
-0
8.02923
-0
14.9997
-0
-0
25.6953
-0
-0
-0
-0
13.1071
-0
-0
-0
-0
-0
29.2574
-0
-0
38.754
-0
-0
-0
-0
-0
-0
-0
19.4413
-0
-0
-0
-0
-0
-0
-0
-0
-0
-0
-0
-0
-0
-0
-0
-0
-0
53.348
-0
-0
-0
-0
-0
-0
-0
1.76086
-0
-0
21.5179
-0
-0
8.68264
-0
7.62618
-0
-0
-0
-0
15.2722
23.0002
-0
-0
-0
-0
-0
-0
-0
14.2168
-0
-0
-0
-0
32.3185
68.4119
-0
-0
-0
-0
3.22223
8.58934
-0
-0
-0
3.18372
-0
-0
2.6576
-0
-0
20.2152
23.519
-0
-0
-0
-0
-0
-0
-0
-0
-0
-0
-0
19.5353
-0
-0
-0
-0
-0
-0
-0
24.0827
-0
29.8304
4.30488
22.0347
-0
1.03905
5.86592
-0
-0
15.2945
2.78398
-0
-0
-0
-0
-0
-0
-0
-0
15.9599
-0
-0
-0
-0
-0
-0
7.97612
-0
-0
-0
-0
37.9806
-0
-0
-0
-0
-0
-0
7.39781
-0
-0
-0
-0
-0
-0
-0
-0
-0
-0
-0
-0
-0
-0
-0
-0
-0
-0
-0
-0
3.1432
-0
-0
7.88825
-0
-0
-0
1.10289
-0
-0
-0
28.5051
-0
-0
-0
5.07644
-0
-0
3.91411
-0
-0
-0
-0
-0
-0
-0
8.1628
36.6683
-0
-0
-0
0.673464
-0
-0
-0
26.4907
-0
-0
-0
-0
36.2112
-0
16.9117
-0
21.8794
-0
-0
1.82421
-0
-0
-0
53.557
21.0731
-0
8.1122
-0
-0
-0
35.3623
52.3435
-0
15.8187
5.3278
51.3061
-0
-0
-0
-0
-0
-0
-0
-0
-0
-0
2.73345
-0
-0
8.01273
-0
-0
-0
-0
-0
8.14636
-0
-0
-0
8.73532
-0
0.673088
-0
-0
-0
-0
-0
-0
-0
-0
-0
-0
-0
-0
2.51965
-0
-0
-0
-0
13.1045
-0
-0
-0
-0
-0
-0
13.0726
-0
10.2526
-0
8.77474
-0
-0
-0
-0
-0
7.18339
-0
-0
-0
-0
-0
-0
-0
-0
