3.09324
-0
-0
-0
-0
6.53973
-0
25.3946
61.8458
-0
38.7156
-0
-0
-0
-0
24.6945
-0
-0
-0
-0
-0
9.95401
-0
-0
-0
-0
7.88409
-0
-0
-0
-0
-0
-0
-0
-0
-0
-0
-0
19.2845
-0
-0
-0
-0
11.8251
-0
-0
-0
-0
-0
-0
-0
-0
-0
-0
-0
-0
-0
3.92645
-0
-0
-0
-0
-0
21.9418
3.32431
-0
-0
51.8084
-0
1.9306
-0
-0
-0
-0
-0
1.22851
8.31874
-0
-0
-0
-0
51.207
-0
14.1273
38.7283
-0
-0
-0
-0
-0
-0
-0
-0
-0
-0
-0
8.90961
-0
-0
-0
-0
-0
-0
-0
24.1553
-0
3.02262
-0
-0
-0
12.2568
-0
-0
-0
-0
48.1299
-0
-0
68.5104
13.6654
-0
-0
-0
-0
18.4506
-0
-0
-0
-0
-0
7.74692
48.4905
-0
-0
-0
-0
-0
60.6202
-0
9.90366
-0
-0
35.1676
-0
38.7829
-0
-0
-0
-0
-0
0.429045
36.1794
-0
-0
15.7546
-0
9.53051
-0
-0
0.434633
-0
-0
-0
56.6773
-0
24.8132
21.6583
-0
-0
39.3309
-0
35.4317
0.338239
-0
-0
-0
-0
-0
35.5006
-0
5.85564
-0
-0
-0
-0
23.2973
-0
-0
16.8645
-0
6.37893
-0
-0
1.35582
-0
-0
-0
21.7944
-0
-0
-0
13.1227
49.6752
-0
-0
-0
-0
38.2601
10.2408
-0
-0
-0
36.4004
-0
-0
10.1446
-0
-0
-0
-0
-0
-0
-0
52.3436
-0
-0
-0
12.6736
2.33741
-0
-0
-0
-0
-0
-0
-0
-0
-0
-0
-0
-0
-0
-0
-0
-0
-0
20.2497
-0
-0
-0
-0
-0
-0
-0
-0
-0
-0
-0
-0
-0
-0
-0
-0
1.08067
-0
-0
17.9566
-0
-0
-0
-0
28.0047
12.1252
35.9282
-0
-0
-0
-0
-0
-0
1.66439
5.64182
-0
29.5213
-0
-0
-0
9.2303
-0
-0
5.69698
31.9602
4.84471
-0
9.73982
-0
-0
-0
-0
62.6168
-0
-0
4.96316
-0
-0
53.4339
-0
-0
30.4422
-0
-0
-0
-0
-0
33.4253
0.648679
-0
-0
-0
1.67973
-0
-0
20.6057
-0
29.0595
-0
-0
-0
-0
13.5107
-0
-0
-0
-0
-0
-0
-0
-0
-0
-0
-0
-0
-0
0.870067
2.59405
-0
-0
0.153631
-0
-0
0.846778
-0
-0
-0
10.3068
-0
-0
-0
-0
-0
48.6806
-0
-0
4.86475
-0
0.196721
-0
-0
5.40534
-0
-0
10.6541
1.2982
8.71501
-0
-0
10.7029
3.59666
-0
-0
-0
-0
18.5992
-0
-0
22.6719
-0
-0
-0
-0
-0
34.2616
-0
-0
-0
-0
-0
3.01579
-0
5.63328
-0
-0
-0
-0
0.841403
-0
-0
-0
-0
15.2173
-0
-0
-0
-0
12.9112
41.6399
-0
-0
-0
-0
-0
-0
-0
-0
-0
-0
3.08941
15.9947
8.77968
-0
-0
2.7784
11.2053
-0
14.0111
-0
53.4461
-0
-0
-0
-0
13.8356
-0
-0
-0
17.9069
-0
9.83928
-0
-0
40.1045
-0
-0
-0
17.3286
-0
-0
41.3186
-0
-0
-0
-0
33.0848
-0
54.663
4.91168
-0
-0
-0
-0
13.2675
21.8125
-0
-0
-0
14.6144
24.2162
-0
-0
7.18236
-0
-0
-0
-0
12.1521
-0
-0
-0
-0
-0
43.6094
-0
-0
33.0649
-0
10.6088
8.81726
-0
-0
13.1823
-0
-0
14.3789
-0
-0
-0
-0
-0
-0
59.5514
-0
-0
0.859199
-0
-0
-0
-0
-0
19.31
-0
-0
-0
-0
51.3156
-0
-0
-0
10.7307
-0
6.62529
-0
-0
-0
-0
62.5685
-0
10.0047
40.0054
-0
-0
-0
-0
-0
-0
-0
12.4927
-0
-0
-0
39.7129
-0
-0
-0
-0
55.4153
44.6604
-0
-0
-0
-0
-0
-0
44.9707
-0
1.66754
-0
-0
-0
-0
28.3838
-0
-0
-0
40.074
17.2989
-0
-0
-0
-0
25.4779
-0
-0
-0
-0
-0
-0
-0
-0
-0
29.4068
-0
-0
-0
-0
-0
-0
-0
-0
35.2122
-0
-0
-0
-0
-0
-0
-0
-0
10.5134
15.3302
27.1033
-0
8.32136
9.36869
-0
-0
-0
46.877
-0
-0
-0
-0
-0
-0
9.79712
-0
-0
-0
-0
15.8315
-0
-0
6.33383
-0
-0
-0
-0
-0
-0
-0
-0
-0
-0
-0
-0
-0
-0
-0
-0
0.510831
-0
-0
-0
-0
-0
33.5264
9.56326
7.67474
-0
-0
-0
-0
9.59602
36.1388
-0
-0
46.3385
-0
-0
-0
-0
-0
-0
-0
-0
35.0196
33.4876
-0
-0
0.522718
31.4941
25.1045
22.144
-0
-0
-0
16.2954
-0
-0
-0
-0
-0
-0
32.8698
-0
-0
22.0758
-0
-0
-0
8.52505
9.72977
-0
-0
33.4335
42.2834
-0
-0
-0
-0
-0
-0
-0
-0
-0
-0
-0
-0
-0
-0
18.5903
-0
-0
-0
-0
-0
-0
-0
-0
18.0486
16.4368
-0
-0
-0
38.9344
-0
-0
-0
-0
-0
-0
-0
-0
-0
-0
-0
11.8573
-0
-0
-0
-0
33.6858
-0
-0
-0
-0
-0
-0
-0
13.3777
-0
-0
22.2948
-0
-0
5.40659
24.5348
-0
8.32085
-0
-0
-0
-0
-0
-0
-0
-0
-0
-0
-0
30.0167
-0
0.711953
-0
-0
-0
-0
-0
27.6979
-0
-0
-0
-0
-0
-0
-0
-0
-0
-0
-0
-0
-0
-0
8.3453
-0
-0
5.49031
-0
32.2717
29.9145
-0
-0
-0
-0
-0
-0
9.98728
-0
8.18414
-0
74.5412
-0
-0
23.5904
-0
-0
-0
-0
4.63388
-0
-0
-0
-0
27.9201
-0
-0
-0
73.7073
11.8973
-0
-0
-0
-0
-0
-0
-0
22.7157
-0
17.2951
-0
2.80079
-0
-0
6.41333
2.41643
-0
-0
8.65152
-0
-0
-0
-0
-0
-0
-0
24.1914
-0
-0
-0
-0
-0
-0
-0
-0
10.0438
-0
62.7447
-0
-0
-0
-0
-0
6.75671
-0
-0
-0
21.715
-0
-0
-0
10.5435
-0
-0
3.50639
-0
-0
-0
41.232
-0
-0
8.15137
-0
-0
-0
6.99993
-0
-0
17.0997
-0
-0
-0
-0
-0
-0
-0
-0
-0
-0
-0
-0
-0
-0
-0
-0
-0
-0
-0
-0
25.7215
-0
-0
-0
-0
14.1166
-0
-0
-0
-0
32.206
-0
40.8161
46.7665
18.2266
-0
53.9003
-0
-0
26.2205
-0
-0
-0
-0
22.6708
-0
-0
-0
-0
-0
-0
-0
-0
-0
-0
9.36667
-0
44.4659
45.3641
-0
-0
-0
38.8901
-0
-0
-0
25.9146
-0
-0
-0
-0
-0
-0
-0
-0
-0
-0
-0
-0
-0
-0
-0
-0
-0
45.9903
-0
-0
-0
-0
26.0215
-0
18.4609
-0
-0
-0
-0
-0
-0
-0
-0
17.9718
-0
-0
1.5485
-0
-0
11.1927
8.01985
-0
-0
-0
-0
-0
-0
-0
-0
9.18853
-0
2.91995
-0
-0
18.3221
33.9112
-0
-0
-0
-0
-0
-0
-0
-0
-0
-0
3.00181
-0
-0
-0
2.04964
-0
-0
-0
-0
-0
-0
10.0193
18.1943
-0
-0
-0
11.0193
-0
-0
-0
-0
-0
3.97002
-0
-0
57.1955
-0
-0
-0
-0
-0
-0
-0
-0
-0
27.9586
-0
-0
40.9794
-0
-0
-0
-0
-0
-0
-0
-0
35.3994
27.0721
-0
-0
-0
-0
-0
-0
9.17955
-0
-0
-0
-0
-0
-0
-0
-0
-0
-0
20.2011
-0
-0
-0
20.0185
-0
-0
1.60011
-0
-0
-0
16.5776
29.5372
-0
-0
-0
-0
-0
-0
-0
-0
-0
-0
-0
-0
-0
13.547
9.04239
-0
-0
-0
-0
-0
43.7857
-0
-0
-0
-0
-0
-0
-0
-0
-0
19.7033
-0
-0
-0
-0
-0
10.6968
-0
-0
57.6117
40.8767
-0
-0
-0
-0
-0
21.5634
-0
-0
-0
-0
-0
-0
-0
-0
2.95341
20.0249
-0
-0
8.93252
-0
-0
37.7148
57.5173
11.0552
69.543
-0
26.5612
-0
-0
-0
-0
-0
-0
21.3622
-0
-0
-0
18.7553
-0
17.643
-0
-0
-0
22.8908
-0
30.8686
-0
-0
-0
-0
-0
-0
6.14263
-0
-0
-0
-0
-0
19.2108
-0
7.03471
-0
-0
-0
-0
-0
-0
-0
34.7211
-0
-0
57.8772
6.2596
-0
-0
-0
25.7171
-0
20.2209
-0
-0
-0
-0
-0
-0
-0
-0
-0
-0
20.8283
-0
-0
8.16919
-0
5.90941
-0
16.0797
-0
8.38246
-0
26.6786
-0
15.5002
-0
-0
-0
-0
-0
-0
63.8987
17.9386
-0
-0
3.71968
-0
-0
-0
-0
-0
-0
-0
-0
6.10957
-0
-0
-0
6.34145
22.2571
4.95164
44.4152
-0
19.8824
43.8848
15.8997
-0
32.3425
9.85568
12.0654
-0
-0
-0
13.7721
-0
-0
-0
-0
35.5838
58.9127
-0
-0
7.58814
2.98783
-0
-0
5.82016
-0
-0
-0
31.3267
-0
-0
-0
31.3726
46.7688
17.3497
-0
11.2307
-0
-0
-0
29.1251
23.4858
-0
-0
-0
29.746
-0
-0
-0
0.216668
14.8118
-0
26.2279
-0
7.58966
-0
18.0799
20.2151
-0
-0
-0
-0
23.3486
16.3541
-0
-0
-0
-0
-0
-0
-0
13.1581
12.6337
-0
-0
-0
36.8579
-0
25.3158
36.1904
-0
-0
-0
68.4433
-0
6.51776
-0
-0
-0
-0
-0
-0
-0
-0
1.30705
-0
5.21
-0
-0
-0
-0
-0
13.665
-0
40.7047
-0
-0
49.3804
-0
-0
-0
-0
-0
-0
-0
18.1438
-0
17.3316
-0
-0
-0
-0
-0
-0
-0
57.6126
-0
-0
-0
-0
15.5341
-0
-0
-0
-0
-0
-0
-0
-0
-0
-0
-0
-0
9.05957
19.0092
34.9301
-0
1.48111
24.1755
-0
-0
28.1112
0.193578
-0
2.80345
-0
-0
-0
-0
-0
-0
-0
17.5284
-0
7.15241
-0
-0
-0
-0
-0
-0
-0
-0
-0
-0
-0
-0
-0
-0
-0
-0
12.6613
-0
-0
-0
59.7198
-0
-0
-0
-0
-0
-0
-0
-0
-0
-0
-0
-0
-0
-0
52.8794
-0
5.22036
-0
84.7825
-0
-0
-0
41.6411
-0
-0
-0
-0
-0
15.0646
-0
-0
-0
-0
-0
2.57933
-0
-0
-0
70.2771
-0
-0
-0
-0
-0
-0
0.48374
-0
-0
-0
-0
-0
-0
-0
-0
42.396
-0
-0
-0
-0
-0
-0
-0
-0
-0
-0
-0
-0
4.68243
-0
-0
-0
-0
-0
-0
-0
4.80854
-0
-0
-0
-0
-0
-0
10.1257
32.1982
-0
17.159
-0
-0
-0
-0
-0
-0
-0
-0
-0
-0
-0
-0
29.8127
-0
-0
-0
-0
-0
-0
28.7607
15.3418
27.4195
34.2323
-0
-0
-0
-0
-0
-0
38.2035
-0
-0
-0
-0
66.3301
-0
-0
-0
-0
-0
-0
-0
14.1975
-0
-0
-0
-0
9.56991
-0
-0
-0
-0
-0
-0
54.2293
-0
-0
40.8697
-0
4.15098
24.4175
-0
-0
-0
-0
-0
-0
-0
2.67881
27.708
4.01876
-0
-0
-0
-0
-0
-0
-0
-0
-0
-0
-0
9.70682
2.86027
-0
10.5959
-0
2.82755
17.5098
8.639
-0
-0
-0
-0
-0
71.9852
-0
-0
-0
-0
-0
-0
22.7634
27.3411
4.89852
-0
-0
-0
-0
-0
-0
-0
-0
-0
-0
-0
25.541
-0
-0
-0
-0
-0
-0
-0
35.3028
-0
3.83333
12.7078
-0
-0
1.06774
-0
-0
-0
-0
-0
-0
-0
-0
-0
-0
11.0824
-0
0.444704
-0
-0
44.9235
-0
-0
-0
-0
-0
-0
51.1319
31.0215
-0
-0
-0
-0
-0
1.56202
-0
-0
-0
-0
-0
-0
-0
27.8327
-0
3.94873
-0
-0
6.99582
-0
-0
-0
-0
-0
45.8586
18.7865
-0
23.5224
-0
-0
16.9362
-0
-0
-0
-0
-0
-0
-0
-0
-0
-0
33.1568
38.568
-0
-0
-0
-0
-0
-0
-0
-0
-0
-0
-0
-0
10.7617
-0
16.4544
-0
-0
16.0537
-0
-0
-0
9.7005
4.59852
-0
-0
8.59269
-0
-0
-0
17.7181
-0
2.41728
51.8555
-0
-0
-0
8.08845
28.0849
-0
-0
-0
-0
-0
-0
-0
2.4581
-0
-0
-0
7.50702
-0
-0
-0
23.8037
-0
-0
-0
-0
-0
-0
-0
-0
-0
-0
-0
-0
5.17802
35.3317
-0
30.1692
-0
-0
-0
-0
-0
-0
-0
-0
-0
-0
-0
-0
3.47571
-0
2.86211
-0
-0
-0
27.7452
-0
-0
-0
-0
-0
-0
-0
-0
-0
-0
36.0022
4.64642
-0
-0
-0
-0
-0
-0
2.36376
-0
-0
-0
-0
60.7572
41.378
26.1654
0.862773
-0
-0
29.509
-0
-0
-0
-0
-0
-0
-0
11.8319
-0
-0
-0
-0
-0
-0
-0
-0
-0
-0
-0
-0
7.27053
-0
-0
-0
11.9695
-0
-0
37.2995
41.6901
-0
-0
-0
-0
-0
11.4906
-0
-0
-0
35.9477
-0
7.56376
-0
63.8647
-0
4.569
15.8876
1.01624
-0
-0
-0
-0
-0
45.5076
-0
4.05156
-0
-0
-0
-0
15.354
-0
-0
-0
8.21098
-0
62.6036
-0
-0
-0
-0
-0
-0
-0
32.4524
-0
-0
-0
-0
-0
-0
14.218
-0
-0
-0
57.7827
44.077
12.1447
4.81883
-0
10.405
-0
37.8222
-0
-0
-0
-0
-0
-0
-0
-0
31.8431
25.1023
-0
-0
-0
-0
30.7141
46.0484
-0
-0
-0
-0
7.37514
-0
-0
-0
2.76646
-0
-0
-0
-0
-0
-0
-0
1.94053
-0
50.0622
-0
-0
-0
-0
0.283316
-0
-0
-0
-0
8.73752
60.095
10.9252
-0
11.7164
-0
-0
34.9023
-0
-0
-0
-0
14.4825
-0
-0
-0
37.9874
21.5287
-0
65.0567
-0
-0
-0
17.1483
-0
22.2185
-0
5.13313
-0
-0
53.57
42.8989
-0
-0
-0
-0
5.56643
-0
-0
-0
-0
60.1356
-0
-0
-0
-0
28.7765
-0
-0
63.8686
-0
-0
2.02761
11.6303
-0
17.6932
-0
-0
-0
-0
-0
-0
-0
-0
-0
-0
-0
-0
-0
-0
-0
-0
14.195
0.780219
-0
-0
63.187
-0
-0
-0
-0
-0
-0
24.1759
-0
-0
-0
-0
-0
-0
-0
-0
-0
-0
-0
-0
-0
-0
6.16219
21.197
-0
20.0932
-0
4.00009
-0
30.543
-0
-0
-0
-0
-0
-0
-0
-0
29.289
14.973
24.3396
16.5737
37.2734
-0
-0
-0
-0
19.6125
9.17482
-0
-0
38.2852
-0
-0
40.4078
40.041
-0
26.6061
-0
-0
-0
13.1399
-0
-0
19.6896
-0
-0
-0
-0
-0
-0
-0
9.48783
32.4952
-0
-0
-0
-0
-0
19.3914
-0
33.5592
16.6916
-0
-0
-0
-0
-0
21.6264
5.55235
-0
13.411
-0
-0
-0
-0
-0
-0
-0
13.3107
12.7911
-0
5.74626
31.9838
29.6147
-0
-0
-0
-0
5.27019
1.07111
-0
-0
-0
9.34201
-0
-0
-0
-0
-0
-0
44.0503
-0
-0
-0
-0
-0
-0
-0
-0
29.1187
-0
18.3325
-0
7.78141
-0
-0
-0
-0
1.59217
-0
-0
-0
-0
-0
2.70522
-0
-0
-0
-0
18.4795
-0
-0
28.6635
-0
2.52218
-0
50.3088
-0
-0
-0
-0
-0
-0
53.518
20.215
-0
-0
-0
-0
-0
-0
35.6994
-0
-0
-0
-0
-0
-0
-0
-0
-0
-0
-0
-0
-0
-0
-0
-0
-0
-0
-0
-0
8.72269
-0
-0
-0
-0
-0
-0
-0
-0
-0
-0
-0
-0
4.11999
1.34857
-0
-0
-0
-0
-0
-0
-0
-0
-0
-0
-0
-0
-0
-0
30.8031
-0
54.9241
-0
-0
23.5343
-0
-0
-0
-0
-0
-0
-0
5.80723
18.5428
-0
-0
-0
-0
-0
-0
-0
-0
-0
-0
-0
-0
-0
-0
-0
-0
-0
-0
27.555
32.6062
-0
0.800729
-0
-0
15.5824
11.8593
-0
-0
1.03533
-0
-0
-0
-0
-0
-0
-0
-0
-0
-0
28.262
54.3478
-0
35.0609
-0
13.2585
3.81477
-0
-0
-0
3.34356
-0
14.8139
-0
-0
44.9653
38.4302
-0
-0
-0
3.91491
-0
-0
5.41787
-0
-0
-0
-0
-0
43.0518
32.6505
-0
-0
-0
15.245
-0
-0
-0
-0
-0
6.35972
-0
-0
-0
-0
-0
-0
-0
-0
-0
-0
-0
-0
-0
17.6184
-0
-0
-0
-0
-0
59.7387
-0
-0
-0
-0
-0
-0
-0
51.0159
-0
-0
28.3491
3.31393
0.615836
-0
-0
-0
-0
-0
-0
33.2676
2.73604
-0
-0
-0
15.1985
-0
-0
-0
-0
-0
-0
-0
-0
-0
-0
-0
-0
4.06689
-0
33.5736
-0
-0
-0
-0
-0
-0
-0
-0
5.17889
-0
-0
-0
-0
-0
-0
8.41241
-0
-0
-0
-0
-0
13.4523
-0
-0
-0
-0
-0
-0
-0
-0
39.1934
-0
15.0025
-0
-0
-0
-0
-0
-0
-0
-0
24.8269
-0
8.05894
-0
-0
-0
-0
-0
-0
-0
-0
8.08573
-0
-0
-0
62.3329
-0
-0
-0
-0
-0
-0
9.34619
7.23548
-0
-0
56.2955
-0
-0
-0
-0
-0
-0
40.7536
-0
23.3266
-0
0.839992
-0
1.49505
-0
-0
-0
-0
-0
19.2456
-0
-0
-0
-0
-0
-0
-0
13.3467
-0
-0
-0
8.88888
-0
-0
-0
-0
-0
-0
-0
-0
-0
-0
5.31394
-0
-0
-0
-0
-0
-0
7.67914
12.8018
-0
-0
-0
-0
-0
-0
-0
-0
-0
-0
28.9172
-0
-0
-0
-0
-0
-0
-0
-0
-0
-0
-0
-0
-0
-0
-0
5.58836
-0
39.2658
-0
-0
-0
-0
-0
22.0992
-0
-0
-0
-0
-0
-0
-0
-0
-0
-0
-0
-0
-0
-0
-0
-0
-0
-0
-0
-0
-0
-0
-0
-0
11.8124
-0
-0
12.2261
0.839389
-0
-0
-0
-0
-0
5.75646
-0
45.8154
12.5236
-0
-0
-0
59.3637
-0
-0
27.9534
-0
-0
-0
-0
-0
-0
-0
-0
-0
-0
4.72501
-0
-0
-0
-0
65.5244
-0
-0
-0
11.8334
3.63963
-0
-0
15.8894
-0
-0
-0
-0
-0
-0
-0
-0
-0
-0
-0
11.5051
-0
-0
-0
-0
-0
-0
-0
-0
-0
-0
-0
-0
-0
-0
-0
-0
-0
31.714
6.89723
-0
-0
-0
-0
-0
-0
-0
-0
-0
17.1293
-0
-0
-0
62.6342
20.6287
-0
-0
-0
-0
-0
-0
-0
-0
-0
9.094
-0
18.3819
-0
-0
13.4714
9.38125
8.70335
14.0138
0.562133
-0
11.7869
-0
16.5671
-0
-0
-0
-0
-0
-0
-0
19.5197
-0
22.4727
-0
66.7567
21.7461
-0
-0
51.1502
-0
25.5537
-0
-0
-0
-0
-0
-0
-0
-0
-0
24.6434
-0
-0
48.1899
-0
-0
-0
35.8753
-0
-0
4.48091
-0
52.5802
-0
-0
2.80148
8.97708
-0
0.584633
-0
-0
62.8428
-0
-0
-0
-0
-0
7.033
32.1553
-0
-0
-0
-0
-0
-0
-0
-0
-0
-0
-0
2.84378
-0
-0
-0
34.7004
-0
-0
-0
-0
-0
-0
29.6303
58.6561
-0
-0
3.70879
-0
-0
-0
-0
-0
2.31723
-0
-0
-0
-0
-0
-0
22.025
45.1224
-0
-0
-0
-0
-0
-0
-0
-0
14.6449
8.45148
27.3166
-0
0.150733
28.5545
-0
25.3912
-0
34.2879
6.10123
-0
-0
-0
55.9788
-0
-0
8.90115
-0
-0
49.3753
-0
-0
29.6906
-0
-0
-0
-0
-0
-0
-0
17.3399
-0
-0
-0
-0
-0
-0
-0
7.88572
-0
48.0052
-0
-0
-0
-0
-0
2.08056
-0
-0
-0
-0
-0
-0
18.2154
15.1775
32.8147
-0
19.5624
-0
-0
31.2299
-0
14.2213
-0
-0
-0
-0
-0
-0
-0
15.4767
-0
-0
21.9926
-0
12.4674
20.161
19.0935
-0
-0
-0
-0
-0
-0
-0
-0
-0
-0
72.6367
-0
-0
23.7383
-0
-0
-0
41.718
-0
-0
-0
-0
-0
-0
-0
-0
-0
-0
-0
-0
-0
7.89355
-0
0.350631
24.1951
-0
-0
-0
-0
-0
-0
14.7731
-0
-0
25.7955
-0
-0
-0
-0
-0
-0
-0
-0
-0
-0
-0
-0
41.858
38.7711
57.6262
-0
-0
-0
-0
-0
-0
-0
-0
0.807269
-0
5.98853
-0
-0
-0
-0
-0
-0
-0
22.701
-0
-0
-0
-0
59.3117
-0
-0
-0
-0
-0
-0
0.340529
-0
-0
-0
-0
-0
-0
-0
-0
24.2901
-0
-0
-0
-0
-0
-0
-0
-0
-0
0.0532954
-0
-0
-0
-0
19.0328
-0
0.938937
-0
-0
10.7649
80.4359
-0
-0
-0
-0
-0
36.7127
-0
-0
-0
-0
4.25832
-0
-0
-0
-0
14.1147
42.0876
1.29569
-0
-0
-0
40.272
4.95311
10.78
-0
-0
-0
-0
-0
-0
-0
-0
-0
-0
-0
3.17841
-0
16.904
27.3815
18.8251
-0
-0
-0
16.9088
-0
-0
-0
-0
-0
-0
-0
1.55442
-0
1.78389
24.0059
-0
-0
-0
-0
-0
13.4576
-0
-0
20.3043
-0
-0
-0
-0
-0
57.462
-0
-0
7.85466
-0
0.608645
-0
10.2823
-0
-0
-0
-0
-0
-0
-0
-0
-0
-0
-0
-0
7.51631
-0
-0
-0
-0
-0
-0
-0
6.25908
-0
-0
-0
15.7206
6.60581
-0
-0
-0
16.0113
-0
-0
-0
-0
15.657
-0
-0
-0
-0
30.3709
-0
-0
-0
-0
4.19247
-0
-0
35.081
-0
-0
-0
-0
44.2712
-0
2.76585
-0
-0
11.7116
-0
-0
-0
-0
-0
-0
-0
-0
-0
-0
-0
-0
-0
-0
16.4146
-0
-0
45.9305
-0
10.1
37.828
-0
-0
5.32326
26.9623
-0
-0
-0
-0
2.47527
-0
-0
0.451425
-0
-0
-0
-0
-0
-0
13.6779
-0
-0
-0
-0
39.283
-0
-0
-0
10.7499
-0
2.83213
66.6159
-0
-0
-0
-0
10.7059
-0
-0
-0
-0
-0
-0
17.583
-0
-0
40.7144
-0
-0
-0
-0
-0
38.6533
-0
-0
-0
-0
-0
-0
-0
-0
-0
-0
-0
-0
-0
-0
71.9829
-0
-0
-0
-0
21.2306
-0
-0
-0
-0
-0
3.87492
6.28376
-0
25.2019
9.39192
-0
64.4739
-0
-0
-0
-0
15.1229
-0
-0
-0
-0
-0
51.9708
-0
6.34516
-0
-0
51.1182
-0
-0
-0
-0
-0
-0
-0
20.5784
-0
15.3487
-0
4.52131
16.5241
-0
-0
-0
-0
-0
22.0001
25.9835
-0
5.86429
39.9956
-0
-0
9.79127
-0
-0
12.2373
-0
2.41429
-0
-0
-0
-0
-0
-0
-0
-0
-0
-0
21.2721
-0
-0
-0
-0
19.3063
-0
-0
-0
12.7801
14.0092
11.0932
-0
-0
-0
14.1058
-0
-0
-0
-0
-0
-0
-0
-0
-0
32.5472
22.6208
-0
-0
21.5323
-0
-0
-0
-0
-0
-0
2.71442
21.7021
-0
-0
-0
-0
1.12944
-0
-0
-0
12.4963
-0
-0
15.6204
-0
-0
-0
0.964196
-0
-0
95.6204
-0
-0
-0
-0
-0
-0
-0
-0
-0
-0
-0
28.1103
-0
-0
-0
17.2022
-0
1.55997
15.1004
-0
-0
29.4613
-0
-0
-0
-0
-0
-0
34.5394
3.04947
3.9891
-0
-0
-0
-0
45.9899
-0
-0
19.134
9.08599
-0
15.6343
-0
-0
-0
-0
-0
-0
-0
1.17543
-0
1.39382
-0
65.4445
4.97767
4.80943
-0
-0
9.61705
-0
-0
18.3287
-0
-0
-0
-0
-0
-0
-0
-0
-0
3.98869
-0
-0
-0
-0
1.53944
9.35784
-0
8.16258
-0
14.5492
-0
-0
27.7905
27.2043
-0
-0
-0
-0
-0
-0
-0
-0
3.03465
-0
0.14499
-0
-0
-0
-0
50.0329
-0
-0
-0
-0
45.6553
5.9473
-0
-0
-0
-0
-0
-0
-0
20.9009
-0
41.5382
48.4015
-0
4.76208
-0
-0
-0
-0
-0
-0
-0
-0
-0
-0
-0
-0
-0
-0
41.9524
-0
-0
-0
-0
-0
-0
-0
34.3329
-0
-0
-0
-0
-0
-0
37.648
-0
30.4313
-0
-0
-0
-0
-0
-0
-0
2.94783
-0
39.1114
-0
-0
-0
-0
-0
-0
-0
-0
7.53772
-0
-0
-0
-0
2.45631
-0
-0
-0
-0
4.24834
-0
-0
-0
10.5175
-0
-0
-0
18.8605
-0
5.59404
18.937
-0
-0
33.2484
2.81099
-0
0.183203
-0
-0
-0
3.1894
-0
-0
55.8322
-0
-0
-0
-0
-0
-0
-0
-0
-0
-0
-0
-0
-0
-0
25.895
-0
-0
-0
-0
-0
-0
-0
-0
-0
31.1171
-0
-0
-0
14.4711
-0
-0
70.8656
-0
-0
-0
-0
-0
-0
-0
-0
-0
30.9464
-0
12.4404
-0
38.2408
15.7812
-0
-0
10.482
20.0663
-0
-0
-0
-0
-0
-0
21.7581
15.3673
-0
45.2576
-0
18.3977
-0
31.2658
-0
-0
-0
-0
-0
-0
52.1519
-0
6.2766
49.2911
-0
-0
-0
-0
31.0595
-0
-0
49.3687
-0
-0
16.9796
37.0427
-0
-0
-0
-0
-0
25.2127
-0
52.5413
-0
33.1164
-0
-0
-0
1.74289
10.3431
-0
-0
-0
-0
21.9309
-0
38.1164
-0
-0
-0
-0
-0
10.1485
-0
-0
-0
-0
-0
-0
-0
47.9634
-0
14.8815
-0
27.971
-0
-0
-0
-0
-0
-0
16.6845
-0
-0
40.0561
-0
-0
5.70877
-0
-0
21.7742
-0
-0
-0
2.41192
-0
-0
-0
-0
-0
-0
-0
-0
-0
49.1156
-0
-0
-0
5.29125
-0
-0
-0
-0
13.5788
-0
-0
-0
33.3615
-0
-0
-0
25.5972
-0
-0
17.5872
-0
-0
-0
16.3556
-0
-0
-0
-0
-0
-0
-0
36.346
-0
-0
-0
-0
-0
7.51389
73.6174
-0
-0
-0
-0
-0
-0
-0
4.09764
-0
0.874699
-0
-0
-0
43.5895
-0
32.4913
-0
39.5784
99.8597
-0
-0
22.6653
-0
-0
17.2587
-0
1.91859
-0
-0
-0
-0
-0
-0
-0
-0
-0
-0
-0
-0
-0
-0
-0
-0
-0
-0
26.2529
13.7296
16.2594
-0
-0
-0
1.98347
-0
-0
-0
-0
-0
-0
-0
42.5588
-0
-0
-0
44.9594
-0
-0
-0
-0
-0
52.5933
-0
-0
-0
-0
-0
5.52136
-0
-0
-0
-0
17.9134
-0
-0
34.8574
-0
-0
1.86168
0.279708
-0
60.6985
-0
-0
-0
-0
-0
-0
-0
89.6088
-0
-0
-0
-0
-0
22.146
-0
0.960712
-0
-0
3.46601
15.4577
2.26067
-0
0.514033
-0
-0
22.3622
-0
-0
-0
-0
-0
-0
39.3517
-0
-0
-0
-0
-0
-0
-0
-0
-0
-0
-0
-0
-0
9.33338
9.42746
-0
1.0426
-0
-0
-0
-0
-0
-0
-0
-0
-0
-0
-0
-0
-0
-0
6.45442
-0
-0
-0
6.42762
-0
32.1236
-0
5.79871
-0
-0
-0
-0
-0
-0
-0
34.99
-0
-0
-0
-0
-0
-0
-0
-0
-0
-0
-0
-0
34.0719
-0
-0
-0
6.09188
-0
-0
21.6685
18.4139
-0
-0
40.356
-0
-0
34.6746
-0
-0
-0
56.3131
58.268
-0
-0
5.56181
24.9513
-0
17.9255
-0
-0
-0
-0
-0
-0
-0
-0
3.09718
-0
-0
-0
-0
-0
-0
-0
-0
-0
-0
-0
-0
18.152
27.9843
49.6518
39.6792
-0
-0
-0
28.3235
-0
-0
-0
7.72012
6.75046
-0
-0
-0
-0
5.89941
-0
-0
81.8506
-0
47.1495
-0
-0
-0
-0
-0
13.5281
8.30778
-0
-0
-0
-0
-0
-0
-0
6.71316
-0
-0
-0
-0
-0
-0
-0
-0
