3.57561
-0
-0
-0
-0
30.0953
-0
36.5497
76.1673
-0
70.5864
-0
-0
-0
-0
30.3557
-0
-0
-0
-0
-0
12.6883
-0
-0
0.318921
-0
28.6431
-0
-0
-0
-0
-0
-0
-0
2.13905
-0
-0
-0
1.90676
-0
-0
-0
-0
61.0783
-0
-0
-0
-0
-0
2.52317
-0
-0
-0
-0
-0
-0
-0
1.67517
-0
-0
-0
-0
-0
24.7692
-0
-0
-0
48.7216
-0
2.30668
-0
-0
-0
-0
-0
0.0174731
7.92728
-0
-0
-0
-0
49.5157
-0
-0
35.265
-0
-0
-0
-0
0.710624
-0
-0
-0
-0
-0
-0
4.56766
-0
-0
-0
-0
-0
-0
7.12928
12.7649
-0
-0
-0
-0
-0
-0
-0
-0
-0
-0
28.9987
-0
-0
92.1114
30.0283
-0
-0
3.39708
-0
-0
-0
-0
-0
-0
-0
18.4579
41.5456
-0
-0
-0
-0
-0
87.353
-0
15.3419
-0
-0
8.59603
-0
-0
-0
-0
-0
-0
-0
-0
13.8184
-0
-0
2.80872
-0
39.4343
-0
-0
1.46803
-0
-0
-0
45.9211
17.0826
19.356
16.0666
10.5444
-0
38.03
-0
38.5794
-0
-0
-0
-0
-0
-0
-0
-0
-0
-0
-0
-0
-0
8.78
-0
-0
42.0434
-0
6.70123
-0
7.97691
-0
-0
-0
-0
7.35096
-0
-0
-0
25.905
55.8285
-0
-0
-0
-0
25.4809
14.8495
-0
-0
-0
57.6634
-0
-0
-0
1.70108
-0
-0
-0
-0
-0
-0
44.278
-0
-0
-0
18.1355
-0
-0
-0
-0
-0
-0
-0
1.28731
-0
-0
-0
-0
-0
-0
-0
-0
-0
-0
20.3676
-0
-0
-0
-0
-0
-0
-0
-0
-0
-0
-0
-0
-0
10.5893
-0
-0
-0
-0
-0
-0
-0
-0
-0
-0
50.8977
13.9804
55.9593
-0
-0
-0
-0
-0
-0
18.1344
9.74367
-0
27.2216
-0
-0
3.26172
15.3166
-0
-0
-0
35.7837
44.7604
-0
37.9914
-0
-0
-0
-0
79.537
-0
-0
2.3251
-0
10.217
64.6973
-0
-0
24.8985
-0
-0
-0
-0
-0
15.2556
0.142912
-0
-0
-0
1.90107
-0
-0
-0
-0
22.9739
-0
-0
9.11695
-0
24.0419
-0
-0
-0
-0
-0
-0
-0
-0
-0
1.12893
-0
-0
-0
6.70127
19.0609
-0
-0
-0
-0
-0
-0
-0
-0
-0
7.52236
-0
-0
-0
-0
-0
39.231
-0
-0
-0
-0
1.37342
-0
-0
-0
-0
-0
13.5214
0.80077
1.85626
-0
-0
-0
-0
-0
-0
-0
-0
-0
-0
-0
25.2157
-0
-0
-0
-0
13.084
19.5568
-0
-0
-0
1.2112
-0
-0
-0
35.3176
5.05712
0.180633
-0
-0
19.7225
-0
-0
-0
-0
-0
-0
-0
-0
-0
29.2574
55.9118
-0
-0
-0
-0
-0
-0
-0
-0
-0
6.26628
9.39927
13.3746
7.18764
-0
-0
8.28767
15.8002
-0
45.6139
-0
29.8554
-0
-0
-0
-0
-0
-0
-0
-0
16.728
-0
-0
-0
-0
33.0145
19.0719
-0
-0
19.9304
-0
-0
14.7615
-0
-0
-0
-0
2.35328
-0
59.0973
-0
-0
-0
-0
-0
-0
26.1325
-0
-0
-0
19.3097
0.382506
-0
-0
33.8417
-0
-0
-0
-0
4.74595
-0
-0
2.58635
-0
-0
36.6923
-0
-0
5.03672
-0
10.0023
-0
-0
-0
38.1269
-0
-0
32.9638
18.5374
-0
-0
-0
-0
-0
36.1193
-0
-0
-0
-0
-0
-0
1.06084
-0
31.3189
-0
-0
-0
-0
34.9336
-0
-0
-0
15.6052
-0
6.20743
-0
-0
-0
-0
50.3131
-0
12.9679
50.9295
-0
-0
-0
-0
-0
-0
-0
16.1242
8.58934
-0
19.2494
27.1298
3.23503
-0
-0
-0
50.8222
66.2337
-0
-0
-0
-0
-0
-0
48.9532
-0
0.649676
-0
-0
-0
-0
16.4862
-0
-0
-0
44.6756
27.2503
-0
-0
-0
9.52797
-0
-0
-0
-0
-0
-0
-0
-0
-0
-0
45.8605
-0
-0
-0
-0
-0
-0
20.4802
-0
22.4949
-0
-0
-0
-0
-0
-0
-0
-0
5.28431
8.92219
56.0442
-0
4.62678
22.6977
-0
-0
-0
56.7132
-0
-0
-0
-0
-0
-0
32.6109
-0
-0
-0
-0
26.7048
-0
-0
8.76859
-0
-0
-0
-0
-0
-0
-0
9.66713
-0
-0
-0
-0
28.67
-0
-0
-0
18.6131
-0
-0
-0
-0
-0
21.1885
6.96409
5.91899
-0
-0
-0
-0
27.0535
25.5852
23.562
-0
36.5657
0.982323
-0
-0
-0
-0
-0
-0
11.4699
3.68686
10.2784
-0
-0
0.634558
31.149
-0
8.70701
-0
-0
-0
33.4443
-0
-0
-0
-0
-0
-0
46.8816
-0
-0
32.333
-0
-0
-0
-0
20.2624
-0
-0
44.2415
11.5182
-0
-0
-0
-0
-0
-0
10.7966
-0
-0
-0
-0
-0
-0
-0
3.69812
-0
-0
-0
-0
-0
-0
-0
-0
29.6614
-0
-0
-0
-0
18.4943
6.45414
-0
-0
-0
-0
-0
-0
1.29822
-0
-0
-0
21.7324
-0
-0
-0
-0
30.8965
-0
-0
-0
-0
-0
-0
-0
18.3384
-0
0.174845
10.7825
-0
-0
-0
36.1666
-0
29.3702
-0
0.598335
-0
-0
-0
-0
-0
-0
-0
-0
-0
27.8392
-0
-0
-0
-0
-0
-0
4.77152
33.8516
-0
-0
-0
-0
-0
-0
14.131
-0
-0
-0
-0
-0
-0
-0
40.0651
-0
0.358411
16.7994
-0
57.88
42.8964
-0
-0
-0
-0
-0
-0
36.5785
-0
20.103
-0
42.8482
-0
-0
8.84606
-0
-0
-0
-0
6.12045
2.93397
-0
-0
-0
18.1999
-0
-0
-0
49.0144
16.0976
-0
-0
-0
1.27781
-0
-0
-0
10.813
7.27252
6.9305
-0
17.6612
-0
-0
-0
8.52515
-0
-0
26.6662
-0
-0
0.0390601
-0
0.295639
-0
-0
8.73714
-0
-0
-0
-0
11.0727
-0
-0
-0
-0
-0
66.0051
3.96893
-0
-0
-0
-0
18.0639
-0
-0
-0
19.6172
2.7451
-0
4.87171
-0
-0
-0
-0
8.09076
-0
-0
39.2128
-0
-0
24.4045
-0
-0
-0
-0
-0
-0
21.6663
-0
-0
-0
25.2446
-0
-0
-0
-0
-0
-0
23.2838
-0
-0
-0
-0
-0
14.0021
9.82697
-0
-0
53.2251
-0
-0
-0
-0
18.6275
-0
-0
-0
-0
50.5426
-0
6.0668
28.4515
-0
-0
37.144
-0
-0
18.0432
-0
-0
-0
-0
37.2023
-0
-0
-0
-0
-0
-0
-0
-0
-0
-0
-0
-0
67.6039
50.1875
-0
-0
-0
51.7199
-0
-0
-0
1.37684
-0
-0
-0
-0
-0
-0
-0
-0
-0
-0
-0
-0
-0
-0
-0
-0
-0
63.3702
-0
-0
-0
-0
26.574
-0
35.9505
-0
-0
-0
-0
-0
-0
-0
-0
22.1012
-0
-0
-0
-0
-0
-0
17.678
-0
-0
-0
-0
-0
-0
-0
-0
-0
-0
19.971
-0
-0
-0
20.2809
-0
-0
-0
-0
-0
-0
-0
-0
-0
-0
6.12246
-0
-0
-0
25.5812
-0
-0
-0
-0
-0
-0
8.14961
21.1502
-0
-0
-0
38.5131
-0
-0
-0
-0
-0
-0
-0
-0
39.8038
-0
-0
-0
-0
-0
-0
-0
-0
-0
29.6863
-0
-0
35.2088
-0
-0
-0
-0
-0
-0
-0
-0
54.5528
12.0493
4.59147
-0
-0
-0
-0
-0
15.4934
-0
-0
-0
-0
4.507
-0
17.242
-0
-0
-0
17.8031
-0
-0
-0
40.2587
-0
-0
15.7016
-0
-0
-0
-0
38.387
20.7321
-0
-0
-0
-0
-0
-0
-0
-0
-0
23.0026
-0
-0
18.865
9.2339
-0
-0
-0
-0
-0
39.4789
-0
-0
-0
-0
7.33773
-0
-0
-0
-0
8.79218
-0
-0
-0
-0
-0
64.2091
-0
-0
37.8747
13.6561
-0
-0
-0
-0
-0
10.4389
-0
-0
-0
-0
-0
-0
14.0908
13.0366
12.0578
15.9325
-0
-0
19.6119
-0
-0
30.8537
59.7619
25.2653
83.2125
-0
5.93976
-0
-0
-0
-0
-0
-0
9.53354
-0
-0
-0
6.67454
-0
-0
-0
-0
-0
8.16469
-0
14.9618
-0
-0
-0
-0
-0
-0
8.2237
16.3303
-0
-0
-0
-0
-0
-0
-0
-0
-0
-0
-0
-0
-0
-0
48.7831
-0
-0
53.3748
1.90829
-0
-0
-0
15.14
-0
26.992
-0
-0
-0
-0
1.30018
-0
-0
-0
1.49798
-0
18.6438
-0
-0
4.26318
-0
-0
8.44654
7.53028
-0
10.12
-0
6.19457
4.7141
21.2082
-0
-0
-0
-0
-0
-0
53.6506
-0
-0
-0
16.9857
-0
-0
4.95498
-0
-0
-0
-0
7.55558
-0
-0
-0
-0
3.6515
10.5614
9.34749
39.885
-0
38.051
26.328
27.4376
-0
-0
10.2756
20.3666
-0
-0
-0
0.158972
-0
-0
-0
-0
22.3398
80.5707
-0
-0
-0
-0
-0
-0
13.8367
-0
-0
-0
49.6803
-0
-0
5.31043
54.8231
33.138
15.1252
-0
4.13174
-0
-0
-0
20.9358
37.4028
-0
-0
-0
24.9371
-0
-0
-0
2.13192
3.88016
-0
29.0715
-0
-0
-0
36.3876
22.1968
-0
-0
-0
-0
51.7673
33.959
-0
-0
10.5043
-0
-0
-0
-0
20.5494
24.9187
2.07446
-0
-0
12.4986
-0
16.2097
3.70813
-0
-0
-0
58.0187
-0
3.83134
-0
-0
-0
-0
-0
-0
6.30733
-0
10.6284
-0
21.6748
-0
-0
-0
-0
-0
19.2395
-0
31.3952
6.55791
2.24556
15.3102
-0
14.8037
-0
-0
17.4848
-0
-0
-0
-0
20.9872
-0
-0
-0
-0
-0
-0
9.44522
54.639
-0
-0
-0
-0
50.667
-0
-0
-0
-0
-0
-0
-0
-0
-0
-0
-0
-0
-0
25.831
-0
17.2709
1.54643
-0
-0
-0
58.4185
-0
22.6182
1.37101
-0
-0
-0
-0
-0
-0
13.8846
23.0117
-0
-0
-0
-0
-0
-0
-0
-0
-0
-0
-0
-0
-0
-0
-0
-0
-0
-0
-0
-0
-0
-0
65.322
2.12878
-0
-0
-0
-0
-0
-0
-0
-0
-0
-0
-0
-0
-0
14.7407
-0
9.2388
-0
77.2337
-0
-0
-0
44.0742
13.9082
-0
-0
-0
-0
-0
-0
-0
1.51942
-0
-0
2.25278
-0
-0
-0
101.132
-0
-0
-0
-0
-0
-0
0.230342
-0
-0
-0
-0
-0
-0
-0
-0
45.3794
18.9097
-0
-0
-0
-0
4.23603
-0
-0
-0
-0
-0
-0
7.74928
-0
-0
8.43798
-0
-0
-0
-0
-0
-0
-0
-0
-0
-0
-0
21.6925
38.1703
6.31304
25.3379
-0
-0
-0
-0
-0
-0
-0
-0
-0
-0
-0
-0
24.0201
-0
-0
-0
-0
-0
-0
20.663
36.0899
13.3642
31.4036
-0
-0
9.00543
-0
-0
-0
40.7619
-0
-0
-0
-0
76.6319
-0
-0
-0
-0
-0
14.6135
-0
29.7072
-0
-0
-0
-0
18.203
-0
-0
-0
-0
-0
-0
43.6108
-0
-0
69.4617
-0
3.51874
11.9969
-0
-0
4.78949
-0
-0
-0
-0
-0
9.75076
-0
-0
-0
-0
-0
-0
-0
-0
-0
-0
-0
-0
22.0085
8.10961
-0
-0
-0
-0
22.5243
38.1048
-0
7.85124
-0
-0
-0
62.396
-0
-0
-0
-0
-0
-0
17.1715
40.981
0.727639
-0
-0
-0
-0
-0
-0
-0
11.9252
-0
-0
-0
13.8798
-0
-0
-0
-0
-0
-0
-0
30.3771
-0
37.9766
2.61451
-0
-0
-0
-0
-0
-0
21.7334
-0
-0
8.01067
-0
14.4025
-0
44.4421
-0
29.7598
-0
-0
63.1216
-0
-0
-0
-0
-0
-0
66.6218
42.8271
-0
4.492
-0
-0
-0
-0
-0
-0
2.61432
-0
-0
-0
-0
42.4058
-0
5.8059
-0
-0
-0
-0
-0
-0
-0
12.4087
79.1657
-0
-0
44.1045
-0
-0
-0
5.00447
10.0567
-0
-0
-0
-0
-0
-0
-0
-0
12.9435
28.7536
-0
-0
-0
-0
-0
-0
-0
-0
-0
-0
-0
-0
24.4647
-0
17.7568
-0
-0
32.0134
-0
-0
-0
-0
9.78188
-0
-0
3.63595
-0
-0
-0
17.5406
-0
4.97965
52.1398
11.7252
-0
-0
18.8846
13.7322
-0
-0
-0
0.705585
-0
-0
-0
-0
5.10207
-0
-0
28.5542
-0
3.57762
-0
6.99052
-0
-0
-0
-0
-0
0.101614
-0
-0
-0
-0
-0
-0
19.4289
27.4623
-0
31.4122
-0
-0
-0
-0
-0
-0
-0
-0
-0
-0
-0
-0
9.28588
-0
-0
-0
-0
-0
-0
-0
-0
-0
-0
-0
-0
-0
-0
6.03021
-0
31.7249
-0
-0
-0
-0
-0
-0
14.1525
2.74124
-0
-0
-0
-0
73.044
38.0482
23.5004
5.05432
-0
-0
20.1541
-0
40.4869
-0
-0
-0
11.2535
-0
29.6397
-0
-0
-0
-0
-0
-0
-0
-0
-0
-0
-0
-0
-0
-0
-0
-0
-0
-0
-0
78.1134
28.0243
-0
-0
-0
-0
-0
12.2155
-0
-0
-0
46.4727
-0
7.37313
-0
49.4101
16.2811
3.78677
-0
-0
-0
-0
-0
-0
-0
48.6911
-0
4.90758
-0
-0
-0
-0
-0
-0
-0
-0
10.8002
-0
61.8745
-0
-0
25.2632
-0
-0
-0
-0
32.458
-0
-0
-0
-0
-0
-0
13.5172
-0
-0
-0
31.2726
35.034
9.27177
5.33381
-0
12.9951
-0
28.6736
-0
-0
1.65515
-0
-0
-0
-0
-0
38.6145
55.4812
-0
11.7146
-0
-0
24.4763
27.9792
-0
-0
-0
-0
8.8126
-0
5.59324
-0
8.99643
-0
-0
11.7405
-0
-0
-0
-0
2.37687
-0
36.8749
-0
-0
-0
-0
0.150347
-0
-0
-0
-0
10.3609
72.1427
25.8761
-0
7.42366
-0
-0
39.9309
-0
-0
0.641203
-0
-0
-0
-0
3.80597
22.9277
-0
-0
61.6727
-0
3.02647
-0
11.7038
-0
-0
-0
0.834875
-0
-0
23.9215
10.6783
-0
-0
-0
-0
-0
-0
-0
-0
-0
45.5886
-0
-0
-0
-0
42.6575
-0
-0
63.0675
-0
-0
0.590702
-0
25.8456
8.88495
-0
-0
-0
0.903746
-0
-0
-0
-0
-0
-0
-0
-0
-0
-0
-0
-0
-0
1.66972
-0
-0
69.6778
-0
-0
-0
-0
26.0999
-0
45.2562
-0
-0
-0
-0
-0
-0
-0
-0
-0
18.4173
-0
-0
-0
-0
8.09382
20.5933
-0
35.5255
-0
-0
-0
37.6057
-0
-0
-0
7.04583
-0
-0
3.26134
-0
15.298
11.7536
33.5705
14.7577
19.3635
-0
-0
-0
-0
10.2213
28.8741
-0
13.5306
59.6544
-0
-0
29.9952
14.2593
-0
12.7365
-0
-0
-0
37.4851
-0
-0
17.0951
-0
-0
9.98068
-0
-0
-0
-0
13.3306
31.8297
-0
-0
-0
-0
-0
39.0061
-0
2.95091
8.87124
-0
-0
-0
-0
-0
35.4874
28.3092
-0
22.9835
-0
-0
-0
-0
-0
-0
8.8729
23.2981
18.0991
21.43
-0
18.6509
26.7455
-0
-0
-0
-0
20.5622
-0
-0
-0
-0
33.0366
5.9744
-0
-0
-0
-0
-0
23.0409
-0
-0
-0
-0
-0
-0
-0
-0
4.31606
-0
42.8519
-0
-0
-0
-0
-0
-0
8.61187
-0
-0
-0
-0
-0
-0
-0
-0
-0
-0
3.71778
-0
-0
14.0668
-0
-0
-0
44.383
-0
-0
2.74258
-0
-0
-0
52.229
16.085
-0
-0
9.15938
-0
-0
-0
44.9507
-0
-0
-0
-0
-0
-0
-0
-0
-0
-0
-0
-0
-0
-0
-0
-0
-0
-0
-0
-0
20.2156
-0
-0
2.20209
-0
-0
-0
-0
-0
13.3917
-0
-0
-0
2.99211
-0
-0
-0
-0
-0
-0
-0
16.4857
-0
-0
-0
12.7581
5.10294
-0
-0
32.2831
-0
29.7457
-0
-0
27.3959
-0
-0
-0
-0
-0
-0
-0
-0
8.02589
-0
12.5729
-0
7.81344
-0
13.7769
-0
-0
-0
-0
-0
-0
13.1836
-0
-0
-0
-0
-0
31.8227
23.3759
-0
-0
-0
-0
0.626
8.83307
-0
-0
2.0362
-0
-0
-0
-0
-0
-0
-0
-0
-0
-0
1.74888
52.4489
-0
35.1359
-0
-0
7.19938
-0
-0
-0
2.85222
-0
-0
-0
2.56939
42.013
51.3691
-0
-0
3.80574
4.11083
-0
-0
9.7676
-0
-0
2.6767
-0
-0
15.3968
26.8731
-0
-0
-0
26.2573
-0
31.52
-0
-0
-0
11.5473
-0
-0
-0
-0
-0
-0
-0
-0
-0
-0
1.01953
-0
-0
30.9655
-0
-0
-0
-0
5.97746
47.4497
-0
-0
-0
-0
-0
-0
-0
57.1696
-0
3.34113
40.8944
9.22258
-0
-0
-0
-0
-0
-0
-0
27.6972
7.67108
-0
-0
-0
-0
-0
-0
-0
-0
-0
-0
-0
-0
-0
-0
-0
-0
17.0757
-0
30.0961
-0
-0
-0
-0
-0
-0
-0
-0
-0
-0
-0
-0
-0
-0
-0
9.04656
-0
-0
9.07312
-0
-0
7.02514
-0
-0
-0
-0
-0
-0
-0
-0
45.9878
-0
-0
-0
-0
-0
-0
-0
-0
-0
14.1896
24.9808
-0
6.18288
-0
-0
-0
-0
-0
-0
-0
-0
3.41296
-0
-0
-0
39.0106
-0
-0
-0
-0
-0
2.12229
4.33054
9.32526
-0
-0
36.0141
-0
-0
-0
-0
-0
7.33378
58.0725
-0
19.0651
-0
-0
-0
23.1104
-0
-0
-0
-0
-0
22.4221
-0
-0
-0
-0
-0
-0
-0
55.9869
-0
-0
-0
16.4637
-0
-0
-0
-0
-0
-0
-0
-0
-0
-0
4.66726
-0
-0
7.62365
-0
-0
-0
-0
21.7283
-0
-0
-0
-0
-0
-0
-0
-0
-0
-0
14.9499
-0
-0
-0
-0
-0
-0
-0
-0
-0
5.90733
-0
-0
-0
-0
-0
7.45059
-0
40.2239
-0
-0
-0
-0
-0
-0
-0
-0
-0
-0
-0
-0
-0
-0
-0
-0
-0
-0
-0
6.51091
-0
-0
-0
0.857815
-0
-0
-0
-0
-0
-0
14.3008
-0
-0
22.2208
3.41157
-0
-0
0.963323
25.5918
-0
-0
-0
37.2632
33.9505
-0
-0
-0
62.7462
-0
4.7072
-0
-0
-0
8.61781
-0
18.8597
-0
-0
-0
-0
17.0882
27.5831
-0
-0
-0
-0
39.1378
-0
13.8364
-0
5.00887
-0
-0
-0
12.636
-0
-0
-0
-0
-0
-0
-0
-0
-0
-0
-0
5.29704
-0
0.124169
-0
-0
-0
-0
-0
-0
-0
-0
-0
-0
-0
-0
-0
-0
-0
14.6743
-0
-0
-0
-0
-0
-0
-0
-0
-0
-0
17.5668
-0
-0
-0
49.4476
57.6032
-0
-0
-0
-0
-0
-0
-0
-0
3.75245
-0
-0
21.7624
-0
-0
6.92953
22.1488
-0
-0
0.855422
-0
11.1288
-0
6.9457
-0
-0
-0
-0
-0
-0
-0
46.0946
-0
46.0472
-0
34.603
11.3989
-0
-0
27.3447
-0
69.4194
-0
-0
-0
-0
-0
-0
-0
-0
-0
20.9251
-0
-0
55.7179
-0
-0
-0
-0
-0
23.1485
49.4864
-0
64.0456
-0
-0
-0
22.9598
-0
3.86569
-0
-0
73.431
-0
-0
-0
-0
-0
-0
30.7962
-0
-0
-0
-0
-0
-0
-0
-0
-0
-0
-0
-0
-0
-0
-0
-0
-0
-0
-0
-0
-0
-0
14.4491
30.6209
-0
-0
-0
-0
-0
-0
-0
-0
1.24039
-0
-0
-0
-0
-0
-0
67.5756
49.8513
16.2274
-0
-0
-0
-0
4.95971
5.01806
-0
33.1041
31.9
27.071
-0
0.335298
-0
-0
23.2867
-0
39.8783
53.6336
-0
-0
-0
64.4741
-0
-0
4.26385
-0
-0
34.568
-0
-0
16.6504
-0
-0
-0
-0
-0
-0
-0
26.2112
-0
-0
-0
-0
-0
-0
-0
-0
-0
51.1468
-0
-0
-0
-0
-0
-0
-0
-0
4.15594
-0
-0
-0
20.1083
27.8551
3.88344
-0
17.8509
-0
-0
22.6156
-0
1.70609
-0
-0
-0
-0
-0
-0
-0
-0
-0
-0
15.4754
-0
-0
5.90505
-0
0.104104
3.49563
-0
-0
-0
-0
-0
-0
-0
10.9649
31.8048
-0
-0
-0
-0
-0
-0
31.3017
-0
-0
-0
10.3158
-0
-0
-0
-0
-0
-0
-0
-0
-0
13.8364
-0
0.660105
42.949
-0
19.1716
-0
-0
-0
-0
10.2494
-0
-0
4.69244
-0
-0
-0
-0
-0
6.69421
-0
-0
-0
-0
0.903457
-0
23.7764
30.5138
27.1759
-0
-0
-0
-0
-0
-0
-0
1.5554
1.73582
-0
-0
-0
-0
-0
-0
-0
-0
-0
6.6013
-0
-0
-0
-0
62.8358
-0
-0
0.223168
-0
-0
-0
-0
-0
-0
-0
-0
-0
-0
-0
-0
26.1514
-0
-0
-0
-0
-0
-0
-0
-0
-0
30.7034
-0
-0
-0
-0
26.9758
-0
0.752144
-0
-0
-0
67.8541
9.65
-0
-0
-0
-0
37.9833
-0
-0
-0
-0
-0
4.77918
5.03438
-0
-0
48.071
1.8202
-0
3.07906
-0
-0
46.6348
26.6394
-0
-0
-0
-0
-0
-0
-0
-0
-0
-0
-0
-0
7.65532
17.4672
5.94161
35.0135
27.1533
9.76504
2.94363
-0
-0
-0
-0
-0
-0
5.59963
-0
-0
-0
-0
-0
12.7778
-0
6.57773
-0
-0
-0
-0
-0
-0
10.9572
-0
-0
-0
-0
-0
62.9834
16.091
-0
28.0288
-0
-0
-0
-0
2.32581
-0
-0
-0
-0
-0
-0
-0
-0
-0
-0
-0
-0
3.3783
20.4155
-0
-0
-0
-0
-0
7.89846
8.72292
-0
-0
-0
17.3105
-0
-0
-0
13.1543
-0
-0
-0
-0
16.2119
-0
-0
3.0023
-0
-0
25.2917
-0
-0
-0
32.2083
-0
-0
46.8875
-0
-0
-0
-0
54.2491
0.0271534
11.0622
-0
-0
-0
-0
-0
-0
-0
-0
-0
-0
-0
-0
16.7238
-0
-0
-0
-0
11.4498
-0
-0
19.3663
-0
5.47295
57.9653
7.97224
-0
9.75918
21.7045
-0
-0
-0
-0
1.42679
-0
12.2666
2.40654
-0
-0
-0
-0
-0
-0
5.65869
-0
-0
-0
-0
38.8384
-0
-0
-0
28.2981
-0
20.0258
45.588
-0
-0
-0
-0
-0
-0
-0
-0
-0
-0
-0
32.3087
-0
-0
85.7378
-0
22.6802
-0
-0
-0
37.3225
-0
-0
-0
-0
-0
-0
-0
-0
-0
11.6033
-0
-0
-0
-0
78.4498
-0
-0
-0
-0
-0
3.26603
-0
-0
3.70349
-0
-0
12.3311
-0
13.5422
21.0937
-0
26.6684
-0
-0
-0
-0
34.551
-0
-0
-0
-0
-0
38.8691
-0
13.602
-0
-0
60.7569
-0
-0
-0
-0
14.6954
-0
-0
-0
-0
16.3768
-0
4.50379
22.3016
-0
-0
14.8652
-0
-0
9.2992
-0
-0
-0
-0
-0
-0
-0
-0
-0
-0
-0
-0
-0
-0
-0
-0
-0
1.48695
-0
-0
-0
9.24853
18.8444
-0
-0
-0
-0
48.6049
-0
-0
-0
6.259
-0
30.8581
-0
-0
-0
-0
-0
-0
-0
-0
-0
-0
-0
-0
-0
30.0803
10.454
-0
-0
43.3431
-0
-0
-0
-0
-0
-0
-0
3.29353
-0
9.4298
1.53375
-0
-0
2.85014
-0
-0
10.9391
-0
-0
-0
-0
-0
-0
22.5367
-0
-0
70.324
-0
-0
-0
-0
-0
-0
-0
-0
-0
-0
-0
29.5595
-0
-0
-0
23.1709
5.1608
6.64082
34.3907
-0
-0
45.5183
-0
-0
-0
-0
-0
-0
47.129
1.76742
1.99855
-0
-0
-0
-0
18.5103
-0
-0
36.168
8.02194
-0
13.3875
-0
-0
-0
-0
-0
-0
-0
-0
-0
1.09243
-0
60.3472
4.98089
1.52614
-0
-0
21.2863
-0
-0
2.6747
-0
-0
-0
-0
-0
-0
-0
-0
-0
18.3622
-0
-0
-0
-0
8.01842
24.9634
-0
-0
-0
-0
-0
-0
27.698
7.43768
-0
-0
-0
-0
-0
-0
-0
16.7122
29.6319
-0
0.188965
-0
-0
-0
-0
34.6824
-0
-0
-0
-0
24.1274
5.26879
-0
-0
-0
-0
-0
-0
-0
51.748
-0
44.841
56.1982
-0
12.8491
-0
-0
-0
-0
-0
-0
-0
1.52101
6.82817
-0
-0
-0
-0
-0
21.5539
-0
-0
-0
-0
-0
-0
-0
23.0605
-0
-0
-0
-0
-0
-0
57.708
-0
33.2168
-0
-0
-0
1.52195
-0
-0
-0
0.779871
-0
37.8538
-0
-0
-0
-0
-0
-0
7.14006
-0
1.75491
-0
-0
-0
-0
-0
-0
-0
-0
-0
7.24791
-0
-0
-0
4.36325
-0
-0
-0
57.5831
-0
36.1932
21.6996
-0
-0
67.1316
-0
-0
-0
-0
-0
-0
-0
-0
-0
34.8751
-0
-0
-0
-0
-0
-0
-0
-0
-0
-0
-0
-0
16.3308
-0
53.3829
-0
-0
-0
-0
-0
-0
-0
-0
-0
14.405
-0
-0
-0
21.7307
-0
-0
63.6228
-0
-0
-0
2.81025
-0
-0
-0
-0
-0
50.0037
-0
25.5987
-0
46.8994
43.8279
8.45936
-0
19.6465
8.14206
-0
-0
-0
-0
-0
-0
-0
21.6367
-0
47.0093
6.58609
14.2633
-0
25.8404
-0
-0
-0
-0
-0
-0
66.1978
-0
-0
42.9324
-0
-0
-0
-0
27.0474
-0
-0
53.7264
-0
-0
31.8916
47.683
-0
-0
-0
-0
-0
17.5028
-0
49.6839
-0
42.8958
-0
-0
-0
8.34048
14.4768
-0
-0
-0
-0
-0
1.99506
56.9374
-0
-0
-0
-0
-0
3.06524
-0
-0
-0
-0
-0
41.574
-0
37.4189
-0
14.7087
-0
36.4482
-0
-0
-0
-0
-0
-0
39.2902
-0
-0
24.4556
-0
-0
4.85563
-0
19.055
-0
-0
-0
-0
-0
3.691
-0
-0
-0
-0
-0
-0
-0
-0
43.7645
-0
-0
-0
4.80527
-0
-0
-0
-0
5.81645
20.0669
-0
-0
44.3669
-0
-0
-0
50.4578
-0
-0
-0
-0
-0
-0
34.0129
-0
-0
20.0199
-0
-0
-0
-0
42.9307
-0
-0
-0
-0
-0
1.09561
56.9294
-0
-0
-0
-0
-0
-0
-0
-0
9.33722
-0
25.2705
-0
-0
30.3264
-0
20.1668
-0
20.1143
96.5084
12.0725
-0
5.65244
-0
-0
40.1257
-0
28.672
-0
-0
-0
2.05293
-0
-0
-0
-0
-0
-0
-0
-0
-0
11.4929
1.76328
-0
-0
-0
9.23126
26.0361
10.3363
-0
-0
-0
5.22707
-0
-0
-0
-0
-0
-0
-0
19.9399
-0
-0
1.28647
34.5903
-0
-0
-0
-0
-0
38.0041
21.5052
-0
-0
-0
-0
-0
-0
-0
-0
-0
15.5399
-0
-0
8.41253
-0
0.913779
4.2343
-0
-0
55.1446
-0
-0
-0
41.7061
-0
-0
-0
68.4831
-0
-0
-0
-0
-0
16.7619
-0
33.6932
-0
-0
6.27813
3.46355
2.80288
-0
11.2775
-0
-0
20.5416
-0
-0
-0
-0
-0
-0
60.1084
-0
-0
-0
-0
-0
-0
-0
-0
-0
-0
-0
-0
-0
45.8357
-0
-0
5.26173
-0
-0
-0
7.55455
-0
-0
-0
-0
-0
-0
-0
-0
-0
-0
-0
-0
-0
-0
30.3199
-0
38.1956
3.79609
-0
-0
-0
-0
-0
-0
-0
-0
35.3719
-0
-0
-0
-0
-0
-0
-0
6.31898
-0
-0
-0
-0
27.9812
-0
-0
-0
22.4084
-0
-0
37.7279
38.3759
-0
-0
17.6739
-0
-0
13.9182
-0
-0
-0
72.3366
64.2115
-0
-0
5.67457
24.5967
-0
33.5601
-0
-0
-0
-0
-0
-0
-0
-0
2.95593
-0
-0
-0
-0
-0
-0
-0
-0
0.390745
9.05273
-0
-0
5.32842
4.86135
49.099
29.8757
-0
-0
-0
26.4892
-0
-0
-0
19.3665
-0
-0
-0
-0
-0
13.2666
-0
-0
96.824
-0
1.99968
-0
-0
-0
-0
5.88004
16.5031
23.6808
-0
-0
4.62935
-0
-0
-0
-0
25.1732
-0
-0
-0
-0
4.83559
4.72825
-0
-0
