2.91368
-0
-0
-0
-0
30.8804
-0
25.2105
66.9555
-0
58.209
-0
-0
-0
-0
30.5779
-0
-0
-0
-0
-0
10.1327
-0
-0
2.707
-0
20.9061
-0
-0
-0
-0
-0
-0
-0
0.205064
-0
-0
-0
-0
-0
-0
-0
-0
46.8441
-0
-0
-0
-0
-0
-0
-0
-0
-0
-0
-0
-0
-0
2.57825
-0
-0
-0
-0
-0
4.43565
-0
-0
-0
51.6944
-0
2.29147
-0
-0
-0
-0
-0
1.05267
10.9923
-0
-0
-0
-0
68.8948
-0
-0
15.1046
-0
-0
-0
-0
-0
-0
-0
-0
-0
-0
-0
5.15082
-0
-0
-0
-0
-0
-0
1.60904
16.5728
-0
-0
-0
-0
-0
3.21019
-0
-0
-0
-0
56.1185
-0
-0
79.9229
23.4712
-0
-0
-0
-0
11.8908
-0
-0
-0
-0
-0
13.6215
54.0415
-0
-0
3.47556
-0
-0
79.5984
-0
-0
-0
-0
13.661
-0
10.6698
-0
-0
-0
-0
-0
-0
36.5883
-0
-0
-0
-0
18.2586
-0
-0
1.67641
-0
-0
-0
46.2517
25.8229
33.9142
10.3072
5.9779
-0
54.8443
-0
37.0184
-0
-0
-0
-0
-0
-0
-0
-0
-0
-0
-0
-0
-0
8.28765
-0
-0
49.9806
-0
20.2157
-0
3.49544
1.1383
-0
-0
-0
13.4241
-0
-0
-0
6.90978
61.7975
-0
-0
-0
-0
51.0472
23.1639
-0
-0
-0
45.9244
-0
-0
-0
-0
-0
-0
-0
-0
-0
-0
44.6759
-0
-0
-0
24.8341
-0
-0
-0
-0
-0
-0
-0
-0
-0
-0
-0
-0
-0
-0
-0
-0
-0
-0
19.8109
-0
-0
-0
-0
-0
-0
-0
-0
-0
-0
-0
-0
-0
20.7255
-0
-0
-0
-0
-0
6.10049
-0
-0
-0
-0
43.1257
15.5013
52.6594
-0
-0
-0
-0
-0
-0
-0
11.0799
-0
17.3426
-0
-0
4.99449
0.44015
-0
-0
7.33991
32.7571
4.03616
-0
21.9184
-0
-0
-0
-0
75.3472
-0
-0
2.94767
-0
-0
58.0364
-0
-0
26.093
-0
-0
-0
-0
-0
17.3524
0.811433
-0
-0
-0
1.37192
-0
-0
14.2611
-0
32.8153
-0
-0
-0
-0
9.84646
-0
-0
-0
-0
-0
-0
-0
-0
-0
-0
-0
-0
-0
13.3677
9.69413
-0
-0
-0
-0
-0
-0
-0
-0
-0
12.2836
-0
-0
-0
-0
-0
26.2092
-0
-0
11.7231
-0
1.51943
-0
-0
10.391
-0
-0
11.7727
0.882307
9.86134
-0
-0
-0
-0
-0
-0
-0
-0
19.6296
-0
-0
28.4937
-0
-0
-0
-0
14.7093
32.279
-0
-0
-0
8.69578
-0
-0
-0
10.2092
-0
9.86352
-0
-0
13.3599
-0
-0
-0
-0
3.83427
-0
-0
-0
-0
24.7228
44.3114
-0
-0
-0
-0
-0
-0
-0
-0
-0
20.3991
10.8088
13.93
1.12412
-0
-0
6.40342
8.34522
-0
26.0461
-0
45.9838
-0
-0
-0
-0
-0
10.8995
-0
-0
7.6296
-0
-0
-0
-0
44.4039
-0
-0
-0
19.2009
-0
-0
39.292
-0
-0
-0
-0
12.3246
-0
69.5355
-0
-0
-0
-0
-0
-0
17.2567
-0
-0
-0
25.7716
27.9277
-0
-0
-0
-0
-0
-0
-0
-0
-0
-0
3.38042
-0
-0
33.8341
-0
-0
15.6191
-0
15.4502
1.02972
-0
-0
31.695
-0
-0
30.2499
4.82465
-0
-0
-0
-0
-0
42.0941
-0
-0
-0
-0
-0
-0
-0
-0
14.4684
-0
10.4686
-0
-0
62.7155
-0
-0
-0
20.2069
-0
9.3659
-0
-0
-0
-0
53.491
-0
16.0229
33.6235
-0
-0
-0
-0
-0
-0
-0
16.2696
-0
-0
8.71761
21.4972
-0
-0
-0
-0
73.0225
47.8466
-0
-0
-0
-0
-0
-0
51.468
-0
2.95562
-0
-0
-0
-0
27.7874
-0
-0
-0
41.9951
26.3385
-0
-0
-0
16.0191
-0
-0
-0
-0
-0
-0
7.78781
-0
-0
-0
33.8554
-0
-0
-0
-0
-0
-0
-0
-0
31.5336
-0
-0
-0
-0
-0
-0
-0
-0
10.7048
0.965122
32.8169
-0
21.8408
21.0937
-0
-0
-0
77.4674
-0
-0
-0
-0
-0
-0
30.3246
-0
-0
-0
-0
16.7378
-0
-0
-0
-0
-0
-0
-0
-0
-0
-0
-0
-0
-0
-0
-0
18.2835
-0
-0
-0
16.5661
-0
-0
-0
-0
-0
36.1541
-0
12.3067
-0
-0
-0
-0
21.7071
38.4164
0.543286
-0
38.984
-0
-0
-0
-0
-0
-0
-0
-0
10.1588
27.092
-0
-0
1.1133
31.602
-0
-0
-0
-0
-0
22.3811
-0
-0
-0
-0
-0
-0
45.8258
-0
-0
20.4691
-0
-0
-0
1.5619
9.57159
-0
-0
22.2375
31.7102
-0
-0
-0
-0
-0
-0
-0
-0
-0
-0
-0
-0
-0
-0
11.681
-0
-0
-0
-0
5.33882
-0
-0
-0
33.6478
3.93713
-0
7.28973
-0
31.4502
17.0622
5.37741
-0
-0
-0
-0
-0
-0
-0
-0
-0
28.1882
-0
-0
-0
4.93701
36.7541
-0
-0
-0
-0
-0
-0
-0
20.48
-0
-0
14.4016
-0
-0
-0
28.9781
-0
19.6176
-0
-0
-0
-0
-0
-0
-0
-0
-0
-0
-0
15.649
-0
-0
-0
-0
-0
-0
-0
48.9195
-0
-0
-0
-0
-0
-0
-0
-0
-0
-0
-0
-0
-0
-0
27.0604
-0
-0
20.4725
-0
33.3079
42.4351
-0
-0
-0
-0
-0
-0
20.8474
-0
14.2027
-0
38.5552
-0
-0
35.2089
-0
-0
-0
-0
5.89051
5.45259
-0
-0
-0
14.2595
-0
-0
-0
57.0478
17.2944
-0
-0
-0
-0
-0
-0
-0
17.9427
7.38756
2.6812
-0
-0
-0
-0
6.43387
11.0875
-0
-0
15.4093
-0
-0
-0
-0
-0
-0
-0
16.2466
-0
-0
-0
-0
-0
-0
-0
-0
9.57591
11.0453
63.9007
-0
-0
-0
-0
-0
16.6354
-0
-0
-0
-0
-0
-0
-0
2.86723
-0
-0
-0
4.15025
-0
-0
36.6122
-0
-0
10.6412
-0
-0
-0
-0
-0
-0
6.1502
-0
-0
-0
20.1867
-0
-0
-0
-0
-0
-0
11.828
-0
-0
-0
-0
-0
-0
7.89047
-0
-0
26.4857
-0
-0
-0
10.181
21.414
-0
-0
-0
-0
34.6535
-0
13.6424
29.9968
-0
-0
44.1398
-0
-0
22.3215
-0
-0
-0
-0
36.5611
-0
-0
-0
-0
-0
-0
-0
-0
-0
-0
1.98036
-0
61.3267
43.9954
-0
-0
-0
31.0227
-0
-0
-0
36.4328
-0
-0
-0
-0
-0
-0
-0
-0
-0
-0
-0
-0
-0
-0
-0
-0
-0
38.6122
-0
-0
-0
-0
37.2234
-0
35.3697
-0
-0
-0
-0
-0
-0
-0
-0
18.0189
-0
-0
-0
-0
-0
2.32059
16.8154
-0
-0
-0
-0
-0
-0
-0
-0
-0
-0
6.60191
-0
-0
-0
21.2612
-0
-0
-0
-0
-0
-0
-0
-0
-0
-0
8.72832
-0
-0
-0
19.1339
-0
-0
-0
-0
-0
-0
0.533
21.0167
-0
-0
-0
1.38074
-0
-0
-0
-0
-0
3.93863
-0
-0
50.6459
-0
-0
-0
-0
-0
-0
-0
-0
-0
30.1667
-0
-0
36.7536
-0
-0
-0
-0
-0
-0
-0
-0
39.2796
19.1065
-0
-0
-0
-0
-0
-0
31.5144
-0
-0
-0
-0
-0
-0
9.16849
-0
-0
-0
17.1094
-0
-0
-0
28.9806
-0
-0
5.94967
-0
-0
-0
-0
30.4188
1.41348
-0
-0
-0
-0
-0
-0
-0
-0
-0
2.84778
-0
-0
20.6517
11.8554
-0
-0
-0
-0
-0
26.2869
-0
-0
-0
-0
6.97312
-0
-0
-0
-0
4.45797
-0
-0
-0
-0
-0
31.517
-0
-0
62.0652
56.2452
-0
-0
-0
-0
2.45251
23.2099
-0
-0
-0
-0
-0
-0
-0
-0
-0
11.5005
-0
-0
20.9614
-0
-0
40.7199
58.4238
34.7554
68.5162
-0
9.68849
-0
-0
-0
-0
-0
-0
3.26796
-0
-0
-0
5.31349
-0
20.7429
-0
-0
-0
16.0485
-0
26.1276
-0
-0
-0
-0
-0
-0
24.5022
-0
-0
-0
-0
-0
-0
-0
7.70088
-0
-0
-0
-0
-0
-0
-0
42.9017
-0
-0
48.6083
-0
-0
-0
-0
3.64206
-0
22.3399
-0
-0
-0
-0
-0
-0
-0
-0
-0
-0
19.7831
-0
-0
1.36473
-0
-0
15.7883
2.33636
-0
14.3739
-0
37.4149
28.7148
30.7811
-0
-0
-0
-0
-0
-0
47.3887
10.799
-0
-0
-0
-0
-0
-0
-0
-0
-0
-0
-0
-0
-0
-0
-0
-0
17.9645
9.88368
39.726
-0
33.4042
28.3315
22.3428
-0
-0
18.6334
3.74021
-0
-0
-0
25.5725
-0
-0
-0
-0
19.4926
78.0928
-0
-0
1.30453
-0
-0
-0
7.05109
-0
-0
-0
55.1881
-0
-0
-0
51.066
23.7007
15.8138
-0
-0
-0
-0
-0
9.29106
48.3291
-0
-0
-0
36.9853
-0
-0
-0
-0
-0
-0
30.4856
-0
-0
-0
18.8596
43.129
-0
-0
-0
-0
26.552
29.7921
-0
-0
-0
-0
-0
-0
-0
-0
0.11878
9.56074
-0
-0
22.3096
-0
5.24052
8.83784
-0
-0
-0
53.055
-0
-0
-0
-0
-0
-0
-0
-0
9.63749
-0
12.5577
-0
1.49851
-0
-0
-0
-0
-0
23.4162
-0
35.3717
-0
-0
13.1126
-0
-0
-0
-0
0.535626
-0
-0
-0
-0
18.0757
-0
-0
-0
-0
-0
-0
-0
52.3446
-0
-0
-0
-0
53.1762
-0
-0
-0
-0
-0
-0
-0
-0
-0
-0
-0
-0
4.26891
23.8894
12.2892
-0
1.36682
-0
-0
-0
46.1841
-0
13.9816
5.8834
-0
-0
-0
-0
-0
-0
5.02535
11.2166
-0
-0
-0
-0
-0
-0
-0
-0
6.91963
-0
-0
-0
-0
-0
-0
-0
-0
-0
-0
-0
-0
-0
65.582
-0
-0
-0
-0
-0
-0
-0
-0
-0
-0
-0
-0
-0
-0
24.9883
-0
21.5469
-0
74.7949
-0
-0
-0
44.1701
-0
-0
-0
-0
-0
15.6307
-0
-0
-0
-0
-0
1.98421
-0
-0
-0
80.3151
-0
-0
-0
-0
-0
-0
0.327266
-0
-0
-0
-0
-0
-0
-0
-0
50.947
3.24901
-0
-0
-0
-0
-0
-0
-0
-0
-0
-0
2.02015
13.5502
-0
-0
1.01915
-0
-0
-0
-0
-0
-0
-0
-0
-0
-0
-0
14.7604
25.9825
0.881878
19.1906
-0
-0
-0
-0
-0
-0
-0
-0
-0
-0
-0
-0
45.338
-0
-0
-0
-0
-0
-0
23.6886
39.581
39.5316
7.58475
-0
-0
1.80714
-0
-0
-0
41.9868
-0
-0
-0
-0
49.437
-0
-0
-0
-0
-0
2.16908
-0
32.2492
-0
-0
-0
-0
18.4729
-0
-0
-0
-0
-0
-0
53.6379
2.44676
-0
61.4851
-0
5.01071
-0
-0
-0
-0
-0
-0
3.84388
-0
-0
23.277
-0
-0
-0
-0
-0
-0
-0
-0
-0
-0
-0
-0
37.1312
11.5
-0
6.65176
-0
-0
20.2231
31.543
-0
1.74525
-0
-0
-0
60.892
-0
-0
-0
-0
-0
-0
4.93391
17.5692
-0
-0
-0
-0
16.4853
-0
-0
-0
19.1634
-0
-0
-0
-0
-0
-0
-0
-0
-0
-0
-0
33.9663
-0
6.99869
5.00701
-0
-0
21.3185
-0
-0
-0
3.36086
0.95354
-0
-0
-0
16.4284
-0
27.8699
-0
37.7827
-0
-0
65.2763
-0
-0
-0
-0
-0
-0
40.036
39.1321
-0
7.32697
-0
-0
-0
-0
-0
-0
-0
-0
-0
-0
-0
29.0455
-0
3.38245
-0
-0
-0
-0
-0
-0
-0
17.556
56.453
13.3459
-0
29.4011
-0
-0
-0
14.9091
-0
-0
-0
-0
-0
-0
-0
-0
-0
14.9724
24.8769
-0
-0
-0
-0
-0
-0
-0
-0
-0
-0
-0
-0
15.059
-0
18.0022
-0
-0
25.4644
-0
-0
-0
4.54477
13.1856
-0
-0
3.58711
-0
-0
-0
24.0038
-0
-0
43.0064
-0
-0
-0
17.5682
14.1939
-0
-0
-0
-0
-0
-0
-0
-0
-0
-0
-0
24.5499
-0
-0
-0
-0
-0
-0
-0
-0
-0
0.135678
-0
-0
-0
-0
-0
-0
23.1437
27.0512
-0
39.6734
-0
-0
-0
-0
-0
-0
-0
0.142361
-0
-0
-0
-0
6.75669
-0
-0
-0
-0
-0
-0
-0
-0
-0
-0
-0
-0
-0
-0
1.68104
-0
30.7378
-0
-0
-0
-0
-0
-0
10.4338
2.51143
-0
-0
-0
-0
73.2363
37.238
25.7293
6.56068
-0
-0
9.54563
-0
6.12121
-0
-0
-0
-0
-0
26.6255
-0
-0
-0
-0
-0
-0
-0
-0
-0
-0
-0
-0
-0
-0
-0
-0
5.06552
-0
-0
49.2674
20.3571
-0
-0
-0
-0
-0
3.44874
-0
-0
-0
55.2501
-0
3.75176
-0
61.9201
-0
-0
-0
-0
-0
-0
-0
-0
0.364541
39.7519
-0
5.23918
-0
-0
-0
-0
-0
-0
-0
-0
11.904
-0
73.4316
-0
-0
12.1141
4.45906
-0
-0
-0
38.9871
-0
-0
-0
-0
-0
-0
9.62334
-0
-0
-0
25.8002
31.054
13.5865
6.8729
-0
17.8564
5.63119
32.2325
2.27802
-0
-0
-0
-0
-0
-0
-0
43.5778
49.3669
-0
-0
-0
-0
31.6804
34.3036
-0
-0
-0
-0
6.26761
-0
3.63544
-0
4.85318
-0
-0
-0
-0
-0
-0
-0
2.67818
-0
46.1532
-0
-0
-0
-0
0.179407
-0
-0
-0
-0
-0
60.6602
-0
-0
12.2686
-0
-0
35.6851
-0
-0
-0
-0
16.523
-0
-0
-0
43.6144
1.55679
-0
52.8369
-0
-0
-0
17.1956
-0
-0
-0
3.94659
-0
-0
52.1082
19.3471
-0
-0
-0
-0
-0
-0
-0
-0
-0
48.0542
-0
-0
-0
-0
42.429
-0
-0
68.1754
-0
-0
0.565687
-0
30.3789
19.4254
-0
-0
-0
-0
-0
-0
-0
-0
-0
-0
-0
-0
-0
-0
-0
-0
3.2531
1.58092
-0
-0
67.051
-0
-0
-0
-0
18.866
-0
35.4014
-0
-0
-0
-0
-0
-0
-0
-0
-0
-0
-0
-0
-0
-0
-0
23.3592
-0
32.7187
-0
-0
-0
33.0748
-0
-0
-0
3.4338
-0
-0
-0
-0
9.95322
14.5185
5.78534
15.4171
17.8521
-0
-0
-0
-0
34.5281
45.1773
-0
-0
57.1429
-0
-0
22.6943
30.3639
-0
8.51079
-0
-0
-0
17.353
-0
-0
2.09714
-0
-0
-0
-0
-0
-0
-0
16.1244
38.4895
-0
-0
-0
-0
-0
37.0863
-0
13.6938
-0
-0
-0
-0
-0
-0
23.9499
13.9936
-0
26.9902
-0
-0
-0
-0
-0
-0
-0
18.6438
17.7033
3.61003
-0
13.8656
32.9983
-0
-0
-0
-0
4.7016
-0
-0
-0
-0
23.0239
10.4989
-0
-0
-0
-0
-0
43.2025
-0
-0
-0
-0
-0
-0
-0
-0
6.81668
-0
40.7028
-0
-0
-0
-0
-0
-0
5.88045
-0
-0
-0
-0
-0
-0
-0
-0
-0
-0
7.60142
-0
-0
14.7357
-0
8.93984
2.61138
60.8747
-0
-0
11.3795
-0
-0
-0
60.2034
10.7014
-0
-0
8.1622
-0
-0
-0
43.8686
-0
-0
-0
-0
-0
-0
-0
-0
-0
-0
-0
-0
-0
-0
-0
-0
-0
3.43485
-0
-0
21.9706
-0
-0
-0
-0
-0
-0
-0
-0
-0
-0
-0
-0
2.17231
-0
-0
-0
-0
-0
-0
-0
19.2466
-0
-0
-0
18.0442
-0
-0
15.1018
24.9395
-0
38.8002
-0
-0
33.8738
-0
-0
-0
-0
-0
-0
-0
18.0916
10.9889
-0
1.36787
-0
-0
-0
-0
-0
-0
-0
-0
-0
-0
-0
-0
-0
-0
-0
-0
28.1494
7.28389
-0
-0
-0
-0
-0
-0
-0
-0
1.67259
-0
-0
-0
-0
-0
-0
-0
-0
-0
-0
27.1372
59.9302
-0
40.8147
-0
-0
-0
-0
-0
-0
2.64636
-0
5.50373
-0
-0
48.5969
47.054
-0
-0
1.3807
4.27045
-0
-0
12.3548
-0
-0
-0
-0
-0
18.0797
29.9143
-0
-0
-0
13.0249
-0
17.1467
-0
-0
-0
13.9675
-0
-0
-0
-0
-0
-0
-0
-0
-0
-0
-0
-0
-0
23.2827
-0
-0
-0
-0
14.2266
51.8521
-0
-0
-0
-0
-0
-0
-0
67.5811
-0
-0
25.742
2.47116
4.33935
-0
-0
-0
-0
-0
-0
33.113
2.42101
-0
-0
-0
7.59431
-0
-0
-0
-0
-0
-0
-0
-0
-0
-0
-0
-0
22.5345
0.724203
21.8995
-0
-0
-0
-0
-0
-0
-0
-0
-0
-0
-0
-0
-0
-0
-0
10.1352
-0
-0
-0
-0
-0
-0
-0
-0
-0
-0
-0
-0
-0
-0
36.0778
-0
1.42022
-0
-0
-0
-0
-0
-0
-0
-0
4.82738
-0
8.08486
-0
-0
-0
-0
-0
-0
-0
-0
6.54864
-0
-0
-0
39.0453
-0
-0
-0
-0
-0
-0
6.87776
23.9448
-0
-0
37.5566
0.191216
-0
-0
-0
-0
-0
41.9711
-0
21.7901
-0
-0
-0
-0
-0
-0
-0
-0
-0
13.3843
-0
-0
-0
-0
-0
-0
-0
46.4587
-0
-0
-0
15.4049
-0
-0
-0
-0
-0
-0
-0
-0
-0
-0
0.838843
-0
-0
3.51101
-0
1.74837
-0
-0
7.93789
-0
-0
-0
-0
-0
-0
-0
-0
-0
-0
20.5319
-0
-0
-0
-0
-0
-0
-0
-0
-0
3.54443
-0
-0
-0
-0
-0
5.51505
-0
25.1552
-0
-0
-0
-0
-0
9.79336
-0
-0
-0
-0
-0
-0
-0
-0
-0
-0
-0
-0
-0
-0
-0
-0
-0
-0
-0
-0
-0
1.78763
-0
-0
3.80152
-0
-0
5.53259
2.16574
-0
-0
-0
12.4121
-0
16.3416
-0
41.832
17.5358
-0
-0
-0
64.2975
-0
-0
29.2363
-0
-0
6.75448
-0
20.9955
-0
-0
-0
-0
9.52243
12.0209
-0
-0
-0
-0
52.1807
-0
11.2743
-0
3.87639
14.2888
-0
-0
16.8924
-0
-0
-0
-0
-0
-0
-0
-0
-0
-0
-0
8.88181
-0
11.2146
-0
-0
-0
-0
-0
-0
-0
-0
-0
-0
-0
-0
-0
-0
-0
19.928
-0
-0
-0
-0
-0
-0
-0
-0
-0
-0
4.3086
-0
-0
-0
49.0147
46.4324
-0
-0
-0
-0
-0
-0
-0
-0
-0
5.06309
-0
47.4239
-0
-0
20.4378
9.67553
-0
4.95431
0.858175
-0
10.791
-0
20.5225
-0
-0
-0
-0
-0
-0
-0
21.3407
-0
30.7583
-0
32.0388
5.50958
-0
-0
21.479
-0
48.3026
-0
-0
-0
-0
-0
-0
-0
-0
-0
12.4143
-0
-0
60.5084
-0
-0
-0
8.58899
-0
-0
22.126
-0
51.6582
-0
-0
-0
5.93705
-0
14.5209
-0
-0
67.1726
-0
-0
-0
-0
-0
1.29649
34.7598
-0
-0
-0
-0
-0
-0
-0
-0
-0
-0
-0
-0
-0
-0
-0
9.75457
-0
-0
-0
-0
-0
-0
15.4909
36.8778
-0
-0
8.20858
-0
-0
-0
-0
-0
6.94684
-0
-0
-0
-0
-0
-0
56.8377
45.654
16.5696
-0
-0
-0
-0
4.10874
-0
-0
33.677
13.5676
25.8832
-0
0.32426
19.4871
-0
3.23979
-0
33.545
22.6056
-0
-0
-0
63.3403
-0
-0
4.76583
-0
-0
34.2008
-0
-0
21.65
-0
-0
-0
-0
-0
-0
-0
19.7631
-0
-0
-0
-0
-0
-0
-0
-0
-0
35.7389
-0
-0
-0
-0
-0
1.66388
-0
-0
-0
-0
-0
-0
11.6025
4.5029
25.4179
-0
22.9938
-0
-0
23.7067
-0
35.6843
-0
-0
-0
-0
-0
-0
-0
8.89404
-0
-0
29.3547
-0
-0
11.294
-0
7.44432
3.35434
-0
-0
-0
-0
-0
-0
-0
-0
39.81
-0
-0
-0
-0
-0
-0
28.6914
-0
-0
-0
18.5604
-0
-0
-0
-0
-0
-0
-0
-0
-0
0.25834
-0
25.8627
40.5375
-0
15.4159
-0
-0
-0
-0
5.14956
-0
-0
26.8025
-0
-0
-0
-0
-0
8.31839
-0
-0
-0
-0
-0
-0
31.4803
37.5302
44.8988
-0
-0
-0
-0
-0
-0
-0
-0
2.27901
-0
-0
-0
-0
-0
-0
-0
-0
-0
-0
-0
-0
-0
-0
45.1761
-0
-0
0.0143831
-0
-0
-0
0.0136961
-0
-0
-0
-0
-0
-0
-0
-0
15.275
-0
-0
-0
-0
-0
-0
-0
-0
-0
7.91593
-0
-0
-0
-0
38.0864
-0
5.22162
-0
-0
-0
72.6933
-0
-0
-0
-0
-0
38.9933
-0
-0
-0
-0
-0
-0
-0
-0
-0
40.3571
27.7324
-0
23.7978
-0
-0
56.238
21.7432
-0
-0
-0
-0
-0
-0
-0
-0
-0
-0
-0
-0
13.2008
-0
4.7398
39.8116
14.557
-0
7.24463
-0
-0
-0
-0
-0
-0
1.03506
-0
-0
-0
-0
5.9703
14.9357
-0
6.98245
-0
-0
-0
-0
-0
-0
14.9386
-0
-0
-0
-0
-0
64.7976
-0
-0
28.585
-0
-0
-0
-0
-0
-0
-0
-0
-0
-0
-0
-0
-0
-0
-0
-0
16.2436
-0
10.8303
-0
-0
-0
-0
-0
6.69105
-0
-0
-0
18.6722
18.9789
-0
-0
-0
12.7862
-0
-0
-0
-0
6.59997
-0
-0
-0
-0
16.3556
18.7988
-0
-0
-0
10.6603
-0
-0
36.602
-0
-0
-0
-0
50.8275
0.0452949
2.91344
-0
-0
3.81035
-0
-0
-0
-0
-0
-0
-0
-0
-0
15.3839
-0
-0
-0
-0
14.5259
-0
-0
21.9265
-0
10.7092
50.4466
-0
-0
10.8092
17.1001
-0
-0
-0
-0
1.69466
-0
-0
-0
-0
-0
-0
-0
-0
-0
24.5095
-0
-0
-0
-0
22.1028
-0
-0
-0
20.8577
-0
9.30873
66.2983
-0
-0
-0
-0
-0
-0
-0
-0
-0
-0
-0
14.8456
-0
-0
72.6788
-0
4.95897
-0
-0
-0
38.804
-0
-0
-0
-0
-0
-0
-0
-0
-0
-0
-0
-0
-0
-0
71.5033
-0
5.67066
-0
-0
-0
-0
-0
-0
-0
-0
7.19517
10.8
-0
11.2065
5.16504
-0
37.1351
-0
-0
-0
-0
20.1526
-0
-0
-0
-0
-0
34.7762
-0
19.0128
-0
-0
64.7663
-0
-0
-0
-0
-0
-0
-0
14.2032
-0
17.5204
-0
4.56834
24.8361
-0
-0
24.3119
-0
-0
11.7551
15.796
10.6129
3.65153
18.0429
-0
-0
-0
-0
-0
-0
5.98338
-0
-0
-0
-0
-0
-0
-0
-0
-0
-0
0.558742
13.6112
-0
-0
-0
-0
29.6355
-0
-0
7.65223
13.7172
5.40106
28.7771
-0
-0
-0
8.53667
6.90334
-0
-0
-0
-0
-0
-0
-0
-0
14.0174
7.72237
-0
-0
36.6178
-0
-0
-0
-0
-0
-0
-0
-0
-0
-0
-0
-0
-0
2.29919
-0
-0
7.71269
-0
-0
-0
-0
-0
-0
18.1805
13.878
-0
75.1582
-0
-0
-0
-0
-0
4.20662
-0
-0
-0
-0
-0
28.5299
-0
-0
-0
4.68707
-0
7.19085
23.4529
-0
-0
34.4982
-0
-0
-0
-0
-0
-0
56.1543
2.84286
-0
-0
-0
-0
-0
33.896
-0
-0
32.8119
-0
-0
27.1417
-0
-0
-0
-0
-0
-0
-0
-0
-0
-0
-0
65.0947
5.29821
-0
-0
-0
23.114
-0
-0
13.4721
-0
-0
-0
-0
-0
-0
-0
-0
-0
-0
-0
-0
-0
-0
-0
18.4804
-0
-0
-0
8.89188
-0
-0
34.4537
23.1335
-0
-0
-0
-0
-0
-0
-0
-0
29.0693
-0
0.190111
-0
-0
-0
-0
41.5743
-0
-0
-0
-0
40.8242
11.41
-0
-0
-0
-0
-0
-0
-0
61.3719
-0
45.0698
32.126
-0
-0
-0
-0
-0
-0
-0
-0
-0
-0
0.215696
-0
-0
-0
-0
-0
35.7052
-0
-0
-0
-0
-0
-0
-0
16.0923
-0
-0
-0
-0
9.50084
-0
44.0196
-0
33.5877
-0
19.8101
-0
5.9655
-0
-0
-0
2.19997
-0
25.6317
-0
-0
-0
-0
-0
-0
1.9014
-0
0.264868
-0
-0
-0
-0
-0
-0
-0
-0
-0
4.78212
-0
-0
-0
6.03688
-0
-0
-0
42.6511
2.57425
3.65645
16.9585
-0
-0
42.7637
-0
-0
3.69779
1.75499
-0
-0
10.6541
-0
-0
61.6362
-0
-0
-0
-0
-0
-0
-0
-0
-0
-0
-0
-0
24.5627
-0
47.5196
-0
-0
-0
-0
-0
-0
-0
-0
-0
25.7918
-0
-0
-0
19.3944
-0
-0
68.4741
-0
-0
-0
7.61403
-0
-0
-0
-0
-0
48.0704
-0
26.9032
0.392182
58.1021
55.0169
7.30347
-0
17.7355
4.02891
-0
-0
-0
-0
-0
-0
-0
20.1519
-0
22.9944
-0
19.3666
-0
14.8041
-0
-0
-0
-0
-0
-0
43.9749
-0
-0
18.9337
-0
-0
-0
-0
25.0035
-0
-0
55.0393
-0
-0
32.1203
39.5951
-0
-0
-0
-0
-0
9.69715
-0
59.8222
-0
34.7075
-0
-0
-0
10.7887
27.6646
-0
-0
-0
-0
10.909
3.78922
34.8395
-0
-0
-0
-0
-0
-0
-0
-0
-0
-0
-0
12.1686
-0
45.8056
-0
11.3275
-0
33.7398
-0
-0
-0
-0
-0
-0
16.9325
-0
0.44694
38.6116
-0
-0
-0
-0
-0
-0
-0
-0
-0
3.2655
4.33756
-0
-0
-0
-0
-0
-0
-0
-0
38.9146
-0
-0
-0
15.5739
-0
-0
-0
-0
8.50149
14.4581
-0
-0
16.2777
-0
-0
-0
62.6559
-0
-0
-0
-0
-0
-0
22.1725
-0
-0
6.90032
-0
-0
-0
-0
35.8637
-0
-0
-0
-0
-0
-0
70.3354
2.68252
-0
-0
-0
-0
-0
-0
-0
-0
-0
-0
-0
-0
37.4178
-0
36.7087
-0
9.73045
97.4829
15.1664
-0
11.8181
-0
-0
26.3538
-0
6.89862
-0
-0
-0
-0
-0
-0
-0
-0
-0
-0
-0
-0
-0
2.16472
-0
-0
-0
-0
12.8057
31.7367
23.6956
-0
-0
-0
5.44643
-0
-0
-0
-0
-0
-0
13.1663
34.3573
-0
-0
-0
24.7545
-0
-0
-0
-0
-0
38.6198
-0
-0
-0
-0
-0
-0
-0
-0
-0
-0
21.0571
-0
-0
15.4495
-0
-0
4.46982
9.51455
-0
61.63
-0
-0
-0
32.1269
-0
-0
-0
54.0296
-0
-0
-0
-0
-0
20.7987
-0
15.0322
-0
-0
11.7331
14.6874
4.10375
-0
5.05997
-0
-0
26.1456
-0
-0
-0
-0
-0
-0
59.7609
-0
-0
-0
-0
-0
-0
-0
-0
-0
-0
-0
-0
-0
50.1967
-0
-0
10.4916
-0
-0
-0
-0
-0
-0
-0
-0
-0
-0
-0
-0
-0
-0
-0
-0
-0
-0
10.727
-0
12.8383
-0
-0
-0
-0
-0
-0
-0
-0
-0
29.8381
-0
-0
-0
-0
-0
-0
-0
-0
-0
-0
-0
-0
44.0495
-0
-0
-0
6.2087
-0
-0
37.5888
36.3178
-0
-0
32.4545
-0
-0
22.7474
-0
-0
-0
65.6873
65.9883
-0
-0
5.44742
30.288
-0
45.3012
-0
-0
-0
-0
-0
-0
-0
-0
3.62806
-0
-0
-0
-0
-0
-0
-0
-0
-0
-0
-0
-0
19.5339
-0
48.6547
30.9661
-0
-0
-0
19.112
-0
-0
-0
13.5532
17.3957
-0
-0
-0
-0
-0
-0
-0
83.4145
-0
7.61529
-0
-0
-0
-0
0.450894
21.8759
16.9558
-0
-0
-0
-0
-0
-0
-0
16.5159
-0
-0
-0
-0
9.71663
-0
-0
-0
