0.337681
-0
-0
-0
-0
-0
-0
8.08093
-0
19.9948
55.0704
-0
-0
-0
-0
39.2218
-0
-0
-0
-0
-0
-0
-0
1.826
-0
-0
27.2233
-0
-0
-0
-0
-0
-0
-0
-0
-0
-0
-0
-0
-0
33.4139
-0
-0
14.8669
-0
1.16664
-0
-0
-0
10.9595
-0
-0
0.354173
-0
-0
-0
23.7833
4.92143
36.8677
-0
-0
-0
-0
-0
5.89817
-0
-0
28.2027
51.7789
3.89574
-0
-0
-0
-0
-0
0.719847
-0
-0
-0
-0
-0
100.069
-0
37.4931
30.11
-0
-0
-0
-0
-0
6.40369
-0
-0
-0
25.2061
-0
9.86608
-0
-0
-0
-0
-0
-0
-0
3.02858
-0
0.781078
-0
-0
-0
7.63881
-0
-0
-0
-0
56.0414
-0
-0
72.411
-0
-0
-0
-0
1.23593
8.69054
-0
-0
-0
-0
-0
-0
35.8576
-0
-0
-0
-0
-0
-0
-0
-0
-0
-0
41.6626
-0
3.76504
-0
-0
-0
-0
-0
-0
5.25701
-0
-0
10.8735
-0
28.2938
-0
-0
2.4969
46.2025
-0
-0
-0
-0
-0
-0
-0
-0
78.3758
-0
20.3145
-0
-0
-0
-0
-0
-0
-0
-0
17.3752
-0
-0
-0
-0
32.3553
-0
-0
81.7826
-0
-0
20.0332
-0
-0
-0
-0
-0
3.10967
-0
-0
-0
-0
-0
-0
-0
7.85089
-0
-0
6.75873
-0
-0
-0
70.901
-0
-0
-0
9.2833
-0
-0
-0
-0
-0
-0
43.2276
-0
-0
-0
-0
-0
-0
-0
-0
-0
-0
-0
-0
-0
-0
-0
-0
-0
9.41887
-0
-0
-0
-0
20.2563
-0
-0
-0
-0
-0
-0
-0
32.4856
-0
-0
-0
38.8269
-0
-0
-0
-0
-0
-0
-0
-0
-0
-0
-0
-0
40.0921
-0
-0
-0
-0
-0
-0
-0
-0
-0
-0
-0
-0
-0
-0
-0
-0
-0
-0
-0
-0
19.2816
-0
-0
-0
-0
-0
-0
71.0799
-0
-0
2.16994
-0
2.16561
42.8533
-0
-0
35.1207
-0
-0
-0
-0
-0
-0
0.351553
-0
-0
-0
0.138539
-0
-0
-0
-0
50.9239
-0
-0
30.7315
-0
48.4742
-0
-0
-0
-0
-0
-0
-0
3.85966
2.84703
-0
-0
-0
-0
-0
-0
-0
-0
-0
-0
-0
-0
-0
-0
-0
-0
-0
-0
-0
-0
-0
-0
-0
-0
-0
-0
3.68576
-0
-0
-0
-0
-0
8.61936
2.12706
50.0872
-0
-0
-0
7.21485
-0
-0
-0
31.8328
17.6398
-0
-0
68.525
-0
-0
-0
-0
-0
36.3262
-0
-0
-0
-0
-0
-0
-0
-0
-0
-0
-0
-0
-0
-0
-0
-0
-0
-0
-0
-0
-0
-0
-0
33.1233
-0
-0
-0
-0
44.3238
-0
-0
-0
-0
6.87473
-0
-0
-0
-0
-0
4.73521
-0
-0
29.6183
-0
15.3832
-0
-0
-0
-0
-0
-0
-0
-0
-0
-0
-0
-0
-0
38.2355
-0
-0
-0
-0
59.3667
-0
-0
-0
-0
-0
-0
-0
-0
36.1537
-0
-0
-0
-0
-0
-0
-0
4.59945
-0
-0
-0
-0
-0
-0
-0
-0
-0
-0
-0
-0
-0
-0
19.2558
-0
-0
19.9563
-0
-0
-0
-0
71.7606
60.4648
-0
0.762818
22.5477
-0
-0
22.2447
-0
-0
-0
9.41404
-0
-0
18.6817
-0
-0
21.09
-0
-0
-0
-0
-0
1.14732
-0
-0
-0
-0
34.9171
-0
-0
-0
-0
-0
11.6556
-0
-0
-0
-0
66.9156
-0
8.24856
-0
-0
-0
-0
-0
-0
-0
-0
9.34123
8.6438
-0
-0
0.574165
-0
-0
-0
-0
79.7388
27.4302
-0
-0
6.61912
-0
-0
13.6456
1.34065
-0
2.16088
-0
-0
-0
-0
8.20553
-0
-0
-0
-0
-0
-0
-0
-0
13.4926
7.57621
-0
-0
-0
-0
-0
-0
-0
-0
-0
25.7801
-0
-0
9.89756
-0
-0
-0
-0
-0
-0
-0
-0
-0
-0
-0
-0
-0
-0
-0
-0
15.33
-0
10.6547
-0
-0
-0
-0
26.4144
-0
-0
11.2179
-0
-0
-0
37.0074
-0
-0
-0
-0
-0
-0
-0
-0
-0
-0
-0
-0
-0
-0
-0
-0
-0
-0
-0
-0
-0
-0
-0
-0
-0
4.00823
-0
-0
-0
-0
-0
15.1793
3.32858
-0
-0
-0
-0
-0
53.7734
14.8918
-0
-0
-0
-0
-0
-0
-0
-0
-0
-0
-0
-0
-0
-0
1.79308
-0
-0
-0
1.42574
-0
-0
-0
-0
-0
-0
-0
-0
-0
27.576
-0
-0
-0
-0
-0
-0
37.0226
-0
-0
-0
-0
38.7622
-0
-0
-0
-0
-0
-0
51.2722
-0
-0
-0
-0
-0
-0
-0
-0
-0
-0
-0
-0
18.6555
-0
-0
-0
5.61384
-0
26.9571
11.0638
-0
-0
-0
-0
-0
1.34438
-0
-0
-0
-0
-0
-0
-0
19.2457
-0
-0
-0
-0
49.6501
-0
-0
-0
20.5913
-0
-0
-0
-0
-0
-0
-0
-0
-0
-0
-0
-0
14.4208
-0
-0
-0
-0
-0
-0
-0
-0
-0
-0
-0
56.6613
-0
-0
-0
-0
-0
-0
17.8715
44.114
-0
-0
-0
-0
-0
-0
5.96679
-0
-0
-0
12.7413
59.3149
6.68002
-0
-0
-0
-0
-0
-0
-0
37.2697
-0
-0
-0
-0
-0
-0
29.4178
-0
-0
-0
28.6223
-0
-0
33.9517
-0
-0
-0
-0
3.90661
-0
-0
69.706
-0
-0
12.3666
-0
-0
45.4914
-0
-0
-0
-0
-0
-0
-0
-0
8.43146
-0
13.011
1.09433
-0
-0
-0
-0
-0
-0
-0
22.7087
-0
-0
-0
-0
-0
-0
-0
57.6627
-0
4.89161
-0
-0
-0
-0
-0
-0
23.9817
11.12
70.4025
-0
-0
-0
-0
0.179512
-0
-0
-0
-0
-0
-0
-0
-0
-0
-0
-0
-0
-0
-0
-0
37.7907
58.6667
-0
2.77601
-0
-0
-0
-0
-0
3.30514
-0
-0
-0
-0
-0
33.996
-0
-0
-0
-0
-0
-0
18.9613
-0
-0
-0
-0
17.558
-0
-0
-0
4.03436
-0
-0
-0
-0
-0
28.6554
-0
-0
-0
-0
-0
-0
-0
-0
-0
-0
-0
-0
9.13666
7.74389
-0
-0
-0
-0
-0
-0
-0
24.9983
-0
-0
-0
-0
-0
-0
-0
-0
3.78652
18.421
-0
-0
-0
65.762
-0
9.91113
-0
72.166
-0
-0
13.639
39.083
-0
-0
-0
-0
-0
-0
-0
-0
-0
-0
-0
-0
-0
-0
-0
-0
-0
-0
-0
-0
-0
-0
-0
-0
-0
-0
-0
0.309579
-0
39.8619
-0
-0
-0
-0
-0
-0
21.0267
-0
-0
-0
-0
-0
-0
-0
-0
-0
-0
-0
-0
-0
-0
-0
-0
-0
-0
-0
-0
-0
-0
-0
-0
72.9225
-0
-0
-0
-0
14.8363
-0
-0
-0
-0
-0
10.5635
-0
25.3855
-0
-0
-0
-0
-0
-0
-0
-0
-0
21.5702
-0
-0
54.0371
-0
-0
-0
9.61508
-0
-0
-0
25.685
-0
63.0851
-0
-0
-0
-0
-0
-0
-0
-0
-0
-0
-0
43.3494
-0
-0
-0
-0
-0
-0
-0
-0
-0
18.8658
-0
12.6643
-0
-0
17.5536
-0
-0
-0
-0
-0
-0
-0
4.28157
-0
-0
33.3581
-0
-0
-0
-0
50.5681
0.473219
-0
-0
-0
-0
-0
-0
-0
-0
-0
-0
-0
2.39918
12.3483
8.43714
-0
-0
-0
-0
-0
-0
-0
-0
-0
-0
27.7821
-0
-0
-0
-0
17.7817
-0
-0
-0
-0
-0
47.5036
-0
-0
49.2524
101.908
-0
31.8939
-0
-0
13.7354
3.73808
-0
-0
-0
-0
-0
-0
-0
-0
-0
-0
-0
-0
-0
-0
-0
43.3643
44.8645
-0
-0
-0
16.1844
-0
-0
-0
-0
-0
-0
25.8171
-0
-0
-0
-0
-0
-0
-0
-0
-0
-0
-0
6.69759
-0
-0
-0
-0
-0
-0
-0
-0
-0
-0
-0
-0
-0
-0
-0
-0
-0
-0
-0
34.6442
-0
-0
-0
2.32043
-0
15.8041
-0
-0
-0
-0
7.20285
-0
2.00229
-0
-0
-0
-0
-0
-0
-0
-0
-0
-0
3.00273
-0
-0
-0
-0
-0
-0
-0
-0
33.7388
-0
26.0801
9.64865
6.09809
-0
-0
-0
-0
-0
-0
34.3197
-0
-0
-0
-0
-0
-0
-0
-0
6.67918
-0
-0
11.2793
-0
-0
-0
-0
-0
13.3651
-0
6.8753
-0
18.0462
7.05116
18.1761
-0
39.5712
15.1666
-0
-0
-0
-0
-0
-0
-0
-0
9.36779
35.3776
23.5421
-0
-0
-0
3.6766
-0
-0
17.9249
81.7019
-0
-0
38.677
-0
-0
-0
48.428
20.9755
-0
-0
21.333
-0
-0
-0
-0
71.2383
-0
-0
-0
-0
-0
-0
-0
1.02408
-0
-0
2.20074
-0
-0
-0
-0
53.5516
-0
-0
-0
-0
26.9736
-0
-0
-0
-0
-0
-0
-0
-0
-0
-0
22.6035
-0
-0
-0
-0
4.84438
66.2112
-0
-0
-0
-0
-0
70.0635
-0
-0
-0
-0
-0
-0
-0
-0
47.8002
-0
0.140065
-0
-0
-0
-0
-0
16.2891
-0
29.3913
-0
-0
80.9725
19.2905
16.8419
-0
1.21229
-0
-0
-0
-0
-0
73.1324
-0
-0
-0
-0
-0
-0
-0
31.4698
-0
8.79076
8.89732
-0
9.96967
-0
-0
-0
-0
-0
-0
-0
-0
-0
-0
0.209743
-0
56.5753
-0
17.9095
-0
0.196949
-0
-0
-0
-0
-0
-0
29.5397
-0
-0
-0
-0
-0
-0
-0
-0
-0
-0
-0
13.0424
-0
-0
-0
-0
-0
-0
-0
-0
-0
-0
-0
-0
-0
-0
-0
-0
-0
-0
28.1081
3.86581
-0
-0
-0
-0
-0
-0
-0
-0
-0
-0
-0
-0
-0
57.0926
-0
72.5374
-0
38.5979
26.5727
-0
-0
21.9549
-0
-0
-0
-0
-0
-0
-0
22.3372
-0
-0
-0
0.522582
-0
-0
-0
1.19716
-0
0.0779435
-0
-0
-0
-0
-0
-0
-0
-0
-0
-0
-0
-0
-0
25.3356
11.8908
-0
29.7326
-0
-0
-0
-0
-0
-0
-0
-0
38.1432
12.6817
-0
38.2162
-0
-0
-0
-0
-0
-0
-0
-0
-0
-0
-0
-0
-0
5.69459
-0
35.8737
-0
-0
-0
-0
-0
-0
-0
-0
-0
-0
-0
-0
54.8257
-0
-0
-0
-0
-0
-0
7.96311
2.61747
28.0515
7.24252
-0
-0
2.08991
-0
-0
-0
8.52946
-0
-0
-0
-0
36.1112
-0
-0
-0
-0
-0
10.9381
-0
-0
-0
-0
-0
-0
10.1137
-0
-0
-0
-0
-0
-0
28.8139
-0
-0
-0
-0
0.845095
12.1563
-0
-0
-0
-0
-0
-0
-0
9.78588
45.0174
-0
-0
-0
-0
-0
-0
-0
-0
-0
-0
-0
-0
9.31931
-0
-0
21.2554
-0
-0
-0
-0
-0
-0
-0
-0
-0
60.1957
-0
-0
-0
-0
-0
-0
27.8694
1.22138
-0
17.3682
27.3379
-0
10.4959
-0
-0
-0
-0
-0
-0
-0
30.4412
-0
-0
-0
-0
0.733992
-0
-0
8.41113
-0
-0
-0
-0
-0
73.4297
-0
-0
-0
-0
-0
-0
-0
-0
-0
-0
-0
-0
17.4329
-0
-0
-0
-0
-0
-0
0.205196
-0
-0
2.67556
58.592
-0
-0
-0
-0
-0
-0
-0
-0
-0
-0
-0
-0
-0
-0
-0
-0
-0
-0
-0
-0
-0
-0
-0
62.4313
-0
-0
-0
14.8906
-0
-0
5.70064
-0
-0
-0
-0
-0
-0
-0
-0
-0
-0
57.483
36.0252
3.16489
-0
-0
-0
-0
-0
0.303912
-0
-0
-0
-0
-0
-0
-0
15.7218
-0
-0
-0
-0
-0
-0
-0
8.34218
-0
-0
-0
-0
-0
-0
-0
-0
-0
33.3971
-0
-0
26.3341
13.8468
-0
-0
-0
-0
-0
-0
-0
-0
-0
-0
-0
-0
-0
-0
-0
-0
-0
-0
-0
-0
-0
-0
-0
-0
-0
-0
-0
-0
-0
11.9156
32.9307
-0
77.2943
-0
-0
-0
-0
-0
-0
-0
50.0798
-0
-0
-0
-0
5.12154
-0
-0
-0
-0
-0
-0
-0
-0
10.992
-0
-0
-0
-0
-0
-0
-0
12.1508
-0
-0
-0
-0
-0
-0
20.8113
4.10624
-0
-0
-0
-0
-0
-0
10.0759
-0
-0
-0
-0
-0
-0
4.50346
-0
-0
-0
-0
26.8919
-0
-0
-0
-0
-0
-0
-0
-0
79.0133
57.1697
-0
-0
-0
-0
-0
-0
9.49875
-0
-0
-0
-0
12.656
-0
-0
-0
-0
32.608
-0
-0
-0
100.655
-0
-0
-0
76.6663
-0
-0
39.6749
12.9481
-0
-0
14.7416
-0
-0
-0
-0
3.87746
-0
-0
-0
-0
-0
-0
-0
-0
11.7101
-0
-0
-0
-0
-0
22.7708
-0
11.477
-0
9.20829
-0
-0
-0
-0
-0
-0
22.9902
-0
-0
-0
24.705
-0
-0
-0
-0
-0
-0
-0
93.3018
-0
-0
-0
-0
-0
-0
-0
32.0322
-0
-0
-0
-0
-0
45.0387
2.50583
-0
-0
-0
-0
-0
-0
-0
-0
-0
-0
13.7173
60.9438
-0
-0
-0
-0
3.15121
-0
77.5196
-0
-0
-0
-0
-0
20.0345
-0
-0
40.2505
-0
52.516
-0
-0
15.1667
-0
-0
17.6257
-0
-0
-0
45.0824
38.2161
-0
19.5595
-0
75.5877
-0
-0
52.1084
-0
-0
-0
20.4717
-0
-0
-0
4.97506
-0
-0
106.241
-0
-0
-0
-0
-0
-0
21.8523
-0
-0
-0
10.437
-0
-0
23.2679
-0
-0
-0
-0
13.0933
3.08479
-0
-0
-0
40.9159
7.06414
-0
-0
-0
-0
-0
-0
-0
-0
-0
-0
-0
-0
-0
-0
-0
-0
-0
0.0813261
-0
-0
48.7711
-0
-0
-0
-0
-0
-0
-0
-0
-0
-0
-0
-0
-0
-0
-0
-0
-0
-0
-0
-0
-0
-0
12.4909
3.34558
26.4246
-0
-0
-0
104.676
-0
-0
-0
-0
-0
-0
-0
-0
-0
3.7068
35.2784
-0
0.791432
-0
-0
-0
-0
19.3295
107.326
-0
24.2008
26.0427
-0
-0
18.1614
-0
-0
34.1991
-0
-0
-0
-0
24.5053
-0
-0
-0
-0
6.36217
-0
-0
16.6294
-0
21.1241
-0
-0
-0
-0
5.87853
-0
34.2515
-0
7.36972
-0
-0
-0
-0
-0
-0
24.9982
49.2105
-0
9.2819
-0
-0
-0
-0
-0
-0
-0
14.6332
6.80569
55.9481
-0
-0
26.9415
-0
-0
-0
-0
10.747
-0
-0
-0
-0
18.692
-0
-0
-0
-0
-0
-0
46.4728
-0
-0
-0
-0
-0
-0
-0
-0
16.3804
-0
28.4596
-0
-0
-0
-0
32.4355
-0
-0
-0
-0
-0
-0
-0
-0
-0
-0
-0
1.25645
-0
-0
-0
93.7201
-0
19.0685
5.63211
47.1731
-0
17.8138
-0
-0
-0
-0
57.2444
-0
-0
-0
-0
-0
-0
-0
-0
-0
-0
-0
-0
-0
-0
-0
-0
-0
-0
-0
-0
-0
-0
-0
-0
-0
-0
-0
-0
15.3552
-0
-0
-0
-0
-0
28.0165
-0
-0
-0
-0
-0
-0
4.27107
-0
-0
-0
-0
-0
-0
-0
-0
-0
-0
-0
-0
-0
-0
4.6143
-0
-0
-0
-0
-0
22.6908
-0
-0
-0
-0
-0
-0
-0
52.6839
-0
-0
-0
-0
-0
3.75762
-0
-0
-0
-0
-0
-0
-0
-0
-0
-0
-0
-0
-0
-0
4.89198
-0
-0
-0
-0
-0
-0
-0
-0
2.06614
-0
-0
-0
-0
-0
-0
-0
-0
-0
-0
-0
-0
-0
-0
-0
-0
42.5828
-0
-0
-0
0.371605
-0
-0
-0
3.2769
38.6374
11.1449
-0
-0
-0
1.20473
-0
-0
-0
-0
-0
-0
-0
-0
20.3492
75.894
-0
-0
-0
-0
-0
-0
-0
-0
-0
1.10085
-0
-0
-0
-0
-0
-0
-0
-0
-0
-0
-0
-0
-0
-0
-0
-0
-0
-0
-0
2.09829
-0
-0
-0
-0
-0
-0
-0
-0
-0
40.3674
22.5261
-0
31.0581
-0
-0
11.4474
-0
-0
-0
5.43021
8.12802
-0
-0
-0
-0
-0
-0
-0
-0
-0
-0
-0
-0
-0
-0
-0
-0
69.5991
-0
-0
-0
-0
-0
-0
-0
-0
-0
31.7936
-0
-0
-0
-0
-0
-0
-0
9.50009
-0
-0
-0
-0
-0
-0
-0
-0
-0
-0
-0
-0
-0
-0
-0
-0
56.6779
-0
-0
-0
-0
-0
-0
-0
-0
-0
-0
-0
-0
50.7461
-0
-0
-0
-0
-0
-0
7.25832
-0
-0
-0
29.7028
-0
-0
-0
-0
-0
20.1946
4.09883
-0
19.9631
-0
19.5804
-0
-0
-0
-0
-0
-0
-0
-0
20.365
-0
-0
-0
-0
-0
37.6907
-0
-0
-0
-0
-0
-0
-0
-0
-0
-0
-0
1.86185
-0
-0
-0
-0
-0
-0
-0
-0
-0
-0
-0
-0
-0
-0
21.3834
-0
-0
22.4545
-0
0.937324
-0
-0
-0
-0
-0
-0
-0
-0
-0
-0
-0
-0
-0
17.547
-0
-0
-0
-0
-0
43.3332
-0
-0
-0
-0
-0
-0
-0
-0
-0
2.0058
-0
2.23846
-0
-0
0.975189
-0
-0
3.47125
-0
-0
-0
-0
-0
-0
-0
-0
3.384
-0
-0
-0
-0
-0
-0
-0
-0
-0
-0
-0
-0
-0
-0
-0
-0
-0
-0
-0
1.12828
-0
-0
-0
-0
-0
29.4617
-0
51.4385
28.1089
-0
-0
-0
-0
-0
33.8891
-0
-0
-0
-0
-0
19.0991
-0
0.985399
-0
-0
-0
19.2202
-0
-0
-0
-0
58.6216
-0
-0
-0
-0
-0
-0
-0
-0
-0
-0
-0
-0
-0
-0
-0
-0
-0
8.25824
-0
6.92769
-0
-0
-0
-0
-0
-0
-0
-0
-0
-0
-0
-0
2.99386
-0
-0
-0
-0
-0
-0
16.6585
-0
-0
-0
-0
-0
52.0418
-0
57.041
-0
-0
-0
-0
-0
21.4226
-0
-0
-0
-0
-0
-0
-0
-0
-0
-0
-0
19.8602
-0
-0
-0
-0
-0
3.38293
0.00028263
-0
8.29156
-0
-0
-0
-0
-0
-0
-0
-0
-0
39.229
-0
-0
-0
47.2481
-0
-0
-0
15.8575
-0
18.6031
12.1973
-0
-0
-0
-0
-0
-0
-0
-0
27.5976
4.22894
-0
-0
-0
-0
-0
20.1985
-0
23.2106
-0
-0
-0
-0
-0
-0
15.295
-0
-0
-0
-0
-0
-0
-0
-0
-0
-0
27.1212
2.5859
-0
-0
-0
-0
-0
-0
-0
-0
-0
-0
-0
-0
-0
-0
-0
-0
40.481
-0
-0
-0
-0
-0
17.5201
1.88701
-0
-0
-0
31.5778
-0
-0
-0
52.3132
-0
-0
16.9938
-0
-0
-0
-0
27.874
16.8822
38.564
-0
-0
-0
-0
20.7379
41.5196
-0
-0
59.9368
33.6536
-0
-0
-0
-0
-0
5.21759
-0
-0
-0
-0
-0
-0
-0
16.1379
-0
-0
-0
1.66528
-0
-0
17.5771
-0
-0
-0
-0
-0
-0
-0
27.7385
-0
-0
30.3663
-0
-0
-0
22.1255
-0
-0
-0
18.9158
-0
-0
-0
-0
-0
34.6054
-0
-0
-0
-0
-0
31.5732
25.3158
13.2244
-0
17.8394
-0
-0
-0
-0
-0
-0
-0
-0
-0
-0
-0
-0
5.85136
-0
-0
41.0959
-0
31.6036
-0
-0
49.1778
-0
-0
-0
-0
-0
-0
-0
-0
-0
-0
-0
-0
17.1389
6.85447
-0
-0
60.6669
-0
-0
-0
-0
-0
-0
-0
-0
-0
-0
3.85306
-0
-0
-0
-0
87.8392
33.3379
-0
-0
-0
-0
-0
-0
-0
-0
-0
86.5089
-0
-0
-0
-0
-0
-0
-0
-0
-0
-0
-0
0.94187
36.8567
-0
36.4108
-0
-0
-0
17.7323
-0
-0
-0
-0
1.65939
-0
-0
-0
-0
-0
-0
-0
-0
-0
36.6869
29.8924
-0
-0
-0
26.8025
54.3528
-0
-0
15.6227
-0
-0
0.370703
-0
-0
-0
-0
-0
-0
-0
-0
6.29957
-0
-0
-0
-0
-0
-0
-0
-0
-0
15.2018
-0
-0
-0
-0
7.77512
-0
-0
-0
-0
-0
32.4088
28.7804
-0
-0
-0
-0
-0
-0
-0
-0
-0
-0
-0
-0
-0
12.5652
20.4679
27.7182
-0
-0
-0
-0
-0
-0
-0
-0
-0
-0
-0
-0
-0
-0
-0
-0
-0
-0
32.4137
-0
46.1198
-0
-0
-0
-0
-0
-0
-0
-0
-0
-0
-0
-0
-0
-0
-0
-0
-0
-0
-0
-0
-0
-0
-0
-0
-0
22.4072
5.88917
-0
-0
-0
-0
-0
-0
-0
11.935
-0
11.4066
-0
14.3854
-0
-0
-0
-0
-0
-0
-0
-0
-0
-0
22.0462
-0
20.141
4.75997
-0
-0
-0
-0
14.9925
-0
3.841
-0
-0
-0
27.4102
-0
-0
-0
-0
-0
-0
-0
-0
-0
-0
-0
-0
-0
-0
-0
-0
-0
-0
-0
-0
-0
-0
57.9014
-0
-0
-0
-0
-0
0.341566
-0
-0
6.27997
45.3235
-0
-0
-0
-0
-0
-0
-0
-0
-0
-0
-0
-0
-0
-0
-0
-0
-0
-0
5.87422
23.6987
64.9485
-0
9.13545
8.91198
-0
-0
-0
-0
-0
2.22951
-0
-0
-0
-0
-0
-0
-0
-0
-0
3.5236
-0
-0
-0
-0
17.2987
13.6249
-0
-0
-0
3.56082
-0
29.0388
-0
-0
-0
-0
23.2708
-0
-0
-0
-0
-0
-0
26.989
-0
-0
53.8206
-0
-0
-0
-0
-0
-0
-0
-0
-0
-0
-0
-0
-0
-0
-0
-0
-0
-0
-0
-0
9.33741
-0
18.0481
-0
-0
-0
-0
-0
-0
-0
-0
-0
3.52932
-0
-0
2.8848
-0
-0
-0
-0
-0
-0
-0
-0
-0
-0
-0
-0
-0
-0
0.0770087
-0
-0
79.859
-0
22.1202
-0
-0
-0
-0
-0
-0
-0
20.0755
-0
4.55066
1.71435
-0
-0
4.77804
-0
-0
-0
-0
-0
-0
-0
-0
-0
-0
-0
-0
-0
56.8805
49.072
-0
-0
-0
-0
-0
-0
-0
-0
-0
-0
-0
-0
-0
18.5189
23.6891
43.3023
-0
-0
40.7683
-0
-0
-0
-0
-0
-0
-0
-0
-0
65.3351
-0
-0
-0
-0
-0
-0
30.9024
-0
-0
-0
7.15326
-0
-0
-0
-0
-0
-0
-0
-0
-0
-0
-0
-0
-0
17.6241
-0
33.4517
-0
-0
-0
-0
-0
-0
-0
-0
-0
-0
80.6774
-0
-0
-0
-0
-0
17.7004
-0
-0
-0
-0
38.6925
21.7107
-0
-0
-0
-0
-0
10.8575
5.73567
-0
-0
36.1399
-0
-0
-0
-0
-0
-0
89.1988
6.95481
11.8926
-0
-0
-0
-0
69.0133
-0
4.17981
15.5492
25.6178
-0
-0
-0
-0
-0
-0
55.2065
-0
-0
-0
-0
8.72972
-0
-0
7.16632
-0
-0
-0
-0
-0
-0
62.393
-0
-0
-0
19.7437
-0
-0
-0
-0
-0
-0
-0
-0
-0
-0
-0
-0
5.39075
-0
-0
-0
-0
-0
30.0609
13.9431
-0
-0
-0
-0
-0
-0
-0
-0
59.6205
-0
-0
-0
-0
-0
-0
18.9255
-0
-0
-0
-0
-0
-0
-0
23.4051
-0
-0
-0
-0
-0
74.6996
-0
52.9382
59.6801
-0
24.2428
-0
-0
-0
-0
-0
-0
-0
-0
-0
-0
-0
-0
-0
-0
17.8553
-0
-0
-0
-0
-0
24.8269
-0
55.9005
-0
-0
-0
-0
-0
-0
35.83
-0
2.58444
-0
27.668
-0
-0
-0
-0
-0
3.01214
-0
-0
-0
-0
-0
-0
6.90008
-0
42.9384
-0
-0
-0
-0
-0
-0
-0
28.9862
-0
-0
-0
-0
-0
-0
-0
-0
-0
-0
-0
-0
-0
33.7379
22.1225
-0
-0
88.8741
21.5811
-0
-0
17.1387
-0
-0
4.99577
-0
-0
-0
-0
-0
-0
-0
-0
-0
-0
-0
-0
4.68723
-0
-0
-0
-0
38.5417
-0
-0
-0
-0
-0
-0
-0
-0
-0
-0
-0
-0
-0
7.41961
-0
-0
48.4659
-0
-0
-0
-0
-0
-0
-0
-0
-0
-0
54.7046
-0
16.0261
44.3968
-0
-0
-0
-0
68.9594
-0
13.7301
-0
-0
-0
-0
-0
-0
-0
6.91707
-0
-0
-0
-0
-0
-0
-0
-0
-0
-0
8.83741
28.8991
13.3604
12.4814
-0
-0
-0
-0
-0
-0
-0
6.9502
-0
-0
-0
50.0991
-0
-0
-0
-0
-0
-0
-0
51.481
-0
25.0519
-0
-0
-0
1.23246
20.7255
-0
-0
-0
-0
-0
43.911
-0
-0
-0
-0
-0
-0
17.3206
-0
-0
-0
-0
-0
26.2614
-0
-0
-0
-0
-0
-0
-0
-0
-0
-0
-0
-0
-0
-0
-0
-0
-0
-0
-0
-0
1.29851
-0
7.64662
-0
-0
-0
-0
27.0032
-0
-0
-0
-0
29.0402
-0
-0
-0
-0
-0
-0
58.5162
-0
-0
-0
-0
11.3737
-0
-0
-0
-0
-0
49.4943
-0
10.3143
-0
-0
22.2813
34.0662
-0
-0
-0
-0
-0
-0
-0
33.0615
-0
-0
35.1607
-0
-0
-0
-0
-0
58.863
32.6938
-0
23.0167
-0
-0
-0
3.76818
-0
-0
-0
-0
-0
-0
-0
4.71687
-0
-0
-0
36.2306
40.9319
-0
-0
-0
-0
-0
0.417452
-0
-0
-0
-0
-0
-0
-0
-0
-0
-0
-0
-0
-0
-0
-0
-0
-0
-0
-0
-0
17.557
9.23388
41.8285
-0
-0
-0
-0
-0
-0
-0
-0
-0
-0
-0
-0
-0
-0
-0
19.8099
-0
-0
-0
-0
-0
15.3672
-0
11.3136
-0
-0
-0
16.6195
-0
-0
-0
-0
-0
-0
-0
-0
-0
-0
3.14825
-0
-0
-0
-0
24.2267
-0
0.658514
0.102855
-0
-0
34.3055
-0
-0
-0
-0
-0
-0
-0
-0
-0
-0
-0
86.2529
-0
-0
0.455817
-0
-0
5.8652
-0
-0
-0
-0
-0
-0
33.6157
-0
-0
-0
-0
-0
-0
-0
-0
-0
-0
-0
-0
-0
20.1433
-0
13.4457
28.1733
-0
-0
-0
-0
-0
-0
-0
15.2468
-0
-0
-0
-0
-0
-0
-0
-0
-0
-0
12.7556
-0
-0
-0
-0
-0
-0
-0
-0
-0
-0
-0
112.827
-0
-0
-0
-0
-0
-0
-0
27.5382
-0
-0
-0
-0
111.692
-0
-0
-0
-0
-0
-0
17.3633
17.4044
-0
-0
42.5448
-0
-0
15.1032
-0
-0
-0
-0
69.4628
-0
-0
3.52586
70.2774
-0
10.0971
9.08344
-0
-0
-0
-0
-0
-0
-0
3.51978
-0
-0
-0
-0
-0
-0
-0
-0
0.901967
-0
-0
-0
20.1834
-0
-0
-0
-0
-0
-0
-0
-0
-0
-0
-0
10.4828
-0
-0
-0
-0
-0
-0
-0
-0
-0
-0
0.0804162
-0
-0
-0
14.2948
44.2987
16.0447
-0
-0
-0
-0
-0
-0
-0
5.86994
-0
-0
-0
-0
-0
-0
-0
-0
