-0
-0
-0
-0
-0
-0
-0
13.6759
-0
6.57828
71.9329
-0
-0
-0
-0
36.6674
-0
-0
-0
-0
-0
-0
-0
18.2043
15.8164
-0
37.5522
-0
-0
-0
-0
-0
-0
-0
-0
-0
-0
-0
-0
-0
20.821
-0
-0
-0
-0
-0
-0
-0
-0
9.15096
-0
-0
0.321256
-0
-0
-0
-0
2.95002
48.2873
1.82892
-0
-0
1.18598
-0
-0
-0
-0
22.3998
8.17692
4.29379
-0
-0
-0
-0
-0
-0
0.805952
-0
-0
-0
-0
81.1294
-0
-0
58.64
-0
-0
-0
-0
-0
17.5358
-0
-0
-0
14.3855
-0
0.9277
-0
-0
-0
-0
-0
-0
-0
-0
-0
5.75136
-0
-0
-0
-0
-0
-0
-0
-0
24.2584
-0
-0
34.7032
-0
0.475853
-0
-0
21.6829
25.721
-0
-0
-0
-0
15.7392
-0
68.7175
-0
-0
-0
-0
-0
-0
-0
-0
-0
-0
67.5812
-0
-0
-0
-0
-0
-0
-0
-0
13.8401
-0
-0
73.1771
-0
17.3781
-0
-0
1.70856
43.2977
-0
-0
-0
-0
-0
-0
-0
-0
75.4196
-0
18.9081
-0
-0
-0
-0
-0
-0
-0
-0
-0
-0
-0
-0
-0
36.8331
-0
-0
86.9053
-0
-0
10.5165
-0
-0
-0
-0
-0
-0
-0
-0
-0
-0
-0
-0
-0
-0
-0
-0
-0
-0
-0
-0
54.7742
-0
-0
-0
-0
-0
-0
-0
-0
-0
-0
48.2009
4.96781
-0
-0
-0
-0
-0
-0
-0
-0
-0
-0
-0
-0
-0
-0
-0
-0
0.196214
-0
-0
-0
-0
11.895
-0
-0
-0
-0
-0
-0
-0
-0
-0
4.50319
-0
27.0065
-0
-0
-0
-0
-0
-0
-0
25.6397
-0
-0
-0
-0
45.1544
-0
-0
-0
-0
-0
-0
-0
-0
-0
-0
-0
11.932
-0
-0
-0
13.0353
-0
-0
-0
-0
31.0414
-0
11.1942
-0
-0
-0
-0
72.2946
-0
-0
-0
-0
-0
35.7361
-0
-0
-0
-0
-0
-0
-0
-0
-0
0.762543
-0
-0
-0
1.21192
-0
-0
-0
-0
-0
-0
17.142
9.69858
-0
33.6997
-0
-0
-0
-0
-0
-0
-0
15.8401
-0
-0
-0
-0
-0
-0
-0
-0
-0
-0
-0
4.04732
-0
-0
-0
-0
-0
-0
-0
-0
-0
-0
-0
-0
-0
10.8257
-0
3.08439
-0
-0
-0
-0
-0
9.10155
1.94482
20.1154
-0
-0
-0
-0
-0
-0
-0
-0
2.50522
-0
-0
73.7843
-0
-0
-0
-0
-0
4.63862
-0
-0
-0
-0
-0
-0
-0
-0
-0
-0
-0
-0
-0
-0
-0
-0
5.38677
-0
-0
-0
-0
-0
-0
5.76348
-0
-0
-0
-0
30.191
-0
-0
-0
-0
44.1332
21.6629
-0
-0
-0
-0
-0
-0
-0
-0
-0
1.04301
-0
-0
-0
-0
-0
-0
-0
-0
-0
-0
-0
-0
-0
60.315
-0
-0
-0
12.1192
51.4119
-0
-0
-0
-0
-0
-0
-0
-0
29.1835
-0
-0
-0
-0
-0
-0
-0
27.3841
-0
-0
-0
-0
-0
-0
-0
-0
-0
-0
-0
-0
-0
-0
7.0528
-0
-0
24.2364
-0
-0
-0
-0
44.4495
54.0945
-0
-0
3.68329
-0
-0
-0
-0
-0
-0
20.4649
-0
-0
20.2422
-0
-0
40.3203
-0
-0
12.4163
-0
-0
10.8866
-0
6.57357
-0
-0
21.4615
-0
-0
-0
-0
-0
-0
-0
-0
-0
-0
38.3156
-0
-0
-0
-0
-0
-0
-0
-0
-0
-0
9.01596
-0
-0
-0
-0
-0
-0
-0
-0
101.504
23.0012
-0
-0
-0
-0
-0
-0
-0
-0
-0
-0
-0
-0
-0
36.312
-0
25.4074
-0
10.6956
-0
0.999291
-0
-0
-0
17.7949
-0
-0
-0
-0
-0
-0
-0
-0
-0
35.221
-0
-0
28.8047
-0
-0
-0
-0
17.0713
-0
-0
1.92783
-0
-0
-0
-0
-0
-0
-0
-0
22.8289
-0
-0
-0
-0
-0
-0
65.6901
-0
-0
2.18052
-0
-0
-0
-0
-0
-0
-0
-0
-0
-0
-0
-0
-0
-0
-0
-0
-0
-0
-0
-0
-0
-0
-0
-0
-0
-0
-0
-0
6.03022
2.59584
-0
-0
-0
-0
-0
24.5024
7.80079
-0
-0
-0
-0
-0
0.524637
13.6412
-0
8.68426
-0
-0
-0
-0
18.0736
-0
-0
-0
-0
-0
-0
-0
1.82184
21.2256
-0
-0
47.4984
-0
-0
48.4076
-0
-0
-0
-0
-0
-0
31.8003
-0
-0
-0
-0
-0
-0
1.11102
-0
-0
-0
22.8856
24.9993
-0
-0
-0
-0
-0
-0
-0
-0
-0
-0
-0
-0
-0
-0
-0
-0
6.49083
-0
-0
17.2544
-0
-0
-0
-0
-0
31.1083
-0
-0
-0
-0
-0
-0
0.141742
-0
-0
-0
-0
-0
-0
-0
40.8097
-0
-0
-0
-0
-0
-0
-0
-0
-0
-0
-0
-0
-0
-0
-0
-0
-0
-0
26.2242
-0
-0
-0
-0
-0
-0
-0
-0
-0
-0
1.80803
-0
-0
-0
33.4788
-0
-0
-0
-0
-0
-0
-0
50.0043
-0
-0
-0
-0
-0
-0
-0
-0
-0
-0
16.2472
9.63404
-0
-0
-0
-0
-0
-0
-0
-0
56.658
-0
-0
-0
-0
-0
-0
10.7779
-0
-0
-0
52.6883
-0
-0
30.4031
-0
-0
-0
-0
9.9797
-0
-0
56.1364
-0
-0
38.4815
-0
-0
63.0734
-0
-0
-0
-0
-0
-0
-0
-0
11.1906
36.0026
21.4322
8.034
2.15477
-0
-0
33.3124
-0
-0
-0
33.1068
4.04252
-0
-0
-0
-0
-0
-0
51.5619
-0
8.74902
-0
-0
-0
-0
-0
-0
31.2086
-0
56.2008
-0
-0
-0
-0
0.775637
10.0763
-0
-0
-0
-0
-0
-0
-0
-0
-0
-0
-0
-0
-0
-0
29.4604
29.2425
-0
-0
-0
-0
-0
-0
-0
-0
-0
-0
-0
-0
-0
34.2129
-0
-0
-0
-0
-0
-0
65.4381
-0
-0
-0
-0
3.58067
-0
-0
-0
11.7923
-0
-0
-0
17.1099
-0
26.056
-0
-0
-0
-0
-0
-0
3.65575
-0
-0
12.2561
16.0444
-0
33.2974
-0
-0
-0
-0
-0
-0
-0
-0
29.1831
-0
-0
-0
-0
-0
-0
-0
-0
-0
23.4701
-0
-0
-0
41.4843
-0
-0
-0
35.0161
-0
-0
-0
46.5302
-0
-0
-0
-0
-0
-0
-0
-0
-0
-0
-0
-0
-0
-0
-0
-0
-0
-0
17.0607
-0
-0
-0
-0
-0
-0
-0
-0
-0
-0
13.2136
-0
-0
-0
-0
-0
-0
0.37882
-0
-0
-0
-0
-0
-0
-0
-0
3.92349
-0
-0
-0
-0
-0
0.912671
-0
-0
-0
-0
-0
-0
-0
-0
-0
41.5462
-0
-0
-0
-0
45.7162
-0
-0
-0
-0
-0
-0
-0
23.8813
0.194014
15.786
-0
-0
-0
-0
13.2755
-0
-0
-0
-0
-0
55.2484
-0
-0
-0
-0
-0
-0
-0
23.8708
-0
26.4456
-0
-0
3.81429
-0
-0
-0
-0
-0
-0
-0
-0
32.8219
2.85721
-0
-0
-0
-0
-0
-0
-0
-0
36.7783
-0
26.324
-0
-0
-0
-0
-0
-0
-0
-0
-0
-0
-0
-0
-0
24.0644
-0
-0
-0
-0
37.9504
-0
-0
-0
-0
-0
-0
-0
-0
-0
-0
-0
-0
-0
33.6973
9.83903
-0
-0
-0
-0
-0
-0
-0
-0
-0
-0
16.2284
-0
-0
-0
-0
2.1073
-0
-0
-0
-0
-0
47.5508
-0
-0
22.7397
38.0876
-0
26.106
-0
-0
-0
14.0789
-0
-0
-0
-0
-0
-0
-0
-0
-0
-0
14.1599
-0
-0
-0
-0
-0
-0
-0
-0
-0
-0
-0
9.65898
-0
-0
-0
-0
-0
-0
-0
-0
3.56111
-0
-0
-0
-0
-0
-0
-0
-0
-0
-0
-0
-0
-0
-0
-0
-0
-0
-0
-0
-0
-0
-0
34.7908
-0
-0
-0
-0
-0
-0
-0
43.2047
-0
-0
4.01272
-0
-0
-0
-0
45.1838
-0
-0
-0
-0
-0
-0
-0
-0
-0
-0
-0
-0
14.0066
-0
-0
-0
-0
0.113001
-0
-0
-0
18.2856
-0
18.8466
-0
17.5268
-0
-0
-0
-0
-0
-0
14.1978
-0
-0
-0
12.4752
-0
-0
-0
-0
8.6129
-0
-0
2.79674
-0
-0
-0
-0
-0
-0
-0
-0
-0
54.6648
2.18872
35.196
-0
25.8073
4.57519
-0
43.1437
-0
-0
-0
-0
-0
-0
25.6662
31.2819
53.5921
-0
-0
13.4744
-0
-0
-0
-0
121.369
-0
-0
35.9428
-0
-0
-0
69.1451
46.9264
-0
-0
-0
-0
-0
-0
1.65311
85.6173
-0
-0
-0
7.91565
-0
-0
-0
-0
-0
-0
-0
-0
16.5519
-0
-0
28.7875
-0
-0
5.76556
19.5126
29.3091
-0
-0
-0
-0
-0
-0
-0
-0
-0
9.89002
-0
-0
-0
-0
-0
23.6366
53.0418
-0
9.67589
-0
-0
-0
26.8518
-0
-0
-0
-0
-0
-0
-0
-0
3.47262
-0
-0
-0
-0
-0
-0
-0
-0
-0
30.7689
-0
-0
0.385561
-0
26.4987
-0
3.63417
-0
-0
-0
-0
-0
69.7325
-0
-0
-0
-0
-0
13.313
-0
61.5955
-0
7.51788
-0
-0
11.2152
-0
-0
-0
-0
-0
-0
1.47628
-0
-0
-0
17.931
-0
-0
-0
11.9297
-0
-0
-0
-0
-0
-0
-0
1.54882
-0
-0
-0
-0
-0
-0
-0
-0
15.3132
-0
-0
-0
-0
-0
-0
-0
-0
23.3344
-0
-0
-0
-0
-0
-0
-0
-0
-0
-0
-0
-0
-0
26.3729
-0
-0
-0
-0
-0
-0
-0
-0
-0
-0
-0
-0
-0
28.2429
31.0381
-0
61.231
-0
22.0191
-0
-0
-0
26.2022
-0
-0
-0
-0
-0
4.2302
-0
-0
-0
-0
-0
-0
-0
-0
-0
41.0882
-0
-0
-0
8.96223
-0
-0
0.154623
-0
-0
-0
-0
-0
-0
-0
-0
22.857
5.56751
-0
-0
-0
-0
20.3172
-0
-0
-0
-0
-0
39.6824
11.3465
-0
69.3888
-0
-0
-0
-0
-0
-0
-0
-0
-0
-0
-0
-0
7.66677
27.7687
-0
47.3795
-0
-0
-0
-0
-0
-0
-0
-0
-0
-0
-0
-0
67.2182
-0
-0
-0
-0
-0
-0
-0
-0
-0
33.0978
-0
-0
-0
-0
-0
-0
2.81545
-0
-0
-0
-0
65.7739
-0
-0
-0
-0
-0
27.8841
-0
2.24457
-0
-0
-0
-0
22.3207
-0
-0
-0
-0
-0
-0
1.90812
-0
-0
-0
-0
5.31058
-0
-0
-0
-0
-0
-0
-0
-0
-0
-0
-0
-0
-0
-0
-0
-0
-0
-0
-0
-0
-0
-0
-0
-0
-0
15.8441
-0
16.1898
-0
-0
-0
7.49385
-0
-0
-0
13.2405
-0
2.33376
-0
-0
-0
-0
22.8901
26.3904
-0
-0
33.1043
-0
-0
-0
-0
-0
-0
-0
1.4961
-0
42.8313
-0
-0
-0
-0
-0
-0
-0
17.7094
-0
-0
-0
-0
-0
69.0624
-0
-0
-0
-0
-0
-0
-0
-0
-0
-0
-0
-0
43.2776
-0
-0
-0
-0
-0
-0
-0
-0
-0
-0
66.715
-0
2.61822
-0
-0
-0
-0
-0
-0
-0
-0
-0
-0
-0
-0
-0
-0
-0
-0
30.2618
-0
-0
-0
-0
12.8054
-0
18.8658
-0
-0
-0
-0
-0
-0
-0
-0
-0
-0
-0
-0
-0
-0
42.6811
24.5
17.0446
40.7569
-0
-0
-0
-0
-0
-0
-0
-0
-0
-0
-0
-0
-0
14.5398
-0
-0
-0
-0
-0
-0
-0
13.7011
-0
-0
-0
-0
-0
-0
-0
-0
-0
21.9066
-0
-0
-0
-0
-0
-0
-0
-0
-0
-0
-0
-0
-0
-0
-0
-0
-0
-0
-0
-0
-0
-0
-0
-0
-0
-0
-0
-0
-0
-0
-0
-0
-0
23.2694
56.9489
-0
14.544
-0
-0
-0
-0
-0
-0
-0
44.9299
-0
-0
-0
-0
-0
-0
-0
-0
-0
-0
-0
-0
-0
-0
-0
-0
-0
-0
-0
-0
-0
14.9767
16.5817
-0
-0
-0
-0
-0
-0
3.08373
-0
-0
15.9371
-0
-0
-0
17.5066
-0
-0
-0
-0
-0
29.5927
26.8567
-0
-0
-0
-0
30.0673
-0
-0
-0
-0
-0
-0
-0
-0
15.2976
40.0081
-0
-0
-0
-0
-0
-0
-0
-0
-0
-0
-0
-0
-0
-0
-0
-0
16.1746
-0
-0
-0
89.3767
-0
-0
-0
96.9034
-0
-0
64.9363
-0
-0
-0
4.36161
-0
-0
17.0231
-0
3.31023
-0
-0
-0
-0
-0
-0
-0
-0
9.56803
-0
-0
-0
-0
-0
6.13757
-0
-0
-0
24.058
-0
-0
-0
-0
-0
-0
30.4933
-0
-0
-0
-0
1.13948
-0
0.0988404
-0
1.25854
-0
-0
39.1279
-0
-0
-0
-0
-0
-0
-0
-0
-0
-0
-0
4.18973
-0
22.0296
23.1185
-0
-0
-0
-0
-0
34.5964
10.4714
-0
-0
-0
-0
37.4959
-0
-0
-0
-0
3.14124
-0
96.871
-0
-0
-0
-0
0.0829299
-0
-0
-0
39.6853
-0
67.1297
-0
-0
5.69907
-0
-0
16.8324
-0
-0
-0
50.2596
40.5878
-0
20.6268
-0
23.7359
-0
-0
67.7833
-0
-0
-0
26.0677
-0
-0
-0
4.83676
-0
-0
91.524
-0
-0
-0
-0
-0
-0
20.2204
-0
-0
-0
83.1772
-0
-0
1.30454
-0
-0
-0
-0
23.2052
17.4791
-0
-0
-0
58.8814
-0
-0
-0
-0
-0
-0
-0
-0
-0
-0
-0
-0
-0
-0
-0
-0
-0
-0
0.096357
-0
-0
60.3273
-0
-0
-0
-0
29.0679
-0
27.3759
-0
-0
-0
-0
-0
-0
-0
-0
-0
-0
-0
-0
-0
-0
-0
50.3105
10.1409
18.6992
-0
-0
-0
78.1611
-0
-0
-0
-0
-0
-0
45.3535
-0
-0
-0
28.4536
-0
6.46513
-0
-0
-0
-0
5.66674
102.087
-0
1.56752
57.0749
-0
-0
-0
-0
-0
25.2543
-0
-0
-0
-0
14.626
-0
-0
-0
-0
2.3507
-0
-0
57.6609
-0
22.6821
-0
-0
-0
-0
-0
-0
60.2003
-0
-0
17.219
-0
-0
-0
-0
-0
31.3297
67.666
-0
-0
-0
-0
-0
-0
-0
-0
-0
-0
41.883
52.1324
0.774985
-0
-0
-0
-0
-0
-0
15.5908
-0
-0
-0
-0
13.739
-0
-0
-0
-0
-0
-0
38.7417
-0
-0
-0
-0
-0
-0
-0
-0
27.9622
-0
-0
-0
-0
-0
-0
22.8669
-0
10.7795
-0
-0
-0
-0
-0
-0
-0
-0
-0
-0
-0
-0
-0
33.3937
-0
58.6802
-0
27.8774
-0
12.9803
-0
-0
-0
-0
68.2328
-0
-0
-0
-0
-0
-0
-0
-0
-0
-0
-0
-0
-0
-0
-0
-0
-0
-0
-0
14.5755
-0
-0
-0
-0
-0
-0
-0
-0
14.7733
-0
-0
-0
-0
-0
11.8958
-0
-0
-0
-0
-0
-0
5.20511
-0
-0
-0
-0
-0
-0
-0
21.6941
-0
-0
-0
-0
-0
-0
-0
-0
-0
14.8773
-0
-0
25.021
-0
-0
-0
-0
-0
-0
-0
31.5988
-0
7.16553
-0
-0
-0
-0
-0
-0
-0
-0
-0
-0
-0
-0
-0
-0
-0
-0
-0
-0
24.6768
-0
-0
-0
4.9155
-0
6.07148
-0
-0
0.364552
-0
-0
7.34192
-0
-0
-0
-0
-0
-0
-0
-0
14.3184
-0
33.8601
-0
-0
25.9936
-0
-0
-0
-0
-0
6.66428
-0
-0
38.0136
11.2351
-0
-0
-0
1.11055
34.3054
-0
-0
-0
-0
-0
-0
-0
20.3779
65.3891
-0
-0
-0
-0
-0
-0
-0
-0
-0
6.71477
-0
-0
-0
4.06767
-0
-0
-0
-0
-0
-0
-0
-0
-0
-0
-0
7.53896
-0
-0
-0
30.8776
-0
-0
-0
-0
-0
-0
-0
12.6844
2.71047
4.13965
31.326
8.4249
9.47095
-0
-0
-0
-0
-0
-0
-0
-0
-0
-0
-0
4.74304
-0
-0
-0
-0
-0
-0
-0
-0
-0
-0
-0
-0
53.5114
23.5196
-0
-0
-0
-0
-0
-0
-0
-0
5.39082
-0
-0
-0
-0
-0
-0
-0
10.2985
-0
-0
-0
-0
-0
-0
-0
-0
-0
-0
-0
-0
-0
-0
-0
-0
7.02746
-0
-0
-0
-0
-0
-0
-0
-0
-0
-0
24.6323
-0
0.544001
-0
-0
-0
-0
-0
-0
7.23649
-0
-0
-0
60.9628
-0
-0
-0
-0
-0
5.67864
13.3202
-0
-0
-0
20.851
-0
-0
-0
-0
-0
-0
6.53854
-0
-0
-0
-0
-0
-0
-0
9.85065
-0
-0
-0
-0
-0
1.83795
-0
-0
-0
-0
-0
3.55334
-0
-0
-0
-0
-0
-0
-0
-0
-0
-0
-0
-0
-0
-0
14.6507
-0
-0
16.069
-0
1.40623
-0
30.6133
-0
-0
-0
-0
-0
-0
-0
-0
-0
-0
-0
-0
-0
-0
-0
-0
-0
15.7407
-0
-0
-0
-0
-0
-0
-0
-0
-0
3.40434
-0
-0
-0
-0
3.82195
-0
-0
9.32585
-0
-0
-0
15.8982
-0
-0
-0
-0
10.4724
-0
-0
-0
-0
-0
-0
-0
-0
-0
-0
-0
-0
-0
-0
-0
-0
-0
-0
-0
-0
-0
-0
-0
-0
-0
-0
-0
17.409
70.2971
-0
-0
-0
43.9376
-0
27.6036
-0
-0
-0
-0
-0
0.902669
-0
-0
-0
-0
-0
58.459
-0
-0
-0
-0
65.9062
-0
24.4261
-0
-0
-0
-0
-0
3.52055
-0
-0
-0
-0
-0
-0
-0
-0
-0
25.9698
-0
-0
-0
-0
-0
-0
-0
-0
-0
-0
-0
-0
-0
-0
-0
-0
-0
-0
-0
-0
-0
8.51698
-0
-0
-0
-0
-0
13.8301
-0
66.1278
-0
-0
-0
-0
23.1295
8.13806
-0
-0
-0
-0
-0
-0
-0
-0
-0
-0
-0
35.0831
-0
-0
-0
-0
-0
-0
-0
-0
18.1863
0.370277
-0
-0
-0
-0
-0
-0
-0
-0
22.0727
-0
-0
-0
22.0857
-0
-0
-0
19.3544
-0
5.81053
58.5893
-0
-0
-0
-0
-0
-0
-0
-0
39.691
-0
-0
-0
-0
-0
-0
59.106
-0
0.15202
-0
-0
-0
-0
5.97414
-0
13.4691
-0
-0
-0
-0
-0
-0
-0
-0
-0
-0
1.76887
-0
-0
-0
-0
5.31362
-0
-0
-0
-0
-0
-0
-0
-0
-0
-0
-0
22.3276
44.8639
-0
-0
28.863
-0
32.9974
56.5541
9.42807
-0
-0
-0
19.6964
-0
-0
-0
-0
-0
-0
36.9123
-0
-0
-0
-0
4.28164
-0
53.5232
-0
-0
-0
-0
-0
41.4388
-0
2.68149
41.7676
39.4852
-0
-0
-0
-0
-0
14.1878
-0
1.12149
-0
-0
-0
32.7992
-0
35.2672
-0
-0
-0
-0
-0
-0
49.6375
-0
-0
-0
-0
-0
-0
-0
35.7419
-0
-0
15.8968
-0
-0
-0
41.3664
-0
-0
13.9328
5.74597
-0
-0
-0
-0
20.0012
18.1735
-0
-0
-0
-0
19.9824
-0
37.3201
26.4913
-0
-0
-0
-0
-0
-0
24.8696
-0
-0
-0
-0
-0
-0
-0
17.7482
-0
-0
12.9563
-0
69.7795
-0
-0
26.0464
-0
-0
-0
-0
-0
-0
-0
-0
-0
17.4841
-0
-0
15.5491
-0
-0
-0
52.8549
-0
-0
-0
-0
-0
-0
-0
-0
-0
-0
25.127
-0
-0
-0
-0
110.215
21.5021
-0
-0
-0
-0
-0
-0
-0
-0
-0
78.1852
-0
-0
-0
-0
-0
-0
-0
12.7584
-0
-0
-0
-0
19.4752
-0
13.0676
-0
-0
-0
2.51923
-0
-0
-0
-0
1.29824
-0
-0
-0
-0
-0
-0
-0
-0
-0
5.18379
37.8153
-0
-0
-0
15.5735
16.7567
-0
-0
12.5654
-0
47.8784
0.325979
-0
-0
-0
-0
-0
-0
-0
-0
-0
-0
-0
-0
-0
-0
-0
-0
-0
-0
26.1911
-0
-0
-0
-0
8.46202
-0
2.57195
-0
-0
-0
19.6616
-0
-0
-0
-0
-0
26.0547
-0
-0
-0
-0
-0
34.496
-0
-0
-0
34.7904
12.0492
-0
-0
-0
-0
6.6465
-0
26.853
8.15439
-0
-0
-0
-0
-0
-0
-0
-0
-0
-0
56.2337
-0
24.3205
-0
15.762
-0
-0
-0
-0
-0
-0
-0
-0
-0
-0
-0
-0
-0
-0
1.25877
-0
-0
0.744841
-0
7.97501
-0
-0
-0
3.60074
-0
-0
-0
-0
-0
-0
-0
-0
-0
-0
-0
-0
9.04772
-0
-0
-0
-0
-0
-0
-0
-0
-0
-0
23.5629
-0
11.2009
4.53637
-0
-0
10.9517
-0
7.32541
-0
4.91949
-0
-0
-0
2.62278
-0
-0
-0
-0
-0
-0
-0
-0
-0
-0
-0
-0
-0
-0
-0
-0
-0
-0
-0
-0
-0
-0
16.1857
-0
-0
-0
-0
-0
0.146079
-0
-0
2.66575
12.7309
-0
-0
-0
-0
-0
-0
-0
-0
-0
-0
-0
-0
-0
-0
-0
-0
-0
-0
1.04672
27.0793
80.6574
-0
-0
6.12015
14.0875
-0
-0
-0
-0
1.05416
-0
-0
-0
-0
-0
-0
-0
-0
-0
12.5047
-0
-0
-0
-0
0.891593
-0
-0
-0
19.9859
-0
-0
45.581
-0
-0
-0
-0
23.806
-0
-0
-0
-0
-0
-0
38.8003
-0
-0
31.7324
-0
-0
-0
-0
-0
39.4766
-0
-0
-0
-0
-0
-0
-0
-0
-0
-0
-0
-0
-0
-0
34.8516
-0
-0
-0
-0
-0
-0
-0
-0
-0
-0
-0
1.46252
-0
32.7133
-0
-0
-0
-0
-0
-0
-0
-0
-0
-0
-0
-0
-0
-0
-0
0.260483
-0
-0
98.0836
-0
-0
-0
-0
-0
-0
-0
-0
-0
16.6316
-0
5.18174
1.58895
-0
-0
28.2898
-0
-0
-0
-0
-0
1.20194
-0
-0
2.38975
-0
-0
-0
-0
25.4283
47.4625
-0
-0
-0
-0
6.79824
-0
-0
-0
-0
-0
-0
-0
-0
12.7145
28.5793
42.7563
-0
-0
55.4993
21.0573
-0
-0
-0
-0
-0
-0
-0
-0
40.5491
-0
10.8113
-0
-0
-0
-0
-0
12.3439
-0
-0
-0
-0
-0
-0
-0
-0
-0
-0
-0
-0
3.41346
-0
-0
33.0309
26.6551
-0
45.6354
-0
-0
-0
-0
-0
-0
-0
-0
2.87618
-0
29.9761
-0
-0
-0
-0
-0
-0
-0
-0
-0
-0
13.6551
41.7046
-0
-0
-0
-0
-0
8.03562
16.5807
-0
-0
35.5184
-0
-0
-0
-0
-0
-0
61.0804
7.43036
11.3878
-0
-0
-0
-0
29.4838
-0
6.44619
1.75609
12.6393
-0
-0
-0
3.48586
-0
-0
34.5908
-0
-0
-0
-0
10.8195
-0
-0
7.16686
-0
-0
-0
-0
-0
-0
39.6535
-0
-0
-0
-0
-0
-0
-0
-0
-0
-0
-0
-0
-0
14.682
-0
-0
-0
64.3566
-0
-0
-0
-0
-0
-0
-0
7.05869
-0
-0
-0
-0
-0
-0
71.9516
-0
-0
-0
-0
-0
-0
45.677
-0
-0
-0
-0
7.6991
-0
-0
-0
-0
-0
-0
-0
-0
50.4518
-0
49.94
22.1666
-0
25.4949
-0
-0
-0
-0
-0
-0
-0
-0
8.29986
-0
-0
-0
-0
-0
21.1861
-0
-0
-0
-0
16.209
17.1824
-0
75.9598
-0
-0
-0
2.95296
-0
-0
5.92914
-0
-0
-0
-0
-0
-0
-0
-0
-0
-0
-0
-0
-0
-0
-0
-0
0.501254
-0
24.0342
-0
-0
-0
-0
8.16074
-0
-0
13.0393
-0
-0
-0
-0
-0
-0
-0
2.02776
-0
-0
-0
-0
-0
31.2652
29.2912
-0
7.12685
42.0617
16.4718
-0
-0
-0
-0
-0
7.56439
-0
-0
-0
-0
-0
-0
-0
-0
-0
-0
-0
-0
-0
-0
-0
-0
-0
49.5358
-0
-0
-0
-0
-0
6.28223
-0
-0
-0
-0
-0
-0
-0
41.6576
-0
-0
50.371
-0
-0
-0
-0
-0
-0
-0
-0
-0
-0
47.3137
-0
5.60536
43.0336
-0
-0
-0
-0
50.1562
-0
25.4944
-0
-0
-0
-0
-0
3.39038
-0
83.2572
-0
24.4112
-0
-0
-0
-0
-0
-0
-0
-0
12.6296
15.7286
14.5798
20.4503
-0
-0
-0
-0
15.5916
-0
1.36237
-0
-0
-0
-0
52.7322
-0
-0
-0
-0
-0
29.5186
-0
17.1739
-0
17.2243
-0
-0
-0
-0
40.0934
-0
-0
-0
-0
-0
26.6568
-0
-0
-0
-0
-0
-0
-0
-0
-0
-0
-0
-0
-0
-0
-0
-0
-0
-0
-0
-0
-0
-0
-0
-0
-0
-0
-0
-0
-0
-0
-0
29.5676
-0
23.7983
-0
-0
-0
-0
2.38879
-0
18.3593
-0
-0
-0
-0
20.3119
-0
-0
30.5475
-0
20.0951
-0
25.6685
-0
-0
11.4684
-0
42.4105
4.46328
-0
-0
-0
-0
24.5115
-0
0.103347
-0
-0
18.0176
18.6035
-0
-0
-0
-0
-0
-0
-0
-0
-0
-0
0.223573
-0
-0
-0
-0
-0
32.0589
27.3151
-0
37.7473
-0
-0
-0
-0
-0
-0
-0
-0
25.5155
-0
-0
-0
-0
-0
-0
19.2493
8.94116
-0
-0
10.158
-0
-0
23.5115
-0
-0
-0
-0
-0
-0
-0
-0
-0
-0
-0
17.0345
-0
-0
-0
-0
-0
-0
-0
-0
51.3856
-0
53.9898
-0
-0
-0
-0
-0
-0
-0
-0
-0
-0
-0
9.197
-0
-0
-0
44.6386
-0
-0
-0
-0
-0
14.9092
-0
12.1498
-0
-0
-0
4.39339
-0
-0
-0
-0
-0
-0
-0
20.1068
-0
-0
2.00103
-0
-0
-0
-0
-0
-0
12.8938
-0
-0
-0
64.159
-0
-0
11.2873
-0
-0
-0
-0
29.0483
-0
-0
-0
-0
-0
3.45466
-0
-0
-0
-0
-0
-0
-0
-0
-0
-0
79.8322
-0
-0
-0
-0
-0
-0
-0
-0
-0
-0
-0
-0
-0
12.1349
-0
-0
7.17564
-0
-0
-0
-0
-0
-0
-0
15.0842
-0
-0
-0
-0
-0
-0
23.1187
-0
-0
-0
-0
-0
-0
35.2725
16.8858
-0
-0
-0
-0
-0
-0
-0
39.6016
-0
-0
-0
-0
-0
-0
-0
34.4792
-0
-0
-0
-0
105.037
-0
-0
-0
-0
-0
10.815
26.8324
3.72006
-0
-0
54.6948
-0
-0
29.2865
-0
-0
-0
8.18898
50.3117
-0
-0
4.64318
85.6765
-0
20.8642
53.8857
-0
-0
-0
-0
-0
-0
-0
4.39801
-0
-0
-0
-0
-0
-0
-0
-0
4.24176
-0
-0
-0
37.1626
-0
-0
-0
-0
-0
-0
-0
-0
-0
-0
-0
18.7645
-0
-0
-0
-0
-0
-0
-0
13.3457
-0
-0
-0
-0
-0
-0
-0
42.9063
-0
-0
-0
-0
-0
-0
-0
-0
34.8835
-0
-0
-0
-0
14.3947
-0
-0
-0
