-0
-0
-0
-0
-0
-0
-0
42.6866
60.6301
-0
31.7162
-0
-0
-0
-0
33.3728
-0
-0
-0
-0
-0
-0
-0
11.1429
-0
-0
72.0284
-0
-0
-0
-0
-0
-0
-0
-0
-0
-0
-0
-0
-0
-0
-0
-0
48.1235
-0
-0
-0
25.1494
-0
-0
-0
-0
-0
-0
-0
-0
9.40783
3.36983
19.4419
-0
-0
-0
7.06172
-0
29.9637
-0
34.2076
33.0022
11.4287
3.629
-0
-0
-0
-0
-0
2.61353
52.589
-0
-0
-0
-0
40.2336
-0
15.223
54.2567
-0
-0
-0
-0
-0
-0
-0
-0
-0
-0
-0
2.42529
-0
-0
-0
-0
-0
-0
-0
16.9851
-0
1.54256
-0
-0
-0
20.0141
-0
-0
-0
-0
9.30425
-0
-0
18.99
16.7305
25.12
-0
-0
-0
45.361
-0
-0
-0
-0
21.7995
-0
36.1562
-0
-0
21.2298
-0
-0
22.8331
-0
27.2481
-0
-0
21.622
-0
-0
-0
-0
-0
-0
-0
-0
-0
-0
5.15436
56.3353
-0
71.9438
-0
-0
1.77618
-0
-0
-0
31.7502
-0
-0
-0
-0
-0
11.6729
-0
29.5165
-0
-0
-0
-0
-0
-0
-0
-0
-0
-0
-0
-0
-0
40.4128
-0
-0
19.6382
-0
-0
-0
16.0609
7.48391
-0
-0
-0
-0
0.0373521
-0
-0
-0
-0
-0
-0
-0
-0
40.9855
5.40588
-0
-0
-0
23.5582
-0
-0
-0
-0
-0
-0
-0
10.0621
-0
-0
-0
-0
-0
-0
-0
-0
-0
-0
-0
-0
-0
-0
-0
-0
-0
-0
-0
-0
3.622
-0
-0
-0
-0
95.476
-0
-0
-0
-0
-0
-0
-0
17.3802
-0
-0
-0
-0
-0
-0
-0
-0
-0
-0
-0
-0
-0
-0
-0
-0
67.9862
20.1207
34.3637
-0
-0
-0
-0
-0
-0
24.907
8.57026
-0
21.5944
-0
-0
-0
24.8488
-0
-0
-0
50.5207
55.2126
-0
-0
-0
18.6996
-0
-0
21.073
-0
-0
2.56431
-0
-0
26.1775
-0
-0
12.5802
-0
-0
-0
-0
-0
-0
-0
-0
-0
-0
0.3211
-0
-0
2.63323
4.96028
5.04693
-0
-0
40.6682
-0
0.980778
-0
-0
-0
-0
-0
-0
-0
6.72931
-0
-0
-0
-0
-0
-0
3.71585
-0
-0
54.428
-0
-0
-0
-0
-0
-0
-0
-0
-0
-0
-0
-0
41.0432
-0
-0
-0
-0
2.23287
-0
-0
16.6086
-0
-0
-0
2.13086
37.843
-0
-0
-0
5.17738
-0
-0
-0
18.5408
-0
-0
-0
15.581
-0
-0
-0
-0
63.1619
14.0553
-0
-0
-0
24.5198
-0
-0
-0
16.3159
-0
-0
-0
-0
-0
-0
-0
-0
-0
9.72437
-0
-0
-0
-0
-0
70.2346
-0
-0
-0
-0
3.95304
-0
-0
-0
-0
2.192
-0
6.40847
-0
-0
-0
-0
5.90458
-0
31.8581
-0
15.6938
-0
-0
-0
-0
-0
47.8564
-0
-0
17.8472
-0
-0
-0
-0
20.304
-0
-0
-0
-0
7.70497
-0
-0
-0
-0
-0
-0
-0
-0
34.2922
6.33208
-0
-0
-0
-0
-0
-0
-0
-0
-0
16.3248
17.6106
-0
-0
28.229
-0
-0
-0
11.1684
-0
-0
-0
6.61466
-0
-0
39.8168
-0
2.5399
31.1168
-0
46.35
17.3593
-0
-0
-0
-0
-0
69.0063
38.5117
-0
-0
-0
-0
-0
-0
-0
-0
5.78925
-0
-0
36.7991
-0
-0
23.977
-0
52.9697
-0
7.55258
47.6421
-0
-0
-0
29.6828
-0
-0
-0
-0
-0
-0
35.5411
-0
0.213003
-0
-0
-0
-0
-0
-0
-0
-0
12.7858
31.1866
8.2744
-0
26.7509
-0
-0
-0
-0
63.9546
33.5914
-0
-0
-0
-0
-0
-0
-0
-0
-0
-0
-0
-0
-0
-0
-0
-0
-0
28.9393
-0
-0
-0
-0
18.8018
13.6463
-0
-0
-0
-0
8.69145
-0
-0
-0
-0
-0
-0
-0
1.83218
-0
-0
-0
-0
-0
7.30185
-0
-0
-0
-0
-0
-0
-0
-0
-0
-0
23.1486
-0
-0
14.6067
-0
-0
-0
32.8649
-0
-0
26.7496
-0
-0
-0
-0
-0
-0
-0
-0
29.2622
-0
-0
-0
-0
-0
-0
-0
-0
-0
-0
11.0925
-0
-0
-0
-0
-0
-0
-0
25.0973
-0
-0
-0
-0
-0
-0
-0
46.7443
1.45507
-0
-0
-0
-0
-0
25.1174
2.62701
-0
53.3926
-0
-0
-0
-0
17.5545
-0
-0
-0
-0
-0
-0
-0
1.42301
14.8925
-0
-0
8.75905
-0
-0
19.4819
-0
-0
-0
-0
-0
-0
44.4518
-0
-0
39.6307
-0
-0
-0
44.6322
-0
-0
-0
27.5586
-0
-0
-0
-0
-0
-0
-0
13.5026
-0
-0
-0
-0
17.0212
-0
-0
-0
-0
-0
-0
-0
-0
-0
-0
-0
-0
-0
15.5268
-0
-0
-0
-0
-0
-0
0.552286
-0
-0
-0
28.5937
-0
-0
-0
-0
-0
-0
-0
-0
49.4353
-0
-0
-0
-0
-0
-0
-0
10.0716
-0
-0
26.5474
-0
-0
-0
3.02714
14.8676
30.8749
-0
-0
-0
-0
-0
-0
-0
-0
-0
-0
-0
23.6824
3.63971
-0
-0
-0
-0
-0
4.73024
23.036
-0
-0
-0
-0
-0
-0
-0
13.6108
-0
-0
46.3889
-0
-0
-0
-0
-0
-0
1.56773
-0
6.35413
17.5694
-0
-0
-0
-0
-0
-0
40.593
-0
10.8899
-0
50.7748
-0
-0
-0
-0
-0
-0
-0
7.85892
-0
-0
52.6077
-0
21.6838
35.1859
-0
-0
60.7943
-0
-0
-0
-0
-0
-0
-0
-0
18.3779
51.7622
14.1525
-0
-0
-0
-0
24.0419
42.3819
-0
-0
16.3266
-0
-0
-0
-0
4.51447
-0
-0
4.62987
-0
-0
-0
-0
-0
-0
-0
-0
20.9297
-0
24.454
-0
-0
-0
-0
3.26673
15.8372
-0
-0
-0
19.6562
-0
-0
11.5862
-0
-0
-0
-0
-0
-0
-0
0.828911
-0
-0
-0
-0
-0
-0
-0
-0
-0
16.3099
-0
-0
-0
27.3595
25.974
-0
-0
-0
-0
-0
-0
-0
-0
-0
-0
-0
-0
0.808387
-0
-0
43.3788
-0
-0
-0
45.8458
-0
-0
-0
-0
-0
9.66503
-0
-0
6.9765
-0
-0
-0
-0
-0
2.86622
-0
-0
-0
-0
-0
-0
-0
-0
-0
-0
-0
-0
-0
-0
-0
38.9769
-0
-0
-0
-0
-0
-0
46.4319
-0
15.8406
-0
4.76395
-0
-0
15.0098
28.3132
-0
-0
-0
-0
-0
-0
-0
-0
-0
-0
-0
-0
-0
55.399
-0
-0
-0
-0
-0
-0
10.4203
-0
-0
-0
7.6389
-0
-0
-0
-0
-0
-0
-0
-0
-0
-0
13.4007
-0
-0
-0
-0
-0
-0
-0
-0
-0
4.67362
-0
26.1926
-0
-0
-0
-0
-0
-0
-0
-0
-0
-0
-0
-0
-0
51.6754
-0
-0
-0
-0
27.9176
-0
-0
-0
-0
-0
-0
-0
19.3532
-0
-0
-0
1.89431
-0
-0
-0
-0
-0
-0
-0
-0
33.6986
-0
-0
-0
-0
-0
-0
-0
-0
-0
47.5607
-0
-0
19.983
-0
-0
-0
-0
-0
-0
-0
-0
69.7902
19.5322
1.01781
-0
-0
-0
2.25624
-0
-0
-0
61.5557
-0
-0
-0
-0
20.8051
5.87097
-0
-0
6.33272
-0
-0
-0
-0
-0
-0
-0
-0
-0
-0
2.87081
30.3908
-0
-0
-0
-0
-0
5.14314
-0
-0
-0
-0
20.456
-0
-0
21.1408
4.00395
-0
-0
-0
-0
-0
14.6825
-0
-0
-0
-0
4.07512
-0
-0
-0
-0
21.7784
22.3959
-0
-0
-0
25.3465
45.774
-0
-0
4.9658
23.4966
-0
12.9358
-0
-0
-0
32.921
-0
-0
-0
-0
-0
-0
-0
-0
0.631493
-0
-0
-0
17.2224
-0
-0
-0
56.119
11.665
18.1024
-0
32.7393
-0
-0
-0
-0
-0
-0
50.7694
-0
-0
-0
-0
-0
-0
-0
-0
-0
-0
-0
30.17
-0
-0
-0
-0
-0
-0
21.0959
-0
-0
-0
-0
-0
-0
-0
12.1376
-0
-0
-0
-0
11.8235
-0
-0
11.6233
-0
-0
49.3381
-0
-0
-0
-0
-0
-0
52.0664
-0
21.6274
-0
-0
11.476
-0
-0
-0
-0
-0
6.26202
-0
-0
3.20898
-0
-0
-0
-0
-0
-0
-0
61.1684
-0
13.0195
-0
-0
-0
-0
-0
-0
36.0198
29.8235
-0
-0
32.4397
-0
-0
-0
-0
-0
-0
-0
-0
-0
-0
-0
-0
-0
14.1644
-0
21.6813
-0
-0
-0
15.9064
-0
38.2596
-0
-0
-0
-0
-0
-0
-0
-0
-0
-0
41.6112
43.1509
-0
-0
14.9231
-0
-0
-0
13.906
21.5138
-0
-0
11.1063
8.27491
-0
3.57702
79.7808
44.852
-0
-0
-0
-0
-0
-0
2.51337
24.9981
-0
-0
-0
-0
-0
-0
-0
27.8321
3.13146
-0
10.0765
-0
52.0552
-0
-0
-0
-0
-0
-0
-0
21.7431
21.9064
-0
-0
-0
-0
-0
-0
-0
14.8206
-0
-0
-0
-0
-0
-0
28.936
42.8989
-0
18.6296
-0
-0
25.7327
-0
-0
-0
-0
-0
-0
-0
-0
-0
-0
-0
25.4147
-0
-0
-0
-0
-0
15.7867
13.0084
26.9869
-0
-0
16.7617
17.3316
38.516
-0
-0
-0
-0
-0
-0
-0
32.9322
-0
-0
-0
-0
-0
-0
-0
50.4958
-0
-0
-0
-0
41.5514
-0
-0
-0
-0
-0
-0
-0
-0
-0
-0
18.8898
-0
46.6297
-0
-0
11.2227
0.42514
-0
-0
-0
19.916
-0
-0
12.6813
-0
-0
-0
32.5908
-0
-0
-0
10.9333
-0
-0
11.7705
-0
-0
-0
-0
-0
-0
-0
-0
-0
-0
-0
-0
-0
9.28367
-0
-0
-0
-0
-0
44.2658
-0
-0
-0
-0
-0
-0
-0
6.66648
-0
-0
-0
-0
-0
-0
1.55434
-0
49.1904
-0
-0
28.323
-0
-0
0.424722
18.7728
-0
-0
-0
-0
-0
-0
-0
-0
-0
-0
0.84812
18.4817
-0
-0
46.798
-0
-0
-0
-0
-0
-0
-0
-0
-0
-0
-0
-0
-0
-0
-0
26.7157
-0
-0
-0
6.16155
-0
-0
-0
-0
-0
-0
-0
30.3665
12.3103
-0
8.94816
6.46399
-0
-0
-0
-0
0.501029
-0
-0
-0
-0
-0
-0
16.2709
67.3644
-0
-0
-0
-0
-0
-0
-0
-0
-0
-0
15.5517
-0
-0
-0
61.5782
10.1649
-0
-0
-0
-0
-0
-0
-0
54.7843
22.9449
-0
-0
-0
-0
-0
-0
2.24132
-0
-0
-0
-0
61.1614
-0
22.7532
-0
-0
-0
-0
-0
16.9393
-0
-0
-0
-0
29.8832
-0
-0
-0
-0
-0
-0
24.6494
-0
-0
3.35817
-0
6.80038
-0
-0
-0
6.71344
-0
-0
14.1357
-0
-0
-0
1.64705
-0
-0
-0
-0
-0
-0
-0
-0
-0
-0
-0
-0
-0
-0
50.5359
-0
7.37146
-0
-0
-0
-0
-0
-0
-0
49.1954
-0
-0
-0
-0
-0
-0
35.0204
19.1424
-0
-0
-0
-0
-0
-0
-0
-0
9.19981
-0
-0
-0
23.4856
-0
-0
-0
-0
-0
-0
-0
11.0046
-0
-0
-0
-0
-0
-0
-0
-0
-0
18.1766
-0
-0
-0
-0
12.9071
-0
4.75395
-0
19.5879
-0
-0
22.8079
-0
-0
-0
-0
-0
-0
25.2596
51.5435
-0
-0
-0
-0
-0
-0
-0
-0
-0
-0
-0
-0
-0
47.1868
-0
-0
-0
-0
9.2786
-0
-0
-0
-0
8.05818
-0
-0
-0
-0
-0
-0
-0
-0
-0
-0
-0
-0
-0
-0
-0
-0
34.7365
1.12576
47.7099
-0
-0
-0
-0
-0
-0
-0
6.47635
-0
-0
-0
-0
-0
-0
21.562
-0
-0
-0
-0
-0
-0
-0
12.6406
-0
-0
-0
46.8934
-0
-0
17.6766
-0
22.0461
9.78473
-0
5.47444
-0
30.0458
29.3486
16.618
-0
-0
-0
-0
-0
-0
-0
-0
-0
-0
-0
-0
-0
7.19303
19.3687
-0
-0
-0
-0
-0
0.104041
-0
-0
-0
-0
-0
-0
29.3587
11.1275
-0
22.3888
-0
-0
-0
-0
-0
0.409347
-0
-0
-0
-0
-0
-0
-0
-0
1.99719
1.2533
-0
-0
-0
-0
-0
-0
-0
-0
-0
-0
-0
23.4192
-0
6.27176
0.297235
-0
-0
-0
-0
-0
35.9295
2.61428
-0
-0
-0
-0
22.6119
-0
18.0471
-0
-0
-0
-0
-0
-0
-0
-0
-0
-0
-0
17.8836
-0
-0
-0
-0
-0
-0
-0
-0
-0
-0
-0
-0
-0
-0
-0
-0
15.1921
-0
-0
-0
-0
-0
-0
-0
-0
-0
-0
-0
-0
-0
62.5338
-0
19.628
-0
69.1359
-0
-0
58.2638
-0
-0
-0
-0
-0
-0
56.8125
-0
6.76787
-0
-0
-0
-0
-0
-0
-0
-0
11.8082
-0
23.3432
-0
-0
-0
-0
-0
-0
-0
28.0921
-0
-0
20.1742
-0
-0
-0
-0
-0
-0
-0
42.106
-0
-0
-0
-0
-0
-0
0.308575
26.6977
-0
1.94308
-0
-0
63.5598
-0
-0
20.3214
22.0596
-0
35.6599
-0
-0
-0
-0
-0
-0
-0
-0
-0
-0
14.2753
-0
5.79859
-0
-0
12.5694
-0
-0
-0
-0
2.0862
-0
45.7784
-0
11.6052
-0
-0
-0
-0
-0
-0
-0
-0
22.336
25.3659
-0
-0
-0
-0
39.2162
-0
-0
-0
7.41457
21.7952
-0
-0
-0
15.423
-0
-0
67.7925
-0
-0
-0
20.1255
-0
-0
-0
-0
-0
-0
-0
-0
-0
-0
-0
-0
-0
-0
-0
-0
-0
38.4602
-0
-0
58.8869
-0
27.5298
-0
-0
32.4585
22.994
-0
-0
-0
38.9775
-0
-0
-0
6.21838
-0
-0
-0
-0
-0
-0
-0
-0
-0
-0
-0
-0
-0
-0
2.70941
-0
-0
57.879
-0
-0
-0
-0
-0
-0
25.9202
7.36784
-0
-0
-0
-0
-0
-0
-0
-0
-0
-0
-0
-0
-0
38.3918
-0
-0
70.7318
-0
-0
-0
-0
-0
-0
-0
-0
-0
-0
0.0855608
-0
-0
18.6019
25.9058
-0
11.9993
-0
-0
-0
-0
48.6167
9.94343
-0
21.0405
62.0974
-0
2.73941
9.50069
-0
-0
15.0259
-0
-0
-0
15.6397
-0
-0
-0
-0
-0
-0
-0
-0
37.4217
-0
-0
-0
-0
-0
-0
-0
-0
13.9131
-0
7.54039
-0
-0
-0
-0
-0
-0
27.3726
17.2061
33.052
18.3637
-0
-0
-0
-0
-0
-0
-0
-0
-0
55.2946
-0
-0
37.4505
-0
-0
-0
-0
68.5739
1.88328
-0
-0
-0
3.24175
-0
-0
-0
-0
-0
-0
7.1734
-0
-0
-0
-0
-0
-0
-0
-0
-0
-0
16.0022
-0
27.8364
-0
-0
-0
-0
-0
-0
-0
-0
-0
-0
36.8538
-0
-0
-0
-0
-0
-0
-0
57.3218
-0
23.939
-0
11.0732
-0
20.9954
15.1046
-0
-0
-0
35.9605
14.4073
-0
-0
-0
-0
-0
-0
-0
-0
-0
-0
-0
-0
-0
-0
-0
-0
-0
-0
-0
-0
-0
-0
-0
-0
1.03612
-0
-0
14.9234
-0
-0
-0
-0
-0
-0
-0
-0
-0
-0
-0
-0
-0
-0
-0
-0
-0
-0
-0
-0
37.6798
-0
-0
-0
6.8924
3.2767
3.45663
3.77024
-0
-0
14.7345
-0
-0
22.615
-0
-0
-0
-0
4.33411
-0
-0
65.6048
-0
8.56702
-0
-0
-0
-0
-0
-0
-0
-0
-0
-0
-0
20.0084
-0
-0
-0
-0
-0
-0
-0
-0
-0
-0
-0
-0
5.19447
-0
-0
2.72857
-0
-0
-0
-0
-0
-0
-0
-0
-0
-0
-0
25.0867
4.88321
-0
-0
-0
40.4136
-0
-0
-0
-0
-0
-0
-0
14.979
-0
3.1868
-0
-0
-0
3.06983
-0
-0
0.909308
-0
-0
-0
-0
-0
26.0111
6.22742
-0
-0
-0
-0
-0
-0
-0
-0
-0
16.6747
7.58915
-0
-0
4.51364
-0
-0
-0
12.3547
-0
-0
-0
-0
-0
3.02322
-0
10.0293
-0
-0
-0
42.0939
-0
-0
-0
-0
-0
10.0745
-0
49.2133
-0
-0
100.65
10.3672
40.9618
-0
3.12468
-0
-0
-0
-0
-0
-0
-0
-0
-0
-0
-0
-0
-0
-0
-0
-0
-0
-0
-0
-0
-0
-0
-0
-0
41.3756
-0
-0
-0
-0
-0
-0
-0
-0
11.6423
-0
-0
-0
-0
-0
-0
12.4593
-0
-0
6.17575
-0
-0
-0
-0
-0
-0
-0
-0
-0
-0
-0
39.9113
13.5455
-0
-0
-0
-0
-0
-0
-0
-0
-0
-0
-0
-0
-0
-0
-0
-0
-0
-0
-0
-0
1.91713
-0
-0
-0
17.6077
-0
-0
-0
-0
-0
54.0438
28.8989
-0
-0
-0
48.6558
-0
-0
-0
-0
-0
-0
34.7187
-0
-0
-0
-0
-0
-0
-0
-0
-0
-0
-0
-0
7.23423
-0
-0
-0
-0
-0
-0
19.7202
-0
-0
-0
7.82135
-0
-0
-0
-0
-0
-0
-0
-0
-0
-0
-0
-0
-0
27.3062
-0
29.8399
-0
-0
-0
-0
-0
0.464241
-0
-0
-0
-0
-0
-0
-0
-0
-0
-0
-0
-0
-0
-0
-0
-0
-0
17.0364
-0
-0
-0
-0
-0
7.38272
-0
37.0983
-0
-0
-0
-0
-0
-0
7.91913
-0
-0
4.68741
-0
-0
-0
-0
-0
-0
-0
-0
-0
-0
-0
-0
-0
-0
-0
-0
-0
22.7063
-0
-0
-0
-0
-0
2.73704
2.30317
-0
-0
-0
13.5498
-0
-0
-0
-0
7.17968
-0
-0
-0
-0
-0
0.338225
19.3105
-0
-0
-0
-0
-0
-0
-0
-0
-0
-0
-0
-0
-0
-0
-0
42.0954
-0
-0
-0
6.94061
-0
-0
-0
-0
-0
-0
-0
-0
-0
-0
-0
-0
-0
-0
-0
-0
-0
11.8798
-0
-0
-0
-0
-0
-0
-0
-0
-0
-0
-0
12.2029
-0
-0
-0
-0
-0
0.45588
-0
-0
-0
-0
-0
-0
-0
17.2584
11.0918
28.8749
8.50659
-0
32.6063
61.432
-0
19.0365
-0
-0
-0
-0
-0
-0
-0
-0
-0
-0
-0
-0
-0
14.4221
5.4881
-0
0.559626
-0
-0
35.9061
-0
-0
-0
-0
-0
-0
-0
-0
-0
-0
-0
-0
61.1234
-0
-0
-0
22.8633
-0
30.7679
36.7758
-0
29.4813
-0
-0
-0
-0
-0
-0
-0
-0
-0
34.2679
-0
-0
-0
62.6938
-0
5.22445
-0
-0
44.1263
-0
8.67738
-0
-0
-0
-0
-0
-0
39.1042
-0
-0
-0
-0
-0
-0
-0
-0
-0
-0
-0
-0
-0
-0
-0
-0
-0
-0
-0
-0
-0
-0
-0
6.31198
-0
-0
-0
-0
-0
8.79627
70.3748
-0
-0
-0
-0
-0
-0
-0
7.5521
7.79397
-0
45.1812
-0
-0
-0
-0
66.1481
12.9978
-0
-0
-0
-0
-0
-0
20.2044
-0
-0
12.9858
29.483
-0
-0
25.3456
-0
10.5742
34.5338
-0
3.6562
-0
-0
-0
22.5895
-0
-0
-0
-0
-0
-0
-0
-0
-0
-0
-0
-0
-0
-0
-0
-0
38.8097
12.5341
-0
5.71137
-0
-0
-0
17.4453
-0
-0
56.4942
48.6635
-0
-0
-0
-0
13.3972
-0
-0
44.9038
-0
-0
10.3431
-0
0.357734
43.3977
-0
12.8399
-0
-0
8.13551
-0
35.3447
-0
-0
-0
-0
-0
-0
-0
-0
-0
-0
-0
-0
9.89616
2.34367
-0
-0
-0
-0
-0
-0
-0
-0
-0
-0
-0
-0
-0
-0
-0
-0
-0
-0
39.9583
-0
-0
-0
15.6933
-0
-0
-0
-0
-0
-0
-0
16.1294
-0
-0
-0
41.787
35.8632
-0
63.4007
-0
-0
-0
-0
-0
-0
-0
62.7049
-0
-0
19.3775
-0
-0
-0
-0
-0
-0
-0
0.874735
-0
31.5717
-0
44.9734
-0
-0
-0
-0
-0
-0
-0
-0
-0
-0
9.09712
-0
-0
-0
-0
5.55657
-0
10.0769
-0
2.12895
-0
-0
-0
-0
-0
-0
0.784282
-0
-0
-0
-0
-0
-0
-0
-0
-0
-0
-0
-0
-0
-0
-0
-0
-0
-0
-0
-0
-0
-0
6.67401
-0
-0
-0
-0
-0
-0
2.0877
-0
-0
-0
37.6904
7.22728
-0
-0
-0
-0
19.0221
-0
-0
-0
-0
-0
30.4718
-0
-0
6.72143
29.6057
47.5462
-0
-0
-0
4.26371
-0
25.5319
8.31644
-0
-0
-0
-0
-0
-0
-0
-0
-0
-0
-0
15.6254
5.0132
-0
-0
-0
9.62848
-0
-0
-0
-0
-0
-0
-0
-0
-0
-0
2.43151
-0
-0
-0
-0
-0
-0
-0
-0
-0
-0
-0
-0
-0
-0
-0
-0
-0
-0
-0
-0
30.0852
-0
-0
-0
-0
-0
-0
-0
-0
-0
-0
-0
-0
-0
-0
-0
-0
-0
9.1217
-0
-0
-0
-0
-0
-0
6.76355
-0
-0
-0
-0
-0
-0
-0
-0
10.0328
-0
-0
-0
-0
-0
-0
-0
-0
-0
-0
3.62993
-0
-0
-0
-0
-0
-0
17.1161
-0
-0
-0
-0
-0
0.310779
17.2532
-0
24.5719
-0
-0
-0
-0
-0
-0
-0
-0
-0
-0
-0
-0
-0
-0
-0
-0
-0
-0
-0
-0
5.35727
94.1816
-0
5.40638
9.30563
-0
-0
-0
-0
-0
2.05249
-0
-0
3.84037
-0
-0
-0
-0
-0
-0
-0
-0
-0
-0
-0
13.9991
-0
-0
-0
-0
17.4495
-0
-0
-0
-0
-0
-0
41.9621
-0
-0
-0
-0
-0
-0
23.6652
-0
-0
42.5853
-0
-0
-0
40.7027
-0
48.9614
-0
-0
-0
-0
-0
-0
-0
31.772
-0
-0
-0
-0
-0
-0
31.6033
-0
18.9257
-0
-0
-0
-0
-0
-0
28.5036
-0
-0
8.26033
-0
60.8525
-0
-0
-0
-0
-0
-0
-0
-0
-0
-0
-0
-0
-0
7.43068
-0
-0
-0
-0
60.542
-0
-0
-0
-0
4.27619
-0
-0
-0
-0
11.3455
-0
2.42469
19.4318
-0
-0
5.27207
-0
-0
31.8388
-0
-0
17.594
-0
-0
1.415
-0
-0
8.50715
-0
4.56554
15.0984
-0
-0
-0
-0
34.7469
-0
-0
-0
-0
5.85209
5.3829
-0
-0
45.4458
-0
54.0128
-0
-0
20.7279
-0
-0
2.8519
-0
-0
-0
-0
21.9928
-0
-0
-0
-0
-0
-0
2.99127
-0
22.8932
5.83699
-0
-0
2.12122
-0
-0
-0
-0
-0
-0
-0
-0
-0
27.6193
-0
-0
-0
4.05127
-0
-0
38.1764
-0
-0
17.7087
-0
-0
-0
31.902
-0
-0
42.4674
-0
-0
-0
-0
-0
-0
-0
-0
-0
-0
9.72336
31.1235
-0
-0
-0
0.275745
-0
-0
28.6168
-0
-0
16.0091
-0
-0
-0
-0
-0
-0
42.2803
-0
-0
-0
-0
-0
-0
85.62
-0
-0
48.0576
0.680518
-0
45.0081
-0
-0
-0
-0
-0
-0
-0
-0
-0
-0
-0
-0
7.44342
13.2725
-0
-0
-0
-0
-0
35.5487
-0
-0
-0
11.6015
-0
-0
-0
-0
-0
-0
-0
-0
-0
14.7505
8.08517
1.70235
-0
-0
-0
-0
-0
-0
10.4628
-0
-0
-0
-0
-0
-0
-0
-0
-0
17.5334
-0
-0
-0
-0
-0
-0
84.877
-0
-0
-0
-0
18.4642
-0
-0
-0
-0
-0
-0
-0
-0
-0
-0
16.2016
10.9426
-0
-0
-0
-0
-0
-0
-0
-0
-0
-0
62.0335
-0
-0
-0
-0
-0
62.8911
-0
-0
-0
-0
3.41564
-0
-0
67.2306
-0
-0
-0
-0
-0
-0
70.4001
-0
39.1073
-0
-0
-0
-0
-0
-0
-0
0.520707
1.3142
-0
-0
-0
-0
-0
-0
-0
1.44346
4.76408
-0
-0
-0
-0
-0
-0
-0
-0
-0
-0
2.4483
-0
-0
-0
2.32677
-0
-0
-0
13.2839
-0
14.1115
-0
-0
21.512
53.1735
17.5395
-0
-0
31.7904
-0
-0
40.0931
-0
-0
12.0478
-0
-0
-0
-0
44.5189
-0
-0
-0
-0
-0
-0
-0
-0
-0
92.3083
-0
-0
-0
-0
-0
-0
-0
-0
-0
-0
-0
-0
-0
25.8237
-0
-0
79.11
-0
-0
-0
-0
-0
-0
-0
-0
-0
-0
-0
-0
-0
33.5097
-0
-0
-0
13.0079
16.9871
-0
4.39309
-0
-0
-0
-0
65.007
7.93514
-0
53.4412
-0
30.2707
-0
14.122
-0
-0
-0
-0
-0
-0
0.843313
0.457385
-0
28.3598
-0
-0
-0
-0
33.4561
-0
5.01108
42.2859
-0
-0
-0
65.9663
-0
-0
-0
-0
-0
25.989
-0
34.2014
-0
-0
-0
-0
-0
-0
19.9585
-0
-0
-0
-0
26.7524
-0
40.6172
-0
-0
-0
-0
-0
-0
-0
-0
-0
8.52218
-0
-0
-0
5.49395
-0
-0
-0
-0
-0
-0
-0
-0
-0
-0
23.0642
-0
10.9657
-0
-0
-0
-0
-0
-0
-0
41.2056
-0
-0
24.6017
-0
-0
-0
7.11758
-0
-0
-0
-0
-0
-0
-0
2.5439
-0
-0
-0
-0
-0
-0
10.1971
0.101618
-0
-0
-0
-0
2.61405
-0
14.0862
-0
-0
-0
-0
-0
-0
-0
-0
-0
36.6062
-0
-0
-0
-0
32.3614
-0
-0
-0
-0
-0
-0
62.24
-0
0.769515
-0
-0
-0
8.74906
-0
-0
-0
-0
25.3441
-0
-0
-0
-0
14.3935
-0
-0
61.6662
37.5694
-0
18.1911
-0
-0
23.7835
-0
-0
-0
-0
-0
18.0253
-0
-0
-0
-0
-0
-0
-0
-0
-0
-0
-0
-0
-0
-0
18.3375
-0
-0
-0
-0
-0
2.34833
-0
-0
-0
-0
-0
-0
-0
30.9686
-0
-0
-0
-0
-0
-0
-0
-0
-0
48.5942
-0
-0
-0
-0
-0
6.98926
-0
-0
-0
-0
-0
-0
-0
-0
-0
11.0687
2.93187
-0
-0
48.6119
-0
47.5676
-0
-0
-0
-0
-0
34.2365
-0
-0
22.5991
-0
-0
-0
-0
-0
-0
-0
64.8005
-0
-0
-0
57.9314
-0
-0
23.3099
-0
-0
-0
-0
-0
-0
76.8503
-0
-0
-0
-0
-0
-0
-0
-0
-0
-0
-0
-0
-0
16.8957
-0
25.1723
-0
-0
-0
-0
-0
-0
-0
-0
27.1822
-0
-0
-0
-0
-0
-0
-0
-0
-0
-0
14.7676
-0
-0
-0
-0
-0
-0
-0
-0
-0
-0
-0
73.2494
-0
-0
-0
-0
-0
-0
-0
39.7888
-0
-0
-0
-0
64.26
-0
-0
-0
31.886
-0
13.8916
-0
-0
-0
-0
-0
-0
19.87
-0
-0
-0
-0
49.4624
60.8792
-0
-0
5.5843
31.6523
-0
19.486
1.45898
-0
-0
-0
-0
-0
-0
-0
3.47849
-0
-0
-0
-0
-0
-0
-0
-0
2.19839
-0
-0
-0
11.544
-0
64.634
6.68975
-0
-0
-0
-0
-0
-0
-0
-0
16.1247
-0
20.054
-0
-0
-0
-0
27.3539
61.4554
-0
-0
-0
-0
-0
-0
-0
-0
19.5548
7.88347
-0
-0
8.00934
-0
-0
-0
79.8414
-0
-0
-0
21.5025
19.0278
-0
-0
-0
