-0
-0
-0
-0
-0
-0
-0
30.899
82.4051
-0
23.9392
-0
-0
-0
-0
32.2728
-0
-0
-0
-0
-0
-0
-0
20.7378
-0
-0
60.7033
8.49821
-0
-0
-0
-0
-0
-0
-0
-0
-0
-0
-0
-0
-0
-0
-0
53.9077
-0
-0
-0
31.7377
-0
-0
-0
-0
-0
-0
-0
-0
7.78682
2.87968
20.3372
-0
-0
-0
17.1512
-0
14.0771
-0
65.0979
39.1254
15.047
3.36942
-0
-0
-0
-0
-0
1.97689
43.485
-0
-0
-0
-0
38.9309
-0
12.8096
35.9472
-0
-0
-0
-0
-0
-0
-0
-0
-0
-0
-0
0.291589
-0
-0
-0
-0
-0
-0
-0
23.303
-0
7.8161
-0
-0
-0
16.6464
-0
-0
-0
-0
7.71961
-0
-0
27.4709
-0
36.2461
-0
-0
-0
46.2889
-0
-0
-0
-0
21.2761
14.4813
15.9867
-0
-0
32.0802
-0
-0
13.8277
-0
24.6613
-0
-0
19.4771
-0
-0
-0
-0
-0
-0
-0
-0
-0
-0
8.16363
41.2854
-0
63.365
-0
-0
2.02306
-0
-0
-0
33.3676
4.33023
8.01173
-0
-0
-0
18.7212
-0
26.9437
-0
-0
-0
-0
-0
-0
-0
-0
-0
-0
-0
-0
-0
27.7061
-0
-0
30.7795
-0
-0
-0
16.4114
30.1587
-0
-0
-0
-0
-0
-0
-0
-0
-0
-0
-0
-0
-0
47.2791
-0
-0
-0
-0
17.9744
-0
-0
-0
-0
-0
-0
-0
8.85176
-0
-0
-0
-0
-0
-0
7.04637
-0
-0
-0
-0
-0
-0
-0
-0
-0
-0
-0
-0
-0
1.53068
-0
-0
-0
-0
77.5315
-0
-0
-0
-0
-0
-0
-0
17.6253
-0
-0
-0
-0
-0
-0
-0
-0
-0
-0
-0
11.052
-0
-0
-0
-0
78.0172
41.4374
39.3151
-0
-0
-0
-0
-0
-0
9.51397
9.38705
-0
18.4178
-0
-0
-0
48.3047
-0
-0
-0
67.7634
50.5788
-0
-0
-0
3.2848
-0
-0
18.9958
-0
-0
1.85562
-0
-0
22.8609
-0
-0
21.0561
-0
-0
-0
-0
-0
-0
-0
-0
-0
-0
0.319706
-0
-0
13.1816
13.2345
5.23445
-0
10.2704
22.6381
-0
-0
-0
-0
-0
-0
-0
-0
-0
-0
0.145904
-0
-0
-0
-0
-0
7.22325
-0
-0
49.5738
-0
-0
-0
-0
-0
-0
-0
-0
-0
-0
-0
-0
40.7877
-0
-0
6.20183
-0
2.30975
-0
-0
23.7434
-0
-0
-0
1.74788
53.5482
-0
-0
-0
-0
-0
-0
-0
7.06102
-0
-0
-0
15.4425
-0
-0
-0
-0
57.2667
-0
-0
-0
-0
37.258
-0
-0
-0
15.5355
-0
-0
-0
-0
-0
-0
-0
-0
-0
23.6373
-0
-0
-0
-0
-0
53.7452
-0
-0
-0
-0
11.8815
-0
-0
-0
-0
7.54836
-0
7.5096
-0
-0
-0
-0
19.6062
-0
31.5653
-0
18.3424
-0
-0
-0
-0
-0
51.6475
-0
-0
13.6506
-0
-0
-0
-0
40.6409
-0
-0
-0
-0
9.54291
-0
-0
-0
-0
-0
-0
-0
-0
22.8237
27.4593
-0
-0
-0
-0
-0
-0
-0
-0
-0
21.2072
20.5187
-0
-0
-0
-0
-0
-0
8.68135
-0
-0
-0
-0
-0
1.38451
28.8019
-0
24.7163
35.8312
-0
51.0305
14.3006
-0
-0
-0
-0
-0
60.4743
45.2953
-0
-0
-0
-0
-0
-0
-0
-0
-0
-0
-0
28.1596
-0
-0
19.1534
-0
46.6782
-0
22.2183
60.2825
-0
-0
-0
24.85
-0
-0
-0
-0
-0
-0
55.0236
-0
4.87206
-0
-0
-0
-0
-0
-0
-0
-0
12.3036
12.3056
5.05579
-0
5.55266
-0
-0
-0
-0
74.948
16.0679
-0
-0
-0
-0
-0
-0
0.831878
-0
-0
-0
-0
-0
-0
-0
-0
-0
-0
24.3019
-0
5.16858
-0
-0
28.8107
-0
-0
-0
-0
-0
12.0142
-0
-0
-0
5.99455
-0
-0
-0
-0
-0
-0
-0
-0
-0
11.2593
-0
-0
-0
-0
-0
-0
-0
-0
-0
-0
29.5806
-0
-0
17.3517
-0
-0
-0
45.9172
-0
-0
25.4535
-0
-0
-0
-0
-0
-0
-0
-0
28.5041
-0
-0
-0
-0
-0
-0
-0
-0
-0
-0
7.57108
-0
-0
-0
-0
-0
-0
-0
27.9412
-0
-0
-0
-0
-0
-0
-0
37.4222
14.9097
-0
-0
-0
-0
-0
42.8868
-0
-0
53.0999
-0
-0
-0
-0
30.8058
-0
-0
-0
-0
-0
-0
-0
1.83777
22.0486
-0
-0
5.52622
-0
-0
17.6286
-0
-0
-0
-0
-0
-0
37.0325
-0
-0
30.2735
-0
-0
-0
41.8938
-0
-0
-0
23.2744
-0
-0
-0
-0
-0
-0
-0
-0
-0
-0
-0
-0
-0
-0
-0
-0
-0
-0
16.5289
-0
1.78795
-0
-0
-0
-0
-0
-0
-0
-0
-0
-0
16.438
-0
0.240674
-0
-0
-0
19.2732
-0
-0
-0
11.734
-0
-0
-0
-0
58.308
-0
-0
-0
-0
-0
-0
-0
7.94774
-0
-0
27.0403
-0
-0
3.8972
-0
15.2016
25.949
-0
2.26715
-0
-0
-0
-0
-0
-0
-0
-0
-0
17.0444
-0
-0
16.3323
-0
-0
-0
9.92983
59.6536
-0
-0
-0
-0
-0
-0
3.21533
20.9224
-0
-0
56.8448
-0
-0
-0
-0
-0
-0
15.3047
-0
-0
4.22639
-0
-0
-0
-0
-0
-0
42.7834
-0
16.7995
-0
55.9921
-0
-0
22.808
-0
-0
-0
-0
8.81312
-0
-0
54.8793
-0
26.0675
11.4944
-0
-0
71.3468
-0
-0
-0
-0
-0
-0
-0
-0
24.8072
72.7256
24.5814
-0
-0
-0
-0
20.6904
30.4932
-0
-0
1.73689
-0
-0
-0
-0
0.214493
-0
-0
6.83697
-0
-0
-0
-0
-0
-0
-0
2.78156
18.3477
1.27673
31.3742
-0
-0
-0
-0
0.925857
-0
-0
-0
-0
22.5872
-0
-0
10.1993
7.35567
-0
-0
-0
-0
-0
-0
8.97717
-0
-0
0.11418
-0
-0
-0
-0
-0
-0
0.101259
-0
-0
-0
32.3673
13.0211
-0
-0
-0
-0
-0
-0
-0
-0
-0
-0
-0
-0
3.13477
-0
-0
44.7978
-0
-0
-0
55.6789
-0
-0
-0
-0
-0
5.41225
-0
-0
14.3717
-0
-0
-0
-0
-0
5.88865
-0
-0
-0
-0
-0
-0
-0
-0
-0
-0
-0
-0
-0
-0
-0
43.5834
-0
-0
-0
-0
-0
-0
37.8546
-0
30.4939
-0
19.8187
-0
-0
7.637
48.1266
-0
-0
-0
-0
-0
-0
-0
-0
-0
-0
-0
-0
-0
51.7315
-0
-0
-0
-0
-0
-0
7.98563
-0
-0
-0
12.239
-0
-0
-0
-0
-0
-0
-0
-0
-0
-0
14.9087
-0
-0
-0
-0
-0
-0
-0
-0
-0
14.6885
-0
23.3277
-0
-0
-0
-0
-0
-0
-0
-0
-0
-0
-0
-0
-0
37.6727
-0
-0
-0
-0
34.8989
-0
-0
-0
-0
-0
-0
-0
20.5393
-0
12.8184
-0
1.48751
-0
-0
-0
-0
-0
-0
-0
-0
33.4635
-0
-0
-0
-0
-0
-0
-0
-0
-0
33.5592
-0
-0
16.1483
-0
-0
-0
-0
-0
-0
-0
-0
73.2845
31.0362
9.97443
-0
-0
-0
16.5474
-0
-0
-0
62.0111
-0
-0
-0
-0
28.5625
2.73326
-0
-0
14.0582
-0
-0
-0
-0
-0
-0
-0
-0
-0
-0
15.4593
27.7144
-0
-0
-0
-0
-0
-0
-0
-0
-0
-0
7.87881
-0
-0
24.6557
5.74662
-0
-0
-0
-0
-0
18.7492
-0
-0
-0
-0
6.66523
-0
-0
-0
-0
0.0777479
15.2494
-0
-0
-0
36.0377
29.6466
-0
-0
-0
38.469
-0
-0
-0
-0
-0
30.3643
-0
-0
-0
-0
-0
-0
-0
-0
-0
-0
-0
-0
5.22052
-0
-0
-0
74.2015
11.9976
18.7426
-0
27.2214
-0
-0
-0
-0
-0
-0
22.5866
-0
-0
-0
-0
-0
-0
-0
-0
-0
-0
-0
34.0392
-0
-0
-0
-0
-0
-0
6.74807
-0
-0
4.62504
-0
-0
-0
-0
3.63595
-0
-0
-0
-0
21.0663
-0
-0
13.3858
-0
-0
45.8671
-0
-0
-0
-0
-0
-0
49.1966
-0
22.5837
-0
-0
16.7231
-0
-0
-0
-0
-0
0.885295
-0
-0
16.2255
-0
-0
-0
-0
-0
-0
-0
61.0911
-0
20.2212
-0
-0
-0
-0
-0
-0
27.354
9.70502
-0
-0
28.6064
-0
-0
-0
-0
-0
-0
-0
-0
-0
-0
-0
-0
-0
30.6737
0.382841
21.4654
-0
15.1546
-0
0.107361
-0
19.6901
-0
-0
-0
-0
-0
-0
-0
-0
7.56408
-0
45.3469
54.4326
-0
-0
36.4209
-0
-0
-0
-0
9.98083
-0
-0
21.6924
2.57572
-0
21.8473
80.2501
44.3138
-0
-0
-0
-0
-0
-0
8.06471
29.7609
-0
-0
-0
-0
-0
-0
-0
23.8053
-0
-0
-0
-0
37.6352
-0
-0
-0
-0
-0
-0
-0
12.701
22.4877
-0
-0
-0
-0
-0
-0
-0
9.20523
-0
-0
-0
-0
-0
-0
17.1973
38.3693
-0
29.4508
-0
-0
17.4413
-0
-0
-0
-0
-0
-0
-0
-0
-0
-0
-0
30.5953
-0
-0
-0
-0
-0
21.7118
3.88299
24.5661
-0
-0
5.61221
0.234309
46.1641
-0
-0
-0
-0
-0
-0
-0
36.1214
-0
-0
-0
-0
-0
-0
-0
46.1745
-0
11.1206
-0
-0
44.3449
-0
-0
-0
-0
-0
-0
0.801946
-0
-0
-0
26.4062
-0
48.2615
-0
-0
23.9161
0.506434
-0
-0
-0
23.7079
-0
-0
3.30461
-0
-0
-0
24.2386
-0
-0
-0
22.2303
-0
-0
1.06075
-0
-0
-0
-0
-0
-0
-0
-0
-0
-0
-0
-0
-0
15.2083
-0
-0
-0
-0
-0
39.892
-0
-0
-0
-0
-0
-0
-0
2.2536
-0
-0
-0
-0
-0
-0
5.56852
-0
39.7152
-0
-0
27.4257
-0
-0
11.7562
9.81569
-0
-0
-0
-0
8.38515
-0
-0
1.96896
-0
-0
1.20713
-0
-0
-0
46.9322
-0
-0
-0
-0
-0
-0
-0
-0
-0
-0
-0
-0
-0
-0
-0
20.6946
-0
-0
-0
6.19318
-0
-0
-0
-0
-0
-0
-0
37.1482
2.98647
-0
23.325
6.80795
-0
-0
-0
-0
-0
-0
-0
-0
-0
-0
-0
11.7006
61.3189
-0
-0
-0
-0
-0
-0
-0
-0
-0
-0
-0
-0
-0
-0
51.4054
4.65515
-0
-0
-0
-0
-0
-0
-0
60.2445
27.0273
-0
-0
3.85699
-0
-0
-0
10.7089
-0
-0
-0
-0
64.8994
-0
32.9256
-0
-0
-0
-0
-0
14.2198
-0
-0
-0
-0
48.1242
-0
-0
-0
-0
-0
-0
23.2863
-0
-0
-0
-0
7.18157
-0
-0
-0
-0
-0
-0
-0
-0
-0
-0
-0
-0
-0
-0
-0
-0
-0
-0
-0
-0
-0
-0
-0
-0
-0
52.4983
-0
13.5663
-0
-0
-0
-0
-0
-0
-0
47.2012
-0
-0
-0
-0
-0
-0
34.578
13.2905
-0
-0
-0
-0
-0
-0
-0
-0
28.1519
-0
-0
-0
22.423
-0
-0
-0
-0
-0
-0
-0
12.9935
-0
-0
-0
-0
-0
7.81372
-0
-0
-0
10.6176
-0
-0
7.69159
-0
10.5982
-0
10.1644
-0
27.8663
-0
2.9328
19.713
-0
-0
-0
-0
-0
-0
17.3691
49.569
-0
-0
-0
-0
-0
-0
-0
-0
-0
-0
-0
-0
-0
31.2232
-0
-0
-0
-0
5.95892
-0
-0
-0
-0
5.89717
-0
-0
-0
16.1943
-0
-0
-0
-0
9.76156
-0
-0
-0
-0
-0
-0
-0
47.4777
-0
33.467
-0
-0
-0
-0
-0
-0
-0
-0
-0
-0
-0
-0
-0
-0
20.3925
-0
-0
-0
-0
-0
-0
-0
18.5097
-0
-0
-0
39.4474
-0
-0
22.3329
-0
12.7701
2.72301
-0
-0
1.64369
28.208
23.3035
7.85751
-0
-0
-0
-0
-0
-0
-0
-0
-0
-0
-0
-0
-0
-0
3.53883
-0
-0
-0
-0
-0
0.146756
-0
-0
-0
-0
-0
-0
29.3412
12.708
-0
14.9213
-0
-0
-0
-0
-0
9.79387
-0
-0
-0
-0
-0
-0
0.207583
-0
-0
-0
-0
-0
-0
-0
-0
-0
-0
-0
-0
-0
-0
21.6546
-0
11.3259
-0
-0
-0
-0
-0
-0
35.2146
2.37455
-0
-0
-0
-0
43.7375
-0
21.1321
-0
-0
-0
-0
-0
-0
-0
-0
-0
-0
-0
21.3178
-0
-0
-0
-0
-0
-0
-0
-0
-0
-0
-0
-0
-0
-0
-0
-0
16.9491
-0
-0
-0
3.45456
-0
-0
-0
-0
-0
-0
-0
-0
-0
53.253
-0
19.2105
-0
77.2761
-0
-0
72.0129
-0
-0
-0
-0
-0
-0
60.1339
-0
6.41586
-0
-0
-0
-0
-0
-0
-0
-0
10.7474
-0
32.0195
-0
-0
-0
-0
-0
-0
-0
24.7846
-0
-0
24.1139
-0
8.54696
-0
1.5531
-0
-0
-0
21.8518
-0
-0
0.0446388
-0
2.27001
-0
-0
40.4882
-0
7.48035
-0
-0
38.595
-0
-0
21.7761
28.4286
-0
36.7618
-0
-0
-0
-0
-0
-0
-0
-0
-0
-0
5.47269
-0
4.56906
-0
-0
27.4156
-0
-0
-0
-0
1.47422
-0
49.2869
-0
20.3653
-0
-0
-0
-0
-0
-0
-0
-0
15.6147
25.8931
-0
17.3233
-0
-0
19.8298
-0
-0
-0
8.24545
31.7237
-0
-0
-0
1.51524
-0
-0
52.6327
-0
-0
-0
19.7019
-0
-0
-0
-0
-0
-0
7.22029
-0
-0
-0
-0
-0
-0
-0
-0
-0
-0
44.2028
-0
-0
59.2271
-0
26.5829
-0
-0
56.7565
21.2761
-0
-0
-0
40.7145
-0
-0
-0
7.07421
-0
-0
-0
-0
-0
-0
-0
-0
-0
-0
-0
-0
-0
-0
2.27819
-0
-0
67.7883
-0
-0
-0
-0
-0
-0
37.7019
0.435628
-0
-0
-0
-0
-0
-0
-0
-0
-0
-0
-0
-0
-0
19.7433
-0
-0
83.1532
-0
-0
-0
-0
-0
-0
-0
-0
-0
-0
-0
-0
0.400064
5.25866
14.9872
-0
22.3126
-0
12.6682
-0
-0
63.7183
13.0978
-0
4.87306
59.2908
-0
-0
5.99872
-0
-0
15.8469
-0
-0
-0
28.9845
-0
-0
-0
-0
-0
-0
-0
-0
14.5504
-0
-0
-0
-0
-0
-0
-0
-0
32.7839
-0
1.19692
-0
-0
-0
-0
-0
-0
16.5934
2.97315
41.595
18.3812
-0
-0
-0
-0
-0
-0
-0
-0
-0
57.9362
-0
-0
41.3196
-0
-0
-0
-0
52.9602
2.45518
-0
-0
-0
15.1582
-0
-0
-0
-0
-0
-0
12.3251
-0
-0
-0
-0
-0
-0
-0
-0
-0
-0
3.35482
-0
40.5915
-0
-0
-0
-0
-0
-0
-0
-0
-0
-0
15.5768
-0
-0
-0
-0
-0
-0
-0
40.552
-0
27.7104
-0
27.9427
-0
39.4824
8.64731
-0
-0
-0
47.527
9.75051
-0
-0
-0
-0
-0
-0
-0
-0
-0
-0
-0
-0
-0
-0
-0
-0
-0
-0
-0
-0
-0
-0
-0
-0
7.28122
-0
-0
16.2969
-0
-0
-0
-0
-0
-0
-0
-0
-0
-0
-0
-0
-0
-0
-0
-0
-0
-0
-0
-0
35.8477
-0
-0
-0
15.7187
-0
3.17953
15.7249
-0
-0
15.74
-0
-0
25.7153
-0
-0
-0
-0
-0
-0
-0
89.6288
-0
3.57636
-0
-0
-0
-0
-0
-0
-0
-0
-0
-0
-0
15.5493
-0
-0
-0
-0
-0
-0
1.14104
-0
-0
-0
4.35147
-0
17.9066
-0
-0
2.5078
-0
-0
-0
-0
-0
-0
-0
-0
-0
-0
-0
43.7986
4.05368
-0
-0
-0
30.924
-0
11.0865
-0
-0
-0
-0
-0
5.57706
-0
5.04349
-0
-0
-0
2.81379
-0
-0
-0
-0
-0
-0
-0
-0
11.3676
22.2688
-0
-0
-0
4.71905
-0
-0
-0
-0
-0
18.4384
7.10869
-0
-0
7.41048
-0
-0
-0
11.4838
-0
-0
-0
-0
-0
-0
-0
17.9147
-0
-0
-0
51.1712
-0
-0
-0
-0
-0
-0
-0
56.3389
-0
-0
108.26
13.1748
41.1454
-0
-0
-0
-0
-0
-0
-0
-0
-0
-0
-0
-0
-0
-0
-0
-0
-0
-0
-0
-0
-0
-0
-0
-0
-0
0.647156
28.3287
-0
-0
-0
-0
-0
-0
-0
-0
11.2566
-0
-0
-0
-0
-0
-0
12.2185
-0
-0
11.4088
-0
-0
-0
-0
-0
-0
-0
-0
-0
-0
-0
49.0826
9.52185
-0
-0
-0
-0
-0
-0
-0
-0
-0
-0
-0
1.86102
-0
-0
-0
-0
-0
-0
-0
-0
1.14442
-0
-0
-0
-0
-0
-0
-0
-0
-0
51.3849
21.2462
-0
-0
-0
32.6805
0.289072
-0
-0
-0
-0
-0
35.5458
-0
-0
-0
-0
-0
-0
-0
-0
-0
-0
-0
-0
-0
-0
-0
-0
-0
-0
-0
14.867
-0
-0
-0
-0
-0
-0
-0
-0
-0
-0
-0
-0
-0
-0
-0
-0
-0
20.3545
-0
30.0808
-0
-0
-0
-0
-0
-0
-0
-0
-0
-0
-0
-0
-0
-0
-0
-0
-0
-0
-0
-0
-0
-0
-0
27.349
-0
-0
-0
-0
-0
7.21884
-0
28.2079
-0
-0
-0
-0
-0
-0
20.9972
-0
-0
4.94863
-0
-0
-0
-0
-0
-0
-0
-0
-0
-0
-0
-0
-0
-0
-0
-0
-0
9.7146
-0
-0
-0
-0
-0
-0
4.44717
-0
-0
-0
9.9262
-0
-0
-0
-0
6.15136
-0
-0
-0
12.6716
-0
-0
41.7599
-0
-0
-0
-0
-0
-0
-0
-0
-0
15.1767
3.92284
-0
-0
-0
-0
44.1296
-0
-0
-0
26.5255
-0
-0
-0
2.85977
-0
-0
-0
-0
-0
-0
-0
-0
-0
-0
-0
-0
-0
16.309
-0
-0
-0
-0
-0
-0
-0
-0
-0
-0
-0
1.04776
-0
-0
-0
-0
-0
-0
-0
-0
-0
-0
-0
-0
-0
21.5091
4.02097
27.9188
11.3527
-0
29.1078
51.2838
-0
12.4639
-0
-0
-0
-0
-0
-0
1.40032
-0
-0
-0
-0
-0
18.3765
20.3009
4.31433
-0
0.676712
-0
-0
43.586
-0
-0
-0
-0
-0
-0
-0
-0
-0
-0
-0
-0
55.0529
-0
-0
-0
16.865
-0
26.2391
40.8688
-0
19.9376
-0
-0
-0
-0
-0
-0
-0
-0
-0
37.2893
-0
-0
-0
66.935
-0
-0
3.97102
-0
43.6303
-0
10.9388
-0
-0
-0
-0
-0
-0
14.5415
-0
-0
-0
-0
-0
-0
-0
-0
-0
-0
-0
-0
-0
-0
-0
-0
-0
-0
-0
-0
-0
-0
-0
1.65763
-0
-0
7.24103
-0
11.1553
15.7478
80.0777
-0
-0
-0
-0
-0
-0
-0
2.9036
0.965126
-0
25.8646
-0
-0
-0
-0
79.7989
6.70145
-0
-0
-0
-0
-0
-0
16.1807
-0
-0
12.4425
30.7311
-0
-0
31.7661
-0
-0
32.041
-0
-0
-0
-0
-0
24.0884
-0
-0
-0
-0
-0
-0
-0
-0
-0
-0
-0
-0
-0
-0
-0
4.82893
29.99
17.6367
-0
-0
-0
-0
-0
14.324
-0
-0
59.8714
51.7536
-0
-0
-0
-0
10.0956
-0
-0
25.3853
-0
-0
7.19297
-0
-0
42.6549
-0
10.964
-0
-0
13.1063
-0
44.2774
-0
-0
-0
-0
-0
-0
-0
-0
-0
-0
4.33243
-0
2.92525
-0
-0
-0
-0
-0
-0
-0
-0
-0
-0
-0
-0
-0
-0
-0
-0
-0
-0
-0
27.9275
-0
-0
-0
21.5793
-0
-0
-0
-0
-0
-0
-0
4.83914
-0
-0
-0
53.4844
50.5561
-0
72.7924
-0
-0
-0
-0
-0
-0
-0
55.9371
-0
-0
19.3822
-0
-0
-0
-0
-0
-0
-0
-0
-0
29.6441
-0
47.3658
-0
-0
-0
-0
-0
-0
-0
-0
0.566194
-0
14.6387
-0
-0
-0
-0
-0
-0
8.17136
-0
16.6849
-0
-0
-0
-0
-0
-0
0.449361
-0
-0
-0
-0
-0
-0
-0
-0
-0
-0
-0
-0
-0
-0
-0
-0
-0
-0
-0
-0
-0
-0
-0
-0
-0
-0
-0
-0
-0
-0
-0
-0
5.41832
36.4398
-0
-0
-0
-0
-0
27.7362
-0
-0
-0
-0
7.2978
29.4963
-0
-0
25.7083
7.97836
53.8199
-0
9.23601
-0
-0
13.2772
40.8827
22.2415
-0
-0
-0
-0
-0
-0
-0
-0
-0
-0
-0
17.7043
3.88671
-0
-0
-0
12.6136
-0
-0
-0
-0
-0
-0
-0
-0
-0
-0
1.66311
-0
-0
-0
-0
-0
-0
-0
-0
-0
-0
-0
3.59168
-0
-0
-0
4.91623
-0
-0
-0
-0
40.4656
-0
-0
-0
-0
-0
-0
-0
-0
-0
-0
-0
-0
-0
-0
-0
-0
2.6032
5.81564
-0
-0
-0
-0
-0
-0
7.42957
-0
-0
-0
10.3215
3.29469
-0
-0
-0
5.10704
-0
-0
-0
-0
-0
-0
-0
-0
-0
-0
16.5431
-0
-0
-0
-0
-0
-0
3.1146
-0
-0
-0
-0
-0
0.0701069
15.6447
-0
6.27144
-0
-0
-0
-0
-0
-0
-0
-0
3.50415
-0
-0
-0
-0
-0
-0
-0
-0
-0
-0
-0
6.83728
91.2092
-0
-0
10.7705
-0
-0
-0
-0
-0
1.85553
-0
-0
2.33755
-0
-0
-0
-0
-0
-0
-0
-0
-0
-0
-0
20.3169
-0
-0
-0
-0
20.7112
-0
-0
-0
-0
-0
-0
39.303
-0
-0
-0
-0
-0
-0
24.929
-0
-0
52.9288
-0
-0
-0
18.254
-0
74.0012
-0
-0
-0
-0
-0
-0
-0
15.7099
-0
-0
-0
-0
-0
-0
29.4055
-0
27.6596
-0
-0
-0
-0
-0
-0
25.5722
-0
-0
10.7381
-0
61.0557
-0
-0
-0
-0
-0
-0
-0
-0
-0
-0
-0
-0
-0
-0
-0
-0
-0
-0
67.4068
-0
-0
-0
-0
2.53389
-0
-0
-0
-0
12.7371
-0
1.58883
23.663
-0
-0
15.6015
-0
-0
14.2532
-0
2.5547
-0
-0
-0
-0
-0
-0
4.30351
-0
14.3581
3.60644
-0
-0
-0
-0
31.3614
-0
-0
-0
-0
17.3963
6.68192
-0
-0
37.3833
-0
30.1433
-0
-0
21.2957
6.21861
-0
-0
-0
-0
-0
1.25703
40.728
-0
-0
-0
-0
-0
-0
-0
-0
5.02157
-0
-0
-0
9.34679
-0
-0
-0
-0
-0
-0
-0
-0
-0
15.2973
-0
-0
-0
5.94634
-0
-0
45.321
-0
-0
11.4819
-0
-0
-0
28.5061
-0
-0
27.0187
-0
-0
-0
-0
-0
-0
-0
-0
-0
-0
12.918
20.4841
-0
-0
-0
-0
-0
0.89129
14.7227
-0
-0
17.8928
-0
-0
-0
-0
-0
-0
39.0483
-0
-0
-0
-0
-0
-0
63.3462
-0
-0
34.9866
-0
-0
36.5853
-0
-0
-0
-0
-0
-0
-0
-0
-0
-0
-0
12.1719
7.58032
7.01708
-0
-0
-0
-0
-0
29.0926
-0
-0
-0
2.33523
-0
-0
-0
-0
-0
1.65139
-0
-0
-0
-0
-0
-0
-0
-0
-0
-0
-0
-0
-0
-0
-0
-0
-0
-0
-0
-0
-0
-0
24.6125
-0
-0
-0
-0
-0
-0
70.1401
-0
-0
-0
-0
28.3289
17.4686
-0
-0
-0
-0
-0
-0
-0
-0
-0
25.6813
-0
-0
-0
-0
-0
-0
-0
-0
-0
-0
-0
61.6573
-0
-0
-0
-0
-0
65.324
-0
-0
-0
-0
11.942
-0
-0
58.5587
-0
-0
-0
-0
4.71287
-0
57.3691
-0
47.8941
-0
1.69093
-0
-0
-0
-0
-0
1.2102
-0
-0
-0
-0
-0
-0
-0
-0
5.38576
10.1269
-0
-0
-0
-0
-0
-0
-0
-0
-0
-0
4.21134
-0
-0
-0
1.45686
-0
-0
-0
7.10884
-0
12.8263
-0
-0
16.076
25.8518
12.4802
-0
-0
19.8229
-0
-0
42.2414
-0
-0
29.8329
-0
-0
-0
-0
26.3263
-0
-0
-0
-0
-0
-0
-0
11.4536
-0
82.4855
-0
-0
-0
-0
-0
-0
-0
-0
-0
-0
-0
-0
-0
27.4338
-0
-0
74.4309
-0
-0
-0
5.02932
-0
-0
-0
-0
-0
-0
-0
-0
-0
40.6531
20.0705
-0
-0
22.3991
7.68948
-0
-0
-0
-0
-0
-0
49.3125
10.8483
-0
46.5812
-0
39.1382
-0
15.2333
-0
-0
-0
-0
-0
-0
-0
3.41474
-0
28.1489
-0
-0
-0
-0
22.0511
-0
-0
40.3857
-0
-0
-0
62.6137
-0
-0
-0
-0
-0
10.6764
-0
58.0817
-0
-0
-0
-0
-0
-0
31.5116
-0
-0
-0
-0
-0
2.18795
28.0139
-0
-0
-0
-0
-0
-0
-0
-0
-0
-0
-0
-0
-0
2.86305
-0
-0
-0
-0
-0
-0
-0
-0
-0
-0
28.3852
-0
24.6737
-0
-0
-0
5.57331
-0
-0
-0
45.0625
-0
-0
34.2148
-0
-0
-0
1.91545
-0
-0
-0
-0
-0
-0
2.47908
-0
-0
-0
-0
-0
-0
-0
5.29452
13.0627
-0
-0
6.35555
-0
-0
-0
25.1437
-0
-0
-0
-0
-0
-0
-0
-0
-0
32.7521
-0
-0
-0
-0
34.5617
-0
-0
-0
-0
-0
-0
61.4067
-0
7.78698
-0
-0
-0
-0
-0
-0
-0
-0
12.2663
-0
-0
-0
-0
22.4939
-0
-0
69.4422
42.3245
-0
27.3351
-0
-0
34.2868
-0
-0
-0
-0
-0
14.0601
-0
-0
-0
6.03673
-0
-0
-0
-0
-0
-0
-0
-0
-0
-0
12.9518
-0
-0
-0
-0
-0
3.38881
-0
-0
-0
-0
-0
-0
-0
47.8556
-0
-0
-0
-0
-0
-0
-0
-0
-0
43.6573
-0
-0
-0
-0
-0
1.35053
-0
-0
-0
-0
-0
-0
-0
12.0323
-0
8.08541
3.00977
-0
4.83011
50.4384
-0
35.1129
-0
-0
-0
-0
-0
35.5257
-0
-0
44.6528
-0
-0
-0
-0
8.46517
-0
-0
55.402
-0
-0
-0
48.6868
-0
-0
22.9795
-0
-0
-0
-0
-0
-0
89.8474
-0
-0
-0
-0
-0
-0
-0
-0
-0
-0
-0
-0
-0
41.1111
-0
40.1944
-0
-0
-0
-0
-0
-0
-0
-0
20.8446
-0
-0
-0
-0
-0
-0
-0
-0
-0
-0
0.241298
-0
-0
-0
-0
-0
-0
-0
-0
-0
-0
-0
38.2457
-0
-0
-0
-0
-0
-0
-0
35.02
-0
-0
-0
-0
67.2838
-0
-0
-0
27.1806
-0
25.1688
-0
-0
-0
-0
1.30598
-0
26.5956
-0
-0
-0
-0
46.6883
66.9648
-0
-0
5.85484
20.8028
-0
21.8283
-0
-0
-0
-0
-0
-0
-0
-0
3.84619
-0
-0
-0
-0
-0
-0
-0
-0
0.405657
-0
-0
-0
25.0067
-0
48.0477
-0
-0
-0
-0
-0
-0
-0
-0
-0
30.1453
-0
15.126
-0
-0
-0
-0
26.3314
58.3154
-0
-0
-0
-0
-0
-0
-0
-0
4.9769
11.2548
-0
-0
-0
-0
-0
-0
90.2027
-0
-0
-0
15.8345
20.2791
-0
-0
-0
