1.37296
-0
-0
-0
-0
-0
-0
-0
-0
12.4203
20.415
-0
4.88055
-0
-0
19.4641
7.94306
-0
-0
-0
-0
-0
-0
-0
-0
-0
-0
7.63822
-0
-0
-0
-0
-0
-0
0.450624
-0
-0
-0
3.18314
-0
15.5635
-0
-0
-0
-0
-0
-0
-0
-0
-0
-0
-0
0.41693
14.1195
0.373269
-0
-0
0.32354
8.746
-0
-0
-0
4.17021
-0
21.457
-0
-0
7.4002
4.54557
0.674474
-0
-0
-0
-0
-0
-0
-0
-0
-0
-0
-0
26.9151
19.4798
6.71114
-0
-0
-0
12.6536
-0
-0
-0
-0
-0
-0
-0
-0
-0
-0
-0
-0
-0
-0
-0
-0
-0
-0
7.6167
-0
-0
-0
5.16837
-0
-0
-0
-0
-0
-0
-0
17.571
10.9077
10.4219
-0
-0
-0
-0
-0
-0
-0
-0
-0
1.76557
-0
-0
-0
25.9884
-0
-0
-0
-0
2.66092
-0
-0
2.1536
-0
-0
-0
-0
-0
-0
-0
-0
-0
-0
-0
-0
-0
7.61709
-0
-0
1.1146
-0
1.02361
-0
19.4783
29.7704
-0
-0
14.4524
-0
45.719
-0
15.2545
38.4328
-0
4.50858
-0
-0
-0
-0
-0
-0
-0
-0
-0
-0
10.5036
-0
-0
-0
-0
-0
9.67264
5.55924
20.0257
-0
-0
-0
-0
-0
6.44335
-0
6.49705
14.1095
1.43474
-0
-0
6.92245
10.4034
12.4426
-0
-0
-0
17.9355
-0
-0
5.96897
0.748206
-0
-0
-0
5.97619
-0
-0
-0
-0
10.8406
-0
-0
-0
8.3609
-0
-0
-0
-0
-0
-0
-0
-0
-0
-0
-0
-0
-0
-0
-0
-0
8.63446
-0
-0
-0
-0
-0
-0
-0
-0
-0
-0
-0
-0
-0
-0
-0
-0
-0
-0
-0
29.7502
-0
-0
-0
-0
-0
-0
28.975
-0
-0
-0
-0
-0
-0
-0
5.45672
-0
-0
-0
-0
-0
-0
-0
-0
1.5276
6.80669
-0
-0
-0
-0
-0
1.47375
-0
15.4966
-0
-0
-0
-0
-0
33.9546
-0
-0
7.64691
-0
22.9668
-0
-0
-0
-0
-0
-0
-0
-0
0.54602
-0
-0
11.0093
-0
13.7533
-0
27.2726
-0
-0
8.90843
-0
-0
-0
-0
-0
-0
-0
0.854134
-0
2.15286
-0
-0
0.559482
-0
13.8599
-0
2.40141
-0
21.3255
0.314779
-0
-0
-0
-0
1.83527
-0
-0
-0
-0
14.8563
-0
-0
-0
24.2819
-0
1.30701
-0
-0
30.4973
-0
-0
9.69843
-0
-0
-0
-0
-0
1.54632
-0
-0
-0
-0
2.22078
-0
-0
-0
15.7576
-0
-0
-0
-0
-0
-0
-0
-0
-0
-0
14.2768
-0
-0
-0
-0
-0
-0
14.5805
-0
-0
-0
34.8283
-0
-0
-0
-0
-0
-0
-0
-0
1.06396
-0
-0
-0
-0
-0
-0
-0
5.27007
1.41998
-0
-0
-0
-0
22.4599
-0
-0
-0
-0
7.26753
-0
-0
-0
-0
10.0593
-0
-0
-0
-0
-0
-0
-0
-0
14.2495
13.586
-0
-0
26.4132
-0
-0
20.5927
-0
-0
-0
-0
-0
-0
14.9977
-0
-0
-0
-0
-0
19.1155
-0
26.6822
-0
-0
-0
17.8455
-0
-0
-0
-0
-0
-0
8.91172
-0
5.90727
-0
-0
-0
-0
3.81467
-0
8.31861
20.7471
5.94275
17.8924
-0
-0
-0
14.6765
-0
-0
-0
-0
-0
-0
-0
5.64425
-0
13.3476
-0
-0
13.9568
12.1829
-0
25.9227
-0
-0
14.5113
-0
16.2782
19.6272
-0
9.15981
-0
-0
5.50094
-0
-0
-0
-0
-0
-0
-0
2.06042
-0
-0
-0
-0
-0
-0
-0
-0
-0
-0
8.64979
-0
-0
-0
23.3473
-0
-0
1.55757
-0
-0
-0
-0
14.0962
19.1047
-0
-0
-0
-0
-0
1.67607
-0
-0
-0
-0
2.30499
-0
-0
-0
-0
-0
-0
-0
-0
-0
1.92889
-0
-0
-0
7.56552
-0
7.58799
-0
19.3948
-0
-0
-0
-0
11.9473
-0
-0
-0
24.6286
-0
-0
34.393
8.89358
-0
-0
-0
-0
-0
-0
12.3075
-0
14.5881
-0
-0
5.04352
-0
-0
-0
14.6474
-0
-0
-0
-0
-0
-0
13.2915
-0
-0
-0
-0
-0
-0
-0
-0
-0
-0
-0
-0
-0
-0
34.3542
-0
14.0056
-0
-0
-0
-0
13.8414
-0
4.46939
17.8341
7.0858
-0
-0
-0
-0
1.95979
-0
2.02413
-0
-0
-0
13.7373
10.9457
0.288375
-0
-0
-0
6.43405
-0
-0
-0
-0
-0
-0
-0
-0
17.363
-0
-0
1.6892
-0
-0
-0
-0
-0
-0
-0
-0
-0
11.9391
-0
-0
-0
21.0373
3.5658
-0
3.58664
-0
-0
-0
-0
-0
-0
-0
-0
34.5169
-0
-0
-0
-0
-0
0.0251344
-0
-0
-0
-0
-0
-0
-0
-0
-0
-0
-0
-0
-0
10.5375
-0
-0
-0
13.8415
-0
-0
7.57882
-0
23.1472
-0
2.97084
-0
0.619456
-0
-0
-0
-0
28.8088
-0
-0
8.24589
-0
-0
8.78201
0.592131
4.20089
-0
-0
-0
-0
-0
-0
-0
-0
0.639652
-0
-0
-0
11.0565
12.5675
-0
13.4627
-0
-0
21.7958
-0
-0
-0
-0
-0
-0
-0
-0
-0
-0
-0
-0
-0
-0
-0
-0
-0
29.6531
-0
10.0426
-0
-0
-0
-0
11.9564
-0
15.5289
-0
23.4405
-0
-0
-0
9.81248
-0
-0
26.0969
-0
-0
-0
-0
-0
-0
-0
-0
-0
1.55585
-0
-0
-0
8.40106
-0
-0
34.3179
-0
7.64257
-0
-0
0.101243
-0
-0
-0
-0
-0
-0
-0
-0
15.5386
24.1357
-0
-0
-0
-0
-0
-0
-0
21.3979
-0
-0
-0
24.843
-0
-0
43.791
-0
-0
-0
-0
-0
-0
-0
-0
1.92429
-0
-0
24.272
-0
-0
-0
-0
-0
-0
-0
-0
2.66781
29.0289
-0
-0
-0
-0
-0
-0
-0
-0
-0
-0
-0
-0
-0
2.54804
15.007
-0
-0
-0
-0
-0
-0
23.3935
-0
-0
-0
-0
10.1148
-0
-0
4.15266
15.0003
-0
-0
-0
-0
-0
31.5186
-0
-0
-0
-0
-0
-0
-0
-0
-0
-0
-0
-0
2.73835
-0
1.95192
7.66419
-0
-0
-0
5.06364
12.5698
-0
-0
-0
-0
10.691
-0
21.6489
-0
-0
12.9192
35.1986
3.63004
-0
23.4617
28.5079
-0
-0
-0
12.1701
-0
-0
4.10327
-0
-0
-0
24.9302
-0
-0
-0
11.3791
-0
-0
-0
-0
-0
-0
-0
-0
-0
-0
22.3298
0.303284
-0
-0
-0
-0
-0
-0
-0
-0
-0
-0
9.32208
-0
-0
-0
-0
-0
-0
-0
-0
-0
29.4282
-0
-0
-0
2.78945
-0
-0
-0
-0
-0
19.9324
-0
-0
-0
-0
-0
-0
-0
-0
-0
-0
-0
-0
-0
-0
-0
-0
-0
-0
19.0719
-0
-0
-0
-0
29.3909
-0
-0
-0
-0
-0
-0
-0
-0
10.4771
-0
-0
-0
-0
-0
-0
-0
1.76727
-0
-0
3.75897
8.37487
-0
5.01939
12.5054
-0
-0
-0
-0
-0
-0
-0
-0
0.624018
-0
-0
30.4606
-0
-0
-0
6.56616
-0
-0
-0
-0
14.7958
-0
-0
-0
6.63391
-0
-0
15.8777
-0
-0
-0
-0
-0
-0
6.64501
-0
9.44702
-0
10.8862
-0
23.2222
-0
-0
11.8379
-0
-0
-0
-0
-0
-0
-0
-0
3.46575
-0
-0
-0
-0
-0
-0
9.70334
-0
-0
-0
-0
-0
26.3063
-0
-0
-0
2.74119
25.7698
-0
-0
-0
-0
-0
-0
-0
17.4285
3.05007
-0
-0
-0
-0
-0
-0
0.927541
-0
-0
-0
-0
-0
-0
-0
-0
2.32944
-0
-0
-0
-0
-0
-0
-0
-0
4.20866
-0
-0
23.9508
-0
-0
-0
31.6576
5.423
-0
-0
-0
-0
-0
-0
34.5015
-0
10.7526
6.16775
-0
14.0726
-0
-0
9.93665
-0
17.3833
1.27409
-0
-0
-0
-0
-0
-0
-0
-0
-0
-0
-0
-0
15.1255
-0
-0
-0
-0
-0
14.7354
-0
8.87907
-0
3.46042
-0
-0
-0
-0
-0
-0
-0
4.96186
-0
-0
-0
-0
-0
-0
-0
-0
-0
-0
-0
-0
5.03639
-0
-0
-0
36.6214
-0
9.17037
3.89048
-0
-0
-0
-0
12.2421
-0
-0
10.8764
-0
-0
-0
-0
-0
-0
-0
-0
-0
1.26102
22.4958
-0
0.958655
-0
10.7322
-0
8.55827
-0
21.5788
-0
-0
-0
-0
-0
-0
-0
-0
-0
-0
0.258628
-0
-0
-0
-0
23.3967
-0
-0
27.012
-0
-0
-0
0.739429
9.11147
-0
3.68434
8.05649
-0
5.71134
7.38066
-0
-0
-0
28.5912
-0
11.6812
-0
11.7237
-0
-0
-0
20.5348
12.5898
-0
-0
-0
6.63558
-0
-0
-0
-0
12.1221
-0
-0
-0
15.9417
-0
4.93858
-0
9.21637
-0
2.31425
-0
-0
-0
24.0174
13.8417
0.903662
26.7473
4.42934
-0
-0
-0
17.3593
-0
-0
-0
-0
-0
-0
-0
-0
-0
15.8633
2.70245
-0
-0
-0
17.0791
-0
11.4255
-0
-0
-0
2.09735
-0
-0
-0
-0
-0
-0
-0
-0
4.76733
-0
5.9848
-0
-0
10.7467
-0
-0
14.3664
0.498677
-0
-0
-0
-0
-0
-0
-0
-0
12.8564
-0
-0
-0
-0
-0
-0
-0
12.5792
-0
5.15685
1.43804
-0
-0
-0
-0
-0
24.1277
-0
-0
-0
-0
-0
-0
-0
-0
-0
-0
22.2249
5.47634
-0
-0
-0
-0
-0
-0
1.448
-0
-0
-0
-0
-0
-0
-0
-0
-0
-0
-0
4.78605
12.6051
3.46062
4.40222
2.04694
0.230594
-0
-0
-0
-0
0.415709
11.448
-0
-0
16.9019
-0
-0
-0
-0
-0
-0
-0
12.0115
-0
-0
-0
-0
-0
-0
17.1858
-0
-0
-0
-0
-0
-0
-0
3.6744
-0
-0
-0
-0
-0
-0
-0
-0
-0
-0
-0
-0
-0
-0
-0
-0
-0
-0
-0
19.7051
-0
-0
-0
-0
29.7083
-0
-0
-0
30.4259
-0
-0
-0
-0
27.3193
-0
-0
-0
-0
-0
-0
-0
-0
-0
-0
-0
-0
-0
4.43254
26.225
-0
-0
-0
-0
-0
-0
-0
-0
-0
-0
-0
-0
14.81
-0
-0
6.2758
-0
-0
-0
-0
4.91253
-0
-0
-0
10.4256
-0
-0
11.639
-0
-0
-0
-0
-0
-0
-0
-0
-0
-0
-0
33.906
-0
-0
20.0432
-0
-0
-0
5.07651
-0
-0
-0
-0
-0
-0
-0
-0
14.4663
-0
-0
-0
-0
-0
-0
-0
-0
-0
-0
-0
-0
-0
-0
-0
-0
-0
-0
-0
7.91787
-0
-0
-0
8.07708
-0
-0
-0
-0
-0
-0
-0
-0
-0
-0
2.68327
-0
-0
-0
-0
-0
-0
-0
14.5532
-0
12.5902
-0
3.4047
2.68395
-0
-0
-0
-0
-0
-0
-0
-0
6.3225
-0
10.0954
-0
-0
-0
-0
-0
8.85541
-0
-0
-0
-0
-0
12.1573
-0
-0
-0
18.6821
-0
10.1485
-0
-0
-0
-0
-0
-0
-0
-0
-0
-0
-0
-0
-0
-0
-0
-0
-0
-0
33.1159
-0
-0
7.93647
-0
-0
-0
-0
24.2667
-0
13.3925
-0
-0
-0
-0
-0
-0
-0
3.47511
12.4642
-0
-0
0.812467
-0
-0
-0
3.3391
27.1159
-0
-0
-0
11.7575
-0
-0
-0
10.7181
-0
10.6691
-0
-0
-0
-0
-0
-0
-0
-0
18.4438
-0
14.2746
-0
-0
2.26194
9.09476
-0
-0
26.8594
-0
-0
-0
8.3439
-0
-0
-0
-0
-0
0.730434
-0
-0
-0
-0
8.00985
6.76663
-0
-0
-0
-0
-0
-0
-0
-0
-0
-0
-0
-0
-0
-0
-0
-0
-0
-0
-0
-0
-0
-0
-0
-0
1.16514
-0
-0
-0
-0
-0
18.3055
-0
7.70614
-0
-0
11.5956
-0
-0
-0
-0
-0
-0
-0
-0
-0
-0
-0
14.2319
-0
-0
-0
-0
17.2675
-0
-0
-0
-0
-0
-0
-0
-0
-0
-0
-0
34.817
-0
-0
-0
-0
-0
-0
-0
-0
10.2053
-0
-0
-0
-0
-0
-0
-0
-0
-0
-0
18.9425
22.3225
-0
-0
-0
-0
-0
-0
-0
-0
-0
-0
-0
-0
9.22646
-0
13.3359
13.9124
-0
-0
-0
-0
-0
-0
-0
1.92589
-0
-0
-0
-0
-0
33.9556
-0
-0
12.8551
-0
-0
-0
-0
-0
8.60099
0.812802
-0
-0
14.453
-0
-0
25.2422
-0
-0
-0
-0
-0
-0
-0
-0
-0
-0
-0
3.79345
20.9203
-0
-0
-0
-0
-0
-0
-0
-0
41.1562
22.5315
-0
-0
5.66958
3.38422
-0
-0
-0
-0
-0
10.6043
15.8648
-0
-0
-0
-0
-0
1.86589
-0
-0
-0
-0
-0
-0
-0
22.4164
-0
-0
3.91536
36.0687
-0
2.87423
-0
-0
-0
-0
-0
1.30324
-0
-0
-0
-0
14.5728
-0
-0
-0
6.73216
-0
2.20205
-0
-0
-0
-0
-0
0.0036096
-0
20.6136
-0
-0
-0
-0
-0
-0
-0
-0
-0
-0
-0
2.73887
-0
10.7723
34.5608
5.82004
-0
7.31492
-0
-0
8.36618
-0
-0
-0
16.747
-0
2.87045
-0
-0
-0
-0
8.85039
14.033
13.3105
-0
-0
-0
-0
-0
-0
13.3605
-0
-0
-0
3.1255
-0
-0
-0
-0
-0
-0
-0
41.4122
-0
-0
-0
2.53777
0.577879
1.58854
-0
-0
11.227
-0
-0
-0
7.85305
10.5404
-0
-0
-0
-0
21.2256
-0
6.38343
3.52144
-0
1.6667
-0
8.45759
-0
-0
-0
-0
7.81216
-0
6.72094
-0
-0
-0
1.18951
-0
13.3107
16.838
13.8383
-0
-0
-0
-0
-0
-0
-0
-0
-0
-0
-0
-0
-0
-0
-0
-0
-0
-0
-0
-0
-0
-0
23.9781
1.88479
-0
-0
-0
-0
-0
-0
-0
-0
-0
-0
-0
2.78737
-0
-0
-0
-0
19.6413
0.380471
10.519
2.32746
12.8565
-0
-0
-0
-0
16.2495
-0
-0
-0
14.371
-0
-0
-0
-0
-0
-0
-0
2.99711
-0
-0
18.6976
-0
-0
-0
7.44945
9.93754
3.69229
10.4287
-0
15.4104
-0
-0
19.3053
-0
-0
-0
20.2982
-0
21.0375
17.5331
11.4128
0.72758
-0
-0
2.23016
8.1296
-0
2.3108
4.88312
-0
11.9095
-0
-0
-0
-0
-0
-0
-0
-0
-0
-0
5.02081
3.88415
-0
-0
-0
-0
-0
-0
-0
-0
-0
-0
-0
-0
-0
3.17867
-0
-0
2.96719
-0
-0
-0
-0
-0
-0
-0
-0
-0
-0
8.09721
8.44102
-0
-0
-0
-0
-0
-0
-0
50.0606
10.384
-0
22.7147
-0
-0
-0
-0
-0
-0
20.0611
-0
-0
-0
-0
-0
-0
-0
-0
-0
-0
-0
3.36677
-0
-0
-0
9.35989
-0
-0
-0
8.51042
2.64536
-0
-0
-0
-0
-0
-0
-0
-0
26.7816
-0
-0
21.7061
-0
-0
-0
-0
-0
-0
-0
-0
-0
-0
-0
-0
-0
27.8247
11.9206
-0
13.8472
-0
-0
22.4367
-0
41.1589
8.74738
-0
-0
-0
-0
-0
-0
-0
-0
-0
-0
-0
-0
-0
-0
-0
19.9242
-0
-0
9.20094
-0
-0
-0
-0
16.3686
1.31742
-0
-0
13.709
-0
-0
-0
-0
-0
3.15341
-0
-0
-0
-0
-0
-0
5.49505
-0
-0
-0
-0
-0
-0
-0
-0
-0
-0
-0
-0
9.19197
-0
-0
-0
-0
7.81165
-0
-0
19.0363
-0
-0
-0
-0
-0
-0
-0
-0
6.57294
7.87243
-0
-0
-0
11.5417
3.87586
-0
-0
-0
-0
-0
-0
-0
-0
-0
-0
-0
-0
20.4327
-0
-0
-0
-0
-0
33.0116
-0
0.799801
-0
-0
-0
-0
-0
23.3833
-0
-0
-0
-0
3.00576
-0
-0
-0
-0
18.5184
-0
-0
-0
-0
-0
-0
1.59728
-0
-0
-0
-0
2.60327
16.0252
-0
-0
-0
0.348652
5.85707
-0
-0
20.2987
-0
-0
-0
8.19182
-0
25.3312
-0
-0
-0
41.5009
-0
-0
-0
-0
-0
8.28165
-0
-0
-0
2.45788
-0
-0
-0
-0
-0
-0
1.31678
-0
-0
5.70119
-0
-0
-0
-0
-0
9.46862
-0
0.516315
13.8873
-0
-0
-0
-0
-0
12.4549
-0
8.14284
4.28539
-0
-0
-0
-0
-0
-0
-0
-0
4.52923
-0
-0
-0
20.3994
-0
-0
-0
-0
-0
-0
-0
2.0149
-0
-0
-0
9.02617
-0
-0
-0
-0
-0
-0
-0
-0
10.238
-0
-0
-0
-0
-0
-0
-0
-0
-0
2.41279
-0
-0
-0
-0
-0
-0
-0
-0
1.53221
-0
-0
-0
-0
10.0886
-0
-0
40.2281
-0
-0
2.83357
-0
-0
-0
-0
6.90322
10.6747
-0
-0
-0
-0
-0
-0
-0
-0
-0
-0
0.819806
-0
-0
-0
-0
-0
-0
7.88206
-0
-0
-0
10.8338
-0
5.08981
-0
1.68137
-0
-0
-0
-0
-0
-0
-0
10.114
9.02169
0.512524
-0
-0
-0
-0
-0
-0
-0
15.5671
7.87252
-0
-0
26.0023
-0
-0
-0
-0
3.62937
-0
16.7883
-0
17.6123
-0
-0
-0
-0
-0
-0
-0
-0
-0
-0
2.14913
-0
-0
7.98058
-0
-0
-0
20.1748
-0
-0
-0
-0
-0
-0
-0
-0
-0
-0
-0
-0
24.986
-0
-0
-0
-0
26.2199
3.84048
-0
-0
-0
-0
-0
-0
3.56877
-0
0.533245
-0
5.72675
-0
-0
5.35332
21.7321
-0
-0
14.0488
-0
-0
-0
-0
-0
-0
-0
29.085
-0
-0
7.73138
-0
-0
-0
-0
-0
-0
-0
-0
-0
-0
-0
9.03174
0.547454
-0
-0
-0
-0
-0
-0
2.09213
-0
-0
17.1954
-0
0.448682
52.1429
-0
-0
-0
25.1336
-0
-0
0.373692
-0
-0
-0
-0
20.8151
-0
-0
-0
-0
-0
8.67039
-0
-0
-0
-0
-0
-0
-0
-0
-0
18.0144
-0
-0
12.9073
-0
-0
-0
30.3046
-0
-0
2.05641
-0
-0
6.46988
-0
-0
25.3032
-0
-0
-0
-0
-0
-0
24.0184
-0
-0
-0
-0
-0
-0
-0
-0
16.222
-0
11.3344
1.61514
1.33383
-0
-0
-0
-0
-0
-0
-0
-0
2.55243
-0
-0
-0
-0
-0
-0
-0
-0
-0
-0
4.11451
-0
-0
-0
-0
25.7764
-0
24.7826
-0
-0
-0
21.1592
0.277006
-0
2.76035
-0
39.1546
-0
-0
-0
-0
-0
-0
-0
-0
-0
-0
-0
13.3299
-0
-0
-0
-0
-0
35.6793
-0
-0
-0
-0
-0
-0
-0
-0
-0
6.49297
-0
-0
22.0708
-0
-0
-0
-0
-0
-0
-0
-0
-0
-0
22.8979
-0
-0
-0
-0
-0
-0
-0
7.88761
-0
-0
-0
-0
1.25789
32.0212
-0
-0
-0
-0
-0
1.01839
-0
-0
-0
1.20868
-0
-0
-0
-0
-0
24.6145
-0
-0
-0
-0
-0
-0
4.96887
-0
-0
7.57674
-0
24.7447
4.73013
-0
-0
-0
-0
-0
-0
-0
-0
-0
-0
-0
42.0977
27.0943
-0
-0
-0
3.43879
-0
-0
-0
8.4586
-0
-0
-0
0.156594
-0
-0
-0
-0
-0
8.701
-0
-0
-0
11.3388
-0
-0
0.00385535
-0
-0
2.55462
-0
-0
-0
7.52807
-0
-0
-0
-0
16.5557
14.253
16.605
-0
14.133
-0
-0
-0
-0
-0
19.7135
-0
-0
4.03701
-0
-0
-0
-0
2.3641
-0
-0
-0
-0
-0
-0
-0
24.05
10.4483
13.1061
-0
21.0822
-0
-0
-0
2.50304
-0
-0
-0
-0
-0
-0
-0
18.2482
-0
-0
14.9689
-0
26.0336
11.0153
-0
-0
-0
-0
-0
-0
0.199318
-0
-0
-0
-0
9.57281
-0
-0
-0
-0
-0
-0
-0
-0
-0
-0
-0
-0
-0
-0
7.50974
-0
-0
-0
4.54427
-0
2.29147
-0
-0
22.6029
-0
-0
-0
16.1084
-0
-0
-0
-0
-0
-0
-0
-0
15.6784
-0
-0
29.504
-0
2.51853
-0
-0
-0
-0
1.29649
-0
-0
-0
-0
-0
-0
-0
-0
-0
-0
2.37872
-0
-0
11.5263
-0
-0
-0
-0
-0
-0
-0
-0
-0
-0
-0
33.6671
-0
-0
1.35196
5.69556
-0
-0
0.00576131
-0
-0
-0
-0
-0
-0
-0
-0
-0
-0
-0
-0
-0
-0
-0
-0
-0
-0
-0
-0
-0
-0
-0
7.02
-0
18.5797
-0
-0
0.307369
-0
2.09842
-0
11.5833
-0
-0
17.724
-0
-0
-0
-0
-0
-0
-0
-0
10.5937
2.44961
7.27198
3.03933
-0
-0
-0
-0
8.53665
2.71041
-0
-0
-0
-0
-0
-0
-0
-0
-0
-0
7.83968
-0
-0
2.42869
-0
-0
3.53451
6.03892
-0
-0
-0
12.9197
-0
0.00317058
-0
-0
-0
12.5228
-0
2.67688
8.49021
-0
23.5456
-0
-0
-0
-0
-0
-0
0.611092
-0
-0
-0
-0
-0
-0
-0
22.5584
-0
7.2243
-0
-0
-0
-0
-0
-0
-0
-0
-0
-0
-0
10.3603
-0
26.0349
-0
-0
-0
-0
-0
-0
-0
-0
-0
1.71343
17.481
-0
-0
13.4721
10.9515
-0
-0
-0
-0
-0
18.1602
-0
-0
-0
-0
-0
-0
-0
-0
-0
-0
-0
-0
-0
-0
-0
-0
-0
-0
-0
-0
7.17461
-0
-0
-0
-0
11.6258
-0
12.2936
-0
-0
-0
-0
-0
-0
-0
13.0924
-0
-0
-0
-0
20.8976
-0
-0
-0
-0
-0
9.4091
-0
-0
4.92673
30.0904
-0
4.83163
-0
-0
-0
-0
-0
-0
-0
-0
-0
-0
-0
-0
3.80551
-0
-0
-0
16.6938
12.4712
-0
-0
-0
-0
4.05818
12.5673
30.3925
-0
-0
-0
-0
-0
-0
-0
-0
8.21306
-0
-0
-0
-0
-0
33.9358
-0
-0
-0
2.9171
-0
13.0028
-0
-0
-0
-0
-0
-0
-0
-0
-0
-0
-0
-0
-0
-0
-0
-0
3.04622
-0
-0
-0
17.9731
-0
-0
5.53851
-0
-0
5.67882
-0
-0
-0
-0
10.237
-0
17.175
-0
17.5722
-0
-0
-0
-0
-0
-0
3.1029
-0
-0
-0
-0
-0
-0
68.8773
13.5366
-0
-0
-0
-0
-0
-0
5.33784
-0
4.60057
9.87606
-0
-0
0.192224
-0
17.5839
0.995385
0.842604
-0
14.6116
-0
-0
-0
15.4653
-0
-0
-0
-0
-0
-0
-0
-0
-0
-0
-0
-0
-0
-0
0.817796
-0
-0
-0
-0
3.74379
9.5881
-0
-0
29.1377
-0
-0
-0
-0
-0
-0
-0
-0
-0
-0
-0
-0
-0
0.266112
-0
-0
-0
13.6755
-0
-0
3.21083
-0
5.06712
-0
3.70549
-0
-0
-0
-0
-0
-0
7.60027
36.1353
-0
-0
-0
-0
-0
-0
7.76885
-0
5.46163
-0
-0
-0
13.3778
-0
-0
-0
-0
-0
-0
-0
12.367
-0
-0
-0
-0
-0
22.7911
-0
-0
-0
-0
-0
-0
-0
-0
-0
18.0242
2.16582
-0
-0
-0
-0
-0
11.9594
-0
-0
-0
-0
-0
-0
12.8713
-0
11.3835
-0
-0
-0
-0
-0
7.59934
-0
-0
9.66349
-0
-0
-0
-0
23.5464
-0
22.4172
3.52686
-0
-0
-0
16.3016
-0
-0
-0
-0
0.593564
-0
20.6474
-0
-0
5.66383
-0
-0
-0
-0
-0
-0
7.11939
-0
-0
-0
-0
-0
14.4417
-0
-0
-0
12.4394
-0
-0
-0
-0
1.27617
-0
-0
-0
-0
-0
-0
-0
-0
-0
20.8944
9.02215
-0
-0
-0
-0
-0
-0
-0
-0
-0
-0
-0
-0
-0
37.6434
-0
32.7425
-0
-0
-0
-0
-0
-0
-0
-0
-0
-0
-0
3.8052
-0
-0
-0
-0
23.0532
8.45836
-0
-0
-0
-0
0.198239
-0
3.26505
-0
-0
-0
-0
-0
-0
-0
38.3605
-0
-0
-0
9.11241
-0
18.5393
-0
-0
-0
0.213534
15.9086
-0
-0
-0
-0
-0
-0
-0
14.6562
-0
-0
-0
-0
-0
-0
4.01647
-0
-0
-0
-0
-0
-0
-0
-0
4.66262
-0
-0
-0
-0
-0
-0
-0
-0
5.65773
-0
16.9518
-0
-0
0.99673
-0
-0
-0
-0
-0
18.8416
-0
-0
-0
-0
-0
-0
-0
-0
8.1307
-0
-0
-0
-0
-0
-0
-0
-0
-0
2.50537
-0
-0
-0
-0
-0
-0
-0
6.14412
10.3859
8.73613
-0
-0
-0
-0
-0
-0
30.1285
-0
-0
-0
-0
-0
13.8175
9.9397
-0
26.7901
25.2291
9.8292
-0
-0
4.30064
-0
-0
-0
-0
3.76679
-0
2.47241
40.8535
6.52719
-0
-0
45.8443
16.2978
-0
22.466
-0
-0
-0
-0
-0
-0
-0
-0
-0
-0
-0
-0
-0
-0
-0
-0
-0
-0
-0
-0
-0
-0
-0
-0
-0
-0
-0
-0
-0
-0
-0
-0
-0
-0
25.5238
13.3443
5.928
-0
-0
-0
-0
-0
-0
-0
-0
-0
-0
-0
11.9678
-0
-0
-0
-0
-0
-0
-0
-0
-0
-0
-0
-0
19.8654
-0
-0
12.3393
-0
-0
9.88763
-0
1.15476
4.57674
-0
-0
-0
-0
-0
-0
-0
-0
3.66643
-0
38.7202
-0
-0
12.0693
-0
9.07713
-0
15.2171
-0
-0
12.6039
-0
-0
-0
16.4767
-0
-0
-0
-0
-0
26.6426
-0
-0
-0
8.88584
13.0533
15.4159
38.736
-0
-0
-0
-0
-0
-0
-0
-0
-0
-0
-0
-0
-0
-0
-0
-0
-0
-0
-0
-0
15.1136
-0
-0
5.06263
-0
-0
-0
-0
-0
-0
-0
-0
15.065
-0
-0
47.9359
-0
-0
-0
7.46964
-0
20.4381
-0
-0
-0
-0
26.2717
-0
-0
-0
-0
-0
-0
-0
-0
4.15258
-0
-0
6.93773
-0
-0
-0
-0
11.2094
-0
-0
-0
28.8182
-0
8.23752
-0
-0
-0
7.3644
-0
-0
-0
4.93213
4.73013
-0
-0
1.84189
-0
-0
-0
-0
-0
-0
-0
-0
-0
-0
-0
14.8848
-0
-0
-0
-0
-0
-0
-0
-0
7.41875
-0
11.1876
1.2422
-0
-0
0.697765
27.4994
16.3043
-0
-0
-0
-0
25.5384
32.9386
-0
-0
1.8165
-0
-0
-0
-0
-0
10.7675
-0
-0
-0
-0
-0
-0
4.10409
-0
-0
-0
-0
18.4907
-0
-0
-0
-0
-0
-0
9.00191
-0
-0
-0
-0
-0
-0
0.716574
-0
-0
-0
-0
-0
-0
6.11594
0.496335
-0
-0
-0
-0
-0
-0
-0
-0
-0
-0
-0
-0
-0
-0
1.93871
-0
0.380249
-0
-0
-0
-0
-0
-0
-0
-0
-0
-0
-0
-0
-0
-0
-0
-0
-0
-0
-0
-0
-0
2.50339
-0
3.68504
-0
0.666241
-0
5.63173
30.2069
-0
-0
-0
-0
-0
-0
-0
10.8288
-0
-0
25.4677
-0
40.3952
-0
-0
-0
4.05912
-0
12.841
-0
-0
2.11678
-0
-0
6.437
0.938694
-0
-0
-0
-0
-0
-0
-0
3.61176
-0
-0
8.50161
4.48559
-0
-0
-0
-0
12.5528
-0
-0
-0
13.2787
-0
-0
13.2408
-0
-0
-0
-0
-0
-0
-0
-0
-0
-0
4.3017
-0
-0
-0
-0
-0
-0
-0
9.0408
-0
-0
-0
-0
-0
11.2285
-0
-0
-0
0.687698
-0
-0
-0
-0
-0
-0
-0
9.43745
-0
7.65553
-0
-0
-0
