1.78263
-0
-0
-0
-0
8.87936
-0
-0
-0
-0
37.915
-0
-0
-0
-0
22.7627
-0
-0
26.1791
-0
-0
-0
-0
-0
0.80267
-0
-0
1.97287
-0
-0
-0
-0
-0
-0
-0
-0
-0
-0
-0
-0
3.37697
-0
-0
-0
-0
-0
-0
-0
-0
-0
-0
-0
0.383945
-0
-0
-0
2.09145
-0
-0
19.4427
-0
-0
-0
-0
6.62771
-0
0.269571
-0
-0
1.05681
-0
-0
-0
-0
-0
-0
-0
-0
-0
15.2158
-0
50.1757
-0
-0
-0
-0
-0
4.2988
-0
-0
-0
-0
-0
-0
-0
-0
-0
-0
-0
-0
-0
-0
-0
-0
-0
-0
7.26679
-0
-0
-0
31.339
-0
-0
-0
-0
-0
-0
-0
52.1632
-0
-0
-0
-0
-0
-0
-0
-0
1.05683
-0
-0
4.84456
29.1701
3.32273
-0
-0
-0
-0
-0
-0
15.2579
-0
-0
-0
-0
10.9194
-0
-0
-0
-0
-0
-0
9.12909
-0
18.8617
-0
-0
40.4089
-0
-0
2.44003
-0
0.167012
-0
6.25862
12.9104
-0
-0
10.7226
-0
48.0677
-0
21.5342
-0
-0
-0
-0
-0
-0
9.51766
-0
7.29254
-0
-0
-0
-0
16.7621
-0
-0
22.5873
-0
23.7888
-0
-0
33.8698
8.87304
-0
-0
-0
-0
-0
-0
-0
12.6824
-0
-0
-0
-0
11.3626
-0
-0
-0
-0
59.0572
-0
-0
17.4539
5.22803
-0
-0
-0
-0
-0
-0
-0
-0
-0
-0
-0
-0
23.2615
-0
2.38043
-0
-0
-0
-0
-0
-0
-0
-0
-0
-0
-0
-0
-0
-0
-0
-0
-0
-0
-0
-0
-0
-0
-0
5.7515
-0
-0
-0
-0
-0
-0
-0
-0
-0
-0
24.765
-0
-0
-0
-0
7.91653
-0
18.7436
-0
-0
-0
-0
-0
-0
9.89762
5.26714
-0
-0
-0
-0
-0
-0
-0
-0
-0
-0
9.18443
-0
2.97555
-0
14.906
-0
-0
38.2308
-0
-0
-0
-0
-0
36.8084
-0
-0
9.38862
-0
5.21546
14.3968
-0
-0
-0
0.0165092
-0
-0
-0
0.261137
-0
-0
-0
-0
40.4108
-0
-0
-0
-0
-0
-0
-0
-0
-0
-0
-0
-0
-0
-0
5.68275
-0
-0
-0
12.4799
14.1462
-0
-0
-0
-0
-0
4.44342
-0
-0
-0
1.22817
-0
-0
-0
-0
22.8301
-0
-0
-0
30.8975
2.73592
2.83958
-0
-0
-0
-0
-0
22.0656
0.154221
10.8492
-0
-0
-0
-0
-0
-0
-0
-0
1.19949
-0
-0
31.1065
9.68033
-0
-0
-0
-0
-0
-0
-0
-0
-0
-0
32.2247
-0
-0
-0
-0
-0
-0
8.42505
-0
-0
-0
39.5601
10.5311
-0
-0
-0
-0
8.17565
2.70291
-0
-0
-0
-0
28.1676
-0
-0
-0
11.9248
16.7817
21.689
-0
-0
7.69045
-0
19.3161
1.14167
-0
12.8932
-0
27.3115
-0
-0
-0
-0
-0
4.27929
-0
-0
-0
-0
-0
-0
-0
13.2462
-0
-0
-0
18.9389
-0
-0
-0
-0
-0
-0
-0
3.32114
-0
36.5068
-0
-0
-0
-0
-0
-0
-0
2.30626
-0
-0
12.7151
-0
-0
-0
-0
-0
-0
-0
-0
-0
-0
-0
-0
-0
-0
-0
-0
-0
-0
-0
4.92734
-0
-0
-0
4.35336
-0
-0
25.408
-0
-0
-0
-0
12.9668
-0
1.62642
-0
-0
-0
17.4302
-0
-0
-0
-0
11.7286
-0
-0
-0
-0
40.3536
-0
-0
-0
-0
-0
6.30668
-0
-0
-0
-0
22.4258
-0
14.5013
-0
-0
-0
-0
-0
-0
-0
-0
12.7469
-0
-0
-0
8.46378
-0
-0
-0
-0
17.3727
0.929852
-0
-0
-0
-0
-0
-0
16.611
-0
2.05262
-0
-0
-0
-0
2.82875
-0
-0
13.5679
-0
5.65946
7.79346
-0
-0
4.89251
-0
-0
-0
-0
6.53155
-0
17.6884
-0
-0
-0
10.6971
-0
-0
2.03331
-0
-0
-0
6.57962
21.9028
13.2939
-0
3.98087
-0
-0
-0
-0
-0
-0
21.4639
-0
12.7838
-0
-0
13.7558
-0
-0
-0
62.9626
-0
-0
-0
-0
-0
-0
29.0754
-0
-0
-0
-0
-0
-0
-0
-0
-0
-0
-0
-0
-0
-0
15.198
-0
-0
-0
-0
-0
0.93948
-0
-0
-0
30.965
-0
-0
-0
-0
-0
18.2073
-0
-0
-0
-0
-0
-0
4.83241
-0
-0
-0
22.0795
-0
-0
-0
-0
-0
-0
-0
-0
0.594936
-0
-0
-0
1.44397
6.20641
-0
-0
-0
-0
-0
34.1814
-0
-0
-0
-0
-0
-0
35.1505
-0
-0
11.6401
-0
-0
-0
-0
-0
-0
-0
-0
27.2504
-0
-0
-0
-0
-0
-0
3.95421
-0
-0
-0
-0
-0
-0
-0
-0
-0
3.86785
-0
-0
31.891
-0
-0
-0
0.987259
-0
-0
25.7497
-0
3.29758
-0
-0
-0
0.0419627
-0
-0
-0
-0
-0
-0
-0
41.301
-0
-0
-0
39.5459
-0
-0
-0
-0
1.47285
-0
-0
-0
13.4237
10.8353
0.20657
-0
-0
-0
6.68988
5.1054
3.02344
4.27005
-0
-0
-0
-0
-0
-0
-0
-0
-0
-0
-0
-0
-0
-0
-0
-0
-0
-0
14.3961
53.7852
-0
5.37843
-0
-0
-0
-0
-0
-0
-0
-0
-0
-0
-0
-0
-0
-0
-0
37.2326
-0
-0
-0
-0
-0
-0
-0
-0
-0
7.2397
-0
4.85643
-0
8.89252
-0
-0
45.0995
-0
8.78097
-0
-0
2.74729
-0
-0
23.7126
-0
-0
-0
-0
-0
53.6441
33.8554
-0
-0
-0
-0
-0
-0
-0
44.7583
27.8016
-0
-0
10.6383
-0
-0
32.3357
-0
-0
1.41737
42.067
-0
-0
-0
-0
5.78799
-0
-0
28.0216
-0
0.505092
-0
-0
-0
-0
-0
-0
-0
-0
17.2248
-0
-0
-0
-0
-0
-0
-0
-0
-0
1.7419
-0
-0
9.60034
9.89183
-0
-0
-0
-0
-0
-0
33.3282
3.8068
-0
-0
-0
6.48313
-0
-0
7.13653
6.48338
-0
-0
-0
-0
14.1524
36.7939
-0
-0
-0
-0
-0
-0
-0
-0
-0
-0
-0
-0
7.01975
9.04535
-0
14.7441
-0
-0
-0
-0
6.08502
28.6096
-0
17.569
-0
-0
6.80682
27.9561
-0
-0
-0
14.9233
1.82478
-0
33.2271
12.6735
-0
-0
-0
-0
-0
-0
14.961
-0
22.0399
-0
-0
-0
-0
-0
-0
-0
3.38219
9.4221
-0
-0
-0
2.02845
-0
-0
-0
33.4303
-0
-0
-0
14.2433
-0
-0
-0
-0
-0
-0
-0
-0
-0
-0
-0
-0
-0
-0
-0
-0
-0
-0
5.64137
-0
-0
18.7376
-0
-0
-0
-0
-0
15.9619
-0
7.13508
-0
-0
-0
-0
3.94811
19.3131
-0
-0
-0
-0
-0
-0
-0
-0
-0
-0
-0
-0
-0
-0
-0
12.7196
-0
0.646818
-0
-0
-0
-0
-0
-0
34.3296
-0
-0
-0
-0
-0
13.7676
-0
1.45072
-0
-0
5.84496
-0
-0
17.1855
-0
37.374
-0
-0
-0
-0
-0
-0
-0
17.2175
-0
-0
43.0447
-0
-0
-0
-0
-0
-0
-0
-0
3.56231
-0
-0
-0
-0
-0
-0
6.20058
-0
-0
-0
-0
-0
24.7467
44.7888
-0
8.19279
-0
-0
-0
-0
-0
-0
-0
-0
-0
-0
-0
5.10602
-0
-0
-0
-0
-0
-0
-0
1.64244
-0
-0
24.307
-0
-0
-0
-0
23.8629
13.0218
-0
-0
-0
-0
-0
-0
-0
-0
-0
-0
-0
-0
19.6405
10.7366
-0
-0
-0
-0
-0
16.3238
-0
-0
-0
-0
-0
-0
-0
-0
-0
6.07703
-0
-0
-0
-0
-0
27.3229
-0
-0
40.3335
4.39662
-0
6.19063
-0
-0
7.50557
46.996
-0
-0
-0
-0
-0
-0
-0
14.6075
-0
2.57128
6.38284
-0
9.25814
-0
-0
-0
-0
20.4845
13.4591
-0
-0
-0
-0
-0
-0
-0
-0
-0
-0
-0
-0
-0
-0
-0
-0
-0
-0
-0
-0
-0
-0
-0
-0
-0
-0
-0
-0
-0
-0
4.44574
-0
-0
5.2851
-0
-0
-0
-0
-0
-0
-0
-0
-0
-0
-0
-0
-0
19.2262
-0
-0
-0
5.07314
-0
-0
-0
-0
-0
-0
-0
-0
-0
-0
-0
-0
-0
-0
-0
-0
-0
-0
-0
-0
-0
41.3441
-0
-0
23.3019
6.73643
-0
-0
-0
-0
-0
-0
43.9396
12.9125
-0
-0
-0
-0
-0
-0
-0
-0
-0
-0
46.8299
-0
-0
-0
-0
-0
-0
17.9607
-0
-0
-0
12.9605
11.6518
-0
-0
-0
-0
3.35685
-0
1.63351
-0
-0
-0
26.7426
7.98548
22.5584
16.307
-0
1.93498
12.0254
-0
-0
-0
-0
18.2739
-0
-0
39.9334
-0
-0
-0
43.1253
-0
35.5708
-0
-0
-0
-0
-0
-0
58.3972
0.0835963
-0
-0
-0
12.489
-0
-0
-0
-0
-0
-0
-0
-0
-0
-0
31.763
-0
-0
-0
1.19645
0.494649
20.3437
-0
-0
-0
-0
-0
-0
-0
-0
-0
21.6712
-0
-0
-0
-0
32.643
-0
-0
-0
-0
-0
15.6057
26.2205
-0
-0
-0
-0
-0
-0
-0
-0
20.6103
-0
-0
-0
-0
-0
-0
-0
8.99695
-0
-0
-0
-0
-0
-0
23.013
-0
9.97953
-0
-0
-0
-0
-0
-0
-0
-0
-0
-0
-0
-0
-0
15.0438
-0
-0
3.03513
-0
20.5766
-0
-0
-0
-0
-0
-0
11.8701
-0
-0
-0
29.5439
8.60409
-0
-0
25.3865
-0
0.48178
-0
-0
-0
18.2413
-0
19.5384
6.73269
-0
-0
-0
20.8416
-0
-0
-0
-0
-0
-0
-0
-0
-0
-0
-0
-0
36.3561
-0
-0
-0
-0
-0
-0
-0
-0
-0
-0
-0
-0
-0
10.6195
10.2385
-0
-0
-0
-0
-0
-0
-0
-0
-0
-0
-0
-0
0.177234
-0
-0
-0
8.28929
19.8795
-0
-0
-0
39.5848
-0
-0
8.92086
-0
-0
-0
-0
-0
-0
-0
-0
-0
-0
-0
-0
-0
-0
0.186731
-0
-0
-0
-0
-0
-0
-0
-0
4.37862
-0
-0
-0
-0
21.3305
16.3553
-0
-0
13.9928
-0
-0
-0
-0
9.60557
-0
-0
5.17975
37.8368
-0
6.00141
29.1538
-0
-0
-0
-0
-0
-0
-0
-0
-0
-0
-0
47.0007
-0
-0
14.6269
-0
-0
-0
10.524
-0
-0
-0
-0
-0
-0
-0
-0
26.0332
-0
-0
-0
-0
-0
-0
22.5116
5.33789
16.7375
-0
-0
21.4345
0.409395
-0
-0
-0
14.5216
-0
-0
-0
-0
26.3132
-0
18.9795
-0
-0
-0
11.4505
-0
25.1421
-0
-0
-0
-0
24.7197
-0
-0
-0
-0
-0
-0
-0
10.7952
-0
25.3948
-0
6.38486
-0
-0
-0
-0
-0
-0
-0
-0
1.33828
5.208
-0
2.46127
-0
-0
-0
-0
-0
45.8816
-0
-0
-0
-0
-0
18.6856
-0
-0
-0
7.9287
50.1599
-0
-0
19.2994
-0
-0
-0
-0
-0
-0
-0
-0
-0
-0
-0
-0
-0
-0
-0
-0
18.8187
-0
-0
-0
23.22
-0
-0
-0
-0
-0
16.8992
-0
-0
-0
-0
-0
18.3108
-0
-0
-0
-0
-0
46.8888
-0
-0
-0
-0
7.87115
-0
10.2674
-0
10.8126
-0
-0
-0
30.1971
-0
-0
37.6497
-0
-0
-0
-0
-0
-0
-0
18.8395
-0
9.05154
-0
-0
1.18961
-0
-0
-0
-0
-0
-0
-0
-0
-0
-0
-0
-0
-0
20.5462
-0
-0
-0
-0
-0
12.8573
-0
-0
-0
-0
-0
17.8356
-0
-0
-0
-0
-0
-0
-0
-0
-0
14.9064
11.1522
27.9544
-0
-0
-0
-0
-0
-0
5.90577
-0
-0
-0
-0
-0
47.1174
-0
10.7375
-0
-0
10.2853
-0
-0
-0
-0
-0
-0
-0
-0
9.40736
-0
-0
13.1006
-0
-0
8.16049
-0
0.911239
-0
-0
-0
-0
-0
-0
-0
-0
-0
-0
-0
15.3305
-0
-0
-0
-0
-0
19.2111
-0
-0
-0
-0
-0
-0
-0
-0
-0
-0
-0
-0
-0
27.1722
10.7245
-0
-0
-0
-0
-0
-0
-0
-0
-0
-0
-0
-0
11.1558
-0
11.4911
-0
-0
-0
-0
-0
-0
-0
-0
11.5166
-0
-0
-0
-0
-0
9.15321
-0
-0
17.6917
-0
-0
-0
-0
-0
19.9822
2.29588
-0
-0
39.1417
-0
19.5337
39.9373
8.2322
3.10912
-0
-0
-0
-0
-0
-0
-0
-0
-0
-0
50.737
-0
-0
-0
-0
-0
-0
-0
-0
52.6403
45.296
-0
-0
2.82289
-0
-0
-0
-0
-0
-0
13.4964
-0
13.3087
-0
-0
-0
-0
24.4556
-0
-0
-0
29.2775
-0
-0
-0
46.3974
-0
-0
-0
34.7799
-0
-0
3.0099
-0
8.72722
-0
-0
1.01023
-0
-0
-0
-0
-0
-0
-0
-0
10.0294
-0
33.2874
-0
-0
-0
-0
-0
-0
-0
16.4396
-0
-0
-0
-0
-0
-0
10.1244
-0
-0
-0
-0
10.8795
-0
12.3807
42.6015
42.7592
20.3094
5.70407
-0
-0
18.248
-0
-0
-0
11.6577
-0
8.48248
-0
-0
-0
-0
-0
-0
16.1168
-0
-0
-0
-0
-0
45.0812
15.6939
-0
-0
-0
-0
9.62269
-0
-0
-0
-0
1.01803
-0
43.664
-0
-0
-0
-0
0.626726
-0
-0
-0
-0
-0
44.7183
-0
-0
39.5325
-0
-0
-0
-0
7.64184
-0
10.8566
21.3352
-0
-0
-0
-0
-0
-0
-0
-0
8.76055
-0
18.891
-0
-0
-0
0.0759372
-0
-0
60.8757
14.869
-0
-0
-0
-0
-0
-0
-0
9.12128
-0
1.76409
-0
-0
-0
-0
-0
-0
-0
25.8008
-0
-0
-0
-0
47.7353
-0
-0
-0
-0
-0
-0
-0
-0
-0
-0
-0
-0
-0
-0
-0
-0
-0
23.5835
0.543455
13.7345
-0
53.8944
-0
-0
-0
-0
-0
-0
-0
-0
-0
-0
-0
-0
-0
-0
-0
-0
-0
-0
-0
-0
-0
-0
20.7146
9.01641
-0
-0
-0
-0
26.7716
-0
-0
-0
-0
-0
-0
29.1564
9.96881
23.5502
10.4413
27.3446
6.65763
-0
-0
-0
-0
-0
37.8844
72.2119
-0
13.529
-0
-0
-0
-0
14.9393
-0
-0
-0
-0
-0
-0
-0
-0
12.8173
-0
-0
-0
-0
-0
-0
-0
-0
-0
-0
-0
-0
-0
-0
43.5437
-0
-0
-0
-0
-0
-0
-0
-0
22.5049
2.54536
-0
27.7583
-0
-0
-0
-0
-0
-0
-0
36.8062
1.78413
22.8762
11.7489
5.11967
-0
-0
-0
-0
-0
17.7574
-0
-0
-0
-0
33.9336
-0
-0
-0
-0
-0
-0
19.5822
-0
-0
-0
3.59961
-0
-0
-0
-0
-0
-0
-0
-0
3.01853
-0
-0
-0
-0
41.0573
-0
-0
-0
-0
-0
-0
-0
-0
-0
16.1988
-0
-0
-0
12.4063
-0
15.1078
25.3098
48.6015
-0
23.005
-0
-0
-0
-0
34.6431
-0
-0
-0
-0
-0
-0
-0
-0
-0
-0
-0
-0
-0
-0
-0
-0
-0
-0
-0
15.4687
-0
-0
-0
-0
-0
-0
-0
-0
22.4144
-0
-0
-0
-0
-0
23.1961
-0
-0
-0
-0
-0
-0
6.60221
-0
-0
-0
-0
-0
5.89531
-0
22.5462
-0
-0
-0
-0
0.778181
7.11282
-0
-0
-0
25.0135
-0
-0
23.4004
-0
-0
-0
-0
-0
-0
-0
13.7249
7.98359
10.9923
-0
-0
1.04995
-0
-0
-0
-0
-0
-0
-0
-0
-0
-0
-0
-0
-0
-0
14.964
-0
-0
-0
-0
7.9062
-0
-0
-0
-0
-0
-0
-0
-0
14.9942
-0
-0
-0
-0
-0
-0
-0
23.0998
-0
17.9615
-0
-0
-0
-0
-0
-0
3.60357
-0
21.453
-0
-0
10.3742
20.7171
-0
-0
-0
0.91481
23.853
-0
-0
-0
-0
-0
-0
-0
-0
53.1782
-0
-0
-0
36.893
-0
9.25237
-0
-0
-0
15.9777
-0
-0
-0
3.71087
19.4365
-0
-0
-0
-0
-0
-0
-0
-0
-0
-0
-0
-0
-0
-0
23.4422
-0
-0
-0
-0
-0
-0
-0
39.8905
16.8149
-0
14.2202
18.2943
15.5704
-0
-0
-0
-0
-0
14.7868
9.61952
8.83529
-0
-0
-0
8.79292
-0
-0
-0
-0
-0
-0
-0
-0
-0
-0
-0
16.6803
42.8661
12.8258
-0
-0
-0
-0
-0
-0
16.6997
-0
-0
-0
-0
-0
-0
-0
-0
-0
5.47313
-0
-0
16.1948
-0
-0
-0
-0
-0
-0
-0
-0
-0
-0
5.17494
-0
-0
50.9914
-0
-0
-0
-0
-0
-0
-0
-0
-0
-0
-0
-0
3.44826
-0
-0
-0
1.65871
-0
-0
-0
-0
-0
-0
30.1354
-0
-0
-0
-0
-0
-0
-0
-0
11.4285
-0
-0
-0
-0
-0
-0
-0
-0
-0
-0
13.7061
1.1062
2.47846
-0
-0
0.37835
2.45002
-0
-0
9.23976
4.07456
-0
13.0581
-0
-0
-0
-0
-0
45.9218
-0
-0
-0
-0
-0
-0
-0
-0
-0
-0
-0
-0
-0
-0
21.91
-0
-0
14.5093
-0
-0
-0
4.90458
-0
-0
-0
-0
-0
-0
-0
-0
-0
-0
-0
-0
-0
-0
-0
-0
6.55885
34.1259
-0
-0
-0
-0
-0
-0
-0
7.46384
-0
1.98751
-0
-0
-0
-0
3.88273
-0
-0
18.2014
-0
-0
-0
-0
-0
-0
-0
-0
10.8425
-0
-0
-0
-0
-0
-0
-0
-0
-0
-0
-0
-0
-0
-0
15.4856
2.45843
-0
-0
-0
-0
-0
-0
-0
-0
-0
23.7344
-0
47.5296
46.8548
-0
-0
-0
27.522
-0
-0
-0
-0
-0
-0
-0
-0
-0
20.0923
-0
-0
-0
28.8276
-0
-0
-0
-0
16.5405
-0
20.2477
-0
0.520386
27.1796
-0
-0
13.2885
-0
-0
-0
2.53975
-0
-0
8.91412
-0
-0
3.08293
-0
-0
-0
-0
-0
-0
-0
-0
-0
-0
-0
-0
-0
-0
24.9656
-0
-0
-0
-0
4.2645
-0
21.8751
-0
-0
-0
-0
10.7872
-0
-0
-0
-0
-0
-0
-0
11.753
-0
-0
-0
-0
-0
-0
-0
-0
-0
-0
-0
-0
15.7433
-0
4.83497
-0
-0
15.8499
15.473
0.495833
-0
-0
13.9402
4.34107
-0
-0
-0
-0
-0
-0
-0
-0
-0
-0
-0
28.0527
-0
-0
-0
3.18719
-0
-0
13.0991
-0
-0
-0
-0
-0
-0
-0
-0
35.0548
-0
-0
36.7176
-0
-0
-0
-0
-0
8.55714
-0
-0
16.866
-0
-0
-0
-0
-0
-0
-0
-0
-0
-0
-0
-0
-0
-0
8.73799
44.17
-0
-0
-0
-0
-0
-0
-0
-0
-0
-0
-0
-0
-0
-0
-0
47.3027
22.2528
-0
-0
-0
-0
11.2489
21.2247
-0
-0
-0
-0
5.32379
-0
-0
-0
-0
-0
-0
-0
-0
-0
-0
-0
-0
17.883
49.8166
-0
-0
-0
-0
14.7616
37.2864
-0
-0
29.8082
-0
-0
0.289423
-0
-0
-0
-0
-0
29.2303
-0
-0
-0
21.3298
-0
-0
-0
-0
-0
15.2155
-0
-0
-0
-0
-0
-0
-0
-0
-0
-0
24.2109
-0
-0
14.9754
-0
-0
-0
-0
-0
-0
-0
-0
-0
-0
-0
-0
2.66746
-0
-0
-0
-0
-0
-0
-0
1.45193
0.0264356
-0
-0
12.1094
-0
10.4527
-0
10.545
-0
-0
-0
-0
-0
-0
-0
2.79108
-0
-0
15.5992
-0
-0
23.8661
-0
-0
-0
-0
14.4714
-0
-0
-0
-0
-0
-0
9.85907
-0
-0
-0
-0
-0
-0
-0
-0
-0
-0
-0
-0
-0
-0
-0
-0
-0
-0
5.5008
-0
-0
9.41309
26.45
46.8979
-0
17.3662
-0
-0
-0
-0
-0
-0
-0
1.5414
-0
-0
-0
-0
-0
21.3195
-0
-0
-0
-0
-0
-0
-0
31.0401
-0
-0
-0
-0
44.7702
-0
-0
-0
-0
2.76243
-0
-0
-0
-0
-0
-0
-0
-0
-0
3.28071
-0
-0
-0
-0
24.4162
-0
-0
1.16058
1.90292
-0
-0
0.763743
-0
-0
-0
-0
-0
-0
-0
-0
20.0159
-0
-0
-0
-0
-0
-0
-0
-0
-0
-0
-0
-0
-0
-0
13.2653
-0
7.04624
-0
-0
-0
-0
-0
-0
-0
-0
-0
-0
-0
-0
-0
-0
17.2585
13.8336
-0
-0
-0
8.33566
-0
-0
-0
-0
5.12935
30.5247
35.7655
-0
-0
-0
-0
-0
-0
-0
-0
-0
-0
-0
-0
2.80262
-0
-0
2.05501
22.8052
7.85392
10.0977
-0
-0
-0
-0
-0
0.0238905
-0
-0
-0
-0
-0
13.9762
1.15776
-0
-0
-0
-0
-0
-0
-0
-0
-0
-0
-0
-0
-0
3.20972
-0
-0
-0
20.4479
-0
34.8013
-0
6.19278
-0
-0
-0
-0
-0
-0
-0
-0
5.29315
-0
0.653334
-0
50.6483
-0
-0
-0
-0
-0
-0
-0
4.22924
-0
-0
-0
22.5853
24.3337
2.7249
-0
-0
-0
-0
9.77797
-0
-0
11.0637
-0
-0
-0
-0
-0
6.45937
-0
-0
-0
-0
-0
-0
10.438
-0
-0
-0
-0
-0
-0
-0
-0
3.1273
-0
-0
12.3828
-0
-0
-0
-0
-0
-0
-0
-0
-0
-0
-0
-0
0.00965238
-0
-0
9.71516
-0
9.15305
21.6535
-0
-0
9.56124
9.15812
-0
-0
-0
-0
0.375279
-0
-0
-0
-0
-0
-0
-0
-0
-0
28.8855
-0
-0
-0
-0
-0
3.7232
-0
-0
-0
-0
-0
37.5748
-0
-0
-0
-0
-0
-0
-0
-0
8.048
-0
-0
18.6053
2.7074
-0
3.50051
-0
9.23287
-0
-0
-0
35.2953
-0
-0
-0
-0
-0
-0
-0
-0
-0
10.2426
-0
-0
-0
-0
9.90244
-0
10.0978
-0
-0
-0
-0
-0
-0
-0
-0
-0
10.1811
10.5629
-0
16.6494
-0
23.9786
-0
-0
-0
-0
-0
-0
-0
-0
-0
-0
-0
-0
9.78823
2.87571
-0
38.4022
-0
41.601
-0
-0
-0
-0
-0
-0
-0
11.3398
-0
6.56099
16.1309
-0
-0
-0
-0
19.0568
0.135226
8.26291
-0
39.6199
-0
-0
-0
-0
-0
19.6703
-0
-0
-0
-0
-0
-0
-0
-0
-0
-0
-0
5.2633
1.04173
-0
-0
-0
-0
-0
18.1821
-0
-0
40.1498
18.3527
-0
-0
-0
-0
-0
9.7154
7.2462
-0
-0
-0
-0
-0
-0
-0
-0
-0
-0
-0
17.6561
16.3654
-0
-0
-0
-0
-0
-0
-0
-0
-0
-0
-0
11.1777
-0
2.16373
-0
12.5335
7.33504
-0
-0
-0
-0
-0
-0
-0
34.1506
-0
-0
-0
-0
-0
-0
-0
23.5606
-0
-0
-0
-0
-0
48.6288
-0
-0
-0
-0
-0
16.1365
-0
0.961036
-0
43.911
-0
-0
-0
-0
-0
-0
6.67293
-0
-0
-0
-0
-0
-0
-0
-0
34.2713
3.48883
-0
-0
-0
-0
-0
-0
-0
38.2506
-0
-0
-0
-0
-0
-0
39.6651
4.73637
0.84215
-0
-0
0.250214
33.0567
-0
-0
-0
-0
-0
13.8034
-0
-0
1.37112
-0
-0
-0
-0
-0
-0
1.94598
-0
-0
-0
22.2446
-0
-0
-0
-0
-0
29.7768
-0
-0
-0
-0
-0
-0
-0
-0
7.63377
-0
0.14513
-0
-0
-0
-0
23.7621
-0
-0
-0
-0
14.9935
-0
-0
-0
-0
-0
-0
-0
-0
43.6877
-0
21.8702
27.2007
-0
25.254
-0
-0
-0
-0
-0
-0
-0
-0
33.593
-0
-0
-0
-0
12.0993
26.3433
-0
-0
-0
-0
-0
-0
-0
-0
-0
-0
-0
-0
0.442265
-0
11.8994
-0
-0
-0
36.6143
-0
19.5472
-0
-0
-0
-0
15.2267
18.5685
-0
-0
-0
-0
-0
-0
11.0759
-0
-0
-0
-0
-0
-0
47.8404
-0
-0
-0
-0
-0
-0
-0
-0
3.88454
-0
-0
-0
-0
31.2186
-0
19.2781
-0
10.3913
12.9272
44.8753
-0
-0
14.985
-0
-0
-0
-0
-0
49.9852
-0
-0
-0
-0
-0
-0
-0
-0
-0
-0
-0
-0
-0
-0
-0
-0
-0
-0
-0
2.32925
-0
-0
-0
-0
-0
6.42816
-0
-0
4.71301
-0
-0
13.1836
-0
-0
-0
14.4758
-0
-0
-0
-0
-0
31.056
17.4073
-0
-0
36.8636
12.6363
-0
-0
5.04575
10.542
-0
-0
3.60508
-0
-0
-0
15.2221
2.66351
-0
-0
-0
13.442
-0
-0
-0
-0
-0
-0
-0
-0
-0
-0
-0
-0
-0
-0
-0
-0
7.10372
-0
-0
-0
-0
-0
-0
3.16238
-0
-0
-0
-0
-0
-0
-0
26.0722
-0
13.069
-0
-0
29.0586
9.94741
-0
-0
-0
-0
-0
-0
-0
-0
-0
-0
-0
-0
1.25132
-0
-0
-0
-0
-0
-0
22.5123
-0
-0
-0
1.96519
-0
28.2401
3.18048
-0
-0
-0
-0
-0
-0
-0
20.6352
-0
-0
-0
16
-0
41.1692
-0
-0
-0
-0
39.7187
-0
-0
-0
-0
-0
-0
-0
-0
-0
-0
-0
9.57721
-0
21.7296
-0
-0
-0
-0
20.1904
67.4701
-0
-0
-0
-0
-0
18.6171
33.8894
-0
4.86677
-0
24.6481
-0
-0
27.8149
-0
-0
-0
-0
-0
-0
-0
5.3791
-0
-0
-0
-0
-0
4.86214
10.667
-0
-0
-0
-0
-0
-0
-0
-0
-0
-0
15.3729
-0
-0
-0
-0
-0
-0
-0
-0
8.96877
-0
-0
-0
-0
10.4457
-0
-0
-0
-0
-0
-0
-0
-0
-0
-0
-0
-0
-0
-0
-0
9.74349
18.0511
-0
-0
-0
31.0854
4.62556
9.06364
-0
-0
-0
10.374
-0
-0
-0
-0
4.43076
-0
-0
-0
-0
-0
8.47958
28.1769
-0
-0
-0
-0
-0
-0
-0
16.6617
-0
-0
-0
11.0203
-0
-0
-0
-0
8.08371
-0
-0
20.3089
-0
-0
2.73472
41.1888
-0
-0
-0
-0
6.43111
35.0549
26.1073
-0
-0
-0
-0
-0
4.11463
-0
-0
16.3646
-0
15.0798
-0
-0
-0
4.68938
6.3514
-0
-0
-0
-0
9.65184
-0
-0
-0
-0
-0
-0
24.3538
-0
-0
-0
-0
-0
-0
-0
-0
-0
-0
-0
-0
-0
22.136
-0
-0
20.093
-0
-0
-0
-0
-0
-0
-0
-0
-0
-0
-0
-0
-0
-0
-0
-0
-0
-0
-0
-0
-0
-0
-0
-0
-0
-0
-0
-0
-0
9.66264
-0
-0
-0
-0
-0
-0
-0
-0
-0
-0
-0
-0
-0
42.0642
-0
-0
-0
2.00132
-0
-0
20.4824
34.4359
-0
-0
24.1206
-0
36.5118
-0
-0
3.53062
-0
-0
31.0651
-0
-0
2.90526
28.9524
-0
11.3765
-0
-0
-0
-0
-0
-0
-0
-0
5.54556
-0
-0
-0
-0
-0
-0
-0
-0
10.5152
-0
-0
-0
26.3347
-0
-0
7.14599
-0
-0
-0
-0
-0
-0
-0
-0
19.1592
-0
-0
-0
-0
-0
-0
-0
-0
-0
-0
-0
-0
-0
-0
6.67706
32.0769
2.00422
-0
2.20329
-0
-0
-0
-0
-0
-0
-0
-0
-0
-0
1.23696
-0
-0
-0
