2.50272
-0
-0
-0
-0
-0
-0
-0
-0
-0
34.2484
-0
-0
-0
-0
35.5355
-0
-0
4.33093
-0
-0
-0
-0
2.37104
3.08051
-0
26.9635
8.70091
-0
-0
-0
-0
-0
-0
0.667119
-0
-0
-0
-0
-0
0.527925
-0
-0
-0
-0
-0
-0
2.92775
-0
-0
-0
-0
0.434299
-0
0.0527847
-0
-0
-0
12.3247
20.7575
-0
-0
-0
-0
13.1208
-0
19.6978
-0
-0
1.44843
-0
-0
-0
-0
-0
-0
-0
6.76895
-0
7.96949
-0
52.2165
-0
-0
-0
-0
-0
-0
-0
-0
-0
-0
-0
-0
-0
-0
-0
-0
-0
-0
-0
-0
-0
-0
0.784228
-0
11.9821
-0
-0
-0
16.7477
-0
-0
-0
-0
-0
8.14371
-0
44.4118
-0
6.82755
-0
-0
-0
-0
-0
-0
13.8673
-0
-0
-0
11.9122
-0
-0
-0
-0
-0
-0
-0
29.4086
-0
-0
-0
-0
11.9432
-0
-0
-0
-0
-0
-0
-0
-0
32.2901
-0
-0
69.6801
-0
-0
2.52634
-0
-0
-0
36.278
32.0456
-0
-0
17.6551
-0
47.1185
-0
25.1673
-0
-0
-0
-0
-0
-0
-0
4.37807
-0
-0
-0
-0
-0
27.0942
-0
-0
8.59977
-0
0.941367
-0
6.98241
23.6007
-0
-0
-0
-0
8.85119
-0
-0
-0
1.29079
-0
-0
-0
-0
-0
1.62951
-0
-0
-0
68.3532
-0
-0
13.4343
11.6164
-0
-0
-0
-0
-0
-0
-0
-0
-0
-0
-0
-0
7.86324
-0
1.85746
-0
-0
-0
-0
-0
-0
-0
-0
-0
-0
-0
-0
-0
5.81668
-0
-0
12.2762
-0
-0
-0
-0
10.5022
-0
-0
-0
-0
4.04188
-0
2.28073
10.7685
-0
-0
-0
-0
59.9213
-0
-0
-0
-0
33.0977
-0
19.2503
-0
-0
-0
-0
-0
0.352636
-0
9.01611
-0
29.6351
-0
-0
-0
-0
-0
-0
-0
-0
-0
-0
-0
-0
27.2565
-0
-0
25.3692
-0
-0
-0
-0
-0
45.4629
-0
-0
28.4118
-0
31.1104
9.80686
-0
-0
-0
0.37716
-0
-0
-0
0.746691
-0
-0
-0
-0
6.78618
-0
-0
-0
-0
-0
-0
-0
-0
-0
-0
-0
-0
12.1891
-0
-0
-0
-0
-0
16.8488
27.005
-0
-0
-0
-0
-0
-0
-0
-0
-0
-0
-0
-0
-0
-0
6.34815
-0
-0
-0
31.576
1.43627
2.13946
-0
-0
-0
-0
-0
14.6194
0.321677
-0
-0
-0
-0
-0
-0
-0
-0
13.5183
0.193712
-0
-0
6.37742
12.2113
-0
-0
-0
-0
-0
-0
-0
-0
-0
-0
16.6087
-0
-0
-0
12.0532
-0
-0
7.60055
-0
-0
-0
38.9924
-0
-0
-0
-0
-0
-0
-0
-0
-0
-0
-0
26.9499
-0
-0
-0
20.438
3.95495
-0
-0
-0
-0
-0
13.7385
-0
-0
-0
-0
10.8132
-0
-0
-0
-0
-0
-0
-0
-0
43.8877
-0
-0
-0
-0
27.2286
-0
-0
-0
28.9348
-0
-0
3.3234
-0
-0
-0
-0
-0
-0
6.30591
-0
-0
-0
14.6893
-0
-0
-0
-0
-0
-0
16.795
-0
-0
-0
-0
-0
-0
-0
-0
-0
2.64978
-0
12.1049
-0
-0
-0
-0
-0
18.1755
-0
27.9046
-0
-0
-0
13.166
-0
-0
35.1146
-0
-0
-0
-0
-0
-0
1.65303
-0
-0
-0
20.2493
-0
14.0481
-0
-0
12.6178
-0
2.14396
-0
-0
27.0785
-0
-0
-0
-0
-0
-0
-0
-0
-0
-0
39.719
-0
27.8876
-0
-0
-0
-0
-0
-0
-0
-0
11.4119
-0
-0
0.0559698
4.41111
-0
-0
-0
-0
-0
-0
-0
-0
-0
-0
-0
-0
-0
-0
2.33711
-0
-0
-0
-0
-0
-0
-0
-0
-0
-0
-0
-0
-0
-0
-0
-0
-0
-0
3.49858
-0
48.0128
-0
13.4665
-0
-0
-0
-0
13.6078
-0
-0
-0
31.2608
26.8547
10.9733
-0
2.57553
-0
-0
-0
-0
-0
-0
47.5052
-0
34.8202
-0
-0
13.6844
-0
-0
-0
62.831
-0
-0
-0
-0
-0
-0
21.6083
-0
-0
-0
-0
-0
-0
-0
-0
-0
-0
-0
-0
-0
-0
17.1329
-0
-0
-0
-0
-0
-0
-0
-0
4.77309
53.439
3.61347
-0
-0
-0
-0
-0
-0
-0
-0
-0
-0
-0
17.5916
-0
3.82775
-0
-0
-0
-0
-0
-0
16.6854
-0
-0
-0
-0
-0
-0
-0
1.86481
-0
-0
-0
-0
-0
-0
6.75551
-0
-0
-0
-0
-0
-0
41.9908
-0
-0
23.2056
-0
-0
-0
-0
-0
-0
-0
-0
34.5684
-0
-0
-0
-0
-0
-0
11.831
-0
-0
-0
-0
-0
-0
-0
-0
-0
-0
-0
-0
5.73053
-0
-0
-0
-0
-0
-0
58.8273
-0
-0
-0
-0
-0
0.751426
-0
-0
-0
-0
-0
-0
-0
46.7644
-0
-0
-0
48.222
-0
-0
-0
-0
6.24946
-0
13.0542
-0
9.97434
-0
1.04735
-0
-0
1.0784
-0
3.64523
15.739
-0
-0
3.02272
-0
-0
-0
6.88311
-0
-0
-0
-0
-0
-0
11.7154
-0
-0
-0
-0
-0
-0
39.6517
-0
7.6986
-0
-0
-0
-0
14.2342
-0
-0
-0
12.0622
7.43451
-0
-0
-0
-0
-0
36.9575
-0
2.79637
-0
-0
-0
-0
-0
-0
-0
50.7092
-0
-0
-0
30.8975
-0
-0
28.7134
-0
13.9573
-0
-0
6.54475
11.3281
-0
44.2594
-0
-0
5.54284
-0
-0
32.693
39.6494
-0
1.93913
-0
-0
-0
-0
-0
48.737
21.1947
-0
-0
4.02343
-0
-0
18.1332
-0
-0
-0
27.2427
13.1649
-0
1.23754
-0
3.21442
-0
-0
5.06575
-0
-0
-0
-0
-0
-0
-0
-0
-0
-0
-0
-0
-0
-0
-0
-0
-0
-0
-0
-0
-0
-0
-0
14.7316
-0
-0
-0
-0
-0
-0
-0
35.2281
9.96428
-0
-0
-0
18.7064
-0
-0
-0
24.4833
-0
-0
-0
-0
16.5065
37.0115
-0
-0
-0
-0
-0
-0
-0
-0
-0
-0
-0
-0
2.46443
-0
-0
9.22547
-0
-0
-0
6.88946
9.61567
28.2299
-0
34.0681
-0
5.53358
-0
-0
-0
-0
-0
6.39949
-0
-0
25.4844
11.8417
-0
-0
-0
-0
-0
-0
15.5459
1.55845
-0
-0
-0
-0
-0
-0
-0
-0
-0
2.52635
-0
-0
-0
1.02867
-0
-0
-0
26.0305
-0
-0
28.3298
-0
-0
-0
-0
-0
-0
-0
-0
-0
-0
-0
-0
-0
-0
8.39408
-0
-0
-0
23.2199
0.996761
-0
-0
20.9415
-0
-0
-0
-0
-0
26.1382
-0
-0
-0
-0
-0
-0
-0
-0
-0
-0
-0
-0
-0
-0
-0
-0
-0
-0
36.2287
-0
-0
-0
-0
-0
-0
-0
-0
-0
-0
-0
-0
-0
25.4093
-0
-0
-0
-0
-0
6.94155
-0
5.06685
5.45157
-0
-0
-0
-0
13.4773
-0
22.1202
-0
-0
-0
-0
-0
-0
-0
22.5867
-0
-0
64.2962
-0
-0
-0
-0
-0
-0
-0
-0
-0
-0
-0
-0
9.5257
-0
-0
5.23145
-0
-0
-0
-0
-0
42.4416
34.6149
-0
-0
-0
-0
-0
-0
-0
-0
-0
-0
-0
-0
-0
0.0256659
-0
-0
-0
-0
-0
-0
-0
-0
-0
-0
33.3449
-0
-0
-0
-0
26.2038
15.8747
-0
-0
-0
-0
6.54175
-0
-0
-0
-0
-0
-0
-0
22.7679
9.76853
-0
-0
-0
-0
-0
1.70729
-0
-0
-0
-0
-0
-0
-0
-0
-0
-0
-0
-0
-0
-0
-0
27.1302
-0
-0
-0
-0
-0
15.4106
-0
-0
-0
27.0034
-0
-0
-0
-0
-0
-0
-0
21.1427
5.28404
9.7542
5.33028
-0
-0
-0
-0
14.5431
-0
30.0628
18.8414
-0
-0
-0
-0
-0
-0
-0
-0
-0
-0
-0
-0
-0
-0
-0
-0
-0
-0
-0
-0
42.242
-0
-0
-0
-0
-0
-0
-0
23.3403
-0
1.56645
-0
-0
-0
-0
-0
-0
-0
-0
-0
-0
-0
-0
-0
-0
-0
-0
34.0793
-0
-0
-0
6.93939
-0
-0
-0
-0
-0
-0
24.7067
-0
-0
-0
-0
-0
-0
-0
-0
-0
-0
-0
-0
-0
-0
26.3571
-0
5.25143
-0
10.5237
-0
-0
-0
-0
-0
-0
19.1726
20.3662
-0
-0
3.14134
-0
-0
-0
-0
-0
-0
-0
37.5436
-0
-0
-0
-0
7.54764
31.3631
11.8732
8.55254
-0
-0
29.5595
5.09076
-0
-0
19.2899
-0
20.8064
-0
17.3263
-0
-0
-0
31.1279
-0
7.85945
32.3779
-0
6.43264
14.428
-0
-0
-0
-0
37.823
-0
-0
31.6874
-0
-0
-0
39.8987
-0
12.3748
-0
-0
-0
-0
10.3552
-0
32.958
-0
-0
-0
-0
4.42481
-0
-0
-0
6.41805
-0
-0
-0
2.06145
-0
18.2012
-0
-0
-0
-0
28.845
0.886519
22.1669
-0
-0
-0
-0
-0
-0
-0
-0
-0
-0
-0
-0
-0
-0
54.1734
-0
-0
-0
-0
-0
26.5225
34.73
-0
-0
-0
-0
-0
-0
-0
-0
38.1168
-0
-0
-0
-0
-0
-0
-0
8.73486
-0
9.82147
-0
-0
5.72242
-0
28.3341
-0
17.0434
-0
-0
-0
-0
-0
-0
-0
-0
-0
-0
-0
2.58927
-0
13.3752
-0
-0
2.15259
-0
22.7065
-0
-0
-0
-0
-0
-0
-0
-0
-0
-0
29.49
-0
-0
5.59768
-0
-0
0.716611
-0
-0
-0
31.0904
-0
15.8738
27.1502
-0
-0
-0
-0
-0
-0
-0
-0
-0
-0
-0
-0
-0
-0
-0
-0
68.9299
-0
-0
-0
-0
-0
-0
-0
5.86441
-0
-0
-0
-0
-0
12.8041
6.65411
-0
-0
-0
-0
-0
-0
-0
-0
-0
-0
-0
-0
25.3583
-0
-0
-0
-0
29.9483
-0
-0
-0
38.186
-0
-0
8.17269
-0
-0
-0
-0
-0
-0
-0
-0
-0
-0
-0
-0
-0
-0
0.276511
-0
3.80341
-0
-0
-0
-0
-0
-0
-0
-0
-0
-0
-0
-0
38.7902
-0
-0
2.00855
-0
-0
-0
-0
-0
-0
-0
3.52294
16.478
-0
-0
12.2412
-0
-0
-0
-0
7.71498
-0
-0
-0
11.038
-0
-0
44.4085
-0
-0
12.0138
-0
-0
-0
15.7093
-0
-0
-0
-0
-0
-0
-0
-0
39.5887
-0
-0
-0
-0
-0
-0
-0
-0
-0
-0
-0
16.0026
14.1988
-0
-0
-0
11.9575
11.4868
-0
-0
-0
9.53749
-0
-0
-0
-0
-0
35.7815
-0
2.23508
-0
-0
-0
-0
21.1641
-0
-0
-0
-0
-0
-0
-0
-0
-0
32.6008
-0
5.79703
-0
-0
-0
-0
-0
-0
-0
-0
15.4338
-0
-0
10.1554
-0
-0
-0
-0
-0
5.20158
-0
-0
-0
-0
-0
23.4651
-0
-0
-0
6.62297
35.4192
-0
-0
4.56741
-0
-0
-0
10.4461
-0
-0
-0
-0
-0
-0
19.8553
-0
-0
-0
-0
-0
45.8995
-0
-0
-0
8.28089
-0
-0
-0
26.0323
-0
-0
-0
-0
-0
-0
-0
21.3261
-0
12.6721
-0
-0
-0
17.1485
-0
-0
-0
10.7266
11.0396
-0
-0
-0
15.53
-0
-0
-0
36.0738
-0
5.48587
7.14793
-0
-0
-0
-0
-0
-0
1.9098
42.5076
-0
14.3251
-0
-0
1.6638
-0
-0
-0
28.1381
-0
-0
-0
-0
-0
-0
-0
-0
-0
3.15071
-0
-0
-0
-0
-0
21.1731
-0
-0
-0
-0
-0
6.26576
-0
-0
-0
-0
-0
-0
-0
-0
-0
-0
16.713
3.36656
-0
-0
-0
-0
-0
-0
3.80211
-0
-0
-0
-0
-0
27.434
-0
13.4125
-0
-0
13.3367
-0
-0
-0
-0
-0
-0
-0
-0
33.1317
-0
-0
30.6133
-0
-0
-0
-0
-0
-0
-0
-0
-0
-0
-0
-0
-0
-0
-0
-0
-0
-0
-0
-0
-0
-0
25.0154
-0
-0
-0
-0
-0
-0
-0
-0
-0
-0
-0
-0
-0
18.0476
13.1402
-0
-0
-0
-0
-0
-0
-0
-0
-0
-0
-0
-0
14.189
-0
-0
-0
-0
-0
-0
-0
-0
-0
-0
8.61455
-0
-0
-0
-0
-0
26.5331
-0
-0
-0
-0
-0
-0
-0
-0
33.6976
2.51983
-0
-0
38.3749
-0
6.6638
25.5879
5.86923
-0
-0
-0
-0
-0
7.13371
-0
-0
-0
-0
-0
43.4018
-0
-0
-0
-0
-0
-0
-0
-0
42.9606
66.8555
-0
-0
6.9586
-0
-0
-0
-0
-0
-0
28.7772
-0
0.125529
-0
-0
-0
-0
-0
-0
-0
-0
46.8642
-0
2.99886
-0
5.58998
-0
-0
6.22488
5.88411
-0
-0
-0
-0
-0
-0
3.47728
2.30507
-0
-0
-0
-0
-0
-0
-0
-0
12.5966
-0
39.7112
-0
-0
-0
-0
-0
-0
-0
17.138
-0
-0
0.0222634
-0
-0
-0
4.70915
-0
-0
-0
-0
4.73768
-0
12.1559
71.1618
22.09
22.5168
-0
1.41046
-0
14.5867
-0
-0
-0
8.45731
-0
-0
1.49149
-0
4.45508
-0
-0
-0
-0
-0
-0
-0
-0
-0
18.1238
8.47684
-0
-0
-0
-0
5.58345
-0
-0
-0
-0
0.18387
-0
34.8058
-0
-0
-0
-0
0.48307
12.316
-0
-0
17.3127
-0
40.8524
-0
-0
22.0458
-0
-0
-0
-0
27.5038
-0
17.7421
21.8934
-0
-0
-0
-0
-0
-0
-0
-0
7.78078
-0
11.8604
-0
-0
-0
-0
-0
-0
53.6031
-0
-0
-0
-0
-0
-0
-0
-0
7.7202
-0
-0
-0
-0
-0
-0
-0
-0
-0
9.36388
3.19531
-0
-0
2.63395
44.9088
-0
-0
-0
-0
-0
-0
-0
-0
-0
-0
-0
-0
-0
-0
-0
-0
-0
14.3987
1.23838
23.4816
-0
56.0784
-0
-0
13.0137
-0
25.6544
-0
1.56872
-0
-0
-0
-0
-0
-0
-0
-0
-0
-0
-0
-0
-0
-0
7.02994
-0
5.12972
-0
-0
-0
-0
34.9768
-0
-0
-0
-0
-0
-0
1.76888
4.84447
8.04519
35.4563
46.2668
-0
-0
-0
4.39014
-0
-0
23.3836
56.5342
-0
32.2919
-0
-0
-0
-0
-0
-0
11.8078
-0
-0
-0
-0
-0
-0
16.7381
-0
-0
-0
-0
-0
-0
-0
-0
-0
-0
-0
-0
-0
-0
31.0905
-0
-0
-0
-0
-0
-0
-0
-0
18.0008
-0
-0
15.0587
-0
-0
-0
-0
-0
-0
-0
72.6615
31.327
5.05458
13.5798
4.43789
4.75768
-0
-0
-0
-0
60.8054
-0
-0
-0
-0
44.3733
-0
-0
-0
-0
-0
-0
-0
-0
-0
-0
25.9429
-0
-0
-0
-0
-0
-0
-0
-0
-0
-0
-0
-0
-0
17.3841
-0
6.86619
-0
-0
-0
12.5669
-0
-0
-0
-0
-0
-0
-0
14.7654
-0
17.0873
45.1684
28.4971
-0
14.0145
-0
-0
-0
-0
49.1044
-0
-0
-0
2.03532
-0
-0
-0
1.33458
-0
-0
-0
-0
-0
-0
-0
-0
-0
-0
-0
15.21
-0
-0
-0
-0
-0
-0
-0
-0
24.2758
-0
-0
-0
-0
-0
12.7206
-0
-0
-0
-0
-0
-0
4.49941
-0
-0
-0
-0
-0
-0
-0
4.25445
-0
-0
2.82211
-0
4.25569
20.5986
-0
-0
-0
14.6909
-0
-0
21.3733
-0
-0
-0
-0
-0
-0
-0
11.3882
17.2047
1.00628
-0
-0
-0
-0
-0
-0
-0
-0
-0
-0
-0
-0
-0
-0
-0
-0
-0
25.9399
-0
-0
-0
-0
1.96392
-0
-0
19.5375
-0
0.239058
-0
-0
-0
8.74301
-0
-0
-0
-0
1.03829
-0
-0
5.81689
-0
40.4424
-0
-0
-0
-0
-0
-0
2.23259
-0
-0
-0
-0
-0
34.3509
-0
-0
-0
1.8415
5.60145
-0
-0
-0
-0
2.1496
-0
-0
-0
49.9726
-0
-0
4.53288
35.8484
-0
33.0094
-0
-0
-0
16.5554
-0
-0
-0
5.01502
4.40277
-0
-0
-0
-0
-0
-0
-0
-0
1.41829
-0
-0
-0
-0
-0
6.4162
-0
-0
-0
-0
-0
-0
-0
11.1902
20.3999
-0
63.8061
22.2336
-0
-0
-0
-0
-0
-0
3.09275
4.27914
4.15576
-0
-0
-0
-0
-0
-0
-0
-0
-0
-0
-0
-0
-0
-0
-0
30.715
10.5425
12.3652
-0
8.7572
-0
-0
-0
-0
0.386153
-0
2.35099
-0
-0
-0
-0
-0
-0
-0
3.76176
-0
-0
13.6188
-0
-0
-0
-0
-0
-0
-0
-0
-0
-0
-0
4.75151
-0
77.4808
-0
-0
-0
-0
-0
-0
-0
6.58453
0.434773
-0
-0
-0
5.30136
-0
-0
-0
-0
-0
-0
-0
-0
-0
-0
24.8314
-0
-0
-0
-0
-0
-0
-0
-0
4.27457
-0
-0
-0
-0
-0
-0
-0
-0
-0
-0
-0
-0
-0
-0
-0
15.6166
-0
-0
-0
22.7693
-0
-0
-0
-0
-0
-0
-0
-0
24.3274
-0
-0
-0
-0
-0
-0
-0
-0
-0
-0
-0
-0
-0
-0
-0
-0
-0
28.1337
-0
1.24557
-0
-0
-0
-0
-0
-0
-0
-0
-0
-0
-0
-0
-0
-0
-0
-0
-0
-0
-0
25.5809
-0
-0
-0
-0
-0
-0
-0
21.5251
-0
3.59953
-0
-0
-0
-0
2.60345
-0
-0
-0
-0
-0
-0
-0
-0
-0
-0
-0
-0
-0
-0
16.1059
-0
-0
-0
-0
-0
-0
-0
-0
-0
-0
-0
26.9755
-0
-0
-0
-0
-0
-0
-0
-0
-0
-0
-0
-0
13.9524
60.0478
-0
-0
-0
33.8489
-0
-0
-0
-0
-0
-0
-0
-0
-0
10.4144
-0
-0
-0
-0
-0
-0
-0
-0
-0
-0
15.0418
-0
1.57315
19.8328
-0
-0
17.0383
-0
-0
-0
-0
-0
-0
-0
-0
-0
16.3349
-0
-0
-0
-0
-0
-0
-0
-0
-0
-0
-0
-0
-0
-0
28.1612
-0
-0
0.820873
-0
-0
13.1524
7.76059
-0
-0
-0
-0
-0
-0
-0
-0
-0
6.31708
-0
-0
-0
-0
-0
-0
-0
-0
-0
-0
-0
-0
-0
-0
-0
7.35748
-0
-0
-0
-0
22.7569
-0
0.833547
-0
-0
10.6302
22.7827
-0
-0
-0
-0
-0
-0
-0
15.4811
-0
26.285
-0
37.2921
-0
-0
-0
-0
-0
13.0206
-0
-0
-0
-0
-0
-0
-0
-0
-0
31.2806
-0
-0
39.6876
-0
-0
-0
-0
-0
26.8511
8.21552
-0
2.99146
-0
3.62365
-0
-0
-0
-0
-0
-0
-0
-0
-0
-0
-0
-0
-0
50.7051
-0
-0
-0
-0
-0
-0
-0
-0
-0
7.90304
-0
-0
-0
-0
-0
26.4128
32.5994
-0
-0
-0
-0
10.3886
33.8615
-0
-0
-0
-0
31.7232
-0
-0
-0
-0
-0
-0
2.74804
-0
-0
-0
-0
-0
12.9654
40.2468
-0
-0
-0
-0
-0
26.1356
-0
-0
51.4287
-0
-0
0.0813801
-0
-0
-0
-0
-0
53.8409
-0
-0
-0
21.8038
-0
2.65314
-0
-0
-0
-0
-0
-0
-0
-0
-0
-0
-0
-0
-0
-0
26.9142
-0
-0
3.34501
-0
-0
0.113474
-0
-0
-0
-0
34.4103
-0
-0
-0
-0
-0
-0
-0
-0
-0
-0
4.12613
-0
38.9345
5.32402
11.4198
-0
18.5723
1.61732
-0
-0
8.69663
-0
-0
-0
-0
-0
-0
-0
-0
-0
-0
3.28046
-0
-0
28.0451
-0
-0
-0
-0
-0
-0
-0
-0
-0
-0
-0
-0
-0
-0
-0
-0
-0
-0
-0
0.511816
-0
-0
6.15847
-0
-0
-0
-0
-0
-0
-0
39.9296
-0
-0
-0
8.76933
43.9279
-0
15.9744
-0
-0
-0
-0
-0
-0
-0
-0
-0
-0
40.453
-0
-0
-0
-0
-0
-0
-0
-0
-0
-0
1.40193
-0
-0
-0
-0
20.8039
-0
-0
-0
-0
2.79154
-0
-0
-0
-0
-0
-0
-0
-0
-0
-0
-0
-0
-0
-0
21.1795
-0
-0
1.33482
-0
-0
-0
-0
-0
-0
-0
-0
0.59909
-0
-0
-0
45.0205
-0
-0
-0
0.553225
-0
-0
-0
-0
-0
18.2581
-0
-0
-0
-0
6.34335
-0
5.52183
-0
-0
-0
-0
-0
-0
2.17127
-0
-0
26.8918
-0
-0
-0
-0
-0
28.4081
5.13823
-0
-0
8.32495
26.0401
-0
-0
-0
16.3485
30.9224
34.5159
-0
-0
-0
-0
-0
-0
-0
-0
-0
-0
-0
3.23725
-0
18.6965
-0
21.7942
-0
-0
11.8559
-0
-0
-0
-0
0.00906956
-0
-0
-0
-0
-0
-0
-0
-0
-0
-0
-0
-0
-0
-0
-0
-0
-0
-0
-0
-0
-0
-0
-0
-0
-0
-0
-0
42.0996
-0
-0
-0
-0
-0
-0
-0
-0
-0
-0
-0
-0
21.0368
-0
27.6104
-0
-0
-0
-0
-0
-0
-0
4.37608
-0
-0
-0
44.0276
19.7863
-0
-0
-0
-0
-0
40.6558
-0
-0
8.96268
-0
-0
-0
-0
-0
9.21832
-0
-0
-0
-0
-0
-0
-0
-0
-0
-0
-0
-0
-0
-0
-0
6.35397
-0
-0
-0
-0
-0
-0
-0
-0
-0
-0
-0
-0
-0
-0
-0
-0
-0
-0
21.4418
-0
6.44682
24.6562
-0
-0
16.2087
6.28703
-0
-0
-0
-0
-0
-0
-0
-0
-0
-0
-0
-0
-0
-0
5.39827
-0
-0
-0
-0
21.9362
-0
-0
-0
-0
-0
7.77739
40.1942
-0
-0
-0
-0
-0
-0
-0
-0
8.88651
-0
-0
6.72032
0.313504
-0
24.2879
-0
9.16308
-0
4.25422
-0
47.3369
-0
-0
-0
-0
-0
-0
-0
1.372
-0
-0
-0
-0
-0
-0
0.900643
-0
-0
-0
-0
-0
1.87338
-0
-0
-0
-0
-0
10.9797
1.58056
-0
16.5241
-0
11.182
-0
-0
-0
-0
-0
-0
-0
-0
-0
-0
-0
-0
-0
-0
-0
31.8941
-0
47.7618
-0
-0
-0
-0
-0
-0
-0
10.9963
-0
7.12066
14.7078
-0
-0
-0
-0
28.1529
-0
-0
0.994336
70.5071
-0
-0
-0
-0
-0
25.7284
-0
-0
-0
-0
-0
-0
-0
-0
-0
-0
-0
15.36
18.8789
-0
-0
-0
1.34062
-0
25.7656
-0
-0
40.8902
-0
-0
20.1138
-0
-0
-0
7.48943
-0
-0
-0
-0
-0
-0
-0
-0
-0
-0
-0
-0
41.4038
44.4254
-0
-0
-0
-0
-0
-0
-0
-0
-0
44.1792
13.3079
18.9245
-0
20.0592
-0
5.86358
2.07777
-0
28.9563
-0
-0
-0
-0
-0
21.2396
-0
-0
-0
-0
-0
-0
-0
16.6951
-0
-0
-0
-0
-0
66.1542
-0
-0
-0
-0
-0
15.3726
-0
-0
-0
53.0614
2.12198
-0
-0
-0
-0
-0
24.1897
-0
-0
-0
-0
-0
-0
-0
29.3545
8.05965
0.334934
-0
-0
-0
-0
-0
-0
-0
8.53421
-0
-0
-0
-0
-0
-0
25.6191
4.51706
-0
-0
-0
27.2485
17.57
-0
-0
-0
-0
-0
8.90223
-0
-0
0.635703
-0
-0
15.8014
-0
-0
-0
-0
-0
-0
-0
7.63437
-0
-0
-0
-0
-0
12.4891
-0
-0
-0
-0
-0
-0
-0
-0
16.5285
-0
0.247509
-0
-0
-0
-0
-0
-0
-0
-0
-0
-0
-0
-0
-0
-0
-0
-0
-0
-0
52.8496
-0
15.1988
17.4138
-0
10.9902
-0
-0
-0
-0
-0
-0
-0
-0
42.8733
-0
-0
-0
-0
-0
10.3888
-0
-0
-0
-0
-0
4.51791
-0
9.32316
-0
-0
-0
-0
-0
-0
13.6529
-0
-0
-0
31.4697
-0
23.2264
-0
-0
-0
1.24372
36.0793
20.5849
-0
-0
-0
-0
-0
-0
-0
-0
-0
-0
-0
-0
-0
21.9799
-0
-0
-0
-0
-0
-0
-0
-0
3.33332
-0
-0
-0
-0
29.6966
-0
-0
-0
19.1032
10.3553
34.6293
-0
-0
27.4886
-0
-0
-0
-0
-0
35.8941
-0
-0
-0
-0
-0
-0
-0
-0
-0
-0
-0
-0
-0
-0
-0
-0
-0
-0
-0
-0
-0
-0
-0
-0
-0
2.52416
-0
-0
19.3622
-0
-0
-0
-0
-0
-0
38.1829
-0
-0
-0
-0
-0
16.9779
-0
-0
38.401
32.0353
18.9543
-0
-0
8.3348
11.2626
-0
-0
17.6633
-0
-0
-0
46.6424
11.9677
-0
-0
-0
6.6065
-0
11.9845
-0
-0
-0
-0
-0
-0
-0
19.3214
-0
-0
-0
-0
-0
-0
-0
-0
-0
-0
-0
-0
-0
21.8366
-0
-0
-0
-0
-0
-0
-0
18.3023
-0
-0
-0
-0
19.8317
20.3157
-0
-0
-0
-0
-0
-0
-0
-0
-0
-0
-0
-0
14.8772
21.2653
-0
-0
-0
-0
-0
59.0944
-0
-0
-0
-0
-0
0.183094
12.2386
-0
-0
-0
-0
-0
-0
-0
3.14029
-0
-0
-0
8.0361
-0
43.6948
-0
-0
-0
-0
28.6092
-0
14.521
-0
-0
-0
-0
-0
-0
-0
-0
-0
-0
-0
23.6768
-0
-0
-0
-0
13.2215
63.2483
-0
-0
0.805943
19.4077
23.2964
-0
60.1888
-0
-0
-0
10.1099
-0
-0
-0
-0
-0
-0
-0
-0
-0
-0
-0
-0
-0
-0
-0
-0
13.5703
17.319
-0
15.7313
-0
-0
-0
-0
-0
-0
-0
-0
19.8794
-0
-0
15.1887
-0
-0
-0
-0
-0
25.2401
-0
-0
-0
-0
23.9616
-0
-0
-0
-0
-0
-0
-0
0.970735
-0
-0
-0
-0
-0
-0
-0
7.17882
4.22293
-0
-0
-0
19.3205
-0
-0
-0
-0
-0
9.8101
-0
-0
-0
-0
1.1367
-0
-0
-0
-0
-0
5.89089
30.4244
-0
-0
-0
-0
-0
-0
1.43328
24.2825
-0
-0
-0
18.9816
-0
-0
-0
-0
6.24026
-0
-0
-0
-0
-0
1.72027
42.4444
-0
-0
5.2589
-0
-0
44.0391
-0
-0
-0
-0
-0
-0
24.5904
-0
-0
-0
-0
6.33827
-0
-0
-0
47.1455
6.76195
-0
-0
-0
-0
5.47961
-0
-0
-0
-0
-0
-0
3.72496
-0
-0
-0
-0
-0
-0
-0
-0
-0
-0
-0
-0
-0
-0
-0
-0
13.7273
-0
-0
-0
-0
-0
-0
-0
3.67035
-0
-0
-0
-0
-0
-0
5.11616
-0
-0
-0
-0
-0
-0
-0
-0
-0
-0
-0
-0
-0
-0
21.2391
-0
-0
-0
-0
-0
-0
-0
-0
6.78949
-0
-0
4.23962
-0
57.1592
-0
-0
-0
11.265
-0
-0
27.9792
32.9387
-0
-0
4.11617
-0
28.2293
-0
-0
-0
-0
-0
45.9212
-0
-0
2.97724
2.00353
-0
4.30213
-0
-0
-0
-0
-0
-0
-0
-0
6.87174
-0
-0
4.00296
-0
-0
-0
-0
-0
19.4266
-0
-0
-0
23.524
-0
-0
-0
-0
-0
-0
-0
-0
-0
-0
-0
-0
-0
-0
-0
-0
17.3954
-0
-0
-0
-0
-0
-0
-0
-0
-0
26.3692
66.952
21.2809
-0
2.2226
-0
-0
-0
-0
-0
4.73095
-0
-0
-0
-0
13.6384
-0
-0
-0
