2.62993
-0
-0
-0
-0
28.7753
-0
-0
30.7108
-0
47.8251
-0
-0
-0
-0
17.8841
-0
-0
12.5916
-0
-0
2.16532
-0
-0
-0
-0
13.2977
43.6788
-0
-0
-0
-0
-0
-0
-0
-0
-0
-0
-0
-0
-0
-0
-0
-0
-0
11.0783
-0
11.2319
-0
-0
-0
-0
-0
-0
0.100329
-0
-0
0.399035
40.4899
-0
-0
-0
-0
-0
29.417
-0
7.70894
-0
-0
0.834746
-0
-0
-0
-0
-0
-0
-0
1.7276
-0
30.1808
-0
36.913
-0
-0
-0
-0
-0
-0
-0
-0
-0
-0
-0
-0
-0
-0
-0
-0
22.1297
-0
-0
-0
-0
-0
39.8839
-0
12.8709
-0
-0
-0
-0
-0
-0
-0
-0
-0
6.7645
-0
57.2713
21.8736
42.5212
-0
-0
-0
-0
-0
19.1249
-0
-0
-0
-0
35.0631
-0
-0
-0
-0
-0
-0
-0
62.659
-0
-0
17.9896
19.4322
12.1911
-0
-0
25.6422
-0
-0
-0
-0
-0
24.4435
-0
-0
54.3244
-0
-0
2.12204
-0
1.07186
-0
70.2918
54.4405
-0
5.25172
46.2902
-0
31.8893
-0
25.0897
-0
-0
-0
-0
-0
-0
-0
26.8588
-0
-0
-0
-0
-0
12.4341
-0
-0
-0
-0
13.3059
16.8725
35.4762
1.20191
-0
-0
-0
-0
29.7314
-0
-0
6.77602
24.5956
-0
-0
-0
-0
13.4367
32.0084
-0
15.2034
-0
83.2577
-0
-0
-0
11.4268
-0
-0
-0
-0
-0
-0
-0
-0
-0
-0
-0
-0
-0
-0
19.1783
-0
-0
-0
-0
-0
-0
-0
-0
-0
-0
-0
-0
-0
24.4946
-0
-0
32.7097
-0
-0
10.9137
0.0078513
-0
-0
-0
-0
-0
-0
-0
-0
21.0321
-0
-0
-0
-0
15.3595
-0
-0
-0
-0
49.0318
-0
29.5731
-0
-0
-0
-0
-0
-0
-0
8.90912
-0
19.1221
-0
-0
-0
-0
-0
-0
54.3352
27.6102
17.5814
-0
15.9249
-0
3.11848
-0
-0
51.5324
-0
13.7989
-0
-0
16.1219
45.6317
-0
-0
30.1678
-0
49.4297
-0
-0
-0
-0
0.260481
-0
-0
-0
1.41637
-0
-0
-0
-0
-0
-0
4.20225
11.7928
-0
39.2918
-0
-0
-0
-0
-0
-0
-0
-0
-0
-0
-0
-0
-0
20.4268
29.1965
-0
-0
-0
-0
-0
24.3689
-0
-0
-0
-0
-0
-0
-0
-0
-0
5.63646
-0
-0
24.5682
-0
2.434
-0
-0
14.7604
-0
-0
15.3863
0.0498398
33.2409
-0
-0
-0
-0
-0
-0
-0
42.7582
-0
-0
-0
4.57695
11.3339
-0
-0
-0
-0
-0
-0
-0
-0
-0
-0
28.1195
-0
-0
-0
30.0336
-0
-0
21.9288
-0
-0
-0
30.568
5.22139
-0
-0
-0
-0
23.8775
31.1716
-0
-0
-0
-0
15.4775
-0
-0
-0
16.8792
30.074
38.8577
1.30138
-0
-0
-0
17.6406
17.5115
-0
28.2244
-0
23.3288
-0
-0
-0
-0
-0
-0
27.966
-0
-0
-0
-0
-0
-0
-0
5.89543
-0
-0
31.7314
-0
-0
-0
-0
-0
-0
-0
-0
-0
-0
-0
-0
-0
-0
-0
-0
-0
-0
-0
-0
23.7405
-0
-0
-0
0.108162
-0
-0
-0
35.588
-0
40.7072
-0
-0
-0
-0
7.33217
-0
-0
-0
-0
55.5315
-0
-0
-0
-0
-0
-0
34.7059
7.97866
-0
-0
-0
11.508
-0
-0
-0
-0
3.17186
8.46572
-0
13.3651
3.35048
-0
0.40681
-0
-0
3.47542
-0
24.1739
-0
-0
-0
3.17394
-0
-0
-0
-0
-0
-0
54.3451
26.5968
29.8838
-0
-0
-0
-0
-0
-0
-0
-0
13.8939
-0
-0
5.27385
16.2988
-0
-0
-0
-0
-0
-0
-0
-0
16.2664
-0
-0
-0
45.7235
-0
1.22529
-0
-0
-0
12.548
-0
-0
-0
-0
4.70168
-0
-0
-0
-0
32.7185
40.0876
-0
-0
-0
-0
-0
15.1418
-0
7.72608
-0
3.77067
-0
-0
-0
-0
-0
-0
49.4905
19.5647
2.45974
1.75492
4.57799
-0
-0
-0
-0
-0
-0
-0
-0
63.4866
-0
5.2918
12.992
-0
-0
-0
76.1257
-0
-0
-0
-0
-0
-0
13.7908
-0
-0
-0
-0
-0
-0
-0
-0
-0
-0
-0
-0
-0
-0
12.7716
-0
-0
-0
-0
-0
-0
29.6029
-0
53.9527
79.1944
2.22474
-0
-0
-0
-0
15.5219
-0
-0
-0
-0
-0
-0
14.7924
-0
27.3552
-0
38.0346
-0
-0
-0
-0
-0
-0
-0
1.6359
-0
-0
-0
-0
1.8941
-0
-0
-0
-0
2.47625
-0
21.9031
-0
-0
-0
-0
-0
-0
33.9297
4.21239
-0
26.3587
-0
-0
-0
-0
-0
-0
-0
-0
14.2118
-0
-0
-0
-0
-0
0.0145548
2.74792
-0
-0
-0
-0
-0
-0
-0
6.74774
-0
-0
16.5006
-0
25.6413
-0
-0
-0
10.7983
-0
-0
12.7171
-0
-0
-0
-0
-0
0.283743
-0
-0
-0
-0
-0
-0
-0
29.4644
-0
-0
-0
39.5075
16.7028
-0
-0
-0
-0
-0
24.4737
9.26839
8.85607
-0
0.51244
-0
-0
-0
-0
27.9674
22.873
-0
-0
9.37423
-0
-0
-0
-0
-0
-0
-0
-0
-0
-0
-0
-0
31.3395
-0
-0
-0
23.4391
78.113
-0
28.6498
-0
-0
-0
-0
14.735
-0
-0
-0
-0
-0
-0
-0
5.59144
-0
10.983
48.7856
-0
12.2634
-0
-0
-0
-0
-0
-0
-0
26.9459
-0
24.6101
-0
50.5165
-0
-0
59.0396
-0
-0
-0
-0
5.85236
-0
-0
37.7129
-0
-0
-0
-0
-0
7.49573
51.3787
-0
-0
-0
-0
-0
1.97378
0.423726
56.7322
-0
-0
0.249383
-0
-0
-0
19.6566
-0
-0
13.7438
52.4391
-0
-0
20.2244
-0
8.15013
-0
-0
16.5036
-0
-0
-0
-0
-0
-0
-0
-0
-0
22.7579
-0
-0
-0
-0
-0
0.346626
-0
-0
-0
-0
-0
-0
-0
13.2544
-0
-0
-0
22.9875
-0
-0
-0
11.1505
0.169176
-0
-0
-0
12.1294
-0
-0
35.1774
34.8073
-0
-0
-0
-0
18.4624
15.9003
-0
-0
-0
-0
-0
7.17615
-0
-0
-0
11.3829
-0
-0
15.7751
-0
-0
9.55899
-0
-0
-0
-0
22.6792
-0
-0
13.0444
-0
45.7781
-0
7.36282
-0
-0
0.405291
22.5361
-0
-0
-0
-0
-0
-0
-0
-0
-0
-0
43.5256
14.8491
-0
-0
-0
-0
-0
-0
-0
-0
-0
-0
-0
-0
-0
30.366
-0
-0
-0
20.7846
-0
-0
17.0503
5.80857
30.8119
-0
-0
-0
-0
-0
-0
-0
-0
-0
-0
-0
-0
4.43882
-0
-0
-0
-0
-0
-0
-0
8.7537
-0
-0
-0
-0
-0
-0
-0
-0
-0
-0
-0
-0
-0
-0
-0
-0
-0
-0
-0
-0
-0
-0
-0
-0
42.746
-0
-0
-0
-0
-0
-0
4.01707
1.28754
-0
-0
-0
-0
-0
50.0121
-0
-0
-0
-0
-0
-0
-0
-0
5.87547
-0
-0
-0
-0
9.65263
12.1362
24.4011
-0
-0
-0
-0
-0
-0
-0
36.4488
12.0705
-0
53.8572
-0
25.0065
-0
29.2891
-0
-0
-0
-0
10.7641
40.4407
-0
-0
25.0253
-0
-0
11.4877
-0
-0
-0
-0
-0
84.8576
57.4226
-0
-0
-0
-0
9.96686
4.54359
-0
-0
25.1426
-0
-0
-0
-0
1.35248
-0
-0
-0
11.0757
-0
-0
-0
-0
-0
-0
29.3021
-0
-0
-0
-0
6.93406
25.9295
-0
-0
-0
6.19855
43.9572
-0
9.13052
-0
-0
10.0737
-0
-0
22.5922
12.2856
-0
-0
-0
-0
-0
6.59235
-0
-0
-0
-0
-0
4.25889
-0
-0
-0
5.11034
-0
9.77353
-0
-0
-0
67.2299
-0
-0
-0
-0
-0
8.01561
-0
-0
-0
14.8131
-0
-0
-0
-0
-0
17.4388
-0
13.714
6.09607
-0
-0
3.2889
16.8816
-0
-0
-0
-0
31.2901
10.2368
-0
-0
-0
-0
-0
-0
-0
-0
1.1903
-0
-0
4.94284
-0
-0
-0
-0
-0
-0
-0
-0
-0
-0
6.25925
-0
1.69106
-0
-0
5.6495
19.4649
-0
3.01578
-0
-0
-0
-0
-0
-0
-0
-0
-0
-0
-0
-0
-0
-0
-0
-0
30.8687
-0
-0
-0
-0
-0
-0
-0
-0
-0
-0
37.5457
-0
-0
10.9005
-0
-0
-0
-0
-0
-0
-0
0.993951
13.5212
-0
-0
47.4632
-0
-0
-0
1.88265
-0
-0
-0
-0
-0
-0
31.6218
5.39503
-0
-0
19.1776
-0
-0
-0
-0
-0
-0
-0
-0
-0
-0
-0
-0
-0
-0
21.2289
-0
-0
0.101116
33.9531
17.3046
-0
-0
14.8024
2.85382
29.804
-0
9.69296
-0
-0
-0
3.22026
-0
-0
18.4048
-0
5.61469
-0
-0
-0
-0
21.0453
20.7969
-0
-0
38.0541
4.22695
-0
-0
42.8427
-0
8.74781
-0
11.778
-0
-0
29.0746
35.66
7.13224
-0
-0
-0
-0
-0
-0
-0
-0
15.1864
-0
28.0965
-0
0.426814
-0
22.933
2.94413
-0
-0
-0
50.0842
12.7093
62.1154
-0
-0
-0
-0
-0
-0
-0
-0
-0
-0
-0
-0
4.16394
-0
-0
-0
-0
-0
-0
-0
54.2089
22.6226
-0
-0
-0
-0
-0
-0
-0
-0
27.3597
-0
-0
-0
-0
-0
-0
-0
28.3307
-0
15.0972
5.01403
-0
21.356
-0
16.473
-0
7.33385
-0
-0
-0
-0
-0
-0
-0
-0
-0
-0
-0
14.5139
1.63433
33.9845
-0
-0
-0
-0
28.0381
-0
-0
-0
-0
-0
-0
-0
-0
-0
-0
20.0054
8.20297
-0
-0
0.768746
-0
1.31128
-0
-0
22.5344
-0
-0
17.3394
2.6312
-0
-0
-0
25.082
-0
-0
-0
-0
-0
-0
6.27509
-0
-0
-0
-0
-0
19.1441
-0
-0
-0
-0
-0
7.37333
-0
-0
10.8724
-0
-0
-0
-0
-0
-0
-0
-0
17.876
-0
-0
-0
19.1889
-0
-0
-0
-0
-0
1.6868
-0
-0
-0
4.80809
32.759
-0
-0
-0
45.2018
-0
-0
-0
-0
-0
-0
-0
-0
2.84181
-0
-0
0.634713
-0
10.7458
-0
-0
-0
-0
-0
8.13833
-0
12.8828
-0
-0
-0
7.29111
-0
-0
-0
-0
-0
8.68066
37.4665
-0
-0
29.9645
-0
11.0733
-0
-0
1.5172
-0
-0
-0
31.4735
-0
-0
11.5144
-0
-0
-0
-0
0.198659
-0
-0
-0
28.7386
-0
-0
45.7485
-0
-0
-0
-0
-0
-0
8.37399
-0
-0
-0
-0
-0
-0
-0
8.52852
51.5134
-0
-0
-0
-0
-0
-0
-0
-0
10.7179
-0
-0
37.3519
-0
-0
-0
-0
26.8368
35.6286
-0
-0
-0
16.3926
-0
29.0165
-0
-0
-0
22.0922
-0
-0
-0
-0
-0
-0
26.8492
-0
-0
-0
-0
17.2776
-0
-0
-0
-0
69.5035
-0
5.93377
-0
-0
-0
-0
-0
-0
-0
-0
-0
-0
-0
4.13153
-0
11.5683
23.9652
-0
6.83775
-0
-0
-0
18.5377
-0
-0
-0
-0
-0
-0
-0
30.8623
24.8386
-0
35.4842
-0
-0
-0
-0
-0
-0
-0
-0
-0
-0
-0
-0
-0
-0
-0
-0
10.5997
-0
-0
24.3861
11.2295
-0
-0
-0
16.7487
-0
-0
-0
-0
-0
-0
-0
20.3363
-0
23.227
3.94736
-0
-0
16.5924
-0
-0
-0
27.819
6.98889
-0
5.30521
-0
-0
-0
-0
-0
7.23048
-0
7.29615
15.6832
-0
-0
-0
-0
-0
-0
-0
17.5159
-0
51.1666
-0
-0
2.59547
-0
-0
-0
11.004
-0
-0
-0
-0
-0
-0
-0
-0
-0
21.5374
-0
-0
-0
-0
20.4673
33.5827
-0
-0
-0
-0
-0
-0
-0
-0
-0
-0
-0
-0
-0
-0
-0
-0
45.7028
-0
-0
-0
-0
-0
-0
-0
-0
-0
-0
-0
-0
-0
46.9683
-0
13.4484
-0
-0
3.63975
-0
-0
-0
-0
-0
-0
-0
-0
34.484
-0
-0
18.1328
-0
-0
-0
-0
-0
-0
-0
-0
-0
-0
-0
-0
-0
-0
-0
-0
47.9493
-0
-0
-0
-0
-0
7.00252
-0
-0
-0
-0
-0
-0
-0
4.519
-0
-0
12.558
-0
-0
33.3791
-0
-0
-0
-0
-0
-0
-0
-0
-0
-0
-0
-0
-0
2.7538
-0
8.44576
-0
-0
-0
-0
-0
-0
-0
-0
27.4663
-0
-0
-0
-0
-0
41.2802
-0
0.117112
26.3765
-0
-0
-0
-0
-0
12.062
0.780059
-0
-0
20.0043
-0
21.9146
28.5699
2.46855
-0
-0
-0
-0
-0
-0
-0
-0
-0
10.3222
-0
57.2029
-0
-0
-0
-0
-0
-0
-0
-0
43.2752
36.582
-0
-0
-0
-0
-0
-0
-0
-0
-0
24.8072
21.5556
24.0768
-0
-0
-0
-0
-0
17.4733
-0
-0
42.2387
-0
-0
-0
33.7488
-0
1.9786
-0
0.612135
-0
-0
-0
-0
-0
15.7862
-0
2.55287
-0
-0
-0
-0
-0
-0
-0
-0
8.85287
-0
48.6807
-0
-0
-0
-0
-0
-0
-0
29.5449
-0
-0
-0
-0
-0
-0
1.80089
-0
-0
-0
-0
1.87021
-0
12.9453
44.839
51.0976
36.0558
-0
-0
-0
12.468
-0
-0
-0
13.7703
-0
20.3822
28.5871
-0
-0
-0
-0
-0
-0
-0
-0
-0
-0
-0
23.8858
-0
-0
-0
-0
22.714
-0
-0
-0
-0
-0
1.20376
-0
43.1663
-0
-0
-0
14.2176
0.508319
24.5002
-0
-0
13.9887
-0
50.4102
-0
-0
2.52021
-0
-0
2.96971
-0
53.8643
-0
-0
9.60883
-0
-0
-0
-0
-0
-0
-0
-0
5.55266
-0
2.42439
-0
13.1875
-0
-0
-0
0.0419995
30.4235
18.9116
-0
-0
-0
-0
-0
-0
-0
14.5998
-0
5.58692
-0
-0
-0
-0
-0
-0
-0
31.0108
5.62988
-0
-0
-0
42.0928
33.8765
-0
-0
1.14015
-0
-0
-0
-0
-0
-0
-0
-0
32.0661
-0
-0
-0
-0
22.3612
1.16527
-0
-0
66.0736
-0
30.5623
-0
-0
21.831
-0
31.7095
4.66958
6.58132
-0
-0
-0
-0
-0
-0
-0
0.352479
-0
-0
-0
-0
19.7013
-0
-0
-0
-0
-0
-0
27.0694
-0
-0
-0
-0
-0
10.5071
36.6448
11.2788
4.84468
4.52839
45.978
14.2977
-0
-0
-0
-0
-0
61.9274
20.7076
-0
41.6041
-0
-0
-0
-0
-0
-0
18.8234
-0
-0
-0
27.0235
-0
-0
11.016
-0
-0
-0
-0
-0
-0
-0
-0
-0
-0
-0
-0
-0
-0
7.89196
-0
-0
-0
-0
-0
-0
-0
-0
14.4389
24.2311
-0
54.9002
-0
-0
-0
-0
-0
-0
-0
71.1096
-0
-0
13.6599
-0
-0
-0
-0
-0
-0
41.4941
-0
-0
-0
-0
15.3458
-0
-0
-0
-0
1.6182
-0
-0
4.72043
-0
-0
13.3169
-0
-0
-0
4.8639
-0
-0
-0
-0
6.1903
-0
-0
18.8454
-0
24.0014
-0
9.28229
1.62882
-0
12.1496
31.3261
-0
-0
-0
-0
-0
-0
-0
32.1723
-0
-0
19.7999
29.5856
-0
4.55041
-0
-0
-0
-0
44.6103
15.6424
-0
-0
10.1276
-0
-0
-0
-0
-0
-0
-0
-0
-0
-0
-0
-0
19.5152
-0
-0
14.2344
-0
-0
-0
-0
-0
-0
-0
-0
22.5999
-0
-0
-0
-0
-0
-0
-0
-0
-0
-0
-0
-0
5.38768
-0
-0
-0
-0
-0
-0
-0
3.30992
-0
-0
-0
16.1752
13.3018
20.1396
19.1509
0.34602
-0
22.8598
-0
-0
26.4534
-0
-0
12.1873
-0
-0
-0
-0
15.1082
1.8399
0.349977
6.05806
-0
33.9358
-0
29.417
-0
-0
-0
-0
2.93969
-0
6.44204
-0
-0
-0
-0
-0
5.15052
-0
-0
-0
-0
10.403
-0
4.04529
-0
-0
0.262125
-0
-0
-0
3.08917
-0
-0
-0
-0
11.3773
-0
-0
35.7019
-0
39.4395
-0
-0
-0
-0
-0
-0
1.59203
-0
-0
-0
-0
31.6532
48.8187
-0
-0
-0
2.91672
0.487287
-0
-0
-0
-0
-0
-0
-0
-0
79.2286
-0
-0
-0
69.5182
-0
17.3745
-0
-0
-0
23.8516
-0
-0
-0
6.40733
67.028
-0
-0
19.5452
-0
-0
-0
-0
-0
17.0609
-0
-0
-0
-0
29.2883
40.2018
-0
-0
-0
-0
-0
-0
-0
5.27817
-0
-0
41.7245
57.0632
10.1923
-0
-0
-0
25.4334
-0
57.8392
20.8729
12.3793
-0
-0
-0
-0
1.49724
-0
-0
-0
2.73267
-0
8.24184
-0
-0
-0
-0
12.6463
-0
3.85718
-0
7.69965
-0
-0
-0
-0
14.4649
-0
-0
-0
-0
-0
-0
-0
-0
-0
5.11767
-0
-0
40.9077
-0
-0
6.06944
-0
-0
-0
-0
-0
4.62137
-0
-0
27.1827
-0
84.3898
-0
-0
1.29426
-0
-0
20.4581
-0
34.6784
-0
-0
-0
-0
38.9231
-0
-0
-0
-0
-0
-0
-0
-0
-0
-0
24.6612
-0
-0
-0
-0
-0
-0
-0
-0
20.1957
-0
-0
5.15185
-0
-0
-0
-0
-0
-0
-0
-0
2.88037
-0
-0
-0
9.66422
16.2747
-0
-0
52.9758
7.66926
-0
-0
-0
-0
-0
-0
-0
18.9977
-0
-0
-0
-0
-0
-0
-0
-0
-0
-0
-0
-0
-0
-0
-0
-0
-0
35.5512
-0
-0
-0
-0
-0
-0
-0
-0
-0
-0
-0
-0
-0
-0
-0
-0
-0
-0
-0
-0
-0
19.2938
-0
-0
-0
-0
-0
-0
-0
-0
-0
6.72838
-0
13.2688
-0
-0
4.08759
-0
-0
-0
3.14937
-0
-0
1.49281
-0
-0
-0
-0
29.1135
-0
-0
-0
-0
14.2589
10.1304
-0
-0
-0
-0
-0
-0
-0
-0
17.9239
30.3229
-0
-0
-0
0.579841
-0
10.467
-0
-0
-0
-0
-0
18.5621
62.2255
-0
-0
-0
48.3834
-0
-0
2.85447
-0
-0
-0
-0
21.165
-0
47.04
-0
-0
-0
-0
-0
-0
-0
-0
-0
-0
9.46686
-0
19.7877
17.7296
-0
-0
16.6193
-0
-0
-0
-0
-0
-0
3.63458
-0
-0
14.9443
-0
-0
-0
-0
-0
-0
-0
-0
-0
3.37076
-0
-0
-0
-0
14.6146
-0
-0
-0
-0
-0
12.3587
-0
-0
3.92687
-0
-0
-0
-0
-0
-0
-0
2.06453
-0
-0
-0
-0
-0
-0
-0
-0
-0
-0
-0
-0
-0
-0
-0
-0
-0
16.1393
-0
6.64136
19.0162
6.51509
1.01175
-0
-0
25.3382
-0
-0
-0
-0
-0
-0
-0
-0
-0
-0
11.5709
-0
18.0638
-0
-0
-0
5.97551
-0
34.789
12.5427
-0
-0
-0
-0
-0
-0
-0
-0
29.0352
-0
-0
51.8018
-0
-0
-0
-0
-0
19.7083
7.69755
-0
3.05259
8.83156
2.31758
-0
-0
-0
-0
-0
25.7131
-0
-0
-0
-0
-0
-0
-0
61.6213
-0
-0
13.7293
-0
-0
-0
-0
-0
-0
-0
-0
-0
-0
-0
-0
-0
-0
-0
-0
-0
-0
-0
-0
-0
-0
27.6728
-0
3.18294
-0
-0
-0
-0
-0
-0
0.962347
-0
-0
-0
-0
-0
24.9565
27.3507
-0
-0
-0
-0
37.3772
24.3867
-0
8.31858
40.7755
-0
-0
0.342384
-0
-0
-0
-0
-0
20.0408
-0
-0
-0
21.6197
-0
5.75811
-0
-0
-0
4.87143
-0
-0
-0
-0
-0
-0
-0
-0
-0
-0
27.2211
40.3651
-0
13.7876
-0
-0
0.973602
-0
-0
-0
-0
31.8999
-0
-0
-0
-0
-0
-0
-0
-0
-0
-0
-0
-0
43.3839
-0
-0
-0
4.35262
-0
10.6896
-0
14.0616
-0
-0
-0
-0
-0
-0
-0
-0
-0
-0
25.9093
-0
17.3487
26.1329
-0
-0
-0
-0
-0
-0
33.9661
-0
-0
-0
14.3943
-0
-0
-0
-0
-0
-0
-0
3.91224
-0
-0
-0
-0
-0
-0
-0
-0
-0
-0
-0
40.6405
-0
39.0732
-0
-0
51.2245
-0
30.1367
-0
-0
-0
-0
-0
-0
-0
16.3417
-0
-0
18.385
-0
-0
35.8476
-0
-0
-0
-0
-0
-0
-0
-0
7.29228
-0
-0
-0
31.2732
-0
-0
-0
-0
1.41612
-0
-0
-0
-0
-0
-0
-0
-0
-0
33.9971
-0
-0
-0
-0
55.3898
-0
-0
2.0611
21.5956
-0
-0
0.126706
-0
-0
-0
-0
-0
-0
-0
-0
52.6692
-0
-0
-0
-0
-0
-0
-0
-0
-0
10.201
-0
-0
-0
-0
-0
-0
24.0825
-0
-0
-0
-0
0.109361
-0
6.18166
-0
-0
42.7132
-0
-0
-0
-0
18.1061
21.329
-0
-0
-0
15.6185
20.1148
3.57279
-0
-0
23.5713
5.71411
53.7721
-0
-0
-0
-0
-0
-0
-0
-0
-0
-0
-0
3.98663
-0
42.5235
-0
20.8885
7.06011
44.8225
25.3868
39.9625
-0
-0
-0
17.8981
-0
-0
-0
-0
0.991388
-0
-0
-0
-0
0.225812
-0
-0
-0
9.61906
-0
-0
-0
-0
-0
-0
-0
-0
-0
31.9589
-0
15.8357
-0
17.186
-0
-0
9.26656
-0
-0
-0
-0
-0
-0
-0
24.4047
-0
22.7253
-0
42.515
-0
-0
-0
-0
-0
-0
-0
5.45959
-0
-0
-0
-0
6.9033
-0
-0
-0
-0
-0
40.393
-0
-0
7.44661
-0
-0
-0
-0
-0
48.4151
-0
-0
-0
-0
-0
3.68305
20.8322
-0
-0
-0
-0
5.25248
-0
-0
-0
-0
-0
-0
-0
-0
-0
-0
-0
-0
-0
-0
3.31173
-0
-0
-0
-0
-0
-0
-0
-0
-0
12.5917
32.6306
-0
-0
10.2585
-0
-0
14.7251
-0
-0
0.164555
-0
10.3349
-0
-0
-0
-0
16.0489
-0
-0
2.09454
-0
-0
-0
9.02808
2.9622
18.5706
-0
-0
-0
0.00280379
4.1333
9.92039
-0
-0
-0
-0
-0
-0
-0
-0
16.3005
-0
-0
-0
2.75973
-0
82.4328
12.203
18.549
-0
43.8283
-0
62.8328
-0
-0
-0
-0
-0
-0
-0
-0
-0
12.7937
-0
-0
-0
-0
37.1437
-0
-0
-0
-0
-0
35.4138
-0
-0
-0
-0
-0
10.134
-0
-0
22.7703
-0
-0
-0
-0
-0
-0
-0
-0
-0
-0
-0
-0
-0
-0
1.0257
37.0892
-0
5.1353
-0
71.0842
-0
-0
-0
-0
-0
-0
-0
9.11666
-0
8.19243
22.7894
-0
-0
-0
-0
44.1603
-0
6.44867
-0
59.5567
-0
-0
-0
-0
-0
20.4788
-0
-0
-0
-0
-0
-0
-0
-0
7.76441
-0
-0
-0
51.051
10.1709
-0
-0
-0
-0
25.7256
-0
-0
23.461
6.50638
-0
37.282
-0
-0
-0
-0
-0
-0
-0
-0
-0
-0
-0
-0
-0
-0
-0
-0
-0
22.9696
-0
10.2937
-0
-0
-0
-0
-0
-0
-0
54.6078
29.3056
-0
-0
9.76434
-0
8.88275
-0
-0
35.5448
-0
-0
-0
-0
-0
23.1539
-0
-0
-0
-0
-0
-0
-0
47.3744
-0
13.6714
-0
-0
-0
57.8563
7.70824
-0
-0
-0
-0
11.1561
-0
11.0938
-0
82.8734
15.5083
-0
-0
-0
-0
-0
23.9725
-0
-0
-0
-0
-0
-0
-0
-0
21.5511
-0
-0
-0
-0
-0
-0
-0
-0
-0
7.74447
-0
-0
-0
0.524412
-0
35.0007
2.9777
11.3288
-0
6.76126
39.7051
9.0427
-0
-0
-0
-0
-0
16.5801
-0
-0
-0
-0
-0
18.7005
-0
-0
-0
-0
-0
-0
-0
33.7169
-0
-0
-0
-0
-0
24.5236
-0
-0
-0
-0
-0
-0
-0
27.4401
1.74914
-0
0.269263
-0
-0
-0
-0
42.7949
-0
-0
-0
-0
20.3095
19.8185
-0
-0
-0
-0
-0
-0
-0
60.0046
-0
-0
13.3126
-0
-0
-0
-0
-0
-0
-0
-0
-0
-0
34.3462
-0
-0
-0
-0
-0
11.6237
-0
-0
-0
-0
-0
-0
-0
-0
-0
-0
-0
23.2957
1.66537
-0
49.6461
-0
0.647429
7.05459
39.5576
-0
29.3168
-0
-0
-0
-0
40.5534
40.9732
-0
-0
-0
-0
-0
-0
-0
-0
-0
-0
-0
-0
-0
47.1601
-0
2.43306
-0
-0
-0
-0
-0
-0
7.51751
-0
-0
-0
4.7508
55.6986
-0
-0
-0
63.9541
37.6805
39.3587
-0
6.30173
45.82
-0
-0
-0
-0
-0
61.4625
-0
-0
-0
-0
-0
-0
-0
-0
-0
-0
-0
-0
-0
-0
23.5495
-0
-0
-0
29.0639
-0
-0
-0
-0
-0
-0
8.66213
-0
5.61597
0.314544
-0
-0
-0
-0
-0
-0
46.2089
-0
-0
-0
-0
-0
40.2644
11.6926
-0
22.1814
48.1709
23.5779
12.3748
-0
49.0552
-0
-0
-0
-0
13.8089
-0
-0
17.2241
-0
-0
14.8891
-0
32.4408
-0
11.9006
-0
-0
-0
1.41167
-0
-0
-0
-0
-0
-0
-0
-0
-0
-0
-0
-0
-0
-0
-0
-0
-0
9.4199
-0
-0
-0
-0
-0
-0
-0
38.5676
-0
-0
-0
-0
32.6037
19.3679
-0
-0
-0
-0
-0
-0
-0
21.2612
-0
-0
-0
-0
-0
6.92929
-0
-0
-0
6.62449
-0
43.3776
-0
-0
-0
-0
21.439
5.07621
-0
-0
1.63264
-0
-0
-0
15.6277
-0
25.2645
-0
-0
-0
-0
-0
23.5405
-0
-0
-0
-0
25.1864
-0
6.63223
3.97954
-0
-0
-0
-0
-0
-0
-0
-0
-0
20.719
-0
-0
-0
-0
-0
0.574791
75.1147
-0
-0
-0
26.0283
16.4159
12.9082
82.9067
-0
-0
-0
6.90615
-0
-0
40.528
-0
-0
-0
-0
-0
-0
-0
38.0041
-0
-0
-0
-0
-0
11.9596
12.7417
-0
-0
-0
-0
-0
-0
-0
-0
26.2936
16.2182
16.4093
-0
-0
-0
-0
6.79283
-0
-0
-0
18.0875
-0
-0
-0
-0
37.4093
-0
2.20681
-0
-0
-0
-0
0.692433
9.01756
0.719878
-0
-0
-0
-0
-0
-0
16.4337
13.1223
-0
-0
-0
34.8592
-0
-0
-0
-0
-0
13.8983
-0
-0
-0
24.1762
-0
-0
-0
18.251
-0
-0
7.04612
2.68201
-0
-0
-0
-0
-0
-0
-0
1.14908
-0
-0
-0
9.38753
-0
-0
-0
-0
-0
-0
4.25697
7.3936
-0
2.37085
1.92068
42.0854
33.5341
-0
-0
-0
-0
43.3125
-0
-0
-0
-0
-0
-0
29.1361
-0
3.65056
-0
-0
53.8421
-0
-0
-0
36.5415
8.98742
-0
1.8154
-0
4.96435
15.7506
-0
-0
-0
-0
-0
-0
24.8389
-0
-0
-0
-0
-0
-0
-0
-0
-0
-0
-0
-0
-0
43.1308
7.15065
17.6666
-0
-0
-0
7.42154
12.5711
-0
-0
-0
-0
-0
-0
-0
-0
-0
-0
14.5501
-0
-0
-0
-0
-0
-0
-0
-0
-0
-0
-0
-0
-0
-0
15.2679
6.37946
-0
-0
-0
13.2666
-0
-0
-0
-0
-0
-0
-0
-0
34.4109
-0
-0
-0
39.5742
-0
-0
6.75225
6.90673
-0
-0
8.38196
-0
35.2802
-0
-0
-0
53.7262
15.2934
21.9138
-0
-0
3.77048
2.2241
-0
-0
-0
-0
-0
-0
-0
-0
-0
-0
7.95995
-0
-0
5.39298
-0
-0
-0
-0
17.1973
10.8085
0.91744
-0
-0
16.7017
-0
-0
6.69154
-0
-0
-0
-0
-0
-0
-0
-0
-0
-0
-0
-0
-0
15.7656
-0
-0
8.3445
-0
-0
-0
-0
-0
-0
23.472
61.4348
4.93691
-0
55.7609
-0
8.29613
-0
-0
-0
14.3362
-0
-0
-0
-0
2.12453
6.9414
-0
-0
