1.02997
-0
-0
-0
-0
19.8312
-0
-0
3.1351
-0
45.862
-0
-0
-0
-0
23.7225
-0
-0
3.09879
-0
-0
-0
-0
4.8204
-0
-0
-0
17.3955
-0
-0
-0
-0
-0
-0
-0
-0
-0
-0
-0
-0
5.09379
-0
-0
-0
-0
-0
-0
17.7328
-0
-0
-0
-0
0.384619
-0
0.897045
-0
-0
-0
46.7234
19.3966
-0
-0
-0
-0
31.0897
-0
-0
-0
-0
1.67754
-0
-0
-0
-0
-0
-0
-0
8.08987
-0
14.6393
-0
50.7092
-0
-0
-0
-0
-0
-0
-0
-0
-0
-0
-0
-0
-0
-0
-0
-0
4.6781
-0
-0
-0
-0
-0
0.182391
-0
13.107
-0
-0
-0
-0
-0
-0
-0
-0
-0
12.7977
-0
46.0414
8.58978
48.1514
-0
-0
-0
-0
-0
-0
-0
-0
-0
-0
22.1758
-0
-0
-0
-0
-0
-0
-0
29.7031
-0
-0
23.1339
2.60804
3.26314
-0
-0
-0
-0
-0
-0
-0
-0
13.5712
-0
-0
45.1401
-0
-0
2.41919
-0
0.0161063
-0
57.2382
27.7778
-0
-0
27.4694
-0
38.8361
-0
22.7009
-0
-0
-0
-0
-0
-0
-0
-0
-0
-0
-0
-0
-0
27.9886
1.0035
-0
-0
-0
-0
13.8913
3.95239
-0
-0
-0
-0
-0
16.8848
-0
-0
-0
35.9117
-0
-0
-0
-0
15.3778
35.6828
-0
5.29402
-0
52.1284
-0
-0
-0
11.665
-0
-0
-0
-0
-0
-0
-0
-0
-0
-0
-0
-0
28.4459
-0
22.2487
-0
-0
-0
-0
-0
-0
-0
-0
-0
-0
-0
-0
-0
5.15817
-0
-0
6.50736
-0
-0
-0
-0
2.6732
-0
-0
-0
-0
11.8434
-0
-0
-0
-0
2.60181
-0
-0
27.2415
-0
-0
-0
-0
55.3333
-0
8.5021
-0
-0
-0
-0
-0
-0
-0
7.12111
-0
6.84481
-0
-0
-0
-0
-0
-0
25.8268
9.22363
-0
-0
6.12753
-0
-0
-0
-0
36.6131
-0
6.67193
-0
-0
2.14192
43.4474
-0
-0
-0
-0
26.4173
1.88066
-0
-0
-0
-0
-0
-0
-0
0.167036
-0
-0
5.37027
-0
-0
-0
-0
-0
-0
14.8004
-0
-0
-0
-0
-0
-0
-0
1.94147
-0
-0
-0
-0
-0
7.73408
17.9518
-0
13.9213
-0
-0
-0
-0
-0
-0
-0
-0
-0
-0
-0
-0
-0
-0
-0
-0
36.7838
-0
2.79681
-0
-0
-0
-0
-0
20.6454
-0
-0
-0
-0
-0
-0
-0
-0
-0
24.8581
-0
-0
-0
26.9416
17.3113
-0
-0
-0
-0
-0
-0
-0
-0
-0
-0
18.2962
-0
-0
-0
24.4774
-0
-0
6.32491
6.2907
-0
-0
50.394
-0
-0
-0
-0
-0
10.0703
-0
-0
-0
10.5485
-0
31.911
-0
-0
-0
17.9029
20.8607
51.603
-0
-0
-0
-0
-0
-0
-0
-0
-0
17.5017
-0
-0
-0
-0
-0
-0
43.6838
-0
-0
-0
-0
-0
-0
4.98033
-0
-0
-0
47.5071
-0
-0
0.349237
-0
-0
-0
-0
-0
-0
-0
-0
-0
-0
-0
-0
-0
5.7993
24.8026
-0
-0
5.63516
-0
-0
-0
-0
-0
-0
-0
23.7721
-0
27.3907
-0
-0
-0
-0
-0
-0
-0
-0
-0
54.9823
-0
-0
-0
-0
-0
-0
30.0539
-0
-0
-0
-0
2.52126
-0
19.2214
-0
-0
-0
13.1735
-0
-0
12.5465
-0
2.56409
-0
-0
-0
-0
17.2792
-0
-0
-0
-0
-0
-0
-0
-0
-0
-0
39.0939
-0
3.52071
-0
-0
-0
-0
-0
-0
-0
-0
10.3952
-0
-0
-0
-0
12.2875
-0
-0
-0
-0
-0
-0
-0
-0
-0
-0
-0
-0
-0
2.71282
-0
-0
-0
1.50781
-0
-0
-0
-0
-0
-0
-0
-0
-0
-0
16.7991
3.52974
-0
-0
-0
-0
27.2577
-0
18.1072
-0
-0
-0
-0
-0
-0
-0
-0
12.6203
4.55001
19.9155
-0
33.7689
-0
-0
-0
-0
-0
-0
35.4684
-0
43.9386
-0
-0
4.37744
-0
-0
-0
65.3984
-0
-0
-0
-0
-0
-0
20.8583
-0
-0
-0
-0
-0
-0
-0
-0
-0
-0
-0
-0
-0
-0
35.9985
-0
-0
-0
-0
-0
-0
10.5356
-0
56.6519
54.7198
-0
-0
-0
-0
-0
12.6968
-0
-0
-0
-0
-0
-0
-0
-0
32.8118
-0
-0
-0
-0
-0
-0
-0
-0
-0
-0
-0
-0
-0
-0
2.14639
-0
-0
-0
-0
-0
-0
25.3785
-0
-0
-0
-0
-0
-0
43.1004
-0
-0
12.1718
-0
-0
-0
-0
-0
-0
-0
-0
24.8364
2.14983
-0
-0
-0
-0
-0
-0
-0
-0
-0
-0
-0
-0
-0
-0
-0
-0
0.201911
-0
29.0641
-0
-0
-0
-0
-0
-0
12.961
-0
-0
-0
-0
-0
0.468389
-0
-0
-0
-0
-0
-0
-0
69.5033
-0
-0
-0
39.1776
8.33614
-0
-0
-0
7.18688
-0
-0
-0
22.7968
-0
1.37494
-0
-0
-0
-0
7.37061
11.2654
-0
-0
-0
-0
-0
-0
15.0576
-0
-0
-0
-0
-0
-0
-0
-0
36.7365
-0
-0
-0
13.8984
77.8569
-0
1.91705
-0
-0
-0
-0
10.5814
-0
-0
-0
4.83053
26.3415
-0
-0
3.91108
-0
-0
44.3838
-0
-0
-0
-0
-0
-0
-0
-0
-0
12.4562
-0
-0
-0
38.1569
-0
-0
66.6744
-0
18.2257
-0
-0
7.36404
-0
-0
39.9383
-0
14.1728
-0
-0
-0
26.3684
44.7389
-0
-0
-0
20.8028
-0
-0
-0
41.5294
-0
-0
-0
21.2645
4.64121
-0
-0
-0
-0
25.7649
35.686
-0
-0
30.1275
-0
3.09952
-0
-0
8.55012
-0
-0
-0
-0
-0
-0
-0
-0
-0
46.5044
0.172496
0.322544
-0
-0
-0
-0
-0
-0
6.16747
-0
-0
-0
-0
9.95838
-0
-0
-0
-0
-0
-0
-0
5.7947
2.87438
-0
-0
-0
25.9095
-0
-0
11.334
24.7487
-0
-0
-0
-0
26.6983
6.817
-0
-0
-0
-0
-0
-0
-0
-0
-0
-0
-0
-0
3.89227
-0
-0
-0
-0
-0
-0
10.787
7.02823
1.84482
3.45174
15.0061
-0
33.5368
-0
-0
-0
-0
-0
2.23701
-0
-0
0.65802
26.191
-0
-0
-0
-0
-0
-0
51.8151
16.6235
-0
-0
-0
-0
-0
-0
-0
-0
23.8808
12.6187
-0
-0
-0
-0
-0
-0
-0
27.4849
-0
-0
-0
35.9448
11.5558
-0
-0
-0
-0
-0
-0
-0
-0
-0
-0
-0
-0
-0
-0
-0
-0
-0
-0
-0
-0
5.47385
-0
-0
-0
-0
-0
48.5502
-0
-0
-0
-0
-0
-0
-0
-0
-0
-0
-0
-0
-0
-0
-0
-0
-0
-0
22.8324
-0
-0
-0
-0
-0
-0
-0
-0
-0
-0
-0
-0
-0
35.1001
-0
-0
-0
-0
-0
-0
-0
5.74388
2.37428
-0
-0
-0
-0
10.7405
-0
25.2809
-0
-0
-0
-0
-0
-0
-0
3.91124
-0
-0
55.6783
-0
-0
-0
0.637344
-0
-0
-0
-0
20.7324
-0
-0
-0
15.2477
-0
-0
-0
-0
-0
-0
-0
-0
44.7196
48.2666
-0
0.742986
-0
-0
4.49965
-0
-0
-0
13.8129
-0
-0
-0
-0
15.7064
-0
-0
-0
-0
-0
-0
-0
-0
-0
-0
48.1928
-0
-0
-0
6.47617
19.4797
13.732
-0
-0
-0
18.5728
16.5675
-0
-0
-0
-0
-0
-0
-0
24.2469
12.2026
-0
-0
-0
-0
-0
-0
-0
-0
-0
-0
-0
-0
-0
-0
-0
-0
-0
-0
-0
-0
-0
20.152
-0
-0
-0
-0
-0
-0
-0
-0
-0
19.0264
-0
-0
-0
-0
-0
30.7838
3.66287
28.6288
-0
9.1488
-0
-0
-0
-0
-0
-0
-0
10.3212
16.5143
-0
-0
-0
-0
-0
-0
-0
-0
-0
-0
-0
-0
-0
-0
-0
-0
-0
-0
-0
-0
-0
-0
-0
-0
-0
-0
-0
17.562
12.5
-0
-0
-0
-0
-0
-0
-0
-0
-0
-0
-0
-0
-0
-0
2.0231
-0
-0
-0
9.01985
-0
-0
-0
17.1923
-0
-0
-0
-0
-0
-0
22.4935
-0
-0
-0
-0
-0
-0
-0
-0
-0
-0
13.6974
15.5312
-0
-0
16.0871
-0
-0
-0
20.4125
-0
-0
-0
-0
-0
-0
2.45883
-0
-0
-0
25.2691
-0
-0
-0
-0
-0
-0
-0
31.6797
-0
-0
-0
-0
-0
4.9013
13.7004
-0
-0
10.5252
33.6853
19.7887
-0
-0
29.1554
9.53075
27.8846
-0
-0
-0
-0
-0
-0
-0
-0
41.6399
-0
9.94443
-0
-0
-0
-0
22.1683
46.8227
-0
-0
16.7792
-0
-0
-0
22.2491
-0
13.2729
-0
3.553
-0
3.64223
29.8411
15.9357
38.005
-0
-0
-0
-0
9.69592
-0
-0
-0
5.52885
-0
-0
-0
-0
-0
25.3982
10.4268
-0
-0
6.32162
63.9677
10.2394
35.8417
-0
-0
-0
-0
-0
-0
-0
-0
-0
-0
-0
-0
-0
-0
43.3067
-0
-0
-0
-0
-0
39.2321
8.3746
-0
-0
-0
-0
-0
-0
-0
-0
45.1725
-0
-0
-0
-0
-0
-0
-0
11.8505
-0
-0
-0
-0
-0
-0
13.1014
-0
26.8523
-0
-0
-0
-0
-0
24.7059
-0
-0
-0
-0
8.10191
17.7233
-0
24.8284
-0
-0
5.08151
-0
31.1429
-0
-0
-0
-0
-0
-0
-0
-0
-0
-0
22.9005
14.1084
-0
2.65033
-0
-0
0.495181
-0
-0
-0
4.66865
-0
2.8844
22.3309
-0
-0
-0
1.99334
-0
-0
-0
-0
-0
-0
1.36901
-0
-0
-0
-0
-0
37.2218
-0
-0
-0
-0
-0
-0
-0
33.7402
21.8067
-0
-0
-0
-0
4.82866
1.24344
-0
-0
-0
-0
-0
-0
3.03517
-0
-0
-0
-0
-0
-0
-0
-0
-0
-0
37.2418
-0
-0
-0
34.9995
-0
-0
-0
-0
-0
-0
-0
-0
-0
-0
-0
-0
-0
-0
-0
-0
-0
0.106091
-0
15.8335
-0
-0
-0
-0
-0
-0
-0
-0
-0
-0
-0
24.8111
27.2678
-0
-0
-0
-0
12.3593
-0
-0
18.9028
-0
-0
39.2833
6.63606
-0
3.23992
17.3364
-0
-0
-0
-0
-0
-0
-0
-0
25.1188
-0
-0
30.5645
-0
-0
15.6943
-0
-0
-0
20.8012
-0
-0
-0
-0
-0
-0
-0
-0
68.6849
-0
-0
-0
-0
-0
-0
-0
-0
-0
-0
-0
14.4537
-0
-0
-0
-0
-0
17.9008
-0
-0
-0
36.8266
-0
-0
-0
-0
-0
37.9954
-0
-0
-0
-0
-0
-0
12.6534
-0
-0
-0
-0
-0
-0
-0
5.69653
-0
61.3107
-0
7.95171
4.29746
-0
-0
-0
-0
-0
-0
-0
5.67397
-0
-0
13.8655
-0
-0
-0
-0
-0
9.44323
-0
-0
-0
-0
-0
6.51205
-0
-0
-0
-0
40.8917
-0
-0
-0
-0
-0
-0
-0
-0
-0
-0
-0
-0
-0
-0
-0
-0
-0
-0
-0
55.6917
-0
-0
16.9293
3.2691
-0
-0
-0
0.831459
-0
-0
-0
-0
-0
-0
-0
6.42283
-0
-0
-0
-0
-0
29.665
-0
-0
-0
24.1532
12.3577
-0
-0
-0
-0
-0
-0
-0
45.132
-0
0.588772
9.53153
-0
-0
-0
-0
-0
-0
-0
19.7509
-0
41.0164
-0
-0
2.09739
-0
-0
6.26404
-0
-0
-0
-0
-0
-0
-0
-0
-0
-0
18.7518
-0
-0
-0
-0
22.0241
30.7442
-0
-0
-0
-0
-0
10.6146
-0
-0
-0
-0
-0
-0
-0
-0
-0
27.1237
5.64427
28.2543
-0
-0
-0
-0
-0
-0
-0
-0
-0
-0
-0
-0
42.0156
-0
12.256
-0
-0
5.51747
-0
-0
-0
-0
-0
-0
-0
-0
34.4703
-0
-0
7.34476
-0
-0
-0
-0
-0
-0
-0
-0
-0
-0
-0
-0
-0
-0
-0
-0
22.5764
-0
6.48219
-0
-0
-0
6.07709
-0
-0
-0
-0
-0
-0
-0
9.57669
-0
-0
-0
-0
-0
25.5066
3.15226
-0
-0
-0
-0
-0
-0
-0
-0
-0
-0
-0
-0
-0
-0
3.58763
-0
-0
-0
-0
-0
-0
-0
-0
25.3688
-0
-0
-0
-0
-0
37.3445
-0
-0
17.3346
-0
-0
-0
-0
-0
33.1629
1.31348
-0
-0
1.12722
-0
-0
30.8145
1.23796
24.1607
-0
-0
-0
-0
-0
-0
-0
-0
8.53003
-0
42.8838
-0
-0
-0
-0
-0
-0
-0
-0
45.2581
62.1623
-0
-0
-0
-0
-0
-0
-0
-0
-0
29.4592
-0
32.426
-0
-0
-0
-0
-0
-0
-0
-0
61.1334
-0
-0
-0
22.4102
-0
-0
-0
31.895
-0
-0
-0
-0
-0
-0
-0
0.62814
-0
-0
-0
-0
-0
-0
-0
-0
8.01808
-0
54.1013
-0
-0
22.8991
-0
-0
-0
-0
10.7603
-0
-0
-0
-0
-0
-0
-0
-0
-0
-0
-0
2.54629
-0
13.0392
79.0583
23.7829
26.9017
-0
3.57519
-0
2.73547
-0
-0
-0
-0
-0
1.72529
42.641
-0
22.7017
-0
-0
-0
-0
-0
-0
-0
-0
-0
18.2758
-0
-0
-0
-0
-0
-0
-0
-0
-0
-0
0.647203
-0
33.1905
-0
-0
-0
-0
0.553918
17.4762
-0
-0
18.7254
-0
58.2309
-0
-0
0.254476
-0
-0
-0
-0
53.0011
-0
17.7446
24.2149
-0
-0
1.93768
-0
-0
-0
-0
-0
10.3974
-0
11.2385
-0
-0
-0
-0
-0
-0
54.8474
8.13171
-0
-0
-0
-0
-0
-0
-0
-0
-0
9.54326
-0
-0
-0
-0
-0
-0
-0
6.22537
5.62434
-0
-0
-0
55.3484
9.54385
-0
-0
16.2947
-0
-0
-0
-0
-0
-0
-0
-0
20.3665
-0
-0
-0
-0
2.85677
0.823047
30.953
-0
62.3068
-0
10.3159
29.0512
-0
44.0239
-0
32.7068
-0
-0
-0
-0
-0
-0
-0
-0
-0
-0
-0
-0
-0
-0
23.4985
9.5244
13.848
-0
-0
-0
-0
59.5177
-0
-0
-0
-0
-0
-0
16.1833
25.0023
-0
-0
35.8351
16.3266
-0
-0
-0
-0
-0
54.781
66.2163
-0
27.6139
-0
-0
-0
-0
-0
-0
34.0726
-0
-0
-0
7.66493
-0
-0
20.7747
-0
-0
-0
-0
-0
-0
-0
13.7517
-0
-0
-0
-0
-0
-0
30.2151
-0
-0
-0
-0
-0
-0
-0
-0
17.3244
-0
-0
32.2562
-0
-0
-0
-0
-0
-0
-0
62.4546
-0
-0
13.9667
-0
9.69093
-0
-0
-0
-0
38.2668
-0
-0
-0
-0
33.5029
-0
-0
-0
-0
11.6349
-0
-0
-0
-0
-0
43.3029
-0
-0
-0
15.0284
-0
-0
-0
-0
6.4152
-0
-0
3.5476
-0
27.425
-0
5.85253
-0
-0
8.00296
1.55599
-0
-0
-0
-0
3.06696
-0
-0
13.979
-0
2.06323
31.3529
28.2279
-0
10.5334
-0
-0
-0
-0
68.3162
-0
-0
-0
-0
-0
-0
-0
-0
-0
-0
-0
-0
-0
-0
-0
-0
1.82776
-0
-0
39.8708
-0
-0
-0
-0
-0
-0
-0
-0
21.9596
-0
-0
-0
-0
-0
18.2336
-0
-0
-0
-0
-0
-0
4.3119
-0
-0
-0
-0
-0
-0
-0
8.03197
-0
-0
21.8981
-0
17.4682
15.3611
-0
-0
-0
22.2743
-0
-0
18.4959
-0
-0
9.32788
-0
-0
-0
10.1849
15.854
-0
-0
-0
-0
11.1915
-0
3.76668
-0
-0
-0
-0
-0
-0
8.85581
-0
-0
-0
-0
-0
9.20915
-0
-0
-0
-0
10.8999
-0
-0
-0
-0
0.741902
-0
-0
-0
8.95023
-0
-0
-0
-0
17.4193
-0
-0
13.7473
-0
31.8179
-0
-0
-0
-0
-0
-0
2.00081
-0
-0
-0
-0
-0
25.8022
-0
-0
-0
1.19944
10.0025
-0
-0
-0
-0
-0
-0
-0
-0
65.5713
-0
-0
3.41909
28.2787
-0
26.1778
-0
-0
-0
19.3626
-0
-0
-0
4.19365
-0
-0
-0
5.68558
-0
-0
-0
-0
-0
21.951
-0
-0
-0
-0
-0
7.5293
-0
-0
12.7268
-0
-0
-0
-0
-0
26.0925
-0
46.3308
56.0674
14.787
-0
-0
-0
-0
-0
7.00739
19.3132
12.6653
-0
-0
-0
-0
-0
-0
-0
-0
-0
-0
-0
-0
-0
-0
-0
8.72865
-0
31.6876
-0
15.9605
-0
-0
-0
-0
17.5585
-0
18.2754
-0
-0
-0
-0
-0
-0
-0
2.73942
-0
-0
-0
-0
-0
-0
-0
-0
-0
-0
-0
-0
-0
-0
8.0639
-0
76.2856
-0
-0
17.2308
-0
-0
-0
-0
27.1518
-0
-0
-0
-0
39.7676
-0
-0
-0
-0
-0
-0
-0
-0
-0
-0
10.7278
-0
-0
-0
-0
-0
-0
-0
-0
19.1895
-0
-0
5.17962
-0
-0
-0
-0
-0
-0
-0
-0
-0
-0
-0
-0
-0
-0
-0
16.8579
2.86243
8.2789
-0
0.87579
-0
-0
-0
-0
-0
33.8387
-0
-0
-0
-0
-0
-0
-0
-0
-0
-0
-0
-0
-0
-0
17.6263
-0
-0
53.7042
-0
-0
-0
-0
-0
-0
-0
-0
-0
-0
-0
-0
-0
-0
-0
-0
-0
-0
-0
-0
-0
26.6569
-0
-0
-0
-0
-0
-0
-0
-0
-0
3.43117
-0
-0
-0
-0
4.37765
-0
-0
-0
11.3497
-0
-0
33.5519
-0
-0
-0
-0
31.331
-0
-0
8.59012
-0
19.872
-0
-0
-0
-0
-0
-0
-0
-0
25.2902
16.5269
6.10849
-0
-0
-0
-0
-0
-0
-0
-0
-0
-0
-0
23.8793
87.333
-0
-0
-0
25.2704
-0
-0
2.11256
-0
-0
-0
-0
38.9731
-0
10.5097
-0
-0
-0
2.65346
-0
-0
-0
-0
-0
-0
14.9512
-0
10.4325
35.4871
-0
-0
14.8693
-0
-0
-0
1.63674
-0
-0
5.87531
-0
-0
29.3756
-0
-0
-0
-0
-0
-0
-0
-0
-0
-0
-0
-0
-0
-0
25.8055
-0
-0
-0
-0
-0
-0
-0
-0
12.5042
-0
-0
-0
-0
-0
-0
-0
-0
-0
-0
-0
-0
-0
-0
-0
-0
-0
-0
-0
-0
-0
-0
-0
3.6796
-0
-0
-0
-0
18.591
-0
0.272283
-0
-0
-0
25.7974
-0
-0
-0
-0
-0
-0
9.42156
24.5045
-0
29.5113
-0
32.0483
10.0887
-0
-0
-0
-0
55.23
37.6673
-0
-0
-0
-0
-0
-0
-0
-0
-0
-0
-0
47.9021
-0
-0
-0
-0
-0
30.1654
30.7316
-0
-0
-0
3.17855
-0
-0
-0
-0
-0
-0
-0
-0
-0
-0
-0
-0
-0
30.389
-0
-0
10.1322
-0
-0
-0
-0
-0
-0
-0
-0
-0
-0
-0
-0
23.291
6.23823
-0
-0
-0
-0
13.1377
-0
-0
-0
-0
-0
30.8277
-0
-0
-0
-0
-0
-0
-0
-0
-0
-0
-0
-0
22.8918
44.6275
-0
-0
-0
-0
16.0625
34.8368
-0
-0
34.3618
-0
-0
0.435187
-0
-0
-0
-0
-0
40.7202
-0
-0
-0
3.68957
-0
-0
-0
-0
-0
-0
-0
-0
-0
-0
-0
-0
-0
-0
-0
-0
26.6088
21.7196
-0
-0
-0
-0
1.1717
-0
-0
-0
-0
14.5984
-0
-0
-0
26.78
-0
-0
-0
-0
-0
-0
-0
-0
46.5926
-0
21.3195
-0
12.8822
-0
-0
-0
24.5153
-0
-0
-0
-0
-0
-0
-0
-0
-0
-0
26.4151
-0
0.0537786
36.3911
-0
-0
-0
-0
-0
-0
3.1003
-0
-0
-0
34.6703
-0
-0
-0
-0
-0
-0
-0
-0
-0
-0
-0
14.2346
-0
-0
-0
-0
-0
-0
-0
27.0177
-0
0.180616
-0
9.35092
42.0443
-0
32.8837
-0
-0
-0
-0
-0
-0
-0
-0
-0
-0
11.5745
-0
-0
6.2748
-0
-0
-0
-0
-0
-0
-0
-0
-0
-0
-0
-0
18.5364
-0
-0
-0
-0
1.93371
-0
-0
-0
-0
-0
-0
-0
-0
-0
13.9516
-0
-0
-0
-0
39.6098
2.24044
-0
1.21658
18.6293
-0
-0
-0
-0
-0
-0
-0
-0
-0
-0
-0
37.5096
-0
-0
-0
-0
-0
-0
-0
-0
-0
9.74221
-0
-0
-0
-0
32.3198
-0
15.5953
-0
-0
-0
-0
-0
-0
-0
-0
-0
14.988
-0
-0
-0
-0
-0
14.6159
-0
-0
-0
-0
16.0212
-0
6.04779
-0
2.09965
7.36511
30.8692
-0
-0
-0
-0
-0
-0
-0
-0
-0
-0
-0
-0
-0
-0
-0
60.8407
13.2222
-0
22.0609
14.7809
-0
-0
19.3042
1.8263
-0
-0
-0
-0
-0
-0
-0
-0
-0
8.8781
-0
-0
-0
-0
-0
-0
22.041
-0
-0
-0
-0
-0
-0
10.0033
-0
1.97586
-0
23.8957
-0
-0
-0
-0
-0
-0
-0
-0
-0
-0
-0
-0
3.24345
-0
44.8657
-0
-0
-0
-0
-0
-0
-0
2.60913
-0
-0
-0
51.3603
-0
1.78272
-0
-0
-0
-0
40.9047
-0
-0
24.7278
-0
-0
-0
-0
-0
32.36
-0
-0
-0
-0
14.441
-0
-0
-0
-0
-0
-0
-0
-0
-0
-0
-0
7.77922
-0
-0
-0
-0
6.63251
-0
-0
-0
-0
19.7572
-0
-0
-0
-0
-0
-0
-0
-0
-0
6.51444
23.8992
-0
-0
10.8469
-0
-0
-0
-0
-0
-0
-0
22.0449
-0
-0
-0
-0
-0
-0
-0
-0
-0
-0
-0
-0
-0
-0
-0
-0
-0
-0
8.76803
11.6708
-0
-0
-0
-0
-0
-0
-0
-0
10.5363
-0
-0
7.47129
1.21199
-0
34.8901
-0
8.95356
-0
13.0945
-0
58.5172
-0
-0
0.319548
-0
-0
-0
-0
26.9142
-0
3.07808
-0
-0
-0
-0
33.195
-0
-0
-0
-0
-0
19.0809
-0
-0
-0
-0
-0
5.94539
-0
-0
30.1646
-0
11.9485
-0
-0
-0
-0
-0
-0
-0
-0
-0
-0
-0
-0
-0
13.8357
-0
20.1666
-0
65.9513
-0
-0
-0
-0
-0
-0
-0
7.26728
-0
7.24347
18.1097
-0
-0
-0
-0
64.3734
-0
11.8865
-0
76.4152
-0
-0
-0
11.7698
-0
14.6302
-0
-0
-0
-0
-0
-0
-0
-0
-0
-0
-0
-0
19.6503
-0
-0
-0
-0
-0
-0
-0
-0
43.0269
10.6699
-0
25.6197
-0
-0
-0
-0
-0
-0
-0
-0
-0
-0
-0
-0
-0
-0
-0
-0
7.28934
22.9763
-0
-0
-0
-0
-0
-0
-0
-0
-0
0.246618
25.5751
-0
-0
13.0262
-0
20.2689
7.98895
-0
27.1701
-0
-0
-0
-0
-0
11.4738
-0
-0
-0
-0
-0
-0
-0
46.8732
-0
20.1558
-0
-0
-0
34.2543
-0
-0
-0
-0
-0
5.589
-0
-0
-0
31.5628
29.6589
-0
-0
-0
-0
-0
11.7001
-0
-0
-0
-0
-0
-0
-0
-0
31.8569
-0
-0
-0
-0
-0
-0
-0
-0
19.5939
-0
-0
-0
-0
5.71741
-0
-0
4.47622
0.293388
-0
-0
37.0174
-0
-0
-0
-0
-0
-0
-0
-0
-0
13.0257
-0
-0
-0
-0
-0
-0
-0
-0
-0
-0
12.1503
-0
-0
-0
-0
-0
18.429
-0
-0
-0
-0
-0
-0
-0
-0
29.5421
-0
0.206215
-0
-0
-0
-0
21.4709
-0
-0
-0
-0
-0
30.0857
-0
-0
-0
-0
-0
-0
-0
59.728
-0
8.65971
26.0736
-0
19.8948
-0
-0
-0
-0
2.02883
-0
-0
-0
48.8267
-0
-0
-0
-0
3.37576
0.155025
-0
-0
-0
-0
-0
1.92109
-0
-0
-0
-0
-0
-0
-0
-0
34.1627
-0
-0
-0
40.6138
-0
28.301
-0
-0
-0
-0
65.0166
21.8198
-0
-0
-0
-0
-0
-0
-0
-0
-0
-0
-0
-0
-0
46.4138
6.81578
-0
-0
-0
-0
-0
-0
-0
2.82444
-0
-0
-0
-0
55.9309
-0
-0
-0
28.0128
9.56873
35.5572
-0
-0
37.5439
-0
-0
-0
-0
-0
63.5949
-0
-0
-0
-0
-0
-0
-0
-0
-0
-0
-0
-0
-0
-0
-0
-0
-0
-0
14.4029
-0
-0
-0
-0
-0
-0
19.239
-0
0.66813
12.2696
-0
-0
-0
-0
-0
-0
69.9221
-0
-0
-0
-0
-0
47.401
2.6926
-0
45.6477
32.5339
17.9688
-0
-0
5.43749
-0
-0
-0
17.4154
8.39918
-0
11.4672
3.35652
-0
-0
-0
-0
25.3627
-0
-0
-0
-0
-0
-0
-0
-0
-0
-0
12.7546
-0
-0
-0
-0
-0
-0
-0
-0
-0
-0
-0
-0
11.4838
-0
-0
-0
-0
-0
-0
-0
34.5593
-0
-0
-0
-0
10.8632
11.3847
-0
-0
-0
-0
-0
-0
-0
-0
-0
-0
-0
-0
-0
8.38024
-0
-0
-0
14.5902
-0
66.3007
-0
-0
-0
-0
11.3876
11.3441
-0
-0
-0
-0
-0
-0
-0
-0
23.4347
-0
-0
-0
0.0814729
-0
58.5041
-0
-0
-0
-0
36.9999
-0
32.594
47.8414
-0
-0
-0
-0
-0
-0
-0
-0
-0
6.37102
60.1479
-0
-0
-0
-0
27.2312
85.602
-0
-0
-0
22.1168
43.919
-0
78.3161
-0
-0
-0
23.1744
-0
-0
-0
-0
-0
-0
-0
-0
-0
-0
6.38475
-0
-0
-0
16.3303
-0
-0
20.9494
-0
-0
-0
-0
-0
-0
-0
-0
-0
1.62669
28.3235
-0
-0
16.0275
-0
-0
-0
-0
-0
2.39126
-0
-0
-0
-0
41.5604
-0
-0
-0
-0
-0
8.78837
-0
-0
-0
-0
-0
-0
-0
-0
-0
10.2046
5.7169
-0
-0
-0
38.1397
-0
-0
-0
-0
-0
10.7887
-0
-0
-0
8.44798
0.734389
-0
-0
-0
-0
-0
-0
15.8394
-0
-0
-0
-0
-0
-0
7.40129
11.2026
-0
-0
-0
-0
-0
-0
-0
-0
-0
-0
-0
0.103201
-0
-0
1.41435
34.5063
33.6027
-0
-0
-0
-0
67.9123
-0
-0
-0
-0
-0
-0
24.678
-0
-0
-0
-0
44.3158
-0
-0
-0
42.1868
6.58161
-0
-0
-0
-0
5.37863
-0
-0
-0
-0
-0
-0
39.9038
-0
-0
-0
-0
-0
-0
-0
-0
-0
-0
-0
-0
-0
33.4586
-0
0.700698
10.754
-0
-0
2.85464
4.17911
-0
-0
-0
8.66165
-0
-0
-0
-0
-0
-0
-0
-0
-0
-0
-0
-0
-0
-0
-0
-0
-0
-0
-0
-0
-0
-0
-0
-0
-0
-0
-0
-0
4.49506
-0
-0
-0
-0
-0
-0
43.1425
-0
-0
-0
57.2642
-0
-0
2.37631
16.6669
-0
-0
4.45523
-0
16.4834
-0
-0
-0
25.0437
-0
57.7414
-0
-0
2.99657
21.8377
-0
-0
-0
-0
-0
-0
-0
-0
-0
-0
7.18144
-0
-0
-0
-0
-0
-0
3.39891
21.1197
20.2863
-0
-0
-0
10.089
-0
-0
-0
-0
-0
-0
-0
-0
-0
-0
-0
-0
-0
-0
-0
-0
5.18538
-0
-0
-0
-0
-0
-0
-0
-0
-0
15.05
78.6033
-0
-0
16.4717
-0
-0
-0
-0
-0
15.2115
-0
-0
-0
-0
8.03418
-0
-0
-0
