1.2703
-0
-0
-0
-0
20.3073
-0
-0
12.8132
-0
46.7114
-0
-0
-0
-0
32.3364
-0
-0
13.6989
-0
-0
-0
-0
-0
-0
-0
-0
33.7356
-0
-0
-0
-0
-0
-0
1.04824
-0
-0
-0
-0
-0
-0
-0
-0
-0
-0
0.765043
-0
4.40261
-0
-0
-0
-0
0.382352
-0
0.744426
-0
-0
-0
40.1161
10.2741
-0
-0
-0
-0
26.3126
-0
3.07856
-0
-0
1.42729
-0
-0
-0
-0
-0
-0
-0
-0
-0
-0
-0
45.897
-0
-0
-0
-0
-0
-0
-0
-0
9.06892
-0
-0
-0
-0
-0
-0
-0
14.8727
-0
-0
-0
-0
-0
18.0467
-0
11.9728
-0
-0
-0
10.7701
-0
-0
-0
-0
-0
15.5281
-0
59.6217
13.4759
43.3797
-0
-0
-0
-0
-0
6.49951
-0
-0
-0
-0
0.809416
5.52679
-0
-0
-0
-0
-0
-0
47.5536
-0
-0
20.4154
-0
-0
-0
-0
-0
2.87945
-0
-0
-0
-0
21.1027
-0
-0
69.8661
-0
-0
2.35592
-0
0.768687
-0
62.9279
57.1351
-0
-0
37.0922
-0
58.609
-0
24.9862
-0
-0
-0
-0
-0
-0
-0
-0
-0
-0
-0
-0
-0
11.3082
-0
-0
-0
-0
-0
3.61913
-0
-0
-0
-0
-0
-0
17.7885
-0
-0
1.17905
21.1135
-0
-0
-0
-0
15.78
29.3597
-0
17.6807
-0
66.7686
-0
-0
-0
24.1395
-0
-0
-0
-0
-0
-0
-0
-0
-0
-0
-0
-0
16.3304
-0
2.07399
-0
-0
-0
-0
-0
-0
-0
-0
-0
-0
-0
-0
-0
6.91695
-0
-0
-0
-0
-0
-0
-0
-0
-0
-0
-0
-0
-0
-0
-0
5.11887
-0
-0
-0
-0
33.1551
-0
-0
-0
-0
43.2162
-0
24.662
-0
-0
-0
-0
-0
-0
-0
4.6994
-0
4.44754
-0
-0
-0
25.0027
-0
-0
18.7488
2.8218
11.1031
-0
18.0619
-0
9.71206
4.65318
-0
49.3611
-0
5.93517
-0
-0
-0
52.9458
-0
-0
2.41531
-0
14.9829
-0
-0
-0
-0
-0
-0
-0
-0
0.905395
-0
-0
-0
-0
-0
-0
8.79797
-0
-0
31.0711
-0
-0
-0
-0
-0
-0
-0
3.49053
-0
-0
-0
-0
-0
-0
34.7033
-0
15.8244
-0
-0
-0
-0
-0
-0
-0
-0
-0
-0
-0
-0
7.01325
0.449031
-0
-0
36.6402
-0
3.03395
-0
-0
-0
-0
-0
22.4997
-0
-0
-0
-0
-0
-0
-0
-0
-0
24.9367
-0
-0
-0
15.7579
4.65112
-0
-0
-0
-0
-0
-0
-0
-0
-0
-0
22.0304
-0
-0
-0
19.6528
-0
-0
19.6169
-0
-0
-0
44.6273
12.6436
-0
-0
-0
-0
14.4891
-0
-0
-0
-0
-0
30.4367
-0
-0
-0
10.4376
17.399
49.6243
-0
-0
-0
-0
-0
3.07722
-0
5.29244
-0
18.3623
-0
-0
-0
-0
-0
-0
34.3764
-0
-0
-0
-0
-0
-0
-0
-0
-0
-0
41.116
-0
-0
-0
-0
-0
-0
-0
-0
-0
-0
-0
-0
-0
-0
-0
-0
-0
12.1043
-0
-0
15.5013
-0
-0
-0
-0
-0
-0
-0
41.5549
-0
19.9991
-0
-0
-0
5.31102
-0
-0
-0
-0
-0
67.241
-0
-0
-0
5.35548
-0
-0
39.8073
1.47373
-0
-0
-0
13.4413
-0
5.60761
-0
-0
7.72692
9.83352
-0
-0
-0
-0
16.588
-0
-0
-0
-0
12.8227
-0
-0
-0
-0
-0
-0
-0
-0
-0
-0
45.3626
-0
-0
-0
-0
-0
-0
-0
-0
-0
-0
15.3541
-0
-0
4.09944
10.2318
3.7934
-0
-0
-0
9.36493
-0
-0
-0
16.1884
-0
-0
-0
-0
-0
1.10965
-0
-0
-0
16.0455
-0
-0
-0
-0
-0
-0
2.54789
-0
-0
-0
27.6017
26.0051
-0
-0
-0
-0
38.4289
-0
7.29185
-0
3.9704
-0
-0
-0
-0
-0
-0
20.8474
24.0109
17.2051
-0
43.2636
-0
-0
-0
-0
-0
-0
26.6484
-0
47.0244
-0
-0
10.0417
-0
-0
-0
70.4812
-0
-0
-0
-0
-0
-0
14.5976
-0
-0
-0
-0
-0
-0
-0
-0
-0
-0
-0
-0
-0
-0
40.7126
-0
3.74266
-0
-0
-0
-0
34.1854
-0
47.0435
73.6682
0.62863
-0
-0
-0
-0
4.22417
-0
-0
-0
-0
-0
7.76448
-0
-0
45.0734
-0
10.0908
-0
-0
-0
-0
-0
-0
-0
8.29845
4.4736
-0
-0
-0
2.17768
-0
-0
-0
-0
-0
-0
41.9583
-0
-0
-0
-0
-0
-0
37.1091
-0
-0
37.2811
-0
-0
-0
-0
-0
-0
-0
-0
22.0225
-0
-0
-0
-0
-0
-0
-0
-0
-0
-0
-0
-0
-0
-0
-0
-0
-0
-0
-0
29.8265
-0
-0
-0
0.861042
-0
-0
7.5301
-0
-0
-0
-0
-0
0.167755
-0
-0
-0
-0
-0
-0
-0
53.0312
-0
-0
-0
32.2383
3.72128
-0
-0
-0
-0
-0
13.3717
-0
28.8379
-0
1.14666
-0
-0
-0
-0
18.6714
8.00525
-0
-0
22.3586
-0
-0
-0
22.2873
-0
-0
-0
-0
-0
6.47411
-0
-0
8.96336
-0
-0
-0
12.0008
78.5061
-0
17.2605
-0
-0
-0
-0
29.6854
-0
-0
-0
-0
9.62866
-0
-0
-0
-0
0.128818
57.5132
-0
-0
-0
-0
-0
-0
-0
-0
-0
32.1179
-0
-0
-0
62.0977
-0
-0
72.7755
-0
-0
-0
-0
6.566
-0
-0
30.325
-0
2.67476
-0
-0
-0
34.0769
54.4356
-0
3.11508
-0
-0
-0
-0
-0
44.5845
-0
-0
1.56763
22.2317
-0
-0
12.9561
-0
-0
26.908
50.2258
3.79188
-0
24.8999
-0
5.11559
-0
-0
24.0408
-0
-0
-0
-0
-0
-0
-0
-0
-0
24.1509
-0
12.0143
-0
-0
-0
-0
-0
-0
8.12507
-0
13.5308
-0
-0
26.008
-0
-0
-0
3.01029
-0
-0
-0
14.0024
-0
-0
-0
-0
19.1287
-0
-0
44.7408
29.5128
-0
-0
-0
-0
31.7307
14.6812
-0
-0
-0
-0
-0
-0
-0
-0
4.14632
-0
-0
-0
9.88151
-0
-0
14.4263
-0
-0
-0
-0
15.8787
-0
-0
21.4644
-0
39.5483
-0
1.60897
-0
-0
-0
14.1955
-0
-0
-0
16.1943
-0
-0
-0
-0
-0
-0
54.3525
8.93135
-0
-0
-0
-0
-0
-0
3.93974
-0
6.89224
4.27346
-0
-0
-0
2.79649
-0
-0
-0
18.3594
-0
-0
-0
23.9546
8.74071
-0
-0
-0
-0
-0
-0
-0
-0
-0
-0
-0
-0
-0
-0
-0
-0
4.27123
-0
-0
-0
10.6988
-0
-0
-0
-0
-0
15.4828
-0
-0
-0
-0
-0
-0
-0
-0
-0
-0
-0
-0
-0
-0
-0
-0
-0
-0
21.5968
-0
-0
-0
-0
23.3428
-0
-0
-0
-0
-0
-0
-0
-0
34.527
-0
-0
-0
-0
-0
-0
-0
1.24739
-0
-0
-0
-0
-0
15.6802
-0
36.6786
-0
-0
-0
-0
-0
-0
-0
5.10588
-0
-0
51.828
-0
17.6094
-0
1.77909
-0
-0
-0
-0
36.7657
-0
-0
-0
22.5786
-0
-0
-0
-0
-0
-0
-0
-0
51.6637
48.1075
-0
-0
-0
-0
-0
-0
-0
-0
18.2326
-0
-0
-0
-0
10.4517
-0
-0
-0
-0
-0
-0
-0
-0
-0
-0
41.0682
-0
-0
-0
5.61099
28.2537
18.4745
-0
-0
-0
13.2456
24.8803
-0
-0
-0
-0
5.00894
-0
-0
29.6017
12.6325
-0
-0
-0
-0
-0
-0
-0
-0
-0
-0
-0
-0
-0
-0
-0
-0
-0
-0
-0
-0
-0
47.497
-0
-0
-0
-0
-0
-0
-0
-0
-0
30.7611
-0
-0
-0
-0
-0
24.8278
-0
32.9185
-0
-0
-0
-0
9.32063
-0
-0
-0
-0
11.3654
22.4881
-0
-0
-0
-0
-0
-0
-0
-0
-0
-0
-0
-0
-0
-0
-0
-0
-0
-0
-0
-0
7.6774
-0
3.71491
-0
-0
-0
-0
23.2451
16.4377
-0
-0
-0
-0
-0
-0
-0
-0
-0
-0
-0
-0
-0
-0
10.4217
-0
-0
-0
5.10015
-0
-0
-0
-0
-0
-0
-0
-0
-0
-0
41.4285
-0
-0
6.88047
-0
-0
-0
-0
-0
-0
-0
12.5248
-0
-0
-0
19.8863
-0
-0
-0
8.93965
-0
-0
-0
-0
-0
-0
10.8792
-0
-0
-0
20.6427
-0
-0
-0
-0
-0
-0
-0
39.0061
-0
-0
-0
-0
-0
-0
21.13
3.13479
-0
3.42558
18.0487
18.956
-0
-0
20.8823
-0
36.5228
-0
0.285281
-0
-0
-0
-0
-0
-0
43.5249
-0
12.2909
-0
-0
-0
-0
8.09523
41.487
-0
-0
8.13583
-0
-0
-0
38.7124
-0
7.76922
-0
-0
-0
-0
22.8338
33.26
31.1165
-0
-0
-0
-0
8.26509
-0
-0
-0
13.3977
-0
-0
-0
-0
-0
19.622
7.13175
-0
-0
-0
58.5214
-0
47.1467
-0
-0
-0
-0
-0
-0
-0
-0
-0
-0
-0
-0
-0
-0
29.2135
-0
-0
-0
-0
-0
45.0659
14.6043
-0
-0
-0
-0
-0
-0
-0
-0
31.7621
-0
-0
-0
-0
-0
-0
-0
8.27237
-0
5.40323
-0
-0
14.3839
-0
22.8581
-0
32.1848
-0
-0
-0
-0
-0
27.4429
-0
-0
-0
-0
20.6249
3.14017
-0
16.0739
-0
-0
0.272491
-0
3.42963
-0
-0
-0
-0
-0
-0
-0
-0
-0
-0
27.2261
5.64132
-0
8.86965
-0
5.71154
0.80961
-0
-0
15.1434
-0
-0
10.7061
7.20855
-0
-0
-0
8.16274
-0
-0
-0
-0
-0
-0
5.09349
-0
-0
-0
-0
-0
31.8023
-0
-0
-0
-0
-0
-0
-0
33.6958
14.503
-0
-0
-0
-0
3.66692
-0
-0
-0
-0
-0
-0
-0
22.1724
-0
-0
-0
-0
-0
-0
-0
-0
-0
-0
45.7134
-0
-0
-0
38.9098
4.64296
-0
-0
-0
-0
-0
-0
-0
-0
-0
-0
-0
-0
4.74494
-0
-0
-0
0.180984
-0
24.9434
-0
-0
-0
-0
-0
-0
-0
-0
-0
-0
-0
17.9801
37.9624
-0
-0
-0
-0
15.7562
-0
-0
36.2397
-0
-0
19.5066
22.5079
-0
19.292
22.6767
-0
-0
-0
-0
-0
-0
-0
-0
15.2957
-0
-0
28.4648
14.9659
-0
3.65317
-0
-0
-0
9.97777
-0
-0
-0
-0
-0
-0
-0
-0
43.8752
-0
-0
-0
-0
-0
-0
-0
-0
-0
-0
-0
8.65491
-0
-0
-0
-0
-0
14.1588
-0
-0
-0
52.6745
-0
9.89354
-0
-0
-0
41.3174
-0
-0
-0
-0
-0
-0
22.8693
-0
-0
-0
-0
24.4458
-0
-0
2.77923
-0
62.2477
-0
7.26381
18.1942
-0
-0
-0
-0
-0
-0
-0
-0
-0
-0
6.57225
-0
-0
8.68779
-0
-0
8.48481
-0
-0
-0
-0
-0
-0
-0
-0
-0
-0
40.0472
4.54406
-0
35.4979
-0
-0
-0
-0
-0
-0
-0
-0
-0
-0
21.5928
-0
-0
-0
-0
-0
44.2728
-0
-0
15.6617
-0
-0
-0
-0
7.26206
-0
-0
-0
-0
-0
-0
-0
-0
-0
26.3532
-0
-0
-0
29.4187
-0
-0
-0
31.8714
24.0016
-0
-0
-0
-0
-0
-0
-0
13.2098
-0
11.1416
23.2334
-0
-0
-0
-0
-0
-0
-0
28.011
-0
30.4293
-0
-0
1.92602
-0
-0
-0
5.4557
-0
-0
-0
-0
-0
-0
3.4706
-0
-0
49.401
-0
-0
-0
-0
21.8573
30.7397
-0
-0
-0
-0
-0
5.45928
-0
-0
-0
-0
-0
-0
-0
-0
-0
32.8708
10.1741
14.1686
-0
-0
-0
-0
-0
-0
-0
-0
-0
-0
-0
-0
47.4997
-0
13.7418
-0
-0
1.59425
-0
-0
-0
-0
-0
-0
-0
-0
51.4851
-0
-0
-0
-0
-0
-0
-0
-0
-0
-0
-0
-0
-0
-0
-0
-0
-0
-0
-0
25.6925
-0
3.86053
-0
-0
-0
-0
-0
-0
-0
-0
-0
-0
-0
6.69174
-0
-0
10.3773
-0
-0
36.885
0.736708
-0
-0
-0
-0
-0
-0
-0
-0
-0
-0
-0
-0
-0
-0
20.7776
-0
-0
-0
-0
-0
-0
-0
-0
17.9296
-0
-0
-0
-0
-0
50.8539
-0
3.02089
15.8861
-0
-0
-0
-0
-0
26.5476
0.972087
-0
-0
-0
-0
0.175342
15.2341
4.79259
10.8308
-0
-0
-0
-0
1.05424
-0
-0
-0
11.318
-0
62.8668
-0
1.86539
-0
-0
-0
-0
-0
-0
37.1996
47.5269
-0
-0
-0
-0
-0
-0
-0
-0
-0
25.2548
-0
27.9885
-0
-0
-0
-0
-0
16.0733
-0
-0
58.7457
-0
-0
-0
36.6816
-0
-0
-0
26.4856
-0
8.08936
-0
-0
-0
9.45589
-0
1.32269
-0
-0
-0
-0
-0
-0
-0
-0
8.86572
-0
41.9487
-0
-0
4.26142
0.573011
-0
-0
-0
15.4475
-0
-0
1.18717
-0
-0
-0
-0
-0
-0
-0
-0
-0
-0
13.3894
70.3843
19.4282
23.03
-0
-0
-0
7.52747
-0
-0
-0
7.98498
-0
-0
39.6135
-0
7.39997
-0
-0
-0
-0
-0
-0
-0
-0
-0
14.834
9.00411
-0
-0
-0
7.82359
-0
-0
-0
-0
-0
0.741265
-0
45.9497
-0
-0
-0
0.562158
0.619817
13.8439
-0
-0
32.9008
-0
53.946
-0
5.08256
1.87229
-0
-0
-0
-0
66.1851
-0
1.07729
18.7649
-0
-0
3.1424
-0
-0
-0
-0
-0
10.3975
-0
8.11147
-0
8.01288
-0
-0
-0
-0
43.3665
2.14931
-0
-0
-0
-0
-0
-0
-0
31.2669
-0
29.2701
-0
-0
0.24989
-0
-0
-0
-0
24.6915
7.51636
-0
-0
-0
53.189
-0
-0
-0
10.1793
-0
-0
-0
-0
-0
-0
-0
-0
14.5868
-0
-0
-0
-0
10.5319
0.798346
15.8596
-0
56.7139
-0
0.892866
3.31575
-0
47.3048
-0
34.7373
21.0345
-0
-0
-0
-0
-0
-0
-0
-0
6.1876
-0
-0
-0
-0
29.5322
10.1602
-0
3.45564
-0
-0
-0
50.2052
-0
-0
-0
-0
-0
-0
44.4165
21.1633
-0
2.88683
20.6293
5.60348
-0
-0
-0
-0
-0
37.233
53.8375
-0
47.9941
-0
-0
-0
-0
-0
-0
21.2179
-0
-0
-0
28.4342
-0
-0
12.6814
-0
-0
-0
-0
-0
-0
-0
-0
-0
-0
-0
-0
-0
-0
38.3301
-0
-0
-0
-0
-0
-0
-0
-0
33.2146
3.13923
-0
17.8268
-0
-0
-0
-0
-0
-0
-0
71.7238
-0
4.94259
22.5009
-0
-0
-0
-0
-0
-0
50.3059
-0
-0
-0
-0
29.234
-0
-0
-0
-0
4.57272
-0
-0
10.474
-0
-0
25.6984
-0
-0
-0
16.2248
-0
-0
-0
-0
-0
-0
-0
5.08413
-0
46.1163
-0
16.0665
-0
-0
1.64887
13.7323
-0
-0
-0
-0
-0
-0
-0
8.8691
-0
-0
18.1101
38.4059
-0
18.5136
-0
-0
-0
-0
56.332
-0
-0
-0
1.1738
-0
-0
-0
-0
-0
-0
-0
-0
-0
-0
-0
-0
10.0619
-0
-0
25.2078
-0
-0
-0
-0
-0
-0
-0
-0
24.5956
-0
-0
-0
-0
-0
19.5731
-0
-0
-0
-0
-0
-0
8.41439
-0
-0
-0
-0
-0
-0
-0
5.48305
-0
-0
5.55866
-0
21.9439
19.0242
-0
-0
-0
25.3847
-0
-0
24.8613
-0
-0
6.01636
-0
-0
-0
3.43615
3.8275
-0
-0
-0
-0
16.9547
-0
-0
-0
-0
-0
-0
-0
-0
23.7331
-0
-0
-0
-0
-0
20.5674
-0
-0
-0
-0
26.4226
-0
0.76907
6.50601
-0
0.0496044
-0
-0
-0
8.19162
-0
-0
-0
-0
5.21848
-0
-0
-0
-0
33.5982
-0
-0
-0
-0
-0
-0
1.95411
-0
-0
-0
-0
12.3182
39.3475
-0
-0
-0
1.76597
12.9731
-0
-0
-0
-0
-0
-0
-0
-0
67.5839
-0
-0
12.9166
48.3738
-0
19.6242
-0
-0
-0
23.4765
-0
-0
-0
8.82148
-0
-0
-0
-0
-0
-0
-0
-0
-0
15.8839
-0
-0
-0
-0
-0
7.63178
-0
-0
4.27447
-0
-0
-0
-0
-0
24.3536
-0
58.1178
54.9016
-0
-0
-0
-0
-0
-0
25.4002
10.2766
16.6306
-0
-0
-0
-0
-0
-0
-0
-0
-0
-0
-0
-0
-0
-0
-0
17.7834
-0
29.3155
-0
5.68721
-0
-0
-0
-0
33.6865
-0
-0
-0
-0
-0
-0
-0
-0
-0
5.07752
-0
-0
23.8887
-0
-0
-0
-0
-0
-0
-0
-0
-0
-0
2.62797
15.0993
-0
81.5998
-0
-0
10.0769
-0
-0
-0
-0
31.1632
2.33545
-0
-0
-0
32.3964
-0
-0
-0
-0
-0
-0
-0
-0
-0
-0
22.8896
-0
-0
-0
-0
-0
-0
-0
-0
30.4074
-0
-0
3.22426
-0
-0
-0
-0
-0
-0
-0
-0
1.673
-0
-0
-0
-0
5.9913
-0
6.35758
20.5965
20.2882
-0
-0
-0
-0
-0
-0
-0
39.67
-0
-0
2.26266
-0
-0
-0
-0
-0
-0
-0
-0
-0
-0
-0
9.31988
-0
-0
61.0126
-0
-0
-0
-0
-0
-0
-0
-0
-0
-0
-0
-0
-0
-0
-0
-0
-0
-0
-0
-0
3.32742
23.1173
-0
-0
-0
-0
-0
-0
-0
12.5042
-0
5.53096
-0
3.4568
-0
-0
4.67217
-0
-0
7.6157
12.891
-0
-0
30.1485
-0
-0
-0
-0
29.1491
-0
-0
-0
-0
14.0858
-0
-0
-0
-0
-0
-0
-0
-0
17.9748
1.54862
8.11926
-0
-0
-0
-0
-0
-0
-0
-0
-0
-0
-0
26.7323
83.0405
-0
-0
-0
31.8169
-0
-0
-0
-0
-0
-0
-0
29.4508
-0
37.6021
-0
-0
-0
14.6029
-0
-0
-0
-0
-0
-0
21.8934
-0
10.583
11.9321
-0
-0
13.7341
-0
-0
-0
13.639
-0
-0
-0
-0
-0
41.5418
-0
-0
-0
7.71362
-0
-0
-0
-0
-0
-0
-0
-0
-0
-0
22.8795
-0
-0
-0
-0
-0
-0
-0
-0
6.72445
-0
-0
-0
-0
-0
-0
-0
-0
-0
-0
-0
-0
-0
-0
-0
-0
-0
-0
-0
-0
-0
-0
-0
-0
-0
-0
-0
-0
-0
-0
0.780039
-0
-0
-0
7.17568
-0
-0
-0
-0
-0
-0
-0
10.4172
-0
34.1063
-0
44.747
-0
-0
-0
2.85117
-0
43.0442
12.8137
-0
-0
-0
-0
-0
-0
-0
-0
23.6338
-0
-0
71.6334
-0
-0
-0
-0
-0
42.5703
32.3637
-0
-0
-0
3.58952
-0
-0
-0
-0
-0
-0
-0
-0
-0
-0
-0
-0
-0
34.8588
-0
-0
3.79199
-0
-0
-0
-0
-0
-0
-0
-0
-0
-0
-0
-0
14.6569
32.8345
-0
-0
-0
-0
8.52816
-0
-0
-0
7.2342
-0
34.3614
-0
-0
-0
-0
-0
-0
9.91238
-0
-0
-0
-0
-0
34.8274
60.5086
-0
-0
-0
-0
27.3159
39.9068
-0
-0
27.2869
-0
-0
0.354816
-0
-0
-0
-0
-0
44.0103
-0
-0
-0
11.9179
-0
-0
-0
-0
-0
-0
-0
-0
-0
-0
-0
-0
-0
-0
-0
-0
30.7767
44.2948
-0
-0
-0
-0
9.26661
-0
-0
-0
-0
42.9527
-0
-0
-0
-0
-0
-0
-0
-0
-0
-0
-0
-0
37.221
-0
11.5038
-0
14.4675
-0
-0
-0
5.44063
-0
-0
-0
-0
-0
-0
-0
-0
-0
-0
25.7968
-0
12.7814
41.7776
-0
-0
-0
-0
-0
-0
5.35445
-0
-0
-0
29.6935
22.9377
-0
-0
-0
-0
-0
-0
-0
-0
-0
-0
12.8611
-0
-0
-0
-0
-0
-0
-0
27.5627
-0
4.64446
-0
13.5462
60.8331
-0
44.9599
-0
-0
-0
-0
-0
-0
-0
8.44656
-0
-0
31.8947
-0
-0
16.0792
-0
-0
-0
-0
-0
-0
-0
-0
-0
-0
-0
-0
18.387
-0
-0
-0
-0
1.72972
-0
-0
-0
-0
-0
-0
-0
-0
-0
14.8736
-0
-0
-0
-0
46.3003
-0
-0
0.916607
31.2422
-0
-0
-0
-0
-0
-0
-0
-0
-0
-0
-0
50.5186
-0
-0
-0
-0
-0
-0
-0
-0
-0
2.98993
-0
-0
-0
-0
9.72068
-0
21.4048
-0
-0
-0
-0
-0
-0
-0
-0
-0
35.7648
-0
-0
-0
-0
12.2126
22.5723
-0
-0
-0
-0
15.3607
-0
-0
-0
-0
9.59958
33.2984
-0
-0
-0
-0
-0
-0
-0
-0
-0
-0
-0
5.1529
-0
-0
-0
41.7669
9.56164
31.4868
14.0524
19.3556
-0
-0
23.8943
13.813
-0
-0
-0
-0
-0
-0
-0
-0
-0
8.67646
-0
-0
-0
-0
-0
-0
27.7579
-0
-0
-0
-0
-0
-0
32.9519
-0
1.95318
-0
9.86205
-0
-0
0.327708
-0
-0
-0
-0
-0
-0
-0
6.00441
-0
12.5575
-0
34.8488
-0
-0
-0
-0
-0
-0
-0
4.7653
-0
-0
-0
11.687
-0
-0
-0
-0
-0
-0
44.3637
-0
-0
-0
-0
-0
-0
-0
-0
39.862
-0
-0
-0
-0
-0
-0
-0
-0
-0
-0
-0
-0
-0
-0
-0
-0
-0
-0
-0
-0
-0
-0
-0
-0
-0
-0
11.4422
-0
-0
-0
-0
-0
-0
-0
-0
-0
1.92419
21.1516
-0
-0
9.8316
-0
-0
-0
-0
-0
-0
-0
12.6861
-0
-0
-0
-0
20.1681
-0
-0
-0
-0
-0
-0
-0
1.74619
2.71501
-0
-0
-0
-0
23.3471
-0
-0
-0
-0
-0
-0
-0
-0
-0
26.478
-0
-0
20.7432
-0
-0
61.7809
-0
1.43937
-0
24.8898
-0
59.9131
-0
-0
20.9059
-0
-0
-0
-0
10.5217
-0
25.5954
-0
-0
-0
-0
18.3689
-0
-0
-0
-0
-0
11.3601
-0
-0
-0
-0
-0
9.60503
-0
-0
12.0649
-0
7.5251
-0
-0
-0
-0
-0
-0
-0
-0
-0
-0
-0
-0
-0
28.6073
-0
15.9573
-0
68.5226
-0
-0
-0
-0
-0
-0
-0
9.81334
-0
7.97946
18.5152
-0
-0
9.26856
-0
65.2004
-0
-0
-0
78.0765
-0
-0
-0
7.86235
-0
19.8637
-0
-0
-0
-0
-0
-0
-0
-0
-0
-0
-0
-0
30.8799
-0
-0
-0
-0
-0
13.9576
-0
-0
43.3525
23.4096
-0
21.7819
-0
-0
-0
-0
1.63698
-0
-0
-0
-0
-0
-0
-0
-0
-0
-0
-0
8.75998
27.9915
-0
7.94206
-0
-0
-0
-0
-0
-0
-0
8.75067
31.021
-0
-0
-0
-0
11.5563
3.11828
-0
22.9274
-0
-0
-0
-0
-0
19.9745
-0
0.540088
-0
-0
-0
-0
-0
40.4238
-0
8.9614
-0
-0
-0
39.2396
-0
-0
-0
-0
-0
8.84004
-0
-0
-0
46.1403
30.6289
-0
-0
-0
-0
-0
8.02938
-0
-0
-0
-0
-0
-0
-0
5.02637
37.9358
-0
-0
-0
-0
-0
-0
-0
-0
-0
7.56169
-0
-0
-0
9.41986
-0
3.37241
4.6692
-0
-0
-0
28.7923
16.2217
-0
-0
-0
-0
-0
-0
-0
-0
15.1867
-0
-0
-0
-0
-0
-0
-0
-0
-0
-0
33.9988
-0
-0
-0
-0
-0
16.2517
-0
-0
-0
-0
-0
-0
-0
4.84912
28.2885
-0
0.295502
-0
-0
-0
-0
37.8335
-0
-0
-0
-0
-0
16.2649
-0
-0
-0
-0
-0
-0
-0
47.915
-0
-0
29.7575
-0
10.0594
-0
-0
-0
-0
-0
-0
-0
-0
37.1258
-0
-0
-0
-0
-0
-0
-0
-0
-0
-0
-0
-0
-0
-0
-0
-0
2.19115
13.6671
-0
-0
49.2316
-0
-0
-0
32.9623
-0
23.4508
-0
-0
-0
-0
74.6189
22.8294
-0
-0
-0
-0
-0
-0
-0
-0
-0
-0
-0
-0
-0
43.5078
-0
-0
-0
-0
-0
-0
-0
-0
3.82592
-0
-0
-0
-0
28.4303
-0
4.89113
-0
45.2379
23.2319
45.4631
-0
-0
21.6892
-0
-0
-0
-0
-0
50.1869
-0
-0
-0
-0
15.7247
-0
-0
-0
0.612658
-0
-0
-0
-0
-0
5.40981
-0
-0
-0
21.3433
-0
-0
-0
-0
-0
-0
0.228911
-0
21.4861
10.1146
-0
-0
-0
-0
-0
-0
54.7774
-0
-0
-0
-0
-0
33.6689
9.98045
-0
49.4041
41.2024
0.340108
-0
-0
12.2249
-0
-0
-0
-0
16.789
-0
-0
28.4467
-0
-0
14.1782
0.00726932
40.2823
-0
0.34627
-0
-0
-0
-0
-0
-0
-0
-0
12.9445
-0
-0
-0
-0
-0
-0
-0
-0
-0
-0
-0
-0
27.6208
-0
-0
-0
-0
-0
-0
-0
38.0225
-0
-0
-0
-0
21.7384
25.6617
-0
-0
-0
-0
-0
-0
-0
-0
-0
-0
-0
-0
-0
0.673457
-0
-0
-0
9.82921
-0
60.4786
-0
-0
-0
-0
14.5564
8.98497
-0
-0
-0
-0
-0
-0
-0
-0
14.415
-0
-0
-0
5.87248
-0
41.3096
-0
-0
-0
-0
35.9302
-0
23.1736
18.9232
-0
-0
-0
-0
-0
-0
-0
-0
-0
-0
43.1299
-0
-0
-0
-0
17.0231
98.4719
-0
-0
-0
30.3902
37.6607
0.245256
77.9441
-0
-0
-0
13.2426
-0
-0
19.27
-0
-0
-0
-0
-0
-0
-0
30.6985
-0
-0
-0
9.97405
-0
0.25577
9.99667
-0
-0
-0
-0
-0
-0
-0
-0
-0
1.17143
39.8586
-0
-0
5.81214
-0
-0
-0
-0
-0
14.8961
-0
-0
-0
-0
29.4041
-0
-0
-0
-0
-0
21.8743
-0
1.5744
-0
-0
-0
-0
-0
-0
-0
13.596
15.6022
-0
-0
-0
61.9568
-0
-0
-0
-0
-0
12.6493
-0
-0
-0
9.94861
-0
-0
-0
-0
-0
-0
7.3876
26.5116
-0
-0
-0
-0
-0
-0
11.4324
12.8549
-0
-0
-0
2.67404
-0
-0
-0
-0
-0
-0
-0
17.8649
-0
-0
2.59457
54.0464
16.0578
-0
0.403005
-0
-0
68.9119
-0
-0
-0
-0
-0
-0
45.6978
-0
-0
-0
-0
51.0446
-0
-0
-0
18.8886
6.62626
-0
4.57412
-0
0.341842
14.009
-0
-0
-0
-0
-0
-0
50.5241
-0
-0
-0
-0
-0
-0
-0
-0
-0
-0
-0
-0
-0
34.0751
-0
22.1965
-0
-0
-0
13.2944
35.2786
-0
-0
-0
-0
-0
-0
-0
5.23883
-0
-0
10.041
-0
-0
-0
-0
-0
-0
-0
-0
-0
-0
-0
-0
-0
-0
1.15489
4.07285
-0
-0
-0
-0
-0
-0
-0
10.0995
-0
-0
-0
-0
43.0055
-0
-0
-0
60.4942
-0
-0
-0
27.3239
-0
-0
5.48974
-0
38.1136
-0
-0
-0
51.1791
4.14419
42.8541
-0
-0
3.38376
25.6882
-0
-0
-0
-0
-0
-0
-0
-0
-0
-0
7.3378
-0
-0
-0
-0
-0
-0
4.54267
2.93061
20.6633
14.0532
-0
-0
6.48196
-0
-0
1.33532
-0
-0
-0
-0
-0
-0
-0
-0
-0
-0
-0
-0
-0
13.1409
-0
-0
-0
-0
-0
-0
-0
-0
-0
19.5549
64.0493
-0
-0
26.7047
-0
-0
-0
-0
-0
36.0236
-0
-0
-0
-0
8.40661
-0
1.42392
-0
