1.5985
-0
-0
-0
-0
-0
-0
-0
3.77163
-0
42.6187
-0
-0
-0
-0
22.7984
-0
-0
-0
-0
-0
15.3672
-0
10.5422
21.6239
-0
35.0364
-0
-0
-0
-0
-0
-0
-0
1.38154
-0
-0
-0
-0
-0
-0
-0
-0
40.5714
-0
-0
-0
15.1384
-0
-0
-0
-0
0.0624904
-0
-0
-0
-0
1.2347
15.616
-0
-0
-0
-0
-0
7.15693
-0
5.72159
21.9189
-0
0.617959
-0
-0
-0
-0
-0
2.42929
22.8778
-0
-0
12.33
-0
36.8599
-0
1.36273
18.0595
-0
-0
-0
-0
-0
0.253721
-0
-0
-0
-0
-0
6.00943
-0
-0
-0
-0
-0
-0
12.8568
12.6406
-0
19.3297
-0
-0
-0
-0
-0
-0
-0
-0
15.3858
10.76
-0
58.5782
14.7433
-0
-0
11.6986
-0
15.4758
-0
6.45884
-0
-0
-0
-0
19.7044
-0
-0
3.11962
-0
2.75271
14.4488
-0
17.811
-0
-0
-0
19.3838
-0
-0
-0
10.5654
-0
-0
5.09459
-0
-0
-0
25.7861
-0
11.2716
-0
-0
1.34755
-0
-0
-0
29.3281
-0
4.26859
8.15733
19.5692
-0
24.561
-0
24.9573
-0
-0
-0
-0
-0
-0
-0
-0
-0
-0
-0
-0
-0
21.3028
-0
-0
23.2876
-0
11.9024
-0
24.5865
-0
-0
-0
-0
-0
-0
-0
-0
-0
36.9622
-0
-0
-0
-0
18.201
20.0801
-0
-0
-0
28.3686
-0
-0
-0
4.02035
0.95478
-0
-0
-0
-0
-0
48.6633
-0
-0
-0
-0
-0
-0
-0
36.4375
-0
-0
-0
0.630191
-0
-0
-0
-0
14.3423
5.45013
-0
-0
-0
-0
-0
-0
-0
-0
-0
-0
-0
-0
-0
-0
-0
8.66632
-0
-0
14.0682
-0
-0
-0
-0
-0
-0
7.56597
-0
-0
-0
41.9213
5.1202
32.3392
-0
-0
-0
-0
-0
-0
-0
7.14924
-0
42.1452
-0
-0
-0
11.7182
-0
-0
-0
-0
-0
-0
28.0976
-0
-0
-0
-0
38.5918
-0
-0
1.7344
-0
26.5602
38.7218
-0
-0
34.8103
-0
0.925358
2.15025
-0
-0
13.4381
0.745762
-0
-0
-0
0.800565
-0
-0
-0
-0
-0
-0
-0
5.1517
-0
20.3143
-0
-0
-0
-0
-0
-0
-0
11.2812
-0
-0
-0
-0
-0
27.576
6.4365
-0
-0
11.9925
-0
-0
-0
-0
-0
-0
12.6874
-0
-0
-0
-0
-0
35.4337
-0
-0
14.0361
2.25912
2.47272
-0
-0
8.10054
-0
-0
9.51169
0.704736
7.02992
-0
-0
-0
-0
-0
-0
-0
-0
-0
-0
-0
13.3718
21.1202
-0
-0
-0
-0
11.3296
-0
-0
-0
0.617038
-0
-0
-0
18.4594
-0
-0
-0
-0
-0
-0
-0
14.0936
-0
-0
-0
-0
-0
-0
25.0806
42.5759
-0
-0
-0
-0
2.67785
-0
-0
-0
-0
39.4963
13.9495
1.52446
2.64019
6.57343
-0
16.8478
5.69011
-0
15.0954
-0
37.7227
-0
-0
-0
-0
-0
-0
-0
-0
-0
-0
-0
-0
-0
22.9922
-0
-0
-0
10.4547
-0
-0
16.4957
-0
-0
-0
-0
19.3072
-0
14.8964
-0
-0
-0
4.29944
-0
-0
-0
11.4709
-0
-0
-0
1.94331
-0
-0
-0
-0
-0
-0
8.99895
-0
-0
-0
15.9423
-0
-0
19.9795
-0
-0
-0
-0
10.9714
-0
-0
-0
10.8414
-0
-0
-0
22.5956
-0
-0
21.2888
-0
-0
33.9548
-0
-0
-0
-0
-0
0.418074
-0
-0
20.2425
-0
-0
-0
4.20272
2.65531
-0
-0
-0
15.5469
-0
-0
-0
-0
-0
-0
17.5098
0.792159
27.9493
8.76283
-0
-0
-0
-0
-0
-0
-0
8.24547
4.07952
-0
-0
17.4788
-0
-0
-0
-0
14.5507
13.3906
7.50248
-0
-0
-0
-0
-0
34.4397
-0
1.00736
-0
16.2711
-0
-0
34.3802
-0
14.7858
-0
41.1647
32.1601
-0
-0
-0
35.0493
-0
-0
-0
-0
13.8535
0.53256
17.6874
-0
-0
-0
25.3638
-0
-0
-0
-0
-0
-0
4.85841
-0
3.60009
0.0822973
13.3216
-0
-0
-0
-0
-0
-0
5.49724
23.7283
19.7696
-0
3.51293
26.2067
-0
-0
-0
20.1917
-0
-0
3.52553
-0
-0
-0
6.25054
-0
-0
-0
-0
-0
-0
-0
10.5887
-0
-0
-0
-0
-0
-0
-0
-0
-0
-0
-0
-0
-0
-0
-0
-0
8.76572
-0
-0
-0
-0
6.4025
-0
-0
10.9697
-0
-0
-0
-0
28.5704
-0
35.9437
-0
26.265
-0
-0
-0
-0
14.3408
-0
-0
1.2954
30.1253
-0
-0
1.21346
0.751515
38.4709
-0
-0
6.74398
-0
-0
4.33071
-0
-0
-0
-0
-0
-0
43.0346
14.0993
-0
26.564
-0
-0
-0
10.8449
4.95051
-0
-0
-0
18.2218
-0
-0
-0
-0
-0
-0
21.3103
-0
8.66484
-0
-0
6.025
-0
-0
7.40159
-0
-0
-0
-0
22.5935
-0
-0
-0
32.2976
-0
1.29317
6.9287
-0
0.377779
1.80353
-0
-0
0.878788
8.63824
-0
-0
-0
-0
-0
-0
32.2141
-0
-0
-0
39.7113
6.99303
-0
-0
-0
-0
-0
8.32936
-0
18.5553
-0
-0
4.21494
-0
-0
0.840101
23.7194
8.31768
-0
-0
-0
-0
-0
-0
0.823794
-0
-0
-0
-0
-0
11.2935
6.31791
-0
-0
-0
-0
-0
15.0978
15.0569
-0
-0
-0
-0
-0
-0
9.91932
-0
-0
-0
-0
-0
-0
-0
33.8802
-0
-0
1.26835
-0
26.3981
47.1512
-0
-0
-0
-0
-0
-0
21.6695
-0
19.3011
-0
17.1703
-0
-0
20.8746
-0
-0
-0
-0
6.78935
-0
-0
2.54473
-0
15.4851
10.6849
-0
-0
2.84091
10.248
-0
-0
-0
-0
-0
-0
2.37422
8.02818
34.945
9.48901
1.17315
-0
-0
-0
27.5982
-0
-0
1.87395
21.7661
-0
-0
-0
-0
0.237088
-0
-0
-0
-0
-0
-0
-0
-0
-0
-0
-0
1.20662
-0
39.8787
4.42527
-0
-0
-0
2.25414
0.301215
-0
6.39361
-0
-0
32.054
-0
7.33872
6.43436
5.73646
-0
-0
-0
-0
-0
29.2495
-0
-0
12.6908
4.17764
12.6687
-0
-0
-0
-0
-0
-0
-0
-0
24.7554
-0
-0
-0
-0
-0
-0
14.699
-0
-0
-0
16.5558
-0
-0
14.2535
-0
-0
11.6655
-0
-0
-0
8.01693
16.0712
8.8001
-0
-0
-0
-0
-0
11.5133
25.7089
-0
-0
-0
-0
-0
8.73625
-0
-0
-0
-0
-0
7.32403
-0
8.15357
15.165
16.6733
-0
-0
-0
-0
-0
-0
-0
29.0584
30.4545
-0
-0
-0
24.7868
-0
-0
-0
6.64754
-0
-0
-0
-0
-0
-0
-0
-0
-0
-0
0.168806
-0
-0
-0
-0
-0
-0
27.9566
-0
-0
-0
-0
10.8409
-0
12.8845
1.20259
-0
-0
-0
-0
-0
-0
-0
11.7743
-0
18.3174
-0
-0
-0
5.08673
-0
-0
-0
-0
-0
-0
-0
-0
-0
2.69873
-0
38.8588
-0
-0
-0
16.9648
-0
-0
-0
-0
-0
-0
-0
-0
-0
12.3057
18.7971
-0
-0
-0
10.0064
-0
-0
2.88753
-0
-0
-0
11.4034
8.3412
10.2777
-0
-0
26.9656
-0
-0
-0
-0
-0
3.45291
-0
-0
32.0151
-0
-0
-0
-0
-0
-0
-0
4.39776
-0
7.4599
-0
-0
6.36103
-0
-0
-0
-0
-0
-0
-0
-0
27.7472
12.9626
-0
2.72787
-0
-0
-0
-0
11.1652
-0
7.99023
-0
-0
11.8159
-0
4.84308
-0
-0
-0
4.16563
-0
-0
-0
12.2331
14.1986
-0
10.5305
-0
-0
-0
-0
33.0836
-0
-0
-0
-0
-0
-0
-0
-0
-0
-0
8.22668
-0
-0
9.38177
6.66983
-0
-0
-0
-0
-0
-0
-0
-0
-0
-0
33.2464
1.47075
-0
-0
-0
49.8428
17.0324
-0
-0
-0
-0
17.3717
-0
-0
35.4403
-0
-0
22.4163
-0
-0
41.6003
-0
-0
-0
-0
-0
-0
-0
2.06386
-0
1.01456
-0
-0
0.778147
15.2974
-0
-0
23.3006
16.4531
17.94
4.20513
-0
5.52526
-0
-0
-0
-0
-0
-0
-0
-0
-0
-0
14.9539
-0
33.9602
-0
-0
-0
18.5722
-0
27.395
-0
-0
-0
-0
-0
-0
-0
-0
-0
9.70828
-0
-0
0.667933
-0
1.04486
-0
-0
-0
-0
-0
-0
-0
27.4071
-0
-0
39.7738
9.48773
-0
4.20829
6.81997
-0
-0
-0
-0
-0
-0
-0
20.329
-0
-0
9.25017
-0
-0
26.9557
-0
-0
2.76889
-0
-0
5.66477
-0
-0
3.01358
-0
-0
-0
32.636
-0
-0
-0
-0
-0
-0
17.406
-0
-0
-0
3.7727
-0
-0
-0
-0
-0
-0
-0
2.42061
3.70959
-0
-0
-0
-0
17.066
5.56291
-0
-0
30.0257
9.97527
15.5321
-0
3.98349
13.6775
-0
10.6474
-0
-0
-0
-0
-0
-0
-0
24.5705
44.9425
-0
-0
11.3222
0.0154625
-0
-0
27.0603
-0
-0
-0
46.2177
-0
-0
-0
13.8817
-0
11.6907
-0
11.1112
11.7814
-0
10.6039
19.5577
22.9208
-0
-0
3.54843
19.8947
7.28013
-0
-0
-0
-0
-0
25.6756
-0
2.61876
-0
5.92539
-0
-0
-0
-0
2.451
45.1845
8.24784
-0
-0
-0
3.03811
-0
-0
-0
-0
-0
25.4949
-0
-0
18.2095
-0
-0
18.2431
-0
-0
-0
22.5206
-0
8.44701
-0
-0
-0
-0
-0
-0
-0
-0
27.8123
-0
1.49744
-0
-0
-0
-0
-0
42.6709
-0
-0
-0
9.55383
-0
-0
25.1749
-0
-0
-0
-0
-0
16.1532
22.694
-0
-0
-0
-0
-0
-0
-0
-0
57.4096
-0
-0
-0
-0
36.5833
-0
-0
-0
-0
-0
-0
8.70079
-0
-0
-0
-0
-0
-0
-0
8.9022
-0
0.708808
-0
-0
-0
19.4368
-0
26.7383
-0
-0
-0
-0
-0
-0
-0
12.148
-0
-0
-0
-0
-0
-0
-0
-0
-0
1.42483
-0
-0
-0
-0
-0
-0
-0
-0
-0
-0
-0
-0
-0
31.0293
-0
-0
-0
-0
-0
-0
-0
15.5214
-0
-0
-0
-0
-0
8.56816
8.67644
-0
-0
-0
47.7248
-0
-0
-0
14.4014
-0
-0
-0
-0
-0
-0
-0
-0
2.33508
-0
-0
2.10454
24.195
0.578014
-0
31.7656
-0
-0
-0
10.9894
-0
0.661739
-0
-0
-0
-0
9.97186
-0
-0
-0
-0
45.5419
14.7699
-0
9.15743
-0
-0
9.58409
-0
-0
-0
-0
-0
-0
25.033
-0
-0
18.9566
-0
-0
-0
-0
-0
1.27471
-0
-0
-0
-0
18.5929
7.98253
-0
1.67602
-0
-0
-0
-0
-0
-0
-0
-0
-0
-0
-0
-0
-0
14.67
-0
-0
-0
-0
-0
-0
17.0633
-0
23.6043
9.65921
-0
-0
10.1133
-0
-0
-0
46.9623
0.744287
-0
-0
-0
8.25973
-0
-0
-0
-0
-0
5.13353
-0
42.4154
-0
-0
-0
-0
36.2674
-0
-0
-0
-0
-0
-0
45.267
-0
-0
47.9056
-0
5.19755
-0
-0
-0
5.77737
-0
-0
-0
-0
16.5938
30.1551
7.38521
-0
-0
16.7407
6.33718
-0
-0
-0
-0
-0
-0
-0
0.793262
4.44273
-0
15.3928
-0
-0
37.3044
15.1603
-0
14.5682
-0
-0
-0
19.5496
-0
-0
-0
-0
-0
-0
0.774631
16.0017
4.85319
25.0638
9.93877
-0
6.2033
0.967197
-0
-0
-0
0.166555
19.9362
-0
32.7998
-0
-0
-0
-0
-0
-0
-0
4.30069
-0
10.9657
10.4468
-0
-0
18.641
-0
-0
3.61594
11.2722
-0
-0
14.9111
-0
4.72186
-0
1.82062
-0
24.567
-0
4.94185
16.3925
-0
-0
-0
-0
-0
-0
0.300288
29.0564
-0
30.8165
-0
-0
-0
16.2618
-0
-0
-0
-0
-0
-0
-0
16.4814
-0
-0
-0
-0
-0
-0
-0
-0
-0
3.57673
0.787406
-0
-0
24.5252
-0
0.755296
-0
16.6439
-0
-0
-0
-0
-0
-0
-0
-0
2.85717
21.9087
-0
29.2203
-0
-0
-0
-0
-0
2.81593
7.53061
-0
-0
-0
-0
2.5034
-0
7.60476
-0
-0
-0
-0
-0
-0
8.07973
2.93792
-0
-0
4.64132
-0
-0
-0
17.2237
-0
13.571
2.9822
-0
-0
-0
32.5905
1.71371
-0
-0
-0
12.1766
-0
-0
-0
-0
-0
-0
-0
-0
-0
-0
-0
1.00354
-0
-0
-0
18.4101
-0
-0
-0
-0
-0
-0
-0
-0
30.346
39.2225
-0
-0
-0
-0
-0
-0
-0
-0
-0
-0
-0
-0
7.84804
-0
-0
-0
-0
-0
-0
-0
-0
-0
-0
-0
-0
-0
-0
-0
-0
6.11198
-0
-0
-0
-0
-0
-0
-0
-0
-0
1.77298
-0
-0
-0
-0
8.76862
22.7555
13.9232
8.93462
-0
-0
29.464
-0
39.2038
-0
-0
-0
8.92502
-0
43.0885
-0
-0
-0
-0
-0
-0
-0
-0
24.5563
7.07798
-0
-0
-0
12.9566
-0
-0
-0
-0
-0
33.1425
-0
-0
-0
-0
-0
-0
1.7874
-0
-0
-0
19.4838
10.6916
23.0116
-0
31.0736
3.21174
-0
25.0159
13.8616
-0
-0
0.954086
-0
1.10099
0.579757
-0
3.49131
-0
-0
-0
-0
-0
-0
-0
-0
8.81354
-0
5.33271
-0
9.37995
-0
0.367558
-0
-0
-0
35.3765
-0
-0
-0
-0
-0
-0
24.8648
-0
-0
-0
8.23418
6.63823
-0
2.62812
-0
20.9187
-0
-0
11.4979
-0
5.38223
-0
-0
-0
-0
-0
45.1797
24.9514
-0
1.39623
2.6277
-0
-0
42.4266
-0
-0
-0
-0
-0
12.3211
0.873441
-0
-0
-0
-0
1.33334
-0
-0
-0
-0
1.63075
-0
40.6875
-0
-0
-0
-0
0.0908505
14.3624
-0
-0
4.21863
31.5816
50.6009
-0
-0
-0
-0
-0
31.7748
-0
-0
-0
-0
18.4886
-0
12.5402
1.57544
7.52829
-0
-0
12.9063
-0
-0
0.116506
10.5669
12.2649
-0
-0
0.996528
-0
-0
25.2114
6.31268
-0
-0
-0
-0
-0
-0
-0
4.12274
-0
4.33384
-0
-0
-0
-0
4.20685
-0
-0
17.4698
8.77642
-0
0.679661
-0
41.3521
12.3031
-0
-0
-0
-0
-0
-0
-0
-0
-0
-0
-0
11.7784
-0
-0
-0
-0
-0
1.46398
-0
-0
52.0166
-0
-0
-0
-0
21.2609
-0
30.4081
-0
-0
-0
-0
-0
-0
-0
-0
-0
-0
-0
-0
-0
-0
-0
41.4614
-0
1.47234
-0
-0
-0
26.4944
-0
-0
-0
25.8183
-0
4.64747
35.5271
-0
8.58331
-0
20.0204
18.401
-0
-0
-0
-0
-0
22.5137
31.7036
-0
-0
19.727
-0
-0
-0
5.81853
-0
-0
-0
-0
-0
19.0484
-0
-0
6.82412
-0
-0
3.60968
-0
-0
-0
-0
-0
10.8786
-0
-0
-0
-0
-0
14.9668
0.256471
-0
-0
-0
-0
-0
-0
-0
22.6862
16.6905
-0
7.41403
-0
-0
-0
-0
-0
-0
2.83819
17.3035
32.3156
1.39645
-0
0.298205
27.9433
-0
-0
-0
-0
14.698
-0
-0
-0
-0
15.9028
-0
-0
-0
-0
9.06776
-0
23.8343
-0
-0
-0
20.0157
-0
-0
-0
1.65639
6.63574
-0
-0
-0
-0
-0
-0
-0
-0
18.5391
-0
-0
-0
-0
-0
-0
-0
-0
-0
12.5138
-0
-0
-0
33.0694
-0
-0
-0
33.771
-0
-0
-0
-0
-0
-0
29.1417
-0
-0
24.6194
7.50468
-0
-0
-0
22.6227
-0
-0
-0
-0
-0
-0
-0
-0
-0
-0
-0
-0
4.18944
-0
-0
-0
-0
-0
-0
-0
14.6625
-0
-0
-0
-0
-0
13.1917
-0
-0
29.1091
-0
-0
-0
0.737786
1.05978
-0
-0
-0
-0
-0
-0
0.618072
-0
9.93421
-0
21.8264
10.1849
-0
-0
13.6266
10.5308
29.8294
-0
-0
19.0475
-0
-0
-0
-0
1.12428
-0
-0
-0
-0
6.47655
15.9416
-0
-0
3.70175
9.40604
-0
-0
-0
-0
-0
-0
16.1556
-0
-0
-0
-0
-0
9.71459
-0
-0
-0
-0
5.06038
-0
8.67974
-0
-0
-0
-0
-0
-0
-0
-0
-0
-0
-0
-0
-0
0.837047
36.2478
6.94455
6.02259
-0
-0
26.9602
-0
-0
-0
2.26073
-0
-0
-0
2.44202
14.4411
8.33994
-0
-0
6.32164
2.22205
-0
0.148474
-0
1.50516
-0
-0
-0
-0
10.6972
31.3497
-0
-0
-0
18.7871
-0
10.6727
-0
-0
-0
18.3692
-0
-0
-0
3.25236
21.8418
-0
-0
-0
-0
-0
-0
-0
-0
20.3018
-0
11.5265
-0
-0
14.7409
45.3645
-0
-0
-0
-0
-0
-0
-0
38.7947
7.6111
16.6498
16.3048
24.6537
9.95704
-0
-0
-0
-0
-0
11.0702
5.6963
-0
-0
-0
-0
-0
-0
-0
-0
-0
-0
-0
10.6291
-0
-0
-0
-0
15.0071
16.0428
32.28
-0
-0
-0
-0
-0
-0
-0
-0
5.20019
-0
-0
-0
-0
-0
-0
-0
6.19075
-0
-0
1.28231
-0
-0
-0
-0
-0
-0
-0
-0
9.83144
-0
-0
-0
-0
22.4082
-0
-0
-0
-0
-0
-0
-0
2.84972
-0
-0
-0
-0
-0
-0
-0
-0
-0
-0
-0
5.14533
-0
-0
-0
-0
-0
-0
-0
0.698305
-0
-0
-0
17.022
-0
-0
23.5429
4.40505
-0
-0
-0
-0
-0
11.8796
-0
26.5789
5.51347
2.18954
-0
-0
19.8287
10.5883
-0
-0
27.636
8.47672
-0
4.84437
-0
-0
-0
-0
-0
28.27
-0
-0
-0
2.38961
-0
-0
-0
-0
-0
2.98027
-0
-0
-0
-0
-0
-0
-0
19.1057
-0
2.6928
-0
19.6931
20.4556
5.02793
-0
0.835593
-0
-0
-0
-0
-0
-0
-0
8.6367
-0
-0
-0
-0
22.5171
-0
-0
-0
-0
-0
-0
-0
-0
-0
-0
3.38332
-0
4.40753
-0
-0
1.3219
-0
-0
-0
4.82874
-0
-0
-0
-0
-0
-0
-0
6.15083
-0
-0
-0
-0
-0
6.0379
-0
-0
2.5485
-0
-0
-0
-0
-0
8.11303
-0
-0
-0
6.47583
8.39888
-0
-0
-0
17.637
-0
-0
-0
12.9379
33.3182
-0
-0
-0
38.836
-0
1.4032
26.5606
-0
-0
4.18637
-0
31.9325
-0
10.8984
-0
0.0087137
-0
-0
-0
-0
-0
-0
41.6139
-0
48.7145
-0
-0
12.8295
-0
-0
-0
-0
-0
-0
-0
-0
-0
-0
-0
-0
6.75007
-0
-0
-0
-0
-0
-0
-0
-0
-0
-0
-0
-0
-0
-0
-0
-0
-0
-0
-0
-0
-0
-0
-0
0.66315
-0
-0
-0
-0
-0
3.05929
23.4113
12.417
-0
-0
24.1518
49.039
-0
-0
-0
-0
-0
-0
-0
-0
-0
-0
1.14068
24.6586
-0
11.3967
-0
-0
1.90121
16.3125
0.0924517
-0
-0
3.24344
-0
-0
-0
-0
-0
-0
-0
-0
10.5474
-0
12.0228
-0
13.7206
-0
-0
-0
10.4767
-0
18.4827
-0
-0
4.16174
-0
-0
-0
-0
-0
-0
15.3584
8.96521
-0
33.9142
-0
-0
-0
-0
-0
8.57313
-0
-0
20.4819
10.0236
22.7254
-0
4.88978
-0
-0
-0
-0
4.27324
-0
-0
-0
-0
-0
27.6305
3.88792
-0
-0
-0
-0
-0
-0
-0
-0
-0
-0
-0
-0
-0
-0
-0
21.6387
-0
-0
-0
4.50586
-0
1.41248
16.8069
1.7787
-0
7.8637
-0
3.9601
-0
-0
-0
-0
-0
-0
18.3766
-0
-0
-0
7.26561
-0
-0
19.6745
-0
-0
-0
-0
18.3254
-0
-0
37.3031
25.7013
24.7268
-0
-0
22.201
-0
17.177
-0
22.0848
21.374
-0
-0
-0
46.5523
-0
-0
8.24115
-0
-0
0.950494
-0
-0
19.0938
-0
-0
-0
-0
-0
-0
-0
19.9223
-0
-0
27.1606
-0
-0
-0
10.6289
-0
-0
11.7306
7.00596
-0
-0
-0
-0
3.31251
-0
-0
17.7382
-0
-0
-0
-0
11.8082
5.37569
-0
-0
5.45305
-0
-0
-0
20.0562
-0
-0
-0
-0
-0
-0
-0
0.89
-0
-0
29.0459
-0
27.5764
-0
-0
9.44055
20.7512
-0
2.07332
-0
-0
-0
-0
-0
23.69
-0
-0
-0
-0
11.7088
-0
-0
27.9188
-0
-0
-0
0.687776
-0
-0
-0
-0
-0
-0
0.135374
23.1976
-0
4.9006
-0
11.6423
32.4977
-0
4.23145
-0
-0
-0
-0
19.7128
3.69678
-0
2.32969
-0
13.3465
-0
-0
-0
10.226
-0
-0
-0
-0
-0
-0
22.3999
10.5933
2.49885
-0
-0
-0
16.6024
-0
-0
-0
12.5005
2.46155
-0
-0
-0
-0
-0
-0
-0
-0
33.5835
31.5938
14.3499
-0
-0
-0
9.20577
17.1392
-0
0.55436
-0
-0
-0
-0
-0
-0
-0
-0
-0
-0
-0
-0
20.7956
-0
-0
9.41855
-0
-0
-0
-0
-0
-0
12.5111
-0
-0
-0
-0
9.57954
-0
16.2567
-0
-0
-0
57.3495
-0
-0
-0
-0
-0
1.78919
-0
-0
-0
-0
9.70168
33.3171
10.8018
-0
-0
27.2851
-0
-0
8.3227
-0
20.2101
34.0656
17.1846
1.73536
-0
-0
-0
-0
-0
-0
-0
-0
-0
-0
-0
-0
10.2535
3.16797
1.4125
31.588
2.35851
10.4588
-0
-0
-0
9.42793
-0
-0
3.23079
-0
-0
-0
-0
-0
18.0508
-0
-0
-0
-0
-0
-0
-0
-0
-0
-0
-0
-0
-0
-0
8.45714
-0
-0
28.0646
-0
-0
-0
14.8311
4.47818
-0
-0
-0
-0
-0
-0
-0
14.4811
-0
-0
-0
-0
33.6817
-0
-0
-0
9.5385
-0
-0
4.21953
12.8293
5.7397
-0
7.9801
-0
-0
-0
-0
8.7966
-0
1.83427
-0
9.41225
35.1812
-0
-0
5.87942
-0
-0
34.5176
-0
1.40773
-0
20.7331
-0
13.5406
-0
0.611579
-0
-0
-0
29.9789
0.493823
12.1246
-0
-0
-0
-0
-0
-0
-0
-0
-0
-0
-0
-0
2.05912
-0
-0
-0
-0
1.22571
-0
-0
6.19437
-0
27.1818
40.7987
-0
-0
13.0825
-0
-0
-0
-0
-0
0.0428176
-0
-0
-0
-0
-0
-0
-0
-0
-0
-0
-0
-0
-0
-0
21.8658
-0
-0
-0
-0
-0
-0
13.8576
-0
-0
-0
-0
-0
-0
-0
-0
-0
-0
-0
25.3016
-0
-0
36.6268
-0
25.5376
-0
-0
-0
20.6368
-0
-0
3.28224
-0
-0
-0
-0
4.76687
-0
-0
-0
-0
15.4088
-0
35.1102
-0
-0
-0
-0
-0
5.52944
-0
-0
18.2133
-0
-0
9.97058
-0
14.8845
9.50332
-0
2.10389
-0
-0
-0
-0
9.54555
-0
-0
-0
-0
-0
-0
-0
20.6151
-0
-0
32.1817
-0
-0
-0
-0
-0
-0
-0
-0
-0
7.03767
-0
3.48091
10.5487
-0
-0
-0
-0
6.15169
-0
-0
8.53374
-0
8.33026
-0
7.55173
10.1727
2.47
25.3197
-0
-0
-0
-0
-0
-0
-0
-0
-0
-0
-0
-0
13.5961
14.7866
-0
-0
-0
-0
23.8558
-0
-0
1.47899
59.7136
-0
38.8168
-0
-0
-0
11.8835
-0
-0
-0
-0
-0
-0
-0
-0
-0
7.90676
14.7623
-0
5.93258
-0
-0
-0
-0
-0
-0
-0
-0
-0
-0
20.5735
-0
-0
9.95028
22.9387
-0
-0
-0
-0
-0
-0
-0
-0
-0
-0
23.9937
-0
20.8827
-0
-0
-0
-0
-0
2.8596
-0
-0
-0
-0
-0
41.2784
-0
-0
-0
-0
-0
8.88717
22.0356
0.249108
-0
21.5119
-0
-0
-0
-0
-0
-0
64.0165
14.0165
9.41956
-0
-0
-0
-0
13.7126
-0
-0
-0
11.916
6.81928
-0
-0
17.4413
-0
-0
-0
18.3842
-0
-0
-0
-0
-0
27.5383
3.75634
-0
-0
-0
16.8388
1.40225
-0
38.15
-0
-0
-0
2.76857
-0
-0
-0
-0
-0
-0
-0
-0
-0
-0
-0
11.7405
-0
14.6303
-0
-0
-0
-0
21.6617
25.8845
-0
-0
-0
-0
1.46031
-0
-0
14.5343
17.6519
-0
-0
-0
-0
-0
-0
24.3469
-0
-0
-0
-0
29.6506
12.3081
-0
11.5237
-0
-0
-0
-0
-0
42.5424
-0
12.9985
29.3859
-0
35.342
-0
-0
-0
-0
-0
-0
-0
3.80181
25.2189
-0
-0
-0
-0
-0
14.8769
-0
-0
-0
-0
24.2021
0.312567
-0
35.6101
-0
-0
-0
7.24932
5.27736
-0
-0
-0
3.50977
-0
-0
-0
21.844
-0
-0
-0
0.607246
-0
20.9458
-0
-0
-0
-0
-0
-0
5.58031
-0
5.1574
-0
-0
-0
-0
-0
-0
18.1525
-0
-0
1.78393
-0
-0
-0
5.24054
-0
-0
-0
9.68391
-0
10.774
-0
-0
10.0046
24.1332
16.0117
-0
-0
-0
-0
-0
-0
-0
-0
32.1065
-0
-0
-0
-0
-0
-0
-0
-0
-0
-0
-0
-0
14.9688
-0
40.1204
-0
-0
-0
-0
-0
-0
-0
-0
-0
-0
23.8349
-0
-0
22.9734
-0
7.50814
38.1998
-0
-0
-0
3.71429
-0
-0
-0
-0
6.32336
10.6478
-0
17.553
-0
39.4996
19.2849
4.72903
-0
22.5094
14.308
-0
9.9448
-0
-0
-0
-0
-0
15.4527
-0
35.8059
4.39557
-0
-0
-0
-0
-0
-0
-0
-0
-0
32.2051
7.08928
11.2057
-0
-0
-0
-0
-0
-0
-0
-0
-0
-0
-0
11.6188
33.041
-0
-0
-0
-0
-0
31.8714
-0
11.5805
-0
28.5601
-0
-0
4.01339
27.8311
40.2151
-0
-0
-0
-0
-0
-0
40.1541
-0
-0
-0
-0
-0
0.413469
-0
-0
-0
-0
-0
23.015
-0
1.30015
-0
19.6157
-0
24.0943
-0
-0
-0
-0
-0
-0
9.20867
-0
14.7224
-0
-0
-0
-0
-0
8.83012
-0
-0
-0
-0
14.9154
-0
-0
5.69401
-0
4.84153
-0
-0
-0
-0
8.46771
-0
30.1355
-0
-0
-0
-0
13.8597
-0
-0
17.8186
-0
-0
12.0069
-0
11.8462
-0
17.9069
-0
-0
-0
-0
-0
-0
22.1839
-0
-0
6.8268
-0
-0
-0
-0
12.2862
-0
-0
-0
-0
-0
11.5111
13.0344
-0
0.910056
-0
-0
-0
-0
-0
-0
-0
-0
3.79253
-0
-0
-0
-0
-0
-0
1.94807
44.567
5.81794
-0
17.0848
-0
-0
53.1478
-0
13.5976
-0
-0
-0
-0
0.733027
-0
-0
-0
-0
-0
-0
-0
-0
13.3828
-0
-0
-0
-0
3.3057
35.2723
19.3477
-0
-0
-0
5.90925
-0
-0
-0
-0
-0
-0
-0
22.6785
-0
-0
1.6069
30.9487
-0
-0
-0
-0
-0
38.1962
5.22118
-0
-0
-0
-0
24.9087
-0
-0
-0
-0
10.7785
-0
-0
-0
-0
11.9177
3.03637
-0
-0
23.2877
13.1113
-0
32.5524
38.137
-0
-0
-0
16.1904
-0
-0
-0
-0
-0
2.55227
-0
42.9301
-0
-0
-0
-0
6.76241
-0
0.360905
-0
-0
15.8062
-0
-0
-0
-0
-0
-0
35.419
-0
-0
-0
-0
-0
-0
-0
-0
-0
2.44645
-0
-0
-0
26.9283
-0
-0
30.2529
-0
-0
-0
9.54555
-0
-0
5.26891
7.80118
-0
-0
1.38527
-0
-0
-0
5.51072
-0
-0
-0
23.7562
-0
-0
-0
-0
-0
-0
-0
-0
-0
-0
-0
17.3658
-0
-0
-0
-0
-0
-0
-0
5.98004
-0
-0
-0
-0
28.3587
-0
3.90859
-0
25.7129
-0
-0
27.1256
-0
-0
-0
22.9833
7.47511
15.8462
3.92953
-0
-0
-0
5.00188
29.092
-0
-0
3.73639
44.8718
-0
13.0805
-0
-0
-0
-0
-0
-0
-0
-0
3.2637
-0
5.17013
-0
-0
-0
-0
-0
-0
8.80108
-0
-0
-0
26.6703
7.23455
28.578
-0
-0
-0
-0
-0
-0
-0
-0
-0
10.1734
-0
-0
-0
-0
-0
-0
-0
35.2154
-0
-0
-0
-0
-0
-0
6.30012
40.0694
23.8984
22.9952
9.73289
15.2346
5.63916
-0
-0
-0
6.43445
-0
-0
-0
-0
26.3574
14.7945
-0
-0
