3.44315
-0
-0
-0
-0
-0
-0
19.9273
-0
-0
66.4145
-0
-0
-0
-0
30.5454
-0
-0
-0
-0
-0
-0
-0
-0
12.508
-0
65.8013
-0
-0
-0
-0
-0
-0
-0
-0
-0
-0
-0
-0
-0
-0
-0
-0
41.9511
-0
-0
-0
-0
-0
-0
-0
-0
0.258948
-0
-0
-0
20.0309
4.0368
-0
-0
-0
-0
-0
-0
-0
-0
-0
51.086
-0
2.03204
-0
-0
-0
-0
-0
0.505193
10.906
-0
-0
-0
-0
53.5299
-0
1.45206
17.1536
-0
-0
-0
-0
-0
26.7593
-0
-0
-0
4.34252
-0
8.58134
-0
-0
-0
-0
-0
-0
-0
20.6549
-0
-0
-0
-0
-0
-0
-0
-0
-0
-0
31.2326
-0
-0
88.1304
23.6939
10.662
-0
-0
-0
5.80028
-0
-0
-0
-0
-0
-0
78.1167
5.67486
-0
-0
-0
-0
4.53015
-0
-0
-0
-0
2.70828
-0
-0
-0
-0
-0
-0
-0
-0
-0
-0
-0
16.0946
-0
19.032
-0
-0
1.60159
-0
-0
-0
27.637
-0
-0
-0
-0
-0
17.7995
-0
34.1346
-0
-0
-0
-0
-0
-0
3.26459
-0
-0
-0
-0
-0
-0
26.6345
-0
-0
38.5037
-0
-0
60.6591
-0
12.8584
-0
-0
-0
3.72963
-0
-0
-0
1.4126
-0
-0
-0
-0
-0
25.612
22.5528
-0
-0
-0
8.04564
-0
-0
-0
9.8043
-0
-0
-0
-0
-0
-0
48.3606
-0
-0
-0
-0
-0
-0
-0
-0
-0
-0
-0
-0
-0
-0
-0
-0
-0
-0
-0
-0
-0
18.1018
19.0332
-0
-0
-0
-0
-0
-0
-0
-0
-0
-0
-0
1.31541
-0
-0
-0
-0
-0
-0
-0
14.1267
-0
-0
-0
-0
25.7311
20.1814
12.5364
-0
-0
-0
-0
-0
-0
25.1688
9.07633
-0
37.6131
-0
-0
-0
-0
-0
-0
-0
-0
0.469731
-0
-0
-0
-0
-0
-0
37.5077
-0
-0
5.52783
-0
32.8549
61.3095
-0
-0
34.3323
-0
-0
-0
-0
-0
6.74821
0.806312
-0
-0
-0
1.67916
-0
-0
-0
-0
13.8872
-0
-0
11.4445
-0
25.6029
-0
-0
-0
-0
-0
-0
-0
-0
20.1125
-0
-0
-0
-0
-0
11.2189
-0
-0
-0
-0
-0
-0
-0
-0
-0
-0
-0
-0
-0
-0
-0
15.8442
-0
-0
-0
-0
2.25457
-0
-0
-0
-0
-0
9.13542
1.80775
12.6951
-0
5.5991
-0
-0
-0
-0
-0
8.51971
4.52956
-0
-0
7.74343
-0
-0
-0
-0
-0
48.6072
-0
-0
-0
-0
-0
-0
-0
-0
-0
-0
-0
-0
-0
-0
-0
-0
-0
-0
-0
-0
-0
-0
-0
28.2856
-0
-0
2.42948
-0
48.0797
-0
-0
-0
-0
29.8991
-0
3.57533
24.6503
-0
-0
-0
-0
-0
30.8571
-0
57.9679
-0
-0
-0
-0
-0
-0
-0
-0
-0
-0
-0
-0
-0
8.28086
11.7741
-0
-0
6.95165
-0
-0
-0
-0
-0
-0
-0
-0
-0
64.075
-0
1.64731
-0
-0
-0
-0
-0
-0
-0
-0
2.0328
-0
-0
-0
-0
-0
-0
-0
-0
-0
-0
-0
-0
-0
-0
26.9811
-0
-0
-0
-0
16.7061
6.61756
-0
-0
8.84102
-0
-0
20.6387
-0
-0
-0
-0
-0
-0
18.6365
-0
-0
34.1767
-0
-0
-0
-0
-0
7.94922
-0
-0
-0
-0
-0
-0
-0
-0
-0
-0
4.88984
-0
-0
-0
-0
51.6062
-0
-0
42.9306
-0
-0
-0
-0
-0
-0
-0
17.155
27.4098
-0
-0
8.25904
-0
-0
-0
-0
52.885
44.5504
11.5222
-0
-0
-0
-0
8.93388
14.6021
-0
0.740299
-0
-0
-0
-0
-0
-0
-0
-0
-0
42.7922
-0
-0
-0
58.4873
-0
-0
-0
-0
18.9712
-0
-0
-0
-0
-0
38.1134
-0
-0
-0
-0
-0
-0
4.79495
-0
-0
-0
-0
-0
-0
-0
-0
-0
-0
-0
-0
15.3704
-0
6.02658
16.9077
-0
-0
-0
31.9072
-0
-0
10.5743
-0
-0
-0
48.0013
-0
-0
-0
-0
-0
-0
-0
-0
-0
-0
-0
-0
-0
-0
-0
-0
-0
-0
-0
-0
6.66191
-0
-0
-0
10.9277
-0
-0
-0
-0
-0
34.8139
19.9279
25.716
-0
-0
-0
-0
-0
34.0415
-0
-0
64.8443
-0
-0
-0
-0
-0
-0
-0
-0
15.3237
8.97002
-0
-0
1.0586
29.0022
-0
12.8219
20.8158
-0
-0
-0
-0
-0
-0
-0
-0
-0
44.0489
-0
-0
34.992
-0
-0
-0
8.65837
0.715275
-0
-0
-0
-0
-0
-0
-0
-0
-0
-0
37.9482
-0
-0
-0
-0
22.3063
-0
-0
17.7457
-0
-0
-0
-0
23.7225
-0
-0
-0
47.8198
-0
10.1971
-0
-0
20.851
-0
-0
-0
-0
-0
-0
-0
-0
-0
-0
-0
25.1031
-0
-0
-0
-0
1.12968
-0
-0
-0
-0
-0
-0
-0
1.32168
-0
-0
-0
-0
-0
4.42023
-0
-0
61.0407
19.991
-0
-0
-0
-0
-0
23.3772
-0
-0
-0
-0
28.8311
-0
-0
-0
-0
-0
-0
-0
77.2076
-0
-0
-0
-0
-0
-0
-0
-0
-0
-0
8.65565
-0
-0
-0
-0
-0
2.99966
-0
-0
13.1205
37.8647
-0
-0
-0
-0
-0
-0
56.2674
-0
14.2343
-0
49.5217
-0
-0
67.2243
-0
-0
-0
-0
4.41919
-0
-0
-0
-0
-0
-0
-0
-0
34.4426
34.7861
-0
-0
-0
-0
-0
-0
-0
30.7565
-0
23.6926
-0
6.72138
-0
-0
-0
14.5354
-0
-0
37.5685
-0
-0
-0
-0
-0
-0
-0
34.6267
-0
-0
-0
-0
-0
-0
-0
-0
-0
-0
86.1362
-0
-0
-0
-0
-0
-0
-0
-0
-0
-0
-0
-0
32.6268
-0
-0
-0
-0
-0
-0
-0
57.2265
3.11162
-0
-0
12.2942
-0
-0
-0
-0
-0
-0
-0
-0
-0
-0
-0
-0
-0
-0
-0
-0
3.98553
-0
-0
-0
-0
-0
-0
-0
-0
-0
50.3814
-0
-0
-0
8.34146
-0
-0
-0
-0
-0
-0
-0
-0
23.9499
-0
-0
7.98287
4.95484
-0
-0
27.705
-0
-0
-0
-0
-0
-0
-0
-0
-0
-0
-0
-0
-0
-0
-0
-0
23.356
-0
-0
-0
-0
16.581
-0
22.0899
-0
20.2624
-0
-0
-0
-0
-0
-0
-0
-0
-0
-0
-0
-0
-0
-0
-0
-0
-0
2.03535
-0
-0
-0
-0
4.64647
-0
-0
-0
-0
-0
-0
-0
-0
-0
-0
4.22971
-0
-0
-0
-0
-0
-0
-0
-0
-0
-0
-0
-0
-0
-0
12.5568
-0
-0
-0
-0
-0
-0
-0
-0
-0
-0
-0
-0
-0
-0
-0
-0
37.491
0.0494592
-0
-0
-0
8.15387
-0
-0
-0
-0
-0
-0
-0
21.8531
-0
-0
-0
-0
-0
-0
-0
-0
-0
42.7856
-0
-0
44.6111
-0
-0
-0
-0
-0
-0
-0
29.6748
-0
4.61151
-0
-0
24.9352
-0
-0
-0
-0
-0
-0
-0
-0
31.124
16.9463
-0
-0
-0
-0
-0
-0
-0
-0
23.4673
-0
-0
7.65825
-0
14.0302
-0
-0
-0
-0
-0
-0
-0
-0
-0
-0
25.2811
-0
-0
-0
-0
6.03994
26.6868
-0
-0
-0
-0
-0
-0
-0
-0
-0
18.8719
-0
6.61764
18.4669
6.76038
-0
-0
-0
-0
-0
5.57593
0.23245
-0
-0
-0
8.60592
-0
-0
-0
-0
4.54256
-0
-0
-0
-0
-0
34.0153
-0
-0
43.6426
86.748
-0
8.64351
-0
-0
10.8436
40.9931
-0
-0
-0
-0
-0
-0
-0
-0
-0
-0
-0
17.2673
2.29674
-0
-0
39.4514
68.783
-0
7.24803
-0
-0
-0
-0
-0
-0
-0
-0
4.77319
-0
-0
-0
-0
-0
9.05846
-0
-0
-0
0.653849
-0
5.2224
-0
-0
-0
-0
-0
-0
1.96571
-0
-0
-0
-0
-0
-0
-0
-0
-0
-0
-0
-0
-0
-0
-0
10.7313
-0
-0
-0
-0
-0
-0
-0
39.8619
-0
30.2304
-0
-0
-0
-0
-0
-0
-0
-0
-0
-0
15.2287
13.1587
-0
-0
-0
-0
-0
-0
-0
19.2672
-0
-0
52.0581
-0
-0
-0
-0
-0
-0
-0
22.9602
-0
-0
-0
2.89301
-0
-0
-0
-0
-0
-0
-0
-0
-0
-0
-0
-0
-0
-0
10.4114
0.282558
-0
1.77635
16.402
22.4358
-0
22.0195
-0
-0
10.4352
-0
-0
-0
-0
-0
7.72088
-0
-0
43.2905
-0
-0
-0
19.52
-0
-0
27.7004
-0
-0
-0
75.2911
-0
-0
-0
49.1413
15.0681
18.019
-0
-0
-0
-0
-0
-0
33.0981
-0
-0
-0
-0
-0
-0
-0
-0
-0
-0
37.0613
-0
-0
-0
-0
6.40876
-0
-0
9.41663
-0
48.1022
-0
-0
-0
-0
-0
-0
-0
-0
-0
-0
-0
-0
-0
-0
-0
9.53576
21.191
-0
-0
-0
33.3931
-0
13.9628
-0
-0
-0
-0
-0
-0
-0
-0
35.5872
-0
53.2752
-0
-0
-0
-0
-0
46.6143
-0
22.8633
-0
-0
73.8488
-0
-0
-0
-0
1.08566
-0
-0
-0
-0
58.9252
-0
-0
-0
-0
-0
-0
-0
46.1354
-0
-0
-0
-0
37.4339
-0
-0
-0
-0
-0
-0
-0
-0
-0
-0
-0
-0
16.4636
30.3946
10.506
-0
0.589521
-0
-0
-0
-0
-0
-0
-0
-0
-0
-0
-0
-0
-0
-0
-0
-0
-0
-0
-0
-0
-0
-0
-0
-0
-0
-0
-0
-0
-0
-0
-0
-0
-0
-0
-0
-0
-0
35.1968
-0
-0
-0
-0
-0
-0
-0
-0
-0
-0
-0
-0
-0
-0
4.76661
-0
44.6463
-0
53.6836
-0
-0
-0
-0
-0
-0
-0
-0
-0
8.26219
-0
-0
-0
-0
-0
1.37173
-0
-0
-0
42.147
-0
-0
-0
-0
-0
-0
0.0213174
-0
-0
-0
-0
-0
-0
-0
-0
42.5747
15.4391
-0
6.96336
-0
-0
-0
-0
-0
-0
-0
-0
17.7001
3.0053
-0
18.8252
16.7834
-0
-0
-0
-0
-0
-0
-0
-0
-0
-0
-0
-0
-0
-0
-0
-0
-0
-0
-0
-0
-0
-0
-0
-0
-0
-0
-0
45.3678
-0
-0
-0
-0
-0
-0
6.18273
0.331435
14.9355
-0
-0
2.08092
-0
-0
-0
-0
71.6862
-0
-0
-0
-0
64.6381
-0
-0
-0
-0
-0
0.0440417
-0
-0
-0
-0
-0
-0
4.18108
-0
-0
-0
-0
3.32428
-0
48.2424
-0
-0
52.5101
-0
4.68997
17.238
-0
-0
-0
-0
-0
-0
-0
-0
71.918
-0
-0
-0
-0
9.36323
-0
-0
-0
-0
-0
-0
-0
-0
-0
-0
68.4872
-0
-0
-0
8.02201
-0
38.6496
-0
-0
-0
44.267
-0
-0
-0
-0
-0
-0
-0
1.40145
-0
-0
-0
-0
-0
-0
-0
-0
28.1859
-0
4.35017
-0
-0
-0
-0
-0
-0
-0
-0
-0
0.420138
-0
-0
16.2666
-0
-0
16.9007
-0
-0
-0
19.521
-0
-0
-0
-0
-0
-0
-0
-0
21.1127
-0
-0
13.24
-0
-0
-0
-0
-0
-0
-0
31.4528
-0
1.14594
-0
-0
-0
-0
-0
-0
-0
-0
-0
-0
-0
10.7488
-0
-0
-0
-0
36.6355
-0
7.33952
-0
-0
-0
-0
0.89164
-0
-0
-0
-0
-0
-0
-0
-0
-0
-0
-0
-0
-0
-0
15.5156
22.8658
27.944
14.771
-0
-0
-0
-0
0.972521
14.7507
-0
-0
-0
-0
1.31952
-0
-0
22.9386
-0
-0
-0
-0
-0
-0
-0
3.98431
-0
-0
-0
-0
-0
-0
-0
-0
-0
25.6192
-0
-0
37.628
-0
41.4192
21.5011
-0
-0
-0
-0
-0
-0
-0
2.07435
-0
-0
-0
-0
-0
-0
19.161
-0
-0
-0
-0
-0
-0
-0
-0
-0
-0
-0
-0
29.5545
43.3753
-0
48.479
-0
-0
-0
-0
-0
-0
-0
-0
-0
-0
-0
-0
3.61839
-0
-0
-0
-0
-0
-0
-0
-0
-0
-0
-0
-0
-0
-0
-0
-0
-0
2.67893
-0
-0
-0
-0
-0
17.9837
3.07863
-0
-0
-0
-0
7.03952
17.7517
27.1357
-0
-0
-0
21.2292
-0
12.9039
-0
-0
-0
-0
-0
17.3033
-0
-0
-0
-0
-0
-0
-0
-0
-0
-0
-0
-0
-0
-0
-0
-0
0.77999
-0
-0
15.27
0.597633
-0
-0
-0
-0
-0
20.6158
-0
-0
-0
90.9685
-0
-0
-0
61.1296
-0
-0
56.9641
-0
-0
-0
25.5655
-0
-0
44.958
9.87307
7.66006
-0
-0
-0
-0
-0
-0
-0
-0
12.8245
-0
6.38599
-0
-0
-0
2.22424
-0
-0
-0
35.516
-0
-0
-0
-0
-0
-0
31.6537
-0
-0
-0
31.3055
-0
-0
3.66265
-0
10.9697
2.30722
4.34486
40.4568
-0
-0
-0
-0
-0
-0
-0
24.9979
-0
-0
-0
0.355257
-0
4.71934
9.93953
-0
-0
-0
-0
-0
-0
-0
-0
-0
-0
18.8592
19.8402
-0
-0
-0
-0
3.78821
-0
56.718
-0
-0
-0
-0
0.0652433
10.1526
-0
-0
-0
-0
51.449
-0
-0
9.91577
-0
-0
9.85818
-0
-0
-0
-0
34.5865
-0
18.4561
-0
50.7706
-0
-0
58.2953
-0
-0
-0
23.5998
-0
-0
-0
1.16288
-0
-0
44.9557
-0
-0
-0
-0
-0
-0
-0
-0
-0
-0
-0
-0
-0
-0
-0
-0
-0
-0
3.27111
1.08689
-0
0.228003
-0
28.2966
14.3025
-0
-0
-0
-0
-0
-0
-0
-0
-0
-0
-0
-0
-0
-0
-0
-0
-0
1.01123
-0
-0
54.3933
-0
-0
-0
-0
-0
-0
-0
-0
-0
-0
-0
-0
-0
-0
-0
-0
-0
24.6536
-0
-0
-0
-0
16.7516
-0
27.4193
-0
-0
-0
39.7211
-0
-0
-0
-0
-0
-0
-0
-0
-0
13.8283
10.0808
-0
1.92995
-0
-0
-0
-0
52.8252
75.6677
-0
-0
35.1368
-0
-0
-0
-0
-0
18.0333
-0
-0
-0
-0
-0
-0
-0
-0
-0
9.13549
-0
-0
-0
-0
3.23241
-0
-0
-0
-0
-0
-0
79.0904
-0
-0
9.11462
-0
-0
-0
-0
-0
14.9805
69.7405
-0
12.4685
-0
-0
-0
-0
-0
-0
-0
-0
-0
50.3852
-0
-0
40.1944
-0
-0
-0
-0
36.8826
-0
-0
-0
-0
17.8567
6.82652
-0
-0
-0
-0
-0
53.694
8.48292
-0
-0
-0
-0
-0
-0
-0
12.2256
-0
6.69638
-0
19.6055
-0
-0
-0
-0
-0
-0
-0
-0
-0
-0
22.1125
-0
-0
-0
-0
-0
-0
-0
68.3573
-0
3.26564
-0
32.9653
-0
-0
3.65113
-0
-0
-0
58.4205
45.385
-0
-0
8.24204
-0
-0
-0
1.03529
-0
-0
-0
-0
-0
-0
-0
-0
-0
-0
-0
-0
-0
-0
-0
-0
-0
-0
-0
-0
21.5266
-0
-0
-0
-0
-0
6.43711
-0
-0
6.63608
-0
-0
-0
2.26561
20.2215
-0
-0
-0
-0
-0
-0
-0
-0
-0
-0
-0
11.3426
-0
-0
-0
-0
-0
-0
-0
31.4551
-0
-0
-0
-0
-0
-0
-0
25.683
7.89039
43.4392
-0
-0
19.9487
-0
-0
-0
-0
-0
-0
-0
-0
-0
-0
-0
-0
-0
-0
-0
7.10431
-0
-0
-0
-0
-0
19.5099
-0
-0
4.25517
-0
-0
-0
-0
-0
-0
-0
-0
-0
-0
-0
21.6901
-0
-0
-0
-0
2.97921
-0
-0
-0
-0
-0
-0
-0
15.6025
-0
53.8585
-0
-0
-0
5.42605
-0
-0
14.7049
-0
-0
-0
-0
-0
50.0773
69.5025
-0
-0
-0
-0
-0
-0
-0
-0
-0
13.7893
-0
-0
-0
-0
-0
-0
-0
-0
-0
-0
-0
-0
-0
-0
-0
-0
-0
-0
1.62974
44.7483
-0
-0
-0
-0
-0
-0
-0
1.85839
-0
-0
23.8343
-0
-0
-0
-0
-0
-0
-0
-0
11.9213
-0
-0
-0
-0
-0
-0
-0
-0
-0
-0
-0
-0
-0
-0
-0
-0
-0
-0
-0
-0
-0
-0
-0
-0
-0
-0
-0
-0
24.4802
-0
-0
-0
-0
-0
-0
9.04903
-0
-0
-0
-0
-0
-0
-0
-0
-0
-0
-0
-0
-0
-0
18.0511
-0
-0
-0
-0
-0
-0
-0
-0
-0
-0
-0
-0
-0
-0
17.108
-0
-0
-0
-0
-0
-0
8.43159
-0
-0
-0
14.5973
-0
-0
-0
-0
-0
-0
22.4328
32.7704
14.5474
-0
-0
7.34238
-0
-0
-0
-0
-0
-0
-0
-0
-0
-0
-0
10.7854
-0
-0
-0
-0
-0
-0
-0
-0
-0
-0
-0
-0
-0
31.2301
-0
-0
-0
21.5529
-0
-0
-0
-0
-0
-0
-0
-0
-0
-0
6.60308
-0
-0
39.8773
-0
-0
-0
-0
2.99862
-0
-0
-0
-0
-0
-0
-0
-0
-0
-0
37.046
-0
-0
-0
-0
-0
40.2008
-0
-0
-0
-0
-0
-0
-0
-0
-0
6.28082
-0
-0
-0
-0
-0
-0
-0
7.02797
-0
-0
-0
4.39109
-0
-0
-0
-0
-0
-0
-0
-0
-0
0.225556
-0
-0
-0
-0
-0
-0
-0
-0
-0
-0
-0
-0
-0
33.8991
-0
-0
-0
8.61198
-0
-0
7.75745
-0
71.9289
6.47807
-0
-0
-0
26.7087
-0
-0
-0
14.8584
-0
5.81994
-0
54.893
-0
18.3885
-0
-0
-0
23.9574
-0
-0
-0
-0
46.1339
-0
-0
-0
-0
-0
-0
-0
3.68691
-0
-0
-0
-0
-0
-0
-0
-0
-0
-0
-0
-0
-0
14.5385
-0
-0
-0
-0
-0
-0
-0
-0
-0
-0
-0
-0
-0
-0
-0
-0
-0
-0
-0
-0
-0
-0
1.85113
-0
-0
11.1271
-0
31.4267
-0
-0
76.3092
55.2993
-0
-0
-0
-0
-0
-0
-0
-0
28.5324
-0
-0
24.3726
-0
-0
-0
4.50468
-0
-0
0.221884
-0
-0
-0
-0
-0
-0
-0
-0
-0
-0
-0
-0
-0
6.55453
-0
57.2638
-0
-0
-0
38.4163
-0
-0
15.6836
-0
-0
-0
-0
-0
-0
-0
-0
12.8972
-0
-0
26.8007
-0
-0
-0
-0
-0
-0
-0
-0
58.6117
-0
-0
-0
12.49
-0
-0
-0
-0
-0
-0
-0
-0
-0
-0
19.3252
41.3711
-0
-0
-0
-0
-0
-0
-0
-0
-0
-0
-0
-0
-0
-0
-0
19.5249
-0
-0
-0
-0
-0
-0
13.7034
21.9936
-0
-0
-0
-0
-0
-0
-0
0.837356
4.10962
-0
-0
-0
-0
-0
-0
77.7573
51.904
45.7043
-0
-0
-0
-0
24.9814
-0
-0
-0
37.8967
37.6705
-0
-0
16.4412
-0
-0
-0
41.5002
-0
-0
-0
-0
23.6888
-0
-0
-0
-0
-0
6.1919
-0
-0
16.186
-0
-0
-0
-0
-0
-0
-0
30.0456
-0
-0
30.5631
-0
-0
-0
-0
-0
-0
29.3065
-0
-0
-0
-0
-0
-0
-0
-0
18.0349
-0
-0
-0
17.4352
6.45105
11.4386
-0
-0
-0
-0
-0
-0
44.1642
-0
-0
-0
-0
-0
-0
-0
-0
-0
-0
-0
-0
8.60543
-0
-0
28.9882
25.2832
-0
-0
-0
-0
-0
-0
-0
-0
-0
-0
-0
28.5662
-0
-0
-0
62.9627
-0
-0
-0
-0
-0
-0
-0
-0
-0
-0
-0
12.8536
-0
12.9881
-0
45.6575
27.8704
-0
-0
-0
-0
-0
-0
-0
-0
-0
10.4814
-0
-0
-0
-0
-0
-0
-0
-0
-0
-0
-0
-0
40.02
7.30438
52.2244
-0
-0
-0
18.1308
-0
-0
-0
9.64198
0.796326
-0
13.1122
-0
-0
-0
-0
-0
-0
16.5196
7.26406
10.9856
-0
-0
-0
43.7996
21.4489
12.5
-0
-0
-0
-0
0.152695
-0
-0
-0
-0
-0
-0
-0
-0
42.1234
-0
-0
-0
-0
-0
-0
-0
-0
-0
2.16409
-0
-0
-0
-0
10.7722
-0
3.67638
-0
-0
-0
41.4441
54.3688
-0
-0
3.06961
-0
-0
-0
-0
-0
-0
-0
-0
-0
-0
10.476
36.8106
-0
-0
-0
-0
-0
38.5821
33.1604
-0
-0
-0
-0
-0
-0
-0
-0
-0
-0
-0
-0
7.94638
-0
29.3089
-0
-0
-0
-0
-0
2.8632
-0
-0
-0
-0
-0
-0
4.82903
-0
-0
-0
-0
-0
-0
-0
-0
-0
-0
-0
-0
46.0109
12.5563
-0
-0
-0
-0
31.4446
32.3113
-0
8.91477
-0
39.8436
-0
0.956976
-0
-0
-0
-0
-0
-0
-0
-0
-0
-0
-0
-0
-0
24.9659
-0
-0
-0
-0
-0
-0
8.58503
-0
-0
-0
3.01779
3.963
-0
-0
-0
-0
-0
-0
15.5951
-0
5.73137
-0
-0
-0
-0
-0
-0
-0
-0
-0
-0
-0
-0
0.392979
-0
-0
-0
-0
19.4704
0.324791
-0
-0
-0
27.7861
-0
-0
-0
-0
-0
-0
-0
-0
-0
-0
-0
-0
-0
-0
-0
-0
-0
6.88249
-0
-0
65.9528
-0
-0
6.66833
-0
-0
-0
-0
-0
2.06201
-0
-0
-0
-0
-0
-0
-0
-0
-0
-0
-0
-0
-0
-0
-0
-0
-0
-0
1.36766
-0
-0
13.3675
-0
-0
-0
-0
-0
-0
-0
-0
-0
-0
-0
55.1501
-0
-0
46.7727
-0
-0
-0
-0
-0
-0
-0
-0
10.5035
-0
-0
-0
-0
8.6496
-0
-0
-0
-0
22.3038
-0
23.2605
-0
22.787
-0
-0
-0
10.7437
-0
-0
13.9732
-0
-0
5.36285
-0
11.3653
-0
-0
-0
-0
-0
-0
-0
-0
-0
-0
-0
-0
-0
16.7895
-0
8.04999
15.4725
-0
9.09161
-0
-0
-0
-0
-0
-0
-0
-0
-0
20.6905
-0
4.31616
15.5407
-0
-0
-0
-0
17.0633
3.95089
-0
-0
-0
-0
-0
-0
-0
-0
22.3878
-0
-0
8.30797
-0
-0
-0
-0
2.23252
25.5762
-0
-0
9.73619
25.8033
-0
-0
-0
-0
-0
63.208
-0
-0
13.6269
7.26154
10.0639
-0
-0
-0
-0
-0
6.21553
-0
19.7726
-0
-0
-0
-0
-0
20.3857
21.0465
25.0647
-0
-0
33.9815
-0
-0
-0
-0
-0
-0
-0
8.82677
-0
29.5906
-0
-0
-0
-0
-0
-0
16.4966
-0
-0
-0
-0
-0
-0
-0
-0
-0
53.1582
-0
-0
-0
-0
-0
-0
-0
-0
-0
-0
-0
28.1974
-0
-0
-0
-0
-0
-0
13.1793
-0
-0
-0
-0
-0
-0
-0
-0
-0
63.7022
21.788
-0
-0
-0
-0
-0
22.057
-0
-0
24.4653
6.11437
-0
-0
-0
-0
-0
-0
-0
1.12204
-0
-0
-0
-0
-0
12.1379
4.53039
5.58247
-0
-0
10.0147
-0
-0
50.5669
-0
-0
-0
10.8666
-0
-0
-0
-0
-0
-0
-0
-0
-0
-0
-0
-0
1.4019
-0
-0
-0
-0
-0
28.2831
25.5259
-0
-0
-0
-0
-0
-0
-0
-0
114.398
-0
0.108337
-0
-0
-0
-0
15.6825
-0
-0
-0
-0
25.9586
-0
-0
25.7545
-0
-0
-0
-0
-0
41.551
-0
44.9331
52.7906
-0
28.3229
-0
-0
-0
-0
-0
-0
-0
-0
-0
-0
-0
-0
-0
-0
26.5829
-0
-0
-0
-0
-0
2.04881
-0
56.2933
-0
-0
-0
-0
-0
-0
29.8732
-0
31.1147
-0
-0
-0
0.00828409
-0
-0
-0
-0
-0
-0
-0
-0
-0
-0
-0
-0
38.5081
-0
0.154215
-0
-0
-0
-0
-0
-0
-0
-0
-0
-0
-0
-0
-0
6.48888
-0
-0
-0
42.1289
-0
-0
15.3419
-0
-0
67.8203
22.085
-0
-0
24.566
-0
-0
-0
-0
-0
49.3542
-0
-0
-0
-0
-0
-0
-0
-0
-0
-0
-0
-0
-0
-0
80.1072
-0
29.0297
-0
-0
-0
-0
-0
-0
-0
-0
-0
-0
-0
4.19282
-0
-0
62.7069
-0
-0
-0
-0
-0
-0
-0
-0
-0
16.5997
20.6134
13.2184
-0
30.8299
15.4648
-0
-0
2.70667
42.5097
-0
18.2662
-0
-0
-0
-0
-0
-0
-0
10.8285
4.47078
19.3542
-0
45.6848
-0
-0
-0
-0
-0
-0
72.0459
-0
10.4889
-0
-0
-0
-0
-0
-0
-0
-0
-0
-0
-0
16.7468
55.2131
-0
-0
-0
-0
-0
4.27709
-0
81.617
-0
61.2756
-0
-0
-0
0.0830364
12.9871
-0
-0
-0
-0
5.6563
-0
47.1516
-0
-0
-0
-0
-0
-0
-0
-0
-0
7.22308
-0
0.247576
-0
-0
-0
-0
-0
1.97183
-0
-0
-0
-0
-0
-0
18.1703
-0
-0
2.81673
-0
-0
-0
-0
-0
-0
-0
-0
-0
-0
-0
7.72555
-0
1.1929
-0
-0
10.6196
-0
-0
18.5542
-0
7.34214
-0
9.77791
-0
-0
-0
-0
21.5731
57.3446
-0
-0
0.476984
-0
-0
-0
18.8937
-0
-0
-0
43.6145
-0
-0
18.0798
-0
-0
1.17481
-0
-0
-0
-0
8.885
-0
-0
-0
-0
-0
20.8583
74.1844
3.21432
-0
-0
-0
-0
17.9625
-0
-0
-0
-0
5.43001
-0
-0
-0
-0
14.4471
-0
19.216
55.6416
4.54352
-0
-0
-0
-0
18.0766
-0
-0
-0
-0
-0
-0
-0
-0
-0
-0
-0
-0
-0
-0
-0
25.2712
-0
-0
-0
-0
-0
12.7142
20.2349
-0
25.3288
-0
1.24798
-0
-0
-0
-0
-0
-0
-0
22.1679
-0
-0
5.09353
-0
-0
-0
-0
-0
-0
49.2068
-0
-0
-0
-0
-0
27.7041
-0
-0
-0
-0
1.382
-0
-0
-0
-0
-0
3.90639
-0
-0
10.1617
-0
49.1323
29.1641
8.26628
-0
-0
-0
21.8558
-0
-0
-0
-0
-0
-0
-0
31.616
-0
-0
-0
31.2416
-0
-0
-0
-0
-0
30.2489
-0
-0
-0
-0
-0
-0
78.2138
-0
-0
-0
-0
-0
-0
-0
-0
-0
-0
-0
-0
-0
12.8651
5.01222
0.941004
34.3192
-0
-0
-0
-0
-0
-0
-0
14.2081
-0
-0
-0
-0
-0
-0
-0
-0
-0
-0
-0
-0
-0
0.150785
4.85815
-0
-0
-0
-0
-0
-0
-0
81.9139
-0
-0
-0
-0
-0
-0
-0
7.82155
-0
-0
-0
-0
30.0286
-0
-0
-0
-0
-0
-0
31.0386
-0
-0
-0
34.0536
32.4256
1.88219
14.42
-0
-0
-0
5.16403
67.8142
-0
-0
6.4952
47.8555
-0
21.6425
-0
-0
-0
-0
-0
-0
-0
-0
2.52704
-0
-0
-0
-0
-0
-0
-0
-0
-0
-0
-0
-0
-0
-0
16.8648
0.0457238
-0
-0
-0
23.0019
-0
-0
-0
-0
52.4762
-0
-0
-0
-0
-0
-0
-0
13.2539
-0
22.3405
-0
-0
-0
-0
-0
15.0332
24.7474
-0
-0
6.96011
-0
-0
-0
-0
20.5441
-0
-0
-0
-0
-0
-0
-0
-0
