0.875788
-0
-0
-0
-0
-0
-0
-0
31.5088
-0
38.6838
-0
-0
-0
-0
3.74953
-0
-0
-0
-0
-0
21.1162
-0
-0
-0
-0
-0
-0
-0
-0
-0
-0
-0
38.1034
-0
-0
-0
-0
-0
-0
-0
-0
-0
32.5567
-0
48.9307
-0
33.0053
-0
-0
-0
-0
0.531369
-0
-0
-0
-0
-0
9.34704
-0
-0
-0
-0
7.56255
17.9312
-0
8.71864
-0
-0
0.339376
-0
-0
-0
-0
-0
0.0887724
19.2024
4.65654
-0
-0
-0
-0
-0
-0
-0
-0
-0
2.61588
-0
7.0168
-0
-0
-0
-0
-0
-0
-0
-0
25.9515
-0
-0
-0
-0
15.9901
11.1311
-0
-0
-0
-0
-0
-0
-0
-0
-0
-0
9.98636
18.1868
-0
25.059
-0
-0
-0
7.95412
-0
-0
-0
-0
-0
-0
-0
-0
14.0279
-0
-0
-0
12.219
12.0459
-0
-0
16.3899
-0
-0
-0
-0
-0
-0
1.80344
17.3685
-0
-0
6.68706
-0
-0
-0
-0
-0
36.013
-0
-0
2.17179
-0
0.416119
-0
55.7058
-0
-0
-0
30.3008
-0
-0
-0
20.6388
-0
-0
-0
-0
-0
-0
-0
-0
7.46975
-0
-0
-0
-0
6.61456
-0
-0
-0
-0
-0
-0
35.1668
-0
-0
-0
-0
-0
12.1094
-0
-0
20.7147
20.5175
-0
3.14994
-0
-0
19.6109
32.9079
-0
-0
-0
7.21944
-0
-0
-0
0.213772
-0
-0
-0
-0
-0
-0
16.0624
-0
-0
-0
-0
-0
-0
-0
21.585
-0
-0
-0
-0
-0
-0
-0
-0
-0
-0
-0
-0
-0
-0
4.67967
-0
10.6344
-0
-0
-0
0.166137
1.79877
-0
-0
-0
5.71376
-0
-0
-0
-0
-0
-0
-0
-0
-0
-0
-0
-0
-0
14.4685
-0
13.7949
-0
-0
-0
-0
-0
0.559961
-0
5.64509
-0
-0
-0
-0
-0
-0
-0
-0
-0
37.2279
19.7187
-0
13.7108
-0
-0
-0
2.32494
3.99071
-0
5.69174
-0
-0
48.1847
23.7936
-0
-0
-0
-0
59.6346
7.79976
-0
-0
21.0543
1.64964
-0
-0
-0
0.725232
-0
-0
-0
29.0289
-0
-0
-0
-0
-0
23.104
-0
-0
-0
10.2644
-0
-0
-0
-0
-0
-0
-0
-0
-0
17.6923
24.3386
-0
0.12152
-0
-0
-0
3.25903
14.8007
-0
-0
4.19497
-0
-0
-0
-0
-0
-0
-0
-0
3.41508
-0
0.499209
-0
-0
2.41529
-0
-0
10.4251
0.123269
-0
-0
-0
20.5856
-0
-0
-0
-0
51.8178
-0
-0
32.6452
-0
9.88163
-0
-0
-0
16.9897
0.119456
-0
-0
-0
-0
-0
-0
-0
-0
2.08059
31.7058
-0
-0
-0
3.38534
-0
12.6615
-0
-0
-0
-0
-0
-0
16.6193
53.1407
-0
-0
24.0341
-0
-0
-0
-0
-0
-0
9.66746
3.25992
7.40518
2.35056
31.9657
-0
-0
-0
-0
7.92308
-0
7.43912
-0
-0
-0
-0
-0
0.465075
1.5081
-0
-0
-0
-0
-0
-0
-0
0.955145
-0
-0
12.7762
-0
-0
8.98948
-0
-0
-0
-0
-0
-0
17.0719
-0
-0
-0
-0
-0
-0
12.5264
-0
-0
-0
8.98796
22.5743
-0
-0
25.0889
-0
-0
9.97835
17.1756
-0
4.60828
-0
-0
-0
1.94065
35.2063
-0
5.76074
-0
-0
34.8287
-0
-0
-0
-0
-0
-0
-0
20.9644
-0
-0
-0
28.9288
-0
22.7764
-0
-0
-0
-0
-0
28.406
21.5464
-0
-0
-0
-0
2.33374
-0
-0
-0
-0
-0
35.826
-0
-0
-0
-0
-0
-0
-0
2.07424
-0
13.3435
-0
-0
-0
-0
-0
-0
11.5431
8.3969
5.82834
-0
32.4449
-0
3.65315
4.98746
-0
-0
-0
-0
25.5944
16.5464
2.02216
-0
-0
-0
46.5664
-0
2.0836
-0
-0
-0
-0
-0
-0
-0
-0
29.1007
-0
-0
-0
-0
32.1454
-0
-0
-0
-0
-0
18.6469
-0
-0
8.68483
-0
7.12903
-0
-0
-0
-0
-0
-0
13.3027
-0
14.8285
-0
27.194
-0
-0
-0
-0
-0
-0
1.57463
-0
45.7538
-0
-0
30.6889
-0
-0
-0
25.8844
-0
-0
-0
-0
-0
-0
2.21237
-0
-0
-0
-0
-0
-0
-0
-0
-0
-0
-0
-0
-0
-0
34.3667
7.87582
-0
-0
-0
-0
-0
11.6397
2.58711
25.1436
28.1558
2.91514
-0
-0
10.3181
-0
16.1618
-0
9.86965
-0
-0
-0
9.57175
5.99048
-0
3.96804
-0
15.0981
-0
-0
-0
-0
-0
-0
2.59841
16.5109
-0
-0
-0
-0
-0
6.70809
-0
14.0653
-0
15.2189
-0
8.52074
-0
-0
-0
-0
-0
-0
23.2263
-0
-0
13.5053
-0
-0
-0
-0
13.4548
-0
-0
-0
-0
-0
-0
-0
-0
-0
0.0353928
-0
-0
-0
-0
-0
48.8667
-0
-0
13.654
-0
-0
-0
2.43288
-0
-0
-0
17.815
0.205708
-0
27.9794
-0
-0
7.92896
0.27253
-0
-0
0.140977
-0
-0
-0
-0
11.9658
-0
-0
10.2767
-0
-0
-0
-0
-0
-0
-0
-0
-0
-0
28.0077
6.99031
67.9951
-0
0.39353
-0
-0
-0
-0
16.2173
3.30693
-0
-0
11.5263
-0
-0
-0
-0
-0
-0
-0
-0
-0
-0
10.1929
8.17872
16.7169
15.8018
-0
-0
14.3706
8.7648
-0
6.54178
-0
-0
-0
-0
-0
-0
-0
-0
-0
-0
-0
-0
33.3916
-0
-0
24.1747
-0
22.3959
-0
3.58957
-0
-0
-0
-0
-0
-0
-0
46.5778
-0
-0
-0
-0
22.3704
-0
-0
-0
-0
0.177499
21.3123
-0
12.0336
0.767252
8.88923
-0
-0
-0
-0
3.52844
-0
-0
-0
-0
33.4247
2.3297
24.3709
1.34145
-0
-0
15.8176
25.5856
0.645933
-0
-0
-0
-0
-0
21.6364
-0
-0
37.7196
-0
6.2375
-0
6.23183
-0
-0
-0
-0
-0
-0
-0
-0
-0
-0
18.0203
12.6007
-0
-0
-0
-0
6.90651
1.86893
-0
15.8765
-0
-0
23.4792
-0
-0
-0
21.4277
-0
-0
-0
-0
20.2801
-0
1.59477
-0
-0
-0
-0
-0
-0
-0
-0
-0
-0
-0
-0
35.2526
-0
-0
-0
-0
-0
-0
36.1687
-0
-0
-0
21.3401
-0
-0
18.6631
1.52826
-0
3.65533
-0
-0
-0
-0
26.3334
-0
-0
-0
-0
20.8533
-0
-0
-0
-0
-0
-0
-0
-0
12.5953
-0
-0
-0
-0
-0
-0
-0
33.7083
-0
-0
-0
-0
-0
-0
-0
-0
-0
10.384
11.9984
-0
-0
-0
2.60746
-0
-0
-0
-0
-0
-0
7.80856
2.3334
7.03825
21.7607
-0
-0
-0
-0
-0
-0
-0
-0
-0
-0
21.4652
6.42821
5.48636
-0
-0
-0
-0
-0
-0
-0
-0
-0
-0
-0
-0
10.329
-0
-0
-0
11.6724
-0
-0
-0
-0
7.71781
-0
-0
-0
-0
-0
-0
-0
-0
-0
-0
22.6368
-0
-0
-0
-0
-0
2.7217
7.55136
-0
-0
-0
-0
-0
1.10153
-0
26.7592
-0
-0
-0
1.96998
0.106191
-0
38.4238
-0
-0
-0
-0
4.70885
9.01218
6.86324
-0
10.474
-0
-0
-0
-0
-0
-0
-0
-0
-0
-0
-0
-0
-0
-0
-0
-0
-0
-0
7.78986
-0
-0
-0
-0
-0
2.36065
-0
-0
-0
0.887711
-0
36.5937
-0
18.2522
5.03471
-0
-0
-0
-0
-0
-0
17.1484
-0
1.11806
29.2952
-0
7.4394
-0
-0
-0
7.33226
-0
-0
-0
-0
32.2923
-0
19.9103
-0
-0
-0
-0
-0
4.73213
-0
-0
-0
1.2126
31.276
-0
1.69678
-0
-0
12.9732
-0
-0
10.5897
6.57563
-0
-0
-0
-0
-0
-0
-0
22.4296
14.7697
-0
-0
13.5138
-0
-0
-0
35.5719
-0
-0
-0
-0
11.1191
39.381
-0
-0
-0
-0
-0
-0
-0
-0
-0
9.53327
-0
-0
-0
-0
-0
24.0923
0.0720628
-0
-0
-0
-0
5.95928
11.2961
-0
12.356
19.5301
-0
61.5273
27.4945
-0
-0
-0
8.48723
-0
-0
-0
-0
-0
-0
-0
5.41006
-0
-0
38.3724
-0
-0
-0
20.2331
-0
-0
-0
14.1248
-0
2.49345
-0
-0
18.3518
6.98168
27.0443
16.0541
-0
-0
2.50364
-0
18.844
-0
-0
-0
-0
-0
-0
-0
7.50369
-0
-0
-0
20.4256
-0
-0
12.4224
-0
-0
1.33405
-0
-0
-0
-0
27.7307
-0
-0
-0
5.64398
-0
-0
-0
-0
-0
19.6648
-0
24.2046
-0
-0
2.97385
-0
-0
-0
17.3232
-0
-0
-0
-0
-0
-0
-0
-0
-0
-0
-0
-0
-0
5.33556
-0
-0
-0
-0
-0
-0
-0
-0
-0
-0
-0
3.06894
-0
-0
24.096
-0
-0
-0
-0
-0
20.7086
-0
-0
20.3638
-0
-0
-0
-0
-0
1.99819
25.8694
-0
0.807316
-0
-0
-0
-0
65.6781
-0
-0
-0
22.2759
10.4542
-0
6.82012
16.1751
-0
0.442162
2.37357
-0
-0
2.21434
24.5478
-0
10.2427
-0
-0
-0
20.3565
-0
-0
-0
6.17208
16.4012
0.601076
26.5594
-0
20.9518
-0
42.4733
-0
-0
1.8273
-0
3.30263
11.1555
41.2243
-0
-0
-0
12.2431
-0
38.267
-0
11.4409
-0
-0
1.74069
-0
-0
-0
-0
18.6657
-0
-0
-0
6.51356
9.62756
-0
-0
-0
-0
-0
-0
-0
3.26697
-0
7.25343
-0
-0
30.943
-0
-0
-0
-0
22.5625
-0
-0
6.95936
-0
5.28001
-0
1.77238
-0
-0
6.8761
-0
-0
-0
9.16813
-0
-0
-0
-0
11.5076
-0
-0
10.2671
20.823
-0
-0
-0
-0
16.7956
-0
-0
-0
-0
-0
-0
2.65664
-0
-0
-0
-0
-0
-0
-0
-0
-0
0.91876
-0
-0
-0
7.11815
-0
0.789081
-0
-0
-0
-0
-0
-0
-0
-0
-0
-0
-0
-0
-0
-0
-0
-0
-0
-0
-0
10.628
-0
-0
-0
-0
-0
-0
-0
-0
-0
-0
-0
14.4194
-0
-0
-0
-0
-0
-0
-0
2.44576
-0
-0
-0
-0
-0
-0
-0
-0
-0
-0
20.3477
-0
-0
-0
-0
-0
-0
-0
-0
-0
-0
2.72474
-0
18.6241
-0
-0
1.32497
21.8831
6.70692
-0
12.792
-0
0.144438
-0
-0
-0
7.3215
-0
-0
-0
52.7705
-0
-0
-0
-0
-0
8.42083
11.5103
-0
-0
-0
-0
32.9137
-0
-0
-0
-0
-0
37.1563
9.41728
-0
-0
-0
-0
-0
-0
-0
-0
-0
0.167974
-0
1.29457
-0
-0
29.1887
-0
-0
-0
-0
-0
-0
-0
-0
-0
-0
-0
-0
-0
-0
-0
8.07644
-0
-0
-0
-0
-0
-0
-0
-0
20.1826
-0
-0
-0
-0
-0
7.2505
-0
42.7288
12.5935
-0
-0
-0
5.15353
-0
9.4526
0.246138
-0
-0
-0
-0
5.03875
-0
-0
-0
-0
12.813
-0
-0
-0
-0
-0
-0
-0
2.63261
-0
46.7285
-0
4.83936
-0
-0
-0
22.4121
-0
-0
-0
-0
0.238146
-0
11.8405
6.76278
-0
22.3697
-0
-0
2.12879
-0
-0
-0
43.1075
-0
-0
-0
-0
14.9455
-0
-0
33.2364
44.5964
-0
27.0496
-0
-0
-0
2.36289
-0
-0
-0
-0
-0
-0
-0
18.5556
-0
-0
-0
-0
-0
32.8583
-0
-0
10.0861
2.93937
2.44018
-0
19.2296
-0
-0
-0
-0
-0
-0
-0
10.7457
-0
4.59784
22.0678
-0
-0
-0
-0
-0
1.71538
22.4142
20.9079
-0
-0
-0
39.3018
28.7304
3.76042
-0
-0
-0
-0
-0
-0
-0
-0
-0
-0
-0
11.8863
-0
0.910091
40.1996
-0
-0
1.70028
-0
-0
-0
19.4341
2.93316
-0
-0
-0
23.3505
-0
-0
19.769
-0
-0
-0
4.46882
-0
-0
26.4672
25.3128
-0
-0
25.2559
-0
-0
-0
36.2374
-0
-0
-0
-0
-0
-0
-0
-0
-0
-0
10.2799
-0
-0
-0
13.0939
-0
-0
-0
-0
-0
1.01321
-0
-0
10.2534
-0
10.8826
-0
-0
23.2925
-0
-0
-0
2.64378
12.7647
-0
4.93157
-0
6.82174
-0
-0
-0
-0
-0
-0
17.5298
-0
19.7617
-0
-0
-0
-0
-0
10.6461
-0
-0
-0
-0
5.83272
-0
-0
3.59506
-0
-0
-0
-0
-0
-0
-0
6.92166
-0
-0
-0
-0
-0
-0
-0
-0
40.5269
-0
-0
-0
-0
-0
-0
-0
-0
-0
-0
-0
-0
-0
-0
-0
-0
6.34362
-0
13.3543
-0
-0
-0
-0
-0
0.0332927
-0
-0
-0
-0
-0
34.7508
-0
3.49469
16.6447
-0
-0
-0
-0
-0
1.43724
0.000963476
-0
-0
-0
13.9708
36.9608
-0
2.54953
-0
-0
-0
8.12471
-0
47.7167
-0
-0
-0
8.43128
-0
2.09663
-0
-0
-0
-0
4.10857
-0
-0
-0
-0
-0
-0
-0
-0
-0
-0
-0
-0
-0
-0
45.9432
-0
-0
-0
-0
12.722
-0
-0
-0
-0
-0
26.2771
-0
-0
-0
-0
3.01765
-0
-0
-0
-0
-0
-0
-0
0.374405
-0
10.4294
1.826
-0
-0
-0
-0
7.12142
-0
-0
-0
6.23043
-0
28.4334
-0
-0
-0
-0
-0
-0
-0
36.836
-0
-0
-0
-0
2.72229
-0
-0
-0
-0
-0
-0
9.25652
-0
7.61465
2.18676
20.0167
-0
-0
5.53952
-0
8.71206
-0
-0
42.3192
-0
-0
9.8209
16.8755
-0
34.8225
-0
-0
-0
-0
-0
-0
-0
-0
-0
-0
1.02991
-0
-0
5.70886
-0
-0
-0
-0
-0
-0
0.894761
-0
-0
-0
-0
-0
-0
0.11051
-0
-0
-0
6.00418
27.2355
7.28232
9.31176
-0
-0
-0
-0
11.8048
-0
12.8604
12.6873
-0
-0
-0
-0
21.0969
-0
-0
-0
-0
-0
-0
-0
3.99551
-0
-0
-0
-0
-0
32.4464
-0
11.1929
-0
-0
-0
0.758059
-0
-0
-0
-0
-0
-0
-0
-0
-0
-0
3.96758
-0
-0
15.4208
12.6564
-0
-0
-0
8.92515
-0
-0
-0
0.667653
-0
5.88819
-0
-0
-0
-0
-0
-0
7.4283
-0
-0
-0
-0
-0
2.23446
2.29864
-0
8.99242
-0
-0
-0
-0
37.5646
-0
25.2693
10.5161
-0
-0
-0
-0
-0
-0
-0
-0
-0
-0
-0
21.8435
-0
7.98373
-0
-0
-0
2.05339
4.89412
-0
10.7544
-0
-0
-0
1.26098
9.80842
-0
-0
12.8398
30.7616
-0
8.82967
35.5956
-0
-0
-0
-0
-0
25.1623
2.85482
-0
43.2456
-0
-0
-0
-0
-0
-0
-0
-0
-0
-0
38.174
-0
-0
15.8613
-0
-0
-0
-0
-0
-0
-0
-0
-0
-0
-0
4.7011
-0
-0
7.96939
-0
-0
3.58883
-0
-0
14.2497
3.38691
-0
16.5189
-0
-0
19.3487
-0
-0
-0
-0
-0
-0
0.875324
12.5728
20.2392
-0
32.7541
-0
46.9929
-0
-0
-0
-0
-0
-0
-0
-0
-0
-0
1.03954
-0
-0
-0
-0
-0
-0
-0
-0
-0
-0
-0
-0
-0
17.4538
-0
-0
-0
-0
-0
-0
-0
-0
-0
14.2375
-0
22.3538
-0
-0
0.202458
29.9364
-0
-0
-0
25.6315
-0
-0
-0
18.1384
-0
-0
-0
-0
-0
-0
-0
-0
-0
-0
18.496
24.3993
-0
7.53226
-0
-0
-0
-0
18.1102
-0
-0
-0
-0
-0
-0
-0
-0
21.3753
5.2356
-0
-0
-0
-0
-0
-0
-0
16.7179
-0
-0
15.222
-0
-0
3.64718
29.7562
-0
-0
-0
-0
-0
-0
-0
-0
0.239053
1.25341
-0
-0
-0
-0
-0
-0
15.393
-0
-0
-0
13.625
7.08967
13.7614
17.446
-0
-0
32.7196
-0
-0
15.1994
-0
-0
26.1604
-0
10.6797
-0
-0
-0
-0
5.10308
26.3131
-0
14.8724
-0
11.9956
-0
-0
-0
-0
9.57775
-0
17.6301
-0
-0
-0
-0
-0
4.41824
-0
-0
-0
-0
-0
-0
-0
-0
-0
-0
-0
-0
-0
-0
-0
-0
-0
-0
13.455
-0
-0
5.25125
-0
-0
-0
-0
-0
-0
-0
-0
2.40466
-0
-0
-0
-0
20.233
8.42588
-0
-0
17.6547
2.7301
-0
-0
-0
-0
-0
13.0831
-0
-0
4.32629
17.592
-0
-0
-0
8.62575
-0
2.93141
-0
-0
-0
23.918
-0
-0
-0
4.92599
27.1989
-0
-0
7.92392
-0
-0
-0
-0
7.70852
26.8804
-0
16.8601
-0
-0
18.5701
21.1049
-0
-0
-0
-0
-0
16.8461
-0
21.9814
-0
-0
44.6667
29.7778
-0
-0
-0
-0
21.2951
-0
21.7072
-0
-0
-0
-0
-0
-0
2.37148
-0
-0
-0
-0
-0
44.0429
-0
-0
-0
-0
27.7012
-0
3.39147
-0
-0
-0
-0
-0
-0
-0
-0
-0
-0
-0
-0
-0
-0
-0
-0
2.72695
-0
-0
17.1713
-0
-0
-0
-0
-0
-0
-0
-0
-0
-0
-0
24.2716
-0
-0
-0
-0
-0
-0
-0
-0
-0
8.40526
10.4589
11.5291
-0
-0
1.27662
-0
-0
-0
-0
-0
11.36
-0
-0
-0
-0
-0
-0
-0
-0
-0
-0
-0
-0
12.2195
-0
-0
-0
6.35112
-0
-0
-0
-0
-0
-0
1.44226
-0
-0
-0
-0
-0
11.4562
5.93699
-0
-0
30.0671
-0
-0
-0
-0
-0
-0
-0
-0
0.362051
-0
-0
-0
18.9895
-0
-0
-0
-0
-0
-0
-0
-0
-0
-0
-0
-0
-0
12.3878
-0
-0
-0
-0
-0
-0
-0
-0
-0
-0
-0
-0
-0
25.4985
-0
-0
-0
-0
-0
-0
-0
-0
-0
-0
2.32377
10.941
-0
-0
-0
-0
-0
3.79911
-0
30.9361
-0
-0
4.21275
1.05005
-0
-0
43.614
-0
-0
0.522075
-0
-0
-0
-0
-0
-0
-0
15.9288
-0
29.2479
14.8792
-0
-0
-0
2.61616
-0
-0
-0
-0
25.4039
20.2595
-0
-0
-0
9.95776
-0
11.2142
-0
14.5512
-0
-0
-0
1.60345
3.60668
-0
-0
-0
14.6366
5.15322
-0
7.72816
-0
-0
0.131293
17.476
43.2086
-0
11.2624
-0
-0
-0
-0
-0
-0
-0
-0
-0
-0
5.13221
-0
-0
-0
-0
-0
3.27524
-0
18.4038
-0
-0
-0
-0
15.3473
-0
-0
-0
-0
3.32739
20.3094
8.31993
-0
-0
-0
-0
-0
-0
-0
-0
-0
-0
-0
31.6169
-0
-0
0.575907
-0
7.36044
-0
6.58453
27.3467
-0
-0
-0
-0
-0
-0
38.7967
-0
12.1653
-0
-0
48.5073
-0
-0
-0
-0
-0
9.70746
-0
-0
-0
-0
-0
2.46933
-0
1.80202
-0
9.07417
-0
-0
-0
-0
-0
-0
-0
-0
-0
9.1134
-0
-0
-0
-0
-0
-0
-0
-0
3.88765
-0
-0
-0
-0
-0
45.7265
7.89478
-0
21.6762
-0
-0
-0
-0
-0
-0
0.339562
-0
-0
16.9285
-0
-0
-0
-0
-0
3.71188
-0
-0
28.5402
30.0044
-0
-0
-0
-0
-0
-0
15.4787
46.766
-0
-0
-0
-0
-0
-0
5.28987
-0
-0
-0
-0
-0
0.650502
-0
-0
-0
6.2734
-0
-0
-0
-0
-0
-0
-0
-0
-0
-0
-0
-0
-0
-0
-0
12.6415
-0
-0
15.5304
-0
-0
-0
-0
-0
-0
-0
-0
-0
-0
-0
-0
7.66968
-0
-0
-0
7.82735
10.2449
1.07474
-0
0.551711
3.45952
-0
-0
0.184479
-0
-0
-0
22.0596
-0
24.0455
-0
-0
0.877783
15.1359
11.0113
-0
9.05095
-0
7.31392
-0
-0
-0
-0
2.17682
-0
-0
-0
2.43859
-0
-0
10.7011
12.8839
-0
7.74464
-0
-0
-0
-0
-0
-0
-0
4.02186
9.19953
-0
-0
-0
-0
-0
-0
-0
-0
-0
-0
-0
34.3368
-0
-0
-0
-0
-0
26.5873
-0
33.332
-0
-0
-0
3.87565
-0
-0
-0
-0
-0
-0
26.5299
-0
-0
10.6398
-0
3.88945
2.16665
-0
-0
-0
1.95765
-0
-0
-0
25.492
-0
-0
-0
-0
-0
-0
-0
-0
-0
-0
-0
8.4945
-0
-0
-0
-0
-0
-0
-0
28.8026
-0
12.0162
-0
-0
27.7682
-0
6.27419
-0
-0
-0
-0
-0
-0
-0
-0
-0
-0
-0
-0
5.58094
12.781
-0
-0
-0
-0
9.19183
-0
2.47153
-0
-0
-0
-0
-0
12.5868
-0
-0
-0
9.67699
1.51487
-0
-0
-0
-0
-0
-0
17.5846
-0
-0
-0
-0
-0
-0
-0
35.9564
-0
-0
2.32325
-0
-0
-0
-0
-0
-0
12.6763
-0
-0
-0
-0
-0
19.5706
-0
-0
-0
-0
1.11281
-0
-0
-0
-0
16.0589
-0
-0
31.0118
-0
-0
-0
10.5442
-0
-0
17.1628
-0
25.6625
-0
-0
-0
-0
8.60872
-0
-0
-0
0.626446
-0
3.12393
-0
-0
-0
3.62889
-0
9.84527
14.8457
-0
38.2372
7.13277
30.7289
-0
-0
-0
13.387
-0
-0
-0
-0
-0
-0
-0
10.0824
8.33222
35.756
-0
14.7467
-0
12.4246
4.61245
8.41263
-0
-0
39.4599
5.52943
-0
-0
-0
13.641
1.88962
9.20887
-0
-0
-0
28.059
-0
-0
-0
-0
-0
-0
-0
-0
-0
-0
-0
-0
19.8577
45.4861
-0
23.1601
-0
-0
-0
-0
9.03441
-0
-0
-0
-0
-0
-0
-0
9.52615
-0
8.02429
-0
4.46944
17.5816
0.148413
-0
-0
-0
-0
-0
1.83411
-0
-0
-0
-0
-0
11.3556
-0
-0
-0
-0
24.3841
-0
26.9596
12.6229
-0
-0
-0
-0
-0
49.9069
-0
-0
-0
27.3326
32.8139
14.0625
-0
2.66531
-0
-0
-0
17.4097
-0
9.20033
-0
-0
-0
-0
6.70866
-0
-0
22.049
-0
-0
1.73079
-0
-0
-0
-0
-0
-0
22.2775
-0
-0
9.79724
-0
10.6272
15.5719
-0
-0
6.81848
-0
-0
10.6679
-0
-0
0.546819
-0
50.8531
-0
-0
-0
-0
-0
-0
-0
11.8871
-0
-0
-0
-0
-0
-0
-0
-0
-0
11.4558
-0
7.24
-0
-0
-0
-0
-0
-0
-0
-0
-0
-0
-0
-0
17.7798
-0
29.453
5.99374
7.80985
-0
50.399
-0
28.9367
-0
-0
1.85493
-0
-0
2.08057
-0
16.9942
-0
-0
-0
-0
-0
-0
13.4286
-0
30.6511
-0
14.733
-0
39.1489
0.561326
-0
14.3463
-0
-0
10.5772
-0
-0
-0
5.21794
-0
-0
5.53218
-0
-0
-0
-0
-0
-0
-0
-0
-0
-0
-0
22.2074
-0
-0
-0
-0
-0
-0
-0
-0
-0
-0
-0
5.02302
-0
3.36658
25.1515
-0
-0
9.64684
-0
3.28449
-0
7.37709
-0
2.37802
-0
-0
-0
1.05377
21.1636
17.6281
-0
-0
-0
-0
4.38026
-0
-0
-0
26.8005
-0
-0
-0
29.2225
-0
-0
-0
-0
-0
2.86671
11.0416
-0
12.6245
-0
7.67918
41.3256
-0
-0
-0
1.46496
-0
-0
-0
-0
-0
-0
-0
-0
-0
-0
-0
-0
-0
-0
-0
-0
-0
-0
-0
-0
-0
-0
-0
-0
8.35565
-0
-0
16.4984
-0
-0
-0
-0
-0
-0
-0
-0
-0
36.9863
-0
-0
-0
14.254
-0
-0
-0
-0
28.9845
-0
10.8438
0.748078
-0
-0
-0
-0
-0
-0
-0
9.95324
-0
-0
1.28745
-0
36.7969
3.86151
-0
-0
-0
-0
-0
31.2218
-0
26.3321
-0
-0
-0
-0
16.8203
-0
-0
19.099
-0
-0
-0
-0
19.2893
-0
-0
-0
-0
-0
-0
-0
18.2137
-0
27.0733
1.66063
-0
-0
-0
18.7961
-0
-0
18.5936
-0
-0
-0
14.4941
-0
-0
-0
-0
-0
-0
7.3945
-0
-0
-0
-0
-0
-0
-0
-0
1.55683
-0
5.90971
3.85227
-0
-0
-0
-0
-0
-0
-0
-0
1.85374
-0
-0
0.403252
-0
-0
-0
-0
10.8647
-0
-0
-0
-0
14.9853
37.428
-0
-0
-0
-0
-0
-0
-0
18.341
-0
12.2695
8.64833
-0
-0
-0
-0
-0
-0
-0
5.21453
-0
3.61589
24.9774
-0
-0
-0
-0
-0
10.0659
-0
-0
-0
-0
-0
-0
1.60879
-0
-0
-0
-0
-0
-0
-0
22.7708
-0
10.2549
-0
-0
-0
21.3134
-0
-0
-0
-0
25.5903
44.7223
-0
-0
-0
-0
-0
-0
-0
-0
21.7453
1.18026
-0
-0
-0
19.8552
-0
24.0589
-0
-0
-0
-0
-0
-0
6.60836
-0
-0
-0
-0
1.77815
-0
-0
-0
16.3902
23.4692
-0
-0
-0
19.1279
-0
-0
22.2131
14.4943
-0
7.0448
-0
-0
-0
-0
-0
-0
-0
-0
14.3643
-0
-0
-0
-0
-0
8.99902
2.39278
-0
-0
0.837321
-0
-0
-0
-0
-0
2.59885
18.591
-0
-0
-0
-0
-0
12.4919
-0
-0
-0
40.1224
-0
-0
-0
-0
20.077
34.1969
-0
0.840725
-0
17.1635
62.9716
-0
-0
16.0637
-0
-0
-0
-0
5.72653
-0
-0
-0
-0
4.9284
-0
-0
13.7503
-0
-0
-0
-0
-0
6.51823
-0
-0
15.9777
-0
3.15788
-0
-0
-0
-0
-0
-0
-0
-0
-0
-0
-0
24.0172
-0
-0
-0
-0
-0
-0
-0
-0
17.7633
-0
-0
-0
-0
32.8739
39.1982
-0
-0
-0
-0
-0
-0
-0
30.3301
-0
-0
-0
-0
-0
-0
-0
5.22911
-0
9.79785
-0
27.7425
-0
25.1648
-0
-0
40.6114
-0
-0
-0
0.127127
-0
-0
-0
23.6318
-0
18.7107
-0
-0
-0
-0
-0
-0
-0
-0
-0
-0
4.56697
-0
-0
-0
0.60383
-0
-0
-0
-0
17.4771
5.2
-0
-0
-0
-0
-0
-0
-0
-0
5.9655
22.3781
-0
-0
-0
-0
41.5853
-0
28.1376
-0
-0
-0
-0
-0
-0
23.6745
-0
-0
-0
-0
-0
-0
-0
21.8299
-0
2.99732
-0
21.8033
-0
-0
18.8308
-0
-0
-0
-0
-0
-0
-0
-0
-0
-0
9.3888
-0
-0
-0
-0
36.9728
-0
-0
14.3183
38.0707
-0
-0
-0
-0
37.3774
-0
4.40918
-0
-0
-0
-0
19.8622
2.26285
0.502166
-0
-0
8.53992
-0
-0
-0
15.7146
-0
-0
-0
-0
-0
-0
-0
-0
-0
-0
8.98751
-0
-0
-0
29.0784
-0
-0
-0
44.8931
-0
-0
8.11787
-0
-0
-0
-0
-0
-0
-0
-0
-0
9.5202
-0
-0
-0
-0
-0
-0
-0
2.44665
-0
-0
-0
-0
6.89574
2.73725
-0
8.04002
-0
16.0052
-0
-0
37.7216
-0
-0
-0
-0
-0
-0
-0
0.473367
19.8022
-0
-0
28.7591
-0
-0
23.3255
8.77944
9.79024
-0
-0
-0
8.62705
10.4028
-0
-0
-0
-0
-0
-0
-0
-0
-0
-0
-0
-0
-0
-0
-0
-0
-0
-0
-0
13.3279
20.527
-0
-0
-0
-0
-0
4.44348
-0
-0
-0
6.63017
-0
-0
-0
3.04838
-0
-0
-0
6.75811
-0
-0
-0
8.08996
-0
-0
-0
-0
-0
-0
-0
-0
-0
-0
-0
18.9732
-0
-0
-0
-0
0.108068
-0
-0
-0
-0
9.11822
-0
-0
-0
-0
-0
-0
21.5867
-0
-0
3.73399
-0
-0
-0
-0
-0
-0
-0
-0
-0
5.49207
12.5495
7.58771
-0
-0
3.7172
10.691
-0
-0
-0
-0
-0
-0
-0
-0
-0
-0
4.07693
-0
-0
-0
-0
-0
-0
-0
22.1136
3.38876
22.5707
-0
-0
-0
-0
23.4666
-0
-0
-0
-0
-0
-0
-0
-0
-0
-0
-0
-0
26.6303
-0
-0
-0
-0
31.3374
-0
-0
-0
-0
-0
-0
-0
38.5088
-0
3.2896
1.04859
-0
31.1007
-0
-0
-0
24.594
-0
-0
-0
-0
-0
21.4824
-0
-0
