1.60201
-0
-0
-0
-0
13.5736
-0
-0
17.8226
-0
25.4143
-0
-0
-0
-0
12.2197
-0
-0
2.14343
-0
-0
-0
-0
-0
-0
-0
7.22265
5.79861
-0
-0
-0
-0
-0
-0
-0
-0
-0
-0
-0
-0
-0
-0
-0
-0
-0
-0
-0
-0
-0
1.04645
-0
-0
-0
-0
-0
-0
-0
0.303484
0.912572
-0
-0
-0
-0
22.448
40.1499
-0
-0
-0
-0
1.19177
-0
-0
-0
-0
-0
0.484949
30.0598
-0
-0
-0
-0
60.4729
-0
-0
-0
-0
-0
0.391006
-0
-0
-0
-0
-0
-0
-0
-0
-0
-0
23.7847
-0
-0
-0
-0
8.095
26.6105
-0
9.38361
-0
-0
-0
7.79371
-0
-0
-0
-0
24.6671
2.90685
-0
60.5616
40.5631
-0
-0
-0
-0
23.346
-0
-0
8.82486
-0
-0
-0
21.3937
6.8997
-0
-0
-0
-0
-0
-0
22.0682
-0
-0
-0
13.4343
10.2549
-0
-0
21.4183
-0
-0
5.18778
-0
-0
15.1215
-0
-0
34.7676
-0
-0
2.04379
-0
-0
-0
50.0432
30.899
-0
23.2339
17.6508
-0
43.6568
-0
25.5872
-0
-0
-0
-0
-0
-0
-0
-0
16.259
-0
-0
-0
-0
14.067
-0
-0
-0
-0
12.5766
-0
5.04319
13.2858
-0
-0
-0
15.0807
-0
-0
-0
28.7863
1.47867
-0
-0
-0
-0
19.362
-0
-0
10.2404
-0
53.6532
-0
-0
-0
-0
-0
-0
-0
-0
-0
-0
24.7402
-0
-0
-0
-0
-0
-0
-0
3.17324
-0
-0
-0
-0
-0
-0
-0
-0
-0
-0
-0
-0
-0
-0
3.57574
-0
11.2753
-0
-0
-0
0.0647675
7.31915
-0
-0
-0
-0
-0
-0
18.9971
-0
-0
-0
-0
-0
12.01
-0
-0
-0
-0
-0
-0
22.9769
-0
-0
-0
-0
-0
0.764261
-0
7.10995
-0
6.78103
-0
-0
-0
-0
-0
-0
14.9277
-0
21.5703
-0
-0
-0
25.1067
-0
-0
54.7652
-0
-0
-0
-0
28.8697
34.5529
-0
-0
24.4293
-0
43.5234
15.7429
-0
-0
10.4236
0.542062
-0
-0
-0
0.844045
-0
-0
9.33928
-0
47.0206
-0
2.70729
19.0497
-0
23.8486
-0
-0
-0
-0
-0
-0
-0
-0
-0
-0
-0
-0
2.03931
27.4164
15.4347
-0
-0
-0
-0
-0
6.44837
-0
-0
-0
5.9246
-0
0.359954
-0
-0
0.159597
10.4341
-0
-0
6.90079
-0
1.28172
-0
-0
19.968
-0
-0
14.9436
0.309658
42.3085
-0
-0
10.1155
1.2468
-0
-0
-0
48.8793
43.3331
-0
-0
-0
36.2826
-0
-0
-0
1.12439
12.6287
-0
-0
-0
-0
-0
-0
-0
-0
-0
33.2965
-0
-0
17.8446
1.87148
-0
7.54487
7.41733
22.049
-0
-0
-0
-0
37.2641
18.3919
-0
-0
-0
-0
16.2537
-0
-0
-0
13.0581
-0
5.44568
-0
-0
28.4074
-0
10.3481
-0
-0
32.4994
-0
11.1208
-0
-0
-0
-0
-0
17.9281
-0
-0
-0
-0
-0
-0
-0
-0
-0
-0
-0
17.325
-0
-0
7.84921
-0
-0
-0
-0
2.26335
-0
31.5383
40.0376
16.3772
-0
-0
-0
-0
-0
-0
-0
-0
26.4147
9.20446
-0
-0
2.27001
-0
-0
-0
10.2565
-0
-0
-0
18.9199
-0
-0
2.56357
-0
-0
-0
-0
27.7933
-0
-0
-0
-0
-0
-0
41.9251
-0
-0
-0
-0
9.90412
-0
-0
-0
-0
-0
3.83219
-0
28.877
9.80442
-0
18.7175
-0
8.22359
1.14588
-0
58.0646
-0
-0
-0
13.7727
-0
-0
-0
-0
-0
-0
39.2901
-0
39.35
35.0747
-0
-0
-0
-0
-0
-0
-0
12.5957
-0
-0
22.1803
18.286
-0
-0
-0
-0
17.8024
-0
-0
-0
0.685661
-0
-0
-0
43.5622
-0
4.66305
-0
0.0570924
-0
13.8379
11.8709
-0
-0
-0
16.469
-0
19.6818
-0
-0
33.9999
18.7139
-0
-0
-0
-0
-0
-0
-0
8.29895
-0
9.89458
-0
-0
-0
5.56362
-0
-0
-0
31.0254
13.3438
20.4585
-0
-0
-0
-0
-0
-0
-0
14.332
-0
24.5168
-0
17.0583
11.7587
-0
-0
-0
67.3523
-0
-0
-0
-0
-0
-0
26.3329
-0
-0
-0
-0
-0
-0
-0
-0
-0
-0
-0
-0
-0
-0
-0
-0
-0
-0
-0
-0
-0
-0
-0
-0
33.5454
-0
-0
-0
-0
-0
32.1651
-0
-0
-0
-0
-0
-0
3.96093
21.8677
-0
-0
42.5072
-0
-0
-0
-0
-0
-0
-0
-0
6.64088
26.9316
-0
-0
0.797271
11.8996
-0
-0
-0
-0
-0
59.4915
-0
-0
-0
-0
-0
-0
34.5026
-0
-0
27.1133
-0
-0
-0
-0
-0
-0
-0
-0
0.0312908
3.2196
-0
-0
-0
-0
0.4753
5.5457
-0
-0
-0
-0
6.7322
-0
-0
-0
-0
-0
-0
-0
3.48125
-0
-0
-0
26.3924
3.41672
22.1299
41.0945
-0
20.951
3.45107
-0
-0
0.419177
-0
-0
-0
-0
4.4466
-0
-0
16.9537
-0
-0
-0
32.9541
3.54169
-0
-0
-0
-0
-0
16.7749
-0
6.77871
-0
0.345148
-0
-0
0.235517
-0
13.977
19.6309
10.3046
-0
13.5876
-0
-0
-0
-0
-0
-0
-0
-0
-0
-0
0.318105
-0
-0
-0
-0
-0
34.0023
40.1396
-0
15.4698
-0
-0
-0
-0
-0
-0
-0
-0
-0
-0
9.28195
-0
-0
-0
2.28066
35.9576
-0
28.6342
-0
-0
-0
-0
-0
-0
-0
16.0886
-0
52.6008
-0
19.2288
-0
-0
28.9
-0
15.7078
-0
-0
-0
-0
0.412085
21.6232
-0
19.1597
-0
-0
-0
11.0314
13.1397
-0
-0
-0
-0
-0
-0
0.220887
57.1205
10.7565
-0
3.7291
-0
-0
-0
35.3767
-0
-0
-0
29.9897
7.09371
-0
4.02503
-0
5.59412
-0
-0
-0
-0
-0
-0
-0
-0
-0
-0
-0
8.65324
-0
27.7891
-0
-0
-0
-0
0.330751
-0
-0
-0
-0
-0
-0
-0
5.00503
-0
-0
-0
11.086
-0
-0
37.8274
16.1437
10.1444
-0
4.49254
-0
-0
-0
-0
32.9551
-0
-0
-0
-0
-0
9.91512
23.8927
-0
-0
-0
-0
-0
13.3547
-0
-0
-0
21.5845
-0
-0
14.8837
22.1483
-0
-0
-0
-0
-0
-0
34.9023
22.2258
-0
12.8762
-0
33.0052
-0
19.2125
5.24954
-0
-0
12.3102
4.41791
-0
26.0446
4.46466
-0
-0
-0
23.4297
-0
-0
25.7151
-0
-0
-0
-0
-0
-0
-0
-0
-0
-0
-0
-0
-0
-0
8.93547
-0
-0
-0
21.8894
-0
-0
17.8339
4.50608
0.74172
-0
-0
-0
-0
-0
-0
-0
-0
-0
-0
-0
-0
22.192
-0
-0
-0
0.300874
-0
-0
3.53823
17.5609
-0
-0
-0
-0
-0
4.62162
1.90382
-0
-0
-0
-0
-0
-0
7.51013
15.1058
-0
-0
-0
-0
-0
-0
-0
-0
-0
6.42141
0.191067
-0
-0
-0
7.19801
-0
-0
-0
-0
-0
-0
-0
-0
17.0725
-0
2.26395
-0
-0
-0
31.3576
5.42832
-0
12.4424
-0
-0
-0
-0
9.90863
3.45431
14.8137
-0
-0
-0
-0
-0
-0
-0
33.6191
-0
-0
27.0896
-0
-0
-0
-0
-0
-0
-0
-0
-0
36.522
-0
-0
-0
-0
-0
8.35398
-0
-0
-0
-0
-0
37.4274
-0
-0
-0
-0
1.81337
14.1533
14.8629
-0
-0
-0
-0
-0
-0
-0
-0
-0
-0
-0
5.50921
-0
-0
-0
-0
27.3246
-0
26.1147
-0
-0
-0
-0
0.381257
17.5499
-0
-0
-0
-0
48.5454
-0
0.347817
-0
-0
-0
-0
-0
13.2081
11.9445
-0
-0
-0
-0
-0
-0
-0
-0
-0
-0
-0
7.29276
-0
-0
-0
26.8162
-0
-0
-0
-0
1.93275
29.4547
-0
-0
14.713
8.26512
-0
-0
-0
-0
21.9807
22.3164
-0
-0
-0
-0
-0
-0
-0
-0
1.66608
-0
-0
2.34593
-0
-0
13.996
25.9578
-0
35.5027
37.6312
-0
5.25546
-0
-0
-0
-0
-0
-0
-0
-0
-0
-0
-0
-0
10.6997
-0
-0
-0
-0
-0
16.6048
-0
-0
-0
-0
-0
-0
9.35373
6.40293
-0
-0
-0
-0
28.5536
-0
8.75894
-0
-0
-0
-0
15.3908
-0
-0
-0
-0
-0
13.4861
19.6596
-0
-0
4.77689
-0
-0
-0
0.746564
-0
-0
-0
-0
-0
-0
-0
-0
-0
-0
-0
-0
-0
-0
-0
21.3837
-0
-0
32.2902
-0
12.7328
17.6914
22.6392
-0
-0
-0
-0
-0
-0
43.3934
29.6115
-0
-0
-0
-0
-0
-0
-0
-0
-0
-0
22.9325
-0
-0
-0
-0
3.57722
-0
9.50756
1.49624
-0
-0
20.4599
-0
-0
-0
-0
-0
8.88546
-0
4.87384
-0
-0
-0
9.53285
-0
28.1045
-0
-0
1.45004
7.12381
-0
-0
-0
29.7489
16.0353
-0
-0
12.6006
-0
-0
2.12797
32.0036
5.63937
11.9045
-0
0.219451
-0
-0
29.6998
-0
23.1671
3.9968
-0
-0
-0
-0
-0
-0
5.39538
0.351847
-0
22.303
-0
-0
-0
21.132
34.7201
-0
-0
-0
23.3897
17.6776
23.4519
-0
-0
-0
-0
-0
9.97543
-0
-0
-0
25.8589
0.858047
-0
4.54051
-0
-0
-0
-0
-0
-0
2.49347
15.2848
12.7907
-0
-0
-0
-0
-0
-0
-0
-0
32.1206
-0
-0
-0
-0
-0
-0
-0
9.80731
-0
-0
14.06
-0
12.3917
-0
40.8221
-0
-0
-0
-0
-0
-0
-0
-0
-0
-0
-0
-0
-0
-0
3.36196
15.7234
-0
-0
17.904
-0
14.3622
-0
-0
-0
-0
-0
-0
-0
-0
-0
-0
-0
11.4092
12.0857
-0
-0
-0
1.7771
-0
-0
9.84552
30.5105
-0
39.1414
24.2112
-0
-0
-0
24.842
-0
-0
-0
-0
8.69265
-0
5.98623
-0
-0
-0
-0
-0
19.7981
-0
-0
18.4012
-0
-0
-0
-0
-0
-0
-0
-0
-0
-0
-0
-0
-0
-0
11.7877
-0
-0
-0
-0
-0
-0
-0
-0
-0
-0
-0
-0
-0
-0
12.2806
-0
-0
-0
18.1445
-0
-0
-0
-0
-0
-0
-0
-0
4.11242
-0
-0
1.08783
-0
-0
-0
-0
-0
0.758029
-0
-0
-0
4.38402
-0
1.45088
-0
3.20689
-0
-0
-0
-0
-0
20.2181
19.9996
-0
-0
40.0787
-0
3.36941
-0
-0
-0
-0
-0
28.9657
13.6087
-0
-0
-0
-0
-0
-0
-0
-0
-0
-0
-0
-0
-0
-0
43.7736
-0
-0
-0
-0
-0
-0
8.28208
-0
-0
-0
-0
-0
-0
-0
-0
57.5258
-0
-0
-0
-0
-0
-0
-0
-0
43.3451
-0
-0
17.3362
-0
-0
-0
-0
23.1879
5.05387
-0
-0
-0
-0
-0
-0
-0
-0
-0
17.5414
-0
4.68005
-0
-0
-0
-0
18.6364
-0
-0
-0
-0
8.5536
-0
-0
-0
-0
36.8917
-0
4.04473
-0
-0
-0
-0
-0
-0
-0
-0
-0
-0
20.4612
2.87229
-0
-0
-0
-0
-0
4.39386
-0
-0
16.4276
-0
-0
28.9628
-0
8.65603
-0
1.35032
45.8053
34.7786
-0
36.5201
-0
-0
-0
16.4191
-0
-0
-0
-0
-0
-0
-0
-0
-0
3.05138
-0
-0
26.0607
7.07183
-0
-0
31.7271
-0
-0
-0
23.1684
-0
-0
-0
-0
-0
-0
-0
54.6781
-0
-0
6.14711
-0
-0
43.7577
-0
-0
-0
8.10115
16.3706
-0
9.48961
-0
14.1352
-0
18.3399
6.20117
-0
-0
-0
37.9497
-0
-0
-0
-0
-0
-0
-0
30.1176
-0
28.2451
-0
-0
0.480048
-0
-0
-0
28.4867
-0
-0
-0
-0
-0
-0
-0
-0
-0
-0
-0
4.54674
-0
-0
55.6492
39.1778
-0
-0
4.45989
-0
-0
17.7516
-0
-0
-0
-0
-0
-0
-0
-0
-0
-0
17.2836
26.6012
-0
-0
-0
-0
-0
-0
-0
-0
-0
-0
-0
-0
24.1256
-0
9.27203
-0
-0
24.7483
-0
-0
-0
-0
-0
-0
-0
-0
31.0573
-0
-0
18.8504
-0
-0
17.2892
-0
-0
9.97454
-0
-0
-0
-0
-0
-0
-0
-0
-0
-0
10.8304
-0
-0
8.82576
-0
-0
28.937
-0
-0
-0
-0
-0
-0
-0
16.4024
-0
-0
-0
-0
-0
8.32144
-0
-0
25.7815
-0
-0
-0
-0
-0
-0
-0
-0
-0
-0
-0
-0
-0
-0
-0
-0
-0
-0
-0
-0
-0
24.9669
-0
-0
-0
-0
-0
17.1197
-0
24.4953
8.33439
-0
-0
-0
-0
-0
1.35976
2.16828
-0
-0
23.3439
-0
28.9426
21.3051
9.06666
-0
-0
-0
-0
-0
-0
-0
-0
-0
8.32941
-0
37.1016
-0
-0
-0
-0
-0
-0
-0
-0
39.4128
25.7109
-0
-0
-0
-0
-0
-0
-0
-0
-0
26.3476
-0
-0
-0
-0
9.2336
-0
0.861622
-0
-0
-0
35.2347
-0
-0
-0
29.3439
-0
-0
-0
11.0934
-0
-0
-0
-0
17.5257
-0
-0
2.86514
-0
-0
-0
-0
22.3265
-0
-0
-0
5.73368
-0
43.9252
-0
-0
12.9048
6.2962
-0
-0
-0
21.567
-0
-0
-0
-0
-0
-0
-0
-0
-0
-0
-0
24.1137
8.559
8.03526
39.3322
48.1405
52.5477
8.36023
15.9583
-0
10.6918
-0
-0
-0
13.5913
-0
5.49564
24.7144
-0
-0
-0
-0
-0
1.06761
-0
-0
-0
-0
-0
16.8881
9.00788
-0
-0
-0
12.0872
-0
-0
-0
-0
-0
1.06872
-0
26.3331
-0
-0
-0
6.07762
0.471211
-0
-0
-0
10.6304
-0
53.9567
-0
-0
8.295
-0
-0
-0
-0
18.8007
-0
-0
14.6888
-0
-0
-0
3.50392
13.1447
-0
18.8004
-0
-0
-0
7.78452
-0
-0
-0
-0
-0
9.02044
55.8727
18.2706
-0
-0
-0
-0
-0
-0
-0
6.6152
-0
-0
-0
-0
-0
-0
23.5832
-0
-0
31.553
-0
-0
-0
-0
31.4598
-0
-0
-0
-0
-0
-0
-0
-0
-0
-0
-0
-0
7.3774
-0
-0
-0
-0
12.3646
1.19763
-0
-0
33.6888
-0
13.5666
-0
-0
2.78207
-0
-0
-0
-0
-0
-0
-0
-0
-0
-0
-0
-0
-0
-0
-0
-0
7.05331
-0
-0
-0
0.196004
-0
-0
42.1269
-0
-0
-0
-0
-0
-0
16.3762
3.17503
32.3541
21.796
38.5039
-0
8.39822
-0
-0
-0
-0
57.858
18.4601
-0
23.4178
-0
-0
-0
9.14721
-0
-0
7.98492
-0
-0
-0
20.4645
8.2228
-0
-0
-0
-0
-0
-0
-0
-0
-0
-0
19.8001
-0
-0
-0
-0
-0
0.275961
-0
-0
2.7395
-0
-0
1.02421
-0
-0
-0
-0
-0
39.3824
-0
-0
-0
-0
-0
-0
-0
48.4071
-0
1.65186
12.8326
28.5811
-0
-0
-0
-0
-0
14.5366
-0
-0
-0
-0
19.0836
-0
-0
-0
-0
-0
-0
-0
-0
-0
-0
6.21862
-0
-0
-0
11.8331
-0
-0
21.4585
-0
-0
-0
-0
-0
-0
20.132
-0
-0
-0
-0
-0
16.9474
-0
-0
-0
32.074
-0
-0
-0
42.8212
-0
9.51188
28.0114
33.3459
-0
12.5442
10.6967
-0
23.2232
-0
11.0457
13.5795
-0
-0
1.39003
-0
-0
-0
23.7591
-0
-0
-0
-0
-0
-0
-0
-0
22.0964
-0
-0
11.0313
-0
-0
-0
-0
-0
-0
-0
-0
17.6476
-0
-0
-0
-0
-0
-0
-0
-0
-0
-0
-0
-0
5.51697
-0
-0
-0
-0
-0
-0
-0
2.11673
-0
-0
14.6909
11.9817
17.9737
31.1796
25.0841
-0
-0
30.1754
-0
-0
20.416
-0
-0
-0
-0
-0
-0
-0
-0
30.9976
-0
-0
-0
-0
-0
23.9704
3.02469
-0
-0
-0
-0
-0
-0
-0
-0
-0
-0
-0
42.4082
-0
-0
-0
-0
-0
-0
4.99165
-0
-0
-0
-0
-0
-0
-0
-0
-0
-0
-0
11.1526
-0
1.00982
29.0019
-0
-0
-0
-0
-0
-0
-0
-0
3.02105
-0
4.75759
-0
-0
19.0965
47.1939
-0
-0
0.547876
2.10087
-0
-0
-0
-0
-0
13.7199
-0
-0
4.05785
38.0201
2.67502
-0
-0
51.8735
-0
20.4466
-0
-0
-0
10.0641
-0
-0
-0
1.46479
49.4115
-0
-0
-0
-0
-0
-0
-0
-0
-0
-0
-0
-0
-0
14.738
14.4214
-0
-0
-0
-0
-0
-0
-0
62.5856
-0
-0
20.7677
11.5812
15.4236
-0
-0
-0
-0
-0
46.395
4.92367
11.6211
-0
-0
-0
-0
-0
-0
-0
-0
-0
-0
-0
-0
-0
-0
-0
22.8591
17.1547
-0
-0
-0
-0
-0
-0
-0
14.1701
12.3285
-0
-0
-0
-0
-0
-0
-0
-0
3.80949
-0
-0
17.721
-0
-0
-0
-0
-0
-0
-0
-0
-0
-0
17.947
34.7633
-0
55.547
-0
-0
-0
-0
-0
-0
-0
4.26946
-0
-0
-0
-0
4.57781
-0
-0
-0
13.2412
-0
-0
-0
-0
-0
-0
29.8875
-0
-0
-0
-0
-0
-0
-0
-0
20.2449
-0
10.0253
0.58084
-0
-0
-0
-0
7.18689
-0
-0
29.0439
5.62567
-0
-0
-0
10.2972
-0
-0
-0
37.9862
1.22095
-0
-0
-0
-0
-0
-0
-0
17.4021
-0
-0
-0
-0
-0
-0
-0
-0
-0
-0
-0
-0
-0
-0
-0
-0
-0
3.51991
-0
5.91848
-0
5.50733
-0
-0
-0
-0
-0
-0
-0
-0
-0
-0
-0
-0
-0
-0
-0
-0
-0
-0
-0
-0
-0
-0
-0
-0
-0
9.12323
-0
2.56789
-0
10.2673
-0
-0
1.02197
-0
-0
1.68306
-0
-0
-0
-0
-0
-0
-0
-0
-0
-0
-0
-0
-0
-0
-0
-0
-0
-0
-0
-0
-0
5.73126
-0
28.4839
-0
-0
-0
-0
-0
-0
-0
-0
-0
-0
12.5315
-0
37.7234
1.81787
-0
-0
-0
45.4019
13.1362
-0
8.42419
-0
-0
-0
-0
-0
-0
39.6852
-0
-0
-0
-0
-0
-0
-0
-0
-0
-0
12.9245
-0
-0
12.233
-0
-0
14.2126
-0
-0
-0
-0
-0
-0
17.4573
-0
-0
-0
-0
0.907692
-0
-0
-0
-0
-0
-0
-0
-0
-0
-0
-0
-0
13.7304
-0
-0
-0
-0
-0
-0
13.1909
-0
0.717234
-0
-0
-0
-0
-0
-0
8.29531
5.49007
-0
-0
-0
11.8252
-0
-0
-0
-0
-0
-0
10.0579
-0
-0
-0
-0
-0
-0
9.87204
-0
-0
-0
5.91965
0.707747
-0
-0
33.2152
-0
-0
-0
-0
-0
-0
-0
-0
-0
-0
29.4483
-0
9.13425
-0
-0
-0
-0
-0
13.3958
-0
-0
-0
-0
-0
-0
-0
-0
-0
20.9001
-0
-0
36.7394
-0
-0
-0
16.7866
-0
22.8612
19.7518
-0
22.4001
-0
-0
14.3864
-0
-0
-0
-0
-0
13.4506
-0
-0
-0
0.986219
-0
-0
55.4982
-0
-0
-0
-0
-0
1.65698
-0
-0
-0
-0
-0
-0
-0
-0
-0
-0
-0
-0
-0
-0
-0
-0
-0
-0
-0
16.1239
-0
-0
-0
-0
-0
7.52135
-0
-0
-0
-0
-0
-0
9.84472
-0
16.8313
39.5227
-0
-0
-0
6.82942
19.1285
25.7173
-0
-0
20.698
-0
-0
0.530599
7.5159
-0
-0
-0
-0
21.308
-0
-0
-0
52.9374
-0
15.6904
8.71314
-0
-0
31.497
-0
-0
-0
-0
-0
-0
-0
-0
-0
-0
12.8381
-0
-0
30.2175
-0
-0
-0
3.25712
10.7615
-0
-0
16.3563
-0
-0
-0
-0
-0
-0
-0
-0
-0
-0
-0
-0
3.26646
9.46163
-0
2.15791
0.216204
-0
6.9306
-0
12.0488
-0
-0
-0
-0
-0
-0
-0
4.96108
-0
-0
7.82074
-0
-0
24.6323
-0
-0
-0
-0
-0
-0
35.7616
-0
-0
-0
-0
-0
-0
-0
-0
-0
-0
-0
-0
-0
-0
-0
26.4529
-0
-0
-0
-0
-0
-0
-0
17.7567
-0
-0
0.299438
-0
32.3896
-0
8.25494
-0
-0
-0
-0
13.7709
-0
-0
29.7266
-0
-0
3.31321
-0
-0
13.8246
-0
-0
-0
-0
-0
-0
7.25682
9.99774
24.0301
-0
-0
-0
26.204
-0
-0
-0
5.42632
1.86773
-0
-0
-0
-0
-0
-0
-0
-0
-0
13.3881
-0
-0
-0
-0
36.3566
-0
-0
1.14844
8.92246
-0
-0
0.230649
-0
-0
4.05252
-0
-0
-0
-0
-0
24.5404
-0
-0
-0
-0
-0
-0
-0
-0
-0
8.99548
-0
-0
-0
-0
-0
-0
17.7915
-0
-0
4.2219
-0
15.1855
-0
-0
-0
-0
4.81464
-0
-0
-0
-0
-0
15.7075
-0
-0
-0
7.32521
27.5301
-0
19.2197
-0
15.888
25.8386
44.8621
-0
-0
-0
-0
-0
-0
-0
-0
-0
-0
-0
8.34247
7.76416
17.9372
8.22896
13.9875
-0
16.407
38.7225
-0
1.08515
-0
-0
3.70248
-0
-0
-0
-0
-0
-0
14.2996
-0
-0
10.5758
-0
-0
-0
3.14212
-0
-0
-0
-0
-0
-0
-0
-0
12.7613
23.5234
8.59285
7.68819
-0
15.3294
-0
-0
2.21952
-0
-0
-0
-0
-0
-0
-0
5.9512
-0
9.29796
-0
8.7593
-0
3.4679
-0
-0
3.81746
-0
-0
3.26406
1.33132
-0
-0
-0
0.155321
-0
-0
-0
-0
-0
12.1267
-0
-0
-0
-0
-0
-0
-0
-0
17.0163
-0
-0
-0
10.7926
-0
-0
57.7927
-0
-0
-0
-0
4.51404
-0
-0
-0
-0
-0
-0
-0
-0
-0
-0
-0
-0
-0
-0
3.67341
-0
-0
-0
-0
2.79016
-0
-0
31.2523
-0
9.72916
28.5116
14.2137
16.3682
10.7661
8.54095
-0
-0
-0
-0
1.26497
-0
1.10223
-0
-0
-0
-0
-0
-0
-0
27.8989
-0
-0
-0
-0
8.13633
7.96603
-0
-0
-0
-0
-0
40.5884
-0
-0
-0
-0
-0
-0
-0
-0
-0
-0
-0
9.33499
11.7813
-0
24.858
-0
17.0725
-0
27.169
-0
20.1191
-0
-0
-0
-0
-0
16.6601
-0
-0
-0
-0
-0
-0
-0
-0
4.7855
-0
35.8697
-0
-0
4.61958
-0
-0
-0
2.04523
-0
-0
9.48848
13.0124
-0
12.4032
2.01682
11.1411
-0
-0
-0
-0
-0
-0
-0
-0
-0
-0
-0
-0
-0
6.22731
-0
34.4677
-0
21.9907
-0
-0
-0
-0
-0
-0
-0
10.8334
-0
6.76589
19.5215
-0
-0
-0
-0
-0
-0
-0
10.9137
38.0608
-0
-0
-0
-0
8.60163
38.6771
-0
0.759209
-0
-0
-0
-0
-0
-0
-0
-0
-0
21.5495
17.3048
-0
-0
-0
1.36316
-0
36.2679
-0
-0
30.3341
12.893
-0
50.9803
-0
-0
-0
14.3464
4.75105
-0
-0
-0
-0
-0
-0
-0
4.23754
1.22315
-0
-0
10.594
2.15673
-0
-0
-0
-0
-0
-0
13.0504
-0
-0
2.87376
26.7217
-0
-0
-0
-0
-0
-0
-0
23.0905
-0
-0
-0
-0
4.42437
25.0375
-0
17.333
-0
-0
-0
-0
-0
49.3234
-0
-0
0.180342
-0
-0
59.9845
-0
-0
-0
-0
-0
17.9887
9.06039
20.1795
-0
85.5361
-0
-0
-0
-0
-0
-0
15.7692
-0
-0
-0
-0
-0
-0
22.9448
-0
16.0396
10.8741
-0
-0
-0
-0
-0
-0
-0
20.0261
-0
-0
9.10037
-0
14.5244
-0
66.0838
3.72969
13.1945
-0
-0
43.8987
39.3026
-0
-0
-0
-0
-0
21.3566
-0
-0
-0
-0
-0
2.5581
-0
-0
-0
-0
-0
-0
-0
30.1024
-0
-0
-0
-0
26.4581
6.85022
-0
-0
-0
-0
-0
-0
-0
-0
-0
-0
0.360533
-0
-0
-0
-0
23.524
-0
-0
-0
-0
19.5098
18.6477
-0
-0
-0
-0
-0
-0
-0
56.193
-0
25.2418
19.7844
-0
-0
-0
-0
-0
-0
-0
-0
-0
-0
15.2159
-0
-0
-0
-0
-0
35.7753
-0
-0
-0
-0
-0
-0
0.697836
-0
-0
-0
-0
6.05778
6.00941
-0
45.8147
-0
28.3978
-0
43.9645
-0
6.9173
-0
-0
-0
0.517521
28.2085
32.4888
-0
-0
-0
-0
-0
-0
-0
-0
-0
-0
-0
-0
-0
63.7645
-0
20.3813
-0
-0
-0
-0
-0
-0
7.32932
-0
-0
-0
7.5252
49.1131
-0
-0
-0
36.7228
27.0451
35.6938
-0
-0
19.0721
-0
-0
8.51265
-0
-0
23.9264
-0
-0
-0
-0
-0
-0
-0
-0
-0
-0
-0
-0
-0
-0
7.95295
-0
-0
-0
-0
8.72648
-0
-0
-0
-0
-0
12.908
-0
-0
1.47144
-0
-0
17.0707
-0
-0
-0
20.4779
-0
-0
-0
-0
-0
64.1123
-0
-0
14.4263
47.8148
37.9725
-0
-0
39.3381
-0
-0
-0
-0
-0
-0
-0
27.3654
-0
-0
-0
-0
-0
-0
1.5552
-0
-0
-0
-0
-0
-0
-0
-0
-0
-0
-0
-0
-0
-0
8.49964
-0
-0
-0
-0
-0
-0
1.74735
-0
-0
-0
-0
-0
-0
-0
35.748
-0
-0
-0
-0
24.3037
29.4428
-0
-0
-0
-0
-0
8.37442
-0
-0
-0
-0
-0
-0
-0
-0
-0
-0
-0
-0
-0
8.485
-0
28.7796
-0
-0
18.4878
17.1214
-0
-0
0.443211
-0
-0
-0
-0
-0
14.4788
39.9444
-0
-0
-0
-0
1.9601
-0
26.4617
-0
-0
21.4125
-0
-0
-0
-0
-0
-0
-0
-0
-0
-0
-0
9.85375
2.47602
4.91144
-0
-0
-0
-0
6.50202
31.7926
-0
-0
2.26425
-0
9.30625
9.95701
48.7247
-0
-0
-0
21.1158
-0
-0
40.5209
-0
-0
-0
-0
-0
-0
-0
56.744
-0
-0
-0
0.0435632
-0
15.7396
-0
1.16424
-0
-0
-0
-0
-0
-0
-0
-0
-0
-0
-0
-0
3.98214
-0
26.6171
-0
6.7243
9.26193
11.7446
-0
-0
-0
-0
1.66965
-0
6.79954
-0
-0
-0
-0
-0
-0
-0
-0
-0
-0
-0
-0
-0
13.464
-0
-0
-0
-0
-0
11.5061
-0
-0
-0
-0
10.5928
-0
-0
-0
-0
16.6938
-0
-0
6.40007
-0
-0
9.77747
5.49212
-0
-0
-0
-0
-0
-0
-0
3.14612
-0
-0
-0
12.5114
-0
-0
-0
-0
7.84106
-0
-0
29.7475
-0
-0
1.89691
19.7611
7.788
23.7124
-0
-0
-0
26.418
-0
-0
-0
-0
-0
-0
-0
-0
7.69655
-0
-0
7.76792
-0
-0
-0
11.4136
7.9205
-0
-0
-0
-0
8.99217
-0
-0
-0
-0
-0
-0
-0
-0
-0
-0
-0
-0
-0
-0
-0
-0
8.26754
-0
-0
-0
46.9007
1.87258
29.9244
-0
-0
-0
-0
0.470973
-0
-0
-0
-0
-0
-0
-0
-0
-0
-0
6.30364
-0
4.64878
-0
3.32831
-0
-0
-0
-0
-0
-0
-0
-0
-0
-0
29.1535
42.3634
-0
-0
-0
-0
-0
-0
-0
-0
-0
-0
-0
-0
49.3722
-0
-0
-0
17.1977
-0
-0
13.3803
18.8417
-0
-0
6.32615
-0
30.8361
-0
-0
2.14972
-0
25.7618
29.5239
-0
-0
3.19899
3.8483
-0
-0
-0
-0
-0
-0
-0
-0
-0
-0
5.31459
-0
-0
-0
-0
-0
-0
-0
28.6216
8.56185
3.84142
-0
-0
39.9628
-0
-0
18.0225
-0
-0
-0
-0
-0
-0
-0
-0
-0
-0
14.9265
-0
-0
-0
-0
-0
13.2121
-0
-0
-0
-0
-0
-0
30.1425
8.81186
19.9789
-0
15.0256
-0
12.2844
-0
-0
-0
-0
-0
-0
-0
-0
13.5036
-0
-0
-0
