-0
-0
-0
-0
-0
-0
-0
-0
63.9461
-0
-0
-0
-0
-0
-0
21.1733
-0
-0
-0
-0
-0
7.72767
-0
-0
7.80173
-0
-0
48.0433
-0
-0
-0
-0
-0
-0
9.27079
0.748953
-0
-0
-0
-0
-0
-0
10.2882
5.06988
-0
-0
-0
30.3634
-0
-0
-0
-0
-0
-0
-0
-0
-0
-0
-0
-0
-0
-0
-0
10.7689
-0
-0
-0
-0
-0
-0
-0
-0
44.8753
-0
-0
5.7987
37.2496
-0
-0
-0
-0
-0
-0
-0
-0
-0
-0
-0
-0
0.836555
-0
-0
-0
-0
-0
-0
-0
-0
50.248
-0
-0
-0
-0
-0
-0
-0
0.139175
-0
-0
-0
-0
-0
-0
-0
-0
31.0712
13.4457
-0
5.69757
-0
17.4744
-0
-0
-0
-0
-0
12.6547
16.7621
-0
-0
-0
-0
-0
-0
-0
-0
26.7895
13.9993
-0
52.3667
-0
-0
19.3687
-0
-0
-0
-0
-0
-0
-0
26.8186
-0
-0
47.5282
-0
-0
4.0667
-0
-0
1.05937
-0
-0
-0
2.75389
-0
-0
21.0492
16.2332
-0
4.13602
-0
16.866
-0
-0
3.7833
-0
34.2015
-0
13.141
-0
-0
-0
-0
-0
-0
1.06831
-0
-0
2.31775
-0
6.97173
-0
-0
-0
22.4563
-0
-0
-0
0.764969
0.276977
-0
1.14591
26.5066
-0
-0
-0
-0
31.7528
6.06152
-0
-0
-0
36.4165
-0
-0
-0
27.6498
-0
-0
-0
-0
-0
-0
-0
-0
-0
-0
7.82739
-0
26.5905
-0
-0
-0
-0
-0
-0
-0
-0
-0
-0
11.4367
-0
-0
-0
-0
-0
-0
-0
8.22714
-0
-0
-0
-0
-0
-0
-0
-0
-0
-0
-0
41.1142
-0
1.7502
-0
-0
-0
-0
-0
-0
-0
10.89
29.1364
4.50011
-0
-0
-0
-0
-0
-0
-0
-0
4.8185
-0
11.8056
-0
-0
-0
-0
-0
-0
-0
27.2268
21.5866
-0
8.93776
-0
-0
-0
-0
44.331
-0
23.4471
-0
4.65253
27.3539
14.5324
-0
-0
-0
-0
21.336
-0
-0
-0
13.5364
0.203209
-0
-0
-0
1.41708
-0
-0
-0
26.8346
12.2487
-0
27.1471
-0
-0
2.75823
-0
-0
-0
11.5508
-0
-0
-0
-0
-0
6.8304
-0
-0
-0
3.32471
-0
-0
47.3672
-0
5.05022
9.30495
-0
-0
0.14321
-0
-0
-0
-0
-0
-0
-0
-0
-0
-0
16.9396
18.6754
0.530008
-0
-0
-0
-0
-0
14.0289
-0
25.9291
-0
-0
-0
-0
16.9626
-0
-0
57.6878
-0
-0
-0
56.7916
5.11677
24.3289
-0
-0
-0
-0
-0
-0
-0
-0
-0
-0
-0
-0
-0
-0
-0
-0
-0
3.49915
-0
25.6816
5.94173
-0
-0
-0
-0
-0
-0
-0
-0
-0
34.1318
-0
-0
-0
-0
-0
4.97624
-0
-0
16.7514
-0
-0
-0
-0
-0
-0
31.3517
-0
-0
-0
-0
-0
-0
-0
-0
-0
-0
11.0021
-0
-0
-0
-0
8.84634
-0
-0
-0
-0
-0
-0
-0
-0
-0
-0
-0
24.509
-0
-0
-0
-0
-0
-0
-0
-0
25.4875
-0
-0
-0
72.5081
-0
-0
-0
13.4035
-0
-0
-0
52.5704
-0
-0
-0
7.17082
-0
25.3804
32.9162
25.7094
15.5212
12.1447
-0
58.048
-0
-0
-0
-0
-0
-0
-0
0.526015
-0
-0
-0
-0
-0
-0
-0
-0
-0
-0
-0
-0
65.4109
-0
-0
-0
-0
-0
-0
-0
-0
-0
-0
23.834
-0
31.198
-0
-0
-0
-0
-0
-0
-0
13.5583
-0
-0
-0
-0
-0
-0
-0
4.23787
-0
-0
32.2332
0.192876
-0
-0
-0
-0
23.9513
-0
1.49052
-0
15.0305
-0
-0
-0
-0
-0
-0
-0
-0
-0
-0
-0
-0
-0
-0
3.30711
-0
22.0601
-0
-0
14.6284
9.98496
-0
-0
-0
-0
-0
27.1228
-0
44.0008
41.3459
-0
-0
-0
-0
-0
-0
1.28987
-0
-0
41.3242
-0
20.6346
-0
-0
-0
-0
-0
-0
43.4492
-0
-0
-0
54.9165
12.7674
-0
-0
-0
53.1553
-0
-0
-0
-0
-0
-0
-0
-0
-0
-0
-0
-0
-0
-0
-0
-0
-0
-0
-0
-0
-0
29.144
-0
-0
-0
-0
-0
-0
25.8822
-0
4.54591
75.2447
-0
-0
-0
-0
-0
-0
-0
-0
-0
-0
-0
50.23
26.8026
-0
-0
-0
11.6588
-0
-0
-0
-0
-0
-0
-0
23.4518
-0
18.2155
-0
-0
-0
40.3453
-0
-0
-0
-0
-0
47.981
-0
-0
-0
-0
-0
-0
10.4317
-0
3.37436
-0
-0
-0
-0
0.198553
-0
17.0188
-0
27.7104
-0
-0
-0
-0
-0
-0
-0
-0
-0
-0
-0
-0
9.88284
-0
11.2563
10.3331
-0
-0
-0
-0
29.9322
-0
-0
34.0536
35.6036
13.5147
-0
-0
-0
4.37629
-0
37.7186
-0
-0
-0
-0
-0
27.4946
35.4479
-0
-0
-0
-0
-0
-0
18.5318
-0
-0
-0
-0
-0
-0
-0
9.3948
60.9464
-0
0.485013
-0
-0
-0
-0
25.6402
38.6669
-0
-0
15.0575
-0
-0
-0
-0
-0
-0
-0
-0
-0
-0
5.20707
3.07999
-0
-0
-0
-0
3.37825
-0
-0
11.0993
-0
67.2214
-0
-0
-0
-0
-0
-0
-0
2.49164
13.9442
-0
-0
-0
-0
35.1446
11.2715
-0
-0
23.4098
-0
-0
-0
-0
-0
-0
-0
-0
-0
-0
-0
-0
75.3125
-0
14.7886
-0
-0
-0
11.9091
-0
18.9876
-0
17.8467
1.75962
-0
-0
-0
10.2975
-0
-0
-0
16.4541
-0
-0
-0
17.539
-0
-0
-0
25.7403
9.26981
-0
-0
5.38978
-0
34.1717
22.2578
-0
-0
54.2263
-0
18.4202
-0
-0
5.51644
-0
-0
-0
-0
-0
-0
-0
-0
-0
42.3662
-0
-0
-0
-0
-0
0.204029
23.4079
-0
-0
-0
-0
-0
-0
8.82477
-0
18.0338
-0
10.829
6.95323
-0
20.3523
-0
-0
-0
13.2324
-0
-0
-0
-0
10.3801
-0
5.17464
-0
-0
-0
42.2577
-0
-0
-0
-0
-0
-0
-0
-0
7.71601
3.26878
37.6191
-0
-0
53.389
-0
-0
-0
-0
-0
-0
-0
22.0857
-0
-0
33.5638
-0
22.4784
-0
17.2672
-0
-0
-0
-0
-0
-0
52.8915
-0
-0
-0
-0
-0
-0
-0
44.9747
-0
5.19266
-0
-0
21.4943
-0
-0
-0
19.3153
48.3824
-0
-0
-0
-0
-0
-0
-0
-0
6.21292
-0
-0
-0
-0
-0
-0
-0
-0
-0
-0
-0
2.892
-0
-0
-0
-0
-0
-0
1.98331
-0
-0
-0
-0
-0
-0
-0
-0
-0
6.86806
-0
-0
-0
-0
-0
-0
26.5026
26.4511
-0
-0
48.498
58.2468
-0
-0
-0
-0
-0
5.76399
-0
-0
1.60858
-0
10.1797
-0
22.6075
2.06203
-0
-0
16.6679
1.96649
-0
-0
-0
-0
-0
11.4875
-0
41.6749
-0
-0
-0
0.0032289
-0
-0
10.7179
-0
26.0194
-0
-0
1.639
0.798285
20.5046
-0
18.6959
-0
-0
-0
-0
-0
-0
-0
-0
-0
-0
13.9732
-0
15.6904
-0
-0
-0
-0
13.9679
-0
-0
-0
-0
-0
-0
42.3728
-0
-0
-0
39.7339
-0
48.9685
8.39299
-0
-0
-0
-0
23.1447
14.6683
-0
-0
-0
-0
-0
28.5858
-0
10.4741
-0
-0
-0
10.7299
-0
-0
-0
-0
83.2052
-0
13.4158
-0
-0
-0
40.3542
-0
-0
-0
-0
-0
-0
35.2194
-0
-0
-0
-0
-0
-0
-0
5.13546
10.9803
-0
-0
-0
-0
-0
0.101194
-0
22.0665
-0
-0
-0
4.33023
-0
-0
-0
33.0247
-0
-0
-0
-0
43.5121
2.74702
-0
-0
-0
-0
-0
-0
-0
-0
6.91872
-0
-0
10.5319
-0
-0
-0
10.7604
13.4629
-0
-0
-0
-0
-0
17.0867
-0
3.17686
1.39277
-0
12.3951
51.0455
-0
-0
-0
-0
-0
-0
-0
-0
-0
-0
-0
-0
-0
-0
44.8184
-0
-0
-0
4.28414
-0
-0
-0
6.96338
-0
49.7504
-0
-0
69.1734
-0
30.6216
59.4111
-0
-0
-0
-0
-0
-0
-0
-0
-0
5.96653
-0
-0
-0
-0
-0
-0
-0
-0
-0
27.5283
-0
-0
-0
-0
-0
-0
-0
-0
-0
-0
9.97088
-0
-0
-0
-0
-0
-0
-0
5.3871
-0
-0
-0
-0
-0
-0
-0
25.7106
8.83494
-0
-0
-0
-0
-0
32.7727
-0
-0
-0
-0
-0
-0
1.01677
-0
-0
-0
-0
-0
-0
-0
-0
-0
-0
-0
7.46581
29.108
-0
-0
40.6516
-0
-0
-0
-0
21.4117
-0
-0
-0
-0
-0
-0
-0
-0
61.6605
50.8216
-0
6.32301
-0
-0
-0
-0
5.39797
8.02628
-0
-0
-0
2.09034
-0
26.4125
5.47004
-0
-0
-0
-0
-0
-0
41.0865
30.3584
11.3625
-0
-0
-0
-0
-0
-0
-0
-0
10.5729
1.79742
-0
-0
-0
-0
-0
21.3066
-0
-0
-0
11.131
27.3307
19.3504
-0
-0
-0
-0
-0
16.4629
-0
19.9112
-0
-0
22.5285
-0
0.370149
-0
-0
-0
-0
-0
-0
-0
-0
-0
-0
-0
-0
-0
6.05728
-0
-0
-0
-0
-0
-0
-0
-0
-0
-0
-0
15.922
-0
1.83139
13.7868
-0
10.0302
-0
-0
-0
-0
48.9913
-0
-0
-0
-0
-0
-0
-0
-0
-0
-0
12.9019
7.89012
27.781
-0
26.7143
-0
-0
-0
-0
-0
-0
-0
-0
-0
-0
-0
-0
-0
-0
-0
-0
14.5212
-0
-0
1.7363
-0
-0
6.42135
9.58487
-0
8.67776
-0
-0
-0
-0
21.1661
-0
-0
-0
-0
41.6645
-0
-0
25.6015
-0
-0
-0
46.8457
-0
-0
-0
-0
-0
-0
-0
-0
-0
-0
-0
-0
-0
-0
28.0795
-0
-0
16.4321
0.00413513
-0
-0
-0
-0
-0
-0
-0
-0
-0
-0
-0
-0
22.8364
-0
12.5326
4.80558
-0
-0
-0
-0
-0
-0
4.09269
11.5249
-0
-0
38.4559
-0
-0
-0
1.19683
-0
9.29622
-0
28.6852
-0
-0
-0
-0
-0
8.19005
-0
-0
-0
52.8058
16.3365
-0
-0
-0
-0
40.3459
-0
-0
-0
-0
-0
63.9224
-0
-0
-0
-0
-0
33.1246
-0
-0
-0
-0
-0
-0
-0
-0
-0
-0
-0
-0
-0
-0
-0
15.0891
-0
-0
-0
-0
-0
-0
7.79468
-0
-0
-0
-0
-0
-0
-0
-0
30.792
-0
-0
-0
-0
-0
-0
-0
-0
-0
-0
-0
-0
-0
-0
-0
-0
-0
-0
-0
-0
-0
0.823614
-0
40.5865
-0
-0
-0
8.93831
-0
-0
-0
-0
-0
-0
28.8697
5.16603
-0
-0
-0
-0
-0
-0
-0
-0
-0
-0
6.64995
-0
-0
-0
-0
-0
-0
-0
-0
19.4019
-0
-0
10.1817
-0
31.8357
-0
-0
25.443
-0
-0
-0
12.825
2.93309
-0
-0
-0
-0
-0
2.73139
69.9613
48.3231
-0
27.0908
-0
-0
-0
-0
-0
-0
-0
-0
-0
-0
-0
-0
-0
-0
-0
-0
-0
5.36013
-0
-0
49.9762
-0
-0
-0
-0
-0
5.66983
-0
-0
-0
-0
-0
51.617
-0
-0
-0
-0
-0
20.1511
-0
-0
-0
0.827211
11.8414
-0
30.352
-0
-0
40.8918
-0
-0
-0
-0
7.54252
48.5647
-0
-0
-0
-0
-0
-0
59.5307
-0
15.3038
54.7894
-0
-0
0.196689
9.93724
-0
-0
45.0643
-0
-0
-0
3.96058
44.8095
-0
-0
-0
-0
-0
-0
2.704
-0
-0
45.4545
10.0129
13.4506
-0
-0
-0
-0
39.5446
34.917
18.8047
-0
-0
-0
-0
-0
-0
-0
45.3962
-0
12.6507
-0
-0
-0
30.5187
-0
26.1427
19.813
2.72005
-0
-0
-0
-0
-0
-0
9.20254
-0
-0
26.3401
-0
-0
-0
-0
-0
-0
-0
4.12167
10.0764
-0
-0
0.476494
-0
-0
10.6647
-0
21.402
24.1521
12.0472
-0
-0
-0
2.82938
45.2479
-0
-0
-0
-0
-0
-0
14.9451
0.579196
-0
-0
-0
-0
-0
-0
-0
-0
-0
-0
17.3882
-0
-0
2.41719
-0
-0
33.3429
-0
-0
-0
-0
-0
-0
-0
-0
-0
-0
-0
12.2446
-0
1.45851
-0
-0
-0
1.27797
25.0499
-0
-0
-0
-0
-0
-0
-0
-0
-0
-0
-0
-0
-0
68.3079
-0
-0
-0
-0
-0
-0
15.8496
-0
-0
-0
-0
-0
53.6218
-0
0.116924
-0
-0
-0
-0
-0
21.0058
-0
-0
-0
28.2943
-0
-0
-0
-0
-0
-0
5.05233
-0
-0
-0
-0
5.11138
-0
-0
-0
-0
-0
-0
-0
-0
-0
16.3527
2.58597
-0
-0
11.6289
20.3359
-0
-0
15.3616
-0
-0
2.92185
-0
-0
-0
33.3691
-0
-0
-0
20.4439
-0
13.6074
-0
-0
-0
-0
-0
1.3799
-0
-0
-0
-0
-0
-0
-0
-0
3.74376
-0
103.888
28.7873
-0
9.81078
7.0974
-0
-0
-0
47.9741
-0
-0
-0
-0
-0
-0
10.4987
-0
-0
-0
-0
18.1321
-0
3.27698
-0
6.98565
26.7764
-0
30.5537
-0
7.75905
-0
-0
48.6346
2.11013
-0
-0
-0
-0
-0
25.8086
-0
-0
-0
-0
-0
-0
-0
-0
-0
8.0191
-0
-0
-0
11.8476
-0
-0
-0
-0
-0
-0
-0
-0
-0
3.10214
-0
20.893
0.231898
-0
10.8352
-0
26.0133
31.5674
-0
-0
20.9511
-0
-0
-0
-0
-0
4.59994
12.2739
-0
-0
-0
1.13745
9.23796
-0
-0
-0
-0
-0
34.5891
-0
14.2431
-0
10.3263
-0
-0
-0
6.29923
-0
-0
-0
-0
-0
-0
-0
-0
-0
-0
-0
-0
20.5273
-0
-0
-0
-0
-0
-0
-0
29.4782
-0
-0
-0
-0
-0
14.0321
-0
28.1421
4.08393
16.1784
-0
-0
-0
-0
-0
-0
-0
-0
-0
-0
-0
37.0209
3.30555
-0
-0
-0
-0
3.58621
-0
-0
63.1441
-0
26.4079
15.2293
11.1024
-0
-0
-0
-0
-0
-0
-0
16.3385
-0
-0
-0
-0
-0
-0
3.09977
-0
8.4625
7.41275
-0
5.38535
-0
-0
-0
-0
-0
-0
2.47009
22.9084
20.1578
36.0051
-0
44.3157
-0
-0
-0
-0
-0
39.6018
24.6002
-0
21.3173
-0
-0
-0
9.21268
-0
-0
2.86609
-0
-0
-0
26.5709
-0
-0
20.0912
-0
-0
-0
-0
-0
-0
-0
-0
-0
-0
-0
-0
-0
-0
-0
-0
14.7719
5.35004
-0
-0
-0
1.23465
-0
-0
6.62407
-0
-0
-0
-0
-0
-0
-0
-0
2.88551
-0
-0
-0
-0
-0
25.9995
-0
-0
19.8565
-0
-0
3.15012
-0
-0
-0
-0
-0
-0
-0
-0
-0
-0
-0
-0
-0
-0
15.7089
-0
-0
-0
40.7687
-0
-0
-0
-0
-0
-0
-0
-0
4.45212
32.7665
-0
-0
-0
-0
-0
-0
-0
-0
-0
28.4189
-0
-0
-0
-0
-0
31.5965
-0
10.811
-0
9.82687
-0
-0
-0
-0
-0
-0
-0
-0
17.9985
-0
-0
-0
-0
-0
-0
-0
-0
-0
-0
-0
-0
-0
-0
-0
-0
-0
-0
-0
-0
-0
-0
-0
-0
14.7767
-0
-0
-0
55.2359
-0
20.9943
-0
-0
-0
-0
-0
-0
4.30888
-0
-0
-0
-0
-0
-0
-0
32.1346
-0
-0
-0
53.4392
-0
56.1403
64.6966
-0
-0
73.8913
3.08455
27.4902
13.864
-0
-0
-0
-0
35.6514
-0
-0
-0
-0
-0
6.45541
-0
-0
-0
15.2719
-0
-0
-0
-0
-0
-0
19.3219
-0
-0
-0
-0
-0
6.03395
-0
-0
14.3795
-0
51.9814
27.0389
-0
-0
-0
-0
-0
-0
-0
-0
-0
-0
-0
-0
33.0459
-0
46.8803
8.72903
-0
-0
-0
-0
-0
1.82079
-0
-0
3.36304
-0
-0
-0
-0
-0
23.4613
4.5152
-0
-0
1.38865
9.60605
-0
-0
-0
-0
-0
-0
8.46316
-0
10.1465
-0
-0
-0
44.1163
-0
-0
-0
-0
-0
22.4495
-0
-0
-0
5.74713
3.40639
-0
-0
-0
-0
-0
-0
-0
-0
-0
-0
-0
-0
-0
18.8508
16.3883
-0
11.1367
-0
-0
3.3604
-0
-0
-0
-0
-0
26.9881
44.7876
-0
-0
-0
-0
15.4251
-0
55.3523
14.3168
-0
-0
-0
-0
-0
-0
-0
-0
-0
3.97875
-0
13.3325
-0
-0
-0
-0
63.8672
-0
-0
-0
-0
-0
-0
-0
-0
3.97124
-0
-0
-0
-0
-0
-0
-0
-0
-0
3.636
-0
-0
22.0127
-0
-0
6.1293
-0
-0
-0
-0
-0
-0
-0
-0
16.2096
8.8962
28.5489
-0
-0
-0
-0
-0
-0
-0
18.1211
-0
-0
-0
-0
-0
-0
-0
-0
-0
-0
-0
-0
-0
-0
-0
-0
2.11428
-0
-0
-0
-0
12.8547
-0
7.65581
1.17064
-0
-0
3.69782
-0
-0
-0
-0
-0
25.4543
-0
-0
5.45694
-0
-0
-0
-0
-0
-0
-0
-0
-0
-0
-0
-0
-0
-0
-0
15.3874
34.8941
-0
26.43
-0
-0
-0
-0
-0
-0
-0
20.6442
-0
-0
-0
-0
-0
-0
-0
24.964
-0
-0
-0
8.06082
32.9146
-0
-0
-0
-0
-0
-0
16.2208
-0
-0
-0
25.9951
7.15322
-0
-0
-0
51.3991
-0
-0
-0
-0
-0
-0
-0
-0
8.61817
-0
1.31846
-0
-0
-0
-0
3.9841
-0
-0
11.4426
-0
-0
-0
50.1741
-0
-0
-0
-0
-0
-0
-0
-0
-0
25.8411
-0
-0
-0
-0
-0
-0
-0
-0
14.9878
18.4196
-0
-0
-0
-0
3.84484
-0
24.5446
-0
-0
-0
8.42026
-0
43.834
8.44468
-0
-0
-0
14.461
-0
-0
12.6207
-0
-0
15.6825
-0
53.7162
-0
71.1587
-0
-0
-0
2.97164
-0
-0
-0
-0
-0
-0
-0
-0
-0
0.659153
-0
-0
7.42444
-0
1.48783
-0
12.8143
-0
-0
-0
-0
-0
-0
-0
0.436081
-0
-0
-0
-0
-0
-0
-0
-0
-0
-0
-0
-0
-0
-0
-0
-0
-0
9.08349
14.1712
-0
-0
-0
-0
-0
8.35847
-0
-0
-0
27.6606
-0
20.1256
-0
-0
-0
-0
-0
-0
-0
-0
-0
-0
-0
-0
-0
-0
-0
-0
-0
-0
20.4914
17.9229
-0
-0
-0
-0
3.41861
-0
-0
-0
-0
-0
-0
-0
-0
-0
7.19256
4.16047
-0
-0
-0
25.2623
-0
-0
-0
12.0946
-0
-0
-0
11.3539
-0
-0
-0
-0
-0
-0
6.49249
-0
14.6637
-0
-0
-0
12.0592
-0
24.8366
-0
-0
2.58224
-0
-0
-0
-0
-0
-0
-0
27.601
27.1861
-0
-0
-0
-0
-0
-0
-0
-0
-0
-0
-0
-0
-0
-0
-0
-0
-0
-0
-0
-0
-0
-0
-0
-0
-0
-0
-0
-0
-0
1.17683
-0
-0
-0
-0
-0
3.50336
-0
14.1013
5.32303
8.35923
-0
-0
-0
-0
-0
-0
-0
-0
-0
-0
-0
-0
-0
-0
7.36486
-0
32.4386
-0
-0
9.11486
0.437965
16.8806
-0
-0
-0
-0
-0
-0
-0
-0
-0
-0
-0
-0
-0
-0
67.7209
-0
-0
-0
-0
-0
-0
-0
16.4281
-0
-0
12.5538
44.2686
-0
10.3337
-0
-0
-0
-0
-0
-0
-0
10.8682
8.02102
-0
-0
-0
-0
-0
-0
-0
-0
-0
-0
-0
5.22989
0.595677
-0
-0
-0
-0
13.6201
-0
35.8903
-0
-0
-0
-0
-0
-0
-0
59.1962
25.2955
-0
5.47835
-0
-0
40.4757
-0
-0
-0
-0
-0
-0
-0
-0
-0
-0
-0
9.86092
-0
-0
-0
-0
-0
-0
-0
-0
-0
-0
-0
-0
-0
-0
-0
-0
-0
0.650033
7.54639
-0
8.6018
-0
9.85142
37.4265
-0
21.081
-0
-0
-0
-0
34.3077
-0
-0
-0
-0
-0
28.6776
-0
-0
-0
-0
-0
-0
-0
15.027
-0
0.391761
45.1117
-0
-0
-0
-0
10.1927
19.4447
-0
-0
6.27091
0.350439
-0
-0
-0
-0
-0
-0
37.0854
-0
-0
-0
-0
-0
-0
-0
-0
-0
-0
0.959707
31.2552
-0
-0
-0
-0
-0
27.5467
-0
6.75346
-0
-0
-0
59.2637
-0
-0
3.54435
-0
7.60532
-0
-0
-0
-0
-0
-0
7.91601
5.20153
-0
-0
-0
6.48629
-0
-0
29.65
5.12755
12.205
-0
-0
-0
-0
32.2451
-0
-0
-0
-0
63.2623
27.9808
-0
-0
-0
-0
24.3069
-0
15.9794
-0
-0
21.3728
13.0584
-0
-0
-0
-0
-0
-0
-0
-0
-0
-0
-0
11.2634
-0
-0
-0
20.6537
2.11295
25.7157
41.4062
19.3237
-0
-0
23.1798
-0
-0
4.77486
-0
-0
-0
30.5431
-0
-0
-0
-0
-0
-0
-0
-0
-0
-0
36.3773
-0
-0
-0
-0
-0
19.9033
-0
2.46203
37.9307
-0
-0
-0
-0
16.333
-0
-0
-0
-0
-0
-0
-0
10.9066
-0
-0
-0
12.393
-0
17.2678
-0
-0
-0
-0
-0
4.095
-0
-0
-0
-0
-0
-0
-0
-0
-0
4.60308
23.5542
-0
5.41835
1.72331
-0
-0
-0
-0
31.2578
53.6648
-0
2.15254
-0
17.9568
39.9424
-0
3.32581
-0
-0
-0
-0
20.3081
-0
-0
-0
-0
-0
-0
-0
-0
-0
16.6094
-0
-0
-0
-0
-0
-0
-0
-0
-0
48.0735
-0
27.8984
51.1505
-0
39.5486
-0
-0
-0
6.00964
-0
-0
-0
-0
-0
0.201046
-0
42.3528
-0
15.7136
-0
-0
-0
-0
-0
-0
-0
16.0575
-0
-0
7.57462
-0
-0
-0
-0
-0
-0
5.2267
-0
-0
-0
-0
-0
-0
-0
1.11024
2.38549
-0
-0
-0
-0
-0
36.1443
-0
42.3657
-0
40.3936
-0
25.2347
-0
-0
5.38959
-0
-0
-0
-0
13.4877
-0
3.5842
-0
-0
-0
-0
26.0165
-0
18.1629
-0
7.75039
44.8527
9.65514
18.5389
15.0737
-0
-0
-0
7.1996
5.19319
0.816865
-0
-0
32.0006
-0
-0
-0
-0
-0
-0
-0
-0
-0
-0
-0
-0
17.8789
-0
-0
10.7348
-0
-0
-0
-0
-0
18.6473
-0
-0
-0
2.70989
26.6383
3.7462
25.5207
-0
-0
-0
-0
-0
8.91019
28.7137
10.3916
-0
30.0053
-0
-0
-0
28.5496
5.4364
-0
4.39689
-0
-0
-0
-0
-0
-0
-0
-0
11.8857
-0
-0
-0
-0
-0
0.0323137
-0
-0
-0
-0
11.187
-0
-0
45.5218
-0
-0
-0
7.9304
14.3796
-0
-0
-0
29.0748
-0
-0
-0
-0
-0
-0
-0
-0
46.8184
-0
16.2929
-0
-0
-0
-0
12.8531
-0
-0
-0
41.0506
-0
-0
-0
-0
-0
-0
-0
-0
-0
-0
-0
-0
16.2927
30.9573
-0
4.77852
14.6697
-0
-0
-0
-0
38.0112
-0
10.8532
-0
-0
-0
0.235922
-0
30.5178
23.0577
-0
16.2698
8.08424
-0
-0
-0
45.7495
36.6716
-0
-0
-0
-0
-0
24.8191
-0
-0
-0
-0
-0
-0
-0
-0
-0
-0
-0
-0
-0
-0
11.3425
-0
-0
-0
-0
-0
12.1325
-0
-0
-0
11.933
3.72643
-0
-0
-0
62.5612
89.6908
-0
-0
-0
-0
-0
13.2408
-0
-0
8.20913
-0
-0
-0
-0
-0
-0
-0
-0
28.5123
-0
8.25792
-0
-0
-0
-0
22.7459
-0
-0
-0
-0
-0
-0
-0
20.5806
-0
-0
-0
0.544124
-0
-0
-0
-0
-0
-0
-0
-0
-0
12.7798
26.5918
-0
-0
-0
-0
-0
-0
-0
19.5401
-0
-0
11.9549
-0
-0
-0
-0
-0
-0
-0
-0
-0
-0
24.1301
-0
-0
-0
-0
-0
9.3095
-0
-0
-0
-0
1.48669
-0
-0
-0
-0
-0
-0
-0
-0
-0
28.0766
-0
26.492
3.18992
-0
-0
-0
-0
-0
27.7347
-0
2.20158
17.2718
-0
4.2198
-0
-0
-0
-0
-0
-0
-0
-0
-0
-0
-0
31.2814
16.3101
1.16474
-0
-0
-0
-0
-0
2.34427
9.81843
-0
-0
-0
-0
24.6593
-0
-0
-0
43.748
19.5333
20.1149
-0
-0
5.31429
-0
-0
32.3794
0.920103
-0
16.4704
-0
-0
-0
-0
-0
-0
-0
-0
-0
-0
-0
-0
-0
-0
-0
9.86746
-0
-0
-0
-0
21.3051
-0
-0
-0
-0
-0
-0
-0
-0
-0
-0
33.9158
-0
-0
-0
20.5063
-0
-0
-0
-0
23.8463
26.0868
-0
-0
44.196
30.7707
-0
-0
-0
18.4545
-0
6.18898
-0
-0
-0
17.5166
-0
-0
-0
31.461
11.0164
5.87166
38.3973
-0
-0
-0
-0
-0
-0
-0
-0
-0
-0
-0
-0
-0
-0
-0
-0
-0
-0
-0
4.85431
-0
-0
12.7068
-0
-0
-0
-0
-0
-0
-0
-0
73.9422
-0
-0
-0
-0
21.7304
43.9116
-0
-0
-0
-0
-0
-0
-0
1.87098
-0
-0
-0
-0
-0
4.50754
-0
-0
-0
-0
-0
22.683
-0
36.3656
-0
-0
17.5895
10.2737
2.85676
34.0837
17.3121
-0
-0
-0
-0
14.7609
4.51344
-0
-0
12.7237
12.5361
-0
-0
7.14476
-0
-0
-0
0.794089
6.71209
-0
-0
-0
-0
-0
-0
-0
-0
43.1768
20.0209
-0
5.69259
34.317
-0
-0
-0
-0
54.4253
27.9936
-0
-0
-0
-0
5.26252
19.4093
39.0203
-0
27.0297
-0
1.97459
-0
-0
-0
-0
-0
-0
-0
-0
-0
-0
21.0927
-0
-0
-0
37.8172
-0
17.4239
-0
12.0514
-0
-0
-0
-0
-0
-0
-0
-0
-0
2.91469
-0
-0
-0
-0
27.1421
-0
-0
11.8607
27.1083
-0
24.5554
-0
-0
17.9782
-0
25.4397
-0
-0
-0
-0
27.2411
-0
1.25527
-0
-0
-0
-0
-0
-0
-0
23.5459
-0
-0
-0
-0
-0
-0
-0
-0
-0
4.45583
-0
-0
-0
-0
-0
-0
8.27544
32.5742
-0
-0
-0
-0
-0
-0
-0
-0
-0
7.5407
-0
-0
-0
-0
-0
5.04569
-0
-0
-0
-0
16.0657
-0
-0
36.1487
-0
-0
2.13098
21.9487
32.6715
36.6195
9.80034
-0
-0
0.288528
-0
-0
-0
32.7383
-0
-0
13.737
-0
-0
-0
-0
80.7852
-0
-0
9.15796
-0
8.25604
-0
14.6843
-0
-0
7.34194
-0
-0
-0
-0
-0
-0
-0
-0
-0
-0
-0
-0
-0
-0
-0
22.4905
16.2928
-0
-0
8.92586
24.8613
-0
27.9682
-0
-0
-0
-0
-0
-0
-0
0.0116863
-0
-0
-0
-0
39.0258
-0
-0
18.0169
-0
-0
-0
4.35477
-0
12.3278
-0
-0
-0
-0
-0
-0
-0
8.72155
5.34361
-0
-0
17.6218
-0
12.8209
-0
6.30776
-0
-0
-0
61.2779
-0
0.58768
-0
-0
-0
-0
80.8774
-0
-0
2.83447
44.8418
-0
-0
-0
-0
-0
-0
-0
9.72249
30.0654
27.6539
-0
-0
-0
2.85801
30.0072
36.3858
26.6754
-0
-0
-0
-0
-0
-0
-0
-0
4.36442
-0
-0
21.0985
-0
-0
-0
-0
36.8657
14.3151
-0
-0
-0
19.1971
-0
-0
-0
-0
-0
-0
-0
-0
-0
-0
8.76691
-0
-0
19.8287
-0
-0
9.21662
-0
-0
40.558
-0
-0
-0
-0
-0
-0
19.3148
18.2462
0.0190639
-0
7.86466
-0
18.1282
-0
-0
-0
-0
-0
-0
-0
-0
-0
0.424597
-0
-0
