0.539157
-0
-0
-0
-0
-0
-0
27.1363
-0
24.0791
-0
-0
-0
-0
-0
36.6593
-0
-0
-0
-0
-0
31.405
-0
-0
-0
-0
1.38992
-0
-0
-0
-0
-0
-0
-0
9.27007
10.7619
-0
-0
-0
-0
5.32241
-0
-0
16.5014
-0
-0
-0
-0
-0
15.3871
-0
-0
-0
-0
-0
-0
1.7236
-0
-0
-0
-0
-0
6.17783
-0
-0
-0
20.7692
-0
-0
1.19387
-0
8.25141
-0
-0
-0
1.83134
21.4842
-0
-0
-0
-0
19.232
27.4719
-0
-0
-0
-0
-0
-0
-0
-0
-0
-0
-0
-0
-0
-0
-0
32.5483
-0
-0
-0
-0
-0
-0
-0
-0
-0
-0
-0
17.091
31.5727
-0
-0
-0
24.6276
41.6092
-0
69.6995
27.3012
-0
-0
-0
-0
-0
-0
8.13323
-0
-0
-0
4.67355
33.7452
49.9118
-0
6.1818
-0
12.1205
-0
-0
40.0931
-0
-0
-0
-0
-0
-0
-0
25.2116
-0
-0
-0
-0
-0
-0
-0
-0
63.7138
-0
-0
2.71256
-0
-0
-0
5.65512
25.8115
3.02289
-0
29.3191
-0
65.5714
-0
31.3572
-0
-0
-0
-0
-0
-0
-0
-0
-0
-0
-0
-0
-0
-0
-0
-0
-0
-0
16.0663
-0
12.7519
-0
23.7551
-0
-0
-0
-0
-0
-0
27.8267
-0
-0
-0
3.66297
-0
17.4116
-0
-0
-0
0.103944
29.9074
-0
-0
19.1335
56.228
0.422931
-0
-0
-0
-0
-0
0.578208
-0
-0
-0
3.43013
-0
-0
-0
8.67461
-0
-0
-0
-0
-0
-0
-0
-0
15.7695
-0
-0
-0
-0
-0
-0
-0
11.2057
-0
-0
-0
-0
-0
6.71389
-0
-0
-0
-0
-0
-0
-0
-0
11.1427
-0
-0
-0
-0
-0
-0
-0
31.0564
-0
53.8998
-0
-0
-0
-0
-0
-0
-0
8.93654
-0
-0
-0
-0
-0
41.9712
-0
-0
-0
14.0045
32.4472
-0
23.3034
-0
28.4192
-0
-0
74.413
-0
1.15442
1.33393
17.5254
5.01764
40.9198
-0
-0
16.5513
-0
25.7598
44.9655
-0
-0
-0
-0
-0
-0
-0
0.957009
-0
-0
-0
24.5535
41.2089
-0
-0
-0
-0
-0
-0
-0
1.10255
4.37932
-0
-0
-0
5.76037
-0
14.6862
-0
-0
-0
-0
33.4134
7.93996
45.7775
-0
-0
11.3829
15.0454
-0
11.6228
-0
-0
-0
-0
-0
-0
-0
-0
-0
-0
18.4682
19.9708
1.94353
-0
-0
3.19942
-0
-0
9.49791
0.0523737
-0
-0
-0
-0
-0
17.8302
-0
-0
19.0669
6.42203
-0
-0
14.2979
1.91723
-0
-0
-0
-0
-0
-0
-0
-0
-0
-0
-0
-0
-0
-0
-0
-0
-0
-0
-0
-0
18.9368
-0
-0
-0
-0
-0
-0
-0
14.8883
-0
-0
-0
-0
-0
-0
-0
-0
9.79187
-0
-0
-0
0.819014
56.8201
-0
-0
-0
-0
5.92105
-0
-0
-0
-0
-0
-0
-0
5.4108
-0
-0
13.6233
-0
-0
-0
-0
-0
-0
-0
-0
-0
-0
9.7086
13.4018
-0
-0
-0
-0
9.29312
-0
31.4166
-0
-0
-0
4.45972
-0
-0
-0
-0
-0
-0
63.6983
-0
-0
-0
-0
-0
-0
-0
39.5467
-0
-0
-0
12.1761
-0
56.0563
-0
-0
-0
5.44265
-0
38.2828
-0
-0
-0
16.3382
-0
-0
-0
-0
-0
-0
-0
19.3549
-0
35.6866
-0
-0
-0
-0
-0
8.89892
-0
-0
-0
-0
21.7322
3.4745
13.7971
-0
-0
-0
-0
44.1442
-0
-0
-0
-0
-0
-0
-0
-0
20.8412
28.6534
-0
-0
-0
-0
-0
-0
-0
8.98574
3.9195
6.31496
-0
-0
-0
-0
-0
-0
54.438
12.6564
-0
-0
4.40165
-0
-0
-0
26.9114
-0
2.15755
-0
-0
-0
-0
3.5937
-0
-0
-0
10.3678
-0
28.7546
-0
-0
-0
-0
31.1132
-0
-0
-0
20.1604
26.0968
-0
-0
4.73917
-0
-0
-0
-0
-0
-0
-0
-0
-0
87.5745
-0
-0
-0
-0
-0
-0
-0
-0
7.6497
23.3096
-0
-0
-0
12.6989
-0
-0
-0
27.0544
-0
-0
-0
-0
-0
-0
-0
-0
-0
-0
-0
-0
-0
-0
-0
-0
-0
-0
-0
-0
-0
43.1753
-0
-0
-0
-0
-0
-0
-0
-0
-0
-0
-0
-0
-0
-0
-0
-0
-0
-0
-0
-0
-0
-0
-0
-0
-0
-0
12.569
-0
-0
-0
-0
43.6389
-0
-0
-0
14.4477
22.4746
-0
-0
0.676339
44.7119
-0
2.32271
-0
20.0722
-0
32.9321
-0
-0
4.95964
-0
-0
-0
19.1323
-0
-0
14.8605
-0
-0
-0
-0
-0
-0
-0
-0
-0
-0
-0
-0
-0
-0
-0
10.0516
-0
-0
-0
-0
-0
-0
-0
11.3335
-0
20.8975
-0
-0
55.1828
-0
-0
-0
26.7251
38.514
44.6552
14.246
-0
6.212
27.0584
0.699636
-0
0.473531
2.0541
-0
-0
3.14007
11.645
-0
-0
47.8167
-0
-0
-0
-0
-0
-0
-0
-0
-0
-0
3.88627
-0
66.4065
-0
1.55887
-0
-0
-0
3.62085
11.6062
11.8202
-0
-0
16.6506
-0
-0
3.66452
-0
-0
-0
-0
-0
-0
96.9841
-0
-0
-0
-0
-0
-0
4.94775
6.93178
-0
25.5033
-0
-0
-0
-0
23.3108
26.5785
7.91996
-0
-0
-0
11.4814
-0
3.31681
-0
-0
29.1764
-0
-0
7.59021
30.1016
-0
-0
-0
-0
-0
12.0703
-0
18.1011
-0
-0
-0
-0
80.6364
-0
-0
-0
-0
-0
13.4054
-0
-0
14.9672
-0
-0
-0
-0
-0
-0
-0
16.7613
-0
-0
-0
-0
24.2654
66.8064
34.8874
-0
-0
0.339956
9.52174
-0
-0
-0
-0
-0
58.9008
17.4384
-0
21.2585
-0
15.0863
-0
-0
16.3746
-0
-0
-0
-0
-0
-0
-0
-0
19.9086
-0
-0
16.8426
-0
-0
-0
1.36699
-0
-0
-0
-0
-0
1.22945
-0
28.5879
-0
-0
-0
-0
-0
-0
-0
55.9688
-0
-0
39.4581
-0
-0
-0
-0
51.1847
-0
14.3619
-0
-0
-0
23.7162
0.914073
-0
-0
-0
-0
-0
4.07993
-0
-0
-0
-0
-0
12.1357
32.8133
25.3346
-0
36.2441
-0
-0
-0
-0
24.2434
49.3407
-0
-0
-0
2.36704
-0
-0
36.92
-0
-0
-0
9.06909
-0
10.2329
7.38327
-0
-0
-0
-0
-0
-0
27.5493
-0
28.5315
-0
-0
-0
-0
-0
-0
-0
-0
-0
-0
-0
-0
-0
-0
11.2328
-0
38.4078
-0
-0
-0
-0
-0
-0
-0
-0
-0
-0
-0
-0
-0
-0
-0
-0
-0
12.9784
-0
-0
-0
-0
9.2211
-0
9.61619
15.8723
-0
9.18363
30.052
-0
-0
-0
-0
-0
-0
6.38473
-0
-0
14.6607
-0
67.9214
-0
-0
-0
-0
-0
-0
-0
-0
-0
17.9273
41.8216
-0
-0
-0
21.5402
-0
11.4833
-0
-0
-0
-0
-0
-0
-0
4.62762
15.3103
-0
-0
-0
13.018
-0
-0
14.6469
-0
-0
-0
-0
13.1138
-0
19.4327
-0
-0
-0
-0
-0
-0
-0
34.8219
-0
-0
-0
-0
-0
-0
-0
-0
-0
-0
-0
-0
-0
-0
-0
52.9263
-0
-0
29.872
-0
-0
-0
-0
-0
29.4279
1.86591
-0
-0
-0
-0
-0
1.30477
-0
-0
37.6251
-0
-0
-0
-0
-0
-0
-0
-0
-0
-0
-0
-0
-0
8.2231
-0
11.7491
-0
-0
-0
-0
12.5931
-0
-0
-0
-0
-0
29.7295
-0
-0
-0
-0
-0
-0
-0
4.163
6.47462
-0
-0
-0
-0
-0
28.8332
0.244324
-0
-0
-0
7.49177
35.2207
-0
-0
-0
31.6787
-0
-0
-0
-0
-0
20.0159
-0
-0
1.94433
-0
-0
16.3337
-0
-0
0.322757
30.5468
-0
-0
-0
-0
-0
6.20009
-0
-0
-0
9.80517
39.3724
13.6439
31.4822
-0
-0
16.5648
3.86586
-0
45.7707
15.6764
-0
-0
-0
-0
-0
-0
-0
-0
-0
-0
-0
17.1897
-0
37.066
-0
-0
-0
0.708034
-0
45.3762
-0
1.32921
-0
-0
-0
-0
12.4303
-0
8.50591
43.2049
-0
-0
-0
-0
9.66809
-0
-0
-0
-0
13.6171
-0
4.99887
-0
-0
-0
71.4239
-0
-0
-0
6.50938
-0
-0
-0
-0
-0
-0
-0
4.17567
-0
-0
-0
17.9221
-0
11.5541
-0
-0
31.8911
-0
-0
18.1595
-0
-0
12.511
-0
-0
6.6402
30.4055
-0
-0
-0
-0
-0
-0
74.7199
-0
-0
-0
17.3964
-0
-0
-0
-0
-0
-0
-0
19.3406
6.37783
-0
-0
-0
-0
-0
15.1312
-0
-0
22.7419
3.59876
-0
-0
-0
-0
-0
-0
-0
-0
-0
-0
-0
-0
-0
-0
33.2807
-0
3.15125
0.170978
-0
-0
-0
-0
35.6492
-0
-0
15.9254
-0
-0
25.3769
59.7083
5.89507
36.1207
-0
-0
-0
-0
34.7685
0.404441
38.0217
-0
-0
-0
-0
-0
-0
-0
10.8402
4.77438
-0
3.73401
-0
-0
-0
-0
44.5247
-0
-0
-0
-0
10.4288
36.7335
-0
15.1673
-0
-0
-0
20.8286
-0
-0
2.5988
-0
-0
-0
-0
-0
-0
-0
-0
-0
-0
-0
-0
-0
-0
-0
-0
-0
-0
-0
-0
-0
-0
-0
-0
-0
-0
-0
-0
-0
2.17129
-0
-0
-0
-0
-0
-0
34.5861
-0
-0
-0
-0
-0
-0
15.8506
-0
-0
-0
-0
-0
-0
-0
16.2216
-0
-0
-0
52.1384
-0
13.1817
-0
-0
-0
-0
-0
-0
-0
-0
-0
-0
43.3239
-0
3.08349
7.26472
38.2749
-0
1.60757
-0
-0
25.434
21.1373
-0
54.6197
-0
-0
-0
-0
-0
-0
-0
14.2719
-0
62.0234
-0
8.04246
33.1683
-0
-0
-0
-0
22.6606
-0
11.3242
3.98847
-0
-0
-0
-0
-0
-0
-0
-0
-0
-0
25.1469
-0
-0
-0
52.4249
-0
-0
-0
-0
-0
-0
-0
-0
-0
-0
-0
-0
-0
-0
29.0075
-0
-0
-0
3.3441
-0
-0
-0
-0
-0
-0
-0
45.2684
-0
-0
-0
1.40556
-0
-0
-0
14.5592
-0
0.38759
-0
-0
-0
2.72637
-0
-0
-0
25.6269
-0
-0
-0
-0
-0
25.3109
10.9225
-0
2.86047
55.2238
-0
27.7563
-0
-0
-0
-0
-0
10.8676
52.1961
-0
10.8278
1.25002
-0
-0
-0
-0
-0
-0
-0
-0
-0
-0
-0
29.7259
-0
-0
0.211957
-0
-0
-0
-0
-0
-0
-0
-0
-0
-0
-0
-0
29.9184
17.7396
-0
-0
-0
-0
-0
-0
-0
45.4639
9.09222
-0
-0
-0
-0
-0
-0
10.0151
-0
-0
-0
-0
-0
-0
-0
5.6072
-0
-0
-0
-0
-0
-0
-0
-0
-0
85.5891
-0
-0
-0
-0
9.22728
-0
-0
-0
-0
-0
-0
4.94251
-0
-0
-0
-0
-0
-0
-0
-0
22.8345
27.9821
-0
-0
-0
0.763164
-0
-0
-0
11.1569
-0
11.0902
-0
-0
6.46023
57.4308
-0
-0
-0
30.4579
35.4515
-0
-0
17.7646
-0
-0
-0
-0
-0
-0
-0
-0
-0
-0
-0
-0
-0
-0
-0
-0
20.7077
-0
-0
-0
19.0591
14.7771
-0
-0
24.0434
-0
-0
-0
-0
-0
-0
-0
14.9539
-0
-0
-0
-0
-0
33.6842
-0
-0
-0
-0
38.0888
-0
0.458974
-0
11.7116
54.3741
43.4676
12.511
-0
-0
1.212
66.5238
-0
-0
-0
16.789
-0
-0
-0
6.07912
-0
40.9593
-0
-0
-0
-0
-0
-0
52.9748
-0
-0
-0
-0
-0
-0
-0
-0
-0
-0
-0
0.861004
-0
-0
13.5995
24.8334
-0
-0
-0
-0
-0
25.9792
4.767
12.512
-0
-0
-0
-0
-0
-0
-0
1.43583
-0
-0
-0
-0
-0
-0
-0
-0
28.4226
-0
-0
-0
-0
-0
-0
-0
9.90155
-0
-0
-0
-0
-0
-0
-0
44.3383
-0
-0
-0
1.39414
-0
-0
-0
-0
-0
31.6839
-0
68.6351
-0
7.93148
-0
-0
-0
-0
-0
-0
-0
-0
-0
-0
-0
-0
-0
-0
8.06768
-0
-0
-0
-0
-0
2.45639
-0
-0
-0
-0
-0
-0
-0
-0
25.5753
-0
-0
-0
-0
-0
-0
-0
-0
11.2162
-0
-0
-0
-0
48.7031
-0
5.18573
-0
8.42794
-0
-0
-0
-0
-0
-0
-0
-0
-0
-0
-0
-0
-0
-0
-0
-0
-0
-0
-0
-0
-0
-0
0.377652
-0
-0
-0
-0
60.2965
-0
7.60322
-0
-0
-0
2.21457
-0
53.9912
-0
-0
-0
8.10401
-0
34.348
-0
-0
-0
-0
-0
-0
-0
-0
-0
-0
-0
-0
-0
-0
-0
-0
-0
-0
-0
29.2187
-0
-0
-0
-0
2.96416
-0
-0
-0
-0
-0
58.2943
-0
-0
-0
23.1674
9.15021
-0
-0
22.7489
-0
31.4875
13.7104
-0
28.7194
-0
-0
3.4428
-0
-0
-0
-0
-0
-0
-0
-0
8.93094
-0
23.1689
4.72051
-0
-0
-0
-0
-0
-0
31.2775
-0
-0
-0
-0
-0
-0
-0
-0
-0
-0
-0
3.68452
-0
8.59593
-0
-0
-0
10.1088
-0
-0
31.2833
-0
-0
-0
31.2991
-0
0.294349
17.7424
-0
-0
-0
-0
-0
-0
-0
-0
-0
-0
-0
2.85351
40.6127
-0
-0
-0
26.6457
-0
-0
-0
-0
-0
0.858486
-0
40.6087
-0
-0
-0
-0
0.169976
-0
-0
-0
-0
53.2711
13.9659
-0
-0
-0
-0
-0
-0
-0
-0
3.45626
-0
-0
-0
-0
12.6925
15.8966
-0
-0
39.9338
-0
4.33866
-0
12.4002
19.9137
-0
-0
-0
-0
-0
-0
-0
-0
-0
-0
-0
-0
-0
-0
-0
-0
11.0149
-0
-0
-0
-0
-0
-0
-0
12.2512
13.1263
-0
-0
-0
38.9043
-0
-0
-0
-0
2.36241
-0
-0
-0
-0
-0
-0
-0
-0
-0
-0
-0
-0
26.6555
2.50146
-0
-0
26.2404
-0
-0
-0
-0
-0
-0
3.95966
-0
-0
-0
-0
-0
-0
-0
-0
-0
-0
-0
-0
-0
-0
-0
8.62722
-0
-0
1.32276
13.069
-0
21.6894
-0
-0
-0
6.43474
-0
-0
12.791
21.2026
49.9976
37.0022
17.3608
-0
2.91442
-0
-0
-0
-0
29.2219
25.9048
-0
48.1673
-0
-0
-0
-0
-0
-0
-0
-0
-0
-0
-0
-0
-0
-0
-0
-0
-0
-0
-0
-0
-0
-0
42.3587
-0
-0
-0
-0
-0
-0
-0
-0
-0
-0
-0
-0
-0
-0
-0
10.8129
21.1723
-0
-0
-0
-0
-0
-0
-0
2.27466
12.1877
64.3037
7.78388
72.5306
-0
44.5169
-0
-0
-0
-0
5.72304
0.114475
-0
-0
-0
0.63255
-0
-0
-0
-0
-0
-0
-0
-0
-0
-0
17.9884
-0
-0
-0
40.4378
7.91558
-0
15.0364
-0
-0
-0
-0
-0
7.94806
19.6624
-0
25.5568
-0
-0
-0
33.277
-0
-0
-0
37.0524
-0
-0
-0
-0
-0
-0
20.0012
29.0556
-0
46.1331
-0
-0
-0
-0
51.5986
-0
-0
-0
11.597
-0
-0
-0
39.9123
-0
-0
-0
-0
-0
-0
-0
-0
-0
-0
-0
-0
-0
-0
-0
-0
-0
-0
-0
-0
25.8149
-0
-0
-0
-0
-0
24.3677
-0
-0
-0
-0
-0
-0
5.72067
-0
-0
-0
-0
-0
-0
-0
10.8589
-0
-0
5.03471
43.2895
10.8414
47.8789
44.6861
-0
13.6667
54.3896
-0
-0
19.7489
-0
-0
-0
-0
-0
-0
-0
-0
11.0507
-0
-0
-0
-0
-0
5.87532
-0
-0
-0
-0
-0
-0
-0
-0
-0
-0
-0
-0
52.4978
-0
-0
-0
-0
14.8117
12.576
26.6183
19.6929
-0
-0
-0
-0
-0
-0
-0
-0
-0
-0
16.1031
-0
11.8428
-0
-0
5.11891
-0
-0
-0
-0
-0
-0
2.38495
-0
-0
-0
-0
-0
71.9299
-0
-0
2.78891
2.04733
14.9745
-0
3.10186
-0
-0
6.94718
-0
-0
-0
15.9257
6.05185
-0
-0
43.7036
-0
11.5111
-0
-0
-0
26.1206
4.60327
-0
-0
8.79926
-0
-0
-0
9.4066
-0
-0
-0
-0
-0
4.3663
-0
-0
-0
-0
40.5604
8.0619
-0
16.0307
1.37929
-0
-0
23.6243
-0
40.6728
25.8731
-0
38.1344
-0
-0
-0
-0
-0
29.8677
-0
19.0461
3.24368
19.3769
-0
-0
-0
-0
-0
-0
-0
-0
-0
-0
7.58955
0.702645
-0
-0
-0
30.2463
71.1314
-0
-0
-0
-0
-0
-0
-0
12.0862
-0
-0
-0
-0
-0
-0
-0
-0
-0
5.58666
-0
-0
29.7239
-0
-0
25.5967
-0
-0
-0
-0
-0
-0
-0
26.197
16.6397
-0
35.4148
-0
-0
-0
-0
-0
-0
-0
-0
-0
-0
10.2857
-0
-0
-0
-0
-0
-0
-0
28.258
-0
-0
-0
-0
13.2037
-0
-0
-0
-0
-0
35.1791
8.50619
0.040944
-0
-0
29.0021
-0
-0
-0
-0
-0
-0
-0
-0
22.7481
0.588097
-0
-0
-0
-0
-0
-0
-0
49.1614
-0
-0
-0
-0
-0
-0
-0
-0
43.1969
-0
-0
5.10136
13.8752
1.03378
-0
-0
-0
-0
-0
-0
-0
-0
-0
11.3935
-0
-0
62.238
-0
-0
-0
2.49164
-0
-0
-0
-0
-0
-0
-0
-0
-0
7.67963
-0
14.8259
-0
-0
-0
-0
30.774
-0
-0
-0
-0
-0
-0
-0
-0
-0
-0
4.02586
-0
-0
-0
-0
3.3748
-0
-0
23.1681
-0
-0
-0
2.82574
-0
-0
-0
-0
-0
-0
-0
-0
-0
-0
-0
-0
-0
-0
0.276498
-0
-0
32.7947
-0
72.5494
-0
-0
-0
-0
2.90156
-0
5.09657
-0
15.1765
-0
-0
-0
30.802
-0
-0
-0
-0
27.5564
-0
-0
-0
-0
-0
22.0017
8.09343
50.6303
-0
43.9853
-0
-0
-0
21.0906
-0
-0
-0
-0
5.4516
-0
45.6266
-0
-0
-0
-0
-0
-0
-0
-0
-0
-0
-0
-0
41.0996
-0
-0
-0
-0
2.6308
-0
-0
-0
-0
-0
-0
-0
-0
-0
-0
-0
-0
16.6246
2.13924
-0
4.63278
-0
-0
-0
-0
-0
-0
-0
-0
-0
-0
-0
-0
21.0303
-0
-0
-0
-0
34.8362
-0
-0
-0
-0
-0
-0
-0
-0
-0
-0
-0
-0
-0
-0
-0
33.4969
-0
-0
0.455355
-0
-0
0.632056
-0
-0
-0
9.65816
-0
-0
-0
-0
-0
-0
13.6686
-0
11.8404
-0
-0
-0
-0
-0
-0
-0
-0
-0
13.3969
-0
-0
-0
-0
-0
49.0527
-0
-0
62.9064
-0
-0
-0
-0
-0
57.7521
1.77193
-0
24.6541
16.3571
-0
-0
10.387
-0
-0
-0
-0
10.5163
-0
-0
-0
-0
-0
17.6028
38.0815
-0
-0
-0
-0
-0
-0
-0
-0
-0
-0
-0
-0
-0
-0
-0
26.5549
4.41896
-0
-0
-0
-0
1.69376
16.9727
-0
-0
18.0108
-0
-0
-0
-0
-0
6.69037
1.49656
-0
9.95906
-0
-0
-0
24.8395
-0
-0
20.9385
-0
-0
-0
20.3721
-0
50.3549
-0
15.8267
-0
15.3198
-0
0.246688
15.7201
-0
41.8225
-0
-0
-0
-0
-0
19.8983
49.7302
-0
-0
36.3234
1.65508
-0
30.1507
-0
-0
-0
-0
-0
-0
-0
-0
-0
-0
5.42318
9.85799
-0
12.9442
-0
-0
19.9801
4.92766
-0
-0
-0
2.40184
26.8232
-0
-0
-0
-0
-0
-0
-0
-0
-0
10.6538
-0
-0
29.1068
-0
21.2007
-0
18.149
52.4915
-0
5.15785
-0
-0
-0
-0
-0
-0
-0
24.4587
-0
-0
35.1817
-0
-0
25.0636
-0
-0
-0
-0
-0
-0
-0
-0
-0
-0
29.366
71.3506
-0
-0
-0
-0
-0
-0
-0
1.9319
-0
-0
-0
-0
-0
-0
-0
-0
-0
-0
1.94237
-0
-0
-0
23.5088
66.2014
-0
-0
-0
-0
-0
-0
-0
-0
-0
0.325858
-0
-0
15.2261
-0
-0
27.1142
-0
-0
-0
-0
-0
-0
-0
42.3369
27.2926
-0
6.28481
-0
43.2605
12.1803
-0
-0
2.97889
3.10902
-0
-0
-0
-0
-0
-0
-0
-0
-0
-0
29.8656
-0
-0
-0
11.7215
-0
-0
-0
-0
-0
-0
-0
-0
-0
-0
-0
3.33342
-0
-0
-0
38.8028
-0
2.70793
-0
-0
-0
-0
-0
-0
-0
-0
-0
-0
-0
-0
-0
-0
10.7433
-0
-0
57.1723
32.5627
-0
-0
-0
-0
-0
-0
-0
-0
-0
-0
14.5879
14.3552
-0
-0
-0
23.0473
-0
-0
-0
-0
18.466
49.9221
81.9884
-0
-0
-0
-0
-0
-0
-0
-0
-0
-0
-0
21.4963
7.57399
-0
-0
7.19892
18.9983
3.02176
10.438
-0
-0
-0
23.0564
16.706
-0
-0
-0
-0
-0
-0
-0
-0
-0
-0
-0
-0
-0
-0
6.94187
-0
30.8537
-0
-0
-0
-0
28.2916
14.5213
37.3442
-0
-0
-0
-0
-0
-0
4.28065
-0
-0
-0
-0
-0
-0
-0
-0
-0
25.0922
-0
-0
-0
5.31916
-0
-0
48.4151
-0
-0
6.53135
-0
7.52562
-0
-0
-0
11.9841
-0
-0
-0
-0
26.8828
-0
16.1092
-0
-0
-0
-0
-0
32.5031
-0
-0
-0
-0
-0
-0
-0
24.3932
12.3353
-0
-0
-0
-0
-0
-0
-0
0.842865
-0
-0
41.7901
-0
-0
-0
-0
-0
-0
-0
12.2062
-0
-0
-0
-0
-0
-0
-0
26.9
-0
29.2482
17.9931
-0
22.2247
10.3249
-0
-0
-0
-0
-0
-0
-0
21.6642
-0
-0
-0
-0
-0
-0
-0
41.6153
-0
-0
-0
-0
-0
-0
-0
-0
-0
-0
1.45538
6.53098
-0
-0
-0
-0
4.68916
-0
-0
-0
-0
-0
-0
30.4688
15.935
-0
-0
-0
13.2986
-0
-0
-0
14.741
-0
-0
-0
-0
-0
16.2875
-0
-0
-0
-0
-0
-0
-0
-0
-0
-0
-0
-0
36.3382
-0
10.9545
8.36833
-0
-0
-0
-0
9.63429
30.9525
-0
21.7537
-0
-0
-0
-0
-0
-0
-0
-0
-0
-0
-0
-0
-0
-0
-0
-0
-0
-0
-0
-0
-0
-0
-0
-0
-0
-0
-0
8.44071
27.1008
5.19702
22.6068
-0
-0
-0
-0
23.6742
-0
23.5661
57.6164
-0
-0
-0
-0
22.225
30.5732
62.9464
-0
-0
-0
-0
-0
-0
-0
-0
0.0382357
-0
25.6614
-0
39.8308
-0
-0
-0
-0
-0
45.9239
-0
9.2572
4.06899
47.6128
32.3054
62.5913
-0
-0
-0
3.12914
24.4404
-0
-0
-0
4.72264
-0
-0
21.3746
-0
-0
13.4015
-0
52.6859
-0
-0
17.6003
-0
-0
-0
-0
-0
-0
-0
-0
24.927
41.0176
13.243
-0
-0
-0
-0
-0
17.4827
-0
-0
-0
-0
-0
20.9058
-0
37.2829
-0
-0
-0
-0
-0
25.0657
-0
-0
-0
-0
-0
39.962
-0
-0
-0
-0
34.4984
19.7473
20.9779
51.0284
-0
4.67857
-0
-0
-0
-0
-0
-0
40.0123
-0
-0
-0
-0
-0
-0
-0
54.6051
23.405
4.4828
7.71441
-0
-0
-0
8.12419
-0
-0
12.4959
22.7496
-0
-0
-0
16.0589
-0
25.522
3.45908
-0
-0
-0
14.4193
49.1404
-0
32.8682
-0
-0
-0
-0
-0
-0
15.8159
-0
-0
-0
10.1284
-0
-0
-0
-0
-0
-0
15.4278
-0
-0
-0
-0
35.4565
38.0365
-0
-0
-0
-0
-0
-0
-0
-0
-0
-0
0.427951
-0
-0
-0
-0
30.0483
-0
-0
-0
-0
-0
24.5511
-0
-0
-0
-0
-0
-0
-0
7.63524
-0
-0
9.71914
-0
9.45429
-0
-0
-0
-0
-0
-0
-0
-0
35.6329
-0
-0
-0
-0
4.73462
41.2514
-0
-0
-0
-0
-0
-0
-0
6.74694
-0
-0
-0
-0
-0
-0
-0
-0
45.2966
-0
18.9452
-0
-0
-0
-0
-0
0.680759
6.26515
0.104571
25.4536
-0
-0
-0
22.3742
-0
-0
-0
-0
-0
-0
-0
-0
15.3127
-0
-0
-0
-0
7.80634
-0
-0
-0
3.73322
-0
-0
-0
-0
27.7516
-0
7.55627
-0
-0
39.4352
3.37548
-0
-0
-0
-0
-0
-0
-0
-0
-0
-0
-0
-0
-0
-0
-0
-0
0.648351
-0
-0
-0
-0
-0
-0
5.91704
-0
-0
-0
-0
-0
-0
-0
-0
-0
11.2906
30.754
-0
-0
1.17049
-0
-0
41.5035
-0
-0
-0
0.31121
-0
-0
-0
-0
-0
12.1953
0.891401
0.715834
-0
38.9128
38.5694
24.5538
-0
14.3627
-0
-0
10.35
-0
-0
32.9803
-0
-0
37.4799
5.88109
-0
24.1274
-0
-0
-0
-0
-0
-0
-0
-0
-0
-0
-0
-0
-0
-0
-0
-0
-0
11.7549
-0
-0
-0
-0
-0
11.4785
-0
-0
-0
-0
-0
-0
-0
-0
-0
-0
-0
-0
-0
12.0425
43.9122
14.6258
-0
-0
-0
-0
0.568913
-0
-0
-0
-0
-0
-0
46.3181
-0
-0
-0
-0
-0
-0
36.8569
-0
16.9779
-0
-0
23.8375
40.65
59.5562
1.81481
-0
-0
-0
-0
50.1929
-0
19.7316
-0
-0
29.1509
-0
-0
30.7479
-0
-0
-0
-0
-0
-0
-0
-0
-0
11.7999
-0
-0
-0
-0
2.42191
13.1662
-0
-0
13.5402
-0
-0
-0
-0
-0
68.7498
-0
-0
39.5608
-0
-0
-0
31.9637
-0
-0
-0
25.9299
-0
-0
26.2462
-0
-0
-0
-0
-0
-0
-0
47.6964
-0
-0
-0
15.8331
-0
-0
-0
25.7065
12.548
13.5386
-0
-0
-0
3.66682
-0
-0
-0
-0
-0
-0
-0
-0
30.2785
-0
-0
12.0555
44.614
-0
20.9498
-0
-0
12.3147
-0
5.55653
-0
-0
-0
-0
17.142
-0
-0
-0
-0
-0
-0
-0
-0
27.502
-0
-0
-0
-0
27.3236
-0
-0
-0
-0
-0
10.0674
-0
-0
-0
-0
5.37603
-0
-0
-0
-0
-0
5.77221
36.5113
-0
-0
-0
-0
-0
86.5221
-0
-0
-0
-0
-0
8.13006
-0
-0
-0
-0
19.5845
-0
-0
57.7129
-0
-0
1.70213
23.3723
-0
33.1287
39.3961
-0
-0
49.638
-0
-0
-0
-0
-0
-0
-0
-0
-0
-0
-0
36.7417
-0
-0
-0
-0
10.0463
-0
-0
-0
-0
15.082
-0
-0
-0
-0
-0
-0
-0
-0
-0
-0
-0
-0
-0
-0
-0
-0
-0
-0
-0
-0
31.2946
-0
40.3888
1.09966
-0
-0
13.2202
-0
-0
-0
-0
-0
-0
-0
17.209
14.7984
-0
-0
-0
-0
10.896
-0
32.1133
-0
7.02333
-0
-0
-0
-0
-0
-0
-0
-0
10.3737
3.06681
-0
21.8685
-0
-0
-0
-0
-0
11.0906
-0
32.973
-0
-0
31.9587
-0
-0
-0
-0
-0
-0
33.4516
17.9192
-0
-0
-0
-0
22.1778
-0
-0
4.52562
-0
26.1223
54.9601
-0
3.81291
4.01248
36.6359
-0
39.3944
-0
-0
-0
-0
-0
-0
-0
-0
5.86446
-0
-0
-0
-0
-0
23.884
-0
8.09631
15.2407
27.177
-0
-0
36.3514
29.9064
-0
-0
-0
-0
-0
-0
-0
-0
-0
-0
-0
-0
37.965
7.01755
-0
18.3545
-0
-0
29.3421
-0
-0
-0
-0
-0
-0
33.1187
8.14136
12.3974
-0
31.3621
-0
10.1416
-0
-0
-0
27.2381
-0
-0
-0
-0
-0
-0
-0
-0
