0.702428
-0
-0
-0
-0
1.2251
-0
-0
10.4566
-0
18.6155
-0
-0
-0
-0
24.4531
-0
-0
2.22612
-0
-0
-0
-0
12.1046
8.56502
-0
-0
-0
-0
-0
-0
-0
-0
6.10022
1.68465
-0
-0
-0
-0
-0
-0
-0
-0
22.4923
-0
-0
-0
3.83803
-0
10.9184
-0
-0
0.85707
-0
-0
-0
17.3477
-0
10.2378
-0
-0
-0
2.99675
-0
-0
-0
25.5376
8.99739
-0
0.206921
-0
-0
-0
-0
-0
-0
16.5126
-0
-0
-0
-0
8.82923
-0
2.67354
5.07262
-0
-0
-0
-0
-0
-0
-0
-0
-0
-0
-0
-0
-0
-0
-0
-0
-0
-0
26.678
13.8895
-0
2.25602
-0
-0
-0
-0
-0
-0
-0
-0
5.23413
24.7905
-0
21.5172
-0
-0
-0
-0
-0
9.19031
-0
1.48666
-0
-0
-0
-0
15.2555
-0
-0
-0
4.69885
-0
-0
-0
19.8512
-0
-0
-0
-0
23.86
-0
-0
22.5468
-0
-0
-0
-0
-0
-0
-0
-0
28.5257
-0
-0
1.44619
-0
0.432238
-0
15.9745
-0
7.11903
2.9646
13.9673
-0
8.49984
-0
16.5427
-0
-0
-0
-0
-0
-0
-0
-0
-0
-0
-0
10.8018
-0
-0
-0
-0
-0
-0
5.49735
-0
24.2005
-0
8.97161
-0
-0
-0
-0
-0
-0
6.98143
14.2671
-0
8.58121
-0
-0
3.87532
9.08837
-0
-0
-0
23.0719
-0
1.34678
-0
7.76965
9.06741
-0
-0
1.59708
-0
15.7287
-0
-0
-0
-0
4.04657
-0
-0
-0
4.14762
-0
-0
-0
-0
-0
-0
-0
-0
-0
-0
-0
-0
-0
-0
-0
-0
9.09658
-0
-0
-0
0.00493234
-0
1.35395
-0
-0
5.89639
-0
-0
-0
-0
-0
-0
-0
-0
11.4529
-0
-0
-0
-0
17.6308
-0
16.7264
-0
-0
-0
-0
-0
-0
-0
9.27609
-0
-0
-0
-0
-0
5.77908
-0
-0
-0
13.147
11.0546
-0
8.10851
-0
-0
-0
3.61477
6.44396
-0
9.81415
0.576641
-0
23.6528
12.0804
-0
-0
8.44883
-0
25.2177
3.23854
1.2197
-0
5.10359
0.83328
-0
-0
-0
0.573668
-0
-0
5.48109
10.8634
15.7884
-0
-0
-0
-0
-0
-0
-0
-0
-0
-0
-0
-0
6.89654
-0
-0
-0
-0
-0
21.6983
14.3942
-0
11.348
-0
-0
9.22771
16.5336
-0
1.74482
-0
10.592
-0
-0
-0
-0
-0
-0
-0
-0
17.4223
12.5192
0.336792
-0
-0
-0
-0
-0
6.21048
0.140422
2.16086
-0
-0
-0
-0
-0
-0
-0
6.3175
-0
-0
5.15599
-0
-0
-0
-0
-0
11.7074
-0
-0
-0
-0
-0
-0
3.64097
-0
2.09675
-0
13.5759
-0
-0
6.72042
11.8295
-0
-0
9.98268
-0
-0
-0
-0
-0
-0
24.5157
-0
-0
-0
-0
-0
-0
-0
-0
-0
-0
-0
9.17538
-0
22.6316
-0
-0
-0
-0
7.64859
-0
11.297
-0
-0
-0
-0
15.1924
4.89398
8.67661
-0
-0
-0
-0
-0
-0
11.5725
-0
-0
-0
3.0254
2.0634
-0
30.1445
-0
-0
-0
-0
5.98418
-0
7.04041
-0
-0
-0
-0
-0
-0
-0
5.67519
-0
-0
5.68661
14.8952
-0
-0
-0
5.33987
-0
-0
-0
-0
-0
-0
12.9298
-0
-0
7.56469
-0
15.8714
-0
-0
23.0936
-0
-0
-0
-0
-0
-0
-0
-0
-0
-0
-0
1.7365
-0
-0
-0
-0
-0
-0
-0
19.0496
10.4844
-0
14.2775
-0
-0
11.1944
11.621
15.3773
-0
-0
-0
24.8359
-0
-0
-0
-0
-0
-0
13.221
3.99558
6.78562
3.90427
4.65912
-0
-0
-0
-0
-0
-0
8.12645
-0
-0
-0
-0
-0
-0
-0
-0
-0
6.76295
12.9343
6.70328
7.4621
-0
-0
-0
21.1978
-0
2.19537
-0
-0
-0
-0
-0
-0
-0
-0
15.1513
-0
-0
-0
-0
15.2485
-0
-0
-0
-0
-0
21.6218
6.98034
-0
-0
-0
-0
-0
-0
1.47698
4.70438
-0
-0
14.3486
2.57247
8.67752
-0
-0
-0
-0
-0
-0
-0
-0
-0
-0
16.1076
-0
-0
29.95
13.6841
-0
-0
24.9557
-0
-0
-0
-0
-0
-0
0.122551
-0
-0
-0
-0
2.08759
-0
-0
-0
-0
-0
-0
-0
-0
-0
22.2609
-0
-0
-0
-0
-0
-0
-0
-0
0.552389
8.46763
3.66591
-0
-0
-0
-0
9.58035
-0
3.54232
0.733914
-0
-0
-0
25.2776
-0
-0
-0
-0
-0
-0
-0
-0
-0
-0
2.6328
-0
-0
8.37974
-0
-0
0.604149
5.04809
-0
18.281
-0
6.01084
-0
7.09464
-0
-0
-0
-0
-0
-0
13.9824
-0
-0
8.75824
-0
-0
-0
-0
-0
-0
-0
-0
3.0757
-0
-0
-0
-0
-0
0.799218
2.13658
-0
-0
-0
-0
3.24128
-0
-0
7.65639
9.45689
-0
-0
-0
9.21271
-0
-0
-0
6.62577
16.977
13.2815
6.49605
-0
-0
-0
-0
-0
0.480756
4.08196
-0
-0
-0
8.07381
-0
-0
15.4842
-0
-0
-0
13.2232
12.4463
-0
-0
-0
17.9556
-0
13.3842
2.53688
37.579
12.7125
-0
2.90749
-0
0.531014
-0
2.49768
7.51194
-0
-0
1.76364
-0
-0
-0
-0
-0
-0
-0
-0
-0
-0
-0
-0
7.91803
-0
-0
-0
-0
23.9991
-0
12.872
-0
0.9114
-0
-0
-0
-0
-0
-0
-0
-0
-0
-0
8.70697
-0
-0
25.9913
-0
-0
-0
-0
-0
-0
-0
-0
-0
10.4971
-0
35.0372
-0
7.03907
-0
-0
24.7919
-0
-0
-0
-0
1.70977
9.81106
-0
12.3486
-0
-0
-0
-0
-0
-0
2.51231
-0
6.62212
-0
10.0581
-0
-0
4.03659
18.7307
23.1829
9.03349
4.88552
28.0838
19.5404
-0
10.2909
-0
-0
11.0936
15.7308
-0
-0
12.8736
-0
5.40336
-0
-0
4.49325
-0
-0
-0
-0
-0
-0
-0
-0
15.7262
-0
8.09768
-0
-0
-0
-0
2.95212
-0
-0
-0
-0
-0
14.6593
-0
3.27147
-0
2.77986
-0
-0
6.33702
-0
0.163371
14.1155
-0
-0
4.93354
-0
-0
-0
-0
24.2414
17.4438
-0
-0
-0
-0
22.0781
0.207766
-0
-0
-0
-0
-0
-0
-0
-0
-0
2.25626
-0
-0
11.3338
13.0886
-0
-0
-0
-0
-0
-0
8.37832
-0
-0
8.39066
-0
2.25195
-0
-0
3.7203
-0
-0
-0
-0
-0
30.316
18.8908
-0
-0
-0
-0
-0
-0
19.3039
-0
-0
0.328996
-0
-0
-0
-0
-0
6.18007
10.7359
11.7428
-0
-0
-0
15.1768
-0
-0
-0
25.906
-0
-0
-0
6.2317
-0
-0
-0
-0
-0
-0
0.700502
-0
-0
-0
-0
-0
-0
9.73941
-0
-0
-0
-0
0.696298
1.4072
7.08928
11.6584
-0
-0
-0
-0
-0
-0
-0
-0
-0
16.0958
-0
-0
-0
7.12745
0.902935
0.869428
-0
-0
-0
-0
-0
-0
-0
-0
3.08081
20.184
-0
-0
-0
-0
-0
6.62592
-0
-0
-0
-0
-0
-0
3.41115
-0
9.24087
-0
-0
-0
-0
7.63991
-0
31.8168
-0
-0
-0
-0
10.4284
-0
8.7837
-0
4.09962
-0
-0
-0
-0
-0
17.4534
-0
-0
10.5895
9.05914
-0
-0
-0
-0
-0
-0
3.78409
-0
-0
-0
-0
2.9252
-0
-0
8.86284
-0
-0
-0
-0
-0
31.4858
4.54695
-0
1.48292
-0
-0
-0
6.37802
-0
-0
-0
-0
-0
3.61179
-0
4.52172
-0
-0
-0
5.11067
-0
-0
-0
-0
2.15917
-0
4.91288
-0
-0
-0
-0
4.79051
-0
-0
-0
-0
-0
11.2832
-0
-0
-0
-0
-0
-0
-0
12.0564
3.7049
-0
-0
-0
-0
-0
19.2451
0.258833
-0
10.9059
-0
4.58747
-0
-0
-0
-0
7.94274
-0
-0
-0
-0
6.36637
4.42957
-0
-0
-0
-0
-0
-0
-0
-0
14.5025
17.8017
-0
-0
-0
-0
-0
-0
4.59943
0.18871
-0
-0
-0
-0
24.2418
-0
-0
12.7703
-0
4.06407
19.9414
6.29051
0.57374
-0
-0
-0
-0
-0
-0
-0
-0
-0
-0
8.01181
-0
26.9265
-0
3.88597
-0
-0
-0
13.3371
-0
23.3427
-0
0.156557
-0
-0
1.48823
8.44912
1.94721
19.9533
-0
-0
2.5441
-0
3.02331
-0
-0
-0
-0
-0
-0
-0
9.19939
-0
-0
15.4208
19.2617
-0
0.548225
-0
-0
-0
9.59131
-0
12.3203
-0
-0
25.7342
-0
-0
-0
-0
-0
7.28949
-0
-0
11.6967
3.17728
-0
-0
-0
-0
6.76874
-0
-0
1.37318
11.3936
-0
-0
-0
-0
-0
-0
5.9012
-0
-0
-0
-0
-0
-0
3.60272
-0
-0
-0
-0
-0
-0
-0
-0
-0
-0
-0
4.13213
11.3075
-0
23.1626
-0
-0
-0
-0
-0
-0
-0
-0
23.1986
-0
-0
-0
3.60308
-0
12.0255
9.32663
-0
1.83216
-0
-0
-0
-0
4.99742
-0
-0
-0
17.3638
-0
-0
-0
21.009
-0
11.525
-0
-0
-0
-0
1.05016
-0
31.6834
-0
-0
-0
22.4925
-0
-0
-0
17.0011
5.72761
-0
-0
-0
13.2151
-0
11.1717
-0
-0
-0
6.37882
-0
30.4958
16.6056
-0
20.1796
-0
-0
-0
11.0741
-0
12.6926
-0
-0
-0
-0
-0
-0
2.65431
-0
-0
-0
-0
7.45025
-0
9.38119
-0
-0
-0
-0
-0
-0
-0
-0
9.16385
-0
-0
3.68951
-0
-0
-0
-0
18.6968
-0
3.45871
-0
17.3029
-0
-0
13.2622
-0
-0
10.4855
-0
-0
17.9535
15.0171
-0
-0
-0
-0
-0
-0
-0
-0
13.4376
-0
-0
-0
-0
14.7782
-0
-0
-0
-0
-0
-0
-0
-0
-0
-0
5.26333
-0
-0
-0
-0
-0
1.1965
-0
-0
7.06953
10.8918
-0
15.1039
-0
-0
-0
-0
-0
-0
-0
13.6941
-0
7.11558
-0
-0
-0
-0
-0
3.57692
-0
-0
-0
-0
-0
-0
-0
-0
-0
-0
-0
-0
-0
-0
-0
21.8073
18.9414
-0
-0
11.3711
-0
-0
-0
10.915
-0
-0
-0
-0
-0
-0
5.26332
-0
-0
-0
10.7061
-0
3.84329
-0
11.1094
-0
-0
-0
-0
6.96759
-0
-0
11.1184
-0
-0
-0
1.32054
12.7816
-0
-0
21.7422
-0
0.397115
-0
-0
-0
18.5578
-0
-0
-0
19.5844
-0
-0
-0
-0
-0
2.73909
15.4797
-0
6.21558
-0
-0
-0
-0
-0
0.662674
-0
-0
-0
9.47054
-0
3.38907
-0
-0
-0
-0
-0
-0
-0
14.3777
-0
-0
-0
-0
24.3548
2.24097
-0
-0
-0
-0
-0
-0
-0
-0
-0
-0
-0
-0
-0
-0
2.20417
-0
-0
-0
-0
-0
-0
0.152643
-0
23.2521
-0
-0
-0
-0
-0
-0
-0
14.2817
8.05026
-0
-0
-0
0.232497
-0
0.836871
3.22553
-0
-0
-0
-0
12.6734
-0
-0
-0
-0
38.6427
-0
-0
-0
-0
-0
-0
3.40202
7.89243
-0
8.33144
-0
5.43274
-0
-0
-0
-0
-0
-0
-0
-0
15.0309
-0
-0
5.35669
-0
9.82861
1.77089
-0
-0
-0
-0
-0
12.9406
3.87846
-0
1.1821
-0
11.2785
-0
-0
5.28961
17.2217
-0
19.221
-0
-0
-0
-0
-0
-0
-0
-0
-0
-0
1.04183
9.59133
-0
-0
-0
-0
1.42503
7.27316
-0
-0
1.96121
15.6597
-0
-0
-0
-0
-0
-0
-0
-0
-0
-0
12.7458
-0
-0
-0
-0
-0
-0
-0
-0
0.0860007
4.40476
6.73515
-0
10.2016
-0
11.4802
12.3439
2.46998
-0
15.9688
-0
4.40143
20.5509
-0
-0
-0
-0
-0
-0
26.4765
9.68348
-0
44.7922
-0
-0
1.81193
-0
-0
-0
28.2854
11.9934
-0
-0
-0
-0
-0
-0
-0
-0
24.3816
-0
-0
-0
-0
11.7364
10.5693
-0
-0
10.3525
-0
3.66072
-0
24.5273
7.62647
-0
-0
-0
-0
-0
-0
-0
-0
-0
2.69088
-0
-0
-0
-0
-0
-0
-0
-0
-0
9.63843
-0
-0
1.94819
-0
7.89636
-0
-0
13.5204
-0
-0
-0
-0
18.2732
-0
-0
3.79041
-0
-0
4.47361
-0
-0
-0
6.01111
9.64958
5.92456
0.598866
26.5052
-0
-0
-0
-0
1.64032
-0
-0
-0
-0
-0
-0
-0
-0
-0
-0
-0
0.0643839
-0
-0
-0
11.5999
-0
-0
1.54247
-0
-0
-0
-0
-0
27.3066
4.68839
-0
-0
-0
-0
-0
-0
-0
14.5309
-0
-0
-0
-0
5.08297
-0
-0
25.7008
-0
2.36817
-0
-0
-0
-0
-0
-0
-0
-0
-0
-0
-0
11.3843
-0
-0
0.997756
-0
-0
-0
-0
-0
-0
1.22059
-0
-0
-0
0.148542
37.2692
2.81599
2.68894
-0
-0
-0
10.074
-0
29.6951
-0
-0
-0
9.91461
-0
17.1353
-0
-0
-0
-0
-0
-0
-0
-0
-0
0.231743
-0
-0
0.783134
2.99681
-0
-0
-0
-0
-0
8.65988
-0
-0
-0
-0
-0
-0
-0
-0
-0
-0
2.44364
-0
16.5726
-0
8.92698
6.38109
-0
-0
-0
-0
-0
-0
-0
31.4758
-0
3.18981
1.81016
-0
-0
-0
-0
-0
-0
-0
-0
7.18817
-0
14.6693
-0
-0
5.15618
-0
-0
-0
-0
25.9915
-0
-0
-0
-0
3.2736
-0
10.6606
-0
-0
-0
-0
13.3246
-0
5.8158
-0
-0
-0
-0
-0
-0
18.1939
3.28596
-0
8.07082
6.51758
-0
25.6211
-0
-0
7.67296
-0
-0
1.64314
-0
-0
-0
-0
-0
-0
-0
13.6701
-0
-0
2.27204
-0
-0
-0
-0
-0
-0
0.440238
-0
13.3144
-0
-0
-0
19.007
0.0150673
-0
-0
-0
14.6067
7.79933
7.56872
-0
-0
9.35954
-0
-0
-0
-0
0.235537
1.5436
-0
0.526344
-0
1.6093
6.00119
20.9189
-0
-0
-0
-0
-0
-0
7.38996
-0
-0
-0
1.71625
-0
6.05437
-0
-0
-0
-0
-0
-0
-0
-0
-0
-0
-0
-0
-0
-0
-0
-0
-0
-0
-0
21.9365
16.9724
-0
0.0308544
-0
14.0155
-0
0.0278783
-0
-0
-0
-0
-0
-0
-0
-0
-0
-0
-0
-0
-0
-0
-0
14.7985
2.04648
8.61558
-0
8.57944
-0
-0
-0
-0
7.75944
-0
18.2917
2.86848
-0
-0
-0
-0
-0
-0
-0
-0
-0
-0
-0
4.60796
-0
-0
-0
2.50231
-0
3.594
11.7422
-0
4.26389
-0
-0
-0
-0
-0
-0
-0
17.6366
38.2323
-0
-0
14.5117
-0
-0
-0
9.07909
-0
32.044
21.7222
-0
24.1502
6.98294
-0
1.01625
-0
-0
-0
-0
-0
-0
-0
15.6092
-0
-0
6.10563
-0
-0
-0
-0
-0
-0
-0
-0
3.10963
-0
-0
-0
-0
-0
3.94596
-0
-0
-0
-0
-0
-0
25.0735
-0
-0
13.6281
2.97375
12.9676
-0
-0
-0
-0
-0
-0
8.56331
12.1389
27.7342
0.00305206
34.367
-0
18.8852
-0
-0
-0
-0
13.871
-0
-0
-0
-0
-0
-0
-0
-0
-0
-0
-0
-0
-0
-0
-0
-0
-0
-0
-0
3.40562
-0
-0
-0
-0
-0
-0
-0
-0
0.835022
39.6567
-0
1.25059
-0
-0
-0
14.4504
-0
-0
-0
17.0293
-0
-0
-0
22.0136
-0
-0
9.63868
17.2771
-0
21.8455
1.41845
-0
-0
-0
26.5127
-0
-0
-0
-0
-0
-0
-0
22.9416
-0
-0
-0
-0
-0
-0
-0
-0
0.00668308
-0
-0
-0
0.341668
-0
-0
-0
-0
10.4946
-0
-0
16.4347
-0
-0
3.24723
-0
-0
-0
-0
-0
-0
-0
-0
-0
-0
6.07367
-0
-0
-0
-0
-0
-0
4.36738
-0
-0
-0
5.52997
17.5801
-0
4.19257
-0
-0
24.8038
1.4468
-0
18.2391
-0
-0
6.66996
-0
-0
-0
-0
10.5439
23.6235
11.9437
-0
-0
-0
1.04586
-0
-0
-0
-0
-0
0.0998018
-0
9.45356
-0
-0
-0
-0
-0
25.0095
-0
-0
-0
-0
-0
-0
4.43728
3.25592
-0
-0
-0
-0
-0
-0
-0
-0
-0
-0
7.63102
-0
9.93842
8.29891
4.09664
9.92864
-0
-0
-0
-0
2.57794
-0
3.19
-0
12.43
-0
0.909805
5.44424
4.84627
9.93228
-0
-0
2.29951
10.6388
-0
-0
-0
-0
30.0409
-0
-0
-0
22.4273
-0
-0
-0
12.3324
-0
8.93695
-0
-0
-0
18.0535
-0
-0
-0
1.8859
9.20911
-0
-0
11.8402
-0
-0
2.79732
-0
-0
15.4028
-0
-0
-0
-0
9.32875
7.76148
-0
-0
-0
-0
-0
15.51
-0
8.30092
4.2164
-0
31.0451
21.8314
-0
-0
-0
-0
17.222
-0
17.5456
-0
-0
-0
-0
-0
1.39011
-0
-0
-0
-0
-0
-0
14.4785
-0
2.96881
-0
-0
23.2952
11.9363
0.107921
-0
-0
-0
-0
-0
-0
-0
-0
-0
15.0533
-0
-0
-0
-0
-0
-0
2.94478
-0
-0
15.1276
-0
-0
1.52079
-0
-0
-0
-0
-0
-0
-0
-0
-0
-0
20.6678
-0
-0
-0
-0
-0
-0
-0
4.22185
-0
6.55506
-0
-0
-0
-0
-0
-0
-0
-0
18.038
1.56632
-0
-0
-0
-0
-0
-0
-0
-0
-0
-0
-0
-0
-0
-0
-0
2.28778
-0
-0
-0
-0
-0
-0
-0
14.1079
7.88584
3.12405
-0
-0
2.81957
-0
-0
-0
3.00133
13.0096
-0
-0
-0
-0
-0
-0
-0
-0
-0
-0
-0
2.5436
-0
-0
-0
-0
-0
-0
-0
-0
-0
-0
12.396
-0
-0
3.10142
-0
4.88351
-0
11.2747
-0
-0
-0
-0
-0
-0
8.95469
1.38959
-0
5.75265
-0
0.952949
-0
-0
-0
-0
11.0813
-0
-0
-0
3.32546
4.43543
-0
-0
-0
-0
-0
0.500023
-0
9.45766
-0
-0
2.39875
7.14447
-0
-0
25.9149
-0
-0
6.55371
-0
-0
-0
-0
-0
-0
-0
33.0291
-0
-0
-0
-0
-0
-0
-0
-0
-0
-0
-0
27.4067
1.88007
0.845513
-0
-0
9.97834
-0
4.3059
10.1971
18.9011
-0
-0
-0
13.4823
2.31587
-0
-0
-0
16.3684
-0
-0
10.3197
-0
-0
2.34471
-0
6.46747
-0
22.9706
-0
-0
-0
5.19281
-0
-0
-0
-0
12.9776
-0
21.8384
-0
19.0692
12.008
-0
-0
1.99456
-0
8.43078
-0
-0
-0
-0
6.9487
-0
-0
5.66329
-0
-0
-0
5.54421
-0
-0
-0
-0
-0
-0
-0
-0
-0
-0
-0
16.4175
-0
-0
-0
10.6171
5.95509
-0
2.61671
-0
-0
-0
-0
-0
-0
-0
17.7673
-0
-0
-0
-0
32.755
-0
-0
-0
0.632572
-0
-0
-0
-0
-0
-0
-0
-0
-0
-0
-0
-0
0.321131
-0
-0
-0
-0
-0
2.56493
-0
-0
5.46983
-0
7.54286
-0
-0
8.70788
-0
-0
-0
28.8183
-0
-0
-0
-0
-0
20.6773
-0
-0
2.38722
-0
-0
-0
-0
3.5508
-0
19.0065
-0
-0
16.8645
-0
-0
-0
-0
-0
7.33761
7.22474
-0
27.9841
-0
-0
2.55957
-0
-0
-0
-0
8.02695
9.34031
6.24222
-0
-0
-0
-0
10.4853
9.20604
-0
-0
-0
-0
-0
-0
-0
-0
-0
7.01382
-0
-0
-0
-0
-0
2.59125
8.05259
-0
-0
0.017038
-0
-0
-0
-0
-0
5.47676
14.6425
-0
-0
-0
7.65051
-0
-0
-0
-0
-0
-0
-0
-0
-0
0.257844
1.22911
-0
-0
-0
8.03684
3.8144
-0
-0
20.9971
-0
5.05283
3.62551
0.449312
15.0885
-0
-0
5.73098
5.3948
24.2648
-0
-0
-0
20.7156
-0
-0
19.8643
0.994446
-0
12.3465
-0
-0
-0
-0
-0
-0
-0
2.17505
-0
-0
10.2838
4.50664
-0
23.5972
-0
-0
5.22145
9.48563
6.13159
-0
9.97918
-0
-0
-0
-0
-0
-0
-0
-0
-0
-0
-0
-0
-0
9.91628
29.9158
-0
-0
-0
-0
22.6425
-0
-0
17.0141
-0
-0
-0
-0
-0
-0
4.52536
-0
-0
-0
-0
-0
-0
-0
-0
6.59708
-0
-0
-0
-0
-0
-0
-0
1.4754
-0
-0
-0
-0
-0
-0
-0
-0
-0
-0
-0
-0
-0
-0
-0
-0
-0
-0
-0
30.8177
-0
-0
-0
-0
22.8431
-0
-0
-0
-0
-0
-0
-0
-0
-0
-0
-0
-0
-0
-0
2.63351
18.2036
-0
-0
-0
-0
-0
-0
3.93021
16.1694
-0
-0
-0
-0
6.34307
-0
-0
-0
-0
3.37326
-0
-0
-0
-0
-0
-0
-0
-0
-0
-0
-0
-0
-0
-0
2.44621
-0
-0
0.963248
3.98622
-0
-0
-0
-0
-0
-0
-0
-0
-0
-0
-0
6.38854
-0
-0
-0
-0
-0
-0
-0
-0
-0
1.56256
-0
-0
-0
-0
-0
-0
10.8921
-0
-0
-0
11.7876
-0
-0
-0
-0
-0
-0
-0
-0
-0
-0
15.6245
30.9779
-0
-0
6.58118
4.29514
3.21146
-0
4.4867
-0
26.0465
18.9565
46.0852
-0
-0
-0
-0
-0
-0
-0
-0
-0
-0
-0
6.79836
-0
8.65677
-0
5.59184
-0
-0
7.41742
3.84476
-0
-0
15.2512
7.78447
-0
-0
-0
4.10396
-0
-0
-0
-0
-0
4.04357
-0
-0
-0
-0
6.63776
-0
-0
-0
-0
-0
-0
-0
-0
-0
13.2783
-0
-0
-0
-0
-0
3.5939
-0
-0
-0
-0
-0
-0
-0
-0
-0
0.280648
-0
12.9272
11.3945
1.81837
-0
-0
-0
-0
-0
2.50729
-0
-0
-0
-0
-0
29.6345
-0
-0
-0
-0
26.7958
-0
10.0076
-0
-0
-0
-0
-0
-0
12.205
-0
-0
-0
1.67261
16.2322
15.7464
-0
10.6751
-0
-0
-0
-0
-0
14.8399
-0
-0
-0
-0
6.704
-0
-0
0.914403
-0
-0
-0
-0
-0
-0
-0
-0
-0
-0
-0
-0
8.08766
-0
12.5276
27.332
-0
-0
12.2722
-0
-0
-0
-0
-0
0.0866233
-0
-0
-0
-0
-0
-0
-0
-0
-0
35.1069
-0
-0
-0
-0
-0
-0
-0
-0
-0
7.37411
-0
19.0662
-0
-0
-0
-0
-0
-0
-0
-0
-0
-0
-0
0.269715
5.68158
-0
13.9773
-0
7.85361
-0
-0
-0
14.552
-0
-0
2.31445
-0
-0
0.390153
-0
1.43815
-0
-0
-0
-0
-0
-0
-0
-0
7.97008
-0
-0
-0
2.41645
0.390269
-0
12.9607
-0
-0
12.9024
-0
3.82058
18.6968
2.07443
-0
-0
-0
-0
-0
5.40803
-0
-0
-0
-0
-0
-0
-0
-0
-0
-0
4.49791
-0
10.1113
-0
-0
-0
-0
-0
-0
-0
6.84818
-0
3.5275
15.113
-0
-0
-0
-0
10.0831
-0
-0
20.3122
-0
-0
-0
-0
5.1581
19.9373
15.167
-0
-0
-0
-0
-0
-0
-0
-0
1.5461
-0
-0
-0
5.35757
-0
-0
-0
-0
-0
6.66811
-0
-0
5.64844
4.63983
-0
13.2064
-0
-0
-0
21.0458
-0
-0
-0
-0
0.334806
-0
-0
-0
-0
7.78027
-0
-0
0.441883
-0
-0
-0
-0
-0
-0
-0
-0
-0
-0
8.04154
7.33605
17.155
-0
23.8786
-0
-0
-0
2.36671
-0
-0
-0
-0
-0
8.46322
6.64485
-0
-0
11.875
-0
-0
-0
-0
8.39849
-0
-0
-0
-0
-0
4.19461
-0
-0
-0
-0
-0
1.53249
-0
14.2027
-0
35.7703
3.08232
-0
-0
-0
-0
-0
29.5675
-0
-0
-0
-0
-0
-0
0.0557386
-0
0.833154
7.15093
-0
-0
-0
-0
13.4986
-0
-0
-0
17.2713
-0
-0
-0
-0
-0
34.4828
2.58874
2.1986
-0
-0
11.9485
6.85827
-0
-0
-0
-0
-0
20.0493
-0
-0
-0
-0
-0
-0
3.38369
-0
-0
-0
-0
9.54925
-0
5.32373
-0
3.84209
-0
-0
12.7971
-0
4.03871
-0
-0
-0
-0
-0
-0
-0
-0
-0
0.259716
-0
-0
-0
-0
-0
-0
-0
-0
-0
19.8739
11.8468
-0
-0
5.86808
-0
-0
-0
-0
19.8821
-0
13.8946
11.0684
-0
-0
-0
1.42227
-0
-0
-0
4.12344
-0
2.67535
6.35618
-0
-0
-0
-0
5.94784
5.70917
-0
-0
-0
-0
-0
-0
-0
10.8805
-0
-0
-0
-0
-0
-0
-0
-0
17.3196
0.936324
3.75947
-0
17.2255
-0
-0
-0
0.451874
-0
21.6759
-0
-0
-0
-0
-0
-0
-0
-0
5.76559
5.12372
-0
-0
-0
12.0777
-0
5.52308
-0
-0
0.327858
-0
-0
-0
0.793092
-0
-0
-0
-0
1.17891
11.1001
-0
-0
-0
13.4412
-0
-0
2.59781
-0
-0
-0
-0
1.38459
-0
7.37135
-0
-0
-0
-0
-0
-0
-0
4.50705
10.6998
-0
-0
-0
-0
-0
3.88932
10.0787
-0
-0
8.00604
-0
-0
-0
-0
-0
-0
9.617
-0
-0
15.0643
-0
-0
5.58379
-0
-0
-0
17.3493
-0
-0
-0
-0
6.36808
-0
-0
2.68082
-0
17.1854
46.3265
9.43527
-0
2.97452
-0
-0
-0
5.91727
-0
-0
-0
-0
12.7076
-0
-0
-0
1.64533
-0
-0
-0
-0
-0
-0
-0
-0
-0
-0
-0
-0
-0
-0
-0
-0
-0
-0
-0
-0
-0
-0
18.1668
-0
-0
-0
-0
-0
-0
5.35688
-0
3.80501
-0
-0
-0
-0
28.5743
15.0189
-0
-0
-0
-0
-0
-0
-0
-0
-0
-0
-0
-0
-0
-0
-0
-0
-0
-0
-0
14.6201
-0
6.23891
-0
-0
11.692
-0
2.47341
-0
-0
-0
-0
-0
13.5082
-0
16.0479
-0
-0
14.5457
0.412514
-0
0.292266
-0
-0
-0
-0
8.08193
-0
-0
-0
-0
19.9189
-0
-0
-0
13.7743
-0
-0
-0
-0
-0
-0
-0
-0
-0
8.92996
9.38188
-0
-0
-0
-0
23.498
-0
16.948
-0
-0
-0
-0
-0
-0
14.6573
-0
-0
-0
-0
-0
-0
-0
12.9704
-0
-0
-0
4.28722
-0
-0
6.48147
-0
-0
-0
-0
-0
-0
-0
-0
-0
-0
-0
-0
-0
-0
-0
-0
-0
-0
10.298
19.318
-0
16.6556
-0
-0
36.202
-0
9.32286
-0
-0
-0
-0
8.65946
-0
0.68458
-0
-0
-0
-0
-0
-0
11.5532
-0
-0
-0
-0
17.2022
-0
-0
-0
-0
-0
8.14633
-0
-0
-0
-0
14.1901
-0
-0
6.08635
-0
-0
-0
-0
-0
-0
-0
-0
-0
7.25548
-0
-0
-0
-0
-0
4.57159
-0
-0
-0
-0
9.79486
-0
-0
7.55331
-0
-0
2.62857
-0
-0
3.2147
7.56258
-0
-0
38.0968
5.64566
-0
-0
-0
-0
-0
6.95164
-0
0.0155343
0.210483
-0
22.3779
-0
-0
15.908
-0
6.30704
-0
4.07591
-0
1.24164
10.6886
-0
-0
-0
-0
-0
-0
-0
-0
-0
-0
-0
-0
-0
-0
-0
13.6453
-0
-0
-0
-0
6.1222
15.2374
6.02858
9.70654
-0
-0
14.8829
-0
-0
-0
-0
-0
-0
-0
-0
1.84335
-0
-0
-0
-0
-0
-0
21.3579
-0
-0
-0
-0
-0
-0
-0
-0
-0
1.17826
-0
-0
-0
-0
-0
2.87718
11.6779
-0
-0
7.24772
-0
17.0406
-0
-0
-0
-0
-0
-0
-0
-0
-0
19.232
-0
-0
-0
-0
-0
-0
-0
-0
-0
-0
19.9756
-0
4.01031
-0
3.72908
29.0405
-0
-0
-0
-0
-0
-0
-0
-0
-0
-0
1.73087
-0
-0
-0
-0
-0
14.7636
-0
8.37027
9.81887
2.5398
-0
-0
34.2098
-0
8.34701
-0
-0
-0
-0
-0
-0
-0
-0
-0
-0
-0
-0
2.12913
-0
-0
-0
-0
11.2706
-0
-0
-0
-0
-0
-0
12.913
35.5911
8.11357
20.1538
5.67117
-0
3.3348
-0
-0
-0
22.9903
-0
-0
-0
-0
10.7354
12.4401
-0
-0
