-0
-0
-0
-0
-0
45.0492
-0
-0
-0
9.06296
39.4719
-0
-0
-0
-0
21.0821
-0
-0
-0
-0
-0
15.1563
-0
-0
19.2623
-0
-0
-0
-0
-0
-0
-0
-0
-0
1.33692
-0
-0
-0
-0
-0
8.82078
-0
-0
-0
-0
-0
-0
2.34534
-0
5.14423
-0
-0
0.124543
-0
0.0305065
-0
-0
-0
-0
-0
-0
-0
-0
18.7746
-0
-0
-0
11.9866
-0
-0
-0
28.1089
-0
-0
-0
-0
48.3396
-0
-0
5.33549
-0
-0
-0
-0
-0
-0
-0
-0
-0
-0
0.314189
-0
-0
-0
2.23537
-0
4.73033
-0
-0
-0
-0
-0
-0
7.08684
-0
-0
7.75361
-0
-0
-0
-0
14.428
-0
-0
-0
10.3039
14.365
-0
56.6756
40.4971
-0
-0
-0
-0
-0
-0
-0
44.3337
-0
-0
46.234
-0
60.1556
-0
-0
-0
10.9835
13.4805
4.99764
-0
-0
-0
12.1491
-0
-0
-0
-0
-0
-0
-0
-0
-0
-0
-0
-0
-0
-0
-0
-0
1.50567
5.51041
1.00329
-0
-0
37.7705
-0
9.98549
15.0211
-0
15.6652
-0
12.9061
-0
-0
-0
-0
-0
-0
-0
-0
-0
-0
-0
34.0189
-0
-0
-0
-0
-0
-0
7.95016
22.0983
24.7045
14.9627
-0
-0
-0
31.8867
-0
-0
-0
25.1734
34.5083
-0
-0
-0
58.4355
2.72705
-0
-0
-0
-0
25.9629
-0
-0
17.6817
35.5196
-0
2.94922
-0
22.5563
-0
-0
-0
-0
-0
-0
60.2068
-0
-0
-0
-0
-0
-0
-0
-0
-0
-0
-0
-0
22.1606
-0
-0
-0
-0
-0
-0
-0
-0
-0
-0
-0
-0
-0
19.0075
-0
-0
11.6796
-0
-0
-0
-0
20.3835
17.0061
-0
-0
-0
-0
-0
-0
-0
23.0264
-0
18.5247
-0
-0
-0
-0
-0
-0
11.1591
8.66893
-0
17.7438
-0
-0
26.5834
2.98517
-0
-0
-0
-0
7.36331
-0
14.8388
-0
-0
-0
18.4083
57.2758
-0
-0
-0
-0
15.676
16.4876
-0
-0
16.3052
-0
-0
-0
-0
-0
23.352
0.547733
-0
-0
-0
0.418495
-0
-0
3.19476
11.6729
4.52581
-0
-0
-0
-0
7.39152
-0
-0
-0
-0
-0
-0
-0
4.6133
45.7885
5.98786
-0
-0
-0
45.2642
27.7138
-0
-0
-0
-0
-0
-0
-0
0.348117
-0
1.99133
-0
-0
-0
-0
-0
-0
-0
-0
5.18745
2.97076
2.37967
-0
-0
-0
-0
-0
20.6238
-0
-0
-0
1.20854
18.8448
25.0039
-0
-0
-0
-0
24.0177
-0
-0
-0
-0
-0
-0
-0
-0
-0
-0
-0
-0
7.61472
-0
-0
-0
-0
6.14589
-0
-0
-0
9.36358
-0
-0
17.9384
-0
-0
-0
0.857369
-0
-0
39.3486
-0
-0
5.81033
-0
-0
23.123
-0
-0
-0
-0
7.88581
-0
3.18781
32.8299
47.5834
-0
19.6715
-0
-0
-0
-0
22.4051
-0
-0
-0
-0
-0
-0
-0
-0
0.297892
-0
-0
-0
-0
29.7706
-0
-0
-0
-0
15.3591
-0
6.0764
-0
-0
-0
-0
2.96051
-0
-0
-0
-0
-0
-0
-0
-0
-0
-0
-0
-0
-0
-0
-0
-0
-0
-0
-0
-0
-0
-0
-0
-0
-0
-0
-0
35.9863
-0
-0
-0
-0
-0
-0
-0
-0
-0
-0
-0
6.66558
1.90751
-0
-0
-0
-0
-0
-0
-0
-0
12.5721
-0
-0
-0
-0
-0
3.65112
-0
13.5818
-0
1.3913
-0
-0
-0
-0
-0
-0
-0
-0
-0
-0
-0
14.0342
-0
-0
-0
3.74691
-0
-0
-0
-0
-0
-0
16.5071
-0
-0
8.68184
-0
-0
-0
-0
-0
37.0098
4.52369
-0
-0
-0
-0
-0
-0
0.926069
-0
0.995023
-0
-0
-0
-0
16.5215
-0
-0
-0
12.5758
12.1333
-0
-0
-0
21.3678
-0
-0
-0
-0
15.2907
-0
-0
-0
-0
-0
23.1877
-0
-0
-0
-0
-0
-0
-0
23.2748
22.7056
-0
-0
-0
-0
-0
-0
-0
-0
8.79819
15.2594
9.59019
-0
-0
27.6131
-0
-0
-0
32.1714
28.0582
-0
-0
-0
-0
-0
25.5156
-0
-0
-0
-0
-0
-0
-0
34.3811
-0
-0
-0
-0
-0
-0
8.79008
1.13569
-0
-0
-0
-0
8.64264
-0
-0
-0
-0
-0
-0
-0
15.4586
-0
23.3193
-0
-0
-0
-0
-0
-0
-0
3.91042
5.08256
-0
2.34532
20.8086
-0
-0
-0
-0
-0
-0
-0
16.6378
12.2487
-0
-0
0.308862
42.9277
-0
11.6989
-0
17.0938
-0
47.4393
-0
-0
-0
-0
-0
-0
33.3729
-0
-0
-0
-0
-0
-0
-0
22.2769
-0
-0
0.754623
21.3977
-0
-0
-0
-0
-0
-0
-0
-0
-0
-0
-0
-0
-0
-0
-0
21.8815
-0
10.1209
1.54914
-0
-0
-0
-0
23.4929
-0
-0
6.99364
-0
2.55332
2.19839
10.8814
-0
-0
-0
-0
-0
16.717
25.1858
-0
-0
-0
-0
-0
-0
3.23278
-0
-0
-0
-0
-0
-0
11.9979
-0
9.57954
-0
-0
-0
-0
8.74874
2.43517
8.92909
5.75176
21.392
27.8727
-0
-0
-0
-0
-0
17.7796
-0
-0
-0
-0
11.6151
-0
4.85569
-0
-0
-0
-0
-0
37.1338
-0
-0
-0
-0
12.1096
-0
25.6502
-0
10.3126
-0
-0
-0
-0
-0
-0
-0
27.3702
3.04433
-0
16.9538
62.9792
-0
-0
-0
-0
-0
-0
34.0434
-0
16.2314
-0
-0
-0
-0
8.33703
-0
-0
-0
-0
2.99989
15.0044
5.85758
-0
-0
-0
-0
-0
-0
-0
12.2084
-0
0.670484
1.91489
-0
-0
-0
-0
18.51
-0
-0
-0
3.79064
-0
-0
10.1491
16.9193
-0
-0
37.8199
-0
-0
18.0798
-0
2.50122
-0
6.46574
-0
-0
6.73647
-0
-0
-0
-0
-0
-0
27.0112
-0
16.7358
15.5737
-0
-0
-0
0.590039
6.90905
-0
-0
-0
-0
7.8575
-0
28.2682
-0
-0
-0
-0
32.9036
-0
12.307
10.5572
-0
-0
21.5823
13.0647
-0
-0
3.50781
40.2418
-0
-0
-0
-0
-0
-0
15.125
-0
-0
-0
-0
24.3557
31.1564
-0
-0
10.2055
-0
-0
-0
0.0487576
-0
-0
-0
-0
-0
-0
19.8156
34.4014
13.9298
-0
-0
-0
1.15755
-0
21.5132
66.0134
-0
-0
-0
-0
-0
-0
10.8613
-0
-0
-0
-0
-0
-0
-0
-0
16.2069
-0
-0
-0
-0
-0
-0
-0
-0
30.7866
-0
-0
-0
10.2488
-0
-0
-0
12.702
-0
-0
-0
-0
-0
-0
-0
-0
-0
-0
-0
-0
-0
-0
-0
-0
-0
6.74594
-0
-0
6.50625
8.79285
25.765
-0
-0
8.96394
-0
-0
-0
-0
-0
-0
-0
0.887477
-0
-0
-0
-0
-0
-0
-0
-0
-0
-0
-0
-0
-0
-0
-0
6.53316
22.6425
-0
-0
-0
-0
25.3939
-0
-0
5.5794
-0
-0
-0
-0
-0
-0
25.5621
62.0621
-0
-0
-0
11.0207
-0
-0
-0
-0
-0
-0
12.9184
7.82269
19.1723
-0
-0
36.5903
-0
-0
-0
-0
-0
24.1238
2.04679
-0
-0
-0
-0
-0
-0
-0
-0
-0
1.3267
-0
0.477888
-0
-0
30.8141
-0
-0
10.8165
-0
-0
-0
-0
-0
11.4617
-0
-0
-0
-0
-0
-0
3.05669
-0
-0
-0
-0
1.92149
-0
-0
-0
-0
-0
-0
-0
-0
-0
-0
15.4895
-0
-0
9.60986
-0
-0
-0
-0
27.24
-0
-0
4.97165
-0
-0
-0
-0
-0
-0
-0
-0
-0
5.98903
9.19704
9.01616
-0
-0
-0
-0
-0
-0
0.852862
-0
10.6177
-0
0.890117
-0
-0
-0
-0
17.2626
-0
-0
-0
-0
-0
7.15699
-0
-0
-0
0.0602874
-0
6.47069
-0
-0
6.35719
50.3103
-0
-0
-0
-0
-0
-0
-0
-0
-0
-0
36.6729
13.9658
-0
-0
-0
9.77174
-0
29.3365
-0
-0
-0
-0
-0
-0
-0
-0
-0
-0
-0
-0
-0
10.2587
-0
-0
-0
-0
-0
12.3626
-0
20.8115
-0
-0
-0
-0
-0
-0
-0
-0
-0
14.8715
-0
-0
-0
-0
-0
-0
-0
-0
-0
-0
-0
0.427176
23.9463
-0
-0
37.772
6.66351
-0
-0
-0
11.8963
-0
10.6949
-0
-0
-0
-0
-0
-0
-0
-0
33.976
-0
-0
-0
-0
-0
-0
3.15125
-0
-0
-0
7.2286
-0
35.4392
67.4298
18.0111
1.07258
-0
-0
-0
-0
-0
46.2704
-0
-0
-0
-0
-0
-0
-0
-0
-0
-0
-0
13.2552
6.46513
-0
-0
-0
5.0541
-0
10.2849
23.14
1.31786
-0
39.0589
40.412
-0
-0
-0
-0
22.2221
-0
-0
17.6941
-0
-0
-0
-0
10.0356
-0
-0
1.75833
-0
-0
-0
-0
17.2238
32.7826
-0
-0
46.9264
-0
-0
-0
8.29792
-0
16.5094
-0
-0
6.83114
-0
6.64888
-0
5.44836
-0
-0
5.16588
-0
-0
-0
-0
-0
-0
-0
3.9735
-0
-0
-0
21.5687
57.1548
-0
-0
8.51482
-0
28.2006
-0
-0
-0
-0
-0
-0
-0
-0
16.7056
-0
26.9613
-0
-0
-0
-0
-0
-0
-0
-0
-0
8.84069
-0
36.3176
-0
-0
-0
-0
-0
-0
30.3728
-0
-0
-0
-0
-0
-0
-0
-0
-0
-0
-0
21.1062
-0
-0
-0
-0
13.191
-0
-0
-0
-0
-0
-0
4.61774
-0
6.78893
-0
-0
-0
-0
-0
17.1658
-0
-0
-0
-0
-0
21.9489
-0
-0
-0
-0
-0
-0
-0
19.5347
-0
-0
-0
9.40031
-0
-0
7.1949
-0
1.24324
10.6186
-0
42.8642
20.7043
-0
24.2386
-0
-0
-0
-0
10.3789
-0
-0
-0
-0
6.15682
-0
-0
4.44046
-0
-0
0.979438
-0
3.42084
-0
-0
-0
-0
-0
-0
-0
-0
-0
-0
-0
-0
-0
28.6134
-0
-0
-0
17.9448
-0
-0
-0
-0
-0
-0
-0
-0
-0
-0
-0
-0
-0
-0
-0
12.1725
-0
-0
-0
-0
-0
-0
-0
2.21218
-0
-0
-0
-0
-0
-0
0.92779
-0
-0
-0
29.9542
-0
0.0271529
-0
-0
-0
-0
0.175895
3.20822
-0
12.7261
0.461323
-0
-0
-0
-0
1.61074
-0
-0
-0
29.4196
-0
-0
-0
-0
-0
-0
-0
-0
39.7135
-0
-0
-0
-0
-0
-0
-0
-0
-0
-0
-0
-0
-0
6.41904
28.0673
-0
-0
-0
-0
-0
-0
-0
7.50021
-0
-0
-0
-0
-0
-0
-0
16.7975
14.7722
-0
-0
-0
-0
-0
-0
-0
-0
-0
-0
4.36487
-0
18.7572
-0
-0
-0
-0
-0
-0
-0
13.465
-0
-0
-0
-0
-0
-0
-0
-0
-0
-0
-0
-0
-0
-0
-0
-0
-0
-0
-0
-0
9.80179
-0
17.0706
-0
3.1857
3.81827
-0
-0
-0
-0
-0
-0
-0
2.53651
-0
-0
-0
-0
-0
18.1743
-0
-0
58.7533
-0
-0
-0
-0
37.018
4.12399
-0
-0
-0
28.3884
21.8961
33.94
-0
33.0477
-0
1.19291
-0
-0
-0
1.89001
-0
-0
-0
-0
-0
-0
-0
-0
0.343014
-0
23.0073
-0
-0
-0
-0
7.3076
-0
-0
-0
-0
-0
-0
-0
-0
-0
-0
23.3597
-0
-0
-0
-0
-0
25.6498
-0
-0
-0
28.6555
-0
-0
1.42454
-0
1.11714
13.8138
7.99784
-0
33.5256
-0
-0
44.9427
-0
-0
-0
21.89
-0
-0
31.8393
13.3303
-0
-0
-0
-0
-0
-0
-0
-0
17.2515
-0
-0
-0
-0
-0
-0
-0
-0
-0
-0
-0
48.2905
-0
-0
14.4502
19.134
-0
-0
3.42364
-0
-0
-0
-0
20.5467
-0
-0
2.5789
-0
-0
-0
-0
-0
7.30561
-0
32.2803
-0
-0
-0
-0
-0
13.1079
-0
-0
-0
-0
-0
-0
-0
16.1963
-0
-0
3.42588
-0
-0
-0
-0
48.1649
-0
-0
-0
0.57104
-0
-0
0.355043
-0
-0
-0
8.80838
-0
-0
6.53406
23.7799
-0
-0
-0
-0
-0
-0
-0
-0
-0
-0
-0
20.7328
-0
-0
24.031
20.4835
-0
-0
-0
-0
-0
-0
-0
-0
-0
-0
-0
-0
36.4015
-0
-0
-0
-0
-0
-0
-0
-0
-0
-0
21.3946
-0
-0
-0
-0
-0
-0
-0
-0
-0
-0
-0
-0
-0
-0
-0
-0
-0
-0
-0
-0
-0
-0
-0
-0
-0
-0
-0
-0
8.55551
0.844466
-0
-0
-0
-0
-0
-0
8.97896
-0
-0
-0
8.96698
-0
5.04111
19.8141
-0
-0
7.23432
-0
11.6008
0.251821
-0
-0
-0
-0
-0
-0
-0
-0
-0
-0
-0
-0
-0
-0
-0
-0
-0
-0
24.8616
-0
-0
-0
-0
21.3744
-0
40.8005
-0
-0
-0
4.16253
-0
-0
-0
40.1324
-0
-0
-0
14.4952
-0
6.06174
19.4425
-0
-0
12.2367
7.53104
2.46448
-0
-0
-0
-0
-0
-0
-0
-0
10.3288
-0
-0
-0
-0
0.393186
5.3881
-0
-0
-0
41.1948
4.87514
-0
-0
-0
-0
-0
20.9429
-0
-0
-0
-0
25.9526
12.8342
10.2456
-0
-0
-0
35.0778
10.2663
-0
13.5064
-0
-0
-0
21.265
-0
-0
44.6341
-0
-0
-0
-0
-0
3.42862
-0
-0
-0
-0
13.6928
-0
19.0822
-0
-0
-0
39.1679
4.14673
-0
-0
4.12752
-0
3.2027
-0
24.8064
11.3532
-0
-0
-0
0.711951
-0
-0
-0
-0
-0
-0
30.9943
-0
-0
-0
19.0265
2.82998
-0
7.07337
-0
-0
4.40015
-0
2.69763
9.51507
-0
45.6577
-0
-0
-0
9.37146
-0
14.9194
3.84057
6.35291
-0
-0
-0
-0
-0
-0
-0
-0
-0
-0
-0
-0
-0
10.9078
-0
9.37331
-0
-0
-0
-0
-0
-0
-0
7.99224
-0
-0
-0
-0
24.4091
38.0775
-0
-0
-0
-0
-0
-0
-0
-0
-0
-0
-0
-0
-0
-0
-0
-0
29.4666
-0
-0
-0
26.3029
-0
-0
-0
-0
-0
-0
-0
-0
-0
-0
-0
-0
-0
-0
-0
-0
-0
13.301
-0
-0
-0
-0
-0
-0
-0
7.74349
-0
-0
56.8913
-0
-0
-0
-0
-0
19.7976
15.6162
-0
12.9609
11.3186
9.91338
-0
-0
5.22801
1.49667
-0
-0
18.322
18.0947
-0
17.6894
11.2128
-0
-0
20.6424
-0
-0
-0
-0
-0
-0
-0
3.1003
-0
-0
-0
-0
-0
-0
-0
-0
-0
-0
14.343
-0
-0
-0
-0
-0
9.21136
18.1716
-0
-0
-0
-0
-0
1.2815
-0
5.89775
38.5169
-0
-0
-0
-0
-0
-0
-0
-0
12.03
11.6157
20.5605
-0
41.5815
14.6686
-0
-0
-0
-0
-0
1.71228
-0
-0
-0
-0
0.0109146
-0
-0
-0
-0
-0
-0
-0
10.1949
-0
-0
-0
-0
-0
-0
28.2107
-0
-0
-0
-0
-0
-0
-0
-0
-0
6.88689
-0
-0
-0
-0
-0
22.3994
-0
-0
-0
13.2479
-0
-0
-0
-0
-0
-0
-0
-0
-0
30.2653
21.7212
-0
-0
-0
3.09595
-0
-0
28.207
2.16376
-0
-0
-0
32.0773
-0
-0
-0
-0
-0
-0
-0
-0
-0
-0
-0
-0
-0
-0
-0
-0
-0
-0
-0
-0
13.2036
-0
-0
-0
-0
-0
-0
-0
8.45388
-0
-0
-0
-0
3.02033
-0
-0
-0
-0
-0
-0
-0
12.4225
-0
21.8534
-0
12.4796
-0
3.37011
5.76817
12.8434
-0
-0
-0
-0
25.1745
-0
7.78965
-0
-0
-0
-0
-0
-0
25.1316
-0
-0
-0
9.09204
-0
14.5877
-0
-0
-0
-0
29.2876
-0
1.48967
-0
-0
-0
-0
-0
16.7317
18.4779
-0
-0
-0
-0
9.26341
-0
29.9422
-0
0.0237453
-0
-0
-0
-0
-0
-0
-0
-0
-0
-0
2.67991
-0
-0
9.88308
-0
-0
-0
-0
-0
-0
-0
-0
-0
-0
-0
22.0164
44.1209
-0
-0
-0
1.44473
-0
-0
13.2448
43.6785
-0
36.1225
-0
-0
11.1761
-0
-0
-0
-0
25.9178
-0
-0
-0
-0
-0
12.8349
-0
-0
-0
3.08246
18.7256
-0
-0
0.0218309
1.61213
-0
-0
-0
-0
-0
-0
-0
-0
-0
37.4232
-0
-0
-0
1.56785
3.93315
-0
-0
-0
51.2104
-0
-0
-0
-0
-0
-0
-0
-0
-0
-0
5.16362
37.2733
-0
-0
-0
-0
-0
-0
-0
-0
-0
-0
-0
-0
5.15066
-0
-0
-0
-0
50.963
6.66889
-0
-0
-0
-0
-0
-0
-0
6.4724
25.6575
-0
-0
-0
-0
-0
-0
-0
4.96178
-0
-0
-0
-0
-0
26.4074
-0
-0
-0
-0
-0
-0
-0
16.9028
25.6379
-0
38.7912
-0
-0
-0
-0
-0
-0
-0
1.64201
38.7693
-0
1.15542
-0
-0
-0
-0
-0
-0
-0
-0
0.783719
-0
-0
-0
27.2661
12.9868
-0
-0
-0
-0
3.48683
-0
-0
-0
-0
-0
-0
-0
7.22669
-0
-0
7.0338
12.1211
-0
10.9375
-0
1.30699
-0
39.9637
-0
-0
-0
-0
15.9034
-0
-0
9.29118
-0
-0
-0
-0
-0
19.8349
-0
10.9898
-0
9.00025
-0
-0
-0
-0
-0
17.422
-0
-0
-0
-0
-0
-0
12.7793
21.4475
-0
6.46487
-0
-0
5.89154
-0
-0
1.41215
-0
-0
-0
-0
-0
-0
-0
44.4969
4.29855
-0
-0
-0
7.36039
3.00854
22.6467
-0
-0
-0
-0
-0
-0
-0
-0
3.90638
-0
20.3692
-0
-0
0.85104
-0
-0
-0
-0
-0
-0
44.889
-0
-0
-0
-0
-0
-0
-0
-0
-0
-0
-0
-0
-0
4.36102
-0
-0
-0
22.8813
-0
9.69787
-0
-0
-0
3.73223
-0
-0
-0
-0
39.4968
-0
-0
-0
24.648
10.497
-0
-0
-0
39.584
-0
-0
7.19651
-0
-0
31.9392
-0
56.5414
-0
15.6798
-0
-0
17.2717
80.1287
-0
-0
-0
-0
-0
-0
8.32794
-0
3.78042
5.88351
-0
-0
6.22608
-0
-0
-0
-0
-0
-0
9.9042
-0
-0
-0
-0
-0
-0
6.74175
-0
-0
10.0862
-0
-0
-0
-0
-0
-0
-0
32.2096
-0
-0
-0
-0
-0
-0
1.34644
-0
-0
-0
-0
-0
-0
-0
-0
-0
-0
-0
-0
2.79216
-0
-0
-0
-0
-0
-0
-0
-0
-0
-0
-0
-0
-0
-0
-0
14.2173
-0
-0
-0
0.00188295
-0
-0
26.4773
-0
-0
-0
-0
-0
-0
-0
3.15633
-0
2.82447
20.6699
15.0225
-0
4.33117
-0
-0
-0
-0
12.1514
-0
-0
-0
-0
-0
-0
-0
-0
-0
-0
-0
-0
32.8838
1.88462
-0
-0
-0
-0
0.739179
-0
-0
-0
15.1059
-0
-0
15.828
-0
11.9788
-0
-0
25.9045
-0
-0
-0
-0
-0
18.3702
37.8666
-0
-0
-0
-0
-0
-0
-0
-0
-0
-0
-0
-0
-0
-0
-0
-0
13.3031
-0
-0
-0
-0
18.4426
13.3352
-0
-0
-0
-0
-0
10.0868
-0
-0
3.58967
-0
-0
2.55233
-0
-0
-0
8.63895
-0
26.4631
43.7614
-0
-0
-0
2.15533
-0
-0
-0
1.31202
-0
15.4417
-0
0.16616
-0
-0
-0
-0
21.5074
22.4881
-0
-0
17.3251
30.4916
-0
-0
41.0826
0.319746
-0
48.5212
-0
-0
-0
-0
-0
-0
1.88963
-0
0.0808487
-0
16.5946
-0
-0
17.2152
-0
-0
-0
-0
-0
-0
6.8566
-0
-0
-0
-0
-0
-0
-0
-0
1.32207
-0
-0
-0
1.84593
-0
-0
-0
-0
7.35089
3.37928
9.68706
-0
17.9802
-0
-0
-0
-0
-0
-0
-0
4.65395
-0
-0
11.9176
-0
-0
-0
-0
4.77486
-0
-0
-0
-0
-0
-0
-0
-0
-0
23.7042
-0
-0
-0
-0
4.88365
-0
-0
-0
-0
-0
14.5081
-0
-0
-0
11.401
-0
-0
-0
19.5082
-0
-0
-0
39.8262
29.7247
-0
-0
-0
3.26582
-0
-0
5.56513
-0
-0
15.9899
-0
-0
18.9765
-0
-0
9.00011
-0
10.5025
-0
-0
-0
-0
2.18591
25.1658
8.66767
-0
-0
-0
37.1271
9.79798
-0
3.73748
8.14854
3.40307
-0
25.875
-0
-0
-0
-0
-0
-0
-0
-0
34.1092
-0
-0
-0
37.6087
-0
-0
0.965438
-0
-0
-0
0.00416905
-0
-0
-0
-0
17.1111
-0
-0
-0
51.5534
-0
-0
-0
-0
-0
-0
-0
-0
-0
-0
-0
-0
-0
-0
12.9655
-0
6.09777
-0
-0
25.7314
30.9942
-0
-0
-0
-0
-0
25.0916
-0
-0
-0
-0
-0
32.3601
-0
-0
-0
-0
-0
16.2736
9.65125
-0
-0
48.4644
17.7057
5.27999
10.554
-0
-0
-0
-0
-0
-0
-0
-0
-0
6.70008
9.28883
13.2905
-0
38.7631
-0
9.58654
-0
-0
-0
3.7533
-0
-0
-0
-0
-0
-0
-0
-0
2.72036
-0
-0
-0
-0
-0
4.39867
-0
-0
-0
11.9017
-0
-0
-0
-0
4.64935
57.2258
-0
5.71656
-0
-0
-0
-0
-0
5.22437
-0
-0
-0
-0
-0
-0
-0
-0
-0
8.04442
-0
-0
-0
-0
-0
-0
22.1177
-0
-0
10.9122
-0
0.977957
-0
-0
-0
-0
-0
-0
0.483128
-0
3.76369
-0
-0
-0
-0
-0
-0
-0
-0
-0
-0
-0
-0
12.6993
-0
-0
35.146
-0
-0
-0
-0
4.7966
-0
-0
-0
-0
-0
-0
33.8895
-0
-0
-0
-0
-0
-0
-0
0.649991
-0
-0
-0
-0
27.2132
-0
-0
30.6338
-0
4.01058
38.1238
2.5268
-0
14.6583
-0
-0
-0
-0
-0
1.65142
-0
3.26339
-0
10.4609
-0
-0
-0
-0
-0
25.3179
-0
-0
-0
-0
-0
27.0287
-0
-0
-0
-0
5.23929
-0
-0
-0
-0
-0
-0
-0
-0
-0
8.65202
-0
-0
15.759
2.97604
-0
-0
-0
-0
-0
-0
-0
-0
-0
-0
22.1583
-0
-0
-0
-0
-0
-0
32.1987
-0
-0
-0
-0
8.77418
-0
43.3641
-0
4.72026
15.2517
-0
-0
-0
-0
-0
-0
8.89042
49.9041
-0
30.5073
-0
-0
-0
25.6584
-0
-0
-0
-0
-0
-0
-0
-0
13.7428
-0
-0
-0
-0
-0
-0
23.5592
-0
-0
-0
-0
-0
-0
9.80604
9.47551
-0
6.37743
9.71506
-0
-0
-0
-0
-0
9.68373
6.09117
17.8819
-0
32.8483
-0
-0
8.47469
-0
-0
-0
-0
-0
-0
-0
-0
-0
-0
-0
-0
0.831457
-0
11.201
-0
-0
-0
-0
24.3859
7.45455
11.869
-0
-0
39.7834
-0
3.68099
-0
-0
-0
-0
-0
-0
-0
-0
-0
-0
-0
-0
45.1372
-0
-0
-0
25.1185
8.74519
-0
56.5317
-0
-0
-0
-0
-0
-0
-0
-0
-0
-0
-0
-0
-0
-0
-0
14.6843
-0
-0
-0
-0
-0
-0
35.0496
-0
21.7824
-0
-0
-0
-0
-0
3.14469
-0
-0
-0
-0
-0
54.265
-0
-0
-0
-0
17.0884
0.517988
8.6202
11.1564
-0
23.8489
-0
-0
-0
-0
-0
-0
47.3813
-0
-0
-0
-0
-0
-0
-0
-0
62.221
-0
-0
-0
-0
-0
2.95813
-0
-0
19.0845
3.34857
-0
10.8714
-0
25.4844
-0
64.8236
2.69754
-0
-0
1.00483
11.5335
8.92678
-0
-0
-0
-0
-0
-0
-0
-0
-0
-0
-0
-0
-0
-0
-0
-0
16.6161
3.86673
-0
10.8831
-0
8.42699
-0
-0
24.2294
22.1092
7.22719
-0
-0
-0
-0
-0
-0
11.0144
-0
-0
0.680926
-0
-0
-0
-0
8.0202
-0
-0
-0
-0
20.5485
-0
-0
12.3686
-0
-0
-0
-0
-0
9.88614
-0
13.7529
-0
-0
-0
-0
-0
-0
-0
-0
-0
-0
-0
-0
-0
-0
-0
-0
11.6671
-0
-0
-0
-0
-0
-0
10.1772
-0
26.2076
-0
-0
-0
-0
2.47312
-0
29.5604
-0
8.10075
14.3365
5.53958
-0
16.4778
-0
-0
-0
-0
-0
-0
-0
-0
-0
-0
-0
-0
20.2629
-0
-0
-0
-0
0.867304
-0
14.826
-0
-0
-0
-0
3.08684
-0
-0
-0
-0
-0
-0
-0
27.5466
22.1666
-0
2.62329
-0
-0
17.1352
-0
-0
-0
-0
-0
-0
-0
-0
-0
-0
-0
-0
-0
-0
-0
-0
1.45208
14.557
-0
15.4012
-0
0.410001
-0
-0
17.5369
-0
-0
-0
-0
-0
12.9385
-0
-0
-0
-0
28.8093
-0
-0
13.6058
-0
-0
13.9221
-0
-0
-0
-0
-0
-0
-0
-0
-0
8.14119
-0
12.9502
-0
16.9551
32.1899
13.8492
-0
10.9164
-0
-0
10.3782
-0
-0
-0
-0
-0
14.3606
-0
-0
9.80012
-0
-0
-0
-0
-0
-0
11.7466
-0
9.51032
-0
-0
-0
-0
-0
-0
-0
-0
51.0342
-0
-0
13.9427
-0
-0
44.8544
-0
-0
-0
-0
-0
-0
-0
-0
39.1667
-0
1.84892
-0
-0
7.35646
32.7343
10.5755
-0
-0
-0
-0
-0
-0
-0
-0
-0
-0
-0
25.7327
-0
-0
-0
-0
-0
-0
-0
-0
22.5216
-0
-0
3.79892
0.804449
-0
-0
-0
-0
-0
-0
-0
-0
-0
-0
-0
-0
-0
-0
35.4211
-0
-0
3.01875
-0
-0
-0
-0
-0
-0
-0
-0
1.37916
-0
-0
-0
-0
-0
-0
-0
-0
-0
-0
-0
-0
74.074
-0
-0
-0
1.24545
-0
24.9394
-0
-0
-0
-0
10.9137
-0
-0
-0
-0
-0
-0
-0
-0
-0
-0
32.1224
-0
-0
-0
-0
-0
-0
-0
21.1507
-0
-0
-0
-0
-0
-0
-0
3.70751
-0
19.3183
-0
-0
38.4328
-0
16.468
-0
14.5466
9.50587
-0
33.9402
-0
-0
-0
-0
-0
0.455472
-0
-0
-0
-0
22.9774
-0
-0
-0
-0
-0
-0
-0
-0
31.1086
10.4473
-0
-0
-0
-0
34.8723
-0
-0
2.97508
-0
3.26843
19.9656
-0
-0
-0
34.4855
-0
-0
-0
-0
-0
4.56534
17.7938
-0
-0
-0
-0
-0
19.6535
27.2284
-0
-0
-0
-0
-0
-0
-0
-0
-0
18.9706
-0
8.06012
35.737
-0
14.9237
4.59362
6.60348
6.63921
-0
-0
-0
-0
62.4205
17.2767
-0
-0
24.3956
-0
-0
3.83065
-0
-0
18.1563
-0
-0
-0
-0
-0
-0
9.28349
-0
-0
-0
-0
35.7749
-0
-0
-0
-0
-0
-0
9.09744
-0
-0
-0
-0
-0
-0
-0
-0
-0
-0
-0
-0
10.4633
6.25041
-0
2.66814
6.16026
-0
-0
-0
32.1782
-0
-0
-0
-0
-0
-0
-0
-0
6.76237
6.76812
-0
-0
8.10467
-0
3.05766
-0
-0
36.9086
-0
-0
-0
-0
-0
-0
-0
33.7344
-0
-0
-0
-0
15.636
-0
-0
-0
-0
-0
-0
-0
-0
7.94309
-0
-0
-0
-0
-0
-0
-0
8.12837
-0
-0
22.1146
6.18549
5.69005
18.0255
-0
-0
-0
42.6033
3.55678
-0
-0
5.41216
30.3147
-0
24.1873
-0
-0
-0
-0
-0
-0
-0
-0
2.47197
-0
-0
23.6482
-0
-0
-0
-0
30.1886
13.4673
-0
-0
-0
0.598937
5.70481
-0
38.7777
-0
-0
-0
-0
-0
-0
10.0941
-0
-0
-0
3.77166
-0
-0
-0
-0
-0
7.76851
-0
-0
-0
-0
-0
-0
18.3622
-0
7.71548
-0
-0
-0
-0
-0
-0
-0
-0
-0
-0
-0
-0
13.0965
-0
-0
-0
