-0
-0
-0
-0
-0
-0
-0
-0
6.99741
-0
53.049
-0
-0
-0
-0
21.8949
-0
-0
-0
-0
-0
38.9007
-0
-0
-0
-0
-0
31.6731
-0
-0
-0
-0
-0
4.22711
0.816738
4.94671
-0
-0
-0
-0
-0
-0
-0
0.037042
-0
-0
-0
-0
-0
1.59328
-0
-0
0.0587994
-0
0.161964
-0
-0
-0
16.6305
-0
-0
-0
-0
16.624
17.8846
-0
10.6233
-0
-0
0.367364
-0
-0
-0
-0
-0
-0
-0
-0
-0
2.03677
-0
-0
-0
-0
-0
15.9379
-0
-0
-0
-0
-0
-0
-0
-0
-0
-0
-0
-0
20.8267
-0
-0
-0
-0
-0
16.2643
-0
-0
-0
-0
-0
-0
-0
-0
-0
-0
12.214
10.5088
-0
49.2272
-0
-0
-0
-0
-0
-0
-0
20.1545
-0
-0
-0
-0
9.0208
-0
-0
-0
1.40129
37.9285
-0
-0
50.3276
-0
-0
-0
24.9029
4.97523
-0
-0
1.63006
-0
-0
2.12688
-0
-0
4.119
-0
-0
51.5989
-0
-0
1.85241
-0
2.09047
-0
87.5857
9.38626
-0
-0
35.0672
-0
2.87839
-0
32.4977
-0
-0
-0
-0
-0
-0
-0
-0
-0
-0
-0
-0
-0
9.16048
-0
-0
-0
-0
-0
8.41237
5.296
-0
3.42313
-0
-0
-0
13.4085
-0
-0
4.03806
37.4162
-0
-0
-0
-0
14.6821
10.5358
-0
18.5578
34.2862
20.0258
-0
-0
15.2349
31.5376
-0
-0
-0
-0
-0
-0
16.0337
-0
-0
-0
-0
-0
7.55035
-0
-0
-0
-0
-0
-0
-0
-0
-0
-0
-0
-0
-0
-0
-0
-0
-0
-0
-0
-0
-0
-0
0.0783919
-0
-0
-0
-0
-0
-0
-0
-0
-0
-0
11.903
-0
-0
35.5379
-0
-0
-0
-0
17.246
-0
24.1359
-0
-0
-0
-0
-0
1.66332
-0
3.79189
-0
-0
-0
-0
-0
-0
-0
-0
-0
7.5023
15.1491
-0
40.4398
-0
26.0722
-0
-0
29.1641
-0
-0
0.837749
-0
-0
34.619
-0
-0
-0
-0
58.3656
61.5815
-0
-0
-0
-0
-0
-0
-0
1.20216
-0
-0
-0
-0
29.0418
-0
-0
-0
-0
-0
-0
-0
-0
30.9899
-0
-0
-0
4.18875
-0
-0
-0
-0
-0
-0
18.0452
-0
71.5816
-0
-0
8.9555
25.734
-0
-0
-0
-0
-0
0.688424
-0
-0
-0
-0
-0
-0
35.1472
-0
1.93406
-0
-0
-0
-0
-0
19.4182
-0
13.5825
-0
-0
-0
-0
-0
-0
-0
26.3493
-0
-0
-0
0.482588
37.9204
6.23307
-0
-0
2.78224
-0
-0
-0
-0
-0
-0
-0
-0
-0
-0
45.7504
-0
-0
37.2599
39.6768
-0
-0
0.173938
6.42522
-0
-0
-0
-0
17.1237
-0
-0
-0
35.3901
-0
-0
-0
-0
-0
-0
13.3962
65.774
-0
-0
-0
-0
-0
21.3698
-0
-0
-0
14.2943
-0
-0
-0
-0
-0
-0
39.9372
-0
-0
-0
-0
-0
-0
-0
-0
-0
-0
12.041
-0
-0
-0
-0
-0
-0
-0
-0
-0
-0
-0
-0
-0
-0
-0
-0
-0
6.11205
-0
-0
36.2561
-0
-0
-0
-0
-0
-0
-0
37.5319
2.06335
3.32159
-0
13.8182
-0
-0
18.3415
1.77469
15.8174
25.3192
-0
28.2868
-0
-0
-0
-0
-0
-0
-0
-0
-0
-0
-0
6.61474
-0
28.9532
-0
-0
-0
11.2366
-0
-0
23.5931
-0
-0
-0
10.0291
-0
-0
69.4871
-0
-0
-0
11.6589
-0
-0
-0
-0
-0
-0
30.2256
-0
-0
49.3585
-0
-0
-0
-0
-0
-0
-0
8.99317
-0
-0
18.1328
-0
-0
-0
-0
-0
4.47943
-0
24.8182
35.9722
18.2398
-0
-0
-0
12.9906
-0
0.848074
-0
-0
-0
1.33796
-0
-0
-0
-0
12.5394
-0
6.37329
-0
-0
31.6209
33.8007
-0
-0
-0
-0
10.4145
39.3959
-0
53.9002
11.8776
-0
-0
-0
-0
9.82955
-0
-0
-0
-0
4.93358
-0
11.6315
-0
-0
-0
-0
-0
-0
17.1226
-0
2.39995
-0
15.9611
14.9681
-0
-0
-0
40.878
-0
20.6901
-0
-0
-0
-0
10.622
-0
-0
-0
-0
-0
-0
-0
-0
-0
-0
-0
-0
-0
-0
36.681
-0
-0
-0
-0
-0
-0
-0
-0
-0
54.0333
3.06212
-0
-0
-0
-0
42.4622
-0
-0
-0
-0
-0
20.5456
-0
-0
-0
-0
5.20891
-0
-0
-0
-0
-0
-0
-0
-0
-0
43.4387
-0
-0
0.536459
9.11961
-0
-0
-0
10.0343
-0
14.3709
-0
-0
-0
-0
-0
-0
40.6935
-0
-0
20.2474
-0
27.325
-0
-0
-0
6.12628
-0
-0
9.89321
-0
-0
-0
-0
-0
-0
-0
-0
-0
-0
-0
29.0149
-0
-0
-0
-0
-0
-0
2.39869
4.64074
-0
-0
-0
53.3804
23.7113
-0
-0
-0
6.87714
-0
-0
-0
0.419183
-0
-0
-0
-0
9.72619
-0
-0
33.4247
-0
-0
-0
45.5236
72.5171
-0
-0
-0
1.11175
-0
0.403999
24.5585
63.2776
4.42888
0.684514
-0
-0
9.84749
-0
23.4248
-0
-0
-0
-0
-0
-0
-0
-0
-0
-0
-0
-0
-0
-0
7.75062
20.7546
-0
-0
3.58979
-0
-0
3.95719
-0
20.5179
-0
4.43548
-0
-0
-0
-0
-0
-0
-0
1.17393
-0
-0
11.4679
-0
0.895975
84.0672
-0
4.72522
-0
24.4176
-0
-0
-0
-0
-0
-0
-0
40.2335
-0
9.38493
-0
-0
14.6666
-0
13.71
-0
-0
1.05091
33.0444
-0
0.136467
-0
14.8476
-0
-0
-0
-0
44.8078
-0
-0
-0
31.2569
-0
-0
2.59397
64.644
-0
-0
-0
68.6242
4.62351
-0
-0
-0
-0
28.5835
66.0088
-0
-0
59.4487
-0
7.86708
-0
6.88995
62.2069
-0
-0
-0
-0
4.09197
-0
-0
-0
-0
-0
-0
9.3396
-0
-0
-0
4.67094
27.592
-0
-0
-0
-0
-0
-0
-0
-0
-0
-0
-0
-0
-0
-0
-0
-0
-0
-0
-0
-0
-0
-0
12.7536
-0
-0
-0
-0
-0
51.8294
-0
-0
-0
-0
-0
-0
-0
-0
-0
-0
20.7101
-0
-0
16.0304
22.7082
-0
22.487
-0
-0
-0
-0
48.1044
-0
-0
32.717
1.79301
53.5033
-0
-0
-0
-0
-0
-0
-0
-0
24.7048
-0
-0
-0
-0
-0
-0
-0
65.906
-0
-0
-0
-0
-0
-0
-0
-0
4.05396
27.9205
-0
-0
-0
-0
23.4181
-0
-0
-0
35.6159
-0
-0
-0
5.26214
-0
17.9374
-0
-0
-0
-0
-0
-0
-0
-0
-0
-0
35.5297
-0
-0
-0
-0
10.639
-0
-0
-0
20.2032
-0
-0
-0
-0
-0
-0
-0
-0
-0
20.3206
27.3081
-0
48.1999
41.6497
22.4851
-0
-0
-0
-0
-0
1.60812
-0
-0
-0
-0
9.99945
-0
-0
-0
-0
-0
9.94973
18.0344
-0
-0
-0
-0
-0
23.6379
-0
-0
-0
-0
-0
0.536128
-0
-0
62.6536
-0
-0
-0
-0
15.7127
-0
21.766
-0
35.835
-0
-0
-0
-0
-0
-0
-0
-0
7.86449
-0
23.2026
-0
-0
-0
-0
-0
-0
27.6568
-0
-0
-0
-0
-0
-0
-0
-0
-0
-0
-0
-0
37.9747
17.0986
-0
-0
-0
-0
-0
16.9182
-0
-0
-0
-0
-0
39.0691
-0
-0
-0
-0
-0
-0
-0
-0
-0
-0
63.4163
-0
29.604
-0
-0
-0
-0
-0
-0
-0
-0
-0
-0
35.4424
-0
-0
-0
-0
3.0276
-0
-0
13.0991
11.0084
-0
-0
-0
-0
-0
29.6519
-0
7.30434
5.67261
-0
-0
-0
-0
-0
-0
41.0308
-0
4.76341
-0
-0
23.0137
22.2015
-0
-0
-0
38.8988
-0
-0
-0
-0
-0
45.0056
-0
-0
-0
-0
-0
-0
22.3151
11.4815
-0
-0
-0
43.6591
38.3696
-0
1.54321
14.7977
-0
17.9512
20.5299
-0
-0
-0
-0
-0
-0
-0
-0
-0
-0
-0
-0
-0
-0
9.98249
-0
-0
-0
-0
-0
-0
-0
-0
-0
14.9936
-0
-0
59.3803
-0
34.8003
13.96
-0
-0
-0
-0
-0
-0
-0
-0
-0
-0
-0
-0
21.627
-0
-0
0.384724
-0
-0
-0
6.21843
-0
-0
-0
-0
-0
-0
-0
-0
-0
-0
0.784179
-0
-0
2.31659
-0
-0
-0
-0
-0
-0
-0
-0
33.8999
-0
-0
-0
-0
-0
-0
-0
-0
-0
-0
28.3304
-0
-0
-0
-0
-0
-0
-0
-0
-0
-0
-0
-0
-0
-0
-0
-0
-0
-0
5.34805
-0
-0
-0
17.5652
-0
16.5109
-0
-0
-0
-0
-0
-0
-0
-0
-0
-0
-0
0.501001
69.1303
-0
7.06044
-0
-0
-0
-0
33.4948
-0
-0
-0
32.4649
-0
-0
11.6691
6.00195
-0
-0
-0
-0
-0
-0
15.9965
6.60015
-0
-0
-0
-0
-0
13.8746
-0
-0
-0
6.58185
-0
-0
-0
-0
-0
57.9869
7.68062
-0
-0
-0
23.4906
21.7688
61.614
-0
3.92412
-0
-0
-0
21.8661
-0
-0
-0
31.4098
-0
-0
-0
-0
-0
6.35943
-0
-0
-0
1.59551
41.1348
-0
-0
-0
-0
-0
-0
-0
-0
-0
-0
-0
-0
7.48938
-0
-0
-0
-0
37.5195
-0
-0
21.9966
-0
-0
-0
-0
-0
-0
21.8599
-0
-0
-0
-0
-0
-0
-0
-0
-0
-0
-0
21.0698
11.4281
-0
8.54843
-0
-0
-0
-0
-0
-0
-0
-0
-0
-0
-0
-0
-0
-0
-0
-0
19.2599
-0
-0
1.46006
-0
-0
-0
6.44419
-0
20.1867
26.5442
-0
-0
-0
-0
-0
-0
-0
-0
38.4425
-0
-0
-0
-0
-0
-0
5.67182
10.1394
-0
-0
-0
-0
-0
-0
-0
-0
11.2714
-0
-0
-0
-0
-0
-0
-0
-0
11.0598
-0
-0
-0
-0
-0
-0
-0
-0
-0
-0
-0
-0
-0
25.6795
23.2259
-0
-0
-0
-0
-0
-0
-0
1.74907
33.0362
-0
-0
-0
5.02905
-0
-0
0.0335027
0.834197
-0
-0
14.1874
-0
0.00906749
-0
-0
-0
5.57493
-0
-0
-0
39.2322
-0
-0
-0
-0
-0
28.3585
30.5728
-0
-0
-0
-0
20.781
-0
-0
16.2471
-0
-0
30.9929
23.5874
-0
-0
-0
-0
-0
-0
-0
-0
-0
-0
-0
-0
-0
-0
37.2558
-0
-0
-0
-0
-0
-0
39.4235
-0
-0
-0
-0
-0
-0
-0
-0
61.5683
-0
-0
-0
-0
-0
-0
18.6119
-0
22.348
-0
-0
26.4294
-0
-0
-0
-0
-0
-0
-0
-0
-0
25.3545
-0
-0
24.6066
-0
-0
-0
-0
-0
-0
-0
-0
-0
16.9573
-0
-0
-0
-0
-0
-0
-0
4.93015
-0
42.9338
-0
8.90527
-0
-0
-0
-0
-0
-0
8.56238
-0
-0
-0
-0
2.41915
-0
-0
9.38618
-0
24.5786
-0
-0
-0
0.10537
-0
-0
-0
-0
-0
-0
1.65477
64.293
20.1826
-0
14.541
-0
-0
-0
-0
-0
-0
-0
-0
-0
-0
-0
-0
-0
-0
-0
-0
-0
-0
-0
-0
54.5811
8.74485
-0
-0
-0
-0
13.0222
-0
-0
-0
-0
-0
21.2827
-0
7.77717
17.0499
-0
-0
13.5078
-0
-0
6.72415
8.32962
10.4428
-0
-0
-0
44.9265
-0
-0
-0
-0
-0
-0
31.2787
-0
-0
-0
-0
-0
-0
7.03314
-0
15.9389
43.3639
6.72031
-0
1.4714
-0
-0
-0
8.04148
-0
-0
-0
-0
38.8152
-0
14.6898
-0
-0
69.3835
-0
5.41048
-0
-0
18.8333
24.459
-0
-0
-0
-0
-0
46.3779
3.53362
-0
-0
-0
-0
-0
-0
-0
-0
23.6348
-0
10.5237
-0
-0
-0
21.7685
-0
4.14724
-0
-0
-0
-0
-0
-0
24.5217
-0
14.5812
-0
-0
-0
-0
-0
-0
-0
2.20432
-0
-0
-0
29.0478
-0
-0
-0
-0
-0
4.40866
1.74829
0.236768
-0
-0
-0
-0
-0
-0
-0
-0
-0
-0
-0
9.85264
-0
-0
20.6674
-0
-0
-0
-0
-0
-0
-0
-0
-0
-0
-0
-0
-0
-0
-0
-0
33.2006
5.06301
-0
-0
-0
-0
-0
-0
-0
-0
-0
-0
3.16489
-0
-0
-0
-0
-0
-0
-0
-0
-0
4.69611
-0
-0
-0
-0
-0
-0
-0
-0
12.235
-0
8.74716
28.9601
-0
-0
-0
-0
-0
37.2753
0.226748
-0
-0
-0
10.4425
35.0848
20.0517
-0
11.3299
-0
-0
-0
-0
40.3717
-0
-0
-0
23.0304
-0
-0
2.72864
-0
-0
-0
-0
-0
-0
-0
14.7386
-0
-0
-0
-0
-0
-0
-0
-0
-0
-0
13.9907
-0
-0
-0
15.564
-0
-0
-0
16.9277
-0
-0
12.1729
-0
-0
-0
3.52771
-0
-0
-0
39.0983
1.08784
-0
-0
-0
54.7112
-0
-0
2.14097
-0
-0
-0
-0
-0
-0
-0
-0
7.6319
-0
58.2213
-0
53.0729
15.5799
-0
-0
-0
-0
41.4191
-0
-0
-0
-0
-0
-0
-0
-0
-0
-0
30.9138
34.576
-0
9.57078
31.0093
0.907917
52.6408
-0
4.88317
-0
24.0774
-0
-0
3.16051
4.25659
-0
68.686
41.5953
-0
3.09168
-0
-0
-0
-0
-0
-0
-0
-0
-0
14.2849
-0
-0
-0
8.31495
-0
-0
-0
-0
-0
-0
-0
-0
5.83722
-0
-0
-0
-0
0.641678
-0
-0
-0
10.0642
12.7153
25.2467
-0
13.3919
-0
-0
-0
-0
-0
43.7917
28.3747
-0
-0
-0
4.79987
8.58434
17.4441
-0
-0
-0
-0
-0
-0
13.6454
6.4235
-0
-0
-0
-0
14.8119
20.9641
12.1498
-0
-0
-0
-0
-0
-0
-0
-0
-0
-0
-0
-0
-0
-0
-0
-0
-0
-0
20.3201
-0
-0
-0
10.283
-0
-0
-0
-0
-0
-0
-0
-0
-0
-0
-0
-0
-0
-0
-0
-0
-0
-0
2.25048
-0
-0
23.8411
-0
-0
-0
-0
61.4226
-0
10.4432
-0
-0
-0
-0
-0
-0
-0
-0
-0
0.0365765
-0
-0
-0
-0
-0
16.7189
-0
-0
-0
-0
-0
-0
-0
6.35578
-0
-0
-0
-0
11.9725
15.9581
54.3032
18.7443
16.9598
45.4882
-0
-0
-0
-0
-0
76.2731
48.6231
-0
14.2036
11.8646
-0
-0
-0
-0
-0
36.6656
-0
-0
-0
23.3409
-0
-0
-0
-0
-0
-0
-0
-0
-0
-0
14.7441
-0
-0
-0
-0
-0
-0
42.3557
-0
15.6531
-0
-0
-0
0.890495
-0
-0
-0
-0
-0
35.0344
-0
-0
-0
-0
-0
-0
37.3718
61.4099
11.9053
-0
11.9395
-0
28.4437
-0
-0
-0
-0
-0
-0
-0
-0
-0
-0
-0
-0
-0
-0
-0
-0
-0
-0
-0
-0
41.7221
-0
-0
-0
30.3923
-0
-0
-0
-0
13.8894
-0
-0
-0
-0
27.7874
-0
-0
-0
-0
2.72126
-0
-0
-0
-0
41.2515
-0
-0
-0
36.2121
-0
3.65437
-0
14.799
-0
18.2669
-0
-0
-0
-0
31.3432
19.0837
-0
-0
-0
-0
-0
-0
-0
-0
-0
-0
-0
-0
-0
-0
-0
32.9711
-0
-0
-0
-0
-0
-0
-0
-0
-0
-0
-0
14.583
-0
-0
-0
41.8217
-0
-0
-0
-0
1.15953
-0
-0
0.0910037
4.32969
-0
-0
-0
-0
-0
-0
-0
16.3944
-0
-0
14.865
6.0621
30.0359
19.9347
12.3364
-0
-0
83.2883
-0
-0
17.3564
-0
-0
34.2598
-0
-0
-0
-0
-0
-0
-0
9.5245
-0
-0
-0
-0
-0
-0
-0
-0
-0
-0
32.7202
-0
-0
-0
-0
-0
46.5161
-0
-0
23.8604
-0
21.7633
-0
-0
-0
-0
-0
-0
-0
43.5971
15.5753
-0
-0
-0
-0
29.5858
-0
29.218
33.7579
8.07638
-0
-0
-0
-0
-0
-0
-0
3.39069
-0
1.9897
-0
-0
27.8734
42.8562
-0
-0
-0
2.0362
9.11559
-0
-0
-0
-0
-0
-0
-0
-0
55.8399
-0
-0
-0
51.8385
-0
0.239792
-0
-0
-0
19.8046
-0
-0
-0
0.83468
-0
-0
-0
-0
-0
-0
-0
-0
-0
27.4603
-0
-0
-0
-0
25.3633
22.0853
-0
9.3638
-0
-0
-0
1.57512
-0
13.4153
4.45162
-0
17.0019
77.8845
-0
-0
-0
-0
-0
-0
71.028
-0
21.1151
-0
-0
-0
-0
-0
-0
-0
-0
2.53832
-0
2.78467
0.504799
-0
-0
-0
40.1688
21.7139
-0
-0
-0
-0
-0
-0
-0
5.47453
-0
-0
30.0463
-0
-0
-0
-0
-0
-0
3.20067
-0
-0
11.9088
-0
-0
47.9039
-0
-0
-0
-0
-0
-0
-0
-0
-0
19.6018
9.71899
-0
-0
17.522
-0
-0
-0
-0
-0
-0
-0
-0
-0
-0
-0
-0
-0
-0
-0
-0
-0
-0
-0
-0
-0
-0
-0
-0
-0
-0
2.2841
-0
-0
26.5823
-0
-0
8.50398
-0
-0
-0
-0
3.33932
2.29911
-0
-0
-0
-0
-0
-0
-0
1.78226
-0
-0
-0
-0
-0
-0
-0
-0
-0
-0
1.76669
74.5069
-0
-0
-0
-0
-0
-0
-0
-0
-0
9.12942
-0
-0
-0
-0
-0
-0
-0
19.2244
-0
-0
-0
1.30674
-0
-0
-0
-0
-0
-0
-0
-0
-0
-0
-0
-0
18.0863
-0
-0
-0
17.7711
-0
-0
-0
-0
-0
-0
-0
-0
-0
-0
2.29475
-0
-0
-0
-0
2.739
-0
-0
-0
29.1939
-0
-0
17.3462
-0
-0
-0
-0
-0
-0
-0
11.0596
-0
-0
-0
-0
-0
-0
-0
-0
-0
-0
-0
-0
36.7437
-0
-0
-0
-0
-0
-0
-0
-0
-0
-0
-0
29.8339
8.31712
-0
-0
-0
29.9148
-0
-0
-0
-0
-0
61.8414
5.08016
53.4115
-0
41.3247
-0
-0
-0
-0
-0
-0
-0
-0
-0
-0
30.4736
-0
32.1196
28.5456
-0
-0
6.9264
-0
-0
-0
-0
-0
-0
-0
-0
11.6521
-0
-0
20.7026
-0
-0
-0
-0
-0
-0
-0
-0
-0
-0
-0
-0
29.4075
-0
-0
-0
-0
41.5267
-0
-0
-0
-0
-0
-0
-0
-0
-0
-0
28.289
-0
28.4932
-0
-0
-0
-0
-0
-0
-0
-0
-0
-0
-0
-0
-0
-0
-0
-0
3.85317
-0
-0
-0
-0
0.140017
-0
-0
-0
31.906
-0
-0
-0
-0
-0
-0
-0
14.5676
-0
16.1255
-0
23.7748
24.1895
33.8174
-0
5.6913
-0
67.7299
29.5762
-0
-0
-0
-0
-0
-0
-0
-0
-0
-0
-0
61.568
-0
-0
-0
-0
-0
6.97258
36.5718
-0
16.9741
-0
-0
40.7721
-0
-0
-0
-0
19.9806
46.6946
-0
-0
-0
-0
-0
-0
34.6362
-0
-0
9.19922
-0
-0
-0
-0
-0
-0
-0
-0
-0
-0
-0
-0
17.4108
-0
-0
-0
-0
-0
-0
-0
-0
-0
12.6035
-0
-0
37.1083
-0
-0
-0
-0
-0
-0
-0
-0
-0
-0
-0
35.9084
32.2705
-0
-0
-0
4.24374
-0
33.282
-0
7.73643
-0
-0
-0
0.416258
-0
-0
2.52619
-0
-0
-0
-0
-0
-0
12.2604
-0
-0
-0
-0
-0
41.5556
-0
-0
1.4326
-0
-0
-0
-0
-0
-0
-0
21.6336
2.15051
-0
-0
-0
-0
-0
-0
-0
-0
-0
-0
30.809
-0
-0
-0
-0
-0
-0
-0
-0
-0
-0
16.8954
18.5079
23.4858
-0
-0
3.85728
-0
35.3689
-0
32.68
-0
-0
-0
-0
-0
-0
-0
23.6638
-0
-0
17.6669
-0
-0
29.6308
-0
-0
-0
-0
-0
-0
14.7142
-0
-0
-0
-0
-0
-0
-0
-0
-0
-0
-0
-0
-0
-0
-0
16.9807
-0
-0
-0
-0
-0
-0
-0
26.1104
-0
9.03272
-0
-0
51.691
-0
40.0675
-0
-0
-0
-0
19.4169
-0
-0
-0
-0
-0
8.78632
-0
35.47
-0
-0
-0
-0
-0
-0
-0
1.2547
42.278
-0
-0
-0
-0
42.38
6.62717
-0
-0
35.0946
-0
-0
-0
-0
-0
-0
-0
-0
-0
-0
-0
-0
-0
-0
-0
40.7078
-0
-0
0.971861
61.6484
-0
-0
-0
-0
-0
7.51201
-0
-0
-0
-0
-0
38.1674
-0
-0
-0
-0
-0
-0
-0
-0
-0
-0
-0
20.0377
4.18397
-0
9.64103
-0
20.2568
-0
-0
24.1035
-0
5.66372
-0
-0
-0
-0
16.2425
-0
-0
-0
-0
-0
-0
-0
-0
-0
-0
48.7793
-0
42.5059
-0
20.6673
-0
32.4229
-0
-0
-0
-0
-0
-0
-0
-0
-0
-0
-0
19.0562
-0
-0
-0
7.59528
4.99029
22.43
20.1501
-0
-0
-0
31.4479
25.06
-0
-0
-0
-0
-0
-0
-0
-0
-0
0.598642
-0
-0
-0
-0
-0
-0
10.6869
-0
-0
-0
-0
1.54041
-0
32.4044
14.8929
39.1159
-0
-0
-0
-0
3.57577
-0
-0
-0
-0
-0
-0
-0
-0
-0
14.7361
-0
30.1031
12.0891
39.4962
-0
-0
-0
-0
-0
3.68096
8.23005
-0
-0
-0
-0
-0
-0
-0
-0
-0
38.0881
-0
-0
-0
-0
-0
-0
-0
-0
24.922
-0
-0
-0
-0
9.42907
-0
21.2852
-0
-0
-0
-0
32.7689
-0
-0
-0
-0
-0
-0
-0
-0
-0
17.3154
-0
-0
-0
-0
28.3243
-0
-0
-0
-0
29.3685
-0
-0
-0
-0
-0
0.950561
-0
-0
3.14715
1.828
-0
-0
-0
-0
-0
-0
77.895
-0
-0
-0
-0
4.24448
-0
-0
2.9781
-0
-0
-0
-0
-0
-0
-0
-0
1.24057
-0
15.8574
43.2314
-0
-0
-0
-0
-0
-0
-0
-0
-0
-0
-0
-0
-0
-0
23.183
-0
13.4037
-0
-0
-0
47.526
-0
-0
-0
-0
-0
25.7801
-0
-0
-0
-0
-0
-0
-0
-0
24.1376
-0
-0
-0
-0
9.94442
27.4563
-0
-0
-0
-0
-0
11.2803
-0
-0
-0
4.60866
32.3234
-0
2.39592
-0
-0
-0
-0
-0
-0
-0
-0
-0
-0
-0
72.781
-0
33.0389
-0
19.4987
-0
-0
-0
-0
-0
-0
-0
8.09708
0.131247
5.87609
24.0875
-0
-0
-0
-0
27.1063
-0
-0
5.66153
11.7645
-0
-0
-0
14.0369
23.8195
47.9912
-0
6.92433
-0
-0
-0
-0
-0
-0
-0
-0
-0
24.2665
33.0182
-0
-0
-0
2.18821
-0
10.0016
-0
-0
7.13221
14.5058
2.46757
30.9219
-0
-0
-0
12.4875
-0
-0
-0
-0
-0
-0
-0
-0
-0
-0
-0
-0
-0
6.19547
-0
16.5691
-0
0.14021
-0
-0
45.2236
-0
-0
-0
37.6916
1.93925
-0
-0
-0
-0
-0
-0
-0
-0
-0
4.38443
-0
-0
35.189
-0
27.4683
-0
-0
-0
-0
-0
62.8287
-0
23.189
-0
-0
-0
-0
-0
21.1078
3.55242
-0
-0
-0
-0
-0
-0
31.2107
-0
-0
-0
-0
-0
-0
33.9043
-0
-0
-0
-0
-0
-0
18.3966
-0
17.1643
-0
-0
-0
-0
-0
27.2756
-0
-0
-0
-0
-0
-0
-0
-0
-0
-0
4.60151
32.2399
-0
-0
62.3688
17.7027
-0
-0
-0
-0
-0
-0
-0
-0
-0
-0
-0
-0
-0
6.33844
-0
-0
-0
-0
-0
5.8576
-0
-0
-0
-0
-0
19.5939
-0
-0
-0
-0
-0
-0
-0
-0
9.93609
-0
0.192674
-0
-0
-0
-0
10.7801
-0
-0
-0
-0
-0
44.8826
-0
-0
-0
-0
-0
-0
-0
63.6097
-0
9.77019
31.6046
-0
-0
-0
-0
-0
-0
-0
15.0623
-0
-0
30.7622
-0
-0
-0
-0
13.4885
-0
-0
-0
-0
-0
-0
-0
-0
-0
-0
-0
-0
-0
-0
-0
22.3827
-0
20.6245
15.0753
59.1862
-0
15.8812
-0
-0
-0
-0
69.4916
13.8134
-0
-0
-0
-0
-0
-0
-0
-0
-0
-0
-0
-0
-0
60.8252
-0
-0
-0
-0
-0
-0
-0
-0
8.18377
-0
-0
-0
-0
21.4075
-0
-0
-0
23.3427
-0
13.0126
-0
21.3962
-0
-0
-0
37.698
4.48195
-0
36.1999
-0
-0
-0
-0
-0
-0
-0
-0
5.21607
-0
-0
-0
16.3872
-0
-0
-0
-0
-0
18.2923
-0
-0
-0
-0
-0
-0
-0
-0
-0
-0
-0
-0
19.6495
-0
-0
-0
64.5992
-0
-0
-0
-0
35.0665
22.9423
-0
-0
30.5855
32.846
0.00633764
-0
-0
17.0339
-0
-0
-0
-0
-0
0.78248
-0
-0
43.9006
21.133
-0
-0
-0
-0
0.534992
-0
-0
-0
-0
-0
-0
-0
-0
17.9382
-0
-0
-0
-0
-0
-0
-0
-0
-0
-0
-0
8.31878
-0
-0
-0
-0
-0
-0
-0
-0
1.07482
-0
-0
-0
-0
25.5335
65.6795
-0
-0
-0
-0
-0
-0
-0
-0
-0
-0
-0
-0
-0
-0
-0
-0
-0
-0
-0
45.5006
-0
33.4827
-0
-0
15.1526
16.1279
-0
16.216
-0
-0
-0
-0
15.3194
-0
9.72455
-0
-0
28.4454
0.729046
-0
-0
-0
-0
-0
-0
14.951
-0
-0
-0
-0
-0
-0
-0
-0
-0
33.9428
13.5218
-0
16.0605
-0
-0
-0
-0
-0
13.5908
73.9625
-0
-0
-0
-0
1.8904
-0
62.8052
-0
-0
-0
15.3379
-0
-0
36.2681
-0
-0
-0
-0
-0
-0
-0
59.6599
-0
-0
-0
-0
-0
4.97085
58.6716
-0
-0
-0
-0
-0
-0
-0
-0
-0
8.0209
-0
-0
-0
11.3805
-0
38.0008
-0
-0
-0
18.5836
-0
-0
-0
-0
51.6628
-0
14.7645
-0
-0
-0
-0
-0
-0
-0
-0
-0
15.1734
-0
-0
-0
-0
4.83535
-0
-0
-0
25.6043
-0
-0
-0
-0
-0
9.28445
-0
-0
-0
-0
31.4504
-0
-0
14.6229
-0
-0
-0
-0
-0
-0
-0
-0
-0
-0
-0
-0
-0
-0
-0
-0
-0
-0
-0
-0
1.49941
-0
-0
11.9874
-0
-0
1.87842
-0
25.8713
37.8386
15.5435
-0
-0
35.0362
-0
-0
-0
3.08807
-0
-0
-0
-0
19.3415
-0
-0
75.0271
-0
-0
11.1041
12.3494
9.40615
-0
-0
-0
41.6404
19.0242
-0
-0
-0
-0
-0
-0
17.0268
-0
-0
-0
-0
-0
-0
-0
-0
-0
-0
-0
-0
-0
46.2888
10.0246
-0
20.5808
-0
-0
-0
-0
-0
-0
-0
-0
-0
-0
4.74815
-0
-0
14.74
-0
-0
-0
-0
-0
-0
8.1106
-0
-0
-0
-0
-0
-0
-0
-0
-0
-0
-0
-0
-0
7.82954
-0
2.13358
-0
-0
-0
54.1876
-0
-0
-0
-0
-0
-0
29.9421
-0
-0
8.2972
18.7498
-0
-0
-0
-0
11.4994
-0
-0
-0
24.1055
17.9661
16.9669
-0
-0
3.75421
22.7528
-0
9.40551
-0
-0
-0
-0
-0
-0
-0
-0
5.13937
-0
-0
7.963
-0
-0
-0
-0
17.0576
9.8456
17.7012
-0
-0
0.304958
-0
-0
-0
-0
-0
-0
-0
-0
-0
-0
-0
-0
-0
-0
-0
-0
-0
-0
-0
20.9332
-0
-0
-0
-0
-0
-0
22.1957
49.2284
-0
-0
49.2616
-0
16.1032
-0
-0
-0
7.45219
-0
-0
-0
-0
6.23991
-0
-0
-0
