0.697271
-0
-0
-0
-0
-0
-0
-0
25.8451
4.45977
54.088
-0
-0
-0
-0
13.0769
-0
-0
-0
-0
-0
35.3357
-0
-0
13.1403
-0
-0
-0
-0
-0
-0
-0
-0
-0
1.75124
-0
-0
-0
-0
-0
0.0640896
-0
-0
5.50887
-0
-0
-0
4.99268
-0
-0
-0
-0
-0
-0
-0
-0
-0
-0
20.7241
12.1636
-0
-0
45.9222
-0
10.2334
-0
28.023
-0
-0
0.854342
-0
-0
-0
-0
-0
-0
-0
0.953554
-0
-0
-0
23.5566
6.57509
-0
-0
-0
-0
-0
-0
-0
-0
-0
-0
-0
-0
-0
-0
-0
17.2187
-0
-0
-0
-0
23.9093
-0
-0
-0
-0
-0
-0
-0
-0
-0
-0
-0
-0
-0
-0
40.9016
13.1023
-0
-0
7.13863
-0
-0
-0
-0
-0
-0
-0
14.2636
41.74
-0
-0
7.54159
-0
6.92162
21.6003
-0
14.33
-0
-0
-0
-0
-0
-0
-0
-0
-0
-0
-0
-0
-0
-0
-0
-0
42.0958
-0
-0
2.21302
-0
-0
-0
42.4861
25.0216
17.1918
-0
27.9393
-0
36.5507
-0
26.1025
-0
-0
-0
-0
-0
-0
14.8671
-0
-0
-0
-0
-0
-0
-0
-0
-0
-0
-0
10.0906
-0
11.6082
-0
-0
-0
-0
-0
-0
9.64132
-0
32.3832
17.5301
-0
-0
-0
-0
12.0081
17.9913
-0
-0
-0
11.0406
-0
-0
3.33188
39.786
-0
-0
-0
-0
-0
-0
-0
-0
-0
-0
10.2303
-0
-0
-0
-0
-0
-0
-0
-0
-0
-0
-0
-0
-0
-0
-0
-0
-0
-0
11.6861
-0
-0
-0
-0
-0
-0
-0
-0
-0
-0
0.939404
-0
-0
-0
-0
-0
13.5638
-0
-0
39.4191
-0
-0
-0
-0
36.7916
-0
41.2347
-0
-0
-0
-0
-0
-0
-0
9.48206
-0
4.3905
-0
-0
-0
1.59222
-0
-0
-0
24.0673
27.033
-0
34.6577
-0
-0
-0
5.95205
45.6701
-0
-0
-0
-0
14.1933
43.2729
-0
-0
11.659
-0
48.8803
-0
-0
-0
-0
0.475046
-0
-0
-0
0.225441
-0
-0
-0
-0
-0
-0
-0
-0
-0
14.604
-0
-0
-0
-0
-0
-0
-0
-0
-0
-0
-0
-0
-0
-0
10.983
-0
-0
-0
-0
1.07784
21.0462
-0
-0
-0
-0
-0
-0
-0
3.63151
-0
-0
-0
-0
7.34721
6.3486
1.85106
-0
-0
26.7014
-0
-0
10.1618
0.223059
-0
-0
-0
-0
-0
-0
-0
-0
6.41033
0.960995
-0
-0
-0
26.3104
-0
-0
-0
18.8742
-0
-0
-0
-0
-0
-0
-0
-0
-0
-0
9.15527
-0
-0
7.08544
-0
-0
2.81516
7.21433
-0
-0
-0
-0
-0
-0
24.9655
-0
-0
-0
-0
-0
-0
-0
-0
-0
-0
1.5506
2.74617
-0
8.42871
-0
-0
-0
-0
4.98621
-0
5.04763
-0
-0
-0
-0
-0
26.8359
-0
-0
12.6776
-0
-0
-0
-0
30.2062
-0
-0
-0
42.8471
-0
-0
31.4065
-0
-0
-0
-0
-0
-0
18.3655
-0
-0
-0
-0
-0
8.93111
19.9706
-0
-0
-0
8.84311
17.6375
-0
-0
-0
-0
-0
-0
8.79134
-0
-0
-0
6.99869
-0
-0
15.6154
-0
-0
35.0478
-0
26.8503
-0
-0
-0
22.8499
-0
-0
6.19138
-0
-0
-0
-0
11.3233
-0
7.31096
-0
-0
-0
-0
-0
10.5591
-0
-0
6.86071
-0
5.49364
-0
-0
16.8244
-0
-0
-0
29.6249
-0
-0
-0
-0
-0
-0
11.5609
-0
8.62703
31.926
-0
-0
-0
-0
-0
-0
-0
8.77312
-0
-0
5.64787
-0
11.8373
-0
-0
-0
11.4555
5.71864
-0
18.7349
5.5174
-0
-0
-0
24.2017
-0
1.1562
-0
-0
-0
-0
15.5908
-0
-0
-0
18.7139
-0
-0
-0
-0
16.1264
1.01513
-0
-0
-0
-0
-0
38.2233
-0
17.5669
1.79167
9.20124
-0
-0
-0
-0
-0
-0
11.9697
-0
16.884
7.0348
-0
-0
-0
-0
-0
-0
-0
11.3882
-0
41.9759
-0
-0
14.3264
-0
-0
-0
71.3771
-0
-0
-0
-0
-0
-0
-0
-0
-0
-0
-0
-0
-0
-0
-0
-0
-0
-0
-0
-0
-0
50.1628
-0
-0
-0
-0
-0
-0
-0
-0
1.39044
3.96366
-0
-0
-0
-0
-0
4.22153
-0
4.00807
1.64105
-0
-0
-0
26.808
-0
14.1014
-0
-0
-0
-0
-0
-0
-0
-0
-0
-0
22.8376
5.93608
-0
6.43651
0.984869
7.44005
-0
1.10792
-0
22.4876
-0
32.921
-0
-0
-0
-0
-0
-0
19.6558
-0
-0
-0
-0
-0
-0
-0
25.5918
-0
-0
-0
17.7115
2.86672
-0
-0
-0
-0
-0
-0
-0
-0
-0
-0
10.9368
-0
1.8146
-0
-0
-0
-0
-0
10.5748
-0
-0
-0
7.33051
26.6569
12.4543
24.1954
-0
24.3902
6.49539
19.971
-0
0.817411
-0
-0
-0
-0
11.5589
-0
-0
36.3908
-0
-0
-0
6.16847
-0
-0
-0
-0
-0
-0
-0
-0
44.4202
-0
-0
-0
-0
-0
-0
-0
-0
-0
-0
21.2089
-0
-0
-0
-0
-0
-0
-0
-0
-0
20.5297
-0
-0
-0
-0
-0
-0
20.5582
34.637
-0
7.28765
-0
-0
-0
-0
16.9276
-0
22.2221
-0
-0
-0
15.3985
-0
11.3969
-0
-0
57.1379
-0
23.4253
-0
-0
-0
-0
-0
-0
-0
12.8612
-0
8.42494
-0
5.65041
-0
-0
51.2587
-0
-0
-0
-0
5.93246
5.90312
-0
-0
-0
4.71133
-0
-0
-0
24.8477
25.823
-0
-0
-0
3.95048
-0
-0
-0
60.1723
16.4016
-0
12.5348
28.1562
-0
-0
-0
2.67151
-0
6.90621
-0
-0
-0
26.4835
-0
2.16484
-0
-0
-0
-0
-0
-0
-0
13.3094
-0
-0
-0
-0
4.99674
5.90096
10.785
-0
-0
-0
2.67279
-0
-0
-0
-0
-0
-0
-0
-0
-0
-0
-0
-0
7.17921
-0
-0
0.389875
-0
-0
7.5111
-0
-0
-0
-0
12.5465
-0
-0
-0
-0
-0
16.7048
-0
-0
-0
-0
-0
-0
19.0232
-0
-0
-0
-0
-0
10.0643
19.3351
-0
-0
20.9652
-0
-0
-0
4.87253
29.413
-0
-0
-0
-0
18.448
-0
23.9592
-0
-0
-0
32.5019
-0
-0
22.2926
18.158
-0
-0
-0
25.2241
-0
-0
24.6786
-0
-0
-0
-0
-0
-0
-0
15.3684
-0
38.8595
-0
-0
-0
-0
-0
-0
-0
-0
35.3157
-0
-0
-0
-0
-0
-0
-0
-0
-0
-0
-0
-0
-0
-0
-0
-0
-0
6.56151
-0
-0
-0
11.1416
8.31403
-0
2.32121
29.4174
-0
0.994002
-0
-0
-0
27.6253
-0
-0
-0
4.63426
20.5562
-0
-0
0.747774
-0
-0
-0
-0
-0
-0
-0
-0
-0
-0
0.0488838
16.5
-0
-0
-0
32.1326
-0
-0
-0
-0
-0
-0
-0
-0
-0
-0
4.78823
-0
-0
-0
4.6535
-0
-0
35.7613
-0
-0
-0
-0
7.59497
-0
0.183544
-0
-0
-0
-0
-0
-0
-0
-0
-0
-0
27.8042
-0
-0
-0
-0
-0
-0
-0
-0
0.38993
-0
-0
-0
7.54231
-0
-0
-0
-0
-0
-0
-0
-0
26.8241
-0
-0
0.837003
-0
-0
-0
13.9948
-0
-0
-0
-0
-0
-0
-0
-0
-0
-0
-0
2.79798
-0
-0
-0
-0
-0
-0
12.7334
-0
-0
-0
1.96441
-0
1.40996
-0
-0
-0
9.14393
30.8734
-0
-0
-0
-0
-0
-0
-0
26.2313
4.93969
-0
-0
-0
-0
-0
11.4809
-0
-0
-0
-0
2.47453
-0
-0
-0
-0
12.9736
-0
-0
-0
-0
-0
12.806
-0
-0
-0
-0
-0
-0
-0
-0
7.35151
7.02462
-0
-0
-0
-0
-0
-0
3.89844
21.0282
-0
20.4841
-0
0.326434
20.2822
-0
-0
38.3687
-0
56.5852
50.9651
-0
-0
-0
-0
-0
-0
-0
-0
-0
-0
-0
-0
3.88358
-0
38.1308
-0
-0
-0
10.9428
-0
18.5848
-0
14.9786
-0
-0
-0
-0
34.239
16.1657
10.1802
29.3743
-0
-0
2.24205
-0
-0
-0
-0
-0
-0
-0
-0
-0
29.3837
-0
-0
33.4612
34.9426
-0
-0
-0
7.00025
-0
-0
-0
13.2388
-0
-0
7.1988
-0
-0
2.01515
-0
-0
-0
-0
-0
1.26764
-0
2.50022
33.252
-0
-0
1.25585
-0
7.95451
8.83486
14.0968
-0
-0
-0
-0
-0
-0
25.9369
-0
-0
-0
-0
-0
-0
-0
-0
-0
-0
-0
-0
-0
-0
-0
-0
24.0036
-0
3.12753
30.8195
-0
45.7274
19.2482
-0
-0
-0
-0
-0
9.09927
-0
-0
-0
-0
-0
23.723
-0
-0
51.3751
-0
6.83328
-0
-0
-0
-0
18.6918
-0
-0
-0
27.5988
-0
-0
-0
30.5564
3.85588
6.91507
-0
-0
-0
-0
11.229
5.0904
27.6014
1.71873
-0
-0
21.5804
-0
-0
-0
-0
1.41633
-0
-0
-0
-0
-0
55.5511
16.3842
-0
-0
7.55963
-0
-0
28.0968
-0
-0
-0
-0
-0
9.37319
-0
7.63796
9.20956
-0
-0
-0
-0
-0
20.1704
-0
-0
-0
-0
17.4279
13.0872
-0
-0
-0
-0
-0
-0
-0
-0
-0
12.3643
-0
1.97567
-0
-0
-0
-0
-0
1.42617
-0
12.4704
11.1422
-0
-0
-0
27.1703
-0
-0
6.36952
-0
-0
-0
5.87056
-0
-0
-0
-0
-0
-0
1.67477
23.9364
14.1179
-0
0.693923
8.80375
-0
19.5759
-0
-0
-0
-0
-0
-0
-0
-0
-0
-0
13.5951
-0
0.0280788
-0
-0
-0
1.00125
-0
-0
-0
27.3423
0.259167
20.1329
-0
-0
-0
-0
-0
-0
-0
3.97696
-0
-0
-0
-0
-0
-0
-0
-0
-0
39.5743
-0
-0
-0
-0
-0
-0
-0
9.09599
-0
-0
-0
-0
-0
20.2677
-0
-0
-0
-0
-0
-0
-0
-0
-0
-0
-0
-0
-0
-0
-0
-0
-0
-0
36.8745
-0
-0
-0
32.0706
-0
-0
-0
-0
13.2618
-0
-0
-0
31.0821
-0
-0
1.11227
-0
1.19078
-0
42.2404
-0
-0
-0
-0
-0
-0
-0
-0
-0
16.7085
-0
-0
-0
-0
-0
13.4033
12.3181
-0
-0
-0
-0
29.4255
-0
-0
3.44037
-0
-0
27.1553
-0
-0
-0
-0
-0
-0
-0
-0
-0
-0
13.6205
-0
-0
-0
-0
29.3544
23.2552
-0
-0
-0
-0
-0
4.61558
8.56347
-0
-0
-0
-0
-0
-0
-0
44.7076
-0
-0
-0
-0
-0
-0
11.6679
15.5355
4.88769
-0
-0
3.43498
-0
-0
-0
-0
5.64273
0.200341
-0
-0
-0
14.907
-0
8.24502
2.24019
-0
-0
-0
-0
-0
-0
-0
-0
-0
-0
-0
-0
-0
-0
-0
-0
-0
17.1934
-0
12.9429
-0
7.50451
-0
-0
-0
-0
-0
-0
-0
-0
-0
-0
-0
10.6072
-0
-0
-0
-0
-0
-0
-0
-0
-0
-0
-0
36.0852
-0
-0
-0
24.499
21.8265
33.3169
-0
13.7057
-0
-0
-0
22.4413
-0
-0
-0
-0
-0
-0
-0
5.24247
-0
-0
-0
-0
26.9251
-0
-0
-0
6.6492
11.0496
-0
-0
10.3007
-0
-0
10.761
-0
-0
-0
-0
3.69626
-0
-0
0.618296
-0
-0
32.9155
-0
-0
-0
-0
48.5374
-0
-0
-0
29.8896
-0
13.5853
2.07466
28.0635
-0
5.93177
31.5447
-0
-0
-0
-0
-0
-0
14.0638
11.2944
-0
54.4282
-0
-0
1.87569
-0
-0
-0
36.3951
-0
-0
-0
-0
-0
-0
-0
-0
-0
-0
-0
-0
-0
-0
11.3365
29.9998
-0
-0
16.8445
-0
-0
-0
18.2415
-0
-0
-0
-0
-0
-0
-0
-0
-0
-0
-0
-0
-0
-0
-0
-0
-0
5.66951
-0
-0
-0
-0
-0
40.6026
-0
8.74079
-0
-0
13.6924
-0
-0
-0
-0
22.6804
-0
-0
-0
-0
-0
-0
26.8577
-0
-0
-0
5.1173
10.4801
-0
5.55642
-0
-0
-0
-0
-0
-0
-0
-0
-0
-0
-0
-0
27.6572
-0
-0
-0
-0
-0
-0
-0
-0
-0
-0
-0
-0
-0
-0
-0
-0
17.6686
-0
-0
17.9358
-0
-0
-0
-0
-0
-0
-0
1.90002
-0
-0
1.38654
-0
-0
1.1132
-0
3.71779
-0
-0
-0
-0
-0
-0
-0
-0
-0
-0
-0
27.2812
-0
47.1446
-0
-0
-0
-0
-0
-0
-0
0.782511
-0
-0
-0
-0
49.4625
3.77366
-0
-0
-0
-0
-0
-0
23.0383
-0
-0
-0
-0
-0
13.2094
-0
-0
-0
-0
-0
-0
-0
-0
-0
21.1716
-0
-0
-0
-0
-0
-0
-0
-0
-0
34.402
17.1826
-0
-0
-0
-0
-0
-0
-0
-0
-0
37.7179
-0
-0
2.05323
28.7688
-0
0.364131
7.24955
-0
-0
-0
-0
-0
21.2215
-0
-0
3.34311
-0
-0
-0
-0
15.3738
-0
-0
-0
8.55997
-0
47.5291
-0
-0
-0
-0
-0
-0
-0
29.8058
-0
-0
-0
-0
20.5107
-0
-0
-0
-0
-0
-0
27.6136
-0
6.45613
27.8759
2.79509
-0
5.50398
-0
-0
14.7402
-0
-0
-0
-0
-0
8.97006
33.6611
-0
0.442006
-0
-0
24.5311
12.7974
-0
-0
-0
-0
-0
1.83167
23.7435
-0
-0
0.792319
-0
-0
-0
-0
5.14869
-0
0.350597
-0
24.2177
-0
-0
-0
-0
0.153483
-0
-0
-0
-0
-0
33.6681
-0
-0
21.0266
-0
-0
-0
-0
15.4347
-0
5.46529
-0
-0
2.4254
9.32759
18.7647
-0
-0
-0
-0
14.5147
-0
9.6906
-0
-0
-0
-0
-0
13.1399
14.9101
-0
-0
-0
-0
-0
-0
-0
-0
-0
-0
25.2782
-0
-0
-0
-0
5.923
-0
-0
15.2092
8.93417
-0
-0
0.646344
12.7939
-0
-0
-0
0.754547
-0
-0
-0
-0
-0
-0
-0
-0
-0
-0
-0
-0
-0
23.113
0.0723836
-0
-0
21.4119
-0
-0
-0
-0
38.7999
-0
20.613
-0
-0
-0
-0
-0
-0
-0
-0
-0
-0
-0
-0
-0
-0
-0
-0
-0
1.69428
-0
11.8828
-0
6.39799
-0
-0
-0
-0
-0
-0
15.8818
13.5518
40.4249
13.8668
19.2281
42.504
-0
-0
-0
-0
-0
21.3389
19.5032
-0
9.8016
28.4424
-0
-0
0.476193
-0
-0
4.30173
-0
-0
-0
19.0987
-0
-0
13.4786
-0
-0
-0
-0
-0
-0
-0
14.9354
-0
-0
-0
-0
-0
-0
9.28104
-0
-0
-0
-0
-0
-0
22.3226
-0
6.27519
0.410673
12.2824
28.9964
-0
-0
-0
-0
-0
-0
-0
40.1416
31.3133
-0
31.1442
-0
26.6003
-0
-0
-0
-0
9.25554
-0
-0
-0
-0
12.6985
-0
-0
-0
-0
-0
-0
0.674065
-0
-0
-0
7.46748
-0
-0
-0
9.76877
-0
-0
19.8743
-0
-0
-0
-0
-0
17.4748
34.7528
-0
-0
-0
-0
-0
15.8795
-0
-0
-0
13.4592
-0
-0
-0
1.15434
-0
9.24881
6.94132
19.9071
-0
20.1304
-0
-0
-0
-0
39.7666
-0
-0
-0
4.23553
-0
-0
-0
33.3214
-0
-0
-0
-0
-0
-0
-0
-0
-0
-0
-0
-0
-0
-0
-0
-0
-0
14.4259
-0
-0
19.2242
-0
-0
-0
0.622914
-0
-0
-0
-0
-0
-0
-0
-0
0.495369
2.30762
-0
-0
-0
-0
-0
-0
3.4687
-0
-0
-0
8.7408
19.8768
10.2646
0.596268
-0
-0
57.5754
-0
-0
21.2502
-0
-0
-0
-0
-0
-0
-0
-0
8.95939
-0
-0
-0
-0
-0
-0
-0
-0
-0
-0
-0
-0
13.389
-0
-0
-0
-0
-0
38.6821
-0
-0
-0
-0
-0
12.9807
7.2094
-0
-0
-0
-0
-0
-0
-0
-0
-0
-0
-0
20.6157
-0
-0
42.7622
0.130166
25.7117
-0
-0
-0
-0
-0
-0
0.418378
-0
-0
-0
-0
33.2965
30.1047
2.26434
-0
17.5947
1.80266
7.52693
-0
-0
-0
-0
9.07287
-0
-0
-0
24.0852
-0
-0
-0
27.9853
-0
42.714
-0
-0
-0
13.6092
-0
-0
-0
3.26994
-0
-0
-0
5.43213
-0
-0
-0
-0
-0
11.7001
-0
-0
-0
-0
22.1541
11.7593
-0
-0
-0
-0
-0
-0
-0
32.6166
10.8128
-0
65.2153
30.5641
-0
-0
-0
-0
9.19457
-0
-0
-0
-0
-0
-0
-0
8.11925
-0
-0
-0
-0
-0
-0
-0
1.2096
-0
-0
-0
28.3875
19.1734
-0
-0
-0
-0
-0
-0
-0
-0
-0
-0
-0
-0
-0
-0
-0
-0
-0
4.68796
-0
-0
9.6956
-0
-0
8.3589
-0
-0
-0
-0
-0
-0
-0
24.0335
26.9255
6.83332
-0
-0
-0
-0
-0
-0
-0
-0
-0
-0
-0
-0
-0
-0
-0
-0
-0
-0
-0
-0
-0
-0
-0
-0
-0
-0
-0
-0
-0
-0
-0
27.4539
15.6012
6.74381
-0
9.19035
-0
-0
-0
-0
-0
-0
-0
-0
12.1231
5.60515
-0
-0
-0
-0
-0
-0
-0
-0
-0
-0
-0
-0
-0
-0
-0
-0
41.8384
-0
-0
-0
30.3368
-0
-0
-0
-0
-0
-0
-0
-0
-0
-0
13.0754
-0
-0
3.3254
-0
-0
-0
-0
-0
-0
-0
-0
-0
-0
-0
-0
-0
-0
-0
-0
31.3295
-0
-0
-0
-0
-0
-0
-0
-0
-0
-0
-0
-0
-0
-0
4.7831
-0
4.49509
-0
-0
1.50441
2.50873
-0
-0
30.1311
-0
-0
-0
-0
-0
-0
-0
-0
-0
-0
7.33401
-0
-0
3.15126
-0
-0
-0
-0
-0
-0
-0
-0
23.3565
-0
-0
-0
-0
1.67512
-0
-0
-0
19.9721
-0
-0
-0
9.50906
20.8539
-0
-0
-0
73.5058
-0
-0
17.7138
-0
-0
33.9762
4.01943
25.1459
-0
38.8231
-0
-0
29.469
1.55205
-0
-0
-0
-0
-0
-0
16.5688
-0
11.0108
6.49725
-0
-0
10.0102
-0
-0
-0
-0
-0
-0
20.2251
-0
-0
-0
-0
16.698
-0
18.7695
-0
-0
-0
-0
-0
-0
-0
-0
-0
-0
0.697122
23.3585
-0
-0
-0
-0
7.64259
-0
-0
-0
-0
-0
-0
-0
-0
-0
7.82497
-0
-0
-0
4.1021
36.0944
-0
-0
-0
-0
-0
-0
-0
-0
-0
-0
-0
33.3186
-0
-0
-0
-0
-0
-0
0.0256439
-0
8.27673
-0
20.0568
-0
-0
-0
-0
-0
-0
8.2983
16.3476
-0
24.2199
-0
8.49986
-0
-0
-0
-0
-0
34.7877
-0
-0
-0
-0
-0
-0
-0
-0
-0
-0
-0
-0
41.4343
-0
-0
-0
-0
-0
11.1835
43.0047
-0
24.8167
4.98627
-0
-0
-0
-0
-0
-0
-0
-0
-0
-0
-0
-0
-0
3.7373
7.10872
-0
-0
-0
-0
-0
-0
-0
-0
-0
13.5924
-0
-0
-0
-0
-0
13.3101
2.20575
-0
-0
21.0234
-0
-0
-0
-0
-0
-0
13.1037
-0
-0
-0
-0
-0
-0
-0
-0
-0
-0
-0
-0
-0
19.7948
27.1449
-0
-0
-0
0.484471
-0
41.3113
-0
-0
17.2479
-0
-0
0.405541
-0
-0
-0
-0
-0
35.1606
-0
-0
-0
47.4378
-0
-0
-0
-0
-0
22.7728
-0
-0
-0
-0
-0
-0
-0
3.26539
29.7382
-0
20.685
-0
-0
-0
-0
-0
-0
-0
-0
-0
9.43322
-0
-0
-0
-0
-0
-0
-0
-0
-0
-0
-0
-0
-0
37.8294
4.94997
-0
-0
-0
-0
8.42386
-0
34.6834
-0
-0
-0
-0
-0
-0
-0
8.67452
-0
-0
34.8809
-0
-0
20.1522
-0
27.7555
-0
-0
-0
-0
-0
-0
-0
-0
-0
1.175
-0
-0
-0
-0
-0
-0
-0
-0
-0
-0
27.109
-0
-0
-0
-0
-0
-0
-0
17.5058
-0
-0
-0
-0
28.1802
-0
13.7237
-0
-0
-0
-0
-0
-0
-0
-0
-0
-0
-0
-0
-0
2.56659
-0
-0
-0
-0
8.06855
-0
6.46674
6.79488
-0
-0
-0
-0
-0
10.0408
-0
-0
14.8098
2.68595
-0
-0
-0
-0
-0
-0
-0
-0
-0
-0
-0
-0
-0
-0
38.7358
-0
-0
0.568649
-0
-0
-0
-0
-0
-0
-0
-0
-0
-0
-0
-0
16.2295
-0
-0
-0
-0
-0
-0
-0
-0
-0
-0
-0
-0
-0
-0
25.015
-0
18.0544
-0
-0
-0
-0
14.5321
-0
-0
-0
-0
26.3029
-0
-0
-0
-0
-0
3.61381
8.37406
-0
-0
-0
-0
-0
7.31411
-0
11.2461
48.1664
43.9599
-0
-0
-0
-0
-0
-0
-0
-0
-0
-0
-0
10.359
-0
0.246956
-0
21.8448
12.8471
-0
17.455
-0
-0
-0
29.2357
9.2774
-0
-0
-0
-0
-0
-0
-0
-0
-0
20.4749
-0
-0
-0
-0
-0
-0
-0
-0
-0
-0
-0
-0
28.0681
2.10735
19.5467
-0
-0
-0
-0
-0
-0
-0
-0
-0
-0
-0
-0
-0
-0
-0
4.35709
-0
-0
-0
-0
-0
-0
-0
-0
-0
2.5882
9.97602
-0
-0
4.69809
21.8548
-0
-0
-0
-0
-0
11.9687
-0
-0
-0
-0
-0
-0
-0
-0
18.225
-0
-0
-0
-0
-0
-0
12.2173
-0
-0
-0
-0
30.1099
-0
1.28803
-0
-0
-0
-0
11.3296
-0
-0
-0
-0
-0
-0
-0
15.3589
-0
-0
-0
-0
18.4711
-0
-0
-0
-0
11.3906
35.5301
-0
-0
9.77338
19.5793
-0
-0
-0
-0
-0
-0
9.04904
-0
-0
-0
-0
-0
-0
-0
21.7343
-0
-0
-0
-0
34.5939
-0
-0
-0
-0
-0
20.6267
42.6005
-0
-0
-0
-0
-0
-0
-0
-0
-0
-0
-0
1.24908
-0
-0
37.5064
-0
6.61084
-0
10.3458
-0
51.6955
-0
-0
-0
-0
-0
-0
-0
5.38966
-0
-0
-0
-0
-0
-0
17.3485
-0
29.2259
-0
-0
-0
51.5501
3.1058
-0
4.43387
-0
-0
8.85732
8.87005
-0
-0
-0
36.5602
-0
-0
-0
-0
-0
-0
-0
-0
-0
-0
-0
-0
-0
-0
-0
30.2617
-0
35.895
-0
-0
-0
-0
-0
-0
-0
6.91283
-0
2.24919
18.6313
-0
-0
25.1575
-0
16.3568
2.86381
2.36008
27.9891
-0
-0
-0
-0
1.69104
31.1271
17.2792
-0
5.64806
-0
-0
-0
-0
-0
-0
22.7053
-0
-0
-0
38.8677
-0
-0
-0
-0
-0
24.0248
-0
-0
6.25835
-0
8.40331
29.7828
-0
-0
-0
26.5589
-0
-0
-0
-0
-0
-0
-0
-0
-0
-0
-0
-0
-0
9.52271
-0
-0
-0
-0
-0
-0
1.90102
-0
-0
-0
8.71986
17.8485
-0
18.7706
-0
-0
-0
-0
6.87355
-0
-0
-0
-0
32.0928
7.05495
-0
-0
-0
-0
-0
-0
-0
22.1135
-0
4.99911
-0
-0
-0
40.775
-0
-0
-0
-0
-0
-0
-0
-0
-0
21.9996
-0
-0
-0
-0
-0
-0
39.8837
-0
-0
-0
-0
-0
-0
-0
-0
0.921634
-0
-0
-0
-0
-0
5.44247
-0
-0
2.12389
-0
-0
-0
-0
1.62952
-0
36.8873
3.07352
-0
-0
-0
18.1813
12.1963
-0
-0
-0
-0
-0
-0
-0
-0
-0
-0
-0
7.58307
-0
-0
-0
-0
-0
-0
-0
-0
-0
-0
-0
-0
17.2989
-0
-0
-0
-0
-0
-0
-0
-0
-0
14.6412
-0
0.0355115
-0
-0
-0
-0
12.4747
-0
-0
-0
-0
-0
19.4422
-0
-0
-0
-0
-0
-0
-0
57.969
-0
37.3756
-0
-0
-0
20.3369
-0
-0
-0
-0
-0
-0
-0
14.9868
-0
-0
-0
-0
-0
51.3738
-0
-0
-0
-0
-0
-0
-0
16.5878
-0
-0
-0
-0
10.1218
-0
45.6668
-0
-0
-0
22.5803
-0
19.1573
-0
-0
-0
-0
-0
-0
-0
-0
-0
-0
-0
-0
15.7453
-0
-0
1.45578
-0
0.597011
-0
-0
-0
14.7202
-0
-0
-0
-0
-0
-0
9.63236
-0
-0
-0
-0
2.0145
-0
-0
-0
-0
25.4436
-0
-0
-0
-0
-0
-0
-0
-0
-0
16.3162
-0
-0
-0
-0
-0
-0
-0
-0
-0
-0
-0
-0
19.0151
-0
-0
-0
-0
-0
0.339856
-0
-0
-0
-0
-0
5.84121
28.1427
-0
-0
25.8457
-0
-0
23.404
-0
-0
-0
52.031
-0
-0
-0
-0
-0
28.8422
14.1698
1.46212
14.9245
28.818
56.813
-0
-0
10.9077
-0
-0
-0
-0
-0
-0
-0
11.7282
19.5695
-0
-0
-0
14.6923
-0
-0
-0
-0
-0
-0
-0
-0
-0
-0
-0
-0
-0
-0
-0
-0
-0
-0
-0
-0
-0
-0
21.8573
-0
-0
-0
-0
-0
-0
-0
-0
27.3442
-0
-0
-0
-0
27.8179
18.1606
-0
-0
-0
-0
-0
-0
-0
-0
-0
-0
-0
-0
-0
-0
-0
-0
-0
-0
-0
38.1256
-0
29.7975
-0
-0
21.5715
-0
-0
-0
-0
-0
-0
-0
29.9667
-0
29.917
1.27333
-0
-0
-0
-0
-0
-0
-0
-0
-0
20.7985
8.54303
-0
-0
-0
-0
-0
-0
-0
-0
9.15922
-0
0.895148
9.14288
5.37956
-0
-0
-0
-0
4.64435
48.7063
-0
-0
-0
-0
-0
-0
71.2182
-0
-0
-0
12.0249
-0
-0
23.9391
-0
-0
-0
-0
-0
-0
-0
11.9025
-0
-0
-0
-0
-0
-0
16.912
-0
19.9702
-0
-0
-0
-0
-0
-0
-0
-0
17.433
-0
-0
32.6109
-0
40.881
-0
-0
9.80429
11.7658
-0
9.1348
-0
-0
56.4114
-0
-0
-0
-0
-0
-0
9.86299
-0
-0
-0
-0
-0
-0
-0
-0
26.9011
-0
-0
-0
-0
9.88365
-0
-0
-0
-0
-0
6.95271
-0
-0
-0
-0
-0
-0
-0
20.8688
-0
-0
6.69257
-0
-0
-0
-0
-0
-0
-0
-0
6.65599
-0
-0
-0
0.597466
-0
-0
-0
-0
9.92824
-0
19.6422
1.40262
-0
0.32988
0.395959
-0
9.03924
-0
3.7241
-0
-0
66.9269
4.256
-0
-0
-0
-0
-0
17.2571
-0
4.28129
-0
-0
21.7081
-0
-0
4.31652
-0
6.31132
-0
-0
-0
15.3811
11.7399
-0
-0
-0
-0
-0
-0
28.8522
-0
-0
-0
-0
-0
-0
-0
-0
-0
-0
-0
-0
8.06685
36.5273
-0
18.0583
-0
-0
-0
-0
-0
-0
-0
-0
-0
-0
-0
-0
-0
-0
-0
-0
-0
-0
-0
21.9592
-0
3.55774
-0
-0
-0
-0
-0
-0
-0
-0
-0
13.7275
-0
-0
-0
0.374761
-0
6.09267
-0
10.2094
-0
14.6131
-0
-0
9.36758
-0
-0
-0
-0
-0
-0
16.3473
3.401
-0
-0
-0
-0
13.6001
-0
-0
-0
-0
30.7603
11.7414
-0
-0
4.43832
42.2812
-0
0.401724
-0
-0
-0
-0
-0
-0
-0
-0
4.62223
-0
-0
-0
-0
-0
-0
-0
-0
20.0391
14.5181
-0
-0
14.5671
-0
11.2944
4.68726
-0
-0
-0
-0
-0
-0
-0
11.025
-0
-0
-0
-0
-0
0.583691
-0
-0
11.2233
-0
-0
-0
-0
-0
-0
25.2862
43.0366
3.83763
-0
31.3757
-0
-0
-0
-0
-0
40.4803
-0
-0
-0
-0
16.2547
-0
-0
-0
