-0
-0
-0
-0
-0
3.5659
-0
-0
22.2429
-0
21.289
-0
1.30948
-0
-0
6.26123
-0
-0
-0
-0
-0
22.4414
-0
-0
-0
-0
-0
-0
-0
-0
-0
-0
-0
-0
0.620197
-0
-0
-0
36.0628
-0
-0
-0
-0
-0
-0
-0
-0
-0
-0
-0
-0
-0
-0
-0
0.101353
-0
-0
-0
28.5996
-0
-0
-0
-0
21.2681
-0
-0
-0
-0
-0
1.38582
-0
-0
-0
-0
-0
-0
40.7957
-0
-0
9.13128
-0
7.37287
-0
-0
-0
-0
-0
-0
-0
36.7065
-0
-0
-0
-0
-0
-0
0.598404
6.70489
7.12862
-0
-0
-0
-0
-0
-0
-0
11.3051
16.0536
-0
-0
-0
3.12917
-0
-0
2.55783
-0
3.99169
-0
27.8588
53.8409
-0
-0
-0
-0
-0
-0
2.23158
19.3124
-0
-0
-0
7.07046
21.9397
-0
-0
-0
11.8669
12.5215
-0
23.9134
-0
-0
-0
20.1587
-0
-0
-0
4.69459
-0
-0
5.76411
-0
-0
-0
-0
-0
-0
-0
-0
1.44364
-0
1.98418
-0
34.1491
24.4409
-0
31.1475
1.63177
-0
37.3218
-0
17.9804
-0
-0
-0
-0
6.57192
-0
-0
-0
-0
-0
-0
-0
-0
10.4923
-0
-0
-0
-0
16.0212
37.4712
32.5999
9.28083
-0
-0
-0
-0
-0
-0
-0
44.623
-0
-0
-0
-0
-0
7.55759
-0
-0
-0
11.8946
6.70946
-0
-0
14.3101
27.9119
-0
2.52554
-0
16.5631
-0
-0
20.413
-0
-0
-0
15.6512
-0
-0
-0
-0
-0
-0
-0
-0
-0
-0
-0
-0
11.802
-0
-0
-0
-0
-0
-0
-0
0.979788
-0
-0
-0
0.0601918
-0
6.60672
-0
4.97938
15.9689
-0
-0
-0
-0
-0
27.7219
-0
-0
-0
-0
-0
-0
-0
15.2702
-0
8.6003
-0
-0
-0
-0
19.2936
-0
-0
11.5076
-0
28.1874
-0
-0
0.936218
6.49014
-0
-0
-0
-0
37.239
-0
25.7895
-0
-0
-0
27.5679
42.9975
-0
-0
-0
-0
34.3868
23.8219
-0
-0
24.7287
-0
-0
-0
-0
-0
4.51488
-0
-0
-0
-0
0.755499
-0
-0
10.8361
26.6057
-0
-0
-0
-0
-0
-0
-0
-0
-0
-0
-0
-0
-0
11.5042
5.50003
-0
-0
-0
-0
40.8592
10.4646
-0
-0
-0
-0
22.9515
-0
-0
7.92657
-0
2.2986
-0
-0
-0
-0
-0
-0
-0
-0
28.6838
-0
2.38398
-0
-0
10.1772
-0
-0
18.8256
-0
-0
-0
-0
-0
-0
0.252876
-0
-0
-0
-0
-0
-0
-0
-0
-0
-0
-0
9.69823
-0
-0
0.207192
-0
-0
-0
-0
-0
-0
19.8534
-0
-0
-0
-0
0.820212
-0
-0
-0
-0
-0
13.2089
-0
-0
13.3582
-0
-0
-0
1.92996
-0
3.44719
-0
-0
-0
4.60698
3.35858
19.5687
-0
14.3577
34.7043
-0
27.7077
27.0823
-0
-0
-0
4.68985
-0
-0
-0
-0
21.4659
-0
-0
-0
3.31721
-0
-0
-0
-0
3.44499
-0
-0
-0
5.30776
2.32915
-0
-0
-0
-0
-0
-0
6.72217
-0
-0
14.2539
-0
-0
-0
-0
-0
-0
-0
-0
-0
-0
-0
-0
-0
12.874
-0
-0
-0
-0
-0
-0
-0
-0
-0
-0
33.6924
-0
-0
-0
-0
-0
-0
-0
-0
-0
-0
-0
-0
25.6058
-0
-0
-0
-0
-0
20.8528
-0
-0
-0
5.15544
-0
-0
-0
-0
-0
-0
-0
-0
7.59273
-0
-0
-0
2.72026
-0
0.154966
-0
-0
-0
-0
-0
45.8951
-0
21.5629
42.0713
3.74079
-0
-0
-0
-0
-0
-0
12.8526
7.03536
-0
-0
3.48523
-0
-0
-0
-0
-0
-0
-0
-0
-0
-0
-0
-0
30.1993
-0
0.681379
-0
-0
-0
1.92755
36.9596
-0
-0
-0
-0
-0
-0
-0
-0
-0
-0
-0
-0
14.1795
44.5759
-0
-0
-0
-0
-0
18.6834
-0
-0
-0
-0
-0
-0
-0
9.20009
20.53
8.84328
13.027
-0
-0
-0
-0
-0
-0
17.2868
-0
13.3808
-0
-0
14.1577
-0
-0
-0
15.0355
-0
-0
-0
3.23257
-0
-0
-0
-0
-0
-0
-0
-0
-0
-0
24.5276
-0
-0
-0
-0
-0
-0
9.30429
-0
-0
-0
-0
-0
5.6063
-0
-0
-0
-0
2.02691
-0
-0
8.20387
-0
51.0765
-0
-0
-0
-0
-0
-0
-0
9.46878
27.6775
-0
24.342
14.4732
-0
-0
-0
-0
-0
-0
18.9305
16.0612
18.3993
-0
-0
1.53647
49.7195
12.2366
29.1387
-0
6.34885
-0
44.9809
-0
-0
-0
-0
-0
-0
35.3742
-0
-0
-0
-0
-0
-0
-0
17.7161
-0
8.31676
-0
4.20301
13.0619
-0
-0
-0
-0
-0
-0
-0
-0
-0
-0
-0
-0
-0
-0
-0
-0
30.3326
15.6342
-0
-0
-0
-0
12.8418
-0
-0
33.8232
-0
2.46052
-0
9.78287
-0
0.606869
-0
-0
-0
-0
17.0582
-0
-0
13.226
-0
-0
-0
13.7983
-0
-0
-0
-0
-0
-0
-0
-0
35.034
-0
1.71981
-0
-0
5.65794
4.5851
8.16947
-0
-0
-0
20.2014
-0
-0
-0
-0
-0
-0
-0
-0
-0
16.1464
-0
3.19444
20.6011
-0
-0
-0
-0
15.551
-0
-0
-0
-0
-0
-0
10.3638
-0
-0
-0
-0
-0
-0
-0
13.5233
-0
-0
20.491
-0
3.97384
24.0413
9.36473
-0
-0
-0
-0
-0
-0
-0
28.2356
-0
-0
-0
-0
-0
-0
-0
-0
23.9238
4.04955
18.4182
1.36146
3.48403
25.5179
-0
-0
-0
-0
-0
-0
-0
-0
0.675011
-0
-0
-0
-0
38.4096
4.92565
-0
-0
4.01329
-0
-0
14.5115
-0
-0
6.27708
33.5081
-0
-0
33.9329
-0
4.50137
-0
29.6717
-0
-0
-0
-0
-0
1.40447
-0
-0
-0
18.7149
-0
33.5168
9.83483
-0
-0
-0
-0
-0
-0
-0
-0
18.7841
19.3518
-0
25.5272
28.9084
-0
-0
10.6688
14.844
-0
-0
-0
-0
-0
19.3359
-0
15.1881
-0
11.5139
26.7152
-0
-0
-0
-0
-0
8.20638
-0
-0
-0
-0
-0
-0
21.2491
-0
18.3376
6.70573
9.06878
-0
18.8776
-0
-0
-0
10.7205
-0
-0
-0
26.8108
35.7287
21.7622
-0
-0
-0
20.845
-0
36.7712
21.664
-0
-0
-0
-0
-0
-0
-0
-0
-0
-0
-0
-0
-0
20.9583
-0
-0
-0
-0
-0
-0
-0
-0
22.1247
-0
-0
-0
-0
-0
28.8167
-0
-0
-0
12.6748
-0
-0
-0
-0
-0
-0
-0
-0
-0
-0
-0
-0
-0
-0
-0
-0
-0
-0
-0
-0
-0
-0
5.4032
-0
-0
15.2828
-0
-0
-0
-0
-0
-0
-0
-0
-0
-0
35.9353
-0
-0
3.28122
-0
-0
-0
4.81297
-0
-0
-0
-0
-0
-0
32.5895
-0
-0
-0
-0
4.45871
-0
18.796
18.7419
-0
-0
-0
-0
-0
-0
34.0042
-0
-0
-0
-0
1.96328
-0
3.34689
-0
7.15818
-0
-0
-0
-0
9.5808
-0
-0
31.1428
-0
-0
-0
-0
-0
20.6119
-0
-0
12.5595
-0
-0
-0
0.821933
-0
-0
-0
-0
-0
-0
-0
-0
14.9503
-0
-0
14.3168
-0
-0
-0
-0
-0
-0
8.2913
-0
-0
-0
-0
-0
-0
-0
-0
-0
-0
-0
-0
-0
-0
-0
-0
-0
-0
-0
-0
-0
-0
17.3319
-0
32.2309
-0
-0
-0
-0
-0
-0
-0
5.97808
-0
-0
-0
-0
8.32348
-0
-0
-0
-0
-0
4.29854
9.37665
-0
-0
-0
-0
-0
-0
0.479952
-0
-0
-0
0.455665
-0
-0
-0
-0
62.8287
-0
-0
-0
-0
6.35613
-0
-0
-0
11.1312
-0
-0
17.6768
-0
-0
-0
25.1353
-0
-0
-0
-0
-0
11.6661
-0
-0
-0
27.4823
22.059
33.5513
-0
-0
-0
34.6982
-0
17.6534
19.9522
-0
-0
-0
-0
-0
-0
-0
-0
-0
-0
-0
-0
9.53073
-0
-0
-0
-0
-0
12.441
-0
4.61204
-0
7.93429
-0
-0
-0
-0
-0
4.56848
-0
12.4602
10.265
-0
-0
-0
2.96303
-0
-0
-0
-0
-0
-0
1.12047
-0
-0
-0
26.9125
21.8225
-0
-0
-0
27.0409
-0
-0
-0
-0
-0
-0
-0
-0
-0
-0
40.9579
-0
-0
-0
-0
-0
11.1916
-0
7.70015
10.0039
-0
12.5484
-0
1.69795
30.5092
6.02284
-0
-0
1.54121
-0
-0
-0
56.8641
17.6301
-0
-0
6.83353
-0
-0
-0
-0
-0
-0
-0
37.9525
9.34693
-0
-0
-0
17.1937
-0
9.1245
-0
-0
-0
46.2216
44.619
-0
-0
-0
11.6672
-0
-0
-0
-0
-0
-0
-0
-0
-0
23.4665
-0
0.345658
0.0216177
-0
-0
-0
25.8023
-0
-0
-0
37.67
0.11477
-0
-0
-0
9.65989
4.54506
-0
3.23956
2.58933
-0
4.16795
29.5147
5.12162
4.24884
-0
-0
-0
16.1916
-0
-0
-0
-0
-0
-0
-0
-0
-0
-0
28.5068
-0
-0
10.6615
26.2939
37.5484
1.08552
-0
-0
-0
-0
-0
-0
-0
-0
-0
5.21981
-0
-0
9.38679
-0
0.535044
-0
-0
-0
-0
10.6029
15.5191
19.7126
-0
-0
-0
-0
-0
8.2652
-0
-0
3.57623
-0
0.600896
-0
-0
-0
-0
-0
-0
-0
18.7016
7.40934
-0
-0
-0
20.8387
-0
-0
-0
-0
-0
-0
3.02594
-0
-0
-0
-0
-0
-0
-0
25.2374
4.11282
-0
-0
-0
-0
22.1087
-0
-0
-0
-0
-0
-0
-0
-0
-0
-0
-0
0.654525
-0
-0
7.23948
-0
1.29658
14.9312
-0
-0
43.5605
-0
23.1153
-0
-0
-0
-0
-0
-0
-0
-0
-0
-0
13.1761
-0
-0
-0
-0
-0
-0
-0
-0
11.6357
28.0233
-0
-0
3.21078
-0
-0
-0
-0
-0
-0
-0
6.0622
-0
-0
-0
12.4591
-0
-0
-0
-0
-0
-0
-0
-0
-0
6.47249
-0
-0
-0
-0
33.7395
-0
-0
-0
42.003
-0
-0
1.53481
-0
-0
-0
-0
-0
-0
-0
-0
-0
-0
3.58242
-0
-0
-0
-0
-0
10.3293
-0
-0
-0
-0
-0
17.0156
-0
-0
-0
-0
-0
15.5056
-0
-0
-0
12.7392
-0
10.9402
-0
-0
-0
-0
-0
-0
-0
-0
-0
-0
-0
-0
-0
-0
-0
-0
-0
-0
-0
-0
-0
38.3746
-0
31.7621
-0
-0
-0
-0
5.05379
-0
-0
-0
-0
-0
-0
-0
-0
28.6455
-0
-0
-0
-0
-0
-0
-0
-0
-0
-0
-0
26.8977
-0
0.394311
-0
-0
6.78937
-0
-0
-0
-0
20.958
-0
-0
5.20722
-0
-0
23.2014
-0
-0
-0
-0
-0
-0
7.10586
-0
-0
-0
-0
-0
-0
-0
8.95094
-0
66.0785
-0
2.05325
-0
-0
-0
-0
-0
-0
-0
-0
11.6967
-0
-0
1.87896
-0
5.84813
60.681
-0
-0
18.2753
-0
16.023
-0
-0
-0
18.1711
-0
1.19226
-0
24.5284
73.7527
6.79474
-0
13.15
-0
-0
-0
6.50157
-0
-0
-0
13.34
-0
-0
-0
0.661142
-0
16.0386
12.6991
-0
8.22633
-0
-0
-0
10.8376
-0
1.27074
-0
14.624
-0
-0
4.42254
-0
-0
-0
-0
5.68939
-0
6.38035
33.1641
-0
-0
0.0213783
-0
-0
4.43598
10.3429
23.718
-0
-0
-0
12.8464
3.83096
23.5724
-0
14.775
-0
-0
24.3371
-0
-0
-0
-0
-0
-0
-0
-0
-0
-0
-0
-0
1.29321
-0
-0
25.2254
-0
-0
-0
-0
-0
-0
-0
-0
-0
-0
-0
-0
33.475
-0
-0
-0
50.4209
-0
-0
6.42903
-0
-0
-0
-0
7.6516
-0
-0
13.6702
-0
-0
-0
-0
-0
5.79648
-0
-0
-0
-0
-0
-0
0.501711
-0
-0
-0
-0
-0
-0
-0
-0
12.0289
-0
-0
-0
-0
-0
-0
24.4453
22.1503
-0
-0
-0
-0
-0
-0
40.2523
-0
-0
-0
-0
-0
-0
9.77874
3.14512
-0
-0
-0
-0
-0
-0
-0
-0
-0
-0
-0
22.354
-0
-0
25.0417
-0
-0
-0
-0
-0
-0
-0
-0
-0
-0
-0
-0
-0
18.4082
7.91171
-0
-0
-0
-0
-0
-0
-0
-0
-0
-0
-0
-0
8.43784
-0
-0
-0
-0
-0
-0
-0
-0
-0
-0
10.1305
-0
-0
-0
-0
-0
1.3407
-0
-0
-0
-0
-0
-0
-0
-0
-0
1.27752
-0
-0
21.6184
-0
11.3207
40.3121
6.4395
9.57457
-0
-0
4.87117
-0
6.44692
6.54729
-0
-0
10.7449
-0
22.3782
-0
-0
-0
-0
7.2109
-0
-0
-0
11.901
32.7936
-0
-0
-0
-0
-0
6.3726
-0
-0
-0
62.3078
15.5241
1.0182
-0
-0
-0
-0
19.7336
2.77072
-0
-0
1.17109
1.51728
-0
-0
35.8892
-0
21.398
40.4196
58.2727
8.70224
-0
-0
-0
-0
-0
5.03952
1.70307
-0
-0
-0
-0
-0
-0
-0
-0
6.25956
-0
-0
-0
-0
-0
2.06351
-0
-0
-0
25.9611
3.76554
-0
-0
-0
-0
-0
-0
-0
-0
-0
-0
17.2091
5.88185
11.4959
15.8715
27.1656
10.1869
20.912
-0
-0
-0
-0
-0
-0
17.5428
-0
11.4957
48.4238
-0
-0
15.5849
16.6449
-0
22.7775
-0
-0
-0
-0
-0
-0
24.1205
-0
-0
-0
12.853
-0
-0
-0
-0
-0
1.59743
-0
30.0435
-0
-0
-0
-0
0.71229
-0
-0
-0
-0
8.97814
39.5144
-0
-0
11.9951
-0
3.65522
-0
-0
39.2922
-0
-0
9.87001
-0
6.55261
-0
-0
-0
-0
3.87487
-0
-0
-0
-0
33.6399
-0
-0
-0
-0
-0
-0
23.8311
-0
-0
-0
-0
-0
-0
-0
-0
-0
28.8646
-0
-0
-0
-0
-0
-0
-0
23.6052
-0
-0
-0
-0
12.784
54.8264
2.20674
-0
-0
-0
-0
-0
-0
-0
-0
-0
-0
2.58162
-0
-0
-0
-0
7.34962
-0
-0
-0
46.9314
-0
-0
-0
-0
28.0521
-0
9.06812
-0
-0
-0
-0
-0
-0
-0
-0
-0
-0
8.42236
-0
-0
15.8516
-0
12.9623
2.45752
13.2672
17.4157
-0
8.26498
43.2704
-0
3.67427
25.7155
12.8036
0.890543
4.36352
16.4651
-0
32.7104
-0
15.8002
-0
-0
-0
-0
-0
-0
18.5449
-0
-0
21.3576
-0
-0
-0
-0
-0
-0
8.8621
-0
-0
-0
31.0177
6.29492
-0
8.79873
-0
-0
-0
-0
-0
-0
-0
9.26291
-0
-0
-0
-0
-0
-0
5.30717
-0
-0
-0
-0
-0
-0
-0
-0
-0
-0
-0
-0
-0
-0
-0
-0
-0
-0
-0
36.4015
12.5087
-0
12.8444
29.956
-0
-0
-0
-0
-0
-0
-0
-0
-0
-0
37.0567
-0
-0
-0
-0
-0
-0
-0
-0
-0
-0
23.7855
-0
-0
-0
47.3431
-0
-0
-0
-0
12.2396
-0
-0
-0
-0
2.18488
-0
-0
-0
-0
5.76741
20.7623
-0
-0
-0
17.5147
-0
-0
-0
-0
-0
0.74095
-0
-0
-0
32.2482
-0
-0
11.652
-0
12.0429
-0
-0
21.2933
-0
-0
-0
-0
6.32994
-0
-0
-0
-0
-0
-0
-0
-0
-0
-0
-0
10.9912
-0
-0
-0
-0
-0
-0
-0
-0
13.9967
-0
-0
-0
-0
-0
5.90308
-0
-0
10.7275
-0
-0
-0
1.29981
-0
-0
-0
-0
-0
-0
-0
-0
-0
-0
-0
-0
-0
15.8461
-0
13.0803
2.89412
-0
-0
-0
13.5085
-0
-0
7.38691
-0
-0
-0
-0
-0
54.4054
4.26796
-0
-0
-0
-0
30.0429
1.32288
-0
-0
-0
14.3606
-0
3.92446
-0
-0
-0
-0
-0
21.5301
-0
-0
-0
-0
12.2226
-0
-0
11.2173
-0
-0
-0
-0
-0
-0
-0
-0
-0
-0
-0
-0
-0
39.6015
-0
-0
5.91427
-0
-0
-0
-0
-0
0.85039
-0
-0
-0
-0
-0
36.7201
-0
-0
-0
0.785194
-0
-0
25.4961
14.5272
-0
-0
-0
-0
-0
26.3521
-0
-0
15.4444
46.0218
-0
8.6317
-0
-0
-0
7.39279
-0
9.69676
-0
5.69858
38.3902
-0
-0
12.4449
-0
-0
-0
-0
-0
-0
-0
16.2471
-0
-0
11.9915
5.4421
-0
-0
-0
-0
-0
-0
-0
25.5051
-0
-0
-0
19.4369
-0
-0
-0
-0
-0
-0
33.6608
-0
0.067261
-0
-0
-0
-0
-0
-0
-0
-0
-0
-0
-0
3.22368
-0
-0
-0
-0
40.3773
18.7697
-0
-0
-0
-0
-0
-0
-0
8.85028
8.82931
-0
-0
-0
-0
-0
-0
-0
1.08445
-0
-0
-0
-0
-0
29.2961
-0
-0
19.1391
-0
-0
14.0979
-0
20.5716
-0
-0
29.9207
-0
-0
-0
-0
-0
0.859692
-0
-0
23.5349
-0
-0
-0
-0
-0
-0
-0
-0
-0
-0
-0
-0
-0
-0
13.0771
15.4552
-0
-0
3.20028
-0
-0
10.0308
-0
-0
-0
0.90312
-0
-0
-0
-0
-0
5.13131
3.54676
7.06711
8.24484
-0
-0
-0
30.8212
14.1785
9.64547
-0
-0
4.70105
0.610698
-0
-0
-0
-0
-0
-0
-0
11.2446
-0
-0
-0
14.4945
-0
-0
-0
-0
-0
25.6201
-0
-0
-0
-0
-0
-0
-0
-0
-0
-0
-0
-0
10.903
-0
-0
-0
-0
-0
-0
-0
-0
-0
-0
17.9999
26.8945
-0
-0
-0
-0
-0
28.962
-0
-0
8.69836
-0
-0
-0
-0
-0
4.88984
-0
19.4759
-0
-0
0.0170541
-0
-0
-0
7.03368
-0
-0
21.628
-0
-0
-0
-0
1.9637
-0
-0
-0
-0
-0
-0
-0
-0
14.2817
-0
-0
-0
-0
-0
1.07406
-0
-0
-0
-0
-0
-0
-0
-0
-0
-0
-0
-0
15.0856
61.021
-0
-0
-0
40.2289
-0
4.72669
-0
-0
-0
9.72819
-0
70.1919
-0
20.9414
-0
0.0245824
8.21941
15.3881
-0
-0
-0
-0
-0
-0
27.4881
-0
-0
-0
-0
-0
8.58863
-0
-0
-0
-0
-0
-0
9.36885
-0
-0
-0
-0
-0
-0
-0
24.7247
-0
0.914395
-0
-0
-0
-0
-0
-0
-0
17.5826
-0
-0
-0
-0
-0
-0
8.14087
-0
16.2614
-0
-0
-0
-0
-0
-0
6.51197
18.8341
-0
-0
-0
-0
-0
-0
-0
-0
-0
-0
-0
1.49853
-0
-0
-0
-0
-0
13.6229
-0
-0
-0
2.58817
0.768658
-0
-0
27.9208
-0
-0
-0
-0
-0
-0
-0
-0
24.1648
-0
9.00483
-0
14.5779
-0
11.169
-0
-0
-0
42.0318
-0
-0
-0
-0
-0
-0
-0
-0
-0
-0
-0
-0
-0
-0
-0
-0
-0
-0
26.0148
24.6422
-0
16.3654
9.71561
15.5393
-0
-0
-0
-0
-0
3.70264
24.567
-0
-0
-0
-0
-0
8.69434
28.5872
-0
-0
-0
-0
-0
-0
-0
-0
-0
11.7161
-0
-0
-0
-0
-0
-0
-0
-0
-0
3.86976
-0
-0
38.431
-0
-0
13.7758
-0
-0
7.05101
-0
-0
-0
-0
-0
4.95649
-0
-0
-0
13.527
-0
7.40062
3.56532
-0
-0
-0
-0
-0
33.4683
-0
3.59807
-0
-0
-0
0.460061
-0
-0
16.3986
-0
-0
24.035
-0
-0
6.98733
71.4815
-0
-0
48.6995
-0
-0
26.4331
-0
-0
-0
-0
-0
-0
-0
-0
19.5307
-0
15.3247
-0
-0
10.7265
-0
-0
-0
-0
-0
-0
0.0326267
12.7249
-0
-0
-0
-0
-0
-0
-0
-0
-0
-0
-0
-0
25.4501
-0
6.35583
-0
2.25178
-0
-0
-0
-0
-0
-0
-0
-0
-0
-0
-0
-0
-0
-0
54.1786
-0
-0
5.27746
-0
-0
-0
-0
-0
-0
-0
-0
-0
-0
5.96933
31.3461
-0
-0
-0
-0
-0
-0
-0
-0
-0
-0
-0
-0
-0
-0
-0
-0
-0
-0
12.049
-0
-0
-0
-0
23.1691
-0
-0
-0
-0
-0
-0
19.8207
7.64379
-0
-0
-0
-0
18.228
-0
-0
11.2732
-0
11.916
-0
-0
-0
-0
5.21384
-0
-0
-0
-0
-0
23.587
15.8673
-0
-0
34.4562
2.31766
-0
-0
-0
-0
-0
-0
-0
-0
-0
28.7609
14.4724
-0
-0
-0
22.253
-0
-0
3.12922
19.07
-0
-0
0.33463
-0
-0
-0
-0
-0
-0
2.7969
-0
11.567
-0
-0
-0
-0
-0
-0
-0
-0
-0
-0
-0
-0
-0
-0
-0
-0
16.1719
-0
-0
41.2828
10.7942
-0
-0
-0
-0
-0
26.2787
-0
-0
-0
-0
-0
8.94448
10.0222
-0
-0
-0
1.99657
17.7163
21.5082
-0
-0
34.4847
0.573611
22.7836
-0
-0
-0
-0
-0
-0
-0
-0
-0
-0
6.23814
-0
15.7451
-0
24.3703
7.40421
36.2964
-0
-0
-0
-0
30.7464
-0
-0
-0
-0
-0
-0
-0
1.49305
-0
-0
-0
-0
-0
-0
-0
15.7176
-0
-0
1.15288
-0
-0
-0
-0
45.2864
-0
-0
-0
-0
-0
-0
-0
7.1955
-0
-0
-0
-0
-0
-0
-0
4.59641
-0
-0
-0
-0
-0
-0
-0
-0
30.2204
-0
-0
6.61759
57.4565
-0
-0
-0
-0
-0
-0
-0
-0
-0
7.54883
-0
-0
10.5653
-0
-0
-0
-0
-0
-0
-0
-0
-0
4.55565
-0
-0
32.6073
1.4636
-0
-0
-0
27.1219
-0
-0
-0
-0
-0
-0
-0
-0
-0
-0
-0
-0
14.0305
13.31
22.4771
-0
-0
-0
-0
25.2754
-0
7.88358
19.9573
-0
6.43
32.587
25.891
-0
13.4022
1.54854
-0
-0
-0
-0
0.430373
-0
30.68
-0
-0
-0
-0
0.220902
3.50698
-0
-0
-0
-0
-0
-0
10.2222
-0
-0
-0
-0
-0
-0
-0
-0
-0
-0
-0
-0
-0
-0
-0
10.5385
-0
-0
20.3559
21.1683
-0
-0
-0
17.6356
-0
13.2271
-0
0.0249782
-0
-0
20.2165
-0
-0
-0
-0
-0
-0
18.1436
-0
-0
-0
-0
27.1634
-0
21.3616
-0
-0
9.55692
16.4333
13.9362
-0
-0
-0
-0
7.94452
19.8884
-0
33.4098
-0
43.6626
-0
44.4651
-0
-0
-0
-0
-0
-0
-0
-0
-0
-0
-0
-0
-0
3.45727
-0
14.4875
-0
-0
-0
-0
-0
-0
-0
5.22863
-0
5.4629
11.7971
-0
-0
-0
-0
-0
16.2378
17.5112
1.27514
-0
13.9867
-0
-0
43.6015
29.6999
12.0142
-0
-0
-0
-0
-0
-0
-0
-0
-0
-0
-0
34.5534
38.5202
9.59728
-0
-0
-0
-0
35.8676
-0
4.23269
-0
22.436
-0
13.2832
-0
-0
-0
-0
-0
-0
-0
-0
-0
-0
-0
-0
14.8789
-0
-0
-0
15.3143
6.41369
-0
27.1602
-0
6.93674
-0
-0
-0
-0
-0
7.99402
-0
-0
6.94543
-0
16.5203
0.891406
-0
8.73086
10.8755
-0
-0
-0
-0
-0
35.3846
-0
6.19383
-0
-0
-0
-0
-0
14.2247
-0
-0
9.19205
-0
-0
74.1972
-0
-0
-0
-0
10.0762
-0
-0
-0
-0
35.4317
-0
-0
-0
-0
-0
-0
16.7035
-0
-0
-0
7.32974
-0
-0
12.7332
-0
35.3781
2.2955
-0
-0
-0
-0
5.36523
-0
-0
-0
-0
-0
36.1619
-0
39.0389
-0
81.2086
2.43264
31.3164
-0
-0
18.0738
-0
-0
0.195027
-0
13.5781
-0
-0
-0
-0
-0
-0
-0
39.9388
-0
-0
-0
-0
26.4344
-0
-0
-0
-0
31.3184
-0
-0
15.4991
12.8735
-0
-0
-0
-0
-0
-0
-0
32.3441
-0
-0
0.513624
-0
-0
-0
6.85182
-0
-0
-0
-0
-0
21.015
9.47592
-0
-0
-0
-0
-0
-0
-0
34.0107
-0
12.5612
29.7862
-0
-0
-0
-0
-0
-0
-0
-0
-0
-0
3.67559
-0
-0
-0
-0
-0
-0
-0
-0
-0
-0
-0
-0
-0
-0
-0
-0
-0
-0
2.79092
-0
25.9728
-0
-0
-0
-0
-0
31.4786
-0
-0
-0
-0
0.459862
-0
24.3436
-0
-0
-0
-0
-0
14.4036
-0
-0
-0
2.20648
-0
-0
34.141
-0
-0
-0
-0
-0
-0
-0
-0
-0
-0
-0
-0
-0
29.1523
-0
26.2456
-0
32.8149
1.99381
-0
-0
-0
-0
-0
-0
-0
3.04892
-0
11.2974
-0
-0
-0
-0
-0
-0
-0
-0
0.341837
0.696517
-0
-0
33.4107
-0
5.94792
-0
-0
-0
-0
-0
-0
-0
-0
-0
-0
27.0362
-0
-0
22.4073
-0
-0
0.58639
-0
-0
-0
3.81776
-0
-0
-0
-0
-0
11.4469
-0
18.541
-0
16.2271
31.287
5.9422
-0
42.8015
-0
-0
0.993373
-0
-0
-0
-0
3.92013
13.7417
-0
-0
-0
-0
-0
-0
-0
-0
-0
-0
-0
8.92831
27.1567
-0
-0
-0
-0
-0
-0
-0
-0
-0
-0
-0
-0
-0
25.487
-0
-0
-0
-0
-0
-0
-0
-0
21.1811
-0
-0
-0
-0
-0
49.8484
-0
-0
-0
-0
-0
-0
-0
-0
-0
-0
-0
-0
12.802
-0
-0
-0
-0
8.95417
-0
-0
-0
9.22764
-0
-0
30.6144
8.89039
-0
-0
-0
-0
-0
-0
-0
-0
-0
-0
-0
-0
-0
-0
16.6155
-0
-0
-0
-0
10.6604
-0
-0
4.22717
-0
-0
-0
13.4499
-0
-0
-0
-0
3.78705
-0
-0
-0
-0
-0
-0
-0
48.2851
-0
-0
13.6311
14.6144
-0
2.71724
-0
-0
-0
-0
16.3813
-0
-0
43.5359
-0
-0
-0
-0
-0
-0
-0
41.492
-0
-0
-0
-0
-0
-0
3.69556
-0
3.23443
-0
-0
-0
-0
-0
-0
-0
-0
17.7299
-0
-0
43.5366
-0
-0
-0
-0
-0
12.7925
-0
0.409324
-0
-0
19.5113
-0
-0
-0
-0
-0
0.219385
9.60435
10.9531
-0
-0
-0
-0
-0
-0
-0
21.3077
-0
-0
-0
-0
15.7494
35.8044
-0
-0
-0
-0
5.25525
14.4502
-0
-0
-0
-0
-0
-0
1.1277
-0
-0
20.5803
39.8694
-0
-0
-0
-0
-0
-0
31.2975
-0
-0
-0
-0
3.04378
-0
-0
-0
-0
-0
-0
0.300762
30.6662
-0
28.551
2.20332
27.8252
-0
-0
-0
-0
-0
70.6221
-0
-0
-0
27.1005
-0
-0
8.13348
-0
-0
45.7314
-0
-0
-0
-0
-0
-0
14.2813
-0
-0
-0
-0
19.4901
-0
-0
-0
-0
-0
-0
5.48637
-0
-0
-0
-0
-0
-0
-0
-0
-0
-0
-0
-0
-0
16.5887
3.00852
-0
-0
-0
-0
-0
1.34682
-0
-0
-0
-0
-0
-0
-0
-0
-0
-0
21.8493
-0
-0
-0
-0
-0
1.46611
4.73601
-0
-0
-0
-0
-0
-0
-0
15.9162
2.82041
-0
-0
-0
26.7845
-0
4.47197
-0
2.04405
-0
-0
-0
-0
24.417
-0
-0
-0
27.1461
-0
-0
-0
0.6072
-0
-0
13.9945
-0
-0
-0
-0
-0
9.68093
44.6004
19.1432
-0
-0
4.60219
14.8974
-0
-0
-0
-0
-0
-0
-0
-0
-0
-0
3.80289
-0
-0
30.3829
4.13671
-0
-0
-0
5.17814
13.388
-0
-0
-0
14.0257
8.64384
-0
-0
-0
-0
-0
-0
-0
-0
-0
-0
-0
-0
-0
-0
-0
-0
-0
-0
22.9889
-0
-0
-0
-0
-0
-0
27.8481
-0
-0
-0
-0
4.60666
-0
-0
-0
-0
-0
-0
-0
-0
-0
-0
-0
-0
-0
