2.84874
-0
-0
-0
-0
-0
-0
-0
-0
-0
-0
-0
19.2774
-0
-0
1.69597
18.591
-0
-0
-0
-0
22.0548
-0
-0
-0
-0
-0
-0
-0
-0
42.8435
-0
-0
-0
2.7289
-0
-0
-0
-0
-0
31.9244
-0
-0
-0
-0
17.7713
-0
0.271769
-0
-0
-0
-0
-0
22.1423
0.216289
-0
-0
0.450649
-0
-0
-0
-0
-0
-0
44.0568
-0
6.08688
-0
-0
-0
-0
-0
22.2336
-0
-0
0.00502837
-0
-0
-0
5.5085
-0
34.3755
21.9042
53.5
-0
25.6226
-0
-0
-0
-0
-0
1.1944
8.28889
-0
26.8929
-0
-0
-0
-0
-0
-0
-0
-0
-0
33.6986
-0
-0
23.9777
-0
-0
39.9311
-0
-0
-0
-0
-0
42.0979
-0
-0
-0
41.2721
-0
-0
27.8702
-0
-0
-0
-0
-0
-0
-0
-0
-0
-0
-0
-0
-0
-0
-0
-0
-0
-0
16.8907
22.0452
58.3088
-0
-0
-0
12.7624
-0
2.53421
23.4985
-0
50.4442
-0
-0
-0
-0
-0
0.221377
-0
-0
-0
-0
-0
-0
-0
-0
-0
11.515
13.1239
-0
-0
-0
-0
-0
7.24447
-0
17.7062
34.6468
-0
-0
-0
-0
-0
-0
68.8214
-0
-0
-0
-0
-0
-0
-0
-0
-0
-0
-0
0.710681
-0
-0
-0
11.1888
17.6227
-0
24.5652
9.23318
6.62844
-0
-0
-0
-0
6.23249
-0
-0
24.8
-0
-0
-0
-0
-0
-0
-0
-0
-0
-0
-0
-0
-0
22.8764
-0
32.8052
-0
-0
-0
-0
-0
-0
-0
-0
-0
-0
-0
-0
-0
22.052
-0
-0
-0
-0
-0
-0
-0
-0
-0
-0
-0
4.76881
12.4054
-0
1.10739
-0
8.79312
-0
-0
-0
-0
-0
-0
-0
5.04532
-0
-0
-0
-0
-0
13.4267
-0
-0
-0
-0
-0
-0
-0
-0
-0
-0
-0
-0
-0
-0
27.9436
-0
-0
1.05905
-0
-0
-0
-0
0.127557
0.191645
4.1929
0.816346
-0
-0
10.091
3.03392
-0
-0
-0
39.8667
-0
-0
-0
-0
1.39613
-0
-0
-0
-0
-0
-0
20.1
-0
-0
-0
-0
-0
-0
-0
-0
-0
-0
-0
-0
0.11161
-0
-0
-0
-0
-0
-0
-0
-0
-0
-0
-0
34.3546
14.6939
-0
-0
-0
-0
-0
-0
-0
-0
-0
-0
23.6113
-0
-0
-0
50.8643
-0
1.79854
-0
-0
-0
-0
-0
14.6285
-0
2.61174
-0
-0
-0
-0
-0
-0
-0
18.1559
-0
-0
8.48595
2.38603
-0
-0
-0
-0
-0
-0
-0
-0
-0
-0
-0
-0
-0
-0
-0
9.52932
-0
-0
22.5974
-0
-0
14.5377
59.8322
-0
-0
-0
-0
-0
-0
3.52414
-0
44.1135
-0
-0
11.289
-0
-0
-0
-0
8.28852
6.12209
7.92132
-0
-0
-0
6.90799
-0
-0
12.4597
-0
20.5964
-0
-0
-0
-0
-0
-0
-0
-0
-0
-0
-0
-0
-0
-0
-0
-0
-0
-0
34.9463
-0
54.1135
-0
-0
-0
-0
16.3457
-0
-0
-0
-0
-0
32.5186
-0
-0
22.0049
59.9591
-0
-0
-0
4.28099
-0
-0
-0
-0
-0
-0
-0
-0
-0
-0
-0
-0
-0
-0
-0
-0
26.3431
-0
38.2972
10.5849
-0
36.2001
-0
4.23562
-0
26.7759
4.37076
-0
-0
-0
20.0817
-0
-0
-0
-0
-0
46.5826
-0
-0
31.5762
-0
-0
-0
-0
-0
-0
-0
-0
-0
-0
-0
10.32
28.3385
-0
-0
-0
-0
3.60841
-0
-0
5.36606
10.8821
-0
-0
-0
-0
-0
-0
-0
-0
-0
-0
-0
18.5697
-0
29.7905
-0
-0
-0
-0
-0
-0
-0
-0
25.5184
-0
-0
-0
-0
-0
-0
-0
-0
-0
5.35653
13.9482
-0
-0
-0
-0
-0
-0
-0
-0
-0
-0
-0
-0
22.1175
-0
-0
-0
5.20789
-0
-0
7.86177
-0
-0
-0
-0
-0
-0
36.3688
-0
-0
-0
-0
-0
-0
-0
-0
-0
-0
-0
-0
-0
-0
-0
12.6188
-0
-0
17.1962
-0
-0
-0
-0
-0
-0
-0
-0
-0
-0
-0
-0
-0
-0
-0
-0
-0
3.25959
-0
40.1311
-0
14.7065
-0
-0
-0
-0
0.814969
-0
-0
-0
5.52684
-0
-0
-0
-0
18.9534
-0
1.63069
-0
-0
-0
-0
-0
-0
-0
-0
-0
-0
-0
-0
-0
3.71583
-0
0.610242
-0
8.85473
12.8499
-0
9.58344
-0
-0
8.39897
21.7099
-0
-0
-0
-0
2.3236
-0
17.3236
-0
-0
-0
-0
-0
-0
-0
-0
-0
-0
-0
-0
-0
-0
-0
24.5963
-0
-0
-0
-0
-0
-0
-0
-0
-0
-0
-0
-0
-0
-0
14.8099
6.27874
-0
-0
-0
25.1632
-0
-0
-0
-0
19.8076
-0
1.93625
-0
31.5392
-0
16.6372
-0
-0
-0
-0
-0
-0
39.379
-0
-0
8.73891
-0
-0
-0
-0
2.33338
53.68
-0
-0
3.87057
-0
-0
-0
-0
-0
-0
-0
-0
-0
49.3384
-0
27.2855
-0
-0
-0
-0
-0
-0
-0
-0
-0
-0
-0
-0
-0
-0
-0
-0
-0
-0
-0
20.7195
55.0465
-0
-0
-0
0.0364201
-0
-0
-0
-0
-0
-0
77.2959
43.609
-0
-0
-0
-0
-0
-0
3.54062
-0
-0
-0
15.3304
-0
-0
-0
-0
-0
-0
-0
-0
17.677
-0
-0
31.3108
-0
-0
-0
-0
-0
-0
-0
43.2355
-0
-0
-0
-0
-0
-0
-0
-0
-0
-0
-0
-0
-0
-0
21.2581
-0
-0
-0
-0
-0
-0
-0
-0
-0
40.4091
-0
-0
-0
-0
-0
-0
-0
-0
26.1193
-0
24.0228
-0
0.939317
-0
-0
-0
-0
20.156
44.3037
-0
-0
-0
-0
-0
-0
-0
-0
-0
-0
19.1486
-0
-0
-0
35.4794
63.7425
-0
-0
5.17191
-0
-0
-0
-0
-0
-0
-0
37.0648
-0
-0
-0
45.9166
-0
-0
-0
-0
-0
39.3146
-0
-0
-0
-0
-0
-0
-0
-0
-0
-0
-0
-0
-0
-0
2.80172
-0
-0
-0
-0
-0
-0
1.13836
18.0056
30.5161
-0
7.8115
68.4555
-0
-0
-0
-0
11.9989
-0
-0
21.3134
52.6223
-0
-0
-0
2.76811
-0
-0
13.5496
29.7205
-0
1.95928
77.3208
-0
-0
-0
-0
-0
23.3224
-0
-0
-0
-0
-0
-0
46.777
-0
40.7248
11.0793
17.4094
-0
-0
22.3658
-0
-0
-0
17.2339
-0
22.5725
8.74753
-0
-0
-0
-0
-0
-0
-0
-0
0.979016
-0
-0
-0
-0
39.3785
-0
-0
-0
-0
-0
83.2803
-0
-0
-0
-0
-0
-0
-0
-0
-0
20.0355
-0
-0
-0
-0
-0
-0
-0
-0
25.7109
-0
-0
-0
-0
-0
-0
-0
-0
-0
-0
-0
-0
-0
-0
-0
-0
-0
-0
-0
-0
40.0897
6.47838
-0
-0
36.9056
-0
-0
-0
-0
41.8911
33.1786
-0
-0
41.2301
15.7244
-0
-0
34.0141
65.0564
-0
5.47678
-0
35.7886
-0
51.2197
-0
-0
-0
-0
-0
-0
-0
-0
-0
-0
-0
-0
-0
39.8638
-0
-0
-0
-0
16.6752
-0
26.7408
23.379
-0
41.3946
1.60483
-0
-0
-0
-0
-0
-0
-0
-0
-0
-0
-0
-0
-0
-0
-0
-0
-0
-0
7.61605
-0
-0
-0
45.1186
-0
-0
-0
-0
-0
76.3803
-0
-0
-0
-0
-0
-0
-0
-0
-0
-0
-0
-0
-0
-0
-0
-0
-0
-0
-0
-0
-0
-0
-0
1.12328
-0
-0
-0
-0
-0
-0
-0
-0
-0
-0
11.1394
8.00558
-0
-0
-0
-0
-0
-0
19.0766
22.2524
-0
-0
-0
42.7255
29.7304
12.9038
-0
-0
-0
-0
-0
-0
-0
36.2044
-0
5.63848
-0
-0
-0
-0
-0
-0
-0
-0
-0
-0
-0
-0
55.2501
-0
-0
-0
-0
-0
5.42153
-0
-0
-0
-0
59.8356
-0
-0
-0
-0
-0
2.76634
-0
4.79605
20.4539
-0
-0
-0
-0
-0
-0
-0
-0
39.2952
-0
-0
-0
-0
-0
-0
-0
-0
-0
-0
-0
-0
-0
-0
-0
-0
-0
-0
-0
-0
3.36323
-0
-0
-0
-0
-0
3.06239
33.5156
-0
-0
-0
-0
52.1361
-0
-0
-0
7.72833
-0
-0
5.48222
-0
-0
-0
-0
-0
-0
-0
-0
-0
-0
-0
-0
-0
-0
-0
-0
-0
-0
-0
-0
-0
-0
-0
29.0543
-0
-0
44.5419
-0
-0
-0
-0
-0
-0
-0
-0
-0
-0
-0
37.1756
4.88412
30.1266
-0
-0
-0
2.08804
-0
-0
-0
-0
34.1783
13.6496
8.4767
-0
-0
-0
-0
-0
-0
31.5404
-0
2.1213
-0
19.6562
-0
-0
-0
8.43374
-0
-0
-0
10.0144
-0
-0
-0
-0
2.64244
-0
-0
-0
-0
-0
-0
-0
-0
-0
31.2386
-0
-0
-0
-0
-0
35.2298
-0
-0
-0
-0
8.69358
-0
59.6211
-0
-0
-0
36.6424
-0
-0
-0
-0
-0
-0
-0
-0
-0
-0
-0
-0
-0
-0
-0
39.5962
-0
-0
-0
7.26123
-0
-0
-0
6.27282
-0
-0
-0
-0
59.9491
76.5075
10.387
-0
55.3823
-0
-0
-0
-0
-0
31.9888
6.51962
-0
11.1049
11.1617
54.463
-0
-0
35.4083
-0
-0
-0
-0
-0
-0
-0
-0
-0
-0
-0
-0
-0
-0
-0
-0
24.9547
18.3495
-0
7.3651
-0
-0
-0
-0
-0
-0
3.53103
-0
5.48083
-0
-0
-0
-0
-0
-0
-0
-0
-0
-0
-0
-0
-0
-0
-0
-0
-0
14.5487
4.87673
-0
-0
-0
-0
-0
38.0343
-0
-0
-0
-0
-0
22.0096
-0
-0
-0
-0
-0
-0
-0
-0
-0
-0
-0
-0
-0
-0
44.0256
-0
-0
-0
37.7411
-0
-0
-0
44.4691
-0
-0
-0
-0
-0
27.1099
-0
-0
-0
-0
-0
5.50023
-0
-0
26.1942
-0
-0
-0
16.9202
23.8375
-0
-0
-0
-0
-0
-0
5.35558
-0
-0
21.7361
-0
-0
1.9712
-0
-0
-0
-0
-0
0.5759
-0
4.18482
-0
-0
18.0826
4.98657
-0
19.0624
-0
-0
-0
-0
-0
-0
-0
9.48243
10.8328
20.9968
-0
13.1514
-0
12.8507
-0
-0
-0
-0
-0
-0
-0
11.7695
-0
-0
-0
-0
-0
-0
24.0776
-0
-0
14.6012
-0
-0
-0
-0
7.81215
-0
-0
-0
69.6144
-0
-0
-0
-0
-0
8.65018
-0
-0
-0
-0
-0
4.37135
-0
-0
-0
13.888
-0
-0
-0
-0
15.4651
-0
10.3524
-0
-0
-0
-0
-0
-0
-0
9.27227
-0
6.92264
-0
2.97627
47.1189
-0
-0
-0
-0
-0
-0
-0
-0
6.48759
-0
32.2497
-0
-0
-0
-0
19.6068
-0
1.5751
-0
-0
9.7839
57.5974
-0
-0
-0
-0
-0
-0
-0
-0
-0
-0
-0
-0
-0
-0
-0
-0
0.151241
-0
-0
-0
-0
-0
-0
-0
-0
9.96785
-0
-0
44.3345
-0
15.1119
-0
-0
-0
-0
-0
-0
-0
-0
-0
-0
-0
-0
-0
-0
-0
-0
-0
-0
-0
-0
-0
-0
-0
-0
-0
-0
-0
-0
9.3749
-0
-0
2.29353
-0
-0
-0
-0
-0
3.72788
-0
-0
5.48598
-0
43.2842
-0
-0
-0
-0
-0
29.1804
-0
-0
-0
-0
-0
-0
-0
34.494
-0
-0
-0
-0
-0
-0
-0
49.8509
-0
0.0212321
-0
-0
-0
-0
-0
1.18704
28.7166
-0
-0
-0
-0
-0
-0
-0
-0
28.9725
0.0960498
-0
-0
-0
-0
-0
-0
9.76543
-0
-0
-0
-0
-0
11.8122
-0
-0
-0
-0
-0
-0
-0
-0
-0
22.8585
-0
6.14967
-0
-0
-0
-0
-0
-0
-0
-0
-0
9.26675
37.427
-0
-0
-0
-0
-0
-0
-0
-0
-0
-0
-0
-0
15.455
-0
-0
-0
-0
-0
-0
36.3846
-0
7.51273
-0
-0
-0
-0
-0
-0
-0
-0
-0
-0
-0
-0
-0
-0
-0
-0
-0
-0
-0
-0
-0
-0
56.2884
-0
24.5479
-0
-0
-0
-0
-0
3.63939
-0
-0
-0
-0
-0
-0
-0
-0
14.4326
-0
-0
-0
-0
-0
-0
-0
-0
-0
-0
-0
-0
38.8999
-0
-0
13.8936
2.17734
-0
-0
-0
-0
-0
-0
-0
-0
-0
-0
-0
-0
-0
-0
-0
-0
-0
-0
-0
-0
88.9274
20.8735
-0
-0
87.7951
-0
-0
-0
33.2473
-0
-0
22.9358
40.0763
86.5851
-0
3.78442
-0
-0
-0
-0
-0
-0
33.5838
-0
-0
48.4385
-0
-0
24.5774
-0
17.0593
-0
-0
-0
-0
-0
-0
-0
-0
-0
-0
-0
-0
-0
-0
-0
-0
-0
-0
-0
-0
-0
-0
13.8729
-0
35.7793
12.9833
10.9526
-0
-0
-0
-0
-0
18.2401
-0
-0
-0
-0
-0
-0
-0
-0
-0
-0
11.0877
-0
41.3249
74.7696
-0
33.1526
-0
-0
-0
-0
10.4112
-0
-0
-0
-0
-0
-0
-0
-0
-0
-0
-0
-0
-0
-0
-0
-0
-0
29.5043
-0
-0
-0
-0
-0
-0
-0
-0
-0
20.4117
-0
-0
-0
76.2153
-0
-0
63.9889
-0
-0
3.85294
30.8665
23.4363
-0
-0
-0
-0
63.1438
-0
5.97951
67.1433
-0
-0
-0
19.9287
-0
-0
-0
-0
12.9985
-0
11.3138
-0
21.9917
-0
14.8136
-0
-0
-0
20.6357
-0
-0
-0
-0
-0
-0
-0
-0
-0
-0
-0
-0
-0
-0
-0
-0
-0
-0
-0
-0
0.509231
-0
-0
8.12544
-0
1.20716
-0
-0
-0
-0
-0
-0
-0
-0
-0
32.6207
-0
-0
-0
-0
34.3915
-0
-0
17.6289
22.7476
-0
39.5282
65.5192
-0
-0
-0
3.80653
5.3372
-0
-0
-0
-0
-0
-0
7.1933
-0
-0
-0
-0
-0
-0
11.3407
-0
-0
17.2177
-0
-0
34.7862
27.4021
-0
-0
-0
-0
-0
6.34106
0.79865
37.6196
1.03018
-0
-0
-0
-0
-0
43.3287
-0
-0
-0
23.842
-0
-0
-0
-0
34.46
-0
33.6731
-0
7.84867
-0
-0
-0
3.58305
-0
-0
-0
-0
-0
8.41832
-0
-0
-0
-0
28.0589
5.63967
-0
-0
-0
43.5725
-0
-0
-0
-0
-0
-0
-0
-0
30.3759
-0
-0
-0
-0
-0
-0
-0
-0
-0
-0
-0
-0
0.555322
-0
-0
-0
2.36596
-0
-0
-0
-0
-0
-0
-0
-0
-0
-0
5.44378
-0
-0
-0
-0
51.4021
-0
5.87592
-0
-0
-0
-0
-0
-0
-0
22.743
-0
-0
-0
3.91188
-0
-0
-0
29.0132
-0
9.13988
1.4214
-0
-0
-0
15.1126
-0
-0
-0
-0
-0
-0
-0
-0
21.0949
-0
-0
23.6413
19.9105
-0
40.3163
-0
-0
-0
-0
-0
-0
-0
-0
44.1474
-0
-0
-0
-0
-0
-0
-0
-0
-0
-0
-0
-0
-0
-0
-0
33.2055
-0
-0
-0
-0
-0
20.1375
-0
-0
-0
-0
-0
-0
-0
-0
-0
-0
-0
-0
9.5417
-0
0.919056
2.10488
9.17688
-0
-0
-0
66.2175
-0
-0
-0
-0
-0
-0
-0
-0
-0
-0
20.2933
-0
-0
-0
-0
-0
-0
18.196
-0
-0
-0
-0
3.56673
54.7864
-0
-0
-0
-0
-0
18.1821
16.6911
-0
-0
-0
-0
-0
-0
-0
-0
-0
-0
-0
-0
6.83767
-0
-0
-0
-0
0.0617118
-0
-0
-0
-0
-0
-0
8.3473
-0
-0
-0
-0
-0
-0
-0
-0
28.4354
-0
-0
-0
-0
43.8729
9.48088
-0
44.4615
-0
-0
-0
-0
-0
-0
-0
-0
-0
-0
-0
-0
21.1925
-0
-0
36.7007
-0
-0
0.310623
15.4787
-0
79.6335
-0
-0
-0
-0
-0
7.39681
-0
-0
-0
5.47914
-0
-0
-0
1.92439
-0
-0
-0
-0
-0
-0
-0
-0
39.742
-0
-0
-0
-0
-0
-0
21.2823
-0
-0
-0
-0
-0
-0
-0
-0
39.54
-0
-0
-0
-0
-0
13.8188
-0
-0
-0
-0
5.29388
29.612
-0
-0
-0
-0
16.0643
-0
-0
-0
-0
-0
-0
8.72732
2.05052
-0
-0
-0
-0
20.2298
-0
38.2924
-0
-0
-0
-0
-0
-0
-0
17.9818
-0
-0
-0
-0
-0
-0
-0
-0
-0
3.31676
-0
12.3944
-0
20.0641
-0
-0
-0
-0
-0
8.38021
-0
-0
-0
77.2396
-0
0.515193
-0
-0
-0
43.7911
-0
-0
19.9907
-0
-0
-0
34.9008
-0
-0
-0
-0
-0
-0
10.255
-0
-0
-0
-0
-0
-0
54.7216
-0
-0
-0
-0
0.637293
-0
-0
-0
3.1789
-0
21.1028
-0
-0
-0
-0
-0
-0
-0
-0
-0
-0
10.5
-0
-0
3.17245
-0
-0
-0
15.3208
41.2457
-0
-0
-0
-0
-0
-0
-0
-0
-0
-0
-0
-0
-0
-0
-0
-0
-0
-0
-0
-0
-0
-0
2.22957
-0
-0
-0
40.5585
-0
-0
-0
-0
-0
-0
-0
-0
-0
0.300792
-0
-0
-0
-0
-0
-0
-0
65.7881
-0
-0
-0
39.3608
-0
-0
-0
8.59974
9.63423
1.91639
-0
-0
-0
-0
4.45184
-0
-0
-0
-0
-0
-0
-0
-0
-0
-0
-0
0.331353
-0
-0
-0
-0
20.1357
-0
-0
-0
-0
-0
-0
-0
-0
41.7035
-0
-0
-0
-0
-0
1.81859
-0
-0
-0
-0
-0
-0
-0
45.0359
-0
-0
-0
-0
1.9914
-0
-0
-0
12.5011
-0
-0
-0
-0
-0
-0
-0
-0
-0
-0
-0
-0
-0
-0
-0
-0
-0
-0
6.21095
43.1503
-0
-0
-0
-0
-0
-0
4.37998
-0
-0
-0
-0
46.742
-0
-0
-0
-0
-0
33.4976
-0
-0
-0
-0
-0
-0
-0
-0
-0
-0
-0
-0
-0
12.4272
-0
33.7226
-0
-0
19.501
-0
-0
59.6813
-0
-0
-0
-0
-0
-0
-0
-0
-0
-0
-0
-0
-0
-0
-0
-0
-0
-0
4.86965
8.31543
-0
-0
-0
-0
8.05943
18.7458
27.1521
-0
-0
10.7391
-0
37.2038
-0
-0
25.946
-0
-0
-0
4.83298
-0
-0
-0
-0
22.603
29.6599
-0
-0
-0
-0
-0
37.6223
-0
-0
-0
-0
-0
-0
13.5738
-0
-0
1.28728
34.1094
4.4342
-0
-0
-0
54.144
-0
-0
28.196
-0
-0
-0
-0
-0
-0
-0
-0
-0
-0
-0
23.1048
-0
-0
-0
-0
-0
-0
-0
-0
7.14622
21.3572
-0
-0
-0
-0
-0
-0
-0
3.67658
-0
3.85286
-0
-0
-0
-0
-0
-0
-0
-0
-0
17.4579
-0
-0
-0
-0
-0
-0
-0
40.4353
-0
-0
-0
-0
-0
16.0295
-0
-0
-0
-0
14.4318
-0
-0
19.9686
13.8747
-0
-0
-0
-0
-0
-0
-0
-0
-0
-0
-0
-0
-0
-0
15.2236
-0
-0
-0
-0
-0
-0
-0
-0
-0
-0
-0
-0
-0
-0
-0
-0
0.295185
-0
-0
22.3387
-0
52.4179
-0
-0
-0
-0
17.482
-0
-0
41.3579
-0
-0
-0
42.3343
-0
-0
-0
-0
-0
-0
-0
21.742
-0
29.0232
25.0879
-0
-0
-0
-0
-0
-0
-0
-0
-0
8.94043
-0
-0
35.8274
10.3234
-0
-0
-0
-0
-0
-0
-0
-0
3.44824
-0
-0
-0
-0
-0
-0
-0
42.8409
8.65909
-0
-0
5.69177
-0
-0
-0
-0
-0
-0
-0
-0
11.6282
-0
-0
3.87714
-0
-0
-0
-0
-0
-0
-0
-0
-0
1.75628
-0
-0
-0
-0
-0
-0
-0
-0
-0
-0
-0
6.39229
-0
-0
-0
-0
10.4494
-0
-0
-0
-0
-0
-0
46.5163
-0
-0
-0
-0
-0
-0
-0
-0
-0
-0
-0
-0
-0
-0
-0
-0
-0
-0
8.5111
-0
-0
-0
-0
-0
7.445
-0
-0
30.1944
-0
-0
-0
-0
-0
-0
-0
-0
-0
-0
-0
4.33299
11.758
-0
-0
-0
12.0291
-0
-0
-0
-0
-0
-0
-0
-0
-0
-0
-0
-0
-0
-0
-0
-0
-0
-0
49.8849
-0
14.3498
-0
-0
-0
-0
35.095
1.39357
-0
-0
-0
57.034
-0
56.3547
3.2795
-0
-0
-0
-0
-0
-0
-0
-0
-0
-0
-0
-0
-0
-0
-0
-0
27.1843
-0
-0
-0
26.3017
-0
-0
40.6836
-0
-0
3.20437
-0
-0
-0
1.09255
-0
-0
11.8905
-0
-0
13.9894
-0
8.44549
-0
-0
-0
-0
11.255
-0
-0
13.412
-0
-0
45.8442
-0
-0
-0
-0
-0
-0
56.9802
-0
25.2027
-0
-0
15.7235
-0
-0
-0
-0
-0
-0
-0
19.2628
-0
11.973
17.74
-0
-0
-0
-0
17.916
-0
-0
-0
-0
-0
51.047
4.97383
32.0177
-0
-0
-0
-0
-0
-0
-0
15.4602
19.1723
-0
-0
-0
47.0424
23.6289
52.9912
33.0318
-0
-0
26.0495
4.05402
-0
-0
-0
-0
-0
-0
-0
-0
-0
-0
37.0721
-0
4.86311
-0
29.7536
6.74449
-0
-0
-0
5.20295
-0
-0
-0
-0
-0
-0
-0
2.12659
1.08854
-0
1.13557
-0
34.685
31.5827
-0
-0
-0
34.8763
-0
-0
-0
-0
-0
-0
-0
-0
-0
13.6785
-0
-0
-0
-0
-0
-0
5.11029
-0
-0
-0
-0
-0
27.0557
-0
-0
-0
-0
-0
-0
-0
-0
8.03538
-0
-0
-0
-0
-0
-0
-0
-0
2.74267
-0
-0
-0
-0
-0
-0
-0
0.521965
-0
-0
-0
-0
-0
-0
-0
-0
-0
2.85808
-0
-0
-0
-0
-0
-0
-0
-0
-0
-0
-0
-0
7.70052
-0
-0
-0
36.0137
-0
-0
-0
-0
-0
19.3901
-0
-0
-0
-0
-0
-0
-0
-0
-0
14.0492
-0
2.77447
-0
62.9395
-0
16.4317
-0
-0
-0
-0
-0
-0
-0
0.416012
-0
-0
-0
-0
-0
11.7444
22.3213
-0
-0
56.0035
-0
-0
-0
-0
-0
-0
-0
-0
-0
-0
-0
-0
-0
-0
-0
-0
-0
-0
-0
-0
-0
-0
-0
-0
-0
-0
-0
54.7705
-0
-0
2.38531
-0
-0
-0
63.2929
51.9055
-0
54.7423
-0
-0
-0
45.724
-0
16.2525
2.18617
-0
-0
7.47466
-0
-0
-0
-0
-0
-0
-0
-0
1.89659
-0
-0
-0
20.4988
41.031
43.158
-0
-0
1.49691
-0
13.4402
10.6711
-0
-0
-0
-0
-0
-0
-0
-0
-0
-0
-0
1.14957
16.1018
-0
21.8198
2.93271
-0
-0
-0
-0
24.1132
-0
-0
-0
-0
-0
-0
-0
-0
6.95305
-0
-0
-0
-0
-0
-0
-0
-0
-0
-0
-0
-0
-0
-0
-0
-0
-0
-0
-0
-0
-0
-0
-0
2.03287
-0
-0
-0
-0
-0
-0
-0
-0
-0
-0
-0
-0
-0
-0
-0
-0
-0
-0
29.3093
-0
-0
50.1416
-0
-0
-0
-0
-0
-0
-0
-0
-0
-0
-0
-0
-0
-0
-0
4.00492
29.0187
-0
5.68681
-0
-0
1.63156
-0
-0
-0
-0
-0
-0
22.6478
-0
-0
-0
11.3379
3.36422
-0
-0
-0
-0
-0
-0
10.8162
38.1269
-0
-0
-0
-0
-0
-0
-0
6.55412
-0
-0
-0
24.3651
-0
-0
38.5902
-0
-0
-0
-0
-0
-0
-0
-0
-0
10.3698
-0
-0
-0
-0
-0
-0
-0
-0
-0
-0
-0
-0
18.9232
-0
37.4789
-0
7.67707
-0
-0
-0
-0
-0
-0
-0
7.94744
2.88617
24.9073
-0
-0
-0
-0
9.16891
-0
-0
-0
0.083004
-0
-0
-0
-0
-0
17.8507
-0
-0
-0
-0
-0
-0
-0
1.45636
-0
-0
14.4532
-0
-0
-0
-0
-0
36.9255
-0
18.7891
-0
-0
-0
-0
-0
-0
20.1673
-0
-0
-0
-0
-0
-0
-0
-0
-0
-0
-0
-0
-0
-0
-0
-0
-0
31.825
-0
1.08076
-0
-0
-0
-0
-0
-0
-0
7.27047
-0
-0
-0
-0
-0
-0
-0
-0
-0
27.0878
-0
-0
-0
-0
-0
-0
-0
-0
11.8335
19.5507
-0
-0
-0
-0
-0
-0
-0
30.8723
41.3324
-0
12.6665
-0
-0
-0
-0
-0
4.39591
-0
-0
54.8744
-0
-0
-0
-0
4.26218
-0
15.3629
20.0305
-0
-0
-0
-0
-0
-0
-0
-0
-0
-0
-0
-0
-0
-0
-0
-0
-0
-0
-0
-0
60.0631
-0
-0
-0
-0
-0
-0
-0
-0
-0
-0
-0
-0
-0
-0
-0
-0
12.2584
-0
-0
96.9794
-0
25.9818
-0
-0
-0
-0
-0
-0
-0
1.78166
1.52055
-0
-0
-0
-0
-0
-0
36.5428
-0
7.24574
-0
-0
25.3627
-0
-0
19.5717
32.828
-0
31.8748
-0
-0
-0
-0
35.1894
10.8453
-0
12.1356
-0
-0
-0
-0
0.452607
-0
-0
-0
51.7044
-0
-0
-0
-0
17.5613
8.54662
-0
-0
-0
5.62017
17.4751
-0
19.5089
-0
19.7289
-0
6.93884
-0
-0
-0
-0
-0
-0
-0
6.95502
-0
-0
-0
-0
8.79585
-0
47.1834
-0
5.16424
39.2837
0.838375
19.4419
-0
-0
-0
-0
-0
6.70008
-0
-0
-0
-0
-0
4.17127
-0
-0
-0
11.5601
3.50738
-0
-0
-0
4.72782
-0
-0
-0
-0
-0
-0
-0
-0
-0
-0
-0
28.5589
-0
-0
5.02181
-0
-0
-0
-0
-0
-0
-0
7.24655
-0
-0
-0
-0
-0
-0
-0
-0
-0
36.5931
-0
-0
-0
2.26592
-0
-0
-0
-0
-0
-0
-0
-0
-0
18.0892
-0
38.9828
13.5974
-0
-0
0.833328
-0
-0
-0
-0
-0
-0
-0
-0
-0
-0
-0
-0
5.61954
-0
-0
17.6677
-0
1.73605
-0
-0
-0
-0
-0
-0
-0
-0
-0
14.2553
-0
-0
-0
-0
-0
80.1727
-0
-0
-0
-0
-0
-0
-0
-0
-0
-0
-0
-0
-0
26.9685
-0
-0
-0
-0
-0
-0
-0
-0
-0
2.09326
-0
44.79
0.628132
-0
20.785
13.4393
-0
-0
-0
31.5902
-0
-0
-0
32.8681
-0
-0
-0
-0
3.60455
-0
-0
-0
-0
-0
-0
-0
-0
-0
24.2424
-0
-0
-0
-0
-0
-0
-0
-0
-0
-0
-0
-0
-0
18.5134
-0
-0
-0
-0
21.684
35.5757
63.6385
-0
-0
6.71571
-0
-0
-0
-0
-0
-0
-0
-0
-0
-0
-0
-0
13.1169
-0
-0
24.3997
-0
-0
0.521058
-0
-0
-0
-0
-0
-0
-0
-0
-0
-0
-0
2.14503
-0
-0
32.4253
-0
-0
9.77737
-0
2.03349
-0
-0
-0
-0
12.255
-0
-0
-0
-0
-0
-0
-0
-0
-0
-0
-0
43.1646
-0
-0
-0
-0
-0
-0
24.9323
-0
-0
62.6557
-0
-0
23.2414
-0
-0
20.031
-0
-0
-0
-0
-0
-0
-0
-0
-0
-0
-0
-0
-0
-0
23.7825
-0
-0
