5.35519
-0
-0
-0
-0
9.06208
-0
-0
49.4531
-0
8.46108
-0
6.91438
-0
-0
15.4229
-0
-0
-0
-0
-0
30.5055
-0
-0
-0
-0
-0
-0
-0
-0
-0
-0
-0
-0
1.16718
-0
-0
-0
39.2585
-0
-0
-0
-0
1.45171
-0
-0
-0
-0
-0
-0
-0
-0
-0
-0
-0
-0
-0
2.09829
-0
-0
-0
-0
1.40942
-0
-0
-0
-0
56.5527
-0
0.897152
-0
-0
-0
-0
-0
2.27823
-0
-0
-0
11.827
-0
62.5748
-0
-0
43.733
-0
-0
-0
-0
-0
-0
-0
-0
-0
-0
-0
19.9872
-0
-0
-0
-0
-0
-0
-0
-0
-0
3.27359
7.98113
-0
8.20253
-0
-0
-0
-0
-0
18.5875
-0
-0
57.7674
-0
-0
-0
-0
-0
46.1232
-0
3.29039
-0
-0
10.9996
4.70309
41.1746
1.99046
-0
-0
-0
8.37373
51.5626
-0
15.2896
2.04739
-0
-0
-0
52.6491
-0
-0
-0
-0
-0
-0
11.535
-0
-0
2.83384
-0
-0
-0
-0
-0
-0
-0
-0
24.6695
-0
1.73978
40.9471
-0
-0
19.8573
-0
19.4598
-0
-0
-0
-0
-0
-0
3.50504
-0
-0
-0
-0
-0
-0
32.0226
-0
-0
12.5165
-0
-0
7.58988
-0
-0
-0
-0
-0
-0
-0
-0
-0
-0
30.2228
-0
-0
-0
-0
-0
12.6042
-0
-0
-0
26.6698
-0
-0
-0
-0
-0
-0
-0
-0
-0
-0
6.07274
-0
-0
-0
-0
-0
-0
-0
-0
-0
-0
-0
6.47896
-0
-0
-0
-0
-0
-0
-0
-0
-0
-0
22.0393
-0
-0
-0
-0
-0
-0
-0
-0
-0
-0
-0
-0
-0
-0
-0
-0
-0
-0
-0
11.4585
-0
-0
-0
-0
21.6097
-0
27.0193
-0
-0
-0
-0
-0
-0
-0
2.12073
-0
-0
-0
-0
-0
-0
-0
-0
34.5824
48.0863
26.1835
-0
17.6747
-0
-0
-0
-0
34.645
-0
-0
10.318
-0
-0
36.8466
-0
-0
30.137
-0
-0
-0
-0
-0
-0
1.23354
-0
-0
-0
1.6844
-0
-0
25.8181
39.7123
29.0903
-0
-0
-0
-0
21.9157
-0
-0
-0
-0
-0
-0
-0
-0
-0
26.551
-0
-0
-0
12.1754
-0
-0
-0
-0
34.958
-0
-0
-0
-0
-0
24.7462
-0
-0
-0
-0
-0
53.9158
-0
-0
17.2248
-0
0.274511
-0
-0
23.0293
-0
-0
3.55927
0.764971
43.0807
-0
-0
-0
-0
-0
-0
-0
-0
-0
-0
-0
16.2192
-0
-0
-0
-0
-0
19.4281
-0
-0
-0
8.27573
-0
20.2638
-0
21.9236
-0
20.0326
-0
-0
-0
-0
-0
-0
-0
12.6815
-0
-0
-0
-0
-0
35.8291
-0
-0
-0
-0
16.7803
-0
-0
-0
-0
-0
19.7104
21.8971
25.6125
-0
-0
33.4563
22.4492
-0
10.3902
-0
8.97807
-0
-0
-0
-0
17.1764
-0
-0
-0
-0
-0
21.662
-0
-0
50.5498
-0
-0
-0
5.23806
-0
-0
7.25558
-0
-0
-0
-0
21.9779
-0
38.8655
-0
-0
-0
-0
-0
-0
6.03483
-0
-0
-0
-0
25.0299
-0
-0
-0
-0
-0
-0
-0
-0
-0
-0
5.8539
-0
-0
30.7965
-0
-0
14.2587
-0
5.33034
22.4012
-0
-0
-0
-0
-0
-0
-0
-0
-0
-0
-0
-0
43.8572
-0
-0
-0
-0
-0
-0
-0
-0
37.1769
-0
-0
-0
-0
25.5427
-0
-0
-0
15.665
27.2245
2.57181
-0
-0
-0
-0
21.8409
-0
13.7406
44.7027
-0
-0
-0
-0
-0
-0
-0
-0
-0
-0
-0
39.1831
-0
-0
-0
-0
32.2174
45.1936
-0
-0
-0
8.63311
-0
-0
33.3622
-0
-0
-0
-0
-0
-0
-0
-0
-0
-0
39.5426
8.32702
-0
-0
-0
5.33022
6.22146
-0
-0
-0
-0
-0
-0
-0
-0
14.8375
38.5941
-0
-0
-0
-0
-0
4.2164
-0
4.75676
74.1278
-0
-0
-0
-0
-0
-0
-0
-0
-0
-0
6.16039
-0
-0
-0
-0
-0
-0
33.3631
-0
-0
-0
-0
-0
-0
12.8781
-0
-0
-0
-0
19.0033
-0
-0
22.9862
-0
-0
-0
-0
-0
-0
-0
-0
-0
-0
-0
-0
21.6613
-0
-0
-0
2.06062
-0
-0
-0
-0
-0
15.0685
1.62827
-0
-0
-0
-0
-0
-0
48.996
-0
-0
23.043
-0
-0
-0
-0
-0
-0
-0
-0
21.3084
26.4401
-0
-0
-0
38.9728
26.1126
15.4497
-0
-0
-0
-0
-0
-0
-0
-0
-0
-0
-0
-0
-0
10.0046
-0
0.122602
-0
38.7579
-0
-0
-0
39.4627
37.2176
-0
-0
-0
-0
-0
-0
0.356333
-0
-0
-0
-0
-0
-0
-0
10.4845
-0
22.1231
9.5
-0
-0
-0
-0
-0
-0
13.1096
7.28532
-0
-0
46.7366
-0
-0
-0
1.73018
-0
-0
-0
-0
-0
-0
-0
29.8396
-0
-0
-0
28.2718
6.52672
-0
-0
-0
-0
-0
-0
-0
42.8449
-0
-0
16.9915
-0
-0
-0
29.418
18.0382
-0
-0
-0
-0
-0
-0
-0
-0
-0
-0
-0
-0
49.2836
4.79401
-0
-0
-0
-0
-0
10.3024
43.8333
-0
-0
-0
-0
-0
-0
-0
-0
-0
-0
-0
-0
-0
-0
5.48775
-0
-0
-0
-0
0.893266
-0
-0
-0
-0
-0
-0
-0
-0
-0
16.4803
-0
31.5851
-0
-0
-0
-0
-0
-0
-0
3.57931
-0
-0
-0
-0
12.9729
-0
-0
-0
64.3115
-0
-0
-0
-0
-0
-0
-0
-0
11.5041
-0
28.8878
-0
35.0104
-0
-0
-0
-0
-0
0.320529
2.77978
-0
-0
-0
-0
-0
-0
-0
53.2035
-0
-0
-0
-0
0.694405
-0
-0
-0
-0
-0
64.8805
-0
-0
-0
-0
-0
-0
-0
-0
-0
12.7661
-0
-0
-0
32.1926
-0
-0
2.19972
0.425774
-0
-0
41.3136
-0
-0
26.9718
-0
-0
-0
-0
-0
-0
13.4746
-0
-0
-0
-0
-0
-0
-0
-0
-0
-0
3.37286
0.114669
-0
-0
32.8272
-0
5.63653
8.61904
7.70996
-0
10.1358
-0
-0
-0
-0
-0
-0
-0
-0
-0
36.2219
-0
49.4732
0.618571
44.7495
7.18521
24.7557
-0
-0
-0
-0
-0
-0
14.2207
-0
0.844386
-0
-0
7.79897
-0
-0
-0
-0
-0
-0
31.917
-0
31.7907
27.5987
-0
-0
-0
61.0804
-0
-0
-0
-0
-0
-0
-0
-0
-0
-0
-0
-0
-0
-0
-0
-0
-0
-0
-0
-0
-0
29.5001
-0
-0
-0
-0
45.7696
-0
16.0405
20.3484
-0
-0
23.7062
-0
-0
-0
-0
53.8697
-0
-0
9.73181
-0
-0
41.6279
10.9592
13.6755
-0
-0
-0
-0
-0
-0
-0
-0
-0
3.98007
-0
-0
72.9792
-0
-0
1.6981
-0
-0
-0
-0
-0
-0
-0
-0
-0
-0
-0
-0
30.5969
-0
-0
-0
-0
-0
-0
17.7265
9.84759
-0
-0
-0
26.5758
-0
-0
-0
-0
-0
-0
-0
-0
65.204
-0
-0
-0
-0
-0
-0
-0
-0
-0
24.7929
-0
-0
39.9374
-0
-0
-0
-0
-0
-0
-0
-0
31.3313
39.3523
7.52644
-0
-0
-0
-0
-0
18.0479
-0
-0
-0
-0
-0
-0
35.395
-0
-0
-0
13.9819
-0
-0
-0
-0
14.8369
-0
13.5877
-0
-0
-0
13.7843
27.206
-0
-0
-0
-0
-0
-0
-0
-0
-0
-0
-0
-0
-0
4.83699
7.62134
-0
-0
-0
-0
-0
36.3841
-0
-0
-0
-0
-0
-0
-0
-0
-0
35.6686
-0
-0
-0
-0
18.1569
-0
-0
-0
45.6092
14.8086
-0
-0
-0
-0
-0
33.6302
-0
-0
-0
-0
-0
-0
-0
-0
5.99313
14.7314
-0
-0
7.03254
-0
-0
25.723
51.8121
4.93931
66.0993
-0
8.28535
-0
0.717354
-0
-0
-0
-0
10.3035
-0
-0
-0
33.4187
-0
6.04463
-0
-0
-0
2.05425
-0
-0
-0
-0
-0
-0
-0
-0
-0
-0
-0
-0
-0
-0
30.0902
-0
-0
-0
-0
-0
-0
-0
-0
-0
15.7888
11.9359
-0
54.7432
-0
-0
-0
10.8663
17.1288
-0
5.71309
-0
-0
-0
-0
-0
-0
-0
-0
-0
-0
51.2033
-0
-0
0.854248
-0
20.6256
20.9436
2.87618
-0
-0
-0
2.93195
-0
-0
-0
-0
-0
-0
-0
-0
67.1284
25.1333
-0
-0
13.138
-0
-0
-0
-0
-0
-0
-0
-0
5.29121
-0
-0
-0
-0
17.2373
-0
41.2334
-0
32.3987
10.4973
8.65361
-0
32.7022
4.57517
4.26648
-0
-0
-0
16.8964
-0
-0
11.8321
-0
12.8291
39.4755
-0
3.712
4.83291
19.1176
-0
-0
-0
-0
-0
-0
-0
-0
-0
-0
46.8279
32.0481
1.36891
-0
31.8964
-0
-0
-0
-0
23.885
-0
-0
0.781674
20.6744
-0
-0
-0
-0
-0
1.318
-0
-0
15.0689
-0
8.53098
-0
-0
-0
-0
-0
16.1498
19.9928
-0
-0
-0
-0
-0
-0
-0
2.74678
15.0312
21.568
-0
-0
23.6119
-0
25.8272
33.1069
-0
-0
-0
34.6871
-0
-0
-0
-0
-0
-0
-0
-0
-0
-0
-0
-0
21.5138
-0
-0
-0
-0
-0
15.8474
-0
23.5713
9.49391
-0
15.2872
-0
-0
-0
-0
-0
-0
-0
20.9778
21.9514
-0
-0
-0
-0
-0
-0
-0
-0
27.7318
-0
15.589
-0
-0
10.5739
-0
-0
-0
-0
-0
-0
-0
-0
-0
-0
-0
-0
-0
21.1772
54.9169
-0
1.30312
39.9972
-0
-0
26.7388
-0
13.4927
-0
-0
-0
-0
-0
-0
-0
-0
1.41436
-0
-0
-0
-0
-0
-0
-0
-0
-0
-0
-0
-0
-0
-0
-0
-0
-0
-0
23.3116
-0
-0
-0
47.288
-0
-0
-0
-0
-0
-0
-0
-0
-0
-0
-0
-0
-0
-0
51.2677
-0
-0
3.53336
57.6293
-0
-0
-0
16.5471
-0
-0
-0
-0
-0
7.14409
-0
11.3828
-0
-0
-0
4.1384
-0
-0
-0
19.495
-0
-0
-0
-0
-0
-0
-0
-0
-0
-0
-0
-0
-0
-0
-0
75.4484
14.039
-0
-0
-0
-0
-0
-0
-0
20.9629
-0
-0
24.1823
-0
-0
-0
4.16455
-0
-0
-0
-0
17.5306
-0
-0
-0
-0
-0
-0
-0
18.9778
5.14216
0.36919
-0
-0
-0
-0
-0
-0
-0
-0
-0
-0
-0
-0
8.32586
-0
-0
-0
-0
-0
-0
20.5623
4.74151
29.2472
25.6898
-0
-0
8.52161
-0
-0
-0
46.4271
-0
-0
-0
-0
72.4515
-0
-0
10.5654
-0
-0
8.4493
-0
9.71429
-0
-0
-0
-0
30.3725
-0
-0
-0
-0
-0
-0
27.4351
-0
-0
20.046
-0
0.843289
20.1301
-0
-0
-0
-0
-0
-0
-0
11.1395
27.6281
28.0531
-0
-0
21.1498
-0
-0
-0
-0
-0
-0
-0
-0
-0
-0
-0
4.83512
-0
22.2425
2.58154
-0
-0
-0
-0
-0
-0
57.6883
-0
-0
-0
-0
-0
-0
14.8226
48.1659
28.048
-0
-0
-0
-0
-0
-0
-0
20.3138
-0
-0
-0
24.7972
-0
-0
-0
-0
-0
-0
-0
78.9755
-0
-0
45.8368
-0
-0
-0
-0
-0
-0
-0
-0
-0
-0
-0
-0
-0
44.0693
7.6376
-0
-0
-0
-0
-0
-0
-0
-0
-0
-0
37.6082
22.6119
-0
-0
-0
-0
-0
0.806107
-0
-0
-0
13.22
-0
-0
-0
35.9244
-0
5.91062
-0
-0
12.9647
-0
3.14888
-0
-0
-0
18.5249
10.087
-0
37.0721
-0
-0
36.292
2.79779
18.8235
-0
-0
-0
-0
-0
-0
-0
-0
39.6735
20.2731
-0
-0
-0
-0
-0
-0
-0
-0
-0
-0
-0
12.8776
15.9428
-0
3.67175
-0
-0
31.4518
-0
-0
-0
28.1481
-0
-0
-0
13.2699
-0
-0
20.6778
-0
-0
2.59303
59.7812
-0
-0
-0
9.90778
23.6403
18.4403
-0
-0
-0
-0
-0
-0
-0
-0
-0
-0
-0
-0
-0
-0
-0
-0
-0
-0
-0
-0
-0
0.967887
-0
-0
-0
-0
-0
-0
11.6331
0.144357
34.8958
-0
-0
-0
-0
-0
-0
-0
-0
-0
-0
-0
-0
-0
-0
2.33715
-0
-0
-0
16.7976
-0
-0
-0
-0
-0
-0
-0
-0
-0
-0
18.8215
16.6322
-0
-0
-0
-0
-0
-0
0.679963
-0
-0
12.7401
-0
70.6893
40.4761
34.0324
13.9499
-0
-0
43.6577
-0
-0
-0
-0
-0
-0
-0
33.6438
-0
-0
10.8597
-0
-0
-0
-0
-0
-0
-0
-0
-0
-0
0.330453
-0
-0
68.5428
-0
-0
-0
2.89363
-0
-0
5.03363
-0
-0
21.8793
-0
-0
-0
39.3946
7.48983
-0
-0
48.824
-0
-0
16.2463
18.7977
0.061198
-0
-0
-0
-0
29.0542
-0
1.02644
-0
-0
-0
-0
16.9502
-0
-0
-0
-0
-0
77.1854
-0
-0
3.45225
1.25165
-0
-0
-0
11.9021
-0
-0
-0
-0
8.14082
-0
6.35677
-0
-0
-0
35.4205
24.4799
19.1758
-0
-0
10.1622
-0
22.2058
-0
-0
1.91024
-0
-0
-0
-0
-0
32.2247
11.7868
-0
33.9456
-0
-0
16.2114
55.9455
-0
-0
-0
-0
15.9852
-0
-0
-0
2.6979
5.52068
-0
1.56235
-0
-0
-0
-0
-0
-0
38.659
-0
-0
-0
-0
0.214048
-0
-0
-0
-0
-0
54.8815
11.3319
-0
32.4782
-0
-0
29.9033
-0
-0
15.9987
-0
-0
-0
-0
-0
28.4897
5.57529
-0
57.5986
-0
-0
-0
9.97318
-0
-0
-0
12.5378
-0
-0
44.0864
28.2756
-0
-0
-0
-0
34.3717
-0
-0
-0
-0
30.6847
-0
-0
21.3112
-0
4.60094
-0
-0
62.1874
-0
-0
3.55907
-0
8.08508
15.0724
-0
-0
-0
-0
-0
-0
-0
-0
-0
-0
-0
-0
-0
-0
-0
-0
-0
-0
-0
-0
28.8722
-0
-0
-0
-0
-0
-0
16.5367
-0
-0
-0
-0
-0
-0
-0
-0
-0
-0
-0
-0
-0
-0
6.47415
60.6645
-0
5.94199
-0
-0
-0
29.3918
-0
-0
-0
19.0863
-0
-0
-0
1.31318
5.95304
-0
20.6593
32.2311
65.9893
-0
-0
-0
-0
19.8351
-0
-0
-0
32.2568
-0
-0
28.9407
48.1199
-0
32.3131
-0
-0
-0
20.1883
-0
-0
11.5595
-0
-0
-0
-0
-0
-0
-0
20.2596
17.1836
-0
-0
-0
-0
5.73975
-0
-0
54.4935
-0
-0
-0
-0
-0
-0
24.8424
20.4417
-0
33.1884
-0
-0
-0
-0
-0
-0
-0
-0
-0
3.72938
5.72612
14.2878
37.9368
-0
-0
-0
-0
-0
6.54168
-0
-0
-0
-0
-0
-0
-0
-0
-0
-0
51.2349
-0
-0
-0
-0
-0
-0
-0
-0
40.6139
-0
20.4733
-0
28.2447
-0
-0
-0
-0
9.36308
-0
-0
-0
-0
-0
-0
-0
-0
-0
-0
3.07865
-0
-0
48.8356
-0
19.3075
4.34701
36.3371
-0
-0
-0
-0
-0
-0
46.0925
-0
-0
-0
-0
-0
-0
-0
33.695
-0
-0
-0
-0
-0
-0
-0
-0
-0
-0
-0
-0
-0
-0
-0
-0
-0
-0
-0
-0
-0
-0
-0
1.5135
-0
-0
-0
-0
-0
21.1593
-0
-0
-0
5.37382
0.677497
-0
-0
-0
-0
14.9149
-0
-0
-0
-0
-0
10.8032
17.0001
-0
3.14697
6.07112
5.20448
73.9562
-0
-0
1.65146
-0
-0
7.43657
-0
-0
-0
-0
5.0601
32.901
15.8179
-0
-0
-0
-0
21.577
5.48219
-0
-0
-0
-0
-0
-0
-0
-0
-0
-0
-0
-0
16.2509
-0
-0
-0
-0
-0
39.2425
-0
-0
-0
-0
-0
2.76381
-0
-0
-0
-0
-0
-0
-0
42.9813
32.9628
-0
13.7165
2.29908
-0
13.7085
-0
-0
-0
0.00859585
-0
-0
-0
2.17268
77.1716
41.538
-0
-0
-0
1.20805
-0
3.17093
-0
-0
-0
-0
-0
-0
29.1999
26.1482
-0
-0
-0
-0
-0
-0
-0
-0
-0
7.6889
-0
-0
-0
-0
-0
-0
-0
-0
-0
-0
-0
-0
-0
23.2027
-0
-0
-0
-0
-0
15.8269
-0
-0
-0
-0
-0
-0
-0
52.2413
-0
-0
-0
22.3626
-0
-0
-0
-0
-0
-0
-0
21.226
-0
-0
-0
-0
18.6667
-0
-0
-0
-0
-0
-0
-0
-0
-0
-0
-0
-0
42.6703
-0
36.5897
-0
-0
-0
-0
-0
-0
-0
-0
11.2786
-0
-0
-0
-0
-0
-0
3.26717
-0
-0
9.35083
-0
-0
51.9741
-0
-0
12.9478
-0
-0
-0
-0
-0
50.493
-0
-0
-0
-0
-0
-0
-0
26.9835
-0
-0
66.4375
-0
-0
-0
-0
-0
-0
-0
-0
-0
-0
10.3559
-0
-0
-0
10.3139
-0
-0
-0
-0
-0
-0
14.8822
15.9126
1.86365
-0
36.4404
-0
-0
-0
-0
-0
15.2477
16.8262
-0
37.8738
-0
-0
-0
-0
-0
7.478
-0
-0
-0
33.3122
6.09437
-0
-0
-0
-0
-0
-0
4.15179
-0
-0
-0
11.072
-0
-0
-0
-0
-0
-0
-0
-0
-0
-0
-0
-0
-0
-0
-0
1.76004
-0
-0
-0
-0
-0
-0
-0
-0
-0
-0
-0
26.1371
-0
54.2059
-0
-0
-0
-0
12.4121
-0
-0
-0
-0
-0
-0
-0
-0
-0
-0
7.13357
-0
-0
-0
-0
-0
-0
-0
57.9564
-0
-0
-0
-0
-0
-0
-0
-0
-0
-0
-0
-0
-0
-0
-0
-0
-0
1.73554
-0
-0
-0
1.70297
-0
-0
-0
-0
-0
15.5262
7.09578
-0
-0
-0
-0
-0
24.4573
-0
46.8096
3.83431
-0
-0
-0
19.8425
-0
-0
-0
-0
-0
16.9775
-0
23.5972
-0
-0
-0
-0
-0
16.9241
-0
-0
-0
-0
62.7306
-0
-0
-0
-0
25.9027
-0
-0
-0
-0
-0
-0
-0
-0
-0
14.5144
-0
-0
-0
-0
25.0367
-0
4.03374
20.427
-0
-0
-0
-0
-0
-0
-0
-0
-0
-0
-0
-0
-0
-0
39.1594
-0
-0
-0
-0
-0
-0
-0
-0
-0
-0
22.3583
-0
46.86
-0
42.7391
43.4737
-0
-0
-0
1.62029
-0
-0
-0
-0
-0
-0
1.18323
-0
-0
-0
-0
24.2589
12.2431
27.8078
-0
-0
4.70587
1.86477
12.6389
-0
-0
-0
-0
-0
-0
-0
2.41052
-0
26.2772
-0
70.3518
2.10213
-0
-0
75.1458
-0
-0
18.4212
6.61663
-0
-0
-0
-0
-0
38.7736
-0
20.0829
-0
-0
-0
-0
-0
-0
1.65717
-0
-0
-0
-0
59.1696
-0
0.754958
10.0159
-0
-0
21.0308
-0
-0
47.182
-0
-0
-0
-0
-0
-0
63.0915
-0
-0
-0
-0
-0
-0
-0
-0
-0
-0
-0
7.76639
-0
-0
-0
26.8877
-0
-0
-0
-0
-0
-0
23.5099
70.4303
-0
-0
-0
-0
-0
-0
-0
8.98219
27.4459
-0
-0
-0
-0
-0
4.21782
6.00739
-0
-0
-0
-0
-0
-0
-0
-0
-0
-0
0.74961
30.5209
28.6753
-0
38.6689
-0
40.0842
-0
35.1856
0.58871
-0
-0
-0
41.3943
-0
-0
19.8249
-0
-0
25.0637
-0
-0
10.291
-0
-0
-0
-0
-0
-0
-0
-0
-0
-0
-0
-0
-0
-0
18.4642
-0
-0
16.0658
-0
-0
-0
-0
-0
3.57859
-0
-0
-0
-0
-0
-0
19.4115
16.5941
36.7441
-0
13.3866
-0
-0
6.50307
-0
6.53199
-0
-0
-0
7.33956
-0
-0
-0
26.8928
-0
-0
11.3422
-0
20.4545
16.9881
3.53962
14.7584
-0
-0
-0
-0
-0
-0
-0
-0
-0
42.8443
-0
-0
41.2462
-0
-0
-0
41.3798
-0
-0
-0
-0
-0
-0
-0
-0
-0
-0
-0
-0
-0
-0
-0
-0
14.4654
-0
-0
-0
-0
-0
-0
24.2365
-0
-0
11.6549
-0
2.6392
-0
-0
-0
31.4859
-0
-0
-0
-0
6.45676
-0
46.0527
32.8952
68.7135
-0
-0
-0
-0
-0
-0
-0
0.264147
-0
-0
16.5627
-0
-0
-0
10.9248
-0
-0
-0
0.0563959
0.858647
-0
-0
-0
23.2114
-0
-0
-0
1.47368
-0
-0
-0
-0
-0
-0
-0
-0
-0
-0
-0
12.5718
8.39249
-0
-0
-0
-0
-0
-0
-0
-0
4.6435
-0
-0
-0
-0
-0
-0
-0
-0
-0
-0
63.6205
21.436
-0
-0
-0
-0
6.30482
-0
-0
-0
-0
11.988
-0
-0
-0
-0
1.40042
10.5898
5.20128
3.40333
-0
-0
42.3006
17.7023
13.375
-0
-0
-0
-0
-0
-0
-0
-0
-0
-0
3.8915
24.4045
-0
14.5205
-0
33.646
-0
-0
-0
-0
-0
-0
-0
0.283398
5.41083
-0
-0
-0
0.78419
2.05839
22.4491
-0
-0
-0
-0
-0
15.7753
14.9041
-0
-0
-0
-0
-0
-0
-0
37.9077
9.15417
-0
24.1346
-0
-0
-0
-0
10.7112
-0
-0
-0
-0
-0
-0
2.88949
-0
-0
-0
-0
10.0013
-0
-0
-0
-0
10.4915
-0
-0
2.23071
-0
-0
-0
21.6595
-0
-0
-0
-0
18.5547
-0
-0
-0
-0
18.1769
-0
-0
-0
-0
36.8315
17.8657
-0
-0
-0
5.78322
-0
-0
12.2449
-0
-0
-0
-0
46.8998
-0
3.82672
-0
-0
21.8338
-0
-0
-0
-0
-0
-0
-0
-0
-0
-0
-0
-0
-0
-0
49.1204
-0
-0
9.90018
-0
1.0888
-0
-0
15.1443
2.54758
13.5301
-0
-0
-0
-0
2.52187
-0
-0
5.20663
-0
-0
-0
-0
4.50886
-0
-0
-0
-0
-0
-0
70.6686
-0
-0
-0
-0
-0
8.31339
86.0711
-0
-0
-0
-0
30.9597
-0
-0
-0
-0
-0
-0
6.31192
-0
-0
24.5187
-0
-0
-0
-0
-0
85.9892
-0
-0
-0
-0
-0
-0
-0
-0
-0
-0
-0
-0
-0
-0
49.9329
-0
-0
-0
-0
25.9606
-0
-0
-0
-0
-0
23.7631
-0
2.45717
26.8885
19.8282
-0
61.1206
-0
-0
-0
-0
46.2829
-0
-0
-0
-0
-0
24.0342
-0
-0
-0
-0
35.0642
-0
-0
-0
-0
13.1391
-0
-0
-0
-0
7.7024
-0
-0
6.5686
-0
-0
-0
-0
-0
6.50556
16.4885
-0
-0
31.3177
-0
-0
36.0242
4.92699
-0
37.0131
-0
20.2567
-0
-0
-0
-0
-0
7.86776
-0
12.0336
16.7576
-0
14.0172
-0
-0
-0
-0
22.7224
-0
-0
-0
36.977
21.471
-0
-0
-0
-0
1.19462
8.41527
-0
-0
-0
-0
-0
-0
-0
-0
19.8312
-0
-0
-0
-0
-0
-0
-0
-0
-0
-0
1.80303
10.3218
-0
-0
-0
-0
-0
-0
-0
-0
25.3145
-0
-0
11.987
-0
-0
-0
0.805515
5.11077
-0
92.7215
9.9069
-0
-0
-0
-0
-0
-0
-0
-0
-0
-0
21.1067
-0
-0
-0
28.831
-0
5.74157
1.16695
-0
-0
18.5496
-0
-0
-0
-0
-0
-0
24.6473
9.5197
-0
-0
-0
-0
-0
17.9451
-0
-0
4.66593
-0
-0
14.381
-0
-0
-0
-0
-0
-0
-0
-0
-0
-0
-0
45.781
3.33363
15.5575
-0
-0
-0
-0
-0
24.5994
-0
2.60746
-0
-0
-0
-0
-0
-0
-0
-0
-0
-0
-0
-0
4.45179
-0
-0
-0
-0
34.5504
-0
-0
5.5779
20.5524
-0
-0
-0
-0
-0
-0
-0
0.925402
11.3218
-0
-0
-0
-0
-0
-0
3.73355
-0
-0
-0
-0
54.8022
18.196
-0
-0
-0
-0
-0
-0
-0
6.32364
-0
58.2919
57.2572
-0
-0
-0
-0
-0
-0
-0
-0
-0
-0
35.5894
-0
-0
-0
-0
-0
5.85329
-0
-0
-0
-0
-0
-0
-0
23.8444
-0
-0
-0
-0
-0
-0
15.2166
-0
31.7164
-0
-0
-0
-0
-0
-0
-0
5.2274
-0
9.93107
-0
-0
-0
-0
-0
-0
-0
-0
19.515
-0
-0
-0
-0
27.0562
-0
-0
-0
-0
11.6227
-0
-0
-0
14.979
-0
-0
-0
7.38057
-0
-0
38.773
-0
4.92701
15.664
-0
-0
-0
6.4468
-0
-0
24.2381
-0
-0
86.2716
-0
-0
-0
-0
-0
-0
-0
-0
-0
-0
-0
-0
-0
-0
44.5428
-0
1.56844
-0
-0
-0
-0
-0
-0
-0
10.3006
-0
-0
-0
14.608
-0
-0
23.3248
-0
2.24218
-0
-0
-0
-0
-0
-0
-0
-0
-0
13.9267
-0
21.2403
13.4155
8.35556
-0
-0
3.00627
-0
-0
-0
-0
-0
-0
-0
-0
-0
44.2048
1.78953
12.5494
-0
24.8067
-0
-0
-0
-0
-0
-0
55.8592
-0
-0
46.5093
-0
-0
-0
-0
11.2918
-0
-0
94.8747
-0
-0
16.1564
7.79576
-0
-0
-0
-0
-0
-0
-0
37.7654
-0
26.6873
-0
-0
-0
18.337
7.20999
-0
-0
-0
-0
-0
34.4535
38.7517
-0
-0
-0
-0
-0
8.35731
-0
-0
-0
8.28123
-0
-0
-0
53.7993
-0
-0
-0
-0
-0
-0
-0
-0
-0
-0
7.66635
-0
-0
27.7958
-0
-0
3.70423
-0
-0
38.4916
-0
-0
-0
1.26165
-0
-0
-0
-0
-0
-0
-0
-0
-0
26.8362
-0
1.31725
-0
5.74112
-0
-0
1.65481
-0
23.8225
-0
-0
1.3804
42.4828
-0
-0
-0
18.5819
-0
4.97506
22.3277
-0
-0
-0
6.77174
-0
-0
-0
-0
-0
-0
-0
39.0381
-0
-0
-0
-0
-0
14.6168
69.5667
-0
-0
-0
-0
-0
-0
-0
32.2659
-0
-0
-0
-0
-0
9.63375
-0
8.03112
-0
15.188
77.2012
-0
-0
-0
-0
-0
0.550298
-0
-0
-0
-0
-0
-0
-0
-0
-0
-0
-0
-0
-0
-0
-0
-0
-0
-0
-0
-0
46.1056
-0
12.1206
-0
-0
-0
-0
-0
-0
-0
-0
-0
-0
-0
58.017
-0
-0
-0
62.067
-0
-0
-0
-0
-0
29.2208
-0
-0
-0
-0
-0
28.1508
-0
-0
-0
-0
12.5189
-0
-0
50.3296
-0
-0
-0
-0
1.96951
61.5853
-0
-0
-0
-0
-0
-0
-0
57.6537
-0
-0
-0
-0
-0
20.5763
-0
-0
-0
-0
-0
-0
0.519067
-0
-0
-0
-0
1.61776
-0
-0
-0
-0
-0
-0
29.168
-0
-0
-0
-0
-0
-0
-0
-0
-0
-0
3.73248
-0
-0
36.8449
-0
-0
21.9057
-0
-0
-0
-0
-0
-0
-0
-0
-0
-0
-0
-0
-0
-0
9.44391
-0
-0
-0
22.6515
-0
7.79039
-0
-0
-0
-0
-0
-0
-0
-0
-0
-0
-0
-0
-0
7.23516
3.2935
-0
-0
-0
-0
-0
-0
-0
16.4705
-0
-0
-0
21.2567
-0
2.90572
22.8257
-0
-0
-0
41.9216
5.87812
-0
9.60247
-0
5.17971
-0
64.9239
73.9656
31.126
-0
3.94565
42.7098
-0
28.1005
-0
-0
-0
-0
-0
-0
-0
-0
2.85137
-0
-0
-0
-0
-0
-0
-0
-0
-0
-0
-0
-0
18.1586
26.9991
21.4307
36.4132
-0
-0
-0
16.8037
-0
-0
-0
-0
3.0814
-0
-0
0.643354
-0
9.16828
-0
-0
79.5048
-0
43.8791
-0
-0
-0
-0
-0
19.8998
9.54122
-0
-0
-0
-0
-0
-0
-0
25.3779
-0
-0
-0
-0
-0
-0
-0
-0
