6.70721
-0
-0
-0
-0
12.3753
-0
-0
57.3034
-0
24.8165
-0
6.67782
-0
-0
9.03359
-0
-0
-0
-0
-0
30.1873
-0
-0
-0
-0
-0
-0
-0
-0
-0
-0
-0
-0
4.61279
-0
-0
-0
33.7155
-0
-0
-0
-0
32.3283
-0
-0
-0
-0
-0
12.0871
-0
-0
-0
-0
-0
-0
-0
1.58
-0
-0
-0
-0
-0
11.9526
-0
-0
-0
38.7819
-0
0.967821
-0
-0
-0
-0
-0
0.693702
-0
-0
-0
-0
-0
50.0029
-0
-0
19.6289
-0
-0
0.65667
-0
-0
-0
-0
-0
-0
-0
-0
12.9979
-0
-0
-0
-0
-0
-0
9.73999
1.70644
-0
5.33457
-0
-0
-0
-0
-0
-0
-0
-0
-0
-0
-0
74.1302
-0
-0
-0
14.0141
-0
32.0988
-0
-0
-0
-0
23.6601
36.8327
32.5881
21.3114
-0
-0
-0
33.9803
56.1087
-0
16.21
1.41115
-0
-0
-0
24.3694
-0
-0
-0
-0
-0
-0
-0
-0
-0
-0
-0
-0
-0
-0
0.241519
-0
-0
-0
1.80219
-0
11.2326
24.8519
-0
-0
6.06942
-0
17.6339
-0
-0
-0
-0
-0
-0
-0
-0
1.07504
-0
-0
-0
-0
4.03865
-0
-0
19.8971
-0
-0
-0
-0
-0
-0
-0
-0
-0
-0
-0
-0
-0
47.2638
-0
-0
3.96954
-0
-0
-0
-0
-0
-0
25.516
-0
-0
-0
-0
-0
-0
-0
-0
-0
-0
43.8648
-0
-0
-0
-0
-0
-0
-0
-0
-0
-0
-0
7.0213
-0
-0
-0
-0
-0
-0
-0
-0
-0
-0
21.3986
-0
-0
-0
-0
-0
-0
-0
-0
-0
-0
-0
-0
-0
-0
-0
-0
-0
-0
-0
14.6096
-0
-0
-0
-0
5.10047
0.563373
30.0584
-0
-0
-0
-0
-0
-0
-0
4.01187
-0
-0
-0
-0
-0
1.07085
-0
-0
19.1833
27.9025
38.16
-0
21.0936
-0
-0
-0
-0
44.5453
-0
-0
9.14254
-0
7.99105
44.1785
-0
-0
45.4063
-0
-0
0.339615
-0
-0
-0
1.33861
-0
-0
-0
0.983514
-0
-0
-0
35.1401
22.7955
-0
-0
-0
-0
25.6298
-0
-0
-0
3.21023
-0
-0
-0
-0
-0
39.1352
-0
-0
-0
26.7832
-0
-0
-0
-0
2.79737
-0
-0
-0
-0
-0
28.0166
-0
-0
-0
1.20363
-0
38.5698
-0
-0
16.978
-0
0.651077
-0
-0
-0
-0
-0
3.63477
0.185776
47.7312
-0
-0
11.6174
-0
-0
-0
-0
-0
-0
-0
-0
15.6818
-0
1.21124
-0
-0
-0
-0
-0
-0
-0
32.2744
-0
29.1714
-0
19.2128
-0
8.65755
-0
-0
-0
-0
-0
-0
-0
18.5039
-0
-0
-0
-0
11.4328
21.6861
-0
-0
-0
-0
3.67766
-0
-0
-0
-0
9.20843
3.44561
22.0635
32.3711
-0
-0
25.4005
34.3669
-0
4.29453
-0
-0
-0
-0
-0
-0
11.6245
-0
-0
-0
-0
-0
0.237665
-0
-0
69.4041
23.3361
-0
-0
13.7925
-0
-0
-0
-0
-0
-0
-0
-0
-0
39.9693
-0
-0
-0
-0
-0
-0
23.4446
-0
-0
-0
14.2389
16.2556
-0
-0
2.08353
-0
-0
-0
-0
0.364515
-0
-0
12.7313
-0
-0
2.86084
-0
-0
7.88709
-0
9.1026
-0
-0
-0
12.9693
-0
-0
12.6002
-0
-0
-0
-0
-0
-0
46.8429
-0
-0
-0
-0
-0
-0
14.9187
-0
40.2682
-0
-0
-0
-0
22.3521
-0
-0
-0
42.0277
39.5746
19.0464
-0
-0
-0
-0
43.259
-0
4.74863
56.3051
-0
-0
-0
-0
-0
-0
-0
-0
4.22598
-0
-0
27.9333
-0
-0
-0
-0
25.2189
47.195
-0
-0
-0
6.66836
-0
-0
35.6534
-0
-0
-0
-0
-0
-0
-0
-0
-0
-0
32.8742
10.0549
2.64782
-0
-0
-0
-0
-0
-0
-0
10.0923
-0
-0
-0
-0
2.65486
60.9383
-0
-0
-0
-0
-0
-0
-0
17.5764
60.9766
-0
20.6171
-0
-0
-0
-0
-0
-0
-0
-0
18.6299
-0
-0
2.2694
-0
-0
-0
55.3036
-0
-0
-0
-0
-0
-0
16.5042
-0
-0
-0
-0
21.2286
-0
-0
30.4945
-0
-0
-0
-0
-0
-0
-0
-0
-0
-0
-0
-0
40.5485
-0
-0
1.98679
6.46938
-0
-0
-0
-0
-0
-0
-0
-0
-0
-0
-0
-0
7.88796
48.4939
-0
-0
15.608
-0
-0
-0
-0
-0
-0
-0
28.1273
-0
-0
-0
-0
-0
49.789
13.6577
2.73188
1.12802
-0
-0
16.0757
-0
-0
-0
-0
-0
-0
10.1142
-0
-0
2.19846
-0
-0
-0
32.3967
-0
-0
-0
27.4844
35.1106
-0
-0
-0
-0
-0
-0
11.7798
-0
-0
-0
-0
18.6113
-0
-0
2.91958
-0
31.7513
16.5991
-0
-0
-0
-0
-0
-0
-0
-0
7.42686
-0
40.0307
-0
-0
-0
2.0826
9.19368
-0
-0
-0
-0
-0
-0
31.4827
-0
-0
-0
40.4207
30.1945
-0
-0
-0
-0
-0
-0
-0
36.0251
-0
0.310704
-0
-0
-0
-0
44.5296
23.545
2.65761
-0
-0
-0
-0
-0
-0
-0
-0
-0
-0
-0
41.1266
3.26803
-0
-0
-0
-0
-0
22.6237
42.6768
-0
-0
-0
-0
-0
-0
25.9797
-0
-0
-0
-0
-0
-0
-0
11.7687
-0
-0
-0
-0
8.30695
-0
-0
-0
-0
-0
-0
-0
21.6765
-0
48.5998
-0
20.5627
-0
-0
-0
-0
-0
-0
-0
5.1408
-0
5.61892
2.27906
-0
13.0602
-0
-0
-0
51.9932
4.78372
-0
-0
-0
12.5527
-0
-0
-0
12.3557
-0
12.4
-0
24.1823
-0
-0
-0
8.68226
-0
1.48253
1.70482
-0
-0
16.4562
-0
-0
-0
-0
55.2835
-0
-0
-0
-0
22.2164
-0
-0
-0
-0
-0
50.8544
-0
-0
-0
-0
-0
-0
-0
-0
-0
34.7161
-0
-0
-0
40.0079
-0
-0
10.9328
12.1758
-0
-0
34.0242
-0
-0
35.9786
-0
-0
-0
-0
-0
-0
6.04894
-0
-0
-0
-0
-0
-0
-0
-0
-0
-0
23.7625
-0
-0
-0
52.7377
-0
22.7748
13.7709
-0
-0
40.0829
-0
-0
-0
-0
12.3041
-0
-0
-0
-0
41.1777
-0
38.5251
-0
22.3878
-0
37.3287
-0
-0
11.839
-0
-0
-0
0.832213
-0
-0
-0
-0
12.1129
-0
-0
-0
-0
-0
-0
7.2066
-0
52.829
25.0991
-0
-0
-0
48.2794
-0
-0
-0
-0
-0
-0
-0
-0
-0
-0
-0
-0
-0
-0
-0
-0
-0
-0
-0
-0
-0
46.7932
-0
-0
-0
-0
34.5842
-0
20.297
27.6726
-0
-0
29.6405
-0
-0
-0
-0
42.8158
-0
-0
32.3595
-0
-0
24.6172
20.7046
6.36231
-0
-0
-0
-0
-0
-0
-0
-0
-0
9.96549
-0
-0
60.106
-0
-0
35.5727
-0
-0
-0
-0
-0
-0
-0
-0
-0
-0
-0
-0
39.6115
-0
-0
-0
-0
-0
-0
27.9699
14.9132
-0
0.501555
-0
54.8897
-0
-0
-0
-0
-0
-0
-0
-0
49.8745
-0
-0
-0
-0
-0
-0
-0
-0
-0
18.6064
-0
-0
29.0256
-0
-0
-0
-0
-0
-0
-0
-0
30.0472
46.5472
24.29
-0
-0
-0
-0
-0
36.46
-0
-0
-0
-0
-0
-0
47.8109
-0
-0
-0
9.26598
-0
-0
-0
-0
3.59758
-0
20.1931
-0
-0
-0
5.17253
7.77932
4.18763
-0
-0
-0
-0
4.95526
-0
-0
-0
-0
-0
-0
-0
1.55739
8.52579
-0
-0
-0
-0
-0
47.9401
-0
17.3707
-0
-0
-0
-0
-0
-0
-0
27.9315
-0
-0
-0
-0
-0
13.4033
-0
-0
16.7625
-0
-0
-0
-0
-0
-0
30.8106
-0
-0
-0
-0
-0
-0
23.3963
-0
17.9849
4.09831
-0
-0
10.7421
-0
-0
31.9506
61.4082
17.513
77.5386
-0
3.85955
-0
-0
-0
-0
-0
-0
-0
-0
-0
-0
26.7521
-0
-0
-0
-0
-0
-0
-0
-0
-0
-0
-0
-0
-0
-0
-0
11.5791
-0
-0
-0
-0
41.4414
-0
-0
-0
-0
-0
-0
6.39253
-0
-0
48.3165
33.5344
-0
41.6586
10.8579
-0
-0
-0
22.7357
-0
-0
-0
-0
-0
-0
-0
-0
-0
3.82115
-0
-0
50.4582
-0
-0
15.8124
-0
5.59564
24.9624
21.7821
-0
-0
-0
-0
-0
-0
-0
-0
-0
-0
-0
-0
81.7406
-0
-0
-0
20.1524
-0
-0
-0
-0
-0
-0
-0
-0
-0
-0
-0
-0
-0
31.7012
-0
51.4594
-0
42.8338
18.3346
17.9618
-0
51.1551
7.52487
9.55141
-0
-0
-0
14.7158
-0
-0
36.1241
-0
1.81628
47.338
-0
5.34888
-0
5.17546
-0
-0
-0
-0
-0
-0
-0
4.15839
-0
-0
55.4896
29.179
-0
-0
22.4373
-0
14.4651
-0
-0
10.6402
-0
-0
8.73458
25.7737
-0
-0
-0
-0
-0
3.1024
9.72583
-0
16.1932
-0
19.9449
-0
-0
-0
-0
-0
50.8042
36.964
-0
-0
-0
-0
-0
-0
-0
0.32885
26.4633
3.69585
-0
-0
-0
-0
29.7467
3.39458
-0
-0
-0
54.5956
-0
7.57456
-0
-0
-0
-0
-0
-0
-0
-0
-0
-0
44.2994
-0
-0
-0
-0
-0
18.1836
-0
16.6705
40.206
-0
17.4506
-0
-0
-0
15.747
2.50179
-0
-0
-0
18.2168
-0
-0
-0
-0
-0
-0
-0
-0
33.4266
-0
-0
-0
-0
33.4273
-0
-0
-0
-0
-0
-0
-0
-0
-0
-0
-0
-0
-0
34.4243
41.7512
11.0259
1.85917
3.48385
-0
-0
57.1974
-0
16.0092
-0
-0
-0
-0
-0
-0
-0
-0
7.56131
-0
-0
-0
-0
-0
-0
-0
-0
11.4574
-0
-0
-0
-0
-0
-0
-0
-0
-0
-0
-0
-0
-0
51.1399
-0
-0
-0
-0
-0
-0
-0
-0
-0
-0
-0
-0
-0
-0
16.4054
-0
-0
-0
38.0516
-0
-0
-0
12.2394
-0
-0
-0
-0
-0
-0
-0
-0
14.1831
-0
-0
2.49286
-0
-0
-0
30.3942
-0
-0
-0
-0
-0
8.90083
-0
-0
-0
-0
5.11389
-0
-0
-0
-0
75.0331
46.8252
-0
-0
-0
-0
-0
-0
-0
14.0351
-0
-0
39.0825
-0
-0
-0
28.6979
-0
-0
-0
0.726049
3.74468
-0
-0
-0
-0
-0
-0
-0
16.4951
25.2809
26.6623
-0
-0
-0
-0
-0
-0
-0
-0
-0
-0
-0
-0
4.70047
-0
-0
-0
-0
-0
-0
13.24
-0
7.19911
26.7023
-0
-0
15.4921
-0
-0
-0
52.7023
-0
-0
-0
-0
98.2139
-0
-0
-0
-0
-0
31.1367
-0
7.19359
-0
-0
-0
-0
26.0873
-0
-0
-0
-0
-0
-0
20.2542
-0
-0
32.8487
-0
0.705054
48.9453
-0
-0
-0
-0
-0
-0
-0
-0
15.1635
22.1039
-0
-0
22.872
6.44306
-0
-0
-0
-0
-0
-0
-0
-0
-0
-0
-0
-0
11.7207
25.5079
10.9391
-0
-0
-0
-0
-0
68.8366
-0
-0
-0
-0
-0
-0
3.4915
29.7209
25.6719
-0
-0
-0
-0
-0
-0
-0
31.3548
-0
-0
-0
52.8812
25.7686
-0
-0
-0
-0
-0
-0
56.8709
-0
-0
37.007
-0
-0
-0
-0
-0
-0
-0
-0
-0
-0
-0
-0
-0
62.6625
-0
-0
-0
-0
-0
-0
-0
-0
-0
-0
-0
64.4733
36.4105
-0
-0
-0
-0
-0
-0
-0
-0
1.06937
1.38571
-0
-0
-0
28.543
-0
-0
-0
-0
21.1299
-0
0.810413
-0
-0
-0
34.2434
-0
-0
67.8557
-0
-0
6.21986
-0
17.6741
-0
-0
-0
-0
-0
-0
-0
-0
25.1717
25.1045
-0
-0
-0
-0
-0
-0
-0
-0
-0
-0
-0
9.62501
10.7354
-0
1.91871
-0
-0
39.4058
-0
-0
-0
11.8186
-0
-0
-0
10.2996
-0
-0
-0
-0
-0
-0
37.291
-0
-0
-0
-0
-0
-0
-0
-0
11.9115
-0
-0
-0
-0
-0
-0
-0
9.68281
-0
-0
-0
-0
-0
-0
-0
-0
-0
-0
-0
-0
-0
-0
-0
-0
-0
-0
10.3306
23.7587
-0
-0
-0
-0
-0
-0
-0
-0
3.21952
-0
-0
-0
-0
-0
-0
-0
-0
-0
-0
-0
-0
-0
-0
-0
-0
-0
-0
6.1135
-0
2.24528
-0
-0
-0
-0
-0
-0
-0
1.65741
-0
-0
4.36404
-0
83.6962
35.3123
33.966
25.1263
-0
-0
39.4394
-0
23.6969
-0
-0
-0
-0
7.1492
60.0821
-0
-0
-0
-0
-0
-0
-0
-0
-0
9.70353
-0
-0
-0
-0
-0
-0
48.0035
-0
-0
16.9663
1.32617
-0
-0
1.65601
-0
-0
34.1821
-0
-0
-0
52.8675
21.0639
-0
-0
10.6851
-0
-0
-0
4.6235
8.82803
-0
-0
-0
-0
34.1602
-0
0.811037
-0
-0
-0
-0
-0
-0
-0
-0
0.218274
-0
94.2981
-0
-0
37.3681
-0
-0
-0
-0
13.8844
-0
-0
-0
-0
-0
-0
5.77173
-0
-0
-0
30.9363
34.1164
15.2237
-0
-0
18.9739
-0
30.4805
-0
-0
6.87023
-0
-0
-0
-0
-0
36.961
20.1265
-0
48.1914
-0
8.30129
13.2772
41.4284
-0
-0
-0
-0
16.2253
-0
-0
-0
12.0187
10.642
-0
27.0137
-0
-0
-0
-0
-0
-0
33.4399
-0
-0
-0
-0
-0
-0
-0
-0
-0
-0
50.5115
15.564
-0
14.8844
-0
-0
8.85481
-0
8.14727
20.3101
-0
-0
-0
-0
-0
5.10398
3.61789
-0
56.2328
-0
-0
-0
3.70279
-0
-0
-0
7.03562
-0
-0
19.8253
-0
-0
-0
-0
-0
4.89154
-0
-0
-0
-0
25.5502
-0
-0
-0
-0
20.9199
-0
-0
54.6721
9.42765
-0
3.06173
-0
25.1127
-0
-0
-0
-0
0.793514
-0
-0
-0
-0
-0
-0
-0
-0
-0
-0
-0
-0
7.8005
-0
-0
-0
48.3188
-0
-0
-0
-0
23.9163
-0
42.6199
-0
-0
-0
-0
-0
-0
-0
-0
-0
-0
-0
-0
-0
-0
15.7173
58.1634
-0
11.1681
-0
-0
-0
45.3069
-0
-0
-0
23.5934
-0
-0
-0
-0
10.014
5.1087
37.4139
63.9528
57.7971
-0
-0
-0
-0
7.67601
6.27195
-0
-0
12.7138
-0
-0
17.2298
13.966
-0
36.1716
-0
-0
-0
48.0389
-0
-0
6.85714
-0
-0
-0
-0
-0
-0
-0
29.5048
-0
-0
-0
20.1329
-0
3.67737
6.69859
-0
42.5878
17.0249
-0
-0
-0
-0
-0
24.2604
10.9534
-0
20.6153
-0
-0
-0
-0
-0
-0
3.60802
-0
-0
21.7515
2.67635
2.51284
11.4657
-0
-0
-0
-0
1.93413
5.30656
-0
-0
-0
6.59948
-0
-0
-0
-0
-0
-0
34.281
-0
-0
-0
-0
-0
-0
-0
-0
11.0034
-0
6.61203
-0
44.479
-0
-0
-0
-0
30.1113
-0
-0
-0
-0
-0
-0
-0
-0
-0
-0
-0
-0
-0
52.206
-0
19.6117
-0
30.8154
-0
-0
9.11863
-0
-0
-0
63.2174
-0
-0
-0
-0
-0
-0
-0
58.7316
-0
-0
-0
-0
-0
-0
-0
-0
-0
-0
-0
-0
-0
-0
-0
-0
-0
-0
-0
-0
-0
-0
-0
7.94406
-0
16.9373
19.5431
-0
-0
31.3506
-0
-0
-0
6.11302
-0
-0
-0
-0
-0
7.46654
-0
-0
-0
-0
-0
-0
64.8405
-0
-0
17.7239
4.08963
71.15
-0
-0
-0
-0
-0
22.485
-0
-0
-0
-0
-0
23.4719
11.8074
13.6231
-0
-0
-0
31.248
-0
-0
-0
-0
-0
-0
1.93737
-0
-0
-0
-0
-0
-0
5.19402
-0
-0
-0
-0
-0
59.9032
-0
-0
-0
-0
-0
25.4391
-0
-0
-0
-0
-0
-0
-0
72.0492
1.26369
-0
-0
-0
-0
17.7321
-0
-0
-0
-0
-0
3.20276
-0
4.3054
67.0732
39.8072
-0
-0
-0
0.620607
-0
-0
10.0151
-0
-0
-0
-0
-0
13.2223
28.2527
-0
-0
-0
6.7032
-0
-0
-0
-0
-0
11.6626
-0
-0
-0
-0
-0
-0
-0
-0
-0
-0
-0
-0
-0
47.5019
-0
-0
-0
-0
-0
5.73063
-0
-0
-0
-0
-0
-0
-0
70.7413
-0
4.86802
-0
26.028
-0
-0
-0
-0
2.0526
-0
-0
26.6583
-0
-0
-0
-0
4.99396
-0
-0
-0
-0
-0
-0
-0
-0
-0
-0
-0
-0
69.1489
-0
34.4667
-0
-0
-0
-0
-0
-0
-0
-0
-0
-0
-0
-0
-0
-0
-0
3.33394
-0
-0
45.5226
-0
-0
53.3115
-0
-0
-0
-0
-0
-0
-0
-0
52.7736
-0
-0
-0
-0
-0
-0
-0
7.44756
-0
-0
69.5424
-0
-0
-0
-0
-0
-0
-0
-0
-0
-0
3.77784
-0
-0
-0
-0
-0
-0
-0
-0
-0
8.49215
-0
11.0976
5.57946
-0
18.0819
-0
-0
-0
-0
-0
16.1602
14.7419
-0
16.6045
-0
-0
-0
10.8097
16.9436
11.8042
-0
-0
-0
38.4476
4.50956
-0
-0
-0
-0
-0
-0
22.3512
-0
-0
-0
28.2711
-0
-0
-0
-0
-0
-0
-0
-0
-0
-0
-0
-0
-0
-0
-0
-0
-0
-0
-0
-0
-0
-0
-0
-0
-0
-0
-0
2.28361
-0
50.4412
-0
-0
-0
-0
20.3003
-0
14.8588
-0
-0
-0
-0
-0
-0
-0
-0
9.70997
-0
-0
-0
-0
-0
-0
-0
42.0299
-0
-0
-0
-0
-0
-0
-0
-0
-0
-0
-0
-0
-0
-0
-0
-0
-0
0.770869
-0
-0
-0
-0
-0
-0
-0
-0
-0
16.9653
8.03294
-0
-0
-0
-0
-0
29.075
-0
40.2157
24.9984
-0
-0
-0
30.1202
-0
-0
-0
-0
-0
41.8485
-0
32.1763
-0
-0
-0
-0
-0
18.0091
-0
-0
-0
-0
47.121
-0
0.558973
-0
-0
15.9507
-0
-0
2.26282
-0
-0
-0
-0
-0
-0
11.6188
-0
-0
-0
-0
44.6578
-0
-0
-0
-0
-0
-0
-0
-0
-0
-0
-0
-0
-0
-0
-0
-0
-0
27.6233
-0
-0
-0
-0
-0
-0
-0
-0
-0
-0
18.6283
12.2119
45.127
-0
43.4514
81.9704
-0
-0
-0
2.56932
-0
-0
-0
-0
-0
-0
0.14997
-0
-0
-0
-0
34.6677
3.49429
-0
-0
-0
4.87249
2.754
17.1504
-0
-0
15.616
-0
-0
-0
-0
27.3088
-0
39.7754
-0
79.6555
2.53174
-0
-0
70.5073
-0
18.0463
5.59986
13.4128
-0
-0
-0
-0
-0
28.1094
-0
7.95145
-0
-0
-0
6.21696
-0
-0
-0
-0
26.3432
42.4089
-0
75.1685
-0
2.34661
31.5875
-0
-0
36.8918
-0
-0
53.2706
-0
-0
-0
-0
-0
-0
49.1091
-0
-0
-0
-0
-0
-0
-0
-0
-0
-0
-0
-0
-0
-0
-0
8.0102
-0
-0
-0
-0
-0
-0
27.9632
35.5046
-0
-0
-0
-0
-0
-0
-0
7.65079
18.9464
-0
-0
-0
-0
-0
-0
3.41154
-0
-0
-0
-0
-0
-0
-0
19.7677
-0
-0
12.4009
31.167
-0
-0
36.7247
-0
25.5012
-0
42.5318
24.8915
-0
-0
-0
49.5285
-0
-0
29.3581
-0
-0
5.71265
-0
-0
5.21395
-0
-0
-0
-0
-0
-0
-0
-0
-0
-0
-0
-0
-0
-0
-0
3.24294
-0
21.4736
-0
-0
-0
-0
-0
-0
-0
-0
-0
-0
-0
-0
8.83197
29.4996
31.9065
-0
25.4551
-0
-0
10.7465
-0
5.93018
-0
-0
-0
-0
-0
-0
-0
13.4753
-0
-0
8.3802
-0
-0
2.59119
-0
-0
9.32074
-0
-0
-0
-0
-0
-0
-0
-0
35.7186
-0
-0
21.4246
-0
-0
-0
29.7274
-0
-0
-0
-0
-0
-0
-0
-0
-0
-0
-0
-0
-0
-0
-0
-0
24.8772
-0
-0
-0
-0
-0
-0
56.175
-0
-0
-0
-0
26.8586
-0
-0
-0
28.0618
-0
-0
-0
-0
23.6706
-0
27.5
22.736
44.3771
-0
-0
-0
-0
-0
-0
-0
26.5567
-0
-0
0.326359
-0
-0
-0
-0
-0
-0
-0
-0
-0
-0
-0
-0
29.1941
12.7969
-0
-0
-0
-0
-0
-0
-0
-0
-0
-0
-0
-0
-0
-0
38.6492
25.1525
-0
-0
-0
-0
-0
-0
-0
-0
19.4355
-0
-0
-0
-0
27.1747
-0
-0
-0
-0
-0
39.8432
23.0639
-0
-0
-0
-0
9.43809
-0
-0
-0
-0
-0
-0
-0
-0
-0
15.3672
0.701135
18.3467
1.2119
-0
0.220686
77.5844
31.3959
-0
-0
-0
-0
-0
-0
-0
-0
-0
-0
-0
10.9483
35.1825
14.2336
-0
2.65135
45.6882
-0
-0
-0
6.1511
-0
-0
-0
0.284951
-0
-0
-0
-0
-0
-0
8.08099
-0
-0
-0
-0
-0
-0
15.7625
-0
-0
-0
-0
-0
-0
-0
43.1956
35.4392
-0
2.051
-0
7.28053
-0
-0
17.4982
-0
-0
-0
-0
-0
-0
-0
-0
-0
-0
-0
5.14949
-0
0.846451
-0
-0
25.0253
-0
-0
3.42634
7.83164
-0
-0
-0
-0
-0
-0
-0
16.3344
-0
-0
-0
-0
29.9477
-0
-0
-0
-0
-0
6.73465
-0
-0
-0
4.42159
-0
-0
20.1984
-0
-0
-0
-0
48.6698
-0
12.9317
-0
-0
16.7159
-0
-0
-0
-0
-0
-0
-0
-0
-0
4.84554
-0
-0
-0
-0
34.4498
-0
-0
1.63665
-0
-0
-0
22.2072
5.74322
7.14534
11.3221
-0
-0
-0
-0
1.22923
-0
-0
-0
-0
-0
-0
-0
17.6896
-0
-0
-0
-0
-0
-0
54.1104
-0
-0
-0
8.76025
-0
10.6352
66.4226
-0
-0
-0
-0
33.1429
-0
-0
-0
-0
-0
-0
29.5134
-0
-0
42.3268
-0
-0
-0
-0
-0
99.6758
-0
-0
6.47862
-0
-0
-0
-0
-0
-0
13.7066
-0
-0
-0
-0
46.9494
-0
-0
-0
-0
-0
-0
-0
-0
-0
-0
7.93793
-0
22.5332
-0
32.2819
-0
56.4428
-0
-0
-0
-0
38.465
-0
-0
-0
-0
-0
-0
-0
6.09604
-0
-0
61.849
-0
-0
-0
-0
38.3382
-0
-0
-0
-0
5.71401
-0
-0
11.7879
-0
-0
4.15545
-0
-0
-0
-0
-0
-0
16.8584
-0
-0
39.0533
-0
-0
-0
-0
-0
-0
-0
-0
-0
-0
-0
-0
18.491
-0
-0
12.1446
-0
-0
-0
-0
40.3258
-0
-0
-0
32.2874
24.2082
8.60137
-0
-0
-0
-0
9.39339
-0
-0
-0
-0
-0
-0
-0
-0
-0
-0
-0
6.4982
23.203
-0
-0
-0
-0
-0
-0
12.2434
9.71227
-0
5.94627
13.6165
-0
-0
-0
-0
-0
23.9168
-0
-0
3.73104
-0
-0
-0
10.7193
8.4235
-0
82.6544
2.4273
-0
-0
-0
-0
-0
-0
-0
-0
-0
-0
21.3387
-0
-0
-0
16.3724
4.28122
6.98084
8.63396
-0
-0
44.9777
-0
-0
-0
-0
-0
-0
28.0057
11.8646
-0
-0
-0
-0
-0
-0
-0
-0
22.6483
-0
-0
5.26283
-0
-0
-0
-0
-0
-0
-0
-0
-0
-0
-0
51.4164
2.26905
-0
-0
-0
-0
9.91474
-0
9.37437
-0
-0
-0
-0
-0
0.14477
-0
-0
-0
5.11453
-0
-0
-0
-0
7.35324
-0
-0
-0
-0
34.7228
-0
-0
-0
8.85629
0.0536076
-0
-0
-0
-0
-0
-0
-0
10.9559
-0
-0
-0
-0
-0
-0
-0
-0
-0
-0
-0
40.5298
5.92647
-0
-0
-0
-0
-0
-0
-0
15.9175
-0
52.2011
74.87
-0
16.3584
18.8412
-0
-0
-0
-0
-0
-0
-0
20.9213
-0
-0
-0
-0
-0
-0
-0
-0
-0
-0
-0
-0
-0
11.388
-0
-0
10.9181
-0
-0
-0
19.4599
-0
26.5112
-0
-0
-0
-0
-0
-0
-0
7.01451
-0
19.2108
-0
-0
-0
-0
-0
-0
-0
-0
22.7229
-0
-0
-0
-0
24.434
-0
-0
-0
-0
14.9827
-0
-0
-0
10.5115
-0
-0
-0
17.1337
-0
3.42267
36.0898
-0
-0
29.029
-0
-0
-0
-0
-0
-0
-0
-0
-0
79.939
-0
-0
-0
2.10669
-0
-0
-0
-0
-0
-0
-0
-0
28.4955
-0
36.909
-0
-0
-0
-0
-0
-0
-0
-0
-0
7.84951
3.92251
-0
-0
9.11683
-0
0.562051
17.6203
-0
-0
-0
-0
-0
-0
-0
-0
-0
4.96102
-0
20.5568
-0
22.6826
24.0082
12.7165
-0
16.3478
-0
-0
-0
-0
-0
-0
-0
-0
-0
-0
70.4979
12.7719
25.8451
-0
35.5926
-0
-0
-0
-0
-0
-0
63.2153
-0
9.21406
53.1801
-0
-0
-0
-0
4.3727
-0
-0
65.7015
-0
-0
39.9008
6.69318
-0
-0
-0
-0
-0
-0
-0
40.3168
-0
55.2721
-0
-0
-0
24.7034
13.7559
-0
-0
-0
-0
-0
32.9995
34.448
-0
-0
-0
-0
-0
22.0318
-0
-0
-0
11.3287
-0
9.39803
-0
46.9612
-0
14.8008
-0
-0
-0
-0
-0
-0
-0
-0
17.3866
-0
-0
17.335
-0
-0
22.6423
-0
-0
-0
-0
-0
-0
-0
-0
-0
-0
-0
-0
-0
-0
-0
-0
35.7414
-0
-0
-0
5.82701
-0
-0
14.4955
-0
40.0589
14.275
-0
-0
73.2302
-0
-0
-0
10.314
-0
-0
9.78671
-0
-0
-0
41.6687
-0
-0
-0
-0
-0
-0
-0
24.2083
-0
-0
-0
-0
-0
1.30413
48.5385
-0
-0
-0
-0
-0
0.12556
-0
28.7163
-0
-0
-0
-0
-0
-0
-0
6.49874
-0
2.68331
92.3449
-0
-0
-0
-0
-0
25.696
-0
29.7498
-0
-0
-0
0.931272
-0
-0
-0
-0
-0
-0
-0
-0
-0
9.81323
-0
-0
-0
-0
44.3793
-0
-0
-0
-0
-0
-0
-0
-0
-0
-0
-0
-0
-0
40.3491
-0
-0
16.6243
54.1816
-0
-0
-0
-0
-0
5.23484
9.16175
-0
-0
-0
-0
27.2686
-0
-0
-0
-0
21.6028
-0
-0
42.3061
-0
26.3483
-0
-0
-0
57.2084
-0
-0
4.96821
-0
-0
-0
-0
65.6564
-0
-0
-0
-0
-0
22.0351
-0
14.3509
-0
-0
-0
-0
3.20889
-0
7.37761
-0
-0
-0
-0
-0
-0
-0
-0
-0
39.0304
-0
-0
-0
-0
-0
-0
-0
-0
-0
11.2407
-0
-0
-0
55.9119
-0
-0
18.2698
-0
-0
-0
-0
-0
-0
-0
-0
-0
-0
-0
-0
-0
-0
12.5419
-0
-0
-0
42.4344
-0
34.7927
-0
-0
-0
-0
-0
-0
-0
-0
-0
-0
-0
-0
-0
12.7686
23.6199
-0
-0
-0
-0
-0
-0
-0
19.95
-0
-0
-0
55.1337
-0
-0
32.3669
-0
-0
-0
21.427
10.7499
-0
-0
-0
10.4307
-0
56.615
111.316
37.7817
-0
3.80166
44.4425
-0
18.567
-0
-0
-0
-0
-0
-0
-0
-0
2.82615
-0
-0
-0
-0
-0
-0
-0
-0
2.01286
32.3422
-0
-0
35.9992
14.9245
11.3107
46.0303
-0
-0
-0
11.3485
-0
-0
-0
18.6044
-0
-0
-0
8.75236
-0
4.95541
-0
-0
72.1415
-0
7.98899
-0
-0
-0
-0
-0
28.4865
28.1482
-0
-0
-0
-0
-0
-0
-0
39.9207
-0
-0
-0
-0
-0
-0
4.79796
-0
