6.31011
-0
-0
-0
-0
20.5546
-0
2.92109
62.4175
-0
18.9862
-0
-0
-0
-0
11.5216
-0
-0
-0
-0
-0
35.2284
-0
-0
-0
-0
-0
-0
-0
-0
-0
-0
-0
-0
1.43329
-0
-0
-0
26.6913
-0
-0
-0
-0
35.5471
-0
-0
-0
-0
-0
-0
-0
-0
-0
-0
-0
-0
-0
2.30986
-0
-0
-0
-0
-0
2.89451
-0
-0
-0
52.7291
-0
1.26126
-0
-0
-0
-0
-0
1.53729
-0
-0
-0
-0
-0
53.2522
-0
-0
24.8367
0.534853
-0
-0
-0
-0
-0
-0
-0
-0
-0
-0
18.7917
-0
-0
-0
-0
-0
-0
-0
-0
-0
-0
-0
-0
-0
-0
-0
-0
-0
-0
20.8868
-0
-0
76.7345
-0
-0
-0
7.58829
-0
36.3648
-0
-0
-0
-0
23.8192
20.7902
26.3875
7.17685
-0
-0
-0
20.9146
59.5764
-0
3.9324
2.46192
-0
-0
-0
25.7233
-0
-0
-0
-0
-0
-0
-0
-0
-0
-0
-0
-0
-0
-0
0.385066
-0
-0
-0
18.6365
-0
24.4897
35.9453
-0
-0
23.2189
-0
20.8849
-0
-0
-0
-0
-0
-0
-0
-0
9.48125
-0
-0
-0
-0
6.39997
-0
-0
21.4884
-0
-0
12.9594
-0
-0
-0
-0
-0
-0
-0
-0
-0
-0
25.5682
-0
-0
-0
-0
-0
7.39929
-0
-0
-0
33.2199
-0
-0
-0
-0
-0
-0
-0
-0
-0
-0
11.9529
-0
-0
-0
-0
-0
-0
-0
-0
-0
-0
-0
15.9412
-0
-0
-0
-0
-0
-0
-0
-0
-0
-0
15.683
-0
-0
-0
-0
-0
-0
-0
-0
-0
-0
-0
-0
-0
-0
-0
-0
-0
-0
-0
18.2782
-0
-0
-0
-0
5.80445
-0
35.4362
-0
-0
-0
-0
-0
-0
-0
4.47486
-0
-0
-0
-0
0.9841
1.90492
-0
-0
23.8768
40.1874
14.9528
-0
18.0014
-0
-0
-0
-0
26.2852
-0
-0
9.9566
-0
-0
49.0576
-0
-0
41.1788
-0
-0
5.38276
-0
-0
-0
1.57558
-0
-0
-0
1.20767
-0
-0
13.4799
14.412
21.173
-0
-0
-0
-0
26.9708
-0
-0
-0
-0
-0
-0
-0
-0
-0
19.3071
-0
-0
-0
17.4189
-0
-0
-0
-0
12.3057
-0
-0
-0
-0
-0
23.27
-0
-0
-0
7.9256
-0
39.6744
-0
-0
11.9342
-0
-0
-0
-0
15.3664
-0
-0
1.61121
-0
47.3651
-0
-0
-0
-0
-0
-0
-0
-0
-0
-0
-0
0.0612944
-0
-0
-0
-0
-0
14.1903
-0
-0
-0
24.6803
-0
9.98358
-0
3.93678
1.17615
4.20282
-0
-0
-0
-0
-0
-0
-0
16.5716
-0
-0
-0
-0
14.3582
31.2571
-0
-0
-0
-0
10.5265
-0
-0
-0
-0
-0
20.9821
14.6277
15.4461
-0
-0
31.7858
21.3417
-0
8.09436
-0
2.15342
-0
-0
-0
-0
13.134
8.41071
-0
-0
-0
-0
29.5682
-0
-0
74.5142
3.2435
-0
-0
17.7669
-0
-0
3.18301
-0
-0
-0
-0
-0
-0
47.2695
-0
-0
-0
-0
-0
-0
15.4764
-0
-0
-0
-0
18.6642
-0
-0
-0
-0
-0
-0
-0
-0
-0
-0
17.2655
-0
-0
10.8025
-0
-0
16.9467
-0
10.5118
-0
-0
-0
-0
-0
-0
8.45898
-0
-0
-0
-0
-0
-0
46.1925
-0
-0
-0
-0
-0
-0
-0
-0
42.9399
-0
-0
-0
-0
41.8917
-0
-0
-0
28.0053
14.3445
1.62441
-0
-0
-0
-0
24.8483
-0
-0
49.2901
-0
-0
-0
-0
-0
-0
-0
-0
5.57553
-0
4.73652
21.6437
-0
-0
-0
-0
41.9754
54.2442
-0
-0
-0
15.2323
-0
-0
35.768
-0
-0
-0
-0
-0
-0
7.2447
-0
-0
-0
50.6312
13.0763
-0
-0
-0
13.0566
-0
-0
-0
-0
17.3678
-0
-0
-0
-0
-0
40.774
-0
-0
-0
-0
-0
-0
-0
7.76799
60.6282
-0
-0
-0
-0
-0
-0
-0
-0
-0
-0
13.7263
-0
-0
-0
-0
-0
-0
52.5619
-0
-0
-0
-0
-0
-0
18.3935
-0
-0
-0
-0
12.4528
-0
-0
36.2943
-0
-0
-0
-0
-0
-0
-0
3.82837
-0
-0
-0
-0
39.9525
-0
-0
0.97917
7.85954
-0
-0
-0
-0
-0
-0
13.5273
-0
-0
-0
-0
3.27948
-0
53.1084
-0
-0
4.68939
-0
-0
-0
-0
-0
-0
-0
23.1396
-0
26.385
-0
-0
-0
28.3934
3.31805
5.88383
-0
-0
-0
-0
-0
-0
-0
-0
-0
-0
8.49575
-0
-0
-0
-0
-0
-0
39.2666
-0
-0
-0
39.7106
15.5152
-0
-0
-0
-0
-0
-0
4.61227
-0
-0
-0
-0
8.9325
-0
-0
-0
-0
30.9983
-0
-0
-0
-0
-0
-0
2.86226
14.5769
-0
0.664412
-0
48.7276
-0
-0
-0
1.67345
7.86607
-0
-0
-0
-0
-0
-0
25.8183
-0
-0
-0
17.4503
7.66172
-0
-0
-0
-0
-0
-0
-0
35.5147
-0
0.00166538
-0
-0
-0
-0
28.5191
1.74106
-0
-0
0.312293
-0
-0
-0
-0
-0
-0
-0
-0
-0
38.9381
5.05861
-0
-0
-0
-0
-0
4.53584
34.0357
-0
-0
-0
-0
-0
-0
8.03898
-0
-0
-0
-0
-0
-0
-0
19.3123
-0
-0
-0
-0
13.2929
-0
-0
-0
-0
-0
-0
-0
-0
-0
22.6413
-0
13.06
-0
-0
-0
-0
-0
-0
-0
1.88793
-0
9.94359
-0
-0
10.4504
-0
-0
-0
58.2784
-0
-0
-0
-0
18.1888
-0
-0
-0
11.9546
-0
17.5522
-0
31.3572
-0
-0
-0
-0
-0
-0
9.26667
-0
-0
8.04252
-0
-0
-0
-0
47.7638
-0
-0
-0
-0
16.0287
-0
-0
-0
-0
-0
56.5953
-0
-0
-0
-0
-0
-0
-0
-0
-0
15.0463
-0
-0
-0
21.041
-0
-0
12.6727
-0
-0
-0
27.8307
-0
-0
38.7992
-0
-0
-0
-0
-0
-0
3.77372
-0
-0
-0
-0
-0
-0
-0
-0
-0
-0
39.2251
-0
-0
-0
22.403
-0
10.7839
8.38464
0.591794
-0
22.5627
-0
-0
-0
-0
5.38675
-0
-0
-0
-0
25.7837
-0
43.79
5.30496
46.8909
16.3074
13.8681
-0
-0
11.1834
-0
-0
-0
0.386628
-0
-0
-0
-0
-0
-0
-0
-0
-0
-0
-0
23.7721
-0
50.2564
26.9191
-0
-0
-0
47.7191
-0
1.99983
-0
-0
-0
-0
-0
-0
-0
-0
-0
-0
-0
-0
-0
-0
-0
-0
-0
-0
-0
45.9132
-0
-0
-0
-0
28.2417
-0
15.8026
13.0801
-0
-0
28.1703
-0
-0
-0
-0
52.9445
-0
-0
23.2849
-0
-0
21.0205
21.3232
15.9904
-0
-0
-0
-0
-0
-0
-0
-0
-0
21.6088
-0
-0
54.9678
-0
-0
23.9445
-0
-0
-0
-0
-0
-0
-0
-0
-0
-0
-0
-0
38.3548
-0
-0
0.000369072
-0
-0
-0
19.2664
12.6081
-0
-0
-0
32.3467
-0
-0
-0
-0
-0
-0
-0
-0
48.9194
-0
-0
-0
-0
-0
-0
-0
-0
-0
26.4726
-0
-0
12.778
-0
-0
-0
-0
-0
-0
-0
-0
37.8758
27.8502
25.2083
-0
-0
-0
-0
-0
24.1107
-0
-0
-0
-0
-0
-0
46.6184
-0
-0
-0
11.6966
-0
-0
-0
-0
-0
-0
18.4977
-0
-0
-0
12.5163
18.0804
-0
-0
-0
-0
-0
4.71129
-0
-0
-0
-0
6.91975
-0
-0
3.6148
8.6776
-0
-0
-0
-0
-0
33.9944
-0
-0
-0
-0
-0
-0
-0
-0
-0
28.668
-0
-0
-0
-0
7.21908
21.0462
-0
-0
41.5243
-0
-0
-0
-0
-0
-0
26.2681
-0
-0
-0
-0
-0
-0
-0
-0
14.7319
9.44188
-0
-0
18.2041
-0
-0
33.4067
45.0458
32.697
75.9159
-0
15.2069
-0
5.1765
-0
-0
-0
-0
5.59778
-0
-0
-0
27.9953
-0
-0
-0
-0
-0
-0
-0
-0
-0
-0
-0
-0
-0
-0
-0
-0
-0
-0
-0
-0
41.328
-0
2.52293
-0
-0
-0
-0
5.6667
-0
-0
32.3856
29.1993
-0
60.9725
-0
-0
-0
14.0148
14.3262
-0
6.98105
-0
-0
-0
-0
-0
-0
-0
-0
-0
-0
48.5769
-0
-0
7.66559
-0
10.6282
30.1243
10.6537
-0
-0
-0
27.9441
-0
-0
-0
-0
-0
-0
-0
-0
53.776
13.9612
-0
-0
-0
-0
-0
-0
-0
-0
-0
-0
-0
-0
-0
-0
-0
11.8183
9.2008
-0
43.7384
-0
35.1653
4.79018
6.16814
-0
34.8198
9.64322
-0
-0
-0
-0
27.5347
-0
-0
19.1316
-0
-0
46.2278
-0
8.28023
-0
-0
-0
-0
-0
-0
-0
-0
-0
-0
-0
-0
70.11
45.7499
-0
-0
4.8262
-0
6.60396
-0
-0
30.9299
-0
-0
1.58
31.6549
-0
-0
-0
-0
-0
0.950665
19.1437
-0
2.50675
-0
9.15006
-0
-0
-0
-0
-0
17.4236
33.53
-0
-0
-0
-0
-0
-0
-0
-0
13.1729
17.0136
-0
-0
7.95378
-0
27.8413
25.465
-0
-0
-0
44.6655
-0
-0
-0
-0
-0
-0
-0
-0
-0
-0
7.35806
-0
28.014
-0
-0
-0
-0
-0
10.8903
-0
18.3465
19.5644
-0
10.1191
-0
-0
-0
0.435026
-0
-0
-0
4.29887
25.3176
-0
-0
-0
-0
-0
-0
-0
-0
16.7867
-0
5.88878
-0
-0
28.5742
-0
-0
-0
-0
-0
-0
-0
-0
-0
-0
-0
-0
-0
41.2564
34.1754
4.02289
1.70768
30.9243
-0
-0
51.2186
-0
11.0238
-0
-0
-0
-0
-0
-0
-0
-0
4.63853
-0
-0
-0
-0
-0
-0
-0
-0
-0
-0
-0
-0
-0
-0
-0
5.50458
-0
-0
-0
-0
-0
-0
32.7346
-0
-0
-0
-0
-0
-0
-0
-0
-0
-0
-0
-0
-0
-0
32.6415
-0
-0
21.7826
57.8168
-0
-0
-0
22.2359
6.80256
-0
-0
-0
-0
9.56849
-0
-0
17.9105
-0
-0
3.28424
-0
-0
-0
15.783
-0
-0
-0
-0
-0
-0
-0
-0
-0
-0
-0
-0
-0
-0
-0
72.3554
42.3897
-0
-0
-0
-0
-0
-0
-0
5.1956
-0
-0
28.5207
-0
-0
-0
6.98975
-0
-0
-0
-0
6.6957
-0
-0
-0
-0
-0
-0
-0
-0
20.1758
14.4068
-0
-0
-0
-0
-0
-0
-0
-0
-0
-0
-0
-0
5.7033
-0
-0
-0
-0
-0
-0
25.6814
13.5495
42.8022
7.60163
-0
-0
17.7041
-0
-0
-0
45.9372
-0
-0
-0
-0
72.8034
-0
-0
6.37682
-0
-0
20.3327
-0
1.04838
-0
-0
-0
-0
16.9597
-0
-0
-0
-0
-0
-0
27.9092
-0
-0
23.4449
-0
-0
15.0231
-0
-0
-0
-0
-0
-0
-0
-0
33.7669
18.99
-0
-0
12.4634
-0
-0
-0
-0
-0
-0
-0
-0
-0
-0
-0
-0
-0
25.4075
10.3414
-0
-0
-0
-0
-0
-0
66.9184
-0
-0
-0
-0
-0
-0
6.2286
35.2035
21.0303
-0
-0
-0
-0
-0
-0
-0
53.7261
-0
-0
-0
25.407
-0
-0
-0
-0
-0
-0
-0
80.0093
-0
-0
45.2663
-0
-0
8.45204
-0
-0
-0
-0
12.4142
-0
-0
-0
-0
-0
65.6882
-0
1.73717
-0
-0
-0
-0
-0
-0
-0
-0
-0
51.2885
25.128
-0
-0
-0
-0
-0
-0
-0
-0
1.53943
22.4877
-0
-0
-0
27.9037
-0
-0
-0
-0
14.4519
-0
-0
-0
-0
-0
37.5452
-0
-0
54.6231
-0
-0
37.4859
-0
9.17093
-0
-0
-0
-0
-0
-0
-0
-0
15.8788
31.6169
-0
-0
-0
-0
-0
-0
-0
-0
-0
-0
-0
13.8436
4.20853
-0
2.62338
-0
-0
39.6462
-0
-0
-0
36.8629
6.73681
-0
-0
10.3067
-0
-0
4.83249
-0
-0
-0
40.1928
-0
-0
-0
-0
4.17439
11.0073
-0
-0
4.37403
-0
-0
-0
-0
-0
-0
-0
-0
-0
-0
-0
-0
-0
-0
-0
-0
-0
-0
-0
-0
-0
-0
-0
-0
-0
-0
11.086
54.9765
-0
-0
-0
-0
-0
-0
-0
-0
-0
-0
-0
-0
-0
-0
-0
-0
-0
-0
3.07168
-0
-0
-0
-0
-0
-0
-0
-0
-0
-0
23.2973
-0
-0
-0
-0
-0
-0
-0
1.36721
-0
-0
17.6982
-0
82.742
42.1825
28.2357
15.7182
-0
-0
34.2343
-0
12.6544
-0
-0
-0
-0
-0
34.6779
-0
-0
-0
-0
-0
-0
-0
-0
-0
2.95677
-0
-0
-0
0.938538
-0
-0
44.4625
-0
-0
2.01055
-0
-0
-0
2.41146
-0
-0
29.4908
-0
-0
-0
39.5094
5.57141
-0
-0
28.2289
-0
-0
2.21989
-0
6.49981
-0
8.5103
-0
-0
13.8887
-0
0.990591
-0
-0
-0
-0
21.4618
-0
-0
-0
0.0630228
-0
80.1653
-0
-0
7.37172
-0
-0
-0
-0
8.33728
-0
-0
-0
-0
15.5388
-0
-0
-0
-0
-0
27.7067
26.2784
28.8774
-0
-0
2.07508
-0
15.5722
-0
-0
1.25056
-0
-0
-0
-0
-0
23.4707
7.81145
-0
53.2407
-0
-0
27.3103
45.8689
-0
-0
-0
-0
18.2426
-0
-0
-0
-0
6.09366
-0
12.1886
-0
-0
-0
-0
-0
-0
26.4639
-0
-0
-0
-0
0.19909
-0
-0
-0
-0
-0
52.1463
11.341
-0
15.4759
-0
-0
23.7472
-0
1.22353
16.9531
-0
-0
-0
-0
-0
17.3946
8.16937
-0
56.8272
-0
-0
-0
5.27038
-0
-0
-0
10.6061
-0
-0
39.9162
4.5161
-0
-0
-0
-0
12.1616
3.48847
-0
-0
-0
25.5555
-0
-0
-0
-0
10.3514
-0
-0
62.0189
-0
-0
2.70602
-0
14.8384
7.31708
-0
-0
-0
0.066707
-0
-0
-0
-0
-0
-0
-0
-0
-0
-0
-0
-0
-0
-0
-0
-0
31.2919
-0
-0
-0
-0
29.7476
-0
37.8753
-0
-0
-0
-0
-0
-0
-0
-0
-0
-0
-0
-0
-0
-0
-0
60.7295
-0
18.3294
-0
-0
-0
31.7155
-0
-0
-0
33.8423
-0
-0
-0
-0
-0
3.85111
35.2873
42.7642
51.614
-0
-0
-0
-0
15.8966
1.71694
-0
-0
28.5194
-0
-0
32.8488
33.9045
-0
29.7159
-0
-0
-0
15.5541
-0
-0
22.3059
-0
-0
-0
-0
-0
-0
-0
27.9398
20.8706
-0
-0
-0
-0
3.10498
4.2194
-0
45.4989
-0
-0
-0
-0
-0
-0
11.3813
0.134623
-0
29.2923
-0
-0
-0
-0
-0
-0
5.62265
-0
8.93407
12.2477
-0
-0
26.4649
-0
-0
-0
-0
-0
5.48894
-0
-0
-0
0.651409
-0
-0
-0
-0
-0
-0
48.7738
-0
-0
-0
-0
-0
-0
-0
-0
35.0814
-0
36.0501
-0
20.0096
-0
-0
-0
-0
25.8546
-0
-0
-0
-0
-0
-0
-0
-0
-0
-0
14.5836
-0
-0
36.2383
-0
5.62016
-0
32.9646
-0
-0
-0
-0
-0
-0
58.2336
-0
-0
-0
-0
-0
-0
-0
43.0848
-0
-0
-0
-0
-0
-0
-0
-0
-0
-0
-0
-0
-0
-0
-0
-0
-0
-0
-0
-0
-0
-0
-0
-0
-0
-0
0.503462
-0
-0
23.8045
-0
-0
-0
5.20259
-0
-0
-0
-0
-0
2.7713
-0
-0
-0
-0
-0
2.15297
38.0431
-0
6.23176
5.28202
-0
48.0125
-0
-0
1.28234
-0
-0
16.0977
-0
-0
-0
-0
9.7287
25.3793
14.023
4.52442
-0
-0
-0
7.16769
-0
-0
-0
-0
-0
-0
-0
-0
-0
-0
-0
-0
-0
9.9699
-0
-0
-0
-0
-0
43.2764
-0
-0
-0
-0
-0
11.8953
-0
-0
-0
-0
-0
-0
-0
43.3682
16.5526
-0
20.5066
-0
-0
7.87042
-0
-0
-0
-0
-0
-0
-0
17.2633
81.2673
47.3371
-0
-0
-0
0.00726535
-0
-0
6.09369
-0
-0
-0
-0
-0
11.1995
20.1096
-0
-0
-0
-0
-0
3.29611
-0
-0
-0
5.39439
-0
-0
-0
-0
-0
-0
-0
-0
-0
-0
-0
-0
-0
30.0235
-0
-0
-0
-0
-0
-0
-0
-0
-0
-0
-0
-0
-0
63.1547
-0
-0
-0
2.3409
-0
-0
-0
-0
-0
-0
-0
14.0128
2.95385
-0
-0
-0
10.7901
-0
-0
-0
-0
-0
-0
-0
-0
-0
-0
-0
-0
56.7346
-0
26.7344
-0
-0
-0
-0
-0
-0
-0
-0
-0
-0
-0
-0
-0
-0
-0
3.56468
-0
-0
11.2921
-0
-0
50.0238
-0
-0
11.7929
-0
-0
-0
-0
-0
55.9066
-0
-0
-0
-0
-0
-0
-0
19.2989
-0
-0
54.7516
-0
-0
-0
-0
-0
-0
-0
-0
-0
-0
7.24099
-0
-0
-0
-0
-0
-0
-0
-0
-0
-0
15.9592
17.6533
11.4572
-0
13.5694
-0
-0
-0
-0
-0
17.3287
8.52768
-0
32.7475
-0
-0
-0
-0
-0
1.26854
-0
-0
-0
2.34404
-0
-0
-0
-0
-0
-0
-0
28.2295
-0
-0
-0
27.7449
-0
-0
-0
-0
-0
-0
-0
-0
-0
-0
-0
-0
-0
-0
-0
2.721
-0
-0
-0
-0
-0
-0
-0
-0
-0
-0
-0
19.5702
-0
41.2823
-0
-0
-0
-0
8.77604
-0
9.82034
-0
-0
-0
-0
-0
-0
-0
-0
8.28745
-0
5.13538
-0
-0
-0
-0
-0
60.2455
-0
-0
-0
-0
-0
-0
-0
-0
1.07684
-0
-0
-0
-0
-0
-0
-0
-0
9.84805
-0
-0
-0
-0
-0
-0
-0
-0
-0
18.2318
6.17899
-0
-0
-0
-0
-0
39.1794
-0
31.3944
6.54276
-0
-0
-0
25.7804
-0
-0
-0
-0
-0
17.8779
-0
27.1258
-0
-0
-0
-0
0.0371416
2.4039
-0
-0
-0
-0
28.1459
-0
2.62977
-0
-0
27.0396
-0
-0
3.31157
-0
-0
-0
-0
-0
-0
23.1179
-0
-0
-0
-0
30.596
-0
4.59573
11.6103
-0
-0
-0
-0
-0
-0
-0
-0
-0
-0
-0
-0
-0
-0
33.7714
-0
-0
-0
-0
-0
-0
-0
-0
-0
-0
16.5129
5.5624
40.1062
-0
39.576
64.6716
-0
-0
-0
-0
-0
-0
-0
-0
-0
-0
-0
6.75097
-0
0.637927
0.409164
15.3056
-0
14.454
-0
-0
6.87097
-0
26.7282
-0
-0
-0
-0
-0
-0
-0
15.769
-0
27.4534
-0
67.4932
-0
-0
-0
68.4621
-0
3.94317
-0
3.46633
-0
-0
-0
-0
-0
31.8382
-0
16.1558
-0
-0
-0
18.7942
-0
-0
-0
-0
6.83283
13.1563
-0
79.9812
-0
-0
19.1052
-0
-0
34.7263
-0
-0
52.5773
-0
-0
-0
-0
-0
-0
72.4124
-0
-0
-0
-0
-0
-0
-0
-0
-0
-0
-0
-0
-0
-0
-0
-0
-0
-0
-0
-0
-0
-0
27.7495
41.1416
-0
-0
-0
-0
-0
-0
-0
-0
17.3047
-0
-0
-0
-0
-0
-0
14.3284
-0
-0
-0
-0
-0
-0
-0
5.23175
-0
-0
21.9544
35.925
21.6046
-0
34.7911
-0
22.2911
-0
40.9703
21.7482
-0
-0
-0
32.2125
-0
-0
36.0732
-0
-0
6.97559
-0
-0
16.4864
-0
-0
-0
-0
-0
-0
-0
-0
-0
-0
-0
-0
-0
-0
6.41208
4.4393
-0
11.8169
-0
-0
-0
-0
-0
-0
-0
-0
-0
-0
-0
-0
16.2983
14.9345
14.3905
-0
35.2148
-0
-0
12.537
-0
15.1988
-0
-0
-0
0.57418
-0
-0
-0
10.6179
-0
-0
21.1468
-0
-0
24.3944
-0
2.7327
6.1092
-0
-0
-0
-0
-0
-0
-0
-0
28.0792
-0
-0
18.7287
-0
-0
-0
28.0664
-0
-0
-0
4.28596
-0
-0
-0
-0
-0
-0
3.45047
-0
-0
-0
-0
-0
29.8978
-0
-0
-0
-0
-0
-0
33.3199
-0
-0
8.82884
-0
11.6533
-0
-0
-0
43.7208
-0
-0
-0
-0
9.43065
-0
33.6734
38.6427
42.9927
-0
-0
-0
-0
-0
-0
-0
-0
-0
-0
1.03565
-0
-0
-0
10.3731
-0
-0
-0
-0
-0
-0
-0
-0
38.9006
-0
-0
-0
-0
-0
-0
-0
-0
-0
-0
-0
-0
-0
-0
-0
11.1899
17.7173
-0
-0
-0
-0
-0
-0
-0
-0
20.9431
-0
-0
-0
-0
14.8974
-0
-0
-0
-0
-0
49.2365
26.7518
-0
-0
-0
-0
13.7207
-0
-0
-0
-0
-0
-0
-0
-0
-0
17.3748
4.5012
8.99273
-0
-0
8.69612
51.8015
25.0525
-0
-0
-0
-0
-0
-0
-0
-0
-0
-0
-0
9.57708
49.1516
-0
10.2086
-0
30.4454
-0
-0
-0
-0
-0
2.84479
-0
0.226718
-0
-0
-0
0.966897
-0
11.2869
10.9431
-0
-0
-0
-0
-0
-0
-0
-0
-0
-0
-0
-0
-0
-0
48.7632
16.0589
-0
26.2126
-0
0.521068
-0
-0
14.5578
-0
-0
-0
-0
-0
-0
-0
-0
-0
-0
-0
0.0517678
-0
16.7486
-0
-0
3.18987
-0
-0
1.63205
6.25884
-0
-0
21.1103
-0
-0
-0
-0
21.8049
-0
-0
-0
-0
6.3049
-0
-0
-0
-0
16.5988
5.6164
-0
-0
-0
-0
-0
-0
48.8838
-0
-0
-0
-0
45.1601
-0
10.7597
-0
-0
19.0633
-0
-0
-0
-0
-0
-0
-0
-0
-0
3.84602
-0
-0
-0
-0
65.1934
-0
-0
3.66409
-0
-0
-0
3.80652
-0
2.23079
29.1834
-0
-0
-0
-0
1.55319
-0
-0
8.68077
-0
-0
-0
-0
20.0891
-0
-0
-0
-0
-0
-0
67.5046
-0
-0
-0
5.28647
-0
2.79448
103.935
-0
-0
-0
-0
29.355
-0
-0
-0
-0
-0
-0
10.7255
-0
-0
43.9195
-0
-0
-0
-0
-0
86.6997
-0
-0
-0
-0
-0
-0
-0
-0
-0
-0
-0
-0
-0
-0
44.7283
-0
-0
-0
-0
-0
3.05415
-0
-0
-0
-0
19.9502
-0
6.10834
-0
17.8861
-0
57.8057
-0
-0
-0
-0
55.251
-0
-0
-0
-0
-0
10.5373
-0
0.90197
-0
-0
52.6585
-0
-0
-0
-0
29.6487
-0
-0
-0
-0
9.14981
-0
-0
6.87949
-0
-0
0.18949
-0
-0
-0
-0
-0
-0
6.00155
-0
-0
18.0829
-0
-0
-0
8.89679
-0
-0
-0
-0
-0
-0
-0
-0
7.65394
19.3223
-0
11.3973
-0
-0
-0
-0
18.2142
-0
-0
-0
22.0261
11.1133
-0
-0
-0
-0
-0
11.9465
-0
-0
-0
-0
-0
-0
-0
-0
13.1761
-0
-0
-0
14.7644
-0
-0
-0
-0
-0
-0
10.8601
5.69378
-0
-0
9.47493
-0
-0
-0
-0
-0
22.0032
-0
-0
11.3239
-0
-0
-0
8.65219
4.78215
-0
87.2824
-0
-0
-0
-0
-0
-0
-0
-0
-0
-0
-0
6.77983
-0
-0
-0
36.1826
-0
4.81677
6.98735
-0
-0
23.7167
-0
-0
-0
-0
-0
-0
33.1498
11.8504
-0
-0
-0
-0
-0
2.06326
-0
-0
19.3467
-0
-0
18.4046
-0
-0
-0
-0
-0
-0
-0
-0
-0
-0
-0
52.4741
3.0352
-0
-0
-0
-0
2.45969
-0
13.7255
-0
-0
-0
-0
-0
-0
-0
-0
-0
-0
-0
-0
-0
12.448
11.2201
-0
-0
-0
-0
35.9669
-0
-0
12.5763
4.75061
-0
-0
-0
-0
2.2966
-0
-0
-0
23.6181
-0
-0
-0
-0
-0
-0
-0
-0
-0
-0
-0
43.494
8.10304
-0
-0
-0
-0
-0
-0
-0
40.0607
-0
57.5689
75.8546
-0
7.0356
-0
-0
-0
-0
-0
-0
-0
-0
20.3569
-0
-0
-0
-0
-0
-0
-0
-0
-0
-0
-0
-0
-0
0.283307
-0
-0
1.57668
-0
-0
-0
20.1312
-0
23.1564
-0
19.0545
-0
-0
-0
-0
-0
6.98311
-0
7.86569
-0
-0
-0
-0
-0
-0
-0
-0
10.7164
-0
-0
-0
-0
10.5053
-0
-0
-0
-0
13.6827
-0
-0
-0
10.7466
-0
-0
-0
15.931
-0
12.4868
42.6036
-0
-0
15.5397
-0
-0
-0
4.81213
-0
-0
28.2468
-0
-0
70.8095
-0
-0
-0
-0
-0
-0
-0
-0
-0
-0
-0
-0
20.4575
-0
37.3125
-0
-0
-0
-0
-0
-0
-0
-0
-0
15.7327
-0
-0
-0
10.0684
-0
-0
21.7472
-0
-0
-0
5.87379
-0
-0
-0
-0
-0
17.3678
-0
16.5683
-0
24.512
35.7515
12.8519
-0
0.46459
14.1316
-0
-0
-0
-0
-0
-0
-0
1.28816
-0
46.2369
9.45481
15.0717
-0
24.8409
-0
-0
-0
-0
-0
-0
48.9575
-0
20.0237
35.1153
-0
-0
-0
-0
5.6412
-0
-0
105.613
-0
-0
34.3247
2.48793
-0
-0
-0
-0
-0
-0
-0
33.78
-0
38.117
-0
-0
-0
29.3244
20.7436
-0
-0
-0
-0
-0
29.7743
24.5378
-0
-0
-0
-0
-0
3.61656
-0
-0
-0
-0
-0
8.61396
-0
50.9969
-0
-0
-0
12.7412
-0
-0
-0
-0
-0
-0
20.4706
-0
-0
30.0181
-0
-0
7.05057
-0
-0
34.6046
-0
-0
-0
-0
-0
-0
-0
-0
-0
-0
-0
-0
-0
38.55
-0
-0
-0
3.14915
-0
-0
-0
-0
23.7736
-0
-0
-0
50.926
-0
-0
-0
39.2509
-0
-0
18.5359
-0
-0
-0
24.3053
-0
-0
0.631101
-0
-0
-0
-0
46.9827
-0
-0
-0
-0
-0
6.15298
53.8437
-0
-0
-0
-0
-0
-0
6.88013
7.6855
-0
-0
-0
-0
-0
27.0986
-0
-0
-0
12.2615
87.2306
-0
-0
-0
-0
-0
-0
-0
-0
-0
-0
-0
-0
-0
-0
-0
-0
-0
-0
-0
-0
-0
5.08494
-0
-0
-0
-0
21.4561
-0
3.62071
-0
-0
-0
-0
-0
-0
-0
-0
-0
-0
-0
46.1176
-0
-0
-0
42.576
-0
-0
-0
-0
-0
15.8948
-0
-0
-0
-0
-0
11.5443
-0
-0
-0
-0
13.6647
-0
-0
28.0878
-0
-0
-0
-0
-0
63.0753
-0
-0
-0
-0
-0
-0
-0
44.0149
-0
-0
-0
-0
-0
16.7415
-0
-0
-0
-0
-0
2.79869
1.5102
-0
4.36817
-0
-0
0.240227
-0
-0
-0
-0
-0
-0
34.746
-0
-0
-0
-0
-0
-0
-0
-0
-0
-0
-0
-0
-0
51.5422
-0
-0
16.7922
-0
-0
-0
-0
-0
-0
-0
-0
-0
-0
-0
-0
-0
-0
-0
-0
-0
-0
26.7695
-0
14.6364
-0
-0
-0
-0
-0
-0
-0
-0
-0
-0
-0
-0
-0
-0
-0
-0
-0
-0
-0
-0
-0
-0
7.61886
-0
-0
-0
23.8091
-0
-0
22.9484
-0
-0
-0
33.4632
-0
-0
-0
-0
3.91598
-0
51.1369
77.3896
30.0447
-0
3.06433
36.8108
-0
31.7065
-0
-0
-0
-0
-0
-0
-0
-0
2.56394
-0
-0
-0
-0
-0
-0
-0
-0
-0
2.10817
-0
-0
13.0562
34.1727
7.94974
57.8134
-0
-0
-0
5.21996
-0
-0
-0
13.9309
-0
-0
-0
0.0747132
-0
12.9599
-0
-0
72.4122
-0
7.6575
-0
-0
-0
-0
-0
32.5924
20.967
-0
-0
-0
-0
-0
-0
-0
39.921
-0
-0
-0
-0
-0
-0
-0
-0
