-0
-0
-0
-0
-0
2.28616
-0
-0
10.5266
7.9004
-0
-0
-0
-0
-0
-0
-0
-0
-0
-0
-0
5.11733
-0
-0
1.83113
1.16822
-0
-0
-0
-0
-0
-0
-0
-0
9.35654
-0
-0
-0
-0
-0
8.67956
-0
7.1163
-0
-0
-0
-0
58.9589
-0
-0
-0
-0
-0
-0
-0
-0
-0
-0
-0
-0
-0
-0
1.51518
-0
18.368
-0
-0
-0
-0
-0
-0
4.3615
-0
-0
-0
4.34177
43.8218
-0
-0
-0
-0
46.1815
13.3637
-0
-0
-0
-0
-0
-0
-0
-0
0.178747
21.7892
-0
35.8812
-0
17.5952
-0
5.35389
-0
-0
-0
-0
-0
-0
-0
0.861739
6.48263
-0
-0
-0
-0
-0
-0
-0
23.6598
-0
-0
34.7925
47.4039
-0
5.20601
-0
-0
-0
-0
4.63791
45.7437
-0
-0
3.45393
-0
36.1612
-0
-0
-0
17.1707
7.54096
-0
-0
1.78163
-0
8.53881
26.1717
-0
-0
-0
-0
-0
-0
1.74905
-0
-0
1.31202
-0
-0
-0
18.2024
-0
-0
25.713
-0
-0
-0
-0
-0
12.5051
-0
-0
19.3452
18.4427
-0
-0
-0
-0
-0
5.99557
-0
-0
-0
-0
-0
-0
-0
-0
30.7351
-0
-0
25.8372
-0
-0
32.7815
42.7457
-0
-0
-0
-0
18.5955
-0
-0
-0
-0
13.8876
-0
-0
-0
9.42031
14.9625
-0
-0
-0
-0
7.03399
-0
-0
9.97418
-0
-0
-0
-0
-0
-0
-0
1.04206
-0
-0
-0
31.8689
-0
-0
-0
-0
-0
-0
-0
-0
-0
-0
-0
-0
-0
-0
-0
-0
-0
-0
25.9815
-0
-0
-0
-0
-0
-0
-0
0.32095
-0
-0
21.3556
-0
-0
-0
-0
0.645681
2.66539
-0
-0
-0
-0
-0
-0
-0
-0
18.076
6.52568
-0
-0
-0
-0
0.899024
-0
2.63656
0.555373
-0
26.752
-0
-0
19.8333
41.0301
-0
-0
-0
33.9047
2.47409
-0
29.262
-0
15.4369
-0
4.68025
45.2614
-0
-0
3.6633
2.17056
24.5979
2.82618
-0
-0
32.5521
-0
12.3948
-0
-0
-0
-0
2.12688
-0
-0
-0
0.199003
-0
-0
-0
47.0688
50.4189
-0
-0
26.6184
-0
-0
-0
-0
21.4087
-0
-0
-0
-0
4.1664
-0
25.8251
-0
-0
-0
15.8379
-0
-0
-0
-0
7.88294
-0
-0
-0
-0
-0
19.2587
-0
-0
-0
-0
-0
3.02154
-0
-0
4.18586
2.0862
1.01184
-0
-0
-0
-0
-0
8.82175
0.267278
17.4645
-0
-0
0.586185
19.6306
14.5435
-0
-0
-0
-0
-0
-0
2.15134
-0
-0
-0
-0
-0
-0
8.45191
-0
-0
8.16259
-0
-0
-0
-0
14.1692
-0
-0
-0
-0
-0
-0
14.4668
-0
-0
-0
-0
-0
-0
17.0277
-0
-0
-0
-0
-0
21.0406
-0
-0
-0
-0
-0
-0
15.4957
42.5849
32.433
-0
-0
25.3405
-0
-0
-0
-0
-0
-0
-0
-0
-0
-0
-0
-0
-0
-0
-0
-0
-0
14.9998
-0
-0
-0
-0
12.9141
-0
-0
-0
-0
-0
-0
20.4685
-0
-0
-0
-0
-0
-0
-0
-0
-0
-0
-0
-0
8.58228
-0
-0
-0
-0
-0
-0
-0
1.46729
-0
-0
-0
-0
-0
32.5353
36.5214
-0
-0
10.7292
-0
-0
7.4521
-0
-0
17.8936
-0
-0
14.0001
-0
2.71464
-0
7.73819
-0
-0
7.4346
-0
-0
8.16845
-0
-0
-0
-0
20.919
4.13455
-0
0.982836
-0
-0
-0
-0
-0
13.899
-0
-0
-0
-0
-0
-0
-0
26.5025
-0
13.3532
11.6514
2.18417
-0
-0
-0
-0
-0
-0
-0
12.3262
12.2545
-0
1.39803
-0
-0
-0
-0
55.4868
-0
-0
-0
26.7674
3.92024
-0
-0
14.1989
-0
-0
-0
-0
-0
-0
3.73296
-0
4.58341
14.6202
5.68913
-0
-0
-0
-0
15.002
-0
-0
-0
0.0586027
-0
-0
-0
-0
-0
14.8877
33.2947
-0
-0
-0
-0
-0
2.60628
-0
-0
-0
-0
-0
-0
-0
-0
-0
-0
-0
10.9756
-0
-0
-0
6.91113
8.31659
6.27572
-0
-0
-0
14.4296
-0
-0
-0
-0
-0
19.8723
-0
-0
-0
-0
-0
-0
-0
4.23987
-0
-0
-0
-0
-0
-0
-0
-0
-0
-0
-0
-0
-0
-0
-0
-0
-0
0.361082
-0
-0
-0
-0
18.0032
-0
-0
-0
-0
-0
31.5601
-0
3.50424
7.98872
-0
16.1522
-0
-0
-0
-0
34.7809
-0
-0
0.457907
19.9973
15.8639
-0
-0
-0
46.5969
-0
-0
-0
-0
-0
24.0206
-0
-0
-0
-0
-0
-0
-0
-0
-0
-0
-0
-0
-0
-0
15.447
-0
-0
19.2805
15.6155
-0
-0
-0
2.84098
-0
-0
8.38942
-0
-0
-0
-0
-0
-0
-0
2.76118
-0
-0
-0
-0
1.56253
-0
-0
-0
21.7485
-0
-0
-0
-0
11.3636
3.8522
22.335
-0
0.919921
-0
-0
-0
17.3916
1.51014
-0
-0
1.75389
-0
-0
-0
26.9841
-0
-0
-0
-0
21.3678
13.9434
1.04689
15.7764
23.8572
-0
-0
-0
-0
2.0153
-0
35.1756
22.2948
-0
-0
-0
-0
-0
-0
-0
-0
-0
-0
-0
-0
32.2568
30.2247
-0
-0
-0
-0
-0
5.38784
31.3046
6.43393
-0
-0
-0
-0
-0
10.3697
17.937
-0
-0
-0
-0
-0
-0
2.67822
-0
-0
14.0845
-0
24.7912
26.0047
11.9402
-0
-0
-0
-0
-0
9.00615
-0
-0
-0
25.6703
-0
-0
-0
-0
-0
-0
-0
3.46056
9.82366
4.82257
20.394
-0
-0
15.1156
-0
-0
-0
14.2087
-0
-0
2.04569
-0
-0
-0
-0
-0
-0
-0
-0
11.6757
-0
-0
-0
17.3456
-0
8.40856
32.7472
0.3265
-0
16.1868
-0
-0
-0
-0
13.7167
-0
-0
-0
-0
-0
-0
-0
-0
41.7246
-0
-0
5.32705
-0
-0
-0
2.72461
44.5474
-0
-0
-0
20.5081
4.8998
28.961
7.45976
0.18494
-0
-0
17.5919
5.72874
-0
-0
5.6827
-0
-0
28.9016
6.3038
-0
-0
-0
9.28657
-0
4.28097
-0
-0
-0
20.8307
30.2138
-0
-0
-0
-0
7.50082
1.6977
-0
24.9866
21.5004
-0
-0
-0
16.522
-0
-0
-0
-0
-0
-0
26.3649
5.74028
12.0744
-0
-0
3.26605
2.70403
-0
23.9515
42.1159
-0
-0
-0
-0
-0
-0
-0
-0
-0
-0
-0
-0
-0
12.5061
-0
-0
-0
-0
8.69499
-0
-0
5.25932
6.60516
-0
-0
-0
-0
-0
31.4159
-0
13.9106
-0
-0
-0
-0
-0
-0
-0
-0
-0
-0
-0
-0
-0
-0
-0
-0
-0
-0
-0
19.8431
-0
-0
-0
36.3248
17.6348
-0
-0
17.8048
-0
-0
-0
-0
-0
-0
-0
8.40011
-0
4.46455
29.6459
-0
3.38008
-0
1.05787
14.0015
-0
-0
-0
-0
-0
-0
26.9702
-0
14.7873
-0
-0
11.4054
-0
-0
-0
-0
-0
-0
-0
-0
-0
-0
-0
33.0716
33.9736
-0
-0
-0
20.7794
1.65599
-0
-0
-0
-0
0.938508
19.0905
2.11881
-0
-0
-0
43.531
-0
-0
-0
-0
-0
21.2305
-0
-0
20.7941
-0
-0
-0
3.45976
-0
-0
-0
-0
16.6949
-0
-0
-0
14.7232
-0
-0
-0
-0
-0
-0
-0
-0
-0
28.4387
-0
-0
-0
-0
11.1179
2.18948
-0
-0
-0
-0
8.69438
-0
-0
-0
-0
-0
-0
-0
-0
-0
-0
-0
12.5512
-0
11.2756
-0
-0
-0
-0
16.9154
-0
-0
13.6514
-0
-0
-0
-0
-0
-0
-0
11.369
-0
9.83526
-0
7.03691
-0
13.9203
-0
-0
-0
-0
0.676559
-0
-0
-0
11.9324
-0
-0
-0
-0
52.7666
27.1969
-0
-0
-0
-0
-0
-0
-0
-0
-0
-0
31.5291
-0
-0
-0
-0
-0
-0
-0
-0
-0
22.9113
2.31734
-0
-0
-0
-0
9.8816
-0
-0
-0
35.3762
38.7233
9.66641
-0
-0
-0
-0
-0
-0
-0
-0
-0
-0
-0
-0
-0
-0
-0
4.98431
-0
-0
-0
-0
-0
13.9319
-0
-0
-0
-0
-0
-0
2.68185
-0
-0
9.46149
-0
-0
-0
-0
15.7304
-0
-0
-0
-0
18.3662
-0
4.78604
15.4583
-0
-0
21.7679
-0
-0
-0
0.447656
-0
-0
21.9004
-0
-0
-0
-0
-0
-0
-0
-0
13.6642
-0
-0
-0
-0
-0
-0
-0
-0
4.63949
-0
-0
-0
-0
21.3402
-0
19.2293
-0
16.43
-0
-0
-0
39.4419
-0
-0
-0
-0
-0
1.5497
-0
-0
9.41048
-0
-0
8.8335
8.82029
-0
-0
-0
-0
7.46566
-0
4.32294
5.02364
-0
-0
64.7916
-0
14.8623
0.762021
-0
43.3966
-0
-0
8.76765
-0
-0
-0
-0
41.062
14.4454
-0
2.48301
17.823
0.338108
-0
-0
11.6121
15.5882
-0
1.47607
-0
3.16707
-0
-0
14.0877
-0
7.86193
-0
-0
22.3248
-0
-0
-0
-0
-0
-0
23.8158
-0
-0
-0
-0
-0
0.63856
0.491019
2.15849
-0
-0
-0
-0
33.707
-0
-0
-0
2.28343
26.9094
-0
-0
-0
6.33582
-0
-0
-0
-0
-0
-0
-0
-0
-0
-0
-0
-0
-0
-0
-0
-0
-0
-0
-0
8.7909
-0
-0
-0
-0
15.2338
-0
5.77647
-0
-0
-0
-0
-0
-0
-0
-0
-0
-0
36.5188
8.61187
-0
-0
-0
-0
-0
-0
-0
-0
-0
-0
36.2697
-0
-0
-0
-0
-0
6.68656
-0
16.7276
7.08854
-0
-0
-0
-0
34.0369
-0
-0
-0
-0
-0
-0
-0
34.1106
-0
-0
-0
4.74983
-0
27.7999
48.5321
-0
1.765
13.7014
-0
36.6991
27.4089
-0
3.52847
-0
-0
-0
-0
-0
-0
-0
-0
-0
-0
-0
-0
-0
-0
-0
-0
-0
-0
-0
6.1539
12.6063
-0
-0
12.4537
-0
-0
-0
-0
-0
-0
-0
25.0753
-0
-0
-0
-0
-0
-0
-0
-0
-0
-0
-0
-0
-0
-0
-0
-0
-0
-0
-0
8.44329
-0
-0
-0
-0
-0
-0
-0
7.81323
-0
-0
17.5956
-0
-0
-0
2.99139
-0
-0
-0
1.71753
-0
-0
-0
-0
-0
-0
-0
-0
-0
-0
19.1838
-0
-0
-0
-0
24.2468
-0
-0
-0
40.5229
-0
-0
-0
-0
-0
-0
-0
10.029
11.8418
-0
-0
-0
-0
-0
-0
-0
-0
-0
-0
-0
-0
-0
8.16393
-0
-0
6.29398
-0
-0
-0
-0
-0
-0
-0
-0
-0
-0
-0
-0
-0
5.01295
20.3446
-0
-0
-0
-0
-0
-0
-0
-0
-0
-0
9.78052
-0
17.3704
-0
-0
3.21246
-0
-0
-0
-0
-0
-0
-0
2.6583
-0
-0
11.6422
-0
-0
-0
-0
-0
-0
18.7888
-0
-0
-0
-0
13.4963
-0
12.9796
5.57751
-0
5.72707
-0
-0
-0
1.59011
-0
-0
-0
-0
-0
0.708351
-0
15.2672
-0
-0
-0
6.12545
37.5452
-0
-0
-0
-0
5.26707
-0
-0
36.3371
3.31171
-0
14.7249
-0
0.404921
42.684
12.4282
-0
20.9513
-0
-0
-0
-0
-0
6.89691
8.12424
-0
-0
-0
9.94285
-0
2.07942
17.6837
4.23085
-0
19.0282
-0
12.5968
-0
0.353356
-0
44.4489
-0
-0
12.7534
-0
-0
-0
-0
-0
-0
12.1156
-0
-0
-0
-0
-0
-0
-0
-0
0.87148
10.1816
4.48868
-0
-0
-0
-0
-0
-0
11.8896
-0
-0
-0
3.73422
-0
-0
-0
4.87452
-0
-0
1.66239
6.47792
6.93818
-0
-0
-0
-0
-0
-0
-0
-0
-0
-0
-0
-0
-0
-0
-0
-0
-0
-0
-0
59.7957
-0
-0
-0
14.7295
-0
-0
-0
-0
-0
-0
-0
41.1657
-0
-0
-0
-0
-0
-0
-0
-0
27.8894
-0
19.7718
-0
-0
-0
-0
-0
-0
-0
-0
-0
-0
-0
-0
-0
3.59027
-0
-0
-0
-0
-0
-0
-0
39.0136
-0
-0
3.09179
5.96231
-0
8.89651
6.25581
-0
-0
-0
-0
1.18186
-0
-0
16.4915
-0
-0
-0
-0
-0
-0
-0
-0
-0
-0
11.6769
-0
-0
25.4106
15.5122
2.43694
-0
-0
-0
-0
-0
-0
-0
-0
-0
-0
-0
-0
8.45868
-0
-0
-0
-0
-0
-0
-0
-0
-0
-0
-0
14.4566
-0
-0
-0
4.83756
-0
-0
-0
-0
-0
-0
-0
-0
-0
-0
-0
-0
-0
-0
-0
-0
-0
-0
-0
-0
-0
-0
-0
9.78553
-0
-0
12.3066
-0
-0
31.0818
-0
20.231
-0
-0
-0
16.768
-0
-0
-0
-0
-0
-0
-0
16.7345
-0
-0
-0
-0
1.26776
-0
-0
-0
-0
10.9196
-0
-0
-0
14.6095
-0
-0
0.56059
-0
-0
11.3231
-0
7.30897
-0
-0
-0
-0
-0
17.4304
-0
-0
9.47753
-0
-0
-0
42.7684
32.9335
25.3332
42.0614
47.2923
4.8299
-0
53.0757
-0
-0
-0
5.27176
0.389302
-0
-0
-0
-0
-0
-0
-0
-0
-0
-0
-0
-0
-0
-0
9.36854
-0
-0
-0
22.1888
14.2193
-0
4.30744
-0
-0
-0
17.1909
-0
-0
-0
-0
-0
4.86563
-0
-0
-0
1.79161
-0
9.14607
-0
-0
-0
-0
-0
3.6389
-0
-0
33.815
-0
11.2917
22.8747
9.62886
-0
-0
-0
-0
-0
-0
-0
-0
-0
-0
-0
-0
35.6484
18.5405
-0
-0
-0
-0
1.65999
-0
68.4109
-0
23.1855
-0
-0
0.141883
5.80706
3.55872
-0
-0
-0
33.6388
-0
-0
-0
-0
20.625
5.21701
-0
-0
-0
-0
24.868
-0
-0
45.4148
35.9182
6.12416
-0
-0
-0
-0
-0
10.2537
42.7929
-0
-0
-0
-0
-0
13.374
21.9076
-0
-0
-0
-0
-0
-0
-0
-0
-0
8.41644
-0
-0
-0
-0
-0
-0
-0
-0
-0
-0
2.9401
-0
0.402481
39.4037
-0
-0
4.45607
6.63746
-0
-0
-0
-0
-0
-0
-0
-0
-0
-0
-0
-0
15.6501
-0
-0
-0
4.69191
-0
-0
24.2606
-0
5.60516
-0
-0
-0
13.7166
-0
-0
-0
-0
22.221
-0
-0
-0
26.1329
-0
-0
-0
1.1816
38.5737
-0
9.99288
14.7736
-0
31.5032
33.4212
-0
9.14009
-0
-0
-0
43.1836
22.6844
-0
7.63919
6.76797
-0
-0
-0
6.88752
12.3732
-0
-0
8.58571
9.25339
-0
5.85766
-0
-0
-0
2.38774
-0
-0
-0
-0
-0
-0
3.07171
-0
-0
-0
-0
-0
-0
-0
-0
-0
-0
12.9197
-0
-0
-0
-0
-0
2.02787
-0
-0
10.988
-0
-0
-0
-0
7.45692
11.2172
-0
15.8965
-0
-0
-0
-0
1.35334
-0
-0
-0
-0
13.4058
-0
38.425
5.05504
21.752
-0
-0
-0
16.0793
-0
-0
3.90749
-0
-0
-0
0.622409
-0
12.2281
-0
-0
-0
-0
13.3387
-0
-0
-0
-0
-0
-0
-0
15.8998
-0
-0
7.58503
-0
-0
-0
-0
-0
14.1499
-0
4.30915
-0
-0
-0
-0
4.96786
4.25747
-0
-0
-0
-0
-0
-0
12.7133
-0
-0
-0
-0
-0
5.37503
-0
-0
12.0111
-0
-0
-0
-0
48.7341
-0
-0
-0
-0
-0
-0
-0
-0
-0
-0
-0
-0
-0
-0
5.35777
-0
-0
-0
-0
-0
7.35752
-0
3.25133
1.54296
-0
-0
-0
-0
3.41516
-0
-0
31.4614
-0
-0
8.33245
-0
-0
-0
3.58009
-0
-0
28.2241
-0
-0
-0
-0
-0
-0
20.8501
-0
37.6962
15.2227
12.1751
7.54809
14.4508
3.47078
-0
-0
-0
-0
-0
10.7262
-0
-0
-0
-0
-0
-0
24.1839
-0
-0
-0
-0
-0
5.52825
19.0458
-0
-0
-0
2.94707
-0
-0
-0
-0
-0
-0
-0
7.02249
-0
-0
-0
-0
4.18226
-0
-0
2.19687
-0
-0
-0
-0
-0
-0
-0
-0
-0
-0
-0
-0
7.59343
-0
-0
-0
10.0614
-0
4.75748
-0
22.1034
-0
1.2358
-0
-0
-0
-0
7.41735
1.93118
-0
-0
-0
0.869825
-0
-0
15.2856
11.484
-0
-0
-0
32.7121
-0
6.41009
-0
-0
3.50914
52.5218
-0
-0
-0
-0
-0
10.7257
0.587852
-0
-0
1.31934
-0
-0
-0
-0
-0
-0
-0
-0
-0
9.4472
-0
-0
-0
-0
-0
-0
-0
-0
-0
10.0927
-0
-0
-0
34.9499
-0
-0
-0
7.30854
-0
-0
3.93154
-0
-0
-0
30.5913
51.9264
3.67939
-0
-0
-0
-0
-0
-0
-0
-0
0.252217
-0
-0
5.68888
-0
-0
-0
-0
57.7052
13.8731
-0
13.7425
-0
-0
-0
-0
-0
-0
30.0709
-0
-0
-0
-0
-0
-0
-0
1.59803
-0
-0
-0
-0
-0
-0
-0
-0
-0
-0
-0
-0
-0
19.0575
29.4747
-0
34.4026
-0
0.00458187
19.5
-0
-0
12.5698
-0
10.2895
-0
-0
-0
-0
-0
6.01891
-0
-0
-0
-0
-0
5.56151
-0
-0
-0
-0
3.43964
-0
-0
-0
-0
6.79494
-0
-0
33.5411
-0
52.941
-0
-0
-0
-0
0.209983
50.1165
-0
18.1956
-0
1.71779
-0
-0
50.1328
-0
4.55132
-0
-0
13.75
-0
-0
-0
-0
-0
-0
-0
-0
-0
-0
19.5494
9.37056
-0
-0
-0
-0
-0
-0
38.0374
-0
-0
-0
-0
-0
-0
27.0934
25.8807
-0
-0
-0
-0
-0
-0
-0
-0
-0
-0
-0
19.238
-0
-0
-0
30.9414
-0
-0
-0
-0
39.0552
41.5554
18.7257
-0
-0
-0
-0
-0
-0
-0
-0
7.40091
-0
-0
-0
-0
0.283656
-0
-0
11.8707
-0
-0
-0
43.5196
-0
20.4932
-0
-0
-0
-0
-0
-0
-0
-0
-0
-0
-0
-0
-0
-0
-0
17.8555
-0
-0
-0
-0
-0
-0
-0
-0
-0
-0
5.8673
-0
-0
-0
12.4997
22.7536
-0
-0
-0
19.1914
-0
10.574
23.2518
-0
-0
20.315
9.38878
65.1979
-0
30.5762
-0
-0
6.4023
28.2559
-0
-0
-0
-0
-0
-0
-0
-0
-0
0.528221
-0
-0
-0
-0
-0
-0
-0
-0
-0
-0
-0
6.51564
-0
-0
-0
-0
5.26788
9.81799
-0
-0
-0
-0
-0
-0
-0
-0
-0
19.5611
-0
-0
11.0166
-0
-0
-0
10.8301
-0
-0
-0
-0
-0
-0
-0
4.48925
-0
15.419
16.2574
-0
-0
-0
-0
-0
-0
7.65076
-0
-0
-0
1.00278
-0
-0
-0
-0
-0
-0
-0
44.702
24.7613
-0
-0
-0
-0
17.8627
-0
-0
-0
-0
-0
-0
-0
-0
-0
15.9307
18.1787
-0
23.024
-0
20.549
-0
-0
-0
0.611945
-0
6.5268
-0
-0
-0
-0
-0
-0
-0
-0
36.0977
-0
-0
-0
3.15234
-0
-0
-0
14.1094
-0
-0
-0
6.77855
-0
-0
-0
-0
-0
-0
26.6301
11.6584
-0
-0
-0
-0
-0
-0
63.5662
-0
-0
-0
-0
-0
-0
-0
-0
-0
-0
27.1898
-0
-0
-0
-0
-0
2.72245
-0
-0
-0
7.49382
10.5256
9.50682
-0
-0
33.3857
-0
-0
13.1948
-0
-0
27.8856
4.02685
-0
10.653
-0
-0
-0
-0
-0
5.1346
-0
2.46934
-0
-0
-0
-0
-0
-0
-0
-0
-0
-0
-0
2.21075
-0
4.99344
-0
34.7925
-0
-0
-0
8.18222
49.0415
-0
21.2542
17.0895
13.3373
-0
25.6844
-0
-0
-0
11.9628
-0
-0
-0
-0
-0
-0
-0
17.6859
-0
23.8388
-0
-0
6.39786
-0
-0
-0
5.27469
18.1394
-0
-0
-0
5.02134
-0
-0
-0
-0
-0
-0
-0
-0
-0
3.66208
-0
-0
-0
4.55549
9.83432
-0
9.58882
-0
-0
-0
-0
-0
-0
-0
21.6641
5.34898
-0
17.1839
-0
-0
20.097
-0
-0
-0
-0
-0
-0
-0
-0
-0
-0
0.60777
10.1102
-0
-0
-0
-0
4.61021
-0
-0
-0
-0
-0
-0
-0
-0
-0
-0
-0
-0
-0
0.96464
-0
-0
-0
6.00679
15.5615
-0
-0
-0
-0
-0
-0
45.6136
-0
-0
27.7307
-0
-0
45.541
-0
-0
7.57004
-0
10.4609
-0
-0
-0
-0
31.1987
-0
15.3822
-0
0.519396
-0
35.0176
-0
-0
-0
-0
-0
-0
24.9815
-0
-0
-0
4.17816
-0
-0
3.34133
17.7831
35.3639
-0
-0
-0
-0
-0
-0
-0
0.566968
-0
-0
-0
-0
-0
-0
-0
14.8809
-0
-0
-0
53.7794
-0
-0
11.3605
-0
-0
-0
-0
-0
-0
-0
-0
-0
-0
-0
-0
-0
-0
-0
-0
57.5608
28.8932
-0
-0
-0
-0
-0
7.17541
-0
-0
-0
-0
-0
16.7309
-0
-0
-0
-0
22.0902
31.6313
-0
-0
-0
30.7568
-0
-0
-0
-0
7.72347
-0
-0
-0
-0
-0
-0
-0
22.7329
-0
-0
0.84719
7.10528
-0
29.0896
-0
-0
29.184
-0
-0
-0
-0
-0
-0
-0
-0
3.32032
13.5478
-0
-0
2.59743
-0
-0
-0
9.68291
-0
-0
-0
2.18276
-0
-0
-0
-0
3.71218
-0
-0
-0
-0
-0
-0
-0
-0
-0
-0
-0
8.94493
-0
-0
-0
29.2168
-0
-0
-0
-0
-0
-0
-0
-0
-0
9.85413
-0
3.9693
23.2414
7.77621
-0
-0
-0
-0
-0
-0
2.06684
-0
-0
0.959915
-0
0.420296
-0
-0
31.4693
-0
38.4137
-0
-0
-0
15.3838
-0
-0
-0
29.8544
-0
-0
-0
-0
30.1048
-0
4.24269
11.9342
-0
-0
-0
-0
-0
-0
-0
-0
-0
-0
-0
11.2642
-0
-0
-0
-0
48.9668
-0
15.5872
36.3445
-0
39.6735
-0
-0
3.30557
5.78772
-0
-0
-0
-0
-0
0.658682
-0
-0
-0
-0
-0
-0
-0
-0
-0
-0
-0
-0
-0
-0
-0
-0
-0
-0
-0
-0
-0
-0
-0
-0
-0
-0
28.6318
-0
3.42075
-0
-0
-0
-0
17.1233
-0
-0
0.267871
0.494704
-0
-0
6.88212
-0
-0
-0
-0
17.4944
-0
-0
-0
0.0044381
-0
-0
26.9834
-0
-0
-0
-0
14.9948
-0
30.1872
-0
15.6018
33.7705
-0
-0
-0
-0
-0
-0
-0
-0
-0
10.1785
-0
14.0843
-0
7.74584
-0
12.129
-0
-0
-0
-0
-0
23.4678
3.96441
-0
-0
-0
-0
-0
-0
-0
-0
-0
-0
-0
-0
-0
1.54286
0.792297
-0
0.127352
-0
-0
-0
-0
-0
-0
8.64613
-0
-0
-0
38.0464
-0
-0
5.27885
10.7408
-0
-0
-0
-0
-0
-0
-0
-0
-0
-0
-0
7.35154
-0
35.5668
22.0645
-0
-0
-0
-0
37.2344
8.11064
-0
-0
39.1634
-0
16.8792
-0
-0
-0
28.85
-0
-0
-0
-0
-0
-0
-0
-0
14.6162
-0
-0
-0
47.7603
20.064
-0
32.6723
-0
-0
-0
-0
-0
-0
-0
-0
-0
-0
8.67686
-0
-0
28.6998
-0
31.5915
18.8377
24.6073
12.7316
-0
-0
-0
29.3812
-0
54.4458
-0
-0
-0
-0
-0
39.9519
-0
-0
17.7694
-0
-0
52.1082
-0
-0
11.923
-0
-0
8.7383
-0
-0
-0
27.8866
-0
8.97174
-0
-0
-0
-0
10.0979
-0
-0
-0
-0
-0
-0
5.66282
13.474
23.511
-0
7.93129
-0
-0
-0
16.0538
-0
-0
-0
15.0559
-0
23.4157
-0
5.70627
-0
24.6812
0.450799
25.7153
-0
26.7871
8.91978
-0
-0
34.6207
-0
14.2674
-0
-0
-0
-0
-0
-0
-0
7.7642
-0
-0
-0
-0
21.4343
-0
41.3
-0
-0
-0
-0
0.840252
-0
2.83779
3.54407
-0
-0
-0
-0
-0
-0
17.4457
15.8752
-0
-0
-0
-0
-0
-0
4.22005
2.39322
-0
-0
-0
3.4224
8.44812
-0
-0
-0
-0
-0
-0
-0
-0
-0
3.57866
14.7709
-0
2.8487
-0
-0
-0
-0
-0
-0
-0
-0
9.22735
-0
-0
-0
-0
-0
-0
-0
-0
-0
-0
-0
-0
-0
-0
-0
-0
-0
24.4345
-0
-0
24.6542
-0
2.69051
30.9345
-0
-0
-0
-0
-0
-0
3.32519
-0
14.1232
-0
-0
-0
-0
18.2821
-0
-0
-0
-0
4.94985
-0
11.2759
4.03958
22.6966
-0
-0
-0
-0
9.54755
-0
-0
-0
2.45235
-0
-0
-0
2.11611
1.38305
-0
30.862
-0
-0
40.4986
-0
-0
-0
-0
-0
-0
-0
5.18583
-0
-0
-0
-0
-0
-0
-0
-0
4.71987
-0
-0
10.8927
-0
7.3908
12.0291
-0
24.8721
-0
-0
-0
-0
-0
26.1641
-0
-0
-0
-0
-0
-0
-0
13.1226
-0
-0
32.3021
-0
-0
-0
8.10743
-0
-0
-0
-0
-0
-0
-0
-0
-0
18.0586
5.16485
-0
-0
-0
-0
-0
34.0838
-0
-0
-0
-0
41.8052
-0
-0
6.98627
-0
-0
-0
-0
-0
-0
-0
17.9261
-0
12.419
12.7193
-0
-0
-0
-0
-0
-0
-0
28.6892
-0
-0
63.1904
-0
-0
22.5207
-0
-0
-0
-0
-0
-0
-0
-0
37.7008
-0
-0
-0
-0
-0
43.2077
24.0017
-0
-0
-0
-0
-0
3.5015
6.69773
-0
-0
-0
-0
-0
2.06121
-0
-0
-0
-0
7.70755
-0
-0
17.1734
-0
-0
27.162
-0
-0
-0
-0
-0
-0
-0
-0
-0
-0
-0
-0
-0
-0
-0
3.65761
-0
-0
2.96762
-0
0.1125
-0
-0
4.46085
-0
-0
-0
-0
-0
-0
-0
-0
-0
-0
-0
-0
-0
-0
-0
-0
12.4943
-0
-0
6.0604
26.7507
-0
21.3252
-0
-0
-0
-0
21.2826
-0
-0
-0
-0
8.76255
19.0452
-0
27.5384
-0
-0
49.5941
-0
-0
-0
-0
-0
-0
6.4383
9.25414
-0
-0
-0
-0
-0
-0
-0
-0
-0
-0
-0
-0
35.4384
-0
27.3848
-0
-0
32.2438
-0
-0
9.21708
-0
-0
-0
-0
29.5743
-0
-0
5.39188
-0
40.862
1.15907
-0
-0
-0
13.0462
-0
-0
-0
15.8291
7.40825
-0
-0
-0
8.90781
36.8888
-0
-0
-0
-0
-0
-0
-0
-0
-0
-0
-0
-0
3.75422
-0
-0
19.4244
29.4093
-0
-0
-0
-0
-0
19.6175
-0
-0
-0
-0
-0
20.1065
-0
-0
-0
-0
-0
-0
-0
41.0259
-0
26.514
-0
56.9989
11.7819
52.815
-0
-0
-0
-0
2.55729
-0
-0
10.5853
-0
-0
8.78241
-0
-0
26.2799
-0
-0
-0
-0
-0
-0
2.83229
-0
8.65573
-0
-0
13.3837
-0
-0
-0
-0
-0
-0
23.7751
-0
-0
-0
-0
-0
-0
-0
-0
-0
-0
-0
-0
10.4105
30.4687
22.1884
30.3011
-0
-0
-0
-0
12.8454
-0
-0
-0
5.00715
-0
-0
-0
7.57503
-0
43.3051
20.5431
-0
7.96425
-0
-0
-0
-0
-0
-0
-0
-0
-0
-0
-0
-0
26.7192
7.09767
-0
-0
-0
22.9523
0.639429
-0
-0
-0
-0
-0
-0
-0
74.8725
-0
-0
28.5312
6.38497
-0
-0
-0
45.4246
-0
-0
26.4332
30.7591
-0
20.286
-0
10.9054
-0
14.9429
17.3206
-0
-0
3.72062
-0
-0
15.8351
-0
-0
-0
-0
-0
-0
-0
-0
0.789743
-0
14.6694
27.3848
-0
-0
-0
-0
34.4656
11.7613
-0
-0
-0
2.56173
-0
-0
18.8981
-0
-0
-0
13.8816
-0
-0
-0
-0
-0
-0
16.23
-0
-0
5.63588
-0
17.7996
48.9
-0
-0
-0
-0
-0
-0
-0
-0
3.34345
-0
-0
-0
20.7932
-0
-0
-0
33.5274
-0
-0
-0
-0
-0
-0
-0
-0
