-0
-0
-0
-0
-0
27.0433
-0
-0
7.847
-0
-0
-0
12.3266
-0
-0
-0
-0
-0
-0
-0
-0
3.85644
28.6154
-0
-0
40.9447
-0
-0
-0
-0
-0
-0
-0
-0
12.4631
-0
-0
-0
9.35479
-0
-0
-0
4.0703
-0
-0
24.8321
-0
19.0282
-0
-0
-0
-0
-0
-0
-0
-0
-0
0.783953
-0
-0
-0
-0
34.1401
-0
-0
-0
6.20772
2.45916
-0
-0
-0
-0
-0
-0
-0
7.48352
39.1051
-0
-0
6.83053
-0
50.3095
21.4549
-0
22.0707
-0
-0
-0
-0
-0
3.43341
-0
-0
-0
20.9139
-0
19.8465
18.0896
7.94309
-0
-0
-0
-0
-0
-0
-0
26.643
-0
-0
-0
-0
-0
0.210326
-0
2.17407
28.1374
-0
-0
25.5188
43.4139
-0
-0
3.31977
3.04905
-0
-0
21.4167
20.5244
-0
4.57545
-0
-0
38.8607
-0
5.13883
-0
35.574
35.6264
-0
8.77569
8.15402
1.51765
-0
-0
-0
-0
-0
-0
-0
-0
4.79077
-0
-0
-0
27.7034
-0
-0
2.42292
-0
-0
-0
-0
-0
20.7217
-0
-0
37.9537
-0
-0
29.0035
-0
1.22642
8.29533
-0
-0
-0
40.1242
-0
9.19774
-0
-0
-0
-0
-0
-0
37.648
-0
-0
12.2445
-0
-0
15.3328
54.2694
9.87662
-0
-0
-0
-0
-0
-0
-0
-0
13.2028
-0
-0
-0
-0
11.4996
-0
-0
-0
-0
16.3381
-0
6.87373
16.5858
-0
14.3063
-0
-0
6.06547
-0
-0
-0
-0
0.440391
-0
-0
-0
-0
-0
-0
-0
-0
-0
-0
-0
-0
-0
-0
-0
-0
-0
-0
-0
-0
62.5878
-0
-0
-0
-0
-0
-0
-0
34.0104
-0
11.4992
18.9554
-0
-0
-0
12.3892
10.3474
-0
3.71681
-0
-0
20.8381
-0
-0
-0
26.2092
27.9512
13.1616
-0
-0
-0
-0
-0
-0
3.59763
3.66279
-0
0.638384
-0
-0
-0
9.62164
-0
-0
-0
39.4858
40.9607
-0
6.07074
-0
0.18917
-0
16.1227
44.34
-0
3.28297
0.80333
27.6925
-0
9.90079
5.04544
-0
26.3907
-0
16.7443
-0
-0
-0
11.3239
0.669452
-0
-0
-0
0.506481
-0
-0
3.15837
48.7333
24.5513
-0
7.36427
-0
-0
22.548
-0
-0
2.15882
-0
-0
-0
-0
3.93344
-0
52.8601
1.57763
-0
-0
-0
-0
18.6853
-0
-0
9.9287
-0
-0
-0
5.64598
-0
42.7626
-0
-0
-0
7.71724
-0
17.3369
-0
-0
-0
14.7197
0.363692
-0
-0
26.3895
-0
-0
-0
0.57698
6.41659
-0
-0
38.1203
-0
10.1168
-0
-0
-0
-0
-0
-0
-0
-0
-0
-0
-0
-0
-0
15.6956
-0
-0
9.49885
-0
-0
-0
19.0863
7.01511
-0
-0
-0
-0
-0
-0
1.34617
-0
-0
-0
11.2143
-0
-0
20.2949
-0
-0
-0
-0
-0
36.8566
-0
-0
-0
8.17664
-0
-0
27.5938
26.9281
10.7758
-0
27.815
-0
-0
10.4369
-0
-0
-0
-0
-0
-0
-0
-0
-0
-0
-0
-0
5.18659
-0
-0
16.771
0.83856
-0
-0
-0
28.6766
-0
-0
-0
-0
10.2717
-0
22.0926
-0
-0
-0
-0
-0
-0
-0
-0
-0
-0
-0
-0
-0
-0
-0
-0
4.74775
-0
-0
-0
8.78344
-0
-0
-0
-0
-0
8.24143
37.1907
-0
-0
-0
-0
4.3681
36.1563
-0
-0
17.1556
-0
-0
-0
7.4231
-0
-0
9.33417
-0
-0
-0
-0
-0
27.323
-0
-0
-0
-0
4.70247
22.3702
-0
-0
0.465899
14.5203
-0
-0
-0
-0
-0
-0
-0
-0
-0
-0
-0
24.5535
5.47331
14.6761
-0
2.72516
-0
-0
-0
-0
-0
-0
-0
16.1972
-0
-0
14.5592
-0
-0
-0
-0
34.3271
20.5486
-0
-0
18.9958
11.342
-0
-0
0.550765
-0
-0
-0
-0
-0
-0
-0
-0
-0
31.2502
16.4312
-0
-0
-0
-0
-0
-0
27.5945
-0
-0
-0
-0
-0
-0
0.926913
19.5681
27.5638
-0
-0
-0
-0
-0
16.3267
-0
6.75498
28.3291
-0
14.7726
-0
-0
-0
-0
-0
-0
3.96662
-0
15.5125
-0
-0
8.56712
-0
-0
-0
1.61775
-0
-0
-0
22.42
-0
-0
5.99874
-0
-0
-0
-0
-0
-0
-0
40.4375
-0
-0
-0
-0
5.09237
-0
-0
-0
-0
-0
-0
-0
-0
-0
-0
-0
2.31928
-0
-0
-0
-0
-0
7.58846
3.84232
-0
-0
-0
-0
-0
-0
3.58889
17.7467
-0
15.0615
-0
-0
-0
-0
19.2346
-0
-0
-0
5.13533
19.5525
-0
-0
-0
33.5181
30.8665
-0
1.68635
-0
-0
14.9438
-0
-0
-0
-0
-0
-0
-0
-0
-0
-0
-0
-0
-0
-0
24.597
-0
-0
12.5508
-0
-0
-0
-0
20.4542
-0
-0
13.6487
-0
9.4429
-0
-0
-0
-0
-0
-0
-0
-0
-0
-0
-0
-0
-0
-0
-0
-0
13.1443
-0
-0
1.21258
-0
15.5722
-0
1.06497
-0
-0
-0
-0
-0
-0
-0
-0
-0
-0
-0
-0
-0
-0
-0
-0
-0
11.2944
7.75208
-0
31.9952
-0
-0
-0
-0
3.27838
-0
27.4725
11.0891
-0
-0
32.5997
-0
-0
-0
-0
-0
-0
-0
-0
-0
36.2977
-0
-0
8.9677
-0
-0
-0
4.3702
41.3305
-0
2.16781
-0
-0
41.6982
-0
20.6661
-0
-0
-0
-0
-0
4.86651
-0
-0
-0
-0
-0
-0
30.1364
-0
-0
0.0207932
-0
-0
-0
-0
25.0516
-0
-0
-0
-0
-0
-0
-0
-0
-0
-0
1.1438
4.42982
-0
-0
26.7014
29.5787
-0
9.53756
-0
-0
-0
12.8526
-0
-0
11.2357
-0
-0
-0
-0
-0
-0
4.52577
-0
15.4988
-0
-0
-0
-0
-0
1.08086
23.4345
-0
-0
12.8363
-0
1.25649
-0
-0
-0
-0
-0
-0
-0
-0
-0
-0
-0
-0
6.45474
-0
18.8691
-0
-0
-0
-0
31.204
-0
-0
-0
28.1566
-0
-0
43.3384
-0
-0
-0
26.1101
3.18748
3.83025
-0
-0
-0
-0
78.9084
-0
5.10338
-0
-0
-0
-0
19.6718
-0
-0
-0
2.12421
7.54748
-0
-0
-0
-0
-0
2.48527
-0
62.7385
16.5247
-0
-0
-0
22.8229
-0
-0
-0
-0
-0
-0
-0
-0
0.347621
-0
-0
26.1954
9.58231
-0
39.3767
19.3581
-0
-0
-0
-0
-0
-0
-0
-0
-0
-0
-0
-0
-0
-0
-0
-0
0.736151
-0
-0
-0
-0
28.6413
-0
-0
10.5839
-0
-0
-0
33.5453
-0
-0
-0
-0
-0
-0
-0
-0
-0
-0
-0
-0
-0
-0
-0
-0
-0
-0
-0
-0
-0
41.2402
-0
-0
-0
28.1847
23.7246
-0
-0
22.9149
-0
8.97729
5.38746
-0
-0
-0
-0
-0
-0
-0
33.7095
-0
-0
3.40356
-0
8.12037
-0
-0
-0
2.41276
-0
-0
-0
-0
6.05885
-0
-0
-0
-0
-0
-0
11.6691
-0
-0
-0
-0
-0
-0
-0
47.491
15.029
-0
-0
-0
16.0435
-0
-0
-0
26.5729
16.2489
10.1749
-0
-0
12.229
-0
-0
18.0932
-0
-0
-0
-0
-0
5.36648
19.5272
-0
23.0329
-0
-0
-0
11.8152
-0
-0
-0
-0
17.8255
16.3112
-0
-0
13.8082
-0
-0
-0
-0
-0
-0
5.05288
-0
-0
23.384
-0
-0
-0
-0
10.9203
0.919096
7.02222
-0
-0
-0
-0
-0
-0
0.203878
9.3378
-0
15.1062
13.3974
-0
-0
-0
-0
14.5177
-0
8.0856
-0
-0
-0
-0
24.4121
-0
-0
9.44262
-0
-0
-0
-0
-0
-0
-0
-0
-0
7.63593
-0
5.4451
-0
-0
-0
-0
-0
-0
0.34138
-0
-0
-0
16.5067
-0
-0
-0
-0
14.9683
28.7943
-0
-0
-0
-0
-0
-0
-0
-0
-0
-0
6.9334
-0
-0
-0
-0
-0
-0
-0
-0
-0
52.4485
-0
-0
6.65578
-0
-0
-0
-0
-0
11.0024
6.94651
40.7753
7.34852
1.89555
-0
-0
-0
59.5315
-0
-0
-0
-0
12.5861
-0
-0
-0
38.9932
-0
-0
-0
-0
-0
18.4787
-0
17.6894
-0
-0
-0
-0
5.06233
-0
-0
38.2014
-0
21.0839
-0
-0
-0
-0
5.59261
-0
-0
-0
-0
69.7082
-0
-0
7.83457
-0
-0
54.8045
-0
-0
-0
11.239
-0
-0
-0
-0
6.87829
-0
-0
-0
-0
-0
-0
16.1617
-0
15.7517
-0
-0
-0
2.18876
-0
-0
3.05735
-0
-0
-0
25.843
-0
-0
-0
-0
-0
-0
-0
-0
53.7217
-0
-0
-0
-0
-0
13.21
4.99842
-0
2.87076
-0
-0
1.67391
21.5537
-0
-0
-0
-0
20.307
-0
15.6817
35.4066
6.45068
-0
25.2509
-0
14.0408
36.4977
-0
27.0254
-0
-0
-0
-0
-0
-0
-0
35.1119
-0
-0
-0
23.5886
-0
-0
-0
6.14362
-0
-0
-0
-0
-0
-0
-0
34.6969
-0
7.02632
-0
7.08974
34.5142
-0
-0
-0
14.0741
2.62509
-0
12.2144
-0
-0
-0
-0
-0
28.2456
1.20542
-0
-0
6.21808
-0
-0
12.845
-0
-0
16.422
-0
-0
-0
-0
-0
27.176
-0
-0
-0
-0
7.41135
-0
-0
-0
-0
16.8036
-0
-0
-0
-0
-0
-0
-0
18.2886
22.8226
25.2138
-0
-0
-0
-0
23.3017
-0
22.6028
-0
-0
-0
-0
-0
-0
-0
-0
-0
-0
62.2729
23.3889
-0
15.4095
20.9402
-0
-0
22.6883
-0
-0
-0
-0
19.4714
-0
18.2067
-0
-0
-0
4.60964
-0
37.7378
-0
-0
11.1393
-0
-0
3.43511
-0
-0
-0
-0
-0
-0
-0
35.2747
-0
-0
-0
-0
-0
-0
40.1357
-0
0.949377
53.6848
-0
25.8773
29.3951
0.0430188
14.8732
-0
-0
0.885862
-0
17.0155
-0
-0
-0
13.1132
-0
-0
-0
0.973006
-0
-0
-0
-0
-0
-0
-0
16.2541
-0
-0
7.02874
-0
-0
-0
16.6258
-0
-0
-0
53.9008
-0
-0
27.4041
21.0256
-0
-0
-0
-0
-0
-0
-0
-0
-0
2.74736
-0
-0
-0
2.23829
34.5358
-0
-0
-0
-0
-0
-0
-0
-0
-0
-0
-0
48.7063
-0
-0
-0
3.34632
-0
5.82388
-0
27.6011
-0
-0
-0
11.7618
-0
8.68071
-0
-0
-0
-0
24.8931
-0
-0
-0
-0
38.1656
-0
-0
-0
13.4853
-0
-0
-0
-0
-0
-0
-0
-0
6.94909
-0
-0
-0
-0
-0
-0
1.02217
-0
-0
-0
-0
-0
-0
14.5389
-0
25.9258
47.5925
-0
-0
-0
-0
-0
-0
-0
-0
-0
32.32
-0
-0
-0
-0
5.36227
-0
1.63986
-0
-0
-0
-0
-0
-0
-0
-0
-0
-0
3.41102
-0
-0
-0
-0
-0
-0
-0
-0
-0
-0
-0
-0
-0
30.9207
-0
12.459
-0
-0
-0
-0
6.65969
-0
-0
-0
-0
15.2953
-0
-0
-0
-0
6.38624
-0
-0
11.7548
36.4846
-0
-0
-0
-0
-0
-0
5.37281
3.02671
1.42038
-0
-0
11.3714
28.0778
-0
-0
-0
-0
-0
-0
-0
40.0401
11.0127
-0
2.69253
-0
-0
44.6945
-0
-0
-0
-0
-0
-0
-0
-0
25.1194
12.9847
-0
-0
-0
56.5867
34.8278
20.7557
25.1948
-0
-0
14.0356
-0
27.6479
-0
-0
-0
34.36
-0
25.9001
10.9879
-0
-0
-0
2.73824
-0
-0
13.454
-0
-0
4.36998
-0
-0
-0
-0
-0
-0
-0
-0
-0
-0
-0
-0
-0
5.36797
-0
-0
-0
0.274144
-0
-0
-0
-0
-0
-0
-0
4.32581
23.6906
-0
-0
2.76496
-0
-0
-0
-0
-0
-0
-0
-0
4.1722
-0
5.64906
-0
-0
-0
-0
-0
-0
51.3828
-0
-0
-0
16.077
-0
-0
-0
-0
-0
-0
-0
30.0427
-0
-0
-0
-0
-0
-0
-0
-0
32.0789
-0
-0
-0
-0
-0
-0
-0
-0
28.3312
-0
-0
-0
0.479362
-0
-0
3.4734
-0
-0
8.72588
-0
-0
-0
1.00096
63.4811
-0
-0
14.7944
1.12852
-0
16.1467
18.3471
-0
28.7218
-0
-0
27.6209
-0
23.3955
50.0916
-0
-0
-0
37.3419
-0
-0
-0
-0
1.58587
-0
-0
-0
-0
1.17164
27.2615
-0
-0
-0
-0
-0
-0
-0
1.3802
-0
-0
-0
-0
-0
0.85629
-0
-0
9.67569
-0
-0
-0
-0
-0
-0
-0
-0
10.494
-0
-0
-0
1.96918
-0
-0
-0
-0
-0
-0
-0
-0
-0
-0
-0
-0
-0
-0
-0
-0
25.6595
-0
-0
-0
-0
-0
-0
-0
-0
-0
-0
-0
-0
14.8179
1.85682
22.8268
-0
-0
-0
-0
-0
-0
-0
-0
-0
-0
-0
34.6384
-0
-0
-0
-0
-0
-0
-0
-0
-0
17.2125
-0
-0
-0
-0
-0
-0
-0
-0
-0
-0
-0
-0
-0
-0
6.15325
-0
25.9695
22.5008
-0
-0
-0
2.9314
2.88947
-0
71.6737
31.6248
3.89467
46.5161
46.1543
-0
-0
27.5503
-0
-0
0.878473
-0
-0
-0
-0
-0
-0
5.06576
-0
-0
-0
-0
-0
-0
-0
-0
-0
29.0155
-0
-0
-0
24.387
2.30217
-0
11.5501
-0
-0
-0
30.2253
35.2597
-0
-0
-0
-0
-0
-0
-0
-0
-0
-0
1.07459
-0
-0
-0
-0
-0
12.5446
-0
-0
19.3533
-0
20.2778
26.5546
15.8766
-0
21.0439
-0
-0
-0
-0
-0
-0
8.96667
-0
-0
-0
33.4877
16.8452
-0
-0
18.6133
-0
1.07354
-0
34.992
-0
49.315
-0
28.491
0.277151
20.7092
17.4855
-0
2.27793
-0
-0
46.4186
20.4247
20.6179
-0
16.9438
16.8119
-0
2.48708
-0
-0
-0
-0
-0
-0
20.6268
-0
-0
-0
-0
-0
-0
3.61419
25.0837
-0
-0
1.73749
-0
22.093
14.15
39.4809
-0
-0
-0
-0
-0
21.1831
-0
-0
-0
20.6199
-0
-0
36.3591
-0
-0
-0
-0
32.2081
-0
-0
3.36616
-0
-0
32.2766
-0
-0
-0
14.4621
-0
-0
-0
-0
-0
-0
-0
4.91886
-0
-0
-0
-0
14.943
-0
-0
-0
-0
-0
-0
-0
-0
-0
-0
-0
-0
2.36979
-0
-0
-0
-0
33.7837
-0
-0
-0
11.6385
-0
-0
-0
-0
-0
-0
14.5809
5.72307
-0
-0
22.4092
-0
21.9031
43.9363
-0
0.166939
28.0461
-0
-0
10.3904
-0
-0
-0
19.516
-0
1.09481
-0
-0
-0
2.23138
-0
12.5388
-0
-0
-0
18.4968
-0
-0
-0
-0
-0
18.3457
15.4731
-0
-0
-0
-0
-0
-0
-0
-0
-0
-0
15.4107
-0
-0
-0
-0
-0
9.44301
-0
-0
-0
-0
-0
-0
-0
11.5866
23.1365
19.7854
14.7463
-0
-0
-0
-0
-0
-0
-0
-0
8.86681
24.017
-0
27.4206
2.00335
7.28048
-0
-0
-0
29.0673
-0
-0
9.94807
-0
-0
-0
17.7126
-0
30.5959
-0
-0
-0
-0
-0
-0
-0
0.852891
-0
-0
-0
-0
36.5877
14.7507
-0
-0
-0
-0
-0
-0
-0
10.6874
7.39248
3.28401
0.372624
-0
-0
-0
11.2557
-0
-0
-0
-0
7.40191
-0
-0
-0
-0
-0
-0
2.17848
-0
42.4746
-0
-0
2.43978
-0
-0
-0
-0
21.4102
12.2717
-0
-0
-0
4.76586
-0
-0
-0
-0
-0
-0
-0
-0
-0
-0
-0
-0
-0
-0
-0
-0
-0
7.10243
-0
-0
-0
-0
-0
2.54654
-0
11.5376
35.0043
-0
-0
7.0131
-0
-0
-0
2.89918
-0
22.4177
33.9421
-0
-0
16.6862
-0
-0
-0
16.7146
-0
56.9643
17.4267
-0
-0
0.781891
34.5399
-0
35.5105
-0
-0
-0
45.5268
-0
-0
-0
-0
-0
-0
51.1003
-0
-0
-0
-0
-0
-0
20.8801
-0
-0
-0
-0
-0
6.0398
-0
-0
-0
-0
-0
-0
-0
-0
-0
-0
-0
-0
-0
13.9999
-0
-0
-0
-0
-0
-0
-0
-0
-0
-0
3.22919
-0
-0
-0
-0
16.9438
3.89939
-0
4.44793
-0
18.6355
-0
-0
-0
-0
-0
-0
14.5438
11.727
10.7971
-0
-0
0.361885
-0
-0
21.9318
-0
-0
-0
0.0786467
23.8451
-0
-0
-0
-0
-0
45.9012
34.4535
-0
-0
-0
-0
12.6724
-0
17.0196
-0
-0
-0
-0
-0
-0
2.02876
-0
-0
-0
-0
15.0968
-0
4.5197
-0
-0
-0
-0
-0
9.85359
-0
-0
-0
-0
-0
10.8878
-0
-0
-0
13.7027
-0
-0
-0
-0
12.0048
-0
-0
18.9012
9.51253
-0
-0
-0
-0
-0
-0
-0
-0
-0
-0
0.446925
-0
-0
-0
-0
-0
45.9729
3.35147
8.22234
-0
-0
-0
-0
-0
11.0827
-0
0.904673
-0
-0
-0
-0
-0
-0
-0
2.84066
-0
-0
-0
-0
-0
-0
-0
-0
-0
-0
-0
13.5533
-0
11.8024
20.9462
-0
27.422
-0
-0
-0
-0
-0
14.6529
-0
1.76525
21.1313
-0
-0
-0
-0
-0
-0
-0
-0
-0
-0
5.94779
-0
-0
-0
0.00670569
26.4565
-0
-0
-0
-0
-0
-0
-0
26.2575
-0
66.2935
-0
-0
-0
-0
-0
25.6736
0.696738
23.4359
10.3192
-0
7.39711
-0
25.6519
-0
17.304
-0
-0
-0
36.3959
-0
5.57937
27.5489
-0
-0
-0
5.83308
-0
11.3176
3.60334
-0
23.0695
-0
-0
-0
-0
-0
33.1475
-0
-0
-0
-0
-0
-0
14.8076
-0
-0
-0
-0
-0
-0
18.3553
-0
-0
-0
-0
-0
19.0317
-0
-0
-0
34.3869
-0
-0
-0
-0
59.6709
16.3623
15.3089
-0
-0
-0
-0
-0
-0
10.4295
-0
6.7061
-0
8.0676
-0
-0
-0
14.1699
-0
16.3222
-0
-0
-0
4.72745
-0
35.789
-0
-0
1.82961
-0
-0
-0
-0
-0
-0
-0
-0
4.94166
-0
-0
-0
10.7444
-0
-0
-0
-0
-0
-0
4.11235
-0
-0
-0
2.65055
-0
-0
-0
21.1901
50.4462
-0
-0
-0
26.1626
-0
-0
-0
-0
-0
2.76965
-0
46.1046
-0
24.5507
-0
-0
-0
28.5162
-0
-0
-0
-0
-0
-0
4.62446
-0
-0
-0
-0
-0
-0
-0
-0
-0
-0
-0
-0
7.79134
-0
-0
-0
-0
-0
-0
-0
29.0495
-0
3.70687
0.0377047
-0
28.6969
-0
-0
-0
-0
26.1129
-0
-0
-0
1.85886
0.708421
-0
18.6014
-0
-0
-0
-0
-0
-0
-0
14.1861
10.6983
27.9039
19.2795
-0
-0
-0
-0
1.3553
-0
8.69948
-0
-0
-0
-0
-0
-0
2.90598
-0
-0
-0
-0
55.2223
30.6912
-0
-0
-0
-0
-0
-0
13.3985
-0
-0
-0
44.9778
-0
-0
-0
20.7443
12.1286
-0
16.1233
-0
-0
-0
-0
-0
-0
-0
7.69092
-0
-0
-0
-0
-0
-0
-0
1.75222
9.97753
-0
-0
-0
-0
-0
1.11825
-0
25.5181
-0
-0
-0
-0
-0
-0
-0
-0
-0
-0
9.3732
-0
-0
-0
-0
-0
-0
-0
53.5142
-0
-0
-0
-0
-0
-0
-0
-0
-0
-0
-0
19.7016
-0
0.392751
-0
-0
-0
-0
7.13023
-0
23.4834
-0
-0
4.1505
-0
60.9846
-0
0.995955
24.7969
-0
-0
-0
22.8799
-0
40.7619
-0
-0
9.6226
14.543
-0
10.6253
-0
-0
-0
-0
-0
-0
3.42224
-0
-0
-0
19.4475
-0
-0
7.78253
-0
17.2267
-0
-0
5.44227
-0
-0
1.17141
31.1891
-0
0.67562
36.3907
7.09303
-0
9.69405
-0
-0
-0
-0
-0
-0
10.6894
-0
-0
8.48023
0.279441
-0
-0
-0
-0
-0
-0
-0
2.15366
-0
11.7419
35.9867
-0
-0
-0
-0
-0
6.29916
-0
12.1339
-0
-0
-0
-0
17.9662
-0
3.84463
2.86355
16.4904
-0
3.10493
-0
-0
-0
-0
-0
-0
-0
-0
-0
30.7785
9.89663
-0
39.3364
-0
8.11283
17.7032
0.22856
19.5888
11.5451
-0
-0
-0
-0
-0
-0
-0
14.3144
30.586
-0
-0
37.392
-0
-0
-0
-0
-0
-0
-0
-0
-0
-0
-0
-0
-0
-0
-0
21.3795
-0
2.2277
-0
-0
6.47457
-0
-0
-0
26.2826
-0
-0
-0
-0
-0
11.9347
-0
-0
28.4315
-0
-0
-0
-0
2.88749
-0
-0
8.73902
-0
35.8302
-0
-0
-0
-0
-0
14.4853
-0
-0
-0
-0
-0
-0
26.836
-0
-0
-0
34.6912
-0
-0
13.6359
-0
54.586
-0
-0
-0
9.28321
-0
-0
-0
-0
-0
-0
-0
-0
-0
30.6788
-0
16.7735
-0
-0
-0
32.5193
-0
-0
24.402
2.6848
-0
-0
-0
6.6298
-0
-0
-0
-0
-0
-0
-0
-0
-0
-0
-0
48.2753
37.5641
-0
-0
-0
-0
-0
38.9971
-0
-0
-0
-0
-0
48.1242
-0
-0
-0
-0
-0
18.3353
1.13992
-0
-0
1.723
-0
36.6768
-0
-0
33.5779
-0
-0
-0
-0
-0
-0
-0
16.8792
-0
2.90725
-0
4.15605
-0
30.541
-0
-0
-0
-0
2.77323
-0
-0
-0
-0
-0
-0
2.82099
8.77384
-0
-0
-0
-0
-0
7.46699
-0
21.9763
-0
-0
0.319566
-0
-0
-0
-0
6.43923
18.504
-0
-0
-0
-0
-0
-0
14.1752
-0
-0
-0
-0
-0
-0
1.6738
40.1519
-0
-0
-0
-0
-0
-0
-0
-0
-0
26.5134
-0
5.8759
21.3663
0.213219
-0
-0
-0
-0
-0
-0
24.7686
-0
-0
-0
-0
16.5975
-0
-0
-0
-0
29.2563
3.87996
-0
-0
-0
-0
-0
-0
-0
0.300045
-0
-0
-0
15.8552
-0
4.59652
29.5144
-0
11.2538
-0
-0
-0
-0
-0
-0
-0
-0
-0
-0
-0
-0
-0
-0
62.2849
-0
32.0456
38.3065
-0
45.1614
-0
-0
-0
8.47905
-0
-0
-0
-0
-0
0.674226
-0
-0
-0
9.22605
-0
-0
-0
4.31844
-0
-0
-0
-0
-0
-0
35.9379
-0
-0
-0
-0
-0
9.08428
-0
-0
-0
-0
20.9105
22.8788
-0
9.7037
-0
-0
4.67585
-0
3.71078
1.73748
-0
19.3788
-0
-0
-0
50.6117
-0
9.78057
-0
-0
10.39
-0
-0
-0
22.065
-0
-0
38.5765
-0
-0
-0
-0
-0
-0
31.8609
-0
24.3638
36.8417
-0
5.83566
-0
-0
-0
-0
0.461928
-0
41.5896
-0
-0
-0
-0
-0
-0
-0
-0
-0
-0
-0
14.295
9.01711
20.7219
-0
-0
-0
-0
-0
-0
-0
-0
42.9963
16.1628
-0
-0
-0
-0
-0
16.1567
-0
-0
-0
-0
14.8128
-0
-0
15.0668
-0
-0
-0
29.8807
-0
-0
36.3854
-0
-0
18.8848
-0
-0
-0
-0
-0
-0
-0
-0
-0
48.9414
13.3093
17.8088
25.6691
-0
-0
-0
-0
5.84082
10.3264
-0
-0
45.3682
-0
-0
-0
-0
-0
2.08815
-0
5.29768
-0
-0
-0
-0
-0
-0
-0
-0
-0
-0
37.558
24.7135
-0
27.9929
-0
-0
-0
-0
-0
-0
-0
24.1593
-0
-0
-0
-0
4.25049
-0
-0
29.8369
5.89663
18.546
2.71168
-0
-0
4.77201
43.1684
-0
41.2027
3.73231
-0
-0
-0
-0
-0
-0
-0
1.7254
-0
16.82
66.9213
2.54413
-0
-0
21.9549
5.66414
10.7895
-0
14.2036
-0
37.1469
-0
18.6036
-0
-0
-0
-0
29.3574
-0
6.50007
-0
5.856
-0
-0
-0
17.0658
21.4642
-0
4.61898
-0
-0
-0
9.96292
-0
-0
-0
17.7487
-0
10.0347
-0
33.1869
-0
43.4646
1.39419
16.3313
-0
-0
-0
-0
-0
28.8865
-0
12.8875
-0
-0
-0
-0
4.82191
-0
-0
5.1567
-0
-0
-0
-0
22.1207
-0
51.2505
-0
-0
35.899
-0
0.621809
15.6585
-0
7.35381
-0
-0
-0
1.39592
-0
-0
30.8905
-0
-0
-0
3.8283
-0
-0
2.19115
16.0083
31.394
-0
-0
-0
21.1133
11.3305
-0
3.19898
-0
-0
-0
-0
-0
-0
-0
28.4415
17.6127
-0
-0
-0
-0
-0
-0
-0
-0
-0
-0
36.5823
-0
-0
-0
-0
-0
-0
-0
-0
-0
-0
-0
-0
-0
-0
-0
-0
-0
17.5029
-0
2.95288
61.8162
-0
-0
-0
-0
-0
-0
-0
-0
-0
6.03232
-0
24.5105
-0
-0
-0
-0
-0
-0
0.109213
-0
13.723
3.42572
0.879471
4.6901
25.9069
7.47657
-0
-0
-0
-0
14.9535
-0
-0
-0
5.40273
-0
-0
-0
-0
-0
-0
46.6668
-0
-0
17.025
-0
-0
-0
-0
18.5792
-0
-0
-0
-0
-0
-0
-0
-0
12.8972
4.13686
-0
-0
-0
-0
2.07852
-0
1.29934
6.57275
-0
38.3624
7.64935
-0
-0
-0
-0
11.0605
-0
-0
-0
-0
-0
-0
-0
2.89758
-0
-0
-0
-0
8.21978
-0
-0
-0
-0
-0
-0
-0
-0
-0
24.3568
3.48878
9.62286
20.2997
-0
-0
16.3522
26.7665
-0
22.7765
-0
0.429975
-0
-0
57.9061
-0
-0
14.7801
8.04966
6.12178
-0
-0
-0
-0
-0
32.6052
-0
18.6321
-0
-0
-0
-0
-0
-0
-0
-0
27.3308
-0
-0
65.1389
-0
-0
23.9798
6.55541
-0
-0
-0
-0
-0
-0
-0
42.3896
-0
-0
-0
-0
-0
37.4174
-0
-0
-0
-0
-0
23.7753
8.27884
36.924
-0
-0
17.3666
-0
-0
45.6395
-0
-0
-0
-0
-0
-0
-0
41.2136
-0
-0
32.9925
-0
-0
-0
-0
-0
-0
-0
-0
8.35021
-0
-0
-0
-0
-0
-0
7.04649
9.31589
-0
-0
-0
41.9123
-0
-0
18.1354
-0
-0
-0
-0
-0
-0
-0
-0
-0
-0
-0
-0
-0
3.29054
-0
-0
-0
-0
4.34413
20.3572
34.1343
-0
9.1633
-0
-0
-0
-0
-0
-0
-0
-0
-0
-0
31.6362
-0
12.5931
-0
-0
56.4044
-0
-0
-0
-0
-0
26.736
-0
-0
-0
-0
-0
-0
4.70659
44.1338
32.1405
-0
-0
-0
-0
-0
44.1612
-0
-0
-0
-0
6.56113
-0
-0
40.5364
-0
-0
-0
-0
13.3624
-0
-0
14.6308
-0
4.48812
29.678
4.0957
-0
-0
-0
-0
-0
-0
15.5503
39.0847
-0
-0
-0
54.4093
15.4201
-0
-0
-0
-0
-0
6.97876
-0
-0
-0
-0
-0
-0
19.8585
-0
-0
29.0886
24.236
-0
-0
-0
-0
-0
20.7097
3.89976
-0
-0
-0
-0
49.5926
-0
-0
-0
-0
0.753244
-0
-0
42.022
-0
56.7958
-0
-0
-0
24.2047
-0
-0
-0
0.780877
-0
-0
-0
32.2772
-0
-0
26.6955
-0
-0
6.4484
-0
-0
-0
-0
-0
-0
3.15533
-0
-0
-0
-0
3.59662
-0
-0
-0
-0
-0
-0
2.12662
-0
-0
-0
-0
-0
-0
-0
-0
-0
-0
-0
-0
-0
-0
21.8885
27.1825
-0
-0
-0
-0
50.217
-0
-0
-0
-0
-0
-0
3.56672
29.4727
4.37555
0.862058
21.5504
-0
-0
-0
29.8999
-0
-0
-0
-0
-0
-0
-0
-0
-0
-0
3.84024
-0
-0
7.79827
-0
18.24
-0
-0
-0
-0
-0
-0
0.0705314
-0
24.1889
-0
14.361
20.2395
18.5603
-0
-0
-0
43.8302
-0
-0
40.0513
26.6858
-0
-0
-0
8.49954
-0
34.4229
-0
-0
-0
3.54069
-0
-0
3.53137
-0
-0
-0
-0
-0
-0
-0
-0
0.537143
-0
18.3868
-0
-0
-0
-0
-0
2.74602
15.4624
22.4075
-0
-0
7.6551
-0
-0
26.0485
-0
-0
-0
15.8109
-0
-0
0.65608
-0
-0
-0
-0
-0
-0
42.8475
-0
27.2139
7.16095
-0
20.1038
-0
-0
-0
-0
9.79901
-0
10.1674
-0
-0
22.5095
-0
-0
-0
-0
50.165
-0
-0
16.9978
-0
-0
17.8166
-0
-0
