-0
-0
-0
-0
-0
7.11039
-0
-0
-0
-0
-0
-0
0.107748
-0
-0
-0
9.64018
-0
-0
-0
-0
3.96327
6.97392
-0
-0
13.9106
11.9339
-0
-0
-0
-0
-0
-0
-0
14.5671
-0
-0
-0
-0
-0
-0
-0
13.1632
-0
-0
20.1664
-0
29.1846
-0
-0
-0
-0
-0
8.43509
-0
-0
-0
1.12048
-0
-0
-0
-0
24.0722
-0
4.71274
-0
-0
-0
7.74944
-0
-0
-0
4.54299
-0
-0
7.40091
45.4618
-0
-0
10.6762
-0
49.5604
4.83885
-0
15.7915
-0
-0
-0
-0
-0
6.93518
-0
-0
-0
48.7926
-0
17.3065
0.401474
-0
-0
0.61087
-0
-0
-0
-0
-0
9.24081
17.3133
-0
0.530155
1.34755
-0
0.285735
-0
-0
1.52943
1.94449
-0
33.3291
39.997
-0
15.6907
-0
-0
-0
-0
3.14666
5.78617
-0
-0
-0
-0
39.282
-0
-0
-0
15.2577
25.1533
-0
-0
8.85244
0.226034
9.20971
-0
0.954541
-0
0.0162287
2.2904
-0
-0
19.6455
-0
-0
-0
0.907344
-0
9.61779
-0
-0
0.00580394
12.3853
-0
-0
-0
3.26037
-0
46.1903
-0
-0
27.4163
-0
-0
10.2646
-0
-0
-0
17.6452
-0
3.89828
-0
-0
-0
-0
-0
-0
19.3675
7.98253
-0
6.93695
7.94549
-0
30.6345
47.5095
10.5104
-0
-0
-0
6.21521
-0
-0
-0
-0
11.0887
-0
-0
-0
-0
18.9257
-0
-0
-0
-0
8.95132
-0
-0
-0
-0
7.878
-0
-0
-0
-0
-0
-0
-0
6.51574
-0
7.77353
-0
-0
-0
16.3051
-0
-0
-0
-0
-0
-0
-0
1.83197
-0
-0
-0
-0
-0
-0
20.505
-0
13.2164
-0
-0
-0
-0
-0
12.2152
-0
-0
16.4539
-0
-0
-0
10.9836
-0
-0
12.2381
-0
-0
31.5722
-0
-0
-0
29.8479
-0
20.2346
-0
-0
-0
-0
-0
-0
-0
5.11307
-0
3.14785
-0
-0
9.97144
1.05793
-0
-0
-0
16.4785
11.5436
-0
11.7277
-0
-0
-0
17.3984
41.201
-0
8.26338
2.24345
5.06569
18.0426
4.60926
4.35583
-0
23.738
-0
16.0382
-0
-0
-0
-0
1.78083
-0
-0
-0
0.794742
-0
-0
4.45099
39.438
15.9856
-0
-0
-0
-0
6.20255
-0
-0
4.9456
-0
-0
0.402674
-0
-0
-0
17.1798
11.4175
-0
-0
-0
-0
8.0722
1.85588
-0
5.48354
-0
-0
-0
1.88785
-0
38.7016
-0
-0
-0
-0
-0
12.6052
-0
-0
-0
18.8026
0.59886
-0
-0
-0
-0
-0
-0
0.432979
2.36141
-0
-0
19.7851
-0
-0
-0
-0
-0
-0
-0
-0
-0
-0
-0
-0
-0
-0
-0
0.46887
-0
-0
-0
-0
-0
-0
5.00508
6.74976
-0
-0
-0
-0
-0
-0
5.13547
-0
-0
-0
-0
-0
-0
16.9841
-0
-0
-0
-0
-0
29.4684
-0
-0
-0
-0
-0
-0
25.9048
17.1311
25.6715
-0
-0
-0
21.5373
-0
-0
-0
-0
-0
-0
-0
-0
-0
-0
-0
-0
-0
1.15982
-0
-0
-0
-0
-0
-0
-0
-0
-0
21.0358
-0
-0
-0
-0
36.8915
-0
-0
-0
-0
-0
-0
-0
-0
-0
-0
-0
-0
-0
15.3176
-0
-0
-0
-0
-0
-0
-0
-0
-0
-0
-0
-0
-0
10.0354
-0
-0
14.5834
-0
10.5982
18.0592
-0
-0
25.1897
-0
-0
0.73639
-0
-0
-0
20.82
-0
-0
-0
-0
-0
3.20135
-0
-0
-0
15.7911
15.2851
-0
-0
-0
3.7673
-0
-0
-0
-0
-0
2.90279
-0
-0
-0
-0
-0
-0
9.31483
-0
4.01289
6.64722
3.8271
-0
-0
-0
-0
-0
-0
-0
-0
-0
-0
-0
-0
-0
-0
-0
37.6985
2.85307
-0
-0
-0
0.983553
-0
-0
8.84842
-0
-0
-0
-0
-0
-0
-0
-0
-0
0.211677
16.6437
-0
-0
-0
-0
5.64955
-0
-0
-0
-0
-0
-0
-0
-0
-0
7.68096
19.5453
1.45411
-0
-0
-0
-0
-0
-0
18.5005
30.8194
12.0788
-0
-0
-0
-0
-0
-0
-0
-0
-0
-0
-0
-0
6.62958
-0
-0
-0
-0
7.37538
-0
-0
-0
-0
-0
7.43438
-0
-0
-0
-0
-0
-0
-0
22.2512
-0
-0
-0
-0
1.81059
-0
-0
-0
-0
-0
-0
-0
-0
-0
-0
12.2487
-0
-0
-0
-0
-0
-0
11.6477
-0
-0
-0
-0
-0
8.95645
-0
1.36059
23.9459
1.68719
-0
-0
-0
-0
-0
7.62626
-0
-0
-0
22.6015
11.8895
-0
-0
-0
33.2813
3.02002
12.1516
-0
-0
-0
7.42322
-0
-0
3.2601
-0
-0
-0
-0
-0
-0
-0
-0
-0
-0
-0
9.456
-0
-0
-0
-0
-0
-0
-0
20.6083
-0
-0
17.1805
-0
19.3228
-0
-0
-0
-0
-0
-0
-0
-0
-0
-0
7.13923
-0
-0
-0
-0
-0
-0
-0
-0
3.77697
-0
-0
-0
1.1253
-0
-0
-0
-0
-0
-0
-0
2.03498
-0
-0
2.29338
-0
-0
-0
-0
-0
-0
-0
17.2392
-0
21.4479
-0
-0
-0
-0
6.13994
6.42313
20.0383
4.93056
-0
-0
17.5875
-0
-0
-0
-0
-0
0.113391
-0
-0
-0
23.8559
1.4946
-0
-0
-0
-0
-0
12.3324
42.1252
-0
-0
-0
-0
35.2941
-0
8.74488
12.3303
13.2443
-0
-0
-0
-0
-0
4.77899
-0
-0
-0
-0
16.1054
11.2241
-0
-0
-0
-0
-0
-0
31.4873
-0
-0
-0
3.93596
-0
-0
21.6488
-0
-0
-0
-0
3.93418
-0
-0
39.4283
1.58348
-0
-0
-0
-0
-0
20.5734
-0
20.5787
-0
-0
-0
-0
-0
-0
-0
-0
-0
10.1972
-0
-0
-0
-0
-0
8.66005
13.5462
19.3526
-0
8.98092
-0
1.31552
-0
-0
-0
-0
-0
-0
-0
-0
-0
-0
-0
-0
15.1512
-0
5.05247
-0
-0
-0
2.19175
31.0871
-0
-0
-0
0.0496979
-0
15.3233
16.8067
6.42751
2.74448
-0
10.3672
-0
-0
-0
24.841
-0
-0
48.258
19.6892
-0
-0
-0
18.9136
-0
15.3945
-0
-0
-0
-0
34.9172
-0
-0
-0
-0
0.00917387
7.82177
-0
40.2062
9.87287
-0
-0
-0
18.0616
-0
-0
-0
-0
-0
-0
6.76061
-0
26.385
-0
-0
-0
1.47975
-0
27.7184
32.2949
-0
-0
1.02059
17.145
-0
-0
-0
-0
-0
-0
-0
-0
-0
-0
8.26014
-0
1.08263
-0
11.1888
-0
-0
36.9884
-0
0.0444357
10.1838
-0
-0
-0
3.57673
-0
-0
-0
0.63179
-0
-0
-0
-0
-0
-0
-0
-0
-0
-0
-0
22.865
-0
-0
-0
-0
-0
-0
-0
-0
-0
7.22998
-0
-0
-0
12.7577
-0
-0
-0
-0
-0
-0
-0
-0
-0
-0
1.02833
-0
-0
-0
-0
17.9441
-0
-0
-0
-0
-0
-0
7.50326
-0
33.7782
-0
-0
-0
-0
-0
-0
-0
-0
-0
-0
-0
-0
-0
7.22765
36.7883
20.1094
-0
-0
0.195408
-0
-0
-0
-0
9.04451
-0
8.45338
10.5195
-0
-0
-0
-0
-0
-0
-0
-0
-0
-0
13.2104
10.5305
-0
21.2505
-0
2.53177
-0
13.3262
-0
-0
-0
-0
11.5175
4.7628
-0
-0
20.4147
-0
-0
5.62853
-0
-0
-0
-0
-0
-0
29.5689
-0
-0
-0
-0
3.36933
2.14741
14.6349
-0
-0
-0
-0
-0
-0
-0
-0
-0
-0
6.02534
-0
-0
-0
-0
-0
-0
4.76009
-0
-0
-0
-0
16.9525
-0
-0
4.11496
-0
-0
-0
-0
-0
-0
-0
-0
-0
5.7482
-0
3.59838
-0
-0
-0
-0
-0
-0
0.677135
-0
-0
-0
12.2594
3.24293
-0
-0
-0
31.8292
15.7136
-0
-0
-0
-0
2.29627
-0
-0
29.6108
-0
-0
17.073
-0
-0
-0
-0
-0
-0
-0
-0
-0
42.7977
-0
-0
-0
-0
-0
-0
-0
-0
-0
20.0155
35.1151
15.7329
3.38734
-0
-0
-0
15.7733
-0
-0
-0
-0
-0
-0
-0
-0
29.9085
-0
9.68186
-0
-0
-0
-0
-0
26.7911
-0
-0
9.13132
-0
-0
-0
-0
6.81598
-0
17.6588
-0
-0
-0
-0
7.9633
-0
-0
-0
-0
32.4114
-0
11.6273
15.0021
-0
-0
21.655
-0
-0
-0
-0
-0
-0
-0
-0
15.5912
-0
-0
-0
-0
-0
6.22295
-0
-0
-0
-0
-0
-0
-0
-0
-0
5.2951
-0
-0
-0
24.5371
-0
-0
-0
-0
-0
-0
-0
-0
14.4447
-0
-0
-0
-0
-0
-0
-0
-0
-0
-0
-0
-0
31.1138
-0
-0
-0
-0
25.4349
-0
8.51636
-0
-0
-0
31.0612
-0
11.0985
17.3711
-0
47.7765
-0
12.0045
-0
-0
-0
-0
-0
8.67951
-0
-0
1.36628
6.72195
7.88797
-0
-0
5.58641
-0
-0
-0
-0
-0
-0
-0
30.4814
-0
12.8884
-0
-0
41.2682
-0
-0
-0
-0
0.627854
-0
13.4906
-0
-0
-0
-0
-0
29.1257
1.35923
-0
-0
6.55483
-0
-0
6.85144
-0
-0
13.3166
-0
-0
-0
-0
-0
4.24374
-0
-0
-0
-0
-0
-0
-0
-0
-0
18.0743
-0
-0
-0
-0
-0
-0
-0
-0
23.687
18.6419
-0
-0
-0
-0
26.4264
-0
-0
11.203
-0
-0
-0
-0
-0
-0
-0
-0
-0
57.131
-0
-0
22.8407
13.0434
-0
-0
-0
-0
-0
-0
-0
45.0133
-0
28.007
-0
-0
-0
22.0596
-0
-0
2.70847
-0
-0
0.972281
-0
1.65014
-0
-0
-0
-0
-0
-0
-0
8.54996
-0
-0
-0
-0
-0
20.6052
44.5141
-0
1.02217
21.0958
-0
22.7743
15.0713
-0
26.5885
-0
-0
1.47059
-0
-0
-0
-0
-0
-0
1.66228
3.26505
-0
-0
-0
-0
-0
-0
-0
-0
-0
9.36503
-0
-0
-0
-0
-0
-0
17.6128
-0
-0
-0
75.7304
-0
-0
-0
16.9926
-0
-0
-0
-0
-0
-0
-0
-0
-0
-0
-0
-0
-0
-0
16.8756
-0
-0
-0
4.90979
-0
-0
-0
-0
-0
-0
-0
43.2119
-0
-0
-0
2.25072
-0
0.668371
-0
9.35065
-0
-0
-0
-0
-0
3.78296
-0
-0
-0
-0
16.3604
-0
-0
-0
-0
25.3985
-0
-0
-0
16.6011
-0
-0
-0
-0
-0
-0
-0
-0
12.4219
-0
-0
-0
-0
-0
-0
-0
6.87673
-0
-0
-0
-0
-0
10.0857
-0
14.311
3.46467
-0
-0
-0
-0
-0
-0
6.57462
-0
-0
9.69433
-0
-0
-0
-0
-0
-0
20.5191
-0
-0
-0
-0
-0
-0
-0
-0
-0
-0
-0
-0
-0
2.83135
-0
-0
-0
-0
-0
-0
-0
-0
-0
-0
11.4871
-0
17.7086
-0
-0
-0
-0
35.4332
-0
-0
-0
-0
23.1786
-0
-0
-0
-0
4.67662
-0
-0
17.122
7.15256
-0
-0
-0
-0
-0
-0
17.2201
28.6382
-0
-0
-0
24.3412
18.2294
-0
9.38746
19.141
-0
-0
-0
-0
28.001
6.25941
-0
12.8879
-0
-0
19.8669
-0
-0
-0
-0
-0
-0
-0
-0
38.8861
21.8126
-0
-0
-0
52.9811
-0
14.4439
17.4764
10.5621
-0
14.6234
-0
9.86101
-0
-0
-0
3.17788
-0
-0
3.38994
-0
-0
-0
-0
-0
-0
-0
-0
-0
2.8129
-0
-0
-0
-0
-0
-0
-0
-0
-0
-0
-0
-0
-0
0.0654725
-0
-0
-0
-0
9.37146
-0
-0
-0
-0
-0
-0
-0
21.8199
7.88112
15.6761
-0
-0
-0
-0
-0
-0
-0
-0
-0
10.6516
-0
-0
-0
-0
-0
-0
-0
-0
34.5848
-0
-0
7.7835
13.4943
-0
-0
-0
-0
-0
-0
-0
9.24905
-0
-0
-0
-0
-0
-0
-0
-0
31.6249
-0
17.9755
-0
-0
-0
-0
-0
-0
0.567064
-0
-0
-0
-0
-0
-0
2.7075
-0
-0
-0
-0
-0
-0
-0
47.1928
-0
-0
14.1675
-0
-0
7.70041
4.72501
-0
-0
-0
-0
13.6888
-0
40.44
3.67293
-0
-0
-0
2.04696
-0
-0
-0
-0
-0
-0
-0
-0
-0
-0
16.5951
-0
-0
-0
-0
-0
-0
-0
28.7344
-0
-0
-0
-0
-0
2.44938
1.21887
-0
9.90941
-0
-0
-0
-0
-0
-0
-0
-0
-0
-0
2.1225
-0
-0
-0
1.14543
-0
-0
-0
-0
-0
-0
-0
-0
-0
-0
-0
-0
-0
-0
-0
-0
-0
-0
-0
-0
-0
-0
-0
-0
-0
-0
-0
13.0489
1.02998
15.7257
-0
-0
-0
3.58454
-0
-0
-0
-0
-0
-0
-0
30.3656
-0
-0
-0
-0
-0
-0
-0
-0
-0
17.3988
-0
-0
-0
8.94921
-0
-0
7.53945
-0
-0
0.735467
3.47196
-0
-0
-0
16.6042
-0
11.3948
2.17094
-0
-0
21.4253
4.11133
14.1782
-0
42.5896
38.5351
-0
10.5598
21.4873
-0
7.13316
16.9166
-0
-0
-0
-0
0.255907
-0
-0
-0
-0
6.54263
-0
-0
-0
-0
-0
-0
-0
-0
-0
5.05918
-0
-0
-0
22.032
10.3428
-0
-0
-0
-0
-0
40.6756
17.0781
-0
-0
-0
-0
-0
-0
-0
-0
-0
-0
-0
-0
-0
-0
-0
-0
9.63026
-0
-0
14.6321
-0
18.9717
21.3193
17.8397
-0
-0
-0
-0
-0
-0
-0
-0
5.7567
-0
-0
-0
38.6622
2.81358
-0
-0
-0
-0
1.67104
-0
45.0975
-0
31.3231
-0
11.3475
0.144922
10.5595
22.9726
-0
18.5796
-0
8.74782
-0
-0
-0
-0
-0
0.388952
-0
-0
-0
-0
27.2135
-0
-0
2.38003
42.275
-0
-0
-0
-0
-0
0.856825
4.6058
14.9593
2.20802
-0
5.74174
-0
-0
11.2991
23.8111
-0
-0
-0
-0
-0
16.2554
-0
-0
-0
9.96686
-0
-0
8.87355
-0
-0
-0
-0
-0
-0
-0
3.39797
4.18763
-0
18.53
-0
-0
-0
20.037
-0
-0
-0
-0
-0
-0
-0
-0
-0
-0
-0
-0
54.8253
-0
-0
-0
-0
-0
-0
-0
-0
-0
-0
-0
-0
13.671
-0
-0
-0
-0
52.8639
-0
-0
-0
5.86125
-0
-0
-0
1.37825
9.49929
-0
21.2645
-0
-0
6.5987
32.2709
-0
-0
11.413
10.8587
-0
40.242
0.361008
-0
-0
-0
-0
-0
5.49358
-0
24.7995
-0
-0
-0
2.45133
-0
19.7968
-0
-0
-0
-0
-0
-0
-0
-0
-0
4.87143
-0
-0
-0
-0
-0
-0
-0
-0
-0
-0
-0
26.7753
-0
-0
-0
-0
-0
11.6627
-0
-0
6.47908
-0
-0
-0
-0
1.03424
7.53707
4.12778
20.4357
-0
-0
-0
-0
-0
-0
-0
10.7702
-0
2.62828
-0
17.9351
-0
10.9554
-0
-0
-0
15.0347
-0
1.61635
7.15238
-0
-0
-0
3.63981
-0
26.5651
-0
-0
-0
-0
0.868161
-0
-0
6.71366
-0
-0
-0
-0
20.2003
-0
-0
6.21263
-0
-0
-0
-0
-0
7.411
6.93037
0.748208
-0
-0
-0
-0
12.0135
21.7547
-0
-0
-0
14.6819
-0
-0
-0
-0
-0
-0
13.9793
-0
8.51861
11.3958
-0
-0
-0
-0
0.727728
-0
3.94377
-0
-0
-0
-0
0.115318
-0
-0
-0
-0
-0
-0
-0
-0
0.46029
-0
-0
-0
-0
-0
-0
-0
-0
-0
-0
-0
-0
-0
-0
7.7319
-0
-0
18.5001
-0
-0
-0
-0
-0
-0
2.47692
3.66237
-0
17.1325
-0
29.8439
-0
-0
-0
-0
9.91405
12.8651
32.3816
-0
-0
-0
-0
26.0774
-0
13.2917
-0
-0
-0
42.7363
-0
-0
-0
-0
-0
-0
43.4783
-0
-0
-0
-0
-0
-0
19.5184
-0
-0
-0
-0
-0
-0
-0
-0
-0
-0
-0
-0
-0
-0
-0
1.47774
-0
3.77524
-0
-0
-0
-0
-0
-0
-0
-0
-0
-0
-0
-0
-0
-0
-0
-0
-0
6.64509
-0
-0
9.49514
-0
16.1293
-0
1.81465
-0
-0
-0
-0
-0
-0
-0
-0
-0
1.0014
-0
-0
6.20468
8.5478
-0
-0
-0
24.7476
-0
-0
6.43274
-0
-0
24.2978
-0
-0
-0
-0
-0
12.4183
-0
-0
-0
-0
-0
-0
-0
-0
-0
-0
-0
-0
-0
5.68945
-0
-0
-0
-0
-0
-0
-0
-0
-0
19.5237
-0
-0
-0
6.53073
1.78879
-0
-0
8.77162
-0
-0
-0
-0
4.21125
-0
8.48915
28.1851
23.5089
-0
-0
-0
-0
0.610466
-0
-0
-0
-0
-0
-0
3.55954
-0
-0
-0
-0
22.228
27.4954
-0
4.82974
-0
-0
-0
-0
-0
-0
34.0912
-0
-0
-0
-0
-0
-0
-0
4.92486
-0
-0
23.2633
-0
9.85544
-0
-0
-0
-0
-0
-0
4.61256
-0
7.63218
17.166
-0
48.2804
-0
-0
-0
-0
-0
4.08655
-0
-0
0.443287
-0
-0
-0
-0
-0
-0
-0
-0
-0
7.40431
12.0647
-0
-0
-0
24.7647
30.3041
-0
-0
-0
-0
4.4759
-0
-0
5.82367
-0
44.8595
-0
-0
7.978
-0
0.0837125
13.9665
-0
29.4862
16.6247
6.09607
3.43119
-0
8.23478
-0
-0
-0
-0
26.8831
11.8186
-0
4.81031
21.3649
-0
-0
-0
-0
-0
10.854
21.2271
0.343845
27.5553
-0
-0
-0
-0
-0
34.4442
-0
-0
-0
-0
-0
-0
10.7038
8.42562
-0
-0
-0
-0
-0
7.23411
-0
-0
-0
-0
-0
29.4702
-0
6.18335
-0
38.3278
-0
-0
-0
-0
50.1755
6.83303
19.8028
-0
-0
-0
-0
-0
-0
-0
-0
5.93098
-0
-0
-0
-0
0.874777
13.302
-0
5.51404
-0
-0
-0
24.8273
-0
56.6893
-0
-0
0.380025
-0
-0
-0
-0
-0
-0
-0
-0
2.46285
-0
-0
-0
-0
-0
3.73064
-0
-0
-0
-0
3.41281
-0
-0
-0
-0
-0
-0
-0
25.6112
26.7869
-0
-0
-0
14.7648
-0
-0
-0
10.6443
-0
-0
-0
40.8115
-0
29.047
-0
-0
-0
13.5754
-0
-0
-0
-0
-0
-0
3.81367
-0
-0
-0
-0
-0
-0
-0
-0
-0
-0
-0
-0
-0
-0
-0
-0
-0
-0
-0
5.41909
13.3383
-0
-0
-0
-0
13.0706
-0
-0
-0
-0
15.5533
-0
-0
3.99137
-0
-0
14.5583
-0
-0
9.22164
-0
-0
1.36784
-0
-0
-0
-0
1.58819
-0
-0
-0
-0
-0
-0
-0
14.4995
-0
-0
-0
-0
-0
-0
4.71986
-0
-0
-0
-0
39.1532
29.8506
-0
-0
-0
-0
-0
-0
-0
-0
-0
-0
56.2612
-0
-0
-0
31.5197
6.35048
-0
21.2511
-0
-0
-0
-0
-0
-0
-0
8.93769
-0
-0
-0
-0
-0
0.620839
-0
-0
23.7849
-0
7.62794
-0
-0
-0
-0
-0
12.125
-0
-0
-0
-0
-0
-0
-0
-0
-0
-0
7.93513
-0
-0
-0
-0
-0
-0
-0
55.8497
-0
-0
-0
-0
-0
-0
-0
-0
-0
-0
-0
21.3705
-0
-0
-0
3.97799
-0
-0
-0
-0
7.5513
-0
3.91241
-0
-0
29.7208
6.13334
-0
-0
-0
-0
7.71207
10.8023
-0
21.1133
-0
-0
3.75013
3.42773
-0
3.55732
-0
1.84468
-0
-0
-0
15.1698
-0
-0
-0
-0
13.4064
-0
-0
4.59966
-0
24.1607
-0
6.77108
1.0991
-0
-0
-0
12.9781
-0
18.4919
30.3436
15.3076
-0
8.83138
-0
-0
-0
21.9067
-0
-0
-0
-0
-0
-0
-0
19.7644
-0
30.489
-0
-0
-0
-0
5.31955
-0
-0
24.7835
-0
-0
-0
-0
-0
-0
-0
23.5309
-0
-0
-0
-0
2.641
-0
-0
-0
-0
-0
-0
-0
-0
-0
-0
-0
-0
-0
-0
3.50298
21.8505
22.3993
-0
32.5484
-0
-0
7.2996
6.34411
15.6773
20.2763
-0
-0
-0
-0
-0
-0
-0
23.6903
37.6828
-0
-0
-0
-0
-0
-0
-0
-0
-0
-0
-0
-0
-0
-0
-0
-0
-0
-0
0.84443
-0
-0
-0
-0
-0
-0
-0
-0
-0
-0
-0
0.115611
-0
-0
-0
-0
-0
30.8569
-0
-0
2.86455
-0
-0
-0
-0
-0
-0
-0
-0
-0
-0
-0
-0
36.0226
-0
-0
-0
-0
-0
-0
8.89418
-0
-0
-0
25.7113
-0
-0
14.024
4.04949
35.7237
-0
-0
-0
-0
-0
-0
-0
-0
-0
-0
-0
-0
-0
-0
-0
22.433
-0
-0
-0
35.4337
-0
-0
20.8224
-0
-0
-0
-0
-0
-0
-0
-0
-0
-0
-0
-0
-0
0.885627
-0
-0
38.263
44.4068
-0
-0
-0
-0
-0
-0
-0
-0
-0
-0
-0
33.816
-0
-0
-0
-0
-0
21.7478
-0
-0
-0
17.7306
-0
-0
-0
-0
1.30217
-0
11.2596
-0
-0
-0
-0
-0
7.62167
-0
3.94588
-0
27.2774
-0
7.80258
-0
-0
22.8889
-0
4.60358
-0
-0
-0
-0
-0
-0
29.0364
8.75578
-0
-0
8.77584
-0
-0
15.589
4.97949
8.37776
-0
-0
23.0861
-0
-0
-0
-0
-0
-0
-0
-0
-0
-0
-0
-0
20.6451
-0
-0
-0
-0
-0
-0
10.3568
9.38561
-0
-0
-0
-0
-0
-0
-0
-0
-0
-0
-0
5.02989
13.5265
11.8196
-0
-0
-0
-0
-0
-0
10.5179
-0
-0
-0
6.96375
13.1258
-0
-0
0.270809
-0
29.099
-0
-0
-0
-0
2.85096
-0
-0
-0
-0
1.5461
-0
-0
13.4905
-0
5.82034
21.5265
-0
14.2311
-0
-0
-0
-0
-0
-0
-0
-0
-0
15.9166
-0
-0
-0
-0
40.8989
-0
21.8292
53.4164
-0
54.2457
-0
-0
1.85498
10.3356
-0
-0
-0
-0
-0
0.859428
-0
-0
-0
-0
-0
-0
7.62816
-0
-0
-0
-0
-0
-0
-0
14.9254
-0
-0
-0
-0
-0
-0
-0
-0
-0
-0
11.1715
37.1905
-0
15.7909
-0
4.74011
-0
-0
8.52009
-0
-0
10.4244
-0
-0
-0
25.6407
-0
-0
-0
-0
10.9337
-0
-0
-0
5.76329
-0
-0
37.9554
-0
-0
-0
-0
2.97017
-0
22.0971
-0
14.0714
10.9471
-0
9.67373
-0
-0
-0
-0
-0
-0
39.9271
16.5552
-0
-0
-0
-0
-0
20.9419
-0
-0
-0
-0
4.76283
13.0895
-0
-0
-0
-0
-0
-0
-0
2.12774
-0
40.2019
-0
-0
-0
-0
1.15815
0.231259
23.3599
-0
-0
-0
-0
-0
-0
-0
22.1514
0.216626
-0
-0
25.4393
-0
10.7558
-0
-0
-0
6.38578
-0
-0
-0
-0
-0
-0
-0
-0
-0
22.1603
1.40751
4.97473
-0
-0
-0
-0
-0
-0
18.0098
-0
-0
13.4577
-0
15.6757
-0
4.28092
-0
17.1383
-0
-0
-0
-0
-0
-0
-0
-0
20.6698
-0
-0
-0
45.9571
17.042
-0
21.9833
-0
-0
-0
-0
-0
-0
-0
-0
-0
-0
6.50239
-0
-0
-0
-0
33.8544
28.9191
4.02343
4.94764
-0
-0
-0
13.9963
-0
48.8955
8.75964
-0
-0
-0
-0
5.98227
-0
8.33917
6.20152
-0
9.51454
47.1006
-0
-0
2.39081
-0
-0
3.52742
-0
20.7833
-0
20.8904
-0
-0
-0
-0
-0
-0
25.918
-0
-0
-0
3.05781
-0
-0
-0
21.4697
22.4321
-0
11.437
-0
-0
-0
24.6314
-0
-0
-0
27.1387
-0
-0
-0
26.3535
-0
33.339
1.12328
25.8409
-0
-0
-0
5.04822
-0
18.9751
-0
1.76445
-0
-0
-0
-0
14.8189
-0
-0
-0
-0
-0
-0
3.17472
17.3924
0.273885
24.2879
-0
-0
20.2804
-0
-0
34.3816
25.8684
7.28692
-0
-0
-0
6.92661
-0
-0
27.1428
-0
-0
-0
-0
-0
-0
7.31546
19.7644
3.55858
-0
-0
-0
15.9008
-0
-0
18.0042
-0
-0
-0
-0
-0
0.963564
-0
-0
17.4909
-0
18.2035
-0
-0
-0
-0
-0
-0
-0
-0
-0
-0
-0
-0
-0
-0
-0
-0
-0
-0
-0
-0
-0
1.39709
1.37129
-0
-0
-0
22.4543
-0
-0
29.0895
-0
-0
-0
-0
-0
-0
-0
-0
-0
7.45137
-0
18.6599
-0
-0
-0
-0
-0
-0
-0
-0
-0
4.99606
-0
1.89614
13.9985
14.7437
-0
8.09459
-0
-0
15.1262
-0
-0
14.4081
5.09683
-0
-0
-0
-0
-0
-0
20.9843
-0
1.64925
48.7265
-0
-0
-0
-0
-0
-0
-0
-0
-0
-0
-0
-0
-0
10.3247
-0
-0
-0
-0
8.15872
11.2659
-0
-0
-0
-0
5.91391
-0
-0
-0
-0
-0
13.094
-0
-0
-0
9.53901
2.9164
-0
-0
10.7259
-0
-0
-0
-0
4.82721
-0
0.750696
-0
-0
-0
-0
0.325269
-0
-0
4.50112
-0
0.165914
21.4874
-0
-0
-0
-0
-0
19.8813
-0
-0
-0
-0
21.0078
-0
-0
-0
-0
1.38796
-0
-0
-0
-0
-0
26.9331
-0
15.5588
-0
-0
-0
-0
-0
-0
-0
-0
27.867
-0
-0
57.6304
-0
-0
1.49003
3.02706
-0
-0
-0
-0
-0
-0
-0
19.3175
-0
-0
-0
-0
-0
43.2477
-0
-0
-0
-0
-0
16.44
-0
24.3766
-0
-0
8.39976
-0
-0
32.9688
-0
-0
-0
-0
0.58969
-0
-0
27.3702
-0
-0
23.4794
-0
-0
-0
-0
-0
-0
-0
-0
3.51699
-0
-0
-0
-0
-0
-0
7.89693
1.93183
-0
1.15623
-0
5.1541
-0
-0
-0
-0
-0
-0
-0
-0
-0
-0
-0
16.9517
-0
18.285
-0
-0
-0
-0
-0
-0
-0
9.92601
0.44277
42.3671
-0
5.14481
-0
-0
-0
-0
17.8516
-0
-0
-0
-0
-0
16.897
-0
-0
-0
-0
22.0076
-0
-0
-0
-0
-0
-0
-0
-0
-0
-0
-0
-0
0.451369
16.34
22.9485
-0
-0
-0
-0
-0
31.2987
-0
10.5821
-0
3.02548
11.8268
-0
14.6229
21.4161
-0
-0
-0
-0
5.93942
-0
-0
14.3665
10.2733
6.50746
18.6597
2.72033
-0
-0
-0
-0
-0
-0
-0
16.765
-0
-0
-0
35.8552
27.7643
1.92688
-0
-0
-0
-0
-0
-0
-0
-0
4.48726
-0
-0
12.4838
-0
-0
19.3131
44.1352
-0
-0
-0
-0
-0
19.0087
-0
-0
-0
-0
6.91641
43.7599
-0
-0
-0
-0
10.1923
-0
-0
62.5196
-0
23.447
-0
11.3976
-0
20.4371
-0
-0
-0
1.44282
23.598
-0
-0
3.31681
-0
-0
-0
-0
-0
16.1447
-0
-0
-0
-0
-0
-0
4.70232
-0
-0
-0
-0
6.9449
-0
-0
-0
-0
-0
-0
-0
-0
-0
-0
-0
-0
-0
-0
-0
-0
-0
-0
-0
-0
-0
5.80023
22.2844
4.4157
-0
-0
-0
39.1772
-0
-0
-0
-0
-0
-0
-0
27.1657
-0
12.4902
-0
-0
8.16404
-0
24.0874
-0
-0
-0
-0
-0
-0
-0
-0
-0
-0
23.4678
-0
-0
16.6565
-0
-0
-0
-0
-0
-0
-0
-0
5.11234
-0
40.2563
-0
-0
6.55106
6.13978
-0
2.2666
-0
11.7123
-0
-0
35.2942
15.4939
-0
-0
-0
35.1292
-0
22.4437
26.1712
-0
-0
4.21557
-0
-0
19.5332
-0
-0
-0
-0
-0
-0
-0
-0
1.23356
10.3055
0.0690185
26.0728
-0
-0
-0
-0
18.8158
16.5065
18.4632
-0
-0
17.22
-0
-0
4.46654
2.98282
-0
-0
24.4035
-0
-0
4.81174
-0
-0
-0
20.3713
-0
-0
23.1519
-0
25.0624
5.32917
-0
17.7455
-0
-0
-0
-0
7.54803
-0
31.8002
-0
-0
-0
-0
-0
-0
-0
25.167
-0
-0
34.1723
-0
5.79949
17.2242
-0
-0
