-0
-0
-0
-0
-0
15.6648
-0
-0
7.44927
-0
-0
-0
-0
-0
-0
0.0956457
21.6858
-0
-0
-0
-0
20.5348
-0
-0
0.999574
-0
-0
-0
-0
-0
-0
-0
-0
-0
13.1084
-0
-0
-0
-0
-0
13.0942
-0
7.31152
12.678
-0
8.96777
-0
24.5187
-0
-0
-0
-0
-0
-0
-0
-0
8.66636
0.416455
-0
-0
-0
-0
22.5459
-0
14.8647
-0
-0
-0
-0
-0
-0
6.40108
-0
-0
-0
5.29263
36.5967
-0
-0
14.3101
-0
44.8394
34.0506
-0
1.23285
-0
-0
-0
-0
-0
5.50397
-0
-0
-0
1.56174
-0
21.6207
-0
14.095
-0
-0
-0
-0
-0
-0
-0
19.023
3.65958
-0
-0
-0
12.6115
0.00293562
-0
-0
-0
-0
-0
49.6729
35.6763
-0
12.2419
9.85203
-0
-0
-0
-0
29.9012
-0
-0
11.182
-0
31.6484
-0
-0
-0
17.079
26.3254
-0
-0
4.0742
-0
15.6474
-0
-0
-0
-0
-0
-0
-0
19.6033
-0
-0
-0
1.36704
-0
8.77759
12.2432
-0
0.649353
-0
-0
-0
-0
0.895279
-0
37.6781
-0
-0
11.569
27.7984
-0
-0
-0
-0
-0
25.5577
-0
-0
-0
-0
-0
-0
-0
-0
19.8423
-0
-0
3.43491
-0
5.56778
26.5318
40.2789
-0
-0
-0
-0
21.8762
-0
-0
-0
-0
33.9852
-0
-0
-0
16.8385
10.5599
-0
-0
-0
-0
13.4452
-0
-0
-0
16.6045
-0
-0
-0
-0
-0
-0
-0
-0
-0
-0
18.2952
-0
-0
-0
5.51972
-0
-0
-0
-0
-0
-0
-0
-0
-0
-0
-0
-0
-0
-0
1.47781
-0
1.674
-0
-0
-0
-0
-0
29.8839
-0
-0
26.3751
-0
-0
-0
-0
-0
-0
2.14192
-0
-0
14.7279
-0
-0
-0
10.0856
-0
19.7066
-0
-0
-0
-0
-0
-0
-0
0.992732
-0
5.39376
-0
-0
30.0531
17.4482
-0
-0
-0
18.9766
41.9927
-0
21.0148
-0
9.82329
-0
1.37378
46.9948
1.52156
9.28529
0.458076
25.4722
14.6189
11.2274
6.05395
-0
20.8272
-0
41.0261
-0
-0
-0
-0
1.41141
-0
-0
-0
0.540417
-0
-0
-0
56.4326
15.5169
-0
-0
-0
-0
18.6775
-0
-0
9.52151
-0
-0
-0
-0
-0
-0
24.8123
17.1518
-0
-0
-0
-0
-0
3.73933
-0
1.74656
-0
-0
-0
-0
-0
31.4165
-0
-0
-0
17.9245
-0
14.7337
-0
-0
-0
24.8804
1.01479
-0
-0
-0
-0
-0
-0
0.295683
15.8435
-0
-0
24.5967
-0
17.6856
-0
-0
-0
2.60448
-0
-0
-0
-0
-0
-0
-0
-0
-0
14.2787
-0
-0
14.4849
-0
-0
-0
-0
-0
-0
-0
-0
-0
-0
-0
43.175
-0
-0
-0
-0
-0
-0
30.9238
-0
-0
3.84079
-0
-0
18.5485
-0
-0
-0
-0
-0
-0
23.817
39.5284
24.6927
-0
-0
0.894485
-0
-0
-0
-0
-0
-0
-0
-0
-0
-0
-0
-0
-0
-0
-0
-0
-0
-0
2.0218
-0
-0
-0
10.1285
-0
-0
-0
-0
4.92964
-0
19.1285
-0
-0
-0
-0
-0
4.09616
-0
-0
-0
-0
-0
-0
-0
-0
-0
-0
-0
-0
-0
-0
9.89287
-0
-0
-0
-0
-0
0.611229
10.2656
-0
-0
12.1417
-0
11.782
5.57094
-0
-0
41.6007
-0
-0
1.23791
7.02426
-0
-0
5.2265
-0
-0
-0
-0
-0
1.94506
-0
-0
-0
11.6324
22.4448
5.02822
-0
-0
5.66118
-0
-0
-0
-0
3.31807
-0
-0
-0
-0
-0
-0
-0
21.5629
-0
7.06015
17.2401
0.643399
-0
-0
-0
-0
-0
-0
-0
4.21878
0.216016
5.78484
1.28921
-0
4.12205
-0
-0
55.121
-0
-0
-0
-0
11.9763
-0
-0
27.0697
-0
-0
-0
-0
-0
-0
-0
-0
-0
7.81133
-0
-0
-0
-0
-0
14.7595
-0
-0
-0
-0
-0
-0
-0
-0
-0
-0
32.0013
5.81044
-0
-0
-0
-0
1.58624
-0
17.0003
26.0498
-0
-0
-0
-0
-0
-0
-0
-0
4.09673
-0
20.8508
-0
-0
8.89828
-0
-0
-0
2.39818
2.51383
-0
-0
-0
-0
-0
28.8018
-0
-0
-0
-0
-0
-0
-0
43.2123
-0
-0
-0
-0
-0
-0
-0
-0
-0
-0
-0
-0
-0
-0
-0
8.50807
-0
-0
-0
-0
-0
4.29449
12.5314
-0
-0
-0
-0
-0
29.91
-0
-0
33.6252
-0
6.25849
-0
-0
-0
-0
12.765
-0
-0
13.6757
27.7498
14.1197
-0
-0
-0
35.6542
-0
-0
-0
-0
-0
25.3607
-0
-0
-0
-0
-0
-0
-0
2.26733
-0
-0
-0
-0
-0
-0
25.4831
-0
-0
5.59898
8.75429
-0
-0
-0
12.3663
-0
-0
17.5853
-0
16.8605
-0
-0
22.3405
-0
-0
-0
-0
-0
-0
-0
10.7678
-0
-0
-0
-0
-0
7.34801
4.87182
-0
5.3787
-0
12.2408
-0
1.07533
-0
-0
-0
-0
-0
-0
-0
17.7898
-0
-0
-0
9.47431
-0
-0
-0
-0
15.2978
-0
-0
26.5307
41.2167
-0
-0
-0
-0
3.99656
-0
29.6068
8.39753
-0
-0
4.64709
-0
-0
-0
5.13225
-0
-0
-0
-0
-0
40.9458
1.08645
-0
-0
-0
-0
-0
25.1229
36.8141
-0
7.30836
-0
-0
20.7222
-0
50.7581
15.7286
-0
-0
-0
-0
-0
-0
-0
-0
-0
-0
-0
27.5753
1.16278
-0
-0
-0
-0
-0
-0
30.7737
-0
-0
-0
18.2322
-0
-0
14.0417
-0
-0
-0
-0
3.46329
2.49963
-0
27.2937
-0
-0
6.25499
-0
-0
-0
39.5732
-0
14.5506
-0
-0
-0
-0
-0
-0
-0
-0
-0
12.9365
-0
-0
-0
-0
-0
17.1314
36.9749
-0
-0
18.1777
-0
0.0458302
-0
-0
-0
-0
-0
-0
-0
-0
-0
-0
-0
-0
-0
2.17205
34.5643
-0
-0
-0
4.13907
20.1475
-0
-0
-0
13.8902
8.10533
-0
13.9577
-0
-0
-0
37.3041
0.478922
-0
-0
13.6892
-0
-0
43.081
15.4174
-0
-0
-0
24.2353
-0
13.0749
-0
-0
-0
10.1019
28.5173
-0
-0
-0
-0
28.6533
33.0885
-0
26.7919
23.8542
-0
-0
16.4215
22.1148
-0
1.73758
-0
-0
-0
-0
4.01431
-0
7.54353
-0
-0
-0
19.6576
-0
34.2453
32.108
-0
-0
-0
1.66083
-0
-0
-0
-0
-0
-0
-0
-0
-0
-0
8.14527
5.73608
0.341069
-0
-0
-0
-0
23.3034
-0
-0
8.22612
-0
-0
-0
-0
-0
0.757569
-0
11.3697
1.48093
-0
-0
-0
-0
-0
-0
-0
-0
-0
23.0031
-0
-0
-0
-0
-0
-0
16.2031
-0
-0
3.83393
12.4041
22.7966
-0
-0
41.8143
-0
0.351592
-0
8.7972
-0
-0
-0
22.1748
-0
0.588598
30.7406
-0
7.0426
-0
-0
9.29839
-0
-0
-0
2.29963
-0
-0
-0
-0
6.28338
-0
-0
-0
-0
-0
-0
5.93378
-0
-0
-0
-0
-0
-0
-0
29.6084
33.1474
-0
-0
-0
-0
-0
-0
-0
10.2196
-0
-0
20.3945
-0
31.5533
-0
-0
-0
-0
-0
-0
-0
-0
27.0677
-0
-0
16.4233
-0
-0
-0
5.85446
-0
-0
-0
-0
21.0624
0.524857
-0
-0
30.0818
-0
-0
-0
-0
-0
-0
-0
-0
-0
32.5943
-0
-0
-0
-0
-0
30.9868
7.12039
-0
-0
-0
-0
9.6288
-0
-0
-0
-0
-0
7.6872
-0
-0
-0
-0
-0
-0
18.2348
-0
-0
-0
-0
30.454
-0
-0
-0
-0
-0
-0
-0
-0
-0
-0
21.6994
-0
7.32324
-0
5.8777
-0
-0
-0
-0
-0
-0
0.46494
-0
-0
-0
8.48133
-0
-0
-0
-0
44.4826
17.9354
-0
-0
-0
-0
-0
-0
-0
-0
-0
-0
45.1347
-0
-0
-0
5.62463
-0
3.36094
-0
-0
-0
45.2294
-0
-0
-0
-0
-0
1.74585
-0
-0
-0
30.3191
39.3331
10.3777
5.77427
-0
-0
-0
9.06327
-0
-0
-0
-0
-0
-0
-0
-0
17.1766
-0
7.03174
-0
-0
-0
-0
-0
16.9624
-0
-0
12.2015
-0
-0
-0
-0
6.92644
-0
5.00014
-0
-0
-0
-0
-0
-0
-0
-0
-0
50.2725
-0
10.3525
24.0786
-0
-0
22.6612
-0
-0
-0
-0
-0
-0
7.99926
-0
-0
-0
-0
-0
-0
-0
2.10328
-0
-0
7.06593
-0
-0
-0
-0
-0
5.49801
-0
-0
-0
-0
15.3942
19.3782
-0
24.9532
-0
-0
-0
-0
-0
37.2549
-0
-0
-0
-0
-0
-0
10.5649
-0
-0
-0
-0
6.87263
33.9501
-0
-0
-0
-0
14.1782
-0
5.16898
-0
-0
-0
38.6051
-0
8.02996
46.1572
-0
61.0244
-0
-0
-0
-0
-0
-0
-0
19.4327
0.0534149
-0
5.32683
12.2628
-0
-0
-0
9.61752
-0
-0
-0
-0
-0
-0
-0
21.1142
-0
6.86108
-0
1.71147
27.9209
-0
-0
-0
-0
-0
-0
14.9718
-0
-0
-0
-0
-0
-0
1.31545
4.19768
-0
-0
-0
5.03493
4.13974
-0
-0
14.4326
1.40984
-0
-0
-0
-0
11.9776
-0
-0
-0
-0
-0
-0
11.3944
-0
-0
-0
-0
-0
-0
-0
-0
-0
-0
-0
15.9203
6.08415
-0
-0
-0
-0
18.7419
-0
-0
-0
-0
-0
-0
-0
-0
-0
-0
-0
-0
36.5562
-0
-0
0.458417
-0
10.1347
-0
16.1611
-0
-0
-0
-0
58.8009
-0
23.2309
-0
-0
-0
15.3862
-0
2.81952
1.10676
-0
-0
-0
-0
2.91585
-0
-0
-0
-0
-0
-0
-0
12.5339
-0
-0
-0
-0
0.143423
27.7645
45.4983
-0
1.32623
26.0126
-0
34.2987
25.8891
-0
15.4882
-0
-0
6.60973
-0
-0
-0
-0
-0
-0
-0
-0
-0
-0
-0
-0
-0
-0
-0
-0
-0
-0
-0
-0
-0
-0
-0
-0
-0
-0
-0
-0
61.9294
-0
-0
-0
0.754434
-0
-0
-0
-0
-0
-0
-0
-0
-0
7.67656
-0
-0
-0
-0
33.8639
7.69843
-0
-0
-0
-0
-0
-0
-0
0.798103
-0
-0
33.0319
-0
-0
-0
2.07467
-0
-0
-0
16.1873
-0
-0
-0
-0
-0
-0
-0
-0
-0
-0
23.2636
-0
-0
-0
-0
27.5119
4.44219
-0
-0
41.3725
-0
17.4999
-0
-0
-0
-0
-0
20.5061
22.0859
-0
-0
1.81095
-0
-0
-0
0.0906863
-0
-0
-0
-0
-0
-0
14.8169
-0
-0
28.1048
-0
-0
-0
-0
-0
-0
-0
-0
-0
-0
-0
-0
-0
-0
-0
-0
-0
-0
-0
-0
-0
-0
-0
-0
-0
-0
-0
-0
0.389176
-0
0.830583
-0
-0
-0
-0
-0
-0
-0
-0
-0
-0
12.7616
-0
2.77723
-0
-0
-0
-0
25.4846
-0
-0
-0
-0
27.6588
-0
-0
-0
-0
4.21934
-0
0.112355
16.3267
-0
-0
-0
-0
-0
-0
-0
24.3085
29.4215
8.32651
1.83846
-0
-0
32.0464
-0
3.92252
15.7264
-0
23.0394
-0
-0
25.308
6.73698
-0
12.984
-0
-0
42.153
10.1167
-0
-0
-0
-0
-0
-0
-0
22.7782
8.59411
-0
-0
-0
49.421
-0
1.66101
17.012
-0
-0
6.80631
-0
11.0489
-0
-0
-0
38.2996
-0
-0
9.63522
-0
-0
-0
-0
-0
-0
-0
-0
-0
28.9157
-0
-0
-0
-0
-0
-0
-0
-0
-0
-0
-0
-0
-0
7.37587
17.3162
-0
-0
-0
-0
-0
-0
-0
-0
-0
-0
-0
26.4436
2.46396
-0
-0
-0
-0
-0
-0
-0
2.33351
-0
-0
-0
-0
-0
-0
-0
-0
-0
-0
-0
51.4286
-0
-0
-0
-0
-0
-0
-0
-0
-0
-0
-0
24.5595
-0
-0
-0
-0
-0
-0
-0
-0
40.2796
-0
19.4596
-0
-0
-0
-0
-0
1.85218
-0
-0
-0
-0
-0
-0
-0
3.27316
-0
-0
9.87989
-0
-0
-0
6.13636
41.6405
-0
-0
-0
-0
-0
-0
-0
-0
-0
-0
-0
24.4795
-0
14.7396
32.3814
-0
-0
-0
11.2058
-0
-0
-0
-0
11.6208
-0
3.66048
-0
-0
6.69077
24.1533
-0
-0
-0
-0
-0
-0
-0
0.639759
-0
-0
-0
-0
-0
6.6024
0.492641
-0
21.6774
-0
-0
-0
-0
-0
-0
-0
-0
9.08435
-0
12.3512
-0
4.90048
-0
-0
-0
-0
-0
-0
-0
-0
-0
-0
-0
-0
-0
-0
-0
-0
-0
-0
-0
-0
-0
-0
-0
-0
-0
-0
10.3124
-0
-0
30.3178
-0
17.2332
-0
-0
-0
12.2832
-0
-0
-0
-0
-0
13.1326
-0
50.9168
-0
-0
-0
-0
-0
-0
-0
-0
6.94421
29.0595
-0
-0
-0
-0
-0
-0
-0
-0
-0
17.1095
-0
-0
-0
-0
36.8409
-0
-0
-0
-0
-0
31.1596
-0
16.3422
-0
48.3667
17.5809
1.81166
4.42498
18.84
2.13512
-0
35.8523
-0
-0
5.74474
-0
0.914339
-0
-0
-0
-0
-0
-0
-0
-0
-0
-0
-0
-0
-0
-0
23.4303
-0
-0
-0
21.475
12.0096
-0
-0
-0
-0
-0
35.9834
-0
-0
-0
-0
-0
-0
-0
0.0564449
10.9269
-0
-0
17.6518
-0
-0
-0
-0
-0
28.9548
-0
10.1669
26.6849
-0
0.473479
0.161558
7.00281
-0
-0
-0
-0
-0
-0
0.755678
-0
-0
-0
-0
-0
32.5688
12.0984
-0
-0
-0
-0
1.63309
-0
54.0008
-0
22.3373
-0
-0
0.0957585
20.7209
8.19854
-0
9.79735
-0
9.05914
3.00845
-0
-0
-0
23.7524
9.52658
-0
21.168
-0
-0
18.3454
-0
-0
43.4822
41.697
-0
-0
-0
-0
-0
-0
7.95575
39.2359
-0
-0
-0
-0
-0
4.57573
9.41776
-0
-0
-0
-0
-0
-0
-0
13.9219
-0
3.03097
-0
-0
20.3555
-0
-0
-0
-0
-0
-0
-0
3.21827
-0
2.16895
24.8641
-0
-0
-0
13.197
-0
-0
-0
-0
-0
-0
-0
-0
-0
-0
-0
-0
30.8269
-0
-0
-0
-0
-0
-0
-0
-0
-0
-0
-0
-0
-0
-0
-0
-0
-0
42.7813
-0
-0
-0
21.8556
-0
-0
9.98453
10.4142
39.3319
-0
43.062
7.40472
-0
13.4264
48.52
-0
16.9119
-0
9.52827
-0
43.8936
16.5627
-0
-0
-0
-0
-0
-0
-0
7.58578
-0
-0
5.47305
3.95486
-0
23.1698
0.652104
-0
-0
-0
-0
-0
-0
-0
-0
-0
29.2106
-0
-0
-0
-0
-0
-0
-0
-0
-0
-0
12.3049
-0
-0
-0
-0
-0
5.86477
-0
-0
-0
-0
-0
-0
-0
24.2622
1.17427
15.2919
35.271
-0
-0
-0
-0
-0
-0
-0
-0
-0
25.1159
-0
36.4041
3.06953
-0
-0
-0
-0
17.9045
-0
1.47647
3.21527
-0
-0
-0
5.989
-0
1.9979
-0
-0
-0
-0
11.8766
-0
-0
-0
-0
-0
-0
-0
30.4207
-0
-0
14.5354
-0
-0
-0
-0
-0
-0
-0
-0
-0
-0
-0
-0
4.98255
-0
-0
-0
-0
-0
-0
-0
-0
-0
-0
-0
14.466
-0
17.275
-0
-0
-0
-0
-0
-0
-0
41.5433
16.2741
-0
-0
-0
28.824
-0
-0
-0
-0
-0
-0
-0
-0
-0
-0
-0
-0
-0
-0
-0
-0
-0
-0
-0
-0
-0
-0
-0
4.39966
-0
-0
29.3812
-0
-0
-0
-0
-0
-0
4.15967
-0
-0
8.14972
-0
-0
-0
-0
-0
-0
31.1366
4.98055
39.1835
5.50181
7.05688
-0
9.49824
13.9341
-0
0.590608
-0
-0
-0
24.5276
-0
-0
5.92803
-0
-0
-0
37.527
-0
-0
-0
6.22468
-0
4.1553
14.0275
-0
-0
-0
-0
-0
-0
-0
-0
-0
-0
-0
1.30533
-0
-0
-0
-0
-0
-0
-0
8.29827
-0
-0
-0
-0
-0
-0
-0
-0
-0
-0
-0
-0
0.98089
-0
-0
13.8591
-0
-0
13.9503
-0
23.1917
-0
0.652992
-0
-0
-0
-0
18.4806
7.6133
-0
-0
-0
0.943099
-0
-0
2.82337
32.516
-0
-0
-0
33.5029
-0
-0
17.8107
-0
-0
39.6835
7.56529
-0
-0
-0
-0
10.7079
-0
-0
-0
1.1473
-0
-0
-0
-0
-0
-0
-0
-0
-0
-0
-0
-0
-0
-0
-0
-0
-0
0.599008
-0
-0
-0
-0
-0
21.9901
-0
-0
-0
29.7496
-0
-0
-0
-0
1.28614
-0
-0
37.7618
19.8322
-0
-0
-0
-0
-0
-0
-0
-0
4.11267
-0
-0
3.76713
-0
-0
-0
-0
54.7089
16.2438
-0
33.8176
-0
-0
-0
-0
-0
-0
20.5466
-0
-0
-0
-0
-0
-0
-0
3.48539
-0
-0
19.489
-0
-0
-0
-0
-0
-0
-0
-0
-0
-0
-0
30.3883
-0
60.646
-0
-0
3.60239
-0
-0
33.364
-0
26.4967
15.3537
-0
-0
-0
-0
-0
-0
-0
-0
-0
3.85689
7.64911
-0
-0
-0
4.60769
7.52896
-0
-0
-0
-0
9.99018
-0
-0
33.9502
-0
36.8854
-0
-0
6.72702
-0
0.21438
29.6945
-0
6.6374
13.1838
11.4768
-0
-0
16.3268
-0
4.27448
-0
-0
61.8236
-0
-0
3.23932
21.6065
-0
-0
-0
-0
-0
-0
9.81417
9.26677
20.4692
-0
-0
-0
-0
-0
29.0171
-0
-0
-0
-0
-0
-0
18.8989
16.9262
-0
-0
-0
-0
-0
1.84164
-0
-0
1.09339
-0
-0
33.347
-0
-0
-0
29.6927
-0
-0
-0
-0
43.6833
22.4261
13.8793
-0
-0
-0
-0
-0
-0
5.92885
-0
7.68894
-0
-0
-0
-0
0.548914
-0
-0
5.30411
-0
-0
-0
35.6431
-0
33.2994
-0
-0
10.7751
-0
-0
-0
-0
9.47553
-0
-0
-0
-0
-0
-0
-0
48.3106
-0
-0
-0
-0
-0
-0
1.81013
-0
26.9723
-0
-0
-0
-0
-0
22.2948
30.5556
-0
-0
-0
19.298
-0
-0
-0
-0
-0
29.6325
-0
59.5451
-0
41.5805
-0
-0
-0
44.6466
-0
-0
-0
-0
-0
-0
-0
-0
-0
-0
-0
-0
-0
-0
-0
-0
-0
-0
-0
-0
-0
16.7986
-0
-0
-0
-0
21.3446
5.26743
-0
-0
-0
-0
4.4899
-0
-0
-0
-0
13.9791
-0
-0
-0
-0
-0
1.90408
-0
-0
0.23351
-0
-0
-0
-0
-0
15.5556
-0
2.97916
10.8352
-0
-0
-0
-0
-0
-0
27.7698
-0
-0
-0
-0
-0
-0
1.24312
-0
-0
-0
-0
45.0248
16.6452
10.5035
-0
-0
-0
-0
-0
1.43346
-0
-0
-0
28.4819
-0
-0
-0
9.41206
22.2397
-0
32.6175
-0
0.540732
-0
-0
-0
-0
-0
10.8791
-0
-0
-0
-0
-0
-0
-0
-0
30.0715
-0
-0
-0
-0
-0
-0
-0
11.498
-0
-0
-0
6.06223
-0
-0
-0
-0
-0
-0
24.8707
-0
-0
-0
-0
-0
-0
-0
68.2523
-0
-0
-0
-0
-0
-0
-0
-0
-0
-0
-0
8.62643
-0
-0
-0
-0
-0
-0
-0
-0
8.77196
-0
22.6138
-0
-0
28.3234
-0
-0
11.5726
-0
-0
15.7386
4.50465
-0
1.3637
-0
-0
-0
10.4077
-0
9.96202
-0
-0
-0
-0
3.93396
19.9027
13.251
-0
-0
-0
-0
-0
-0
1.62928
-0
7.83035
-0
9.22271
-0
-0
-0
-0
18.4651
-0
-0
17.2511
18.4967
-0
30.4378
-0
-0
-0
10.8644
-0
-0
-0
-0
-0
-0
-0
8.895
-0
16.2943
-0
-0
-0
-0
-0
-0
-0
34.0809
-0
-0
-0
-0
-0
-0
-0
3.94856
-0
-0
-0
-0
2.7422
-0
-0
-0
-0
6.32132
13.7294
-0
-0
-0
-0
-0
-0
-0
-0
-0
4.33941
24.9014
-0
37.0391
-0
-0
18.6313
-0
11.9164
24.6467
-0
-0
-0
-0
-0
-0
-0
34.8055
14.2322
-0
-0
-0
-0
-0
-0
-0
-0
-0
-0
-0
-0
-0
-0
-0
-0
-0
-0
-0
-0
-0
8.05226
5.22449
14.9019
-0
-0
-0
13.9664
-0
-0
18.698
-0
-0
35.5437
-0
-0
47.541
-0
-0
19.0724
-0
-0
-0
-0
-0
-0
11.4672
-0
1.53374
-0
-0
-0
44.7555
-0
-0
-0
-0
-0
-0
-0
-0
-0
-0
23.1935
-0
-0
3.2163
5.80531
14.5057
-0
-0
-0
11.7782
-0
-0
-0
-0
-0
-0
-0
-0
-0
-0
-0
16.5504
-0
-0
-0
76.8143
-0
-0
16.785
-0
0.464205
-0
-0
-0
-0
-0
-0
-0
-0
-0
-0
-0
0.820199
-0
-0
15.0138
33.9907
-0
-0
-0
-0
-0
-0
-0
-0
-0
-0
-0
25.8463
16.3849
-0
-0
-0
-0
31.0653
2.45647
-0
-0
25.8078
1.40902
-0
-0
-0
22.7831
-0
14.9741
-0
-0
-0
-0
-0
13.8401
-0
7.55231
-0
18.0174
-0
17.5227
-0
2.33589
25.3269
-0
21.7578
-0
-0
-0
-0
-0
-0
15.4914
19.0326
-0
-0
17.1159
-0
-0
-0
13.857
7.41188
-0
-0
12.3106
-0
-0
-0
-0
23.1476
22.7388
6.94707
-0
-0
-0
-0
-0
1.64294
-0
-0
-0
-0
-0
-0
-0
19.0998
-0
-0
-0
-0
-0
-0
-0
-0
14.9398
0.200585
-0
3.94629
28.8303
23.8697
-0
-0
-0
-0
-0
-0
-0
-0
-0
-0
1.85917
19.6222
-0
-0
24.5387
-0
29.0294
10.1664
-0
-0
-0
2.4301
-0
-0
3.68617
-0
-0
-0
-0
25.4535
-0
7.92895
37.1869
-0
-0
-0
14.9379
-0
-0
-0
-0
-0
-0
-0
31.7378
-0
-0
-0
-0
50.1544
-0
29.5213
25.2384
-0
42.3674
-0
-0
-0
7.892
-0
-0
-0
-0
-0
1.15368
-0
-0
-0
8.27343
-0
-0
10.0327
-0
-0
-0
-0
-0
-0
-0
18.3134
-0
-0
-0
-0
-0
-0
-0
-0
-0
-0
-0
21.519
-0
8.1109
-0
8.15064
-0
-0
22.0887
-0
-0
21.3727
-0
19.9841
-0
13.1417
-0
-0
-0
-0
11.9191
-0
-0
-0
-0
-0
-0
29.3938
-0
-0
-0
-0
4.29736
-0
21.6781
-0
34.2428
23.5021
13.2395
-0
-0
-0
-0
-0
0.84267
-0
-0
-0
2.25895
-0
-0
-0
-0
16.7799
-0
-0
-0
-0
15.1748
16.559
1.20873
-0
-0
-0
-0
-0
-0
10.8291
-0
11.4666
6.36793
-0
-0
-0
-0
0.297596
1.29959
0.0328497
-0
-0
-0
-0
-0
5.13568
-0
-0
-0
-0
19.9417
-0
-0
10.8071
18.9225
8.27757
14.6876
-0
-0
-0
-0
-0
-0
-0
-0
-0
15.6933
-0
11.1449
14.8668
3.13854
-0
-0
-0
24.5272
29.4029
-0
-0
36.3526
-0
33.5012
-0
-0
-0
23.9309
-0
-0
-0
-0
-0
-0
-0
-0
-0
-0
-0
-0
76.9248
42.1186
-0
38.1306
-0
3.54997
-0
-0
-0
-0
-0
-0
4.91636
-0
14.7312
-0
-0
-0
-0
25.2225
18.8339
23.56
-0
-0
-0
-0
24.8688
-0
64.6272
-0
-0
-0
-0
-0
17.8759
-0
-0
3.34196
-0
-0
43.7441
-0
-0
10.2396
-0
10.9885
5.44717
-0
-0
-0
29.5762
-0
24.383
-0
-0
-0
-0
12.1831
-0
-0
-0
2.0498
-0
-0
-0
-0
41.8147
-0
23.5495
-0
-0
-0
26.3013
-0
-0
-0
14.8941
-0
7.95153
-0
14.7372
-0
25.7339
0.902867
9.93124
-0
4.38728
-0
-0
-0
26.3569
-0
-0
-0
-0
-0
-0
12.8239
-0
-0
-0
-0
-0
-0
-0
19.7099
-0
13.1664
3.60938
-0
27.0539
-0
-0
3.42502
11.0248
7.80417
-0
-0
-0
5.17727
-0
-0
28.4914
4.82267
-0
-0
-0
-0
-0
13.2581
-0
-0
-0
-0
-0
-0
-0
-0
21.8413
-0
-0
-0
-0
-0
-0
-0
-0
37.7506
-0
9.94819
-0
-0
-0
-0
-0
-0
-0
17.0246
13.6714
-0
-0
-0
-0
-0
-0
-0
-0
-0
-0
-0
-0
8.78987
-0
-0
-0
-0
18.5459
-0
-0
21.4766
-0
3.8382
-0
-0
-0
-0
-0
-0
-0
5.48987
-0
-0
12.1725
-0
-0
-0
-0
-0
5.75793
-0
-0
-0
0.243065
12.0887
4.20327
21.1839
-0
-0
-0
-0
12.6742
-0
-0
13.7301
4.18384
-0
-0
-0
-0
-0
-0
26.6741
-0
-0
53.1772
-0
-0
-0
-0
-0
-0
-0
3.72903
-0
8.88811
-0
-0
-0
5.39274
4.73904
-0
-0
-0
16.4021
7.93966
-0
-0
-0
-0
31.487
-0
-0
-0
-0
-0
21.1765
-0
-0
-0
-0
15.5551
-0
-0
6.34574
-0
7.12016
9.99305
-0
-0
-0
-0
-0
-0
-0
-0
22.6851
-0
-0
-0
-0
10.8303
19.8027
3.7876
-0
-0
-0
-0
32.5186
-0
-0
-0
-0
25.4176
-0
-0
7.71827
-0
-0
-0
-0
-0
-0
-0
30.7006
-0
0.689642
-0
-0
-0
-0
-0
-0
-0
-0
11.599
-0
-0
63.1711
-0
-0
44.9293
-0
-0
-0
-0
-0
-0
-0
-0
32.6469
-0
-0
-0
-0
-0
74.1747
4.16256
-0
-0
-0
-0
-0
2.13695
10.672
-0
-0
-0
-0
-0
26.6161
-0
-0
-0
-0
5.48405
-0
-0
31.9766
-0
-0
29.9992
-0
-0
-0
-0
-0
-0
-0
-0
-0
-0
-0
-0
-0
-0
-0
-0
-0
-0
-0
-0
13.101
-0
-0
-0
-0
-0
-0
-0
-0
-0
-0
-0
21.0483
-0
9.44759
-0
-0
10.0611
-0
-0
55.3479
-0
-0
14.4722
45.5993
-0
15.1169
3.3679
-0
-0
-0
39.3375
-0
-0
40.0669
-0
-0
17.9051
-0
18.6063
-0
-0
27.7307
-0
-0
-0
-0
-0
2.0439
-0
1.43424
-0
-0
-0
-0
-0
23.4849
5.59475
-0
-0
5.50478
-0
-0
12.2075
-0
2.36552
-0
-0
23.9171
0.339882
35.7246
24.8127
-0
-0
-0
-0
29.5986
-0
-0
9.0026
-0
22.788
20.3851
-0
-0
-0
11.7449
-0
-0
-0
15.7852
7.71271
-0
-0
-0
44.7039
32.8344
-0
-0
-0
-0
-0
7.18031
-0
-0
5.57629
-0
-0
-0
7.87044
-0
-0
28.6805
24.7451
-0
-0
-0
-0
-0
10.191
9.64787
-0
-0
-0
-0
52.8825
-0
-0
-0
-0
-0
-0
-0
36.9791
-0
29.5204
-0
32.4691
10.7067
-0
8.24335
-0
-0
19.6523
5.37528
-0
-0
-0
-0
-0
4.78333
-0
-0
24.6593
-0
-0
-0
-0
-0
-0
5.50709
-0
11.7752
-0
-0
10.346
-0
-0
-0
-0
-0
-0
5.19625
-0
-0
-0
-0
-0
-0
-0
-0
-0
0.655481
-0
-0
7.9347
7.85332
-0
9.7291
-0
-0
-0
1.24896
34.1506
-0
-0
-0
-0
-0
-0
-0
18.9906
-0
-0
11.9034
-0
3.06428
-0
11.9261
-0
-0
-0
-0
-0
-0
-0
-0
-0
-0
28.5503
1.43548
-0
8.65209
-0
-0
6.18803
-0
-0
-0
-0
-0
4.15175
-0
42.9845
-0
-0
13.4047
12.7424
-0
-0
-0
26.4095
-0
-0
26.7453
19.2703
-0
0.651613
-0
34.3111
-0
21.2648
26.5731
-0
-0
3.64442
-0
-0
11.3185
-0
-0
-0
-0
-0
-0
-0
-0
2.13713
1.01532
-0
12.1487
-0
-0
-0
1.84518
16.0592
16.9519
10.4842
-0
-0
8.46678
-0
-0
15.535
-0
-0
-0
4.88866
-0
-0
6.98853
-0
-0
-0
4.28695
2.24129
-0
19.3764
-0
-0
1.73648
-0
10.0795
-0
-0
-0
-0
-0
-0
14.8323
-0
4.0971
12.8981
8.78631
-0
-0
-0
44.3372
-0
-0
36.8939
-0
0.289642
-0
-0
-0
