-0
-0
-0
-0
-0
20.9146
-0
-0
-0
-0
0.44199
-0
-0
-0
-0
3.47314
-0
-0
-0
-0
-0
-0
10.8945
-0
13.2594
4.4106
-0
-0
-0
-0
-0
-0
-0
-0
8.67803
-0
-0
-0
-0
-0
-0
-0
7.80678
-0
-0
9.66689
-0
36.3823
-0
-0
-0
-0
-0
-0
-0
-0
-0
0.27913
-0
-0
-0
-0
12.036
-0
21.9999
-0
-0
3.77383
-0
-0
-0
-0
-0
-0
-0
2.40982
33.4313
-0
-0
15.0994
-0
60.0551
4.79298
-0
1.53649
-0
-0
-0
-0
-0
12.2223
0.0353395
-0
-0
19.0177
-0
11.9769
7.3345
-0
-0
9.90136
-0
-0
-0
-0
-0
17.1772
11.2726
-0
-0
-0
0.287676
0.204223
-0
-0
9.5104
18.6775
-0
44.9028
42.8069
-0
3.52012
22.9138
-0
1.05498
-0
19.801
2.00936
-0
-0
-0
-0
-0
-0
6.92457
-0
4.67422
16.3279
-0
10.8177
3.32501
-0
5.27191
18.3343
17.3317
-0
-0
-0
-0
-0
4.69296
-0
-0
-0
11.9127
-0
-0
19.0017
-0
-0
-0
-0
-0
14.0648
4.13571
-0
26.0968
15.497
-0
26.43
12.2739
5.95194
12.8358
-0
1.28773
-0
13.6884
-0
7.3352
-0
-0
-0
-0
-0
-0
26.4872
-0
-0
5.65943
-0
20.5374
3.61127
30.6905
-0
-0
-0
-0
18.7964
-0
-0
-0
-0
34.6213
-0
-0
-0
-0
11.3201
-0
-0
-0
-0
7.28173
-0
-0
2.85813
-0
10.7507
-0
-0
-0
-0
-0
5.61042
-0
2.26655
-0
0.691633
-0
-0
-0
18.571
-0
-0
-0
-0
-0
-0
-0
-0
14.9324
-0
-0
-0
-0
-0
-0
-0
5.40085
-0
-0
-0
-0
-0
16.7212
-0
-0
21.3625
-0
-0
-0
1.12223
-0
1.39136
-0
-0
-0
11.3698
-0
-0
-0
4.18601
16.3688
25.5793
-0
-0
-0
-0
-0
-0
16.0882
3.24542
-0
17.3443
-0
-0
11.2922
22.6791
-0
-0
-0
7.68377
4.29933
-0
34.5822
-0
4.36006
-0
4.11281
40.3445
-0
-0
0.779979
28.142
-0
14.7877
-0
-0
32.3119
-0
31.4768
-0
-0
-0
-0
2.38791
-0
-0
-0
1.17096
-0
-0
-0
43.4902
17.6896
-0
-0
-0
-0
14.1893
-0
-0
-0
-0
-0
0.360254
-0
10.2343
-0
22.7101
20.8864
-0
-0
12.0451
-0
-0
-0
5.48471
-0
-0
-0
-0
-0
-0
38.0624
-0
-0
-0
-0
10.138
27.4544
-0
-0
7.8258
4.1132
1.0607
-0
-0
10.0288
-0
-0
6.93432
0.615286
-0
-0
-0
19.9115
1.68322
1.33031
-0
-0
-0
-0
-0
-0
-0
2.56153
-0
-0
-0
-0
-0
1.31086
-0
-0
11.4771
-0
-0
-0
14.0075
20.9288
3.3974
-0
-0
-0
-0
-0
4.01555
-0
-0
-0
2.01158
-0
-0
42.3035
-0
-0
-0
-0
-0
41.4921
-0
-0
-0
-0
-0
1.30483
19.41
20.844
18.1405
-0
9.42957
25.6443
-0
-0
-0
11.2375
-0
-0
-0
-0
-0
-0
-0
-0
-0
-0
-0
-0
-0
-0
8.34056
-0
-0
3.87965
10.7983
-0
17.0326
-0
-0
-0
-0
25.6005
-0
-0
-0
-0
-0
1.60502
-0
-0
-0
-0
-0
17.6027
-0
9.39951
-0
-0
-0
-0
-0
-0
3.14422
-0
-0
-0
-0
-0
-0
26.7318
-0
-0
5.08291
-0
-0
4.86423
-0
-0
19.0536
-0
-0
23.3728
21.1134
-0
-0
29.4621
-0
-0
3.9352
-0
-0
1.08838
-0
-0
-0
-0
23.5397
12.6445
-0
-0
-0
-0
-0
-0
-0
-0
-0
-0
-0
-0
-0
-0
-0
16.7979
7.05641
37.1527
-0
-0
-0
-0
-0
-0
-0
-0
-0
-0
0.532391
-0
13.9058
-0
-0
-0
-0
44.9727
-0
-0
-0
10.0234
-0
-0
-0
37.9793
-0
-0
-0
-0
-0
-0
-0
-0
17.1076
27.5709
28.2618
7.35023
-0
-0
-0
-0
-0
-0
-0
-0
-0
-0
13.1553
-0
-0
19.9415
43.9051
0.937694
-0
-0
-0
-0
6.96325
-0
3.35633
-0
-0
11.0613
-0
-0
-0
-0
-0
-0
18.9232
-0
9.62102
-0
-0
9.26893
-0
-0
-0
-0
-0
-0
-0
-0
-0
-0
24.3884
-0
-0
-0
-0
-0
-0
-0
35.7816
-0
-0
-0
-0
-0
-0
-0
-0
-0
-0
-0
-0
-0
4.418
-0
-0
-0
-0
-0
-0
-0
10.013
30.0135
-0
-0
-0
-0
-0
28.5877
-0
0.0302262
32.7854
-0
20.0555
-0
-0
-0
-0
34.6496
-0
-0
-0
49.2744
3.78945
-0
-0
-0
41.4064
-0
0.023418
-0
-0
-0
19.9328
-0
-0
-0
-0
-0
-0
0.106095
0.417452
-0
0.248826
-0
-0
-0
-0
25.7515
-0
-0
-0
21.3893
-0
-0
-0
30.713
-0
-0
14.3136
-0
-0
-0
-0
-0
-0
-0
-0
2.35403
-0
-0
-0
-0
-0
-0
-0
12.0939
5.78613
-0
-0
-0
9.0899
21.9867
10.8301
-0
1.61854
-0
-0
-0
-0
-0
-0
-0
23.7914
-0
-0
22.3122
29.6131
-0
-0
-0
-0
8.22774
2.67733
-0
30.1066
26.2941
-0
-0
-0
-0
5.88525
-0
28.44
21.1822
-0
-0
-0
-0
-0
-0
-0
-0
-0
-0
-0
-0
-0
10.8689
-0
-0
-0
-0
-0
21.4049
47.4294
-0
6.14674
-0
-0
24.6526
-0
20.4239
9.26495
-0
-0
-0
-0
-0
-0
-0
-0
-0
4.46118
-0
23.4354
2.53068
7.68598
2.59807
-0
-0
-0
-0
24.5898
-0
-0
-0
17.4027
-0
-0
-0
-0
-0
-0
-0
7.66817
15.6688
-0
3.1624
-0
-0
2.44644
-0
-0
-0
36.4213
-0
12.0788
-0
-0
-0
-0
-0
6.57476
-0
-0
-0
-0
-0
-0
4.78691
-0
-0
14.8032
18.7256
-0
-0
2.54343
-0
-0
-0
-0
-0
-0
-0
-0
-0
-0
-0
-0
-0
25.3882
-0
13.7955
15.7132
-0
-0
-0
2.61941
21.2728
-0
-0
-0
27.7182
-0
-0
-0
4.83728
-0
-0
32.9001
-0
-0
-0
7.58483
-0
-0
27.5623
12.1054
0.880221
-0
-0
2.50621
-0
-0
-0
-0
-0
10.8857
17.5231
-0
-0
-0
-0
4.1484
-0
-0
37.3789
1.3895
-0
-0
-0
7.79791
-0
-0
-0
-0
-0
-0
-0
4.58402
22.7557
-0
-0
-0
12.8536
1.97369
49.4216
35.6208
-0
-0
-0
29.6072
-0
-0
-0
-0
-0
-0
-0
-0
-0
22.9615
18.9882
-0
0.621679
-0
2.39499
-0
-0
13.3435
-0
-0
8.59139
-0
-0
-0
17.5563
-0
-0
-0
14.1132
-0
-0
-0
-0
-0
-0
-0
-0
-0
-0
-0
-0
-0
-0
-0
-0
-0
39.9454
-0
-0
-0
29.7089
22.673
-0
-0
42.3338
-0
2.15896
-0
12.1115
-0
-0
-0
8.5
-0
2.1925
30.3002
-0
8.84515
-0
-0
4.73623
-0
-0
-0
-0
-0
-0
11.4487
-0
-0
-0
-0
-0
-0
-0
-0
9.43775
3.86309
-0
-0
-0
-0
-0
-0
13.1628
20.6946
-0
-0
-0
-0
-0
-0
-0
35.4094
-0
7.18726
17.3668
0.881154
6.82202
-0
-0
-0
-0
-0
-0
-0
-0
23.0426
8.63385
-0
35.1926
-0
-0
-0
17.122
-0
-0
-0
-0
12.6915
-0
-0
-0
13.8321
-0
-0
-0
-0
-0
-0
-0
-0
-0
23.0658
-0
-0
-0
-0
5.85857
14.1503
9.06787
-0
-0
-0
-0
0.802499
-0
-0
-0
-0
-0
-0
-0
-0
-0
-0
15.4116
-0
13.9819
-0
-0
-0
-0
21.2787
-0
-0
-0
-0
-0
6.38971
-0
-0
-0
-0
5.07924
-0
4.26811
0.358677
8.16517
-0
-0
-0
-0
-0
0.328921
-0
-0
-0
-0
11.4139
-0
-0
-0
-0
35.625
25.011
-0
-0
-0
-0
-0
-0
-0
-0
-0
-0
29.728
-0
-0
-0
-0
-0
1.10101
-0
-0
-0
30.5166
1.40171
-0
-0
-0
-0
2.88503
-0
-0
-0
6.77515
43.6247
10.523
10.9684
-0
-0
-0
-0
-0
-0
-0
-0
-0
-0
-0
-0
35.3842
-0
3.6452
-0
-0
-0
10.43
-0
14.1155
-0
17.2445
-0
-0
-0
-0
-0
3.21896
-0
-0
-0
-0
7.79041
-0
-0
-0
-0
-0
-0
-0
-0
7.96647
11.5492
-0
-0
33.717
-0
-0
-0
-0
-0
-0
4.29624
-0
2.90041
-0
-0
-0
-0
-0
2.44822
6.89685
-0
-0
-0
-0
-0
5.94165
-0
-0
9.18466
-0
-0
-0
-0
23.0293
-0
16.8236
-0
-0
-0
-0
-0
16.3958
-0
-0
-0
-0
-0
-0
10.0133
-0
12.8346
-0
-0
1.62581
38.8446
-0
-0
-0
-0
-0
-0
22.9396
-0
-0
-0
37.8025
-0
9.32193
16.8805
-0
70.6929
-0
14.3802
-0
-0
-0
-0
-0
28.6943
38.9629
-0
3.01813
24.9225
7.17488
-0
-0
23.7589
-0
-0
-0
-0
-0
-0
-0
3.74371
-0
25.6592
-0
-0
32.0534
-0
-0
17.7523
-0
2.18952
-0
14.0416
-0
-0
-0
-0
-0
-0
1.1568
-0
-0
-0
-0
8.07357
-0
-0
2.48831
-0
19.3638
9.80334
-0
-0
-0
5.50135
-0
-0
-0
-0
-0
-0
1.63936
-0
-0
14.1587
-0
-0
-0
-0
-0
-0
-0
-0
32.9987
1.31344
-0
-0
-0
-0
16.1017
2.02054
6.40632
8.41612
-0
-0
-0
-0
-0
-0
-0
-0
-0
25.0786
1.70866
-0
-0
13.2208
-0
-0
-0
-0
-0
-0
-0
22.3474
-0
14.9908
-0
-0
-0
-0
-0
2.41106
21.6999
-0
-0
-0
-0
9.18729
-0
-0
-0
-0
-0
-0
-0
35.0802
-0
-0
-0
13.0771
-0
15.0151
40.7377
-0
1.64178
23.7151
-0
40.3813
31.0215
-0
30.0906
-0
-0
-0
-0
-0
-0
-0
-0
-0
-0
-0
-0
-0
-0
-0
-0
-0
0.881036
-0
1.84579
20.0288
-0
-0
-0
-0
-0
-0
6.65202
-0
-0
-0
43.6678
-0
-0
-0
0.851977
-0
-0
-0
-0
-0
-0
-0
-0
-0
-0
-0
-0
-0
-0
35.2615
-0
-0
-0
1.21966
-0
-0
-0
-0
-0
-0
-0
10.4282
-0
-0
-0
2.79941
-0
18.3338
-0
3.71744
-0
-0
-0
15.1206
-0
-0
-0
-0
-0
-0
-0
-0
-0
-0
-0
42.4552
6.81203
-0
-0
0.522062
-0
16.0576
-0
-0
-0
-0
-0
-0
23.5408
-0
-0
1.66331
-0
-0
-0
0.625039
-0
-0
-0
-0
-0
-0
-0
-0
-0
-0
-0
-0
-0
-0
-0
-0
0.0201502
-0
-0
-0
-0
-0
-0
5.16833
-0
-0
-0
-0
-0
-0
-0
-0
-0
-0
-0
9.6918
-0
1.82369
9.14022
-0
15.4704
-0
-0
-0
-0
-0
-0
-0
9.23715
-0
-0
44.7012
-0
15.2493
-0
-0
-0
-0
12.1464
-0
-0
-0
-0
28.1197
-0
12.3689
-0
-0
26.2773
-0
1.78187
2.32922
-0
-0
-0
-0
-0
-0
-0
17.8456
1.24132
5.92633
-0
-0
24.2632
48.3104
-0
0.982384
17.3106
-0
-0
-0
-0
31.3077
16.2119
-0
10.9675
-0
-0
56.5144
25.7161
-0
27.0612
-0
-0
-0
21.0349
-0
12.1308
26.3532
-0
-0
-0
14.7264
15.6828
0.19296
32.3895
4.48896
-0
31.1134
-0
4.31996
-0
-0
-0
56.8193
-0
-0
3.48805
-0
-0
-0
-0
-0
-0
-0
-0
18.3945
-0
-0
-0
1.33756
-0
-0
15.295
-0
10.5726
-0
14.2218
-0
-0
-0
19.5763
20.0657
-0
-0
12.2898
9.29975
-0
-0
-0
-0
-0
-0
-0
29.669
-0
17.1408
-0
-0
-0
-0
-0
-0
-0
-0
-0
0.935696
-0
3.89433
-0
-0
-0
-0
-0
-0
38.2592
-0
-0
-0
4.8861
-0
-0
-0
-0
-0
-0
14.814
37.5031
-0
-0
-0
-0
-0
-0
-0
-0
47.4918
-0
-0
-0
-0
-0
-0
-0
-0
33.0285
-0
-0
-0
-0
2.38397
-0
1.32195
-0
-0
-0
-0
-0
-0
20.6229
9.90798
-0
-0
8.81648
-0
-0
-0
18.408
-0
-0
-0
-0
13.3704
-0
16.9924
9.5234
-0
-0
-0
15.4481
-0
-0
-0
-0
0.769416
-0
-0
-0
-0
-0
8.19924
23.0882
-0
-0
-0
-0
-0
-0
0.626992
-0
-0
-0
-0
-0
6.57408
10.3629
-0
-0
-0
-0
-0
-0
-0
-0
-0
-0
13.7482
-0
21.623
-0
-0
-0
-0
-0
-0
-0
-0
-0
-0
-0
-0
-0
-0
-0
-0
-0
-0
-0
-0
-0
-0
-0
-0
-0
-0
0.568659
-0
-0
-0
-0
12.0683
15.6725
14.7786
-0
-0
-0
29.6707
-0
-0
-0
-0
-0
-0
-0
26.1783
-0
-0
-0
3.91711
2.33318
-0
-0
-0
23.7013
17.6745
-0
-0
-0
19.2001
-0
-0
-0
-0
-0
34.9226
-0
-0
-0
-0
19.7805
-0
8.5031
31.5262
-0
-0
8.57349
-0
22.6606
-0
58.1144
36.3511
9.78431
40.6296
39.7562
7.38307
-0
32.2469
-0
-0
10.0601
3.2957
1.37112
-0
-0
-0
-0
-0
-0
-0
-0
-0
-0
-0
-0
-0
-0
22.3785
-0
-0
-0
21.0115
5.40888
-0
-0
-0
-0
-0
26.4676
15.9685
-0
-0
16.0479
4.58689
-0
-0
-0
13.6311
-0
-0
-0
-0
1.30171
-0
-0
-0
2.81299
-0
8.7617
41.182
-0
-0
21.9927
23.7773
-0
27.9076
-0
-0
-0
-0
10.549
-0
11.4317
-0
0.180554
-0
17.9523
18.0149
-0
-0
-0
-0
1.71962
-0
65.6718
-0
22.0417
-0
5.7233
0.415136
9.97256
-0
-0
9.54656
-0
30.4104
6.8406
27.6497
18.2645
-0
-0
-0
-0
4.07104
-0
-0
17.6678
-0
6.66106
34.1264
48.5999
7.8252
-0
-0
-0
-0
-0
11.899
36.8433
24.2887
-0
-0
-0
-0
19.8293
16.3827
-0
-0
-0
-0
17.8303
5.59166
-0
27.0601
-0
17.9509
-0
-0
16.254
-0
-0
-0
-0
2.68465
4.02211
-0
3.26177
-0
12.9075
32.0466
-0
-0
-0
0.102023
-0
-0
-0
-0
-0
-0
-0
8.37554
-0
-0
-0
-0
31.2279
-0
3.91982
-0
19.1779
-0
-0
5.91387
-0
6.74759
-0
1.60845
-0
21.0882
-0
-0
-0
-0
39.7736
-0
-0
-0
30.8205
-0
-0
-0
-0
37.4544
-0
21.9518
29.5032
-0
11.2393
28.6122
-0
8.3968
17.0814
5.89613
-0
25.4148
9.88129
-0
25.3343
-0
-0
-0
-0
-0
-0
-0
-0
-0
14.9508
-0
6.76166
17.857
-0
-0
-0
-0
-0
6.20101
-0
-0
16.5631
18.459
-0
-0
-0
-0
-0
-0
-0
-0
11.8901
-0
-0
-0
-0
-0
-0
-0
4.37781
-0
-0
15.458
-0
-0
-0
-0
11.9741
7.1244
24.7892
19.8315
-0
-0
-0
-0
1.44103
-0
-0
-0
-0
37.8061
-0
11.9909
13.2224
9.07941
-0
-0
-0
25.1298
-0
-0
0.873554
-0
-0
-0
12.7154
-0
14.218
-0
-0
-0
-0
11.7034
-0
-0
-0
-0
-0
-0
-0
17.9135
11.7966
-0
-0
-0
-0
-0
-0
-0
-0
11.1244
-0
-0
-0
-0
8.5465
-0
-0
-0
-0
-0
-0
-0
-0
7.50249
-0
-0
-0
28.5906
-0
-0
-0
-0
0.4982
-0
-0
-0
-0
31.46
-0
-0
-0
-0
6.05265
-0
-0
-0
-0
-0
-0
-0
-0
-0
-0
-0
-0
-0
-0
-0
-0
-0
2.50871
-0
-0
-0
-0
-0
8.05325
6.81361
-0
23.5456
-0
2.67032
14.008
-0
-0
-0
5.99129
-0
-0
38.4938
-0
-0
11.8426
-0
-0
-0
19.8124
-0
45.6975
0.591358
-0
-0
17.7326
8.25774
34.795
-0
-0
0.441155
-0
14.8272
-0
-0
-0
-0
-0
-0
40.6006
3.24791
15.3346
-0
-0
-0
30.2985
44.2683
-0
-0
-0
-0
-0
19.1196
-0
-0
-0
-0
-0
35.7182
-0
-0
-0
-0
3.74807
13.3537
4.66123
-0
-0
-0
-0
-0
-0
-0
-0
-0
-0
-0
-0
-0
22.1321
-0
3.47759
-0
-0
-0
-0
-0
23.307
-0
2.56035
-0
-0
-0
-0
15.9798
11.4257
20.6299
-0
-0
0.843282
0.0137615
-0
-0
8.54503
-0
-0
-0
50.6224
3.5903
14.9803
-0
-0
14.8198
50.4342
2.26009
-0
-0
-0
-0
12.2108
6.72379
6.21592
-0
1.41963
-0
-0
-0
-0
-0
-0
-0
-0
-0
20.1777
-0
7.28018
-0
-0
3.2381
3.25568
-0
6.57493
-0
-0
-0
-0
-0
46.9182
-0
-0
-0
46.0944
-0
-0
-0
-0
-0
-0
8.24538
31.1907
2.33946
-0
-0
-0
-0
-0
-0
-0
-0
-0
-0
-0
1.3771
-0
-0
-0
-0
49.7214
27.297
-0
0.156106
-0
-0
-0
-0
10.4908
6.59228
16.2055
-0
-0
-0
-0
-0
-0
-0
2.13144
-0
-0
-0
-0
-0
-0
-0
-0
-0
-0
-0
4.38883
-0
8.81432
7.67252
-0
46.3142
-0
-0
6.11685
-0
-0
21.3422
-0
8.65401
-0
-0
-0
-0
-0
-0
-0
-0
-0
-0
-0
9.68015
-0
-0
-0
-0
19.2343
-0
-0
-0
-0
0.969126
-0
-0
8.24253
-0
60.7936
-0
-0
10.9514
-0
-0
28.4743
6.48053
13.9939
11.2802
17.6571
1.05726
-0
29.8539
-0
11.9617
-0
-0
18.12
12.8944
-0
0.279658
-0
-0
-0
-0
-0
-0
9.03427
-0
-0
-0
-0
-0
-0
-0
-0
28.1617
-0
-0
-0
-0
-0
-0
8.50083
13.6853
-0
-0
-0
1.09762
3.06311
-0
-0
-0
-0
-0
-0
-0
-0
-0
-0
36.0378
-0
-0
-0
-0
69.7123
23.7828
34.9761
-0
-0
-0
-0
-0
-0
-0
-0
5.90648
-0
-0
-0
-0
0.575142
-0
-0
17.4528
-0
-0
-0
-0
-0
43.7001
-0
-0
21.3737
-0
-0
-0
-0
-0
-0
-0
-0
6.29237
-0
-0
-0
14.8173
-0
-0
-0
-0
-0
-0
2.63545
-0
-0
-0
7.88457
-0
-0
-0
12.9833
32.8709
-0
-0
-0
52.9325
-0
6.05973
11.1937
-0
-0
19.729
-0
44.9208
-0
43.4659
-0
-0
3.45231
26.4864
-0
-0
-0
-0
14.6447
-0
4.4279
-0
5.41382
17.5266
-0
-0
-0
-0
-0
-0
-0
-0
-0
-0
-0
-0
21.6977
-0
-0
-0
3.73857
26.6097
-0
0.0952553
-0
-0
25.637
-0
-0
-0
-0
17.4956
-0
-0
-0
-0
-0
-0
-0
-0
-0
-0
-0
-0
-0
-0
3.78735
-0
9.28074
2.32812
-0
7.19812
-0
-0
-0
-0
0.555528
-0
-0
-0
-0
-0
-0
1.19149
-0
-0
6.33176
-0
41.8951
11.7289
7.32506
-0
-0
-0
19.4231
-0
3.86498
-0
-0
-0
18.6632
6.36791
-0
3.00385
1.01673
26.0215
-0
43.261
-0
-0
-0
15.5224
-0
-0
-0
1.67356
-0
-0
-0
-0
-0
4.35066
-0
-0
35.8601
-0
11.0255
-0
-0
-0
-0
-0
15.587
-0
-0
-0
15.5362
-0
-0
0.590878
-0
-0
-0
20.8324
4.55498
-0
-0
-0
-0
-0
-0
50.1732
-0
-0
-0
-0
-0
-0
-0
-0
-0
-0
-0
13.274
-0
-0
-0
9.69198
-0
-0
-0
-0
-0
-0
-0
4.07985
-0
52.4827
14.349
-0
22.4445
-0
-0
4.75109
-0
-0
17.1099
-0
-0
15.5659
11.4661
-0
3.29369
11.4677
1.19766
-0
-0
-0
0.453919
10.4549
-0
8.83978
-0
-0
-0
-0
4.17612
-0
20.4113
-0
18.1484
18.4684
-0
-0
-0
62.1606
-0
-0
46.4644
11.0997
-0
9.78198
-0
-0
-0
15.8718
-0
-0
-0
-0
23.9996
-0
-0
15.693
-0
4.3823
-0
-0
-0
-0
14.1364
-0
11.7595
29.0935
-0
-0
-0
-0
-0
-0
-0
-0
-0
-0
-0
-0
15.1993
-0
-0
-0
19.3845
-0
-0
-0
-0
-0
-0
-0
-0
-0
-0
-0
18.4419
-0
-0
31.0797
-0
11.7618
-0
4.90789
2.15695
13.2547
-0
-0
-0
-0
-0
-0
-0
11.3475
38.6991
-0
-0
13.2944
-0
-0
-0
-0
-0
-0
-0
-0
-0
-0
-0
-0
-0
-0
-0
19.2062
-0
6.7233
-0
0.414529
14.5854
-0
-0
-0
23.3402
-0
-0
22.5593
-0
-0
29.234
-0
-0
39.9541
-0
-0
7.63912
-0
2.40124
-0
-0
-0
-0
11.5916
-0
18.593
-0
12.4495
-0
26.151
-0
-0
-0
-0
-0
-0
14.4447
-0
-0
-0
9.65185
-0
-0
-0
13.0635
26.7824
-0
-0
-0
8.55055
-0
-0
-0
14.661
-0
-0
-0
-0
-0
-0
-0
26.2642
-0
-0
-0
68.359
-0
-0
9.12175
-0
-0
-0
-0
0.290856
-0
-0
-0
-0
-0
-0
-0
-0
8.52132
-0
-0
46.1168
37.6426
-0
-0
-0
-0
-0
27.072
-0
-0
-0
-0
-0
36.0995
-0
-0
-0
-0
-0
7.90266
-0
-0
-0
41.5075
-0
6.37992
-0
-0
-0
-0
-0
-0
-0
-0
-0
-0
28.4999
-0
1.73092
-0
19.8841
7.51268
9.08958
-0
-0
3.12557
-0
5.06286
-0
-0
-0
-0
-0
-0
0.454531
21.2502
8.15727
-0
-0
-0
-0
6.50682
20.1564
-0
-0
-0
-0
-0
-0
-0
-0
20.3019
-0
15.7689
-0
-0
-0
-0
-0
2.92958
-0
-0
-0
-0
-0
-0
-0
32.3931
-0
1.41899
-0
0.00394271
-0
-0
-0
-0
22.2769
-0
-0
2.48632
42.182
17.5825
-0
-0
-0
-0
-0
-0
3.52053
-0
3.72304
-0
-0
19.989
-0
-0
15.3196
-0
-0
20.2909
-0
4.4351
-0
4.32633
-0
3.01268
-0
-0
-0
-0
-0
49.9704
-0
1.80938
1.614
-0
-0
-0
3.06811
-0
-0
-0
-0
-0
-0
-0
-0
-0
-0
-0
-0
38.2297
-0
13.9057
14.0329
-0
42.9438
-0
-0
18.6174
7.78586
13.4925
-0
-0
-0
-0
0.641102
-0
-0
-0
-0
-0
-0
-0
-0
-0
-0
-0
-0
-0
-0
17.4655
-0
-0
-0
-0
-0
17.3306
-0
-0
-0
-0
6.926
4.03432
-0
2.14989
-0
10.64
6.64724
-0
20.1616
3.88804
-0
26.6566
5.97387
9.89875
-0
13.6904
-0
4.70008
-0
-0
19.9336
-0
-0
-0
-0
-0
-0
26.8711
-0
-0
-0
-0
23.7188
-0
8.21035
-0
23.3121
28.5848
4.34621
-0
5.57565
-0
-0
-0
5.3785
-0
0.739799
0.971113
-0
21.6583
-0
-0
-0
19.089
-0
-0
-0
-0
-0
16.9295
-0
-0
-0
-0
-0
-0
-0
-0
-0
6.19274
4.69209
-0
-0
-0
-0
1.15931
-0
1.19069
-0
-0
-0
-0
-0
4.87747
10.6324
-0
-0
-0
41.2598
-0
-0
17.4573
21.3463
-0
27.1069
-0
-0
-0
-0
-0
-0
-0
-0
-0
2.78787
-0
16.7978
42.5525
-0
-0
-0
-0
3.82096
23.4426
-0
6.0946
56.2161
-0
24.1527
-0
-0
-0
51.438
-0
0.770146
-0
-0
-0
-0
-0
-0
-0
-0
-0
-0
39.8052
19.5093
-0
23.2915
-0
3.38896
-0
-0
-0
-0
-0
18.9617
-0
-0
9.414
-0
8.31299
21.4647
-0
12.9512
6.48137
37.6733
11.5446
-0
-0
-0
34.2528
-0
61.5022
-0
-0
-0
-0
-0
2.9662
-0
8.29015
-0
-0
6.36971
52.2928
-0
-0
13.1177
-0
-0
13.568
-0
-0
-0
29.8213
-0
30.6346
-0
-0
-0
-0
0.0742332
-0
12.7414
-0
-0
-0
-0
6.95462
-0
17.7365
-0
12.6234
-0
-0
-0
27.9572
-0
-0
-0
37.6983
-0
20.5686
-0
9.5355
-0
25.6904
1.43464
25.7695
-0
10.9594
-0
-0
-0
33.1454
-0
-0
-0
-0
-0
-0
13.8792
-0
-0
1.85328
-0
-0
-0
-0
26.4495
-0
1.28148
20.6103
-0
7.5444
-0
-0
-0
18.8267
1.11223
-0
-0
-0
4.31521
-0
-0
36.8232
-0
-0
-0
-0
-0
-0
8.64267
10.1718
17.0515
-0
-0
-0
15.669
3.64013
-0
-0
-0
-0
-0
-0
-0
0.982255
-0
3.03312
27.2374
-0
7.64902
-0
0.211084
-0
-0
-0
-0
-0
-0
23.7386
-0
-0
-0
-0
14.6818
-0
-0
-0
-0
-0
17.0929
-0
-0
-0
-0
-0
-0
29.5488
-0
-0
-0
-0
-0
-0
-0
-0
-0
-0
-0
-0
4.19858
-0
46.5153
-0
-0
-0
-0
-0
-0
-0
-0
12.4914
3.53601
7.99294
-0
-0
45.0197
-0
17.6905
-0
-0
4.74755
-0
-0
17.633
10.5679
-0
-0
-0
2.79899
-0
-0
18.5009
-0
-0
31.3655
15.1412
-0
-0
-0
-0
-0
-0
3.91549
-0
11.6131
-0
-0
-0
1.08071
8.05318
-0
8.97497
-0
5.78613
8.33061
-0
-0
10.4718
-0
17.0668
-0
-0
-0
-0
-0
-0
-0
-0
-0
-0
-0
-0
-0
30.3715
-0
-0
30.8502
-0
1.11158
-0
-0
-0
-0
-0
-0
17.5283
-0
-0
17.1647
-0
31.6544
20.0738
9.86969
-0
-0
-0
-0
44.6949
-0
22.1694
-0
-0
51.3613
-0
-0
32.1711
13.1739
-0
-0
10.8668
-0
-0
-0
4.58964
-0
5.81705
6.4433
-0
-0
-0
-0
-0
-0
-0
19.0398
-0
-0
8.61725
-0
-0
40.6146
3.83954
-0
-0
-0
-0
-0
11.9543
-0
31.771
-0
-0
-0
-0
-0
33.0662
-0
-0
-0
-0
-0
1.67335
-0
24.0424
-0
-0
-0
-0
-0
27.9806
-0
-0
-0
-0
-0
-0
-0
23.6436
-0
-0
38.9836
14.9204
-0
-0
-0
-0
-0
-0
-0
-0
-0
6.83277
-0
-0
-0
-0
-0
-0
-0
-0
-0
19.5769
4.38313
-0
4.38378
-0
-0
-0
-0
-0
-0
8.70169
-0
8.34277
-0
-0
-0
-0
6.04186
-0
-0
16.8252
-0
-0
15.4779
30.5935
12.7197
-0
-0
-0
-0
-0
4.63895
-0
-0
24.6748
-0
-0
11.4126
-0
9.51608
-0
-0
33.6822
-0
-0
-0
-0
-0
24.2029
1.17615
-0
-0
6.37988
-0
-0
-0
-0
-0
1.48684
-0
-0
-0
-0
27.5125
-0
1.89335
-0
-0
15.4234
-0
29.3924
28.573
-0
-0
-0
-0
50.7881
-0
-0
-0
1.40549
17.0165
23.3313
1.43462
-0
-0
6.96976
-0
-0
-0
18.1606
15.0031
-0
-0
-0
53.3557
43.7274
21.2377
-0
-0
-0
-0
-0
-0
-0
8.54032
1.03316
-0
-0
10.1968
-0
-0
27.1633
49.9575
-0
-0
-0
-0
-0
3.41367
11.0843
2.17913
-0
-0
1.2743
34.4242
-0
-0
-0
-0
1.17861
-0
-0
57.5163
-0
14.9681
-0
42.5542
3.36498
16.1722
-0
-0
-0
8.40859
0.0994071
-0
-0
12.9888
-0
-0
-0
-0
1.02812
42.8656
-0
-0
-0
-0
-0
-0
7.34892
-0
34.1352
-0
-0
12.6257
-0
-0
-0
-0
-0
-0
10.8346
-0
-0
-0
-0
-0
-0
-0
-0
15.6708
4.18325
-0
-0
-0
6.13746
10.9122
-0
24.5055
-0
-0
-0
38.5534
-0
-0
-0
-0
-0
-0
8.12845
5.29406
-0
18.7137
-0
-0
-0
-0
-0
-0
-0
0.500634
-0
-0
-0
-0
-0
-0
-0
11.3032
-0
-0
-0
-0
20.5982
0.557175
-0
-0
-0
-0
-0
-0
-0
53.8974
-0
-0
-0
25.3814
-0
-0
11.8812
21.7404
-0
-0
34.0237
20.4057
3.35736
24.4615
-0
6.10449
-0
22.2981
11.5486
-0
-0
4.34803
-0
-0
-0
-0
-0
-0
-0
-0
-0
-0
-0
2.51738
-0
1.11819
-0
-0
-0
-0
-0
6.39335
6.12976
7.55498
-0
-0
7.04551
-0
0.618848
18.7943
-0
-0
-0
-0
-0
-0
10.3221
-0
5.26906
-0
9.88206
-0
-0
2.26102
-0
18.6545
32.9645
-0
-0
-0
-0
-0
-0
4.72941
-0
3.70216
-0
-0
22.1714
-0
-0
-0
-0
23.6739
-0
-0
6.77259
-0
17.7564
19.1851
-0
-0
