-0
-0
-0
-0
-0
36.8534
-0
1.45366
22.363
-0
10.0384
-0
-0
-0
-0
10.2716
1.84183
-0
-0
-0
-0
29.0112
-0
-0
-0
17.3621
2.80043
-0
-0
-0
-0
-0
-0
-0
6.46974
-0
-0
-0
-0
-0
-0
-0
2.92826
3.06948
-0
-0
-0
1.89173
-0
-0
-0
-0
-0
-0
-0
-0
-0
1.44996
6.92628
1.2871
-0
-0
22.1272
-0
-0
-0
-0
-0
-0
0.36221
-0
-0
-0
-0
-0
3.01962
34.8182
-0
-0
-0
-0
46.7023
-0
-0
20.4963
-0
-0
-0
-0
-0
26.7745
-0
-0
-0
26.8901
-0
8.77799
0.0529466
5.7687
-0
-0
-0
-0
0.24327
-0
-0
16.6971
2.46258
-0
-0
-0
-0
0.181501
-0
-0
21.8777
-0
-0
49.3453
30.1576
32.7469
2.15334
-0
-0
-0
-0
-0
-0
-0
-0
9.37996
-0
23.4705
-0
8.38072
-0
-0
30.8795
-0
-0
1.01685
4.59724
15.7134
2.24878
4.88698
-0
-0
0.282782
-0
-0
-0
-0
-0
-0
5.30537
-0
8.41265
7.92469
-0
0.19218
1.7298
-0
-0
-0
2.57882
-0
8.55679
3.07321
-0
35.6449
-0
7.09955
8.16058
-0
-0
-0
-0
-0
-0
-0
-0
-0
-0
-0
-0
3.72163
13.1335
-0
27.0978
8.61001
-0
17.021
49.9137
-0
-0
-0
-0
19.8144
-0
-0
-0
7.07731
36.4779
-0
0.616208
-0
13.1028
9.15781
6.07394
-0
-0
-0
22.8948
-0
-0
8.31732
-0
-0
-0
-0
27.8858
-0
-0
-0
-0
-0
-0
11.2043
10.39
-0
-0
8.7273
-0
-0
-0
-0
-0
-0
-0
-0
14.0268
-0
-0
-0
-0
-0
33.0133
-0
10.3428
-0
-0
11.1681
-0
-0
30.9349
-0
1.47978
14.1106
-0
-0
-0
-0
25.0249
-0
12.1724
-0
-0
-0
-0
-0
-0
47.3589
9.30585
31.8929
-0
-0
-0
-0
-0
-0
17.6098
4.70901
-0
14.6192
-0
-0
42.1995
-0
-0
-0
-0
34.2119
9.63291
-0
22.0974
-0
-0
-0
25.9864
52.0519
-0
6.34734
2.59918
-0
17.2259
8.67008
-0
-0
24.7053
-0
-0
-0
-0
-0
-0
0.902765
-0
-0
-0
0.0894521
-0
-0
20.2374
7.97046
18.3376
-0
-0
-0
-0
8.6446
-0
-0
-0
-0
-0
-0
-0
-0
-0
26.4536
-0
-0
-0
6.78215
-0
7.60793
-0
-0
18.6793
-0
-0
-0
12.2873
-0
20.163
-0
-0
-0
-0
-0
22.4338
-0
-0
8.91832
-0
1.22971
-0
-0
-0
-0
-0
6.05771
0.338124
22.5792
-0
-0
4.24242
-0
-0
-0
-0
-0
3.21837
-0
-0
-0
-0
-0
-0
-0
-0
-0
-0
-0
-0
-0
-0
-0
-0
17.6317
-0
-0
-0
-0
-0
-0
-0
-0
2.24609
-0
-0
2.1247
-0
-0
24.1165
-0
-0
-0
-0
-0
50.6208
-0
-0
-0
-0
-0
-0
16.4061
37.4344
4.55012
-0
0.119992
1.74011
-0
-0
-0
-0
-0
-0
-0
-0
-0
-0
-0
-0
-0
-0
-0
-0
-0
32.4775
-0
-0
-0
-0
28.7535
-0
28.5102
-0
-0
-0
-0
15.418
-0
-0
-0
-0
-0
-0
-0
-0
-0
-0
-0
-0
-0
-0
-0
-0
0.235433
-0
-0
-0
-0
-0
-0
-0
-0
-0
-0
38.8033
-0
-0
-0
-0
26.5882
19.2292
-0
-0
27.8111
-0
-0
4.5857
17.5722
-0
-0
-0
-0
-0
-0
-0
-0
10.4028
-0
-0
-0
8.29475
-0
3.5712
-0
-0
-0
-0
-0
-0
-0
-0
2.31987
-0
-0
-0
-0
-0
-0
32.5905
-0
20.0954
-0
0.960383
-0
-0
-0
-0
-0
-0
0.491763
4.49955
-0
-0
9.94422
-0
-0
-0
-0
49.171
-0
-0
-0
-0
3.45716
-0
-0
13.5805
-0
-0
-0
-0
-0
-0
-0
-0
-0
10.3328
5.65116
-0
-0
-0
-0
-0
-0
-0
-0
-0
-0
-0
-0
-0
-0
-0
24.8098
-0
-0
-0
-0
-0
10.5449
-0
3.27667
39.627
1.2919
-0
-0
-0
-0
-0
-0
-0
-0
-0
10.5771
-0
-0
6.69236
-0
-0
-0
22.8832
3.8299
-0
-0
-0
-0
-0
21.4933
-0
-0
-0
-0
-0
-0
-0
18.0797
-0
-0
-0
-0
-0
-0
-0
-0
-0
-0
-0
-0
-0
-0
-0
9.43434
-0
-0
-0
-0
-0
1.82044
15.4198
-0
-0
-0
-0
-0
-0
-0
4.66942
34.408
0.863427
7.7173
-0
-0
-0
-0
-0
-0
-0
-0
25.1297
6.01833
-0
-0
0.00722419
47.6589
-0
-0
-0
-0
-0
12.0819
-0
-0
-0
-0
-0
-0
8.93501
-0
-0
-0
-0
-0
-0
-0
38.717
-0
-0
12.841
5.9122
-0
-0
-0
1.11661
-0
-0
14.0489
-0
18.5675
-0
-0
-0
-0
-0
-0
4.46745
-0
-0
-0
-0
-0
-0
-0
-0
-0
-0
-0
-0
-0
12.2011
14.8128
-0
1.10426
-0
-0
-0
1.86552
-0
-0
-0
30.0184
-0
-0
-0
6.14152
-0
-0
-0
-0
27.0698
-0
4.74747
-0
-0
-0
-0
-0
-0
-0
8.56681
23.7017
20.1615
-0
-0
-0
-0
-0
-0
-0
-0
-0
-0
-0
-0
23.3783
-0
-0
14.089
-0
-0
-0
9.0277
68.3825
-0
-0
-0
-0
39.5528
-0
40.9568
-0
11.3577
-0
-0
-0
-0
-0
7.68565
-0
-0
-0
-0
17.5459
35.7058
-0
-0
-0
-0
-0
-0
38.1943
-0
-0
-0
-0
-0
-0
20.6541
-0
-0
-0
-0
10.3806
-0
-0
33.9071
-0
-0
-0
-0
-0
-0
36.2764
-0
-0
9.79529
-0
-0
1.59466
-0
12.8779
-0
6.87325
-0
2.75732
5.84333
-0
-0
19.6456
-0
14.3769
17.5384
-0
-0
6.68176
-0
-0
-0
-0
-0
-0
-0
-0
-0
-0
-0
-0
-0
16.9577
15.0983
-0
10.2334
-0
-0
-0
0.303857
12.3535
-0
-0
-0
7.65112
11.2247
20.3634
20.1195
11.4663
-0
-0
14.5159
17.5124
-0
-0
26.1099
-0
-0
54.103
3.53532
-0
-0
-0
10.7118
-0
18.0995
-0
-0
-0
0.36274
15.6268
-0
-0
-0
-0
16.3829
15.898
-0
21.3576
9.53956
-0
-0
-0
3.83251
-0
-0
-0
-0
-0
-0
25.5534
-0
21.9969
-0
-0
1.73661
8.83395
-0
32.6096
39.5842
-0
-0
5.65843
2.76849
-0
-0
-0
-0
-0
-0
-0
-0
-0
-0
-0
-0
0.61434
-0
-0
-0
-0
12.0476
-0
21.9643
49.4003
-0
-0
-0
29.256
-0
-0
-0
8.14355
-0
-0
-0
-0
-0
-0
-0
-0
-0
-0
15.9867
6.04989
-0
-0
-0
-0
-0
17.7567
-0
-0
-0
2.73478
10.3892
-0
-0
24.4265
-0
13.687
8.72088
-0
-0
-0
-0
18.9295
-0
-0
-0
-0
-0
2.19826
-0
12.3845
-0
-0
-0
-0
-0
-0
-0
-0
22.4708
-0
-0
-0
2.67889
6.62443
-0
-0
-0
-0
-0
-0
-0
-0
1.38212
36.3715
36.0227
-0
-0
-0
-0
-0
-0
-0
1.91746
-0
-0
-0
1.74738
-0
-0
-0
21.8937
-0
-0
-0
-0
-0
10.6903
18.694
-0
31.0734
-0
-0
-0
7.58208
-0
-0
-0
-0
42.2162
12.6825
-0
-0
34.6251
-0
-0
-0
-0
-0
-0
-0
-0
17.4671
30.2788
-0
-0
-0
-0
1.41493
-0
9.94448
-0
-0
-0
6.08636
-0
-0
14.2947
-0
-0
-0
-0
-0
-0
-0
15.7407
-0
-0
11.2429
-0
-0
-0
1.72831
44.4332
-0
-0
-0
-0
-0
-0
-0
-0
-0
-0
-0
-0
5.01598
8.03936
8.29523
-0
-0
-0
-0
-0
-0
0.560421
-0
-0
-0
26.0667
-0
-0
-0
-0
-0
7.14684
-0
-0
-0
-0
24.3739
-0
-0
28.5003
-0
-0
2.1826
-0
-0
-0
-0
-0
-0
-0
-0
-0
33.0389
-0
-0
-0
0.116303
-0
-0
-0
-0
-0
8.17583
47.2817
26.3549
-0
-0
-0
-0
-0
-0
-0
-0
-0
-0
-0
-0
-0
16.7461
-0
-0
-0
-0
-0
3.17488
-0
9.25742
-0
-0
-0
-0
-0
-0
-0
28.1591
-0
10.2352
-0
-0
-0
-0
-0
-0
-0
-0
-0
6.54898
-0
1.59412
6.35128
-0
-0
48.3396
2.1351
-0
-0
-0
-0
-0
-0
-0
14.4451
-0
-0
-0
-0
-0
0.188159
-0
-0
0.44683
-0
-0
-0
-0
-0
2.63327
6.56217
-0
-0
-0
28.9574
4.24905
-0
-0
-0
-0
-0
-0
-0
19.9372
-0
-0
-0
31.483
-0
-0
-0
-0
-0
-0
-0
-0
33.3175
-0
-0
-0
-0
20.3964
-0
6.9904
0.0834007
30.8792
27.3754
46.6666
-0
1.74665
27.8971
-0
54.0826
-0
-0
7.58488
-0
-0
-0
-0
16.3497
-0
-0
3.4433
-0
3.78933
-0
-0
4.84431
-0
-0
-0
10.6572
-0
-0
-0
36.1939
-0
7.62721
-0
6.80468
27.6304
-0
-0
1.62219
3.61239
2.76033
-0
9.92889
-0
-0
-0
-0
-0
23.9972
-0
-0
-0
-0
-0
29.2926
30.165
-0
-0
8.27609
7.99108
25.1069
5.55482
-0
-0
-0
-0
-0
-0
-0
10.7858
0.248394
-0
-0
-0
13.3826
-0
-0
-0
-0
-0
-0
-0
-0
27.4186
-0
-0
-0
-0
-0
3.20004
0.0690688
-0
9.12573
-0
3.63599
-0
-0
-0
-0
-0
0.710872
-0
58.0906
6.54211
-0
0.66328
-0
13.152
-0
1.42432
-0
-0
-0
-0
44.1682
2.47833
-0
-0
-0
-0
1.78301
-0
27.0717
13.3282
-0
-0
-0
-0
3.37879
-0
-0
-0
-0
-0
-0
-0
-0
-0
-0
-0
8.18766
-0
-0
14.4203
-0
0.279605
1.06942
-0
23.2863
28.7577
-0
22.8129
-0
-0
-0
-0
9.35213
-0
-0
-0
6.56631
-0
16.1164
-0
-0
-0
-0
-0
-0
-0
-0
-0
4.81816
-0
-0
-0
-0
-0
6.73073
9.46714
-0
-0
-0
75.0689
-0
-0
-0
-0
-0
-0
-0
-0
-0
-0
-0
-0
-0
10.3286
-0
-0
9.5811
-0
17.9106
3.68922
-0
-0
23.119
-0
-0
-0
-0
-0
-0
-0
35.8957
-0
-0
-0
0.843545
-0
-0
-0
45.5716
-0
-0
-0
-0
-0
19.0061
-0
-0
-0
-0
9.70089
-0
-0
-0
-0
40.1248
-0
-0
-0
8.53468
-0
-0
-0
-0
-0
-0
-0
-0
7.7325
-0
-0
-0
-0
-0
-0
-0
-0
-0
-0
-0
-0
-0
4.39289
-0
-0
13.7759
-0
-0
-0
-0
-0
-0
-0
-0
-0
-0
-0
-0
-0
-0
-0
-0
-0
-0
-0
-0
-0
-0
-0
-0
-0
-0
0.167383
-0
-0
-0
13.7991
-0
-0
-0
-0
10.029
-0
-0
-0
-0
-0
8.85313
-0
8.97211
-0
-0
-0
-0
12.1553
-0
-0
-0
-0
4.67286
-0
-0
-0
-0
6.69331
-0
1.44785
17.6894
-0
-0
-0
-0
-0
-0
-0
25.5981
26.4513
-0
-0
-0
-0
7.95955
-0
-0
13.3261
-0
-0
-0
-0
43.5392
19.4955
-0
-0
-0
-0
-0
13.606
-0
-0
-0
-0
-0
-0
-0
-0
-0
-0
-0
-0
52.3668
14.1325
8.97687
7.70094
34.9046
-0
25.7073
-0
30.4722
-0
-0
-0
-0
-0
2.39788
-0
-0
-0
-0
-0
-0
-0
-0
-0
-0
19.6333
-0
-0
5.21255
-0
-0
-0
7.84603
-0
-0
-0
-0
-0
-0
-0
-0
31.5111
-0
3.74439
-0
-0
-0
-0
0.0343855
-0
-0
11.9776
25.8423
-0
-0
-0
-0
-0
-0
-0
-0
-0
-0
-0
1.97555
-0
20.6801
-0
-0
-0
-0
-0
-0
24.6193
-0
-0
8.62396
3.4258
-0
-0
-0
-0
-0
-0
7.16725
2.15931
-0
-0
-0
-0
-0
-0
-0
-0
28.3252
-0
24.4492
-0
-0
-0
-0
-0
-0
-0
-0
-0
-0
27.67
9.05569
-0
5.06378
-0
-0
-0
-0
-0
-0
18.0194
48.7253
-0
-0
4.30972
-0
-0
5.76169
11.8945
-0
-0
-0
-0
-0
-0
43.8077
29.6335
-0
-0
-0
-0
-0
-0
-0
-0
12.3749
-0
-0
-0
-0
-0
12.5313
-0
-0
-0
-0
-0
-0
-0
-0
-0
-0
-0
-0
-0
13.132
8.64387
-0
25.3736
-0
-0
-0
-0
-0
-0
-0
-0
-0
-0
-0
-0
-0
-0
-0
-0
-0
-0
-0
-0
-0
-0
-0
-0
-0
-0
-0
0.223228
-0
-0
-0
-0
-0
-0
-0
-0
-0
0.245971
-0
-0
-0
-0
19.1497
17.8684
21.77
11.8994
-0
-0
11.9535
-0
-0
0.996034
-0
-0
11.6617
-0
27.7735
-0
-0
-0
-0
-0
-0
-0
-0
-0
19.7112
-0
-0
-0
-0
-0
-0
24.3144
-0
-0
11.5256
2.21543
-0
-0
-0
22.5158
-0
19.6539
-0
-0
-0
31.0709
-0
31.1776
-0
49.3512
31.9826
-0
20.1998
10.9984
-0
-0
19.0851
-0
-0
14.6783
-0
1.50853
-0
-0
-0
-0
-0
-0
-0
-0
0.657462
-0
-0
-0
-0
-0
25.9649
-0
-0
-0
22.7778
10.8029
-0
-0
-0
-0
-0
44.8344
7.31355
-0
-0
-0
-0
-0
-0
6.11397
-0
-0
-0
8.77261
-0
-0
-0
-0
-0
-0
-0
-0
35.2032
-0
9.60631
-0
-0
-0
35.7716
-0
-0
-0
-0
-0
-0
-0
-0
-0
-0
-0
33.0801
-0
-0
-0
-0
2.20242
-0
50.397
-0
6.02973
-0
0.473124
0.261625
23.0483
-0
-0
12.5233
-0
9.66418
4.48889
-0
22.6615
-0
-0
7.56173
-0
15.2338
-0
-0
8.43792
-0
6.39523
20.3112
30.3028
-0
-0
-0
-0
3.33448
-0
10.9429
2.1208
-0
-0
1.39848
-0
-0
14.9727
-0
-0
-0
-0
-0
-0
0.735793
-0
-0
-0
16.6119
-0
-0
8.62518
-0
-0
-0
-0
26.1871
-0
-0
1.90437
-0
15.7257
45.0305
-0
-0
-0
5.02534
-0
-0
-0
-0
-0
-0
-0
-0
-0
-0
-0
-0
27.8655
-0
-0
-0
23.9243
-0
-0
-0
-0
-0
-0
-0
-0
-0
-0
-0
-0
-0
20.9297
-0
-0
5.04028
-0
-0
-0
-0
8.72339
-0
-0
11.3238
-0
-0
-0
41.6216
-0
-0
-0
9.37769
-0
22.0812
-0
-0
1.8931
-0
-0
15.0017
13.6141
-0
3.91199
-0
-0
15.6228
11.5035
-0
7.72899
17.3793
-0
-0
-0
-0
-0
4.87394
-0
-0
0.561889
9.74611
-0
-0
-0
-0
-0
-0
-0
-0
-0
-0
29.161
1.26696
-0
-0
-0
-0
-0
-0
1.99779
1.19854
-0
-0
-0
-0
-0
-0
31.541
27.9528
-0
-0
-0
-0
-0
-0
-0
-0
10.4808
11.8163
-0
35.0677
0.65337
20.3181
-0
-0
-0
7.95609
-0
9.97216
1.71074
-0
-0
-0
25.8582
-0
25.1955
-0
-0
-0
-0
11.6734
-0
-0
-0
-0
-0
-0
-0
4.03811
17.9383
-0
0.211959
-0
-0
-0
-0
-0
-0
10.4156
16.691
-0
-0
-0
-0
7.80492
20.3025
-0
-0
-0
-0
-0
-0
-0
-0
3.51658
-0
22.5048
-0
32.7671
2.66346
-0
-0
-0
18.6039
-0
-0
-0
9.95159
-0
-0
-0
28.3006
-0
-0
-0
-0
-0
-0
-0
-0
-0
-0
-0
-0
-0
-0
-0
-0
-0
-0
-0
-0
2.69836
-0
-0
5.61397
-0
-0
11.9036
-0
-0
14.8122
-0
-0
-0
-0
-0
-0
26.4242
-0
-0
13.7696
-0
-0
-0
26.5529
14.1043
28.9852
4.95111
-0
-0
8.09138
39.5511
-0
7.25459
-0
2.11233
-0
14.4848
-0
-0
-0
-0
-0
-0
38.1288
-0
-0
-0
21.9773
-0
-0
11.7675
-0
-0
-0
-0
-0
4.12495
-0
-0
-0
-0
-0
-0
-0
-0
-0
-0
-0
-0
-0
2.36472
-0
-0
-0
-0
-0
-0
-0
-0
-0
-0
-0
-0
-0
-0
-0
27.456
-0
-0
26.846
-0
-0
-0
1.5508
-0
-0
-0
-0
-0
7.44416
-0
-0
-0
1.1163
-0
1.75459
32.9615
6.43988
-0
-0
-0
14.3072
-0
-0
-0
-0
-0
24.2884
-0
-0
-0
-0
-0
11.1426
-0
-0
-0
-0
4.85257
-0
-0
5.17706
-0
-0
-0
-0
-0
16.4661
-0
-0
-0
-0
-0
-0
-0
-0
6.8371
-0
-0
-0
-0
32.2109
-0
-0
-0
20.5148
-0
-0
-0
-0
-0
-0
-0
39.5921
28.7091
-0
-0
-0
-0
-0
-0
-0
-0
-0
-0
-0
0.402716
-0
-0
-0
-0
47.543
42.4652
-0
8.8635
-0
-0
-0
-0
-0
-0
25.8522
-0
-0
-0
-0
-0
-0
-0
4.45256
-0
-0
-0
-0
-0
-0
-0
-0
-0
-0
-0
-0
-0
6.96313
24.7665
-0
51.6424
-0
-0
-0
-0
-0
1.33893
-0
13.2117
5.42205
-0
-0
-0
-0
-0
-0
-0
-0
-0
-0
10.0328
-0
-0
-0
25.838
40.3875
-0
-0
-0
-0
-0
-0
-0
-0
-0
22.7184
-0
-0
15.1613
-0
0.0972048
5.94699
16.936
6.86406
32.3806
9.058
0.709611
-0
34.6151
-0
5.72134
-0
-0
-0
13.7362
-0
3.12304
-0
-0
-0
-0
-0
-0
-0
-0
-0
16.1286
-0
-0
-0
-0
-0
16.8616
-0
-0
-0
-0
-0
-0
7.94826
41.7961
-0
8.48192
-0
-0
-0
-0
-0
-0
-0
-0
-0
10.0368
-0
-0
-0
18.8531
-0
-0
-0
-0
40.9676
6.00131
7.51237
-0
-0
-0
-0
-0
-0
-0
-0
4.31087
-0
-0
-0
-0
-0
21.3777
-0
11.4382
-0
-0
-0
28.5294
-0
19.7127
-0
-0
-0
-0
-0
-0
-0
-0
-0
-0
-0
7.3353
-0
-0
-0
7.35205
-0
-0
-0
-0
-0
-0
4.32683
-0
-0
-0
15.2784
-0
15.1217
-0
30.9311
49.2923
-0
-0
-0
27.314
-0
9.50095
33.6939
-0
-0
23.8516
-0
30.9653
-0
26.7167
-0
-0
17.6834
47.7673
-0
-0
-0
-0
-0
-0
-0
-0
16.4655
2.46414
-0
-0
-0
-0
-0
-0
-0
-0
-0
1.55236
-0
-0
16.0867
-0
-0
-0
4.94419
15.3315
-0
-0
-0
-0
2.43056
-0
-0
-0
-0
20.7154
-0
-0
-0
-0
-0
8.82079
21.2227
-0
-0
-0
-0
6.92574
-0
-0
1.95855
-0
4.02492
3.00749
-0
-0
-0
-0
-0
-0
8.81307
-0
-0
-0
-0
-0
-0
1.29281
-0
-0
-0
-0
40.0484
12.7801
-0
-0
-0
3.27758
-0
-0
-0
-0
-0
-0
4.26377
-0
-0
20.762
38.7181
16.2644
-0
18.5084
-0
-0
-0
-0
-0
-0
-0
-0
-0
-0
-0
-0
-0
-0
-0
6.57735
-0
-0
13.7492
-0
-0
-0
-0
-0
-0
-0
-0
-0
-0
5.26409
-0
9.13216
-0
-0
-0
4.10321
-0
-0
-0
-0
7.05554
-0
-0
28.0372
-0
-0
-0
-0
-0
-0
-0
-0
-0
-0
-0
9.57495
-0
-0
-0
-0
-0
-0
11.7684
-0
-0
12.9655
-0
11.0849
-0
8.46813
0.596757
-0
-0
-0
-0
-0
1.9395
-0
-0
-0
-0
2.30587
3.45223
-0
32.1057
-0
-0
-0
-0
-0
18.4675
17.9002
-0
-0
4.88695
14.3543
-0
-0
-0
-0
5.02761
-0
-0
24.9713
-0
-0
6.32979
34.4367
-0
14.1422
16.6743
10.2447
-0
23.3269
-0
-0
-0
-0
-0
-0
-0
-0
-0
-0
11.5745
-0
-0
16.9339
-0
-0
-0
-0
-0
-0
31.926
22.3566
-0
-0
-0
-0
-0
-0
-0
9.28022
-0
-0
-0
-0
6.96771
-0
-0
-0
-0
-0
-0
-0
37.5741
-0
-0
-0
-0
-0
-0
-0
2.06828
4.27124
-0
19.1714
-0
10.5228
-0
-0
42.809
-0
-0
-0
-0
-0
-0
-0
-0
34.155
26.6275
-0
-0
26.6794
-0
-0
-0
32.2938
-0
-0
-0
-0
-0
-0
-0
-0
-0
-0
-0
4.88699
-0
-0
-0
19.5002
6.9559
-0
-0
-0
-0
-0
-0
14.3436
-0
-0
9.8475
-0
-0
1.70097
-0
-0
-0
-0
-0
-0
-0
-0
-0
9.17821
-0
-0
-0
-0
-0
19.4813
-0
-0
15.6472
-0
-0
-0
17.123
-0
-0
-0
-0
-0
-0
-0
-0
41.8009
-0
-0
-0
18.0741
-0
-0
-0
-0
-0
-0
-0
-0
-0
-0
-0
8.47617
-0
-0
-0
19.7901
-0
-0
-0
-0
-0
-0
-0
-0
-0
-0
-0
-0
-0
-0
23.284
-0
3.81074
-0
-0
16.9559
47.1253
-0
-0
-0
-0
-0
-0
-0
-0
-0
-0
-0
41.926
4.62591
-0
12.0032
-0
-0
20.7692
31.3856
-0
-0
28.1869
5.84445
6.30097
-0
-0
-0
-0
4.01246
-0
-0
-0
-0
-0
-0
-0
14.8142
-0
14.8644
-0
-0
-0
-0
-0
-0
-0
-0
0.270205
-0
-0
-0
-0
19.6992
-0
-0
-0
16.8429
6.35774
-0
26.2784
-0
-0
-0
-0
21.3074
-0
-0
-0
-0
24.057
-0
1.25315
0.347895
-0
-0
-0
-0
9.98569
-0
-0
-0
-0
-0
-0
-0
-0
-0
-0
-0
-0
12.6939
-0
-0
-0
-0
29.0921
-0
5.79066
-0
10.3688
-0
-0
-0
-0
-0
-0
13.0376
-0
-0
-0
-0
9.32016
-0
-0
-0
-0
4.80855
-0
-0
-0
-0
-0
-0
-0
-0
-0
0.218173
-0
-0
16.0311
-0
2.92025
29.6614
-0
11.8041
-0
-0
-0
-0
-0
-0
-0
-0
-0
19.2063
-0
-0
-0
-0
30.5233
-0
-0
18.2076
-0
34.3114
11.81
-0
-0
14.2446
-0
-0
-0
-0
-0
0.817483
-0
-0
-0
-0
-0
-0
-0
-0
-0
-0
-0
-0
-0
-0
18.2339
-0
-0
-0
-0
-0
2.0339
-0
-0
-0
-0
-0
7.33947
-0
4.62737
-0
2.4874
-0
-0
16.6336
-0
-0
24.3023
-0
-0
-0
15.0933
-0
-0
-0
-0
14.5097
-0
-0
-0
-0
7.35866
-0
49.0296
-0
-0
-0
-0
10.8577
-0
28.3028
-0
-0
30.9898
4.34016
-0
-0
1.12957
-0
-0
3.45583
-0
24.9984
8.40502
-0
-0
-0
-0
-0
15.3566
-0
-0
-0
-0
1.83451
-0
8.80641
-0
-0
-0
-0
-0
-0
-0
-0
2.20234
-0
-0
-0
-0
-0
2.88494
-0
-0
-0
-0
-0
-0
-0
-0
18.1788
-0
16.6446
-0
36.8024
-0
-0
25.3297
-0
-0
18.9897
-0
-0
-0
-0
-0
-0
-0
-0
-0
7.03076
-0
-0
6.53894
-0
-0
-0
-0
-0
13.1283
-0
-0
37.4226
-0
9.06282
-0
2.12519
-0
10.326
-0
-0
-0
-0
-0
-0
-0
-0
18.0149
-0
-0
-0
24.6491
27.8614
-0
36.7043
-0
-0
-0
-0
-0
-0
-0
18.4231
-0
-0
-0
1.82451
0.746663
-0
-0
21.2329
32.7619
-0
6.45517
-0
-0
-0
6.88232
-0
38.753
-0
-0
-0
-0
-0
-0
-0
-0
-0
-0
5.75984
49.7397
-0
-0
-0
-0
-0
7.68727
7.10846
9.63831
-0
26.7787
-0
-0
-0
-0
-0
-0
47.6159
-0
-0
-0
-0
-0
-0
-0
15.0468
36.1245
-0
1.53306
-0
-0
-0
0.533814
-0
-0
-0
32.3296
-0
-0
-0
9.41507
-0
38.551
2.9134
15.9179
-0
-0
-0
-0
-0
7.53454
-0
-0
-0
-0
-0
4.01025
-0
-0
-0
-0
-0
-0
-0
1.1978
-0
-0
17.5777
-0
-0
1.33467
-0
-0
16.1508
26.3821
5.33736
-0
-0
-0
2.03598
-0
-0
28.9764
-0
-0
-0
10.2375
-0
-0
2.19622
10.5703
-0
-0
-0
-0
16.8239
1.90225
-0
24.3615
-0
-0
-0
-0
-0
18.5037
-0
35.4682
-0
-0
16.8735
-0
-0
-0
-0
-0
-0
-0
-0
12.4033
-0
-0
-0
-0
-0
-0
-0
-0
-0
-0
16.7017
-0
-0
14.7517
-0
-0
-0
14.1805
-0
-0
18.3111
-0
-0
-0
-0
-0
7.59513
-0
-0
-0
5.19029
-0
27.4399
-0
-0
-0
-0
-0
-0
24.7268
-0
-0
-0
-0
6.9633
-0
-0
-0
-0
-0
-0
5.95402
-0
-0
3.58433
1.70163
-0
-0
-0
25.1994
-0
-0
1.24467
-0
-0
31.7993
-0
-0
-0
-0
-0
-0
-0
-0
-0
18.5171
-0
-0
-0
-0
-0
-0
1.88859
-0
-0
14.3947
-0
-0
-0
-0
33.4423
-0
-0
-0
-0
-0
-0
-0
-0
-0
-0
18.0553
-0
-0
34.7263
-0
-0
-0
-0
-0
-0
-0
-0
-0
-0
-0
5.55971
-0
-0
4.65412
-0
20.3488
24.123
20.7866
-0
13.3585
4.95109
-0
22.1412
-0
-0
-0
-0
-0
1.55701
-0
10.6364
-0
7.84148
-0
4.57404
-0
-0
-0
3.27354
-0
-0
16.3317
-0
-0
-0
-0
-0
-0
-0
36.7449
-0
-0
58.9119
-0
-0
11.1749
44.3293
-0
-0
-0
-0
-0
-0
-0
47.6653
-0
-0
-0
-0
-0
19.2683
-0
-0
-0
-0
-0
-0
-0
21.4173
-0
-0
-0
-0
1.56555
6.79172
-0
-0
-0
-0
-0
-0
-0
40.057
-0
-0
2.783
-0
-0
-0
-0
-0
-0
-0
-0
-0
-0
-0
-0
-0
-0
-0
44.2534
-0
-0
-0
-0
3.2334
-0
-0
25.7189
-0
-0
-0
-0
-0
-0
-0
-0
20.2229
-0
7.00692
-0
-0
3.9658
-0
-0
10.053
-0
-0
-0
4.98673
-0
-0
-0
-0
-0
-0
8.60729
-0
-0
-0
-0
-0
16.3501
-0
-0
-0
-0
22.3041
-0
-0
-0
5.82789
-0
-0
-0
-0
-0
-0
-0
-0
-0
-0
-0
-0
-0
1.72673
-0
-0
36.7068
-0
24.1553
-0
12.1031
36.5708
-0
11.261
31.6024
-0
-0
13.0606
-0
13.4573
-0
-0
1.00988
-0
30.5258
5.10374
-0
-0
-0
-0
-0
-0
-0
21.5955
13.1882
-0
-0
-0
25.325
45.541
-0
-0
-0
-0
-0
0.851029
-0
-0
-0
20.796
-0
0.327546
9.0754
-0
-0
9.03594
57.7495
-0
-0
-0
-0
-0
28.0293
10.7756
-0
-0
-0
-0
34.0356
-0
-0
-0
-0
10.693
-0
-0
48.5013
-0
34.147
-0
0.159496
-0
4.01407
0.746872
-0
3.05588
8.66531
37.8634
-0
-0
38.1045
-0
-0
11.2095
-0
-0
14.3121
-0
-0
-0
-0
-0
-0
3.29381
-0
-0
-0
-0
19.8419
-0
-0
-0
-0
-0
-0
59.4513
-0
-0
-0
-0
-0
-0
-0
-0
-0
-0
-0
-0
-0
-0
-0
5.79916
17.485
-0
-0
-0
32.6543
-0
-0
-0
15.7645
-0
-0
-0
-0
-0
-0
-0
-0
-0
-0
21.2738
-0
-0
-0
-0
-0
-0
-0
-0
-0
-0
-0
0.802249
-0
-0
-0
5.11322
-0
-0
-0
8.84749
-0
-0
-0
-0
27.3042
-0
-0
-0
1.56975
-0
-0
-0
28.2597
-0
-0
48.1649
11.3552
-0
-0
-0
6.93843
-0
14.3772
27.0225
-0
-0
4.5894
30.6737
-0
21.6673
-0
-0
-0
-0
-0
-0
-0
-0
1.40669
-0
-0
5.40614
-0
-0
-0
-0
7.27281
18.4495
9.80935
-0
-0
36.2759
-0
-0
6.1976
-0
-0
-0
16.2725
-0
-0
-0
-0
-0
-0
0.436052
-0
-0
16.2531
1.04266
44.5871
-0
-0
-0
-0
-0
-0
-0
16.7268
-0
6.12345
-0
7.3182
28.5226
-0
-0
-0
-0
45.5688
-0
-0
-0
-0
23.2941
-0
-0
-0
