1.28125
-0
11.5396
-0
-0
5.81453
-0
-0
-0
-0
6.91097
-0
-0
-0
-0
9.53153
-0
-0
-0
-0
-0
28.5452
-0
-0
16.2905
-0
-0
-0
-0
-0
-0
-0
-0
-0
7.20611
-0
-0
-0
-0
-0
-0
-0
-0
0.358786
-0
-0
-0
25.2031
-0
11.812
-0
-0
-0
-0
-0
-0
-0
0.151377
-0
-0
-0
-0
16.84
-0
9.76145
-0
2.41892
0.10522
-0
-0
-0
-0
-0
-0
-0
6.02989
26.3663
-0
-0
2.21227
-0
62.54
11.0471
-0
-0
-0
-0
7.16148
-0
-0
-0
-0
-0
-0
19.4918
-0
15.5196
2.67243
-0
-0
-0
-0
-0
20.2182
-0
-0
9.65814
17.2428
-0
-0
-0
9.54391
0.593243
-0
5.56937
22.5999
3.67563
-0
38.8253
61.4516
-0
8.29282
6.35792
-0
15.0093
-0
20.4263
-0
-0
-0
-0
-0
18.8594
-0
-0
-0
19.6917
3.33734
-0
15.3738
13.6716
-0
-0
27.3003
19.8766
-0
-0
-0
-0
-0
3.08074
-0
-0
-0
5.02601
-0
6.48176
0.677469
-0
0.146499
14.4287
-0
-0
23.4388
3.53757
-0
5.77462
27.0962
-0
47.6678
10.55
9.0523
14.4796
-0
3.87244
-0
20.6062
-0
6.55642
-0
-0
-0
-0
-0
-0
30.267
-0
-0
23.334
-0
15.3988
10.7812
42.0622
2.24063
-0
-0
-0
3.62557
-0
-0
-0
21.7263
35.3186
-0
12.202
-0
-0
4.93358
-0
-0
-0
11.6696
13.6997
-0
-0
4.86165
-0
20.6635
-0
-0
-0
-0
-0
-0
-0
-0
-0
-0
-0
-0
-0
7.9217
-0
-0
-0
-0
-0
-0
-0
-0
11.292
2.47961
-0
-0
-0
-0
7.20727
-0
-0
-0
-0
-0
-0
-0
6.20814
-0
-0
33.4063
-0
-0
-0
-0
-0
-0
-0
-0
-0
-0
-0
-0
-0
29.4612
18.1364
41.5724
-0
-0
-0
-0
-0
-0
3.2791
9.34196
-0
30.2948
-0
-0
-0
14.0506
-0
-0
-0
44.9499
8.60168
-0
52.3338
-0
7.6911
-0
26.2771
44.3275
-0
-0
4.99068
6.81083
30.5904
28.0359
-0
-0
44.9184
-0
14.8033
-0
-0
-0
4.92514
1.83514
-0
-0
-0
1.3532
-0
-0
-0
42.0198
31.6341
-0
-0
-0
-0
22.2085
-0
-0
12.6097
25.5436
-0
-0
-0
7.87631
-0
36.9244
7.83704
-0
-0
43.4524
4.72726
-0
7.47559
-0
11.1238
-0
8.42353
-0
5.8468
-0
48.8493
-0
-0
-0
-0
-0
15.9729
-0
-0
6.39114
-0
0.849051
-0
-0
15.6233
-0
-0
10.1673
-0
14.5612
-0
-0
16.3209
1.14362
12.1497
-0
-0
-0
-0
-0
-0
16.4663
18.6754
-0
-0
-0
-0
-0
-0
-0
-0
9.42928
-0
-0
-0
26.3861
11.917
-0
-0
-0
-0
-0
-0
13.8516
-0
-0
-0
-0
-0
-0
29.813
1.73396
-0
-0
-0
-0
7.47622
-0
-0
-0
-0
-0
25.5436
24.2395
42.5232
33.2365
-0
3.10142
-0
-0
-0
-0
-0
-0
-0
-0
-0
-0
8.81446
-0
-0
-0
-0
-0
-0
-0
-0
17.3688
-0
-0
18.0065
7.95871
-0
23.5772
-0
-0
-0
-0
46.6299
-0
-0
-0
-0
-0
11.5599
-0
-0
-0
-0
-0
1.1055
-0
15.0626
-0
-0
-0
-0
-0
-0
39.2664
-0
-0
-0
-0
-0
20.3498
31.3201
-0
6.49979
0.543852
-0
-0
-0
-0
-0
24.7201
-0
-0
-0
2.33501
1.78271
-0
35.048
-0
-0
-0
-0
-0
0.259424
-0
-0
-0
-0
19.6718
10.7741
-0
-0
20.5856
-0
-0
-0
-0
23.1891
14.8672
6.36368
-0
-0
-0
-0
-0
10.5845
8.62917
31.1755
21.9868
-0
-0
-0
-0
-0
-0
-0
4.26698
-0
3.14526
-0
15.5843
-0
-0
-0
-0
20.1735
4.32748
2.79612
-0
14.3842
16.0424
-0
-0
48.1435
-0
-0
-0
4.62265
-0
-0
17.387
-0
35.8923
32.1498
43.7282
10.9939
-0
-0
-0
16.469
-0
-0
-0
-0
-0
-0
-0
-0
5.9675
22.9439
48.3512
10.8218
-0
-0
-0
-0
-0
-0
12.2084
26.0957
1.46345
19.0442
-0
-0
-0
-0
1.83261
-0
5.11887
-0
-0
-0
-0
22.1277
-0
-0
-0
0.557619
10.9466
-0
-0
-0
-0
-0
-0
-0
-0
-0
-0
0.797318
-0
-0
4.36903
-0
-0
-0
-0
5.06901
-0
-0
1.30993
-0
-0
-0
-0
-0
-0
-0
-0
1.07331
-0
-0
-0
1.95678
-0
29.206
-0
-0
-0
-0
16.4546
5.75621
13.3043
16.6102
23.1911
-0
37.8848
20.5432
-0
-0
-0
23.1985
-0
-0
-0
45.607
18.2647
-0
-0
-0
55.8158
9.04258
9.29973
-0
-0
-0
14.3366
0.186448
-0
-0
-0
-0
-0
12.0699
17.3656
-0
2.53335
-0
-0
-0
-0
50.3792
-0
-0
6.9134
26.1714
1.77255
-0
-0
5.53433
-0
0.394924
20.039
-0
9.66483
-0
-0
-0
-0
-0
13.616
-0
-0
-0
-0
5.67599
-0
-0
-0
26.1636
6.6802
3.2852
-0
-0
13.2853
-0
17.3474
-0
0.938944
-0
-0
-0
-0
4.22604
-0
-0
17.8087
-0
-0
3.8478
22.1111
-0
-0
-0
-0
6.86587
19.1598
5.80128
15.7281
37.0495
-0
-0
-0
-0
6.54491
-0
51.2802
22.0247
-0
-0
17.1563
-0
-0
-0
-0
-0
-0
-0
-0
-0
36.9485
-0
8.50345
-0
-0
-0
-0
17.3436
29.2153
0.761923
20.0333
-0
-0
5.3317
-0
2.35978
-0
-0
-0
-0
-0
-0
-0
55.1597
-0
-0
12.0531
-0
21.2384
30.6468
-0
-0
-0
-0
-0
-0
16.7634
-0
-0
-0
27.2338
-0
-0
-0
-0
-0
-0
-0
5.77063
19.0101
13.605
5.9682
0.0778311
0.00593948
-0
-0
-0
-0
42.6467
-0
9.48105
0.864682
-0
-0
-0
-0
2.26159
8.07842
5.07387
7.44038
17.881
-0
-0
2.24984
1.88174
-0
13.9756
5.65433
3.68566
-0
7.46842
-0
-0
-0
11.3195
-0
-0
-0
-0
-0
-0
-0
-0
-0
16.6502
-0
5.44762
10.6699
-0
-0
-0
2.14115
4.2501
-0
-0
-0
15.3633
10.5855
26.5574
2.54886
27.692
-0
-0
0.405149
8.502
5.2499
-0
6.48154
-0
-0
37.0861
12.4906
17.1919
-0
-0
-0
-0
11.0948
-0
-0
-0
23.3895
17.3669
-0
-0
-0
-0
-0
20.0304
-0
32.399
8.49264
-0
-0
-0
28.5006
-0
1.29372
7.99721
-0
-0
-0
3.61473
26.6126
28.4538
-0
-0
-0
-0
-0
30.0233
26.4253
-0
-0
-0
-0
-0
10.0327
-0
-0
-0
-0
-0
-0
-0
20.2842
-0
-0
0.986729
-0
17.972
-0
-0
6.92789
6.05081
-0
17.6488
-0
-0
-0
15.2855
-0
-0
-0
4.68912
-0
-0
-0
-0
-0
3.4535
-0
-0
-0
-0
-0
-0
-0
-0
-0
-0
3.33696
30.2627
4.03777
-0
-0
13.2863
15.8021
-0
-0
24.5001
-0
9.61489
-0
-0
-0
-0
-0
-0
-0
4.796
22.1816
-0
-0
-0
-0
10.939
-0
-0
-0
5.40529
-0
-0
2.5146
-0
13.9599
-0
-0
2.9226
-0
-0
-0
22.9553
-0
-0
-0
-0
-0
-0
7.36119
20.6287
37.0729
-0
-0
-0
17.1559
4.0306
-0
-0
2.71306
9.01841
9.97462
21.6067
2.63113
2.10314
-0
-0
32.1393
-0
-0
-0
-0
-0
24.1628
-0
-0
45.2066
-0
-0
-0
-0
-0
-0
-0
-0
16.2454
-0
-0
-0
35.5069
-0
-0
1.07574
-0
1.0382
-0
0.483667
-0
3.15323
7.96306
-0
0.184143
-0
-0
1.79975
0.337088
31.3323
-0
-0
-0
0.054975
-0
-0
0.338474
-0
-0
-0
5.53832
-0
-0
-0
-0
13.7226
-0
5.90336
-0
-0
-0
-0
11.5187
-0
-0
5.74444
-0
-0
-0
-0
1.74628
-0
-0
16.2902
-0
3.80134
-0
4.22005
-0
21.8981
-0
-0
-0
-0
1.49489
-0
-0
0.649312
34.0231
4.45245
-0
-0
-0
59.0774
16.4407
-0
-0
-0
-0
-0
-0
-0
19.1914
-0
-0
-0
-0
0.228954
9.11191
10.3836
-0
0.164613
-0
-0
-0
31.3667
-0
-0
-0
-0
-0
10.9224
-0
-0
0.144437
35.0944
29.1942
26.7621
-0
-0
-0
-0
-0
-0
-0
-0
-0
-0
-0
-0
-0
31.2975
-0
38.7075
-0
-0
-0
32.1108
-0
34.0744
-0
5.60073
-0
-0
2.05513
-0
2.80312
4.19646
-0
22.8464
-0
-0
6.20532
-0
11.4998
-0
-0
-0
-0
11.7993
-0
2.0652
4.83964
-0
-0
50.8409
-0
-0
14.6992
25.1998
-0
-0
12.2704
-0
2.25273
-0
-0
-0
-0
-0
-0
17.4079
-0
2.41643
-0
-0
-0
13.3681
-0
2.02017
20.9355
-0
-0
-0
-0
-0
18.7646
-0
-0
-0
-0
-0
-0
45.1391
-0
-0
-0
15.228
-0
5.15519
7.72057
-0
13.3255
-0
-0
19.7632
8.61347
-0
-0
-0
-0
16.9543
-0
-0
-0
8.56751
5.80152
47.8896
-0
-0
17.2742
-0
32.6579
-0
7.06959
-0
-0
-0
-0
-0
34.0775
24.5486
-0
3.72061
22.5661
18.925
-0
-0
31.0944
-0
-0
-0
1.1938
14.3805
-0
-0
7.71673
-0
21.7028
-0
-0
33.1282
-0
-0
-0
0.753106
5.9959
-0
21.5048
-0
2.25596
-0
-0
-0
14.8871
0.610808
18.0004
-0
-0
-0
13.057
25.7787
-0
-0
20.9788
-0
17.087
-0
-0
-0
7.5326
-0
-0
18.5375
-0
-0
2.24597
-0
-0
-0
4.3024
-0
-0
-0
-0
-0
-0
3.84664
-0
17.3499
18.7567
-0
-0
-0
-0
13.1779
13.1538
12.5178
-0
-0
-0
-0
-0
-0
-0
-0
15.7881
-0
13.1673
13.6409
-0
-0
-0
25.4487
-0
-0
-0
-0
-0
-0
39.7994
-0
-0
-0
-0
5.99168
7.33369
-0
33.5545
25.5334
-0
-0
-0
-0
19.5113
-0
-0
-0
-0
-0
-0
-0
16.01
-0
-0
-0
-0
-0
4.03576
33.0532
-0
1.80639
26.5624
-0
0.22966
19.1236
0.164023
27.436
-0
-0
2.26678
-0
-0
-0
-0
-0
-0
-0
-0
-0
-0
-0
-0
-0
-0
-0
-0
10.9744
24.1482
-0
-0
-0
22.8103
-0
-0
4.76241
-0
-0
-0
64.1472
-0
-0
-0
17.1559
-0
-0
-0
-0
-0
-0
-0
-0
-0
-0
-0
-0
-0
-0
57.2788
-0
-0
-0
15.5565
-0
-0
-0
-0
-0
-0
-0
20.3127
4.21465
-0
-0
4.79929
-0
1.10074
-0
35.6304
-0
-0
-0
-0
-0
-0
-0
-0
-0
-0
2.91729
-0
-0
-0
-0
54.5629
-0
-0
-0
11.3245
-0
-0
-0
-0
-0
-0
-0
-0
3.01146
-0
-0
-0
-0
-0
-0
0.933566
23.2655
-0
-0
-0
-0
-0
17.8627
4.69786
-0
22.4347
-0
-0
9.78215
3.89016
-0
-0
5.85285
-0
-0
-0
-0
-0
-0
-0
19.2199
-0
-0
-0
-0
-0
-0
-0
-0
-0
-0
6.01453
-0
4.17442
9.51884
-0
22.6365
-0
-0
-0
-0
-0
-0
10.1539
1.50622
-0
-0
23.4732
-0
21.5311
-0
-0
-0
-0
51.4895
-0
-0
-0
-0
24.0766
-0
23.9022
13.8089
-0
31.7663
-0
2.24872
-0
-0
-0
-0
-0
-0
-0
-0
21.8318
21.5739
24.2193
8.83168
-0
45.8541
25.1084
-0
-0
2.07052
-0
9.20664
-0
-0
43.2473
5.90898
-0
13.3451
-0
-0
54.1952
46.0781
-0
28.0084
-0
6.03922
-0
1.04462
-0
20.8951
13.5512
-0
-0
-0
8.54329
3.12577
28.8605
27.2034
5.85359
-0
31.5793
4.12713
3.7932
-0
-0
2.54002
53.8669
-0
-0
24.812
-0
-0
-0
-0
-0
-0
-0
-0
-0
19.9906
-0
-0
-0
-0
-0
10.5137
1.9465
21.7772
-0
7.19932
-0
-0
10.3544
-0
12.9576
-0
-0
13.2705
25.899
-0
-0
-0
-0
-0
-0
-0
24.4773
-0
21.5642
1.98775
-0
-0
22.0592
-0
-0
-0
-0
-0
-0
-0
7.9654
-0
-0
-0
-0
-0
-0
52.9933
-0
-0
-0
22.0155
-0
-0
2.84132
-0
-0
15.4824
32.4158
22.4522
-0
-0
14.1246
-0
-0
-0
-0
-0
20.3457
-0
17.3039
-0
-0
-0
-0
4.1288
2.25319
24.4702
-0
-0
-0
11.0728
4.28861
-0
3.51958
-0
-0
4.05637
-0
-0
-0
8.52917
46.462
-0
-0
18.2649
-0
-0
19.9908
13.1622
-0
2.83082
-0
-0
13.093
-0
23.4738
21.8237
-0
-0
12.5763
33.2293
-0
-0
-0
-0
-0
-0
-0
-0
-0
-0
12.124
11.0043
-0
-0
-0
-0
-0
-0
5.50636
-0
-0
-0
-0
-0
31.5642
4.82358
-0
-0
-0
-0
-0
-0
-0
2.19463
-0
-0
12.8793
-0
-0
-0
16.1319
-0
-0
-0
9.47771
-0
-0
-0
-0
-0
-0
-0
-0
-0
-0
7.67812
-0
-0
-0
-0
-0
-0
-0
-0
-0
-0
-0
6.44668
-0
-0
43.5053
12.9903
25.1952
-0
-0
-0
36.1351
-0
14.6466
-0
-0
-0
-0
-0
35.4853
-0
13.0253
-0
-0
0.840507
-0
-0
-0
10.8411
10.7742
-0
-0
-0
32.8189
-0
-0
1.00459
-0
-0
53.195
-0
5.48208
-0
-0
13.3144
-0
24.9231
15.3955
-0
-0
-0
1.9636
-0
-0
53.4528
29.1752
5.91185
66.7106
48.1196
4.08481
-0
34.7763
-0
-0
0.767086
14.1969
0.456521
-0
-0
-0
-0
5.3792
-0
-0
-0
-0
-0
-0
-0
-0
-0
30.6758
3.12932
-0
-0
22.3171
20.8046
-0
-0
-0
8.63559
-0
29.188
10.4608
-0
-0
23.5825
12.8366
0.224862
2.19094
-0
2.23132
9.88334
-0
-0
-0
13.3142
10.7016
-0
-0
21.2153
-0
3.71347
29.3338
-0
28.6691
18.6373
18.2099
-0
40.5833
-0
-0
-0
-0
-0
-0
14.0441
-0
-0
3.35012
9.67698
1.18158
-0
-0
-0
-0
1.92833
-0
65.3986
-0
-0
-0
4.73654
0.184995
8.74058
3.98461
-0
1.66921
19.0858
41.555
3.5599
-0
2.30968
-0
24.2442
22.0786
-0
1.16303
3.50328
-0
4.60836
-0
8.93405
21.6145
25.2285
27.8869
-0
-0
-0
-0
1.53624
9.48589
33.2668
22.0649
-0
9.00692
-0
-0
32.3061
14.66
-0
-0
-0
-0
-0
23.7349
-0
-0
-0
-0
-0
-0
-0
-0
-0
-0
-0
9.98214
-0
-0
1.53948
-0
-0
17.8888
-0
-0
-0
9.71203
-0
-0
-0
-0
-0
-0
-0
9.91411
-0
-0
-0
-0
3.97357
-0
9.65656
-0
-0
-0
-0
-0
-0
18.8599
-0
11.5239
-0
35.2233
-0
-0
-0
-0
35.373
13.2907
-0
-0
19.6332
-0
-0
6.27863
-0
33.0571
-0
20
22.7003
-0
20.5303
8.18529
-0
16.0547
1.99953
20.0698
-0
15.12
-0
-0
47.403
-0
-0
27.9062
3.55409
34.1843
-0
-0
-0
10.5322
23.4883
-0
6.71596
5.28714
-0
-0
1.80986
-0
-0
-0
-0
-0
5.82264
20.199
-0
-0
-0
-0
-0
9.93548
-0
6.68493
-0
-0
-0
3.8754
-0
-0
-0
-0
5.7111
-0
-0
25.453
9.82372
-0
-0
-0
10.5635
25.831
43.6398
9.84027
-0
-0
-0
-0
-0
-0
-0
-0
27.454
20.0894
3.85555
20.1708
25.1226
26.2939
7.33692
-0
-0
43.3283
-0
-0
3.34642
-0
-0
-0
14.6746
-0
2.91183
-0
-0
-0
-0
42.9145
-0
-0
-0
-0
-0
-0
-0
25.2453
6.68419
-0
-0
-0
-0
-0
-0
-0
14.3307
36.8396
-0
-0
-0
-0
-0
2.96827
4.33824
-0
-0
-0
-0
-0
-0
12.2649
-0
-0
5.72406
30.6562
-0
11.6989
-0
-0
24.2185
-0
0.627508
-0
-0
54.0478
16.4251
-0
-0
-0
19.0956
-0
-0
-0
-0
-0
-0
-0
-0
1.45577
-0
-0
-0
-0
-0
-0
-0
-0
18.2333
8.06644
-0
3.25616
-0
-0
22.3922
-0
-0
46.3323
-0
0.433324
43.64
-0
-0
-0
2.84756
22.5883
-0
26.4428
-0
-0
-0
-0
-0
-0
39.9074
0.0704014
44.0035
12.6628
5.04213
-0
6.49293
24.6713
14.8703
-0
-0
8.86036
-0
-0
-0
-0
-0
-0
-0
-0
35.597
16.8745
5.0041
-0
-0
-0
17.9377
30.4585
-0
-0
-0
-0
-0
3.87302
-0
-0
-0
-0
-0
7.44305
-0
-0
-0
-0
-0
5.29504
16.939
-0
-0
-0
-0
-0
-0
-0
-0
-0
-0
-0
14.8859
-0
15.7963
-0
-0
-0
8.6284
-0
-0
-0
7.29874
-0
8.68253
-0
-0
-0
-0
14.536
0.85418
20.411
-0
-0
1.27256
-0
3.9185
-0
32.7027
-0
-0
-0
33.5705
16.0337
19.5672
-0
-0
-0
45.5562
16.3331
-0
-0
-0
-0
23.0043
-0
24.2748
-0
2.39264
20.2271
-0
-0
-0
-0
-0
-0
-0
-0
36.4488
-0
11.6726
-0
-0
8.99945
39.7042
-0
-0
-0
-0
-0
-0
-0
59.3742
-0
-0
3.90428
41.9831
-0
-0
-0
-0
-0
-0
41.9632
27.4475
-0
-0
-0
-0
-0
-0
-0
-0
-0
-0
-0
-0
3.94639
-0
-0
-0
1.52966
57.8029
26.787
0.646046
-0
-0
-0
-0
-0
-0
-0
9.27199
-0
-0
-0
-0
-0
-0
-0
3.56309
-0
-0
-0
-0
-0
-0
-0
-0
1.51452
-0
-0
33.5695
-0
27.332
-0
-0
18.7351
-0
-0
-0
-0
-0
22.2845
-0
7.13013
-0
10.7446
-0
-0
-0
-0
-0
-0
-0
-0
-0
9.88618
-0
-0
-0
-0
30.9752
-0
-0
-0
-0
-0
6.80936
11.1583
16.4422
-0
56.8764
-0
-0
10.9978
-0
-0
32.4891
-0
21.8464
7.76751
17.3495
9.5214
-0
43.6861
6.85886
18.2004
-0
-0
-0
2.34003
20.5902
5.58154
7.50408
-0
-0
-0
-0
0.205024
7.7396
-0
-0
24.3522
-0
-0
-0
-0
-0
54.0741
-0
-0
-0
-0
-0
-0
14.4327
-0
-0
2.88279
-0
-0
-0
-0
-0
-0
12.0424
-0
-0
15.2101
-0
-0
-0
47.1101
16.1699
-0
-0
-0
58.5328
-0
30.7161
-0
9.81407
-0
-0
-0
-0
-0
-0
4.23912
-0
-0
-0
-0
0.87097
-0
-0
-0
-0
-0
-0
5.89585
-0
14.4872
-0
-0
19.7004
-0
-0
-0
-0
-0
15.4931
-0
-0
21.6863
8.17828
-0
-0
-0
-0
-0
-0
-0
-0
14.5252
12.3054
-0
-0
-0
13.3697
-0
-0
-0
13.8604
41.3509
-0
-0
-0
45.3943
-0
-0
21.8024
-0
-0
22.7659
18.3799
60.7597
-0
42.9535
-0
-0
6.36905
17.1124
-0
-0
-0
-0
18.148
-0
15.1372
-0
-0
19.2586
-0
-0
-0
-0
8.71331
-0
-0
-0
-0
-0
1.26784
-0
-0
-0
-0
-0
-0
15.3745
-0
-0
-0
-0
15.9321
-0
-0
-0
-0
-0
-0
-0
-0
-0
-0
-0
16.0491
-0
-0
-0
-0
1.21092
-0
-0
1.39803
26.2767
19.2808
2.6458
-0
-0
7.68875
-0
-0
-0
18.7969
-0
-0
-0
-0
-0
-0
3.00766
-0
-0
24.0095
-0
19.2455
6.66856
3.31757
-0
-0
-0
-0
-0
-0
-0
-0
-0
11.8246
5.87151
-0
20.3525
-0
18.2065
-0
6.94767
-0
21.4445
-0
17.6681
-0
-0
-0
11.5533
-0
-0
-0
-0
-0
20.9533
-0
-0
26.7481
-0
31.5892
-0
-0
-0
7.13435
-0
18.3145
5.71215
-0
-0
15.4371
3.13539
-0
-0
-0
-0
-0
6.91973
-0
-0
-0
-0
15.3292
-0
24.6509
34.6298
-0
-0
-0
-0
-0
4.17136
-0
-0
-0
0.177724
14.4314
4.89973
-0
-0
-0
13.6191
9.28478
-0
-0
6.67336
-0
1.66223
-0
-0
-0
36.1409
2.99864
1.9139
40.581
-0
-0
-0
5.33789
-0
23.1257
-0
-0
10.1263
3.6959
-0
-0
-0
15.3249
-0
-0
5.84898
2.70117
-0
-0
18.2635
13.7266
-0
-0
-0
7.69768
-0
20.8602
-0
19.4672
27.0535
-0
-0
13.768
62.7098
-0
-0
38.6732
17.3848
-0
12.7358
-0
-0
11.2524
20.1667
-0
-0
-0
-0
2.15792
-0
0.641927
19.712
-0
12.5328
-0
-0
6.63235
-0
-0
-0
27.4403
21.2057
-0
-0
-0
-0
-0
-0
-0
13.0507
-0
-0
-0
-0
23.2264
-0
-0
-0
28.5802
-0
-0
-0
10.0776
-0
-0
-0
5.17136
-0
-0
-0
33.0502
12.9857
-0
26.7405
-0
37.9525
-0
-0
10.8936
28.3919
-0
-0
-0
-0
-0
-0
-0
22.9225
-0
-0
-0
25.484
-0
-0
-0
1.51629
-0
-0
-0
-0
-0
-0
-0
-0
-0
-0
-0
33.1205
-0
1.02967
-0
-0
54.9702
0.552176
-0
-0
-0
-0
-0
28.5408
10.1564
-0
-0
-0
-0
12.7843
-0
-0
10.5823
-0
11.8216
-0
-0
-0
-0
56.1358
-0
-0
-0
-0
-0
18.4516
-0
-0
8.17282
5.15178
3.49349
-0
0.586692
-0
-0
-0
6.11144
12.6047
-0
36.1967
23.0475
17.2901
-0
-0
-0
-0
-0
-0
0.337691
9.63892
-0
-0
-0
-0
-0
11.6657
-0
20.8004
-0
-0
-0
45.9722
-0
1.67869
24.6174
-0
-0
-0
-0
-0
-0
0.481591
-0
-0
-0
-0
-0
-0
15.4702
-0
-0
58.8661
53.5789
-0
-0
-0
-0
-0
27.6475
-0
-0
-0
-0
3.30682
19.8901
8.00521
-0
-0
4.49406
2.28604
36.6477
3.01148
-0
13.9329
49.978
-0
4.90034
-0
-0
9.26245
-0
-0
-0
-0
-0
-0
-0
22.2239
-0
17.8857
-0
-0
-0
33.6242
12.2974
-0
-0
-0
9.81302
-0
-0
-0
-0
-0
-0
35.0062
2.34981
-0
-0
3.67117
-0
-0
2.69639
15.0681
7.87223
-0
-0
-0
-0
-0
-0
-0
42.268
7.7691
8.54512
1.21549
-0
-0
-0
11.1122
24.9492
-0
-0
-0
-0
-0
-0
23.528
35.1124
-0
-0
-0
-0
2.4244
-0
-0
-0
5.42651
1.55625
-0
4.46597
51.0967
13.7159
-0
-0
-0
-0
-0
-0
10.7304
-0
13.0199
5.15903
2.85219
33.4841
-0
-0
19.8538
-0
14.5866
19.6586
-0
20.672
4.77501
25.4051
-0
-0
-0
25.3073
1.07688
-0
-0
48.6122
-0
17.2879
6.06205
-0
-0
-0
-0
-0
-0
-0
-0
-0
-0
-0
16.0794
-0
-0
-0
-0
64.2722
-0
-0
36.2433
-0
46.5046
-0
-0
14.0397
12.4377
-0
-0
-0
-0
-0
0.840953
-0
4.74817
-0
-0
-0
-0
-0
2.12304
-0
-0
-0
-0
-0
-0
37.6743
-0
-0
-0
-0
-0
14.6854
-0
-0
-0
-0
11.1718
14.4465
-0
9.3627
-0
-0
1.78035
-0
3.89543
4.32168
-0
15.4244
26.9973
7.19257
-0
18.9712
-0
11.4763
-0
1.72178
24.6259
-0
-0
-0
16.8382
-0
-0
37.2809
-0
-0
-0
-0
8.35015
-0
19.5759
-0
28.9747
29.3372
-0
20.5549
-0
-0
-0
-0
8.7656
-0
9.78222
10.6955
13.0261
25.4752
-0
6.91938
-0
6.86789
8.30518
-0
-0
-0
-0
28.4779
19.8781
-0
-0
-0
-0
-0
-0
-0
-0
15.0403
-0
-0
-0
-0
-0
2.0878
3.94805
0.504658
6.62384
-0
-0
0.452394
-0
-0
4.09855
-0
4.07197
-0
39.3152
-0
-0
33.5546
40.7702
11.7823
-0
-0
-0
-0
-0
-0
-0
-0
-0
-0
18.491
15.2573
17.389
22.7739
-0
-0
-0
-0
24.6953
13.1283
4.33982
-0
52.9256
-0
2.51941
-0
6.62768
0.347131
38.1982
-0
-0
-0
-0
-0
-0
-0
-0
8.17406
-0
-0
-0
31.3728
12.7517
-0
20.5843
-0
-0
-0
-0
-0
-0
-0
20.3034
-0
-0
-0
-0
32.2645
6.66137
-0
20.7126
15.5599
-0
14.1747
-0
-0
-0
42.34
-0
47.2241
8.00739
-0
-0
-0
-0
16.694
-0
6.16868
-0
-0
-0
66.5059
-0
-0
15.6824
10.111
-0
13.6955
-0
15.4734
-0
30.3454
-0
16.2463
-0
-0
-0
-0
44.4437
5.12504
-0
-0
16.0409
-0
-0
8.346
5.82777
-0
-0
16.4331
-0
-0
-0
28.6028
-0
-0
-0
31.0574
-0
8.96063
-0
7.82334
-0
50.2273
1.51085
25.05
-0
-0
10.5913
2.28373
-0
35.7898
-0
15.0827
-0
-0
-0
0.364808
6.04128
-0
-0
2.26687
-0
-0
-0
-0
25.777
4.8139
-0
5.57592
-0
10.7675
-0
-0
5.88289
32.0218
7.64638
-0
-0
-0
16.1326
-0
-0
29.0755
5.42873
-0
-0
4.25904
-0
-0
3.8015
14.4962
35.3574
-0
-0
-0
12.9028
26.0003
-0
7.79383
-0
-0
-0
-0
-0
25.8067
-0
25.861
29.2593
-0
21.9253
-0
-0
-0
-0
-0
-0
-0
-0
10.5448
-0
-0
-0
-0
0.0854486
-0
-0
-0
-0
-0
17.9924
-0
4.88061
13.3854
-0
-0
-0
19.3516
-0
2.9998
-0
-0
11.9055
-0
-0
-0
14.0864
-0
-0
-0
4.9192
-0
39.0988
4.68371
-0
-0
-0
-0
-0
6.06932
-0
14.9794
9.00314
7.28318
16.0433
0.448145
30.9213
-0
20.3136
-0
-0
8.65201
-0
-0
1.63238
11.3584
-0
-0
-0
-0
-0
-0
21.3777
-0
5.27708
23.8363
1.24854
-0
-0
-0
12.6285
-0
-0
25.6137
-0
23.4897
-0
-0
-0
10.8777
-0
-0
22.5126
-0
-0
3.86646
-0
6.31534
24.661
-0
25.2732
3.46034
3.93364
-0
1.6647
-0
-0
-0
-0
-0
-0
1.99793
-0
-0
16.547
-0
6.64023
33.6564
-0
2.32159
-0
4.23306
-0
-0
-0
-0
11.8866
-0
-0
19.3626
-0
38.9691
29.8754
11.8082
-0
8.81504
0.664023
-0
23.931
-0
9.78564
-0
-0
22.6845
-0
-0
7.04494
10.8373
-0
-0
23.9556
-0
-0
-0
4.78791
-0
34.3786
-0
-0
-0
-0
-0
-0
-0
-0
-0
-0
-0
35.9206
-0
-0
23.9038
-0
-0
-0
-0
-0
-0
20.9199
-0
10.1964
-0
15.7134
-0
-0
18.8014
51.368
-0
-0
-0
-0
-0
3.42957
-0
56.9246
-0
-0
-0
-0
6.27705
-0
-0
-0
-0
-0
-0
2.5101
-0
-0
-0
-0
33.4497
-0
-0
1.21886
-0
-0
-0
-0
-0
-0
-0
-0
-0
3.9668
8.1118
-0
0.173908
-0
-0
-0
4.16388
20.6402
-0
-0
10.7653
-0
0.759431
-0
-0
-0
-0
10.1724
-0
20.9365
-0
-0
-0
-0
0.88152
-0
-0
4.63098
-0
3.08356
13.8477
47.5055
-0
-0
-0
-0
-0
-0
0.808155
-0
-0
17.3739
-0
-0
19.2309
-0
23.2608
-0
-0
44.9535
-0
-0
-0
-0
-0
3.85878
4.72752
4.36593
2.37212
-0
-0
-0
-0
5.03593
-0
-0
-0
-0
-0
-0
13.9943
-0
18.3006
-0
-0
23.9811
-0
8.33095
25.5786
-0
-0
7.09346
-0
26.7176
-0
-0
7.67895
-0
21.2611
38.5562
5.09181
-0
-0
-0
-0
-0
-0
21.1809
13.7131
-0
-0
-0
31.5425
45.5864
20.8364
-0
-0
-0
3.08156
-0
-0
-0
-0
1.50262
-0
-0
17.5162
-0
-0
18.0954
44.1947
-0
-0
-0
-0
-0
32.1479
9.57844
-0
-0
-0
-0
45.8957
-0
-0
-0
-0
12.937
-0
-0
49.4709
-0
29.6464
0.360578
19.0804
-0
57.821
4.61664
-0
2.91645
14.9176
19.1824
-0
-0
27.0388
-0
-0
2.18289
-0
-0
26.813
-0
13.7765
-0
-0
-0
-0
13.1768
-0
-0
-0
-0
9.51256
-0
-0
-0
-0
-0
-0
24.7183
-0
-0
-0
-0
-0
-0
-0
-0
1.84587
8.55416
-0
-0
-0
15.7224
31.776
-0
22.8601
-0
-0
-0
17.0993
-0
-0
19.3671
-0
-0
-0
6.12576
3.1149
-0
28.1145
4.24158
-0
-0
-0
19.9576
-0
-0
-0
-0
-0
-0
-0
-0
-0
-0
2.68324
-0
-0
-0
-0
41.5212
27.6102
-0
-0
13.7439
-0
12.2835
32.2718
-0
47.6949
-0
2.02404
10.3475
27.3397
-0
-0
27.7629
16.3001
-0
-0
38.8494
36.0083
21.0034
18.2976
-0
17.6917
2.8434
12.3947
-0
22.9778
-0
4.52466
-0
-0
11.9421
-0
-0
-0
-0
-0
-0
-0
-0
1.11015
-0
12.7799
-0
-0
-0
-0
-0
5.7167
17.3458
13.6568
-0
-0
27.3835
-0
-0
-0
8.51032
-0
-0
23.3762
-0
-0
8.68512
-0
0.69353
-0
26.0784
-0
-0
-0
-0
11.2379
40.8911
-0
-0
-0
-0
-0
-0
7.84055
3.93845
18.6944
12.2494
-0
17.6287
12.6424
-0
-0
-0
34.0489
-0
-0
-0
-0
-0
25.463
10.2986
-0
