0.555219
-0
-0
-0
-0
18.1213
-0
3.50953
7.01824
-0
-0
-0
-0
-0
-0
9.33038
5.98352
-0
-0
-0
-0
7.89907
-0
-0
3.26301
11.6603
5.15747
-0
-0
-0
-0
-0
-0
-0
6.68479
-0
-0
-0
-0
-0
-0
-0
10.2507
18.516
-0
-0
-0
15.9863
-0
-0
-0
-0
-0
12.2332
-0
-0
-0
1.28906
-0
-0
-0
-0
17.9304
-0
0.1105
-0
-0
3.32904
-0
0.641584
-0
-0
-0
-0
-0
3.38364
28.9182
-0
-0
-0
-0
54.0377
13.3624
-0
22.5207
-0
-0
-0
-0
-0
10.6315
-0
-0
-0
3.6221
-0
13.7264
-0
-0
-0
2.75313
-0
-0
-0
-0
-0
8.76388
1.22701
-0
-0
6.19722
-0
-0
-0
-0
-0
1.99322
-0
40.9018
23.0943
0.0105813
14.8854
0.953334
-0
-0
-0
-0
-0
-0
-0
3.86932
-0
21.6296
-0
18.5372
-0
6.01643
28.0245
-0
5.19224
5.55609
-0
3.43448
-0
1.55873
-0
-0
-0
-0
-0
7.08025
-0
-0
6.00841
9.06684
-0
0.864501
13.6981
-0
0.688506
9.14144
-0
-0
-0
8.29967
-0
7.07302
-0
-0
37.9464
-0
5.96812
4.23388
-0
-0
-0
-0
-0
4.93059
-0
-0
-0
-0
-0
-0
-0
-0
-0
-0
7.47507
38.0679
-0
23.3259
-0
-0
-0
-0
26.4075
-0
-0
-0
-0
33.6988
-0
-0
-0
-0
14.9471
0.923175
-0
-0
-0
22.7102
-0
-0
3.07497
-0
7.73054
-0
-0
-0
-0
-0
-0
-0
-0
-0
4.14514
-0
-0
-0
11.4312
-0
-0
-0
7.93052
-0
-0
-0
-0
3.91354
-0
-0
-0
-0
-0
2.59464
-0
18.7225
-0
-0
3.53914
-0
-0
1.85698
2.9008
-0
9.73638
-0
-0
-0
8.11541
8.57814
-0
4.70745
-0
-0
12.3348
-0
-0
-0
8.2253
-0
32.5218
-0
-0
-0
-0
-0
-0
3.55895
5.39843
-0
15.6118
-0
-0
0.852809
3.73253
-0
-0
6.27891
24.4637
20.9342
-0
19.0331
-0
0.832696
-0
-0
30.975
-0
1.67145
1.51614
18.342
-0
18.7314
0.51535
-0
27.2238
-0
-0
-0
-0
-0
-0
1.44328
-0
-0
-0
0.603049
-0
-0
-0
16.4239
25.6821
-0
-0
-0
-0
21.9076
-0
-0
-0
-0
-0
-0
-0
-0
-0
20.7253
5.09021
-0
-0
-0
-0
3.38888
-0
-0
0.352537
-0
-0
-0
-0
-0
25.1028
-0
-0
-0
-0
-0
32.4749
-0
-0
9.82119
8.76741
1.12434
-0
-0
14.7735
-0
-0
2.42613
0.0884091
-0
-0
-0
3.6647
-0
-0
-0
-0
-0
-0
-0
-0
-0
-0
-0
-0
-0
-0
-0
-0
-0
-0
11.6676
-0
1.22399
-0
33.3827
12.5867
-0
-0
-0
0.985891
-0
-0
9.28579
-0
-0
-0
-0
-0
-0
18.8807
-0
-0
-0
-0
-0
34.2938
-0
-0
-0
-0
-0
-0
14.634
16.1719
10.226
-0
7.93464
5.29
-0
-0
-0
-0
-0
-0
-0
-0
-0
12.4624
-0
-0
-0
-0
-0
-0
-0
17.982
4.70385
-0
-0
2.46171
8.6156
-0
16.8714
-0
-0
-0
-0
6.8006
-0
0.925035
-0
-0
-0
7.39144
-0
-0
-0
-0
-0
4.14508
1.01887
6.31149
-0
-0
-0
-0
-0
-0
-0
-0
-0
-0
-0
-0
-0
-0
-0
-0
13.4484
-0
16.9991
6.75015
-0
-0
26.8963
-0
-0
21.4247
19.359
-0
-0
-0
-0
-0
-0
-0
-0
-0
-0
-0
-0
-0
19.0984
14.965
-0
-0
-0
-0
-0
-0
-0
-0
-0
-0
-0
-0
-0
-0
-0
8.147
-0
2.90131
-0
1.33452
-0
-0
-0
-0
-0
-0
1.57342
-0
-0
-0
26.228
-0
-0
-0
-0
40.1007
-0
-0
-0
-0
-0
-0
-0
26.4241
-0
-0
-0
-0
-0
-0
-0
-0
-0
4.06454
12.4492
-0
-0
-0
-0
-0
-0
-0
-0
-0
-0
-0
1.10122
-0
-0
-0
31.6271
-0
-0
-0
-0
-0
-0
-0
12.2259
32.5669
-0
0.216082
-0
-0
-0
-0
-0
-0
1.38493
4.80649
19.6214
-0
-0
11.0953
-0
-0
-0
17.4034
-0
-0
-0
-0
-0
-0
13.7552
-0
-0
-0
-0
0.747697
-0
-0
23.0947
-0
-0
-0
-0
-0
-0
-0
-0
-0
-0
-0
-0
-0
-0
-0
-0
2.7398
-0
-0
-0
-0
-0
12.1699
-0
-0
-0
-0
-0
9.31381
0.598951
9.69285
30.8021
-0
18.9077
-0
-0
-0
-0
5.90579
-0
-0
-0
42.4025
18.1462
-0
-0
0.278661
34.6613
-0
-0
-0
-0
-0
21.0573
-0
-0
-0
-0
-0
-0
-0
4.81763
-0
1.86909
-0
-0
-0
-0
17.5103
-0
-0
12.3432
1.08118
-0
-0
-0
15.6212
-0
-0
20.9215
-0
13.7819
-0
-0
-0
-0
-0
-0
-0
-0
-0
-0
-0
-0
-0
-0
-0
-0
-0
-0
-0
12.97
21.7372
5.15135
-0
1.35207
-0
-0
-0
-0
-0
-0
-0
14.5555
-0
-0
-0
7.46395
-0
-0
-0
-0
-0
-0
1.05195
-0
19.2859
-0
-0
-0
-0
3.68305
-0
25.1303
14.0677
-0
-0
8.0927
-0
-0
-0
-0
-0
-0
-0
-0
-0
11.1779
-0
-0
-0
-0
-0
-0
7.18966
56.8553
-0
-0
-0
-0
34.9928
-0
6.92174
5.27092
-0
-0
-0
-0
-0
-0
-0
-0
-0
-0
-0
20.5697
0.530705
-0
-0
-0
-0
-0
-0
14.3246
-0
-0
-0
18.8011
-0
-0
20.16
-0
-0
-0
-0
7.42159
-0
-0
14.6804
-0
-0
-0
-0
-0
24.3299
41.369
-0
15.9427
-0
-0
-0
-0
-0
7.58159
-0
-0
-0
-0
-0
-0
-0
-0
-0
6.59824
7.88235
1.71524
-0
-0
-0
-0
-0
-0
-0
-0
-0
-0
-0
-0
-0
-0
-0
18.654
-0
0.416982
-0
-0
-0
-0
1.01351
-0
-0
-0
-0
20.3727
13.4242
-0
3.51695
20.6463
-0
-0
8.43492
-0
-0
-0
30.7024
-0
-0
36.3
22.2715
-0
-0
-0
-0
-0
14.1091
-0
-0
-0
-0
25.4315
-0
-0
-0
-0
-0
-0
-0
19.8978
1.50576
-0
-0
-0
12.6386
-0
1.74676
-0
-0
-0
-0
-0
-0
30.1962
-0
-0
-0
-0
-0
27.4856
23.6913
-0
-0
7.68959
23.0957
-0
-0
-0
-0
-0
1.27677
-0
-0
-0
-0
16.133
-0
0.823818
-0
-0
-0
-0
14.8193
-0
-0
18.6647
-0
-0
-0
20.7877
-0
-0
-0
0.779065
-0
-0
-0
-0
-0
-0
-0
-0
-0
-0
0.1214
-0
-0
-0
-0
-0
-0
15.8023
-0
-0
-0
4.01884
13.4751
-0
-0
14.0691
-0
16.7605
-0
2.98946
-0
-0
-0
10.0861
-0
-0
-0
-0
-0
-0
-0
8.35569
-0
-0
-0
-0
-0
-0
-0
-0
-0
-0
-0
-0
-0
4.30703
-0
-0
-0
-0
-0
-0
-0
-0
1.98778
25.949
-0
-0
-0
-0
8.14114
-0
-0
-0
-0
-0
-0
1.08419
2.27359
6.44447
-0
-0
-0
-0
-0
-0
-0
-0
30.2792
-0
-0
32.1759
-0
-0
-0
8.73407
-0
-0
-0
-0
18.2132
6.12432
-0
-0
40.0239
-0
-0
-0
-0
-0
-0
-0
-0
-0
37.9295
-0
-0
-0
-0
1.65834
3.63751
19.7949
-0
-0
-0
4.60876
-0
-0
2.95692
-0
-0
-0
14.6198
-0
-0
-0
1.28203
-0
-0
-0
-0
-0
-0
-0
18.1728
-0
-0
-0
-0
-0
-0
-0
-0
-0
-0
14.8413
-0
3.01614
6.62286
6.53896
-0
-0
-0
-0
-0
6.67685
0.356624
-0
-0
-0
15.9089
-0
-0
-0
-0
7.4981
10.802
-0
-0
-0
-0
9.05339
-0
-0
6.7402
-0
-0
16.1995
-0
-0
-0
-0
-0
-0
-0
-0
-0
11.7105
-0
-0
-0
7.08605
-0
-0
14.8011
-0
-0
-0
51.4721
22.491
18.0516
-0
8.52452
-0
17.8769
-0
-0
-0
-0
-0
-0
-0
-0
10.61
-0
9.87749
-0
-0
-0
10.3592
-0
1.63393
-0
-0
1.69728
-0
-0
-0
-0
5.96091
-0
-0
-0
-0
-0
-0
-0
-0
-0
-0
-0
24.077
-0
7.78815
7.52
-0
-0
30.751
-0
-0
-0
-0
-0
-0
7.0544
-0
11.2599
-0
-0
-0
-0
-0
2.43005
-0
-0
3.50357
-0
-0
-0
-0
-0
-0
-0
-0
-0
-0
7.14614
5.93096
-0
10.9524
-0
-0
-0
-0
-0
16.359
-0
-0
-0
12.7927
-0
-0
-0
-0
12.075
-0
-0
2.50426
28.5436
-0
-0
-0
-0
3.23688
-0
4.71171
-0
12.2662
-0
17.3692
-0
11.8032
23.9123
-0
58.7149
-0
-0
-0
-0
-0
-0
-0
26.4707
2.83685
-0
1.61686
15.7483
0.458807
-0
-0
-0
-0
-0
-0
2.26419
-0
-0
-0
41.6542
-0
7.33893
-0
-0
14.2431
-0
-0
11.1881
-0
5.57096
-0
3.48007
-0
-0
-0
-0
-0
-0
1.16455
2.83169
-0
-0
-0
16.5098
0.128178
-0
-0
-0
17.6478
1.22856
-0
-0
-0
16.0519
-0
-0
-0
-0
6.1523
-0
-0
-0
-0
9.71066
-0
-0
-0
-0
-0
-0
-0
-0
16.4745
-0
-0
-0
-0
-0
-0
-0
-0
10.2098
-0
-0
-0
-0
-0
-0
-0
-0
-0
44.243
6.67645
-0
-0
-0
14.5354
-0
2.68288
-0
-0
-0
-0
38.5743
-0
14.1033
-0
-0
-0
0.956909
-0
-0
14.98
-0
-0
-0
-0
-0
-0
-0
-0
-0
-0
-0
2.60208
22.666
-0
-0
-0
6.69931
-0
3.49518
29.5921
-0
0.624368
13.5139
-0
15.8882
22.7288
-0
9.44072
-0
-0
-0
-0
15.2255
-0
-0
-0
6.96427
-0
-0
-0
-0
-0
-0
-0
-0
12.3238
-0
-0
10.3345
-0
-0
-0
-0
-0
-0
32.9958
-0
-0
-0
53.1346
-0
-0
-0
-0
-0
-0
-0
-0
-0
-0
-0
-0
-0
2.79935
-0
-0
-0
-0
19.828
-0
-0
-0
20.8133
-0
-0
-0
-0
-0
-0
-0
27.0001
-0
-0
-0
0.695352
-0
3.84136
-0
3.3758
-0
-0
-0
0.503685
-0
-0
-0
-0
-0
-0
-0
-0
-0
-0
-0
32.2109
-0
-0
-0
25.5055
-0
-0
-0
-0
-0
-0
-0
-0
26.3382
-0
-0
-0
-0
-0
-0
-0
19.584
-0
-0
-0
-0
-0
4.23747
-0
1.74422
-0
-0
-0
-0
-0
-0
-0
0.315514
-0
-0
6.09554
-0
-0
-0
3.61404
-0
-0
-0
-0
-0
-0
-0
-0
-0
-0
-0
-0
1.60491
-0
-0
-0
8.30411
-0
-0
-0
-0
1.40946
-0
4.14193
-0
-0
-0
14.4684
-0
12.5255
-0
-0
-0
-0
21.1028
-0
-0
-0
-0
6.66905
-0
-0
-0
-0
-0
-0
0.754895
8.23911
-0
-0
-0
-0
-0
-0
-0
4.58563
13.9855
-0
-0
-0
16.1849
12.1331
-0
-0
16.4362
-0
-0
-0
-0
31.6727
13.1858
-0
6.1471
-0
-0
-0
6.9207
-0
-0
-0
-0
-0
-0
-0
-0
12.4532
-0
-0
-0
39.9362
8.41817
4.08679
16.4749
-0
-0
7.02251
-0
35.363
-0
-0
-0
-0
-0
-0
4.68312
-0
-0
-0
-0
-0
-0
1.45692
-0
5.97778
6.56334
-0
-0
0.434225
-0
-0
-0
-0
1.16199
-0
3.81486
-0
-0
-0
0.395735
-0
-0
-0
9.77495
6.45585
-0
-0
-0
-0
-0
-0
-0
30.7112
-0
-0
-0
-0
-0
-0
-0
-0
6.00674
-0
-0
-0
-0
-0
-0
-0
-0
-0
-0
-0
8.84621
-0
-0
-0
-0
-0
-0
-0
-0
-0
-0
1.07931
9.87885
-0
-0
-0
-0
-0
-0
-0
-0
32.6989
-0
6.38365
-0
-0
-0
-0
-0
-0
-0
-0
-0
-0
5.58307
3.00105
-0
3.13193
-0
-0
-0
-0
-0
-0
6.81071
23.6793
-0
-0
5.96424
-0
-0
-0
1.81852
-0
-0
-0
-0
12.6404
-0
13.3932
18.1117
-0
-0
-0
16.6039
-0
-0
-0
-0
4.44127
-0
-0
-0
-0
-0
14.2979
13.4097
-0
-0
-0
-0
-0
-0
-0
-0
-0
-0
-0
-0
11.2594
11.5977
-0
17.6069
-0
-0
-0
-0
-0
-0
-0
-0
-0
-0
5.19991
-0
-0
-0
-0
-0
-0
-0
-0
-0
-0
-0
-0
-0
-0
-0
-0
10.6298
-0
-0
-0
-0
-0
-0
-0
-0
-0
1.1654
-0
-0
-0
-0
17.2431
11.1411
16.574
-0
-0
-0
19.7443
-0
-0
-0
-0
-0
-0
7.02474
40.2572
-0
-0
-0
-0
-0
-0
-0
-0
-0
9.86546
-0
-0
0.0538418
1.20563
-0
-0
21.0762
-0
-0
13.9404
5.76718
-0
-0
-0
16.6583
-0
-0
12.4815
-0
-0
43.0873
-0
19.8087
-0
45.7625
27.0571
-0
29.4137
8.87126
-0
9.35263
10.1855
-0
-0
13.1147
-0
1.53298
-0
-0
-0
-0
2.33654
-0
-0
-0
1.58272
-0
-0
-0
-0
-0
23.9943
-0
-0
-0
25.1213
0.961286
-0
-0
-0
-0
-0
41.1271
14.1893
-0
-0
-0
-0
-0
0.717416
-0
18.2383
-0
-0
-0
-0
-0
1.78141
-0
-0
-0
-0
-0
20.1117
-0
-0
-0
6.99441
-0
16.8719
-0
-0
-0
-0
-0
-0
-0
-0
5.70971
-0
10.156
1.27875
-0
-0
-0
-0
2.03539
-0
52.2509
-0
25.0654
-0
-0
0.347306
18.2455
-0
-0
-0
-0
20.0691
6.59661
-0
10.1433
-0
-0
0.386161
-0
6.03502
-0
-0
16.6073
-0
1.59606
-0
22.8894
8.9268
-0
-0
-0
-0
0.451682
13.882
-0
15.21
-0
1.99371
-0
-0
10.2046
-0
-0
-0
-0
-0
8.78764
15.5485
-0
22.0638
-0
10.5146
-0
-0
-0
-0
1.45065
-0
-0
-0
-0
-0
1.5777
-0
-0
27.8576
-0
-0
-0
3.0792
-0
-0
-0
-0
-0
-0
-0
-0
-0
-0
-0
-0
24.3593
-0
-0
-0
17.0396
-0
-0
-0
-0
-0
-0
-0
-0
14.7175
-0
-0
-0
-0
4.34176
-0
-0
-0
11.4803
-0
-0
-0
6.64892
12.8826
-0
38.3021
-0
-0
2.33738
15.9667
-0
-0
6.8268
25.3963
-0
3.74258
17.0612
-0
3.12633
-0
-0
-0
-0
-0
10.9081
-0
-0
-0
1.33158
-0
13.5397
11.8257
-0
-0
-0
8.60426
-0
-0
-0
-0
2.15491
21.4831
-0
-0
-0
-0
-0
-0
-0
-0
14.4372
-0
-0
-0
-0
-0
-0
-0
3.23698
-0
-0
-0
-0
-0
-0
-0
-0
-0
18.4889
31.8742
-0
-0
-0
-0
-0
-0
-0
13.9034
-0
3.03444
-0
21.4545
-0
8.4598
-0
-0
-0
11.0814
-0
10.7422
2.20986
-0
-0
-0
18.7901
-0
17.279
-0
-0
-0
-0
14.2608
-0
-0
-0
-0
-0
-0
-0
11.8153
16.0298
-0
-0
-0
-0
-0
-0
-0
-0
-0
-0
-0
-0
-0
-0
-0
37.0575
-0
-0
-0
-0
-0
-0
4.57974
-0
-0
-0
22.0577
-0
11.6442
1.73755
-0
-0
-0
-0
-0
-0
-0
14.2884
-0
-0
-0
15.4892
-0
-0
-0
-0
-0
-0
-0
-0
-0
-0
-0
-0
-0
-0
-0
-0
-0
-0
0.932197
-0
2.00887
-0
-0
1.85481
-0
-0
-0
-0
3.44743
-0
-0
-0
-0
3.67427
-0
-0
3.7186
-0
-0
16.607
-0
-0
-0
19.1909
-0
33.9323
-0
-0
3.81272
11.4906
3.79531
2.56338
-0
-0
8.6684
-0
33.0166
-0
-0
-0
-0
-0
-0
18.7223
5.19229
-0
-0
-0
-0
-0
14.68
-0
-0
-0
-0
-0
-0
-0
-0
-0
-0
-0
6.2506
-0
-0
-0
-0
-0
19.0398
20.7564
-0
-0
-0
-0
-0
-0
-0
-0
-0
-0
-0
-0
-0
9.06407
-0
-0
16.9321
-0
-0
7.73695
-0
12.1599
-0
2.10914
-0
-0
-0
-0
-0
8.73564
-0
-0
-0
1.51454
-0
-0
-0
5.38665
-0
-0
-0
15.3155
-0
-0
6.30927
-0
-0
31.1381
-0
-0
-0
-0
-0
13.1987
-0
5.23524
-0
3.97457
9.33402
-0
-0
-0
-0
-0
-0
-0
-0
-0
-0
-0
-0
-0
14.845
8.97524
-0
-0
-0
-0
-0
-0
-0
25.7401
-0
1.35824
-0
3.0927
-0
-0
-0
-0
10.916
-0
-0
19.2587
20.1299
-0
-0
-0
-0
-0
-0
-0
-0
-0
-0
-0
0.834833
-0
-0
-0
-0
32.1595
27.2777
-0
-0
-0
-0
-0
-0
-0
24.4184
3.56671
-0
-0
-0
-0
-0
-0
-0
3.58201
-0
-0
2.60165
-0
-0
-0
-0
-0
-0
-0
-0
-0
-0
-0
17.5667
-0
32.6579
-0
-0
-0
-0
-0
12.096
-0
0.301232
7.58977
-0
-0
-0
-0
-0
-0
-0
-0
-0
-0
9.74836
-0
-0
-0
33.266
16.2227
-0
-0
-0
-0
-0
-0
-0
3.53321
-0
31.6714
-0
-0
6.9789
-0
-0
9.67445
19.9523
1.19683
20.2638
14.0392
0.298481
-0
12.4911
-0
-0
-0
-0
20.1974
18.0289
-0
-0
0.295554
-0
-0
-0
-0
0.36236
-0
-0
-0
12.0763
-0
-0
-0
-0
-0
9.78259
-0
-0
-0
-0
-0
-0
7.97806
28.6203
-0
1.0166
-0
5.00345
-0
1.52629
-0
-0
6.24325
-0
-0
2.95655
-0
-0
-0
8.43007
-0
-0
-0
-0
26.1203
-0
35.2741
-0
-0
2.91835
-0
-0
-0
-0
-0
5.05946
-0
-0
-0
-0
1.10877
12.6883
-0
39.4315
-0
-0
-0
17.3235
-0
11.1592
-0
-0
-0
-0
-0
-0
-0
-0
-0
-0
-0
-0
-0
-0
-0
23.2782
-0
-0
-0
-0
-0
-0
3.28968
-0
-0
-0
-0
-0
-0
-0
21.8993
25.5903
-0
-0
-0
36.572
-0
-0
22.3812
-0
-0
16.4274
-0
17.7637
-0
29.0819
-0
-0
-0
24.4757
-0
-0
-0
-0
18.1229
-0
-0
-0
-0
-0
-0
-0
-0
-0
-0
-0
-0
-0
-0
-0
-0
-0
9.82646
-0
-0
-0
-0
-0
-0
3.13708
-0
-0
12.3194
-0
-0
-0
-0
11.7234
-0
-0
-0
-0
-0
1.9006
8.42481
-0
-0
-0
-0
-0
-0
-0
10.6615
-0
-0
0.777741
-0
-0
16.8521
-0
-0
-0
7.204
-0
-0
-0
-0
-0
-0
3.79145
-0
-0
-0
-0
35.15
19.1552
-0
-0
-0
-0
-0
-0
-0
-0
-0
-0
21.8263
-0
-0
-0
-0
6.91958
-0
29.3611
-0
-0
-0
-0
-0
-0
-0
-0
-0
-0
-0
-0
-0
-0
-0
10.0158
9.7358
-0
11.1693
-0
-0
-0
6.5809
-0
3.62333
-0
-0
-0
0.768137
2.55907
-0
13.261
-0
-0
-0
9.84842
-0
-0
-0
-0
-0
-0
-0
22.0036
-0
-0
-0
-0
-0
-0
-0
-0
-0
-0
-0
26.6333
-0
-0
-0
-0
-0
-0
-0
-0
-0
-0
3.00074
16.2005
-0
10.2722
-0
-0
-0
-0
-0
-0
-0
-0
-0
-0
-0
-0
21.3811
-0
-0
-0
15.3365
-0
-0
-0
14.7691
6.92727
-0
1.77869
-0
4.86117
-0
-0
13.5328
-0
-0
-0
15.9869
-0
-0
-0
-0
31.4024
-0
11.4169
14.713
4.95254
-0
8.82375
-0
-0
-0
-0
-0
-0
-0
-0
-0
-0
-0
8.10625
-0
11.5778
-0
-0
-0
-0
-0
-0
22.7851
27.3717
-0
-0
-0
-0
1.5149
-0
-0
14.6167
-0
-0
-0
-0
8.5679
1.10354
-0
-0
-0
-0
2.40193
-0
17.4545
-0
-0
-0
-0
-0
-0
3.23514
10.8748
2.0855
-0
11.8744
-0
7.01704
1.40269
-0
12.2136
20.0077
-0
-0
-0
-0
-0
-0
-0
25.5347
19.4539
-0
-0
17.857
-0
-0
-0
3.78045
-0
-0
-0
-0
-0
-0
-0
-0
-0
-0
-0
2.6987
-0
-0
-0
24.6587
11.1309
-0
-0
-0
11.8332
-0
-0
15.0661
-0
-0
17.7477
-0
-0
11.5742
-0
-0
19.645
-0
3.33081
-0
-0
-0
-0
-0
-0
31.3125
-0
-0
-0
18.0476
-0
-0
-0
-0
-0
-0
17.3341
-0
-0
-0
3.77829
-0
-0
-0
-0
28.7018
-0
-0
-0
15.9113
-0
-0
-0
-0
-0
-0
-0
-0
-0
-0
-0
22.0029
-0
-0
-0
44.077
-0
-0
3.62783
-0
-0
-0
-0
-0
-0
-0
-0
-0
-0
-0
-0
-0
5.31885
-0
-0
23.2741
43.2123
-0
-0
-0
-0
-0
-0
-0
-0
-0
-0
-0
18.4188
-0
-0
-0
6.59529
-0
19.9336
-0
-0
-0
19.9233
-0
-0
-0
-0
-0
-0
-0
-0
-0
-0
-0
-0
4.64051
-0
9.03992
6.23014
-0
-0
6.31432
-0
-0
13.1254
-0
0.104332
-0
0.0297851
-0
-0
-0
-0
15.5901
11.5115
-0
-0
7.45088
-0
-0
4.85989
2.4553
-0
-0
-0
-0
-0
-0
-0
-0
19.6659
-0
-0
-0
-0
-0
-0
-0
12.6383
-0
-0
-0
-0
-0
-0
7.07225
9.66448
-0
-0
-0
-0
-0
-0
-0
-0
8.93295
0.0390007
-0
2.81608
7.76757
-0
-0
-0
-0
-0
-0
-0
5.85167
-0
-0
-0
-0
11.3978
-0
-0
-0
-0
23.6131
6.95937
-0
-0
-0
13.3878
-0
6.47759
-0
-0
-0
-0
-0
24.2061
-0
10.1328
4.96717
-0
-0
-0
3.12049
-0
-0
-0
-0
-0
-0
-0
11.0371
-0
-0
-0
-0
28.6164
-0
-0
11.2052
-0
24.65
-0
-0
-0
9.96297
-0
-0
-0
-0
-0
1.39686
-0
-0
-0
-0
-0
-0
-0
-0
-0
-0
-0
-0
-0
-0
25.6524
-0
-0
-0
-0
-0
11.3685
-0
-0
-0
-0
-0
21.5464
-0
4.42375
-0
-0
-0
-0
18.9626
-0
-0
44.9558
-0
-0
-0
20.8814
-0
0.227826
-0
-0
9.97666
-0
-0
-0
-0
4.40768
-0
18.6651
-0
-0
-0
-0
12.2885
-0
7.00101
-0
10.595
-0
-0
21.3161
-0
-0
-0
-0
5.63256
-0
17.6373
-0
-0
-0
-0
-0
-0
21.318
-0
-0
-0
-0
-0
0.731704
9.06161
-0
-0
-0
-0
2.98172
-0
-0
-0
12.3802
-0
-0
-0
-0
-0
4.35929
-0
1.11877
-0
-0
-0
5.88701
-0
-0
2.98127
-0
-0
-0
24.355
-0
-0
-0
-0
-0
23.8929
-0
-0
-0
-0
-0
-0
10.4182
-0
-0
10.2022
-0
15.7844
18.9689
-0
-0
-0
-0
21.0072
13.4379
-0
3.78812
31.9729
-0
32.6391
-0
-0
-0
13.7527
12.4445
-0
-0
-0
-0
-0
-0
-0
-0
-0
-0
-0
21.027
23.2908
-0
12.7267
-0
-0
-0
-0
-0
-0
-0
7.32536
-0
-0
4.06164
-0
-0
-0
-0
30.8228
23.8221
6.31677
13.4162
-0
-0
-0
3.82925
-0
35.5417
-0
-0
-0
-0
-0
2.63463
-0
-0
-0
-0
-0
41.0674
-0
-0
-0
-0
-0
7.27699
3.22795
8.3163
-0
1.45711
-0
-0
-0
-0
-0
-0
14.743
-0
-0
-0
-0
-0
-0
4.15021
20.2476
33.0963
-0
4.55784
-0
8.89483
-0
-0
-0
-0
-0
31.2092
-0
-0
-0
17.1213
-0
31.6531
1.24143
-0
-0
5.8313
-0
-0
-0
28.5388
-0
7.05258
-0
-0
-0
-0
-0
-0
-0
-0
-0
-0
-0
13.8538
13.4989
0.952105
5.12235
2.67905
-0
1.73367
-0
-0
-0
32.2798
3.32185
-0
-0
-0
8.92877
-0
-0
31.6372
-0
-0
0.0227057
-0
-0
-0
9.59358
14.4085
-0
-0
-0
-0
-0
-0
-0
-0
-0
-0
-0
-0
-0
0.62474
-0
-0
6.1053
-0
6.19274
-0
-0
-0
-0
-0
-0
-0
-0
19.4799
-0
-0
-0
-0
-0
-0
-0
-0
6.67982
-0
20.5267
-0
8.75332
2.35433
-0
-0
12.4426
36.212
8.51401
-0
-0
-0
11.7562
-0
-0
-0
-0
-0
-0
-0
4.26942
-0
10.621
-0
-0
-0
-0
-0
-0
22.0569
-0
-0
-0
-0
-0
11.0536
13.2863
-0
-0
-0
-0
6.55814
-0
-0
4.94125
5.03117
-0
-0
-0
-0
-0
-0
12.3401
-0
-0
45.8041
-0
-0
-0
-0
-0
-0
-0
-0
-0
22.2878
-0
-0
-0
0.59792
-0
-0
-0
-0
-0
2.16331
-0
-0
-0
-0
19.3401
-0
-0
-0
-0
-0
-0
-0
-0
0.308263
-0
11.8377
-0
-0
14.6594
-0
-0
5.67195
-0
3.96466
-0
-0
4.81581
-0
-0
-0
-0
-0
-0
-0
-0
20.2874
-0
5.85312
-0
-0
-0
-0
7.64213
-0
-0
-0
-0
40.5971
-0
-0
21.7606
-0
3.38146
-0
-0
-0
-0
-0
-0
-0
1.64199
1.03948
2.53305
-0
2.18454
-0
-0
-0
-0
30.5875
-0
-0
44.9469
-0
-0
25.959
22.7584
-0
-0
-0
-0
-0
-0
-0
18.7213
-0
-0
-0
-0
4.16589
18.6674
-0
-0
-0
-0
-0
5.5422
-0
19.3514
-0
-0
-0
-0
2.42019
-0
-0
-0
-0
-0
-0
-0
-0
24.8938
-0
-0
24.1694
-0
-0
-0
-0
-0
-0
-0
-0
-0
-0
-0
-0
-0
-0
-0
12.8357
-0
-0
-0
-0
6.25139
2.49592
-0
-0
-0
-0
-0
-0
-0
-0
-0
-0
9.56024
-0
-0
7.54375
-0
8.2546
-0
-0
9.86247
-0
2.54994
9.3011
18.6334
-0
7.55457
-0
-0
-0
-0
7.54138
-0
-0
-0
-0
-0
21.5154
-0
-0
-0
-0
6.63137
-0
-0
-0
-0
-0
-0
-0
-0
-0
1.36552
-0
-0
-0
-0
-0
0.724188
-0
4.81875
-0
-0
4.48051
-0
12.6049
-0
-0
19.5921
-0
14.739
20.3403
-0
-0
0.779138
-0
19.1187
-0
-0
0.717836
-0
4.47222
19.4849
4.76808
-0
-0
-0
-0
-0
-0
10.4815
5.23035
-0
-0
-0
30.0838
34.4833
23.5356
-0
-0
-0
-0
2.38276
-0
-0
2.19312
-0
-0
-0
5.02158
-0
-0
0.239917
41.1144
-0
-0
-0
-0
-0
23.6832
-0
-0
-0
-0
6.26358
35.7461
-0
-0
-0
-0
4.06604
-0
-0
41.8963
-0
5.60123
-0
17.5592
3.09016
15.5209
-0
-0
-0
-0
6.88749
-0
-0
13.645
-0
-0
1.12666
-0
-0
13.4472
-0
-0
-0
-0
-0
-0
4.51127
-0
7.65308
-0
-0
12.0406
-0
-0
-0
-0
-0
-0
34.8372
-0
-0
-0
-0
-0
-0
-0
-0
-0
-0
-0
-0
-0
5.21676
-0
10.7649
3.46194
-0
-0
-0
37.9203
-0
-0
-0
-0
-0
-0
-0
-0
-0
-0
0.197286
-0
-0
-0
27.0777
-0
-0
8.55209
-0
-0
-0
-0
-0
-0
-0
16.4894
-0
-0
-0
-0
-0
-0
-0
-0
-0
-0
-0
-0
-0
39.0378
-0
-0
-0
18.2615
-0
-0
7.39913
10.2257
-0
-0
34.004
11.0519
2.98027
10.0897
-0
21.9935
-0
14.9275
43.3108
-0
-0
4.06991
1.80167
-0
19.2062
-0
-0
-0
-0
-0
-0
-0
-0
2.67001
5.86122
-0
6.37164
-0
-0
-0
-0
0.368718
8.26512
3.74958
-0
-0
18.4947
-0
-0
5.74424
-0
-0
-0
10.2918
-0
-0
2.72085
-0
8.93309
-0
-0
-0
-0
12.7084
-0
43.2538
8.56115
-0
-0
-0
-0
-0
-0
0.61607
-0
15.3708
-0
0.952593
14.7483
-0
-0
-0
-0
31.7147
-0
-0
7.08835
-0
18.4091
17.8985
-0
-0
