0.676597
-0
-0
-0
-0
13.064
-0
-0
19.1173
-0
-0
-0
-0
-0
-0
11.6946
12.4299
-0
-0
-0
-0
-0
-0
-0
13.9122
-0
2.29607
-0
-0
-0
-0
-0
-0
-0
7.24945
-0
-0
-0
-0
-0
-0
-0
-0
-0
-0
3.38487
-0
-0
-0
12.4673
-0
-0
-0
-0
-0
-0
4.16721
1.24866
-0
-0
-0
-0
-0
-0
5.70178
-0
-0
2.25078
-0
-0
-0
-0
-0
-0
-0
3.26893
18.5183
-0
-0
-0
-0
88.1104
1.54956
-0
30.4116
-0
-0
-0
-0
-0
10.0709
0.0164246
-0
-0
14.458
-0
8.08837
-0
5.11324
-0
-0
-0
-0
-0
-0
-0
14.8277
-0
-0
-0
-0
1.43262
-0
-0
-0
25.5592
-0
-0
42.4974
34.0212
-0
-0
15.2444
-0
-0
-0
-0
-0
-0
-0
2.83783
3.57768
-0
-0
-0
-0
25.8549
5.66733
-0
1.5355
3.06406
-0
16.5825
-0
-0
-0
-0
-0
-0
-0
-0
-0
-0
6.20161
-0
-0
4.37117
17.6052
-0
0.316807
14.7402
-0
-0
-0
-0
-0
-0
-0
-0
51.8149
2.01142
5.38032
-0
-0
0.681836
-0
17.6594
-0
2.64553
-0
-0
-0
-0
-0
-0
41.3562
-0
-0
24.9307
-0
11.4626
30.3292
17.6928
-0
-0
-0
-0
7.66939
-0
-0
-0
1.77473
20.2469
-0
-0
-0
-0
-0
-0
-0
-0
-0
13.8145
-0
-0
11.3752
12.1174
2.55469
-0
-0
-0
-0
-0
38.9516
-0
-0
-0
-0
-0
-0
-0
-0
-0
-0
-0
-0
-0
-0
-0
-0
5.55797
-0
-0
-0
-0
-0
11.8372
-0
-0
-0
-0
-0
-0
-0
0.330941
-0
-0
13.4482
-0
-0
-0
-0
3.07903
-0
-0
-0
-0
-0
-0
-0
-0
6.4291
-0
28.855
-0
-0
-0
-0
-0
-0
-0
2.30826
-0
20.253
-0
-0
4.14652
14.6997
-0
-0
5.51341
-0
54.2845
-0
47.2862
-0
26.2146
-0
-0
53.9937
-0
-0
-0
16.3014
16.9295
27.4565
-0
-0
17.5408
-0
29.1376
-0
-0
-0
-0
1.20312
-0
-0
-0
0.0146986
-0
-0
-0
25.1791
42.2962
-0
-0
-0
-0
13.6628
-0
-0
-0
16.4212
-0
-0
-0
10.8531
-0
21.9595
-0
-0
-0
-0
-0
-0
24.4885
-0
-0
-0
-0
-0
-0
-0
20.7021
-0
-0
-0
2.84708
-0
5.63435
-0
-0
18.4573
-0
0.656148
-0
-0
3.18098
-0
-0
12.1183
0.83428
6.62911
-0
-0
1.12724
-0
-0
-0
-0
-0
-0
-0
-0
-0
-0
-0
-0
-0
-0
1.90432
-0
-0
-0
-0
-0
-0
-0
7.62486
2.42367
-0
-0
-0
-0
-0
-0
-0
-0
-0
-0
-0
-0
-0
23.1953
-0
-0
-0
-0
-0
29.9807
-0
-0
-0
-0
-0
-0
9.84164
-0
7.82933
-0
-0
5.31807
-0
-0
-0
-0
-0
-0
-0
-0
-0
-0
-0
-0
-0
-0
-0
-0
-0
6.28233
20.6964
-0
-0
28.6706
17.5686
-0
16.8748
-0
-0
-0
-0
16.8569
-0
-0
-0
-0
-0
-0
-0
-0
-0
-0
-0
-0
0.0517919
-0
-0
-0
-0
-0
-0
-0
0.577532
-0
-0
-0
-0
-0
22.6021
28.6054
-0
-0
-0
-0
-0
12.2953
-0
-0
18.6539
-0
-0
26.9358
17.7293
-0
-0
20.8617
-0
-0
34.1537
-0
-0
12.8116
-0
-0
-0
-0
2.60452
0.535656
-0
-0
-0
-0
-0
-0
-0
-0
-0
-0
-0
-0
-0
-0
-0
25.1231
-0
25.9915
24.2065
-0
-0
-0
-0
-0
-0
-0
-0
-0
-0
-0
25.9918
-0
-0
-0
-0
70.7561
5.48966
-0
-0
18.2034
-0
-0
-0
35.2614
-0
-0
-0
-0
-0
-0
4.97382
-0
-0
0.861641
-0
-0
-0
-0
-0
10.5365
-0
-0
-0
-0
0.12568
-0
-0
-0
-0
-0
59.8427
-0
-0
-0
-0
-0
12.2234
-0
6.75474
-0
-0
12.6776
-0
-0
-0
-0
-0
-0
31.7092
-0
-0
-0
14.762
10.1311
-0
-0
-0
11.8659
-0
-0
-0
-0
-0
-0
23.2931
-0
-0
-0
-0
-0
-0
-0
20.3264
-0
-0
-0
-0
-0
-0
-0
-0
-0
-0
-0
-0
-0
-0
-0
-0
-0
6.59011
-0
-0
-0
-0
-0
-0
-0
-0
-0
-0
15.9335
-0
8.1335
26.0561
-0
21.7773
-0
-0
-0
-0
14.32
-0
-0
-0
35.5336
1.03511
-0
-0
-0
11.1171
-0
-0
-0
-0
-0
27.616
-0
-0
-0
-0
-0
-0
-0
-0
-0
-0
-0
-0
-0
-0
6.65972
-0
-0
0.483896
39.6532
-0
-0
-0
4.99796
-0
-0
15.6269
-0
-0
-0
-0
-0
-0
-0
-0
-0
4.56708
-0
-0
0.93005
-0
-0
-0
-0
5.57224
1.65088
9.25694
-0
16.3123
-0
-0
-0
1.35852
-0
-0
-0
-0
-0
-0
-0
44.7999
-0
-0
1.00552
24.7397
-0
-0
-0
-0
3.77759
10.9254
-0
4.42012
17.2142
-0
-0
-0
-0
-0
-0
38.1881
27.3931
-0
-0
-0
-0
-0
-0
-0
-0
-0
-0
-0
-0
10.9271
-0
-0
-0
-0
-0
-0
20.4187
57.331
-0
-0
-0
-0
6.57189
-0
29.5299
-0
-0
-0
-0
-0
3.86238
-0
5.22571
-0
-0
6.77781
-0
-0
0.0595036
-0
-0
-0
-0
-0
-0
25.1531
-0
-0
-0
8.18197
-0
-0
26.0945
-0
-0
-0
-0
8.62756
5.52972
-0
40.0092
-0
-0
2.54066
-0
-0
-0
24.1726
-0
9.86353
-0
-0
-0
-0
-0
21.6964
-0
-0
5.12413
-0
-0
-0
-0
2.82577
-0
14.8579
34.2003
0.576449
-0
24.1059
-0
-0
-0
-0
24.6812
-0
-0
-0
-0
-0
-0
-0
-0
29.266
3.00965
44.5066
-0
-0
-0
-0
1.38509
11.4237
-0
-0
-0
24.6962
-0
-0
3.76552
3.24272
-0
-0
22.5807
-0
-0
1.13651
18.5274
-0
-0
31.3031
0.988409
-0
-0
-0
-0
-0
-0
-0
-0
-0
8.29565
22.4919
-0
-0
-0
-0
-0
7.85467
-0
18.6513
-0
-0
-0
17.7793
18.6835
-0
-0
4.20975
-0
-0
-0
-0
12.4606
12.0295
-0
-0
-0
-0
-0
30.8334
3.14927
1.33356
-0
-0
14.0412
-0
10.9103
-0
-0
-0
-0
-0
-0
-0
8.0898
6.61437
-0
0.313744
-0
-0
-0
-0
0.874581
-0
-0
-0
-0
-0
-0
23.1369
-0
4.90021
-0
4.86363
-0
-0
-0
-0
-0
-0
-0
-0
-0
-0
-0
-0
-0
-0
-0
-0
-0
6.46452
-0
-0
-0
13.6849
34.6918
-0
-0
59.3286
-0
-0
-0
12.3081
-0
-0
-0
37.5515
-0
7.84487
27.0458
-0
12.6706
-0
-0
5.24884
-0
-0
-0
-0
-0
-0
3.30264
-0
-0
-0
-0
-0
-0
-0
-0
-0
-0
-0
-0
-0
-0
-0
-0
12.9813
23.024
-0
-0
-0
10.1381
-0
0.499329
-0
-0
-0
-0
-0
3.22695
14.9343
-0
-0
-0
-0
-0
-0
-0
-0
29.6982
-0
-0
52.8113
-0
-0
-0
11.8717
-0
-0
-0
-0
4.61991
1.40853
-0
-0
13.4071
-0
-0
-0
-0
-0
-0
-0
-0
-0
18.2571
-0
-0
-0
-0
23.7806
36.2559
-0
-0
-0
-0
1.63683
-0
-0
-0
-0
-0
-0
-0
-0
-0
-0
-0
22.0002
-0
24.8755
-0
-0
-0
-0
2.03966
-0
-0
-0
-0
-0
11.121
-0
-0
-0
-0
-0
-0
0.722052
3.66589
7.24891
-0
-0
-0
-0
-0
7.66977
-0
-0
-0
-0
6.6656
-0
-0
-0
-0
32.4546
14.3796
-0
-0
-0
-0
5.31767
-0
-0
-0
-0
-0
18.6483
-0
0.0267174
-0
7.05943
-0
-0
-0
-0
-0
19.8743
2.74711
-0
-0
-0
13.5868
-0
-0
-0
-0
45.582
59.5038
-0
3.84965
-0
-0
-0
-0
-0
-0
-0
-0
-0
-0
-0
-0
23.1728
-0
4.03854
-0
-0
-0
-0
-0
-0
-0
-0
-0
-0
-0
-0
-0
-0
-0
5.35911
-0
-0
11.8016
-0
1.02473
-0
-0
-0
-0
32.8733
-0
-0
24.5356
-0
-0
3.20728
-0
-0
-0
-0
-0
-0
0.544336
-0
-0
-0
-0
-0
-0
-0
-0
12.782
-0
-0
-0
-0
-0
-0
-0
-0
-0
-0
-0
-0
-0
18.4863
-0
-0
-0
-0
-0
-0
-0
37.6515
-0
-0
-0
32.0648
-0
-0
-0
-0
16.6429
-0
-0
-0
38.1846
-0
-0
-0
-0
-0
-0
22.7125
-0
2.03749
-0
40.2888
-0
-0
9.52389
-0
56.4932
-0
-0
-0
-0
-0
-0
-0
52.1597
22.0718
-0
4.85022
21.2116
-0
-0
-0
-0
9.18876
-0
-0
-0
1.85113
-0
-0
22.1369
-0
11.131
-0
2.63098
6.68727
-0
-0
-0
-0
2.28399
-0
3.49533
-0
-0
-0
-0
-0
-0
1.3375
-0
-0
-0
-0
12.1049
22.8703
-0
-0
5.29651
37.2864
35.7093
-0
-0
-0
-0
-0
-0
-0
-0
-0
-0
-0
-0
-0
0.460237
-0
-0
-0
-0
-0
-0
-0
-0
28.9928
-0
-0
-0
-0
-0
9.73137
-0
-0
-0
-0
-0
-0
-0
-0
-0
-0
1.53432
-0
34.9011
10.5947
-0
-0
15.2092
20.0014
-0
-0
-0
-0
-0
-0
24.1335
-0
28.8522
-0
-0
-0
-0
-0
8.84732
44.2433
-0
-0
-0
-0
15.4889
-0
-0
-0
-0
-0
-0
0.0177438
-0
-0
-0
-0
12.2145
-0
5.50804
53.0616
-0
1.4439
24.0592
-0
27.1429
31.4258
-0
25.2431
-0
-0
-0
-0
-0
-0
-0
-0
-0
-0
12.4874
-0
-0
-0
-0
-0
-0
24.0858
-0
-0
-0
-0
-0
-0
-0
-0
-0
-0
-0
-0
-0
51.7319
-0
-0
2.487
-0
-0
-0
-0
-0
-0
-0
-0
-0
-0
9.10759
-0
-0
-0
-0
42.0152
-0
-0
-0
4.28029
-0
-0
-0
-0
3.55238
-0
-0
40.7844
-0
-0
-0
1.47435
-0
2.00653
-0
-0
-0
0.538701
-0
-0
-0
-0
-0
-0
-0
-0
-0
-0
-0
-0
-0
41.7085
6.00934
-0
-0
9.61429
-0
8.73817
-0
-0
-0
-0
-0
-0
0.554215
-0
-0
10.2614
-0
-0
-0
0.0312829
-0
-0
-0
-0
-0
-0
-0
-0
-0
0.122732
-0
-0
-0
-0
-0
-0
-0
-0
-0
-0
-0
-0
-0
19.8292
-0
-0
-0
-0
-0
-0
-0
-0
-0
-0
-0
15.8958
-0
-0
-0
-0
-0
-0
-0
-0
-0
6.29774
-0
-0
-0
-0
-0
31.6459
-0
-0
-0
-0
-0
-0
0.843705
-0
-0
-0
-0
7.65103
-0
-0
-0
-0
13.0738
-0
3.40349
10.5091
-0
-0
-0
-0
-0
-0
-0
10.2909
25.8692
-0
-0
-0
9.05134
24.8827
-0
6.90096
-0
-0
-0
-0
-0
22.8187
5.48445
-0
24.3155
-0
2.91992
38.7046
22.9135
-0
19.8465
-0
-0
-0
47.3696
-0
-0
-0
-0
-0
-0
13.9973
-0
5.67003
31.3212
-0
-0
5.72628
-0
-0
-0
-0
-0
27.397
-0
3.87778
16.0293
-0
-0
-0
-0
-0
-0
10.7846
-0
-0
29.6058
-0
-0
25.9795
-0
-0
9.20902
-0
8.66002
-0
-0
-0
-0
-0
13.8967
28.1721
-0
-0
18.3547
3.058
-0
-0
-0
-0
-0
-0
10.4818
55.3277
-0
-0
-0
-0
-0
-0
-0
-0
-0
-0
-0
-0
-0
-0
-0
-0
-0
-0
-0
-0
28.7472
-0
-0
-0
-0
-0
-0
-0
-0
-0
5.933
-0
18.4089
-0
-0
-0
-0
-0
-0
-0
-0
37.7898
-0
3.9008
-0
-0
-0
-0
0.224254
13.8435
-0
-0
-0
-0
-0
1.21574
-0
2.33294
-0
-0
-0
-0
-0
-0
0.612915
32.0399
-0
-0
4.72704
5.70869
-0
-0
-0
-0
-0
-0
-0
28.5709
-0
-0
-0
-0
-0
-0
2.87449
-0
-0
-0
-0
11.3263
-0
-0
-0
-0
-0
0.24442
-0
-0
-0
-0
-0
-0
-0
-0
-0
-0
-0
-0
-0
18.7958
0.731197
-0
11.3134
-0
-0
-0
-0
-0
-0
-0
-0
9.86617
-0
2.43611
-0
12.0982
-0
-0
-0
-0
-0
-0
-0
-0
-0
-0
-0
-0
-0
-0
-0
-0
15.8456
-0
-0
-0
-0
-0
-0
-0
0.6368
-0
-0
26.2274
-0
22.9577
-0
19.2054
-0
-0
-0
-0
-0
-0
-0
-0
-0
-0
-0
33.0813
-0
-0
-0
-0
-0
-0
-0
-0
23.9577
30.9091
-0
-0
-0
-0
-0
-0
-0
-0
-0
35.4063
-0
-0
-0
-0
3.09517
-0
-0
-0
-0
-0
41.8562
3.24895
-0
-0
66.2079
5.75761
-0
24.8558
52.1716
15.9638
-0
21.0985
-0
-0
-0
-0
1.13068
-0
-0
-0
-0
6.59255
-0
-0
-0
-0
-0
34.7896
-0
-0
-0
40.7929
-0
-0
-0
24.9151
-0
-0
-0
-0
-0
-0
22.2387
3.2311
-0
-0
-0
11.5977
-0
-0
2.13851
18.3517
-0
-0
10.6432
-0
-0
-0
-0
-0
-0
-0
-0
38.0452
-0
15.3873
27.577
-0
-0
10.6098
-0
-0
-0
-0
-0
-0
-0
-0
8.24301
-0
5.92966
26.0818
-0
-0
-0
-0
0.694393
-0
59.1862
-0
15.4729
-0
-0
-0
0.557965
-0
-0
3.93477
-0
52.3313
-0
-0
50.3074
-0
4.82183
2.80897
-0
18.667
-0
-0
12.9912
-0
5.70034
24.3013
39.9258
-0
-0
11.128
-0
-0
-0
13.5091
49.0682
-0
-0
-0
-0
-0
38.6449
0.473634
-0
-0
-0
-0
-0
7.44219
-0
31.2493
-0
8.06331
-0
-0
6.55328
-0
-0
-0
-0
-0
9.37425
-0
0.598891
-0
40.6132
26.8286
-0
-0
-0
0.997411
-0
-0
-0
-0
-0
-0
-0
-0
-0
-0
-0
-0
21.5783
-0
-0
-0
30.5744
-0
-0
-0
-0
19.6673
-0
-0
-0
-0
-0
-0
-0
-0
19.5436
-0
-0
-0
6.8721
-0
-0
-0
16.2885
56.577
3.97577
34.0067
-0
-0
14.2891
77.2751
-0
5.63665
-0
4.22134
-0
1.82068
-0
-0
25.0865
11.8267
5.88167
-0
8.16406
-0
-0
-0
-0
19.2156
17.706
-0
-0
8.85972
-0
-0
7.06383
-0
-0
-0
-0
-0
-0
26.1662
-0
-0
-0
-0
-0
-0
-0
-0
17.6093
-0
-0
-0
-0
-0
-0
-0
3.17192
-0
-0
11.5529
-0
-0
-0
-0
-0
-0
12.8462
34.4045
-0
-0
-0
-0
-0
-0
-0
-0
-0
33.6477
10.6977
20.2375
-0
4.88643
-0
-0
-0
-0
-0
3.17308
0.614668
-0
-0
-0
26.0344
-0
-0
-0
-0
-0
-0
21.9027
-0
-0
-0
-0
-0
-0
-0
4.24442
8.56835
-0
6.37632
-0
-0
-0
-0
-0
-0
18.8303
-0
-0
-0
-0
-0
-0
4.13316
-0
-0
-0
-0
-0
-0
33.8234
-0
-0
8.70971
32.7184
-0
12.499
1.45653
-0
-0
-0
-0
-0
-0
34.3055
23.5378
-0
-0
-0
-0
-0
-0
-0
-0
-0
-0
-0
-0
-0
-0
-0
-0
-0
-0
-0
-0
-0
-0
-0
-0
6.4572
-0
-0
4.76857
-0
-0
11.3811
-0
-0
5.47832
-0
-0
-0
6.83985
-0
-0
20.7465
-0
-0
34.7471
-0
-0
-0
24.7017
-0
18.3998
32.7479
-0
-0
26.4451
12.6712
37.468
-0
-0
2.34532
-0
-0
-0
-0
-0
-0
-0
12.2535
16.2612
3.48029
6.6422
-0
-0
-0
5.60112
35.6412
-0
-0
-0
-0
-0
1.75811
-0
-0
-0
-0
-0
15.3549
-0
-0
-0
-0
13.9968
-0
26.2349
-0
-0
-0
-0
-0
-0
-0
-0
-0
-0
-0
1.96994
-0
27.0863
-0
-0
-0
-0
-0
3.73968
-0
10.989
-0
3.80258
-0
-0
-0
-0
34.0221
2.26769
-0
-0
-0
0.264796
17.3633
-0
-0
-0
-0
-0
-0
23.7926
-0
18.6606
7.07369
-0
-0
39.7466
13.6216
-0
-0
-0
-0
19.3377
-0
-0
-0
1.60677
-0
-0
-0
-0
-0
-0
-0
-0
-0
10.2799
-0
7.88148
-0
-0
-0
-0
-0
-0
-0
-0
-0
-0
-0
21.6137
2.90736
5.52886
-0
21.0488
-0
-0
7.15188
-0
-0
-0
0.00859559
52.6035
-0
-0
-0
-0
-0
-0
-0
-0
-0
-0
-0
-0
2.28317
-0
-0
-0
-0
67.0102
20.7391
-0
-0
-0
-0
-0
-0
-0
-0
-0
-0
-0
-0
-0
-0
-0
-0
2.7012
-0
-0
-0
-0
-0
-0
-0
-0
-0
-0
-0
11.1437
-0
7.49644
22.1332
-0
42.5807
-0
-0
5.62721
-0
-0
14.5774
-0
-0
8.59359
-0
-0
-0
5.14657
-0
-0
-0
-0
-0
-0
2.35756
-0
-0
-0
0.245161
-0
-0
-0
-0
-0
11.5864
-0
-0
24.0759
-0
46.3389
-0
-0
11.6884
-0
-0
10.8379
3.89204
14.3182
-0
28.0333
-0
-0
25.205
-0
16.5479
-0
-0
12.5367
8.83113
-0
-0
-0
-0
-0
-0
-0
-0
4.1136
4.45214
26.1877
6.74909
-0
-0
-0
-0
-0
11.2454
-0
-0
-0
-0
-0
-0
1.89771
33.0303
-0
-0
-0
-0
-0
-0
-0
-0
-0
-0
-0
-0
-0
-0
-0
35.8425
0.941039
-0
-0
-0
27.5691
31.9739
28.3387
-0
-0
-0
-0
-0
-0
-0
-0
5.42796
-0
-0
-0
-0
-0
4.12631
-0
22.1211
-0
-0
-0
-0
-0
11.6369
-0
-0
-0
-0
-0
-0
-0
-0
-0
-0
-0
-0
-0
-0
-0
32.0377
-0
-0
-0
-0
-0
-0
-0
-0
-0
-0
-0
-0
-0
-0
22.2812
25.4593
-0
-0
-0
50.2572
-0
20.3172
3.04112
-0
-0
10.74
-0
52.4752
-0
61.6196
-0
-0
-0
22.0201
-0
-0
-0
-0
21.7476
-0
-0
-0
-0
16.0413
-0
-0
2.96527
-0
-0
-0
-0
-0
-0
-0
0.62559
0.54475
14.4471
-0
-0
-0
7.34687
-0
-0
-0
-0
-0
-0
-0
-0
-0
-0
14.0947
-0
-0
-0
-0
-0
10.4353
1.01305
-0
-0
-0
-0
-0
-0
-0
7.10524
-0
-0
9.54821
-0
8.6056
-0
-0
-0
-0
2.00304
-0
-0
-0
-0
-0
-0
-0
-0
-0
-0
-0
51.3009
-0
-0
-0
-0
-0
36.6896
7.25398
-0
-0
-0
-0
-0
-0
-0
8.80337
-0
28.0905
-0
51.8145
-0
-0
-0
13.0025
-0
-0
-0
-0
-0
-0
-0
-0
-0
-0
-0
10.6171
24.1422
-0
20.6327
-0
-0
-0
-0
-0
34.8671
4.23633
-0
-0
-0
-0
-0
-0
-0
-0
-0
13.8807
6.09872
-0
-0
-0
10.6069
-0
-0
48.7408
-0
-0
-0
-0
-0
5.48202
-0
-0
-0
-0
-0
-0
-0
-0
-0
14.128
17.0423
-0
-0
-0
-0
-0
10.1337
-0
-0
26.2643
1.61371
-0
8.12487
-0
-0
29.5214
-0
-0
24.1982
-0
-0
-0
11.6971
-0
-0
9.4457
-0
-0
-0
-0
8.50932
27.146
-0
-0
3.84966
-0
-0
-0
3.10168
-0
-0
-0
-0
18.0882
-0
-0
0.0244508
44.5929
-0
0.529536
27.2829
17.5669
-0
16.1884
-0
-0
-0
-0
-0
-0
-0
-0
-0
-0
-0
8.15092
-0
10.912
-0
-0
-0
-0
-0
-0
-0
41.4896
-0
-0
-0
-0
-0
-0
-0
13.8848
-0
-0
-0
-0
10.2073
2.02549
-0
-0
7.70123
-0
16.181
-0
6.10912
-0
-0
-0
-0
-0
-0
-0
34.4872
-0
-0
16.3239
-0
2.65987
11.6294
0.500359
-0
6.36876
-0
-0
-0
-0
-0
-0
-0
25.4143
27.0511
-0
-0
18.9209
-0
-0
-0
-0
-0
-0
-0
-0
-0
-0
-0
-0
-0
-0
-0
-0
-0
-0
-0
17.0874
17.3698
-0
-0
-0
-0
-0
-0
42.0152
-0
-0
11.4598
-0
-0
34.9359
-0
-0
-0
-0
-0
-0
-0
5.02097
-0
26.0858
-0
34.0179
-0
-0
-0
35.8209
-0
-0
-0
8.65365
1.69765
-0
-0
-0
-0
-0
7.48997
-0
-0
-0
31.6873
33.7094
-0
-0
-0
21.06
-0
-0
-0
-0
-0
-0
-0
-0
-0
-0
-0
1.55224
-0
-0
-0
83.1979
-0
-0
5.74492
-0
-0
-0
-0
-0
-0
-0
-0
-0
-0
-0
7.70452
-0
11.9752
-0
-0
18.1074
37.3574
-0
-0
-0
-0
-0
1.91877
-0
-0
-0
-0
-0
19.4826
-0
-0
-0
1.52564
-0
-0
-0
-0
-0
29.3688
-0
-0
-0
-0
-0
-0
-0
-0
-0
-0
-0
-0
25.0793
-0
-0
-0
17.8033
11.4864
-0
-0
-0
5.81071
-0
3.68827
-0
0.0657021
-0
-0
-0
-0
-0
17.0047
-0
-0
-0
-0
-0
-0
13.891
6.85076
-0
-0
7.13058
-0
-0
-0
-0
10.7103
22.1669
-0
-0
-0
-0
-0
-0
-0
-0
-0
-0
-0
-0
-0
-0
26.7189
-0
-0
-0
-0
-0
-0
-0
-0
11.785
-0
-0
2.60875
33.0317
-0
-0
-0
-0
-0
-0
-0
-0
-0
-0
-0
-0
3.54946
-0
-0
-0
-0
-0
11.4619
-0
-0
-0
-0
-0
-0
6.65791
-0
-0
-0
-0
16.3923
-0
-0
1.78756
-0
-0
-0
-0
-0
-0
-0
-0
-0
-0
-0
15.9705
-0
-0
-0
-0
48.0705
-0
-0
7.62302
-0
31.909
-0
-0
22.2607
11.2358
22.5407
-0
-0
-0
-0
0.231125
-0
-0
-0
0.268931
-0
-0
-0
-0
-0
-0
-0
-0
-0
-0
48.4321
-0
-0
-0
-0
-0
-0
-0
-0
-0
-0
-0
15.4219
-0
-0
-0
5.02539
-0
-0
39.5564
2.30669
-0
16.8218
16.1271
8.21377
-0
2.53447
-0
30.0774
-0
-0
12.5703
-0
-0
-0
-0
-0
-0
20.6631
-0
-0
-0
-0
17.1537
-0
26.608
-0
22.6264
10.5114
4.83396
-0
-0
-0
-0
-0
7.92157
-0
-0
2.05029
0.532806
13.1735
-0
-0
-0
-0
-0
-0
-0
-0
-0
8.04354
3.72085
-0
-0
-0
-0
23.8099
-0
-0
-0
-0
-0
-0
-0
-0
-0
-0
-0
0.945854
7.16334
-0
-0
-0
-0
-0
-0
-0
-0
-0
27.1657
-0
-0
28.367
24.4087
-0
-0
-0
-0
-0
-0
-0
-0
-0
-0
-0
21.1438
-0
8.30722
-0
-0
-0
-0
-0
24.3007
16.3628
-0
5.36489
45.3733
10.1975
27.9602
-0
-0
-0
33.3575
2.86064
-0
-0
-0
-0
-0
-0
-0
-0
-0
-0
-0
68.0335
27.6725
-0
-0
-0
9.73656
-0
-0
-0
-0
-0
-0
-0
-0
8.33608
-0
-0
12.2899
-0
-0
4.71238
14.4688
-0
-0
-0
-0
31.4568
-0
59.6879
-0
-0
-0
-0
-0
1.77145
-0
28.9472
-0
-0
25.6649
38.2731
-0
-0
0.903575
-0
-0
14.6231
-0
-0
-0
62.9741
-0
-0
-0
-0
-0
-0
1.29183
-0
-0
-0
-0
-0
-0
-0
7.93398
14.873
-0
8.32711
-0
6.08704
-0
9.0033
-0
-0
2.40339
9.5492
-0
1.20693
-0
3.66028
-0
17.6761
1.38113
17.1612
-0
5.88903
-0
-0
-0
21.5554
-0
-0
-0
-0
-0
-0
9.17645
-0
-0
-0
-0
-0
-0
0.907546
8.17814
-0
19.3441
7.24432
-0
-0
-0
-0
-0
1.90401
3.972
-0
-0
-0
6.02039
-0
-0
18.7677
31.998
-0
-0
-0
-0
-0
0.0430207
-0
-0
-0
-0
-0
7.8038
-0
-0
4.41534
-0
-0
-0
-0
-0
-0
-0
22.6408
44.3263
-0
32.1083
-0
-0
-0
-0
-0
-0
-0
-0
29.1372
-0
-0
-0
-0
9.95527
-0
-0
-0
-0
-0
-0
-0
-0
7.5955
-0
-0
-0
17.6472
-0
-0
14.7353
-0
17.2653
-0
2.42959
-0
3.90755
-0
-0
-0
4.44986
-0
8.34994
-0
-0
-0
-0
3.43947
-0
10.071
-0
-0
-0
1.75367
-0
-0
30.3012
-0
-0
-0
-0
0.731513
-0
-0
25.0157
6.70481
-0
-0
-0
14.6718
-0
-0
33.9555
-0
5.75385
66.0809
21.4739
-0
-0
-0
-0
-0
-0
-0
-0
13.2451
-0
-0
-0
10.7062
-0
-0
-0
-0
-0
7.55231
-0
-0
-0
-0
19.621
-0
-0
-0
-0
-0
16.3437
-0
-0
-0
-0
0.577769
-0
-0
26.3678
-0
-0
38.2309
-0
-0
-0
-0
-0
-0
-0
-0
9.24551
-0
-0
2.13283
-0
38.9488
-0
12.9106
-0
-0
-0
-0
27.8217
-0
-0
-0
-0
39.2302
-0
-0
38.8414
16.6578
-0
-0
11.5186
-0
-0
-0
7.09889
-0
-0
7.9179
-0
-0
-0
-0
-0
-0
-0
20.6474
-0
-0
32.5909
-0
-0
21.9774
0.101064
-0
-0
-0
-0
-0
-0
-0
41.9296
-0
13.0802
-0
-0
1.44697
32.6644
-0
-0
-0
-0
-0
-0
7.65982
-0
-0
-0
-0
-0
-0
11.182
-0
-0
-0
-0
-0
-0
-0
31.6437
-0
-0
21.6977
-0
-0
-0
-0
-0
-0
-0
-0
-0
-0
-0
-0
-0
-0
-0
3.98728
-0
10.2809
-0
0.212379
5.79993
5.82076
-0
-0
-0
-0
-0
-0
-0
-0
11.5295
-0
18.5561
-0
7.1827
-0
-0
19.9043
-0
-0
40.8621
-0
-0
2.36555
-0
12.5227
-0
-0
-0
-0
14.8064
15.0261
-0
-0
24.3203
-0
-0
16.2229
-0
46.9631
-0
-0
47.2954
-0
-0
-0
-0
-0
11.1608
-0
-0
4.59446
-0
-0
-0
-0
-0
-0
-0
-0
9.70153
-0
-0
13.5707
-0
14.8055
-0
-0
26.1263
-0
5.76159
20.1068
-0
-0
-0
-0
30.8408
-0
-0
-0
-0
9.38095
5.92435
-0
-0
-0
2.67497
-0
-0
-0
-0
8.49034
-0
-0
-0
59.6461
29.6486
2.51927
-0
-0
-0
-0
-0
-0
-0
-0
-0
-0
-0
12.8642
-0
-0
14.7384
36.1872
-0
-0
-0
-0
-0
-0
10.9712
8.08345
-0
-0
-0
57.2314
-0
-0
-0
-0
-0
-0
-0
44.931
-0
20.0195
1.05443
26.1442
-0
7.90777
-0
-0
-0
15.9437
10.7675
-0
-0
18.6643
-0
-0
-0
-0
-0
27.7113
-0
-0
-0
-0
-0
-0
5.31957
-0
30.4811
-0
-0
10.3284
-0
-0
-0
-0
-0
-0
9.5254
-0
-0
-0
-0
-0
-0
-0
-0
-0
-0
-0
-0
-0
15.938
6.25768
2.7636
16.3052
-0
-0
-0
33.4356
-0
-0
-0
-0
-0
-0
-0
0.309442
-0
4.40965
24.6758
-0
-0
-0
7.26945
-0
-0
-0
-0
-0
-0
-0
-0
-0
-0
-0
6.91796
-0
-0
-0
16.4994
-0
-0
-0
-0
-0
-0
-0
-0
80.2137
-0
1.74363
-0
25.2836
-0
-0
11.7119
24.4345
-0
-0
42.2473
12.3114
4.93145
16.6464
-0
6.13567
-0
20.5464
55.4635
1.48555
-0
3.25759
-0
-0
7.64121
-0
-0
-0
-0
-0
-0
-0
-0
3.60214
3.93247
-0
-0
-0
-0
-0
-0
-0
18.6722
27.5533
-0
-0
20.4135
-0
-0
13.6467
-0
-0
-0
8.57209
-0
-0
3.35924
-0
-0
-0
-0
-0
-0
-0
-0
15.3698
13.1439
-0
-0
-0
-0
-0
-0
-0
4.10339
24.4374
-0
8.81316
2.46021
-0
-0
-0
-0
34.0401
-0
-0
-0
-0
-0
-0
-0
-0
