-0
-0
-0
-0
-0
6.72529
-0
-0
19.1466
-0
-0
-0
-0
-0
-0
18.034
-0
-0
-0
-0
-0
32.2027
-0
-0
-0
-0
0.353177
13.6873
-0
-0
-0
-0
-0
-0
9.60527
-0
-0
-0
-0
-0
-0
-0
-0
-0
-0
7.18103
-0
-0
-0
-0
-0
-0
-0
-0
-0
-0
-0
1.36989
-0
-0
-0
-0
-0
-0
-0
-0
-0
10.8017
-0
0.104367
-0
-0
-0
-0
-0
8.35743
40.4158
-0
-0
2.59738
-0
84.2616
1.36022
-0
0.454279
-0
-0
-0
-0
-0
-0
-0
-0
-0
14.7814
-0
15.9471
0.915108
-0
-0
-0
-0
-0
-0
1.45813
-0
22.0956
28.0609
-0
-0
-0
-0
-0
-0
-0
19.2392
27.2375
-0
24.4878
60.4822
-0
12.4643
-0
-0
18.689
-0
0.538159
0.14522
-0
-0
7.26768
-0
28.6257
-0
4.03238
-0
29.7105
13.9631
-0
14.7483
10.0663
-0
-0
27.7842
16.9702
-0
-0
15.2883
-0
-0
25.8556
-0
-0
-0
-0
-0
9.04864
-0
-0
0.631765
0.364246
-0
-0
-0
8.8586
-0
40.9767
-0
-0
56.717
4.58955
7.69937
-0
-0
-0
-0
18.6077
-0
-0
-0
-0
-0
-0
-0
-0
26.3028
-0
-0
7.25791
3.55051
-0
28.5993
55.4089
7.56366
-0
-0
-0
0.496536
-0
-0
-0
-0
34.6867
-0
-0
-0
-0
-0
-0
-0
-0
-0
30.8523
-0
-0
5.08321
-0
13.3532
-0
-0
-0
-0
-0
-0
-0
-0
-0
1.99821
-0
-0
-0
36.6082
-0
-0
-0
-0
-0
-0
-0
2.63544
11.0322
-0
-0
-0
-0
-0
-0
-0
-0
-0
-0
-0
-0
-0
8.78803
-0
-0
9.32413
-0
-0
6.34693
-0
-0
-0
-0
-0
-0
-0
-0
-0
13.128
45.8859
4.91061
28.3786
-0
-0
-0
-0
-0
-0
-0
6.36751
-0
11.9345
-0
-0
21.4613
38.4506
-0
-0
-0
-0
8.2304
-0
29.8771
-0
-0
-0
17.0036
62.1891
-0
-0
5.37664
31.4925
-0
16.6346
-0
-0
38.9289
-0
-0
-0
-0
-0
-0
1.52573
-0
-0
-0
0.807567
-0
-0
-0
15.9606
32.0777
-0
-0
13.6914
-0
6.85561
-0
-0
3.41122
-0
-0
-0
-0
4.05425
-0
21.8143
3.58797
-0
-0
40.1702
-0
-0
-0
-0
20.0286
-0
6.72868
-0
-0
-0
46.06
-0
-0
-0
-0
8.02074
22.6941
-0
-0
28.0636
-0
1.84519
-0
-0
-0
-0
-0
9.635
1.20224
26.2295
-0
-0
31.1944
-0
19.3362
-0
-0
-0
-0
-0
-0
4.05535
-0
-0
-0
-0
-0
7.40391
2.4065
-0
-0
5.69013
-0
-0
-0
12.4831
13.4274
-0
-0
-0
15.1539
-0
-0
15.8638
-0
-0
-0
-0
-0
-0
35.4255
-0
-0
-0
-0
-0
15.6816
-0
-0
-0
-0
-0
-0
19.8951
33.4371
21.9734
-0
-0
-0
-0
-0
-0
8.4529
-0
-0
-0
-0
-0
-0
-0
-0
-0
-0
-0
-0
-0
13.0679
-0
-0
-0
9.00953
9.23174
-0
29.8817
-0
-0
-0
-0
41.1162
-0
-0
-0
-0
-0
12.7213
-0
-0
-0
-0
-0
-0
-0
-0
-0
-0
-0
-0
-0
-0
10.9406
1.53965
-0
-0
-0
-0
0.900191
25.9155
-0
5.94834
-0
-0
-0
22.4049
-0
-0
30.5058
-0
-0
-0
-0
-0
-0
43.1986
-0
-0
-0
-0
-0
9.19508
-0
-0
-0
-0
12.4529
3.00964
-0
0.135942
-0
-0
3.20603
-0
-0
-0
24.5453
-0
-0
-0
-0
-0
-0
52.8045
-0
23.6881
-0
-0
-0
-0
-0
-0
-0
-0
-0
-0
-0
-0
20.3434
-0
-0
-0
-0
64.8782
-0
-0
-0
13.1063
-0
-0
-0
92.7199
-0
-0
-0
-0
-0
-0
14.4175
-0
35.3629
17.398
23.2047
16.3429
1.78162
-0
-0
12.5083
-0
-0
-0
-0
-0
-0
-0
-0
-0
34.8469
67.2425
5.89125
-0
-0
-0
-0
-0
-0
53.2185
12.4056
-0
6.38498
-0
-0
-0
-0
19.8455
-0
14.3461
-0
-0
-0
9.64987
17.8213
-0
-0
-0
22.9168
-0
-0
-0
-0
-0
-0
3.22481
-0
-0
-0
-0
-0
-0
-0
51.8974
-0
-0
-0
-0
-0
-0
-0
-0
-0
-0
-0
-0
-0
8.92983
-0
-0
26.4004
-0
-0
-0
-0
-0
25.1734
-0
-0
-0
-0
-0
51.4705
-0
12.3789
9.41462
-0
21.3301
-0
-0
-0
-0
44.1852
-0
-0
-0
60.5108
18.115
-0
-0
-0
51.3595
19.7188
-0
-0
-0
-0
7.14945
-0
-0
-0
-0
-0
-0
13.8864
-0
-0
-0
-0
-0
-0
-0
9.71732
-0
-0
12.2948
18.0279
-0
-0
-0
-0
-0
-0
23.1575
-0
13.9734
-0
-0
-0
-0
-0
13.0003
-0
-0
-0
-0
9.58224
-0
-0
-0
26.3984
-0
4.41939
-0
-0
21.2647
16.7058
-0
-0
0.951842
-0
-0
-0
-0
-0
-0
-0
31.6939
-0
-0
6.41171
52.2583
-0
-0
-0
-0
-0
-0
1.67635
12.2269
15.6003
-0
-0
-0
-0
7.62932
14.6578
50.4286
38.6686
-0
-0
-0
-0
-0
-0
-0
-0
-0
-0
-0
-0
19.6055
15.6757
-0
-0
-0
-0
-0
11.5356
78.0008
-0
2.61031
-0
-0
10.6802
-0
10.6665
-0
-0
-0
-0
-0
1.71901
-0
25.2471
-0
-0
-0
-0
20.6988
-0
4.03175
-0
-0
-0
-0
-0
29.6371
-0
-0
-0
37.943
-0
-0
-0
-0
-0
-0
-0
3.09649
-0
-0
16.9736
-0
-0
-0
-0
-0
-0
56.3829
-0
3.80694
-0
-0
-0
-0
-0
12.4358
-0
-0
15.5684
-0
-0
-0
-0
-0
-0
21.8928
27.6893
8.93176
-0
-0
-0
-0
-0
-0
4.54421
-0
-0
-0
-0
-0
-0
-0
-0
19.1041
8.17446
8.67056
5.253
-0
-0
-0
-0
14.2481
-0
-0
-0
30.7102
-0
0.117333
9.96686
-0
-0
-0
21.6424
10.9662
-0
-0
30.1788
-0
-0
28.4192
0.796414
9.83319
-0
-0
9.78887
-0
16.9662
-0
-0
-0
41.3773
22.6406
-0
-0
-0
-0
-0
10.8727
-0
65.721
-0
-0
-0
-0
28.5237
-0
-0
-0
-0
-0
-0
-0
13.888
25.0039
-0
-0
-0
-0
-0
40.2463
52.8698
-0
-0
5.27856
5.08658
-0
8.57946
-0
-0
-0
-0
-0
-0
-0
12.7194
-0
-0
0.108425
-0
9.59965
-0
-0
4.23351
5.57176
12.5283
28.9139
-0
-0
-0
39.4209
-0
-0
-0
8.40866
-0
-0
-0
-0
-0
-0
-0
-0
-0
-0
-0
-0
-0
-0
-0
-0
-0
14.3544
-0
-0
-0
7.86625
58.1801
-0
-0
37.9987
-0
-0
-0
0.981726
-0
-0
-0
34.9408
-0
1.16862
34.3396
-0
16.7465
11.0734
-0
16.5193
-0
-0
-0
-0
-0
-0
2.0128
-0
-0
-0
-0
-0
-0
-0
-0
8.04166
-0
-0
-0
-0
-0
-0
-0
41.5238
36.8195
-0
-0
-0
-0
5.22925
0.282295
-0
10.2262
11.1515
10.8091
-0
1.7371
-0
-0
-0
-0
-0
-0
-0
-0
-0
9.4347
-0
-0
33.9617
-0
-0
-0
7.71838
-0
-0
-0
-0
18.9316
-0
-0
-0
13.5811
-0
-0
16.0763
-0
-0
-0
-0
-0
5.43022
29.8148
-0
-0
-0
-0
-0
16.7277
46.2023
-0
3.37206
-0
-0
-0
-0
-0
-0
-0
-0
3.69406
-0
-0
-0
-0
21.2031
-0
16.6093
-0
-0
-0
-0
18.4911
-0
-0
-0
-0
-0
-0
-0
-0
-0
-0
-0
-0
3.25072
-0
9.13498
-0
2.73772
-0
-0
-0
7.77976
-0
-0
-0
-0
10.9333
11.5218
-0
-0
-0
39.8448
30.5843
-0
-0
-0
-0
-0
-0
-0
36.1527
-0
-0
22.2941
-0
-0
-0
-0
-0
-0
-0
-0
-0
13.2872
-0
-0
-0
-0
-0
-0
-0
-0
-0
10.5919
33.6297
23.0672
6.52995
-0
-0
-0
-0
-0
-0
-0
-0
-0
-0
-0
-0
35.4664
-0
19.8945
-0
-0
-0
24.6198
-0
17.1016
-0
10.6393
-0
-0
-0
-0
5.03981
8.23522
-0
5.71663
-0
-0
19.0467
-0
18.1246
-0
-0
-0
-0
41.742
-0
-0
26.727
-0
-0
49.8868
-0
-0
-0
19.417
-0
-0
-0
-0
-0
-0
-0
-0
-0
-0
-0
14.1481
-0
9.34836
-0
-0
-0
-0
-0
-0
12.7738
-0
-0
-0
15.5885
12.6085
3.06677
29.414
-0
-0
-0
-0
-0
74.9745
-0
-0
-0
-0
-0
-0
-0
-0
16.849
-0
-0
-0
29.0569
-0
-0
-0
-0
-0
-0
8.89
-0
12.728
-0
65.5457
-0
-0
24.601
-0
60.9268
-0
-0
-0
-0
-0
-0
-0
45.5903
26.5287
-0
5.30237
27.3705
-0
-0
-0
-0
-0
-0
-0
-0
-0
-0
-0
17.9711
-0
34.4105
-0
-0
22.5834
-0
-0
19.349
-0
11.1543
-0
-0
-0
7.90717
-0
-0
-0
-0
2.56316
33.7277
-0
-0
-0
-0
24.5553
-0
-0
-0
-0
8.19533
-0
-0
-0
-0
-0
-0
-0
-0
-0
8.48348
26.4823
-0
-0
31.753
-0
-0
-0
-0
-0
-0
-0
-0
32.4403
3.49096
-0
-0
-0
-0
-0
-0
-0
-0
-0
-0
-0
-0
-0
-0
-0
6.91064
-0
72.4238
8.93221
-0
-0
-0
1.89763
-0
-0
-0
-0
-0
-0
27.2456
-0
33.3774
-0
-0
-0
4.84877
-0
17.5381
10.4911
-0
29.3333
-0
-0
-0
-0
-0
-0
-0
-0
-0
-0
23.3435
-0
-0
-0
2.94311
-0
17.8818
63.2011
-0
2.15931
54.7816
-0
21.8513
33.5158
-0
23.2489
-0
-0
-0
-0
-0
-0
-0
-0
-0
-0
-0
-0
-0
-0
-0
-0
-0
-0
-0
-0
4.0742
-0
-0
-0
1.10977
-0
-0
-0
-0
-0
-0
55.3414
-0
-0
-0
30.7452
-0
-0
-0
-0
-0
-0
-0
-0
-0
-0
1.89245
-0
11.7828
-0
47.9704
-0
-0
-0
16.5197
-0
-0
-0
-0
9.36147
-0
-0
39.8904
-0
-0
-0
4.49829
-0
0.570995
-0
-0
-0
-0
-0
-0
-0
-0
-0
-0
-0
-0
21.8163
-0
-0
-0
-0
65.3749
-0
-0
-0
22.2843
-0
-0
-0
-0
-0
-0
-0
-0
28.5356
-0
-0
-0
-0
-0
-0
1.69913
32.3917
-0
-0
-0
-0
-0
-0
-0
-0
17.185
-0
-0
-0
5.00013
-0
-0
1.72397
-0
-0
-0
-0
-0
-0
-0
-0
-0
-0
-0
-0
-0
-0
-0
1.3817
-0
-0
-0
-0
-0
-0
-0
-0
-0
-0
-0
-0
-0
-0
-0
-0
-0
-0
16.854
-0
25.6911
-0
-0
-0
-0
66.8336
-0
-0
-0
-0
19.0691
-0
-0
-0
-0
14.9533
-0
1.50461
-0
-0
-0
-0
-0
-0
-0
1.04663
28.0779
9.18919
11.4536
-0
-0
26.6503
34.9341
-0
-0
-0
-0
-0
-0
-0
50.8121
-0
-0
12.5349
-0
-0
84.1722
44.1051
-0
23.1838
-0
-0
-0
10.2474
-0
-0
-0
-0
-0
-0
35.6038
-0
17.6485
19.917
-0
-0
14.7017
-0
17.8325
-0
-0
-0
40.7497
-0
-0
17.8694
-0
-0
-0
-0
-0
-0
19.086
-0
-0
28.9015
-0
-0
25.7864
-0
-0
-0
-0
2.59862
-0
24.1925
-0
-0
-0
19.799
-0
-0
-0
9.83591
23.907
-0
-0
-0
-0
-0
-0
-0
41.3328
-0
-0
-0
-0
-0
-0
-0
-0
-0
4.80619
-0
-0
-0
9.50992
-0
-0
-0
-0
-0
-0
49.9642
-0
-0
-0
5.57675
-0
-0
-0
-0
-0
14.4618
5.63749
-0
-0
-0
2.30773
-0
-0
-0
-0
-0
52.129
-0
10.1636
-0
-0
-0
-0
17.6188
3.23502
-0
-0
-0
-0
-0
-0
-0
0.22912
-0
-0
-0
-0
-0
-0
-0
38.4217
-0
-0
16.2148
-0
-0
-0
-0
-0
-0
4.97866
-0
13.9466
-0
26.1135
11.5982
-0
-0
-0
40.4799
-0
-0
-0
-0
-0
-0
-0
-0
-0
-0
32.067
-0
-0
-0
-0
-0
-0
-0
31.8306
-0
-0
-0
-0
-0
32.4916
19.4179
-0
-0
-0
-0
-0
-0
-0
-0
-0
-0
7.50734
-0
0.449496
-0
12.339
-0
-0
-0
-0
-0
-0
-0
-0
-0
-0
-0
-0
-0
-0
1.84465
0.108836
-0
-0
-0
-0
-0
-0
-0
-0
-0
-0
-0
-0
-0
47.2477
13.0764
22.6959
-0
-0
-0
11.0705
-0
-0
-0
-0
-0
-0
-0
31.215
-0
-0
-0
-0
-0
-0
-0
-0
5.32333
10.7788
-0
-0
-0
10.2987
-0
-0
-0
-0
-0
4.66102
-0
13.2647
-0
-0
14.1272
-0
6.60845
26.5716
-0
-0
-0
6.80003
0.0425807
-0
95.0445
33.0067
-0
51.3565
44.1814
-0
-0
21.2683
-0
-0
-0
0.308597
-0
-0
-0
-0
-0
17.1464
-0
-0
-0
-0
-0
14.6501
-0
-0
-0
35.312
-0
-0
-0
21.3605
-0
-0
-0
-0
-0
-0
22.3916
25.8987
-0
-0
-0
10.9652
-0
-0
-0
16.5778
-0
-0
-0
-0
-0
-0
-0
-0
11.9002
-0
-0
20.0577
-0
2.00504
37.6515
10.0321
-0
37.1016
-0
-0
-0
-0
-0
-0
1.68745
-0
-0
-0
56.2124
-0
-0
-0
-0
-0
0.503949
-0
86.1737
-0
21.5058
-0
-0
0.199581
37.7304
2.9878
-0
5.67877
-0
39.0025
-0
11.6465
3.55438
-0
1.64969
16.0467
-0
-0
-0
-0
15.9699
-0
-0
17.2811
36.631
27.61
-0
-0
-0
-0
0.454522
8.70889
22.2166
-0
-0
5.89799
-0
-0
41.2638
26.1217
-0
-0
-0
-0
-0
17.1782
-0
23.6389
-0
7.78726
-0
-0
4.8515
-0
-0
-0
-0
-0
-0
-0
1.61061
-0
5.48793
47.8386
-0
-0
-0
3.34454
-0
-0
-0
-0
-0
-0
-0
-0
-0
-0
-0
-0
11.5671
-0
-0
-0
19.3565
-0
-0
-0
-0
18.0073
-0
2.01019
-0
10.3865
-0
-0
-0
-0
46.5019
-0
-0
-0
2.85603
-0
-0
-0
-0
60.4813
-0
33.4087
14.9316
-0
22.1849
56.6719
-0
12.2295
4.67334
18.8479
-0
47.0593
22.8074
-0
45.5454
-0
-0
4.11106
19.5523
9.51281
-0
-0
-0
43.7898
9.23793
-0
-0
-0
-0
-0
16.3303
4.66215
-0
-0
-0
-0
7.27456
-0
2.94302
-0
-0
-0
-0
-0
-0
-0
-0
-0
-0
-0
-0
-0
-0
-0
10.5824
-0
-0
21.39
14.3241
-0
-0
-0
-0
22.4893
23.4043
1.14128
-0
-0
-0
-0
-0
-0
-0
5.71885
-0
29.5646
12.4176
21.8664
2.81809
24.8959
-0
-0
-0
34.3297
-0
-0
6.27197
-0
-0
-0
0.576013
-0
-0
-0
-0
-0
-0
28.486
-0
-0
-0
-0
-0
-0
-0
13.5855
5.98434
-0
1.35781
-0
-0
-0
-0
-0
-0
40.8397
-0
-0
-0
-0
1.59924
-0
-0
-0
-0
-0
-0
-0
-0
2.12923
-0
-0
-0
30.5151
-0
7.97247
25.9451
-0
2.18423
-0
-0
-0
-0
32.8473
-0
-0
-0
-0
-0
-0
-0
-0
-0
-0
-0
-0
-0
-0
-0
-0
-0
-0
-0
-0
-0
-0
-0
-0
-0
2.72405
-0
-0
9.22577
-0
-0
4.70852
-0
-0
25.5833
-0
-0
-0
10.3107
-0
26.1365
31.7712
-0
-0
-0
-0
-0
-0
24.344
-0
43.7551
2.5407
-0
-0
34.0133
36.9162
46.9195
-0
-0
6.7643
-0
26.8827
-0
-0
-0
-0
-0
-0
47.7169
19.1906
12.1981
-0
-0
-0
30.0798
27.7377
-0
-0
-0
-0
-0
-0
-0
-0
-0
-0
-0
11.3074
-0
-0
16.6343
-0
5.67221
29.1147
4.37017
-0
-0
-0
-0
-0
-0
-0
-0
-0
-0
-0
-0
-0
37.9699
-0
-0
12.8648
-0
-0
7.85916
-0
18.6817
-0
2.75793
-0
-0
-0
-0
17.5291
-0
-0
-0
-0
0.265439
1.45593
-0
5.8104
19.7306
-0
-0
-0
43.7933
6.45316
6.21689
-0
-0
-0
45.8555
-0
-0
-0
-0
-0
21.9402
-0
13.5634
-0
1.69445
38.4344
-0
-0
-0
-0
-0
-0
-0
-0
17.6112
-0
-0
-0
-0
-0
30.1843
-0
-0
-0
4.76863
-0
-0
-0
37.2147
-0
-0
-0
17.0445
-0
-0
-0
-0
-0
-0
31.929
64.1153
-0
-0
-0
-0
-0
-0
-0
-0
-0
-0
-0
-0
5.46968
-0
-0
-0
22.3481
53.3402
35.0705
4.62285
-0
-0
-0
-0
-0
-0
-0
-0
-0
-0
-0
-0
-0
-0
-0
4.25067
-0
-0
0.228081
-0
-0
-0
-0
-0
-0
-0
-0
27.9233
-0
9.2384
3.49319
-0
30.5522
-0
0.067926
-0
-0
-0
36.3227
-0
-0
-0
-0
-0
-0
-0
-0
-0
-0
-0
-0
-0
6.71311
-0
-0
-0
25.0104
20.5097
-0
-0
-0
-0
-0
-0
-0
-0
-0
48.4806
-0
-0
-0
-0
-0
13.5699
2.25283
2.87489
9.24916
8.01322
2.13135
-0
31.677
-0
6.74654
-0
-0
43.2672
2.54299
-0
16.1588
13.8778
-0
-0
-0
-0
-0
-0
3.78607
-0
-0
-0
-0
-0
-0
-0
50.0611
-0
-0
-0
-0
-0
-0
10.4289
9.8212
-0
2.78783
-0
-0
-0
16.8913
-0
-0
20.2859
-0
-0
-0
-0
-0
-0
75.1183
3.78828
-0
-0
-0
60.4577
6.71067
30.4748
-0
-0
-0
-0
-0
-0
-0
-0
5.52349
-0
-0
-0
-0
0.682821
-0
-0
37.2341
-0
-0
-0
9.40116
-0
34.5887
-0
-0
-0
-0
-0
-0
-0
-0
-0
-0
-0
9.39514
-0
-0
-0
19.3986
-0
-0
-0
-0
-0
-0
2.79761
-0
-0
-0
-0
-0
-0
-0
15.3393
41.5784
-0
-0
-0
52.3599
-0
-0
32.8384
-0
-0
-0
-0
33.513
-0
68.5691
-0
-0
-0
29.968
-0
-0
-0
-0
16.4221
-0
8.34146
-0
-0
21.3062
-0
-0
-0
-0
-0
-0
-0
-0
-0
-0
-0
-0
-0
-0
-0
-0
-0
0.0514972
-0
-0
-0
-0
-0
-0
-0
-0
-0
-0
-0
-0
-0
-0
-0
-0
1.51986
-0
-0
-0
-0
-0
-0
-0
4.52317
-0
-0
-0
-0
12.4963
-0
-0
-0
-0
-0
-0
-0
-0
-0
-0
-0
2.10381
-0
-0
7.5362
-0
38.9524
-0
9.37842
-0
-0
-0
33.2703
-0
-0
-0
-0
-0
-0
-0
-0
-0
-0
17.0057
-0
24.3016
-0
5.44106
-0
1.12581
-0
-0
-0
-0
-0
-0
-0
-0
-0
1.29555
-0
-0
37.1753
-0
47.638
-0
-0
-0
21.5878
-0
20.9139
-0
-0
-0
-0
0.132072
-0
-0
-0
-0
-0
-0
-0
-0
-0
-0
-0
-0
13.3462
34.2932
-0
-0
-0
-0
-0
-0
-0
-0
-0
-0
-0
25.6352
-0
-0
-0
19.3435
11.1619
-0
-0
-0
-0
-0
4.25934
-0
-0
11.5606
1.60865
-0
24.5814
-0
-0
18.6063
-0
-0
36.6498
-0
-0
-0
31.1191
-0
-0
-0
14.4085
-0
-0
-0
-0
-0
-0
27.026
-0
6.74259
-0
-0
34.942
-0
4.78563
-0
-0
-0
-0
-0
-0
51.3962
-0
-0
48.9091
8.76034
-0
36.9094
-0
-0
3.07684
-0
-0
-0
-0
-0
-0
-0
-0
22.5724
-0
16.8635
-0
-0
14.6654
14.7678
-0
-0
2.19935
37.5041
-0
-0
-0
-0
-0
-0
-0
4.29491
-0
-0
-0
-0
12.864
-0
-0
-0
18.4112
-0
9.96243
-0
19.5486
-0
-0
-0
-0
-0
-0
-0
56.2811
-0
-0
42.4409
-0
21.2235
-0
14.0022
-0
5.28233
-0
-0
-0
-0
-0
-0
-0
41.1261
66.3288
-0
-0
-0
-0
-0
-0
-0
-0
-0
-0
-0
-0
-0
-0
-0
-0
-0
-0
-0
-0
8.67586
-0
8.83215
38.3742
-0
-0
-0
8.76984
-0
-0
49.6556
-0
-0
7.83613
-0
-0
29.0133
-0
-0
-0
-0
32.123
-0
-0
-0
-0
28.67
-0
-0
-0
3.2559
-0
11.9133
-0
-0
-0
-0
0.620531
-0
-0
-0
-0
-0
7.64686
-0
-0
18.5855
25.3204
32.7559
-0
-0
-0
12.918
-0
-0
-0
-0
-0
-0
-0
-0
-0
-0
-0
36.4005
-0
-0
-0
58.3762
-0
-0
36.0948
-0
-0
-0
-0
-0
-0
-0
-0
-0
-0
-0
-0
-0
16.9155
-0
-0
37.9317
79.7492
-0
-0
-0
-0
6.67915
14.2916
-0
-0
-0
-0
23.337
22.7126
-0
-0
-0
-0
-0
3.74229
-0
-0
-0
60.274
-0
15.4937
-0
-0
-0
-0
-0
-0
-0
-0
-0
-0
19.3312
-0
16.828
-0
15.0448
-0
35.1256
2.43645
1.05069
39.1138
-0
-0
-0
-0
-0
-0
-0
-0
24.875
15.1055
-0
-0
-0
-0
-0
2.71423
16.8782
0.341968
-0
-0
-0
-0
-0
-0
-0
24.7162
-0
-0
-0
-0
-0
-0
-0
25.8305
-0
-0
-0
-0
-0
-0
-0
62.4536
-0
-0
-0
-0
-0
-0
-0
-0
5.11116
-0
-0
2.69796
45.2926
2.17404
-0
-0
-0
-0
-0
-0
7.17169
-0
-0
-0
-0
-0
-0
-0
-0
-0
65.2746
9.48287
-0
-0
-0
0.745853
-0
-0
3.56163
-0
-0
-0
-0
58.5946
-0
-0
-0
-0
-0
-0
1.07811
-0
-0
-0
-0
-0
-0
-0
39.2556
-0
-0
-0
-0
51.3204
-0
13.4035
80.1118
-0
60.4686
-0
-0
9.86537
13.8161
-0
-0
-0
-0
-0
1.15939
-0
-0
-0
-0
-0
-0
6.82716
-0
-0
-0
-0
-0
-0
-0
26.9592
-0
-0
-0
-0
-0
-0
-0
-0
-0
-0
-0
21.9045
-0
1.03281
-0
-0
-0
-0
20.6384
5.8555
-0
42.9769
2.77647
-0
-0
13.133
-0
15.7898
-0
-0
16.4654
-0
-0
-0
-0
-0
-0
61.0989
-0
-0
-0
-0
31.6591
-0
18.3518
-0
5.5171
8.34181
-0
25.6597
-0
-0
-0
-0
5.67137
-0
4.23595
-0
-0
6.73566
-0
1.05787
-0
1.70539
-0
-0
-0
-0
-0
20.6543
33.7666
-0
-0
-0
-0
-0
-0
-0
-0
11.0276
-0
-0
-0
-0
-0
3.40775
-0
1.66811
-0
-0
-0
5.86177
-0
-0
0.28051
0.635498
-0
-0
34.8092
-0
-0
21.1685
26.3944
-0
19.0108
-0
-0
-0
-0
-0
-0
-0
-0
-0
0.483291
-0
9.21544
15.1805
-0
-0
-0
-0
13.8548
6.59746
-0
-0
79.0523
-0
4.18049
-0
6.40772
-0
40.099
10.8174
-0
-0
-0
15.1512
-0
-0
-0
9.37683
-0
-0
-0
45.0355
22.5622
-0
45.202
-0
-0
-0
-0
-0
-0
-0
-0
-0
-0
21.8536
-0
-0
14.9231
-0
40.2565
21.1042
18.4609
-0
-0
-0
-0
65.5998
-0
55.1335
7.96224
-0
-0
-0
-0
13.6079
-0
29.0734
-0
-0
-0
57.7313
-0
-0
-0
-0
-0
17.3343
-0
-0
-0
38.8134
-0
-0
-0
-0
-0
-0
37.3325
-0
9.64796
-0
-0
-0
-0
3.33122
-0
9.03615
-0
33.4548
-0
1.4547
-0
22.8449
-0
-0
-0
9.01256
-0
1.41997
-0
19.4135
-0
62.3888
2.26929
-0
-0
-0
9.48226
-0
-0
59.9344
-0
3.80756
-0
-0
-0
-0
15.4573
-0
-0
-0
-0
-0
-0
-0
5.23927
-0
4.78091
15.6964
-0
31.3443
-0
-0
8.97636
34.5307
4.93567
-0
-0
-0
10.43
-0
-0
21.308
-0
-0
-0
-0
-0
-0
4.23308
13.1788
20.26
-0
-0
-0
39.5331
-0
-0
9.03661
-0
-0
-0
-0
-0
3.53824
-0
-0
24.5918
-0
38.818
-0
-0
-0
-0
-0
-0
-0
-0
-0
-0
-0
-0
-0
7.4056
-0
-0
-0
-0
-0
10.4471
-0
-0
-0
-0
-0
-0
18.7936
-0
-0
5.94941
-0
4.27501
-0
0.209019
-0
0.56091
-0
-0
-0
10.8504
-0
46.3141
-0
-0
-0
-0
-0
-0
3.12683
-0
2.34981
13.7272
-0
11.394
-0
21.4195
-0
-0
-0
-0
7.37255
-0
-0
1.8781
9.26805
-0
-0
-0
-0
-0
-0
25.8367
-0
11.9509
22.2151
12.1506
-0
-0
-0
-0
-0
-0
-0
-0
-0
-0
-0
-0
8.98164
-0
-0
9.28668
-0
-0
28.3122
-0
-0
-0
-0
11.327
6.06403
-0
-0
-0
-0
-0
-0
-0
-0
-0
-0
-0
-0
26.3718
-0
-0
18.2103
-0
3.92279
-0
-0
-0
-0
-0
-0
-0
-0
-0
19.9947
-0
35.3543
-0
12.4194
-0
-0
-0
-0
17.1581
-0
-0
-0
-0
39.2588
-0
-0
23.9254
11.9246
-0
-0
0.497588
-0
-0
-0
26.2985
-0
1.68037
-0
-0
-0
-0
-0
-0
-0
-0
27.0002
-0
-0
59.8747
-0
-0
43.3707
-0
-0
-0
-0
-0
-0
-0
-0
55.7209
-0
3.9791
-0
-0
-0
69.4386
12.5888
-0
-0
-0
-0
3.82001
4.1773
39.6883
-0
-0
-0
-0
3.80297
-0
-0
-0
-0
-0
-0
-0
-0
27.4871
-0
-0
43.9937
24.0297
-0
-0
-0
-0
-0
-0
-0
-0
-0
-0
-0
4.62602
-0
-0
-0
17.8212
25.9796
23.214
-0
11.9451
0.781886
-0
-0
-0
-0
-0
-0
-0
-0
16.9505
-0
27.0422
-0
-0
-0
-0
6.62442
-0
-0
-0
-0
2.42587
16.9818
21.272
-0
-0
-0
-0
-0
-0
-0
-0
-0
3.3871
-0
-0
5.31321
-0
22.8891
-0
-0
52.371
-0
-0
-0
-0
-0
16.3796
-0
25.6285
-0
-0
-0
-0
-0
-0
-0
-0
-0
-0
-0
-0
18.8257
-0
24.9991
-0
-0
17.9438
8.55543
-0
26.7335
-0
-0
-0
-0
14.2001
-0
-0
-0
-0
-0
22.8653
4.36528
-0
-0
-0
11.5865
-0
-0
13.0306
26.2598
-0
-0
-0
26.4768
28.1991
25.3798
-0
-0
-0
1.49023
-0
-0
-0
-0
-0
-0
-0
19.8137
-0
-0
-0
48.4435
-0
-0
-0
-0
-0
37.9298
5.01974
1.28939
-0
-0
-0
43.5702
-0
-0
-0
-0
16.6458
-0
-0
50.1721
-0
4.98773
-0
29.273
-0
51.3247
-0
-0
-0
36.3457
7.83566
-0
-0
30.6858
-0
-0
7.76741
-0
-0
11.308
-0
4.38086
-0
-0
-0
-0
8.72767
-0
-0
-0
-0
14.7988
-0
-0
-0
-0
-0
-0
27.8673
-0
-0
-0
1.6309
-0
-0
-0
-0
7.26864
-0
-0
-0
-0
24.078
25.9582
18.8081
33.7936
-0
-0
-0
46.8413
-0
-0
-0
4.3052
-0
-0
-0
3.6716
-0
17.5525
30.2783
-0
4.97813
-0
-0
-0
7.95732
-0
-0
-0
-0
-0
-0
-0
-0
37.3951
-0
-0
-0
-0
26.9267
-0
-0
-0
-0
-0
-0
-0
-0
83.7425
-0
8.94657
-0
30.0786
-0
-0
14.1474
24.8845
-0
-0
62.311
21.2567
24.56
16.6954
-0
16.4854
-0
26.954
1.87671
-0
-0
4.29477
5.14394
-0
37.7291
-0
-0
-0
-0
-0
-0
-0
-0
2.97525
-0
-0
-0
-0
-0
-0
-0
15.3995
15.9458
-0
-0
-0
25.8753
2.77482
-0
26.8592
-0
-0
-0
-0
-0
-0
6.12752
-0
7.95737
-0
32.5554
-0
-0
3.55339
-0
5.37462
44.3646
-0
20.9955
-0
-0
-0
-0
-0
9.86962
11.3382
-0
10.4435
14.6144
-0
-0
-0
-0
36.3038
-0
-0
-0
-0
3.74704
25.0827
-0
-0
