2.85468
-0
-0
-0
-0
-0
-0
-0
23.672
27.0324
14.9729
-0
-0
-0
-0
19.9688
0.0927086
-0
-0
-0
-0
-0
-0
12.5414
-0
-0
21.7473
-0
-0
-0
-0
-0
-0
-0
1.49796
-0
-0
-0
-0
-0
-0
-0
-0
-0
-0
-0
-0
-0
-0
-0
-0
-0
-0
-0
-0
3.34795
-0
4.24606
46.1912
5.47619
-0
-0
19.3109
-0
-0
-0
10.8438
14.5568
-0
2.6943
-0
-0
-0
-0
-0
2.99604
-0
-0
-0
-0
-0
79.8036
-0
7.67608
46.8917
-0
-0
-0
-0
-0
18.7468
-0
-0
-0
-0
-0
12.3373
-0
-0
-0
-0
-0
-0
-0
-0
-0
15.3237
-0
-0
-0
-0
-0
-0
-0
-0
10.872
-0
-0
29.8312
-0
-0
-0
0.267939
22.6803
41.4845
-0
-0
-0
-0
8.7392
-0
34.7495
1.49799
-0
-0
-0
11.573
-0
-0
-0
15.5246
-0
9.87445
-0
-0
-0
-0
-0
-0
-0
-0
-0
-0
-0
45.9585
-0
-0
-0
-0
0.443734
28.7053
-0
-0
16.8186
-0
-0
-0
-0
-0
45.8193
-0
4.34122
1.04552
-0
-0
-0
-0
-0
5.97037
-0
-0
-0
-0
-0
-0
42.8718
-0
-0
64.1121
-0
-0
61.7434
-0
8.77733
-0
-0
-0
-0
-0
-0
-0
-0
-0
-0
-0
-0
-0
-0
-0
-0
-0
-0
26.3717
-0
-0
-0
-0
-0
-0
-0
-0
-0
-0
30.7273
-0
-0
-0
-0
-0
-0
-0
-0
-0
-0
-0
-0
-0
-0
-0
-0
-0
-0
-0
-0
-0
-0
33.3582
-0
-0
-0
-0
-0
-0
-0
-0
-0
-0
-0
22.9528
-0
-0
-0
-0
-0
-0
-0
12.3288
-0
-0
-0
-0
20.1831
-0
8.57028
-0
-0
-0
-0
-0
-0
-0
0.217466
-0
22.6641
-0
-0
-0
11.376
-0
-0
-0
-0
11.1444
-0
11.9783
-0
-0
-0
-0
31.6393
-0
-0
4.25801
-0
-0
32.5707
0.959089
-0
7.01032
-0
-0
-0
-0
-0
-0
1.65537
-0
-0
-0
0.600553
-0
-0
-0
17.4683
1.72602
-0
17.4883
15.2215
-0
31.2115
-0
-0
-0
-0
-0
-0
-0
2.40661
-0
5.56055
-0
-0
-0
-0
-0
-0
-0
-0
19.8495
-0
-0
-0
-0
-0
14.8684
-0
-0
-0
-0
-0
5.6049
-0
-0
5.68835
-0
1.76282
-0
-0
19.1916
-0
-0
-0
1.23795
40.3073
-0
-0
-0
-0
-0
-0
-0
-0
-0
-0
-0
40.8507
-0
-0
-0
-0
-0
12.5047
-0
-0
-0
-0
-0
-0
-0
-0
-0
-0
-0
-0
-0
-0
-0
-0
-0
-0
-0
-0
-0
-0
-0
0.720657
-0
-0
-0
-0
39.3701
-0
-0
-0
-0
-0
45.9746
2.21329
-0
-0
-0
45.275
7.48897
-0
14.705
-0
-0
-0
-0
-0
-0
-0
9.44285
-0
-0
-0
-0
-0
-0
-0
39.9479
3.05702
-0
8.61442
29.5774
52.5621
-0
-0
-0
-0
-0
-0
-0
-0
26.0341
-0
-0
-0
-0
-0
-0
-0
-0
-0
-0
-0
-0
-0
-0
-0
-0
-0
-0
-0
-0
-0
-0
10.0481
-0
0.228129
14.0944
-0
-0
-0
-0
18.1241
59.5884
-0
-0
-0
-0
-0
1.8173
-0
-0
-0
7.48452
-0
-0
7.18631
-0
-0
64.2177
-0
-0
-0
-0
-0
10.8679
-0
39.1561
-0
-0
-0
-0
-0
18.7442
-0
-0
-0
-0
-0
-0
-0
17.1019
-0
-0
-0
-0
-0
-0
-0
-0
-0
-0
-0
-0
-0
-0
23.9107
-0
-0
-0
-0
48.1994
26.2893
-0
-0
14.6813
-0
-0
-0
-0
-0
-0
-0
-0
-0
-0
22.5226
-0
23.7666
-0
12.2204
-0
-0
-0
-0
13.1241
29.3389
-0
-0
-0
2.53938
-0
-0
-0
-0
27.1795
55.7869
-0
-0
25.5882
-0
-0
-0
-0
-0
-0
-0
-0
-0
-0
-0
-0
-0
-0
-0
-0
-0
-0
-0
-0
-0
-0
-0
28.7784
-0
-0
-0
-0
-0
-0
-0
-0
-0
-0
-0
-0
-0
-0
-0
-0
-0
-0
-0
-0
-0
-0
-0
-0
-0
-0
-0
-0
-0
-0
-0
14.1008
-0
-0
-0
-0
-0
-0
52.4732
14.4531
-0
-0
-0
-0
-0
5.70839
0.0841091
-0
18.6484
-0
-0
-0
-0
1.37969
-0
-0
-0
-0
-0
-0
-0
0.225336
13.4456
-0
-0
8.48036
-0
-0
23.9083
-0
-0
-0
-0
-0
-0
-0
-0
-0
-0
-0
-0
-0
19.0463
-0
-0
-0
36.1752
-0
-0
-0
-0
-0
-0
-0
26.6416
-0
-0
-0
-0
-0
-0
-0
-0
-0
25.7726
-0
-0
23.6677
-0
-0
-0
-0
-0
16.5256
-0
-0
24.5565
-0
-0
-0
1.44737
-0
-0
-0
-0
-0
-0
-0
18.4645
-0
-0
-0
-0
-0
-0
-0
-0
-0
-0
-0
-0
25.0844
-0
-0
-0
-0
-0
0.0240521
4.16663
10.7938
-0
-0
10.5779
-0
-0
-0
-0
-0
-0
-0
-0
-0
67.9169
7.13545
-0
-0
-0
-0
-0
-0
57.0163
-0
-0
-0
-0
-0
-0
-0
-0
-0
-0
2.24977
-0
1.66207
-0
-0
-0
-0
10.7314
-0
-0
7.18919
-0
20.1956
-0
-0
-0
-0
-0
-0
-0
-0
43.1228
-0
-0
43.2768
-0
-0
-0
-0
8.37768
-0
-0
33.5147
-0
-0
45.6439
-0
-0
50.1345
-0
-0
-0
-0
-0
-0
-0
-0
4.25888
-0
20.5936
14.089
18.6658
-0
-0
10.7429
-0
-0
-0
11.6432
-0
-0
-0
-0
-0
-0
-0
51.3623
-0
-0
-0
-0
-0
-0
-0
-0
4.59385
-0
32.908
-0
-0
-0
-0
-0
18.8153
-0
-0
-0
-0
-0
-0
13.8694
-0
-0
-0
-0
-0
-0
-0
29.699
-0
-0
-0
-0
8.99559
-0
-0
-0
-0
-0
-0
-0
-0
-0
11.807
-0
-0
-0
-0
-0
3.78135
33.7733
14.4049
-0
-0
-0
12.7468
-0
-0
-0
-0
-0
-0
-0
20.7637
-0
17.8949
-0
-0
-0
-0
-0
-0
-0
-0
-0
-0
4.42897
-0
22.6343
-0
-0
-0
-0
-0
-0
-0
-0
21.085
-0
-0
-0
-0
-0
-0
8.65994
-0
-0
-0
-0
-0
-0
41.7483
-0
5.17721
-0
17.4768
-0
-0
-0
49.471
-0
-0
-0
-0
-0
-0
-0
-0
-0
-0
-0
-0
-0
-0
-0
-0
-0
12.2612
16.8049
-0
-0
-0
-0
-0
31.9055
-0
-0
-0
-0
36.7949
-0
-0
-0
-0
-0
-0
7.09967
13.9743
-0
-0
-0
-0
-0
-0
1.09117
-0
-0
-0
-0
-0
-0
-0
-0
-0
-0
-0
-0
-0
-0
-0
7.69916
34.862
-0
-0
-0
-0
63.3801
-0
-0
-0
6.8124
-0
13.8639
-0
7.31848
9.78745
-0
-0
-0
-0
-0
3.30939
-0
-0
-0
-0
-0
73.9186
-0
-0
-0
-0
-0
-0
-0
-0
-0
19.5679
-0
-0
-0
-0
-0
-0
-0
-0
-0
-0
-0
7.92489
-0
-0
-0
-0
-0
-0
-0
-0
-0
-0
-0
23.7781
-0
-0
13.4049
-0
-0
-0
0.0551059
-0
-0
-0
-0
7.89919
-0
15.2706
-0
-0
-0
-0
24.414
-0
-0
-0
-0
-0
6.1212
-0
-0
-0
-0
0.236384
-0
-0
18.1321
2.64252
-0
-0
-0
-0
-0
-0
-0
-0
-0
-0
10.4535
-0
-0
-0
-0
28.1845
-0
-0
-0
-0
15.0777
31.387
-0
-0
7.46423
9.9464
-0
-0
-0
-0
-0
-0
-0
-0
-0
-0
-0
-0
-0
-0
-0
-0
-0
-0
-0
-0
-0
15.4498
19.7826
16.7991
-0
-0
-0
-0
46.776
-0
-0
-0
-0
13.4405
-0
-0
-0
6.9965
-0
-0
-0
-0
-0
-0
-0
-0
-0
-0
-0
-0
-0
-0
-0
-0
-0
-0
-0
-0
-0
-0
43.8845
-0
-0
-0
-0
-0
-0
-0
20.5433
-0
-0
28.7817
-0
-0
-0
-0
23.1164
-0
-0
-0
-0
-0
-0
-0
-0
-0
-0
-0
-0
33.8054
-0
-0
-0
-0
3.85008
-0
-0
-0
-0
-0
14.7354
-0
-0
-0
-0
-0
-0
-0
-0
22.9105
-0
-0
-0
-0
-0
-0
-0
-0
0.922427
-0
-0
11.463
-0
-0
-0
-0
-0
-0
-0
-0
-0
31.9942
-0
43.1767
-0
20.8632
-0
-0
32.193
-0
-0
-0
-0
-0
24.6231
-0
14.1479
35.0766
-0
1.93642
15.0687
-0
-0
-0
-0
25.7892
-0
-0
-0
4.47453
-0
-0
54.4249
26.5222
-0
-0
8.23154
-0
-0
-0
-0
35.8937
-0
-0
-0
-0
-0
-0
-0
-0
-0
-0
-0
-0
11.27
-0
-0
-0
-0
-0
18.6974
-0
18.1602
-0
-0
-0
15.6793
-0
-0
-0
-0
-0
-0
-0
-0
-0
-0
-0
40.0498
49.6244
-0
3.02533
-0
-0
30.8854
14.9809
-0
-0
-0
-0
-0
-0
-0
-0
12.0883
-0
4.75952
-0
-0
-0
-0
-0
-0
-0
37.7226
-0
-0
21.4926
34.9022
21.6234
-0
13.8147
-0
-0
-0
-0
-0
26.8134
-0
-0
-0
-0
-0
-0
-0
44.0384
-0
48.0097
-0
-0
31.1249
-0
-0
-0
-0
-0
-0
-0
-0
-0
-0
-0
-0
-0
-0
3.85164
-0
0.52762
-0
-0
-0
-0
0.265823
-0
-0
-0
-0
-0
16.6285
-0
-0
-0
10.2542
-0
2.6252
-0
-0
-0
-0
-0
-0
12.4323
-0
-0
-0
-0
-0
-0
-0
-0
-0
-0
-0
-0
-0
3.36594
1.14566
-0
-0
-0
-0
-0
-0
-0
-0
-0
-0
-0
-0
-0
38.259
-0
21.3088
10.1792
20.3408
35.5313
-0
-0
8.06977
-0
-0
-0
-0
-0
-0
-0
-0
-0
-0
-0
0.754131
-0
-0
-0
-0
-0
-0
-0
9.44612
-0
-0
-0
-0
-0
-0
-0
-0
-0
-0
-0
55.7471
20.0283
-0
-0
-0
-0
-0
0.471256
-0
-0
-0
-0
22.5011
-0
-0
40.6837
-0
-0
-0
-0
-0
5.86375
-0
-0
-0
-0
-0
-0
-0
-0
-0
3.88902
-0
-0
-0
-0
-0
-0
-0
-0
-0
-0
-0
-0
29.0812
-0
-0
-0
-0
-0
-0
-0
-0
-0
37.2386
-0
-0
16.8259
-0
-0
-0
11.8602
-0
-0
-0
-0
50.7629
-0
-0
-0
-0
-0
42.0221
-0
-0
-0
-0
-0
-0
-0
-0
-0
-0
-0
-0
-0
-0
-0
-0
-0
-0
-0
-0
-0
-0
-0
-0
-0
-0
-0
-0
-0
-0
-0
-0
-0
12.3608
-0
-0
-0
-0
-0
-0
-0
-0
-0
-0
66.257
-0
10.8224
-0
-0
-0
12.6884
-0
-0
-0
17.9945
-0
-0
-0
-0
-0
-0
14.8081
52.8139
17.4618
17.9144
-0
-0
-0
-0
3.55263
-0
1.82793
-0
18.658
-0
13.7938
-0
-0
-0
-0
-0
-0
-0
68.3512
-0
-0
-0
-0
-0
54.9513
-0
-0
-0
-0
-0
-0
-0
-0
-0
-0
-0
-0
20.6073
-0
1.32036
-0
-0
-0
-0
-0
-0
-0
-0
35.5321
-0
-0
-0
-0
-0
-0
-0
-0
-0
-0
-0
-0
-0
-0
-0
-0
-0
-0
38.3212
-0
-0
-0
-0
-0
-0
-0
-0
22.2479
-0
-0
11.0741
-0
-0
-0
-0
-0
-0
-0
-0
-0
1.24255
28.2925
-0
-0
-0
-0
-0
-0
-0
-0
-0
-0
-0
-0
5.16291
-0
-0
0.930129
-0
-0
-0
-0
-0
-0
-0
30.4737
-0
-0
-0
2.402
-0
4.87919
-0
-0
-0
16.829
-0
-0
-0
-0
19.5976
23.0657
-0
-0
-0
-0
-0
-0
-0
-0
-0
-0
-0
-0
-0
-0
-0
-0
-0
-0
-0
-0
-0
-0
-0
-0
-0
-0
-0
-0
15.4958
-0
48.5814
-0
-0
-0
-0
-0
-0
-0
-0
-0
-0
-0
-0
10.1409
-0
-0
-0
-0
-0
-0
-0
-0
-0
-0
-0
-0
-0
-0
-0
-0
56.1968
19.5048
-0
-0
-0
-0
-0
-0
0.928268
-0
-0
36.9905
-0
-0
-0
29.9607
-0
-0
-0
-0
-0
-0
-0
-0
-0
-0
-0
26.726
-0
-0
-0
-0
-0
-0
-0
-0
17.6258
43.097
-0
-0
-0
28.114
-0
-0
17.7193
-0
-0
-0
-0
-0
-0
-0
-0
-0
6.959
-0
-0
-0
67.8779
-0
-0
-0
84.7505
-0
-0
107.434
-0
-0
-0
55.0027
-0
-0
-0
-0
-0
-0
-0
-0
-0
-0
-0
-0
-0
-0
-0
-0
-0
-0
-0
15.5429
-0
-0
-0
12.7288
-0
-0
-0
-0
4.74033
-0
15.0144
-0
-0
-0
-0
-0
-0
-0
-0
-0
-0
-0
22.9318
-0
-0
-0
-0
-0
-0
-0
-0
-0
-0
-0
13.5113
-0
33.066
27.2875
-0
-0
-0
-0
-0
-0
-0
-0
-0
-0
5.34753
34.9198
-0
-0
-0
-0
1.41997
-0
73.9234
-0
45.6448
-0
-0
-0
-0
-0
-0
23.305
-0
70.1586
-0
-0
21.6421
-0
-0
0.0786477
-0
-0
-0
13.1801
0.3139
-0
12.9889
-0
41.4407
-0
-0
67.1391
-0
-0
-0
3.26942
-0
-0
-0
12.1369
-0
-0
65.4514
-0
-0
-0
-0
-0
-0
29.0735
-0
-0
-0
54.3878
-0
-0
20.0367
-0
-0
-0
-0
17.6211
1.27744
-0
2.31557
-0
19.2049
4.77189
-0
-0
3.55893
-0
-0
-0
-0
-0
-0
-0
-0
-0
-0
-0
-0
-0
-0
-0
-0
-0
15.3806
-0
-0
-0
-0
28.4994
-0
-0
-0
-0
-0
-0
-0
-0
-0
-0
-0
-0
-0
-0
-0
-0
-0
50.0916
-0
24.2658
-0
-0
-0
4.71247
-0
-0
2.8487
-0
-0
-0
15.939
-0
-0
-0
17.3893
-0
41.6641
-0
-0
-0
-0
10.5258
45.9177
-0
-0
36.6266
-0
4.39981
8.71699
-0
-0
12.2983
-0
-0
-0
-0
-0
-0
8.94176
-0
-0
-0
-0
-0
11.0266
-0
63.189
-0
-0
-0
-0
-0
-0
11.5141
-0
9.89099
-0
-0
-0
-0
-0
-0
6.95783
25.5002
-0
-0
-0
-0
-0
-0
-0
-0
-0
-0
-0
31.6282
4.00216
-0
-0
-0
-0
-0
-0
2.78064
3.28711
-0
-0
-0
11.471
-0
-0
-0
-0
-0
-0
43.5938
-0
-0
-0
-0
-0
-0
-0
-0
51.0525
-0
27.7345
-0
-0
-0
-0
-0
-0
19.6343
-0
-0
-0
-0
-0
-0
-0
-0
-0
-0
-0
-0
-0
68.7684
-0
40.8241
-0
11.8541
-0
-0
-0
-0
-0
-0
53.5633
-0
-0
-0
-0
-0
-0
-0
-0
-0
-0
-0
-0
-0
-0
-0
-0
-0
-0
-0
-0
-0
-0
-0
-0
-0
24.2633
-0
-0
-0
-0
-0
3.92905
-0
-0
11.8876
-0
-0
-0
-0
-0
-0
5.32951
2.58378
-0
-0
-0
-0
-0
-0
-0
-0
-0
-0
-0
9.78023
-0
-0
-0
-0
-0
-0
-0
5.09672
-0
-0
-0
-0
-0
-0
-0
36.746
-0
14.1495
-0
-0
-0
4.68213
-0
-0
-0
-0
-0
-0
-0
-0
-0
-0
-0
-0
-0
-0
21.3507
-0
-0
-0
-0
-0
32.9142
7.14423
-0
-0
-0
-0
-0
-0
-0
-0
-0
-0
-0
-0
-0
24.3035
-0
20.4562
2.71302
-0
5.66287
-0
-0
-0
-0
-0
-0
-0
-0
41.9515
-0
-0
-0
-0
-0
22.0431
-0
-0
-0
-0
-0
-0
-0
23.3588
73.3956
-0
-0
-0
-0
-0
-0
-0
-0
-0
3.23372
-0
-0
-0
0.0311692
-0
-0
-0
-0
-0
-0
-0
-0
-0
-0
-0
-0
-0
-0
-0
-0
-0
-0
-0
-0
-0
-0
-0
-0
-0
-0
5.89758
10.9358
-0
-0
-0
-0
-0
-0
-0
-0
-0
-0
-0
-0
27.2731
-0
-0
-0
-0
-0
-0
-0
-0
-0
-0
-0
-0
76.0611
-0
-0
-0
-0
-0
-0
-0
-0
-0
-0
-0
-0
-0
-0
-0
-0
-0
3.68827
-0
-0
-0
-0
-0
-0
-0
-0
-0
-0
-0
-0
-0
-0
0.638538
-0
-0
-0
-0
-0
-0
-0
-0
-0
-0
-0
-0
-0
-0
-0
-0
-0
-0
-0
-0
-0
11.0702
-0
-0
-0
0.944291
-0
-0
-0
-0
-0
-0
37.9822
-0
27.5023
-0
22.263
-0
-0
-0
-0
-0
-0
3.06276
-0
-0
-0
-0
-0
-0
-0
12.2149
-0
-0
-0
-0
-0
-0
-0
-0
-0
-0
-0
6.09021
12.3197
-0
-0
-0
-0
-0
-0
-0
-0
-0
-0
-0
-0
-0
-0
-0
-0
-0
-0
-0
-0
30.0543
-0
-0
-0
-0
-0
-0
-0
-0
-0
-0
-0
-0
-0
-0
-0
-0
6.37958
14.2521
13.7271
-0
-0
-0
-0
-0
-0
-0
-0
7.61872
-0
-0
-0
-0
2.74833
-0
-0
43.7391
-0
-0
-0
15.9158
-0
-0
-0
-0
25.3056
-0
-0
-0
-0
-0
-0
-0
-0
-0
-0
-0
-0
-0
-0
-0
-0
-0
-0
-0
1.63861
-0
-0
-0
-0
-0
13.8494
-0
-0
40.2189
-0
-0
-0
38.821
-0
7.12701
-0
-0
-0
-0
-0
40.6137
-0
-0
-0
-0
-0
23.2072
-0
-0
-0
-0
39.3204
-0
-0
-0
-0
-0
-0
-0
-0
-0
-0
-0
-0
-0
-0
-0
-0
-0
16.998
-0
-0
-0
-0
-0
-0
-0
-0
-0
-0
-0
-0
-0
-0
-0
-0
-0
-0
-0
-0
-0
20.656
-0
-0
-0
-0
-0
-0
-0
30.0364
4.26647
39.8144
3.52469
-0
-0
12.6219
-0
-0
-0
-0
-0
-0
-0
-0
-0
-0
-0
23.4225
-0
-0
-0
-0
-0
-0
-0
-0
2.28484
12.993
-0
-0
-0
-0
-0
1.86333
-0
-0
9.36661
-0
-0
-0
32.0151
-0
-0
-0
30.8771
-0
0.183705
26.3278
-0
-0
-0
-0
-0
-0
-0
-0
20.9633
-0
-0
-0
-0
-0
-0
25.9312
-0
-0
-0
-0
-0
-0
3.22983
-0
-0
-0
-0
-0
-0
-0
-0
-0
-0
-0
-0
17.8784
20.3777
-0
-0
-0
-0
-0
-0
-0
-0
-0
-0
-0
-0
-0
-0
-0
-0
21.6685
-0
-0
-0
-0
-0
42.2681
42.7904
-0
-0
-0
8.14385
-0
-0
-0
-0
-0
-0
24.8108
-0
-0
-0
-0
10.7772
-0
9.46948
-0
-0
-0
-0
0.970227
-0
-0
-0
26.6169
38.7606
-0
-0
3.64477
-0
-0
-0
34.7911
13.9457
-0
-0
-0
19.8856
-0
34.6778
-0
-0
-0
-0
-0
-0
15.217
-0
-0
-0
-0
-0
-0
-0
-0
-0
-0
3.78281
-0
-0
-0
28.045
-0
-0
19.0869
6.8678
-0
-0
-0
-0
-0
28.9494
-0
11.6844
-0
-0
2.44252
-0
27.6322
-0
-0
-0
-0
-0
-0
-0
18.2167
17.2765
-0
-0
-0
-0
-0
-0
33.7424
-0
-0
6.84626
-0
59.2787
3.07172
-0
43.222
-0
-0
-0
-0
-0
-0
-0
-0
-0
16.8749
-0
-0
29.2042
-0
-0
-0
46.217
-0
-0
-0
-0
-0
-0
-0
-0
-0
-0
29.4579
4.15379
-0
-0
-0
29.2755
-0
-0
-0
-0
-0
-0
-0
-0
-0
-0
54.5501
-0
-0
20.0913
-0
-0
5.48338
-0
-0
-0
-0
9.13454
-0
64.7248
-0
24.3469
-0
-0
-0
-0
-0
-0
-0
-0
-0
-0
-0
-0
-0
-0
-0
-0
-0
4.85793
21.7299
33.4808
-0
-0
-0
-0
34.9534
-0
-0
10.2821
-0
34.0991
-0
-0
-0
-0
-0
-0
-0
-0
-0
-0
-0
-0
-0
-0
-0
-0
-0
-0
-0
39.6454
-0
-0
-0
-0
-0
-0
-0
-0
-0
-0
12.1224
11.1879
-0
-0
-0
-0
24.8964
-0
-0
-0
-0
-0
18.6564
-0
-0
13.6671
18.62
-0
-0
-0
-0
-0
8.21722
-0
12.347
-0
-0
-0
-0
-0
-0
-0
-0
-0
-0
0.163436
29.0999
-0
43.2775
-0
21.2997
-0
-0
-0
-0
-0
-0
-0
0.504601
-0
-0
-0
2.9671
-0
-0
6.27659
-0
-0
-0
-0
13.1802
0.157955
-0
-0
-0
3.75088
-0
-0
-0
-0
-0
-0
-0
6.87983
-0
21.3046
-0
-0
-0
-0
-0
-0
-0
-0
-0
-0
-0
-0
-0
-0
16.587
10.3673
-0
-0
13.5315
-0
20.9726
-0
0.615388
-0
-0
-0
-0
-0
-0
-0
-0
0.129424
-0
-0
-0
-0
-0
-0
-0
-0
-0
-0
-0
-0
-0
-0
-0
-0
-0
-0
-0
-0
-0
-0
11.6695
-0
11.357
1.93358
-0
41.9273
-0
-0
-0
-0
-0
-0
-0
-0
-0
-0
-0
-0
-0
-0
10.9985
-0
27.4419
-0
-0
18.4862
20.2243
-0
-0
3.6776
9.31723
-0
-0
-0
-0
1.58029
-0
-0
-0
-0
-0
0.288733
-0
7.61951
-0
-0
-0
-0
-0
-0
42.7257
-0
-0
-0
27.8143
-0
-0
51.909
-0
-0
-0
-0
48.2431
-0
-0
-0
-0
-0
-0
20.1215
-0
-0
13.591
-0
-0
-0
-0
-0
27.9908
-0
-0
1.11922
-0
-0
-0
-0
-0
-0
-0
-0
-0
-0
-0
24.6861
-0
19.725
-0
-0
-0
-0
-0
-0
-0
-0
-0
-0
-0
7.72682
-0
-0
10.6024
-0
-0
-0
-0
-0
-0
-0
-0
-0
-0
10.3671
-0
-0
-0
-0
51.0081
-0
-0
-0
-0
-0
-0
-0
-0
-0
6.70576
-0
-0
-0
-0
-0
15.796
-0
-0
-0
-0
-0
-0
6.27735
-0
-0
5.74662
-0
-0
-0
9.7362
60.5689
-0
-0
-0
-0
-0
-0
-0
-0
-0
4.65706
-0
-0
-0
-0
-0
48.5131
-0
-0
13.1249
12.489
-0
-0
-0
-0
-0
-0
-0
-0
11.9003
-0
18.5619
-0
-0
-0
-0
-0
9.15788
-0
-0
-0
-0
-0
-0
-0
-0
-0
-0
-0
-0
19.3492
-0
-0
10.9698
-0
-0
45.9348
9.09528
-0
-0
-0
-0
-0
-0
16.2134
5.19833
-0
25.7343
-0
-0
-0
-0
-0
-0
-0
-0
-0
-0
-0
45.0829
-0
-0
-0
12.8792
-0
3.73802
-0
-0
-0
37.3305
-0
-0
-0
-0
-0
-0
11.1842
4.19744
7.26819
-0
-0
-0
-0
14.2464
-0
-0
-0
17.5597
-0
-0
-0
4.4828
-0
-0
-0
-0
-0
-0
-0
1.06069
-0
-0
2.86337
18.5863
-0
-0
-0
-0
-0
46.4004
-0
11.1052
-0
-0
-0
-0
-0
-0
-0
-0
-0
-0
-0
28.2025
1.13317
-0
2.88511
6.49511
-0
-0
-0
-0
-0
-0
0.0831713
-0
-0
-0
-0
-0
-0
10.7949
92.4517
-0
-0
-0
-0
-0
-0
37.5365
-0
-0
-0
-0
9.9696
-0
-0
-0
-0
-0
-0
-0
-0
44.5835
-0
52.6626
37.5127
-0
0.907057
-0
-0
-0
-0
-0
-0
-0
-0
32.8904
-0
-0
-0
-0
-0
29.9108
-0
-0
-0
-0
14.7891
-0
-0
31.6655
-0
-0
-0
1.03366
-0
-0
39.1005
-0
-0
-0
30.2399
-0
-0
-0
-0
-0
5.42178
-0
-0
-0
-0
-0
-0
-0
-0
26.4294
-0
19.8824
-0
-0
20.5369
-0
-0
-0
-0
-0
-0
-0
-0
-0
-0
4.60962
-0
-0
-0
-0
-0
5.64435
63.8753
-0
9.2259
25.2552
-0
-0
-0
29.4528
3.79572
-0
6.17659
-0
-0
3.74679
-0
-0
-0
-0
-0
-0
-0
-0
-0
-0
-0
-0
-0
-0
41.0969
-0
-0
-0
-0
-0
-0
-0
-0
-0
-0
-0
-0
9.22108
28.9467
-0
-0
35.998
-0
-0
-0
-0
-0
-0
-0
-0
-0
-0
-0
-0
10.0042
29.5261
-0
-0
-0
-0
45.7463
-0
25.0687
-0
-0
-0
-0
40.4596
-0
-0
32.6046
-0
36.0049
-0
-0
-0
-0
-0
-0
-0
-0
11.4114
10.9395
12.4596
-0
-0
-0
-0
-0
-0
-0
-0
24.9163
-0
-0
-0
22.2037
-0
-0
-0
-0
-0
14.4641
-0
11.7159
-0
6.50058
-0
-0
-0
-0
30.9037
-0
-0
-0
-0
-0
40.1036
4.48421
-0
-0
-0
-0
-0
0.0931695
-0
-0
-0
-0
-0
-0
-0
-0
-0
-0
-0
-0
-0
-0
-0
-0
-0
-0
-0
-0
-0
-0
-0
-0
-0
-0
-0
-0
-0
-0
-0
0.973964
-0
-0
-0
-0
-0
-0
-0
-0
-0
8.5061
-0
-0
-0
3.4524
-0
-0
12.7656
-0
27.0042
-0
-0
1.48558
-0
-0
19.8321
-0
-0
-0
0.610989
14.9069
4.13094
-0
-0
-0
-0
-0
-0
-0
19.5844
-0
-0
41.605
-0
-0
-0
-0
-0
22.4094
49.4582
-0
32.305
-0
-0
-0
-0
-0
1.75002
-0
-0
-0
-0
-0
21.2939
-0
-0
-0
6.51379
13.2504
-0
-0
-0
-0
-0
-0
-0
-0
-0
-0
-0
-0
-0
-0
-0
-0
-0
-0
-0
-0
-0
-0
-0
-0
-0
-0
36.1026
-0
37.8983
-0
-0
-0
-0
-0
-0
-0
-0
-0
-0
-0
33.977
-0
-0
-0
38.8577
-0
-0
-0
-0
-0
32.6286
-0
2.42045
-0
-0
-0
-0
-0
-0
-0
-0
-0
-0
-0
48.3001
-0
-0
-0
-0
-0
0.740138
-0
-0
1.01822
-0
10.4641
-0
-0
33.6358
-0
-0
42.9675
-0
-0
24.9354
-0
-0
-0
-0
-0
-0
-0
-0
-0
-0
-0
-0
-0
-0
-0
-0
-0
-0
73.0296
-0
-0
-0
-0
-0
-0
-0
-0
-0
-0
-0
-0
-0
22.2574
17.6911
19.3418
14.7811
-0
-0
-0
-0
-0
-0
-0
24.3851
-0
-0
-0
-0
2.59081
-0
23.3565
-0
-0
-0
-0
-0
-0
-0
-0
-0
-0
-0
-0
-0
-0
-0
28.2203
-0
-0
-0
3.95686
-0
-0
-0
39.5394
-0
-0
-0
-0
70.3766
-0
-0
-0
-0
-0
39.234
19.6737
14.441
-0
-0
47.2665
-0
-0
-0
-0
-0
-0
10.6083
41.2451
-0
-0
4.4171
48.972
-0
4.9293
33.7606
-0
-0
-0
-0
-0
-0
-0
1.57552
-0
-0
-0
-0
-0
-0
-0
-0
9.22359
-0
-0
-0
8.86381
-0
-0
3.10589
-0
-0
-0
20.2287
-0
-0
-0
-0
6.42255
-0
-0
-0
-0
-0
-0
-0
31.781
-0
-0
-0
-0
-0
-0
-0
28.8827
-0
-0
-0
-0
-0
-0
-0
-0
60.3431
-0
-0
-0
-0
-0
-0
-0
-0
