3.75182
-0
-0
-0
-0
-0
-0
2.51609
-0
15.467
2.58735
-0
-0
-0
-0
13.3054
-0
-0
2.43571
-0
-0
-0
-0
-0
-0
-0
14.6656
-0
-0
-0
-0
-0
-0
-0
4.70194
-0
-0
-0
-0
-0
-0
-0
-0
13.3195
-0
5.92003
-0
-0
-0
-0
-0
-0
-0
-0
-0
-0
-0
3.99986
44.6418
-0
-0
-0
7.84492
-0
5.52105
-0
-0
22.9902
61.2236
3.10048
-0
-0
-0
-0
-0
4.21605
-0
-0
-0
-0
-0
126.001
-0
19.6128
11.4025
9.41146
-0
-0
-0
-0
1.40343
0.206365
-0
-0
8.60771
-0
5.05267
-0
-0
-0
-0
-0
-0
-0
-0
-0
1.86015
-0
-0
-0
-0
-0
-0
-0
-0
36.5854
-0
-0
63.9371
8.31574
-0
-0
11.0103
-0
23.5756
-0
-0
-0
-0
11.3696
-0
12.9374
-0
-0
-0
-0
-0
-0
-0
-0
3.78607
-0
31.0295
-0
19.5115
-0
-0
-0
-0
-0
-0
-0
-0
3.45699
8.37641
-0
-0
-0
-0
0.466165
33.3237
-0
-0
-0
-0
-0
-0
-0
-0
65.8992
20.8266
11.3768
-0
-0
-0
-0
-0
-0
-0
-0
19.7011
-0
-0
-0
-0
37.3188
-0
-0
84.9561
-0
-0
50.1699
-0
-0
-0
-0
-0
-0
-0
-0
-0
-0
-0
-0
-0
37.8
-0
-0
-0
-0
-0
-0
21.9349
-0
-0
-0
-0
-0
-0
-0
-0
-0
-0
23.0902
-0
-0
-0
-0
-0
-0
-0
-0
-0
-0
-0
-0
-0
-0
-0
-0
-0
9.70441
-0
-0
-0
-0
26.1219
-0
-0
-0
-0
-0
-0
-0
9.46401
-0
-0
-0
38.0449
-0
-0
-0
-0
-0
-0
-0
13.5486
-0
-0
-0
-0
3.39383
-0
-0
-0
-0
-0
-0
-0
-0
-0
-0
-0
-0
-0
-0
-0
3.70946
-0
-0
20.065
-0
1.52986
-0
-0
-0
-0
-0
-0
45.9209
-0
-0
3.42785
-0
0.29712
42.5813
7.56009
-0
37.7737
-0
-0
-0
-0
-0
-0
2.10738
-0
-0
-0
-0
-0
-0
-0
20.7887
71.8004
-0
-0
14.8744
-0
61.3954
-0
-0
1.02879
-0
-0
-0
-0
1.6482
-0
-0
-0
-0
-0
-0
-0
-0
4.52649
-0
16.1726
-0
-0
-0
-0
-0
-0
-0
-0
-0
-0
-0
2.29498
-0
-0
21.7822
-0
1.73691
-0
-0
24.3871
-0
-0
-0
2.1907
63.4955
-0
-0
-0
-0
-0
-0
-0
9.47278
4.95973
-0
-0
48.1955
-0
-0
-0
-0
-0
24.9604
-0
-0
-0
-0
-0
-0
-0
-0
-0
-0
-0
-0
-0
-0
-0
-0
-0
-0
-0
-0
-0
-0
-0
10.5086
-0
-0
-0
-0
50.9966
-0
-0
-0
-0
-0
-0
-0
2.99128
-0
-0
17.9952
-0
-0
29.267
-0
-0
-0
-0
-0
-0
-0
-0
-0
-0
-0
-0
-0
-0
-0
50.9918
-0
-0
6.105
32.7339
62.828
-0
1.67488
-0
-0
-0
-0
-0
-0
18.0877
-0
19.0815
-0
-0
-0
-0
-0
-0
-0
-0
-0
-0
-0
-0
-0
-0
-0
-0
-0
-0
-0
-0
32.5035
-0
-0
31.9341
-0
-0
-0
-0
31.8952
107.778
-0
-0
-0
-0
-0
-0
-0
-0
-0
11.7892
-0
-0
29.9036
-0
-0
20.9403
-0
-0
-0
-0
-0
-0
-0
-0
-0
-0
31.37
-0
-0
-0
-0
-0
27.3908
-0
-0
-0
-0
23.9453
-0
-0
6.33547
-0
-0
-0
-0
-0
-0
-0
-0
-0
-0
-0
-0
-0
-0
-0
-0
51.3637
6.57168
-0
-0
15.1997
16.9449
-0
10.4277
3.29486
-0
0.384572
-0
-0
-0
-0
7.82497
-0
18.7947
-0
-0
-0
-0
-0
-0
34.275
13.0998
-0
-0
-0
-0
-0
-0
-0
-0
3.18669
67.3943
-0
-0
37.4004
-0
-0
-0
-0
1.0971
-0
-0
-0
-0
-0
-0
-0
-0
-0
-0
-0
28.7024
-0
-0
-0
-0
-0
22.6449
5.93609
-0
-0
7.54762
-0
-0
-0
40.5942
-0
-0
-0
-0
-0
-0
-0
-0
-0
-0
-0
-0
-0
-0
-0
-0
-0
-0
-0
-0
-0
-0
-0
-0
-0
2.03869
-0
-0
-0
-0
-0
21.6667
8.55598
-0
-0
-0
10.8748
-0
53.8344
-0
-0
-0
-0
-0
-0
-0
4.76837
-0
-0
-0
-0
-0
-0
-0
0.555506
18.3875
-0
-0
-0
-0
-0
-0
-0
-0
-0
-0
-0
-0
-0
-0
-0
-0
-0
-0
-0
65.9514
-0
-0
-0
-0
36.7058
-0
-0
-0
-0
-0
-0
58.2093
-0
-0
-0
-0
-0
-0
-0
-0
-0
3.29405
-0
-0
44.5816
-0
-0
-0
-0
-0
21.5179
31.1352
-0
29.1636
-0
-0
-0
3.88072
-0
-0
-0
-0
-0
-0
-0
20.8909
-0
-0
-0
-0
24.7118
-0
-0
-0
1.1062
-0
-0
-0
23.3767
-0
-0
-0
-0
-0
-0
7.32565
26.1618
-0
-0
-0
-0
-0
-0
-0
-0
-0
-0
-0
-0
72.4758
-0
-0
-0
-0
-0
-0
27.0504
60.952
-0
-0
-0
-0
-0
-0
-0
-0
-0
-0
35.8364
26.1692
4.38833
-0
-0
-0
-0
-0
-0
22.4708
-0
-0
-0
-0
-0
-0
-0
2.20734
-0
-0
-0
42.8415
-0
-0
37.3381
-0
-0
-0
-0
2.8355
-0
-0
66.6673
-0
1.05828
6.82001
-0
-0
34.4279
-0
-0
-0
-0
-0
-0
-0
-0
0.630443
-0
-0
16.2713
-0
-0
-0
-0
-0
-0
-0
-0
-0
-0
-0
-0
-0
-0
-0
79.5955
-0
-0
-0
-0
-0
-0
-0
-0
3.40117
-0
59.9865
-0
-0
-0
-0
-0
-0
-0
-0
-0
-0
-0
-0
-0
-0
-0
-0
-0
-0
-0
-0
50.917
-0
-0
-0
-0
10.0945
-0
-0
-0
-0
-0
-0
-0
-0
-0
-0
-0
-0
-0
-0
-0
27.493
10.7245
-0
-0
-0
-0
10.9111
-0
-0
-0
-0
-0
-0
-0
-0
-0
30.7546
-0
-0
-0
-0
-0
-0
0.885483
-0
-0
-0
13.6309
-0
19.0187
16.9471
-0
-0
-0
-0
-0
-0
-0
7.62962
-0
-0
-0
-0
-0
-0
-0
-0
6.8435
-0
-0
-0
-0
30.8987
-0
34.4665
-0
33.8187
-0
-0
-0
17.6945
-0
-0
-0
-0
1.5779
-0
-0
-0
-0
-0
-0
-0
-0
10.4221
-0
-0
-0
-0
-0
-0
-0
-0
-0
-0
-0
-0
-0
20.162
-0
62.5948
-0
-0
-0
-0
-0
-0
18.289
27.3429
-0
-0
-0
-0
-0
-0
7.76807
-0
-0
-0
-0
-0
-0
-0
-0
-0
-0
-0
-0
-0
-0
-0
-0
11.2487
-0
-0
-0
-0
48.2017
-0
-0
-0
-0
-0
5.07082
-0
11.3611
5.86589
-0
-0
-0
-0
-0
-0
-0
-0
10.051
-0
-0
72.8893
-0
-0
-0
-0
-0
-0
-0
-0
-0
71.1668
-0
-0
-0
-0
-0
-0
-0
-0
-0
-0
-0
14.0245
-0
-0
-0
-0
-0
-0
-0
-0
-0
14.5693
-0
7.82625
-0
-0
52.7879
-0
-0
-0
-0
-0
-0
-0
-0
6.49043
-0
32.0863
-0
-0
-0
-0
30.9389
9.08235
-0
-0
-0
-0
9.86536
-0
-0
-0
-0
-0
-0
-0
-0
8.35062
-0
-0
-0
-0
-0
-0
-0
-0
-0
-0
23.7596
-0
-0
-0
-0
27.5337
-0
-0
-0
-0
-0
27.5404
-0
-0
19.4236
57.5984
-0
33.7017
-0
-0
11.4693
-0
-0
-0
-0
-0
-0
-0
-0
-0
-0
-0
-0
-0
-0
-0
-0
77.9458
84.4165
10.5399
14.0229
-0
-0
-0
-0
-0
-0
-0
-0
29.6721
-0
-0
-0
27.6972
-0
-0
-0
-0
-0
-0
-0
-0
-0
-0
-0
-0
-0
-0
-0
-0
-0
-0
-0
-0
-0
-0
-0
-0
-0
-0
-0
56.2925
-0
-0
-0
52.0991
-0
14.5767
-0
-0
-0
-0
-0
-0
-0
-0
-0
-0
-0
-0
-0
-0
-0
-0
-0
12.0834
-0
-0
-0
-0
-0
-0
-0
-0
-0
-0
9.13215
-0
-0
-0
-0
-0
-0
-0
-0
34.8029
-0
-0
-0
-0
-0
-0
-0
-0
6.11594
-0
-0
-0
-0
-0
-0
-0
-0
26.6844
-0
22.1777
-0
32.8739
-0
20.3436
-0
68.1297
-0
-0
26.483
-0
16.7677
-0
-0
-0
3.22546
-0
20.4168
30.3597
-0
-0
11.891
7.38718
-0
-0
-0
10.9434
-0
-0
-0
-0
-0
-0
35.7068
8.40855
-0
-0
-0
-0
-0
-0
-0
39.5399
-0
-0
5.08401
-0
-0
-0
-0
-0
-0
-0
-0
-0
20.5411
-0
-0
34.9527
-0
-0
-0
-0
26.4114
-0
-0
-0
-0
-0
-0
-0
-0
-0
-0
3.73647
-0
-0
-0
-0
14.0741
47.2352
-0
-0
-0
-0
-0
62.2149
-0
-0
-0
-0
-0
-0
-0
-0
30.1105
-0
-0
-0
-0
-0
-0
-0
20.9767
-0
25.4698
-0
-0
92.4092
32.1598
-0
-0
5.58227
-0
-0
-0
-0
-0
23.3772
-0
-0
-0
-0
-0
-0
-0
28.829
-0
35.8517
-0
-0
2.17484
-0
-0
-0
-0
-0
-0
-0
-0
-0
-0
-0
-0
30.445
13.2206
-0
-0
1.98431
-0
-0
-0
-0
0.485166
-0
35.4256
-0
-0
-0
-0
-0
-0
-0
-0
-0
-0
-0
-0
-0
-0
-0
-0
-0
-0
-0
-0
-0
-0
-0
-0
-0
-0
-0
-0
-0
-0
19.5277
24.1484
-0
-0
-0
-0
-0
-0
-0
-0
-0
-0
-0
-0
-0
61.9466
-0
41.0132
-0
69.0685
11.0616
-0
-0
9.87997
-0
-0
-0
-0
-0
-0
-0
-0
-0
-0
-0
1.73386
-0
-0
-0
-0
-0
-0
-0
-0
-0
-0
-0
-0
-0
-0
-0
-0
-0
-0
-0
74.7872
23.0125
-0
-0
-0
-0
-0
0.125203
-0
-0
-0
-0
45.3086
-0
-0
19.969
-0
-0
-0
-0
-0
8.90536
-0
-0
-0
-0
-0
-0
-0
-0
-0
37.1885
-0
-0
-0
-0
-0
-0
-0
-0
-0
-0
-0
-0
33.8683
-0
-0
-0
-0
-0
-0
32.4368
-0
40.2998
6.47253
-0
-0
-0
-0
-0
-0
34.2836
-0
-0
-0
-0
24.6415
-0
-0
-0
-0
-0
44.4434
-0
-0
-0
-0
-0
-0
28.2013
-0
-0
-0
-0
-0
-0
6.70916
-0
-0
-0
-0
-0
23.1426
-0
-0
-0
-0
-0
-0
-0
8.04955
29.7772
-0
-0
-0
-0
5.62319
-0
-0
-0
-0
-0
-0
-0
-0
-0
-0
23.7248
-0
-0
-0
-0
-0
-0
-0
-0
-0
73.4147
-0
-0
-0
-0
-0
-0
23.563
9.83731
31.8054
0.841436
24.5243
-0
-0
-0
-0
-0
11.2226
-0
0.751546
-0
15.6998
-0
-0
-0
-0
6.59856
-0
-0
64.1642
-0
-0
1.79918
-0
-0
59.5408
-0
-0
-0
-0
-0
-0
-0
-0
-0
-0
-0
6.12269
-0
-0
7.39316
-0
-0
-0
-0
-0
-0
-0
-0
66.9605
-0
-0
-0
-0
-0
-0
-0
-0
-0
-0
-0
-0
-0
-0
-0
-0
-0
-0
15.1244
-0
-0
-0
-0
28.5203
-0
-0
-0
52.1534
-0
-0
48.8665
-0
-0
-0
-0
-0
-0
-0
-0
-0
-0
53.6749
-0
-0
-0
-0
-0
-0
4.70622
-0
-0
-0
-0
-0
32.1518
-0
-0
-0
-0
-0
-0
-0
-0
-0
-0
5.8031
-0
-0
-0
-0
-0
-0
-0
-0
-0
19.1449
-0
-0
23.9782
-0
-0
-0
-0
-0
-0
-0
-0
-0
-0
-0
-0
-0
-0
-0
-0
-0
-0
-0
-0
-0
-0
-0
-0
-0
-0
-0
-0
-0
-0
-0
7.00743
-0
90.5592
-0
-0
-0
-0
-0
-0
-0
19.108
-0
-0
-0
-0
24.3257
-0
-0
-0
-0
-0
-0
-0
-0
-0
-0
-0
-0
-0
-0
-0
-0
30.2778
13.1922
-0
-0
-0
-0
-0
-0
2.11453
-0
-0
23.316
-0
-0
0.743394
25.0222
-0
-0
-0
-0
-0
-0
4.79525
-0
-0
-0
-0
40.8588
-0
-0
-0
-0
-0
-0
-0
-0
79.9478
57.4221
-0
-0
-0
26.6812
-0
-0
34.7282
-0
-0
-0
1.0882
27.1635
-0
-0
-0
-0
41.7023
-0
-0
-0
99.4519
-0
-0
-0
33.6008
-0
-0
72.5929
27.9898
-0
-0
58.6481
-0
-0
-0
-0
0.330926
-0
-0
-0
-0
-0
-0
-0
-0
-0
-0
-0
-0
-0
-0
31.3736
-0
8.4555
-0
4.73746
-0
-0
-0
-0
-0
-0
3.68267
-0
-0
-0
25.183
-0
-0
-0
-0
-0
-0
-0
66.4729
-0
-0
-0
-0
-0
-0
-0
-0
-0
-0
27.5166
13.6643
-0
49.3369
47.6604
-0
-0
-0
-0
-0
-0
-0
-0
-0
-0
17.9429
57.4492
-0
-0
-0
-0
0.470902
-0
88.3227
-0
-0
-0
-0
-0
-0
-0
-0
48.1228
-0
62.1903
-0
-0
24.487
-0
-0
-0
-0
-0
-0
20.1248
-0
-0
23.3051
-0
60.1344
-0
-0
61.068
-0
-0
-0
5.18682
-0
-0
-0
15.4298
-0
-0
76.0457
-0
-0
-0
-0
-0
-0
44.675
-0
-0
-0
-0
-0
-0
11.1986
-0
-0
-0
-0
20.0993
-0
-0
2.85461
-0
20.9813
8.6917
-0
-0
-0
-0
-0
-0
-0
-0
-0
-0
-0
-0
-0
-0
-0
-0
-0
-0
-0
-0
-0
-0
-0
-0
-0
-0
-0
-0
-0
-0
-0
-0
-0
-0
-0
-0
-0
-0
-0
-0
-0
-0
-0
15.872
-0
46.7793
-0
-0
-0
89.0828
-0
-0
-0
-0
-0
-0
-0
-0
-0
-0
9.83431
-0
54.5028
-0
-0
-0
-0
44.0254
70.1684
-0
-0
15.0641
-0
-0
-0
-0
-0
74.1039
-0
-0
-0
-0
6.17467
-0
-0
-0
-0
-0
-0
5.36675
-0
-0
52.9313
12.7359
-0
-0
-0
-0
0.471231
7.94678
-0
43.7812
8.33664
-0
-0
-0
-0
-0
-0
24.6108
-0
11.0039
-0
-0
-0
-0
-0
-0
-0
-0
-0
54.2059
-0
-0
26.7079
-0
-0
-0
-0
-0
5.0201
-0
-0
-0
-0
-0
-0
-0
-0
-0
-0
47.1522
-0
-0
-0
-0
-0
-0
-0
-0
22.2192
-0
43.8014
-0
-0
-0
-0
28.7398
-0
23.0736
-0
-0
-0
-0
-0
-0
13.1937
-0
-0
-0
-0
-0
-0
118.713
-0
-0
-0
35.1595
-0
-0
-0
-0
-0
-0
37.0724
12.7772
-0
-0
-0
-0
-0
-0
-0
-0
-0
-0
-0
-0
-0
-0
-0
-0
-0
-0
-0
-0
-0
-0
-0
-0
-0
-0
-0
-0
-0
-0
2.60257
-0
-0
59.6614
-0
-0
-0
-0
-0
-0
6.41923
-0
-0
-0
-0
-0
-0
-0
-0
-0
-0
-0
-0
18.7121
-0
-0
-0
-0
7.30731
-0
-0
-0
-0
-0
-0
-0
-0
-0
-0
65.2171
-0
15.6003
-0
-0
-0
4.70126
-0
-0
-0
-0
-0
-0
-0
-0
-0
-0
-0
-0
-0
-0
8.20189
-0
-0
-0
-0
-0
-0
2.04816
-0
-0
-0
-0
-0
-0
-0
-0
-0
-0
10.4795
-0
26.0353
-0
-0
-0
-0
-0
31.8521
-0
-0
-0
-0
-0
-0
-0
24.7973
57.2575
5.99981
-0
-0
-0
-0
-0
-0
-0
-0
-0
-0
-0
-0
22.4459
94.0345
-0
31.0747
-0
-0
-0
-0
-0
-0
-0
-0
-0
-0
-0
-0
-0
-0
-0
-0
-0
-0
-0
-0
-0
-0
-0
-0
-0
-0
-0
-0
-0
-0
-0
-0
-0
-0
-0
1.54317
-0
37.0013
3.58207
-0
-0
-0
-0
-0
-0
-0
-0
-0
-0
-0
-0
-0
-0
-0
-0
-0
-0
-0
-0
-0
-0
-0
-0
-0
-0
97.3685
15.9395
-0
-0
-0
-0
-0
-0
-0
-0
35.6801
0.995769
-0
-0
-0
-0
-0
-0
3.4936
-0
-0
-0
-0
-0
-0
-0
-0
-0
-0
-0
-0
-0
-0
12.4898
-0
13.6
-0
-0
8.59676
-0
-0
-0
-0
-0
-0
-0
-0
-0
36.8578
-0
-0
-0
-0
-0
-0
12.2125
-0
-0
-0
-0
-0
-0
11.2693
-0
-0
18.5461
30.0092
-0
55.9043
-0
23.4102
-0
-0
-0
-0
-0
-0
-0
-0
21.1885
-0
-0
-0
-0
15.1416
21.1521
-0
-0
-0
-0
-0
-0
-0
-0
-0
-0
-0
-0
20.5604
-0
-0
-0
-0
-0
-0
-0
-0
-0
-0
-0
-0
-0
-0
-0
-0
-0
-0
-0
-0
1.8042
-0
-0
-0
-0
-0
-0
-0
-0
-0
-0
-0
30.4117
-0
-0
-0
-0
4.42163
71.7197
-0
-0
-0
-0
-0
-0
-0
-0
-0
6.01738
-0
-0
-0
-0
-0
2.57333
-0
71.2819
-0
-0
-0
-0
-0
-0
-0
-0
14.2259
-0
-0
-0
-0
-0
-0
-0
-0
-0
-0
-0
-0
-0
-0
-0
-0
-0
-0
-0
-0
-0
-0
-0
-0
-0
45.3656
-0
44.4088
25.2601
-0
-0
-0
1.85323
-0
11.1108
-0
-0
-0
-0
-0
33.7423
-0
9.56404
-0
-0
-0
-0
-0
-0
-0
-0
71.4392
-0
-0
-0
-0
17.4925
-0
-0
-0
-0
-0
-0
-0
-0
-0
-0
-0
-0
16.1828
-0
29.8405
-0
-0
-0
-0
-0
-0
-0
-0
-0
-0
-0
-0
-0
-0
-0
-0
-0
-0
-0
-0
-0
-0
-0
-0
-0
2.13017
-0
41.6066
-0
-0
3.52218
-0
12.0295
21.6251
-0
-0
-0
-0
-0
-0
-0
-0
18.1719
-0
-0
36.097
-0
-0
-0
-0
-0
-0
-0
-0
14.5346
-0
-0
-0
-0
-0
-0
-0
-0
-0
16.0598
-0
-0
-0
68.3985
-0
-0
-0
53.4475
-0
-0
54.4183
-0
-0
-0
-0
-0
-0
-0
-0
12.8605
21.3556
-0
-0
-0
-0
-0
35.4516
-0
11.592
-0
-0
-0
-0
-0
-0
-0
-0
-0
-0
-0
-0
-0
-0
-0
-0
-0
-0
27.1611
-0
-0
-0
-0
-0
-0
-0
-0
-0
-0
-0
-0
-0
-0
-0
-0
-0
-0
-0
-0
-0
-0
23.885
4.53977
-0
-0
-0
45.481
-0
-0
-0
49.127
-0
-0
1.50004
-0
-0
-0
-0
-0
-0
-0
-0
-0
-0
-0
3.86204
-0
-0
-0
18.7503
38.1385
-0
-0
1.97742
-0
-0
-0
33.462
-0
-0
-0
-0
15.6081
-0
18.6846
-0
-0
-0
-0
-0
-0
15.4796
-0
-0
-0
-0
-0
-0
17.2097
-0
-0
-0
31.4735
-0
-0
-0
9.98218
-0
-0
-0
29.6776
-0
-0
-0
-0
-0
19.695
-0
-0
-0
-0
-0
24.4095
43.3269
37.2352
-0
18.1748
-0
-0
-0
-0
6.13667
29.1225
-0
-0
6.50929
-0
-0
-0
38.5627
-0
-0
27.8692
-0
3.75102
-0
-0
50.7418
13.7862
-0
5.35437
-0
-0
-0
-0
-0
-0
1.46094
-0
-0
52.5729
29.4219
-0
-0
60.919
-0
-0
-0
-0
-0
-0
-0
-0
-0
-0
19.4593
-0
-0
-0
-0
36.0343
-0
-0
-0
-0
-0
-0
-0
-0
-0
-0
44.1856
-0
-0
-0
-0
-0
20.5305
-0
-0
-0
-0
-0
2.13891
59.9252
1.3085
55.0759
-0
-0
-0
-0
-0
-0
-0
-0
-0
-0
2.44799
-0
-0
-0
-0
-0
-0
-0
29.7298
9.24752
-0
-0
-0
19.2654
57.6876
6.74433
-0
15.8416
-0
-0
-0
-0
-0
-0
-0
-0
-0
-0
-0
21.4959
0.211187
-0
-0
-0
-0
-0
-0
-0
-0
12.0908
-0
-0
-0
-0
-0
-0
-0
-0
-0
-0
43.2199
66.6569
-0
-0
-0
4.46233
-0
-0
-0
-0
-0
-0
-0
-0
-0
25.5142
6.7952
45.5858
1.83559
-0
-0
-0
-0
-0
-0
-0
-0
-0
-0
-0
-0
-0
-0
-0
-0
19.8074
37.2206
-0
40.4659
-0
-0
-0
-0
-0
-0
-0
-0
-0
1.08914
-0
-0
-0
5.25358
-0
-0
-0
-0
-0
-0
-0
-0
-0
-0
-0
3.80405
28.2455
-0
-0
-0
-0
-0
-0
-0
-0
-0
49.3171
-0
-0
-0
-0
-0
-0
-0
-0
-0
-0
-0
-0
5.2783
-0
6.76859
5.85487
-0
-0
5.4031
-0
-0
-0
-0
-0
-0
-0
44.3709
-0
-0
-0
-0
-0
-0
-0
1.00767
-0
-0
-0
-0
-0
-0
-0
-0
-0
-0
-0
-0
7.70501
-0
25.7437
2.65094
-0
-0
-0
19.7433
-0
-0
-0
-0
84.4414
-0
-0
-0
-0
-0
-0
-0
-0
-0
-0
-0
-0
-0
-0
24.4739
-0
-0
-0
-0
22.1181
17.2841
12.0876
42.2237
4.92419
-0
-0
-0
-0
-0
1.88634
-0
-0
-0
-0
-0
-0
-0
-0
-0
-0
-0
-0
-0
-0
45.8582
-0
-0
-0
-0
0.83606
-0
62.6869
-0
-0
-0
-0
53.0331
-0
-0
-0
-0
-0
-0
25.1981
-0
-0
49.4847
32.103
-0
-0
-0
-0
10.3641
-0
-0
-0
-0
-0
-0
-0
-0
-0
-0
-0
-0
-0
-0
-0
-0
50.852
-0
-0
-0
-0
-0
-0
-0
-0
-0
-0
-0
-0
-0
-0
-0
-0
-0
-0
-0
-0
-0
-0
-0
-0
-0
-0
-0
-0
-0
-0
62.5041
-0
-0
-0
-0
-0
-0
-0
-0
-0
11.6424
-0
-0
-0
-0
-0
-0
-0
-0
-0
-0
-0
-0
9.47304
-0
-0
-0
-0
-0
-0
12.8639
46.3943
-0
-0
-0
-0
-0
-0
-0
-0
-0
16.3368
-0
-0
-0
-0
-0
51.9171
-0
-0
0.685874
-0
-0
-0
-0
-0
-0
-0
38.0332
-0
10.742
-0
-0
-0
-0
-0
-0
31.9108
-0
-0
-0
-0
-0
-0
-0
-0
-0
-0
-0
-0
-0
-0
-0
-0
-0
-0
-0
29.5864
36.2003
-0
-0
19.2194
-0
-0
-0
-0
-0
-0
87.0754
-0
-0
-0
-0
-0
7.01599
-0
-0
-0
-0
38.4134
6.45101
-0
-0
-0
-0
-0
11.568
0.18173
-0
-0
40.2967
-0
-0
-0
-0
-0
-0
44.9315
4.48955
10.5675
-0
-0
-0
-0
46.8368
-0
-0
-0
20.9424
-0
-0
-0
4.8892
-0
-0
9.53877
-0
-0
-0
-0
-0
-0
-0
3.8115
-0
-0
-0
-0
-0
-0
42.5404
-0
-0
-0
11.0744
-0
2.56599
-0
-0
-0
-0
-0
-0
-0
-0
-0
-0
27.5616
-0
-0
-0
-0
-0
11.3637
11.8335
-0
-0
-0
-0
-0
-0
-0
-0
73.1304
-0
-0
-0
-0
-0
-0
6.73783
-0
-0
-0
-0
-0
-0
-0
17.2836
-0
-0
-0
-0
-0
44.296
-0
70.0754
59.9362
-0
29.4669
-0
-0
-0
-0
-0
-0
-0
-0
-0
-0
-0
-0
-0
-0
26.3091
-0
-0
-0
-0
-0
-0
-0
18.0362
-0
-0
-0
-0
-0
-0
41.997
-0
14.4719
-0
15.8061
-0
-0
-0
-0
-0
11.5801
-0
-0
-0
-0
-0
-0
-0
-0
16.2092
-0
3.77492
-0
-0
-0
-0
-0
28.1059
-0
-0
-0
-0
-0
-0
-0
4.97991
-0
-0
-0
0.533311
-0
5.32655
35.8409
-0
-0
78.9857
-0
-0
-0
14.4383
-0
-0
-0
-0
-0
-0
-0
-0
-0
-0
-0
-0
-0
-0
-0
10.7108
-0
-0
-0
-0
-0
-0
-0
-0
-0
-0
-0
-0
-0
-0
-0
-0
-0
-0
10.6171
-0
6.32417
19.0247
-0
-0
-0
6.12363
-0
-0
-0
-0
-0
-0
18.754
-0
20.3867
53.6036
14.9015
-0
-0
-0
46.3139
-0
3.79695
-0
-0
-0
-0
11.4113
-0
-0
-0
1.05669
0.806365
-0
-0
-0
-0
-0
-0
-0
-0
3.64278
51.6396
2.90843
18.1522
-0
-0
-0
-0
-0
-0
-0
41.4949
-0
-0
-0
30.3737
-0
-0
-0
-0
-0
-0
-0
61.1127
-0
48.8875
-0
-0
-0
12.8154
-0
-0
-0
-0
-0
-0
75.4488
8.3454
-0
-0
-0
-0
-0
50.8644
-0
-0
-0
-0
-0
6.96202
-0
-0
-0
-0
-0
-0
-0
-0
-0
-0
-0
-0
-0
-0
-0
19.4362
-0
-0
-0
-0
-0
-0
26.6706
-0
-0
-0
-0
36.8876
-0
-0
-0
-0
-0
-0
-0
26.7198
-0
-0
-0
63.4741
-0
-0
-0
-0
5.95113
-0
-0
5.68457
5.42229
-0
23.5182
-0
-0
-0
-0
46.7263
20.4433
-0
-0
-0
-0
-0
-0
-0
42.912
-0
-0
48.3359
-0
-0
-0
-0
-0
41.9987
28.8628
-0
32.6574
-0
-0
-0
31.2062
-0
-0
-0
-0
-0
-0
-0
12.5499
-0
-0
-0
-0
60.2806
-0
-0
-0
-0
-0
-0
-0
-0
-0
-0
-0
-0
-0
-0
-0
-0
-0
-0
-0
-0
-0
-0
-0
-0
-0
-0
4.03678
-0
42.4074
-0
-0
-0
-0
-0
-0
-0
-0
-0
-0
-0
11.9144
-0
-0
-0
3.66123
-0
-0
-0
-0
-0
13.5216
-0
13.259
-0
-0
-0
25.5584
-0
-0
-0
-0
-0
-0
-0
28.1536
-0
-0
-0
-0
-0
-0
-0
13.8566
-0
-0
13.9102
-0
-0
25.3037
-0
-0
-0
-0
-0
38.1656
-0
-0
-0
-0
-0
82.8547
-0
-0
4.65631
-0
-0
-0
-0
-0
-0
-0
-0
-0
28.5101
-0
-0
-0
-0
-0
-0
-0
-0
-0
-0
-0
-0
-0
24.3585
-0
11.6946
17.5014
-0
-0
-0
-0
-0
-0
-0
5.69555
-0
-0
-0
-0
-0
-0
-0
-0
-0
-0
6.10642
-0
-0
-0
-0
-0
-0
-0
-0
-0
-0
-0
69.6595
-0
-0
-0
-0
-0
-0
-0
8.73227
-0
-0
-0
-0
118.944
-0
-0
-0
-0
-0
24.9576
-0
12.674
-0
-0
56.4416
-0
-0
-0
-0
-0
-0
-0
115.019
13.8146
-0
4.02657
44.4005
-0
54.8038
-0
-0
-0
-0
-0
-0
-0
-0
0.641639
-0
-0
-0
-0
-0
-0
-0
-0
-0
-0
-0
-0
21.3291
0.448138
-0
-0
-0
-0
-0
1.45965
-0
-0
-0
-0
26.8068
-0
-0
-0
-0
-0
-0
-0
22.5194
-0
-0
-0
-0
-0
-0
-0
38.5638
-0
-0
-0
24.2459
-0
-0
-0
-0
35.2545
-0
-0
-0
-0
-0
-0
-0
-0
