5.29871
-0
-0
-0
-0
-0
-0
5.9024
15.7355
4.82172
19.7257
-0
-0
-0
-0
7.86037
-0
-0
-0
-0
-0
-0
-0
-0
-0
-0
26.9966
-0
-0
-0
-0
-0
-0
-0
7.29362
-0
-0
-0
-0
-0
-0
-0
-0
8.5039
-0
30.2582
-0
-0
-0
-0
-0
-0
-0
-0
-0
-0
-0
2.59917
-0
2.87892
-0
-0
-0
-0
-0
-0
-0
26.698
-0
1.10159
-0
-0
-0
-0
-0
5.17948
-0
-0
-0
-0
-0
66.7128
3.41103
19.3803
40.1704
-0
-0
24.3711
-0
-0
13.5633
-0
-0
-0
-0
-0
20.2928
-0
-0
-0
-0
-0
-0
-0
8.24184
-0
-0
-0
-0
-0
-0
-0
-0
-0
18.0622
6.02095
-0
-0
54.9225
27.0647
-0
-0
18.6446
-0
23.0049
-0
-0
-0
-0
9.75791
29.7288
63.9828
8.94176
-0
-0
-0
15.0264
0.0884295
-0
-0
-0
-0
-0
-0
-0
-0
-0
-0
-0
-0
-0
-0
-0
-0
2.90397
-0
-0
-0
-0
0.980378
20.3951
-0
-0
22.4136
-0
-0
2.51503
-0
-0
-0
-0
13.7958
-0
-0
-0
-0
-0
-0
-0
-0
5.91437
-0
-0
-0
-0
55.8366
-0
-0
33.7364
32.7305
-0
105.349
-0
-0
-0
-0
-0
-0
-0
-0
-0
6.8053
-0
-0
-0
2.87461
-0
-0
-0
-0
-0
-0
-0
-0
-0
-0
-0
-0
-0
-0
-0
-0
-0
-0
-0
-0
-0
-0
-0
-0
-0
-0
-0
-0
-0
13.1744
-0
-0
-0
-0
-0
-0
-0
-0
-0
-0
27.3041
-0
-0
-0
-0
-0
-0
-0
-0
-0
-0
-0
20.4574
-0
-0
-0
-0
-0
-0
-0
-0
-0
-0
-0
-0
16.6155
8.44288
1.89906
-0
-0
-0
-0
-0
-0
-0
3.23482
-0
19.0552
-0
-0
-0
-0
-0
-0
23.1391
14.1743
-0
-0
0.596718
-0
0.539372
-0
-0
12.8912
-0
-0
11.0012
-0
60.4547
46.3171
-0
-0
28.7041
-0
-0
-0
-0
-0
-0
1.67097
-0
-0
-0
0.364714
-0
-0
-0
48.8076
-0
-0
-0
-0
-0
9.00003
-0
-0
-0
-0
-0
-0
-0
-0
-0
31.1199
-0
-0
-0
2.69296
-0
-0
12.9296
-0
51.1068
24.2362
-0
-0
-0
-0
7.23044
-0
-0
-0
-0
-0
26.1942
-0
-0
-0
-0
0.995787
-0
-0
9.01486
-0
-0
-0
1.26933
32.1395
-0
5.13221
-0
-0
-0
-0
-0
-0
12.2709
-0
-0
-0
-0
-0
-0
-0
-0
65.4171
-0
-0
-0
-0
-0
4.18271
-0
-0
-0
-0
-0
-0
-0
10.2333
-0
-0
-0
-0
-0
-0
-0
-0
-0
31.4607
-0
-0
-0
-0
19.8087
-0
-0
-0
-0
7.78617
-0
18.8993
54.3879
-0
-0
24.2838
-0
-0
4.13436
-0
6.48789
-0
-0
-0
-0
-0
-0
-0
-0
-0
-0
0.247554
-0
-0
40.3777
30.2685
-0
-0
31.4046
-0
-0
-0
-0
-0
-0
-0
9.32053
-0
45.8415
-0
-0
-0
-0
-0
8.14051
-0
-0
-0
-0
-0
14.8495
-0
-0
-0
-0
-0
-0
-0
-0
-0
-0
2.63389
-0
-0
43.5198
-0
-0
-0
-0
-0
49.7444
-0
-0
-0
3.16833
-0
-0
-0
-0
-0
6.17722
-0
-0
13.55
-0
-0
17.0378
-0
-0
-0
-0
-0
12.6248
-0
-0
5.33636
-0
-0
-0
-0
-0
9.84594
-0
-0
-0
-0
-0
-0
6.94005
-0
-0
54.4991
-0
-0
-0
-0
-0
-0
3.80183
-0
14.7387
-0
-0
22.6195
-0
-0
-0
-0
40.7688
75.1911
18.6797
-0
-0
0.413338
-0
-0
22.2928
-0
-0
-0
-0
-0
-0
-0
-0
18.1187
-0
-0
18.3924
-0
-0
-0
31.0128
-0
-0
-0
-0
35.007
-0
-0
-0
2.79113
26.6105
75.2217
-0
-0
-0
-0
-0
20.4064
-0
22.5845
45.2776
-0
-0
-0
-0
-0
-0
-0
-0
7.40258
-0
9.56196
-0
-0
-0
11.7241
-0
-0
13.4312
-0
-0
-0
-0
-0
-0
29.003
-0
-0
-0
-0
-0
-0
-0
-0
-0
-0
-0
-0
-0
-0
-0
-0
-0
-0
-0
-0
38.7434
-0
-0
-0
7.97513
-0
-0
-0
-0
-0
30.4056
5.19073
6.51329
-0
-0
-0
-0
-0
28.5573
-0
-0
34.3839
-0
-0
-0
-0
-0
-0
-0
16.8416
-0
22.9259
-0
-0
-0
36.5016
11.4608
21.4267
15.5447
-0
-0
-0
-0
-0
-0
-0
-0
-0
0.718077
-0
-0
5.92134
-0
-0
-0
67.5516
-0
-0
-0
-0
16.5973
-0
-0
-0
-0
-0
-0
18.6576
-0
-0
-0
-0
51.0304
-0
9.20135
11.9524
-0
4.32233
-0
-0
22.1284
-0
-0
-0
3.00847
5.47456
30.2063
-0
-0
40.6649
-0
-0
-0
1.74975
-0
-0
-0
-0
-0
-0
-0
45.9497
-0
-0
-0
-0
-0
-0
-0
-0
-0
-0
-0
-0
51.6447
-0
-0
-0
-0
-0
-0
15.1501
28.4182
23.1602
-0
-0
-0
-0
-0
-0
-0
-0
-0
-0
-0
65.38
7.28983
-0
-0
-0
-0
-0
3.23906
65.1183
-0
-0
-0
-0
-0
-0
-0
-0
-0
-0
-0
-0
-0
-0
32.7253
-0
-0
-0
-0
-0
34.5039
-0
-0
-0
-0
-0
-0
8.12223
-0
-0
-0
62.5444
-0
-0
32.1591
-0
-0
-0
-0
4.72332
-0
-0
-0
-0
-0
-0
-0
-0
34.6131
6.63226
-0
-0
-0
-0
-0
-0
-0
52.5047
-0
18.0562
-0
27.6729
-0
-0
-0
14.6825
-0
-0
35.255
-0
-0
-0
-0
-0
-0
-0
52.5131
-0
-0
-0
-0
-0
-0
-0
-0
-0
-0
85.7116
-0
-0
-0
-0
-0
-0
-0
-0
-0
4.38566
-0
-0
11.0545
26.3749
-0
-0
-0
-0
-0
-0
48.3771
-0
-0
9.47172
-0
-0
-0
-0
-0
-0
-0
-0
-0
-0
-0
-0
-0
-0
-0
-0
-0
47.2501
17.8752
2.03128
-0
47.5279
-0
-0
9.27624
-0
-0
21.3264
-0
-0
-0
10.9196
-0
15.7457
-0
-0
-0
-0
-0
-0
-0
-0
-0
6.50417
2.18996
-0
-0
24.2258
-0
-0
8.32095
-0
-0
-0
-0
1.75789
-0
-0
-0
-0
-0
-0
-0
-0
-0
-0
-0
-0
-0
37.9819
-0
-0
-0
-0
-0
-0
-0
-0
-0
-0
-0
-0
-0
-0
-0
-0
-0
-0
-0
-0
-0
-0
-0
-0
-0
-0
16.6366
-0
-0
-0
-0
-0
1.17683
-0
-0
-0
-0
23.1914
-0
-0
-0
-0
-0
31.8836
-0
14.759
-0
-0
-0
-0
-0
-0
10.0189
-0
0.813426
-0
-0
-0
7.31409
-0
-0
-0
-0
-0
-0
-0
-0
-0
-0
0.677996
8.02456
-0
-0
-0
40.5057
-0
-0
-0
-0
-0
-0
-0
7.37575
-0
-0
-0
23.4191
-0
-0
-0
-0
-0
28.6155
-0
-0
56.5572
-0
-0
-0
-0
-0
-0
-0
-0
-0
10.0772
-0
-0
7.76136
-0
-0
-0
-0
-0
-0
-0
-0
-0
31.8987
-0
-0
-0
-0
-0
-0
-0
-0
30.688
-0
-0
11.2945
-0
41.319
-0
-0
-0
2.73233
-0
-0
-0
-0
17.1127
-0
29.4084
-0
-0
-0
-0
38.0263
28.6582
-0
-0
-0
-0
14.3694
-0
-0
-0
-0
45.6877
-0
-0
5.12573
2.61441
-0
-0
-0
-0
-0
1.58951
0.350847
-0
-0
-0
18.6396
-0
-0
-0
-0
17.0795
-0
-0
-0
-0
-0
33.5624
-0
-0
56.1999
1.18357
-0
-0
-0
-0
-0
63.4474
-0
-0
-0
-0
-0
-0
-0
-0
-0
-0
-0
7.3154
-0
-0
-0
74.3256
67.2145
11.6356
2.27278
-0
-0
-0
-0
-0
-0
-0
-0
-0
-0
-0
-0
26.3675
-0
25.2725
-0
-0
-0
2.63023
-0
-0
-0
-0
-0
-0
-0
-0
-0
-0
-0
-0
-0
-0
27.7389
-0
-0
-0
-0
-0
-0
5.84753
-0
-0
4.12018
-0
-0
22.7759
-0
-0
-0
-0
49.2935
-0
-0
-0
-0
-0
-0
-0
-0
-0
-0
-0
-0
50.9854
-0
-0
-0
-0
-0
24.7191
-0
-0
-0
-0
-0
1.86922
-0
-0
-0
-0
-0
-0
-0
48.454
6.65366
-0
-0
39.9904
-0
-0
-0
-0
-0
-0
-0
-0
4.44483
-0
-0
-0
-0
19.8576
-0
16.7908
-0
28.6768
-0
10.0518
-0
10.4929
-0
-0
23.2264
-0
-0
-0
-0
-0
29.8344
-0
-0
26.8889
-0
1.72146
15.3547
40.5223
-0
-0
-0
-0
-0
-0
-0
10.1918
-0
-0
25.4287
4.09454
-0
-0
11.3282
-0
36.716
-0
-0
33.1135
-0
-0
5.28969
-0
-0
-0
-0
-0
11.2606
1.65064
5.27611
-0
0.42256
-0
-0
12.078
-0
-0
16.5867
-0
45.5869
-0
-0
-0
-0
-0
-0
-0
-0
-0
-0
6.82368
-0
-0
-0
-0
34.2128
8.33658
-0
-0
-0
-0
10.0604
1.77213
-0
-0
-0
-0
-0
-0
-0
-0
1.59347
-0
40.1399
-0
9.45824
-0
-0
-0
11.3443
-0
20.0999
14.8525
-0
36.9961
11.2418
-0
-0
13.486
-0
-0
-0
6.8245
5.23364
9.88676
-0
-0
-0
-0
-0
-0
-0
28.3187
-0
8.62543
-0
-0
50.3763
-0
-0
-0
-0
-0
-0
-0
-0
-0
-0
-0
-0
-0
19.3948
21.1692
-0
1.37806
-0
-0
-0
-0
0.129387
-0
1.92677
-0
-0
-0
-0
-0
-0
-0
-0
-0
4.91196
-0
-0
-0
-0
-0
-0
5.97549
-0
-0
-0
-0
-0
-0
-0
-0
-0
-0
-0
-0
-0
49.0946
-0
-0
-0
-0
-0
-0
-0
-0
-0
-0
-0
-0
-0
-0
30.7776
-0
-0
3.86777
52.7541
-0
-0
-0
-0
-0
-0
-0
-0
-0
7.66169
-0
1.85148
-0
-0
-0
1.81669
-0
-0
-0
-0
-0
-0
-0
-0
-0
-0
-0
-0
-0
-0
23.1623
-0
-0
-0
-0
71.8785
23.5004
-0
-0
-0
-0
-0
-0
-0
-0
-0
-0
43.2432
-0
-0
-0
-0
-0
-0
-0
-0
75.4286
-0
-0
-0
-0
-0
-0
-0
-0
-0
-0
-0
-0
-0
-0
-0
-0
-0
-0
-0
-0
-0
-0
24.899
-0
-0
-0
-0
-0
-0
6.21134
-0
24.3114
1.86731
-0
-0
-0
-0
-0
-0
83.0343
-0
-0
-0
-0
89.8981
-0
-0
-0
-0
-0
16.198
-0
-0
-0
-0
-0
-0
44.7807
-0
-0
-0
-0
-0
-0
-0
-0
-0
45.5085
-0
3.39255
29.7023
2.63497
-0
-0
-0
-0
-0
-0
-0
41.5972
-0
-0
-0
19.6963
16.1357
-0
-0
-0
-0
10.2915
-0
-0
-0
-0
-0
67.7887
-0
-0
8.79094
-0
-0
7.86335
-0
-0
-0
62.457
-0
-0
-0
-0
-0
-0
-0
33.1517
25.7377
-0
-0
-0
-0
-0
-0
-0
26.1838
-0
-0
-0
11.5812
2.24479
-0
-0
-0
-0
-0
-0
54.8199
-0
-0
51.547
-0
-0
9.43985
-0
-0
-0
-0
-0
-0
-0
-0
-0
-0
-0
21.921
-0
-0
-0
-0
-0
-0
-0
-0
-0
-0
-0
22.3919
-0
-0
-0
-0
-0
12.6634
-0
-0
-0
2.71398
-0
-0
-0
5.56778
-0
-0
-0
-0
32.1403
-0
37.3167
-0
-0
-0
-0
-0
-0
9.13157
-0
-0
3.64221
-0
-0
-0
-0
-0
-0
-0
-0
-0
-0
29.2528
-0
23.9815
-0
-0
-0
-0
-0
-0
-0
-0
-0
-0
21.7862
-0
-0
4.71754
-0
-0
-0
-0
-0
-0
-0
6.9264
-0
-0
-0
-0
-0
-0
-0
-0
-0
23.8175
-0
-0
6.27236
-0
24.3626
0.0274382
-0
-0
0.42486
-0
-0
-0
-0
-0
-0
-0
-0
-0
-0
14.5926
-0
-0
-0
-0
-0
-0
-0
-0
-0
-0
-0
-0
-0
-0
1.37864
-0
52.0174
-0
-0
-0
-0
-0
-0
-0
-0
12.0789
-0
-0
-0
3.12537
-0
-0
-0
-0
-0
-0
-0
-0
-0
-0
-0
-0
-0
-0
-0
-0
14.9346
19.8432
-0
-0
-0
-0
-0
-0
0.234081
-0
-0
8.58335
-0
22.1411
17.7099
38.1738
-0
-0
-0
48.8857
-0
2.09052
-0
-0
-0
-0
-0
55.575
-0
-0
-0
-0
-0
-0
-0
-0
3.79437
-0
-0
-0
-0
-0
-0
-0
47.6625
-0
-0
4.60905
-0
-0
-0
3.20923
-0
-0
24.3398
-0
-0
-0
97.8162
9.11554
-0
-0
25.6599
-0
1.53506
70.2178
31.3137
7.6029
-0
51.1283
-0
-0
36.3196
22.521
2.19896
-0
-0
-0
-0
-0
-0
-0
-0
0.00246471
-0
26.1336
-0
-0
-0
-0
-0
-0
-0
18.4285
-0
-0
-0
-0
-0
-0
5.32034
2.48475
-0
-0
26.4569
-0
-0
-0
-0
17.6251
-0
5.40926
10.6879
-0
-0
-0
-0
-0
-0
-0
4.10725
-0
-0
49.4316
20.5601
-0
1.87796
39.7253
-0
-0
-0
-0
-0
-0
-0
-0
-0
-0
11.3538
4.60509
-0
-0
-0
-0
1.33922
-0
50.2591
-0
-0
-0
-0
0.168978
-0
-0
-0
-0
-0
33.2869
-0
-0
9.47138
-0
-0
-0
-0
-0
39.7361
-0
1.01511
-0
24.5825
-0
33.5349
-0
-0
77.7011
-0
-0
-0
4.88946
-0
-0
-0
10.7159
-0
-0
32.902
-0
-0
-0
-0
-0
-0
-0
-0
-0
-0
-0
-0
-0
-0
-0
-0
-0
-0
8.53701
28.164
-0
2.42403
-0
-0
17.9308
-0
-0
-0
-0
-0
-0
-0
-0
-0
-0
-0
-0
-0
-0
-0
-0
-0
-0
-0
-0
9.58649
-0
-0
-0
-0
-0
-0
-0
-0
-0
-0
-0
-0
-0
-0
-0
-0
-0
23.5067
-0
-0
-0
12.3084
84.5768
-0
15.5221
-0
4.45837
-0
43.0291
-0
-0
-0
-0
-0
-0
-0
13.8289
-0
5.83064
15.6345
14.5005
57.1138
-0
-0
-0
-0
80.8448
26.0658
-0
-0
25.6128
-0
1.86686
5.3932
-0
-0
24.1432
-0
-0
-0
-0
-0
-0
-0
-0
-0
-0
-0
25.198
-0
-0
19.4881
4.0315
-0
-0
6.32388
-0
2.23213
51.9485
-0
16.7003
10.7631
-0
-0
-0
2.2418
-0
11.5865
64.9294
-0
34.9808
-0
-0
-0
-0
-0
21.0259
-0
-0
16.2194
52.2233
18.8827
-0
46.6198
-0
-0
-0
-0
6.79184
5.6355
-0
-0
-0
-0
2.69267
-0
-0
-0
-0
-0
33.2772
-0
-0
-0
-0
-0
-0
-0
-0
5.72352
-0
4.24021
-0
30.4465
-0
-0
-0
9.11655
16.3471
-0
-0
-0
-0
-0
37.0143
-0
-0
-0
-0
-0
-0
-0
57.2184
-0
37.7825
-0
0.637577
-0
-0
-0
-0
-0
-0
68.8581
22.691
-0
-0
-0
-0
-0
-0
1.87831
-0
-0
-0
-0
-0
-0
-0
-0
-0
-0
-0
3.97609
-0
-0
-0
-0
-0
-0
-0
-0
0.653644
-0
-0
4.46017
-0
-0
36.14
-0
-0
32.8851
-0
-0
-0
5.90178
9.76182
-0
-0
-0
-0
-0
-0
-0
-0
-0
-0
9.35339
42.68
-0
-0
-0
6.35029
14.2859
-0
-0
-0
-0
-0
-0
-0
-0
-0
-0
28.2955
27.0546
58.6843
4.69894
-0
-0
-0
32.575
-0
-0
-0
-0
-0
-0
-0
-0
-0
-0
-0
-0
-0
-0
-0
-0
-0
-0
-0
59.1749
-0
-0
1.15454
-0
-0
-0
-0
-0
-0
-0
-0
-0
-0
26.9017
-0
-0
-0
13.0701
-0
17.766
-0
-0
-0
0.585778
-0
-0
-0
0.356748
43.9787
44.9965
-0
-0
-0
1.09744
-0
4.14999
10.5175
-0
-0
-0
-0
-0
44.8319
65.1127
-0
17.7452
-0
-0
-0
-0
-0
-0
-0
6.97334
-0
-0
-0
-0
-0
-0
-0
-0
-0
-0
-0
-0
-0
32.093
-0
-0
-0
-0
-0
6.50408
-0
-0
-0
-0
-0
-0
-0
21.612
-0
-0
-0
-0
-0
-0
-0
-0
-0
-0
-0
33.8273
-0
-0
-0
-0
30.927
-0
-0
-0
-0
-0
-0
-0
-0
-0
-0
-0
2.18719
26.7621
-0
-0
-0
-0
-0
-0
-0
-0
-0
-0
35.7053
-0
-0
-0
-0
-0
-0
2.97722
-0
-0
1.48597
-0
-0
-0
-0
-0
-0
-0
-0
3.35882
-0
-0
28.9885
-0
-0
-0
-0
-0
-0
-0
-0
-0
-0
9.50677
-0
-0
-0
54.3366
-0
-0
-0
-0
-0
-0
6.97611
-0
-0
-0
13.9561
-0
-0
-0
-0
-0
-0
11.2619
34.7436
24.1695
-0
-0
-0
-0
-0
-0
-0
-0
-0
-0
6.16206
-0
-0
-0
-0
-0
-0
-0
-0
-0
-0
-0
4.04914
21.3561
-0
-0
-0
-0
11.5751
28.3775
-0
0.235547
28.1806
-0
-0
-0
-0
-0
-0
-0
-0
-0
-0
-0
-0
-0
20.192
-0
-0
-0
-0
-0
-0
-0
-0
-0
-0
-0
-0
-0
21.9317
-0
73.4683
-0
-0
-0
-0
21.8222
30.082
-0
-0
-0
-0
-0
-0
-0
-0
-0
9.48119
-0
-0
-0
-0
-0
5.29706
-0
70.5259
-0
-0
-0
27.7547
-0
-0
-0
-0
17.9682
-0
-0
-0
-0
-0
-0
-0
-0
-0
-0
-0
-0
-0
-0
-0
-0
-0
-0
24.7912
-0
-0
-0
-0
-0
-0
45.4738
-0
48.5065
3.99676
-0
-0
-0
31.0221
-0
-0
-0
-0
-0
-0
-0
70.7791
-0
14.8665
-0
-0
-0
3.74808
-0
-0
-0
-0
74.3184
-0
-0
-0
-0
11.8346
-0
-0
-0
-0
15.1198
-0
-0
-0
-0
-0
-0
-0
-0
-0
20.3931
-0
-0
8.76261
-0
-0
-0
-0
-0
-0
-0
-0
-0
-0
-0
-0
-0
-0
9.77048
-0
-0
-0
-0
-0
-0
-0
-0
-0
5.97607
37.284
35.8966
33.0416
-0
43.9501
35.189
-0
-0
-0
2.12313
-0
-0
-0
-0
2.33428
-0
-0
4.27479
-0
-0
-0
29.8147
-0
-0
-0
-0
15.2562
-0
-0
-0
-0
-0
-0
14.6849
-0
-0
-0
-0
14.1733
-0
88.7849
-0
-0
-0
59.6228
-0
-0
32.1764
-0
9.76923
-0
-0
-0
-0
7.85272
-0
-0
-0
-0
-0
-0
-0
-0
-0
-0
-0
-0
-0
33.8309
-0
-0
-0
-0
-0
11.8923
-0
-0
8.65957
-0
-0
-0
-0
-0
29.7103
78.1638
-0
-0
-0
-0
-0
-0
-0
-0
-0
-0
-0
-0
-0
-0
-0
54.7369
-0
-0
-0
-0
4.51332
-0
28.5173
40.7003
-0
-0
-0
6.22858
-0
-0
-0
13.9668
25.0486
-0
4.17171
-0
-0
-0
-0
17.4197
-0
-0
-0
-0
-0
-0
-0
9.05721
-0
-0
25.4646
15.892
17.2913
-0
36.9708
-0
-0
-0
36.2578
-0
-0
-0
-0
23.6394
-0
-0
-0
-0
-0
2.24257
-0
-0
6.74863
-0
-0
-0
-0
-0
-0
12.3987
-0
-0
-0
2.37379
-0
-0
-0
22.3714
4.15965
-0
8.40217
-0
-0
-0
-0
2.95345
-0
-0
-0
2.06359
-0
-0
-0
-0
65.0559
31.5423
-0
-0
-0
-0
-0
-0
38.1047
7.03084
-0
-0
25.5518
-0
-0
-0
17.7733
-0
-0
-0
-0
8.89701
-0
6.28793
51.9438
28.3822
-0
-0
-0
-0
-0
-0
-0
24.8159
-0
-0
-0
35.1635
-0
-0
-0
55.123
-0
-0
-0
-0
-0
-0
-0
-0
-0
-0
-0
6.92871
-0
0.949123
-0
10.925
-0
-0
-0
-0
-0
-0
-0
-0
-0
-0
6.96207
-0
-0
-0
-0
-0
10.8006
-0
-0
-0
-0
6.55308
-0
50.1995
40.4534
57.5707
-0
-0
-0
-0
-0
-0
-0
0.553384
-0
-0
32.1735
-0
-0
-0
-0
-0
-0
34.0131
9.42628
-0
-0
-0
-0
4.33501
-0
22.5133
-0
-0
-0
-0
-0
-0
-0
-0
-0
-0
-0
-0
-0
24.767
-0
-0
-0
-0
-0
-0
-0
-0
-0
7.84075
-0
-0
-0
-0
-0
-0
-0
-0
-0
-0
29.3159
92.5962
-0
-0
11.4297
-0
-0
-0
-0
-0
-0
-0
-0
-0
-0
-0
43.4185
-0
6.29168
-0
-0
-0
38.111
6.4421
6.75605
-0
-0
-0
-0
-0
-0
-0
-0
-0
-0
3.03271
37.7508
-0
10.7482
-0
20.3504
-0
-0
-0
8.47063
-0
-0
-0
0.252003
-0
-0
-0
-0
-0
-0
17.7463
-0
-0
-0
-0
-0
-0
18.1227
-0
-0
9.67603
-0
-0
-0
-0
28.5476
27.0088
-0
-0
-0
46.7326
-0
-0
-0
-0
-0
-0
-0
-0
-0
-0
-0
-0
-0
-0
-0
-0
-0
-0
-0
4.72703
-0
-0
0.974118
-0
-0
-0
14.0033
-0
-0
-0
-0
-0
-0
-0
-0
-0
3.34347
-0
-0
-0
-0
0.0110421
-0
-0
4.91833
-0
-0
-0
-0
-0
18.421
-0
-0
-0
50.186
-0
-0
-0
-0
31.8107
-0
-0
-0
-0
-0
-0
-0
-0
-0
-0
-0
-0
-0
-0
14.9883
-0
14.7282
36.373
-0
-0
-0
-0
-0
3.78211
-0
-0
-0
-0
-0
2.00568
-0
-0
-0
-0
-0
-0
-0
-0
-0
-0
-0
-0
-0
-0
38.7861
-0
-0
-0
4.65894
11.5053
-0
51.595
-0
-0
-0
-0
20.6854
-0
-0
-0
-0
-0
-0
72.4027
-0
-0
-0
3.64113
-0
-0
-0
-0
32.6042
-0
-0
22.0028
-0
-0
-0
-0
2.33193
-0
-0
-0
-0
-0
-0
34.9508
-0
14.5316
-0
-0
10.3781
10.1963
-0
-0
30.7559
-0
-0
-0
-0
17.7123
-0
-0
23.1096
-0
4.13136
-0
-0
12.0078
-0
-0
-0
-0
-0
-0
-0
-0
7.09339
-0
-0
-0
-0
-0
-0
-0
-0
-0
-0
-0
5.91626
13.2131
-0
-0
-0
-0
-0
-0
-0
-0
-0
-0
-0
-0
-0
-0
22.975
-0
14.5512
-0
-0
21.7218
-0
-0
-0
-0
-0
49.1914
-0
18.6857
44.6874
1.71805
-0
-0
-0
-0
-0
85.8426
-0
-0
-0
12.1325
11.4889
-0
-0
0.0260811
-0
-0
16.8686
-0
-0
-0
-0
-0
-0
-0
-0
12.4663
10.8356
-0
10.3416
-0
-0
-0
-0
-0
-0
-0
-0
-0
-0
12.8576
-0
-0
-0
-0
-0
-0
14.7285
-0
-0
-0
-0
-0
-0
-0
6.99353
-0
49.6093
21.0596
-0
-0
-0
-0
-0
-0
45.9235
-0
-0
-0
44.8269
-0
-0
-0
21.0727
40.7143
-0
18.3148
-0
-0
20.1592
-0
-0
-0
-0
-0
-0
50.3184
32.1715
-0
-0
-0
-0
-0
-0
-0
-0
-0
-0
-0
-0
-0
-0
-0
-0
-0
-0
-0
-0
-0
-0
-0
23.3461
1.38111
11.0261
-0
-0
0.362352
-0
-0
29.3351
-0
31.8931
-0
3.29515
-0
-0
-0
-0
-0
-0
-0
-0
-0
30.4133
28.363
-0
-0
-0
-0
-0
-0
-0
0.61938
24.2009
-0
-0
-0
-0
-0
-0
-0
-0
110.711
-0
-0
-0
-0
-0
-0
-0
-0
-0
-0
-0
12.1533
-0
-0
6.84642
-0
-0
-0
-0
-0
8.18488
-0
38.8871
50.6125
-0
5.08189
-0
-0
-0
-0
-0
-0
-0
-0
0.172653
-0
-0
-0
-0
-0
18.0412
-0
-0
-0
-0
-0
-0
-0
44.5787
-0
-0
-0
-0
-0
-0
19.3579
-0
11.0709
-0
-0
-0
-0
-0
-0
-0
6.29655
-0
-0
-0
-0
-0
-0
-0
-0
2.84044
-0
24.9349
-0
-0
-0
-0
6.89423
-0
-0
-0
-0
9.12953
-0
-0
-0
13.1255
-0
-0
-0
21.6953
-0
-0
36.2567
-0
22.339
50.6804
-0
-0
-0
39.8861
-0
-0
-0
-0
-0
54.7936
-0
-0
-0
-0
-0
-0
-0
-0
-0
-0
-0
-0
-0
-0
50.7223
-0
20.4422
22.4993
-0
-0
-0
-0
-0
-0
-0
-0
-0
-0
8.28109
-0
9.04492
20.0554
-0
-0
-0
-0
-0
-0
-0
-0
-0
8.31168
-0
-0
-0
8.23185
6.24718
-0
-0
-0
59.4879
-0
5.97074
-0
-0
-0
-0
4.39923
-0
-0
21.4151
19.5271
12.5331
-0
22.5119
-0
-0
-0
-0
-0
-0
93.9983
-0
-0
-0
-0
-0
-0
-0
-0
-0
-0
55.2289
-0
-0
-0
0.655082
-0
-0
-0
-0
-0
14.9975
-0
40.9372
-0
66.1055
-0
-0
-0
13.5028
6.09625
-0
-0
-0
-0
-0
32.5082
26.5145
-0
-0
1.75484
-0
-0
-0
-0
-0
-0
13.1195
-0
-0
-0
-0
-0
-0
-0
-0
-0
-0
-0
-0
-0
-0
32.2372
6.64332
3.72848
19.5035
-0
-0
-0
-0
-0
6.87748
-0
-0
-0
-0
-0
-0
-0
-0
-0
-0
-0
-0
-0
34.7067
14.8829
-0
-0
23.1677
-0
-0
23.3231
-0
63.8184
5.8705
-0
9.61555
32.1388
-0
-0
-0
-0
-0
13.588
-0
51.0447
-0
-0
0.393059
-0
-0
-0
-0
27.0347
-0
-0
5.09073
-0
-0
-0
-0
-0
-0
81.1821
-0
33.5865
-0
-0
-0
6.54781
-0
-0
-0
-0
-0
-0
-0
-0
-0
11.6249
-0
-0
48.4981
12.4547
-0
-0
-0
-0
4.00774
-0
-0
-0
-0
-0
-0
-0
-0
-0
-0
-0
-0
-0
-0
-0
8.14816
-0
-0
-0
-0
5.0765
-0
-0
-0
-0
-0
-0
-0
-0
-0
-0
-0
-0
-0
33.5398
-0
-0
10.0275
21.0729
-0
-0
-0
-0
-0
56.3641
-0
-0
-0
-0
-0
58.2875
-0
-0
-0
-0
10.3349
-0
-0
5.66755
-0
-0
-0
13.1508
-0
6.46136
-0
12.8626
13.034
-0
21.6623
-0
-0
-0
-0
-0
-0
-0
-0
19.2067
-0
3.56628
-0
-0
-0
3.70799
1.82686
-0
-0
-0
-0
-0
-0
-0
-0
-0
-0
-0
26.56
-0
-0
-0
-0
-0
12.0262
-0
-0
-0
0.0996641
-0
-0
-0
26.9363
20.6239
14.0452
25.0997
-0
-0
-0
-0
-0
-0
-0
18.526
-0
-0
4.37708
-0
-0
-0
7.49654
-0
10.6704
-0
26.4003
-0
-0
-0
-0
-0
-0
-0
-0
-0
-0
-0
28.8714
-0
-0
-0
-0
-0
-0
-0
12.143
-0
-0
-0
-0
39.6305
-0
-0
-0
0.157804
-0
11.5607
16.5088
5.42586
-0
-0
33.3458
43.2587
-0
-0
-0
-0
-0
32.838
119.123
27.0279
-0
6.11842
38.8432
-0
48.7515
-0
-0
-0
-0
-0
-0
-0
-0
3.76307
-0
-0
-0
-0
-0
-0
-0
-0
8.57233
-0
-0
-0
-0
15.2635
20.6671
-0
-0
-0
-0
24.5781
-0
-0
-0
-0
26.2037
-0
-0
0.10733
-0
-0
-0
-0
65.7851
-0
30.5824
-0
-0
-0
-0
-0
20.4345
19.0275
-0
-0
7.21842
3.78027
-0
-0
-0
49.4568
-0
-0
-0
-0
-0
-0
-0
-0
