3.57627
-0
-0
-0
-0
-0
-0
-0
4.8681
-0
30.3809
-0
-0
-0
-0
19.4574
11.2577
-0
-0
-0
-0
14.8137
-0
-0
15.4443
-0
17.1439
15.0638
-0
-0
-0
-0
-0
-0
2.87372
-0
-0
-0
-0
-0
-0
-0
-0
36.8146
-0
-0
-0
6.3326
-0
-0
-0
-0
-0
2.28343
-0
-0
1.65331
1.33208
13.0813
-0
-0
-0
-0
-0
3.33466
-0
0.238212
19.3388
-0
-0
-0
-0
-0
-0
-0
4.2323
1.0424
-0
-0
6.01264
-0
20.772
-0
-0
17.7718
-0
-0
-0
-0
-0
3.80653
-0
-0
-0
-0
-0
4.04813
7.65692
5.19784
-0
-0
-0
-0
6.95873
31.1851
-0
21.8056
3.67999
-0
-0
-0
-0
0.170739
-0
-0
-0
10.2071
-0
23.4598
9.56004
-0
-0
-0
5.7329
4.92311
-0
-0
-0
-0
14.6771
-0
6.95882
-0
-0
-0
-0
-0
-0
-0
17.5549
2.79784
12.4707
12.0285
9.71344
-0
-0
-0
2.59305
-0
-0
-0
-0
-0
-0
22.9342
-0
19.3982
-0
-0
0.294226
-0
-0
-0
30.9089
-0
-0
7.78302
19.1275
-0
12.014
0.795733
11.5167
20.3172
-0
7.70014
-0
-0
-0
5.62893
-0
-0
-0
8.74189
-0
-0
12.5341
-0
-0
5.89403
9.08938
2.80366
12.8614
20.4895
-0
-0
-0
-0
-0
-0
3.58092
-0
4.71765
17.8596
-0
-0
-0
-0
-0
12.0384
-0
-0
13.4392
-0
-0
-0
-0
6.19402
11.045
-0
-0
-0
-0
0.115669
0.794709
-0
-0
-0
-0
3.97985
-0
-0
11.1576
-0
-0
-0
1.43984
-0
-0
-0
-0
-0
2.94621
2.95246
-0
-0
-0
-0
-0
-0
-0
-0
-0
-0
-0
2.95281
4.80893
-0
22.0365
-0
-0
2.09239
-0
-0
-0
-0
-0
-0
13.6254
-0
-0
-0
19.2397
11.5937
16.8798
-0
-0
3.5589
-0
-0
-0
1.16303
4.4213
-0
24.9418
-0
-0
-0
32.3405
-0
-0
-0
9.86002
3.32893
-0
21.4811
-0
-0
20.1615
-0
35.452
-0
-0
1.78889
1.62755
22.4741
24.1936
-0
-0
7.15751
-0
9.34458
13.88
-0
-0
18.7935
1.2056
-0
-0
-0
0.516529
-0
-0
-0
-0
-0
-0
-0
-0
-0
20.0501
-0
-0
-0
-0
-0
0.121537
-0
4.29038
-0
6.94356
-0
-0
1.77428
21.7104
-0
-0
-0
25.4358
-0
7.36117
6.42099
-0
-0
-0
14.1703
-0
-0
-0
-0
16.7879
20.4942
-0
-0
11.2318
5.48263
0.351869
-0
-0
16.8469
-0
-0
2.57664
0.211061
26.6727
-0
7.36864
-0
-0
2.10559
-0
-0
-0
-0
-0
4.47685
-0
16.6572
14.7843
-0
-0
-0
16.5825
-0
-0
-0
18.1974
-0
2.79674
-0
3.06257
-0
-0
-0
-0
14.4001
16.2084
-0
21.3312
-0
-0
0.00601053
-0
-0
-0
-0
5.15868
-0
-0
6.64853
-0
-0
-0
-0
-0
0.956477
20.5673
-0
11.6327
35.1219
-0
-0
1.74762
16.2346
-0
1.64454
-0
20.6679
-0
-0
-0
-0
-0
-0
4.67397
-0
-0
-0
-0
-0
-0
-0
-0
-0
-0
30.4295
6.42137
-0
11.1989
-0
-0
-0
-0
-0
-0
-0
-0
-0
-0
21.9846
-0
20.0536
10.1403
-0
-0
15.6482
-0
3.97305
-0
-0
-0
-0
-0
-0
14.0725
-0
7.14995
-0
-0
-0
-0
20.1654
-0
11.54
10.157
-0
2.62582
-0
-0
-0
-0
-0
-0
-0
-0
-0
-0
17.8037
-0
-0
7.52393
-0
-0
-0
-0
-0
2.61375
-0
18.7658
8.58789
-0
-0
20.2722
-0
-0
-0
-0
13.3687
23.2336
11.1876
-0
-0
-0
-0
-0
17.751
7.46944
-0
19.3337
-0
-0
-0
-0
-0
-0
-0
-0
8.86941
6.04707
-0
6.78455
-0
1.89418
11.9946
-0
-0
-0
11.4909
1.53334
-0
0.669119
-0
-0
26.5329
-0
1.41486
-0
1.55532
-0
-0
5.32655
-0
17.2873
-0
28.4782
23.9068
-0
-0
-0
-0
-0
-0
-0
-0
-0
-0
6.05001
-0
10.1258
11.3523
19.4003
-0
-0
-0
-0
-0
0.160174
-0
-0
12.5524
0.756841
3.08262
-0
-0
-0
-0
-0
-0
1.73292
10.8385
27.3972
-0
-0
12.1098
-0
-0
-0
1.72714
-0
-0
-0
-0
-0
-0
-0
-0
-0
-0
-0
3.58817
-0
-0
9.0565
-0
-0
-0
-0
-0
-0
8.55084
-0
-0
-0
-0
-0
-0
25.6702
-0
-0
-0
5.42634
-0
-0
11.4144
16.3964
-0
-0
4.16391
-0
-0
-0
24.8048
30.6174
-0
12.0806
-0
6.08947
-0
-0
-0
-0
7.14135
-0
-0
15.8762
23.9915
13.4595
-0
2.71437
-0
19.6461
7.82927
4.95579
2.0266
-0
-0
-0
-0
-0
4.38752
-0
-0
-0
12.1523
4.91909
-0
18.0826
-0
-0
-0
-0
16.9431
-0
-0
1.39543
19.9704
-0
-0
-0
-0
-0
0.291124
2.4667
-0
-0
-0
17.8823
14.5201
-0
-0
19.4608
-0
-0
-0
-0
-0
-0
-0
-0
22.2042
5.54766
20.1148
-0
-0
19.2082
-0
-0
-0
1.15925
9.68158
-0
-0
-0
19.0146
-0
-0
23.8632
-0
-0
-0
18.3416
-0
-0
-0
-0
11.9832
-0
-0
4.60057
8.20834
-0
-0
-0
-0
0.617801
27.9026
18.2605
20.8179
-0
-0
-0
-0
-0
-0
-0
1.63334
-0
-0
-0
-0
-0
-0
3.88417
0.950759
-0
-0
-0
9.04657
17.222
0.0435867
2.76732
-0
-0
-0
-0
15.4901
-0
4.66881
-0
2.90903
-0
-0
-0
12.2816
-0
-0
17.074
0.525806
13.7774
11.3519
-0
-0
-0
-0
-0
-0
8.09434
-0
3.45342
-0
30.801
-0
-0
2.21238
-0
-0
-0
-0
3.79525
-0
-0
-0
-0
6.2732
6.59314
-0
-0
-0
21.8536
-0
6.56349
-0
-0
-0
-0
10.8912
15.6269
-0
6.76761
4.50932
-0
-0
-0
17.8681
6.78749
-0
6.20029
-0
-0
-0
9.70292
-0
1.52011
-0
-0
-0
-0
-0
-0
2.09997
1.69632
-0
-0
-0
-0
-0
18.29
6.45381
-0
-0
-0
2.37384
-0
-0
-0
-0
13.0962
14.1541
-0
-0
-0
24.3148
-0
-0
-0
-0
-0
16.6593
-0
-0
2.2743
5.36323
21.7395
-0
3.19307
-0
1.26807
4.06456
-0
-0
-0
11.9306
-0
-0
-0
-0
-0
-0
14.0402
-0
7.18746
-0
27.9926
-0
5.97668
13.1576
-0
11.8508
-0
-0
-0
-0
6.0892
13.6355
-0
-0
-0
-0
-0
-0
10.022
22.5691
-0
-0
-0
-0
-0
3.1472
-0
-0
-0
-0
-0
2.64666
12.7551
14.8532
21.8558
-0
0.353074
8.41986
1.5382
-0
-0
3.03223
-0
10.1306
14.7869
-0
-0
-0
-0
-0
-0
-0
-0
-0
-0
-0
-0
8.77664
-0
-0
-0
-0
-0
-0
-0
-0
-0
-0
-0
0.681468
13.4334
0.930819
-0
-0
-0
-0
-0
-0
-0
-0
-0
-0
-0
-0
-0
-0
3.07649
-0
9.83777
-0
-0
-0
2.42071
-0
-0
-0
-0
-0
0.220333
-0
-0
-0
3.14071
-0
39.5851
7.82022
-0
5.9899
22.135
-0
0.317269
-0
-0
-0
-0
-0
-0
-0
-0
11.1546
-0
-0
-0
-0
8.47311
5.77476
12.4241
-0
6.7
-0
13.5394
4.84813
11.9807
-0
-0
15.3412
-0
-0
3.06146
-0
-0
14.6505
-0
-0
15.7859
-0
-0
-0
-0
-0
-0
-0
-0
-0
-0
-0
-0
9.89061
-0
-0
11.1176
-0
-0
-0
-0
-0
25.6472
10.4378
5.11551
9.64592
-0
9.87638
-0
28.2094
4.39999
-0
-0
-0
-0
15.291
-0
0.911273
-0
-0
-0
10.6923
-0
-0
-0
-0
13.2305
-0
1.5421
-0
-0
-0
-0
12.066
-0
-0
-0
-0
-0
20.4896
-0
1.31624
-0
-0
11.984
-0
-0
2.29341
2.98113
-0
-0
-0
-0
-0
-0
-0
-0
-0
-0
13.6981
-0
-0
-0
-0
37.1127
-0
3.3884
-0
-0
-0
-0
-0
-0
15.2181
-0
-0
3.18821
-0
-0
29.3898
5.27914
-0
-0
-0
-0
-0
15.4796
-0
0.994147
5.23859
9.58949
-0
2.87837
-0
0.0018353
4.90682
23.7206
12.0238
16.2794
-0
-0
8.45396
-0
-0
-0
-0
-0
-0
-0
-0
-0
18.1402
22.6323
-0
24.8757
-0
-0
-0
10.6332
-0
11.022
-0
-0
-0
-0
-0
-0
14.0383
0.918034
-0
17.4765
-0
-0
17.9215
-0
-0
-0
-0
-0
-0
-0
-0
-0
24.4973
-0
-0
5.61132
26.4473
-0
6.17743
17.1846
13.2329
-0
16.164
-0
8.42404
-0
-0
10.2368
-0
-0
20.534
-0
-0
21.277
-0
-0
4.60991
-0
2.20966
-0
7.96965
-0
-0
-0
-0
-0
8.53807
11.2806
-0
-0
-0
-0
-0
-0
-0
-0
-0
0.161704
-0
-0
16.0564
-0
10.9683
-0
-0
-0
10.8916
-0
-0
-0
-0
5.27704
0.580368
-0
-0
0.552413
9.52761
-0
-0
25.473
18.6029
1.3319
22.8133
-0
-0
-0
-0
-0
-0
-0
14.0497
22.4493
-0
4.6111
14.4189
1.10819
-0
-0
10.4323
-0
0.588124
-0
16.1887
21.1313
-0
-0
6.96153
-0
12.3689
-0
3.75423
-0
-0
6.23511
17.061
-0
11.0679
-0
6.1984
20.0865
6.34879
-0
-0
0.112393
6.25219
0.752003
23.1498
-0
12.2832
-0
23.3668
-0
-0
-0
-0
-0
26.4957
-0
-0
-0
-0
15.4137
-0
6.51901
-0
-0
-0
12.5993
7.66987
-0
8.47808
-0
0.0271585
2.26876
-0
-0
-0
29.0361
8.73186
6.98638
-0
-0
-0
-0
-0
-0
-0
8.96306
-0
-0
-0
-0
7.59879
-0
-0
-0
50.115
-0
-0
5.35819
-0
-0
-0
13.7689
-0
9.3021
-0
-0
-0
19.5881
18.447
-0
-0
-0
-0
5.84497
-0
-0
8.56593
38.6522
-0
-0
-0
-0
7.29937
-0
-0
-0
-0
-0
-0
-0
-0
-0
-0
-0
-0
-0
3.7468
-0
-0
0.94629
-0
-0
-0
-0
-0
16.3397
-0
-0
-0
-0
0.986342
-0
0.0108993
3.47958
-0
-0
8.02276
1.33221
-0
-0
-0
-0
-0
-0
-0
5.35156
-0
-0
-0
-0
8.87737
-0
-0
-0
-0
-0
-0
19.6395
-0
-0
-0
-0
-0
-0
-0
17.3538
-0
-0
-0
-0
-0
-0
4.70564
-0
-0
-0
24.0295
-0
-0
-0
13.4902
-0
-0
-0
-0
3.18523
8.06049
-0
-0
10.3688
-0
-0
2.55253
-0
-0
-0
18.4557
-0
-0
-0
2.74881
-0
8.09636
-0
-0
-0
-0
12.3849
-0
-0
-0
-0
13.6054
10.0879
-0
-0
-0
-0
-0
0.0495417
-0
-0
-0
-0
-0
15.7301
-0
-0
9.59886
-0
-0
-0
1.44382
11.671
2.45242
-0
-0
-0
-0
-0
2.65392
1.13147
3.11981
-0
-0
11.571
-0
-0
-0
0.421252
-0
-0
-0
-0
-0
-0
-0
-0
-0
-0
-0
-0
-0
22.064
-0
20.82
8.65041
-0
-0
-0
-0
0.255058
-0
32.3645
6.85963
-0
7.58173
-0
-0
-0
19.552
9.19019
-0
-0
-0
-0
5.94711
-0
-0
-0
-0
21.4898
-0
-0
-0
-0
1.4821
-0
17.3121
5.86607
-0
34.6641
-0
4.13188
-0
-0
-0
-0
-0
-0
-0
-0
11.0744
19.9755
32.8188
6.76339
-0
22.5423
4.99318
-0
-0
-0
-0
12.855
20.521
-0
-0
4.35369
-0
-0
-0
1.02344
16.6049
16.4653
-0
10.5818
-0
-0
-0
17.6029
-0
6.33804
-0
-0
-0
-0
0.49238
7.37495
6.03669
14.2228
-0
-0
-0
6.53251
-0
3.16239
-0
-0
29.8802
-0
27.0073
8.19777
-0
-0
-0
-0
-0
-0
7.76304
-0
11.6865
10.6826
-0
-0
-0
-0
-0
-0
15.2422
5.38902
-0
10.242
-0
10.8993
0.987516
-0
2.33362
-0
-0
9.03175
6.37141
-0
-0
-0
-0
-0
-0
5.63748
13.8592
4.41178
22.917
10.9393
-0
0.289784
28.3892
-0
-0
-0
-0
-0
-0
-0
4.15278
-0
-0
-0
-0
-0
-0
1.97176
-0
-0
-0
-0
-0
-0
8.26361
-0
-0
-0
17.5744
-0
-0
-0
26.8214
-0
-0
-0
-0
-0
10.963
-0
16.3143
-0
-0
9.8007
-0
17.3001
11.2091
7.46934
-0
-0
-0
-0
-0
-0
2.3775
-0
-0
5.8273
-0
-0
-0
-0
-0
-0
-0
8.35328
-0
-0
-0
4.99531
-0
4.44744
-0
-0
-0
-0
7.63994
5.07779
-0
-0
-0
25.0924
-0
-0
-0
-0
-0
-0
-0
-0
-0
-0
5.2192
16.3616
-0
1.73134
-0
9.23437
-0
-0
-0
-0
-0
-0
-0
-0
17.1383
29.1331
-0
-0
-0
-0
-0
-0
-0
3.88061
-0
-0
-0
-0
14.3181
-0
8.11705
-0
-0
-0
-0
-0
16.6138
-0
-0
0.524878
-0
-0
-0
-0
-0
8.47856
-0
-0
1.38584
-0
-0
-0
-0
-0
-0
0.226878
-0
-0
6.48146
-0
17.6605
16.4563
9.68532
4.59695
-0
-0
32.1918
-0
17.8642
5.2797
-0
-0
2.4773
-0
22.587
-0
-0
-0
-0
2.57177
-0
-0
-0
16.6392
2.75925
-0
-0
-0
20.486
-0
-0
-0
-0
-0
25.0737
7.16355
-0
-0
10.8
-0
-0
2.48849
-0
-0
-0
-0
12.3305
17.218
-0
13.7164
-0
-0
24.1739
5.95584
-0
-0
4.61243
-0
-0
22.6178
1.30459
2.09001
-0
-0
-0
-0
4.94892
-0
-0
-0
2.61359
-0
17.2916
-0
0.331836
-0
-0
-0
10.9892
-0
22.5958
13.5236
-0
2.98434
-0
0.58109
-0
15.5028
-0
-0
-0
6.67247
25.1137
-0
2.21039
-0
15.7853
-0
-0
18.7499
-0
13.0476
4.16733
-0
-0
5.47505
-0
34.6871
2.68733
-0
-0
9.9171
7.64725
-0
27.052
-0
-0
-0
-0
5.79189
-0
11.8196
-0
-0
12.528
-0
-0
-0
-0
-0
-0
1.50619
-0
18.4423
-0
-0
-0
-0
-0
3.06242
-0
-0
5.91651
32.7972
11.3156
-0
-0
-0
-0
7.9486
15.8657
-0
11.8228
8.37994
2.05611
1.23643
-0
9.20781
4.31376
-0
8.36155
-0
0.678465
-0
5.31817
1.58211
10.9977
14.6789
2.32578
-0
4.06176
-0
-0
5.452
12.141
-0
-0
-0
-0
9.90361
-0
-0
-0
-0
7.45084
-0
-0
-0
-0
8.12837
-0
-0
9.91959
19.6457
-0
1.47016
-0
18.1635
3.31947
-0
-0
-0
-0
-0
-0
-0
-0
-0
-0
-0
23.0817
-0
-0
-0
0.215718
-0
0.223611
11.4624
-0
31.8916
-0
-0
-0
-0
17.7898
-0
21.7707
-0
-0
-0
-0
-0
-0
-0
7.71515
-0
-0
1.40029
-0
-0
-0
-0
1.86763
-0
2.51595
7.17406
-0
1.76414
0.98885
-0
2.21059
-0
6.1604
-0
0.860381
4.41436
5.57424
19.2284
-0
9.09864
4.80325
8.2836
-0
-0
9.27295
-0
10.8607
-0
-0
-0
10.7072
-0
8.37797
-0
-0
-0
5.12844
-0
-0
7.80851
15.9244
-0
-0
8.47935
-0
-0
-0
-0
16.7542
-0
-0
-0
12.4239
-0
-0
11.2882
-0
0.934914
13.5718
-0
-0
3.14436
-0
-0
8.17844
19.9785
-0
15.3226
4.80091
-0
-0
-0
-0
-0
-0
-0
-0
0.0287759
11.148
20.0682
2.11878
14.309
-0
24.103
10.6664
-0
15.7034
-0
18.3839
-0
-0
-0
-0
0.293143
-0
-0
-0
-0
-0
-0
15.5287
-0
-0
-0
14.6695
-0
-0
-0
12.3641
9.38116
-0
-0
-0
-0
-0
-0
-0
-0
23.7863
-0
6.37395
-0
-0
9.20157
3.93567
-0
-0
-0
1.82129
-0
-0
-0
3.36323
-0
-0
2.92846
4.8395
-0
-0
-0
-0
-0
-0
14.0091
14.8339
-0
26.464
18.2157
-0
-0
-0
22.5967
-0
-0
-0
-0
-0
-0
-0
-0
-0
-0
-0
14.4853
-0
-0
-0
-0
-0
-0
2.88503
-0
5.75589
-0
-0
12.0937
-0
6.96862
0.196568
-0
-0
24.9437
-0
-0
-0
0.905539
7.97367
-0
-0
-0
-0
-0
-0
-0
-0
23.3434
-0
6.64369
20.5511
-0
-0
20.2236
10.1093
38.9739
1.08093
-0
5.17517
-0
-0
-0
-0
16.2593
-0
2.09004
-0
-0
4.14741
-0
-0
-0
-0
25.4307
0.744668
-0
-0
-0
-0
-0
5.65311
-0
-0
-0
-0
-0
-0
-0
-0
-0
-0
5.78919
11.187
10.9046
-0
-0
-0
-0
-0
-0
-0
-0
-0
-0
-0
8.52646
-0
3.73128
26.4165
-0
0.355656
-0
3.49426
17.4863
-0
2.21687
-0
0.736816
-0
3.99801
-0
1.96279
-0
7.92314
5.37739
-0
-0
1.16697
-0
5.05372
5.79855
24.7787
-0
-0
9.88489
-0
16.272
26.9984
-0
-0
-0
-0
20.5111
5.669
-0
0.82055
-0
11.6648
-0
-0
-0
2.49262
12.435
-0
-0
1.42865
-0
-0
4.30958
-0
6.48297
22.9247
-0
-0
-0
-0
-0
33.708
-0
-0
-0
0.396257
18.2923
11.1588
-0
16.5721
11.8393
-0
19.1074
12.2005
-0
-0
-0
-0
-0
-0
4.20045
9.75765
7.38419
-0
-0
-0
-0
-0
-0
-0
-0
-0
-0
21.9748
0.0258326
7.17286
-0
-0
22.4935
-0
24.7441
-0
9.35795
-0
-0
-0
-0
-0
-0
14.741
13.1325
-0
-0
-0
-0
-0
-0
1.6204
-0
-0
6.67368
-0
-0
-0
-0
-0
-0
-0
-0
28.2738
-0
1.39477
-0
-0
9.97482
-0
-0
-0
-0
-0
6.45786
5.07239
-0
3.51102
-0
-0
-0
-0
-0
-0
-0
4.87207
-0
-0
3.72023
-0
0.0233692
-0
1.76126
0.718191
-0
15.8082
8.76939
-0
-0
1.85509
6.74455
5.69204
-0
8.33379
-0
-0
-0
-0
-0
2.1906
-0
8.51934
18.503
10.9493
1.77836
-0
-0
34.1339
5.3601
-0
-0
16.1682
-0
-0
9.04279
16.5375
-0
-0
-0
-0
9.29241
-0
-0
-0
7.317
-0
-0
-0
-0
-0
8.99484
-0
-0
-0
-0
-0
-0
-0
-0
12.1845
4.53143
-0
12.3768
15.0363
-0
-0
11.2803
-0
-0
-0
-0
-0
-0
-0
-0
11.8876
-0
-0
-0
25.6788
-0
-0
-0
-0
9.02375
-0
-0
-0
-0
-0
2.66155
-0
-0
-0
-0
0.47827
2.96808
-0
-0
-0
-0
-0
-0
-0
-0
-0
-0
7.9765
-0
-0
2.80335
-0
-0
-0
-0
-0
1.97296
5.69162
-0
-0
-0
-0
-0
-0
-0
-0
7.67643
6.76705
-0
-0
14.4853
9.68017
-0
-0
-0
3.97693
27.242
-0
-0
-0
23.0161
-0
-0
18.9844
-0
-0
1.23675
-0
18.4421
-0
10.1886
-0
-0
-0
-0
-0
-0
-0
2.75064
16.3402
-0
3.79938
-0
-0
22.6934
-0
-0
1.16705
-0
18.1641
-0
-0
-0
-0
-0
-0
-0
10.3998
-0
10.9312
8.09178
7.5427
1.08121
-0
-0
-0
-0
-0
-0
-0
-0
-0
-0
7.6489
-0
-0
8.21457
-0
-0
-0
-0
-0
-0
-0
-0
-0
-0
-0
10.4386
13.146
0.430652
-0
14.6867
13.6422
-0
-0
-0
5.93674
-0
-0
-0
-0
-0
-0
0.727645
4.94141
-0
35.9234
-0
12.0574
-0
17.4434
-0
-0
6.87845
-0
16.3737
9.26229
-0
-0
-0
6.43181
7.83977
-0
8.86206
-0
7.25417
-0
15.635
-0
-0
-0
36.6625
-0
6.78962
-0
4.68498
2.78928
-0
-0
-0
-0
17.0509
-0
-0
-0
-0
27.1439
-0
-0
-0
14.6192
-0
-0
-0
-0
20.7418
10.0625
16.3122
-0
-0
-0
-0
-0
-0
-0
5.83903
-0
-0
5.86063
10.2329
-0
14.004
-0
-0
6.43937
-0
-0
-0
-0
-0
-0
-0
-0
-0
-0
-0
-0
27.6151
-0
-0
-0
-0
0.646377
-0
19.3813
3.32168
-0
-0
0.723653
7.12659
0.0372021
-0
-0
-0
11.6555
-0
16.3584
-0
-0
-0
0.410397
-0
-0
-0
-0
-0
-0
3.95174
7.38244
-0
-0
28.1517
5.04489
15.7386
-0
-0
24.3793
-0
14.1625
-0
8.55523
11.7837
-0
-0
0.967447
6.13473
-0
-0
6.73307
1.23095
-0
-0
-0
-0
-0
5.55291
-0
-0
-0
-0
6.82046
1.75399
2.71426
10.0568
-0
4.3467
-0
-0
1.11897
2.35649
-0
-0
-0
17.4451
-0
-0
-0
-0
3.91367
-0
-0
20.4332
-0
-0
-0
-0
11.4906
7.52424
-0
-0
14.8042
-0
2.79491
-0
10.1628
5.37761
-0
-0
-0
-0
-0
-0
10.6419
-0
-0
23.3945
-0
9.0358
-0
-0
-0
20.747
-0
-0
-0
-0
-0
-0
-0
4.74571
6.61156
-0
-0
-0
-0
-0
-0
14.3937
-0
-0
-0
-0
-0
-0
-0
1.97216
-0
-0
-0
22.2386
-0
30.692
-0
-0
33.3877
2.32217
3.0359
-0
0.967083
-0
-0
10.2404
8.46739
-0
-0
-0
5.43751
0.625437
-0
-0
14.4009
-0
6.60953
-0
-0
13.9056
-0
22.6147
-0
10.5236
-0
-0
-0
-0
-0
-0
-0
20.5553
1.65507
-0
-0
-0
-0
-0
-0
-0
-0
27.1419
20.2674
-0
-0
-0
-0
11.9296
15.7889
-0
-0
-0
-0
-0
-0
-0
-0
-0
-0
-0
-0
-0
-0
20.6875
6.08527
-0
19.7519
-0
15.6288
-0
-0
-0
-0
6.74731
-0
-0
-0
-0
-0
-0
5.67377
-0
-0
-0
36.316
-0
-0
-0
-0
-0
6.39989
-0
-0
-0
-0
8.02525
8.60034
18.3529
-0
-0
16.4716
13.2053
17.0569
1.15663
-0
7.59526
23.5071
14.3434
1.92321
-0
-0
-0
-0
12.772
-0
-0
-0
-0
-0
-0
-0
2.44488
-0
-0
18.0114
13.7097
6.54832
-0
11.7844
7.66063
7.8473
-0
-0
12.7262
-0
-0
-0
12.3783
-0
10.3575
-0
-0
-0
-0
-0
34.4091
13.2699
-0
-0
-0
-0
-0
6.39634
-0
12.6868
2.69905
6.43792
18.32
1.28344
-0
-0
14.1125
10.42
-0
-0
-0
-0
-0
-0
-0
10.4471
-0
-0
-0
-0
19.368
-0
-0
-0
16.733
-0
-0
0.870941
28.0887
-0
-0
-0
-0
-0
-0
-0
0.42739
-0
10.2804
-0
7.10681
10.7206
-0
-0
13.2282
-0
0.911939
17.5882
-0
15.8133
-0
11.8246
-0
-0
-0
7.15222
-0
-0
-0
46.5453
-0
15.7593
-0
-0
-0
-0
-0
-0
-0
-0
-0
-0
-0
-0
-0
-0
-0
-0
-0
10.0092
-0
18.0018
5.38559
-0
23.8339
26.1771
7.19912
-0
7.28836
9.35767
-0
-0
-0
-0
0.193856
-0
10.5855
-0
9.1588
-0
6.06054
-0
2.52311
-0
-0
-0
-0
-0
-0
21.3416
-0
-0
-0
-0
-0
2.09567
20.8545
-0
-0
-0
6.27762
-0
-0
-0
-0
2.35907
-0
-0
4.05343
-0
-0
13.0472
-0
23.7644
-0
10.2513
-0
31.1539
-0
-0
18.1286
-0
-0
7.5169
-0
-0
-0
-0
-0
-0
10.1057
-0
29.7203
-0
-0
-0
6.5451
-0
12.8511
-0
-0
19.1414
-0
-0
4.06388
-0
11.4964
-0
9.92529
16.4652
-0
19.5097
-0
0.227597
12.4921
6.31948
-0
-0
-0
-0
5.90408
-0
-0
11.2697
-0
13.3075
-0
-0
-0
-0
-0
-0
-0
-0
-0
1.88488
0.460093
0.710213
9.35241
-0
-0
-0
-0
15.8522
-0
-0
-0
-0
15.5231
-0
17.4932
16.3438
23.6935
18.3066
8.15339
-0
2.82511
-0
-0
-0
-0
-0
-0
-0
13.7072
-0
-0
18.2727
-0
-0
-0
-0
13.8587
-0
-0
12.0274
22.9528
-0
5.90581
-0
-0
-0
6.28094
-0
-0
-0
-0
0.415594
-0
-0
1.59604
-0
-0
9.50967
-0
11.6572
-0
-0
-0
-0
-0
-0
-0
-0
11.9817
-0
15.8624
-0
-0
26.641
3.28348
5.9355
-0
-0
-0
-0
7.38866
7.37749
-0
-0
-0
3.05994
-0
3.24633
-0
-0
-0
-0
1.72706
5.49635
-0
-0
-0
-0
-0
19.675
-0
-0
2.90564
-0
2.22995
2.53989
13.8538
0.344556
-0
5.08137
-0
-0
-0
-0
-0
-0
23.6218
28.967
-0
-0
-0
-0
-0
15.2874
-0
-0
-0
18.4278
-0
-0
-0
-0
-0
-0
-0
-0
-0
-0
-0
-0
-0
18.5611
1.08641
-0
-0
-0
13.6145
9.02934
-0
12.3347
-0
-0
-0
21.3334
-0
8.63223
2.32531
-0
-0
-0
-0
-0
-0
-0
-0
16.3652
-0
15.7253
-0
-0
-0
-0
2.83879
19.1862
1.52735
-0
-0
-0
7.52947
-0
-0
-0
0.538966
-0
-0
4.8273
-0
-0
-0
-0
16.3039
-0
-0
-0
5.62855
21.7123
-0
7.31955
-0
-0
-0
-0
-0
14.6352
-0
15.3702
19.4068
-0
3.96367
-0
-0
-0
-0
-0
-0
-0
16.4697
17.2652
-0
-0
-0
3.317
13.3612
-0
-0
-0
-0
-0
20.5314
-0
-0
26.0611
-0
-0
0.963492
-0
26.5886
18.6675
0.901168
-0
0.249448
-0
0.285267
-0
15.5927
-0
-0
-0
5.1738
1.84667
12.8496
-0
-0
-0
-0
-0
-0
-0
-0
8.44881
-0
3.92246
-0
-0
6.11199
-0
24.5158
-0
-0
0.173569
-0
-0
-0
5.09832
-0
-0
-0
-0
-0
-0
-0
-0
4.44384
11.1754
9.26269
-0
-0
5.31061
2.48482
-0
-0
15.0931
-0
20.8685
-0
-0
-0
3.88395
11.2396
-0
-0
-0
3.30068
-0
-0
-0
12.1943
-0
17.0446
-0
-0
-0
-0
-0
-0
-0
-0
-0
-0
-0
-0
-0
19.292
-0
7.06091
38.9569
-0
1.67465
-0
20.0389
-0
-0
-0
-0
20.08
12.5366
-0
6.91572
-0
25.6572
-0
-0
-0
12.3836
-0
-0
-0
-0
13.4825
-0
-0
9.93455
8.23161
3.82342
38.3154
22.3001
6.20559
-0
16.9037
-0
-0
-0
2.1347
-0
-0
23.4058
-0
15.436
-0
-0
0.0662679
-0
-0
-0
-0
-0
-0
-0
-0
-0
20.8573
-0
-0
-0
-0
-0
29.5107
-0
16.081
-0
18.6456
-0
-0
6.2354
24.3208
16.39
-0
-0
-0
-0
-0
-0
32.4265
-0
-0
1.21334
-0
-0
-0
-0
-0
-0
-0
-0
0.0621722
-0
-0
-0
20.0061
12.8017
4.49768
-0
-0
6.41969
-0
-0
-0
8.25635
-0
-0
-0
7.73697
-0
7.18429
-0
-0
-0
-0
-0
-0
6.15027
-0
-0
1.15789
-0
-0
-0
-0
-0
-0
19.9495
2.25149
26.7212
-0
-0
-0
-0
10.4433
-0
9.79907
13.1815
-0
9.60021
18.5016
5.98131
11.5603
-0
12.5284
-0
-0
-0
-0
-0
-0
8.95613
-0
-0
-0
-0
13.8316
-0
-0
-0
-0
3.68283
-0
-0
-0
14.3733
3.6415
5.65648
13.6951
-0
-0
-0
-0
-0
-0
2.20859
7.35872
6.99345
0.11314
-0
-0
-0
-0
-0
8.7837
22.5763
13.0693
-0
8.69536
-0
-0
37.2354
-0
1.08848
-0
-0
0.809994
2.61244
-0
14.1868
4.84665
-0
-0
15.5261
-0
-0
-0
12.5006
-0
-0
-0
-0
-0
15.3198
6.71219
-0
-0
0.756552
1.31283
-0
-0
-0
8.71826
-0
-0
-0
-0
-0
-0
4.41119
23.4205
-0
-0
-0
-0
-0
17.7816
14.352
0.0177149
-0
-0
-0
25.0454
-0
-0
-0
-0
9.82979
-0
5.73352
-0
-0
12.3899
-0
3.7485
-0
4.57509
-0
-0
6.34546
21.6788
-0
-0
-0
9.07143
-0
-0
-0
5.88395
0.0338468
-0
-0
19.8729
4.24957
-0
-0
-0
5.51465
-0
-0
-0
-0
9.47823
-0
-0
-0
-0
-0
-0
9.03177
-0
-0
-0
-0
-0
-0
5.20555
-0
-0
17.6547
-0
-0
-0
1.274
10.1751
-0
9.96781
-0
-0
-0
-0
-0
-0
7.22663
-0
-0
-0
-0
-0
20.0946
-0
-0
-0
-0
-0
-0
-0
-0
-0
16.9444
-0
-0
-0
-0
-0
0.714731
-0
2.71848
-0
-0
-0
11.1033
1.29796
-0
-0
9.12086
-0
16.3545
2.23881
-0
-0
-0
11.5831
2.65627
21.4879
-0
-0
6.21091
-0
-0
-0
10.3962
7.05622
32.8001
-0
-0
-0
-0
12.2413
5.70452
12.9525
-0
2.52308
19.1233
-0
4.60131
-0
-0
-0
-0
-0
-0
-0
-0
1.72597
-0
-0
-0
-0
-0
0.0285223
-0
7.52844
8.76527
15.4782
-0
-0
6.13834
16.2438
17.0458
-0
-0
-0
-0
-0
-0
-0
6.46743
-0
12.8245
-0
2.18915
-0
-0
-0
-0
-0
36.0035
-0
-0
-0
-0
13.8951
-0
-0
18.6904
22.7569
22.4328
-0
17.7277
29.2565
-0
-0
-0
10.4306
-0
-0
0.512439
-0
10.8001
29.2257
-0
-0
