2.57098
-0
-0
-0
-0
6.44175
-0
-0
38.7653
-0
14.4527
-0
-0
-0
-0
27.388
21.6488
-0
3.41776
-0
-0
1.28768
-0
-0
3.11205
9.13398
20.6925
-0
-0
-0
-0
-0
-0
-0
4.62383
-0
-0
-0
-0
-0
-0
-0
-0
42.711
-0
10.8793
-0
-0
-0
-0
-0
-0
-0
-0
-0
-0
12.0018
2.3743
19.6349
-0
-0
-0
-0
-0
8.35144
-0
22.9784
10.1605
-0
0.160146
-0
-0
-0
-0
-0
5.51468
-0
-0
-0
-0
-0
34.9698
-0
7.96179
3.36863
-0
-0
-0
-0
-0
3.58793
-0
-0
-0
-0
-0
7.8103
-0
8.12012
-0
-0
-0
-0
-0
17.7144
-0
30.3015
-0
-0
10.0372
21.6236
-0
-0
-0
-0
-0
-0
-0
56.927
6.35325
4.63665
-0
8.6856
-0
-0
-0
-0
-0
-0
-0
28.1507
7.0573
-0
-0
-0
18.6194
-0
-0
-0
5.11837
-0
-0
-0
-0
5.70721
-0
-0
-0
-0
-0
-0
-0
-0
8.78106
14.7143
-0
62.214
-0
-0
0.882605
11.832
-0
-0
51.9634
-0
-0
7.39807
7.67101
-0
-0
-0
4.90624
-0
-0
3.57584
-0
-0
-0
11.9656
-0
-0
-0
-0
-0
-0
20.4005
-0
-0
31.827
16.1583
-0
26.2022
18.162
31.3163
-0
-0
-0
-0
-0
-0
-0
-0
13.1498
-0
-0
3.52561
-0
0.747597
32.9801
-0
-0
-0
20.3507
-0
-0
-0
-0
14.5553
-0
-0
-0
-0
-0
-0
-0
-0
-0
-0
-0
-0
-0
-0
-0
-0
-0
-0
-0
-0
-0
-0
-0
4.49873
-0
-0
-0
-0
-0
-0
-0
-0
-0
-0
-0
-0
-0
-0
-0
4.1915
-0
-0
-0
-0
-0
-0
-0
-0
-0
1.85774
-0
-0
5.08929
-0
10.9092
29.4661
-0
-0
-0
-0
-0
-0
1.49627
1.48164
-0
4.29303
-0
-0
-0
-0
-0
-0
1.39292
-0
30.7364
-0
-0
-0
-0
-0
-0
16.007
-0
-0
5.63989
-0
10.1038
29.5758
-0
-0
-0
-0
4.48013
41.6754
-0
-0
15.9398
1.19219
-0
-0
-0
-0
-0
-0
-0
9.39325
-0
-0
-0
-0
-0
10.6287
-0
-0
-0
-0
-0
-0
-0
-0
-0
3.08314
-0
-0
-0
13.2085
-0
29.0067
11.9292
7.49185
-0
-0
-0
-0
-0
-0
29.7656
-0
-0
-0
-0
-0
15.4176
-0
-0
0.566906
15.2064
1.7414
-0
-0
0.351388
-0
-0
-0
0.154915
53.9611
-0
-0
14.289
-0
-0
-0
-0
-0
-0
-0
-0
-0
-0
-0
-0
-0
-0
14.8863
-0
-0
-0
19.9545
-0
-0
-0
16.8887
3.49526
-0
-0
-0
-0
-0
-0
-0
-0
-0
-0
-0
-0
-0
4.33539
20.0349
-0
-0
-0
-0
-0
-0
-0
-0
-0
39.6473
17.7453
14.4017
15.9783
-0
-0
4.26254
-0
-0
-0
-0
28.7083
-0
-0
-0
-0
-0
-0
-0
-0
-0
-0
18.5704
-0
-0
21.1278
27.3572
-0
-0
59.0484
24.7628
-0
-0
-0
-0
-0
-0
13.8234
-0
29.0012
-0
1.71721
-0
23.5792
-0
-0
3.2312
-0
-0
7.14706
-0
-0
-0
-0
-0
-0
-0
-0
-0
-0
-0
-0
-0
-0
-0
-0
-0
15.5421
10.1008
-0
14.395
-0
-0
-0
-0
1.00307
-0
2.44428
-0
-0
-0
-0
-0
-0
-0
-0
-0
-0
-0
-0
-0
-0
-0
26.5291
-0
18.8417
-0
-0
-0
-0
-0
-0
18.0862
3.51824
-0
-0
-0
-0
-0
8.88102
-0
-0
27.3118
-0
-0
-0
-0
-0
-0
-0
-0
-0
7.27081
9.83031
33.2338
-0
-0
-0
-0
36.7517
30.0251
14.5058
-0
1.79957
-0
-0
-0
17.6594
-0
-0
-0
-0
-0
-0
-0
-0
1.7146
-0
3.93321
0.980882
4.92349
-0
-0
7.49994
5.79547
-0
-0
-0
1.37695
-0
-0
-0
14.2844
-0
54.8956
-0
-0
-0
-0
-0
-0
5.59537
32.8671
0.22452
-0
-0
-0
-0
-0
-0
-0
-0
-0
-0
50.8795
-0
-0
4.52206
-0
-0
-0
40.9043
-0
-0
-0
-0
-0
-0
41.9093
-0
-0
-0
-0
43.9496
-0
-0
-0
-0
-0
-0
-0
-0
-0
-0
-0
-0
-0
-0
-0
-0
-0
-0
-0
-0
-0
-0
-0
2.50997
-0
-0
-0
20.3283
-0
-0
-0
1.76809
-0
-0
5.33202
-0
5.86944
-0
-0
-0
-0
-0
-0
-0
-0
-0
-0
-0
-0
-0
5.13654
-0
11.755
0.368852
-0
-0
-0
-0
-0
-0
7.16253
-0
-0
-0
-0
-0
36.4732
-0
-0
-0
-0
-0
-0
-0
-0
23.1952
-0
-0
-0
-0
-0
-0
16.0625
-0
-0
-0
1.43229
27.0501
-0
-0
-0
-0
21.3204
-0
-0
-0
-0
-0
-0
-0
12.8038
6.51373
-0
-0
12.2409
-0
-0
-0
0.834903
-0
-0
-0
-0
-0
-0
-0
43.0574
-0
-0
-0
8.29506
-0
-0
-0
-0
-0
-0
-0
-0
32.5798
-0
-0
-0
-0
-0
12.5479
5.99687
25.4476
-0
-0
-0
-0
-0
-0
-0
-0
-0
-0
-0
-0
-0
-0
-0
-0
-0
-0
-0
30.7625
43.1021
-0
-0
-0
-0
-0
-0
3.37783
-0
-0
-0
-0
-0
-0
-0
-0
-0
-0
8.65166
-0
4.01452
16.7229
-0
-0
-0
-0
-0
-0
19.9622
-0
-0
-0
23.5047
-0
-0
3.19422
-0
-0
-0
-0
3.31307
-0
-0
22.5598
-0
27.2329
7.75203
-0
-0
-0
14.8849
-0
12.7569
-0
-0
-0
-0
-0
9.26912
-0
-0
11.7121
1.08449
-0
-0
-0
15.143
-0
-0
7.90725
-0
-0
-0
-0
-0
-0
-0
18.528
-0
2.72491
-0
-0
-0
-0
-0
-0
-0
-0
52.8095
-0
-0
-0
-0
3.67945
8.03394
-0
-0
-0
2.2046
14.5362
16.4155
-0
-0
-0
-0
-0
-0
-0
-0
27.8677
-0
-0
9.2323
-0
12.0074
-0
-0
-0
-0
18.0742
-0
-0
-0
4.90556
-0
-0
-0
-0
-0
-0
9.54218
-0
-0
-0
10.7903
-0
15.3241
19.9662
-0
-0
2.86588
-0
-0
-0
10.2059
-0
-0
-0
-0
-0
12.3328
-0
-0
29.6844
6.28781
-0
0.243147
-0
-0
27.1121
-0
-0
-0
-0
-0
-0
-0
-0
-0
-0
-0
-0
-0
-0
-0
-0
-0
-0
-0
-0
-0
-0
11.4562
-0
-0
-0
-0
-0
-0
-0
19.9058
-0
-0
-0
-0
-0
-0
-0
-0
-0
-0
-0
-0
-0
-0
-0
-0
-0
-0
23.9055
-0
-0
-0
-0
-0
17.5892
-0
-0
-0
-0
12.152
-0
-0
-0
-0
-0
-0
3.42821
13.3206
-0
-0
-0
-0
-0
-0
-0
-0
-0
6.97352
-0
-0
11.0917
18.6966
-0
-0
-0
-0
-0
-0
-0
-0
29.7583
-0
7.05876
-0
-0
-0
-0
-0
-0
22.5134
-0
-0
-0
0.0753562
10.7177
-0
15.4
-0
9.70367
-0
-0
13.3022
-0
-0
-0
-0
-0
-0
-0
18.4247
-0
-0
-0
-0
-0
-0
10.5529
16.7632
-0
-0
-0
-0
-0
-0
-0
-0
-0
-0
-0
6.84776
10.1229
12.198
18.9297
-0
-0
-0
16.6727
-0
-0
-0
-0
4.02787
21.856
-0
23.1374
-0
-0
-0
9.84804
-0
-0
-0
-0
10.8697
-0
-0
-0
-0
-0
-0
35.1611
-0
-0
-0
-0
-0
34.456
-0
-0
-0
-0
39.9288
-0
2.13305
8.60422
3.92277
-0
-0
-0
-0
-0
3.29625
-0
-0
-0
-0
18.2279
-0
-0
-0
-0
14.8107
-0
-0
-0
-0
-0
46.7964
-0
-0
4.80014
-0
-0
-0
-0
-0
-0
12.3727
-0
-0
-0
-0
-0
-0
5.90257
-0
-0
-0
-0
-0
3.04284
-0
-0
24.6597
29.1237
25.3185
-0
-0
20.6502
-0
-0
-0
-0
-0
-0
-0
-0
-0
-0
-0
-0
-0
-0
-0
21.3749
-0
-0
0.816047
-0
-0
-0
-0
-0
-0
14.9506
-0
-0
-0
-0
-0
14.4819
-0
9.17458
-0
-0
-0
-0
20.2609
-0
-0
51.0541
-0
-0
-0
8.46166
-0
-0
4.85476
-0
-0
25.9837
-0
-0
-0
-0
-0
-0
-0
16.7582
-0
-0
42.4071
-0
-0
-0
-0
-0
-0
-0
-0
-0
-0
21.661
-0
1.81955
-0
-0
-0
-0
-0
-0
0.724415
-0
-0
-0
6.59695
-0
-0
-0
-0
-0
-0
-0
-0
28.7758
-0
-0
-0
-0
-0
-0
10.6245
-0
11.7438
-0
-0
-0
25.2964
-0
-0
43.173
-0
-0
-0
-0
-0
-0
-0
9.77067
16.0456
-0
9.0972
26.0979
4.54555
-0
-0
10.222
-0
-0
6.52462
-0
38.4135
-0
-0
65.1966
-0
8.595
-0
-0
-0
3.99241
0.470312
-0
-0
-0
-0
8.79916
34.8977
-0
-0
-0
-0
18.6608
-0
18.2688
-0
5.72732
-0
54.4787
-0
-0
-0
-0
2.68391
36.1229
7.07657
-0
-0
-0
-0
-0
-0
-0
-0
4.66961
5.51786
7.9399
-0
11.6365
-0
9.95331
14.6771
-0
-0
-0
18.5082
30.8809
-0
-0
-0
-0
-0
-0
-0
-0
-0
-0
-0
-0
-0
-0
-0
-0
-0
40.8647
-0
5.26912
4.75633
-0
-0
-0
53.3512
-0
41.3956
-0
-0
-0
18.1538
1.7369
-0
-0
-0
-0
-0
-0
-0
-0
54.3039
-0
-0
-0
-0
49.102
-0
-0
-0
-0
-0
-0
-0
-0
-0
-0
-0
2.4038
-0
-0
25.8641
-0
0.331537
-0
-0
-0
-0
-0
11.3375
4.29092
-0
-0
-0
-0
-0
-0
-0
-0
-0
-0
16.396
-0
-0
-0
-0
-0
-0
-0
-0
-0
-0
-0
-0
-0
-0
-0
-0
-0
-0
-0
12.5731
0.781608
-0
-0
-0
-0
-0
-0
7.1942
-0
-0
-0
-0
-0
-0
-0
-0
-0
6.00838
17.4594
-0
-0
-0
-0
-0
-0
-0
-0
31.034
21.5289
-0
1.05249
-0
-0
-0
1.21874
-0
-0
-0
25.3862
-0
-0
-0
-0
-0
-0
-0
-0
-0
-0
25.8276
-0
-0
-0
-0
6.55708
22.817
-0
11.9916
-0
-0
-0
-0
-0
-0
-0
-0
7.88472
5.82881
-0
-0
19.5931
-0
-0
-0
0.734659
2.39614
-0
-0
-0
-0
-0
-0
-0
4.15506
-0
-0
-0
-0
-0
0.171901
2.27065
-0
-0
-0
-0
-0
-0
-0
-0
-0
-0
-0
-0
-0
-0
1.65796
-0
21.1151
-0
-0
-0
0.85501
-0
-0
-0
44.2927
-0
-0
-0
-0
29.3022
-0
-0
-0
-0
-0
18.4034
-0
-0
-0
-0
-0
-0
4.55229
-0
-0
-0
-0
6.53209
-0
-0
-0
-0
29.8953
-0
4.38124
16.9968
-0
-0
-0
-0
-0
-0
-0
-0
39.7734
33.5222
-0
-0
-0
-0
-0
-0
-0
-0
9.67711
8.02409
-0
-0
16.0997
-0
30.7719
-0
-0
-0
-0
-0
27.2194
-0
-0
-0
6.26677
-0
-0
-0
-0
-0
-0
20.7013
4.98952
13.8744
6.25734
-0
-0
-0
-0
-0
-0
-0
-0
-0
-0
11.0469
-0
-0
-0
-0
-0
-0
-0
58.2895
-0
-0
14.0338
-0
-0
1.71153
-0
-0
-0
3.15353
-0
-0
-0
-0
15.2461
-0
10.3208
3.12888
15.4071
-0
9.00453
-0
-0
-0
-0
-0
-0
-0
30.5682
6.95866
-0
-0
-0
-0
-0
25.9678
-0
-0
1.21813
-0
-0
-0
-0
4.76175
-0
5.48698
-0
-0
15.596
-0
-0
-0
-0
-0
-0
-0
-0
34.1888
-0
-0
-0
-0
17.2024
-0
-0
-0
-0
-0
-0
-0
6.7996
22.4289
15.3482
9.43277
-0
-0
-0
-0
-0
-0
-0
-0
-0
-0
-0
3.66642
-0
0.110605
-0
-0
0.534084
-0
-0
-0
-0
11.2397
-0
-0
8.92142
22.4126
-0
-0
-0
-0
19.9393
21.1117
-0
-0
-0
-0
19.4469
-0
-0
-0
8.14191
-0
-0
-0
-0
16.0123
-0
-0
-0
-0
-0
3.0194
-0
-0
-0
-0
-0
-0
-0
-0
-0
-0
-0
-0
-0
13.5418
11.0874
-0
18.649
-0
-0
-0
-0
-0
-0
-0
-0
12.1979
-0
-0
-0
5.77765
-0
-0
-0
-0
-0
5.74739
-0
-0
-0
-0
-0
-0
-0
-0
16.6764
-0
24.4967
11.9976
-0
-0
-0
-0
-0
-0
0.943726
-0
-0
15.3946
-0
23.0403
-0
28.9525
-0
-0
-0
45.449
-0
19.5126
-0
-0
-0
0.253908
-0
39.6444
-0
3.14044
-0
1.70579
-0
-0
-0
-0
-0
-0
-0
-0
-0
3.63089
-0
-0
11.9719
-0
-0
9.59968
-0
-0
-0
-0
-0
-0
-0
-0
-0
-0
47.3956
2.70434
15.1863
-0
-0
-0
-0
5.82156
-0
-0
-0
-0
-0
-0
39.5028
-0
0.74277
-0
-0
-0
-0
-0
-0
-0
-0
1.568
-0
7.61466
-0
-0
7.67597
-0
-0
-0
-0
24.3322
-0
-0
-0
-0
-0
-0
-0
-0
-0
-0
4.64579
5.29158
-0
-0
-0
-0
-0
-0
28.1785
-0
10.9745
-0
-0
1.20808
-0
-0
20.2389
-0
-0
23.0475
-0
-0
5.52681
9.71576
-0
-0
-0
-0
-0
-0
16.7321
-0
21.0798
21.4098
-0
22.8839
-0
-0
-0
-0
2.14726
-0
5.91044
-0
-0
-0
-0
-0
-0
-0
-0
3.21745
-0
13.4089
-0
-0
-0
-0
-0
12.8568
-0
9.36789
29.0906
-0
-0
-0
-0
22.6925
40.4802
1.92404
-0
20.8349
-0
-0
-0
15.8483
-0
-0
-0
8.17301
-0
-0
18.7899
11.3332
-0
-0
-0
-0
-0
-0
-0
1.64935
-0
6.45083
-0
-0
-0
-0
-0
-0
-0
16.5486
21.8116
-0
2.97316
-0
17.8546
-0
-0
-0
-0
-0
-0
-0
-0
-0
-0
-0
-0
7.09177
-0
-0
-0
-0
-0
0.129263
22.4675
-0
24.3609
-0
-0
-0
-0
16.0964
-0
10.8032
-0
-0
-0
-0
-0
-0
-0
-0
-0
-0
-0
-0
-0
-0
30.8174
18.8337
-0
13.7297
-0
-0
-0
44.1267
-0
-0
3.36091
-0
-0
-0
8.00717
17.8134
-0
-0
17.1806
22.7613
-0
-0
-0
-0
-0
35.6673
27.7979
5.1291
-0
25.5924
-0
-0
15.8254
-0
-0
4.10365
-0
-0
-0
7.43051
-0
-0
-0
-0
-0
-0
-0
-0
-0
-0
19.2182
52.9127
-0
-0
21.5623
-0
1.12695
26.8596
-0
-0
-0
-0
-0
-0
12.7788
-0
38.1127
2.09271
-0
2.59332
-0
-0
-0
-0
-0
-0
-0
-0
20.4218
10.1052
-0
-0
15.9941
-0
-0
-0
-0
18.8094
2.5019
-0
-0
-0
-0
-0
-0
-0
-0
-0
-0
41.7549
-0
-0
-0
-0
-0
-0
-0
-0
7.69091
-0
16.5611
-0
-0
-0
-0
-0
-0
25.8554
-0
6.44196
-0
-0
-0
20.7783
2.07445
-0
-0
-0
-0
-0
-0
26.2855
-0
-0
-0
10.8777
-0
5.88156
-0
-0
-0
-0
29.9705
29.9518
-0
15.5622
-0
-0
-0
-0
-0
-0
-0
-0
-0
-0
-0
-0
-0
-0
-0
-0
-0
-0
-0
-0
-0
-0
-0
-0
-0
-0
-0
-0
5.57721
-0
-0
-0
-0
-0
-0
-0
-0
-0
3.39514
2.85159
-0
-0
-0
-0
9.59698
-0
9.17224
-0
15.3398
0.652494
20.4594
23.0705
-0
8.13444
11.5963
0.186625
1.85787
-0
-0
-0
-0
-0
-0
-0
-0
-0
-0
27.3279
-0
18.767
-0
-0
-0
-0
-0
-0
-0
-0
-0
-0
-0
3.18519
-0
-0
-0
-0
-0
-0
-0
-0
-0
-0
-0
-0
8.07283
-0
-0
-0
-0
-0
-0
-0
-0
-0
-0
-0
12.0113
-0
10.5258
-0
-0
11.5557
-0
-0
10.4706
-0
6.27726
-0
-0
-0
-0
-0
29.9288
33.9132
18.1596
4.91118
-0
-0
1.48995
-0
-0
5.21218
-0
-0
-0
-0
-0
29.1385
21.6227
10.1732
-0
-0
-0
9.62269
-0
-0
-0
-0
12.7278
-0
-0
-0
-0
15.4432
-0
-0
-0
-0
-0
-0
-0
0.330641
1.61547
-0
-0
-0
-0
-0
25.3518
-0
-0
-0
-0
-0
2.8424
-0
11.9601
-0
-0
10.6877
33.2323
0.598736
-0
-0
-0
-0
-0
-0
17.3662
-0
-0
-0
-0
19.1965
-0
-0
-0
-0
-0
-0
-0
-0
-0
-0
-0
12.3963
36.7411
15.6818
-0
-0
-0
-0
-0
-0
-0
-0
-0
27.3414
-0
-0
-0
-0
-0
-0
3.15352
-0
-0
46.1584
-0
-0
4.73246
-0
-0
-0
-0
-0
16.7148
-0
-0
12.9009
-0
-0
-0
0.458007
-0
-0
-0
-0
-0
-0
20.3183
-0
-0
-0
1.45223
-0
-0
-0
-0
-0
-0
4.95232
-0
-0
-0
21.9814
-0
-0
-0
-0
-0
-0
14.3381
11.0723
7.18275
-0
33.2847
-0
-0
-0
-0
-0
-0
-0
-0
37.7572
7.60702
-0
-0
-0
0.848763
21.6723
-0
-0
-0
-0
-0
-0
-0
-0
-0
-0
-0
9.37029
-0
-0
5.76231
-0
-0
-0
-0
-0
-0
-0
-0
-0
-0
-0
-0
-0
-0
31.6265
-0
15.826
-0
25.7773
-0
-0
-0
1.85837
-0
-0
-0
6.50099
-0
-0
-0
1.23556
-0
-0
-0
-0
41.6037
-0
0.21886
-0
19.5862
-0
-0
-0
-0
8.82376
-0
6.90087
-0
3.28739
-0
-0
2.81712
-0
-0
5.44374
-0
-0
-0
11.6166
-0
1.9777
-0
-0
-0
-0
-0
-0
-0
7.98505
-0
-0
-0
-0
-0
-0
-0
-0
-0
-0
-0
-0
-0
-0
10.2691
-0
-0
-0
20.8299
-0
-0
-0
-0
12.4896
-0
-0
-0
9.03503
-0
3.60683
2.96869
-0
-0
-0
-0
23.4153
-0
21.4822
-0
-0
-0
0.0355262
-0
-0
-0
3.74701
29.2309
-0
-0
-0
-0
20.682
-0
-0
-0
-0
1.09291
-0
-0
-0
-0
-0
-0
-0
9.49684
-0
-0
-0
13.8472
-0
-0
-0
-0
-0
-0
-0
-0
-0
-0
-0
9.92443
-0
-0
-0
24.4092
-0
-0
-0
1.99114
-0
-0
-0
-0
-0
12.0008
0.738311
0.174219
-0
-0
40.1807
15.3032
-0
5.92521
-0
15.6406
-0
-0
-0
-0
-0
-0
0.241549
4.97751
-0
-0
-0
16.9081
5.07167
3.39701
-0
-0
-0
10.1417
4.67634
-0
-0
-0
-0
-0
-0
-0
-0
-0
24.0366
-0
34.4892
-0
-0
-0
34.8673
-0
0.787683
-0
5.10376
-0
-0
-0
-0
-0
-0
-0
4.62623
-0
-0
30.7651
-0
-0
-0
-0
-0
11.1201
5.82271
-0
14.6683
-0
-0
-0
-0
-0
5.7233
-0
-0
16.8258
-0
-0
-0
11.9458
-0
-0
39.7834
-0
-0
-0
-0
-0
-0
-0
-0
-0
-0
-0
-0
-0
-0
-0
41.6865
-0
-0
-0
-0
-0
8.1522
37.609
6.80933
-0
-0
-0
18.0278
-0
-0
-0
-0
28.5635
-0
36.2086
-0
-0
-0
0.232041
-0
0.808632
12.4083
-0
-0
-0
-0
31.6716
-0
-0
-0
13.6212
16.9644
-0
-0
22.9726
-0
-0
34.608
16.8995
5.73177
-0
-0
-0
-0
-0
-0
6.31517
-0
-0
-0
-0
-0
-0
-0
-0
-0
-0
-0
-0
-0
-0
15.0407
-0
-0
-0
-0
-0
13.5301
-0
-0
14.4005
-0
-0
-0
-0
-0
-0
-0
-0
30.4273
-0
-0
-0
-0
2.4031
0.955961
-0
-0
-0
-0
10.5323
-0
41.5899
-0
-0
-0
-0
-0
-0
-0
3.1537
-0
-0
0.0529567
-0
17.8403
-0
3.52304
-0
5.83114
-0
49.5883
-0
-0
-0
-0
-0
29.7449
-0
-0
-0
-0
-0
-0
-0
27.7295
-0
-0
-0
20.6591
-0
-0
-0
-0
-0
-0
-0
10.3336
-0
-0
26.4364
8.81045
8.22517
-0
-0
-0
-0
-0
-0
-0
-0
-0
24.5867
-0
-0
-0
-0
-0
20.7203
-0
-0
-0
-0
23.1174
-0
7.43318
-0
5.83053
-0
-0
-0
-0
-0
-0
-0
-0
-0
-0
-0
-0
-0
-0
-0
-0
-0
-0
14.5975
-0
-0
-0
-0
24.1551
5.87716
-0
-0
-0
-0
-0
-0
-0
-0
-0
-0
10.8983
-0
-0
-0
41.2931
5.00714
-0
5.72045
-0
-0
-0
-0
-0
-0
18.3138
-0
-0
-0
-0
-0
-0
-0
-0
-0
-0
39.2945
-0
-0
-0
1.52465
27.7838
-0
-0
-0
-0
-0
-0
4.52896
4.39871
-0
-0
47.496
3.67577
-0
-0
-0
16.4721
16.018
37.1644
-0
-0
-0
-0
-0
14.3952
-0
-0
-0
-0
-0
-0
42.8102
5.59486
-0
-0
9.63506
-0
-0
2.4965
31.1373
-0
12.5828
-0
0.0170287
-0
-0
-0
-0
-0
-0
-0
-0
0.976984
-0
-0
16.4546
21.1468
-0
-0
-0
-0
-0
-0
-0
-0
3.61038
5.7579
-0
3.45114
-0
-0
-0
-0
-0
-0
-0
-0
-0
-0
-0
1.94396
-0
-0
-0
-0
-0
15.6429
-0
-0
-0
7.05552
-0
-0
1.93818
-0
-0
-0
-0
-0
0.341505
-0
-0
4.81929
-0
1.3812
-0
5.19219
1.28973
-0
-0
-0
-0
32.7171
51.2206
-0
1.97747
-0
4.27977
4.4206
-0
-0
-0
0.0768406
-0
-0
26.5983
-0
18.405
4.71403
-0
-0
-0
-0
-0
-0
-0
-0
-0
-0
-0
-0
-0
-0
-0
-0
13.6909
-0
-0
13.1003
-0
5.61923
-0
-0
-0
6.21649
13.2933
-0
-0
-0
-0
0.935318
-0
-0
-0
-0
-0
-0
-0
-0
-0
-0
-0
-0
-0
-0
-0
-0
-0
-0
9.08017
-0
-0
6.89911
-0
-0
-0
-0
4.63696
-0
3.55339
-0
-0
-0
-0
29.9235
-0
-0
29.3464
-0
1.33584
-0
5.4083
-0
30.6914
-0
-0
19.3292
-0
-0
-0
-0
3.11811
-0
-0
-0
-0
-0
-0
28.2413
-0
-0
-0
3.40631
-0
-0
-0
-0
28.6654
-0
15.1844
4.09788
-0
12.4647
-0
32.5428
9.99209
-0
1.61514
-0
5.04317
21.2104
13.2518
-0
-0
-0
-0
27.4542
-0
8.14235
10.8864
-0
53.2264
-0
-0
-0
-0
-0
-0
-0
-0
-0
1.88896
-0
-0
5.52893
-0
-0
4.47461
-0
31.8706
-0
-0
-0
-0
2.9959
-0
10.7524
-0
-0
8.30711
11.0776
-0
-0
-0
-0
-0
-0
2.16545
10.5763
-0
-0
-0
-0
-0
-0
-0
-0
-0
38.6464
-0
-0
19.2521
-0
24.1463
-0
-0
-0
-0
-0
-0
-0
-0
-0
-0
-0
-0
-0
-0
8.58764
10.8341
-0
24.1645
2.72887
-0
-0
-0
-0
-0
-0
-0
13.9869
-0
-0
12.5192
-0
1.86283
-0
-0
-0
-0
-0
-0
-0
9.7938
-0
-0
-0
2.25145
-0
17.575
-0
-0
-0
-0
-0
-0
-0
25.914
-0
-0
-0
3.70696
-0
-0
-0
-0
-0
3.0228
35.4045
13.9111
-0
15.9992
-0
-0
-0
-0
-0
-0
24.5357
16.1843
-0
-0
-0
-0
-0
1.85629
-0
-0
-0
-0
-0
24.8036
-0
-0
-0
-0
-0
0.836886
-0
-0
-0
-0
-0
20.7192
1.37888
-0
-0
-0
1.25712
-0
-0
16.4025
-0
-0
-0
28.0359
-0
-0
-0
-0
-0
-0
-0
-0
-0
12.8399
12.9444
0.627194
-0
-0
-0
-0
-0
-0
-0
-0
1.57385
-0
-0
-0
-0
-0
-0
11.7651
11.1921
-0
-0
-0
-0
-0
-0
10.5014
-0
-0
-0
-0
26.4131
13.9975
-0
11.9651
-0
-0
-0
-0
-0
-0
-0
33.6298
28.6157
-0
-0
-0
-0
-0
-0
-0
-0
-0
12.0478
28.6991
-0
-0
-0
-0
-0
37.9162
-0
-0
-0
-0
0.553045
-0
-0
4.87909
-0
-0
13.916
10.9186
13.238
7.50014
35.0754
-0
36.5379
-0
27.7747
-0
3.63117
-0
-0
-0
9.83825
-0
13.6493
-0
-0
-0
-0
-0
-0
-0
-0
11.8297
-0
-0
9.56654
-0
8.3424
-0
-0
-0
-0
2.54866
-0
-0
18.3596
14.2618
-0
-0
-0
5.26066
-0
-0
29.3683
-0
-0
37.9855
-0
-0
-0
23.9551
-0
-0
14.9712
4.07215
-0
0.571705
-0
-0
-0
-0
3.73249
-0
-0
-0
-0
-0
-0
-0
-0
-0
37.6962
-0
-0
-0
-0
-0
-0
-0
-0
-0
-0
-0
-0
-0
7.36983
-0
-0
33.8899
-0
-0
-0
40.1548
-0
-0
-0
-0
7.24175
32.4859
-0
-0
-0
23.3589
3.03886
16.2293
-0
-0
-0
-0
-0
-0
-0
-0
-0
21.4379
-0
-0
24.072
10.2127
37.4205
-0
5.61214
-0
-0
-0
-0
-0
-0
29.9465
-0
29.7762
-0
-0
-0
-0
-0
-0
-0
-0
23.2379
-0
-0
-0
60.1812
-0
-0
-0
-0
-0
-0
-0
-0
-0
53.357
-0
-0
-0
1.71729
-0
-0
-0
-0
-0
13.0154
15.9405
34.5622
-0
-0
-0
-0
-0
-0
-0
-0
-0
-0
-0
-0
-0
30.4553
-0
5.81445
8.57044
-0
-0
-0
-0
-0
-0
-0
25.8052
-0
20.375
-0
2.30955
-0
10.0247
-0
-0
-0
6.44322
-0
-0
23.5414
-0
-0
-0
-0
-0
-0
-0
-0
-0
15.3237
-0
12.3223
7.90608
-0
-0
-0
-0
-0
32.5989
8.70675
-0
4.79952
4.54421
-0
28.7355
-0
4.79339
-0
18.0436
-0
-0
-0
-0
-0
-0
-0
-0
-0
0.332188
-0
-0
5.33858
-0
-0
-0
-0
-0
-0
43.1022
-0
-0
-0
-0
-0
-0
-0
-0
-0
-0
4.21705
-0
-0
-0
-0
5.94686
-0
6.71931
51.8559
21.1231
-0
-0
-0
-0
18.4013
-0
18.6137
-0
-0
-0
-0
-0
-0
3.79789
-0
-0
-0
-0
-0
-0
-0
-0
-0
-0
-0
29.6902
-0
-0
-0
-0
-0
-0
-0
-0
-0
11.1618
-0
-0
7.18015
38.6811
-0
-0
8.21092
-0
-0
-0
-0
-0
-0
3.30745
-0
3.90503
-0
-0
-0
31.5993
-0
-0
-0
-0
21.4597
-0
-0
-0
-0
13.4977
-0
-0
-0
0.980325
-0
-0
-0
-0
-0
-0
-0
14.7117
-0
-0
10.2996
6.6827
-0
-0
-0
8.3927
-0
-0
-0
-0
2.65331
-0
22.427
-0
-0
-0
-0
-0
-0
-0
-0
-0
27.3772
-0
-0
-0
-0
-0
-0
-0
-0
-0
13.0767
-0
-0
-0
-0
-0
8.42654
22.5738
-0
-0
-0
28.2475
-0
-0
-0
7.13504
-0
-0
-0
-0
6.46546
-0
-0
-0
-0
-0
-0
-0
-0
-0
-0
-0
-0
-0
-0
-0
-0
-0
-0
-0
-0
-0
-0
-0
-0
-0
20.3432
-0
-0
-0
-0
19.742
-0
15.7098
-0
-0
-0
-0
9.93402
-0
-0
-0
1.21714
12.0559
8.46149
5.34898
-0
18.165
-0
17.7379
14.5771
20.1303
-0
4.09122
7.81154
-0
30.9547
-0
-0
-0
-0
-0
-0
-0
-0
3.57514
-0
-0
4.36037
-0
-0
-0
8.53243
-0
17.8863
19.9372
-0
-0
-0
-0
37.7636
8.44759
-0
-0
-0
15.4383
-0
-0
-0
-0
18.1893
-0
-0
4.26938
-0
6.62381
-0
5.70175
25.9336
-0
15.6463
-0
-0
-0
-0
-0
10.0623
41.3226
-0
0.229481
-0
32.0676
-0
-0
-0
47.6066
-0
-0
-0
4.29064
27.3617
5.88286
-0
-0
