3.61586
-0
-0
-0
-0
24.7345
-0
-0
38.5476
-0
30.7322
-0
-0
-0
-0
21.4973
-0
-0
-0
-0
-0
-0
-0
-0
9.23838
-0
22.2298
-0
-0
-0
-0
-0
-0
-0
3.08016
-0
-0
-0
-0
-0
-0
-0
-0
48.8062
-0
0.446536
-0
11.2895
-0
-0
-0
-0
-0
2.11398
-0
-0
-0
3.62947
19.387
-0
-0
-0
-0
-0
20.7845
-0
17.3331
20.5347
-0
1.23542
-0
-0
-0
-0
-0
4.85984
-0
5.16412
-0
-0
-0
45.0555
-0
32.6813
-0
-0
-0
3.34916
-0
-0
-0
-0
-0
-0
-0
-0
13.5305
-0
-0
-0
-0
-0
-0
2.66304
13.5615
-0
29.8056
-0
-0
-0
2.16715
-0
-0
-0
-0
3.4048
-0
-0
49.4348
-0
-0
-0
21.1864
-0
24.3987
-0
-0
-0
-0
-0
32.8398
2.85379
7.1054
-0
-0
4.22245
-0
-0
-0
-0
-0
-0
13.0095
-0
2.71115
-0
-0
-0
-0
-0
-0
3.87534
-0
-0
28.3801
-0
43.1513
-0
-0
1.43154
0.0729851
-0
-0
40.342
-0
-0
19.8078
-0
-0
-0
5.67286
8.60609
-0
-0
-0
-0
-0
-0
-0
-0
-0
-0
-0
-0
-0
7.36604
-0
-0
36.8242
5.86286
-0
29.0338
21.754
28.5689
-0
-0
-0
-0
-0
-0
-0
-0
10.598
-0
-0
-0
-0
-0
8.40738
-0
-0
-0
16.6297
-0
-0
-0
-0
12.9784
6.66197
-0
-0
-0
-0
18.9577
-0
-0
-0
-0
-0
-0
-0
-0
-0
-0
-0
-0
-0
-0
-0
-0
-0
7.05467
-0
-0
-0
-0
3.77097
-0
-0
-0
-0
-0
-0
-0
-0
-0
-0
8.31023
13.8393
-0
-0
-0
-0
-0
-0
-0
-0
-0
-0
-0
-0
1.76533
31.3375
17.8318
-0
-0
-0
-0
-0
-0
5.64186
4.04669
-0
6.6507
-0
-0
-0
23.0678
-0
-0
13.3351
1.08323
4.04965
-0
-0
-0
-0
-0
-0
4.59154
-0
-0
3.92364
-0
7.23808
26.2381
-0
-0
35.2023
-0
4.17064
13.8952
-0
-0
27.3755
2.1308
-0
-0
-0
0.471014
-0
-0
-0
31.6137
1.62239
-0
-0
-0
-0
9.98845
-0
-0
-0
-0
-0
-0
-0
-0
-0
-0
-0
-0
-0
24.706
-0
10.9493
-0
18.0766
-0
-0
-0
-0
-0
-0
40.0902
-0
-0
-0
-0
-0
25.2452
-0
-0
29.859
15.4778
1.80115
-0
-0
14.823
-0
-0
2.01244
0.0912691
35.4975
-0
-0
12.6198
-0
-0
-0
-0
-0
-0
-0
-0
-0
-0
-0
-0
-0
1.50342
0.879108
-0
-0
-0
23.1347
-0
3.5939
-0
9.17447
-0
24.8284
-0
-0
-0
-0
-0
-0
-0
-0
-0
-0
-0
-0
16.4959
20.0445
-0
-0
-0
-0
11.954
-0
-0
-0
-0
28.0351
18.1658
14.0275
28.1341
-0
-0
6.64127
8.68302
-0
21.9031
-0
40.1273
-0
-0
-0
-0
-0
-0
-0
-0
-0
-0
11.3089
-0
-0
27.9787
32.1612
-0
-0
54.3518
16.4141
-0
1.3847
-0
-0
-0
-0
3.13845
-0
10.2092
-0
-0
-0
2.61023
-0
30.118
-0
-0
-0
7.85907
-0
24.3893
-0
-0
-0
-0
-0
-0
-0
-0
-0
-0
-0
-0
-0
25.9185
-0
-0
0.90144
-0
7.08438
19.4298
-0
-0
-0
2.71648
-0
21.962
-0
-0
-0
-0
-0
-0
0.242176
-0
-0
-0
-0
-0
-0
-0
-0
24.2994
-0
18.9611
-0
-0
3.36337
-0
-0
-0
-0
2.11997
-0
-0
-0
-0
-0
32.0331
-0
-0
22.0815
8.83688
-0
-0
-0
-0
-0
-0
-0
13.737
-0
13.4011
20.7576
-0
-0
-0
-0
60.2829
31.9634
-0
-0
5.78994
3.00951
-0
-0
17.1456
-0
-0
-0
-0
-0
-0
-0
-0
-0
-0
13.9343
28.4661
-0
-0
-0
-0
-0
-0
-0
-0
6.68811
-0
-0
-0
-0
15.2734
58.5231
-0
-0
-0
-0
-0
-0
-0
34.5093
-0
-0
1.12686
-0
-0
-0
-0
-0
-0
-0
-0
52.8496
-0
-0
13.1894
-0
-0
-0
24.6989
-0
-0
-0
-0
-0
-0
38.9911
-0
-0
-0
-0
5.44748
-0
-0
-0
-0
-0
-0
-0
-0
-0
-0
-0
-0
-0
-0
-0
-0
-0
-0
-0
-0
-0
-0
-0
15.3552
3.87419
-0
4.63006
24.9674
-0
-0
-0
-0
23.8402
11.3928
26.5236
-0
18.5493
-0
-0
-0
-0
-0
-0
-0
9.46845
-0
15.2468
-0
-0
-0
-0
-0
35.5741
-0
-0
-0
-0
-0
-0
-0
-0
-0
-0
3.46042
-0
-0
8.97759
-0
-0
-0
15.8636
19.0899
-0
-0
-0
4.14575
-0
-0
-0
-0
-0
-0
0.551622
-0
-0
-0
-0
11.7774
-0
-0
-0
-0
9.3066
-0
-0
-0
-0
-0
-0
0.164571
-0
36.8307
-0
-0
15.5976
-0
-0
-0
0.521469
-0
-0
-0
-0
-0
-0
-0
22.7164
-0
-0
-0
11.0032
23.9896
-0
-0
-0
-0
-0
-0
-0
57.1144
-0
-0
-0
-0
-0
9.15369
3.78471
12.7381
-0
-0
-0
-0
-0
-0
2.93567
-0
-0
-0
-0
-0
8.44326
-0
-0
-0
-0
-0
-0
41.6027
43.0992
-0
-0
-0
-0
-0
-0
17.5391
-0
-0
-0
1.68217
-0
-0
-0
-0
-0
1.89597
-0
-0
13.2436
24.2895
-0
-0
-0
-0
-0
-0
5.73404
-0
-0
-0
46.3087
-0
-0
-0
-0
-0
-0
-0
2.9562
-0
-0
27.8687
-0
47.9241
18.5032
-0
-0
15.2532
16.177
-0
-0
0.301181
-0
-0
-0
-0
-0
-0
-0
-0
-0
-0
-0
-0
29.704
-0
-0
2.47559
-0
-0
-0
-0
-0
-0
-0
-0
-0
-0
-0
-0
-0
-0
-0
-0
-0
-0
69.3785
-0
-0
-0
-0
0.144783
-0
-0
-0
-0
10.277
17.614
-0
-0
-0
-0
-0
-0
-0
-0
-0
1.1405
-0
-0
-0
-0
11.1545
-0
4.45574
-0
-0
3.29759
-0
-0
-0
12.8077
-0
-0
-0
-0
-0
-0
32.558
-0
9.5757
-0
-0
-0
-0
13.438
-0
-0
4.01005
-0
-0
-0
25.5643
-0
-0
-0
-0
-0
10.9424
-0
-0
47.6569
5.29977
-0
-0
-0
-0
-0
-0
-0
-0
-0
-0
-0
-0
-0
-0
-0
-0
-0
-0
-0
-0
-0
-0
-0
6.55175
-0
-0
-0
28.2498
-0
5.69381
-0
5.42923
-0
-0
-0
28.0132
3.18267
-0
-0
-0
-0
-0
-0
-0
-0
-0
-0
-0
-0
14.193
-0
-0
-0
-0
14.593
-0
-0
-0
-0
-0
-0
-0
-0
-0
-0
30.1525
-0
-0
-0
-0
-0
-0
-0
9.85415
-0
-0
-0
-0
-0
-0
-0
-0
-0
16.944
-0
-0
13.9332
-0
-0
-0
-0
-0
-0
-0
-0
-0
10.3387
-0
9.79664
-0
-0
-0
-0
-0
-0
-0
-0
-0
-0
22.543
13.2622
-0
10.797
-0
27.8848
-0
-0
17.3313
-0
-0
-0
-0
-0
4.35558
-0
-0
-0
-0
-0
-0
-0
-0
-0
29.241
-0
-0
-0
-0
-0
-0
-0
-0
-0
-0
-0
8.55312
11.763
37.054
12.5903
-0
-0
-0
-0
-0
-0
-0
-0
1.57079
8.53325
-0
28.0492
-0
-0
-0
15.041
-0
-0
-0
-0
5.94877
-0
6.7085
-0
-0
-0
-0
41.6814
-0
-0
-0
-0
-0
25.5041
-0
-0
-0
-0
17.846
-0
0.214327
5.73248
5.57921
-0
-0
-0
-0
-0
-0
-0
-0
-0
-0
20.4861
-0
-0
-0
-0
6.77013
9.67524
-0
-0
-0
-0
43.7738
-0
-0
23.3163
-0
-0
-0
-0
-0
-0
23.2087
-0
-0
-0
-0
-0
-0
21.7732
-0
-0
-0
-0
-0
-0
-0
-0
45.2589
36.4374
30.9252
14.12
-0
6.84876
-0
-0
-0
-0
-0
-0
-0
-0
-0
-0
-0
-0
-0
-0
-0
12.6367
-0
-0
4.52471
-0
-0
-0
-0
-0
-0
-0
-0
-0
-0
-0
-0
11.0092
-0
20.1364
-0
-0
-0
-0
17.7705
-0
-0
43.0935
-0
-0
17.6136
-0
-0
-0
-0
13.4305
-0
32.9708
-0
-0
-0
-0
7.3417
-0
-0
6.93253
-0
-0
57.0441
-0
-0
-0
-0
-0
-0
-0
-0
-0
-0
23.2727
-0
1.56647
-0
-0
-0
-0
-0
-0
-0
-0
-0
-0
4.35148
-0
-0
8.99671
-0
-0
-0
-0
-0
-0
-0
-0
-0
-0
20.7892
-0
28.2253
-0
10.9847
-0
8.30034
-0
54.4345
2.35196
0.508083
28.244
-0
-0
4.18962
-0
-0
-0
-0
2.1157
46.4099
-0
6.64762
31.8895
14.2361
-0
-0
7.80817
-0
0.986402
-0
-0
20.1162
-0
5.1219
39.4444
0.377648
1.40394
-0
-0
-0
-0
-0
-0
-0
-0
-0
11.8768
38.8146
-0
-0
-0
-0
8.92376
-0
10.8392
-0
15.334
-0
28.4285
-0
-0
-0
7.61039
-0
14.1687
-0
-0
-0
-0
-0
-0
-0
-0
-0
-0
-0
-0
-0
-0
-0
10.8059
17.1783
-0
-0
-0
20.5021
10.1119
-0
-0
-0
-0
-0
-0
-0
-0
-0
-0
-0
-0
-0
-0
-0
-0
-0
25.2992
-0
-0
-0
-0
-0
-0
40.0714
-0
48.4251
-0
-0
-0
7.16116
8.91685
-0
-0
-0
-0
-0
-0
-0
-0
50.9275
-0
-0
-0
-0
60.4106
-0
-0
-0
-0
-0
-0
-0
-0
-0
-0
-0
-0
-0
10.1894
4.34511
-0
1.27168
-0
-0
-0
-0
-0
-0
5.51869
-0
-0
-0
-0
-0
-0
-0
-0
-0
-0
-0
-0
-0
-0
-0
-0
-0
-0
-0
-0
-0
-0
-0
-0
-0
-0
-0
-0
-0
-0
7.89083
-0
-0
-0
-0
-0
-0
-0
5.20804
-0
-0
-0
-0
-0
-0
18.756
-0
-0
-0
14.9042
2.20068
-0
-0
-0
-0
-0
-0
-0
12.6329
16.1214
-0
-0
-0
-0
-0
2.31959
-0
-0
-0
4.24564
-0
-0
-0
-0
-0
-0
-0
-0
-0
-0
-0
-0
-0
-0
-0
18.6139
7.71047
-0
5.95525
-0
-0
-0
-0
-0
-0
-0
-0
4.42667
-0
-0
-0
12.2951
-0
-0
-0
1.26832
-0
-0
-0
-0
-0
-0
-0
-0
11.4787
-0
-0
-0
-0
-0
-0
-0
-0
-0
-0
-0
-0
-0
-0
-0
-0
-0
-0
-0
-0
-0
35.3354
-0
40.4187
-0
-0
-0
21.969
-0
-0
-0
66.352
-0
-0
-0
-0
42.3691
-0
-0
-0
-0
-0
29.6552
-0
-0
-0
-0
-0
-0
6.52712
-0
-0
-0
-0
-0
-0
4.42766
-0
-0
58.7243
-0
1.2427
40.6137
-0
-0
-0
-0
-0
-0
1.07486
-0
38.5066
20.7182
-0
-0
-0
-0
-0
-0
-0
-0
-0
-0
-0
-0
0.519048
-0
60.2944
-0
-0
-0
-0
-0
41.8696
-0
-0
-0
35.9942
-0
-0
-0
-0
-0
-0
6.52977
14.6237
19.0116
6.40586
0.873553
-0
-0
-0
11.1755
20.1575
-0
-0
20.9371
-0
13.1941
-0
-0
-0
-0
-0
-0
-0
75.2393
-0
-0
-0
-0
-0
14.2974
-0
-0
-0
9.146
-0
-0
-0
-0
4.31184
-0
24.6808
-0
17.8291
-0
3.93295
-0
-0
-0
-0
-0
-0
-0
28.54
1.61027
-0
-0
-0
-0
-0
8.86777
-0
-0
-0
-0
-0
-0
-0
-0
-0
-0
-0
-0
11.1552
-0
5.55152
-0
-0
-0
-0
-0
-0
75.5938
-0
-0
-0
-0
19.2814
-0
-0
6.3623
-0
-0
-0
-0
0.912727
26.2983
8.48272
20.9576
-0
-0
-0
-0
-0
-0
-0
-0
-0
-0
-0
-0
-0
3.76549
-0
-0
26.3096
-0
-0
-0
-0
27.8705
-0
-0
4.44398
6.28184
-0
-0
-0
-0
5.25806
33.2584
-0
-0
4.04169
-0
26.0374
-0
-0
-0
5.19956
-0
-0
-0
-0
-0
-0
-0
-0
-0
-0
6.54898
-0
-0
-0
-0
-0
-0
-0
-0
-0
-0
-0
-0
-0
-0
10.5957
-0
34.4852
-0
-0
-0
-0
-0
-0
-0
-0
-0
-0
-0
-0
-0
-0
-0
-0
-0
-0
9.64561
-0
-0
5.81144
-0
-0
-0
-0
-0
12.8839
-0
19.6773
19.9634
-0
-0
-0
-0
-0
-0
1.10546
-0
-0
18.5739
-0
8.25169
-0
32.5715
-0
-0
-0
52.6262
-0
2.71016
0.432543
-0
-0
-0
-0
49.7212
-0
-0
-0
5.50337
1.27721
-0
-0
-0
9.47731
-0
-0
-0
-0
21.614
-0
-0
25.5733
-0
-0
10.6222
-0
1.26324
-0
-0
-0
-0
-0
-0
-0
-0
37.0521
10.2015
12.1455
-0
12.6316
-0
-0
17.657
9.20781
-0
-0
-0
-0
-0
52.3607
-0
1.04906
-0
-0
-0
-0
-0
-0
-0
-0
3.08157
-0
4.01526
-0
-0
7.59009
-0
-0
-0
-0
16.9811
-0
-0
-0
-0
-0
-0
-0
-0
-0
-0
19.3037
5.36915
-0
-0
-0
1.87108
-0
0.668827
17.2471
-0
-0
-0
-0
6.50159
-0
-0
32.2401
-0
-0
30.9349
-0
-0
47.164
23.9266
-0
-0
-0
-0
0.172083
-0
17.7007
-0
-0
5.92186
6.76918
47.1471
-0
-0
-0
-0
2.68198
-0
10.5307
-0
-0
-0
-0
-0
-0
-0
-0
-0
-0
25.2459
-0
-0
-0
-0
-0
32.8989
-0
-0
16.2098
-0
9.07866
-0
9.66651
31.6115
26.9283
9.49797
-0
16.2138
-0
-0
-0
10.7048
-0
-0
-0
9.60852
-0
-0
34.5446
19.7491
-0
-0
-0
-0
-0
-0
-0
-0
-0
26.2139
-0
-0
-0
-0
-0
-0
-0
32.851
24.7457
-0
3.78592
8.92916
27.8265
-0
-0
-0
-0
-0
-0
-0
-0
-0
-0
-0
-0
20.4381
-0
-0
-0
-0
-0
0.64187
22.9978
-0
36.298
-0
-0
-0
-0
17.1883
-0
25.1594
-0
-0
-0
-0
-0
-0
-0
-0
-0
-0
1.03638
-0
-0
-0
38.7911
10.6785
-0
12.5175
-0
-0
-0
53.454
-0
-0
4.96536
7.12603
-0
-0
-0
-0
-0
-0
24.9445
7.48949
16.6153
-0
-0
-0
-0
52.8075
35.0456
-0
-0
36.1678
-0
-0
40.5043
-0
-0
4.51343
-0
-0
-0
2.8825
-0
-0
-0
-0
-0
-0
-0
-0
-0
-0
23.2615
44.8237
-0
-0
-0
-0
1.33972
44.0868
-0
-0
-0
-0
-0
-0
17.0041
-0
23.4421
8.76899
-0
10.6436
-0
-0
-0
-0
-0
-0
-0
-0
3.89037
-0
13.9362
-0
16.0605
-0
-0
-0
-0
19.1606
3.97223
-0
-0
-0
-0
-0
-0
-0
-0
-0
-0
44.9977
-0
-0
-0
-0
-0
-0
-0
-0
-0
-0
13.0105
-0
-0
-0
-0
-0
-0
32.9783
-0
9.46476
-0
-0
-0
19.6608
-0
-0
-0
-0
-0
-0
-0
39.9876
-0
-0
-0
14.3758
-0
-0
-0
-0
-0
-0
24.9185
46.5232
-0
42.9516
-0
-0
-0
-0
-0
-0
-0
-0
-0
-0
-0
-0
-0
-0
-0
-0
5.68543
-0
-0
-0
-0
-0
-0
-0
-0
-0
-0
-0
-0
-0
-0
15.4152
-0
-0
-0
-0
-0
-0
1.36298
5.05698
-0
-0
-0
-0
-0
-0
-0
-0
19.9142
-0
16.9931
21.2091
-0
3.66957
5.60366
-0
-0
-0
-0
-0
-0
-0
-0
-0
-0
-0
-0
30.1646
-0
2.51287
-0
-0
-0
-0
-0
-0
-0
-0
-0
-0
-0
30.5987
-0
-0
-0
-0
-0
-0
18.6628
-0
-0
-0
-0
-0
-0
-0
-0
0.514116
-0
-0
-0
-0
-0
-0
-0
-0
-0
-0
18.0384
13.1599
-0
-0
-0
-0
-0
-0
18.9793
-0
-0
-0
-0
-0
49.0307
39.6341
17.0685
-0
-0
-0
1.78647
-0
-0
1.94274
-0
-0
-0
-0
-0
52.9063
28.8497
-0
-0
-0
-0
1.83151
-0
-0
-0
-0
9.70926
-0
-0
-0
-0
6.66235
-0
-0
-0
-0
-0
-0
-0
-0
2.454
-0
-0
-0
-0
-0
3.53709
-0
-0
-0
2.61262
-0
-0
-0
29.2287
-0
-0
35.3722
14.0535
39.458
-0
-0
-0
-0
-0
-0
0.0448322
-0
-0
-0
-0
18.5314
-0
-0
-0
-0
-0
-0
-0
-0
-0
-0
-0
-0
35.4116
11.5249
-0
-0
-0
-0
-0
-0
-0
-0
-0
24.1097
-0
-0
-0
-0
-0
-0
3.85662
-0
-0
40.56
-0
-0
-0
-0
-0
-0
-0
-0
9.55964
-0
-0
29.7609
-0
-0
-0
0.21323
1.35176
-0
-0
-0
-0
-0
12.5651
-0
-0
-0
9.76959
-0
-0
-0
-0
-0
-0
6.22783
-0
-0
-0
14.5658
5.66452
-0
-0
-0
-0
-0
-0
6.72968
18.9968
-0
31.8169
0.123588
-0
-0
-0
-0
12.2464
-0
-0
42.3858
-0
-0
-0
-0
26.0448
12.6196
-0
-0
-0
-0
8.79765
0.510364
-0
-0
-0
-0
-0
-0
-0
-0
-0
28.7279
-0
-0
-0
-0
-0
-0
-0
-0
-0
-0
-0
-0
-0
4.31514
-0
11.8906
-0
-0
-0
-0
-0
8.06231
-0
-0
-0
-0
-0
-0
-0
5.18149
-0
-0
-0
-0
23.3672
-0
-0
-0
4.98073
-0
-0
-0
-0
-0
-0
7.82884
-0
37.3672
-0
-0
1.00452
-0
-0
2.53457
0.374105
-0
-0
11.131
-0
-0
-0
-0
-0
-0
-0
-0
-0
-0
-0
-0
-0
-0
-0
-0
-0
-0
-0
-0
-0
-0
-0
-0
10.3225
-0
-0
-0
28.0426
-0
-0
-0
12.0306
9.18441
-0
-0
-0
-0
-0
-0
13.4204
-0
-0
-0
-0
17.2167
-0
9.44366
-0
-0
-0
-0
-0
-0
-0
-0
39.898
-0
-0
-0
-0
38.7885
-0
-0
-0
-0
13.5381
-0
-0
-0
-0
-0
-0
-0
7.72903
-0
2.83675
-0
16.2405
-0
-0
-0
-0
-0
-0
-0
-0
-0
-0
-0
-0
-0
-0
-0
8.31047
-0
-0
-0
6.29712
-0
-0
-0
-0
-0
-0
-0
-0
-0
-0
42.4625
30.3255
-0
15.3935
-0
6.84011
-0
-0
-0
-0
-0
-0
-0
3.90586
-0
-0
0.509904
29.0212
17.4171
9.26314
-0
-0
-0
-0
23.7526
-0
-0
-0
-0
7.51117
2.60903
-0
-0
-0
19.4647
-0
48.7131
-0
-0
-0
48.148
-0
18.1132
-0
7.65556
4.3938
-0
-0
-0
-0
-0
-0
-0
-0
-0
4.93266
-0
-0
-0
-0
-0
3.76538
7.80303
-0
46.2796
-0
-0
-0
-0
-0
4.55319
-0
-0
22.0687
-0
-0
-0
6.12555
-0
-0
48.3772
-0
-0
-0
-0
-0
-0
-0
-0
-0
-0
-0
-0
-0
-0
-0
17.7822
-0
-0
-0
-0
-0
19.4443
35.7277
27.6782
-0
-0
-0
16.6158
-0
-0
-0
1.6404
8.18675
-0
34.2713
-0
-0
-0
-0
-0
4.1262
6.50455
-0
-0
-0
-0
20.909
-0
-0
-0
24.0348
20.8492
1.25344
-0
26.1965
-0
11.7238
22.7608
34.6877
29.3115
-0
-0
-0
-0
-0
-0
-0
-0
-0
-0
-0
-0
6.83562
-0
-0
-0
-0
-0
-0
-0
-0
7.02904
-0
-0
-0
-0
-0
6.02434
-0
-0
16.9317
-0
-0
-0
-0
-0
-0
-0
-0
12.2758
-0
-0
-0
-0
-0
8.46272
-0
-0
-0
-0
1.84521
-0
7.73719
15.1794
-0
-0
-0
-0
-0
-0
-0
-0
-0
29.3358
-0
0.206385
-0
6.61078
-0
11.0232
-0
39.5551
-0
-0
-0
-0
-0
22.1222
-0
-0
-0
-0
10.7929
-0
-0
37.4154
-0
-0
-0
50.4198
-0
-0
-0
-0
-0
-0
-0
2.15238
-0
-0
10.2881
-0
21.5586
-0
-0
-0
-0
-0
-0
-0
-0
-0
19.0815
-0
11.7158
-0
-0
-0
16.2276
-0
-0
-0
-0
16.4418
-0
24.9368
-0
19.9419
-0
-0
-0
-0
-0
-0
-0
-0
-0
-0
-0
-0
-0
-0
-0
-0
-0
10.6928
9.07664
-0
-0
-0
-0
17.7129
14.4283
-0
-0
-0
-0
-0
-0
-0
-0
-0
-0
-0
-0
-0
-0
15.3784
15.8947
-0
5.29098
-0
-0
-0
-0
-0
-0
39.2064
-0
-0
-0
-0
-0
-0
-0
-0
-0
-0
28.6805
-0
-0
-0
-0
-0
-0
-0
-0
-0
-0
-0
-0
4.07591
-0
-0
28.8149
1.60638
-0
15.5374
-0
5.08933
31.5496
25.3278
-0
-0
-0
-0
-0
31.773
-0
-0
-0
-0
-0
1.47181
42.6826
-0
-0
2.95601
0.141224
-0
-0
-0
6.31247
3.06112
1.66634
-0
0.114349
-0
-0
-0
-0
-0
-0
-0
-0
7.51141
-0
-0
14.4434
-0
-0
-0
-0
-0
-0
-0
-0
-0
30.2493
-0
-0
18.5897
-0
-0
-0
1.47521
-0
-0
-0
-0
-0
-0
-0
-0
-0
-0
-0
-0
22.2676
5.51317
-0
-0
-0
-0
-0
-0
2.32562
-0
-0
-0
2.24663
-0
-0
-0
-0
18.8499
-0
-0
-0
1.34629
-0
-0
-0
-0
-0
15.913
41.257
-0
-0
-0
2.14003
10.2488
-0
-0
14.6671
-0
-0
-0
37.35
-0
21.7931
11.8172
-0
6.07875
-0
-0
-0
-0
-0
-0
-0
2.67098
-0
-0
-0
-0
-0
-0
7.52792
-0
-0
3.1038
-0
-0
3.55867
8.51995
-0
7.96914
-0
-0
-0
-0
-0
0.885507
-0
-0
-0
-0
-0
-0
-0
-0
-0
-0
-0
-0
-0
-0
-0
-0
-0
-0
10.5364
21.8428
-0
3.91088
-0
-0
-0
-0
12.0513
-0
-0
-0
-0
-0
-0
24.6847
-0
-0
35.361
-0
-0
-0
-0
-0
30.5696
-0
-0
27.8026
-0
-0
-0
-0
-0
-0
-0
-0
-0
-0
-0
20.9221
-0
-0
-0
-0
-0
-0
-0
-0
39.0592
-0
44.2386
4.37972
-0
5.47442
-0
8.13484
2.63467
-0
-0
-0
-0
5.99263
15.5904
-0
-0
-0
-0
13.696
-0
-0
-0
-0
57.4005
-0
-0
-0
-0
20.9859
-0
-0
-0
-0
5.01068
-0
-0
6.62185
-0
-0
2.13811
-0
5.24847
-0
-0
-0
-0
-0
-0
-0
-0
-0
-0
4.26369
-0
-0
-0
-0
-0
-0
-0
2.19307
-0
-0
-0
10.8857
24.3405
-0
-0
-0
-0
42.7463
-0
-0
8.51449
-0
1.94098
-0
-0
-0
-0
-0
0.797762
-0
-0
-0
-0
-0
-0
-0
-0
8.56752
-0
-0
16.7845
-0
-0
-0
-0
-0
-0
-0
-0
15.5935
-0
-0
0.965143
-0
-0
-0
-0
-0
-0
-0
-0
0.716957
0.458347
-0
-0
-0
-0
-0
18.876
-0
-0
-0
-0
-0
5.80403
-0
-0
-0
-0
-0
-0
-0
-0
-0
15.2403
-0
2.22515
18.8161
1.59932
-0
10.9248
-0
-0
-0
-0
-0
-0
33.257
31.88
15.0859
-0
-0
-0
-0
6.42392
-0
-0
-0
0.483414
-0
27.1165
-0
-0
-0
-0
-0
1.27551
-0
-0
-0
-0
-0
30.7247
0.78938
-0
-0
-0
-0
-0
-0
31.2207
-0
-0
-0
22.0524
-0
13.9762
-0
-0
-0
-0
-0
-0
-0
-0
2.70922
-0
-0
-0
-0
15.6525
-0
15.9461
1.9535
-0
5.89806
-0
-0
-0
-0
-0
-0
-0
25.177
-0
-0
-0
-0
-0
-0
11.8977
-0
-0
-0
-0
32.7513
2.06267
-0
44.9286
-0
-0
-0
-0
-0
11.8365
-0
49.9149
19.2756
-0
-0
-0
-0
-0
-0
-0
-0
-0
26.9962
6.03769
-0
-0
-0
-0
2.93003
21.6743
-0
-0
-0
-0
-0
-0
-0
1.51986
-0
-0
1.62627
-0
13.9939
-0
22.4313
-0
17.8768
-0
24.6264
-0
-0
-0
-0
-0
10.2585
-0
22.2073
-0
-0
-0
-0
-0
-0
-0
-0
12.7888
-0
-0
17.4689
-0
-0
-0
3.75647
-0
-0
6.04292
-0
-0
-0
10.2382
-0
-0
-0
8.54772
-0
-0
19.7162
-0
-0
17.1904
-0
-0
-0
19.2386
-0
-0
13.4475
-0
-0
28.3985
-0
-0
-0
-0
6.87444
-0
-0
-0
-0
15.0339
-0
-0
10.2388
-0
44.8353
-0
-0
-0
-0
-0
-0
-0
-0
-0
-0
-0
-0
-0
8.83626
-0
-0
39.4534
-0
-0
-0
39.6564
-0
-0
-0
-0
-0
6.04064
-0
7.8334
-0
28.4825
34.032
-0
-0
0.00189352
-0
-0
-0
-0
-0
-0
-0
12.6582
-0
-0
34.5386
13.3886
27.6585
-0
2.67785
-0
-0
-0
-0
-0
-0
25.4592
1.86054
36.9396
-0
-0
-0
-0
-0
-0
-0
-0
28.3667
-0
-0
34.237
47.8931
-0
-0
-0
-0
-0
-0
-0
32.3086
-0
50.4467
-0
-0
-0
3.5854
16.6309
-0
-0
-0
-0
-0
15.7107
40.4008
-0
-0
-0
-0
-0
-0
-0
-0
-0
-0
-0
-0
-0
9.64228
-0
-0
5.96466
-0
-0
-0
-0
-0
-0
-0
42.4404
-0
8.05994
16.9926
2.75568
-0
-0
-0
-0
-0
-0
3.91477
-0
12.0776
-0
-0
-0
-0
-0
-0
-0
-0
-0
-0
-0
-0
-0
-0
-0
-0
-0
-0
30.4113
-0
-0
0.229299
31.5273
9.1532
34.1199
-0
-0
-0
9.94152
-0
-0
-0
-0
4.28977
-0
-0
8.87023
-0
10.6071
-0
-0
24.3491
-0
-0
-0
-0
-0
-0
45.9257
-0
-0
-0
-0
-0
-0
-0
-0
-0
-0
-0
-0
-0
-0
-0
2.14616
-0
2.16437
56.0467
19.3122
-0
-0
-0
-0
1.30371
-0
19.7563
-0
-0
-0
30.8457
-0
-0
-0
-0
-0
-0
-0
-0
-0
-0
-0
-0
-0
-0
8.84543
5.84584
5.83312
-0
-0
-0
-0
-0
-0
-0
9.31819
-0
-0
-0
37.7742
-0
-0
16.5132
-0
-0
-0
-0
-0
-0
-0
-0
-0
-0
-0
-0
27.4107
-0
-0
-0
-0
7.90473
-0
-0
-0
-0
33.9387
-0
-0
-0
16.9962
-0
-0
-0
10.1533
-0
-0
-0
-0
-0
-0
22.7253
-0
-0
-0
-0
-0
-0
-0
6.89334
4.69444
4.76603
-0
27.2404
-0
-0
-0
-0
-0
-0
-0
-0
-0
40.4384
-0
-0
-0
-0
-0
-0
-0
-0
-0
19.5821
10.09
-0
-0
28.1293
-0
37.9046
12.1112
-0
-0
-0
24.5541
-0
-0
-0
2.88303
-0
-0
-0
-0
-0
-0
-0
-0
-0
-0
-0
-0
-0
-0
-0
-0
-0
-0
-0
-0
-0
-0
3.32735
-0
-0
-0
-0
-0
-0
-0
31.3148
-0
-0
-0
-0
19.5848
-0
-0
-0
-0
-0
-0
7.14965
-0
-0
-0
18.4068
-0
-0
-0
-0
8.19417
-0
30.972
32.7532
32.7368
-0
5.62105
-0
-0
16.5981
15.4333
-0
-0
-0
-0
-0
-0
-0
3.33684
-0
-0
-0
-0
-0
-0
-0
-0
5.60102
3.33006
-0
-0
-0
-0
62.2846
3.83728
-0
-0
-0
-0
-0
-0
-0
-0
15.0433
-0
-0
-0
-0
-0
-0
-0
44.28
-0
8.13141
-0
-0
-0
-0
-0
25.3734
29.2086
8.10578
-0
-0
19.3242
-0
-0
-0
48.9027
-0
-0
-0
13.107
25.3608
2.33187
-0
-0
