0.635451
-0
-0
-0
-0
28.9696
-0
10.3547
56.8064
-0
33.0325
-0
-0
-0
-0
21.839
-0
-0
-0
-0
-0
-0
-0
-0
-0
-0
-0
13.0167
-0
-0
-0
-0
-0
-0
2.91441
-0
-0
-0
-0
-0
-0
-0
-0
37.3075
-0
-0
-0
-0
-0
-0
-0
-0
-0
-0
-0
-0
16.7128
1.78194
40.8639
-0
-0
-0
-0
-0
-0
-0
4.08767
25.9144
-0
1.27996
-0
-0
-0
-0
-0
1.20691
11.9126
-0
-0
-0
-0
59.397
-0
-0
19.0287
4.44595
-0
10.7481
-0
-0
-0
-0
-0
-0
-0
-0
14.0026
-0
3.82696
-0
-0
-0
-0
-0
-0
-0
21.2372
-0
-0
15.6233
18.4218
-0
-0
-0
-0
-0
-0
-0
31.5569
-0
-0
-0
33.583
-0
18.7479
-0
-0
-0
-0
24.259
-0
23.19
34.4626
-0
-0
-0
21.0986
14.3325
-0
8.11007
3.20579
-0
6.23837
-0
21.8445
-0
-0
-0
-0
-0
-0
-0
-0
-0
30.2526
-0
46.8243
-0
-0
0.107799
45.1237
-0
-0
5.88068
-0
4.95773
49.8464
-0
-0
21.679
-0
13.7191
-0
-0
1.55013
-0
-0
-0
1.69616
-0
6.1931
-0
-0
-0
-0
39.0546
-0
-0
41.0658
-0
-0
-0
-0
0.219332
-0
-0
-0
-0
-0
-0
-0
-0
6.11775
-0
-0
10.4063
-0
-0
-0
-0
-0
-0
1.39033
-0
-0
-0
-0
10.5716
-0
-0
-0
-0
-0
37.0071
-0
-0
-0
-0
-0
-0
-0
-0
-0
-0
-0
-0
-0
-0
-0
-0
-0
-0
-0
-0
-0
-0
28.3154
-0
-0
-0
-0
-0
-0
-0
11.535
-0
-0
9.87487
10.828
-0
-0
-0
-0
-0
-0
-0
5.35954
-0
-0
-0
-0
4.54304
4.96613
36.9068
-0
-0
-0
-0
-0
-0
26.6744
3.03099
-0
12.66
-0
-0
-0
6.29773
-0
-0
-0
-0
38.3562
-0
0.141571
-0
-0
-0
-0
7.49439
-0
-0
4.2544
5.30048
-0
20.3155
-0
-0
10.1301
-0
-0
44.5272
-0
-0
-0
0.630711
-0
-0
-0
0.947534
-0
-0
5.66378
29.456
33.9507
-0
-0
-0
-0
23.6258
-0
-0
-0
-0
-0
-0
-0
2.15539
-0
11.8035
-0
-0
-0
-0
-0
-0
29.3483
-0
-0
-0
-0
-0
-0
-0
27.1155
-0
-0
-0
-0
-0
29.1894
-0
-0
9.93427
3.01573
1.64649
-0
-0
37.2168
-0
-0
0.675162
0.690247
46.9832
-0
-0
5.70397
-0
-0
-0
-0
-0
-0
-0
-0
0.731248
-0
15.7625
-0
-0
-0
-0
-0
-0
-0
18.2442
-0
8.90763
-0
10.3595
7.28049
8.80918
-0
-0
-0
-0
-0
-0
-0
14.0138
-0
-0
-0
-0
-0
23.7367
-0
-0
-0
-0
31.6914
-0
-0
-0
-0
-0
26.0688
3.63907
-0
-0
-0
46.1975
28.5304
-0
37.6632
-0
12.5204
-0
-0
2.28505
-0
-0
3.62499
-0
-0
-0
-0
-0
-0
-0
29.4234
-0
-0
-0
4.57599
21.554
-0
-0
-0
-0
-0
-0
-0
-0
19.821
-0
-0
-0
-0
-0
-0
-0
-0
-0
-0
-0
15.0963
-0
-0
-0
-0
-0
-0
-0
-0
-0
-0
16.2861
-0
-0
1.57099
-0
-0
-0
-0
26.1542
-0
-0
-0
-0
-0
-0
6.17606
0.0874321
-0
-0
-0
-0
-0
34.9142
-0
-0
-0
-0
-0
-0
-0
-0
25.1025
-0
-0
-0
-0
29.6963
-0
-0
20.6602
1.16038
-0
5.10726
-0
-0
-0
-0
17.0101
-0
-0
21.341
0.516233
-0
-0
-0
-0
-0
-0
-0
8.48538
10.2025
-0
31.6192
-0
-0
-0
-0
59.9701
9.72775
-0
-0
-0
19.9686
-0
-0
7.82832
-0
-0
-0
-0
-0
-0
11.1451
-0
-0
-0
55.7604
55.2821
29.0726
-0
-0
17.6208
9.07592
-0
-0
-0
-0
-0
-0
-0
-0
28.3813
49.7896
-0
-0
-0
-0
-0
-0
-0
6.52412
-0
-0
-0
-0
-0
-0
-0
-0
-0
-0
-0
3.69408
-0
-0
0.372512
-0
-0
-0
19.8189
-0
-0
-0
-0
-0
-0
9.41759
-0
-0
-0
-0
27.7674
-0
-0
8.45755
-0
-0
-0
-0
-0
-0
-0
-0
-0
-0
-0
-0
-0
-0
-0
-0
-0
-0
-0
-0
-0
-0
-0
10.1529
-0
-0
-0
-0
11.0248
-0
16.4372
-0
-0
25.4433
-0
-0
-0
-0
-0
-0
-0
-0
-0
-0
-0
-0
-0
15.3074
13.2347
12.9016
30.2828
-0
-0
21.8345
-0
-0
-0
-0
-0
-0
11.9244
-0
-0
7.65145
-0
-0
-0
-0
-0
-0
-0
2.17725
-0
-0
-0
-0
-0
-0
-0
15.9474
-0
-0
-0
-0
-0
-0
-0
-0
-0
29.1441
-0
-0
-0
-0
-0
-0
-0
3.58295
16.8294
-0
-0
-0
-0
-0
-0
2.28579
54.944
-0
-0
-0
-0
-0
-0
18.0408
-0
-0
-0
39.9754
24.7146
-0
-0
-0
-0
-0
-0
-0
45.9217
-0
-0
7.26304
-0
-0
-0
-0
19.0807
-0
-0
-0
-0
-0
-0
-0
-0
-0
-0
-0
-0
-0
-0
-0
-0
-0
4.0338
-0
-0
-0
-0
-0
-0
-0
-0
-0
21.6058
-0
-0
-0
-0
-0
-0
-0
-0
-0
-0
-0
-0
-0
3.81008
-0
-0
-0
-0
-0
-0
-0
-0
16.1046
-0
19.6693
-0
-0
-0
-0
-0
-0
-0
4.81916
11.7848
9.34015
15.3812
-0
49.8115
25.5204
-0
-0
59.0899
3.1525
-0
-0
-0
-0
-0
-0
-0
6.00996
4.96013
-0
-0
24.3624
-0
-0
-0
19.2243
-0
-0
30.4018
-0
-0
-0
-0
-0
-0
-0
-0
-0
-0
-0
-0
11.2653
-0
-0
-0
0.268648
-0
47.8944
-0
-0
-0
-0
-0
41.4479
-0
-0
-0
41.8236
2.07931
10.8602
-0
-0
-0
-0
-0
-0
-0
-0
28.8614
-0
-0
20.9796
-0
23.2005
-0
0.595892
-0
-0
-0
-0
-0
-0
23.7659
-0
-0
-0
-0
-0
-0
33.8444
17.9424
-0
-0
26.7536
-0
2.49565
-0
15.0957
-0
18.9918
-0
-0
-0
-0
-0
18.2294
-0
-0
-0
46.6285
-0
21.5716
-0
7.06533
-0
-0
5.2318
-0
3.63731
-0
-0
-0
-0
2.79684
-0
-0
-0
-0
-0
-0
-0
-0
-0
-0
24.3282
-0
4.72335
22.1622
-0
-0
-0
32.4749
-0
-0
-0
-0
-0
-0
-0
28.3991
-0
-0
-0
-0
-0
-0
-0
-0
-0
-0
-0
-0
-0
12.6372
-0
-0
-0
7.62351
19.3398
-0
-0
12.3962
-0
-0
43.7331
-0
-0
-0
-0
41.9025
-0
-0
-0
-0
-0
41.3997
25.0217
-0
-0
-0
-0
-0
-0
-0
-0
-0
-0
17.3958
-0
-0
31.1411
2.49149
-0
-0
-0
-0
13.0053
-0
-0
-0
-0
-0
-0
-0
-0
-0
17.606
-0
-0
2.76806
-0
-0
-0
28.5684
19.5922
-0
-0
-0
14.0073
-0
-0
17.2719
-0
-0
-0
-0
-0
26.394
-0
-0
-0
-0
-0
-0
-0
10.9107
-0
17.0611
-0
-0
-0
-0
-0
-0
-0
-0
-0
-0
-0
-0
5.75835
1.46223
-0
-0
-0
-0
-0
-0
-0
-0
-0
15.3767
-0
-0
51.241
-0
-0
-0
9.04733
-0
-0
-0
-0
24.9189
-0
24.9743
-0
-0
-0
-0
39.2705
-0
-0
-0
-0
-0
20.01
-0
-0
-0
-0
-0
-0
-0
9.56165
8.59628
-0
-0
-0
-0
-0
50.112
-0
-0
-0
-0
14.9617
-0
-0
-0
-0
47.0591
6.79889
-0
-0
-0
-0
31.5093
-0
-0
47.2089
-0
-0
2.65046
-0
-0
-0
35.7832
-0
-0
-0
-0
-0
-0
24.1565
-0
-0
-0
16.6842
-0
2.92471
-0
-0
15.1652
24.6015
22.6906
51.6158
-0
-0
-0
-0
-0
-0
-0
-0
0.768645
-0
-0
-0
8.8709
-0
-0
-0
-0
5.43988
-0
-0
1.27493
-0
-0
-0
-0
-0
-0
-0
-0
-0
-0
-0
-0
24.2332
-0
40.675
-0
-0
-0
-0
0.364625
-0
-0
40.1467
14.0357
-0
28.0505
-0
-0
-0
3.32576
17.5407
-0
14.8314
1.32907
-0
-0
-0
-0
-0
-0
-0
-0
-0
82.5447
-0
1.48568
12.9115
-0
-0
6.39768
1.99324
-0
-0
-0
45.2912
-0
5.3722
1.66729
-0
-0
-0
-0
-0
28.2084
-0
-0
-0
6.19588
-0
18.7374
-0
-0
-0
-0
-0
-0
4.47844
-0
-0
-0
-0
19.8156
-0
33.9346
-0
3.64577
-0
24.0962
-0
71.3531
-0
-0
6.21117
-0
-0
16.9972
-0
-0
-0
-0
9.02806
57.3481
-0
9.1505
21.4617
-0
-0
-0
-0
-0
-0
-0
-0
-0
-0
-0
52.4664
53.09
-0
-0
-0
-0
-0
-0
-0
48.3259
-0
-0
8.1543
51.5534
-0
-0
-0
24.1701
-0
-0
-0
-0
33.6783
-0
-0
-0
-0
-0
-0
-0
22.3893
35.2082
-0
-0
-0
-0
-0
-0
-0
-0
28.4242
11.3087
-0
-0
14.1636
-0
45.5159
24.513
-0
-0
-0
32.254
-0
1.44352
-0
-0
-0
-0
-0
-0
-0
-0
28.6053
-0
-0
-0
-0
-0
-0
-0
8.24997
8.77031
-0
-0
-0
6.04677
-0
42.0388
-0
31.9749
-0
-0
-0
-0
25.5731
-0
-0
-0
-0
-0
-0
-0
-0
52.871
-0
21.5257
-0
-0
27.357
-0
-0
-0
-0
-0
-0
10.1307
-0
-0
-0
-0
-0
-0
25.5145
25.6903
-0
1.48945
13.2931
-0
-0
40.2079
-0
38.5884
39.44
-0
-0
-0
-0
-0
-0
-0
-0
-0
-0
-0
7.57974
-0
-0
-0
-0
3.33177
-0
-0
-0
-0
-0
-0
-0
-0
-0
-0
-0
-0
-0
21.1707
14.5808
-0
26.5373
-0
-0
-0
-0
-0
-0
-0
-0
-0
-0
-0
39.9677
-0
-0
-0
-0
2.89952
-0
-0
-0
-0
-0
-0
-0
-0
-0
-0
-0
10.4493
-0
-0
2.76741
-0
-0
-0
13.2731
-0
-0
-0
-0
-0
-0
-0
-0
-0
-0
20.2773
-0
-0
-0
-0
82.5024
25.922
-0
-0
-0
-0
-0
-0
-0
12.6581
-0
-0
26.2898
7.63194
-0
-0
21.4547
-0
-0
-0
0.746929
-0
-0
-0
-0
-0
-0
-0
-0
22.8882
-0
22.1502
-0
-0
-0
-0
-0
-0
-0
-0
-0
-0
-0
-0
12.3897
-0
-0
-0
-0
-0
-0
52.4117
-0
39.8644
-0
-0
-0
18.2644
-0
-0
-0
57.5708
-0
-0
-0
-0
56.6904
-0
-0
34.3179
-0
-0
59.5037
-0
15.2315
-0
-0
-0
-0
-0
-0
-0
-0
-0
-0
-0
12.7303
-0
-0
17.3083
-0
1.78594
42.4452
-0
-0
8.58884
-0
-0
5.70605
-0
-0
47.8795
12.9059
-0
-0
-0
5.78742
-0
-0
-0
-0
2.90009
-0
-0
-0
23.2547
-0
28.0491
-0
-0
-0
-0
-0
1.57294
-0
-0
-0
83.1629
-0
-0
-0
-0
-0
-0
20.2242
53.1478
22.4568
4.09376
11.571
-0
-0
-0
-0
-0
3.24156
-0
-0
-0
17.235
-0
-0
-0
-0
-0
-0
-0
93.7548
-0
-0
-0
-0
-0
46.1039
-0
-0
-0
-0
5.79681
-0
24.2181
-0
5.32381
-0
76.0952
-0
12.4028
-0
-0
-0
-0
-0
-0
-0
-0
-0
59.3152
15.7599
-0
-0
-0
-0
-0
2.77274
-0
-0
-0
-0
-0
-0
-0
26.7563
-0
20.7838
-0
-0
13.3749
-0
-0
-0
-0
-0
3.18158
-0
-0
78.4958
-0
9.76235
45.2948
-0
37.2574
-0
-0
-0
-0
-0
-0
-0
-0
25.2232
20.4011
-0
-0
-0
-0
-0
-0
-0
7.71085
-0
0.88418
-0
-0
13.4811
-0
0.66203
-0
-0
26.4956
-0
-0
-0
26.1352
10.9484
-0
-0
11.2485
20.5531
-0
-0
2.87132
-0
-0
53.79
-0
-0
-0
40.1734
24.9436
-0
-0
-0
-0
-0
-0
-0
-0
-0
-0
-0
29.9367
-0
-0
9.55583
-0
-0
-0
-0
-0
-0
-0
-0
-0
-0
-0
-0
-0
-0
2.10165
-0
37.9234
-0
-0
-0
-0
-0
-0
-0
10.2222
-0
-0
-0
-0
-0
-0
-0
-0
-0
-0
7.17694
-0
-0
-0
-0
-0
-0
-0
-0
-0
-0
30.2271
7.89886
-0
-0
-0
-0
-0
-0
1.57521
-0
-0
10.823
-0
14.1115
17.3141
26.3781
7.19318
-0
-0
67.1417
-0
2.7577
18.951
-0
-0
16.8262
-0
45.5773
-0
-0
-0
9.89696
-0
-0
-0
-0
10.5201
-0
-0
-0
-0
7.34937
-0
-0
51.7656
-0
-0
-0
-0
-0
-0
-0
-0
-0
59.4725
-0
-0
-0
45.8989
-0
-0
-0
24.5071
-0
-0
22.5231
-0
-0
-0
-0
-0
-0
31.6166
-0
1.94843
-0
-0
-0
-0
-0
-0
-0
-0
1.16328
-0
40.5859
-0
-0
-0
-0
-0
11.4865
-0
8.84426
-0
-0
-0
-0
27.6
-0
13.1816
-0
-0
-0
20.2589
20.0792
1.28277
-0
-0
-0
-0
-0
40.9162
-0
-0
-0
-0
13.1757
-0
-0
18.3496
-0
-0
35.9701
-0
-0
25.3418
56.0968
-0
-0
-0
-0
46.8321
12.1466
36.2964
-0
-0
13.2356
-0
15.1695
-0
-0
-0
-0
0.903674
-0
6.37626
-0
-0
-0
-0
0.129627
-0
-0
-0
7.4738
-0
50.104
-0
-0
12.2537
-0
-0
11.2309
-0
-0
-0
0.626504
-0
-0
5.02631
-0
42.5577
2.37835
-0
77.076
-0
-0
-0
19.7654
-0
-0
-0
12.1379
-0
-0
69.0757
-0
-0
-0
-0
-0
19.1677
1.68163
-0
-0
-0
31.6077
-0
-0
39.7312
-0
5.40976
-0
-0
43.0384
11.7605
-0
2.3395
3.37613
4.52677
-0
-0
-0
-0
0.752726
-0
-0
-0
-0
-0
-0
-0
9.57743
-0
-0
-0
-0
7.40368
0.767601
15.9284
-0
27.1933
-0
-0
-0
0.734518
13.6297
-0
18.9218
1.60585
-0
-0
-0
-0
-0
-0
-0
-0
-0
0.96921
-0
-0
-0
-0
30.0099
-0
12.4841
-0
-0
-0
35.9277
-0
-0
28.1561
-0
-0
-0
1.14316
-0
-0
-0
51.7496
-0
26.5868
-0
-0
-0
-0
-0
40.8226
-0
-0
50.2929
-0
-0
31.2921
-0
-0
18.068
-0
-0
-0
16.1713
-0
-0
-0
-0
-0
4.66251
-0
-0
-0
-0
52.9283
28.8421
-0
-0
-0
-0
4.0911
9.4788
-0
35.8734
-0
-0
-0
-0
-0
-0
39.7474
29.1017
-0
5.77153
-0
-0
-0
-0
-0
-0
-0
-0
6.73232
31.5389
18.8236
-0
14.784
-0
-0
-0
-0
-0
3.70491
-0
-0
-0
5.02135
-0
-0
-0
-0
-0
-0
29.8585
-0
-0
-0
-0
-0
-0
-0
-0
43.0567
-0
56.8573
-0
-0
-0
-0
-0
-0
8.1162
-0
-0
-0
-0
-0
-0
-0
-0
-0
34.0455
-0
-0
-0
51.6118
-0
16.0261
5.60198
37.5605
-0
-0
-0
-0
-0
-0
21.3397
-0
-0
-0
-0
-0
-0
-0
5.17743
-0
-0
-0
-0
-0
-0
-0
-0
-0
-0
-0
1.82029
-0
-0
-0
-0
-0
-0
-0
-0
-0
-0
-0
-0
-0
-0
26.8022
-0
-0
2.00675
-0
-0
-0
4.49616
-0
-0
-0
-0
-0
14.1181
-0
-0
-0
-0
-0
17.1296
19.2636
-0
-0
-0
-0
33.1581
-0
-0
-0
-0
-0
-0
-0
-0
-0
-0
-0
24.7251
6.1678
-0
-0
-0
-0
-0
-0
-0
-0
-0
-0
-0
18.3286
-0
-0
-0
-0
-0
-0
40.9918
-0
-0
-0
-0
-0
19.1465
6.50624
-0
-0
-0
-0
5.29592
-0
-0
-0
-0
-0
-0
-0
33.3173
9.04357
8.09705
11.1534
-0
-0
-0
-0
-0
-0
-0
-0
0.890485
-0
18.7091
35.2779
63.6072
6.58882
-0
-0
-0
-0
7.78878
9.37167
-0
-0
-0
-0
-0
52.3966
9.04614
-0
-0
-0
-0
-0
6.11967
-0
-0
-0
8.22613
-0
-0
-0
-0
-0
-0
-0
-0
-0
-0
-0
-0
-0
-0
-0
12.3493
-0
-0
-0
-0
-0
-0
-0
15.3882
5.29992
-0
-0
43.5433
-0
3.59903
13.2046
42.9728
28.1249
-0
-0
-0
-0
-0
-0
-0
-0
-0
-0
-0
25.3028
-0
-0
-0
-0
-0
-0
-0
-0
-0
-0
-0
-0
40.4918
19.5739
-0
-0
-0
-0
-0
-0
12.6317
-0
-0
-0
-0
-0
-0
-0
-0
-0
4.46042
-0
-0
27.0078
-0
-0
27.3243
-0
-0
-0
-0
-0
-0
-0
-0
31.6466
6.16563
-0
-0
-0
5.19922
-0
-0
-0
-0
-0
35.728
-0
-0
-0
3.97662
-0
-0
-0
11.6299
-0
-0
6.93334
-0
-0
-0
12.0703
-0
-0
-0
-0
-0
24.042
25.7611
-0
21.8594
-0
57.142
-0
-0
-0
-0
-0
23.8158
24.0095
-0
48.663
4.89387
-0
-0
-0
28.3483
8.79202
-0
-0
-0
-0
51.8954
-0
-0
-0
-0
-0
-0
14.7675
0.296647
-0
-0
-0
-0
-0
-0
-0
-0
-0
-0
-0
-0
-0
-0
-0
-0
-0
-0
11.591
-0
17.6244
-0
21.7316
-0
-0
-0
-0
-0
-0
-0
-0
-0
23.2604
-0
-0
-0
-0
45.1736
-0
-0
-0
-0
-0
-0
-0
-0
20.4837
-0
4.24938
-0
-0
-0
-0
-0
-0
-0
27.944
-0
-0
8.03506
-0
-0
-0
-0
-0
-0
-0
-0
-0
-0
-0
-0
-0
-0
-0
-0
-0
-0
-0
-0
-0
-0
-0
-0
-0
9.64478
-0
-0
-0
4.38997
-0
11.4477
-0
6.1601
3.22089
-0
-0
-0
6.29534
-0
-0
-0
-0
-0
-0
-0
3.11974
-0
-0
-0
-0
-0
44.878
-0
-0
-0
-0
37.1686
-0
19.2939
-0
10.4372
9.98829
-0
-0
-0
-0
-0
-0
-0
-0
-0
25.4186
-0
-0
11.0306
-0
26.017
-0
-0
5.56787
-0
-0
-0
-0
-0
-0
-0
-0
-0
18.8534
-0
-0
-0
-0
45.5626
-0
-0
-0
-0
-0
-0
-0
-0
-0
-0
7.3667
-0
-0
-0
35.8277
61.6032
-0
-0
-0
-0
-0
-0
-0
-0
-0
-0
-0
5.9459
-0
-0
-0
-0
14.7563
6.79007
-0
-0
-0
15.7779
-0
-0
-0
-0
-0
-0
-0
-0
-0
-0
19.2309
-0
62.7107
-0
-0
-0
85.8448
-0
9.9773
-0
15.5519
-0
-0
-0
-0
-0
-0
-0
21.4351
-0
-0
-0
-0
-0
-0
10.6106
-0
20.094
-0
-0
37.918
-0
-0
42.9149
-0
-0
39.0767
-0
-0
45.8693
-0
-0
-0
-0
-0
-0
62.8738
-0
-0
-0
-0
-0
-0
-0
-0
-0
-0
-0
-0
-0
-0
-0
21.49
-0
-0
-0
-0
-0
11.5029
47.0608
54.0446
-0
-0
-0
-0
-0
-0
-0
9.80777
-0
-0
19.6175
-0
-0
-0
-0
-0
-0
1.12106
-0
-0
-0
-0
-0
11.8274
-0
-0
33.1944
31.5641
17.6954
-0
31.9377
-0
65.265
23.3586
29.838
30.9293
-0
-0
-0
23.2102
-0
-0
3.85785
-0
-0
-0
-0
-0
28.01
-0
-0
-0
-0
-0
0.835649
-0
-0
-0
-0
-0
-0
-0
-0
17.7138
-0
-0
20.5791
-0
-0
-0
-0
-0
-0
-0
-0
-0
-0
-0
-0
-0
4.67722
18.6926
-0
7.40956
-0
-0
18.6315
-0
9.6782
2.67422
-0
-0
-0
-0
-0
-0
2.23788
-0
-0
14.4276
-0
10.1881
6.98444
6.67228
15.8978
-0
-0
14.7318
-0
-0
-0
-0
-0
-0
6.63557
-0
-0
-0
1.80453
-0
-0
30.5976
-0
-0
-0
-0
-0
-0
-0
-0
-0
-0
-0
-0
-0
-0
-0
19.7641
28.5891
-0
-0
-0
-0
-0
-0
28.9145
-0
-0
68.236
-0
11.4519
-0
-0
-0
21.8453
-0
-0
-0
-0
26.7811
-0
20.3663
-0
11.6547
-0
-0
-0
4.16918
-0
-0
-0
-0
-0
-0
-0
-0
-0
-0
-0
-0
-0
-0
-0
-0
-0
-0
-0
41.2075
24.7488
-0
-0
-0
-0
-0
-0
-0
-0
-0
-0
3.09086
-0
-0
-0
38.4442
-0
-0
-0
-0
-0
-0
-0
-0
-0
19.617
-0
-0
-0
-0
-0
-0
-0
-0
-0
-0
46.8091
-0
-0
-0
-0
-0
-0
-0
-0
-0
-0
-0
16.6896
-0
-0
-0
30.5078
-0
-0
11.4227
-0
38.5076
3.89991
15.8882
-0
-0
-0
-0
-0
-0
-0
-0
-0
-0
-0
1.79243
36.2478
-0
-0
-0
48.5555
-0
-0
-0
-0
-0
17.9693
-0
0.607181
-0
-0
-0
-0
-0
-0
21.7119
-0
-0
-0
-0
-0
-0
17.1535
-0
-0
5.43248
-0
-0
-0
-0
11.5622
13.8599
-0
16.3082
-0
-0
-0
-0
-0
-0
-0
-0
-0
-0
-0
-0
-0
-0
-0
-0
8.22597
-0
-0
-0
-0
26.82
-0
-0
1.4096
-0
-0
-0
-0
-0
-0
-0
-0
11.4788
-0
-0
-0
-0
5.27788
-0
-0
-0
-0
-0
22.5053
-0
-0
-0
-0
-0
-0
11.2545
-0
-0
-0
-0
-0
-0
7.96133
-0
-0
-0
-0
-0
-0
-0
-0
-0
-0
-0
-0
-0
-0
-0
-0
-0
52.0243
-0
-0
-0
-0
4.12236
-0
-0
-0
4.74417
44.4084
-0
-0
-0
-0
1.56029
-0
11.2572
-0
-0
-0
-0
-0
-0
-0
4.27367
-0
-0
-0
-0
19.508
-0
-0
-0
32.8767
-0
-0
64.9662
-0
-0
-0
27.9378
32.4737
-0
-0
-0
-0
-0
-0
34.7091
0.587944
-0
27.3562
-0
-0
-0
-0
-0
52.4954
-0
-0
3.02136
-0
-0
-0
-0
7.59337
-0
-0
-0
-0
-0
-0
21.8255
-0
-0
-0
-0
3.07281
-0
-0
-0
-0
-0
-0
4.9592
22.1556
26.4849
14.225
-0
36.6519
-0
-0
-0
-0
1.62599
-0
-0
-0
-0
-0
42.2931
-0
7.88203
-0
-0
54.923
-0
-0
-0
-0
-0
-0
-0
-0
-0
6.3612
-0
-0
-0
-0
-0
-0
-0
16.0876
15.0039
-0
-0
-0
7.17643
-0
-0
15.8618
-0
-0
7.50674
2.44039
37.1091
-0
-0
-0
-0
-0
11.0408
-0
1.4368
-0
-0
15.9226
-0
-0
-0
-0
32.6588
-0
-0
-0
17.5482
8.1879
-0
-0
-0
-0
-0
-0
-0
3.79594
-0
-0
-0
-0
0.00245452
-0
-0
-0
-0
15.1754
-0
-0
-0
4.46344
-0
-0
-0
-0
19.4856
-0
-0
3.70832
2.24112
-0
-0
-0
11.9534
-0
-0
-0
15.5437
-0
-0
-0
14.2166
-0
-0
89.6294
-0
-0
-0
-0
-0
-0
-0
-0
-0
-0
-0
10.9822
-0
-0
-0
35.11
-0
10.3915
10.1475
-0
-0
47.1155
-0
-0
-0
-0
-0
-0
27.7026
5.92547
0.277461
-0
-0
-0
-0
43.7769
-0
-0
6.69423
7.187
22.6558
-0
-0
4.31728
-0
-0
-0
-0
-0
1.50126
-0
2.53687
-0
15.1252
3.78239
13.9995
-0
-0
11.1384
-0
-0
62.9708
-0
-0
-0
-0
-0
10.0866
-0
-0
-0
2.68823
-0
-0
-0
-0
7.78377
-0
-0
-0
-0
-0
-0
19.8107
1.15049
-0
1.93611
-0
-0
-0
-0
-0
-0
-0
1.9826
-0
-0
-0
-0
-0
-0
20.2223
-0
-0
-0
-0
34.6823
9.62609
-0
-0
-0
-0
-0
-0
-0
-0
-0
59.2935
52.7416
-0
-0
10.2597
-0
-0
-0
-0
-0
-0
-0
57.1656
-0
-0
-0
-0
-0
3.09437
-0
-0
-0
-0
-0
-0
-0
21.0753
-0
-0
7.70938
-0
5.53441
-0
-0
-0
20.2082
-0
32.3104
-0
-0
-0
-0
-0
8.80892
-0
-0
-0
-0
-0
-0
-0
-0
-0
-0
-0
-0
-0
-0
-0
20.9624
-0
-0
-0
-0
7.43616
-0
-0
-0
12.8794
-0
-0
-0
-0
-0
50.777
70.7063
-0
-0
26.0966
-0
-0
-0
-0
-0
-0
57.3618
-0
-0
32.7306
-0
-0
-0
-0
-0
-0
-0
-0
4.86391
2.15689
-0
-0
3.75668
-0
28.6358
-0
-0
-0
-0
-0
-0
-0
-0
-0
-0
-0
-0
-0
26.6345
-0
-0
41.1207
-0
-0
-0
6.30954
-0
-0
-0
-0
-0
-0
-0
13.8119
-0
40.3715
6.94386
-0
-0
-0
-0
-0
-0
-0
-0
-0
-0
15.8635
6.03638
-0
67.0429
-0
-0
-0
-0
-0
-0
-0
-0
-0
-0
13.8889
-0
7.52496
10.1788
-0
-0
-0
-0
15.5212
-0
-0
52.3092
-0
-0
48.2336
31.6595
-0
-0
-0
-0
-0
6.05699
-0
14.0593
-0
45.8743
-0
-0
-0
23.0393
-0
-0
-0
-0
-0
-0
50.9677
48.9983
-0
-0
-0
-0
-0
-0
-0
-0
-0
-0
-0
-0
-0
53.3504
-0
-0
0.81064
-0
-0
-0
-0
-0
-0
-0
23.9142
-0
-0
44.2506
-0
18.1589
0.241132
-0
-0
22.714
-0
-0
-0
36.4359
-0
-0
1.37785
-0
-0
-0
-0
-0
-0
15.3244
-0
-0
-0
-0
-0
-0
-0
-0
25.3536
-0
-0
-0
46.1074
-0
26.7442
-0
20.3335
-0
27.6241
20.016
-0
-0
-0
11.2476
-0
-0
-0
-0
-0
-0
-0
28.5387
-0
-0
-0
-0
-0
1.69409
37.2806
-0
-0
8.25546
-0
-0
-0
-0
30.6968
-0
-0
-0
-0
-0
22.1827
-0
-0
-0
48.8827
64.5067
-0
-0
-0
-0
-0
-0
-0
0.281867
-0
-0
-0
7.46825
-0
-0
-0
12.8335
-0
-0
-0
-0
-0
-0
-0
-0
-0
-0
35.476
-0
18.3274
-0
-0
-0
-0
-0
-0
-0
-0
6.32136
-0
-0
32.3962
-0
-0
20.5771
32.0654
-0
-0
-0
-0
-0
-0
21.5309
-0
-0
-0
-0
22.5753
-0
-0
-0
-0
15.3064
-0
-0
30.2682
-0
-0
-0
-0
-0
30.9061
-0
-0
24.9207
-0
-0
-0
-0
39.5889
-0
-0
-0
-0
-0
24.9221
-0
-0
2.71535
-0
-0
-0
-0
-0
-0
-0
-0
-0
-0
-0
-0
-0
-0
-0
8.91306
-0
-0
-0
-0
-0
-0
-0
-0
-0
10.4868
-0
-0
-0
19.2992
-0
-0
18.8906
-0
-0
-0
-0
-0
-0
-0
-0
-0
-0
-0
-0
-0
-0
-0
-0
-0
-0
32.7533
-0
20.0913
-0
-0
-0
-0
-0
-0
-0
-0
-0
12.551
-0
-0
-0
-0
-0
-0
-0
15.9023
-0
-0
-0
-0
15.1721
-0
-0
-0
-0
-0
-0
5.79125
-0
-0
-0
22.4431
1.9559
-0
1.43799
-0
-0
-0
60.1806
52.6348
13.4081
-0
4.497
36.3093
11.9495
3.67895
-0
-0
-0
-0
-0
-0
-0
-0
2.47895
-0
-0
-0
-0
-0
-0
-0
-0
6.91445
-0
-0
-0
26.8255
1.9717
12.5698
56.9906
-0
-0
-0
-0
-0
-0
-0
-0
-0
-0
-0
-0
-0
2.00464
-0
-0
33.7898
-0
-0
-0
-0
-0
-0
-0
-0
32.6273
15.3716
-0
-0
-0
-0
-0
-0
25.3996
-0
-0
-0
-0
5.4654
-0
-0
-0
