2.35298
-0
-0
-0
-0
17.6777
-0
-0
14.4076
-0
-0
-0
-0
-0
-0
21.0477
-0
-0
-0
-0
-0
-0
-0
-0
-0
-0
9.74075
-0
-0
-0
-0
-0
-0
-0
6.23966
-0
-0
-0
-0
-0
-0
-0
-0
33.0502
-0
-0
-0
17.924
-0
29.3802
-0
-0
-0
-0
-0
-0
-0
1.24424
11.3915
-0
-0
-0
-0
-0
12.6226
-0
17.3073
13.0151
-0
0.795048
-0
-0
-0
-0
-0
11.7802
3.5901
17.0989
-0
-0
-0
52.8587
-0
9.82279
4.37604
-0
-0
-0
-0
-0
-0
-0
-0
-0
-0
-0
19.988
-0
-0
-0
-0
-0
-0
-0
-0
-0
36.8161
-0
-0
-0
-0
-0
-0
-0
-0
71.5907
-0
-0
65.8746
24.9321
-0
-0
26.3966
-0
34.35
-0
0.537634
-0
-0
10.3828
-0
-0
-0
-0
-0
-0
-0
6.1048
-0
-0
-0
-0
-0
-0
-0
-0
-0
14.9486
-0
-0
-0
-0
-0
-0
-0
-0
1.03395
-0
-0
0.780594
-0
-0
-0
10.0157
-0
-0
18.0407
-0
-0
-0
12.9362
13.6061
-0
-0
0.412615
-0
-0
-0
-0
-0
-0
-0
-0
-0
-0
20.2248
-0
-0
26.9961
10.0988
-0
27.0483
2.43641
-0
-0
-0
-0
-0
-0
-0
-0
-0
6.78315
-0
-0
1.39932
-0
-0
5.24635
-0
-0
-0
-0
-0
-0
-0
0.388591
4.68483
-0
-0
-0
-0
-0
54.9746
-0
-0
-0
3.714
-0
-0
-0
-0
-0
-0
-0
12.3596
-0
-0
-0
-0
-0
-0
-0
-0
-0
-0
8.9389
-0
-0
-0
-0
-0
-0
-0
11.4002
-0
-0
-0
-0
-0
-0
-0
-0
17.7128
-0
-0
-0
-0
-0
-0
-0
-0
19.379
13.1174
-0
-0
-0
-0
-0
-0
-0
6.32175
-0
-0
-0
-0
-0
17.918
-0
-0
-0
-0
-0
-0
-0
-0
-0
-0
-0
10.131
-0
-0
1.0265
-0
64.0242
27.6377
-0
-0
24.3126
-0
22.253
22.5836
-0
-0
11.7274
1.5555
-0
-0
-0
0.488992
-0
-0
-0
28.8212
20.6172
-0
-0
-0
-0
-0
-0
-0
-0
-0
-0
-0
-0
-0
-0
8.78965
-0
-0
-0
16.9142
-0
-0
48.2702
-0
11.748
-0
-0
-0
-0
-0
28.8077
-0
-0
-0
7.16724
-0
31.284
-0
-0
12.7639
34.8965
1.20777
-0
-0
59.8008
-0
-0
-0
0.643501
36.4023
-0
-0
-0
-0
-0
-0
-0
-0
30.7498
-0
-0
-0
14.1197
-0
-0
-0
-0
6.45315
-0
-0
-0
12.9842
-0
-0
-0
-0
-0
-0
-0
-0
-0
-0
-0
10.1694
-0
5.468
-0
-0
-0
-0
13.6138
13.8609
-0
-0
-0
-0
-0
-0
-0
-0
-0
-0
-0
-0
0.932225
-0
-0
11.0267
-0
-0
10.4462
-0
-0
-0
-0
-0
-0
-0
-0
-0
-0
-0
-0
-0
-0
-0
20.8135
1.09024
-0
10.1218
20.9304
0.255656
-0
2.8298
-0
-0
-0
-0
56.9999
-0
-0
-0
4.68312
-0
-0
-0
2.75283
12.9182
-0
-0
-0
-0
18.3982
-0
-0
-0
-0
-0
-0
-0
-0
-0
-0
9.19996
-0
-0
65.0646
-0
-0
-0
9.9658
17.9954
17.6737
-0
-0
-0
-0
-0
11.8428
20.8087
-0
-0
3.18814
-0
-0
61.2244
-0
-0
-0
-0
-0
-0
14.8371
-0
17.581
-0
-0
-0
-0
-0
-0
-0
0.656302
-0
-0
14.1427
-0
-0
-0
-0
1.1758
-0
4.77906
71.6433
-0
-0
-0
-0
-0
-0
-0
-0
-0
-0
-0
-0
-0
-0
-0
-0
52.2841
-0
-0
-0
-0
33.9277
-0
-0
8.44916
-0
-0
-0
-0
-0
-0
32.7859
-0
-0
-0
11.3496
49.8665
-0
-0
-0
15.2187
-0
-0
-0
-0
41.5057
-0
-0
-0
8.87739
30.4021
21.8284
-0
-0
-0
8.05836
-0
-0
-0
-0
17.2748
36.1612
-0
-0
-0
-0
-0
-0
-0
-0
-0
11.0822
-0
-0
-0
-0
-0
-0
0.935155
-0
-0
1.63371
-0
-0
-0
28.0048
-0
-0
-0
-0
-0
-0
-0
-0
-0
-0
-0
-0
-0
-0
-0
-0
-0
-0
-0
-0
-0
-0
-0
-0
-0
-0
-0
-0
-0
-0
-0
-0
-0
-0
-0
-0
-0
7.97348
20.3499
7.52461
-0
24.9933
7.83929
-0
-0
-0
-0
-0
-0
4.54818
-0
53.2854
-0
-0
-0
9.38291
-0
50.2523
-0
-0
-0
6.0291
-0
-0
22.5421
-0
-0
-0
5.89919
-0
-0
3.54274
-0
-0
-0
23.3809
5.56292
-0
-0
-0
20.8695
-0
-0
-0
-0
-0
-0
5.19829
-0
-0
-0
-0
-0
-0
-0
-0
-0
23.2321
-0
-0
39.6159
-0
-0
18.5758
16.4816
17.626
20.427
9.07055
-0
12.481
-0
-0
-0
1.11338
-0
-0
-0
-0
-0
-0
-0
57.803
-0
-0
-0
33.0566
6.08234
-0
-0
-0
-0
-0
-0
-0
33.6939
-0
0.410685
-0
-0
-0
8.06197
-0
12.0717
-0
-0
-0
-0
-0
-0
-0
-0
-0
-0
-0
-0
60.6825
-0
-0
-0
-0
-0
-0
51.3525
31.9821
-0
-0
-0
-0
-0
-0
11.3963
-0
-0
-0
-0
-0
-0
-0
17.4318
-0
-0
-0
-0
-0
30.5923
-0
-0
-0
-0
-0
-0
2.55291
-0
30.8515
-0
-0
-0
-0
10.8249
-0
8.1163
-0
-0
0.46413
-0
22.8115
19.5424
-0
46.6462
23.2383
-0
-0
-0
15.4027
-0
-0
-0
-0
-0
-0
-0
-0
-0
3.28351
-0
22.977
-0
-0
-0
1.30083
-0
-0
27.6159
-0
-0
10.02
-0
-0
-0
-0
-0
-0
-0
-0
-0
-0
-0
-0
-0
-0
-0
77.7298
-0
-0
-0
-0
-0
-0
-0
-0
-0
-0
1.08109
-0
-0
-0
-0
-0
-0
-0
-0
-0
16.5651
-0
-0
35.9769
-0
6.16066
-0
15.926
-0
-0
-0
-0
-0
-0
6.76817
-0
-0
-0
-0
-0
-0
48.4327
-0
-0
-0
2.79909
-0
-0
22.0248
-0
-0
-0
-0
-0
-0
5.23133
-0
-0
-0
-0
-0
12.9077
-0
26.2536
38.8727
-0
-0
-0
-0
-0
-0
-0
-0
-0
-0
-0
-0
-0
-0
2.11817
-0
-0
-0
-0
-0
-0
-0
-0
16.9987
-0
-0
-0
-0
-0
-0
32.341
-0
19.1984
-0
-0
-0
17.9407
-0
14.3472
-0
-0
-0
-0
-0
-0
-0
-0
-0
-0
-0
-0
-0
-0
-0
-0
20.6016
-0
-0
-0
-0
-0
9.44112
-0
-0
13.8123
-0
46.2727
-0
11.1452
-0
-0
-0
19.6001
5.24891
-0
-0
-0
-0
-0
-0
-0
-0
-0
-0
60.7989
-0
-0
-0
-0
-0
-0
-0
-0
-0
-0
-0
-0
-0
-0
13.0326
-0
-0
-0
7.98648
-0
-0
-0
-0
-0
-0
11.5168
4.96558
-0
21.0516
-0
27.1114
-0
-0
-0
-0
-0
-0
-0
-0
-0
-0
-0
-0
-0
-0
-0
-0
-0
-0
14.3144
-0
-0
2.86555
-0
-0
-0
-0
-0
-0
-0
-0
-0
-0
6.94243
-0
-0
-0
-0
-0
-0
-0
-0
-0
-0
-0
-0
33.5909
-0
-0
-0
-0
-0
-0
-0
-0
21.5337
-0
24.2443
-0
-0
-0
-0
26.2227
-0
-0
-0
-0
-0
0.19158
-0
-0
-0
-0
-0
-0
-0
-0
5.46094
-0
-0
-0
-0
-0
-0
-0
-0
-0
-0
32.6991
-0
-0
-0
-0
39.807
-0
-0
-0
-0
-0
-0
-0
-0
41.1195
-0
-0
34.7627
-0
-0
7.21506
-0
-0
-0
-0
-0
-0
-0
-0
-0
-0
-0
-0
-0
-0
-0
-0
79.8983
37.7826
-0
34.5735
9.56075
-0
-0
-0
-0
-0
-0
-0
-0
-0
-0
-0
16.2249
-0
15.8844
-0
-0
1.50712
-0
-0
7.20081
-0
-0
-0
-0
-0
-0
-0
-0
-0
-0
-0
-0
-0
-0
33.1802
-0
-0
-0
-0
-0
-0
-0
33.0497
22.6853
-0
31.8319
-0
-0
-0
17.2012
-0
-0
-0
-0
-0
-0
-0
-0
-0
-0
-0
-0
-0
33.424
-0
-0
-0
-0
-0
16.7924
-0
-0
-0
-0
-0
-0
44.9825
-0
-0
-0
-0
-0
-0
-0
20.8722
-0
-0
2.61376
-0
-0
-0
-0
-0
-0
-0
-0
-0
-0
-0
-0
-0
20.067
-0
17.9457
-0
-0
-0
3.86358
-0
34.1023
5.88365
6.90533
-0
-0
-0
63.7281
-0
-0
-0
-0
-0
53.8014
-0
3.93062
14.5213
-0
-0
-0
7.91801
-0
-0
-0
-0
-0
-0
-0
28.3473
-0
7.31355
-0
-0
-0
9.9099
1.78383
-0
26.6832
-0
-0
13.1601
20.1565
-0
-0
-0
-0
-0
-0
2.06226
-0
-0
-0
-0
24.6485
-0
-0
36.0072
-0
38.8936
-0
-0
-0
-0
-0
-0
-0
-0
-0
-0
5.67561
-0
-0
8.60458
-0
-0
55.2398
-0
-0
-0
24.7188
-0
-0
-0
-0
-0
-0
-0
-0
-0
-0
28.4724
-0
-0
-0
-0
-0
-0
-0
6.26181
-0
-0
-0
-0
-0
-0
3.29087
-0
26.8444
-0
-0
-0
18.8617
34.271
-0
-0
-0
-0
-0
-0
-0
2.61776
49.8787
-0
12.1646
-0
-0
58.7807
-0
-0
-0
-0
-0
-0
-0
-0
-0
-0
-0
-0
-0
29.1425
38.858
-0
1.71006
-0
-0
-0
41.7199
-0
30.7636
-0
-0
-0
-0
-0
-0
-0
-0
-0
-0
-0
-0
-0
-0
-0
-0
-0
-0
-0
-0
-0
-0
-0
-0
2.25273
-0
-0
-0
-0
-0
-0
-0
28.2136
-0
-0
-0
-0
-0
-0
-0
-0
-0
-0
-0
-0
-0
30.0352
-0
-0
-0
40.1209
11.8287
-0
-0
-0
-0
-0
-0
-0
9.97078
-0
-0
-0
-0
-0
-0
3.87512
-0
-0
-0
-0
-0
-0
-0
-0
-0
-0
-0
-0
-0
-0
21.38
-0
-0
-0
-0
46.0085
-0
-0
-0
-0
-0
10.1254
-0
-0
-0
-0
-0
26.5427
-0
-0
-0
45.4005
-0
-0
-0
-0
-0
-0
-0
-0
-0
-0
-0
-0
-0
27.3044
-0
-0
-0
-0
-0
-0
-0
-0
-0
-0
-0
-0
-0
21.0778
-0
-0
-0
-0
-0
-0
34.6256
-0
58.3327
0.276516
-0
-0
-0
-0
-0
-0
25.4954
-0
-0
-0
-0
6.43078
-0
-0
8.83606
-0
-0
30.5204
-0
-0
-0
-0
-0
-0
8.29116
-0
-0
-0
-0
-0
-0
-0
-0
-0
24.0794
-0
0.436286
6.05235
-0
-0
-0
-0
-0
-0
-0
13.5646
69.0412
2.3107
-0
-0
-0
-0
-0
-0
-0
-0
33.4417
-0
-0
5.13945
20.3933
-0
45.5856
-0
-0
22.3163
-0
-0
-0
-0
-0
-0
40.2075
-0
-0
-0
-0
-0
-0
-0
-0
29.0494
-0
1.66884
-0
-0
-0
-0
-0
54.0481
-0
15.769
-0
20.8936
-0
-0
-0
-0
1.68118
-0
-0
41.5207
-0
-0
14.1573
-0
-0
25.6105
-0
-0
-0
-0
7.82901
-0
-0
-0
16.0438
-0
45.9251
10.9821
24.9458
-0
-0
-0
-0
-0
-0
-0
-0
-0
-0
1.40562
-0
-0
-0
-0
-0
-0
-0
-0
-0
-0
-0
-0
-0
-0
-0
-0
-0
-0
-0
-0
17.7224
-0
-0
2.4139
2.52327
-0
-0
78.4104
-0
-0
22.0747
9.04601
10.1963
-0
-0
-0
-0
-0
-0
-0
-0
-0
-0
-0
-0
-0
-0
-0
-0
18.8588
-0
-0
-0
-0
-0
-0
-0
1.02675
-0
-0
18.7991
-0
-0
-0
34.813
3.0615
-0
-0
13.0528
-0
-0
-0
-0
-0
-0
-0
-0
-0
-0
-0
6.15871
-0
-0
-0
-0
-0
-0
-0
-0
-0
-0
-0
1.89108
-0
-0
-0
-0
-0
-0
-0
-0
-0
-0
-0
-0
-0
-0
-0
-0
-0
13.4027
-0
33.997
-0
-0
-0
-0
-0
-0
-0
-0
-0
-0
-0
-0
-0
-0
-0
-0
-0
-0
-0
-0
-0
6.87448
-0
-0
-0
-0
-0
-0
-0
-0
-0
-0
-0
-0
-0
-0
-0
0.582128
-0
-0
34.513
-0
10.8606
11.0481
18.5504
-0
-0
-0
37.3819
-0
-0
-0
-0
-0
-0
-0
46.0108
-0
-0
1.22412
-0
7.25978
-0
-0
-0
28.9372
-0
-0
-0
-0
9.04959
-0
-0
4.96523
-0
-0
6.8662
-0
-0
-0
-0
-0
-0
11.918
-0
-0
-0
24.7384
33.3982
-0
-0
24.724
-0
-0
35.59
58.0764
-0
-0
20.2532
-0
-0
-0
-0
2.55688
-0
-0
-0
-0
-0
-0
-0
-0
1.62614
-0
11.5063
-0
-0
11.8214
-0
-0
20.1435
-0
5.50322
-0
-0
-0
-0
8.76168
-0
-0
-0
-0
-0
-0
-0
-0
-0
8.48724
-0
-0
-0
57.9602
-0
-0
-0
-0
-0
-0
-0
41.0612
10.2192
-0
48.0554
-0
2.46252
14.3543
52.1033
-0
-0
-0
-0
-0
7.99221
12.7355
-0
-0
-0
15.3227
21.1216
-0
-0
-0
-0
1.0042
-0
35.8671
-0
-0
-0
-0
-0
-0
-0
-0
-0
5.71699
27.5631
-0
-0
-0
-0
-0
25.1689
-0
-0
1.80463
-0
10.852
-0
22.7238
8.88417
27.1873
-0
-0
35.6424
-0
-0
-0
9.60326
2.74317
-0
-0
3.15474
-0
-0
34.6484
16.5645
-0
-0
-0
-0
-0
-0
-0
-0
-0
-0
-0
-0
4.81988
-0
-0
-0
-0
20.7417
25.1416
-0
1.32995
-0
52.9951
-0
-0
-0
-0
13.8892
-0
-0
-0
-0
-0
-0
-0
-0
-0
-0
-0
-0
-0
0.865405
-0
-0
5.1143
-0
-0
-0
-0
27.6686
-0
5.1901
-0
-0
-0
-0
-0
-0
-0
-0
-0
-0
15.638
-0
-0
-0
-0
35.2965
-0
-0
-0
-0
-0
74.783
-0
-0
-0
6.07261
-0
-0
-0
-0
-0
-0
15.9976
-0
34.0214
-0
-0
-0
-0
39.6125
46.0776
-0
-0
25.4485
-0
-0
-0
-0
-0
-0
-0
-0
-0
9.48465
-0
-0
-0
-0
-0
-0
-0
-0
-0
-0
24.391
32.7305
-0
-0
-0
-0
5.7633
19.8723
-0
-0
-0
-0
-0
-0
-0
-0
-0
-0
-0
-0
-0
-0
-0
-0
-0
-0
-0
-0
5.06306
-0
-0
-0
43.367
-0
-0
-0
-0
-0
7.45385
-0
-0
-0
23.474
16.3463
-0
-0
-0
-0
-0
25.5082
-0
-0
-0
9.66471
-0
-0
-0
-0
-0
-0
-0
-0
5.94575
-0
-0
-0
-0
8.73457
-0
1.72993
-0
-0
-0
-0
-0
-0
-0
17.5837
12.4576
-0
-0
33.7278
-0
-0
20.7702
10.4702
-0
-0
-0
-0
-0
-0
37.3845
25.2876
-0
14.8791
-0
-0
-0
-0
-0
-0
-0
-0
-0
-0
-0
-0
-0
-0
-0
-0
13.0021
-0
-0
-0
-0
-0
-0
-0
-0
1.87021
-0
-0
-0
-0
-0
39.7139
-0
-0
6.43268
-0
-0
6.41447
-0
-0
-0
-0
-0
-0
-0
-0
-0
-0
18.0791
17.4624
52.532
31.8032
-0
-0
-0
21.6368
-0
-0
-0
-0
-0
-0
-0
-0
-0
-0
-0
31.783
10.672
-0
-0
-0
-0
-0
18.5273
-0
-0
-0
-0
-0
-0
25.3659
-0
-0
-0
-0
-0
-0
-0
-0
-0
-0
-0
-0
-0
11.3983
-0
0.395618
-0
-0
-0
-0
-0
-0
-0
-0
7.09379
-0
26.1575
7.15836
-0
-0
-0
-0
-0
-0
-0
-0
2.42207
-0
-0
-0
26.3378
25.9173
63.106
-0
-0
-0
0.118205
-0
-0
19.1924
-0
-0
-0
-0
-0
9.40602
4.8986
-0
-0
-0
-0
-0
13.8915
-0
-0
-0
6.51741
-0
-0
-0
-0
-0
-0
-0
-0
-0
-0
-0
-0
-0
7.39394
-0
15.0121
-0
-0
-0
-0
-0
-0
-0
24.839
-0
-0
-0
30.8337
-0
28.92
-0
-0
38.6908
-0
-0
-0
-0
-0
-0
-0
-0
-0
-0
-0
7.40877
-0
-0
-0
-0
-0
-0
-0
-0
-0
-0
-0
-0
51.9588
11.0195
-0
-0
-0
-0
-0
-0
5.80441
-0
-0
-0
-0
-0
-0
-0
-0
-0
3.74843
-0
-0
-0
-0
-0
-0
-0
-0
-0
-0
-0
4.05756
-0
-0
7.76146
-0
-0
-0
-0
10.9637
-0
-0
-0
-0
-0
-0
-0
-0
-0
10.5349
-0
-0
-0
-0
-0
-0
0.332657
-0
-0
-0
-0
-0
-0
-0
-0
-0
-0
36.5072
17.303
62.0652
-0
35.0682
-0
-0
-0
-0
-0
10.0783
-0
-0
64.8463
-0
-0
-0
-0
-0
22.6996
-0
-0
-0
-0
-0
-0
-0
-0
-0
-0
-0
10.808
-0
-0
-0
66.8708
-0
-0
-0
-0
-0
7.76986
-0
-0
-0
-0
-0
-0
-0
15.3464
-0
-0
-0
-0
15.3222
-0
-0
-0
-0
-0
-0
-0
-0
-0
-0
40.1216
0.517698
-0
-0
-0
32.942
-0
-0
-0
-0
-0
-0
-0
-0
-0
-0
6.7905
-0
2.78751
-0
-0
-0
-0
-0
-0
27.5751
-0
-0
-0
-0
-0
-0
-0
2.55209
-0
-0
-0
-0
-0
-0
-0
-0
-0
-0
-0
-0
-0
-0
-0
-0
-0
-0
-0
3.75897
-0
-0
-0
-0
-0
30.1298
-0
14.8534
5.0198
-0
-0
-0
7.935
-0
-0
-0
-0
-0
2.99552
-0
71.768
-0
9.5905
-0
-0
-0
-0
-0
-0
-0
-0
8.47264
-0
10.7547
-0
-0
67.3414
-0
-0
-0
-0
-0
-0
-0
-0
-0
-0
-0
-0
-0
-0
30.4563
-0
10.0579
14.1208
-0
-0
-0
-0
-0
-0
-0
-0
-0
2.33556
-0
-0
-0
-0
-0
-0
-0
-0
27.2508
-0
-0
-0
-0
-0
-0
18.3084
18.6011
34.4917
-0
22.8055
43.5568
-0
-0
-0
-0
-0
-0
-0
-0
-0
-0
-0
-0
-0
-0
-0
24.7426
-0
57.9506
-0
-0
1.1905
-0
18.3863
-0
-0
-0
-0
-0
-0
-0
-0
-0
5.39548
-0
37.6478
-0
-0
-0
31.5743
-0
25.3335
-0
15.2262
-0
-0
-0
-0
-0
-0
-0
-0
-0
-0
-0
-0
-0
-0
-0
-0
6.58367
-0
-0
44.881
-0
-0
-0
-0
-0
30.1903
-0
-0
2.43129
-0
-0
-0
-0
-0
-0
66.3092
-0
-0
-0
-0
-0
-0
-0
-0
-0
-0
-0
-0
-0
-0
-0
9.838
-0
-0
-0
-0
-0
6.58613
31.8162
0.315135
-0
-0
-0
3.08594
-0
-0
-0
-0
9.9891
-0
7.15932
-0
-0
-0
-0
-0
-0
-0
-0
-0
-0
-0
38.513
22.4159
-0
-0
28.9116
16.1005
-0
-0
13.8559
-0
26.9737
-0
2.80978
12.7151
-0
-0
-0
47.168
-0
-0
12.6529
-0
-0
10.9324
-0
-0
-0
-0
-0
-0
-0
-0
-0
2.6708
-0
-0
-0
-0
-0
-0
10.5678
0.754151
6.08316
-0
-0
-0
-0
-0
-0
-0
-0
46.7325
-0
-0
-0
-0
-0
3.6172
-0
5.09221
-0
18.6316
-0
-0
-0
-0
28.9376
-0
-0
-0
-0
-0
-0
-0
7.99716
-0
-0
29.523
-0
-0
-0
-0
14.2669
22.2434
-0
39.9935
-0
-0
-0
-0
-0
-0
9.26571
-0
-0
-0
49.4256
-0
-0
3.86055
-0
-0
-0
33.7789
-0
-0
-0
-0
-0
-0
-0
-0
-0
-0
-0
-0
24.8076
-0
-0
-0
-0
-0
-0
5.39743
-0
-0
3.27576
-0
30.3172
-0
-0
-0
4.56931
-0
-0
-0
-0
-0
-0
42.9963
-0
28.9945
-0
-0
-0
3.89329
-0
-0
-0
52.9958
-0
-0
-0
-0
-0
-0
-0
-0
-0
15.7131
-0
4.63159
-0
-0
-0
4.69884
-0
-0
-0
-0
-0
-0
-0
-0
-0
-0
-0
-0
-0
-0
-0
20.3594
-0
-0
-0
-0
-0
-0
-0
-0
-0
8.98127
-0
-0
-0
-0
-0
-0
-0
-0
-0
-0
37.1159
30.0842
-0
-0
16.3863
-0
-0
-0
-0
-0
-0
-0
-0
13.0492
-0
8.372
35.7938
-0
-0
38.5113
-0
16.7343
68.4137
20.189
-0
-0
-0
-0
-0
13.3095
-0
-0
-0
-0
-0
16.4626
59.7129
-0
-0
14.0191
62.145
-0
-0
-0
-0
3.28729
11.706
-0
0.657865
19.5013
-0
-0
-0
-0
-0
14.6236
-0
-0
-0
-0
-0
-0
-0
-0
-0
-0
-0
-0
-0
-0
15.0336
14.6986
-0
4.66112
-0
3.4961
-0
-0
-0
-0
-0
-0
-0
-0
-0
-0
-0
-0
-0
-0
-0
-0
-0
-0
-0
8.98477
-0
-0
0.991097
17.6723
-0
-0
12.4471
-0
-0
-0
-0
24.1363
-0
3.50462
-0
-0
14.3758
-0
-0
-0
-0
-0
1.19861
-0
-0
-0
-0
-0
-0
0.0698436
40.5353
-0
-0
-0
33.0991
-0
-0
-0
-0
-0
-0
-0
-0
-0
-0
-0
-0
-0
-0
25.9077
-0
-0
-0
-0
53.0915
-0
20.9875
-0
-0
16.497
5.10152
-0
-0
5.65031
32.8824
-0
-0
-0
-0
-0
-0
1.13727
-0
-0
-0
-0
-0
-0
-0
-0
-0
-0
-0
-0
-0
-0
-0
-0
9.27802
-0
-0
27.1568
-0
-0
-0
-0
21.3058
-0
-0
-0
-0
-0
-0
26.7437
-0
-0
-0
-0
23.5344
-0
-0
-0
3.58342
-0
-0
-0
-0
-0
-0
-0
-0
-0
-0
-0
-0
-0
-0
9.01363
-0
-0
-0
-0
-0
-0
-0
-0
44.9066
-0
2.39887
-0
-0
28.7146
1.30929
-0
20.9845
-0
-0
-0
-0
9.44403
-0
-0
-0
-0
-0
-0
-0
-0
-0
-0
27.4154
-0
-0
-0
-0
-0
-0
-0
-0
-0
2.593
-0
-0
3.28593
-0
-0
-0
-0
11.9426
-0
-0
-0
-0
25.2254
-0
-0
4.47858
21.249
-0
-0
0.308175
-0
-0
-0
-0
-0
-0
-0
-0
-0
-0
15.9513
4.54918
-0
-0
-0
-0
5.86554
-0
-0
0.111179
70.6562
-0
16.4359
-0
-0
-0
-0
-0
-0
-0
-0
-0
-0
-0
0.614886
14.3912
-0
-0
-0
18.2274
0.424678
-0
-0
-0
-0
-0
-0
-0
-0
-0
1.64679
18.794
-0
16.3419
-0
-0
-0
-0
-0
-0
44.4995
-0
-0
-0
-0
-0
-0
61.4841
-0
-0
-0
-0
-0
2.66731
-0
-0
-0
-0
-0
-0
-0
-0
-0
58.0815
-0
0.278469
13.2263
-0
-0
32.7928
-0
-0
-0
-0
-0
-0
30.9531
-0
-0
-0
-0
-0
-0
-0
-0
-0
2.49506
-0
-0
-0
-0
13.5518
-0
-0
-0
-0
-0
13.4369
-0
14.6813
-0
49.7071
2.72075
11.9487
-0
-0
40.8675
0.653077
-0
-0
-0
-0
-0
11.7869
-0
-0
-0
-0
-0
-0
0.485545
-0
-0
-0
-0
11.4345
-0
-0
-0
18.3589
-0
-0
53.6095
-0
-0
-0
-0
-0
-0
-0
-0
-0
45.4525
-0
-0
-0
-0
-0
-0
-0
-0
-0
-0
-0
41.6481
24.8262
-0
7.14804
-0
-0
-0
-0
-0
15.6628
-0
76.0188
70.6958
-0
3.32746
9.46734
-0
-0
-0
-0
-0
-0
-0
26.3641
-0
-0
-0
-0
12.5168
33.6442
-0
-0
-0
-0
-0
-0
-0
12.1365
-0
-0
-0
-0
-0
-0
-0
-0
10.2437
-0
36.755
-0
-0
-0
-0
-0
8.22222
7.71954
-0
-0
-0
-0
-0
-0
-0
-0
-0
-0
-0
2.73228
-0
-0
17.819
-0
-0
-0
-0
11.8489
-0
-0
-0
12.4282
-0
-0
-0
10.4875
-0
-0
45.724
-0
-0
12.2955
-0
-0
-0
31.8019
-0
-0
-0
-0
-0
40.661
-0
-0
-0
4.0929
-0
-0
-0
-0
-0
5.27403
-0
-0
30.3345
-0
27.1826
-0
-0
-0
-0
-0
-0
-0
-0
-0
-0
-0
-0
-0
8.90865
-0
-0
47.2554
-0
-0
-0
20.9836
-0
-0
-0
-0
-0
32.2209
-0
58.1131
-0
38.4743
46.3068
-0
-0
-0
4.87191
-0
-0
-0
-0
-0
-0
-0
4.28048
-0
24.2704
4.17456
-0
-0
9.60082
-0
-0
-0
-0
-0
-0
20.5243
-0
10.739
-0
-0
-0
-0
-0
-0
-0
-0
38.9277
-0
-0
28.2791
13.1036
-0
-0
-0
-0
-0
14.5623
-0
44.6691
-0
4.15171
-0
-0
-0
30.337
10.1897
-0
-0
-0
-0
11.3116
34.9274
3.10204
-0
-0
-0
-0
-0
-0
-0
-0
-0
-0
-0
11.579
-0
-0
-0
-0
-0
-0
-0
-0
-0
-0
-0
-0
41.4488
-0
-0
21.8529
-0
-0
-0
-0
-0
18.8059
-0
-0
-0
22.7159
-0
-0
-0
-0
-0
-0
-0
-0
-0
-0
-0
-0
-0
18.6135
-0
-0
-0
-0
7.22207
5.23028
-0
0.0983285
53.1365
-0
14.4638
-0
19.1166
-0
5.80169
-0
13.1611
-0
-0
22.7229
-0
-0
-0
-0
2.72758
-0
-0
53.9631
-0
-0
-0
-0
-0
4.94183
-0
11.7991
-0
-0
-0
-0
-0
0.158642
-0
-0
-0
-0
-0
-0
-0
-0
-0
-0
18.095
42.7933
4.83463
-0
33.1717
-0
-0
-0
-0
-0
-0
-0
-0
18.5728
-0
-0
-0
-0
-0
-0
-0
-0
-0
-0
-0
-0
-0
-0
-0
13.5021
-0
-0
19.9189
-0
-0
-0
-0
-0
-0
-0
-0
1.03336
21.8313
-0
-0
14.9506
21.4278
-0
-0
-0
-0
-0
29.5323
-0
-0
-0
-0
-0
29.5922
-0
-0
-0
-0
5.70473
-0
-0
-0
-0
-0
-0
-0
8.07508
30.0602
-0
-0
-0
18.3641
-0
-0
-0
3.43106
-0
-0
-0
-0
-0
31.2016
-0
-0
-0
-0
-0
17.4634
4.49684
-0
7.16106
-0
-0
-0
-0
-0
-0
-0
-0
-0
1.8557
-0
-0
-0
-0
-0
-0
-0
-0
-0
-0
-0
-0
-0
54.4476
-0
-0
22.986
-0
-0
-0
-0
-0
-0
11.6465
-0
-0
-0
-0
-0
-0
-0
-0
-0
38.3952
-0
6.66296
-0
-0
-0
-0
-0
-0
-0
-0
-0
-0
14.932
-0
-0
-0
-0
-0
-0
0.885145
-0
-0
-0
-0
-0
-0
27.0343
-0
-0
-0
24.4095
-0
10.3825
7.63306
-0
-0
-0
19.295
-0
-0
-0
-0
16.7863
-0
22.8689
58.8845
22.5181
-0
3.96027
-0
-0
15.4406
-0
-0
-0
-0
-0
-0
-0
-0
2.00115
-0
-0
-0
-0
-0
-0
-0
16.6851
13.7484
-0
-0
-0
24.7785
6.44189
27.8454
30.0165
-0
-0
-0
2.4659
-0
-0
-0
13.2987
-0
-0
-0
-0
-0
-0
-0
-0
20.1118
-0
-0
-0
-0
-0
-0
-0
-0
34.2234
-0
-0
-0
6.58362
-0
-0
-0
48.0497
-0
-0
-0
-0
17.2335
-0
-0
-0
