0.391796
-0
-0
-0
-0
-0
-0
-0
-0
-0
4.97109
-0
-0
-0
-0
7.22189
-0
-0
-0
-0
-0
-0
-0
2.94087
37.027
-0
45.9987
-0
-0
-0
-0
-0
-0
-0
13.1691
-0
-0
-0
-0
-0
-0
-0
-0
28.2391
-0
-0
-0
56.5028
-0
-0
-0
-0
-0
-0
-0
-0
33.8616
3.29329
9.09847
-0
-0
-0
9.62213
-0
27.2913
-0
26.7604
7.3681
-0
-0
-0
-0
-0
-0
-0
14.7917
21.3603
16.1102
-0
4.39912
-0
39.2631
-0
-0
2.87739
-0
-0
4.77014
-0
-0
-0
-0
-0
-0
-0
-0
16.5933
-0
-0
-0
-0
-0
-0
10.0849
29.6933
-0
16.7257
-0
-0
-0
9.16722
-0
-0
-0
-0
40.895
14.3798
-0
37.4363
40.1194
17.7179
-0
0.592241
-0
47.3061
-0
-0
-0
-0
2.04629
-0
-0
-0
-0
-0
-0
-0
-0
-0
-0
1.47435
6.06758
10.4915
-0
12.7302
-0
-0
-0
-0
-0
-0
-0
-0
-0
17.69
-0
43.1452
-0
-0
0.786131
2.84592
-0
-0
10.7358
-0
-0
8.89943
-0
-0
2.83448
32.1347
6.48448
-0
-0
6.80931
-0
-0
-0
-0
14.2979
4.80975
-0
-0
-0
-0
67.3819
-0
-0
44.7766
38.2614
-0
62.9745
45.2499
21.5618
-0
-0
-0
23.0962
-0
-0
-0
-0
5.90756
-0
-0
5.03917
-0
-0
11.6452
-0
-0
-0
4.24673
-0
-0
-0
-0
8.25806
-0
-0
-0
-0
29.5834
-0
-0
-0
-0
-0
-0
-0
-0
-0
-0
-0
-0
-0
-0
-0
-0
-0
-0
21.1299
-0
-0
-0
-0
15.1205
-0
-0
-0
-0
-0
-0
-0
-0
-0
-0
9.85201
-0
-0
-0
-0
-0
-0
-0
-0
4.48565
-0
-0
-0
-0
29.449
40.507
6.66323
-0
-0
-0
-0
-0
-0
-0
9.86159
-0
48.4103
-0
-0
-0
46.0828
-0
-0
-0
-0
-0
-0
-0
-0
-0
-0
-0
30.0323
-0
-0
0.0360198
-0
51.7705
7.26727
-0
-0
30.6992
-0
47.1837
17.0182
-0
-0
10.447
2.21067
-0
-0
-0
0.867995
-0
-0
-0
19.2887
41.624
-0
-0
-0
-0
26.1669
-0
-0
-0
6.00072
-0
-0
-0
-0
-0
8.65462
-0
-0
-0
-0
-0
-0
-0
11.2701
21.0978
-0
15.37
-0
-0
-0
25.7894
-0
-0
-0
-0
-0
17.5168
-0
-0
5.28579
42.6544
0.207402
-0
-0
40.3916
-0
-0
-0
1.36412
26.1995
-0
-0
-0
-0
-0
-0
-0
-0
4.89231
-0
-0
5.21355
22.5065
-0
-0
-0
-0
20.7643
-0
-0
-0
23.7099
-0
-0
-0
-0
-0
-0
-0
-0
4.21976
-0
-0
3.91455
-0
-0
-0
-0
-0
-0
-0
-0
-0
-0
-0
-0
12.174
-0
-0
-0
27.6991
-0
-0
15.5391
51.0677
2.55081
-0
-0
0.664075
-0
-0
-0
5.29994
-0
-0
-0
-0
-0
8.91934
-0
-0
-0
-0
-0
-0
-0
-0
17.7521
-0
-0
44.4301
-0
-0
7.24679
-0
-0
-0
-0
25.125
-0
-0
-0
-0
-0
-0
-0
25.3296
-0
-0
-0
13.6998
-0
24.0858
-0
-0
-0
-0
-0
-0
14.7545
-0
-0
-0
16.6308
-0
-0
42.5626
-0
-0
12.8357
-0
2.48087
26.7849
-0
1.00593
-0
-0
-0
7.10236
-0
-0
-0
32.3923
-0
-0
17.6805
-0
-0
-0
-0
-0
16.9144
-0
21.6516
-0
-0
17.614
12.4761
-0
-0
-0
-0
-0
10.7849
-0
12.3317
-0
-0
-0
-0
45.4347
-0
24.1738
24.0752
-0
-0
-0
-0
-0
-0
-0
-0
-0
8.86877
-0
-0
-0
-0
-0
-0
43.0308
-0
-0
-0
-0
18.797
-0
-0
8.93219
-0
-0
-0
-0
-0
-0
16.1517
-0
5.57145
-0
18.9788
30.8115
-0
-0
-0
34.3425
-0
-0
-0
-0
-0
14.0451
8.70538
-0
1.58
40.8653
21.0866
-0
-0
28.1935
15.2005
-0
-0
-0
19.2105
-0
35.1357
-0
-0
-0
-0
-0
-0
-0
-0
-0
8.23437
-0
-0
2.10617
-0
-0
8.19087
-0
-0
3.46735
43.2682
-0
-0
-0
9.02624
-0
-0
-0
-0
-0
-0
-0
-0
-0
-0
-0
-0
-0
-0
-0
-0
-0
-0
-0
-0
-0
-0
-0
-0
-0
-0
-0
-0
12.8895
39.5206
-0
18.9715
12.2951
-0
-0
-0
8.06541
50.7671
-0
25.1566
-0
24.9724
-0
-0
-0
-0
50.0557
-0
-0
-0
-0
45.7436
-0
-0
-0
10.2903
6.62738
9.69397
-0
-0
-0
-0
-0
-0
24.5437
-0
-0
-0
-0
-0
-0
-0
-0
-0
-0
32.9006
18.3545
-0
-0
-0
48.6413
-0
-0
-0
20.7274
-0
-0
18.1138
-0
2.73831
-0
19.6719
9.38641
-0
-0
14.2429
-0
-0
-0
-0
49.6019
-0
-0
-0
16.8985
-0
30.8301
-0
-0
2.78823
-0
-0
-0
1.66122
14.5769
-0
-0
-0
-0
-0
-0
8.53132
-0
-0
10.6868
15.7428
-0
-0
-0
-0
22.9976
-0
8.48874
22.7352
35.0753
-0
-0
-0
-0
-0
57.0672
-0
32.1865
-0
-0
-0
-0
-0
-0
3.4798
-0
-0
-0
1.24948
-0
39.2846
1.58883
-0
-0
9.65201
-0
-0
28.0991
21.2541
3.8039
-0
-0
-0
-0
-0
14.8365
-0
36.1102
-0
-0
-0
-0
-0
1.38994
-0
-0
2.66977
-0
11.7007
31.2475
-0
-0
-0
-0
-0
-0
10.8539
-0
-0
-0
48.6297
-0
-0
-0
-0
-0
-0
-0
8.39902
-0
0.245592
63.7603
-0
20.0546
-0
-0
-0
-0
27.06
-0
-0
11.7003
-0
-0
-0
-0
-0
-0
11.7953
-0
-0
-0
-0
-0
20.4189
-0
-0
-0
-0
-0
-0
-0
-0
-0
-0
-0
-0
-0
-0
-0
-0
-0
-0
7.83436
-0
-0
27.1507
8.68857
-0
-0
-0
1.11325
-0
-0
-0
-0
10.1946
6.34775
16.6661
-0
-0
14.0918
-0
-0
-0
-0
-0
17.6385
-0
-0
11.9251
5.61435
8.46761
-0
-0
5.98687
-0
15.9191
-0
-0
-0
17.0223
26.8243
-0
-0
-0
-0
25.7266
40.0988
-0
18.6964
-0
0.92083
-0
-0
28.1884
-0
-0
-0
-0
-0
-0
23.2277
-0
14.1742
-0
-0
-0
5.49149
-0
1.95118
63.0043
-0
-0
-0
-0
-0
10.3878
-0
-0
-0
-0
-0
-0
-0
-0
-0
-0
0.279512
-0
1.41969
-0
-0
14.394
-0
-0
3.38405
-0
-0
-0
1.6406
-0
15.9875
-0
45.7624
-0
-0
-0
-0
32.6789
-0
-0
-0
-0
-0
-0
-0
-0
-0
-0
-0
-0
11.0093
-0
-0
-0
24.2346
-0
-0
-0
-0
-0
-0
-0
-0
-0
-0
-0
11.0962
-0
-0
-0
-0
-0
-0
-0
14.0637
-0
-0
-0
-0
-0
-0
23.651
-0
37.4949
20.625
-0
29.9184
-0
1.02923
-0
-0
-0
-0
-0
-0
-0
-0
15.1247
-0
9.48372
-0
-0
-0
-0
0.286736
-0
-0
2.01495
-0
-0
22.3403
2.83263
-0
-0
-0
14.8961
-0
-0
-0
-0
-0
23.461
-0
-0
20.933
-0
-0
-0
-0
-0
-0
-0
-0
-0
62.0475
-0
-0
7.06742
-0
-0
-0
-0
-0
-0
-0
-0
7.95038
22.0228
-0
-0
-0
31.2252
-0
-0
-0
-0
6.21633
-0
-0
18.0154
-0
3.55843
-0
-0
-0
9.94266
-0
-0
-0
-0
-0
-0
11.9186
-0
-0
-0
-0
26.2529
-0
-0
-0
-0
-0
35.9596
-0
-0
-0
-0
-0
-0
6.16933
-0
5.6047
-0
-0
-0
-0
-0
-0
0.291738
-0
-0
-0
51.8797
-0
-0
-0
-0
45.0906
32.8193
-0
-0
-0
-0
6.5261
-0
-0
36.6054
-0
-0
51.9431
-0
-0
12.9537
-0
16.0819
-0
-0
-0
-0
27.5086
2.36444
-0
-0
-0
-0
-0
-0
0.0407262
14.2172
56.2902
59.6419
1.62444
-0
-0
-0
-0
-0
-0
-0
-0
-0
-0
-0
-0
-0
6.96003
-0
52.7297
-0
-0
12.302
-0
-0
31.1011
-0
-0
-0
-0
-0
-0
-0
-0
-0
26.6574
-0
-0
25.6044
-0
36.1224
-0
-0
-0
-0
-0
-0
-0
31.6162
1.50056
-0
17.4783
-0
-0
22.1709
9.31202
-0
-0
24.4771
-0
-0
-0
-0
11.4623
-0
-0
-0
-0
-0
18.3864
-0
4.64626
-0
-0
-0
-0
19.3308
-0
-0
-0
0.27281
-0
26.1454
-0
-0
-0
-0
-0
-0
-0
-0
-0
-0
-0
-0
-0
24.138
-0
-0
-0
-0
-0
-0
-0
-0
-0
-0
62.9871
-0
-0
-0
-0
-0
33.0629
-0
62.7664
36.6888
-0
34.9736
-0
15.8913
38.5156
-0
-0
-0
-0
9.70076
34.9688
-0
3.33351
64.9761
4.48144
-0
-0
31.1081
-0
-0
12.889
-0
17.0916
-0
-0
-0
-0
0.971876
-0
-0
-0
-0
-0
-0
-0
-0
-0
27.3824
-0
-0
-0
-0
9.22574
-0
0.572734
8.41778
-0
1.32411
-0
-0
-0
-0
-0
8.95524
-0
17.0454
-0
-0
-0
-0
-0
-0
-0
-0
-0
-0
-0
-0
-0
-0
-0
-0
58.0921
-0
-0
-0
-0
-0
-0
-0
-0
-0
-0
-0
-0
-0
-0
-0
-0
-0
-0
-0
-0
-0
-0
25.7616
3.65798
-0
-0
-0
-0
12.8439
-0
-0
7.24474
-0
-0
-0
30.6107
45.6634
-0
-0
-0
-0
-0
-0
-0
7.56754
35.3294
-0
-0
-0
-0
79.9077
-0
-0
-0
-0
-0
-0
-0
-0
-0
-0
-0
-0
-0
9.27413
-0
-0
3.05187
-0
-0
-0
-0
-0
41.108
-0
-0
11.8731
-0
-0
-0
-0
-0
-0
-0
19.7371
6.88769
-0
-0
-0
-0
-0
-0
-0
8.58118
-0
-0
-0
-0
-0
-0
-0
-0
-0
-0
-0
26.5618
-0
-0
-0
-0
-0
-0
-0
32.2228
-0
-0
-0
-0
-0
-0
23.9518
-0
-0
7.38723
8.76387
1.69514
6.6559
-0
-0
-0
-0
-0
-0
-0
-0
-0
-0
11.455
-0
-0
5.90056
9.67288
-0
-0
-0
-0
-0
-0
-0
-0
-0
-0
-0
-0
-0
9.81308
-0
-0
-0
-0
29.1399
-0
-0
-0
-0
-0
-0
-0
-0
-0
-0
-0
16.7548
-0
-0
-0
17.7384
-0
-0
-0
0.45842
0.250578
-0
-0
-0
-0
-0
-0
-0
-0
10.1102
3.97855
-0
2.43861
-0
-0
5.91441
-0
-0
-0
-0
-0
-0
-0
-0
6.17186
-0
-0
-0
-0
-0
11.4059
-0
54.6745
20.4354
-0
-0
10.7258
-0
0.102525
-0
45.7238
-0
-0
-0
-0
-0
-0
49.0909
21.6296
-0
-0
8.84726
-0
-0
-0
-0
-0
-0
62.4925
-0
-0
-0
-0
45.0096
-0
4.57278
-0
-0
43.5985
-0
0.0430619
-0
-0
-0
-0
-0
-0
1.45024
6.63795
-0
47.9093
-0
-0
-0
0.00445694
4.3257
-0
-0
29.1163
-0
21.7861
-0
8.70877
-0
-0
-0
40.361
-0
-0
1.68931
23.6704
-0
31.3998
-0
-0
-0
29.7994
-0
55.5134
-0
-0
-0
-0
8.27642
-0
36.3211
2.18997
35.7984
-0
22.4965
-0
-0
26.9408
-0
-0
50.9544
-0
29.544
-0
-0
-0
-0
-0
-0
-0
13.0762
-0
-0
-0
-0
-0
7.50723
-0
-0
1.96995
4.9197
-0
-0
18.3692
-0
3.28721
-0
-0
2.58673
18.4835
-0
9.18155
-0
-0
-0
-0
-0
-0
-0
-0
1.98309
0.372713
36.0955
-0
-0
-0
12.6818
-0
-0
-0
-0
-0
-0
-0
-0
-0
-0
-0
-0
-0
-0
27.7908
-0
-0
-0
-0
-0
-0
44.3996
-0
-0
5.67085
28.4216
-0
-0
-0
13.861
-0
-0
-0
-0
-0
16.7549
-0
39.9878
-0
-0
-0
-0
-0
30.3815
-0
-0
-0
-0
-0
-0
-0
4.76446
-0
-0
-0
-0
-0
-0
-0
24.9692
-0
-0
9.15979
1.48285
-0
-0
26.6615
-0
-0
-0
-0
-0
-0
-0
13.3039
-0
-0
-0
-0
-0
-0
-0
-0
-0
-0
-0
-0
-0
11.7683
-0
2.35307
-0
-0
-0
-0
-0
-0
-0
-0
-0
-0
-0
-0
-0
0.496156
-0
32.3937
-0
-0
-0
-0
-0
1.38198
-0
10.4279
-0
-0
0.274774
-0
4.46802
-0
1.41613
-0
-0
-0
0.404561
-0
-0
-0
-0
-0
-0
-0
-0
-0
-0
-0
4.87629
-0
-0
-0
-0
-0
-0
0.610067
-0
-0
2.76895
1.4365
-0
-0
16.0213
-0
-0
-0
33.9601
-0
-0
-0
-0
-0
-0
-0
51.8548
-0
-0
-0
-0
4.02474
-0
-0
-0
54.1332
8.10525
-0
-0
21.0171
40.5305
-0
-0
33.0036
-0
-0
8.99529
-0
-0
-0
-0
-0
-0
2.60701
-0
-0
-0
5.2082
51.9629
39.8527
-0
4.57204
-0
4.31431
49.7016
17.5725
-0
-0
24.33
-0
-0
9.73095
-0
3.37794
-0
-0
-0
-0
-0
-0
-0
-0
1.25348
-0
-0
-0
-0
-0
-0
-0
1.88671
-0
20.4907
-0
-0
-0
-0
14.9574
-0
27.6853
-0
-0
-0
2.48705
-0
-0
0.0786177
-0
0.0589442
-0
-0
34.1208
-0
-0
-0
-0
18.2423
15.5041
-0
16.2698
-0
-0
47.4964
30.0026
-0
14.7542
30.2183
-0
-0
-0
-0
11.0323
-0
-0
-0
-0
-0
37.8595
19.6708
-0
-0
-0
-0
3.31189
-0
76.7696
-0
-0
-0
-0
-0
17.4978
-0
-0
-0
20.2134
20.7061
-0
-0
-0
-0
-0
11.3791
-0
-0
-0
-0
39.4636
-0
23.3128
35.8349
20.6377
26.7043
-0
-0
-0
-0
2.00349
6.10668
39.2927
-0
-0
4.7288
-0
-0
27.9408
-0
-0
-0
-0
-0
-0
-0
-0
-0
-0
-0
-0
-0
-0
-0
-0
-0
-0
-0
36.5683
-0
2.6701
-0
19.716
-0
-0
-0
-0
16.195
-0
-0
-0
-0
-0
-0
-0
-0
-0
-0
-0
-0
-0
1.35268
-0
-0
10.7452
-0
-0
-0
-0
-0
-0
-0
-0
-0
-0
-0
-0
-0
-0
-0
-0
-0
19.6679
-0
-0
-0
1.43937
18.3133
-0
32.8572
2.84968
-0
-0
43.3296
-0
-0
4.9308
-0
-0
15.6991
-0
-0
-0
-0
20.3341
-0
16.2685
1.236
31.5452
5.02275
-0
61.763
16.8205
-0
-0
0.311738
-0
7.66974
2.11549
-0
-0
-0
-0
-0
2.99931
-0
-0
-0
-0
-0
-0
-0
-0
40.0647
-0
-0
26.9107
44.7139
-0
-0
-0
-0
9.02941
-0
-0
1.60248
-0
-0
-0
4.87301
-0
-0
-0
25.8844
-0
-0
-0
-0
-0
-0
-0
-0
-0
-0
-0
40.7753
-0
-0
36.7123
0.802134
-0
-0
-0
8.68613
7.13578
-0
-0
-0
10.2552
-0
-0
-0
-0
-0
-0
42.124
-0
-0
-0
3.58568
-0
-0
-0
-0
-0
-0
-0
-0
-0
-0
-0
-0
-0
20.5671
-0
-0
-0
-0
-0
23.507
37.372
-0
-0
-0
15.1463
-0
-0
27.8041
-0
-0
24.0583
-0
-0
-0
-0
-0
-0
-0
21.8393
34.9189
-0
51.3993
-0
-0
-0
-0
-0
-0
-0
-0
-0
-0
-0
-0
-0
-0
-0
-0
16.9914
-0
-0
-0
-0
-0
-0
-0
-0
0.148897
-0
-0
9.81614
-0
-0
58.3171
-0
1.44014
-0
-0
-0
-0
-0
5.22152
-0
-0
-0
-0
-0
-0
-0
-0
25.308
14.5729
65.0603
12.24
3.52201
-0
-0
42.3092
5.33842
-0
-0
-0
-0
-0
-0
-0
6.46595
-0
-0
3.30807
4.05786
29.8782
-0
-0
-0
-0
-0
-0
-0
-0
-0
-0
-0
-0
-0
-0
-0
-0
-0
-0
-0
-0
-0
-0
-0
-0
-0
-0
-0
0.970383
-0
-0
-0
-0
-0
-0
-0
-0
7.40158
-0
-0
-0
0.263295
-0
6.8673
-0
19.0619
-0
18.9401
-0
2.57983
-0
5.30062
-0
0.892068
-0
8.12116
-0
-0
-0
1.18508
-0
-0
-0
-0
-0
-0
-0
-0
25.185
-0
-0
-0
-0
-0
18.6278
-0
-0
-0
-0
5.56504
-0
24.1622
-0
0.709144
-0
-0
-0
5.54404
-0
-0
-0
-0
-0
19.6586
-0
-0
-0
-0
-0
-0
-0
-0
-0
46.4168
3.3216
-0
-0
34.3063
-0
8.70534
27.4629
14.4912
40.9818
-0
-0
-0
-0
-0
-0
12.3004
0.578831
-0
-0
-0
-0
10.7662
-0
-0
-0
-0
-0
-0
-0
-0
-0
-0
-0
32.1826
36.4563
-0
-0
-0
-0
-0
-0
-0
-0
41.762
-0
-0
-0
-0
-0
-0
-0
5.92611
-0
-0
9.29923
-0
-0
-0
11.8922
-0
-0
-0
-0
22.5407
-0
22.341
11.6096
-0
41.6704
-0
-0
2.82525
-0
-0
-0
-0
-0
-0
-0
-0
-0
8.80236
-0
-0
-0
4.56842
-0
-0
7.63237
-0
-0
-0
16.2444
10.5631
-0
1.06514
-0
-0
-0
5.50151
-0
65.1583
-0
37.1886
1.35731
-0
-0
-0
-0
16.5981
-0
10.4919
55.3431
8.58913
1.5181
-0
-0
30.0469
-0
-0
-0
1.23085
-0
-0
8.38451
5.74423
-0
-0
-0
-0
-0
24.2241
-0
-0
5.21757
-0
-0
-0
-0
-0
13.2863
-0
-0
-0
-0
-0
-0
-0
0.202481
5.35491
-0
-0
-0
-0
-0
-0
-0
-0
-0
-0
7.91771
-0
-0
-0
-0
-0
-0
-0
-0
16.9327
29.3995
-0
-0
-0
-0
-0
-0
-0
-0
-0
4.65256
-0
13.7136
-0
-0
-0
-0
-0
-0
-0
-0
-0
1.60841
-0
-0
-0
-0
0.82891
-0
-0
-0
-0
-0
-0
-0
-0
-0
-0
-0
-0
-0
-0
-0
-0
21.0019
-0
-0
6.57398
-0
-0
-0
21.0174
-0
33.9045
-0
7.73527
13.6721
-0
-0
-0
7.09571
-0
-0
38.7606
-0
-0
-0
-0
16.2837
-0
36.3096
-0
-0
-0
-0
-0
-0
-0
-0
-0
-0
-0
-0
-0
42.235
-0
-0
-0
-0
43.0354
-0
-0
-0
-0
-0
-0
-0
-0
-0
16.2449
40.7598
-0
-0
-0
-0
1.09155
-0
-0
-0
-0
-0
-0
-0
-0
-0
-0
-0
-0
-0
-0
-0
-0
-0
-0
-0
0.621392
-0
-0
14.1605
12.3555
-0
-0
-0
2.81168
-0
-0
-0
6.07346
-0
-0
-0
-0
-0
-0
-0
-0
-0
-0
-0
9.21248
38.9307
1.67792
-0
-0
-0
-0
5.37361
-0
-0
-0
-0
39.1412
1.09234
-0
5.77587
-0
24.7089
-0
21.8535
-0
-0
-0
21.1606
-0
-0
-0
10.3056
13.4672
-0
-0
-0
-0
-0
-0
-0
8.44174
-0
2.89041
-0
-0
-0
6.02894
-0
10.6493
-0
-0
-0
-0
-0
-0
-0
-0
-0
-0
-0
-0
-0
-0
-0
24.3308
-0
15.3364
30.109
-0
-0
-0
-0
-0
-0
-0
-0
-0
-0
14.25
-0
-0
-0
-0
14.8506
10.5448
-0
-0
-0
-0
-0
23.9531
-0
-0
1.42853
7.25524
15.6482
-0
-0
-0
4.60171
-0
-0
33.3165
-0
32.2404
13.271
-0
-0
-0
-0
-0
-0
-0
-0
11.3537
-0
-0
7.8471
27.5214
11.2416
-0
-0
23.1827
-0
42.8234
-0
18.4236
14.7407
-0
-0
-0
14.9201
-0
16.0194
-0
12.9532
-0
-0
-0
-0
-0
31.6327
-0
-0
-0
-0
-0
21.2808
-0
17.1859
-0
30.1004
-0
-0
3.23006
13.957
8.98763
-0
0.460802
8.45255
-0
-0
-0
5.98937
-0
-0
-0
-0
-0
-0
-0
-0
-0
-0
-0
-0
-0
-0
-0
-0
6.95591
12.7394
-0
-0
-0
-0
-0
-0
15.2749
-0
-0
41.3008
-0
42.0895
-0
26.6308
35.1858
19.9194
-0
27.2213
-0
-0
-0
-0
-0
-0
-0
-0
-0
-0
21.4693
-0
-0
37.6459
-0
-0
-0
14.1329
-0
-0
-0
-0
-0
-0
-0
22.5144
-0
10.2115
-0
-0
28.7782
1.7184
-0
-0
-0
-0
-0
1.01962
-0
-0
15.1454
-0
-0
6.33868
-0
-0
-0
-0
-0
-0
-0
-0
-0
40.1557
-0
0.245222
-0
-0
-0
-0
-0
-0
-0
15.7709
-0
-0
11.7323
-0
-0
-0
3.12155
-0
-0
69.6721
26.5323
9.73775
-0
-0
-0
-0
35.1948
-0
-0
-0
-0
6.94278
-0
-0
-0
-0
-0
-0
-0
-0
-0
3.13431
-0
-0
28.0436
5.24754
-0
-0
-0
-0
-0
17.9871
-0
-0
-0
-0
-0
-0
0.920797
-0
-0
8.61975
50.9716
20.0883
-0
-0
-0
-0
-0
-0
-0
-0
-0
-0
-0
16.2134
-0
21.2546
23.1275
-0
11.1157
16.1903
-0
36.237
25.1015
10.0382
-0
-0
-0
-0
-0
65.6529
-0
-0
-0
-0
-0
-0
49.281
-0
-0
13.2313
-0
-0
-0
-0
6.94238
34.2067
-0
-0
-0
10.5643
-0
-0
-0
13.9936
-0
-0
-0
-0
-0
-0
1.66232
15.2707
-0
-0
-0
-0
-0
-0
0.102098
-0
-0
-0
-0
8.75792
-0
9.15501
-0
-0
-0
-0
-0
-0
-0
-0
-0
-0
-0
-0
-0
-0
8.07924
6.64388
-0
-0
-0
-0
-0
-0
3.0719
17.1015
-0
-0
6.28274
-0
-0
-0
-0
7.91213
-0
3.87283
-0
1.43653
-0
30.5383
-0
12.6204
-0
-0
-0
-0
8.48652
0.229796
-0
-0
-0
10.0318
36.8924
-0
-0
-0
23.7768
-0
7.49277
27.7673
-0
8.49866
-0
-0
-0
-0
-0
-0
-0
10.1751
-0
-0
-0
-0
-0
-0
4.8554
-0
18.6277
18.4365
-0
59.0152
30.7909
-0
-0
11.4043
-0
-0
-0
-0
-0
0.957882
-0
-0
-0
-0
-0
-0
-0
-0
-0
-0
-0
-0
-0
-0
8.00064
-0
-0
-0
-0
9.33725
-0
-0
-0
-0
-0
-0
30.1218
-0
2.19522
-0
-0
7.89081
-0
-0
-0
-0
23.172
-0
-0
-0
-0
-0
31.1514
-0
-0
10.2805
-0
-0
20.1012
-0
-0
-0
-0
-0
-0
-0
-0
-0
-0
-0
-0
-0
13.227
-0
-0
-0
41.0925
-0
4.66316
-0
-0
43.7622
-0
-0
-0
-0
-0
-0
23.9758
-0
7.6618
-0
-0
-0
7.31593
-0
-0
-0
-0
-0
-0
-0
-0
-0
-0
24.7948
-0
-0
-0
1.8499
3.40676
9.00131
-0
-0
-0
-0
-0
-0
-0
-0
-0
-0
-0
41.3825
-0
29.6373
10.6222
30.8799
20.9334
13.8645
-0
-0
-0
-0
-0
-0
-0
-0
-0
-0
-0
0.611233
0.839398
-0
-0
-0
-0
24.9889
-0
-0
5.38355
7.64037
-0
19.6285
-0
-0
-0
51.1114
14.2712
-0
-0
-0
-0
-0
-0
-0
-0
-0
-0
-0
37.5074
-0
-0
6.49084
-0
-0
-0
-0
-0
-0
-0
17.5002
3.10223
-0
24.3737
-0
35.1229
-0
-0
-0
33.8942
6.99907
3.87348
-0
-0
-0
0.252816
-0
49.4121
-0
-0
-0
-0
-0
1.26902
-0
-0
5.06883
-0
-0
48.5358
-0
-0
-0
23.8518
-0
14.9755
4.69896
16.729
-0
32.6232
-0
-0
-0
-0
-0
-0
44.0109
23.2668
8.98935
-0
-0
-0
-0
26.1207
16.6212
-0
-0
-0
16.7544
30.9267
-0
49.1805
-0
-0
-0
-0
-0
-0
-0
20.2351
-0
3.58741
3.00605
-0
-0
-0
16.8276
-0
-0
-0
-0
6.22807
-0
5.67042
-0
3.29368
-0
-0
-0
-0
18.2513
-0
-0
-0
-0
-0
-0
-0
-0
-0
-0
-0
16.7838
20.2241
0.0518395
-0
-0
-0
-0
-0
-0
-0
33.4452
-0
-0
-0
-0
-0
-0
-0
-0
-0
-0
-0
-0
14.1526
-0
39.8913
-0
-0
-0
-0
-0
28.2847
-0
37.1892
31.9087
-0
15.8971
-0
-0
-0
-0
-0
-0
-0
10.5276
-0
-0
-0
-0
-0
15.0236
27.8899
-0
-0
-0
-0
-0
-0
-0
30.2128
-0
-0
-0
-0
-0
-0
3.75366
-0
-0
-0
52.6572
-0
-0
-0
-0
26.617
9.07372
-0
24.1615
-0
-0
-0
-0
-0
-0
-0
9.08551
-0
-0
0.801083
4.00831
-0
-0
-0
43.3946
-0
-0
14.6701
-0
-0
-0
11.4174
-0
-0
-0
-0
-0
-0
-0
-0
-0
17.7969
4.72409
-0
-0
20.3187
-0
-0
-0
-0
-0
6.7
-0
-0
-0
9.14598
23.7108
-0
-0
-0
-0
19.0626
-0
-0
-0
-0
37.4549
-0
-0
-0
-0
-0
-0
-0
-0
-0
-0
-0
-0
-0
21.266
-0
-0
72.6059
-0
-0
-0
26.8164
-0
-0
-0
-0
25.4181
13.8163
-0
-0
-0
38.8692
22.7678
-0
-0
-0
2.73164
-0
0.346011
7.31978
-0
-0
-0
43.2505
2.00179
20.4374
42.6314
-0
-0
-0
0.747306
-0
-0
-0
19.7835
-0
-0
6.49683
65.0065
1.2527
-0
-0
0.740359
-0
-0
-0
-0
-0
-0
-0
-0
-0
23.9221
-0
-0
-0
-0
-0
20.4037
-0
39.4539
-0
27.3252
-0
-0
8.55524
39.0673
23.1713
-0
-0
-0
-0
10.7377
-0
14.6305
-0
-0
-0
-0
-0
-0
-0
-0
-0
-0
25.678
-0
-0
-0
-0
-0
27.6649
-0
-0
-0
-0
-0
-0
-0
3.79561
-0
-0
17.9477
-0
5.23127
-0
-0
-0
9.04839
-0
3.73633
-0
31.9256
-0
-0
26.5764
-0
-0
-0
-0
-0
-0
-0
22.0915
-0
-0
9.35139
-0
-0
6.09758
-0
9.15126
-0
-0
9.23125
0.995597
52.4361
-0
5.94828
-0
-0
21.5867
-0
28.965
-0
-0
4.06898
-0
-0
17.1491
-0
44.0936
-0
-0
-0
-0
-0
-0
-0
-0
38.6057
1.89981
-0
5.49627
-0
-0
-0
-0
-0
-0
-0
-0
-0
7.54488
-0
3.83963
-0
-0
-0
1.78173
42.1302
-0
-0
30.9965
-0
-0
9.19658
-0
31.6325
-0
-0
2.24269
4.10641
-0
10.0086
-0
-0
-0
-0
-0
-0
-0
10.8672
-0
-0
-0
-0
-0
44.3243
-0
-0
-0
-0
-0
-0
-0
-0
-0
-0
-0
-0
-0
-0
-0
25.7309
18.0051
-0
-0
-0
-0
-0
36.7056
-0
-0
-0
-0
-0
79.4221
-0
-0
-0
-0
12.5696
-0
-0
6.19916
-0
11.6501
-0
11.4278
3.67319
19.8283
-0
-0
-0
-0
-0
-0
-0
-0
-0
-0
21.8777
-0
-0
4.83564
-0
15.5644
-0
-0
-0
34.7388
3.46701
-0
30.7245
-0
-0
-0
-0
-0
-0
-0
-0
-0
12.2954
-0
-0
-0
-0
-0
-0
-0
-0
-0
18.5409
-0
-0
-0
9.22793
-0
25.5243
9.09505
-0
-0
-0
-0
-0
-0
-0
6.41449
-0
-0
-0
-0
1.80819
89.6178
-0
-0
25.8509
-0
17.498
-0
-0
-0
-0
-0
-0
-0
-0
-0
7.73096
19.4618
16.0826
-0
-0
-0
4.67587
-0
-0
-0
52.1693
-0
-0
-0
-0
55.6706
-0
-0
-0
-0
-0
44.4247
18.6942
-0
-0
-0
29.0009
11.7089
-0
-0
-0
8.78507
-0
1.08265
6.68231
10.4885
-0
5.04955
-0
-0
-0
-0
-0
-0
-0
-0
-0
-0
-0
1.55787
-0
-0
-0
-0
-0
-0
-0
30.2497
14.807
-0
-0
-0
26.1819
-0
32.2124
-0
0.32723
-0
-0
16.8405
-0
-0
-0
-0
-0
-0
-0
-0
-0
-0
-0
-0
36.6043
-0
-0
-0
-0
-0
-0
-0
32.9863
31.05
13.6754
-0
23.5223
73.1757
-0
-0
-0
50.4894
-0
-0
19.5316
19.0064
17.8574
6.43105
-0
-0
