-0
-0
-0
-0
-0
-0
-0
27.0939
3.7997
23.2972
17.9152
-0
-0
-0
-0
20.1341
-0
-0
-0
-0
-0
-0
-0
-0
21.804
22.0237
41.4461
-0
-0
-0
-0
-0
-0
-0
12.0502
-0
-0
-0
-0
-0
-0
-0
-0
35.5741
-0
-0
-0
50.929
-0
25.9067
-0
-0
-0
-0
-0
-0
49.8841
1.33564
27.6986
-0
-0
-0
28.3535
-0
8.22783
-0
27.4105
0.1599
-0
0.999705
-0
-0
-0
-0
-0
12.4747
23.6464
-0
-0
-0
-0
54.1703
7.55289
-0
22.0273
-0
-0
14.8025
-0
-0
-0
-0
-0
-0
36.7062
-0
18.3903
-0
-0
-0
-0
-0
-0
-0
4.8349
-0
18.137
-0
-0
-0
-0
-0
0.0892529
-0
-0
39.289
32.5827
-0
57.9054
90.9115
0.868211
-0
25.1332
-0
41.5888
-0
-0
-0
-0
0.904917
-0
-0
28.5062
-0
15.2945
-0
-0
-0
-0
6.05435
11.818
-0
22.4113
-0
13.589
-0
-0
2.47101
-0
-0
-0
-0
-0
-0
41.2207
-0
50.5928
-0
-0
0.852384
20.9382
-0
-0
5.4667
9.36052
2.82083
-0
4.54346
-0
64.544
5.30575
9.92355
-0
-0
14.1462
-0
-0
-0
13.5246
-0
-0
-0
-0
-0
-0
41.0209
-0
-0
37.824
49.0904
12.6986
42.0813
65.4768
37.2993
-0
-0
-0
8.77623
-0
-0
-0
-0
-0
-0
5.19873
3.21026
-0
-0
-0
-0
-0
-0
-0
-0
-0
27.7017
-0
30.6968
-0
-0
3.77359
-0
-0
-0
-0
-0
-0
-0
-0
-0
-0
-0
-0
-0
-0
5.62704
-0
-0
-0
-0
-0
-0
-0
-0
-0
-0
35.7983
-0
-0
-0
-0
-0
-0
-0
20.1909
-0
-0
22.6876
-0
-0
-0
-0
-0
30.1485
0.804129
-0
-0
-0
-0
-0
-0
45.3468
14.7624
43.8865
-0
-0
-0
-0
-0
-0
-0
11.4621
-0
22.4017
-0
-0
-0
13.6086
-0
-0
-0
-0
-0
-0
8.63706
-0
-0
-0
18.443
42.5123
-0
-0
-0
-0
33.3675
16.0945
-0
-0
36.9753
-0
15.9162
14.0394
-0
-0
6.62523
2.7692
-0
-0
-0
0.200936
-0
-0
-0
22.06
31.6166
-0
-0
-0
-0
31.6608
-0
-0
0.988294
-0
-0
0.914258
-0
18.4369
-0
23.5797
-0
-0
-0
10.6405
-0
-0
18.3825
24.8295
-0
1.57164
-0
-0
8.08103
-0
47.7
-0
-0
-0
-0
22.2819
24.6992
-0
-0
-0
29.6184
1.95514
-0
-0
56.1965
-0
-0
-0
0.827867
20.691
-0
-0
-0
-0
-0
-0
-0
-0
-0
-0
-0
9.0314
24.6089
-0
-0
-0
-0
10.9127
-0
-0
-0
15.6781
-0
-0
-0
-0
-0
-0
-0
-0
-0
-0
-0
-0
-0
-0
-0
-0
-0
-0
4.92255
11.6654
-0
4.14574
-0
-0
28.7227
-0
-0
-0
-0
-0
-0
10.1233
34.4466
37.5738
-0
-0
-0
-0
-0
-0
-0
-0
-0
-0
-0
-0
25.5451
-0
-0
-0
-0
-0
-0
-0
-0
24.5067
-0
-0
21.7974
-0
9.51942
18.027
-0
-0
-0
-0
25.2822
-0
2.32333
-0
17.7104
-0
12.8178
-0
-0
-0
-0
-0
-0
-0
10.9605
-0
-0
-0
-0
-0
-0
-0
-0
-0
-0
-0
-0
64.9878
35.8742
-0
-0
-0
-0
7.64894
43.054
-0
-0
8.13176
-0
-0
-0
-0
-0
-0
45.0464
-0
-0
17.1484
-0
-0
-0
-0
-0
31.5847
-0
3.5071
-0
-0
7.53364
27.6681
-0
34.9164
-0
-0
5.58902
26.6397
-0
-0
-0
-0
-0
-0
-0
-0
11.7803
17.812
-0
-0
-0
-0
-0
-0
-0
-0
-0
12.2407
-0
11.5848
-0
-0
-0
-0
38.5105
14.1956
-0
-0
11.9352
12.1255
-0
-0
25.0081
-0
-0
-0
-0
-0
-0
46.5364
-0
25.3562
-0
45.9006
1.76401
-0
-0
-0
15.2764
-0
-0
-0
-0
-0
-0
26.4614
-0
16.3139
11.1006
31.2565
-0
-0
30.4414
3.89941
-0
-0
-0
14.2787
9.66664
16.3352
-0
-0
-0
-0
-0
-0
-0
-0
-0
32.7665
-0
-0
7.26131
-0
-0
-0
7.46863
31.927
-0
34.2265
-0
-0
-0
-0
-0
-0
-0
-0
-0
-0
-0
-0
-0
-0
-0
-0
-0
-0
-0
-0
-0
-0
-0
-0
-0
0.208478
-0
-0
-0
-0
-0
-0
-0
-0
-0
-0
-0
-0
-0
-0
-0
-0
-0
25.3669
-0
13.2356
13.301
-0
-0
-0
38.819
-0
-0
-0
21.6461
15.4863
-0
-0
-0
39.8741
-0
0.486758
13.6279
-0
-0
-0
-0
-0
29.0238
-0
-0
-0
-0
-0
-0
-0
10.9284
-0
-0
6.24516
43.6388
-0
-0
-0
25.2613
-0
-0
-0
14.1881
-0
-0
3.54524
-0
14.2896
-0
-0
1.29237
-0
-0
-0
-0
0.913635
-0
-0
38.0647
-0
-0
-0
22.3589
-0
52.124
4.85873
-0
3.72445
-0
-0
-0
1.5016
8.73603
-0
-0
-0
-0
-0
-0
18.4834
-0
-0
3.47457
1.24901
-0
-0
-0
-0
-0
11.1772
8.01976
-0
70.065
-0
-0
-0
-0
-0
39.0655
-0
40.8016
-0
-0
-0
-0
-0
-0
-0
10.0408
-0
-0
-0
-0
75.6494
-0
1.15552
-0
-0
-0
-0
-0
41.7806
-0
-0
-0
-0
10.4419
-0
-0
-0
59.1996
-0
-0
-0
-0
-0
25.0317
-0
-0
-0
-0
-0
47.4871
-0
-0
-0
-0
-0
-0
32.6591
-0
-0
-0
30.3024
-0
-0
22.727
-0
-0
-0
-0
14.5319
2.9652
-0
45.5958
-0
-0
-0
-0
-0
-0
12.8844
-0
-0
8.91327
-0
-0
-0
3.59405
20.4055
12.0217
14.4586
-0
-0
11.6213
-0
12.5894
-0
-0
-0
32.0933
8.34562
-0
-0
-0
-0
-0
-0
-0
-0
-0
-0
-0
-0
-0
-0
-0
8.21088
-0
13.7327
-0
-0
-0
-0
4.09007
21.8561
-0
-0
-0
7.46915
32.2143
26.0163
0.688397
1.14019
-0
-0
-0
-0
-0
-0
36.2214
-0
-0
22.2299
47.2914
-0
-0
-0
-0
-0
18.6696
-0
-0
-0
2.99688
41.4871
-0
-0
-0
-0
-0
40.9211
-0
14.8429
2.57173
-0
-0
-0
22.3685
-0
-0
-0
-0
-0
-0
14.9949
-0
57.0522
-0
-0
-0
-0
-0
-0
30.6614
-0
-0
-0
33.3636
-0
-0
22.733
-0
-0
-0
-0
-0
-0
11.4984
31.5457
-0
1.61957
-0
-0
-0
-0
2.9841
-0
-0
-0
-0
-0
-0
2.53924
-0
-0
-0
36.4586
-0
-0
-0
-0
-0
-0
-0
-0
-0
-0
-0
-0
-0
-0
-0
-0
-0
10.4815
-0
-0
-0
33.648
-0
-0
-0
-0
-0
-0
-0
-0
-0
-0
-0
-0
-0
-0
-0
-0
-0
-0
-0
3.31782
-0
-0
-0
-0
-0
-0
10.4475
-0
69.5537
4.98389
-0
6.99534
-0
8.37417
-0
-0
-0
-0
-0
-0
-0
-0
27.1353
16.4799
-0
-0
-0
-0
41.464
11.0033
-0
-0
21.6881
-0
22.9183
15.2331
6.8215
-0
-0
-0
-0
-0
-0
-0
-0
-0
17.245
-0
-0
13.8753
-0
7.40421
-0
-0
-0
-0
-0
-0
-0
46.1784
-0
-0
49.1125
-0
-0
-0
-0
-0
-0
-0
-0
5.72866
11.0678
-0
-0
-0
19.5956
-0
-0
-0
-0
2.50691
-0
12.5701
-0
-0
12.7125
-0
-0
-0
-0
-0
-0
-0
-0
2.05255
-0
-0
-0
-0
-0
-0
55.0025
-0
-0
-0
-0
-0
40.3141
-0
-0
-0
-0
1.50408
-0
4.43761
3.25991
4.39702
-0
-0
-0
-0
-0
-0
0.174759
-0
-0
-0
73.8538
18.1637
-0
-0
-0
58.267
19.8845
-0
-0
-0
-0
36.6642
-0
-0
36.1281
-0
-0
33.4171
-0
0.0277247
9.71984
4.52908
11.9245
-0
-0
-0
-0
24.8454
-0
-0
-0
-0
-0
-0
-0
0.297524
-0
23.65
42.2097
27.3462
-0
-0
-0
-0
-0
-0
-0
-0
-0
-0
-0
-0
-0
17.4912
-0
37.2814
-0
-0
4.84806
-0
-0
14.922
-0
-0
-0
-0
-0
-0
-0
-0
-0
52.6095
-0
-0
-0
-0
47.7972
-0
-0
-0
-0
3.58179
-0
2.32931
8.66475
-0
-0
50.1357
-0
-0
9.72725
-0
-0
-0
18.5967
-0
32.8962
-0
-0
-0
-0
-0
-0
-0
-0
8.63179
-0
1.86912
-0
-0
-0
-0
8.85386
-0
-0
-0
3.61621
-0
26.2581
3.54633
-0
-0
-0
-0
-0
21.1289
-0
-0
-0
20.317
-0
-0
-0
-0
13.3719
-0
-0
22.5054
20.9369
-0
-0
-0
-0
57.3616
-0
-0
-0
1.34593
-0
9.64591
-0
44.6883
-0
-0
85.1349
-0
20.8858
-0
-0
-0
-0
-0
34.4109
55.8531
-0
-0
51.2443
-0
-0
-0
18.9769
38.8457
-0
-0
-0
24.6086
-0
-0
31.3745
5.30178
17.9499
-0
-0
5.74723
-0
16.3012
-0
36.4186
-0
-0
24.3265
-0
-0
-0
-0
18.2183
4.19792
-0
21.409
-0
16.1931
-0
25.6418
20.7041
-0
-0
13.8618
1.87139
2.5246
-0
-0
-0
-0
-0
-0
-0
-0
-0
-0
-0
-0
-0
-0
-0
-0
27.6468
-0
23.2316
-0
-0
-0
8.41638
16.0676
-0
-0
-0
-0
9.08787
-0
-0
-0
-0
-0
-0
-0
-0
-0
-0
11.2761
-0
20.0013
-0
-0
-0
-0
21.9909
-0
-0
-0
-0
-0
9.23036
52.4128
-0
-0
-0
-0
0.517654
4.71076
-0
8.47917
15.7975
-0
-0
23.7007
-0
59.2145
-0
-0
-0
-0
-0
-0
-0
-0
-0
-0
-0
-0
-0
-0
24.5417
-0
1.30998
-0
-0
-0
-0
-0
70.3777
-0
-0
-0
-0
-0
-0
-0
-0
-0
-0
4.02404
4.63214
-0
-0
-0
-0
-0
3.75604
-0
-0
-0
-0
-0
-0
-0
-0
6.28816
-0
-0
-0
-0
47.5845
2.55696
-0
-0
-0
-0
-0
-0
37.8064
-0
-0
-0
-0
-0
-0
5.63251
-0
-0
-0
9.65921
-0
0.202868
-0
-0
-0
-0
-0
-0
-0
-0
-0
43.8837
5.87503
-0
-0
3.57624
16.516
-0
-0
-0
-0
-0
-0
17.2936
-0
-0
-0
-0
-0
-0
-0
-0
-0
-0
-0
21.6709
-0
-0
1.58278
44.255
-0
-0
0.412717
-0
-0
-0
-0
18.4579
1.76184
-0
-0
-0
-0
-0
-0
-0
43.1142
-0
-0
-0
-0
-0
-0
-0
-0
-0
-0
-0
24.0829
-0
-0
40.8807
-0
-0
-0
-0
-0
-0
-0
15.5474
32.5003
-0
7.13556
-0
-0
-0
-0
-0
38.3843
20.5353
-0
-0
-0
-0
-0
-0
45.7293
-0
-0
-0
-0
-0
-0
37.2287
0.316608
-0
-0
9.1923
-0
-0
-0
-0
-0
-0
73.4077
-0
-0
-0
-0
-0
-0
0.288979
-0
-0
40.2899
-0
3.39942
-0
-0
-0
-0
-0
-0
-0
-0
3.02633
57.1552
11.5754
-0
-0
30.6529
33.3347
-0
-0
17.3269
-0
26.2362
1.82237
-0
35.2066
26.0991
-0
43.6789
-0
-0
-0
1.33056
-0
34.5537
-0
-0
-0
19.1532
-0
50.99
-0
-0
-0
-0
19.2053
-0
23.4978
23.3686
37.0238
-0
17.1071
-0
-0
-0
-0
-0
-0
-0
20.4741
-0
-0
-0
-0
-0
-0
-0
18.7883
-0
-0
-0
-0
-0
25.7253
-0
-0
-0
11.2614
15.5993
-0
13.0168
-0
10.4252
-0
6.99175
8.10746
29.8902
-0
15.4413
-0
-0
-0
-0
7.5102
-0
-0
-0
-0
-0
61.7158
-0
-0
-0
27.2726
-0
-0
-0
-0
-0
-0
-0
-0
-0
-0
-0
-0
-0
-0
23.8258
-0
-0
7.66623
4.74737
-0
-0
6.71777
-0
-0
18.6835
18.5597
1.77161
-0
-0
-0
-0
-0
-0
-0
-0
15.7435
-0
40.9632
-0
-0
-0
-0
-0
18.2702
26.4576
-0
-0
-0
10.8486
-0
-0
1.83913
-0
-0
-0
-0
-0
-0
-0
31.1843
-0
-0
17.9581
-0
-0
0.210589
19.1119
-0
-0
4.68415
-0
-0
-0
26.7478
8.74749
-0
-0
-0
-0
-0
-0
-0
-0
-0
-0
-0
-0
-0
-0
-0
7.60388
-0
-0
-0
-0
-0
-0
-0
-0
-0
-0
-0
-0
0.346989
-0
-0
16.2414
-0
-0
-0
-0
-0
26.9363
-0
3.23774
24.2208
-0
-0
-0
18.8309
14.3432
-0
-0
-0
-0
-0
-0
-0
-0
-0
-0
-0
-0
-0
-0
-0
0.862384
-0
-0
-0
-0
-0
-0
-0
0.139241
-0
-0
2.74763
-0
23.0717
-0
17.058
-0
-0
-0
26.7968
-0
-0
-0
-0
-0
-0
-0
59.8343
-0
-0
-0
-0
0.515637
-0
-0
-0
47.0629
-0
-0
-0
-0
39.022
-0
-0
40.9547
-0
-0
14.47
-0
-0
-0
-0
-0
-0
33.0447
-0
-0
-0
44.5464
24.1587
29.7705
-0
16.0882
4.07957
-0
63.733
34.9191
-0
-0
59.0894
-0
-0
-0
-0
2.7949
-0
-0
-0
-0
-0
-0
-0
-0
1.18519
-0
-0
-0
-0
-0
-0
-0
-0
-0
38.9006
2.31313
-0
-0
-0
12.4205
-0
27.2355
-0
-0
-0
-0
-0
-0
-0
-0
5.13298
-0
-0
5.76692
-0
-0
-0
-0
-0
23.9382
-0
-0
19.4913
-0
50.9103
26.8656
-0
17.3285
40.0792
-0
-0
-0
-0
-0
-0
39.0433
-0
-0
-0
32.4445
10.5395
-0
-0
-0
-0
4.22283
-0
81.5578
-0
15.211
-0
-0
-0
-0
-0
-0
19.8973
7.50971
10.9102
-0
-0
15.4414
-0
-0
-0
-0
-0
-0
-0
44.6678
-0
29.1047
-0
36.3753
22.4255
-0
31.7322
-0
-0
2.603
12.7324
25.3337
-0
-0
8.12938
-0
-0
12.9444
-0
-0
-0
-0
-0
-0
13.0613
-0
-0
-0
14.8942
-0
-0
-0
-0
-0
-0
-0
5.90391
23.4952
-0
2.09033
-0
21.7941
-0
-0
-0
17.3176
16.7755
-0
-0
-0
-0
-0
-0
-0
-0
-0
-0
-0
-0
5.87516
-0
-0
-0
-0
-0
-0
-0
-0
-0
-0
-0
-0
-0
-0
-0
-0
-0
2.5819
-0
-0
1.42866
40.8555
-0
-0
-0
-0
4.23256
-0
27.1226
-0
11.329
-0
29.9312
-0
-0
8.32532
-0
-0
2.99791
14.6266
-0
31.2583
-0
12.2951
-0
23.8395
20.2528
14.835
29.2366
-0
29.7544
20.471
-0
4.50252
15.9336
-0
-0
-0
-0
-0
-0
-0
-0
0.145835
-0
-0
-0
-0
-0
-0
-0
-0
55.2045
23.3833
-0
-0
43.3961
-0
-0
-0
-0
11.6231
-0
2.13968
-0
-0
-0
-0
17.3702
5.43235
-0
27.6091
33.9718
-0
-0
-0
-0
-0
-0
-0
4.68683
-0
-0
23.3183
53.6986
17.619
-0
46.0453
-0
-0
-0
-0
-0
1.67418
-0
-0
-0
16.8917
-0
-0
-0
-0
-0
-0
26.7451
-0
-0
-0
-0
-0
-0
-0
-0
14.9203
-0
10.1137
-0
-0
-0
-0
-0
-0
39.674
11.1287
-0
-0
-0
-0
2.04597
66.8799
-0
-0
-0
-0
-0
-0
-0
-0
13.1481
26.5358
7.1718
-0
0.907573
-0
-0
-0
-0
42.6955
22.5925
-0
17.8388
-0
-0
-0
-0
15.5015
-0
-0
-0
-0
-0
-0
-0
-0
10.6043
-0
-0
-0
-0
-0
-0
25.7933
-0
-0
21.7072
-0
6.30267
-0
-0
12.1786
-0
-0
63.2662
-0
4.74773
-0
-0
-0
-0
-0
14.0394
-0
-0
-0
-0
3.67765
-0
-0
-0
40.1433
-0
64.0752
1.35358
24.3156
-0
-0
31.0741
-0
-0
-0
-0
-0
-0
-0
-0
-0
-0
-0
-0
-0
35.1281
-0
-0
-0
-0
-0
-0
-0
-0
-0
-0
-0
6.94624
-0
-0
-0
-0
-0
6.61342
-0
-0
-0
22.9617
-0
-0
-0
0.865097
-0
-0
-0
-0
-0
-0
-0
-0
-0
-0
12.4896
-0
5.85871
-0
4.78815
-0
-0
-0
16.1752
-0
-0
-0
2.36825
-0
-0
-0
1.12292
-0
53.3097
11.1009
-0
12.6269
1.05563
-0
-0
3.79095
-0
-0
-0
-0
-0
26.492
3.68313
-0
-0
-0
-0
17.1522
6.619
-0
-0
-0
15.7312
-0
36.3113
-0
7.29616
-0
-0
-0
-0
9.03707
-0
-0
-0
-0
8.94233
-0
-0
-0
-0
19.708
2.65738
-0
-0
-0
20.8942
-0
19.823
-0
57.394
-0
1.41903
19.6103
7.092
9.98622
-0
-0
-0
-0
-0
26.3259
12.3769
17.2638
-0
-0
-0
14.1732
-0
-0
-0
-0
-0
-0
-0
-0
-0
-0
-0
33.186
67.9567
37.2928
-0
-0
-0
-0
-0
-0
-0
-0
28.0423
-0
-0
-0
-0
-0
-0
-0
6.34603
-0
-0
-0
-0
-0
-0
-0
-0
-0
-0
-0
31.7447
-0
56.1927
-0
-0
56.35
-0
-0
-0
-0
-0
-0
-0
-0
-0
-0
-0
-0
-0
-0
-0
-0
-0
-0
-0
7.89967
-0
-0
-0
24.8502
22.0661
-0
-0
-0
-0
12.0909
47.4792
-0
41.7609
-0
58.1526
-0
-0
1.62181
-0
-0
-0
-0
36.1073
71.1844
22.0314
-0
-0
9.84562
-0
-0
-0
-0
4.20633
-0
11.029
5.27402
-0
-0
-0
-0
-0
8.00787
25.5915
-0
-0
6.09933
-0
-0
-0
-0
-0
-0
-0
-0
-0
-0
-0
-0
-0
22.2402
-0
4.90372
-0
23.5353
-0
-0
-0
-0
-0
-0
-0
18.3363
-0
-0
-0
-0
-0
-0
-0
-0
45.776
13.9982
5.97831
-0
15.6077
-0
-0
-0
-0
-0
-0
2.6743
-0
-0
-0
-0
1.76876
2.5739
-0
24.1624
-0
-0
-0
-0
-0
2.92387
-0
-0
11.9302
-0
-0
-0
-0
-0
3.39395
-0
-0
-0
-0
-0
-0
-0
-0
-0
-0
22.135
-0
-0
14.2857
-0
-0
-0
26.322
-0
38.4108
-0
-0
24.3153
-0
-0
-0
54.3507
-0
10.4219
29.1811
-0
-0
-0
-0
30.6033
-0
44.5429
-0
-0
-0
-0
-0
-0
-0
-0
39.6027
-0
2.2659
-0
-0
8.86281
-0
-0
-0
-0
23.9139
-0
-0
-0
-0
-0
-0
-0
8.57987
-0
-0
12.1838
-0
7.38125
-0
-0
-0
-0
-0
-0
-0
-0
-0
9.38364
26.747
-0
33.6756
-0
-0
-0
-0
-0
-0
-0
-0
-0
-0
-0
20.2202
-0
-0
-0
-0
-0
-0
-0
-0
-0
5.33216
-0
-0
-0
-0
-0
-0
-0
3.71813
-0
-0
-0
20.3235
18.8834
-0
-0
-0
-0
-0
-0
-0
-0
-0
-0
37.7062
-0
-0
15.8173
4.91275
-0
19.8221
23.1715
-0
-0
-0
17.0396
-0
-0
-0
23.997
-0
-0
-0
-0
-0
-0
-0
7.62122
-0
-0
33.236
-0
-0
-0
35.8512
-0
46.2117
-0
-0
-0
-0
-0
-0
0.3516
-0
-0
-0
-0
-0
-0
-0
-0
35.1332
-0
16.9436
50.3297
-0
-0
-0
-0
-0
-0
-0
-0
-0
-0
-0
-0
-0
-0
-0
28.9409
22.7697
-0
-0
8.33456
15.0599
8.16609
28.9105
-0
-0
14.1443
-0
24.7046
-0
-0
9.28707
-0
-0
-0
72.6883
-0
-0
13.4741
-0
-0
-0
-0
-0
-0
-0
-0
35.1407
18.0608
-0
16.5642
-0
27.1242
-0
-0
18.4131
-0
60.3199
-0
28.2607
19.6615
-0
-0
12.5791
52.6206
-0
22.737
-0
18.3103
-0
-0
-0
-0
17.1844
30.979
-0
-0
-0
-0
16.2477
13.649
-0
33.2966
-0
24.8476
-0
-0
31.6264
7.85796
-0
-0
14.887
-0
-0
-0
-0
-0
-0
-0
-0
10.4648
-0
-0
-0
-0
16.0309
42.5267
-0
0.383311
-0
-0
5.58291
-0
42.2313
22.1338
-0
-0
-0
-0
-0
-0
46.8059
-0
-0
15.0783
-0
25.0489
-0
10.6107
57.8514
21.3987
-0
25.7184
-0
-0
-0
-0
-0
-0
15.7525
-0
-0
-0
11.4065
-0
-0
13.5503
-0
-0
-0
4.4009
-0
-0
-0
-0
-0
-0
-0
34.6715
-0
-0
-0
19.1575
32.1188
-0
-0
-0
-0
-0
-0
-0
-0
-0
20.7677
-0
-0
12.8768
-0
-0
34.2489
-0
-0
-0
-0
-0
-0
2.9961
7.84798
18.5409
-0
-0
-0
16.2398
-0
-0
-0
8.89113
-0
-0
30.2831
-0
-0
-0
-0
-0
-0
52.954
30.2864
7.51929
-0
-0
-0
-0
-0
-0
-0
-0
-0
13.3175
-0
-0
-0
-0
-0
6.94833
-0
-0
-0
33.866
-0
-0
22.1442
-0
-0
-0
-0
-0
-0
-0
-0
-0
-0
-0
-0
-0
5.36272
-0
-0
32.2813
55.9682
26.109
-0
-0
-0
-0
-0
-0
-0
-0
-0
-0
32.1101
-0
-0
-0
50.0911
-0
0.154827
-0
-0
49.3308
52.0244
35.2288
-0
-0
-0
-0
-0
27.29
-0
-0
-0
-0
-0
12.6571
35.9508
-0
-0
-0
-0
-0
-0
-0
-0
26.3048
-0
-0
0.118754
-0
-0
-0
-0
20.5526
-0
4.39336
-0
-0
-0
-0
17.6803
4.22588
-0
-0
-0
-0
-0
-0
-0
-0
-0
-0
-0
-0
-0
5.9516
-0
-0
-0
-0
-0
-0
-0
-0
-0
0.00545406
-0
-0
5.57944
-0
-0
-0
-0
-0
-0
18.6205
-0
-0
6.14025
11.832
-0
-0
-0
-0
-0
-0
-0
5.00748
-0
26.5139
-0
-0
-0
-0
-0
11.996
-0
20.5754
-0
-0
6.71703
-0
-0
-0
-0
-0
16.497
-0
-0
-0
45.33
-0
7.98881
37.6982
-0
-0
-0
3.44223
-0
-0
-0
-0
-0
-0
-0
11.4302
-0
-0
-0
-0
24.4607
-0
-0
31.6354
-0
68.1028
39.9869
-0
39.4406
17.9436
1.42619
-0
-0
-0
-0
0.318594
-0
-0
-0
-0
-0
-0
-0
-0
-0
-0
-0
-0
-0
-0
19.1905
-0
-0
-0
-0
25.2072
-0
11.1161
-0
-0
-0
0.248677
19.7143
-0
9.32818
-0
-0
-0
-0
37.1349
-0
-0
10.9386
-0
-0
-0
-0
-0
2.96992
-0
-0
37.0411
-0
-0
-0
-0
-0
-0
-0
-0
-0
-0
-0
-0
-0
4.35684
-0
-0
-0
5.82998
-0
-0
26.2207
-0
-0
2.03617
-0
56.798
-0
12.8174
4.27499
-0
9.00388
-0
-0
-0
-0
-0
-0
-0
16.405
-0
-0
-0
-0
-0
8.48062
-0
-0
-0
-0
-0
-0
-0
-0
15.5361
0.551391
45.6683
-0
-0
-0
-0
-0
-0
9.01402
-0
-0
43.2116
-0
27.8121
-0
7.06343
-0
26.7601
39.3301
-0
-0
-0
-0
-0
-0
-0
-0
-0
-0
-0
-0
14.4968
-0
-0
-0
-0
-0
49.6565
-0
-0
13.1871
14.4293
4.11019
11.3713
-0
3.33072
-0
35.7081
-0
-0
-0
-0
11.1049
-0
-0
-0
16.563
-0
7.06034
-0
18.019
-0
-0
10.4085
-0
-0
-0
-0
-0
-0
-0
14.7828
-0
7.11102
7.37587
-0
65.3512
-0
-0
-0
23.1442
-0
37.7864
-0
-0
-0
17.8732
-0
30.5796
16.3862
-0
-0
-0
-0
3.78256
-0
12.8509
-0
-0
-0
73.1472
-0
-0
-0
16.5544
-0
16.1801
43.0985
59.0241
-0
11.5197
-0
-0
-0
-0
-0
-0
54.3048
10.9808
20.4515
-0
3.62375
-0
-0
40.5627
37.7899
-0
-0
-0
26.1134
-0
-0
25.4149
-0
-0
-0
12.8539
-0
-0
-0
16.9712
-0
21.5218
3.80591
-0
-0
-0
9.41373
1.85843
-0
-0
-0
5.89902
-0
12.7027
-0
4.17328
-0
-0
-0
-0
-0
-0
-0
20.4714
21.1824
7.85178
-0
34.5158
-0
-0
-0
-0
6.73769
11.146
0.914947
-0
-0
-0
0.643647
-0
-0
1.6796
62.9144
-0
-0
-0
-0
-0
-0
16.4381
-0
-0
-0
-0
3.02499
-0
-0
-0
-0
-0
-0
-0
-0
39.8813
-0
48.5959
-0
-0
3.44781
-0
-0
-0
-0
-0
-0
-0
-0
-0
-0
-0
-0
-0
-0
55.104
-0
-0
-0
-0
19.7191
-0
-0
33.4252
-0
-0
-0
13.6882
-0
-0
-0
-0
-0
-0
17.5967
-0
6.74744
-0
-0
-0
10.6326
-0
25.2021
-0
-0
-0
-0
6.40397
-0
2.95199
-0
-0
-0
0.742974
5.23512
-0
-0
-0
40.5789
-0
-0
11.3437
-0
-0
-0
10.2572
-0
-0
-0
8.8598
-0
5.84663
8.31035
-0
-0
48.2384
-0
-0
-0
23.9826
-0
-0
-0
-0
-0
-0
-0
-0
-0
0.951581
2.29048
-0
-0
-0
-0
20.832
-0
-0
12.5937
-0
43.6773
-0
-0
-0
-0
1.83457
-0
-0
-0
-0
-0
-0
-0
-0
41.26
-0
-0
50.5939
-0
-0
-0
26.1294
-0
-0
-0
-0
-0
-0
0.349211
-0
-0
59.0454
28.5242
-0
-0
-0
7.04861
-0
10.9371
-0
-0
22.9485
-0
52.8083
-0
2.96932
29.9397
3.02159
-0
-0
-0
-0
-0
-0
11.8952
-0
-0
-0
46.5561
-0
-0
-0
0.351359
-0
-0
24.5916
-0
14.9698
13.4754
-0
-0
-0
35.08
-0
-0
-0
-0
-0
33.4982
-0
1.13087
-0
2.07135
-0
-0
-0
25.1511
10.5672
-0
-0
-0
-0
54.3907
-0
25.4027
-0
-0
-0
-0
36.0743
-0
-0
-0
-0
-0
-0
-0
-0
-0
-0
-0
24.47
-0
-0
-0
-0
-0
-0
-0
5.13956
-0
17.8409
44.3424
-0
15.8759
-0
-0
-0
-0
-0
-0
-0
-0
-0
-0
1.03974
-0
-0
-0
-0
-0
-0
5.50681
-0
9.61209
-0
27.4964
-0
-0
4.25097
-0
-0
-0
-0
4.36952
-0
44.0187
-0
-0
14.9156
-0
-0
-0
24.0467
-0
-0
-0
-0
-0
8.14361
-0
25.1691
-0
-0
1.3474
-0
-0
-0
-0
-0
-0
-0
5.77646
45.2368
-0
-0
-0
-0
-0
-0
-0
-0
-0
-0
-0
22.304
-0
17.9924
-0
0.963186
8.90125
4.95569
-0
14.9097
-0
-0
8.71488
-0
-0
-0
-0
5.76508
-0
9.62602
6.70351
-0
-0
-0
-0
-0
-0
-0
29.9442
-0
-0
-0
-0
18.7961
43.377
21.5586
-0
8.85653
-0
-0
-0
-0
-0
-0
-0
-0
6.20417
-0
-0
-0
35.6626
61.0586
-0
-0
-0
-0
-0
38.1595
-0
11.8681
-0
-0
-0
46.2188
-0
-0
-0
-0
19.5559
-0
-0
31.8658
-0
24.0357
-0
11.5223
-0
30.2529
22.6877
-0
-0
-0
35.5679
-0
-0
16.5954
-0
-0
16.5656
-0
-0
8.13845
-0
14.1656
-0
-0
-0
-0
1.83541
-0
14.6448
-0
-0
-0
-0
-0
-0
-0
-0
-0
10.1936
-0
-0
-0
-0
-0
-0
-0
-0
-0
-0
-0
-0
-0
-0
27.6937
22.4697
12.2773
-0
-0
-0
1.86091
-0
-0
-0
9.96879
-0
-0
27.9967
-0
8.77781
64.999
-0
-0
8.24315
-0
37.0373
-0
-0
15.5045
-0
-0
-0
-0
-0
-0
0.931292
-0
16.4918
-0
-0
-0
3.96264
-0
-0
-0
48.5164
-0
9.54364
-0
-0
70.5952
-0
-0
-0
-0
-0
14.9452
26.3937
-0
-0
-0
38.4262
15.9221
24.079
-0
-0
11.2403
-0
26.8849
11.3066
-0
26.4899
6.53513
2.29885
-0
45.1344
-0
-0
-0
-0
-0
-0
-0
-0
1.97555
-0
20.0142
-0
-0
-0
-0
-0
49.4726
20.9998
2.57628
-0
-0
20.6638
-0
24.5007
-0
12.1485
-0
-0
51.2621
-0
-0
-0
-0
12.0995
-0
21.7547
-0
-0
-0
-0
42.516
75.7692
-0
-0
-0
-0
-0
-0
13.7773
-0
39.373
24.8408
14.1343
10.2755
64.2785
-0
-0
-0
67.3042
-0
-0
-0
-0
17.374
19.6968
-0
-0
