0.698211
-0
-0
-0
-0
6.34791
-0
45.0881
32.2224
8.79838
20.5758
-0
-0
-0
-0
27.0617
15.2764
0.0401434
-0
-0
-0
-0
-0
-0
-0
-0
11.3278
-0
-0
-0
-0
-0
-0
-0
1.85984
-0
-0
-0
-0
-0
-0
-0
-0
-0
-0
2.28966
-0
-0
-0
-0
-0
-0
-0
-0
-0
-0
10.7699
2.05703
43.3336
-0
-0
-0
3.30677
2.0108
-0
-0
16.6009
20.6831
14.6391
1.86377
-0
-0
-0
-0
-0
3.15194
-0
-0
-0
-0
-0
32.3781
-0
-0
9.30057
20.6996
-0
-0
-0
31.1275
-0
-0
-0
-0
-0
-0
11.7232
-0
-0
-0
-0
-0
-0
-0
14.6692
-0
19.5624
-0
-0
20.9457
5.77437
-0
-0
-0
-0
30.0693
-0
-0
69.3735
34.8171
-0
-0
-0
-0
32.6098
-0
15.8989
-0
-0
-0
-0
31.3487
14.9991
-0
-0
-0
-0
3.73633
-0
18.2245
-0
-0
-0
-0
-0
-0
-0
-0
-0
-0
-0
5.89461
-0
-0
-0
-0
23.0955
-0
-0
-0
33.7422
-0
-0
28.3231
-0
-0
10.6556
-0
-0
5.67951
24.5882
11.7384
-0
-0
-0
-0
-0
-0
-0
-0
-0
-0
-0
-0
-0
26.0464
-0
-0
21.6115
-0
-0
13.3728
-0
13.8116
-0
-0
-0
17.6942
-0
-0
-0
-0
-0
-0
-0
17.0287
-0
-0
-0
-0
-0
-0
-0
-0
-0
-0
0.517512
-0
-0
-0
-0
-0
-0
40.4547
-0
-0
-0
-0
13.7929
-0
-0
-0
-0
-0
-0
-0
-0
-0
-0
-0
-0
-0
-0
-0
-0
-0
71.804
-0
-0
-0
-0
-0
-0
12.2881
27.6061
-0
-0
-0
9.13245
-0
-0
-0
-0
24.8771
-0
-0
-0
-0
-0
-0
-0
9.13741
-0
15.4795
-0
-0
-0
-0
-0
-0
2.58219
-0
-0
-0
-0
-0
-0
5.45006
-0
-0
-0
-0
47.0168
-0
-0
-0
-0
-0
-0
58.3595
-0
-0
5.96778
-0
4.2019
17.1051
-0
-0
14.9123
-0
3.81375
18.5728
-0
-0
-0
0.85304
-0
-0
-0
0.569656
-0
-0
-0
1.1339
55.178
-0
-0
-0
-0
-0
-0
-0
-0
-0
-0
-0
-0
-0
-0
-0
-0
-0
-0
9.54788
-0
-0
27.2679
-0
-0
-0
29.4546
-0
-0
-0
5.44329
-0
-0
-0
0.13591
-0
4.10727
-0
-0
10.0992
-0
1.76627
-0
-0
7.75849
-0
-0
-0
0.864979
33.9748
-0
-0
3.8441
7.86554
-0
-0
-0
-0
-0
-0
-0
-0
-0
-0
-0
-0
3.94813
35.4109
-0
-0
-0
-0
-0
20.9805
-0
-0
-0
-0
-0
-0
-0
-0
-0
-0
-0
38.4087
-0
-0
-0
-0
-0
33.1825
-0
-0
-0
-0
-0
-0
-0
-0
-0
-0
26.0686
-0
-0
2.6258
-0
1.91956
13.405
-0
29.7831
-0
-0
-0
-0
-0
-0
-0
-0
-0
-0
-0
-0
-0
-0
-0
-0
-0
-0
-0
25.4634
17.1364
-0
-0
-0
-0
-0
-0
3.22619
-0
-0
5.50697
49.9013
-0
-0
-0
8.95612
-0
-0
-0
10.857
-0
-0
-0
-0
1.21806
-0
-0
-0
-0
0.859405
-0
-0
37.6579
-0
-0
37.0608
-0
-0
-0
11.0422
-0
-0
-0
-0
-0
-0
-0
0.241938
-0
-0
-0
-0
-0
-0
36.6676
-0
-0
-0
-0
-0
4.06723
-0
-0
-0
-0
45.9943
-0
-0
21.7024
-0
-0
-0
-0
-0
-0
-0
-0
-0
-0
23.646
-0
-0
33.9728
-0
-0
-0
-0
-0
-0
3.78147
-0
-0
5.20516
-0
23.7221
-0
-0
-0
-0
45.8004
9.70956
-0
-0
23.214
-0
-0
-0
7.30046
-0
-0
-0
-0
-0
-0
22.5564
-0
-0
-0
8.44124
-0
9.86112
-0
-0
3.52046
-0
-0
-0
-0
-0
11.8954
-0
-0
1.00872
-0
32.0576
-0
-0
-0
9.40907
-0
-0
-0
-0
-0
-0
-0
-0
-0
-0
-0
-0
-0
-0
-0
-0
-0
-0
-0
-0
-0
-0
8.06607
-0
-0
-0
-0
-0
-0
23.8906
-0
-0
-0
-0
22.8901
-0
-0
-0
-0
-0
-0
-0
-0
-0
-0
-0
-0
-0
-0
-0
22.2387
-0
-0
-0
-0
-0
-0
-0
-0
-0
-0
8.80774
-0
-0
-0
-0
-0
-0
7.61064
-0
-0
33.4386
-0
-0
-0
-0
-0
-0
-0
-0
-0
24.0472
-0
-0
-0
1.73582
-0
-0
7.55453
-0
-0
3.57396
-0
-0
7.56381
4.69031
-0
-0
-0
-0
-0
54.8664
-0
-0
-0
-0
-0
-0
-0
-0
2.23337
-0
-0
-0
-0
-0
-0
-0
-0
-0
-0
-0
-0
-0
-0
-0
-0
39.458
-0
-0
6.42208
-0
-0
-0
26.2941
22.6208
13.8168
-0
-0
16.5471
-0
-0
-0
1.14665
-0
-0
-0
-0
-0
-0
-0
43.3871
-0
-0
-0
-0
9.89734
-0
-0
-0
-0
-0
-0
-0
34.5152
-0
0.911173
2.54515
-0
-0
-0
3.38019
5.77386
7.89709
-0
-0
-0
-0
-0
-0
-0
-0
-0
-0
-0
44.1698
-0
-0
-0
-0
-0
-0
8.17426
-0
-0
-0
-0
-0
-0
-0
-0
-0
-0
-0
-0
-0
-0
-0
-0
-0
0.432439
9.19096
-0
17.3961
7.3725
-0
-0
-0
-0
-0
-0
-0
-0
-0
-0
1.70556
-0
-0
-0
-0
23.1759
-0
-0
-0
-0
27.8265
-0
-0
6.33951
2.95784
-0
-0
-0
-0
-0
-0
1.39643
-0
-0
-0
-0
-0
-0
-0
13.5549
32.2967
-0
-0
-0
25.6243
-0
-0
66.0242
-0
-0
-0
-0
-0
-0
-0
33.2977
-0
-0
-0
-0
-0
-0
-0
-0
-0
-0
55.4249
-0
-0
-0
-0
-0
37.0723
-0
-0
-0
-0
-0
-0
-0
-0
-0
-0
-0
-0
-0
-0
25.0438
-0
-0
10.7053
-0
-0
-0
26.8879
6.48276
-0
15.2247
-0
-0
-0
-0
-0
-0
-0
-0
-0
-0
15.9244
-0
-0
-0
-0
-0
33.2358
-0
31.0129
-0
21.8855
-0
-0
-0
2.83246
-0
-0
-0
-0
12.0589
50.4371
-0
-0
22.2975
8.03693
-0
-0
-0
-0
-0
-0
-0
-0
-0
27.1172
-0
-0
-0
-0
-0
-0
-0
-0
-0
-0
2.70463
-0
-0
-0
-0
-0
-0
52.6981
-0
-0
-0
11.0443
-0
-0
-0
24.7269
-0
-0
-0
-0
-0
-0
-0
-0
-0
-0
-0
-0
-0
4.57161
-0
-0
-0
32.5505
7.65489
-0
11.5043
17.8885
-0
-0
28.0798
-0
-0
-0
-0
52.4116
-0
-0
7.43941
-0
-0
18.0585
78.9757
9.34089
-0
-0
-0
-0
-0
-0
-0
-0
-0
26.2369
-0
7.40742
-0
-0
-0
-0
6.76829
-0
5.89696
-0
-0
-0
12.301
19.3678
-0
-0
-0
-0
10.1848
-0
-0
-0
-0
-0
-0
8.93139
11.2755
-0
-0
-0
21.0553
-0
-0
-0
-0
-0
-0
-0
-0
-0
-0
-0
-0
-0
-0
-0
-0
-0
-0
41.0153
-0
-0
-0
-0
-0
-0
-0
-0
-0
0.583063
-0
27.9718
-0
-0
-0
-0
-0
21.9961
-0
-0
-0
-0
-0
-0
-0
-0
-0
-0
-0
-0
-0
-0
-0
-0
-0
11.6392
-0
38.1075
-0
-0
-0
-0
-0
-0
-0
-0
-0
-0
42.0754
-0
-0
-0
-0
-0
-0
3.05202
-0
7.14591
-0
-0
-0
-0
-0
11.9545
-0
-0
-0
-0
-0
-0
-0
-0
-0
1.01619
-0
-0
-0
-0
43.1371
54.2554
-0
-0
-0
-0
-0
-0
-0
-0
-0
-0
-0
-0
-0
-0
-0
-0
18.066
-0
-0
-0
-0
-0
2.23804
-0
-0
44.2275
9.40459
-0
13.5787
-0
17.4847
-0
3.60134
-0
-0
-0
-0
12.8163
-0
-0
-0
-0
-0
-0
-0
-0
4.1799
-0
-0
28.4605
-0
-0
-0
-0
-0
-0
-0
-0
1.31261
-0
-0
-0
28.9087
-0
79.3623
-0
-0
-0
-0
-0
-0
-0
12.7436
44.3314
-0
12.6474
-0
-0
-0
-0
-0
-0
3.68806
-0
-0
-0
-0
-0
-0
-0
-0
22.4143
-0
11.1016
-0
-0
-0
-0
18.3306
-0
-0
-0
-0
-0
5.31462
1.65236
3.73828
-0
-0
-0
-0
-0
-0
52.8907
-0
-0
-0
15.6548
-0
1.02342
-0
-0
-0
-0
-0
-0
-0
-0
-0
-0
-0
-0
-0
18.8793
-0
-0
-0
45.1595
-0
-0
-0
-0
-0
-0
-0
-0
-0
-0
-0
-0
-0
53.8292
-0
5.10538
7.19897
-0
-0
-0
11.9668
-0
-0
-0
-0
37.91
-0
29.9893
36.1117
56.6375
6.09741
-0
8.12979
-0
-0
-0
-0
-0
-0
-0
-0
-0
-0
-0
-0
15.7377
14.559
-0
-0
-0
-0
-0
-0
55.5931
-0
-0
-0
-0
31.3207
24.692
-0
-0
-0
-0
-0
-0
-0
-0
10.9804
-0
-0
-0
23.8686
-0
34.2989
43.4111
-0
-0
-0
8.38372
-0
25.7637
-0
-0
-0
-0
-0
-0
-0
-0
0.295029
-0
7.19575
-0
-0
-0
-0
-0
6.95811
-0
-0
2.35543
-0
-0
-0
35.979
-0
20.9233
-0
-0
-0
20.5843
-0
-0
-0
-0
-0
-0
-0
-0
-0
31.8802
-0
-0
20.5747
-0
41.7813
-0
-0
-0
-0
-0
-0
-0
-0
-0
-0
-0
-0
-0
-0
27.8002
-0
0.872019
14.4267
-0
-0
16.9819
-0
33.2561
-0
-0
-0
-0
-0
-0
-0
-0
-0
-0
-0
-0
-0
-0
-0
-0
-0
-0
-0
-0
-0
-0
-0
13.6942
-0
-0
-0
-0
-0
-0
-0
-0
9.09366
-0
32.5525
-0
-0
-0
-0
-0
-0
-0
-0
-0
-0
-0
35.6641
-0
-0
-0
-0
11.4269
24.8005
-0
-0
-0
-0
-0
-0
-0
-0
-0
8.69047
-0
-0
-0
3.03745
-0
-0
-0
-0
-0
-0
-0
-0
-0
-0
-0
-0
-0
-0
-0
-0
-0
-0
-0
61.7245
24.3549
-0
-0
-0
-0
-0
-0
-0
-0
-0
-0
26.829
-0
-0
-0
16.924
-0
-0
-0
-0
-0
-0
-0
-0
-0
-0
-0
-0
-0
-0
38.5325
-0
-0
-0
-0
-0
-0
-0
-0
-0
-0
-0
11.5329
-0
4.14866
-0
-0
-0
-0
-0
13.4842
-0
25.0364
35.4434
-0
1.59626
7.93437
-0
-0
-0
37.5301
-0
-0
-0
-0
33.432
-0
-0
15.7513
-0
-0
26.3179
-0
-0
-0
-0
-0
-0
-0
-0
-0
-0
-0
-0
-0
-0
-0
-0
-0
-0
-0
-0
-0
-0
26.9888
-0
-0
16.6188
-0
-0
21.1089
24.3005
-0
-0
-0
-0
-0
-0
-0
-0
19.8978
-0
-0
5.78387
37.3221
-0
3.54574
-0
-0
13.5721
3.77075
-0
10.7063
-0
-0
-0
46.1607
-0
-0
-0
-0
-0
-0
2.33798
4.76446
17.8273
-0
-0
-0
-0
-0
-0
-0
-0
-0
-0
-0
-0
-0
-0
-0
-0
-0
-0
-0
69.6534
-0
-0
30.0068
-0
-0
43.3161
-0
-0
-0
-0
-0
-0
-0
-0
14.0312
-0
58.9649
-0
-0
-0
-0
-0
-0
-0
-0
-0
-0
-0
37.2888
-0
-0
-0
-0
-0
-0
-0
-0
-0
-0
-0
-0
-0
-0
6.90185
-0
4.4254
-0
-0
8.78144
-0
7.43392
-0
-0
13.0425
15.7766
-0
-0
56.4194
-0
-0
-0
-0
41.8025
-0
-0
-0
-0
-0
-0
-0
-0
34.8623
17.5504
-0
-0
-0
-0
-0
-0
-0
-0
-0
-0
-0
-0
22.5767
-0
-0
-0
-0
1.1871
-0
-0
-0
-0
16.1059
-0
-0
-0
31.7787
-0
14.0631
-0
-0
-0
52.4153
-0
7.81248
-0
4.93644
-0
-0
-0
-0
-0
-0
-0
-0
-0
-0
-0
-0
6.55734
-0
2.24071
-0
2.40368
-0
-0
-0
-0
-0
-0
-0
-0
-0
-0
-0
-0
-0
1.47863
-0
88.9822
-0
-0
-0
-0
-0
-0
-0
9.22957
-0
-0
-0
-0
-0
-0
-0
-0
-0
-0
13.8157
-0
-0
-0
-0
-0
-0
-0
-0
-0
-0
14.1293
12.2658
-0
-0
-0
-0
-0
14.895
0.991984
-0
-0
7.45466
-0
39.3133
-0
18.9251
-0
-0
-0
24.1351
-0
-0
15.4141
-0
-0
-0
-0
0.213338
-0
-0
-0
-0
-0
-0
-0
-0
-0
-0
-0
-0
-0
4.80682
-0
-0
-0
-0
-0
-0
-0
-0
-0
-0
-0
-0
-0
-0
-0
-0
21.8558
24.471
-0
-0
0.249687
-0
-0
-0
-0
-0
-0
14.798
-0
38.512
25.5485
-0
0.451327
-0
-0
-0
-0
-0
-0
-0
-0
-0
-0
13.6883
-0
-0
-0
-0
-0
13.2648
-0
-0
-0
-0
-0
-0
-0
-0
-0
-0
-0
-0
42.1425
-0
38.0466
-0
11.8317
-0
-0
-0
46.3836
-0
12.8565
-0
-0
8.35586
-0
-0
40.9509
6.44163
-0
-0
-0
-0
63.4959
17.1817
-0
-0
-0
-0
-0
-0
-0
-0
-0
-0
1.36574
62.0402
-0
-0
-0
-0
0.458792
-0
46.3246
-0
-0
-0
-0
-0
-0
-0
-0
-0
-0
49.157
6.2126
-0
25.5378
-0
-0
6.64982
-0
-0
12.8219
-0
-0
-0
-0
7.71332
34.7557
-0
-0
74.4885
-0
-0
-0
2.44925
-0
-0
-0
3.99123
-0
-0
28.8906
53.8997
-0
-0
-0
-0
3.64887
-0
-0
-0
-0
13.5627
-0
-0
10.7154
-0
-0
-0
-0
35.0346
27.1243
-0
2.14194
-0
7.17346
-0
-0
-0
-0
-0
-0
-0
-0
-0
-0
-0
-0
-0
-0
-0
-0
-0
0.44584
-0
-0
-0
28.7435
-0
-0
-0
-0
5.43446
-0
25.4945
-0
-0
-0
-0
-0
-0
-0
-0
-0
-0
-0
-0
-0
-0
-0
39.6137
-0
-0
-0
-0
-0
3.78472
-0
-0
-0
-0
-0
-0
-0
-0
-0
-0
26.8679
-0
27.3552
-0
-0
-0
-0
10.1208
11.5809
-0
-0
46.1691
-0
-0
22.6327
-0
-0
-0
-0
-0
-0
19.9478
-0
-0
-0
-0
-0
8.95369
-0
-0
-0
-0
15.2375
37.2925
-0
-0
-0
-0
2.02476
31.1874
-0
24.5753
-0
-0
-0
-0
-0
-0
4.28881
-0
-0
40.2785
-0
-0
-0
-0
-0
-0
-0
-0
-0
31.7808
-0
-0
-0
-0
-0
-0
-0
8.34327
3.40457
-0
-0
-0
0.565468
-0
-0
-0
-0
-0
-0
34.1488
-0
-0
-0
-0
-0
-0
-0
-0
5.88673
-0
55.6284
-0
-0
-0
-0
-0
4.064
-0
-0
-0
2.52626
-0
-0
-0
-0
-0
-0
-0
-0
-0
-0
78.9077
-0
-0
21.9517
32.4758
-0
-0
-0
-0
-0
-0
54.0889
29.4959
-0
-0
-0
-0
-0
-0
-0
-0
-0
-0
-0
-0
-0
-0
-0
-0
-0
-0
-0
-0
-0
-0
-0
-0
-0
-0
-0
-0
-0
-0
2.20783
-0
-0
-0
-0
-0
-0
-0
-0
-0
4.20967
-0
-0
-0
-0
-0
14.0897
-0
-0
-0
-0
1.59993
23.9106
28.094
-0
-0
-0
6.81625
-0
-0
-0
-0
-0
-0
-0
-0
-0
-0
-0
18.0777
14.6379
-0
-0
-0
-0
-0
-0
-0
-0
-0
-0
-0
-0
-0
-0
-0
-0
-0
-0
-0
-0
-0
-0
-0
-0
-0
-0
-0
-0
0.0881087
-0
-0
23.1229
-0
-0
-0
-0
-0
-0
-0
10.161
23.0567
-0
-0
8.3002
-0
-0
-0
-0
-0
-0
2.3881
14.4152
-0
-0
37.1772
65.5974
-0
-0
-0
-0
-0
18.5215
-0
-0
-0
-0
-0
-0
8.27018
15.7003
-0
-0
-0
14.6216
-0
-0
-0
-0
-0
-0
-0
-0
-0
-0
-0
-0
-0
8.18567
-0
-0
-0
-0
-0
-0
-0
-0
-0
-0
-0
-0
-0
-0
-0
-0
-0
18.5227
-0
38.4686
-0
-0
1.92901
-0
-0
-0
-0
3.08213
-0
-0
-0
16.0776
-0
-0
-0
-0
-0
-0
-0
-0
-0
-0
-0
-0
-0
-0
-0
-0
-0
67.7333
-0
-0
-0
-0
-0
-0
-0
23.1028
-0
-0
5.99772
-0
-0
-0
-0
-0
-0
3.24179
-0
-0
29.2445
-0
-0
8.68779
-0
-0
16.2218
-0
-0
-0
-0
1.19377
27.134
27.7314
-0
-0
-0
38.4593
-0
-0
-0
-0
-0
-0
-0
-0
-0
-0
-0
-0
-0
33.9498
-0
8.28642
1.23629
-0
-0
-0
24.9772
-0
-0
-0
-0
-0
-0
54.3379
16.7353
22.2082
-0
12.1004
-0
-0
-0
-0
-0
22.7409
-0
-0
38.5478
-0
-0
-0
-0
-0
10.1113
-0
-0
-0
18.1039
-0
-0
-0
-0
-0
-0
-0
12.0517
-0
-0
-0
-0
-0
-0
-0
-0
-0
-0
-0
-0
-0
-0
-0
-0
-0
19.2989
-0
-0
-0
-0
-0
2.90508
-0
-0
-0
-0
-0
-0
-0
-0
-0
-0
-0
-0
-0
-0
9.62895
-0
-0
-0
-0
-0
-0
-0
-0
17.8841
-0
4.83436
-0
32.8561
-0
-0
-0
-0
-0
3.78282
-0
-0
-0
8.26994
-0
-0
-0
-0
5.14258
-0
-0
-0
-0
-0
-0
-0
-0
-0
-0
-0
-0
-0
-0
-0
-0
-0
-0
5.05117
-0
-0
-0
-0
-0
-0
-0
-0
19.8851
-0
-0
-0
-0
1.78787
-0
40.0558
11.7781
-0
-0
-0
-0
42.7119
-0
25.1112
-0
-0
-0
1.99481
-0
-0
-0
-0
-0
-0
-0
-0
-0
-0
-0
-0
-0
-0
-0
-0
-0
-0
-0
-0
-0
-0
-0
-0
-0
-0
-0
-0
-0
-0
-0
-0
-0
-0
-0
-0
-0
18.0396
-0
-0
-0
-0
-0
-0
-0
-0
-0
-0
-0
-0
15.0108
-0
-0
-0
-0
-0
-0
19.9568
-0
-0
-0
-0
-0
-0
-0
-0
-0
-0
-0
-0
7.1037
-0
-0
4.6351
18.0049
-0
35.6516
-0
-0
-0
21.4216
-0
-0
-0
-0
-0
-0
-0
-0
3.54499
-0
20.0023
-0
25.1347
-0
-0
-0
51.6746
-0
21.3223
-0
-0
-0
-0
-0
-0
-0
-0
-0
0.973172
-0
-0
10.9927
5.4799
-0
-0
-0
-0
23.9561
-0
-0
21.4002
-0
-0
-0
11.4113
-0
40.3488
-0
-0
42.6211
-0
-0
-0
-0
-0
-0
48.7025
-0
-0
-0
-0
-0
-0
-0
-0
-0
-0
-0
-0
-0
-0
-0
-0
-0
-0
-0
-0
17.4246
16.5976
2.72326
22.83
-0
32.587
-0
-0
-0
-0
-0
21.6183
-0
-0
48.9806
-0
-0
-0
-0
-0
29.6993
0.132966
-0
-0
-0
-0
-0
-0
-0
-0
-0
46.9317
41.1017
-0
4.60065
-0
24.5445
-0
20.3766
8.69646
-0
-0
-0
53.5151
-0
-0
2.60877
-0
-0
41.774
-0
-0
-0
-0
-0
-0
-0
-0
-0
-0
-0
-0
-0
-0
-0
-0
-0
8.89143
0.522157
-0
0.120385
-0
-0
-0
-0
-0
-0
-0
-0
-0
-0
-0
-0
16.0896
8.68431
-0
-0
37.6398
-0
-0
42.7227
-0
-0
16.5899
-0
-0
-0
-0
-0
-0
8.47874
-0
-0
-0
-0
6.17788
12.7074
22.6669
-0
-0
-0
26.0112
-0
18.5347
-0
-0
-0
-0
60.9021
-0
-0
-0
4.80707
-0
-0
30.2099
-0
-0
-0
11.7885
-0
-0
-0
-0
-0
-0
-0
-0
-0
-0
-0
-0
18.1374
-0
-0
-0
-0
-0
-0
16.6302
-0
-0
57.6823
-0
-0
-0
-0
-0
25.1689
-0
-0
-0
-0
-0
-0
15.5884
13.8923
30.5429
-0
-0
-0
19.4641
-0
-0
-0
20.3096
-0
-0
-0
-0
-0
-0
-0
-0
-0
-0
-0
-0
-0
-0
-0
38.0509
0.776157
-0
-0
-0
-0
-0
-0
-0
-0
-0
-0
-0
-0
-0
-0
-0
-0
-0
-0
-0
-0
-0
-0
-0
-0
-0
-0
-0
-0
-0
-0
-0
-0
-0
-0
-0
36.9853
48.8521
-0
-0
2.25388
-0
-0
-0
-0
-0
-0
-0
-0
-0
-0
-0
46.2763
-0
-0
-0
-0
8.44253
11.3657
3.59518
-0
-0
-0
-0
-0
-0
-0
-0
-0
-0
-0
10.1582
45.115
-0
25.4323
-0
33.6553
-0
-0
-0
3.3641
-0
-0
-0
0.576684
-0
-0
-0
-0
-0
17.2145
30.3712
-0
-0
-0
-0
-0
21.6493
-0
-0
-0
-0
-0
-0
-0
-0
10.3641
36.9663
11.2178
13.9874
-0
-0
-0
-0
-0
-0
-0
-0
-0
-0
-0
-0
-0
-0
-0
-0
-0
-0
27.5066
-0
-0
23.5913
-0
-0
0.964069
-0
-0
-0
1.38178
-0
-0
-0
-0
26.2446
-0
-0
-0
-0
-0
-0
-0
-0
-0
26.9697
-0
-0
-0
-0
5.78078
-0
-0
82.4756
-0
-0
-0
-0
-0
-0
-0
-0
12.4367
-0
-0
-0
-0
-0
-0
-0
-0
13.2046
-0
-0
-0
-0
-0
-0
-0
-0
-0
10.9663
-0
-0
14.9885
-0
-0
-0
20.2926
-0
-0
-0
-0
0.832555
-0
-0
-0
-0
-0
-0
-0
-0
-0
13.0158
-0
-0
-0
-0
7.23647
-0
-0
-0
39.9928
-0
-0
65.0466
-0
-0
-0
-0
37.6427
-0
-0
-0
-0
-0
-0
27.8967
-0
-0
-0
-0
28.2329
-0
-0
-0
25.5689
-0
-0
-0
-0
-0
-0
-0
-0
-0
-0
-0
-0
-0
-0
32.9294
-0
-0
-0
-0
4.85984
-0
-0
-0
-0
-0
-0
3.44603
-0
-0
7.17621
-0
10.5582
-0
-0
-0
-0
17.1468
-0
-0
-0
-0
-0
10.1388
-0
-0
-0
-0
51.9491
-0
-0
-0
-0
-0
-0
-0
-0
-0
5.1095
-0
-0
-0
-0
-0
-0
-0
5.15192
-0
-0
-0
-0
7.02968
-0
-0
-0
-0
-0
-0
6.21956
25.8472
-0
-0
-0
-0
-0
-0
-0
-0
-0
13.1356
-0
-0
-0
-0
-0
55.6723
-0
-0
-0
-0
11.8121
-0
-0
-0
-0
-0
-0
-0
-0
-0
-0
-0
-0
-0
-0
21.1755
-0
-0
-0
-0
-0
-0
-0
-0
-0
-0
-0
-0
-0
-0
26.3069
-0
10.3625
-0
-0
-0
-0
-0
-0
-0
-0
-0
-0
-0
-0
-0
97.3152
-0
-0
-0
-0
-0
1.78571
-0
-0
-0
-0
-0
6.36226
-0
-0
-0
37.6225
-0
15.2938
24.9037
23.8572
-0
51.5111
-0
-0
-0
-0
-0
-0
-0
-0
14.0794
-0
-0
-0
-0
32.1543
-0
-0
28.5094
7.31462
0.764292
14.2824
-0
29.4593
-0
-0
-0
-0
-0
9.32357
-0
-0
-0
48.7154
3.374
20.1424
-0
-0
18.0318
-0
-0
21.7477
-0
-0
-0
-0
-0
4.62621
-0
-0
-0
-0
-0
-0
-0
-0
-0
-0
-0
-0
-0
-0
-0
2.26085
14.4946
-0
0.0428702
-0
-0
-0
-0
-0
-0
-0
6.51099
-0
-0
-0
-0
-0
-0
53.0471
-0
-0
-0
-0
5.19068
6.31679
-0
-0
-0
-0
-0
-0
-0
1.2146
-0
23.482
43.2787
-0
-0
-0
-0
-0
-0
-0
-0
-0
-0
53.7926
-0
-0
-0
-0
1.3715
35.451
-0
-0
-0
-0
-0
-0
-0
29.038
-0
-0
-0
-0
-0
-0
7.96992
-0
20.221
6.61426
55.5932
-0
-0
-0
-0
-0
5.21338
13.3397
13.7441
-0
-0
-0
-0
-0
-0
-0
0.977242
-0
0.555386
-0
-0
-0
6.26046
-0
-0
-0
-0
4.59978
-0
-0
-0
12.9373
-0
-0
-0
17.2937
-0
8.33678
33.7832
-0
-0
69.2744
-0
-0
15.9038
-0
-0
-0
6.08259
-0
-0
-0
-0
-0
-0
-0
-0
-0
-0
-0
-0
1.40077
-0
-0
-0
-0
10.1651
-0
-0
-0
-0
-0
-0
-0
-0
-0
-0
-0
-0
-0
15.179
-0
-0
72.2698
-0
-0
-0
-0
-0
-0
-0
-0
-0
31.478
-0
-0
-0
45.5298
-0
10.2607
-0
24.3035
-0
-0
-0
-0
-0
-0
-0
47.4041
19.6162
-0
-0
18.1123
-0
-0
1.20585
-0
-0
-0
-0
-0
-0
-0
-0
-0
9.72637
-0
-0
-0
-0
38.2956
-0
-0
18.0249
-0
-0
25.1106
15.9691
-0
-0
-0
-0
-0
33.2358
-0
18.6472
-0
17.9598
-0
-0
-0
-0
12.938
-0
-0
-0
-0
22.6849
76.188
-0
-0
-0
-0
-0
-0
-0
-0
-0
-0
-0
-0
-0
-0
48.2658
-0
-0
-0
5.27096
-0
-0
-0
-0
-0
-0
37.3815
-0
-0
25.1409
1.06211
-0
-0
-0
-0
5.74804
-0
-0
-0
11.2878
-0
-0
-0
-0
-0
-0
-0
-0
-0
1.03434
-0
-0
-0
-0
-0
-0
-0
-0
-0
-0
-0
-0
40.4259
-0
25.4267
-0
59.9858
-0
24.9646
14.5866
-0
-0
-0
33.0602
-0
-0
-0
-0
28.015
-0
-0
77.8497
-0
-0
-0
-0
-0
31.8919
41.022
-0
12.9345
-0
-0
-0
-0
-0
-0
-0
-0
-0
-0
-0
-0
-0
-0
-0
16.3263
28.0229
-0
-0
-0
-0
-0
-0
-0
2.27101
-0
-0
-0
-0
-0
-0
-0
-0
-0
-0
-0
-0
-0
-0
-0
-0
-0
-0
17.8496
-0
-0
-0
-0
-0
-0
-0
-0
-0
-0
-0
-0
-0
-0
-0
-0
-0
-0
14.3633
-0
-0
-0
-0
6.08488
-0
-0
-0
-0
-0
-0
-0
-0
-0
-0
8.93654
-0
-0
40.4328
-0
-0
-0
-0
-0
46.543
-0
-0
-0
3.07287
-0
-0
-0
8.46558
-0
-0
-0
-0
14.5348
27.4007
-0
5.56033
-0
-0
-0
46.2166
0.858433
-0
18.3884
-0
-0
-0
-0
-0
-0
-0
-0
-0
5.97828
-0
-0
-0
-0
-0
-0
-0
-0
-0
-0
-0
-0
-0
49.8741
-0
7.1634
-0
-0
-0
-0
8.85735
-0
-0
-0
-0
-0
-0
-0
-0
-0
15.8973
-0
-0
33.3951
-0
3.34994
-0
-0
-0
-0
-0
-0
-0
-0
-0
-0
-0
39.1498
-0
-0
-0
-0
-0
-0
-0
37.2589
-0
-0
-0
-0
30.6416
-0
-0
-0
-0
-0
-0
-0
46.804
-0
-0
15.2595
-0
-0
1.98852
-0
-0
-0
52.1046
34.49
21.2549
-0
3.38077
20.3026
-0
-0
-0
-0
-0
-0
-0
-0
-0
-0
1.67204
-0
-0
-0
-0
-0
-0
-0
-0
-0
-0
-0
-0
16.9435
-0
-0
20.1419
-0
-0
-0
-0
-0
-0
-0
0.323313
-0
-0
-0
-0
-0
-0
-0
-0
34.953
-0
-0
-0
-0
-0
-0
-0
-0
8.1384
-0
-0
-0
37.0308
-0
-0
-0
57.2066
-0
-0
-0
-0
13.6063
-0
-0
-0
