2.87889
-0
-0
-0
-0
-0
-0
2.97693
3.83966
-0
37.7001
-0
-0
-0
-0
19.3086
-0
8.59353
-0
-0
-0
-0
-0
-0
-0
-0
1.07482
-0
-0
-0
-0
-0
-0
7.19213
2.6133
-0
-0
-0
-0
-0
-0
-0
-0
7.84597
-0
4.81066
-0
-0
-0
-0
-0
-0
-0
-0
0.124472
-0
-0
1.50379
28.9751
-0
-0
-0
-0
0.216343
20.3278
-0
-0
41.4957
6.53017
1.32486
-0
-0
-0
-0
-0
4.10799
-0
2.15703
-0
-0
-0
32.5056
-0
-0
12.0379
-0
-0
-0
-0
5.06784
1.87825
-0
-0
-0
5.09228
-0
10.5621
-0
-0
-0
-0
-0
-0
-0
44.9482
-0
11.1449
-0
-0
18.5545
-0
-0
-0
-0
-0
32.9523
-0
-0
41.6262
9.78304
-0
-0
-0
-0
29.1745
-0
-0
-0
-0
-0
-0
13.6193
-0
-0
-0
-0
-0
-0
-0
-0
-0
-0
-0
4.67807
20.8928
-0
-0
-0
3.03619
-0
-0
-0
-0
-0
0.0144868
-0
20.6202
-0
-0
-0
20.3424
-0
-0
21.6063
-0
-0
30.4852
-0
-0
-0
-0
20.1568
3.18418
-0
-0
-0
0.960126
-0
-0
-0
14.7922
-0
-0
-0
-0
16.0334
-0
-0
13.6043
-0
-0
23.734
7.0855
8.33081
-0
-0
-0
18.8211
-0
-0
-0
-0
-0
-0
-0
2.41904
-0
-0
4.34366
-0
-0
-0
-0
-0
-0
-0
-0
-0
-0
-0
-0
-0
12.9068
18.6514
-0
-0
-0
-0
17.5359
-0
-0
-0
-0
-0
-0
3.05788
-0
-0
-0
-0
-0
-0
-0
-0
-0
-0
18.2201
-0
-0
-0
-0
-0
-0
-0
17.0896
-0
0.604854
21.9299
-0
-0
0.488313
-0
-0
19.5184
-0
-0
-0
-0
-0
-0
-0
17.6928
10.8482
-0
-0
-0
12.9093
-0
-0
-0
4.25488
5.29167
-0
0.684727
-0
-0
-0
38.6558
-0
-0
-0
-0
23.8084
-0
-0
-0
-0
7.17327
11.9276
36.9519
-0
-0
6.2183
-0
33.7228
12.9253
-0
-0
33.4825
-0
20.3803
12.876
-0
-0
4.49765
1.85076
-0
-0
-0
0.831815
-0
-0
-0
-0
35.9271
-0
-0
-0
-0
2.11277
-0
-0
1.31858
-0
-0
-0
-0
-0
-0
-0
0.190101
-0
16.9358
14.9818
-0
-0
19.5641
9.10087
16.6337
-0
49.124
-0
-0
-0
11.2339
-0
-0
-0
2.13509
7.46338
9.06913
-0
-0
29.9478
5.89125
1.34764
-0
-0
13.7681
-0
-0
-0
0.71928
40.619
-0
8.55151
17.7395
-0
-0
-0
-0
-0
1.05351
-0
-0
-0
-0
-0
-0
-0
-0
45.5615
-0
-0
-0
28.7912
-0
16.3054
-0
-0
-0
12.6175
-0
-0
13.191
19.7436
-0
5.52449
-0
11.282
-0
-0
-0
-0
-0
39.5038
-0
-0
-0
-0
-0
-0
-0
-0
-0
-0
1.57886
12.9081
21.0362
1.09637
-0
-0
30.2781
-0
19.5386
-0
13.8666
-0
-0
-0
-0
-0
-0
-0
-0
1.907
-0
-0
-0
-0
-0
-0
-0
-0
31.44
5.35648
-0
-0
-0
-0
-0
-0
-0
-0
-0
24.3691
18.8956
-0
6.58062
-0
29.1905
3.28215
-0
-0
-0
-0
-0
-0
-0
-0
3.57247
-0
-0
-0
5.38012
-0
-0
20.0046
-0
-0
46.1584
-0
-0
13.1319
-0
-0
-0
-0
-0
-0
-0
-0
3.97319
-0
-0
-0
-0
-0
-0
9.80994
-0
-0
-0
-0
-0
1.74998
6.83154
-0
-0
-0
-0
-0
-0
21.5013
-0
-0
-0
27.8839
8.97009
-0
-0
-0
-0
-0
42.4305
-0
18.4944
39.4181
-0
-0
-0
-0
-0
-0
-0
-0
-0
12.1097
-0
2.9145
-0
-0
-0
-0
21.9281
-0
-0
-0
0.926723
-0
-0
-0
48.9255
-0
-0
-0
-0
-0
9.21044
28.3669
-0
27.8243
-0
14.0292
-0
24.025
-0
-0
0.29774
-0
-0
-0
-0
-0
9.8786
-0
-0
-0
24.1858
27.5852
-0
-0
-0
-0
-0
-0
-0
8.64404
-0
21.0298
-0
-0
-0
-0
-0
-0
-0
-0
-0
9.80112
-0
5.43242
-0
-0
-0
-0
-0
-0
-0
-0
-0
-0
-0
11.7466
-0
-0
-0
-0
20.1097
-0
-0
-0
-0
-0
-0
-0
2.35626
-0
-0
-0
-0
-0
-0
-0
-0
-0
-0
-0
-0
5.6969
-0
-0
-0
-0
11.2226
-0
-0
-0
-0
-0
-0
22.3011
24.7722
-0
-0
29.7106
-0
-0
-0
-0
-0
-0
-0
-0
9.5627
54.9044
6.3412
-0
-0
4.62239
13.6249
16.2529
14.7969
-0
-0
-0
-0
-0
14.8901
-0
-0
-0
13.2782
-0
-0
26.6695
-0
10.1118
-0
-0
3.83855
-0
-0
-0
17.9519
-0
-0
-0
-0
-0
-0
-0
-0
-0
-0
6.54585
-0
-0
-0
5.2301
-0
-0
-0
-0
0.580958
-0
-0
-0
47.8143
22.0443
28.6184
-0
-0
17.1884
-0
-0
-0
1.28927
-0
-0
-0
-0
-0
-0
-0
30.5765
-0
-0
-0
11.1423
0.0737908
-0
-0
-0
21.2499
-0
-0
10.0173
17.065
-0
-0
-0
-0
-0
22.2177
1.31355
7.63365
-0
11.1746
-0
-0
-0
-0
-0
-0
-0
-0
-0
-0
-0
-0
1.80972
-0
-0
-0
-0
31.7605
11.4326
-0
-0
-0
-0
-0
-0
21.0911
-0
16.3136
-0
-0
-0
-0
-0
-0
-0
15.79
-0
-0
23.7138
-0
-0
-0
-0
-0
-0
-0
8.48276
-0
-0
-0
7.41007
-0
-0
-0
-0
-0
-0
-0
-0
-0
-0
-0
-0
5.60049
-0
-0
-0
-0
13.1755
-0
-0
7.67855
-0
-0
-0
-0
32.7368
-0
17.7524
6.94364
-0
-0
-0
14.9405
11.219
-0
-0
12.9037
-0
-0
-0
-0
-0
-0
-0
16.0668
-0
-0
-0
-0
-0
-0
-0
-0
-0
-0
41.8423
-0
-0
-0
-0
-0
-0
-0
-0
-0
12.9007
12.3558
7.84887
-0
-0
4.36215
-0
-0
-0
-0
-0
22.3213
-0
-0
5.08518
-0
-0
-0
12.9106
3.77525
-0
28.2424
-0
-0
-0
16.6417
-0
-0
-0
-0
-0
-0
-0
-0
-0
-0
0.754111
-0
11.5491
-0
-0
-0
11.529
-0
-0
-0
-0
-0
-0
-0
-0
2.27842
21.8483
-0
16.6057
33.9104
-0
-0
-0
-0
-0
8.2471
-0
-0
-0
-0
20.5037
3.0569
-0
-0
-0
-0
-0
-0
-0
-0
-0
-0
-0
11.8289
6.67885
-0
-0
-0
51.3081
-0
-0
-0
35.4797
-0
-0
-0
-0
5.07125
-0
-0
-0
-0
-0
-0
-0
-0
-0
-0
-0
-0
22.8685
-0
-0
-0
12.652
-0
-0
13.8181
7.49078
-0
-0
-0
-0
-0
-0
-0
31.0302
-0
-0
5.19327
-0
-0
-0
22.8205
10.8232
-0
-0
-0
-0
-0
-0
36.7132
-0
-0
25.4338
-0
12.3751
19.2848
-0
-0
-0
-0
-0
5.99232
-0
-0
-0
-0
-0
11.7194
-0
-0
-0
-0
-0
-0
-0
-0
-0
-0
43.5251
11.6315
-0
-0
-0
24.6712
-0
-0
-0
-0
-0
4.7863
-0
-0
-0
-0
-0
-0
-0
-0
-0
-0
-0
-0
10.6668
-0
-0
-0
-0
-0
-0
-0
-0
-0
-0
-0
46.0488
-0
-0
-0
-0
-0
17.3059
12.81
-0
-0
-0
-0
-0
-0
-0
-0
-0
-0
-0
9.84572
-0
-0
-0
-0
10.7155
-0
12.6567
-0
-0
-0
-0
-0
-0
-0
-0
-0
-0
41.1533
-0
-0
-0
-0
-0
-0
4.18745
-0
5.23317
-0
-0
-0
-0
-0
23.3953
-0
-0
-0
-0
10.7837
-0
-0
-0
-0
36.6617
-0
-0
-0
-0
23.2826
13.813
-0
-0
25.3775
18.0645
-0
-0
-0
-0
14.7719
-0
-0
-0
-0
-0
-0
-0
15.0426
1.19564
6.78704
6.85637
-0
3.93134
-0
-0
-0
56.0901
20.8422
-0
0.967558
-0
15.2151
-0
-0
-0
-0
-0
-0
-0
-0
-0
-0
3.71039
-0
19.8089
-0
-0
-0
-0
-0
23.7338
-0
-0
-0
-0
-0
-0
1.74808
-0
7.84109
-0
-0
-0
62.292
-0
21.8178
-0
-0
-0
-0
-0
-0
-0
20.1007
16.8082
-0
-0
-0
-0
-0
-0
-0
-0
15.068
-0
-0
-0
-0
9.07444
-0
-0
8.08433
7.23073
-0
11.5539
-0
1.79238
6.37554
-0
-0
-0
-0
-0
-0
-0
-0
-0
-0
-0
-0
-0
-0
-0
-0
9.34111
-0
-0
-0
5.71986
-0
4.23246
-0
-0
-0
-0
-0
-0
-0
-0
-0
-0
-0
9.27802
-0
11.0875
-0
-0
21.2595
19.9188
-0
30.9519
-0
-0
-0
-0
5.08899
18.8922
-0
-0
-0
-0
-0
32.4138
-0
0.820734
15.359
-0
-0
-0
1.30906
-0
-0
-0
19.3058
26.7775
-0
14.0552
-0
23.0805
26.185
-0
6.62144
-0
-0
5.80337
-0
-0
-0
-0
15.6316
1.03097
-0
-0
-0
6.03813
19.6089
-0
-0
-0
-0
-0
21.2655
37.5198
-0
-0
-0
-0
40.8654
-0
-0
-0
-0
-0
-0
-0
-0
-0
-0
6.82684
-0
-0
41.3579
-0
-0
19.2353
-0
-0
-0
0.653468
-0
37.2771
-0
-0
-0
-0
-0
-0
-0
-0
0.515108
-0
22.4107
-0
14.56
-0
-0
-0
29.0198
-0
-0
-0
-0
-0
-0
8.00593
-0
-0
-0
-0
-0
14.2714
4.98697
-0
-0
-0
-0
-0
-0
-0
21.1733
42.8086
-0
-0
0.714396
-0
7.43093
-0
-0
-0
-0
-0
-0
-0
-0
-0
-0
-0
-0
-0
-0
25.4788
-0
1.72064
8.37759
-0
17.4167
-0
-0
14.0262
-0
-0
-0
-0
-0
-0
-0
-0
-0
5.07691
-0
-0
-0
-0
-0
-0
-0
-0
-0
-0
-0
-0
-0
-0
-0
-0
-0
-0
-0
-0
-0
9.07472
14.904
-0
7.95633
-0
-0
-0
-0
-0
-0
-0
-0
-0
-0
4.16516
21.5098
-0
-0
-0
4.18606
-0
8.00357
-0
16.5935
-0
-0
-0
-0
-0
-0
-0
19.0162
-0
-0
-0
6.23516
2.32089
-0
-0
27.6605
-0
-0
-0
-0
-0
-0
-0
-0
-0
-0
-0
-0
-0
-0
-0
-0
29.5002
-0
0.472642
-0
-0
-0
-0
-0
-0
-0
-0
6.33289
-0
-0
-0
3.55549
-0
-0
-0
0.127962
-0
-0
-0
-0
-0
-0
-0
-0
-0
-0
12.9932
-0
-0
-0
-0
-0
-0
-0
-0
-0
-0
-0
13.5813
3.09121
-0
-0
-0
-0
-0
-0
26.0297
-0
36.1502
16.9298
-0
-0
6.412
-0
-0
-0
54.9153
-0
-0
6.81436
-0
-0
-0
-0
14.9962
-0
-0
19.6388
-0
-0
-0
-0
-0
-0
5.65004
-0
-0
-0
-0
21.5824
-0
23.6354
-0
-0
15.3135
-0
2.83116
4.29201
-0
-0
-0
-0
-0
-0
-0
-0
33.5643
44.678
-0
-0
3.18778
14.8977
-0
-0
-0
-0
18.6688
17.8307
-0
7.62471
11.1744
-0
0.38821
-0
-0
26.4418
36.256
-0
5.7582
-0
-0
-0
59.6985
-0
-0
-0
-0
-0
-0
-0
30.6144
17.6216
-0
-0
-0
-0
-0
-0
-0
-0
-0
13.5211
-0
-0
-0
-0
-0
-0
-0
-0
-0
38.061
-0
-0
36.5249
-0
-0
9.25798
-0
-0
-0
7.9728
-0
-0
2.29451
-0
30.6384
-0
60.2624
9.54056
-0
-0
-0
7.29785
-0
-0
-0
-0
-0
-0
32.7461
-0
-0
3.77536
3.0517
-0
-0
12.858
-0
4.23384
-0
-0
-0
-0
-0
6.33902
-0
-0
-0
-0
-0
-0
17.8828
-0
-0
-0
8.71115
-0
-0
58.2335
-0
3.92579
-0
-0
-0
-0
-0
29.8637
-0
-0
-0
-0
-0
33.6752
0.526561
-0
-0
-0
-0
-0
-0
-0
1.09579
-0
-0
-0
-0
18.1028
-0
0.0600795
-0
-0
19.6873
-0
-0
-0
-0
-0
-0
-0
3.2762
-0
-0
-0
-0
-0
-0
17.7825
-0
-0
-0
-0
-0
-0
-0
-0
-0
-0
-0
-0
-0
-0
-0
-0
-0
-0
-0
-0
23.9939
-0
-0
-0
4.12858
-0
-0
-0
-0
-0
-0
-0
-0
0.518604
24.2119
-0
34.3934
-0
-0
-0
-0
-0
2.36086
-0
23.1856
-0
-0
-0
-0
-0
-0
-0
-0
-0
-0
33.3112
-0
-0
2.073
-0
-0
-0
-0
-0
-0
-0
-0
4.81025
-0
-0
-0
-0
-0
-0
1.48739
-0
-0
-0
1.02694
26.115
22.8369
13.7039
0.0759501
-0
-0
49.1884
-0
8.17343
35.2866
-0
-0
4.84431
-0
-0
-0
-0
6.41851
-0
-0
-0
-0
-0
4.06377
-0
-0
-0
-0
19.1815
-0
-0
-0
-0
-0
21.6133
-0
-0
-0
-0
-0
-0
-0
-0
-0
-0
-0
15.3413
-0
-0
12.6552
-0
-0
10.0135
9.5004
6.79445
-0
-0
-0
25.7543
31.9394
-0
1.20403
-0
-0
-0
-0
5.5203
-0
-0
-0
3.32643
-0
3.50391
-0
3.38367
-0
-0
-0
7.51103
-0
5.77075
-0
-0
-0
-0
2.75789
-0
-0
-0
-0
-0
65.4837
19.5289
29.1416
2.86645
-0
-0
-0
-0
46.2547
-0
13.297
-0
-0
-0
-0
-0
65.952
-0
-0
0.234205
4.13385
20.6191
46.653
35.6299
-0
-0
-0
-0
4.08325
-0
-0
-0
-0
7.01679
-0
46.1978
-0
-0
-0
-0
1.8892
-0
41.0706
-0
-0
-0
-0
0.224051
7.23236
-0
-0
-0
34.169
29.7265
-0
-0
23.8333
-0
-0
-0
-0
-0
12.2578
-0
-0
-0
9.03241
41.2117
22.8356
24.4892
-0
27.9456
-0
-0
0.124774
8.99234
7.11895
-0
-0
9.48178
-0
-0
11.471
31.2947
-0
-0
-0
-0
-0
-0
-0
-0
-0
2.16005
-0
-0
-0
-0
3.35106
-0
-0
17.3828
32.5103
-0
3.2157
-0
-0
-0
-0
-0
-0
-0
-0
-0
-0
-0
-0
-0
-0
-0
-0
-0
-0
-0
-0
0.353429
-0
-0
29.3988
-0
-0
-0
-0
-0
-0
-0
-0
-0
-0
-0
-0
-0
-0
-0
-0
-0
-0
-0
-0
-0
-0
9.69707
-0
-0
-0
3.68245
-0
10.6979
-0
4.15052
-0
-0
-0
-0
-0
-0
11.3949
1.71589
20.5948
-0
23.3222
3.39756
-0
-0
-0
25.4058
2.99763
-0
-0
25.6573
-0
-0
8.49388
-0
-0
3.57926
-0
-0
-0
6.36169
-0
-0
-0
-0
-0
3.35116
-0
-0
-0
-0
-0
27.161
-0
-0
3.29352
-0
2.01537
13.1514
-0
7.28658
0.693621
-0
-0
-0
-0
-0
8.6708
6.63443
-0
24.4343
-0
-0
-0
-0
-0
-0
10.5786
-0
-0
24.742
18.0725
-0
20.0463
-0
-0
-0
-0
20.05
1.86026
-0
-0
-0
5.21865
8.12886
-0
-0
-0
-0
-0
33.0333
-0
-0
-0
-0
-0
-0
-0
-0
2.38851
-0
-0
-0
-0
-0
-0
-0
-0
14.4078
-0
-0
-0
-0
-0
-0
-0
-0
-0
-0
-0
-0
-0
49.9396
-0
-0
24.9961
25.649
-0
23.0382
17.3108
-0
-0
-0
21.5485
20.2768
-0
-0
-0
-0
-0
-0
26.5427
-0
-0
-0
-0
-0
-0
-0
-0
-0
-0
-0
1.16361
-0
-0
-0
-0
-0
-0
-0
-0
-0
-0
-0
8.00344
-0
-0
11.8269
-0
-0
14.7502
-0
-0
-0
0.676624
16.3596
-0
-0
-0
-0
-0
-0
-0
-0
-0
-0
24.9622
23.3962
-0
-0
0.693055
40.5588
2.97712
-0
-0
-0
-0
-0
-0
-0
3.03971
-0
-0
-0
31.2456
8.34518
-0
-0
-0
-0
13.3799
-0
-0
-0
-0
-0
-0
4.01254
-0
-0
-0
-0
-0
-0
-0
-0
-0
-0
-0
-0
-0
-0
-0
-0
-0
-0
4.78743
-0
-0
-0
-0
-0
-0
-0
36.6509
32.4139
-0
-0
-0
-0
-0
-0
-0
-0
1.55763
-0
21.1016
-0
-0
16.5629
34.4556
27.0869
-0
-0
0.479974
-0
12.2736
-0
-0
-0
-0
-0
-0
39.1267
23.3262
-0
-0
-0
-0
16.9557
-0
-0
-0
-0
1.7479
-0
-0
-0
-0
13.6685
-0
-0
-0
-0
-0
-0
-0
-0
0.33943
-0
-0
-0
-0
-0
42.9093
-0
-0
-0
8.0833
5.96873
23.9944
-0
28.0622
1.51176
-0
24.335
14.3772
0.932454
-0
-0
-0
-0
-0
2.68135
0.144765
11.2675
-0
-0
-0
-0
-0
-0
-0
-0
-0
-0
-0
-0
-0
-0
-0
-0
20.6608
-0
-0
-0
-0
-0
-0
-0
-0
-0
-0
29.4115
-0
-0
-0
-0
-0
-0
3.20285
-0
-0
39.7176
-0
-0
-0
-0
-0
8.92546
-0
-0
4.76028
-0
21.1338
-0
0.520474
-0
-0
0.0166755
12.4055
-0
-0
-0
-0
-0
-0
-0
-0
-0
15.2865
-0
-0
-0
27.7702
-0
-0
5.3959
-0
-0
-0
14.34
15.6252
-0
-0
-0
-0
-0
17.7834
-0
4.56995
-0
10.3131
-0
-0
-0
-0
-0
9.62329
-0
-0
44.8483
-0
-0
-0
4.56733
9.42797
6.64707
-0
-0
-0
-0
-0
-0
-0
-0
-0
-0
-0
-0
6.80528
-0
-0
-0
-0
-0
-0
-0
-0
-0
-0
-0
-0
-0
-0
-0
-0
-0
-0
-0
-0
18.6073
-0
-0
-0
-0
-0
-0
-0
-0
-0
-0
-0
-0
-0
-0
-0
-0
21.9497
-0
-0
-0
-0
-0
-0
-0
-0
-0
-0
3.99128
-0
15.5237
-0
-0
-0
-0
-0
-0
-0
-0
-0
-0
-0
7.70531
-0
-0
-0
-0
-0
-0
-0
-0
-0
-0
-0
-0
-0
-0
-0
-0
-0
-0
-0
-0
-0
4.20577
1.81316
-0
-0
-0
7.53579
-0
-0
-0
41.8946
-0
-0
-0
-0
16.803
-0
15.8339
-0
-0
-0
-0
-0
12.2417
-0
45.1825
-0
-0
-0
-0
-0
-0
-0
-0
9.54399
-0
8.19827
-0
-0
33.9499
-0
-0
-0
-0
1.17694
-0
-0
-0
-0
-0
-0
-0
-0
-0
11.3402
-0
-0
-0
-0
-0
-0
-0
-0
-0
-0
-0
-0
-0
-0
-0
-0
-0
16.076
-0
-0
-0
-0
-0
-0
-0
10.2826
-0
1.92419
-0
-0
-0
-0
39.5365
-0
-0
-0
-0
3.48922
-0
-0
-0
-0
-0
-0
-0
-0
-0
1.30851
6.80597
29.6209
-0
29.4226
-0
-0
5.42303
3.28645
-0
15.6747
-0
-0
-0
-0
-0
-0
34.9935
-0
9.34673
-0
30.3036
-0
-0
-0
64.6385
-0
-0
-0
-0
10.2351
-0
-0
-0
-0
1.67728
-0
-0
-0
-0
19.4547
-0
-0
-0
-0
-0
1.89006
-0
-0
34.1919
-0
-0
-0
10.182
-0
2.13375
-0
-0
12.2985
-0
-0
-0
1.14846
-0
-0
21.7864
-0
-0
-0
-0
-0
-0
-0
-0
-0
-0
-0
-0
-0
-0
-0
16.6428
-0
-0
-0
1.3602
-0
-0
-0
2.623
-0
-0
-0
-0
3.51578
-0
-0
10.7508
-0
-0
25.6543
-0
-0
-0
-0
-0
17.0587
-0
-0
-0
-0
-0
-0
6.53463
-0
9.79085
-0
29.8477
9.99744
-0
14.3718
-0
34.3509
-0
18.0926
6.94803
-0
-0
-0
46.3497
-0
-0
22.1856
0.563411
-0
39.9208
-0
-0
10.6566
-0
-0
-0
-0
-0
-0
-0
-0
-0
-0
-0
-0
-0
-0
20.8918
-0
-0
-0
-0
-0
-0
-0
-0
-0
-0
-0
0.174513
-0
-0
-0
12.1747
4.9431
16.2909
-0
10.1682
-0
-0
8.33845
-0
-0
22.1222
-0
-0
-0
-0
-0
-0
7.92711
-0
-0
27.0542
-0
14.9937
-0
32.3532
-0
4.3191
-0
16.7275
-0
-0
-0
-0
-0
-0
27.7681
-0
-0
-0
-0
-0
-0
32.5776
-0
-0
-0
-0
-0
-0
-0
-0
-0
-0
-0
-0
-0
19.3124
-0
-0
28.1522
2.05235
-0
-0
-0
-0
-0
-0
-0
-0
16.746
-0
6.00705
-0
-0
-0
9.06838
-0
-0
-0
-0
6.28433
-0
14.5823
13.3229
14.552
-0
-0
-0
-0
-0
-0
-0
20.2338
-0
-0
14.6294
-0
-0
-0
-0
-0
-0
12.4749
3.08878
-0
-0
-0
-0
14.6447
4.09866
-0
-0
-0
-0
-0
-0
-0
-0
-0
-0
-0
-0
-0
-0
0.403399
-0
-0
-0
-0
-0
-0
-0
-0
-0
-0
-0
-0
-0
-0
13.6443
-0
0.527815
-0
-0
13.7927
51.0267
23.088
-0
-0
4.64988
-0
-0
-0
-0
-0
-0
26.2552
-0
3.85428
-0
-0
20.4412
10.0365
11.187
5.13309
-0
21.3794
50.8748
4.84346
4.30552
-0
-0
-0
-0
9.74739
-0
-0
-0
-0
-0
8.0354
16.6038
-0
-0
-0
10.5864
-0
-0
-0
18.7789
-0
-0
-0
0.230521
7.01172
-0
5.97685
-0
0.331951
-0
12.1386
-0
-0
-0
-0
-0
20.9309
3.48596
-0
-0
6.32493
-0
-0
-0
-0
29.7798
31.3707
24.9063
16.0192
-0
-0
-0
-0
-0
-0
-0
-0
-0
-0
-0
8.01088
-0
-0
16.1027
-0
-0
-0
19.9518
-0
-0
-0
1.31906
-0
0.914029
9.42276
-0
-0
12.0757
-0
-0
-0
-0
5.71033
-0
10.7638
-0
1.92842
-0
-0
-0
2.76493
-0
33.2622
-0
-0
-0
-0
12.1705
-0
-0
29.9636
40.4487
-0
-0
-0
21.7998
-0
-0
-0
-0
-0
-0
-0
-0
-0
-0
-0
-0
-0
-0
-0
-0
-0
-0
-0
10.4124
-0
-0
30.5077
-0
16.3526
20.5821
28.9485
-0
-0
0.268317
-0
-0
-0
-0
1.17982
-0
-0
-0
-0
-0
-0
-0
-0
-0
-0
-0
-0
-0
-0
7.5637
-0
-0
-0
-0
-0
-0
36.714
-0
-0
-0
-0
-0
-0
-0
-0
-0
22.9542
-0
9.46506
-0
-0
16.9282
-0
43.6745
-0
-0
-0
24.7137
-0
-0
-0
-0
-0
7.65282
-0
-0
-0
-0
-0
-0
-0
-0
19.1103
-0
-0
-0
-0
-0
-0
-0
-0
9.78175
-0
8.07052
4.7229
-0
28.0979
-0
-0
-0
-0
-0
-0
-0
3.47127
-0
-0
-0
-0
4.95889
1.80022
-0
-0
-0
-0
37.7758
-0
-0
-0
-0
-0
-0
-0
11.1417
-0
6.76935
-0
-0
3.03807
-0
-0
-0
-0
0.0626039
-0
6.19513
-0
-0
37.8004
-0
-0
2.77447
21.2538
13.3374
-0
-0
5.78083
-0
-0
-0
-0
-0
-0
-0
8.1885
-0
1.47253
-0
-0
-0
-0
-0
29.2093
-0
-0
-0
13.4483
-0
9.52855
-0
15.6995
-0
10.5587
-0
-0
-0
-0
-0
-0
-0
-0
-0
3.21266
-0
-0
-0
-0
-0
6.74258
-0
-0
-0
-0
-0
-0
-0
-0
9.84675
-0
-0
-0
-0
-0
-0
-0
-0
-0
-0
-0
-0
-0
-0
-0
71.5521
-0
-0
-0
-0
-0
10.8711
-0
26.7317
-0
-0
-0
6.15016
-0
-0
-0
10.0085
-0
7.74321
3.92903
13.2037
-0
12.805
-0
-0
-0
-0
-0
-0
8.55107
9.26842
23.0546
-0
-0
-0
-0
27.0348
-0
-0
-0
34.1536
1.64598
14.9788
-0
36.4156
-0
-0
-0
-0
-0
0.245237
-0
-0
-0
28.2859
1.81801
10.1535
-0
-0
2.18652
-0
-0
26.3871
-0
-0
-0
35.3261
-0
18.0259
-0
-0
-0
-0
12.4896
-0
-0
-0
-0
-0
-0
-0
-0
-0
-0
-0
11.007
-0
0.795983
-0
-0
-0
-0
-0
-0
-0
-0
-0
-0
-0
-0
-0
-0
3.35814
-0
-0
-0
-0
2.18087
23.512
-0
-0
-0
-0
-0
-0
-0
19.0971
-0
31.5524
8.02862
-0
-0
-0
-0
-0
-0
-0
-0
-0
12.6867
-0
-0
-0
-0
-0
14.7475
37.9291
-0
-0
-0
-0
2.7198
-0
-0
28.7428
-0
-0
-0
-0
3.55255
-0
-0
-0
9.00501
-0
4.53605
-0
-0
-0
-0
-0
4.04797
-0
41.8911
-0
-0
-0
-0
-0
-0
-0
2.52803
11.285
-0
6.73733
-0
-0
2.19812
-0
25.2617
-0
-0
4.06534
-0
-0
-0
14.1706
-0
-0
-0
17.0194
-0
-0
-0
-0
-0
34.1149
3.44692
-0
10.9702
-0
-0
-0
-0
-0
-0
-0
-0
-0
-0
-0
-0
-0
-0
-0
-0
-0
-0
-0
-0
-0
8.12976
-0
-0
-0
-0
-0
-0
-0
-0
-0
-0
-0
-0
-0
20.7406
-0
-0
80.951
-0
-0
-0
9.10504
-0
-0
-0
-0
38.0826
-0
-0
-0
-0
37.5706
7.07168
4.64496
-0
18.5985
5.89139
-0
-0
0.325431
-0
-0
-0
12.4911
21.4028
-0
4.68567
31.1484
-0
-0
25.5839
-0
-0
-0
-0
-0
-0
12.5526
-0
0.0640064
-0
-0
-0
-0
-0
2.90247
-0
-0
-0
-0
-0
31.1238
13.4145
-0
-0
-0
-0
-0
18.3229
-0
52.5195
-0
39.8751
-0
-0
-0
-0
-0
-0
-0
-0
-0
18.9244
7.7349
28.9968
-0
-0
-0
-0
-0
-0
-0
-0
-0
-0
-0
-0
-0
37.355
-0
-0
-0
-0
-0
-0
-0
-0
-0
-0
23.3537
-0
-0
31.6095
5.08519
9.91685
-0
-0
-0
25.2898
-0
-0
-0
1.99502
-0
-0
-0
-0
-0
-0
-0
-0
-0
16.3397
-0
18.9739
-0
-0
-0
-0
-0
-0
6.40366
-0
-0
-0
4.94288
-0
32.3194
-0
17.8312
-0
34.8104
2.59658
-0
-0
-0
20.3959
-0
-0
-0
-0
21.4392
-0
-0
30.1629
-0
-0
-0
-0
-0
19.2611
16.3424
4.46581
27.1016
-0
-0
-0
-0
-0
-0
-0
-0
-0
-0
-0
8.1402
-0
-0
-0
12.0865
27.2156
7.84242
-0
28.1896
-0
-0
-0
-0
29.066
-0
-0
6.91417
-0
4.68466
-0
-0
-0
-0
3.71845
-0
-0
-0
16.9106
-0
-0
-0
-0
-0
12.6642
-0
-0
-0
-0
-0
-0
-0
-0
-0
7.33835
-0
-0
-0
-0
-0
11.3117
5.91434
-0
-0
-0
2.63777
-0
9.08865
-0
-0
-0
-0
-0
17.3079
-0
-0
-0
-0
10.4736
-0
-0
16.8694
-0
-0
-0
-0
-0
40.5345
-0
-0
-0
-0
-0
-0
-0
18.3994
-0
-0
-0
-0
26.6367
-0
-0
10.3847
-0
-0
-0
29.1665
6.9893
-0
-0
-0
-0
-0
-0
-0
-0
-0
-0
-0
-0
4.9604
-0
-0
-0
-0
-0
-0
-0
-0
-0
-0
-0
-0
30.9942
-0
10.4809
21.8675
-0
-0
-0
-0
-0
-0
-0
6.40024
-0
-0
-0
-0
-0
18.0079
-0
-0
21.28
-0
-0
-0
-0
-0
15.0489
-0
-0
-0
-0
-0
0.695567
-0
16.1425
-0
-0
-0
8.46172
-0
-0
-0
19.9946
-0
23.4778
-0
-0
16.9618
-0
-0
-0
-0
-0
-0
34.5362
11.5508
-0
-0
5.9742
-0
-0
0.0879605
-0
-0
-0
24.8763
11.0421
36.2721
-0
4.89734
-0
-0
-0
-0
-0
-0
-0
-0
-0
-0
-0
1.50474
-0
-0
-0
-0
-0
-0
-0
3.29333
-0
-0
-0
-0
16.8304
4.71928
-0
-0
-0
-0
-0
-0
-0
-0
-0
-0
4.04646
-0
-0
-0
-0
-0
-0
-0
21.4628
-0
-0
-0
-0
-0
-0
-0
7.80568
24.4836
30.7937
-0
8.1742
30.8026
-0
-0
-0
23.1868
-0
-0
-0
3.45089
8.75672
-0
-0
-0
