1.30964
-0
-0
-0
-0
-0
-0
11.2021
38.3592
-0
30.8503
-0
-0
-0
-0
11.647
-0
-0
-0
-0
-0
-0
-0
-0
-0
-0
24.1265
7.16926
-0
-0
-0
-0
-0
-0
3.3943
-0
-0
-0
-0
-0
-0
-0
-0
31.3079
-0
-0
-0
-0
-0
4.25151
-0
-0
-0
-0
-0
-0
16.5047
0.5787
48.7654
-0
-0
-0
12.5484
-0
-0
-0
2.14451
21.3683
-0
1.41886
-0
-0
-0
-0
-0
5.91045
-0
-0
-0
-0
-0
36.7892
4.48598
15.9167
7.96888
-0
-0
9.30129
-0
-0
-0
-0
-0
-0
-0
-0
9.42726
-0
-0
-0
-0
-0
-0
25.95
9.36933
-0
28.1516
-0
-0
-0
-0
-0
-0
-0
-0
16.7165
-0
-0
45.127
21.3927
-0
-0
-0
-0
42.7249
-0
-0
-0
-0
16.0555
-0
27.5526
-0
-0
-0
-0
-0
-0
-0
11.0263
-0
-0
-0
-0
-0
-0
-0
-0
-0
-0
-0
4.26592
-0
-0
-0
-0
11.1298
-0
-0
-0
17.969
-0
-0
44.773
-0
-0
7.52529
-0
-0
10.0515
-0
15.0205
-0
-0
-0
-0
-0
-0
-0
-0
-0
-0
-0
-0
-0
18.1063
-0
-0
11.0303
-0
-0
48.0472
-0
5.31641
-0
-0
-0
-0
-0
-0
-0
-0
-0
-0
-0
37.6104
-0
-0
-0
-0
7.73648
-0
-0
-0
-0
-0
8.08872
18.925
-0
-0
-0
-0
-0
38.4895
-0
-0
-0
-0
1.40776
-0
-0
-0
-0
-0
-0
11.9533
-0
-0
-0
-0
-0
-0
-0
-0
-0
-0
11.9329
-0
-0
-0
-0
-0
-0
-0
7.70445
-0
-0
1.01289
19.5321
-0
7.15342
-0
-0
22.3794
-0
-0
-0
-0
-0
-0
-0
23.7538
9.89212
8.55984
-0
-0
-0
-0
-0
-0
-0
2.84508
-0
-0
-0
-0
11.1834
1.25867
-0
-0
-0
-0
32.63
-0
-0
-0
-0
-0
-0
69.9687
-0
-0
2.44123
-0
37.2259
17.5368
-0
-0
22.1135
-0
-0
31.8012
-0
-0
-0
1.16635
-0
-0
-0
-0
-0
-0
-0
-0
0.738804
-0
-0
-0
-0
-0
-0
-0
-0
-0
-0
-0
-0
1.84603
-0
-0
-0
-0
11.846
17.5813
-0
-0
36.6247
-0
21.5279
6.32456
30.1563
-0
-0
-0
16.6127
-0
-0
-0
-0
22.4581
2.9921
-0
-0
13.1525
0.104889
1.39086
-0
-0
18.518
-0
-0
-0
1.26027
62.4351
-0
-0
-0
0.739291
-0
-0
-0
-0
5.49276
-0
-0
-0
-0
-0
-0
-0
-0
63.0994
-0
-0
-0
-0
-0
-0
-0
-0
-0
3.94616
-0
-0
28.5271
4.09461
-0
-0
-0
-0
-0
-0
-0
-0
-0
27.5018
-0
-0
-0
-0
-0
-0
-0
-0
-0
6.42412
5.51546
8.71551
29.1065
-0
-0
-0
2.73359
-0
-0
-0
20.0514
-0
-0
-0
-0
-0
-0
-0
-0
-0
-0
-0
-0
-0
-0
-0
-0
-0
24.1226
15.1951
-0
-0
-0
-0
-0
-0
-0
-0
-0
-0
30.5878
-0
-0
-0
16.064
-0
-0
-0
-0
-0
-0
-0
-0
-0
-0
-0
-0
-0
21.0176
-0
-0
23.8954
-0
-0
13.786
-0
-0
-0
-0
15.7836
18.5481
-0
-0
-0
-0
-0
-0
-0
-0
-0
15.7076
-0
-0
21.4148
-0
-0
-0
-0
-0
-0
-0
1.53265
-0
-0
-0
-0
-0
29.6951
-0
-0
-0
36.7518
-0
-0
-0
-0
-0
-0
17.8215
-0
10.8522
43.714
-0
-0
-0
-0
-0
-0
6.88368
-0
-0
-0
-0
8.20421
-0
-0
-0
-0
22.366
35.1724
-0
-0
12.4444
9.208
-0
-0
55.6606
-0
-0
-0
-0
-0
-0
55.6666
-0
-0
-0
19.7691
4.38077
12.0463
-0
-0
5.29241
-0
-0
-0
-0
-0
9.66939
-0
-0
-0
-0
39.4593
-0
-0
-0
-0
-0
-0
-0
2.20818
2.21043
-0
-0
-0
-0
-0
-0
-0
-0
-0
-0
-0
-0
-0
-0
-0
-0
-0
-0
-0
-0
-0
-0
-0
-0
15.5143
-0
-0
-0
-0
23.2008
-0
-0
8.39106
-0
-0
-0
-0
-0
-0
-0
-0
-0
-0
-0
-0
6.58705
-0
-0
-0
-0
-0
-0
-0
-0
-0
5.44821
-0
-0
-0
-0
-0
-0
-0
3.47066
-0
-0
26.3241
-0
-0
-0
-0
-0
-0
-0
-0
-0
24.6874
-0
-0
-0
23.4309
-0
12.1755
5.96548
-0
-0
-0
-0
-0
29.4592
-0
-0
-0
10.9762
6.33907
-0
34.2879
-0
1.04123
-0
17.1665
-0
-0
-0
-0
38.8671
-0
-0
-0
-0
-0
-0
-0
-0
-0
-0
-0
-0
-0
-0
-0
-0
0.96129
-0
-0
2.53434
-0
-0
-0
8.02489
28.6481
28.4067
-0
-0
18.9554
-0
-0
-0
1.61995
-0
-0
-0
-0
-0
-0
-0
15.3427
-0
-0
-0
20.7812
-0
-0
-0
-0
-0
-0
-0
-0
19.372
-0
-0
-0
-0
-0
24.7679
3.22593
27.1584
11.3607
-0
-0
-0
-0
-0
-0
-0
-0
-0
-0
-0
23.851
-0
-0
-0
-0
-0
-0
8.29115
33.4199
-0
-0
-0
-0
-0
-0
10.2514
-0
0.403246
-0
-0
-0
-0
-0
4.31796
-0
-0
-0
-0
-0
6.02845
-0
-0
-0
-0
-0
-0
12.028
-0
21.4008
-0
50.9107
-0
-0
-0
-0
-0
-0
-0
1.90749
-0
39.7393
-0
-0
32.2952
1.00143
-0
-0
-0
21.892
-0
-0
-0
6.75587
-0
-0
-0
35.4584
-0
-0
14.9524
7.67198
-0
-0
11.3396
9.40467
-0
-0
45.3576
-0
-0
-0
-0
-0
-0
1.00911
18.6789
-0
-0
-0
-0
8.54474
-0
-0
-0
-0
-0
75.4074
-0
-0
-0
-0
-0
-0
-0
-0
-0
4.08346
13.13
-0
-0
-0
-0
-0
-0
-0
-0
3.91622
10.1615
-0
-0
0.32076
-0
1.46416
-0
9.75575
-0
-0
5.31152
-0
-0
-0
-0
-0
-0
-0
-0
-0
-0
4.77522
-0
-0
-0
10.0738
-0
13.8799
-0
6.35144
-0
9.84796
-0
-0
-0
-0
-0
-0
-0
-0
-0
34.8485
-0
-0
21.2057
-0
-0
-0
-0
-0
-0
9.17157
-0
-0
-0
20.546
5.88314
0.588319
-0
-0
-0
-0
-0
-0
-0
-0
-0
-0
19.988
-0
-0
-0
-0
33.2077
-0
-0
-0
16.35
-0
-0
-0
-0
-0
-0
-0
-0
-0
-0
-0
-0
-0
-0
-0
-0
6.37551
-0
-0
-0
-0
5.05124
3.24109
-0
2.0486
9.13011
-0
-0
-0
-0
-0
-0
-0
44.9191
-0
-0
19.1296
-0
-0
-0
13.2121
3.31504
-0
-0
-0
-0
-0
-0
-0
-0
-0
50.5444
-0
0.687001
0.0193405
0.187451
-0
-0
-0
-0
6.63309
-0
-0
-0
-0
1.69647
12.1593
-0
-0
-0
-0
-0
-0
-0
-0
-0
-0
6.43678
6.3363
-0
1.56806
-0
34.4347
-0
-0
-0
-0
-0
-0
-0
-0
-0
-0
-0
-0
-0
-0
-0
-0
-0
-0
-0
-0
-0
-0
-0
-0
-0
-0
-0
-0
-0
-0
1.32788
-0
-0
-0
-0
-0
5.25381
2.2507
-0
-0
-0
-0
-0
-0
-0
4.06576
-0
-0
-0
1.79246
-0
-0
-0
-0
15.5443
-0
23.0371
-0
-0
-0
-0
23.4307
-0
-0
-0
-0
-0
48.4315
-0
-0
-0
-0
-0
-0
-0
-0
6.68988
-0
-0
-0
-0
-0
14.3768
-0
-0
-0
-0
20.7409
-0
-0
-0
-0
20.3994
-0
-0
-0
-0
-0
9.46677
-0
-0
31.4582
11.8284
-0
-0
-0
-0
4.69278
6.92429
-0
-0
-0
-0
-0
-0
13.8191
-0
2.65972
-0
-0
8.8367
-0
-0
-0
63.5144
33.9912
3.65769
35.8252
-0
-0
-0
-0
-0
-0
-0
-0
-0
-0
-0
-0
9.72648
-0
-0
-0
-0
1.18295
-0
-0
7.84595
-0
-0
-0
-0
-0
-0
4.95954
-0
-0
-0
-0
-0
31.0984
-0
26.5398
-0
-0
-0
-0
1.61086
-0
-0
37.837
16.2285
-0
27.0588
-0
-0
-0
-0
28.3271
-0
-0
-0
-0
-0
-0
-0
-0
-0
-0
20.1013
-0
14.0162
-0
-0
-0
-0
-0
0.155829
6.61061
-0
13.7691
-0
-0
-0
-0
-0
-0
-0
-0
-0
-0
35.0706
-0
-0
-0
15.0313
-0
-0
2.7567
-0
-0
-0
-0
-0
-0
-0
-0
-0
-0
5.42636
-0
1.84234
-0
-0
-0
11.5634
-0
10.3062
-0
-0
13.3982
-0
-0
-0
-0
-0
-0
-0
-0
22.0772
-0
4.69676
-0
-0
-0
-0
7.98303
-0
-0
-0
5.17513
26.5569
-0
-0
17.944
53.4947
-0
-0
4.59593
-0
-0
6.38717
0.484534
11.5705
-0
-0
2.33653
23.2547
-0
-0
-0
8.70451
15.3626
-0
17.7228
-0
-0
-0
18.7833
40.1541
-0
-0
-0
-0
54.1867
23.4443
-0
-0
-0
-0
-0
-0
-0
-0
30.0035
16.3848
-0
-0
23.4665
-0
30.9015
27.1714
-0
-0
-0
-0
0.216883
32.1082
-0
-0
-0
-0
-0
-0
-0
-0
3.51708
-0
20.1743
7.8002
-0
-0
-0
-0
27.1763
-0
-0
11.3929
-0
-0
-0
35.6575
-0
27.7702
-0
-0
-0
-0
11.816
-0
-0
-0
-0
-0
-0
-0
1.66962
31.508
-0
-0
7.03792
-0
62.9259
-0
-0
-0
-0
-0
-0
-0
-0
-0
-0
-0
-0
-0
7.08418
11.6168
-0
1.86732
16.1657
-0
-0
14.0829
-0
37.8615
21.4642
-0
-0
-0
-0
-0
-0
0.966737
-0
-0
4.40132
-0
-0
-0
-0
-0
-0
-0
-0
-0
-0
-0
-0
-0
-0
0.0459747
-0
-0
-0
-0
-0
4.61945
40.2175
-0
-0
-0
-0
-0
-0
-0
-0
-0
-0
-0
-0
-0
61.815
-0
6.44126
-0
-0
-0
2.95949
-0
20.087
-0
-0
-0
-0
-0
-0
-0
6.61297
-0
-0
-0
0.986132
-0
-0
-0
3.25759
-0
-0
-0
-0
-0
-0
-0
-0
-0
-0
11.3165
-0
-0
-0
-0
43.6819
-0
-0
-0
-0
-0
-0
-0
-0
-0
-0
-0
-0
-0
-0
-0
15.7699
-0
-0
-0
2.21233
34.7618
-0
-0
-0
-0
-0
-0
1.04206
-0
-0
10.0968
-0
3.3012
-0
-0
-0
-0
-0
-0
-0
-0
-0
-0
27.6803
11.2332
-0
-0
-0
-0
-0
29.4406
20.6676
20.6787
30.812
-0
-0
8.36291
-0
-0
-0
45.2233
-0
-0
-0
-0
21.236
-0
-0
8.25773
-0
-0
4.0777
-0
-0
-0
-0
-0
-0
19.4017
-0
-0
-0
-0
7.3219
-0
-0
-0
-0
28.1851
-0
4.89865
14.8518
-0
-0
9.76212
-0
-0
2.30336
6.17338
-0
42.5983
23.7641
-0
-0
-0
16.5044
-0
-0
-0
-0
32.9781
-0
-0
20.9996
9.02819
-0
23.2088
-0
-0
12.3519
7.99212
-0
0.620739
-0
-0
-0
60.003
-0
-0
-0
-0
-0
-0
-0
6.12081
15.9845
-0
-0
-0
-0
3.7892
-0
-0
-0
-0
5.60021
-0
36.2687
-0
-0
-0
-0
-0
-0
-0
26.5708
-0
-0
8.56004
-0
-0
43.076
-0
-0
-0
-0
-0
-0
-0
-0
26.8708
-0
47.4904
3.53455
-0
-0
10.5108
-0
-0
-0
-0
-0
-0
-0
29.6068
-0
-0
10.8157
-0
-0
-0
5.18417
-0
-0
-0
-0
-0
-0
-0
-0
-0
17.6289
-0
-0
13.7894
-0
-0
-0
-0
15.7812
17.871
-0
-0
44.2033
-0
-0
-0
-0
17.1715
-0
-0
12.0279
-0
-0
-0
-0
-0
30.9945
24.3433
-0
-0
-0
-0
-0
1.14565
-0
-0
-0
-0
-0
-0
8.73539
-0
-0
-0
-0
-0
-0
-0
-0
-0
-0
-0
-0
-0
-0
-0
-0
-0
-0
-0
40.2628
-0
-0
-0
10.002
-0
-0
-0
-0
-0
-0
-0
-0
-0
-0
-0
-0
15.5372
-0
0.698055
-0
1.88414
-0
-0
-0
11.4087
-0
-0
-0
-0
-0
-0
-0
-0
0.274874
16.2969
-0
17.4387
-0
-0
-0
-0
-0
-0
-0
2.67371
-0
-0
20.2036
-0
-0
-0
-0
-0
-0
-0
15.0209
-0
-0
-0
-0
-0
-0
-0
-0
-0
-0
16.5907
-0
-0
-0
-0
-0
-0
-0
0.40516
-0
-0
15.557
-0
25.4601
6.48481
17.1654
-0
-0
-0
59.8013
-0
-0
28.9082
-0
-0
-0
-0
15.0256
-0
-0
-0
-0
11.0019
-0
-0
-0
44.3274
-0
-0
-0
-0
0.916044
-0
-0
20.3536
-0
-0
20.9612
-0
5.3293
-0
-0
-0
-0
-0
-0
-0
-0
18.7687
29.3917
-0
-0
-0
-0
-0
3.01057
5.16581
-0
-0
2.55476
-0
12.236
12.9139
-0
1.98299
-0
-0
-0
-0
-0
-0
-0
-0
-0
-0
15.7001
-0
-0
9.45659
-0
-0
18.3499
-0
4.87229
-0
-0
-0
-0
-0
-0
-0
-0
-0
-0
16.0997
0.0657445
0.333063
-0
-0
-0
-0
5.23475
41.3087
-0
4.74311
-0
-0
-0
-0
-0
64.696
13.7197
-0
9.57885
-0
4.77581
46.6508
43.2571
-0
-0
-0
-0
-0
-0
-0
-0
-0
0.230008
12.8627
16.1904
-0
-0
-0
-0
1.26472
-0
16.2892
-0
-0
-0
-0
-0
-0
-0
-0
-0
5.81835
21.4415
-0
-0
4.84163
-0
-0
-0
-0
-0
21.6588
-0
-0
-0
6.43436
-0
31.8381
17.7349
-0
60.5358
-0
-0
0.726785
2.42866
23.9099
-0
-0
5.98789
-0
-0
14.7825
8.63202
-0
-0
-0
-0
4.68869
-0
-0
-0
-0
5.43925
-0
-0
-0
-0
19.6091
-0
-0
13.9544
15.4018
-0
1.8071
-0
-0
-0
-0
-0
-0
0.127605
-0
-0
-0
-0
-0
-0
-0
-0
-0
-0
-0
-0
-0
0.0891135
4.78701
-0
25.6498
-0
-0
-0
-0
22.5811
-0
36.003
-0
-0
-0
-0
-0
-0
-0
-0
-0
-0
-0
-0
-0
-0
-0
28.0846
0.556028
-0
-0
-0
-0
21.7864
-0
-0
-0
-0
-0
-0
-0
-0
8.33719
-0
37.6831
-0
34.5162
11.6584
-0
-0
-0
28.7518
18.8337
-0
-0
55.9726
-0
-0
15.5509
2.22869
-0
7.6724
-0
-0
-0
31.3649
-0
-0
-0
-0
-0
-0
-0
2.74148
-0
-0
-0
42.7663
-0
-0
21.1214
-0
4.69763
30.6846
-0
15.6898
9.393
-0
-0
-0
-0
-0
-0
-0
-0
13.2914
-0
-0
-0
-0
-0
-0
8.6075
-0
2.37378
53.8668
3.86953
-0
15.8049
-0
-0
-0
-0
-0
0.965508
-0
-0
-0
-0
-0
-0
-0
-0
-0
-0
19.2175
-0
-0
-0
-0
-0
-0
-0
-0
14.103
-0
14.8993
-0
-0
-0
-0
-0
-0
11.5365
-0
0.382781
-0
-0
-0
-0
-0
-0
-0
-0
-0
-0
-0
47.5461
-0
1.59248
-0
10.0741
-0
-0
1.14895
-0
-0
-0
44.4595
4.91675
-0
-0
-0
-0
-0
-0
37.5973
-0
-0
-0
-0
-0
-0
-0
-0
-0
-0
-0
9.83992
-0
-0
-0
-0
-0
-0
-0
-0
0.272297
-0
-0
8.3968
-0
-0
4.06843
-0
-0
20.4714
-0
-0
-0
3.81593
-0
-0
-0
-0
-0
-0
-0
-0
-0
-0
18.7845
-0
43.0891
-0
-0
-0
12.499
18.312
-0
-0
-0
-0
-0
-0
-0
-0
-0
-0
-0
4.46064
16.7484
-0
-0
14.7757
-0
14.8105
-0
-0
-0
-0
-0
-0
-0
-0
-0
-0
-0
-0
12.6251
-0
-0
-0
-0
0.139891
-0
7.37562
-0
-0
-0
-0
-0
26.5188
-0
-0
-0
-0
-0
-0
-0
38.4983
22.9568
-0
-0
-0
11.8383
26.9932
-0
-0
-0
0.127817
-0
37.139
-0
-0
20.4239
52.0253
-0
-0
-0
-0
-0
9.19041
14.4909
-0
-0
-0
-0
-0
29.4916
21.6274
-0
-0
-0
-0
-0
-0
-0
-0
-0
-0
-0
-0
-0
-0
-0
-0
-0
-0
-0
-0
-0
-0
-0
13.8287
-0
4.77329
-0
-0
-0
30.3077
-0
-0
-0
-0
-0
8.74603
-0
31.9462
-0
-0
3.96892
15.0153
-0
-0
-0
-0
-0
-0
-0
15.9537
-0
-0
-0
-0
-0
-0
-0
-0
-0
-0
-0
-0
-0
-0
-0
-0
23.6745
40.4077
-0
-0
-0
-0
-0
-0
-0
-0
-0
-0
10.1711
-0
-0
-0
-0
-0
-0
3.30704
-0
-0
4.80663
-0
-0
-0
-0
-0
-0
-0
-0
29.4153
-0
1.18305
3.75863
-0
-0
-0
-0
-0
-0
-0
-0
-0
-0
18.9067
-0
-0
-0
12.6222
-0
-0
-0
1.53841
-0
-0
3.44653
-0
-0
-0
35.0341
-0
-0
-0
-0
-0
-0
30.691
-0
26.3002
-0
16.1945
-0
-0
-0
-0
-0
21.7895
-0
-0
39.7995
3.77061
-0
-0
-0
2.50644
23.3099
-0
-0
6.64649
-0
-0
-0
-0
-0
-0
-0
-0
13.7519
6.11233
-0
-0
-0
-0
-0
-0
-0
-0
-0
-0
-0
-0
-0
-0
-0
-0
-0
-0
6.58704
-0
5.51224
-0
-0
-0
-0
-0
-0
-0
11.7736
-0
-0
-0
16.3262
-0
-0
-0
-0
10.9762
0.536355
-0
-0
-0
-0
-0
-0
-0
-0
-0
2.72772
-0
0.758892
-0
-0
-0
-0
-0
-0
-0
-0
-0
-0
-0
-0
-0
-0
-0
-0
-0
-0
-0
-0
-0
-0
-0
0.947578
-0
-0
-0
-0
-0
-0
-0
-0
-0
6.62475
8.50191
-0
-0
-0
4.60595
-0
31.2703
-0
19.9854
12.047
-0
-0
-0
28.7645
-0
15.6413
10.8867
-0
-0
-0
-0
31.4973
-0
27.8576
-0
-0
-0
12.7643
-0
-0
-0
-0
36.2076
-0
3.65831
-0
-0
17.175
-0
-0
-0
-0
-0
-0
-0
-0
-0
-0
-0
-0
5.61599
-0
28.1039
-0
3.87896
-0
-0
-0
-0
-0
-0
-0
-0
-0
-0
-0
-0
-0
-0
-0
-0
-0
-0
-0
-0
-0
-0
-0
-0
-0
15.9635
7.00867
-0
-0
-0
37.9495
21.6675
-0
-0
-0
-0
-0
-0
-0
-0
-0
-0
-0
18.424
-0
-0
19.3326
4.33155
-0
24.7031
-0
-0
14.28
14.9659
6.95788
-0
-0
-0
-0
-0
-0
-0
39.5475
-0
0.72912
-0
66.9362
-0
-0
-0
57.3594
-0
36.904
-0
-0
-0
-0
-0
-0
-0
-0
-0
5.12409
-0
-0
15.4284
10.1068
-0
-0
-0
-0
31.9562
8.69234
-0
57.8168
-0
-0
8.92212
-0
-0
30.1272
-0
-0
26.0348
-0
-0
9.07982
8.66805
-0
-0
26.4833
-0
-0
-0
-0
-0
-0
-0
-0
-0
-0
-0
-0
-0
-0
-0
23.3141
-0
-0
-0
-0
-0
-0
20.805
6.76249
-0
-0
-0
17.3572
-0
-0
-0
-0
-0
-0
49.5933
-0
-0
-0
-0
-0
-0
-0
-0
-0
-0
-0
-0
-0
-0
10.4831
18.6909
16.9536
-0
-0
21.667
-0
44.0529
4.33442
1.95019
-0
-0
-0
-0
31.4669
-0
-0
13.2305
-0
-0
23.4142
-0
-0
19.3725
-0
-0
-0
-0
-0
-0
-0
-0
-0
-0
-0
-0
-0
-0
21.3044
28.2011
-0
-0
-0
-0
-0
-0
-0
-0
-0
-0
-0
-0
-0
-0
-0
19.2735
29.3278
-0
23.6133
-0
-0
18.5159
-0
-0
4.95269
-0
-0
-0
-0
-0
-0
44.3768
-0
-0
30.3731
-0
0.982246
-0
25.0811
-0
-0
-0
14.0137
-0
2.21388
-0
-0
-0
9.69787
26.0851
-0
-0
-0
11.3244
-0
-0
10.0811
-0
-0
-0
4.11347
-0
-0
-0
-0
-0
-0
-0
1.11905
-0
-0
-0
-0
12.838
-0
2.3327
-0
-0
-0
-0
20.0981
-0
-0
24.4922
-0
-0
-0
-0
-0
16.6293
-0
-0
-0
-0
-0
-0
7.72687
20.7017
23.2753
-0
-0
-0
-0
-0
-0
-0
17.6717
-0
-0
-0
-0
-0
-0
-0
-0
-0
4.20527
10.1686
-0
-0
-0
-0
6.6714
-0
-0
-0
13.1456
-0
-0
-0
-0
-0
-0
-0
-0
-0
-0
-0
-0
-0
-0
-0
-0
-0
-0
-0
-0
-0
-0
-0
-0
-0
-0
-0
-0
-0
-0
-0
-0
52.1171
40.3682
-0
-0
4.72508
-0
-0
-0
-0
-0
-0
-0
-0
-0
-0
-0
21.9356
24.6616
-0
16.8543
-0
24.2586
54.2164
17.4573
-0
-0
-0
-0
-0
-0
-0
-0
-0
-0
-0
-0
14.0528
-0
1.69041
-0
53.4717
-0
-0
-0
6.42111
-0
-0
-0
0.175604
-0
-0
-0
-0
-0
-0
5.58397
-0
-0
-0
-0
-0
18.0916
-0
-0
-0
-0
-0
-0
-0
-0
12.5894
12.5934
6.54335
-0
-0
5.49672
-0
9.52858
-0
-0
-0
-0
-0
-0
-0
-0
-0
-0
30.1019
-0
-0
-0
7.0144
-0
-0
24.9781
-0
-0
0.484307
23.753
-0
-0
-0
-0
-0
-0
-0
3.59361
-0
8.03708
-0
-0
-0
-0
-0
-0
-0
0.444325
-0
-0
-0
-0
3.39269
-0
-0
29.2779
9.62245
-0
-0
-0
26.9081
-0
-0
-0
4.89994
-0
-0
-0
-0
-0
-0
-0
-0
25.2588
-0
28.9064
-0
-0
-0
-0
-0
-0
-0
22.1724
-0
16.691
13.3086
10.2851
-0
2.23706
10.8158
-0
-0
-0
-0
0.215898
-0
-0
-0
-0
-0
-0
-0
-0
-0
11.7065
-0
-0
-0
-0
21.0048
-0
-0
-0
21.4604
-0
7.97972
38.2011
-0
-0
-0
-0
9.14813
-0
-0
-0
-0
-0
-0
31.6674
-0
-0
8.26082
-0
41.1543
-0
-0
-0
18.2391
-0
-0
-0
-0
-0
-0
-0
-0
-0
-0
-0
-0
-0
-0
45.1778
-0
-0
-0
-0
-0
-0
-0
3.48483
17.2549
-0
-0
-0
-0
8.46173
14.8698
-0
17.2737
-0
6.15327
-0
-0
22.8078
-0
-0
-0
-0
-0
6.1306
-0
-0
-0
-0
59.0367
-0
-0
-0
-0
-0
-0
-0
-0
-0
0.589121
-0
-0
2.81451
-0
-0
-0
-0
-0
-0
-0
-0
-0
20.3791
-0
-0
-0
27.8234
-0
-0
-0
18.1474
-0
-0
-0
-0
-0
0.0598772
-0
-0
-0
-0
-0
-0
-0
-0
-0
33.0223
-0
-0
-0
-0
13.9201
11.9642
-0
7.81813
-0
-0
-0
-0
-0
-0
-0
-0
-0
-0
-0
13.7255
2.21701
-0
1.75376
-0
-0
-0
-0
-0
-0
-0
-0
-0
-0
-0
11.2353
0.823209
9.50807
-0
-0
2.60808
-0
-0
-0
8.221
-0
-0
-0
-0
-0
-0
58.0407
-0
-0
-0
-0
-0
15.4533
-0
10.4
-0
-0
-0
27.842
-0
-0
-0
29.0428
-0
0.990452
31.277
12.0938
-0
46.6777
-0
-0
-0
-0
-0
-0
20.1614
6.81179
2.59656
-0
-0
-0
-0
29.065
-0
-0
-0
11.2457
-0
6.14554
-0
13.7551
-0
-0
-0
-0
-0
4.2797
-0
-0
-0
40.334
2.00579
1.15415
-0
-0
31.8553
-0
-0
12.3203
-0
-0
-0
12.0937
-0
10.4306
-0
-0
-0
-0
-0
-0
-0
-0
-0
-0
-0
-0
-0
-0
-0
6.76414
2.65588
7.56613
-0
-0
-0
-0
-0
-0
-0
-0
9.7696
-0
-0
-0
-0
-0
-0
-0
-0
-0
-0
-0
-0
-0
-0
-0
-0
-0
-0
-0
-0
16.8758
-0
28.5165
51.3158
-0
-0
-0
-0
-0
-0
-0
-0
-0
1.33619
11.3974
-0
-0
-0
-0
21.7635
14.2304
-0
-0
-0
-0
-0
-0
-0
26.2683
-0
-0
-0
-0
-0
-0
-0
-0
12.8301
-0
24.5642
-0
-0
-0
-0
-0
13.0347
-0
5.94856
8.96366
-0
-0
-0
-0
-0
-0
-0
-0
-0
-0
-0
-0
11.1023
14.2021
-0
-0
-0
6.82527
-0
-0
-0
12.895
-0
-0
-0
21.6612
-0
-0
5.65482
-0
3.14404
50.7026
-0
-0
6.25309
18.9785
-0
-0
5.61292
-0
-0
-0
-0
-0
-0
4.0868
-0
-0
-0
-0
-0
-0
-0
-0
-0
-0
10.0701
-0
-0
-0
8.22703
-0
-0
-0
-0
-0
-0
-0
-0
2.01915
22.3873
-0
-0
67.2628
-0
-0
-0
5.45904
-0
-0
-0
-0
15.604
29.1709
-0
-0
-0
46.4327
-0
-0
-0
15.3972
-0
-0
-0
-0
-0
-0
-0
-0
-0
-0
17.1911
9.7223
-0
-0
-0
-0
-0
-0
-0
-0
-0
21.0381
9.21667
-0
32.9745
-0
-0
-0
-0
7.52846
-0
-0
16.9079
-0
-0
-0
-0
-0
-0
-0
-0
-0
11.1642
-0
19.0281
-0
57.3733
-0
-0
-0
-0
-0
-0
-0
-0
-0
-0
40.4141
8.1531
-0
-0
-0
-0
-0
-0
-0
-0
-0
-0
-0
-0
-0
10.3045
-0
3.28027
-0
-0
-0
-0
-0
-0
-0
-0
26.0902
-0
4.18995
11.7143
-0
-0
-0
-0
-0
0.257977
-0
-0
-0
17.7146
-0
-0
-0
13.7816
-0
-0
-0
-0
-0
12.572
-0
9.07348
-0
-0
-0
-0
-0
-0
19.1567
-0
-0
-0
28.5364
-0
10.0145
-0
25.9471
-0
10.5393
18.2617
-0
-0
-0
50.7475
-0
-0
-0
-0
7.88324
-0
-0
23.6607
-0
-0
-0
-0
-0
22.5918
31.9816
-0
31.701
-0
-0
-0
3.73745
-0
-0
-0
-0
-0
-0
-0
-0
-0
-0
-0
22.7959
24.5478
25.9041
-0
9.89632
-0
-0
14.5206
-0
-0
-0
-0
-0
-0
-0
-0
-0
-0
-0
-0
-0
-0
-0
-0
-0
-0
-0
-0
12.8704
-0
-0
-0
-0
-0
-0
-0
-0
-0
-0
-0
-0
-0
-0
-0
-0
0.61508
15.07
-0
-0
-0
-0
-0
8.64375
21.7726
-0
-0
-0
-0
20.3819
-0
-0
-0
-0
6.26487
-0
-0
9.16125
-0
-0
-0
-0
-0
15.8132
-0
-0
-0
17.7974
2.31304
-0
-0
16.7554
-0
-0
-0
-0
16.9976
5.97604
-0
-0
-0
-0
-0
27.1704
2.32843
-0
26.4004
-0
-0
-0
-0
-0
-0
-0
-0
-0
14.4081
-0
-0
-0
-0
-0
-0
-0
-0
-0
-0
-0
-0
-0
29.9432
10.9955
-0
17.402
-0
-0
-0
-0
-0
-0
-0
-0
-0
-0
-0
-0
-0
24.1027
-0
-0
22.1552
-0
25.5919
-0
12.3197
-0
-0
-0
-0
-0
-0
-0
-0
-0
38.072
-0
-0
-0
-0
-0
-0
-0
36.4447
-0
-0
-0
-0
24.3649
-0
6.29857
-0
7.52251
-0
-0
8.61267
10.915
-0
-0
9.13535
-0
-0
-0
-0
-0
-0
38.9504
56.5394
2.44956
-0
3.11225
3.32634
-0
18.9235
-0
-0
-0
-0
-0
-0
-0
-0
1.95772
-0
-0
-0
-0
-0
-0
-0
-0
1.3138
-0
-0
-0
25.6952
8.13809
13.6638
-0
-0
-0
-0
-0
-0
-0
-0
-0
-0
-0
-0
-0
-0
-0
-0
-0
43.5824
-0
-0
-0
-0
-0
-0
-0
33.1948
16.3357
-0
0.411878
-0
16.3112
-0
-0
-0
35.0598
-0
-0
-0
-0
8.26326
-0
-0
-0
