0.773315
-0
-0
-0
-0
-0
-0
20.5695
39.293
6.04105
7.27614
-0
-0
-0
-0
22.5858
-0
0.377891
-0
-0
-0
-0
-0
-0
-0
-0
0.0288215
-0
-0
-0
-0
-0
-0
-0
3.13675
-0
-0
-0
-0
-0
-0
-0
-0
19.6246
-0
-0
-0
-0
-0
0.012639
-0
-0
-0
-0
-0
-0
7.863
2.00995
54.5064
-0
-0
-0
9.24459
-0
19.4645
-0
-0
22.9326
-0
1.97677
-0
-0
-0
-0
-0
2.48499
-0
-0
-0
-0
-0
55.7987
-0
5.59576
26.2862
-0
-0
3.04905
-0
1.07531
-0
-0
-0
-0
1.93238
-0
9.64478
-0
-0
-0
-0
-0
-0
-0
-0
-0
17.7561
-0
-0
-0
-0
-0
-0
-0
-0
14.6613
-0
-0
72.2276
32.6969
-0
-0
-0
-0
7.76837
-0
2.75271
-0
-0
-0
-0
34.887
9.99891
-0
-0
-0
-0
14.3946
-0
13.509
0.0134723
-0
1.38279
-0
-0
-0
-0
-0
-0
-0
-0
-0
-0
-0
10.9582
-0
17.0173
-0
-0
-0
29.2676
-0
-0
38.4657
-0
-0
-0
-0
-0
27.0593
-0
13.2012
-0
-0
-0
-0
-0
-0
5.36831
-0
-0
-0
-0
-0
-0
16.861
-0
-0
23.5228
-0
-0
22.7608
-0
-0
-0
-0
-0
4.04049
-0
-0
-0
-0
-0
-0
-0
40.5382
-0
-0
-0
-0
-0
-0
-0
-0
-0
-0
-0
9.2829
-0
-0
-0
-0
-0
5.99065
2.81999
-0
-0
-0
-0
-0
-0
-0
-0
-0
-0
1.94848
-0
-0
-0
-0
-0
-0
-0
-0
-0
-0
55.8662
-0
-0
-0
-0
-0
-0
-0
8.02004
-0
-0
-0
-0
-0
-0
-0
-0
3.94882
-0
-0
-0
-0
-0
-0
-0
4.36182
-0
25.6532
-0
-0
-0
-0
-0
-0
-0
1.95362
-0
-0
-0
-0
-0
7.10856
-0
-0
-0
-0
14.286
-0
0.633219
-0
-0
-0
-0
54.1964
-0
-0
3.51319
-0
31.2864
21.3266
-0
-0
2.9801
-0
-0
-0
-0
-0
-0
1.22285
-0
-0
-0
-0
-0
-0
-0
22.953
13.1774
-0
-0
-0
-0
-0
-0
-0
-0
-0
-0
-0
-0
-0
-0
-0
-0
-0
-0
0.0966423
-0
-0
30.3083
-0
6.41462
-0
24.4191
-0
-0
-0
38.8926
-0
-0
-0
9.58824
-0
8.24237
-0
-0
1.75463
-0
1.47626
-0
-0
13.1075
-0
-0
2.10008
0.438363
12.4523
-0
-0
13.5191
10.2376
-0
-0
-0
-0
-0
-0
-0
-0
-0
-0
-0
-0
-0
21.0592
-0
-0
-0
-0
-0
15.5878
-0
-0
-0
8.69216
-0
-0
7.63427
-0
-0
-0
-0
15.1797
-0
-0
-0
-0
-0
23.0989
-0
-0
-0
-0
-0
-0
-0
-0
-0
-0
-0
2.657
3.46278
-0
-0
-0
-0
-0
13.2419
-0
-0
-0
-0
-0
-0
-0
-0
-0
-0
-0
-0
-0
-0
-0
-0
-0
-0
-0
18.7411
7.31734
-0
-0
-0
-0
-0
-0
3.40932
-0
5.87542
-0
33.3429
-0
-0
-0
18.5642
2.38124
-0
-0
-0
2.32639
11.9573
-0
-0
-0
-0
-0
-0
-0
-0
-0
-0
19.5034
-0
7.60916
31.8782
-0
-0
-0
-0
30.1955
20.8335
-0
-0
-0
-0
-0
19.6775
0.0658774
-0
-0
-0
-0
-0
32.6564
-0
-0
-0
-0
-0
4.40449
-0
-0
3.59284
-0
31.198
-0
-0
44.805
-0
-0
5.82134
17.503
-0
-0
-0
-0
-0
-0
6.16366
-0
8.13142
41.3984
-0
-0
-0
-0
-0
-0
9.72624
-0
-0
-0
-0
24.6987
-0
-0
-0
-0
32.0897
20.5889
-0
-0
17.8311
9.53264
-0
-0
19.9149
-0
-0
-0
-0
-0
-0
12.7793
-0
-0
-0
10.8244
-0
5.24477
-0
-0
-0
-0
-0
-0
-0
-0
-0
-0
-0
7.92712
-0
18.7748
-0
-0
11.4713
-0
-0
-0
-0
-0
14.6427
7.4928
-0
-0
-0
-0
-0
-0
-0
-0
-0
-0
-0
-0
-0
-0
-0
-0
-0
-0
-0
8.2981
-0
-0
-0
26.9282
-0
-0
-0
-0
23.9343
-0
-0
-0
-0
-0
-0
-0
-0
-0
-0
-0
-0
-0
-0
-0
5.16983
-0
-0
-0
-0
-0
-0
-0
-0
-0
-0
8.18367
-0
-0
-0
-0
-0
-0
-0
-0
-0
20.5464
-0
-0
-0
-0
-0
-0
-0
-0
-0
26.042
-0
-0
-0
24.3049
-0
11.3486
-0
-0
-0
-0
-0
-0
38.3497
-0
-0
-0
-0
-0
-0
15.2067
-0
-0
-0
-0
-0
-0
-0
-0
9.2299
-0
-0
-0
-0
-0
-0
-0
-0
-0
-0
-0
-0
-0
-0
-0
-0
17.9706
-0
-0
-0
-0
-0
-0
4.57456
8.13774
34.2133
-0
-0
24.7124
0.937175
-0
-0
1.26945
-0
-0
-0
-0
-0
-0
-0
8.47119
-0
-0
-0
-0
-0
-0
-0
-0
-0
-0
-0
0.817693
26.0075
-0
0.467209
11.0488
-0
-0
-0
-0
17.025
2.82474
-0
-0
-0
-0
-0
-0
-0
-0
-0
-0
-0
36.382
-0
-0
-0
-0
-0
-0
6.72044
6.02096
-0
-0
-0
-0
-0
-0
22.2836
-0
11.2514
-0
-0
-0
-0
-0
-0
-0
-0
1.50581
-0
-0
-0
-0
-0
-0
-0
-0
-0
1.80409
-0
9.34993
-0
22.6712
-0
-0
-0
-0
-0
-0
-0
2.05723
-0
15.1367
-0
-0
15.0407
8.22679
-0
-0
-0
-0
-0
-0
-0
-0
-0
-0
-0
17.2391
-0
6.01792
5.89616
23.0422
-0
-0
3.40041
2.92451
-0
-0
30.2444
-0
-0
-0
-0
-0
-0
-0
18.055
-0
-0
-0
-0
-0
-0
-0
-0
20.1714
-0
62.3793
-0
-0
-0
-0
-0
7.24556
-0
-0
-0
-0
-0
-0
-0
-0
-0
-0
-0
-0
-0
-0
22.6812
-0
-0
-0
-0
-0
-0
17.1006
-0
-0
0.341817
-0
-0
-0
-0
-0
-0
-0
-0
-0
-0
0.563438
-0
-0
-0
5.50578
-0
17.1479
-0
-0
-0
30.5512
-0
-0
-0
-0
-0
-0
-0
0.706398
11.7874
56.1719
-0
-0
7.02576
-0
-0
-0
-0
-0
-0
-0
-0
-0
-0
12.9219
-0
-0
-0
1.9554
-0
-0
-0
-0
-0
-0
12.2863
-0
14.8352
-0
-0
-0
-0
19.0486
-0
-0
-0
30.4209
-0
-0
-0
15.4469
-0
-0
-0
-0
-0
-0
-0
-0
-0
-0
-0
-0
-0
-0
-0
-0
-0
21.828
-0
-0
-0
-0
-0
-0
-0
-0
-0
-0
-0
2.3977
-0
-0
6.35772
-0
-0
-0
38.0332
3.21924
-0
-0
-0
-0
-0
-0
-0
-0
-0
14.3358
-0
1.99517
-0
-0
-0
-0
-0
-0
-0
-0
-0
-0
-0
14.3566
-0
-0
-0
-0
-0
-0
-0
-0
-0
-0
-0
4.86238
11.4187
-0
6.63599
-0
24.6809
-0
-0
-0
-0
-0
-0
-0
-0
18.9027
-0
-0
-0
2.5336
-0
-0
-0
-0
-0
20.8692
-0
-0
5.1719
-0
-0
-0
-0
-0
-0
-0
-0
2.61597
-0
-0
-0
-0
-0
24.4553
-0
-0
-0
-0
-0
-0
-0
-0
12.2532
-0
-0
-0
-0
-0
-0
-0
-0
2.94553
-0
17.3678
-0
-0
-0
-0
9.6614
-0
-0
-0
-0
-0
72.1362
-0
-0
-0
-0
-0
-0
-0
4.74652
6.52411
-0
-0
-0
-0
-0
34.1775
-0
-0
-0
-0
-0
-0
-0
-0
-0
12.1621
-0
-0
-0
-0
29.9133
20.7307
-0
-0
-0
-0
-0
-0
-0
-0
-0
-0
3.50989
-0
-0
-0
-0
-0
37.6827
0.665601
-0
-0
-0
12.7169
-0
-0
-0
19.9275
32.8067
-0
38.038
-0
-0
-0
-0
-0
-0
-0
-0
-0
-0
-0
-0
24.808
-0
-0
-0
-0
-0
-0
-0
16.3782
-0
-0
-0
-0
-0
-0
-0
-0
-0
-0
-0
-0
20.969
-0
27.1379
-0
-0
-0
-0
-0
-0
-0
49.3802
23.3591
-0
27.4805
-0
-0
-0
-0
6.24547
-0
0.161009
-0
-0
-0
-0
-0
-0
-0
-0
8.20817
-0
-0
-0
5.55516
-0
-0
20.0664
2.71487
-0
-0
-0
-0
-0
-0
19.7024
-0
-0
-0
-0
-0
-0
9.46349
-0
-0
-0
33.6553
-0
-0
-0
-0
-0
-0
-0
-0
-0
-0
-0
-0
-0
-0
-0
26.1212
-0
-0
2.05562
24.2625
-0
30.4376
-0
-0
30.1586
-0
-0
2.53389
-0
-0
-0
-0
-0
28.441
-0
5.63615
-0
-0
-0
-0
16.7956
10.1667
-0
-0
-0
20.9178
-0
4.48841
18.8291
43.538
-0
-0
-0
-0
1.73109
6.09962
-0
23.5937
-0
-0
-0
0.544025
-0
-0
-0
10.7194
15.0289
-0
-0
-0
28.1542
-0
18.1917
14.0984
-0
-0
18.7079
6.34618
36.5445
18.7312
-0
-0
-0
-0
-0
-0
-0
-0
40.8084
-0
-0
-0
21.676
-0
-0
32.5887
-0
-0
-0
-0
-0
14.3979
-0
-0
-0
-0
-0
-0
-0
-0
-0
-0
13.4481
-0
-0
-0
-0
-0
3.1486
-0
-0
2.21563
-0
-0
-0
4.52614
-0
21.7138
-0
-0
-0
4.2141
-0
14.359
-0
-0
-0
-0
-0
-0
-0
11.6637
-0
-0
8.57816
-0
57.3504
-0
-0
-0
-0
-0
-0
-0
-0
-0
-0
-0
-0
-0
-0
26.5405
17.7798
0.534334
-0
-0
-0
6.61699
0.232943
25.5489
40.1684
-0
-0
-0
-0
-0
-0
-0
-0
15.1608
-0
-0
-0
-0
-0
-0
-0
-0
-0
-0
-0
-0
-0
-0
-0
-0
-0
-0
-0
-0
-0
11.5334
10.7645
-0
7.64672
-0
-0
-0
-0
-0
-0
-0
-0
-0
-0
-0
35.889
-0
28.3555
-0
-0
8.97998
-0
-0
-0
-0
-0
-0
-0
-0
-0
-0
0.124143
-0
-0
-0
-0
-0
-0
-0
30.6887
-0
-0
-0
-0
-0
-0
-0
-0
-0
-0
-0
-0
-0
-0
-0
35.0471
24.8298
-0
-0
-0
-0
-0
-0
-0
-0
-0
-0
27.4783
-0
-0
-0
15.7101
-0
-0
-0
0.506082
0.616579
-0
-0
-0
-0
-0
-0
-0
2.85692
-0
34.4306
-0
-0
-0
-0
-0
-0
-0
-0
-0
-0
-0
1.9681
30.6748
3.26681
-0
-0
-0
-0
-0
21.5046
-0
-0
16.5984
-0
-0
-0
-0
-0
-0
22.0551
-0
-0
-0
-0
29.3025
-0
-0
25.3294
-0
-0
19.7275
-0
-0
-0
-0
-0
-0
-0
-0
-0
-0
-0
-0
-0
-0
-0
-0
5.33525
-0
0.436168
20.7213
-0
-0
6.92646
-0
-0
6.38652
-0
-0
54.3653
11.5354
-0
-0
-0
-0
-0
-0
-0
-0
3.48229
-0
-0
-0
21.5413
-0
8.99577
-0
-0
-0
20.9977
-0
-0
-0
-0
-0
45.2653
-0
-0
-0
-0
-0
-0
0.291106
25.8755
0.459314
-0
2.98892
-0
-0
-0
-0
-0
-0
-0
-0
-0
11.1363
-0
-0
-0
-0
-0
-0
-0
28.369
-0
-0
1.32772
-0
-0
20.287
-0
-0
-0
-0
-0
-0
-0
-0
-0
-0
54.0401
13.1515
5.00701
-0
-0
-0
-0
-0
-0
-0
-0
-0
28.1888
2.96249
-0
2.08727
-0
-0
-0
6.14597
-0
-0
5.97813
-0
-0
-0
-0
-0
-0
2.05403
-0
-0
8.6409
-0
-0
-0
-0
21.1601
22.9388
-0
-0
11.1091
-0
-0
-0
-0
29.3774
-0
-0
-0
-0
-0
-0
-0
-0
23.399
40.5207
-0
-0
-0
-0
-0
-0
-0
-0
-0
-0
-0
-0
11.9044
-0
-0
-0
-0
7.43947
-0
-0
-0
1.12819
1.17528
-0
-0
-0
10.107
-0
-0
-0
-0
-0
35.84
-0
-0
-0
10.9346
-0
-0
-0
-0
-0
-0
-0
-0
-0
-0
-0
-0
-0
-0
-0
-0
-0
-0
-0
-0
-0
-0
-0
-0
-0
-0
-0
-0
-0
-0
0.852926
-0
38.593
-0
-0
-0
-0
-0
1.67749
-0
6.84286
-0
-0
-0
-0
-0
-0
-0
-0
-0
-0
28.0599
-0
-0
-0
-0
-0
-0
-0
-0
2.89189
-0
34.3748
6.58776
-0
-0
-0
-0
-0
-0
1.19725
-0
-0
-0
-0
29.4539
-0
18.3669
-0
-0
-0
40.7415
-0
-0
10.5063
-0
-0
-0
1.62558
-0
-0
-0
-0
-0
-0
-0
-0
-0
8.94548
-0
-0
-0
-0
-0
-0
-0
26.9928
-0
-0
6.63553
-0
-0
-0
-0
-0
-0
-0
-0
-0
-0
46.2004
4.95837
-0
-0
-0
-0
-0
-0
-0
-0
-0
-0
-0
20.6065
22.766
-0
1.57708
-0
-0
-0
-0
-0
-0
-0
-0
1.01393
-0
6.20469
6.08013
-0
13.1488
-0
-0
7.55868
-0
3.94507
-0
-0
-0
-0
16.82
-0
-0
-0
-0
-0
23.6153
19.5867
19.2424
-0
17.0838
-0
-0
9.87064
42.5826
-0
8.38926
-0
-0
24.4386
-0
-0
32.5462
0.804561
-0
0.65985
-0
4.4553
64.7972
27.7762
-0
-0
-0
-0
-0
-0
15.7011
-0
-0
-0
-0
39.0691
-0
-0
-0
-0
1.29455
-0
22.7281
-0
-0
-0
-0
-0
-0
-0
-0
-0
-0
26.6584
-0
-0
12.5395
-0
-0
-0
-0
-0
12.8682
0.930561
-0
-0
20.0377
-0
51.9521
2.72255
-0
70.3062
-0
-0
-0
5.04439
-0
-0
-0
3.0297
-0
-0
22.3032
8.3405
-0
-0
-0
-0
5.66591
-0
-0
-0
-0
22.3361
-0
-0
10.9155
-0
-0
-0
-0
27.178
8.31852
-0
2.35765
-0
8.52728
-0
-0
-0
0.977174
-0
-0
-0
-0
-0
-0
-0
-0
-0
-0
-0
-0
-0
-0
0.366403
-0
-0
4.13189
-0
-0
-0
-0
15.4989
-0
32.2189
-0
-0
-0
-0
-0
-0
-0
-0
-0
-0
-0
-0
-0
-0
-0
3.06945
-0
-0
-0
22.776
-0
25.5808
-0
-0
-0
-0
-0
-0
-0
-0
7.71305
8.80829
48.5355
-0
32.8492
5.85949
-0
-0
-0
8.78534
18.5446
-0
9.3279
45.6664
-0
-0
16.7163
-0
-0
26.488
-0
-0
-0
33.2922
-0
-0
-0
-0
-0
-0
-0
-0
23.1601
-0
-0
19.2078
-0
-0
-0
-0
3.81268
16.2869
-0
20.4439
1.18616
-0
-0
0.818146
-0
-0
16.607
-0
-0
7.77383
-0
-0
-0
-0
-0
-0
-0
-0
-0
25.3724
15.9292
2.48504
7.37628
-0
-0
-0
-0
18.2927
-0
-0
-0
-0
-0
-0
-0
-0
-0
-0
-0
24.0032
-0
-0
-0
-0
-0
-0
-0
-0
27.9351
-0
24.9296
-0
-0
-0
-0
-0
2.22001
-0
-0
10.4313
-0
-0
-0
-0
-0
-0
-0
-0
-0
-0
-0
41.6334
-0
11.9665
38.5443
20.3035
-0
-0
-0
-0
-0
-0
54.9303
23.9657
-0
-0
-0
-0
-0
-0
11.9263
-0
-0
-0
-0
-0
-0
-0
-0
-0
-0
-0
1.75917
-0
-0
-0
-0
-0
-0
-0
-0
-0
-0
-0
-0
-0
-0
10.3204
-0
-0
-0
-0
-0
-0
3.17964
-0
-0
-0
-0
-0
-0
-0
-0
-0
-0
5.77408
-0
35.0393
-0
-0
-0
13.6597
3.01312
-0
-0
-0
-0
-0
-0
-0
-0
-0
-0
5.2523
-0
-0
-0
-0
-0
-0
-0
-0
-0
-0
-0
-0
-0
9.68808
-0
-0
-0
-0
-0
-0
10.5344
-0
-0
-0
-0
-0
1.21555
-0
-0
-0
-0
-0
4.97882
-0
-0
-0
-0
-0
-0
-0
26.1163
11.4074
-0
6.18413
-0
-0
-0
-0
-0
-0
-0
-0
3.20594
-0
-0
17.3771
69.7439
-0
-0
-0
0.633736
-0
0.72731
8.37449
-0
-0
-0
-0
-0
46.4605
17.5249
-0
11.4862
-0
-0
-0
-0
-0
-0
-0
-0
-0
-0
-0
-0
-0
-0
-0
-0
-0
-0
-0
-0
-0
13.2378
-0
-0
-0
-0
-0
-0
-0
-0
-0
-0
-0
33.034
-0
30.7705
-0
-0
23.1514
22.9013
18.0278
-0
-0
3.20867
-0
-0
-0
-0
-0
-0
-0
-0
-0
-0
-0
-0
-0
-0
-0
-0
-0
-0
-0
-0
1.64307
36.9184
-0
-0
-0
-0
-0
-0
-0
2.59055
-0
-0
14.9116
-0
-0
-0
-0
-0
-0
3.44471
-0
-0
0.863943
-0
-0
-0
-0
-0
-0
-0
-0
-0
-0
0.63474
16.3727
-0
-0
-0
-0
11.1535
-0
-0
-0
-0
-0
39.8659
-0
2.887
-0
16.6735
-0
-0
-0
-0
-0
-0
6.42604
-0
-0
-0
17.5232
-0
-0
-0
-0
-0
0.762979
30.0473
-0
28.1282
-0
6.53623
-0
-0
-0
-0
-0
17.9041
-0
-0
36.2949
8.68634
-0
-0
-0
-0
7.13871
-0
-0
-0
-0
-0
-0
-0
-0
-0
-0
-0
-0
-0
-0
-0
11.1915
-0
-0
-0
-0
-0
-0
-0
-0
-0
-0
7.30491
-0
-0
24.1155
-0
-0
-0
5.34044
-0
-0
-0
-0
-0
-0
-0
23.1139
-0
-0
-0
5.03833
-0
-0
-0
-0
3.74256
-0
-0
-0
6.49541
-0
-0
-0
-0
-0
-0
2.43317
-0
14.0022
-0
-0
-0
-0
-0
3.34024
-0
-0
-0
11.3006
-0
-0
-0
-0
-0
-0
-0
-0
-0
-0
-0
-0
-0
-0
-0
-0
-0
-0
-0
-0
-0
-0
-0
11.2533
1.60858
-0
-0
-0
-0
-0
7.17974
-0
1.9063
-0
-0
-0
-0
26.9553
-0
26.3802
12.466
-0
-0
-0
-0
19.2153
-0
19.9559
-0
-0
-0
14.9723
-0
-0
-0
-0
17.4318
-0
-0
-0
-0
-0
-0
-0
-0
-0
-0
-0
-0
-0
-0
1.52349
-0
-0
15.9633
-0
10.1391
-0
1.40035
-0
-0
-0
-0
-0
-0
-0
-0
-0
-0
1.26438
-0
-0
-0
-0
-0
-0
0.222269
-0
-0
-0
-0
-0
-0
-0
9.30482
4.52544
-0
0.608201
-0
17.1344
2.72411
-0
-0
-0
-0
-0
-0
-0
-0
-0
-0
-0
-0
-0
-0
-0
13.7413
-0
13.8231
-0
-0
30.7748
11.3854
9.68771
-0
-0
-0
-0
-0
-0
-0
23.9827
-0
4.2943
-0
44.6113
-0
-0
-0
63.2223
-0
21.5108
-0
-0
-0
-0
-0
-0
-0
-0
-0
14.7181
-0
-0
-0
8.66939
-0
-0
10.9514
-0
34.3936
-0
-0
24.0051
-0
-0
8.48557
-0
-0
-0
-0
-0
29.8265
-0
-0
-0
6.05895
-0
-0
55.7936
-0
-0
-0
-0
-0
-0
-0
-0
-0
-0
-0
-0
-0
-0
-0
-0
-0
-0
-0
-0
-0
-0
14.2921
0.960092
-0
10.9835
-0
13.1115
-0
-0
-0
-0
-0
-0
17.93
-0
-0
-0
-0
-0
6.47072
-0
-0
-0
-0
-0
-0
15.6989
-0
-0
13.6383
19.8798
-0
-0
29.7215
-0
45.3959
1.47499
14.2598
-0
-0
-0
-0
26.2903
-0
-0
1.17289
-0
-0
9.1416
-0
-0
-0
-0
-0
-0
-0
-0
1.87984
-0
-0
-0
-0
-0
-0
-0
-0
8.99151
4.48035
-0
-0
-0
-0
-0
-0
-0
-0
9.26401
-0
-0
-0
-0
-0
-0
20.3345
46.6523
-0
4.56572
-0
-0
13.3227
-0
-0
7.89899
-0
-0
-0
-0
-0
-0
28.8555
-0
-0
20.1618
-0
3.3716
23.3727
13.7352
-0
-0
-0
-0
-0
-0
-0
-0
-0
-0
23.8638
-0
-0
-0
-0
-0
-0
28.6207
-0
-0
-0
-0
-0
-0
-0
-0
-0
-0
-0
-0
-0
-0
-0
15.5946
20.0443
-0
-0
-0
-0
-0
-0
-0
-0
-0
48.6506
-0
-0
-0
-0
-0
36.0606
-0
-0
-0
-0
-0
-0
6.33128
0.373639
49.4842
-0
-0
-0
-0
-0
-0
-0
10.2647
-0
-0
-0
-0
-0
-0
-0
3.57602
-0
-0
-0
-0
-0
-0
-0
17.6669
-0
-0
-0
-0
-0
-0
-0
-0
-0
-0
-0
-0
-0
-0
-0
17.3139
-0
-0
-0
-0
-0
-0
-0
-0
-0
-0
-0
-0
-0
-0
-0
-0
-0
-0
-0
12.8372
25.9508
51.0827
-0
-0
-0
-0
-0
-0
-0
-0
-0
-0
-0
-0
-0
-0
37.9276
35.7717
9.77286
13.361
-0
26.1159
11.8059
7.00516
-0
-0
-0
-0
-0
-0
-0
-0
-0
-0
-0
15.1181
15.4312
-0
5.04247
-0
13.6182
-0
-0
-0
7.8734
-0
-0
-0
0.387141
-0
-0
-0
-0
-0
-0
16.413
-0
-0
-0
-0
-0
-0
-0
-0
-0
-0
-0
-0
-0
-0
3.63972
10.068
22.7418
9.50424
-0
-0
-0
-0
-0
-0
-0
-0
-0
-0
-0
-0
-0
-0
27.917
-0
-0
-0
7.40571
-0
-0
15.8593
-0
-0
0.96677
11.3888
-0
-0
-0
-0
-0
-0
-0
0.747168
-0
-0
-0
-0
-0
-0
-0
9.78974
-0
8.37886
-0
-0
-0
-0
-0
-0
-0
22.9553
0.18598
-0
-0
-0
2.42548
-0
-0
-0
-0
-0
-0
-0
-0
-0
-0
-0
-0
-0
-0
10.6535
-0
-0
-0
-0
23.6288
-0
-0
12.9318
-0
12.991
21.9723
-0
-0
1.40989
22.8868
-0
-0
-0
-0
0.0420619
-0
-0
-0
-0
-0
-0
-0
-0
-0
13.5149
-0
-0
-0
-0
12.8364
-0
-0
-0
34.4481
5.88769
16.6122
53.4532
-0
-0
-0
-0
22.8174
-0
-0
-0
-0
-0
-0
15.6171
-0
-0
16.4033
-0
22.086
-0
-0
-0
36.9775
-0
-0
-0
-0
-0
-0
-0
-0
-0
-0
-0
-0
-0
-0
23.663
-0
-0
-0
-0
-0
-0
-0
-0
-0
-0
7.32774
1.95454
-0
0.273462
18.1695
-0
22.6299
-0
-0
-0
-0
-0
-0
-0
-0
-0
-0
6.07555
-0
-0
-0
-0
33.752
-0
-0
-0
-0
-0
-0
-0
-0
-0
2.34961
-0
-0
3.42842
-0
-0
-0
-0
-0
-0
-0
-0
-0
11.7867
-0
-0
0.885063
-0
-0
-0
-0
-0
-0
-0
-0
-0
-0
-0
-0
-0
-0
-0
-0
-0
-0
16.3235
-0
35.6607
-0
-0
8.0805
-0
32.2152
-0
-0
-0
-0
-0
-0
-0
-0
-0
-0
-0
-0
4.24903
-0
13.0398
-0
-0
3.77437
-0
-0
-0
-0
-0
-0
-0
-0
-0
-0
-0
21.0674
17.1544
-0
-0
-0
1.03186
-0
-0
-0
10.3548
-0
-0
-0
3.90807
-0
-0
88.5204
-0
-0
-0
-0
-0
-0
-0
-0
-0
-0
-0
6.08071
-0
-0
-0
14.3203
-0
4.91906
35.326
-0
-0
14.581
-0
-0
-0
-0
-0
-0
-0
-0
-0
-0
-0
-0
-0
33.3703
4.1527
-0
-0
6.35376
-0
29.6926
-0
39.273
-0
-0
-0
-0
-0
-0
-0
2.49861
-0
2.44987
2.97925
9.22545
-0
-0
14.8512
-0
-0
17.9611
-0
-0
-0
-0
-0
5.26785
-0
-0
-0
-0
-0
-0
-0
8.30728
-0
-0
-0
-0
-0
-0
-0
6.26793
18.8909
-0
0.765888
-0
-0
-0
-0
-0
-0
-0
12.0483
-0
-0
-0
-0
-0
-0
20.9826
-0
-0
-0
-0
4.02388
-0
-0
-0
-0
-0
-0
-0
-0
10.2976
-0
46.0569
25.3484
-0
-0
-0
-0
-0
-0
-0
-0
-0
-0
25.4633
-0
-0
-0
-0
30.4197
14.8613
-0
-0
-0
-0
-0
-0
-0
31.3258
-0
-0
-0
-0
-0
-0
15.9056
-0
6.59558
-0
14.8963
-0
-0
-0
-0
-0
8.3476
0.634693
5.09382
4.67627
-0
-0
-0
-0
-0
-0
-0
4.27522
-0
-0
-0
-0
24.1128
14.1296
-0
-0
-0
2.0402
-0
-0
13.0046
10.7372
-0
-0
-0
15.4261
-0
19.5658
21.7167
-0
-0
53.9763
-0
-0
4.78641
8.54514
-0
-0
6.20152
-0
-0
4.05352
-0
-0
-0
-0
2.70146
-0
-0
-0
-0
-0
-0
-0
-0
-0
22.9446
-0
-0
-0
-0
-0
1.3605
-0
-0
-0
-0
-0
-0
-0
28.13
-0
-0
34.6378
-0
-0
-0
19.906
-0
-0
-0
-0
-0
-0
-0
-0
-0
43.288
-0
-0
-0
6.46893
-0
-0
-0
-0
-0
-0
-0
29.4322
9.67561
-0
33.1065
33.0493
-0
-0
1.5894
-0
-0
-0
-0
-0
-0
8.04798
-0
-0
30.2005
-0
-0
-0
-0
17.0076
-0
-0
17.8407
-0
-0
3.34824
16.9942
-0
-0
-0
-0
-0
-0
-0
-0
-0
24.6249
-0
-0
-0
-0
-0
-0
-0
-0
-0
4.0886
42.257
3.46344
-0
-0
-0
-0
-0
-0
-0
-0
-0
-0
-0
-0
-0
9.16954
-0
-0
-0
-0
-0
-0
-0
-0
-0
-0
21.5779
-0
-0
23.9306
-0
5.69828
-0
-0
-0
-0
-0
-0
-0
5.80052
-0
-0
-0
-0
-0
-0
-0
-0
0.904797
31.2466
-0
-0
-0
3.82939
-0
-0
-0
-0
13.4877
-0
-0
-0
26.3554
-0
22.7056
-0
48.1284
-0
2.49761
7.34264
-0
-0
-0
16.9413
-0
-0
-0
-0
-0
-0
-0
27.1151
-0
-0
-0
-0
-0
-0
41.3273
-0
30.3951
-0
-0
-0
6.83849
-0
-0
-0
-0
-0
-0
-0
15.3309
-0
-0
-0
38.2555
9.84476
12.3899
-0
-0
-0
-0
0.0211786
-0
-0
-0
-0
-0
-0
7.36957
-0
-0
-0
-0
-0
-0
-0
-0
-0
-0
-0
-0
-0
23.3254
-0
-0
-0
-0
-0
-0
-0
-0
-0
-0
-0
-0
-0
-0
-0
-0
4.63779
14.3753
-0
-0
-0
-0
-0
6.07218
-0
-0
-0
-0
-0
-0
-0
-0
-0
-0
5.3767
-0
-0
25.7538
-0
-0
-0
-0
-0
14.1212
0.163991
-0
-0
-0
-0
-0
-0
36.2017
-0
-0
-0
-0
-0
7.20052
-0
-0
-0
-0
-0
34.8091
0.181574
-0
29.5297
-0
-0
-0
-0
-0
-0
-0
-0
-0
25.3628
-0
-0
-0
-0
-0
-0
-0
-0
-0
-0
-0
-0
-0
22.6285
8.59757
0.76413
-0
-0
-0
-0
-0
-0
-0
-0
-0
-0
-0
-0
-0
-0
24.268
-0
-0
6.64617
-0
15.9557
-0
7.49447
-0
-0
-0
-0
-0
-0
-0
-0
-0
25.5685
-0
-0
-0
-0
-0
-0
-0
25.2232
-0
-0
-0
-0
46.5142
-0
-0
-0
-0
-0
-0
7.85804
7.12792
-0
-0
15.2767
-0
-0
-0
-0
-0
-0
60.2605
64.739
13.429
-0
3.45125
-0
-0
9.50651
-0
-0
-0
-0
-0
-0
-0
-0
2.31033
-0
-0
-0
-0
-0
-0
-0
1.4536
-0
-0
-0
-0
16.5522
-0
17.6138
25.252
-0
-0
-0
4.23695
-0
-0
-0
-0
-0
-0
2.73371
-0
-0
-0
-0
-0
33.7838
-0
-0
-0
-0
-0
-0
-0
-0
12.3609
-0
-0
-0
12.0016
-0
-0
-0
39.0413
-0
-0
-0
-0
21.6298
-0
-0
-0
