4.81307
-0
-0
-0
-0
-0
-0
38.5018
21.1498
18.0409
28.4065
-0
-0
-0
-0
31.0666
-0
-0
2.09848
-0
-0
-0
-0
-0
-0
-0
19.72
-0
-0
-0
-0
-0
-0
-0
1.71398
-0
-0
-0
3.73938
-0
-0
-0
-0
-0
-0
-0
-0
-0
-0
9.11516
-0
-0
-0
-0
-0
-0
7.93814
3.64002
7.16547
35.185
-0
-0
-0
-0
-0
-0
-0
24.4818
-0
2.44541
-0
-0
-0
-0
-0
3.34677
-0
-0
-0
-0
-0
57.3869
-0
1.5215
55.2707
2.10975
-0
-0
-0
-0
-0
-0
-0
-0
-0
-0
15.7068
-0
-0
-0
-0
-0
-0
-0
9.32463
-0
48.3722
-0
-0
-0
-0
-0
-0
-0
-0
25.1192
-0
-0
57.7252
-0
-0
-0
-0
-0
29.6825
-0
9.72753
-0
-0
5.44266
44.8881
42.7334
11.5747
-0
-0
-0
-0
20.5865
-0
-0
-0
-0
-0
-0
-0
-0
-0
-0
-0
-0
-0
11.4659
-0
-0
19.2836
-0
-0
-0
-0
0.869264
40.0204
-0
-0
6.62375
-0
-0
-0
-0
-0
1.23796
-0
11.3765
-0
-0
-0
-0
-0
-0
4.40651
-0
-0
-0
-0
-0
-0
12.759
-0
-0
2.33991
-0
-0
42.0304
-0
13.26
-0
-0
-0
-0
-0
-0
-0
-0
-0
-0
-0
-0
-0
-0
-0
-0
-0
-0
-0
-0
-0
11.487
0.109956
4.31823
-0
-0
-0
-0
-0
33.3776
14.3376
-0
-0
-0
8.12337
-0
-0
-0
-0
-0
-0
13.0957
-0
-0
-0
-0
-0
-0
-0
-0
-0
-0
40.9138
-0
-0
-0
-0
-0
-0
7.46509
-0
-0
-0
-0
22.6205
-0
-0
-0
-0
35.6493
-0
-0
-0
-0
-0
-0
-0
10.9343
-0
-0
-0
-0
-0
-0
-0
-0
15.964
1.20362
-0
-0
-0
-0
-0
3.70065
-0
-0
-0
-0
38.1638
-0
-0
-0
-0
-0
-0
51.2119
-0
-0
4.26857
-0
37.2805
30.7086
-0
-0
-0
-0
-0
-0
-0
-0
-0
1.60506
-0
-0
-0
-0
-0
-0
-0
-0
17.9361
-0
-0
-0
-0
-0
-0
-0
-0
-0
-0
-0
-0
-0
-0
-0
-0
-0
-0
13.1954
-0
-0
30.7603
-0
5.76285
10.0661
8.24895
-0
-0
-0
2.83431
-0
-0
-0
-0
-0
17.081
-0
-0
26.3977
1.74581
2.47662
-0
-0
-0
-0
-0
3.34556
0.505112
54.7299
-0
35.0857
-0
-0
-0
-0
-0
-0
-0
-0
-0
-0
-0
-0
-0
-0
-0
64.9214
-0
-0
-0
7.9108
-0
14.8384
-0
-0
-0
23.5452
-0
-0
-0
-0
-0
-0
-0
33.4264
-0
-0
-0
-0
-0
20.3834
-0
-0
-0
-0
-0
-0
-0
-0
-0
-0
-0
2.81432
10.3257
-0
-0
-0
16.0703
-0
21.0186
-0
-0
-0
-0
-0
-0
-0
-0
-0
-0
35.9085
-0
-0
-0
-0
22.0896
1.2685
-0
3.06346
48.789
11.6251
-0
-0
-0
-0
-0
-0
-0
-0
5.20229
-0
2.12979
-0
-0
-0
46.7849
-0
-0
-0
-0
-0
4.22999
-0
-0
-0
-0
-0
-0
-0
-0
-0
-0
19.5658
-0
-0
64.473
-0
-0
-0
-0
-0
36.6089
-0
-0
-0
-0
-0
21.3303
-0
-0
-0
18.3014
-0
-0
37.7428
-0
-0
-0
-0
-0
-0
-0
-0
27.7225
-0
10.804
-0
-0
28.6596
-0
-0
22.5976
19.5961
-0
-0
-0
-0
-0
-0
44.8766
-0
-0
45.6819
-0
-0
-0
-0
-0
-0
-0
-0
-0
-0
-0
13.1854
-0
-0
-0
-0
71.8644
26.5038
-0
-0
-0
-0
-0
-0
-0
-0
-0
-0
-0
-0
-0
18.6005
-0
-0
-0
-0
-0
34.4261
-0
-0
-0
-0
-0
-0
-0
19.7287
-0
-0
-0
-0
13.4635
59.6794
-0
-0
0.128753
-0
-0
-0
-0
9.60476
6.19993
-0
-0
-0
-0
-0
-0
-0
-0
-0
-0
-0
-0
-0
-0
-0
-0
-0
30.6265
-0
7.71372
-0
-0
-0
-0
41.4864
-0
-0
-0
-0
-0
-0
-0
11.4401
-0
-0
-0
-0
-0
-0
-0
-0
-0
-0
-0
-0
41.4128
-0
-0
-0
-0
4.08184
-0
-0
-0
-0
-0
-0
-0
-0
-0
-0
-0
1.3951
32.2877
-0
-0
34.2499
-0
-0
-0
-0
-0
-0
-0
23.9
-0
23.6889
-0
-0
-0
-0
22.3192
41.7619
29.8591
-0
-0
16.2272
-0
-0
39.4586
-0
-0
-0
2.42365
-0
-0
20.2242
-0
-0
-0
-0
-0
-0
-0
3.20831
13.3184
-0
-0
-0
-0
-0
-0
-0
-0
-0
-0
10.7519
-0
-0
-0
-0
-0
9.43982
22.0708
13.9586
-0
-0
-0
-0
22.0245
22.4177
34.9379
-0
-0
59.5834
-0
-0
-0
1.05916
-0
-0
-0
-0
-0
-0
-0
-0
-0
-0
-0
3.47598
-0
-0
-0
-0
3.8076
-0
-0
-0
8.9454
-0
1.02096
-0
-0
-0
21.7317
-0
9.74075
14.8156
-0
-0
-0
-0
-0
-0
-0
-0
-0
-0
-0
46.8384
-0
-0
-0
-0
-0
-0
18.0533
24.5429
-0
-0
-0
-0
-0
-0
-0
-0
-0
-0
1.85564
-0
-0
-0
-0
-0
3.25872
-0
-0
-0
4.82107
-0
-0
-0
-0
-0
-0
8.38065
-0
-0
-0
40.3074
-0
-0
-0
-0
-0
-0
-0
-0
-0
22.3261
-0
-0
22.7058
20.8296
-0
-0
7.20894
3.17874
-0
-0
0.115224
-0
-0
-0
-0
6.44613
-0
-0
-0
3.0989
-0
-0
1.92894
51.1485
-0
-0
-0
-0
-0
-0
-0
-0
-0
-0
43.6676
-0
-0
-0
-0
-0
-0
-0
-0
-0
-0
76.419
-0
-0
-0
-0
-0
6.25642
-0
-0
-0
2.24025
-0
-0
-0
-0
-0
-0
-0
-0
-0
-0
25.0063
-0
-0
-0
-0
-0
-0
26.66
-0
-0
5.45758
-0
-0
-0
-0
-0
-0
-0
-0
-0
-0
11.4397
-0
-0
-0
4.95529
-0
16.244
-0
2.50228
-0
14.4691
-0
-0
-0
-0
-0
-0
-0
-0
-0
-0
-0
-0
36.9171
25.1301
9.52456
-0
-0
-0
-0
-0
-0
-0
-0
18.3366
-0
-0
-0
-0
-0
-0
-0
-0
-0
-0
-0
-0
18.0145
-0
-0
-0
-0
32.6053
-0
-0
-0
4.72933
-0
-0
-0
-0
-0
-0
-0
-0
-0
-0
-0
-0
-0
-0
-0
-0
-0
-0
-0
-0
-0
19.0879
18.0006
-0
1.61134
-0
-0
-0
23.6654
-0
-0
-0
-0
63.2911
-0
10.3041
20.4249
-0
-0
4.95801
10.0751
3.38494
-0
-0
-0
-0
-0
-0
37.1647
-0
-0
19.4069
-0
-0
9.36673
-0
-0
-0
-0
-0
-0
-0
-0
-0
-0
23.5308
16.3843
-0
-0
-0
15.954
-0
-0
-0
-0
-0
-0
13.8922
13.5569
-0
1.43247
-0
37.0358
-0
-0
-0
-0
-0
-0
-0
-0
12.4259
-0
-0
-0
-0
-0
-0
-0
-0
-0
-0
-0
-0
6.52646
-0
-0
-0
-0
-0
-0
-0
-0
29.7215
-0
-0
-0
-0
-0
-0
-0
-0
-0
-0
-0
-0
-0
-0
-0
-0
-0
-0
0.357908
-0
-0
-0
-0
28.6432
-0
23.6471
-0
-0
-0
7.60732
-0
-0
-0
-0
-0
-0
34.2439
-0
-0
-0
-0
-0
-0
-0
13.6106
4.95097
-0
-0
-0
-0
-0
-0
-0
-0
-0
-0
-0
-0
-0
-0
-0
-0
-0
-0
-0
-0
22.8113
20.4495
-0
-0
20.9791
3.47782
-0
-0
-0
-0
-0
12.6016
-0
-0
-0
-0
-0
-0
17.2506
0.565033
9.68741
-0
-0
-0
-0
-0
-0
57.5663
39.6718
-0
15.7397
-0
10.9615
-0
5.18445
-0
-0
-0
-0
-0
-0
-0
-0
11.6466
-0
-0
-0
-0
-0
-0
-0
4.45212
-0
-0
-0
-0
-0
-0
0.643717
-0
2.14427
-0
-0
-0
30.6082
-0
36.1151
-0
-0
-0
-0
-0
-0
-0
32.796
-0
-0
12.5141
-0
-0
-0
-0
37.9206
-0
-0
-0
-0
-0
-0
-0
-0
-0
-0
-0
-0
33.1246
-0
-0
-0
-0
-0
-0
-0
-0
-0
-0
-0
18.9589
-0
-0
-0
-0
-0
-0
-0
60.8328
-0
-0
-0
14.2201
-0
-0
-0
-0
-0
-0
-0
-0
-0
-0
-0
-0
-0
-0
-0
18.6723
-0
15.238
14.4752
21.9087
-0
16.8279
-0
-0
-0
-0
-0
13.7496
-0
-0
11.4771
-0
-0
65.3913
-0
5.53328
-0
-0
-0
-0
-0
-0
-0
-0
-0
1.57761
-0
5.76722
31.8361
44.8196
-0
-0
-0
-0
-0
-0
-0
8.05302
-0
-0
-0
22.6129
-0
-0
-0
-0
3.66005
-0
-0
-0
-0
-0
7.92198
52.7886
-0
-0
16.8949
-0
41.7973
-0
-0
-0
-0
-0
-0
-0
-0
-0
20.9935
-0
-0
-0
-0
-0
51.4283
12.7924
-0
-0
-0
23.4892
-0
11.1241
-0
-0
-0
-0
-0
-0
-0
-0
-0
-0
30.7962
-0
-0
-0
-0
-0
-0
-0
-0
-0
-0
-0
-0
32.193
-0
-0
-0
-0
-0
12.6391
-0
-0
-0
-0
-0
-0
2.83813
-0
-0
61.1457
-0
-0
16.163
-0
22.7796
-0
-0
-0
-0
-0
-0
-0
-0
-0
-0
-0
-0
-0
-0
38.6592
-0
0.207273
4.48793
-0
-0
24.6899
-0
13.3316
-0
-0
-0
-0
-0
-0
-0
-0
-0
-0
-0
-0
-0
-0
-0
-0
-0
5.51663
-0
-0
-0
-0
-0
-0
-0
24.5073
-0
-0
-0
-0
-0
12.6397
12.1932
-0
33.9705
-0
-0
-0
-0
-0
-0
-0
-0
-0
-0
-0
32.1526
-0
14.2308
-0
-0
5.53127
9.92104
-0
3.97477
-0
-0
-0
-0
-0
4.57241
-0
19.128
-0
-0
-0
2.32136
-0
-0
-0
8.73161
-0
-0
-0
-0
-0
-0
-0
-0
-0
-0
-0
-0
-0
-0
-0
46.4663
17.2905
-0
-0
-0
-0
-0
-0
-0
-0
-0
-0
59.0542
-0
-0
5.83689
25.7879
-0
-0
-0
-0
-0
-0
-0
-0
-0
-0
-0
-0
22.9472
-0
48.0814
-0
-0
-0
-0
4.77736
-0
-0
-0
-0
-0
-0
7.06664
14.9438
-0
-0
-0
-0
-0
-0
40.9552
-0
16.8815
42.0566
-0
-0
20.0485
-0
-0
-0
35.7546
-0
-0
-0
-0
71.6219
-0
-0
1.48762
-0
-0
13.1973
-0
-0
-0
-0
-0
-0
-0
-0
-0
-0
-0
-0
-0
-0
-0
-0
-0
-0
3.34098
32.7908
-0
-0
-0
-0
-0
0.195256
-0
-0
13.1382
1.85808
-0
-0
-0
-0
-0
-0
-0
-0
3.25435
-0
-0
8.30389
7.76294
-0
39.9569
-0
35.6167
-0
4.05902
-0
-0
-0
-0
-0
70.9276
-0
-0
-0
-0
-0
-0
13.5328
-0
18.5235
1.42156
-0
-0
-0
-0
1.08748
-0
11.5508
-0
-0
-0
-0
-0
-0
-0
-0
6.35979
-0
-0
88.4043
-0
-0
34.5923
-0
-0
63.1261
-0
-0
-0
-0
-0
-0
-0
-0
18.7552
-0
31.0607
8.06231
15.9785
-0
-0
0.626893
-0
-0
-0
-0
-0
-0
52.4607
8.0014
-0
-0
-0
-0
-0
-0
-0
18.6273
-0
-0
-0
-0
-0
-0
-0
-0
-0
-0
27.0695
-0
-0
-0
-0
-0
17.688
-0
-0
46.4246
-0
-0
14.6592
-0
-0
-0
-0
19.8935
-0
-0
-0
-0
26.7162
33.1387
24.1758
-0
-0
-0
-0
-0
14.4077
-0
-0
-0
-0
-0
-0
-0
-0
-0
-0
-0
-0
-0
-0
-0
-0
-0
-0
-0
6.12459
-0
-0
-0
-0
-0
-0
41.5696
-0
-0
-0
-0
-0
-0
-0
-0
-0
-0
-0
-0
-0
-0
-0
-0
6.83099
-0
-0
-0
6.09844
-0
-0
-0
-0
-0
-0
-0
-0
-0
-0
-0
-0
-0
29.8302
-0
49.9708
-0
-0
-0
-0
-0
-0
-0
6.59259
-0
-0
-0
-0
-0
-0
-0
-0
-0
-0
36.4308
-0
-0
-0
-0
-0
-0
-0
-0
-0
-0
60.8961
33.4183
-0
-0
-0
-0
-0
-0
1.72707
-0
-0
33.014
-0
53.5854
-0
25.9141
-0
-0
-0
29.7656
-0
16.9298
29.5636
-0
-0
-0
-0
-0
-0
-0
13.2891
-0
-0
-0
-0
-0
-0
-0
-0
-0
-0
1.19179
-0
-0
-0
-0
-0
-0
-0
-0
-0
-0
-0
-0
-0
-0
-0
-0
41.816
55.2392
-0
-0
63.2657
-0
-0
6.12374
15.1793
-0
-0
-0
-0
13.4476
55.0505
-0
0.926771
-0
-0
-0
-0
-0
-0
-0
-0
3.6289
-0
48.6449
5.85911
-0
-0
-0
-0
-0
-0
7.72535
-0
-0
-0
-0
-0
-0
-0
-0
-0
-0
22.3667
53.7768
-0
-0
-0
-0
-0
11.92
19.7401
-0
4.44394
-0
-0
-0
-0
-0
32.2202
-0
-0
45.9576
24.1165
-0
73.8981
34.4959
-0
-0
-0
-0
-0
-0
17.1502
-0
20.551
1.17299
-0
63.9286
-0
-0
-0
-0
0.538128
-0
28.2605
-0
-0
-0
-0
0.148615
-0
-0
-0
-0
-0
58.7898
-0
-0
29.6129
-0
-0
15.1116
-0
-0
48.1051
-0
-0
-0
26.5645
2.98842
16.778
38.6946
-0
67.9359
-0
-0
-0
15.3742
-0
-0
-0
14.3142
-0
-0
23.1814
13.8832
-0
-0
-0
-0
-0
-0
-0
-0
-0
37.1557
-0
-0
-0
-0
0.957211
-0
-0
3.15086
53.0003
-0
0.968275
14.5142
10.0453
-0
-0
-0
-0
-0
-0
-0
-0
-0
-0
-0
-0
-0
-0
-0
-0
-0
-0
-0
-0
-0
46.1144
-0
-0
-0
-0
19.5904
-0
15.6317
-0
-0
-0
-0
-0
-0
-0
-0
-0
-0
-0
-0
-0
-0
-0
18.1214
-0
-0
-0
-0
-0
26.9022
-0
-0
-0
-0
-0
-0
-0
-0
-0
23.2967
18.5217
-0
59.5353
24.1169
-0
-0
-0
42.6506
3.73057
-0
-0
57.1791
-0
-0
46.2887
-0
-0
-0
-0
-0
-0
17.2367
-0
-0
3.32575
-0
-0
-0
-0
4.82374
-0
-0
-0
35.2284
-0
-0
11.9757
-0
5.58562
82.4824
-0
39.4967
-0
-0
-0
-0
-0
-0
-0
-0
8.17905
7.82414
-0
-0
-0
-0
-0
-0
-0
-0
-0
1.16732
-0
-0
-0
-0
-0
-0
-0
26.3802
1.97672
-0
-0
-0
17.0074
-0
-0
-0
-0
-0
-0
43.0057
-0
-0
-0
-0
-0
-0
-0
-0
-0
-0
32.4381
-0
-0
-0
-0
-0
-0
-0
-0
-0
-0
-0
-0
-0
-0
-0
-0
-0
-0
-0
-0
11.2442
-0
22.4915
-0
32.6582
-0
26.0819
25.7955
-0
-0
-0
28.5115
37.1155
-0
12.8587
-0
-0
-0
-0
-0
-0
-0
-0
-0
-0
-0
-0
-0
-0
-0
-0
2.59436
-0
-0
-0
-0
-0
-0
-0
-0
0.553368
-0
-0
-0
-0
-0
30.5932
-0
-0
5.43794
-0
-0
-0
6.35079
-0
-0
-0
-0
-0
6.49672
-0
8.67923
-0
-0
-0
-0
34.1094
-0
-0
10.6701
52.9397
19.5913
-0
-0
-0
-0
-0
-0
-0
2.40089
-0
-0
34.0781
-0
-0
-0
-0
-0
-0
-0
-0
-0
-0
-0
-0
-0
10.1519
-0
-0
-0
-0
-0
-0
-0
-0
0.482126
-0
-0
-0
6.01691
-0
-0
0.436083
-0
-0
16.6489
-0
-0
-0
-0
-0
-0
-0
47.8722
38.5239
-0
-0
-0
-0
-0
-0
-0
-0
-0
-0
23.7632
-0
10.8416
-0
21.0491
-0
-0
-0
-0
-0
16.165
12.4794
-0
-0
-0
-0
-0
46.6831
38.7988
-0
-0
-0
-0
-0
-0
-0
-0
-0
-0
-0
-0
-0
-0
-0
-0
-0
-0
-0
-0
-0
-0
-0
-0
-0
15.8211
-0
-0
-0
-0
-0
-0
-0
4.14711
-0
-0
-0
35.5534
10.7816
-0
34.5263
-0
11.555
-0
-0
-0
-0
-0
-0
1.71151
-0
-0
-0
-0
6.63101
-0
-0
-0
-0
-0
-0
-0
-0
-0
-0
-0
9.39933
51.771
-0
-0
-0
-0
-0
-0
-0
-0
-0
-0
16.2135
-0
-0
-0
-0
-0
-0
3.19703
-0
-0
19.3679
-0
-0
-0
-0
-0
-0
-0
-0
-0
-0
-0
8.41072
-0
-0
-0
-0
10.0295
-0
-0
-0
-0
-0
31.9423
-0
10.984
-0
-0
-0
-0
-0
-0
-0
-0
2.34627
-0
-0
-0
23.0765
-0
-0
-0
-0
-0
-0
27.5499
20.8553
21.7898
-0
-0
-0
-0
-0
-0
-0
15.7858
-0
-0
12.2347
-0
0.267358
-0
-0
-0
10.5374
-0
-0
-0
-0
-0
-0
-0
-0
-0
-0
-0
14.8212
1.49074
-0
-0
34.7329
1.21223
-0
-0
-0
-0
-0
-0
-0
-0
-0
-0
-0
-0
-0
-0
0.946601
-0
-0
2.88669
-0
-0
-0
-0
-0
-0
6.1343
-0
-0
-0
29.6106
5.69934
-0
-0
-0
-0
-0
-0
-0
-0
-0
-0
-0
-0
-0
-0
6.09965
-0
10.0522
-0
-0
-0
-0
-0
28.8766
-0
-0
-0
-0
-0
-0
-0
-0
-0
-0
-0
-0
-0
-0
-0
-0
-0
0.185998
-0
-0
-0
-0
-0
-0
-0
-0
-0
13.4604
-0
-0
-0
-0
-0
-0
-0
-0
45.3496
0.17548
-0
-0
-0
10.1854
-0
25.2475
-0
-0
-0
-0
-0
20.9762
-0
19.7045
-0
-0
1.41127
24.3882
-0
-0
-0
-0
33.7678
-0
-0
-0
-0
-0
-0
-0
7.01477
-0
-0
-0
-0
-0
-0
-0
-0
-0
3.17627
-0
17.1801
-0
18.8729
-0
-0
-0
-0
-0
-0
-0
-0
-0
-0
-0
-0
-0
-0
-0
22.5547
-0
-0
-0
-0
-0
-0
-0
-0
-0
15.3232
9.09722
-0
12.8412
-0
66.2722
-0
-0
-0
-0
-0
-0
-0
-0
-0
-0
-0
-0
12.5262
-0
-0
29.3732
41.3127
-0
5.14763
-0
-0
4.81722
-0
5.96387
-0
-0
-0
-0
-0
-0
-0
20.8579
-0
-0
-0
34.9487
-0
-0
-0
89.0733
-0
16.9526
-0
-0
-0
-0
-0
-0
-0
-0
-0
-0
-0
-0
-0
2.18903
-0
-0
-0
-0
34.9462
0.856179
-0
68.5181
-0
-0
-0
-0
-0
45.2802
-0
-0
48.3989
-0
-0
-0
-0
-0
-0
22.6495
-0
-0
-0
-0
-0
-0
-0
-0
-0
-0
-0
-0
-0
-0
-0
42.7245
2.93348
-0
-0
-0
-0
22.7797
44.0233
50.3444
-0
-0
-0
-0
-0
-0
-0
-0
-0
-0
58.5919
-0
-0
-0
-0
-0
27.2755
16.2637
-0
-0
-0
-0
-0
-0
-0
-0
-0
67.4312
29.1912
-0
22.1118
-0
-0
-0
0.14156
12.3889
-0
-0
-0
-0
-0
-0
2.73591
-0
-0
46.7015
-0
-0
-0
-0
-0
-0
-0
-0
-0
-0
-0
-0
-0
-0
-0
-0
-0
7.55042
-0
-0
-0
-0
-0
-0
-0
-0
17.5245
5.97734
-0
-0
-0
-0
-0
15.2016
4.15604
20.8794
-0
-0
-0
-0
17.187
-0
-0
0.534925
-0
-0
-0
-0
-0
-0
44.3392
-0
-0
-0
-0
-0
-0
21.4543
-0
1.64753
-0
0.41265
-0
-0
-0
-0
-0
-0
79.0135
-0
-0
-0
-0
-0
-0
19.6918
-0
-0
-0
-0
-0
-0
-0
-0
-0
-0
-0
-0
-0
-0
-0
-0
22.5162
0.105764
-0
-0
-0
-0
-0
7.5606
-0
-0
3.87986
-0
4.17413
-0
-0
-0
-0
-0
-0
-0
-0
15.3761
-0
28.6615
35.5142
40.204
-0
-0
-0
-0
-0
-0
-0
-0
-0
-0
-0
-0
-0
-0
-0
-0
-0
11.797
-0
-0
-0
-0
-0
17.9284
17.2694
-0
-0
-0
-0
-0
-0
-0
-0
-0
-0
-0
-0
-0
-0
-0
-0
-0
-0
-0
-0
-0
-0
-0
-0
9.09073
-0
-0
-0
-0
-0
-0
-0
-0
-0
-0
36.2438
12.6123
-0
-0
8.65299
-0
-0
-0
-0
-0
-0
-0
-0
-0
-0
-0
35.2378
16.2141
-0
-0
-0
-0
62.4938
-0
21.2062
-0
-0
-0
-0
-0
-0
-0
-0
-0
-0
1.14868
80.2823
-0
23.6598
-0
72.9387
-0
-0
-0
-0
-0
-0
-0
0.718574
-0
-0
-0
-0
-0
-0
23.46
-0
-0
-0
-0
-0
15.1891
9.00762
-0
-0
-0
-0
-0
-0
-0
48.8648
10.8606
16.5614
21.3229
-0
0.623861
-0
-0
-0
-0
-0
-0
-0
-0
-0
-0
-0
-0
12.6805
-0
-0
-0
31.0008
-0
-0
15.8897
-0
-0
0.164125
-0
-0
-0
24.9102
-0
-0
-0
-0
24.2862
-0
-0
-0
-0
-0
-0
-0
-0
-0
2.61547
-0
-0
-0
-0
-0
-0
-0
34.8097
31.194
0.278429
-0
-0
8.33312
-0
12.3287
-0
1.86852
-0
-0
-0
-0
-0
-0
-0
-0
-0
-0
-0
-0
-0
-0
-0
2.00855
-0
30.3334
35.5636
-0
5.73516
-0
5.97747
6.66699
5.84118
15.1862
-0
-0
-0
-0
1.89371
-0
-0
-0
-0
-0
-0
-0
-0
-0
5.57804
-0
-0
-0
-0
-0
-0
-0
-0
44.0523
16.7078
-0
57.9154
-0
-0
-0
-0
41.2775
-0
-0
-0
-0
-0
-0
59.0499
-0
-0
-0
-0
-0
-0
-0
-0
36.0971
-0
-0
-0
-0
-0
-0
-0
-0
-0
-0
-0
-0
-0
-0
58.7443
-0
-0
-0
-0
-0
-0
-0
-0
15.7689
-0
-0
3.03934
11.9629
-0
-0
-0
33.9828
-0
-0
-0
-0
5.15322
-0
-0
-0
-0
-0
14.9571
-0
-0
-0
-0
87.8289
-0
-0
-0
-0
-0
-0
-0
16.232
-0
6.45387
-0
-0
4.49687
-0
-0
-0
-0
-0
-0
1.08568
-0
-0
13.274
-0
-0
-0
-0
-0
10.6184
11.0715
44.5632
-0
-0
-0
-0
-0
27.2564
-0
16.6288
-0
-0
-0
-0
-0
-0
-0
38.1836
-0
-0
6.80573
-0
-0
-0
-0
10.4782
-0
-0
-0
-0
-0
-0
-0
-0
-0
-0
-0
0.486936
-0
-0
17.4691
-0
-0
-0
-0
2.18545
-0
-0
-0
-0
-0
-0
7.99881
-0
-0
-0
-0
-0
-0
-0
-0
-0
-0
-0
-0
-0
1.50129
-0
31.7441
-0
-0
-0
-0
-0
-0
-0
17.0163
-0
-0
-0
-0
-0
-0
-0
39.5733
-0
0.68927
64.8176
-0
-0
8.98441
-0
-0
-0
-0
-0
-0
-0
-0
7.50616
-0
-0
-0
-0
-0
-0
-0
4.3701
11.0662
-0
17.182
-0
-0
-0
-0
-0
-0
-0
-0
-0
-0
-0
42.8381
1.70414
-0
-0
-0
-0
-0
-0
-0
-0
-0
-0
18.8486
-0
32.0615
-0
-0
-0
-0
-0
-0
-0
11.9768
5.16422
0.557064
-0
-0
-0
-0
-0
-0
-0
-0
3.38824
-0
-0
-0
-0
-0
-0
-0
59.9594
-0
-0
-0
-0
-0
-0
4.99979
-0
-0
-0
-0
29.5863
-0
-0
-0
-0
-0
-0
-0
-0
12.7199
-0
45.6603
24.9572
-0
-0
-0
-0
-0
-0
-0
-0
-0
-0
-0
-0
-0
-0
-0
10.3807
44.9488
-0
-0
-0
-0
-0
-0
-0
49.4567
-0
-0
-0
-0
-0
-0
25.0695
-0
11.3066
-0
8.83425
-0
-0
-0
-0
-0
8.71774
-0
-0
-0
-0
-0
-0
-0
-0
-0
-0
-0
-0
-0
-0
-0
18.3104
-0
-0
-0
-0
3.04801
-0
-0
-0
7.27121
-0
-0
-0
56.4661
-0
16.9334
4.36613
-0
-0
42.6337
-0
-0
11.2662
0.582416
-0
-0
-0
-0
-0
10.0371
-0
-0
-0
-0
-0
-0
-0
-0
-0
9.59134
-0
-0
-0
-0
3.45923
-0
-0
-0
-0
-0
-0
-0
-0
-0
-0
-0
-0
-0
45.2759
-0
-0
92.5437
-0
-0
-0
-0
-0
-0
-0
-0
-0
-0
-0
-0
-0
30.7009
-0
-0
-0
-0
13.272
-0
-0
-0
-0
-0
-0
21.9329
-0
-0
40.5555
32.2216
-0
-0
34.0213
-0
-0
-0
-0
-0
-0
-0
-0
13.7435
-0
-0
-0
-0
-0
23.8385
-0
-0
-0
-0
-0
21.1307
11.4093
-0
-0
-0
-0
-0
50.4738
-0
55.7753
-0
71.7512
-0
-0
1.22119
-0
0.148544
-0
-0
-0
-0
-0
59.703
-0
-0
-0
-0
-0
-0
-0
-0
-0
-0
-0
-0
-0
-0
36.5503
-0
-0
-0
-0
-0
-0
-0
-0
-0
16.399
-0
-0
-0
28.6338
-0
7.61821
0.386309
-0
-0
-0
-0
2.35573
-0
-0
-0
-0
-0
-0
-0
-0
-0
-0
-0
23.0816
-0
16.8854
-0
-0
-0
-0
-0
-0
27.6368
-0
-0
-0
61.286
-0
26.8095
-0
6.21832
-0
7.10581
-0
-0
-0
-0
11.649
-0
-0
-0
-0
49.0396
-0
-0
33.0014
-0
-0
-0
-0
-0
7.36511
14.1861
7.88949
52.1812
-0
-0
-0
-0
-0
-0
-0
-0
-0
-0
-0
-0
-0
-0
-0
29.6922
21.2801
27.556
-0
-0
-0
-0
-0
-0
-0
-0
-0
-0
-0
-0
-0
-0
-0
-0
-0
-0
-0
-0
-0
-0
-0
-0
-0
-0
-0
6.92845
-0
-0
-0
-0
-0
-0
-0
-0
-0
-0
-0
-0
-0
-0
-0
16.1797
9.94112
-0
-0
-0
-0
7.20912
-0
-0
-0
-0
-0
0.84847
-0
-0
-0
-0
3.29997
-0
-0
-0
-0
-0
-0
-0
-0
-0
-0
-0
-0
-0
-0
-0
-0
48.626
-0
-0
-0
-0
-0
14.5987
-0
-0
-0
-0
-0
-0
0.594318
-0
6.13933
-0
-0
-0
-0
-0
-0
-0
-0
-0
33.0374
-0
-0
-0
-0
-0
-0
6.33368
-0
-0
-0
-0
-0
-0
39.2838
-0
-0
-0
-0
-0
-0
-0
-0
-0
-0
-0
-0
-0
-0
-0
-0
-0
-0
-0
13.766
-0
10.9564
-0
-0
-0
-0
-0
-0
-0
-0
-0
-0
-0
47.46
-0
-0
-0
-0
-0
-0
-0
20.1801
-0
-0
-0
-0
37.0843
-0
-0
-0
-0
-0
-0
21.183
22.9138
-0
-0
24.6959
-0
-0
-0
-0
-0
-0
35.8822
65.8065
2.94603
-0
5.02987
22.3495
-0
-0
-0
-0
-0
-0
-0
-0
-0
-0
1.6815
-0
-0
-0
-0
-0
-0
-0
-0
4.58378
-0
-0
-0
6.33748
5.45349
25.207
-0
-0
-0
-0
10.4741
-0
-0
-0
34.9773
-0
-0
-0
-0
-0
-0
-0
-0
60.7541
-0
7.19677
-0
-0
-0
-0
-0
-0
49.7007
-0
-0
-0
-0
-0
-0
-0
42.2233
-0
-0
-0
12.6586
24.4278
-0
-0
-0
