1.13851
-0
-0
-0
-0
2.82651
-0
-0
15.1338
-0
13.6812
-0
-0
-0
-0
24.0051
-0
-0
1.19672
-0
-0
-0
-0
-0
-0
-0
6.40193
3.38835
-0
-0
-0
-0
-0
-0
3.3294
-0
-0
-0
-0
-0
-0
-0
-0
11.9441
-0
-0
-0
-0
-0
-0
-0
-0
-0
-0
-0
-0
8.02724
1.19307
18.2923
-0
-0
-0
-0
-0
12.9616
-0
-0
16.2587
-0
1.53307
-0
-0
-0
-0
-0
0.998194
-0
-0
-0
-0
-0
54.6536
-0
9.9087
21.8456
10.8779
-0
-0
-0
-0
9.77539
0.349374
-0
-0
21.8614
-0
5.04556
-0
-0
-0
-0
-0
-0
-0
11.8592
-0
19.2707
-0
-0
-0
2.31462
-0
-0
-0
-0
11.2746
-0
-0
40.4649
5.31198
12.9256
-0
1.16367
-0
6.92871
-0
-0
-0
-0
-0
-0
26.3858
-0
-0
-0
-0
-0
4.98711
-0
4.79932
1.20587
-0
14.2965
-0
10.2128
-0
-0
-0
-0
-0
-0
-0
-0
-0
10.4086
-0
11.6462
-0
-0
0.023898
15.6084
-0
-0
16.1134
-0
-0
5.48793
-0
-0
21.2399
-0
8.62798
-0
-0
-0
-0
-0
-0
6.26611
-0
-0
-0
-0
-0
-0
-0
-0
-0
29.2289
-0
-0
19.4103
-0
-0
-0
-0
-0
-0
-0
-0
-0
-0
-0
-0
-0
-0
-0
-0
13.3916
-0
-0
-0
4.95542
-0
-0
-0
0.0816104
-0
-0
-0
0.548983
-0
-0
-0
22.7133
-0
-0
-0
-0
-0
-0
-0
-0
-0
-0
-0
-0
-0
-0
-0
-0
-0
-0
-0
-0
-0
19.453
-0
-0
-0
-0
-0
-0
-0
6.03034
-0
-0
3.82343
-0
-0
5.06362
-0
-0
4.8539
-0
-0
-0
-0
-0
-0
-0
11.0669
7.26669
14.877
-0
-0
-0
-0
-0
-0
0.732192
0.783173
-0
-0
-0
-0
-0
25.3671
-0
-0
-0
-0
16.2527
-0
-0
-0
-0
-0
-0
28.3092
-0
-0
3.25015
2.66823
4.86886
14.1034
-0
-0
-0
-0
-0
-0
-0
-0
-0
1.14664
-0
-0
-0
-0
-0
-0
2.84858
1.03103
26.93
-0
-0
-0
-0
-0
-0
-0
-0
-0
-0
0.177886
-0
-0
-0
2.37163
-0
-0
2.0096
-0
-0
-0
12.378
1.4343
6.11966
-0
17.6275
-0
-0
-0
20.8001
-0
-0
-0
1.10722
-0
10.8738
-0
-0
7.94965
-0
1.29982
-0
-0
-0
-0
-0
3.02904
1.01195
23.5439
-0
-0
1.89143
-0
-0
-0
-0
-0
-0
-0
-0
-0
-0
-0
-0
-0
-0
18.103
-0
-0
-0
-0
-0
5.27892
-0
-0
-0
-0
-0
-0
0.0887361
-0
-0
-0
-0
-0
-0
-0
-0
-0
-0
26.7722
-0
-0
-0
-0
-0
-0
-0
-0
-0
6.23218
-0
8.63454
5.58737
0.960629
-0
-0
-0
-0
12.315
-0
14.0475
-0
-0
-0
-0
-0
-0
-0
-0
-0
-0
-0
-0
-0
-0
-0
-0
-0
17.8486
23.4787
-0
-0
-0
-0
-0
-0
-0
-0
11.4494
-0
2.87618
-0
8.30974
-0
1.63695
2.09243
-0
-0
-0
-0
-0
-0
-0
-0
-0
-0
-0
-0
-0
-0
-0
-0
-0
-0
29.7538
-0
-0
-0
-0
17.0022
16.5321
-0
-0
-0
2.08802
-0
12.5065
6.5956
-0
-0
-0
-0
-0
20.8885
-0
-0
13.3594
-0
-0
-0
-0
-0
3.37127
-0
17.6344
6.72361
-0
12.2418
-0
-0
-0
22.5219
-0
-0
-0
-0
-0
-0
18.6499
-0
1.19523
8.57711
-0
-0
-0
-0
-0
-0
-0
-0
-0
2.35263
-0
9.63499
-0
-0
-0
-0
43.8688
14.0715
-0
-0
8.81204
-0
-0
-0
16.7124
-0
-0
-0
-0
-0
-0
-0
-0
-0
-0
-0
1.53
16.801
-0
-0
-0
-0
-0
-0
-0
-0
-0
-0
-0
-0
-0
23.8396
-0
-0
6.54517
-0
-0
-0
-0
-0
-0
-0
-0
-0
-0
-0
-0
-0
-0
-0
-0
28.666
-0
-0
-0
-0
-0
-0
10.4804
-0
-0
-0
-0
-0
-0
24.7567
-0
-0
-0
-0
15.3666
-0
-0
-0
-0
-0
-0
-0
-0
-0
-0
-0
-0
-0
-0
-0
-0
-0
-0
-0
-0
2.9716
-0
-0
-0
-0
-0
-0
-0
-0
-0
-0
-0
-0
-0
-0
-0
9.98904
-0
-0
-0
-0
-0
-0
-0
-0
-0
0.156495
-0
-0
-0
5.04936
-0
3.42001
7.13855
-0
-0
19.288
-0
-0
5.72135
-0
-0
-0
-0
-0
-0
30.1673
-0
-0
-0
-0
-0
-0
-0
6.42678
10.822
-0
-0
-0
-0
-0
-0
-0
-0
-0
-0
-0
-0
-0
-0
-0
-0
-0
-0
-0
1.31714
-0
-0
-0
7.48753
5.03191
20.1984
-0
-0
16.2381
-0
-0
-0
1.07328
-0
-0
-0
-0
-0
-0
-0
18.6276
-0
-0
-0
-0
-0
-0
-0
-0
17.4148
-0
-0
-0
24.4119
-0
-0
-0
-0
-0
2.69166
6.15117
17.1483
1.16388
-0
-0
-0
-0
-0
-0
-0
-0
-0
-0
-0
5.63738
-0
-0
-0
-0
-0
-0
7.08575
33.8159
-0
-0
-0
-0
-0
-0
9.27374
-0
-0
-0
4.33211
-0
-0
-0
-0
-0
-0
-0
-0
-0
9.91335
-0
-0
-0
-0
-0
-0
11.41
-0
-0
-0
34.6348
-0
-0
3.07658
-0
-0
-0
-0
2.35649
-0
-0
11.5561
-0
-0
20.6215
-0
-0
18.2297
-0
-0
-0
-0
-0
-0
-0
-0
27.9933
-0
5.70952
-0
-0
-0
-0
12.1823
1.19601
-0
2.44374
11.7561
-0
-0
-0
-0
-0
-0
-0
19.6484
-0
-0
-0
-0
-0
-0
-0
-0
26.8354
-0
36.641
-0
-0
-0
-0
1.99601
-0
-0
-0
-0
-0
-0
6.5185
-0
-0
-0
-0
-0
-0
-0
1.53685
19.744
-0
-0
-0
-0
-0
-0
-0
2.10625
-0
1.61608
-0
-0
-0
3.05533
-0
-0
-0
-0
-0
-0
-0
-0
-0
-0
-0
-0
3.40257
-0
-0
-0
1.89796
-0
-0
-0
-0
-0
-0
-0
-0
-0
5.6578
-0
-0
16.6889
-0
-0
-0
-0
-0
-0
3.61171
-0
-0
-0
-0
-0
-0
0.0931838
-0
-0
-0
-0
-0
-0
-0
-0
-0
16.5977
-0
-0
-0
-0
28.2186
-0
1.09101
-0
13.4297
-0
-0
-0
10.504
-0
-0
-0
-0
-0
-0
-0
-0
-0
-0
-0
-0
-0
-0
-0
-0
-0
-0
12.4889
-0
-0
3.09986
-0
-0
13.6476
-0
-0
-0
-0
16.5282
-0
3.4202
-0
-0
-0
7.39593
11.5233
4.14085
-0
-0
-0
-0
-0
-0
3.35015
-0
-0
14.1131
-0
6.12943
6.48495
-0
-0
-0
-0
-0
-0
-0
-0
-0
-0
20.9986
11.7762
-0
-0
-0
-0
-0
-0
-0
-0
-0
-0
-0
12.5212
-0
4.77275
-0
2.14543
-0
-0
-0
-0
-0
-0
-0
-0
12.3608
-0
-0
-0
-0
-0
-0
-0
-0
-0
-0
-0
-0
10.0013
-0
-0
-0
-0
-0
-0
-0
-0
21.9996
-0
-0
0.0780338
-0
-0
17.4851
11.9716
-0
-0
5.26361
-0
-0
-0
-0
26.1422
-0
-0
-0
-0
-0
-0
-0
-0
-0
-0
6.40601
-0
-0
-0
-0
30.4999
-0
-0
-0
-0
-0
31.5311
-0
-0
-0
-0
-0
-0
-0
10.1041
5.52626
-0
-0
-0
-0
-0
30.873
-0
-0
-0
-0
3.5734
-0
-0
-0
-0
-0
-0
-0
-0
-0
13.5806
6.99393
-0
-0
-0
2.80142
-0
-0
-0
-0
-0
10.8472
-0
-0
-0
-0
-0
-0
-0
-0
-0
0.519305
-0
-0
-0
0.0293879
-0
16.311
24.6378
-0
10.6055
-0
-0
-0
-0
-0
-0
-0
-0
-0
-0
-0
-0
21.6867
-0
-0
-0
-0
-0
-0
-0
5.50307
-0
-0
-0
-0
-0
-0
1.08764
-0
-0
-0
-0
-0
12.0568
-0
3.92929
-0
-0
-0
-0
-0
-0
-0
24.9643
-0
-0
4.50606
-0
-0
-0
-0
-0
-0
6.73298
-0
-0
-0
-0
3.8529
-0
-0
14.8588
-0
-0
15.7144
-0
-0
0.628842
-0
-0
-0
-0
-0
-0
-0
-0
-0
-0
-0
-0
-0
-0
-0
-0
6.47169
-0
-0
-0
18.1819
-0
-0
-0
-0
8.4081
-0
-0
-0
16.628
-0
-0
-0
-0
1.1491
-0
28.5613
-0
13.229
11.0603
-0
-0
21.6025
-0
-0
38.473
-0
-0
-0
-0
-0
-0
-0
8.19265
7.99698
-0
5.07485
9.48111
3.89081
-0
-0
-0
9.1581
3.45826
-0
-0
9.15459
-0
-0
39.0493
13.3888
3.45872
-0
-0
-0
-0
-0
-0
24.396
-0
-0
2.36583
25.1172
-0
-0
-0
-0
5.90459
-0
-0
-0
21.8888
-0
23.5665
26.8461
-0
-0
-0
2.16228
35.6275
1.71215
-0
-0
-0
-0
-0
-0
-0
-0
12.3313
-0
-0
-0
12.4709
-0
11.8134
27.8405
-0
-0
-0
-0
-0
-0
-0
-0
-0
-0
-0
-0
-0
-0
-0
-0
12.8124
-0
-0
-0
-0
-0
18.8886
-0
-0
-0
-0
-0
-0
8.05726
-0
2.35014
-0
-0
-0
9.88778
-0
3.43939
-0
-0
-0
-0
-0
-0
-0
38.1092
-0
-0
-0
-0
8.97535
-0
-0
-0
-0
-0
-0
-0
-0
-0
-0
-0
-0
-0
-0
9.21469
6.40034
0.214737
-0
-0
9.16159
-0
-0
4.21848
6.07083
-0
-0
-0
-0
-0
-0
-0
-0
8.99214
-0
-0
-0
-0
-0
-0
-0
-0
-0
-0
-0
-0
-0
-0
-0
-0
-0
-0
-0
-0
-0
29.414
1.68317
-0
-0
-0
-0
-0
-0
-0
-0
-0
-0
-0
-0
-0
20.873
-0
20.0799
-0
-0
2.2932
-0
-0
0.384914
-0
-0
-0
-0
-0
2.70054
-0
15.0997
-0
-0
-0
0.575584
-0
-0
-0
41.3973
-0
-0
-0
-0
-0
-0
-0
-0
-0
-0
-0
-0
-0
-0
-0
13.2963
17.4159
-0
0.349135
-0
-0
-0
0.0722935
-0
-0
-0
-0
18.8944
4.53502
-0
-0
19.2017
-0
-0
-0
-0
0.0667179
-0
-0
-0
-0
-0
-0
-0
19.5955
-0
-0
-0
-0
-0
-0
-0
-0
-0
-0
-0
-0
-0
-0
30.8157
-0
-0
-0
-0
-0
-0
11.7814
-0
16.818
25.1579
-0
-0
0.115947
-0
-0
-0
25.7008
-0
-0
-0
-0
33.668
-0
-0
-0
-0
-0
9.24345
-0
-0
-0
-0
-0
-0
9.46003
-0
-0
-0
-0
1.15178
-0
-0
-0
-0
-0
-0
3.86801
12.2623
-0
-0
-0
-0
-0
-0
-0
-0
9.98817
11.6441
-0
-0
-0
-0
-0
-0
-0
-0
-0
-0
-0
1.67796
1.15868
-0
17.3457
-0
-0
-0
16.2448
-0
-0
-0
-0
-0
20.7432
-0
-0
-0
-0
-0
-0
19.1055
4.25561
2.50467
-0
-0
-0
-0
-0
-0
-0
-0
-0
-0
-0
-0
-0
-0
-0
-0
-0
-0
-0
33.5103
-0
-0
5.85142
-0
-0
13.7143
-0
-0
-0
-0
-0
-0
2.07649
-0
-0
-0
13.1674
25.215
4.41806
-0
-0
-0
-0
-0
-0
-0
-0
-0
21.4367
13.821
-0
16.1284
-0
-0
-0
-0
-0
-0
1.79343
-0
-0
-0
-0
-0
-0
-0
-0
-0
30.4785
-0
-0
-0
-0
9.56412
-0
-0
-0
18.9821
-0
-0
-0
-0
16.4962
-0
-0
-0
-0
-0
-0
-0
16.7931
25.1148
20.5164
-0
-0
-0
-0
-0
-0
-0
-0
-0
-0
-0
-0
-0
-0
0.835784
-0
-0
3.30649
-0
-0
-0
-0
7.34878
-0
-0
-0
8.3732
-0
-0
-0
-0
-0
29.3474
-0
5.57379
-0
17.0673
16.3969
-0
-0
-0
-0
-0
-0
-0
-0
-0
-0
-0
-0
-0
-0
-0
14.5407
-0
-0
-0
3.18078
-0
-0
-0
-0
-0
-0
-0
-0
1.8365
6.90603
-0
14.6744
-0
-0
-0
-0
-0
-0
-0
4.64335
-0
-0
-0
-0
-0
-0
4.24661
-0
-0
-0
10.7805
-0
-0
-0
-0
-0
-0
-0
-0
-0
-0
17.7254
11.9126
-0
-0
-0
-0
-0
-0
1.15115
-0
-0
-0
-0
17.2831
-0
20.0075
-0
-0
-0
30.6611
-0
3.82895
19.7716
-0
-0
-0
-0
21.48
-0
-0
-0
-0
-0
-0
-0
-0
-0
2.15846
-0
-0
-0
-0
-0
-0
13.4433
-0
-0
-0
2.43063
-0
-0
-0
-0
-0
-0
-0
-0
-0
35.6675
-0
-0
-0
21.0438
-0
-0
15.8704
17.6198
-0
-0
12.6688
-0
3.07631
27.096
-0
1.00979
-0
-0
-0
-0
-0
-0
-0
-0
1.47299
-0
25.4886
-0
-0
-0
-0
-0
4.90607
-0
13.1194
-0
-0
-0
-0
-0
-0
2.71098
-0
-0
-0
23.5938
11.7835
-0
-0
-0
-0
-0
-0
42.8627
-0
11.1318
-0
-0
0.502039
-0
-0
34.6106
-0
-0
6.95063
-0
-0
34.2378
18.6939
-0
-0
-0
-0
-0
-0
2.86561
-0
3.84371
3.65199
-0
35.4515
-0
-0
-0
-0
1.88075
-0
16.3744
-0
-0
-0
-0
-0
-0
-0
-0
20.906
1.61198
19.5428
-0
-0
21.9875
-0
-0
4.01021
-0
-0
0.0186088
6.57369
-0
-0
8.31506
5.2785
37.1407
-0
-0
32.7614
-0
-0
-0
13.711
5.18427
-0
-0
7.15478
-0
-0
16.8862
-0
-0
-0
-0
-0
-0
-0
-0
-0
-0
29.7009
-0
-0
11.9452
-0
-0
-0
-0
17.0369
39.9362
-0
2.2981
-0
17.331
-0
-0
-0
-0
-0
-0
-0
-0
-0
-0
-0
-0
-0
-0
-0
-0
-0
-0
0.454877
4.23662
-0
25.2829
-0
-0
-0
-0
-0
-0
11.9581
-0
-0
-0
-0
-0
-0
-0
-0
-0
-0
-0
-0
-0
-0
-0
2.99067
-0
-0
-0
-0
-0
23.9435
-0
-0
-0
-0
-0
-0
-0
-0
1.23258
-0
5.25921
2.91411
32.987
-0
-0
-0
-0
30.8785
25.8215
-0
-0
30.5962
-0
-0
3.23452
-0
-0
0.0182892
-0
-0
-0
15.3723
-0
-0
-0
-0
-0
-0
-0
-0
18.5574
-0
-0
20.6821
-0
-0
-0
-0
1.08157
24.8426
-0
2.65483
-0
-0
-0
-0
2.21425
-0
13.9089
23.3201
-0
-0
-0
-0
-0
-0
-0
-0
-0
-0
4.0644
16.9251
16.2042
-0
6.81968
-0
-0
-0
-0
19.3435
-0
-0
-0
-0
-0
1.30906
-0
-0
-0
-0
-0
11.6712
-0
-0
-0
-0
-0
-0
-0
-0
14.5199
-0
10.045
-0
-0
-0
-0
-0
-0
17.7836
-0
-0
-0
-0
-0
-0
1.01974
-0
-0
-0
-0
-0
-0
30.5107
-0
-0
7.22339
22.5897
-0
22.1362
1.47288
-0
-0
-0
29.4995
-0
-0
-0
-0
-0
-0
-0
5.90377
-0
-0
-0
-0
-0
-0
-0
-0
-0
-0
-0
-0
-0
-0
-0
-0
-0
-0
-0
-0
3.40833
-0
-0
4.27114
-0
-0
4.94764
-0
-0
-0
-0
-0
-0
2.90642
-0
-0
-0
-0
-0
0.747154
-0
-0
-0
-0
-0
5.04671
18.1817
-0
-0
-0
5.3738
22.3149
-0
-0
-0
-0
-0
-0
-0
-0
-0
-0
34.7353
-0
-0
-0
-0
-0
-0
-0
-0
-0
-0
-0
-0
-0
-0
-0
-0
-0
-0
-0
-0
2.72637
-0
-0
-0
0.932495
-0
3.50572
-0
-0
-0
-0
-0
-0
-0
-0
-0
-0
-0
-0
-0
13.3589
11.0514
-0
3.10937
-0
-0
1.27322
-0
-0
-0
-0
-0
2.94084
-0
11.843
-0
25.7669
4.61403
-0
-0
0.868646
-0
-0
10.3408
-0
-0
-0
-0
-0
21.0231
39.8817
-0
-0
-0
-0
11.5502
-0
-0
-0
-0
4.8188
-0
-0
-0
-0
-0
-0
-0
6.0738
-0
-0
-0
-0
-0
11.7306
-0
-0
-0
-0
-0
7.71143
-0
-0
-0
-0
-0
11.4459
-0
13.7102
1.37264
-0
20.6077
5.16903
-0
-0
-0
-0
-0
-0
-0
4.50852
-0
-0
-0
-0
-0
-0
-0
-0
-0
-0
-0
-0
-0
-0
-0
-0
5.01621
30.8724
8.67716
-0
-0
-0
-0
-0
-0
-0
-0
-0
31.0931
-0
-0
-0
-0
-0
-0
4.15172
-0
-0
18.1618
-0
-0
-0
-0
-0
-0
-0
-0
1.58023
-0
-0
11.915
-0
0.0315331
-0
-0
4.8862
-0
-0
-0
-0
-0
12.6786
-0
-0
-0
7.24932
-0
-0
-0
-0
-0
-0
5.84723
-0
-0
-0
13.452
-0
-0
-0
-0
-0
-0
17.0304
-0
-0
-0
13.4651
-0
-0
-0
-0
-0
3.07274
-0
-0
12.0786
1.57354
-0
-0
-0
1.93838
19.0932
-0
-0
-0
11.9416
-0
-0
-0
-0
-0
-0
-0
-0
-0
-0
-0
-0
-0
-0
-0
-0
-0
-0
-0
-0
-0
-0
-0
-0
-0
34.2516
-0
-0
-0
32.3594
-0
-0
-0
-0
-0
-0
-0
-0
-0
-0
-0
1.48565
-0
-0
-0
-0
30.0324
-0
-0
-0
-0
-0
-0
-0
-0
-0
-0
2.91491
-0
-0
-0
-0
-0
-0
-0
2.73688
-0
-0
-0
7.30178
-0
-0
-0
-0
-0
-0
-0
-0
-0
-0
-0
-0
-0
-0
-0
-0
-0
-0
-0
-0
-0
-0
-0
-0
1.58784
-0
-0
-0
3.26016
-0
-0
-0
19.6183
-0
-0
-0
-0
19.1739
-0
30.7225
2.26536
-0
-0
-0
-0
3.98761
-0
27.3666
-0
-0
-0
30.1524
-0
-0
-0
-0
31.9318
-0
-0
-0
2.9214
-0
-0
-0
-0
-0
-0
-0
-0
-0
-0
-0
-0
-0
22.6122
-0
-0
-0
14.6852
-0
-0
-0
-0
-0
-0
-0
-0
-0
-0
-0
13.1969
-0
-0
-0
14.0822
-0
-0
-0
-0
-0
-0
-0
-0
-0
8.54974
-0
-0
-0
-0
29.2997
6.76502
-0
-0
-0
5.01749
-0
-0
-0
-0
-0
-0
-0
-0
-0
-0
-0
29.3248
-0
-0
-0
-0
-0
15.8698
-0
-0
-0
-0
-0
-0
-0
-0
4.55742
-0
2.23085
-0
40.4046
-0
-0
-0
40.5373
-0
-0
-0
1.44088
-0
-0
-0
-0
-0
-0
-0
20.1033
-0
-0
4.31453
-0
-0
-0
11.4822
-0
12.6872
-0
-0
34.664
-0
-0
-0
3.60741
-0
-0
-0
-0
18.4659
-0
-0
-0
16.6946
-0
-0
28.4153
-0
-0
-0
-0
-0
-0
-0
-0
-0
-0
-0
-0
-0
-0
-0
18.9063
-0
-0
-0
-0
-0
-0
16.1821
18.6191
-0
-0
-0
11.0178
-0
-0
-0
-0
-0
-0
22.6989
-0
-0
-0
-0
-0
5.59428
4.50361
-0
-0
-0
-0
11.6792
18.0977
-0
-0
-0
14.8716
-0
-0
31.8701
-0
9.52724
6.33744
6.78771
0.291997
-0
-0
-0
11.361
-0
11.4262
-0
-0
-0
8.56154
-0
-0
-0
-0
-0
-0
-0
-0
-0
-0
-0
10.7996
-0
-0
-0
-0
-0
15.1921
-0
-0
5.32182
-0
-0
-0
-0
-0
-0
-0
-0
10.4608
-0
-0
-0
-0
8.7905
24.3619
-0
-0
-0
-0
27.0834
-0
-0
4.48614
-0
-0
-0
-0
-0
-0
18.3112
-0
-0
8.02032
-0
-0
-0
-0
1.57878
0.412226
-0
-0
-0
-0
-0
-0
-0
-0
20.4664
-0
-0
-0
-0
-0
-0
31.8984
-0
-0
-0
-0
-0
-0
-0
-0
-0
-0
-0
-0
-0
-0
-0
23.7338
15.5896
-0
-0
-0
-0
-0
-0
-0
-0
-0
25.1369
-0
-0
-0
-0
-0
14.9167
-0
-0
-0
-0
1.67122
-0
17.5613
-0
35.9894
-0
-0
-0
-0
-0
-0
-0
-0
-0
-0
0.389604
-0
-0
-0
-0
-0
-0
-0
-0
4.25004
-0
-0
-0
6.27463
-0
-0
-0
-0
-0
-0
-0
-0
-0
-0
-0
-0
-0
-0
-0
18.5277
-0
-0
-0
-0
-0
-0
-0
-0
-0
7.7738
-0
-0
-0
-0
-0
-0
-0
-0
-0
-0
33.9916
-0
-0
-0
-0
-0
-0
-0
-0
-0
-0
27.4223
13.4097
-0
-0
-0
28.737
17.7636
-0
2.60152
-0
-0
28.4238
21.5684
2.52938
-0
-0
-0
-0
-0
-0
-0
-0
-0
-0
7.86121
1.82637
-0
-0
-0
28.322
-0
-0
-0
11.0138
-0
-0
-0
0.439251
-0
-0
-0
-0
-0
-0
-0
-0
-0
-0
-0
2.09142
8.09119
-0
-0
-0
-0
-0
-0
-0
-0
0.0992943
10.321
-0
16.1694
-0
-0
-0
-0
-0
-0
-0
-0
-0
-0
-0
-0
-0
-0
16.7491
-0
8.27767
-0
-0
-0
-0
8.41601
-0
-0
0.962281
-0
-0
-0
-0
-0
7.50272
-0
-0
-0
-0
-0
-0
-0
-0
-0
-0
-0
-0
-0
4.6908
-0
-0
-0
-0
3.34631
-0
-0
10.8924
-0
-0
-0
16.0299
-0
8.83173
-0
-0
-0
-0
-0
-0
-0
-0
-0
-0
-0
-0
-0
-0
-0
-0
-0
-0
-0
-0
7.67103
-0
20.3518
20.5965
-0
-0
4.43475
7.16784
-0
-0
-0
-0
0.440397
-0
-0
-0
-0
-0
-0
-0
-0
-0
13.5947
-0
-0
-0
-0
-0
-0
-0
-0
-0
2.70968
-0
8.31986
-0
-0
-0
-0
13.4184
-0
-0
-0
-0
-0
-0
32.7227
-0
-0
10.1716
-0
11.6941
-0
-0
-0
18.6748
-0
-0
-0
-0
-0
-0
-0
-0
-0
-0
-0
-0
-0
-0
36.1307
-0
-0
-0
-0
-0
-0
-0
-0
7.20346
-0
7.21391
1.28856
-0
6.85207
8.82193
-0
-0
-0
-0
-0
-0
-0
-0
-0
-0
-0
-0
3.66789
-0
-0
-0
-0
27.953
-0
-0
-0
-0
-0
-0
-0
-0
-0
3.35206
-0
-0
6.36222
-0
-0
-0
-0
-0
-0
-0
-0
-0
13.3049
-0
-0
1.35132
-0
-0
-0
-0
6.57796
-0
-0
-0
-0
1.50126
4.68924
-0
-0
-0
-0
-0
-0
-0
3.20146
-0
25.6497
-0
-0
22.1433
3.48724
6.27671
8.28922
-0
-0
-0
-0
-0
-0
-0
-0
-0
-0
-0
-0
-0
7.66067
15.4059
-0
11.9884
-0
-0
-0
-0
-0
-0
-0
-0
-0
-0
-0
-0
-0
-0
-0
-0
-0
-0
-0
-0
2.00686
-0
-0
-0
-0
-0
-0
36.4784
-0
-0
-0
-0
-0
9.64902
-0
17.5523
-0
-0
1.13912
2.21161
-0
-0
-0
-0
-0
7.1891
26.274
1.80346
-0
19.5847
-0
-0
-0
-0
-0
-0
11.8576
13.8582
9.85964
-0
-0
-0
-0
12.1318
-0
-0
-0
18.3566
-0
9.76174
-0
3.76152
-0
-0
-0
-0
-0
-0
-0
-0
-0
4.3116
2.75282
-0
-0
-0
-0
-0
-0
19.6416
-0
-0
-0
9.44613
-0
5.8923
-0
-0
-0
-0
-0
-0
-0
1.14587
0.520638
-0
-0
3.28038
-0
-0
-0
-0
0.809842
-0
2.04942
-0
-0
-0
-0
-0
-0
-0
0.428704
-0
-0
-0
-0
-0
-0
18.377
-0
-0
-0
-0
35.0516
-0
-0
-0
-0
-0
-0
-0
-0
1.59799
-0
37.9422
5.73954
-0
-0
-0
-0
-0
-0
-0
-0
-0
0.365213
20.7234
-0
-0
-0
-0
5.94273
29.095
-0
-0
-0
-0
-0
-0
-0
33.6029
-0
-0
-0
-0
2.80007
-0
21.1468
-0
22.2563
-0
2.12091
-0
-0
-0
-0
-0
5.28992
-0
-0
-0
-0
-0
-0
-0
-0
-0
-0
-0
-0
-0
-0
-0
24.6437
-0
-0
-0
-0
-0
-0
-0
-0
6.41146
-0
-0
-0
13.2949
-0
9.69985
-0
-0
9.77343
37.238
-0
-0
-0
8.51167
-0
-0
-0
-0
-0
4.76792
-0
-0
-0
-0
-0
-0
-0
-0
-0
-0
-0
-0
-0
-0
30.9002
-0
-0
-0
-0
-0
-0
-0
-0
-0
-0
-0
-0
-0
29.3348
-0
-0
24.4258
-0
-0
-0
11.175
-0
-0
-0
-0
12.5359
-0
-0
-0
-0
32.8569
-0
19.6863
-0
-0
-0
-0
-0
-0
-0
-0
-0
12.7797
17.314
-0
34.5614
14.0078
20.8044
-0
6.91344
-0
-0
-0
-0
-0
-0
10.3371
-0
-0
6.86496
-0
-0
-0
-0
9.15446
-0
-0
12.4702
-0
-0
4.33815
38.3232
-0
-0
-0
-0
-0
10.5622
-0
24.0304
-0
19.7501
-0
-0
-0
-0
-0
-0
-0
-0
-0
12.5968
13.6343
8.71666
-0
-0
-0
-0
-0
-0
-0
-0
-0
-0
-0
-0
-0
21.3182
-0
-0
-0
-0
-0
-0
-0
-0
-0
-0
9.23447
-0
-0
12.4655
-0
5.71082
-0
-0
-0
-0
6.13667
-0
-0
-0
-0
-0
-0
-0
-0
-0
-0
-0
-0
19.5092
-0
3.96721
-0
10.1483
-0
-0
-0
-0
16.9082
3.91406
-0
-0
17.3671
-0
40.4014
-0
15.4584
-0
-0
3.97218
-0
-0
-0
-0
-0
-0
-0
-0
6.08277
-0
-0
9.62709
-0
-0
-0
-0
-0
-0
28.4003
-0
11.535
-0
-0
-0
-0
-0
-0
3.03942
-0
-0
-0
-0
-0
-0
-0
-0
25.4007
20.3894
16.9557
-0
10.3147
-0
-0
0.625021
-0
0.340698
-0
-0
-0
-0
5.5948
-0
-0
3.73308
-0
-0
-0
-0
-0
-0
-0
-0
-0
-0
38.3226
-0
8.7192
-0
-0
-0
-0
-0
-0
-0
-0
-0
-0
-0
-0
-0
-0
-0
10.1676
-0
-0
-0
-0
-0
11.9293
-0
-0
-0
-0
-0
6.02366
-0
-0
-0
-0
9.6162
-0
-0
17.1709
-0
-0
-0
-0
-0
-0
-0
-0
-0
1.31076
-0
-0
-0
22.3889
-0
-0
-0
-0
-0
-0
-0
-0
-0
-0
-0
-0
-0
-0
15.4467
-0
-0
-0
-0
-0
-0
-0
-0
-0
13.7766
-0
-0
-0
-0
-0
-0
-0
-0
-0
-0
-0
-0
-0
4.48391
5.26161
1.20854
11.158
-0
-0
-0
-0
-0
-0
-0
1.15504
-0
-0
-0
-0
-0
-0
-0
-0
-0
-0
-0
-0
-0
-0
-0
-0
-0
-0
-0
-0
-0
-0
20.1887
-0
-0
-0
-0
-0
-0
-0
4.61344
-0
4.78115
-0
-0
32.2117
-0
-0
-0
-0
-0
-0
-0
-0
-0
-0
1.04194
-0
-0
-0
-0
-0
-0
29.8637
41.0489
0.777442
-0
3.57089
26.5127
-0
20.1764
-0
-0
-0
-0
-0
-0
-0
-0
1.84626
-0
-0
-0
-0
-0
-0
-0
-0
2.07782
8.75041
-0
-0
18.5999
-0
19.0451
11.0164
-0
-0
-0
-0
-0
-0
-0
-0
18.9503
-0
-0
-0
-0
-0
-0
2.73932
24.4298
-0
5.5619
-0
-0
-0
-0
-0
-0
3.24618
-0
-0
-0
7.20318
-0
-0
-0
42.8795
-0
-0
-0
-0
19.2
-0
-0
-0
