1.57553
-0
-0
-0
-0
-0
-0
26.7786
14.4713
-0
-0
-0
-0
-0
-0
25.2215
8.60348
-0
-0
-0
-0
-0
-0
-0
-0
-0
45.0132
-0
-0
-0
-0
-0
-0
-0
-0
-0
-0
-0
-0
-0
-0
-0
-0
-0
-0
-0
-0
-0
-0
-0
-0
-0
-0
-0
-0
-0
-0
3.24954
49.8544
-0
-0
-0
13.7999
-0
5.70642
-0
-0
27.9141
-0
2.99751
-0
-0
-0
-0
-0
4.25096
-0
-0
-0
-0
-0
82.0832
-0
11.5532
51.7664
-0
-0
-0
-0
-0
-0
-0
-0
-0
21.0549
-0
15.1892
-0
-0
-0
-0
-0
-0
-0
-0
-0
25.6863
-0
-0
13.9683
-0
-0
-0
-0
-0
20.4054
-0
-0
21.4695
7.3793
-0
-0
-0
-0
27.8938
-0
-0
-0
-0
25.0901
-0
78.1827
-0
-0
-0
-0
-0
18.0944
-0
-0
3.29265
-0
25.2559
-0
41.863
-0
-0
-0
-0
-0
-0
2.7784
-0
-0
26.7541
-0
1.56211
-0
-0
0.37622
26.9896
-0
-0
30.4604
-0
-0
4.29178
-0
-0
29.3968
-0
16.5205
-0
-0
-0
-0
-0
-0
18.7448
-0
-0
-0
-0
-0
-0
40.8963
-0
-0
16.6426
13.9677
-0
19.7586
-0
-0
-0
-0
-0
-0
-0
-0
-0
-0
-0
-0
-0
-0
-0
-0
17.0295
-0
-0
-0
-0
-0
-0
-0
-0
13.3813
-0
-0
-0
-0
-0
25.9032
8.70846
-0
-0
-0
6.73274
-0
-0
-0
-0
-0
-0
-0
-0
-0
-0
-0
-0
-0
-0
-0
-0
-0
-0
-0
-0
-0
-0
-0
-0
-0
0.959496
-0
-0
-0
53.294
-0
22.0331
-0
-0
23.9054
-0
-0
-0
-0
-0
-0
-0
23.2971
-0
17.7524
-0
-0
-0
-0
-0
-0
-0
2.29749
-0
4.05411
-0
-0
-0
-0
-0
-0
-0
-0
16.9319
-0
-0
-0
-0
-0
-0
60.6803
-0
-0
3.67705
-0
6.4391
26.4215
-0
-0
-0
-0
-0
-0
-0
-0
-0
1.88186
-0
-0
-0
0.141524
-0
-0
7.55962
-0
-0
-0
-0
-0
-0
-0
-0
-0
-0
-0
-0
0.0403927
-0
0.747523
-0
-0
-0
-0
-0
3.74833
-0
-0
41.9013
-0
36.7912
10.3193
18.3563
-0
-0
-0
34.2219
-0
-0
-0
-0
14.0923
30.7635
-0
-0
1.18974
-0
0.929142
-0
-0
-0
-0
-0
-0
1.73828
61.6671
-0
12.1767
-0
39.2879
-0
-0
-0
-0
-0
-0
-0
-0
-0
-0
-0
-0
-0
48.7391
-0
-0
-0
-0
-0
-0
-0
20.1271
-0
19.0881
-0
-0
-0
-0
-0
-0
-0
-0
-0
-0
-0
-0
-0
40.2393
-0
-0
-0
-0
-0
-0
-0
-0
-0
12.8083
-0
14.2718
25.8863
11.9467
-0
-0
-0
-0
-0
-0
13.2166
-0
-0
3.62694
-0
-0
-0
-0
-0
-0
-0
-0
-0
-0
-0
-0
-0
-0
-0
22.3746
-0
-0
-0
-0
-0
-0
12.9044
-0
24.3715
-0
-0
-0
18.2543
-0
10.163
-0
-0
-0
-0
-0
26.8868
-0
-0
-0
-0
-0
-0
-0
-0
-0
-0
29.2388
-0
-0
25.9737
-0
-0
-0
-0
10.3418
43.2625
-0
-0
-0
-0
-0
2.36063
-0
-0
-0
32.9114
-0
-0
13.8467
-0
-0
-0
-0
-0
8.05054
-0
-0
23.4287
-0
41.3861
-0
-0
51.1353
-0
-0
-0
23.3312
-0
-0
-0
-0
-0
-0
7.67301
-0
-0
41.5823
-0
-0
-0
-0
-0
-0
-0
-0
5.93559
-0
-0
13.552
-0
-0
-0
-0
36.0965
33.1056
-0
-0
-0
-0
-0
-0
10.0601
-0
1.89075
-0
-0
-0
-0
27.1367
-0
2.48337
-0
24.6663
-0
-0
-0
-0
-0
-0
-0
-0
-0
-0
-0
-0
-0
-0
-0
37.3836
-0
-0
14.5277
-0
-0
-0
-0
-0
26.4594
-0
-0
-0
-0
-0
-0
-0
-0
-0
-0
-0
-0
-0
-0
-0
-0
-0
-0
-0
-0
1.01323
-0
-0
-0
1.8934
-0
-0
-0
-0
3.72094
-0
-0
5.97712
-0
-0
-0
-0
-0
-0
-0
-0
-0
-0
-0
-0
23.7946
-0
-0
-0
-0
-0
-0
-0
-0
-0
-0
-0
11.9827
-0
-0
-0
-0
-0
9.75534
-0
-0
-0
-0
-0
-0
-0
-0
-0
-0
-0
25.6377
13.2725
-0
-0
-0
39.9289
-0
52.8497
-0
-0
-0
5.71464
-0
-0
4.02935
1.42536
-0
-0
2.30867
-0
-0
23.7644
-0
-0
-0
19.689
-0
-0
-0
13.8227
21.7335
-0
-0
-0
-0
-0
-0
-0
-0
-0
-0
-0
-0
-0
-0
-0
-0
16.2862
-0
-0
-0
-0
-0
-0
-0
19.6429
32.0175
-0
-0
44.1947
-0
-0
-0
2.12972
8.1792
-0
-0
-0
-0
-0
-0
0.22779
-0
-0
-0
-0
-0
-0
-0
-0
-0
-0
-0
-0
23.9908
-0
-0
2.51377
-0
-0
-0
-0
21.8768
50.5339
-0
-0
-0
-0
-0
-0
-0
-0
-0
-0
-0
34.2416
-0
-0
-0
-0
-0
-0
-0
41.6392
-0
-0
-0
-0
-0
-0
-0
-0
-0
-0
22.6054
-0
-0
-0
-0
-0
-0
-0
-0
-0
31.5007
-0
-0
-0
-0
-0
-0
-0
-0
-0
-0
51.1382
9.25571
-0
-0
-0
-0
-0
-0
-0
-0
-0
-0
-0
11.747
3.20368
-0
-0
39.3426
-0
-0
-0
-0
-0
-0
-0
-0
30.7616
18.6496
12.3298
0.331966
-0
-0
-0
-0
-0
-0
-0
-0
-0
-0
-0
-0
-0
-0
-0
21.8575
-0
-0
-0
-0
-0
-0
-0
-0
3.8591
-0
79.8194
-0
-0
-0
-0
0.670624
-0
-0
-0
-0
-0
22.0585
-0
-0
-0
-0
-0
-0
-0
-0
25.4651
49.6605
-0
-0
-0
-0
1.04273
-0
-0
-0
-0
-0
-0
-0
-0
-0
-0
-0
-0
-0
-0
-0
-0
-0
-0
-0
-0
-0
-0
-0
-0
-0
-0
-0
-0
-0
8.41217
-0
11.8827
-0
-0
-0
14.0251
-0
-0
21.3613
12.2936
-0
6.33361
23.9917
-0
-0
-0
-0
-0
-0
16.392
-0
-0
-0
7.2917
-0
-0
-0
-0
-0
-0
38.7363
-0
9.26017
-0
-0
-0
-0
38.375
-0
15.91
-0
8.3655
-0
-0
-0
-0
-0
-0
-0
-0
-0
-0
-0
-0
-0
-0
-0
-0
-0
-0
-0
-0
-0
-0
-0
-0
12.1949
-0
-0
-0
-0
-0
-0
-0
-0
47.7618
-0
-0
-0
-0
-0
-0
10.8725
13.4711
-0
-0
-0
-0
-0
-0
19.6523
-0
-0
13.0153
-0
-0
-0
-0
-0
-0
-0
-0
-0
-0
-0
-0
-0
29.7405
-0
-0
-0
1.11554
27.5112
-0
-0
-0
-0
-0
-0
-0
8.47881
-0
2.31156
-0
5.93142
-0
-0
-0
-0
-0
-0
-0
-0
34.5076
-0
-0
-0
-0
-0
-0
-0
-0
-0
-0
-0
-0
-0
-0
-0
-0
-0
-0
-0
-0
-0
-0
-0
-0
-0
-0
-0
10.5612
-0
-0
-0
-0
-0
1.59406
-0
-0
4.0399
-0
-0
-0
-0
-0
-0
-0
-0
32.0312
-0
11.3744
-0
-0
-0
-0
-0
-0
-0
-0
-0
-0
40.5733
-0
-0
-0
-0
3.22882
-0
-0
7.39736
3.01935
-0
-0
-0
-0
-0
16.1542
-0
-0
-0
-0
12.3388
-0
-0
-0
-0
14.6652
-0
-0
-0
-0
13.5849
19.0847
-0
-0
39.8287
32.0562
-0
-0
-0
-0
-0
28.9078
-0
-0
-0
-0
-0
-0
10.246
-0
-0
-0
-0
2.95996
-0
-0
-0
53.2518
43.9307
3.00837
24.9491
-0
-0
-0
-0
-0
-0
-0
-0
2.82086
-0
-0
-0
18.9994
-0
-0
-0
-0
-0
-0
-0
-0
-0
-0
-0
-0
-0
-0
17.9119
-0
-0
-0
-0
-0
18.8004
-0
34.1161
-0
-0
-0
-0
-0
-0
-0
25.0327
-0
-0
32.9697
-0
-0
-0
-0
36.008
-0
-0
-0
-0
-0
-0
-0
-0
-0
-0
-0
-0
18.6205
-0
-0
-0
-0
-0
8.65483
-0
-0
-0
-0
15.6514
-0
7.83586
12.2143
-0
-0
-0
-0
-0
15.6521
-0
-0
-0
48.383
-0
-0
-0
-0
-0
-0
-0
-0
-0
-0
-0
-0
-0
-0
-0
5.41399
-0
32.1358
4.60339
10.2365
-0
10.0861
-0
-0
15.5559
-0
-0
-0
-0
-0
-0
-0
4.78601
39.9729
-0
0.812762
21.1868
28.5036
-0
-0
-0
-0
-0
-0
-0
6.8201
-0
-0
18.4679
61.3633
-0
-0
-0
-0
-0
-0
-0
19.6099
-0
-0
-0
27.4341
-0
-0
-0
-0
0.71087
-0
-0
-0
17.6781
-0
15.9327
-0
-0
-0
-0
-0
44.9158
-0
-0
-0
-0
-0
-0
-0
-0
-0
39.5995
21.2331
-0
-0
18.5266
-0
63.1083
58.6562
-0
-0
-0
-0
-0
7.74656
-0
-0
-0
-0
-0
-0
-0
-0
34.3244
-0
5.19368
-0
-0
-0
-0
-0
4.89267
-0
-0
-0
-0
3.57855
-0
27.1253
-0
-0
-0
-0
-0
23.0359
-0
25.807
-0
-0
-0
-0
-0
-0
-0
12.391
-0
-0
41.6922
-0
29.2039
-0
-0
-0
-0
-0
-0
5.89873
-0
-0
-0
-0
-0
-0
-0
9.17438
-0
0.856851
-0
-0
-0
8.87516
0.415181
29.8538
15.6222
-0
-0
-0
-0
-0
-0
-0
-0
-0
-0
-0
-0
-0
-0
-0
-0
33.5486
-0
-0
-0
-0
-0
-0
-0
3.49918
-0
-0
-0
-0
-0
40.9384
9.48773
-0
-0
-0
-0
-0
-0
-0
-0
-0
-0
-0
-0
-0
51.1826
-0
26.2399
-0
-0
-0
-0
-0
17.0217
-0
-0
-0
-0
-0
11.4303
-0
3.43127
-0
-0
-0
0.0272233
-0
-0
-0
13.8251
-0
-0
-0
-0
-0
-0
-0
-0
-0
-0
-0
-0
-0
-0
-0
54.8606
8.82362
-0
-0
-0
-0
-0
-0
-0
-0
-0
-0
30.6611
1.29534
-0
-0
-0
-0
-0
-0
0.198287
16.3255
-0
-0
-0
-0
-0
-0
-0
-0
-0
20.4777
10.5749
-0
17.9985
-0
3.19017
-0
-0
-0
-0
-0
-0
-0
73.021
7.74129
-0
-0
-0
-0
-0
17.8811
-0
5.31078
18.332
-0
-0
0.0827585
-0
-0
-0
43.3045
-0
-0
-0
-0
10.9437
-0
-0
1.59939
-0
-0
23.7251
-0
-0
-0
-0
-0
-0
-0
-0
-0
-0
-0
-0
-0
-0
-0
-0
-0
-0
2.87922
23.3007
-0
-0
7.10607
-0
-0
-0
-0
-0
26.6607
0.752062
-0
-0
-0
-0
-0
-0
-0
-0
-0
-0
-0
20.3076
20.845
-0
34.2492
-0
9.54145
-0
-0
-0
-0
-0
-0
-0
77.9234
-0
-0
-0
-0
-0
-0
15.4669
30.8956
6.62227
14.0759
-0
-0
-0
-0
-0
-0
-0
-0
-0
-0
16.4293
-0
-0
-0
-0
-0
-0
-0
61.3989
-0
7.65552
27.6329
-0
-0
2.8403
-0
-0
-0
-0
-0
-0
-0
-0
10.4586
-0
26.307
30.3452
14.1246
-0
-0
-0
-0
-0
-0
-0
-0
-0
26.5879
36.3486
-0
-0
-0
-0
-0
16.0456
-0
-0
-0
-0
-0
-0
-0
-0
-0
26.6656
-0
-0
21.0737
-0
-0
-0
-0
25.3632
6.07918
6.06394
-0
14.9251
-0
-0
-0
-0
-0
-0
-0
-0
-0
-0
-0
-0
-0
27.858
11.8706
-0
-0
-0
-0
-0
9.9232
-0
-0
-0
-0
-0
-0
-0
-0
-0
-0
-0
-0
-0
-0
-0
-0
-0
-0
-0
1.69838
-0
-0
-0
-0
-0
-0
56.2227
-0
-0
-0
25.1282
1.2256
-0
-0
-0
-0
-0
-0
-0
-0
-0
-0
-0
-0
-0
-0
-0
4.15124
-0
-0
-0
-0
-0
-0
17.6143
-0
-0
-0
-0
-0
-0
28.7909
-0
19.7061
-0
-0
-0
-0
-0
-0
-0
-0
-0
-0
-0
-0
-0
-0
-0
-0
-0
-0
31.1161
-0
-0
-0
-0
-0
-0
-0
-0
-0
-0
54.827
39.7665
-0
-0
-0
-0
-0
-0
0.398648
-0
-0
12.2131
-0
11.2718
-0
35.4768
-0
-0
-0
60.7781
-0
-0
26.9731
-0
-0
-0
-0
-0
-0
-0
-0
-0
-0
-0
-0
-0
20.8761
-0
-0
-0
-0
10.7476
-0
-0
49.7869
-0
-0
-0
-0
-0
-0
-0
-0
-0
-0
-0
-0
-0
73.9738
8.73139
-0
-0
16.7103
-0
-0
3.55259
-0
-0
-0
-0
-0
7.30753
18.0739
-0
1.20792
-0
-0
-0
-0
-0
-0
-0
-0
-0
-0
16.4584
-0
-0
-0
-0
-0
-0
-0
13.0116
-0
-0
-0
-0
9.9734
-0
-0
-0
-0
-0
22.0192
11.8923
-0
-0
-0
-0
-0
40.7874
24.5434
-0
-0
-0
-0
-0
-0
-0
23.5527
2.98841
-0
-0
-0
-0
29.8034
49.1852
-0
-0
-0
-0
-0
-0
11.8061
-0
5.47928
-0
-0
12.2421
-0
-0
-0
-0
1.62095
-0
14.5751
-0
-0
-0
-0
0.179166
-0
-0
-0
8.59787
-0
73.7316
-0
-0
0.991838
-0
-0
8.2389
-0
-0
-0
1.10021
33.513
-0
-0
-0
44.6015
-0
-0
119.293
-0
-0
0.0893435
12.1801
-0
-0
-0
16.5239
-0
-0
46.3484
12.8085
-0
-0
-0
-0
-0
3.08211
-0
-0
-0
27.9696
-0
-0
-0
-0
-0
-0
-0
16.2119
-0
-0
2.53434
-0
-0
-0
-0
-0
-0
-0
-0
-0
-0
-0
-0
-0
-0
-0
-0
-0
-0
-0
-0
-0
-0
-0
31.333
-0
-0
19.3137
-0
-0
-0
8.62643
-0
-0
-0
-0
-0
-0
-0
-0
-0
-0
-0
-0
-0
-0
-0
17.3736
-0
10.5488
-0
-0
-0
25.0697
-0
-0
-0
-0
-0
-0
-0
-0
-0
-0
11.5272
-0
46.774
-0
-0
-0
-0
25.1083
5.33611
-0
-0
68.4634
-0
11.5689
28.3823
-0
-0
25.7641
-0
-0
-0
16.6899
-0
-0
20.6731
-0
-0
-0
-0
-0
29.7152
-0
-0
45.6534
-0
-0
-0
-0
4.68029
28.3637
-0
17.6703
2.40255
-0
-0
-0
-0
-0
2.50697
-0
-0
-0
-0
-0
-0
-0
-0
-0
-0
-0
-0
10.5105
10.7605
32.5089
19.2704
-0
-0
-0
-0
11.7221
4.39539
-0
-0
-0
-0
-0
-0
-0
-0
-0
-0
30.3741
-0
-0
-0
-0
-0
-0
-0
-0
21.3035
-0
52.7055
-0
-0
-0
-0
-0
-0
-0
-0
-0
-0
-0
-0
-0
-0
-0
-0
-0
10.6969
-0
-0
32.1925
-0
26.6361
0.192154
24.9054
-0
-0
24.9252
-0
-0
-0
52.5187
-0
-0
-0
-0
-0
-0
-0
15.6411
-0
-0
-0
-0
-0
-0
-0
-0
-0
-0
-0
-0
-0
-0
-0
-0
-0
-0
-0
-0
-0
-0
-0
1.05673
-0
-0
-0
-0
-0
-0
-0
-0
-0
4.77385
-0
-0
-0
-0
-0
-0
-0
-0
-0
-0
-0
-0
-0
-0
-0
-0
10.7608
28.0212
-0
-0
-0
-0
-0
-0
-0
-0
-0
-0
22.4638
-0
1.6991
-0
-0
-0
-0
-0
-0
-0
-0
-0
-0
-0
-0
-0
-0
-0
-0
-0
-0
10.3056
-0
-0
-0
-0
-0
4.34199
-0
-0
-0
-0
-0
28.4339
-0
-0
-0
-0
-0
-0
-0
26.6914
51.0904
-0
-0
-0
9.89137
17.055
-0
-0
-0
-0
-0
-0
-0
-0
4.70301
19.1421
-0
-0
-0
0.0114639
-0
-0
4.8567
-0
-0
-0
-0
-0
68.4648
15.0166
-0
4.05203
-0
-0
-0
-0
-0
-0
-0
-0
-0
-0
-0
-0
-0
-0
-0
-0
-0
-0
-0
-0
-0
-0
-0
-0
-0
-0
-0
39.6747
-0
-0
-0
26.4544
-0
13.0475
-0
19.5403
7.08984
-0
19.3233
-0
-0
-0
5.32563
-0
-0
-0
-0
-0
-0
-0
-0
-0
13.3855
-0
-0
-0
-0
-0
-0
-0
-0
-0
-0
-0
17.5656
27.0648
8.04573
-0
-0
-0
-0
-0
-0
-0
-0
-0
29.3997
-0
-0
-0
-0
-0
-0
4.3367
-0
-0
-0
-0
-0
-0
-0
-0
-0
-0
-0
-0
-0
-0
23.3154
-0
-0
-0
-0
-0
-0
-0
-0
-0
-0
40.3768
-0
-0
-0
-0
-0
-0
-0
-0
-0
-0
14.2222
-0
-0
-0
25.5331
-0
-0
-0
-0
-0
-0
50.6769
9.71355
-0
-0
6.15745
-0
-0
-0
-0
-0
14.676
-0
-0
25.1437
2.37799
-0
-0
-0
-0
-0
-0
-0
-0
13.2446
-0
-0
-0
-0
-0
-0
-0
5.75552
4.35808
-0
-0
-0
9.37591
-0
-0
-0
-0
-0
-0
-0
-0
-0
3.92833
-0
-0
-0
-0
8.00811
-0
31.3192
-0
-0
-0
-0
-0
-0
-0
-0
-0
-0
-0
35.4921
-0
-0
-0
-0
10.9173
-0
-0
-0
6.18422
-0
-0
-0
-0
-0
-0
3.44279
-0
-0
-0
-0
-0
-0
-0
31.8685
-0
-0
-0
-0
-0
-0
-0
-0
-0
-0
-0
-0
-0
-0
-0
-0
-0
1.82616
-0
-0
-0
-0
-0
-0
-0
-0
-0
4.8721
0.923646
-0
-0
-0
-0
-0
-0
-0
12.1032
-0
-0
-0
-0
8.8297
-0
-0
42.2681
-0
-0
-0
-0
12.1303
-0
-0
-0
-0
-0
25.6803
-0
-0
-0
-0
71.0168
-0
-0
-0
-0
-0
-0
-0
-0
-0
-0
-0
-0
-0
-0
-0
-0
-0
16.0529
-0
-0
-0
-0
-0
-0
-0
-0
-0
-0
-0
-0
-0
-0
-0
-0
-0
-0
-0
19.3265
-0
-0
-0
-0
-0
-0
-0
-0
-0
26.2212
-0
-0
3.06529
-0
78.5598
11.8408
-0
-0
-0
-0
-0
-0
-0
-0
-0
0.0406284
-0
17.854
-0
-0
7.32232
2.51569
-0
32.3843
-0
-0
35.2235
17.8314
14.1901
-0
-0
-0
-0
-0
-0
-0
30.9857
-0
14.2315
-0
46.8481
-0
-0
-0
91.2281
-0
-0
-0
-0
-0
-0
-0
-0
-0
16.2305
-0
17.6333
-0
-0
-0
8.73615
-0
-0
59.128
-0
-0
-0
-0
23.2864
-0
-0
2.98184
-0
-0
-0
-0
-0
62.5331
-0
-0
-0
1.33764
-0
-0
14.0264
-0
-0
-0
-0
-0
-0
-0
-0
-0
-0
-0
-0
-0
-0
-0
24.2622
-0
-0
-0
-0
4.14653
-0
29.7585
34.3553
-0
-0
-0
-0
-0
-0
-0
-0
-0
-0
42.7773
-0
-0
-0
-0
20.3013
-0
-0
-0
-0
-0
-0
-0
-0
-0
-0
-0
38.8778
-0
-0
25.7074
-0
34.9328
32.9232
-0
-0
-0
-0
-0
11.419
-0
-0
-0
-0
-0
-0
-0
-0
7.81256
-0
-0
-0
-0
-0
-0
-0
-0
8.57024
-0
-0
-0
-0
-0
9.13538
-0
-0
-0
-0
-0
-0
-0
-0
20.869
-0
-0
26.2155
-0
-0
-0
-0
33.1197
65.3362
-0
8.13767
-0
-0
3.46074
-0
0.628791
2.19516
-0
-0
-0
-0
-0
-0
51.8091
-0
-0
-0
-0
7.53536
-0
-0
-0
-0
-0
24.9626
-0
-0
-0
-0
-0
4.83791
40.87
-0
-0
-0
8.93233
-0
-0
58.472
-0
-0
-0
-0
-0
-0
-0
-0
-0
-0
-0
-0
-0
-0
-0
7.31317
-0
-0
-0
-0
-0
-0
-0
0.643131
-0
-0
36.6062
-0
-0
-0
-0
-0
-0
-0
-0
-0
-0
-0
-0
8.13675
33.3989
46.5229
-0
-0
-0
-0
-0
-0
-0
-0
-0
-0
-0
-0
-0
-0
-0
-0
-0
-0
-0
5.63241
-0
-0
-0
-0
7.07284
0.289365
-0
19.3192
-0
-0
-0
-0
-0
-0
-0
-0
-0
-0
-0
1.94922
-0
-0
-0
-0
-0
-0
-0
-0
-0
2.3628
-0
-0
-0
-0
-0
-0
-0
-0
-0
-0
49.2037
4.09098
-0
-0
16.4102
-0
-0
-0
-0
-0
-0
-0
1.74821
-0
-0
-0
37.9597
41.4625
-0
-0
-0
5.72519
7.7028
-0
-0
-0
-0
-0
-0
-0
-0
-0
-0
-0
-0
-0
24.5111
-0
3.70145
-0
46.3611
-0
-0
-0
31.8275
-0
-0
-0
0.566955
-0
-0
-0
13.7428
-0
0.624441
27.3281
-0
-0
-0
-0
-0
3.80559
-0
-0
-0
-0
-0
-0
-0
-0
12.1991
-0
-0
2.99588
-0
30.3643
-0
-0
-0
-0
-0
-0
-0
-0
-0
-0
-0
-0
23.6427
-0
2.55528
-0
-0
-0
-0
24.2137
-0
-0
-0
14.3903
-0
-0
24.8391
-0
-0
-0
-0
1.50002
-0
-0
-0
-0
4.8487
-0
-0
-0
-0
33.1848
-0
-0
1.51425
-0
-0
-0
-0
-0
-0
-0
-0
-0
11.352
-0
5.33476
-0
22.4084
-0
-0
-0
-0
-0
-0
-0
-0
-0
-0
3.69563
-0
-0
-0
-0
-0
-0
10.5615
30.509
-0
21.9749
29.2732
-0
21.4896
3.78612
26.2121
-0
-0
-0
-0
2.1349
-0
-0
-0
-0
-0
-0
-0
-0
-0
27.9825
-0
-0
-0
-0
24.7591
-0
-0
-0
35.6587
29.5647
13.1919
80.3255
-0
-0
-0
-0
39.3226
-0
-0
-0
-0
-0
-0
43.9641
-0
-0
-0
-0
-0
-0
-0
-0
9.89872
-0
-0
-0
-0
-0
-0
-0
-0
-0
-0
-0
-0
-0
-0
73.1316
-0
-0
-0
-0
-0
-0
-0
-0
16.1431
-0
20.0422
-0
-0
35.1881
2.34589
-0
9.98784
-0
-0
-0
-0
-0
-0
-0
-0
-0
-0
29.8548
-0
-0
-0
-0
86.181
-0
-0
-0
-0
-0
-0
-0
-0
-0
5.78764
-0
-0
-0
-0
-0
-0
-0
-0
15.6501
-0
-0
30.3303
2.60603
-0
-0
-0
-0
-0
-0
-0
19.5844
-0
-0
-0
-0
-0
10.9276
-0
-0
14.6417
-0
-0
-0
-0
4.83292
-0
27.3634
-0
-0
21.8433
-0
37.6318
0.855011
-0
-0
-0
-0
-0
-0
1.59676
-0
-0
-0
-0
-0
-0
31.3709
-0
-0
-0
-0
-0
-0
-0
22.0409
-0
-0
-0
-0
-0
-0
-0
-0
-0
3.09035
-0
-0
-0
-0
-0
23.4933
-0
-0
-0
-0
-0
-0
68.6813
-0
-0
-0
-0
-0
-0
-0
34.0719
-0
-0
-0
14.6646
-0
-0
-0
29.9212
-0
8.22719
84.5437
-0
-0
15.4442
-0
-0
-0
-0
-0
-0
8.00489
-0
-0
-0
-0
-0
-0
42.3417
-0
-0
-0
20.3786
-0
19.349
-0
-0
-0
-0
13.416
-0
-0
-0
-0
-0
-0
13.9226
3.61001
-0
-0
-0
-0
-0
-0
30.9605
-0
-0
-0
13.8894
-0
1.21079
-0
-0
-0
-0
-0
-0
-0
34.1425
22.6089
-0
-0
13.4999
-0
-0
-0
-0
20.5747
6.80404
1.06279
-0
-0
-0
-0
-0
-0
-0
34.4408
-0
-0
-0
-0
-0
-0
32.4718
-0
-0
-0
-0
38.6435
-0
-0
-0
-0
-0
-0
-0
-0
8.74854
-0
29.4264
32.7733
-0
-0
-0
-0
-0
-0
-0
-0
-0
-0
11.007
-0
-0
-0
-0
-0
46.2476
-0
-0
-0
-0
-0
-0
-0
71.3357
-0
-0
-0
-0
-0
-0
-0
-0
8.91837
-0
17.2674
-0
-0
-0
-0
-0
11.4976
-0
-0
-0
-0
-0
-0
-0
-0
-0
9.85528
-0
-0
-0
-0
-0
46.4708
-0
-0
-0
-0
0.74185
-0
-0
-0
11.0373
-0
-0
-0
34.7443
-0
6.75921
-0
-0
9.65233
55.0551
-0
-0
-0
30.3999
-0
-0
29.4379
-0
-0
-0
-0
-0
-0
-0
-0
-0
-0
-0
-0
-0
-0
-0
-0
-0
13.5464
-0
-0
-0
-0
-0
-0
-0
-0
-0
-0
-0
-0
-0
42.8699
-0
7.4683
58.5861
-0
-0
-0
-0
-0
-0
-0
-0
-0
1.23581
-0
-0
-0
42.4201
-0
-0
-0
-0
-0
-0
-0
-0
-0
-0
-0
32.6613
2.19091
-0
-0
1.80259
-0
-0
8.71907
-0
-0
-0
-0
-0
-0
26.0292
-0
-0
56.2647
-0
-0
-0
-0
28.5819
-0
-0
38.8047
-0
-0
-0
45.4389
-0
-0
-0
-0
-0
13.5891
-0
-0
-0
59.095
-0
-0
-0
-0
18.1503
-0
-0
-0
-0
19.4651
27.0007
-0
-0
-0
-0
-0
-0
-0
-0
-0
-0
2.61856
-0
-0
-0
48.5727
-0
-0
-0
-0
-0
-0
-0
-0
-0
-0
-0
-0
-0
17.5517
9.81402
-0
-0
-0
-0
0.197091
-0
-0
-0
-0
-0
-0
-0
31.9276
-0
-0
-0
-0
-0
70.7696
-0
29.1413
-0
26.4232
-0
-0
-0
-0
33.2866
-0
-0
-0
18.2733
-0
37.8005
-0
32.6123
-0
-0
-0
-0
-0
-0
-0
-0
-0
-0
-0
10.5622
-0
-0
-0
-0
-0
-0
-0
-0
1.33871
77.5549
-0
52.0236
-0
-0
-0
-0
-0
-0
-0
-0
-0
-0
-0
-0
-0
-0
-0
9.33993
20.1361
6.93262
-0
-0
-0
-0
-0
-0
-0
-0
-0
-0
-0
-0
-0
-0
-0
-0
-0
-0
-0
-0
-0
-0
-0
-0
-0
11.094
-0
19.9443
-0
-0
-0
-0
-0
-0
-0
-0
-0
-0
-0
10.7602
-0
-0
-0
30.3421
-0
-0
-0
-0
-0
12.3293
-0
-0
-0
-0
-0
-0
-0
-0
-0
-0
15.6997
-0
-0
31.3691
-0
-0
-0
-0
-0
13.4324
-0
-0
-0
-0
11.6022
-0
-0
64.0275
-0
-0
-0
-0
-0
29.103
-0
-0
-0
-0
8.92405
20.6495
-0
-0
23.8346
-0
-0
-0
-0
-0
-0
-0
-0
-0
28.6787
-0
-0
-0
-0
-0
-0
-0
-0
-0
-0
-0
-0
-0
-0
8.00232
-0
5.86992
-0
-0
-0
-0
-0
-0
-0
9.52776
-0
-0
-0
-0
-0
-0
-0
-0
-0
-0
26.3211
-0
8.7351
-0
-0
-0
-0
-0
-0
-0
-0
-0
34.8965
-0
-0
-0
-0
-0
-0
-0
-0
-0
-0
-0
-0
78.0014
-0
-0
-0
-0
-0
19.7551
17.8436
-0
-0
-0
24.4237
-0
-0
17.1889
-0
-0
-0
51.6761
74.3843
-0
-0
4.72888
21.46
-0
10.76
-0
-0
-0
-0
-0
-0
-0
-0
1.65507
-0
-0
4.08122
-0
-0
-0
-0
-0
-0
-0
-0
-0
30.0722
11.8779
27.0438
7.54644
-0
-0
-0
6.30767
-0
-0
-0
-0
51.8363
-0
-0
-0
-0
-0
-0
-0
76.7696
-0
24.9788
-0
-0
-0
-0
-0
-0
32.7127
-0
-0
-0
-0
-0
-0
-0
29.4035
-0
-0
-0
-0
17.2064
-0
12.8684
-0
