0.458914
-0
-0
-0
-0
5.14208
-0
11.6406
24.643
-0
36.7581
-0
-0
-0
-0
24.7669
-0
1.05802
-0
-0
-0
-0
-0
6.39587
-0
-0
10.6932
-0
-0
-0
-0
-0
-0
-0
2.82139
-0
-0
-0
-0
-0
-0
-0
-0
-0
-0
-0
-0
0.0450242
-0
-0
-0
-0
-0
-0
-0
-0
-0
1.91929
49.1737
-0
-0
-0
-0
-0
20.0924
-0
22.7742
24.5127
-0
1.92233
-0
-0
-0
-0
-0
4.53192
-0
-0
-0
-0
-0
57.3723
-0
1.52288
16.7501
15.213
-0
-0
-0
-0
12.0999
-0
-0
-0
5.17502
-0
4.20093
-0
-0
-0
-0
-0
-0
-0
24.3318
-0
30.2101
-0
-0
-0
12.4532
-0
-0
-0
-0
33.493
-0
-0
51.7907
5.84533
-0
-0
-0
-0
22.0978
-0
-0
-0
-0
-0
-0
23.0014
-0
-0
-0
-0
-0
-0
-0
18.7784
-0
-0
1.78235
-0
3.68542
-0
-0
-0
-0
-0
-0
10.418
-0
-0
8.17223
-0
4.71593
-0
-0
-0
25.8393
-0
-0
24.8348
-0
-0
9.84024
-0
-0
4.07022
-0
14.6441
-0
-0
-0
-0
-0
-0
-0
-0
-0
-0
-0
-0
-0
15.3518
-0
-0
15.2732
-0
-0
30.5637
-0
-0
-0
-0
-0
4.53665
-0
-0
-0
-0
-0
-0
-0
-0
-0
-0
6.84495
-0
15.9686
-0
20.2172
-0
-0
-0
1.69864
-0
-0
-0
-0
-0
19.1589
22.3834
-0
-0
-0
9.31038
4.71905
-0
-0
-0
-0
-0
-0
-0
-0
-0
-0
-0
-0
-0
-0
-0
-0
-0
23.0459
-0
-0
-0
-0
-0
-0
-0
11.1493
-0
-0
9.92488
-0
-0
-0
-0
-0
15.7423
-0
-0
-0
-0
-0
-0
-0
31.5998
7.09909
-0
-0
-0
13.2182
-0
-0
-0
11.8739
3.24888
-0
-0
-0
-0
-0
40.8747
-0
-0
-0
-0
16.9201
-0
-0
-0
-0
-0
-0
57.1355
-0
-0
1.76582
-0
6.66744
5.7982
-0
-0
14.7107
-0
4.43183
5.9588
-0
-0
-0
1.91792
-0
-0
-0
0.0673382
-0
-0
-0
0.0321255
44.5245
-0
-0
-0
-0
0.100559
-0
-0
-0
-0
-0
-0
-0
2.86583
-0
-0
-0
-0
-0
2.89269
-0
-0
8.54814
-0
9.14424
-0
44.1552
-0
-0
-0
13.9822
-0
-0
-0
1.09372
0.22976
6.09137
-0
-0
38.8364
-0
2.33611
-0
-0
-0
-0
-0
-0
1.4026
35.527
-0
-0
7.03882
-0
-0
-0
-0
-0
-0
-0
-0
-0
-0
-0
-0
-0
-0
10.7433
-0
-0
-0
6.93522
-0
43.1506
-0
-0
-0
28.4478
-0
-0
-0
-0
-0
-0
-0
11.9373
-0
-0
-0
-0
-0
41.1296
-0
-0
-0
-0
-0
-0
-0
-0
-0
-0
6.59896
6.50137
-0
-0
-0
-0
20.0034
-0
19.8668
-0
3.21993
-0
-0
-0
-0
-0
-0
-0
-0
-0
-0
-0
-0
-0
17.3904
-0
-0
-0
27.376
28.7539
-0
-0
-0
-0
-0
-0
-0
-0
-0
-0
-0
-0
-0
-0
10.3348
-0
-0
-0
-0
-0
-0
-0
-0
-0
-0
-0
-0
-0
-0
-0
-0
30.4155
-0
-0
52.4653
-0
-0
-0
-0
5.81556
11.5969
-0
-0
-0
-0
-0
37.5192
-0
-0
-0
-0
-0
-0
6.00486
-0
-0
-0
-0
-0
10.2918
-0
-0
2.64975
-0
15.7282
-0
-0
28.1164
-0
-0
-0
15.7421
-0
-0
-0
-0
-0
-0
42.2509
-0
19.1431
7.62951
-0
-0
-0
-0
-0
-0
-0
-0
-0
-0
-0
9.74291
-0
-0
-0
-0
53.4927
-0
-0
-0
-0
-0
-0
-0
17.8435
-0
-0
-0
-0
-0
-0
10.5601
-0
13.6168
-0
-0
-0
17.9007
-0
-0
-0
-0
-0
-0
-0
-0
-0
-0
-0
-0
0.497793
30.0178
-0
-0
3.08173
-0
-0
-0
-0
19.6466
-0
-0
-0
-0
-0
-0
-0
-0
-0
-0
-0
4.51178
-0
-0
-0
-0
-0
-0
22.7354
-0
5.92106
0.261403
-0
-0
-0
31.5132
-0
-0
-0
-0
13.0754
-0
-0
-0
-0
-0
-0
-0
-0
-0
-0
-0
-0
-0
-0
-0
-0
-0
-0
-0
-0
1.24245
-0
-0
-0
-0
-0
8.90765
-0
-0
-0
-0
-0
17.3556
0.595297
-0
-0
29.2479
-0
-0
-0
-0
-0
-0
-0
-0
3.65499
19.1923
-0
-0
-0
1.95996
5.84841
3.47377
12.0799
-0
-0
7.16503
-0
-0
6.91442
-0
-0
-0
10.5053
-0
-0
20.3572
-0
22.1768
-0
-0
-0
-0
-0
-0
35.8212
-0
-0
-0
-0
-0
-0
1.48077
-0
-0
-0
-0
-0
-0
-0
-0
-0
-0
-0
-0
-0
-0
-0
-0
29.5984
1.32947
39.4546
-0
-0
7.71596
-0
-0
-0
1.64219
-0
-0
-0
-0
-0
-0
-0
30.915
-0
-0
-0
33.8154
3.72717
-0
-0
-0
19.2578
-0
-0
-0
3.30049
-0
0.320708
15.9607
-0
-0
13.1261
-0
17.4613
-0
-0
-0
-0
-0
-0
-0
-0
-0
-0
-0
-0
10.3039
-0
-0
-0
-0
-0
-0
22.379
38.3788
-0
-0
-0
-0
-0
-0
20.3559
-0
-0
-0
-0
-0
-0
-0
-0
-0
2.81586
-0
-0
2.04848
-0
-0
-0
-0
-0
-0
-0
11.7267
-0
-0
-0
29.0101
-0
-0
-0
-0
2.97007
-0
-0
4.27034
-0
1.70838
21.08
-0
33.6924
19.3571
-0
-0
-0
9.71458
-0
-0
-0
-0
-0
-0
-0
21.4531
-0
-0
0.0744482
-0
0.602574
-0
-0
19.925
-0
0.00220013
33.9234
-0
-0
-0
-0
-0
-0
-0
23.6135
-0
-0
-0
-0
-0
-0
-0
-0
-0
-0
48.7781
-0
-0
-0
-0
-0
10.1125
-0
-0
-0
18.1567
-0
-0
-0
-0
-0
-0
-0
-0
-0
-0
15.693
-0
-0
-0
-0
-0
-0
-0
-0
-0
22.1625
-0
-0
-0
11.5695
-0
-0
-0
-0
-0
-0
-0
-0
0.897481
-0
-0
-0
7.17701
-0
-0
-0
-0
-0
-0
-0
-0
-0
-0
-0
-0
-0
37.4597
-0
-0
38.5678
-0
-0
-0
-0
-0
1.99353
-0
-0
-0
-0
15.9629
-0
-0
-0
-0
-0
-0
-0
-0
-0
-0
-0
-0
11.6271
3.24522
-0
-0
-0
52.3155
-0
-0
-0
38.4515
-0
-0
-0
31.7905
-0
-0
-0
-0
-0
-0
-0
-0
-0
-0
-0
-0
-0
13.7011
-0
-0
-0
22.6488
23.9902
-0
13.722
8.26522
-0
-0
21.7071
-0
-0
-0
-0
39.0116
-0
-0
0.853786
-0
-0
-0
12.4272
9.5159
-0
-0
-0
-0
-0
-0
12.8888
-0
-0
11.1519
-0
10.8087
33.1902
1.50724
-0
-0
-0
-0
-0
-0
-0
-0
14.1926
8.21236
-0
-0
-0
-0
-0
-0
-0
-0
-0
-0
-0
20.1089
10.4342
-0
18.9116
-0
26.5851
-0
-0
1.25527
-0
-0
-0
-0
-0
9.42395
-0
-0
-0
-0
-0
-0
-0
-0
-0
29.3188
-0
-0
6.51177
-0
-0
-0
-0
-0
-0
-0
-0
55.1705
-0
5.12616
-0
-0
-0
13.0234
-0
-0
-0
-0
-0
-0
-0
-0
-0
-0
-0
-0
-0
-0
-0
-0
-0
10.0958
-0
24.0178
-0
-0
-0
-0
9.96406
-0
-0
-0
-0
-0
54.3097
-0
-0
-0
-0
-0
-0
-0
7.34655
7.78463
-0
-0
-0
-0
-0
17.4994
-0
-0
-0
-0
4.02196
-0
-0
-0
-0
-0
-0
-0
-0
-0
33.6783
28.4588
-0
-0
-0
15.8357
-0
-0
-0
-0
-0
-0
-0
-0
-0
-0
-0
-0
30.7987
-0
1.77018
-0
-0
-0
-0
-0
-0
22.1948
-0
-0
12.6187
-0
20.1338
-0
-0
-0
-0
-0
-0
-0
-0
-0
-0
2.76602
-0
-0
-0
-0
-0
-0
-0
17.3072
-0
-0
-0
-0
-0
-0
-0
-0
2.29527
-0
-0
-0
33.4287
-0
47.7032
-0
-0
-0
-0
-0
-0
-0
39.6998
-0
-0
5.64644
-0
-0
-0
1.46319
-0
-0
-0
-0
-0
-0
-0
2.27758
-0
-0
-0
-0
-0
-0
-0
15.0364
-0
-0
12.6078
-0
-0
-0
-0
-0
-0
-0
2.86279
4.71748
-0
-0
-0
-0
-0
32.797
-0
-0
-0
19.7406
-0
-0
-0
-0
-0
-0
-0
-0
-0
-0
-0
-0
-0
-0
-0
38.2613
-0
1.00971
28.842
32.6878
-0
28.8282
-0
12.6247
4.75197
-0
-0
2.11101
-0
-0
-0
-0
7.89007
31.1358
-0
3.81635
9.08513
-0
-0
-0
-0
19.8847
-0
-0
10.2574
22.4836
-0
-0
12.5731
9.56499
2.00783
-0
10.9583
-0
-0
5.13011
1.79186
-0
-0
-0
2.2533
5.80105
-0
-0
-0
6.11039
10.853
-0
-0
-0
10.0379
-0
16.5745
22.2057
-0
-0
-0
-0
27.9632
6.17304
-0
-0
-0
-0
-0
-0
-0
-0
5.0511
-0
-0
-0
10.6492
-0
25.6516
26.7498
-0
-0
-0
-0
3.3844
33.8118
-0
-0
-0
-0
-0
-0
-0
-0
-0
-0
29.3214
-0
-0
-0
-0
-0
8.70434
-0
-0
-0
-0
-0
-0
11.0499
-0
12.5773
-0
-0
-0
8.49894
-0
-0
-0
-0
-0
-0
-0
-0
8.71257
47.9356
-0
-0
-0
-0
22.8428
-0
-0
-0
-0
-0
-0
-0
-0
-0
-0
-0
-0
-0
-0
30.2016
-0
1.47332
0.319482
-0
9.26209
2.37998
-0
11.3003
19.5538
-0
-0
-0
-0
-0
-0
-0
-0
-0
-0
-0
-0
-0
-0
-0
-0
-0
-0
-0
-0
-0
-0
-0
-0
-0
-0
-0
-0
-0
-0
6.07635
14.5321
-0
16.8763
-0
-0
-0
-0
-0
-0
-0
-0
-0
-0
-0
43.248
-0
4.69767
-0
-0
-0
-0
-0
16.8878
-0
-0
-0
-0
-0
-0
-0
17.7517
-0
-0
-0
2.26374
-0
-0
-0
18.488
-0
-0
-0
-0
-0
-0
-0
-0
-0
-0
-0
-0
-0
-0
-0
22.0782
15.4817
-0
-0
-0
-0
-0
-0
-0
-0
-0
-0
19.0187
-0
-0
-0
26.7226
-0
-0
-0
-0
-0
-0
-0
-0
-0
-0
-0
-0
5.09197
-0
9.11285
-0
-0
-0
-0
-0
-0
-0
-0
-0
-0
-0
-0
41.5324
-0
-0
-0
-0
-0
-0
27.7754
1.26565
34.0198
24.8212
-0
9.25512
24.036
-0
-0
-0
32.4454
-0
-0
-0
-0
35.7196
-0
-0
3.13614
-0
-0
30.2154
-0
-0
-0
-0
-0
-0
1.70858
-0
-0
-0
-0
-0
-0
-0
-0
-0
-0
-0
3.15702
5.46054
-0
-0
-0
-0
-0
-0
-0
-0
-0
14.7168
-0
-0
-0
-0
-0
-0
-0
-0
-0
-0
-0
-0
2.97625
-0
11.5587
-0
-0
7.45058
12.3488
-0
-0
-0
-0
-0
38.7889
-0
-0
-0
-0
-0
-0
5.34904
26.158
11.0261
-0
-0
-0
-0
-0
-0
-0
-0
-0
-0
-0
2.01149
-0
-0
-0
-0
-0
-0
-0
75.6364
-0
-0
20.6193
-0
-0
46.869
-0
-0
-0
-0
-0
-0
-0
-0
5.62319
-0
56.7282
0.388782
6.43389
-0
-0
-0
-0
-0
-0
-0
-0
-0
43.1883
4.57817
-0
-0
-0
-0
-0
-0
-0
0.584425
-0
-0
-0
-0
-0
8.94617
-0
0.299166
-0
-0
8.23848
-0
-0
-0
-0
-0
0.757909
-0
-0
41.6628
-0
-0
-0
-0
10.7722
-0
-0
-0
-0
-0
-0
-0
5.73712
57.2586
16.4675
-0
-0
-0
-0
-0
-0
-0
-0
-0
-0
-0
-0
28.9511
-0
-0
-0
-0
6.48076
-0
-0
-0
-0
-0
-0
-0
-0
26.0588
-0
-0
-0
-0
-0
29.0374
-0
-0
-0
-0
-0
-0
-0
-0
-0
-0
-0
-0
-0
-0
-0
-0
-0
-0
-0
-0
24.5229
-0
-0
-0
17.6566
-0
-0
0.382943
-0
-0
-0
-0
-0
-0
5.23107
-0
45.5029
-0
-0
-0
-0
-0
-0
-0
15.549
-0
-0
-0
-0
-0
-0
0.780429
-0
-0
-0
4.75529
-0
-0
0.713056
-0
-0
-0
-0
-0
-0
-0
26.9458
8.98524
-0
-0
-0
-0
-0
-0
1.85682
-0
-0
20.7063
-0
10.2441
3.78595
15.5381
1.21248
-0
-0
17.9425
-0
-0
26.9457
-0
-0
-0
-0
21.3924
-0
-0
-0
-0
-0
-0
-0
-0
6.07889
3.80319
-0
-0
-0
2.26484
-0
-0
-0
-0
-0
-0
-0
-0
-0
-0
-0
-0
-0
-0
-0
-0
17.8722
16.6081
-0
-0
31.3069
-0
-0
9.34236
-0
-0
-0
-0
-0
19.2186
28.224
-0
0.745
-0
-0
-0
-0
-0
-0
-0
-0
2.16
-0
40.206
-0
-0
-0
-0
-0
13.746
-0
7.42627
-0
-0
-0
-0
-0
-0
-0
-0
-0
-0
26.529
4.67249
-0
-0
-0
-0
-0
-0
60.8206
-0
6.18388
-0
-0
-0
-0
-0
30.5987
6.16635
-0
-0
-0
-0
54.593
13.822
-0
-0
-0
-0
-0
-0
-0
-0
-0
0.78598
-0
63.4499
-0
-0
-0
-0
1.22567
-0
42.6426
-0
-0
-0
-0
0.0206828
10.798
-0
-0
1.63365
1.74539
37.2943
-0
-0
20.0562
-0
-0
-0
-0
-0
-0
-0
0.505472
-0
2.38394
19.3262
34.3898
13.1431
-0
41.1938
-0
-0
-0
9.80006
16.0273
-0
-0
8.44589
-0
-0
36.4526
27.7847
-0
-0
-0
-0
0.883753
-0
-0
-0
-0
40.8564
-0
-0
20.8558
-0
-0
-0
-0
17.0913
54.5962
-0
3.60083
-0
11.4583
-0
-0
-0
-0
-0
-0
-0
-0
-0
-0
-0
-0
-0
-0
-0
-0
-0
-0
1.20448
-0
-0
51.321
-0
-0
-0
-0
11.6972
-0
31.4328
-0
-0
-0
-0
-0
-0
-0
-0
-0
-0
-0
-0
-0
-0
-0
10.2715
-0
-0
-0
4.17782
-0
20.0262
-0
-0
-0
-0
-0
-0
-0
-0
-0
-0
32.1744
-0
20.9417
-0
-0
-0
-0
35.2607
12.129
-0
-0
48.1372
-0
-0
13.0048
-0
-0
9.27312
-0
-0
-0
30.7554
-0
-0
-0
-0
-0
-0
-0
-0
9.2802
-0
6.9131
7.99619
-0
-0
-0
-0
0.850616
15.5149
-0
8.07799
-0
-0
-0
-0
-0
-0
4.92353
10.7953
-0
32.7883
-0
-0
-0
-0
-0
-0
-0
-0
-0
-0
14.5849
-0
6.25008
-0
-0
-0
-0
33.9695
2.93456
-0
-0
-0
1.263
-0
-0
-0
-0
-0
-0
21.3625
-0
-0
-0
-0
-0
-0
-0
-0
9.00537
-0
8.73036
-0
-0
-0
-0
-0
-0
-0
-0
-0
-0
-0
-0
-0
-0
-0
-0
-0
-0
-0
-0
56.9535
-0
5.48387
9.66323
22.2052
-0
16.1378
-0
-0
-0
-0
54.4442
-0
-0
-0
-0
-0
-0
-0
18.7318
-0
-0
-0
-0
-0
-0
-0
-0
-0
-0
-0
-0
-0
-0
-0
-0
-0
-0
-0
-0
-0
-0
-0
-0
-0
-0
10.6863
-0
-0
-0
-0
-0
-0
2.72719
-0
-0
-0
-0
-0
0.412237
-0
-0
-0
-0
-0
23.222
37.324
-0
-0
-0
34.3492
6.61296
-0
-0
-0
-0
-0
-0
-0
-0
-0
-0
24.9226
1.47836
-0
-0
-0
1.23708
-0
2.08479
-0
-0
-0
-0
-0
-0
-0
-0
-0
-0
-0
-0
-0
-0
-0
5.36273
-0
-0
-0
-0
-0
-0
-0
-0
-0
10.0386
-0
-0
-0
-0
-0
1.7288
-0
38.0502
42.6149
-0
20.6379
-0
-0
-0
-0
-0
-0
-0
-0
13.0505
-0
-0
19.945
55.2674
-0
-0
-0
-0
-0
6.17269
-0
-0
-0
-0
-0
-0
28.4132
47.3195
-0
-0
-0
-0
-0
-0
-0
-0
-0
0.337118
-0
-0
-0
-0
-0
-0
-0
-0
-0
-0
-0
-0
-0
-0
-0
-0
-0
-0
-0
15.9503
-0
-0
-0
-0
-0
13.1315
-0
28.6083
-0
-0
59.5173
27.8379
4.9247
-0
-0
-0
-0
-0
-0
-0
-0
-0
-0
-0
-0
-0
-0
-0
-0
-0
-0
-0
-0
-0
-0
-0
-0
42.4551
-0
-0
-0
-0
-0
-0
-0
13.9772
-0
-0
19.0719
-0
-0
-0
-0
-0
-0
4.43807
-0
-0
34.8102
-0
-0
-0
-0
-0
-0
-0
-0
-0
-0
-0
18.7501
23.9465
1.80028
-0
-0
14.6133
-0
-0
-0
-0
-0
-0
-0
-0
-0
11.9265
-0
-0
-0
22.0372
-0
-0
4.52045
-0
-0
-0
40.7099
-0
-0
-0
-0
-0
-0
14.0625
-0
10.7829
-0
2.44081
-0
-0
-0
-0
-0
14.4105
-0
-0
18.0214
-0
-0
-0
-0
-0
-0
-0
-0
-0
1.98003
-0
-0
-0
-0
-0
-0
-0
4.75503
-0
-0
-0
-0
-0
-0
-0
-0
-0
-0
-0
-0
-0
-0
-0
-0
-0
2.43271
-0
-0
-0
9.15756
-0
-0
-0
-0
-0
-0
-0
-0
-0
-0
-0
-0
-0
-0
-0
-0
3.25447
4.74615
-0
-0
-0
-0
-0
-0
-0
14.2525
-0
5.00482
-0
36.0164
-0
-0
-0
-0
-0
4.89394
-0
-0
-0
-0
-0
-0
-0
-0
-0
-0
-0
-0
-0
-0
-0
-0
-0
-0
-0
-0
-0
-0
-0
-0
-0
-0
-0
-0
1.00001
-0
-0
-0
13.8706
-0
-0
-0
28.8269
11.466
-0
-0
-0
29.7631
-0
28.0887
-0
-0
-0
-0
-0
9.80358
-0
42.354
-0
-0
-0
9.87937
-0
-0
-0
-0
10.8657
-0
-0
-0
4.06161
24.1698
-0
-0
-0
-0
-0
-0
-0
-0
-0
-0
-0
-0
18.8996
-0
-0
-0
-0
-0
-0
-0
-0
-0
-0
-0
-0
-0
-0
0.886217
-0
-0
-0
-0
-0
-0
-0
-0
-0
-0
-0
-0
-0
-0
1.27436
-0
-0
-0
-0
24.5144
-0
-0
-0
-0
-0
-0
-0
-0
-0
-0
-0
-0
-0
-0
-0
8.69966
33.8155
-0
21.6163
-0
-0
-0
17.6121
-0
-0
-0
-0
-0
-0
-0
-0
41.0131
-0
-0
-0
36.6686
-0
-0
-0
58.364
-0
40.1124
-0
-0
-0
-0
-0
-0
-0
-0
-0
3.35738
-0
-0
0.431246
-0
-0
-0
1.82298
-0
18.1969
2.73987
-0
21.2355
-0
-0
-0
12.7895
-0
-0
-0
-0
21.6554
-0
-0
-0
7.56901
-0
-0
23.2604
-0
-0
-0
-0
-0
-0
-0
-0
-0
-0
-0
-0
-0
-0
-0
8.81755
-0
-0
-0
-0
-0
13.4208
-0
15.2322
-0
1.28871
-0
1.77722
-0
-0
-0
18.8681
-0
-0
38.1032
-0
-0
-0
-0
-0
22.4089
4.66191
-0
-0
-0
-0
-0
9.27501
-0
17.1999
3.30739
48.0375
23.0731
-0
28.7551
-0
23.4056
2.68096
-0
9.47086
-0
-0
-0
35.5477
-0
-0
-0
-0
-0
31.9928
-0
-0
-0
-0
-0
-0
-0
-0
-0
-0
-0
16.0969
-0
-0
-0
-0
-0
22.256
-0
-0
9.80357
-0
-0
-0
-0
-0
-0
-0
-0
-0
-0
-0
-0
1.82323
-0
21.7024
-0
-0
-0
-0
9.58465
-0
-0
13.0072
-0
-0
-0
-0
-0
-0
16.6335
-0
-0
10.6781
-0
28.6737
-0
-0
-0
-0
-0
-0
-0
-0
-0
-0
-0
-0
51.1065
-0
-0
-0
-0
-0
-0
54.6624
-0
-0
-0
-0
-0
-0
-0
-0
-0
-0
-0
-0
-0
-0
-0
-0
25.22
-0
-0
-0
-0
-0
-0
3.41382
-0
-0
62.7724
-0
-0
-0
-0
-0
3.34294
-0
-0
-0
-0
-0
-0
0.497462
-0
41.5218
-0
-0
-0
-0
-0
-0
-0
-0
-0
-0
1.59147
-0
-0
-0
-0
-0
-0
-0
-0
-0
-0
-0
-0
25.8328
-0
-0
-0
-0
-0
-0
-0
-0
-0
-0
-0
-0
-0
-0
-0
6.3743
-0
-0
-0
-0
-0
-0
-0
8.36427
-0
6.31393
-0
-0
-0
-0
-0
-0
-0
-0
-0
-0
41.335
14.2927
-0
-0
-0
-0
-0
-0
-0
-0
-0
18.6102
14.559
-0
-0
-0
21.1298
30.9463
-0
5.90531
-0
1.22988
37.1928
0.0456796
1.79714
-0
-0
-0
-0
-0
-0
-0
-0
-0
-0
5.73011
22.9433
-0
-0
-0
49.8535
-0
-0
-0
-0
-0
-0
-0
0.229276
-0
-0
-0
12.9342
-0
-0
-0
-0
-0
-0
-0
0.606617
27.0487
-0
-0
-0
-0
-0
-0
-0
-0
16.9153
23.6541
14.4814
21.8192
-0
-0
-0
-0
-0
-0
-0
-0
-0
-0
-0
-0
-0
-0
12.4817
-0
1.58813
-0
30.3235
-0
-0
-0
-0
-0
1.47282
-0
-0
-0
14.9205
-0
-0
-0
-0
7.09548
-0
-0
-0
-0
-0
-0
-0
-0
-0
23.8056
-0
-0
-0
-0
-0
-0
-0
43.0375
5.61092
-0
-0
-0
-0
-0
-0
-0
-0
-0
-0
-0
-0
-0
-0
-0
-0
8.20713
-0
-0
-0
-0
-0
-0
-0
-0
-0
2.5441
-0
23.3275
27.5906
-0
-0
3.51552
-0
-0
-0
-0
-0
1.13905
-0
-0
-0
-0
-0
-0
-0
-0
-0
14.8866
-0
-0
-0
-0
-0
-0
-0
-0
-0
-0
-0
30.3297
-0
-0
-0
-0
0.171111
-0
-0
-0
-0
11.2034
-0
14.9773
-0
-0
28.9039
-0
18.3328
-0
-0
-0
47.2724
-0
-0
-0
-0
-0
-0
-0
-0
-0
-0
-0
-0
-0
-0
37.1406
-0
-0
-0
-0
-0
-0
-0
-0
-0
-0
-0
2.31997
-0
4.79714
-0
-0
-0
-0
-0
-0
-0
-0
-0
-0
-0
-0
-0
7.72615
-0
-0
-0
-0
64.8337
-0
-0
-0
-0
-0
-0
-0
-0
-0
5.39886
-0
-0
-0
-0
-0
-0
-0
5.22155
-0
-0
-0
-0
24.3345
-0
-0
-0
-0
-0
-0
13.2794
-0
-0
-0
-0
-0
-0
-0
-0
-0
-0
3.01024
-0
-0
-0
-0
-0
17.2645
-0
-0
8.48522
2.39257
4.13432
15.6852
-0
-0
-0
-0
-0
-0
-0
-0
-0
-0
-0
-0
-0
21.7631
-0
-0
-0
2.54388
-0
-0
-0
-0
-0
-0
-0
-0
-0
-0
-0
-0
-0
-0
-0
-0
-0
-0
-0
10.6837
-0
-0
-0
-0
-0
-0
55.804
-0
-0
-0
-0
-0
10.3768
-0
4.68128
-0
-0
-0
25.0437
-0
-0
-0
-0
-0
13.5965
20.7096
0.53
-0
41.6323
-0
-0
-0
-0
-0
-0
-0
-0
20.3488
-0
-0
-0
-0
13.8472
-0
-0
-0
16.2611
-0
13.9463
-0
22.3093
-0
-0
-0
-0
-0
-0
-0
-0
-0
19.9409
2.93254
4.77922
-0
-0
20.0915
-0
-0
12.7261
-0
-0
-0
-0
-0
18.3299
-0
-0
-0
-0
-0
-0
-0
-0
-0
-0
-0
3.65731
-0
-0
-0
-0
0.982948
-0
-0
-0
-0
-0
-0
-0
-0
-0
-0
-0
-0
-0
-0
-0
-0
38.3932
-0
-0
-0
-0
15.5947
-0
-0
-0
-0
-0
-0
-0
-0
-0
-0
40.5257
15.3956
-0
-0
-0
-0
-0
-0
-0
-0
-0
-0
24.8184
-0
-0
-0
-0
14.003
35.9133
-0
-0
-0
-0
-0
-0
-0
26.2054
-0
-0
-0
-0
-0
-0
22.5741
-0
7.42078
-0
13.9356
-0
-0
-0
-0
-0
7.83676
-0
25.0743
-0
-0
-0
-0
-0
-0
-0
-0
14.1506
-0
1.88768
-0
-0
7.75172
0.39541
-0
-0
-0
-0
-0
-0
-0
12.0558
-0
-0
-0
8.1566
-0
4.38739
-0
-0
-0
30.5708
1.29921
-0
40.6713
-0
-0
-0
6.71117
-0
-0
-0
-0
-0
-0
-0
15.7706
-0
-0
-0
-0
7.21012
-0
-0
-0
-0
18.8836
-0
-0
-0
1.93508
-0
-0
-0
-0
-0
-0
-0
-0
-0
47.1026
-0
-0
64.589
-0
-0
-0
-0
-0
-0
-0
-0
5.37213
-0
-0
-0
-0
46.5328
-0
4.43867
-0
3.69005
-0
-0
10.3071
-0
-0
-0
-0
34.8529
22.5783
-0
40.3701
15.1852
-0
-0
-0
-0
-0
-0
-0
-0
-0
-0
-0
-0
7.23259
-0
-0
-0
-0
29.3441
-0
-0
-0
-0
-0
30.3626
18.3919
-0
-0
-0
-0
-0
9.90903
-0
64.604
-0
9.88787
-0
-0
-0
-0
10.3359
-0
-0
-0
-0
-0
34.8156
-0
-0
-0
-0
-0
-0
-0
-0
-0
-0
-0
-0
-0
-0
41.5166
-0
-0
-0
-0
-0
-0
-0
-0
-0
-0
13.3613
-0
-0
21.6613
-0
-0
-0
-0
-0
15.8812
-0
0.528189
-0
20.45
-0
-0
-0
-0
-0
-0
-0
-0
-0
-0
-0
-0
-0
-0
-0
-0
-0
-0
11.9767
5.60697
-0
-0
35.8161
-0
45.0737
-0
47.8511
-0
10.8354
-0
-0
-0
-0
1.79475
-0
-0
-0
-0
-0
-0
-0
42.4018
-0
-0
-0
-0
-0
7.1605
27.3161
-0
25.0551
-0
-0
-0
-0
-0
-0
-0
-0
-0
-0
-0
16.6601
-0
-0
-0
21.4819
20.8565
-0
-0
15.4358
-0
-0
-0
-0
23.7041
-0
-0
-0
-0
-0
-0
-0
-0
-0
5.42516
-0
-0
-0
-0
-0
-0
-0
-0
28.4401
-0
0.835677
-0
-0
-0
-0
-0
-0
-0
-0
-0
-0
-0
-0
-0
-0
-0
10.6928
-0
-0
-0
-0
-0
-0
-0
-0
-0
-0
-0
17.6644
-0
-0
-0
-0
5.95263
-0
-0
26.2568
-0
-0
-0
-0
-0
20.2425
-0
-0
-0
-0
-0
-0
-0
42.9542
-0
-0
3.02989
-0
-0
6.93501
-0
15.2203
-0
-0
-0
30.0506
-0
-0
37.339
-0
-0
-0
-0
-0
-0
-0
-0
-0
19.7015
-0
-0
-0
-0
-0
-0
-0
-0
-0
-0
-0
-0
-0
29.5857
-0
17.4483
12.6518
-0
-0
-0
-0
-0
-0
-0
15.8467
-0
-0
-0
-0
-0
8.92473
-0
-0
-0
-0
-0
-0
-0
-0
16.4433
-0
-0
-0
-0
-0
-0
-0
29.3355
-0
-0
-0
-0
-0
-0
-0
20.1461
-0
-0
-0
-0
45.3412
-0
-0
-0
-0
-0
-0
32.0718
16.5721
-0
-0
10.012
-0
-0
-0
-0
-0
-0
47.4884
23.777
-0
-0
4.50965
22.7634
-0
-0
-0
-0
-0
-0
-0
-0
-0
-0
2.20886
-0
-0
-0
-0
-0
-0
-0
-0
-0
-0
-0
-0
21.0904
-0
-0
15.7768
-0
-0
-0
-0
-0
-0
-0
-0
-0
-0
-0
-0
-0
-0
-0
-0
30.5847
-0
-0
-0
-0
-0
-0
-0
13.7703
5.8711
-0
-0
-0
6.45256
-0
-0
-0
56.757
-0
-0
-0
3.88369
27.8974
-0
-0
-0
