-0
-0
-0
-0
-0
-0
-0
18.5556
2.97003
-0
40.9268
-0
-0
-0
-0
33.7373
-0
-0
-0
-0
-0
-0
-0
-0
-0
-0
27.4714
10.155
-0
-0
-0
-0
-0
3.47889
6.48927
-0
-0
-0
-0
-0
-0
-0
-0
18.3356
-0
-0
-0
-0
-0
-0
-0
-0
-0
-0
-0
-0
18.2371
1.18852
33.708
18.1632
-0
-0
4.45167
-0
-0
-0
-0
26.0386
-0
1.25285
-0
-0
-0
-0
-0
2.95315
-0
-0
-0
-0
-0
31.7156
12.7644
12.6714
18.1524
-0
-0
-0
-0
-0
-0
-0
-0
-0
0.150048
-0
8.06346
-0
-0
-0
-0
-0
-0
16.2906
17.3466
-0
4.2755
-0
-0
-0
-0
-0
-0
-0
-0
6.13222
-0
-0
58.3152
21.9362
-0
-0
-0
-0
14.1501
-0
-0
-0
-0
17.8819
-0
25.091
6.69519
-0
-0
-0
-0
-0
-0
29.1381
-0
-0
-0
-0
9.95259
-0
-0
-0
-0
-0
-0
-0
-0
-0
-0
-0
31.4924
-0
-0
-0
44.0213
-0
-0
48.2902
-0
-0
10.0303
-0
-0
4.63191
-0
24.8079
-0
-0
-0
-0
-0
-0
-0
-0
-0
-0
-0
8.05091
-0
9.25681
-0
-0
-0
-0
-0
42.7113
-0
-0
-0
-0
-0
-0
-0
-0
-0
-0
-0
-0
-0
25.3875
-0
-0
-0
-0
-0
0.069841
6.54809
-0
-0
15.2766
-0
11.0667
-0
-0
-0
-0
3.75824
7.33247
1.61945
-0
-0
-0
5.52211
-0
-0
-0
-0
-0
-0
17.0987
-0
-0
-0
-0
-0
-0
-0
-0
-0
-0
-0
-0
-0
-0
-0
-0
-0
-0
4.68781
-0
-0
-0
32.9914
-0
-0
-0
-0
40.7904
-0
-0
-0
-0
-0
-0
-0
41.1349
-0
6.09288
-0
-0
14.4407
-0
0.0749259
-0
-0
6.73345
-0
-0
-0
-0
-0
27.8383
-0
-0
-0
-0
-0
-0
1.20276
-0
11.2887
-0
-0
53.6542
-0
-0
3.65768
-0
-0
22.5053
-0
-0
19.6735
-0
-0
29.7801
3.70428
-0
-0
0.11753
-0
-0
-0
-0
-0
-0
-0
-0
-0
-0
-0
-0
-0
-0
-0
-0
-0
-0
-0
-0
-0
13.2511
-0
1.3983
-0
-0
12.4399
8.75634
-0
-0
59.8785
-0
20.8504
15.3438
48.9416
-0
1.32785
-0
4.70499
-0
-0
-0
3.57452
29.5972
-0
-0
-0
-0
-0
1.81978
-0
-0
13.1788
-0
-0
-0
1.36717
26.7484
-0
-0
5.94744
-0
-0
-0
-0
-0
-0
-0
-0
-0
-0
-0
-0
-0
-0
48.3183
-0
-0
-0
-0
-0
7.30641
-0
-0
-0
2.96119
-0
-0
50.6913
-0
-0
-0
-0
-0
-0
-0
-0
-0
-0
37.7109
-0
2.06024
-0
-0
-0
-0
-0
-0
-0
18.9402
6.37184
1.73972
5.54973
-0
-0
-0
-0
-0
-0
-0
16.2965
-0
-0
6.11548
-0
-0
-0
9.18202
-0
-0
-0
-0
-0
-0
-0
-0
-0
-0
21.6909
12.4185
1.6377
2.0503
-0
-0
-0
-0
9.19425
-0
28.9676
-0
10.1225
-0
14.4149
-0
28.1703
-0
-0
-0
-0
-0
-0
-0
-0
-0
-0
-0
-0
-0
5.4133
-0
-0
22.5157
-0
-0
33.901
-0
-0
-0
-0
34.4479
7.6011
-0
-0
-0
-0
-0
-0
-0
-0
-0
5.28706
-0
-0
7.7328
-0
-0
-0
-0
-0
-0
-0
-0
-0
-0
-0
-0
-0
34.8626
-0
-0
-0
47.075
-0
-0
-0
-0
-0
-0
-0
-0
10.941
33.9741
-0
-0
-0
-0
-0
-0
-0
-0
18.1325
12.8275
0.471453
25.9629
-0
-0
-0
-0
14.4195
42.052
-0
-0
-0
-0
-0
-0
41.3485
-0
0.122565
-0
-0
-0
6.43619
39.9208
-0
16.6183
-0
-0
2.16157
48.7493
-0
-0
-0
-0
-0
-0
-0
-0
9.1751
-0
-0
-0
2.06828
19.9928
-0
-0
10.6115
-0
-0
-0
-0
2.79428
7.75855
-0
-0
-0
-0
-0
-0
-0
-0
-0
6.36094
-0
-0
-0
1.26753
-0
-0
-0
6.03667
-0
-0
-0
-0
-0
-0
10.1527
-0
-0
-0
-0
16.4648
-0
-0
-0
-0
-0
-0
-0
-0
-0
-0
-0
-0
-0
-0
-0
-0
-0
-0
-0
-0
-0
-0
-0
-0
-0
-0
17.0555
-0
-0
-0
-0
-0
-0
-0
-0
-0
12.7532
-0
-0
-0
-0
7.51445
-0
-0
-0
16.5664
17.1317
-0
-0
-0
33.8856
23.3686
17.3544
38.6021
-0
-0
-0
-0
-0
38.211
-0
-0
-0
17.1607
-0
-0
23.1385
-0
3.78075
-0
0.68017
-0
-0
-0
-0
41.7097
-0
-0
-0
-0
-0
-0
-0
-0
-0
-0
-0
-0
-0
-0
-0
-0
-0
-0
-0
-0
-0
-0
-0
36.5004
17.9656
46.9524
-0
-0
5.46353
-0
-0
-0
1.50885
0.378681
-0
-0
-0
-0
-0
-0
7.21104
-0
-0
-0
11.2904
-0
-0
-0
-0
-0
-0
-0
-0
23.0565
-0
-0
-0
-0
-0
29.2739
-0
12.1805
-0
-0
-0
-0
-0
-0
-0
-0
12.0479
-0
-0
-0
32.1885
-0
-0
-0
-0
-0
-0
-0
26.2224
-0
-0
-0
-0
-0
-0
20.3164
-0
-0
-0
-0
-0
-0
-0
-0
-0
-0
-0
-0
-0
4.86056
-0
-0
-0
-0
-0
-0
6.67691
-0
-0
-0
40.8192
14.2011
-0
-0
-0
-0
-0
-0
1.58768
-0
17.6322
-0
-0
40.9584
-0
-0
-0
-0
30.1841
-0
2.49015
-0
6.46593
-0
-0
-0
47.0334
-0
0.515654
20.5425
-0
18.3757
-0
4.9242
-0
-0
-0
47.3443
-0
-0
-0
-0
-0
-0
-0
16.8232
-0
-0
-0
0.507793
-0
-0
-0
-0
-0
-0
41.7269
-0
-0
-0
-0
-0
17.1721
-0
-0
-0
14.029
15.656
-0
-0
-0
-0
-0
-0
-0
-0
18.5703
21.4368
-0
-0
-0
-0
7.40697
-0
3.51012
11.0385
-0
20.5357
-0
-0
-0
5.71428
-0
-0
-0
-0
-0
-0
-0
12.216
-0
-0
12.2522
-0
9.79671
-0
11.8022
-0
23.702
-0
-0
-0
-0
-0
-0
-0
-0
0.175162
10.2061
-0
-0
36.2611
-0
-0
-0
-0
-0
-0
9.63129
-0
-0
-0
9.11797
26.3845
-0
-0
-0
-0
-0
-0
-0
-0
-0
-0
10.2194
8.46684
-0
-0
-0
-0
20.8895
-0
-0
-0
19.4338
-0
-0
-0
-0
-0
-0
-0
-0
-0
-0
-0
-0
-0
-0
-0
-0
-0
-0
-0
-0
-0
-0
-0
-0
11.6732
-0
-0
-0
-0
-0
-0
-0
-0
3.87544
-0
5.83419
-0
-0
-0
1.9562
-0
9.92205
-0
-0
-0
-0
-0
-0
-0
-0
-0
41.4596
-0
8.22714
-0
15.138
-0
-0
-0
-0
20.4168
-0
-0
-0
-0
8.14079
8.86384
-0
-0
-0
-0
-0
-0
-0
-0
-0
3.01648
1.05967
10.3446
-0
19.5093
-0
26.1814
-0
-0
-0
-0
-0
4.38808
-0
-0
-0
-0
-0
-0
-0
-0
-0
-0
-0
-0
-0
-0
-0
20.3546
-0
-0
-0
-0
-0
-0
-0
-0
32.154
-0
-0
-0
-0
-0
-0
8.10061
-0
-0
5.71696
-0
-0
-0
-0
9.08073
-0
-0
-0
-0
-0
-0
-0
-0
12.8095
-0
17.1153
-0
-0
-0
-0
51.0178
-0
-0
-0
-0
-0
39.7728
-0
-0
-0
-0
-0
-0
-0
1.57999
7.21162
-0
-0
-0
-0
-0
30.8488
-0
-0
-0
-0
16.8078
-0
-0
-0
-0
4.72267
-0
-0
-0
-0
9.97862
2.73021
-0
-0
39.501
18.8024
-0
-0
-0
-0
-0
18.503
-0
-0
-0
-0
-0
6.78152
-0
-0
23.5057
-0
7.09083
24.2907
-0
-0
-0
19.855
4.98778
-0
39.9266
-0
-0
-0
-0
-0
-0
-0
-0
-0
-0
-0
-0
34.628
-0
4.33384
-0
-0
-0
-0
-0
10.3779
-0
-0
-0
-0
-0
-0
11.2637
-0
31.3931
-0
-0
-0
32.5888
-0
3.4691
-0
-0
-0
-0
-0
-0
-0
32.5454
-0
-0
35.8867
-0
-0
-0
-0
41.5076
-0
-0
-0
-0
-0
-0
2.1244
-0
-0
7.85137
10.5291
-0
28.3363
-0
9.30547
-0
-0
-0
-0
-0
-0
-0
-0
-0
5.09618
-0
-0
-0
-0
-0
-0
-0
35.3852
-0
-0
-0
27.1885
-0
-0
-0
-0
-0
-0
-0
-0
0.392969
-0
-0
-0
-0
2.61281
-0
32.1732
-0
11.635
6.76206
-0
-0
7.5231
-0
-0
6.54847
-0
-0
-0
-0
-0
-0
-0
-0
18.2259
-0
6.77021
-0
1.59713
-0
-0
-0
-0
-0
-0
1.97243
5.97695
-0
-0
41.3724
18.9071
6.05502
-0
-0
-0
-0
33.091
-0
22.8179
-0
-0
-0
50.3219
-0
-0
-0
-0
23.5237
-0
25.9476
-0
8.22598
-0
6.80035
30.8184
-0
-0
5.19799
-0
39.0061
11.7582
-0
0.822564
-0
-0
-0
-0
-0
-0
49.8023
22.3414
-0
-0
27.8429
-0
58.3969
13.074
-0
-0
-0
-0
-0
27.4915
-0
-0
-0
-0
-0
-0
-0
-0
8.59584
-0
38.0586
33.5423
-0
-0
-0
-0
10.3633
0.978159
-0
-0
-0
-0
-0
1.76355
-0
21.7072
-0
-0
-0
-0
22.4416
7.19457
-0
-0
-0
-0
-0
-0
14.55
13.1143
-0
-0
24.192
-0
21.512
-0
-0
-0
-0
-0
-0
-0
-0
-0
-0
6.43866
-0
-0
13.655
22.2756
-0
1.76727
16.2355
-0
2.41103
-0
-0
42.3146
42.6093
-0
-0
-0
-0
-0
-0
-0
-0
41.5658
-0
2.83862
-0
-0
-0
-0
-0
-0
-0
-0
-0
-0
-0
-0
-0
-0
-0
-0
-0
-0
-0
16.9522
39.624
-0
-0
-0
-0
-0
-0
-0
-0
-0
-0
-0
-0
-0
74.2503
-0
25.9308
-0
5.48445
-0
-0
-0
18.8023
-0
-0
-0
-0
-0
-0
-0
21.6249
8.84288
-0
-0
0.725926
2.00679
-0
-0
15.5929
-0
-0
-0
-0
-0
1.59532
-0
-0
-0
-0
6.61836
-0
-0
-0
-0
24.9978
-0
-0
31.8116
-0
-0
-0
0.29848
-0
-0
-0
-0
-0
-0
-0
-0
3.36262
-0
-0
-0
1.21088
37.3114
0.565071
-0
-0
-0
-0
-0
5.82363
-0
-0
-0
-0
7.09611
-0
-0
-0
-0
-0
-0
-0
-0
-0
-0
26.6217
11.6432
-0
-0
-0
-0
-0
53.856
-0
25.8669
49.4221
-0
-0
1.16048
-0
-0
-0
28.3153
-0
-0
-0
-0
32.8219
-0
-0
13.1038
-0
-0
14.7797
-0
-0
-0
-0
-0
-0
38.2202
-0
-0
-0
-0
-0
-0
-0
-0
-0
20.8611
-0
5.03249
24.215
-0
-0
1.57704
-0
-0
2.90088
-0
1.57726
55.4776
19.581
-0
-0
-0
2.24518
-0
-0
-0
-0
12.8285
-0
6.03273
-0
24.0663
-0
-0
-0
-0
18.4263
-0
-0
9.01112
-0
-0
-0
42.4508
-0
-0
-0
-0
-0
-0
-0
10.2975
-0
-0
-0
-0
-0
-0
-0
2.22476
-0
-0
-0
-0
8.22367
-0
-0
-0
-0
-0
-0
-0
24.1459
-0
-0
-0
-0
-0
44.9667
-0
-0
-0
-0
-0
-0
-0
-0
10.9708
-0
59.9037
-0
-0
-0
-0
12.4464
-0
-0
-0
-0
-0
-0
4.37188
-0
-0
12.2515
-0
-0
-0
9.40573
-0
-0
-0
-0
-0
-0
-0
-0
-0
9.67065
-0
-0
47.0014
-0
-0
-0
-0
13.5151
-0
1.28751
-0
14.304
-0
-0
5.09241
-0
6.25259
-0
-0
2.7507
-0
-0
-0
-0
16.6172
35.0575
54.4907
-0
-0
-0
-0
-0
-0
-0
-0
-0
13.7487
-0
-0
10.3431
-0
-0
-0
-0
-0
-0
-0
-0
-0
-0
-0
-0
1.56463
-0
-0
-0
-0
-0
-0
60.9182
-0
-0
-0
32.0129
-0
-0
-0
-0
-0
-0
-0
-0
-0
-0
-0
-0
5.94669
-0
-0
-0
3.29633
-0
-0
-0
14.9237
-0
-0
-0
-0
-0
-0
-0
-0
-0
20.1841
-0
-0
-0
-0
-0
-0
-0
-0
-0
-0
-0
-0
28.3218
-0
-0
-0
17.0423
-0
-0
-0
42.9606
-0
-0
-0
-0
-0
-0
-0
-0
-0
-0
17.296
7.67188
-0
-0
-0
-0
-0
-0
0.335334
-0
-0
9.49609
-0
28.9755
16.1476
12.648
-0
-0
-0
49.3973
-0
-0
43.1327
-0
-0
8.94786
-0
3.09808
-0
-0
-0
7.00317
9.07872
-0
-0
-0
20.8576
-0
-0
-0
-0
-0
-0
-0
36.0785
-0
-0
-0
-0
0.950378
-0
-0
-0
-0
4.50712
-0
-0
-0
32.9699
30.0961
-0
-0
3.67653
-0
-0
6.55
14.2519
-0
-0
0.740255
-0
15.7433
0.488224
-0
2.10877
-0
-0
-0
-0
-0
-0
-0
-0
2.9572
-0
21.78
-0
-0
-0
-0
-0
34.8134
-0
15.2227
-0
-0
-0
-0
-0
-0
-0
-0
-0
-0
25.0533
3.85851
-0
-0
-0
-0
-0
8.58548
16.0199
-0
12.813
-0
-0
-0
-0
-0
38.3174
1.87697
-0
7.04947
-0
-0
25.234
32.4372
-0
-0
-0
-0
-0
-0
16.2391
-0
-0
9.54977
2.47677
26.808
-0
-0
-0
-0
0.592585
-0
-0
-0
-0
-0
-0
-0
-0
-0
-0
-0
-0
0.437019
-0
-0
6.09406
-0
-0
-0
-0
-0
24.0138
-0
-0
-0
13.9494
-0
46.1528
22.1791
-0
49.7284
-0
-0
0.391423
6.90101
38.4152
-0
-0
7.53513
-0
-0
6.41588
-0
-0
-0
-0
-0
-0
-0
-0
-0
-0
14.5226
-0
-0
-0
-0
-0
-0
-0
11.9213
32.7818
-0
2.08839
-0
17.7571
-0
-0
-0
-0
2.05796
-0
-0
-0
-0
-0
-0
-0
-0
-0
-0
-0
-0
-0
0.0868758
3.23299
-0
18.7401
-0
-0
-0
-0
5.21926
-0
21.6918
-0
-0
-0
-0
-0
-0
-0
-0
-0
0.316135
-0
-0
-0
-0
-0
25.6906
-0
-0
-0
16.2993
-0
21.3053
-0
-0
-0
-0
-0
-0
-0
-0
-0
-0
20.6297
-0
44.7621
29.8632
-0
-0
-0
37.7156
6.14961
-0
-0
42.2149
-0
6.04382
14.6419
13.1931
-0
15.4614
-0
-0
-0
-0
-0
-0
2.01466
-0
-0
-0
-0
-0
-0
-0
-0
55.1379
-0
-0
6.09975
-0
0.690391
21.2367
-0
13.8102
-0
-0
-0
12.3376
-0
-0
0.265692
-0
-0
17.0114
-0
-0
-0
-0
-0
-0
22.3908
-0
39.5658
43.6127
17.6394
4.10687
15.0649
-0
-0
-0
-0
-0
0.211323
-0
-0
-0
-0
-0
-0
-0
-0
-0
-0
-0
-0
-0
-0
9.00937
-0
-0
-0
-0
30.0347
-0
14.9455
-0
-0
-0
-0
-0
-0
43.0238
-0
-0
-0
-0
-0
-0
-0
-0
-0
17.3848
-0
-0
-0
18.8927
-0
-0
15.3167
4.42383
-0
4.5019
-0
-0
-0
-0
39.6123
-0
-0
-0
-0
-0
-0
-0
41.062
-0
-0
-0
-0
-0
-0
-0
-0
-0
-0
-0
7.23737
-0
-0
-0
-0
-0
-0
-0
-0
2.94129
-0
-0
3.64971
-0
-0
20.1361
-0
-0
5.44712
-0
-0
-0
4.2496
-0
-0
-0
-0
-0
9.28241
-0
-0
-0
-0
33.9702
-0
41.5041
-0
-0
-0
45.2893
20.6847
-0
-0
-0
-0
-0
-0
-0
-0
-0
-0
-0
11.4036
7.29439
-0
-0
-0
-0
3.30162
-0
-0
-0
-0
-0
-0
-0
-0
-0
-0
-0
-0
2.54503
11.3898
-0
18.4548
-0
10.5382
-0
3.51373
-0
-0
0.238733
-0
-0
-0
-0
-0
-0
-0
-0
-0
-0
29.8749
40.0023
-0
10.1967
-0
49.5882
0.07858
-0
-0
-0
-0
-0
6.81358
-0
15.5012
7.32671
54.7866
-0
-0
-0
-0
-0
11.2201
7.00801
-0
-0
-0
-0
-0
41.1177
30.6207
-0
-0
-0
-0
-0
16.1034
-0
-0
-0
1.89576
-0
-0
-0
-0
-0
-0
-0
-0
-0
-0
-0
-0
-0
6.65917
-0
-0
-0
-0
-0
23.6045
-0
0.066157
-0
1.35879
-0
28.1388
-0
20.697
20.7641
-0
39.9168
25.1898
-0
-0
-0
-0
-0
-0
6.37803
14.3542
-0
-0
-0
-0
12.4674
-0
-0
-0
-0
-0
-0
-0
-0
4.47041
-0
-0
21.8874
5.10778
-0
-0
-0
-0
-0
-0
-0
6.4785
-0
-0
32.8422
-0
-0
-0
-0
-0
-0
4.29859
-0
-0
3.75208
-0
-0
-0
-0
-0
-0
-0
-0
34.9994
-0
24.0874
-0
-0
-0
-0
0.00216661
-0
-0
-0
-0
-0
-0
31.2818
-0
-0
-0
-0
-0
-0
-0
2.23217
-0
-0
-0
-0
-0
-0
21.3357
-0
-0
-0
-0
-0
-0
27.4703
-0
-0
-0
14.7448
-0
-0
-0
-0
-0
-0
-0
-0
49.7256
-0
-0
-0
-0
-0
11.0163
-0
-0
6.52021
3.63308
-0
-0
-0
-0
-0
-0
-0
3.15619
-0
-0
-0
-0
0.369574
-0
-0
-0
-0
-0
-0
-0
-0
-0
12.6935
-0
-0
16.8845
-0
2.23628
-0
12.2944
-0
-0
-0
-0
-0
-0
-0
7.25591
-0
-0
-0
13.8797
-0
-0
-0
-0
28.0947
-0
-0
-0
-0
-0
-0
-0
-0
-0
-0
1.2217
-0
-0
-0
-0
-0
-0
-0
24.271
-0
-0
-0
-0
-0
-0
-0
-0
-0
-0
-0
-0
-0
-0
-0
-0
-0
-0
-0
-0
-0
-0
-0
-0
-0
-0
-0
-0
8.94935
-0
-0
-0
11.6004
-0
4.20783
-0
33.5356
-0
-0
-0
-0
35.0414
-0
24.7666
-0
-0
-0
-0
-0
0.792771
-0
58.3288
-0
-0
-0
33.7214
-0
-0
-0
-0
44.2888
-0
12.8601
-0
-0
11.2417
-0
-0
-0
-0
-0
-0
-0
-0
-0
-0
-0
-0
7.72989
-0
8.89598
-0
0.450683
-0
-0
-0
-0
-0
-0
-0
-0
-0
-0
-0
1.49134
-0
-0
-0
-0
-0
-0
-0
-0
-0
-0
-0
-0
-0
-0
6.44489
-0
-0
-0
25.1988
17.1217
-0
-0
-0
-0
-0
-0
-0
-0
-0
-0
-0
14.2703
-0
-0
-0
-0
-0
12.6081
-0
-0
-0
-0
-0
-0
-0
-0
-0
-0
-0
-0
32.5635
-0
10.6244
-0
71.427
-0
-0
-0
46.4574
-0
35.9667
-0
2.77729
-0
-0
-0
-0
-0
1.78004
-0
35.9869
-0
-0
33.0364
-0
-0
-0
1.16514
-0
58.1621
-0
-0
52.2708
-0
-0
5.42841
11.3518
-0
-0
-0
-0
14.8469
-0
-0
8.45519
-0
-0
-0
21.4158
-0
-0
-0
-0
-0
-0
-0
-0
-0
-0
-0
-0
-0
-0
-0
35.1365
18.7395
-0
-0
-0
-0
-0
10.5098
-0
-0
-0
-0
18.9628
-0
-0
-0
-0
-0
-0
51.4679
-0
-0
-0
-0
-0
-0
5.39505
-0
-0
-0
-0
-0
6.27664
-0
0.739444
6.19634
16.4796
12.6623
-0
49.1378
-0
47.5268
27.2378
-0
-0
-0
-0
-0
19.4299
-0
-0
14.3246
1.1964
-0
20.1711
-0
-0
38.2983
-0
-0
-0
-0
-0
-0
-0
-0
9.29898
-0
-0
-0
-0
-0
34.5563
-0
-0
-0
-0
-0
-0
-0
-0
-0
-0
-0
-0
-0
-0
-0
0.597394
-0
45.4408
-0
-0
-0
-0
0.991277
-0
-0
-0
-0
-0
-0
-0
-0
-0
60.0861
-0
-0
25.6648
-0
-0
3.94675
19.2426
-0
-0
-0
-0
-0
-0
-0
-0
-0
3.72338
51.6818
-0
-0
-0
1.07838
-0
-0
23.7585
-0
-0
-0
23.5943
-0
-0
-0
-0
-0
-0
2.13215
22.1781
-0
-0
-0
6.43721
24.4825
-0
-0
-0
-0
-0
-0
-0
-0
-0
18.1761
-0
-0
-0
-0
-0
-0
-0
-0
-0
-0
-0
8.35088
-0
21.7833
27.9208
-0
-0
-0
-0
-0
-0
-0
-0
-0
-0
-0
-0
-0
-0
-0
-0
-0
14.4436
-0
-0
-0
-0
-0
6.07662
-0
-0
-0
12.9347
-0
-0
-0
-0
-0
-0
-0
10.9418
-0
-0
-0
4.31707
-0
-0
-0
-0
-0
-0
-0
-0
-0
-0
-0
-0
-0
-0
-0
-0
-0
-0
-0
-0
51.7042
17.0222
-0
-0
2.52745
-0
-0
-0
-0
-0
-0
3.54432
-0
-0
-0
-0
21.6887
5.15304
-0
4.07266
-0
28.0615
30.4317
19.6056
-0
-0
-0
-0
-0
-0
-0
-0
-0
-0
-0
5.72093
-0
-0
7.08623
-0
32.986
-0
-0
-0
-0
-0
3.60805
-0
-0
-0
-0
-0
0.367348
-0
-0
-0
-0
-0
-0
-0
-0
4.85219
16.53
-0
-0
-0
-0
-0
-0
-0
-0
-0
4.02429
-0
-0
-0
-0
-0
-0
-0
-0
-0
-0
-0
-0
-0
-0
-0
24.9508
-0
-0
-0
18.6569
-0
-0
7.46026
-0
-0
1.12153
-0
-0
-0
4.57401
-0
12.9939
-0
-0
0.813362
-0
18.0336
-0
10.0441
-0
-0
-0
-0
-0
22.446
-0
-0
-0
-0
-0
-0
-0
14.6671
17.8756
-0
-0
-0
6.41527
-0
-0
-0
7.67977
-0
-0
-0
-0
-0
-0
-0
-0
-0
-0
12.7002
-0
-0
-0
-0
-0
-0
-0
26.0376
-0
11.185
12.9256
9.48724
-0
1.16137
26.1519
-0
-0
-0
-0
-0
-0
-0
-0
-0
-0
-0
-0
-0
-0
16.6404
-0
-0
-0
-0
-0
-0
-0
-0
7.04618
-0
3.36291
49.0166
-0
-0
-0
-0
10.8017
-0
-0
-0
-0
-0
-0
50.1875
-0
-0
11.0602
-0
13.454
-0
-0
-0
27.0701
-0
-0
-0
-0
-0
-0
-0
-0
-0
-0
-0
-0
-0
-0
28.855
-0
-0
-0
-0
-0
1.81117
-0
3.51558
-0
-0
0.732559
2.80695
-0
-0
15.991
-0
-0
-0
-0
-0
-0
-0
-0
-0
-0
-0
-0
25.942
-0
-0
-0
-0
29.0133
-0
-0
-0
-0
-0
-0
-0
-0
-0
2.97693
-0
-0
2.17991
-0
-0
-0
-0
17.2113
-0
-0
-0
15.8578
-0
-0
-0
-0
-0
35.2561
-0
-0
0.458005
-0
-0
-0
-0
-0
9.46707
-0
23.2548
-0
-0
-0
-0
-0
-0
-0
16.3445
-0
18.9007
-0
2.41077
29.5568
5.30856
-0
16.1057
-0
-0
-0
-0
-0
-0
-0
-0
-0
-0
-0
27.3519
7.46667
-0
21.6812
-0
-0
-0
-0
1.68125
-0
-0
-0
-0
-0
-0
10.864
-0
-0
-0
-0
-0
-0
-0
-0
-0
-0
-0
-0
-0
0.152616
-0
35.7776
-0
-0
-0
-0
-0
-0
-0
11.1704
-0
-0
-0
5.39412
-0
-0
-0
0.445913
-0
1.55775
44.5852
17.8126
-0
9.82927
-0
-0
-0
-0
-0
-0
31.7439
16.258
5.36929
-0
-0
-0
-0
19.9277
20.6083
-0
-0
25.5768
2.58348
-0
-0
9.54897
-0
-0
-0
-0
-0
-0
-0
-0
-0
-0
2.65033
-0
-0
-0
17.4547
-0
-0
39.2448
-0
-0
-0
5.67258
-0
31.9623
-0
-0
-0
-0
-0
-0
-0
2.71347
-0
-0
-0
2.47103
-0
-0
-0
7.45346
38.6874
15.5991
2.72031
-0
-0
-0
-0
-0
-0
-0
-0
-0
-0
-0
-0
-0
-0
15.2377
-0
-0
-0
-0
23.132
-0
-0
-0
-0
-0
-0
-0
-0
6.95218
-0
27.0942
21.5016
-0
-0
-0
-0
-0
-0
-0
-0
-0
10.2541
0.187028
-0
-0
-0
-0
30.7307
23.8475
-0
-0
-0
-0
-0
-0
-0
29.7985
-0
-0
-0
-0
-0
-0
-0
-0
17.6928
-0
-0
-0
-0
-0
-0
-0
11.2263
-0
12.6098
15.3317
-0
-0
-0
7.04441
-0
-0
-0
-0
-0
-0
-0
-0
-0
-0
-0
-0
-0
4.03604
-0
-0
-0
11.064
-0
-0
-0
7.67245
-0
11.2593
-0
-0
0.195991
14.966
-0
-0
9.35913
5.9356
-0
-0
0.611566
-0
-0
-0
-0
-0
-0
-0
-0
-0
-0
-0
-0
-0
-0
-0
-0
-0
8.45188
-0
-0
-0
-0
-0
-0
-0
-0
-0
-0
-0
-0
-0
37.3268
-0
-0
30.3472
-0
-0
-0
7.75579
-0
-0
-0
-0
7.10383
9.03469
-0
-0
-0
32.2996
-0
-0
-0
6.22503
-0
-0
-0
3.75613
-0
19.1177
-0
-0
21.4279
-0
23.451
20.9545
-0
-0
-0
-0
-0
-0
-0
-0
-0
-0
7.85751
1.45543
18.0073
-0
-0
-0
-0
-0
-0
-0
6.72607
-0
-0
-0
-0
-0
-0
-0
-0
-0
5.91385
-0
17.3295
-0
17.3865
-0
-0
-0
20.5892
-0
-0
-0
-0
-0
-0
7.56851
-0
-0
-0
-0
-0
-0
-0
-0
-0
-0
-0
-0
2.89774
-0
-0
-0
-0
-0
-0
8.16172
-0
-0
-0
-0
-0
5.64507
-0
-0
-0
-0
21.0182
-0
-0
-0
27.7729
-0
20.5125
-0
12.7528
-0
-0
-0
-0
-0
-0
-0
-0
-0
8.59029
-0
13.7495
-0
-0
-0
-0
-0
-0
33.2757
-0
-0
-0
20.3646
-0
18.7491
-0
19.7251
-0
3.39039
8.71824
-0
-0
-0
13.4855
-0
-0
-0
-0
-0
-0
-0
11.6642
-0
-0
-0
-0
-0
-0
47.274
10.5148
39.0319
-0
-0
-0
-0
-0
-0
-0
-0
-0
-0
-0
5.19915
-0
-0
-0
20.1788
-0
36.1044
-0
2.59755
-0
-0
4.65873
-0
-0
-0
-0
-0
-0
-0
-0
-0
-0
-0
-0
-0
-0
-0
-0
-0
-0
-0
-0
27.9244
-0
-0
-0
-0
-0
0.0366131
-0
-0
-0
-0
27.7194
-0
-0
-0
-0
-0
-0
25.3502
-0
-0
-0
-0
-0
11.9766
24.5106
-0
-0
-0
-0
20.5126
-0
-0
-0
-0
16.0698
-0
-0
2.42204
-0
-0
-0
-0
-0
13.6302
-0
-0
-0
27.9519
-0
-0
-0
18.7688
-0
-0
-0
-0
7.90091
-0
-0
-0
-0
-0
-0
8.14158
4.93323
-0
10.8206
-0
-0
1.51181
-0
-0
-0
-0
-0
-0
-0
-0
-0
-0
-0
-0
9.82314
-0
-0
-0
-0
-0
-0
-0
16.6774
-0
-0
36.7298
-0
-0
-0
-0
-0
-0
-0
-0
-0
-0
5.63419
-0
-0
20.7296
-0
-0
13.5338
-0
11.1778
-0
44.5393
-0
-0
-0
-0
-0
-0
-0
-0
-0
41.0094
-0
-0
-0
-0
-0
-0
-0
32.0528
-0
24.2959
-0
-0
12.4033
-0
-0
-0
-0
-0
-0
14.2619
-0
-0
-0
2.79025
-0
-0
-0
-0
-0
-0
36.986
47.9053
-0
-0
3.6079
35.6632
-0
30.784
-0
-0
-0
-0
-0
-0
-0
-0
1.52882
-0
-0
-0
-0
-0
-0
-0
-0
4.35115
-0
-0
-0
8.16152
11.5642
4.50657
8.63522
-0
-0
-0
-0
-0
-0
-0
-0
13.9259
-0
-0
-0
-0
5.27816
-0
-0
27.8393
-0
-0
-0
-0
-0
-0
-0
16.3563
18.0717
-0
21.1837
-0
1.43819
-0
-0
-0
31.1434
-0
-0
-0
-0
29.9606
-0
-0
-0
