2.28806
-0
-0
-0
-0
-0
-0
35.998
23.1475
4.23279
-0
-0
-0
-0
-0
29.6076
6.29004
-0
-0
-0
-0
-0
-0
-0
-0
-0
12.4763
10.1985
-0
-0
-0
-0
-0
-0
3.6345
-0
-0
-0
15.2052
-0
-0
-0
-0
16.0279
-0
18.2643
-0
-0
-0
-0
-0
-0
-0
-0
-0
-0
-0
-0
40.3271
26.5109
-0
-0
4.12622
-0
25.3888
-0
-0
14.3254
18.7736
1.82437
-0
-0
-0
-0
-0
1.24367
-0
-0
-0
-0
-0
30.2628
9.555
29.8001
29.9197
-0
-0
0.514811
-0
-0
-0
-0
-0
-0
-0
-0
5.37843
-0
-0
-0
-0
-0
-0
4.2596
10.413
-0
18.5888
-0
-0
2.06736
3.10658
-0
-0
-0
-0
-0
-0
-0
43.5522
15.3195
-0
-0
-0
-0
11.0426
-0
-0
-0
-0
-0
8.35045
12.795
0.892019
-0
-0
-0
-0
-0
-0
25.3614
2.02952
-0
-0
-0
16.4866
-0
-0
-0
-0
-0
-0
-0
-0
-0
-0
-0
-0
-0
-0
-0
34.33
-0
-0
33.8726
-0
31.7681
-0
-0
-0
26.7356
-0
17.1219
-0
-0
12.2977
-0
-0
-0
10.556
-0
12.4552
-0
-0
2.28981
-0
24.5196
-0
-0
-0
-0
11.2802
6.42728
-0
24.7544
-0
-0
-0
5.47369
-0
-0
-0
1.25649
-0
-0
-0
22.3746
-0
-0
-0
-0
21.2726
-0
4.70349
-0
-0
12.1127
-0
19.6669
3.40949
-0
-0
-0
-0
11.6028
-0
-0
-0
-0
4.84664
-0
-0
-0
-0
-0
-0
24.8636
-0
-0
-0
-0
-0
-0
-0
-0
-0
-0
7.79842
-0
-0
-0
-0
-0
-0
-0
-0
-0
-0
9.44018
-0
-0
-0
-0
-0
29.2435
-0
-0
-0
-0
-0
-0
-0
3.32586
-0
15.9575
-0
-0
11.0859
-0
-0
-0
1.34422
5.56478
-0
-0
-0
-0
-0
-0
-0
-0
-0
-0
33.2613
-0
-0
-0
14.3312
-0
-0
46.5765
-0
-0
2.1023
-0
-0
25.4585
-0
-0
5.83593
-0
-0
5.22261
-0
-0
-0
1.35742
-0
-0
-0
-0
-0
-0
-0
-0
9.2697
-0
-0
-0
-0
10.2372
-0
-0
-0
-0
-0
-0
-0
23.8449
-0
-0
-0
-0
-0
8.06114
-0
-0
27.3468
8.49921
8.96615
11.8275
8.18618
-0
-0
-0
14.3901
-0
-0
-0
-0
51.9993
13.2949
-0
-0
30.1506
-0
2.70105
-0
-0
35.8843
-0
-0
2.25451
0.513244
20.6149
-0
-0
0.902043
-0
-0
-0
-0
-0
-0
-0
-0
-0
-0
-0
-0
-0
-0
23.225
-0
-0
-0
16.2727
-0
33.0259
-0
-0
-0
7.78888
-0
-0
8.36069
-0
-0
-0
-0
-0
-0
-0
-0
-0
-0
26.7591
-0
-0
-0
-0
-0
-0
-0
-0
-0
-0
-0
1.27809
-0
-0
-0
13.2485
-0
-0
28.3991
-0
18.5215
-0
-0
7.29408
-0
-0
-0
-0
-0
11.4858
-0
-0
-0
-0
16.0037
-0
-0
-0
9.52003
35.6665
-0
-0
-0
-0
-0
-0
-0
-0
24.6312
-0
12.645
-0
8.85831
-0
34.4624
-0
-0
-0
-0
-0
2.06247
-0
-0
-0
23.2068
-0
-0
-0
-0
-0
-0
25.3951
-0
-0
10.2031
-0
1.60933
-0
9.05669
4.05253
-0
-0
-0
-0
-0
-0
25.1861
-0
-0
-0
8.48215
-0
-0
-0
-0
-0
-0
-0
-0
9.76602
-0
-0
6.9741
-0
-0
-0
-0
55.783
-0
-0
-0
13.9261
-0
-0
-0
-0
-0
-0
-0
-0
10.0802
25.9962
-0
-0
-0
0.0533862
-0
-0
-0
1.00624
-0
1.8974
-0
34.6527
-0
-0
-0
-0
4.68565
46.7695
-0
-0
8.3042
-0
-0
-0
16.2466
-0
-0
-0
-0
-0
-0
42.575
-0
13.1127
-0
11.4401
-0
17.8046
-0
-0
-0
-0
-0
-0
-0
-0
-0
-0
-0
-0
-0
47.5428
-0
-0
6.53984
-0
-0
-0
-0
-0
-0
-0
-0
-0
-0
-0
-0
-0
-0
-0
-0
-0
-0
-0
1.32124
-0
-0
-0
21.3892
-0
-0
-0
-0
-0
-0
7.86715
-0
-0
-0
-0
13.246
-0
-0
-0
-0
-0
-0
-0
-0
-0
-0
-0
-0
-0
-0
-0
6.17732
-0
-0
-0
-0
3.21015
-0
-0
-0
-0
-0
-0
-0
-0
-0
-0
-0
-0
-0
-0
-0
10.9006
-0
-0
-0
-0
-0
-0
-0
-0
12.9263
12.2392
2.7575
-0
0.497703
24.2719
34.4324
1.63928
17.9068
-0
-0
2.69301
-0
-0
-0
21.5846
-0
-0
21.4226
5.52048
-0
4.73547
-0
9.45131
-0
-0
-0
-0
-0
13.878
17.796
-0
-0
-0
-0
-0
-0
17.95
-0
-0
-0
-0
-0
-0
-0
-0
-0
-0
-0
-0
-0
-0
-0
-0
32.4633
27.9845
15.2974
-0
-0
19.6057
-0
-0
-0
1.30042
-0
-0
-0
-0
6.48816
-0
-0
-0
-0
-0
6.9942
16.3434
-0
-0
-0
-0
-0
-0
-0
-0
-0
-0
-0
21.3369
-0
-0
23.2667
-0
11.9717
22.8599
-0
11.8167
-0
-0
-0
-0
-0
-0
-0
-0
-0
-0
-0
-0
-0
-0
-0
-0
-0
15.3629
-0
-0
-0
-0
3.96117
-0
-0
-0
-0
-0
-0
-0
-0
-0
-0
-0
-0
-0
4.23515
-0
-0
-0
-0
-0
-0
-0
-0
23.0571
-0
-0
-0
29.2511
6.06734
-0
-0
-0
-0
-0
-0
2.54736
-0
5.81918
-0
-0
10.9558
11.8937
-0
-0
10.4285
1.49195
-0
16.4048
-0
-0
-0
-0
-0
25.5422
-0
-0
10.2011
-0
-0
-0
8.63801
-0
-0
4.71477
15.1407
-0
-0
-0
-0
-0
-0
1.46564
30.6405
-0
-0
-0
-0
-0
-0
-0
-0
2.53736
-0
65.0008
-0
-0
-0
-0
0.174704
4.54873
-0
-0
-0
50.9966
14.3589
-0
-0
-0
-0
-0
-0
-0
-0
17.751
33.3474
-0
-0
-0
6.97252
15.0082
-0
-0
-0
-0
2.69011
-0
-0
-0
-0
-0
-0
-0
-0
-0
-0
-0
-0
14.0572
-0
3.01223
-0
-0
-0
-0
-0
6.91591
-0
-0
-0
-0
-0
12.7117
-0
-0
-0
16.5031
-0
-0
-0
-0
-0
-0
-0
-0
3.26812
25.8062
-0
-0
-0
27.8408
15.7259
-0
-0
-0
-0
-0
-0
-0
-0
-0
-0
-0
-0
-0
-0
-0
-0
32.4874
-0
-0
-0
19.8621
-0
-0
-0
10.7186
-0
-0
-0
-0
-0
-0
-0
-0
-0
-0
-0
-0
-0
-0
-0
-0
-0
10.4204
-0
-0
27.4245
4.29837
-0
-0
-0
-0
-0
-0
-0
-0
-0
8.4947
7.68034
-0
-0
4.41207
-0
5.38571
-0
-0
-0
-0
-0
-0
-0
-0
-0
3.18697
-0
0.0261467
-0
8.3959
-0
-0
-0
-0
9.57231
-0
-0
-0
-0
-0
-0
-0
-0
-0
-0
-0
-0
1.71572
-0
-0
12.9804
0.374258
9.02797
-0
3.89463
-0
19.5363
-0
-0
21.2872
-0
-0
5.57358
-0
-0
10.3017
2.73079
2.06054
-0
-0
-0
-0
-0
-0
-0
-0
-0
-0
-0
-0
-0
-0
-0
-0
-0
-0
-0
14.1389
-0
-0
-0
-0
-0
-0
6.33576
-0
-0
-0
-0
-0
-0
-0
11.8554
-0
-0
-0
-0
-0
-0
-0
-0
52.0638
-0
3.57684
-0
-0
-0
-0
23.3913
-0
-0
-0
-0
-0
47.2252
-0
-0
-0
-0
-0
-0
-0
9.70942
3.35688
-0
-0
-0
-0
-0
17.2956
-0
-0
-0
-0
2.30824
-0
-0
-0
-0
-0
-0
-0
-0
-0
18.7119
13.0982
-0
-0
23.9182
17.5918
-0
-0
-0
-0
17.2149
-0
5.14514
-0
-0
-0
-0
-0
32.2285
-0
-0
-0
4.09833
-0
-0
-0
-0
6.59408
-0
20.1373
10.2695
-0
1.69585
-0
-0
-0
-0
-0
-0
-0
-0
-0
-0
21.1797
-0
-0
-0
-0
1.43344
-0
-0
-0
-0
-0
-0
-0
-0
-0
-0
-0
-0
1.62793
-0
-0
33.6158
-0
22.7709
-0
-0
-0
-0
-0
-0
-0
23.8961
-0
-0
0.248615
-0
-0
-0
-0
16.4428
-0
-0
-0
-0
-0
-0
-0
-0
-0
-0
20.7972
-0
-0
-0
16.5865
-0
-0
-0
-0
-0
-0
-0
-0
-0
-0
4.90527
-0
-0
-0
-0
-0
-0
22.6498
-0
-0
-0
16.6288
-0
-0
-0
-0
10.0416
-0
-0
-0
-0
-0
-0
-0
-0
-0
-0
40.4607
-0
2.60287
-0
4.40576
-0
4.10654
-0
-0
20.9252
-0
-0
-0
-0
-0
15.671
-0
35.841
27.3275
-0
6.85799
-0
-0
-0
-0
-0
6.97766
-0
-0
-0
9.12097
-0
-0
6.2277
22.0408
-0
-0
-0
-0
-0
31.4258
-0
-0
-0
-0
1.49717
24.2557
5.93781
-0
-0
23.1329
-0
-0
-0
-0
2.73295
-0
2.31679
6.84584
-0
13.4445
-0
1.17791
27.2748
-0
-0
4.1249
-0
-0
-0
-0
-0
-0
49.9415
-0
-0
-0
20.3928
-0
29.2716
-0
-0
-0
-0
-0
-0
35.4681
-0
-0
-0
-0
-0
-0
-0
-0
-0
-0
2.61612
-0
-0
-0
-0
-0
12.0355
8.51076
-0
-0
-0
-0
17.8045
30.4081
-0
14.3821
-0
-0
-0
-0
-0
-0
-0
-0
-0
-0
-0
-0
3.25301
37.4446
-0
-0
11.5009
-0
20.0718
-0
-0
-0
-0
-0
-0
8.59608
-0
-0
-0
-0
2.88563
-0
-0
9.16648
0.910854
0.917451
11.1977
-0
-0
5.87685
-0
13.9856
51.9756
-0
-0
-0
-0
-0
-0
-0
24.8345
10.1066
-0
-0
-0
-0
-0
-0
-0
0.791944
-0
-0
-0
-0
-0
-0
-0
12.3931
-0
-0
-0
-0
-0
15.5989
39.1159
-0
-0
-0
-0
-0
-0
-0
-0
-0
-0
-0
-0
-0
40.9213
-0
7.92617
-0
1.87373
-0
6.31459
-0
36.4171
-0
-0
12.1301
-0
-0
-0
-0
0.332392
2.45318
-0
-0
0.549179
-0
-0
-0
-0
-0
-0
-0
11.2632
-0
-0
-0
-0
-0
-0
3.6638
-0
-0
-0
-0
11.034
5.78483
-0
-0
-0
-0
-0
0.120295
-0
-0
-0
-0
13.6814
-0
-0
-0
-0
-0
-0
-0
0.832416
26.621
-0
-0
-0
-0
-0
-0
6.13083
4.63072
-0
-0
-0
3.29247
-0
-0
20.8891
-0
-0
-0
-0
-0
-0
15.5716
48.5257
-0
-0
-0
-0
-0
-0
24.6098
10.8453
11.8315
15.7319
-0
13.6454
22.1483
-0
-0
-0
29.8706
-0
-0
11.3831
-0
12.1439
-0
-0
-0
-0
-0
19.6299
-0
-0
-0
-0
-0
-0
-0
-0
-0
-0
-0
-0
-0
-0
-0
-0
15.6979
-0
3.4807
18.4573
-0
-0
-0
-0
-0
-0
-0
-0
4.56906
26.7862
-0
-0
-0
10.0814
-0
-0
6.24892
-0
12.2705
4.5529
-0
18.3937
14.934
-0
22.1652
-0
-0
20.1704
-0
-0
10.2273
-0
-0
-0
77.8811
-0
-0
-0
-0
-0
-0
-0
44.5897
-0
0.0593055
-0
-0
-0
-0
-0
-0
-0
-0
-0
-0
-0
-0
-0
-0
-0
-0
-0
-0
39.9102
-0
4.07663
-0
-0
-0
45.9155
-0
-0
-0
-0
-0
-0
2.09864
-0
25.6801
-0
42.0407
-0
-0
-0
20.3008
-0
-0
-0
-0
-0
-0
-0
21.5285
0.435817
-0
-0
-0
-0
-0
24.6779
-0
5.46282
3.24863
-0
-0
-0
-0
-0
-0
16.7714
-0
-0
13.4313
-0
-0
-0
-0
17.0838
0.789828
6.98144
-0
-0
-0
-0
-0
-0
30.6763
-0
-0
-0
-0
-0
-0
-0
6.2578
35.7413
16.162
-0
-0
-0
-0
-0
-0
-0
8.38158
-0
16.2464
-0
-0
20.7841
-0
-0
-0
-0
-0
-0
-0
-0
-0
17.9222
-0
-0
8.87146
7.45882
-0
-0
-0
-0
-0
38.6559
-0
-0
-0
2.74686
-0
-0
-0
-0
-0
-0
-0
-0
-0
-0
-0
-0
-0
-0
-0
3.15114
18.1499
-0
-0
-0
-0
-0
-0
-0
-0
-0
-0
-0
-0
5.61729
15.5809
-0
0.627363
-0
-0
-0
-0
-0
-0
-0
1.25807
-0
-0
0.281768
-0
4.27293
-0
-0
-0
-0
-0
1.97867
-0
-0
-0
-0
-0
-0
-0
-0
0.327595
4.53966
58.4493
-0
-0
-0
-0
-0
-0
-0
1.22095
-0
-0
26.2411
-0
9.8582
14.6093
14.6992
-0
-0
-0
37.1447
-0
-0
38.3386
-0
-0
-0
-0
11.039
-0
-0
-0
-0
-0
-0
-0
-0
43.5555
-0
-0
-0
-0
13.6307
-0
-0
48.6157
-0
-0
11.9164
-0
11.0238
-0
-0
-0
-0
8.99939
-0
-0
-0
21.3862
32.4453
-0
-0
12.0588
-0
-0
25.8746
3.2237
-0
-0
-0
-0
25.7594
4.5379
-0
1.56988
-0
-0
-0
-0
-0
-0
-0
-0
2.16595
-0
27.5679
3.32079
-0
-0
-0
-0
9.75272
-0
21.082
-0
-0
-0
-0
-0
-0
-0
-0
-0
-0
16.975
11.7442
-0
-0
-0
-0
-0
1.76442
30.0558
-0
1.93235
-0
-0
-0
-0
-0
20.7448
-0
-0
2.86818
-0
-0
32.7352
22.7815
-0
-0
-0
-0
7.09804
-0
26.4434
-0
-0
16.4674
13.2287
9.56136
-0
-0
1.225
-0
0.390236
-0
19.3999
-0
7.45531
-0
-0
0.285069
-0
-0
-0
-0
-0
1.27509
-0
-0
14.0146
-0
-0
-0
-0
-0
-0
4.92428
0.213353
-0
-0
-0
29.02
31.3302
-0
54.1415
-0
-0
-0
12.6841
0.393185
-0
-0
6.27975
-0
-0
19.9739
-0
-0
-0
-0
-0
7.97934
17.6328
-0
0.969263
-0
3.30501
-0
-0
-0
-0
8.17584
-0
-0
1.68596
26.0849
-0
0.159414
-0
6.91326
-0
-0
-0
-0
-0
-0
-0
-0
-0
-0
-0
-0
11.5482
-0
-0
-0
17.0033
-0
0.611079
15.3492
-0
8.33779
-0
-0
-0
-0
18.9133
-0
17.0506
11.4879
-0
-0
-0
-0
-0
-0
-0
-0
3.74635
-0
-0
-0
0.672315
-0
-0
-0
0.0144029
-0
14.2499
-0
7.18661
-0
-0
15.6426
2.69603
-0
-0
-0
-0
17.6382
18.6421
31.977
-0
20.4154
10.3924
-0
-0
-0
0.935512
3.98613
-0
-0
41.2131
-0
-0
22.2951
5.21255
-0
-0
-0
-0
-0
33.1763
-0
-0
0.582484
-0
-0
-0
-0
10.9832
-0
-0
-0
23.6771
-0
-0
9.77022
-0
-0
11.1307
-0
-0
15.9103
-0
-0
10.5824
-0
-0
18.9279
-0
-0
24.3906
-0
-0
-0
-0
-0
-0
-0
-0
-0
22.4543
10.7123
-0
-0
-0
-0
-0
-0
23.473
0.434642
-0
-0
-0
-0
-0
-0
-0
-0
-0
-0
11.0115
-0
-0
-0
-0
-0
-0
-0
-0
22.5305
-0
11.9348
-0
-0
20.3018
-0
-0
-0
27.9942
-0
-0
15.3544
-0
0.830252
-0
-0
-0
-0
-0
-0
-0
-0
25.609
-0
4.25234
0.267498
14.0062
-0
13.7066
3.05802
-0
-0
-0
29.1723
-0
-0
-0
-0
-0
-0
-0
13.5871
-0
-0
-0
-0
-0
-0
-0
-0
-0
-0
-0
3.33883
-0
-0
-0
-0
-0
-0
13.1524
-0
1.13115
-0
-0
-0
-0
-0
9.2606
-0
-0
16.0845
-0
-0
-0
4.09688
-0
-0
-0
-0
-0
17.4134
-0
-0
-0
-0
-0
-0
29.2839
-0
-0
-0
-0
-0
11.1947
12.3164
3.2998
-0
-0
-0
-0
-0
-0
-0
-0
-0
8.12161
-0
-0
-0
-0
-0
-0
-0
-0
-0
-0
-0
-0
-0
-0
-0
-0
-0
13.2082
13.4026
-0
-0
-0
13.8633
8.28886
6.12369
-0
-0
-0
-0
-0
33.6274
-0
-0
-0
-0
-0
-0
-0
47.6457
38.0613
-0
-0
-0
7.29024
5.10485
-0
-0
-0
-0
-0
20.1493
-0
-0
-0
31.7757
17.7761
-0
-0
-0
-0
10.0392
13.7205
-0
-0
-0
-0
-0
35.3863
37.0948
-0
-0
-0
-0
0.592501
0.748911
-0
-0
-0
3.26531
-0
20.434
-0
1.8893
-0
-0
-0
-0
-0
-0
-0
-0
-0
-0
-0
-0
-0
-0
2.96507
33.7006
-0
-0
-0
-0
-0
20.1454
-0
35.3598
-0
-0
40.7378
-0
6.83651
-0
-0
-0
-0
-0
-0
-0
-0
-0
-0
-0
22.2782
-0
-0
-0
-0
-0
-0
-0
2.50145
-0
-0
-0
10.3755
20.6289
-0
-0
-0
-0
-0
-0
-0
-0
-0
-0
8.74205
-0
-0
-0
-0
-0
-0
2.49682
-0
-0
1.99873
-0
-0
-0
-0
-0
-0
-0
-0
30.1296
-0
36.5567
-0
-0
-0
-0
0.0807067
-0
-0
-0
-0
-0
-0
18.1006
-0
-0
-0
-0
-0
-0
-0
4.65581
-0
-0
3.86412
-0
-0
-0
25.8121
14.8804
-0
-0
-0
-0
-0
25.0778
-0
-0
-0
15.2327
-0
-0
-0
-0
-0
-0
5.94817
-0
56.1721
1.99901
-0
-0
9.06188
-0
-0
-0
-0
-0
-0
-0
-0
-0
-0
-0
-0
-0
3.18926
10.3898
-0
-0
-0
-0
-0
-0
-0
-0
-0
-0
-0
-0
-0
-0
-0
-0
-0
-0
8.60096
-0
29.0865
-0
-0
-0
-0
-0
-0
-0
0.275517
-0
-0
-0
-0
-0
-0
-0
-0
17.6063
-0
13.4146
-0
-0
-0
-0
-0
-0
11.5039
-0
1.18116
-0
-0
-0
-0
-0
-0
-0
28.7462
-0
-0
-0
-0
-0
-0
-0
-0
-0
-0
-0
-0
-0
-0
-0
-0
-0
11.5687
-0
-0
-0
-0
-0
-0
9.70593
-0
-0
-0
-0
-0
-0
-0
-0
-0
-0
-0
10.7965
5.45294
-0
-0
-0
40.7524
-0
24.6138
-0
-0
-0
-0
-0
4.31809
-0
50.5196
-0
-0
-0
19.2361
-0
-0
-0
-0
51.4686
-0
14.0828
-0
-0
0.585677
-0
-0
4.78847
-0
-0
-0
-0
-0
-0
-0
-0
-0
32.522
-0
-0
-0
-0
-0
-0
-0
-0
-0
-0
-0
-0
-0
-0
-0
-0
-0
-0
-0
21.6422
-0
0.419527
-0
-0
-0
-0
-0
-0
-0
17.7245
-0
-0
-0
-0
21.3723
11.4946
-0
-0
-0
-0
-0
-0
-0
-0
-0
4.22845
-0
22.1511
-0
6.2255
-0
-0
-0
-0
-0
-0
-0
7.78979
-0
-0
-0
-0
-0
-0
-0
-0
29.1567
-0
-0
-0
28.2529
-0
-0
-0
49.9603
-0
40.0108
-0
-0
-0
-0
-0
-0
-0
-0
-0
13.132
-0
-0
23.2788
13.5338
-0
-0
32.7496
-0
16.2994
-0
-0
12.2517
-0
-0
-0
6.41574
-0
-0
-0
-0
9.30332
-0
-0
-0
5.74224
-0
-0
4.71472
-0
-0
-0
-0
-0
-0
-0
-0
-0
-0
-0
-0
-0
-0
-0
19.3213
5.50644
-0
-0
-0
-0
4.24353
11.7415
25.5508
-0
-0
-0
6.44146
-0
-0
-0
-0
-0
-0
30.3474
-0
-0
-0
-0
-0
-0
7.38255
-0
-0
-0
-0
-0
-0
-0
2.05783
-0
35.3129
-0
-0
34.9689
-0
25.1606
-0
16.2199
11.4765
-0
-0
5.17022
37.3476
-0
3.61214
3.57703
-0
-0
17.8097
-0
-0
17.9728
-0
-0
-0
-0
-0
26.8303
-0
2.05862
10.9103
-0
-0
-0
-0
-0
15.3093
-0
-0
-0
-0
-0
-0
-0
-0
-0
-0
-0
5.62849
-0
-0
-0
-0
11.6064
41.9014
-0
-0
-0
-0
-0
-0
-0
14.0599
-0
-0
-0
-0
-0
-0
42.0049
-0
-0
-0
-0
-0
4.865
9.34665
-0
4.09538
-0
6.41903
-0
-0
-0
-0
-0
3.22637
39.4668
-0
-0
-0
-0
-0
-0
11.3131
-0
-0
-0
13.5973
-0
-0
-0
-0
-0
-0
-0
5.5118
-0
-0
-0
15.221
0.620314
-0
-0
-0
-0
-0
-0
9.66712
-0
-0
28.5744
-0
-0
-0
-0
-0
1.45027
-0
-0
-0
-0
-0
-0
-0
23.1144
31.6069
-0
-0
-0
-0
-0
-0
-0
-0
-0
-0
4.68841
-0
-0
-0
-0
-0
-0
-0
28.9659
-0
-0
-0
-0
-0
-0
-0
-0
20.6087
-0
-0
-0
-0
-0
-0
-0
3.12076
-0
-0
-0
2.84055
-0
-0
-0
-0
-0
-0
-0
2.05976
-0
7.27196
-0
-0
-0
-0
-0
-0
2.94851
-0
-0
-0
33.9604
15.8074
-0
-0
-0
-0
-0
-0
-0
-0
-0
-0
-0
-0
-0
-0
24.7208
35.5041
-0
-0
-0
2.71986
17.6469
-0
-0
-0
-0
-0
-0
-0
-0
-0
-0
-0
-0
0.0998664
-0
-0
16.2513
-0
10.3973
-0
13.6873
-0
-0
-0
-0
-0
-0
-0
-0
-0
2.14736
-0
-0
21.6265
-0
-0
-0
-0
1.72301
20.2151
-0
-0
-0
17.9382
-0
-0
-0
-0
3.20869
-0
4.51039
-0
-0
-0
-0
-0
-0
-0
-0
-0
-0
-0
-0
-0
-0
-0
14.2892
-0
-0
-0
15.9946
-0
-0
7.91808
-0
-0
0.262268
-0
-0
-0
6.8253
-0
-0
-0
-0
-0
-0
32.217
-0
-0
-0
-0
-0
-0
-0
35.8371
2.50755
-0
-0
-0
-0
-0
-0
16.1227
-0
-0
-0
-0
20.1018
-0
-0
-0
-0
-0
-0
-0
-0
-0
-0
-0
-0
34.6208
-0
-0
-0
-0
-0
-0
-0
-0
5.12974
19.1967
-0
7.94299
18.3351
19.624
-0
4.99849
18.4383
-0
-0
-0
-0
0.783814
-0
-0
-0
-0
-0
-0
-0
-0
-0
3.12816
-0
-0
-0
-0
9.49973
-0
-0
-0
22.4732
-0
17.5905
42.1585
-0
-0
-0
-0
-0
-0
-0
-0
-0
5.39665
-0
25.4709
-0
-0
27.7434
-0
8.24652
-0
3.85668
-0
-0
-0
-0
9.91738
-0
-0
-0
-0
-0
-0
-0
-0
-0
-0
-0
24.0029
-0
-0
-0
-0
-0
-0
0.109283
-0
-0
-0
-0
6.71077
-0
8.77376
10.7288
13.7515
10.6671
-0
26.7415
-0
-0
-0
-0
-0
-0
-0
-0
40.2653
-0
-0
-0
-0
56.1239
-0
-0
-0
-0
-0
-0
-0
-0
-0
6.21846
-0
0.627735
0.278878
-0
-0
-0
-0
-0
-0
-0
-0
-0
3.17071
-0
-0
-0
-0
10.4628
-0
-0
-0
-0
-0
-0
-0
12.5855
7.10383
-0
-0
-0
-0
-0
-0
-0
1.571
-0
29.3062
-0
1.15339
22.9336
-0
-0
3.44878
-0
7.84122
-0
4.69201
-0
-0
-0
-0
1.07371
-0
-0
-0
-0
21.2175
29.0821
-0
-0
-0
-0
-0
-0
-0
-0
-0
-0
-0
-0
-0
-0
-0
-0
-0
-0
-0
-0
-0
-0
-0
-0
-0
-0
-0
7.15327
-0
34.0422
-0
-0
-0
-0
-0
5.37151
-0
-0
-0
-0
-0
35.8157
-0
-0
-0
2.08696
-0
-0
29.1482
7.91935
-0
26.6528
-0
-0
-0
-0
-0
-0
-0
-0
24.4567
-0
-0
-0
-0
53.052
-0
-0
-0
39.2213
4.84768
12.8389
-0
-0
-0
-0
-0
-0
-0
-0
-0
-0
-0
7.68375
2.56783
-0
-0
-0
46.7114
-0
-0
32.1827
-0
-0
-0
44.0682
-0
20.7872
-0
-0
-0
-0
-0
-0
-0
0.976325
0.882837
7.05053
-0
3.44151
-0
-0
-0
-0
6.46917
-0
-0
7.8559
-0
-0
-0
-0
-0
-0
-0
-0
-0
-0
-0
-0
-0
13.9297
-0
-0
-0
-0
-0
-0
-0
-0
-0
-0
-0
-0
-0
7.68422
-0
10.4524
9.00344
-0
-0
-0
11.9322
-0
-0
-0
-0
-0
-0
6.36587
-0
-0
-0
-0
19.0723
19.4975
-0
-0
-0
-0
-0
-0
-0
12.3559
-0
-0
-0
-0
-0
-0
17.6901
-0
4.4603
-0
-0
-0
6.57017
-0
-0
-0
10.2235
6.47407
18.445
-0
-0
-0
-0
-0
-0
13.58
-0
6.02483
3.00274
-0
-0
-0
12.7674
14.8471
-0
-0
-0
-0
-0
-0
-0
5.88306
-0
-0
-0
13.8842
-0
15.3596
10.9792
-0
4.05586
53.5773
-0
-0
3.88287
3.74415
-0
-0
-0
-0
-0
-0
-0
-0
-0
-0
0.107461
-0
-0
-0
-0
-0
-0
-0
-0
-0
-0
-0
-0
-0
15.7579
-0
-0
-0
-0
-0
-0
-0
-0
-0
43.2954
-0
-0
46.5123
-0
-0
-0
-0
-0
-0
-0
-0
-0
5.73678
-0
-0
-0
48.3921
-0
0.795387
-0
3.23398
-0
-0
-0
-0
-0
-0
-0
37.8324
-0
-0
3.39787
30.3705
-0
-0
-0
-0
-0
-0
-0
-0
-0
-0
-0
-0
9.31335
-0
-0
-0
-0
15.3243
-0
-0
13.6953
-0
-0
-0
-0
-0
-0
-0
-0
-0
27.705
-0
11.0803
-0
30.85
-0
-0
-0
-0
-0
-0
-0
-0
-0
-0
24.9512
10.9168
-0
-0
-0
-0
4.81153
-0
-0
-0
-0
-0
-0
-0
-0
32.2237
-0
16.0816
-0
24.7628
-0
-0
0.567993
-0
-0
6.31155
-0
-0
8.31626
48.7164
-0
-0
-0
-0
-0
11.7408
-0
-0
6.94442
3.40608
-0
-0
-0
-0
-0
-0
-0
-0
-0
13.357
-0
5.98834
-0
-0
-0
-0
-0
-0
32.496
-0
-0
-0
15.0238
-0
14.7056
-0
32.2975
-0
18.4475
2.66044
-0
-0
-0
13.6941
-0
-0
-0
-0
-0
-0
-0
6.29755
-0
-0
-0
-0
-0
-0
18.5204
2.03655
53.3379
-0
-0
-0
-0
-0
-0
-0
-0
-0
-0
-0
10.4982
-0
-0
-0
11.9724
-0
14.2528
-0
1.84362
-0
-0
-0
-0
-0
-0
-0
-0
-0
-0
-0
-0
-0
-0
-0
-0
-0
-0
-0
-0
-0
-0
-0
3.70421
5.23697
-0
-0
-0
-0
-0
-0
-0
-0
-0
21.0447
-0
-0
-0
-0
-0
-0
-0
-0
-0
-0
-0
-0
-0
-0
8.17434
-0
-0
-0
1.04385
-0
-0
-0
-0
12.0097
-0
-0
29.2595
-0
-0
-0
14.7748
-0
0.853581
-0
-0
-0
-0
-0
-0
-0
49.3235
-0
-0
-0
-0
3.33203
15.8155
-0
-0
-0
-0
-0
3.99131
4.88933
-0
34.6755
-0
-0
-0
-0
-0
-0
-0
-0
-0
12.5273
-0
-0
-0
-0
-0
-0
-0
-0
-0
-0
-0
-0
-0
4.55806
5.42441
19.5881
14.3725
-0
-0
-0
14.2836
-0
-0
-0
4.8339
-0
-0
-0
-0
-0
-0
-0
-0
6.38146
-0
0.846913
-0
46.3036
-0
3.13085
-0
-0
-0
-0
-0
-0
-0
43.2458
-0
-0
-0
-0
-0
-0
-0
30.6635
-0
-0
20.9536
-0
35.07
-0
2.60166
-0
2.94407
-0
-0
35.9039
15.0111
-0
-0
15.156
-0
-0
6.35663
-0
-0
-0
57.053
37.2679
-0
1.45452
3.86126
25.7022
-0
12.5718
-0
-0
-0
-0
-0
-0
-0
-0
0.731561
-0
-0
-0
-0
-0
-0
-0
-0
13.7088
-0
-0
-0
-0
19.9357
16.8753
14.9668
-0
-0
-0
-0
-0
-0
-0
-0
4.78437
-0
-0
-0
-0
-0
-0
-0
43.5449
-0
-0
-0
-0
-0
-0
-0
-0
19.4576
15.9566
-0
-0
-0
-0
-0
-0
24.463
-0
-0
-0
-0
3.86819
-0
-0
-0
