-0
-0
-0
-0
-0
3.33453
-0
44.1725
18.7149
-0
16.2683
-0
-0
-0
-0
20.7948
-0
-0
-0
-0
-0
-0
-0
0.486852
-0
-0
28.1433
-0
-0
-0
-0
-0
-0
-0
5.20373
-0
-0
-0
-0
-0
-0
-0
-0
27.9992
-0
-0
-0
13.5147
-0
-0
-0
-0
-0
-0
-0
-0
19.4365
0.82651
10.6625
5.33759
-0
-0
6.04318
-0
-0
-0
7.40891
-0
-0
0.0722475
-0
-0
-0
-0
-0
3.66634
13.1288
-0
-0
-0
-0
9.20315
-0
-0
22.2141
-0
-0
-0
-0
-0
-0
-0
-0
-0
-0
-0
3.08232
-0
-0
-0
-0
-0
-0
2.69369
27.0701
-0
12.8411
-0
-0
1.98823
-0
-0
-0
-0
9.5135
2.06266
-0
-0
20.119
25.4297
-0
-0
-0
-0
12.5146
-0
5.2605
-0
-0
0.102477
-0
16.6776
29.3893
-0
20.9682
-0
-0
22.7392
-0
9.06962
1.63208
-0
6.47079
-0
-0
-0
-0
19.6121
-0
-0
-0
-0
-0
-0
21.221
-0
14.6833
-0
-0
0.851885
-0
0.0361667
-0
21.7818
12.3537
-0
2.04199
-0
-0
26.6137
-0
12.3222
2.56139
-0
14.309
-0
-0
-0
-0
-0
-0
-0
-0
-0
-0
21.13
-0
-0
17.2919
12.0268
5.68509
3.00888
10.8345
-0
-0
-0
-0
-0
-0
-0
-0
-0
37.5292
-0
-0
-0
-0
-0
15.1506
-0
-0
-0
-0
-0
-0
-0
21.2119
21.9126
-0
-0
18.3323
-0
-0
-0
-0
-0
-0
-0
10.0803
-0
-0
11.9969
-0
-0
-0
4.82263
-0
-0
-0
-0
12.1855
5.19581
-0
-0
-0
-0
13.9495
-0
11.4895
-0
-0
15.0343
-0
-0
25.6292
-0
-0
14.0843
5.80648
-0
6.3912
36.7592
-0
-0
-0
-0
-0
9.71926
-0
-0
-0
41.8601
17.2342
15.9386
-0
-0
-0
-0
-0
-0
14.4949
10.547
-0
22.7205
-0
-0
-0
11.519
-0
-0
-0
5.35385
22.6017
-0
12.1555
-0
-0
-0
-0
52.1048
-0
-0
0.410949
0.159674
28.9651
10.5934
-0
-0
21.2534
-0
-0
4.67429
12.9562
-0
2.40901
0.811154
-0
-0
-0
-0
-0
-0
-0
-0
-0
-0
-0
1.2309
-0
5.39923
-0
-0
-0
-0
-0
0.551327
-0
10.6754
-0
15.6989
-0
-0
-0
26.3604
-0
-0
-0
11.9268
0.0385978
8.83806
-0
-0
-0
-0
16.7298
-0
-0
-0
-0
-0
29.2889
-0
-0
-0
19.7935
1.64024
-0
-0
-0
-0
-0
1.00057
0.605807
24.7096
-0
-0
-0
-0
22.336
-0
-0
-0
-0
-0
-0
-0
-0
1.31874
-0
-0
-0
26.1627
-0
-0
-0
19.4121
-0
-0
-0
20.4309
18.1136
-0
-0
-0
-0
1.02097
-0
-0
-0
-0
-0
4.58562
-0
-0
5.23292
34.0206
-0
-0
-0
-0
-0
-0
-0
-0
7.11125
-0
-0
15.5743
54.6099
-0
-0
15.3014
20.645
-0
22.3723
-0
6.04798
-0
-0
1.52265
-0
-0
0.477918
-0
-0
9.32278
-0
-0
-0
-0
-0
-0
-0
15.6688
9.0924
-0
1.64915
11.1298
-0
-0
-0
-0
-0
-0
0.588381
-0
-0
-0
0.135247
-0
-0
-0
-0
-0
5.51455
-0
12.4307
-0
-0
8.39325
-0
-0
-0
-0
-0
-0
-0
-0
-0
-0
31.423
-0
-0
-0
-0
-0
9.71825
-0
-0
2.8557
4.52868
-0
-0
0.592651
-0
-0
22.8846
-0
-0
-0
-0
-0
-0
-0
-0
-0
-0
12.2304
15.4287
-0
-0
-0
1.73184
0.488776
-0
-0
-0
20.3159
6.96493
6.76368
-0
-0
-0
-0
30.0262
-0
11.2611
26.9706
-0
-0
-0
-0
-0
-0
-0
2.78237
33.1648
-0
-0
-0
0.991665
16.5844
-0
-0
4.67681
29.2278
-0
-0
-0
14.3924
-0
-0
1.92562
-0
1.42493
-0
-0
-0
-0
-0
-0
5.70937
-0
19.4921
20.6765
-0
-0
-0
-0
-0
-0
-0
-0
1.10207
-0
11.4872
-0
-0
7.03779
18.7276
-0
-0
-0
-0
-0
-0
-0
-0
25.655
-0
-0
-0
-0
-0
-0
-0
-0
-0
-0
13.5884
-0
-0
15.9225
-0
-0
-0
-0
20.2297
-0
1.96185
-0
-0
-0
16.0508
-0
-0
-0
-0
-0
-0
-0
27.5645
-0
-0
-0
-0
-0
-0
-0
-0
-0
-0
-0
-0
15.309
-0
-0
-0
-0
-0
-0
-0
11.1664
-0
24.6188
0.149217
-0
-0
-0
-0
-0
8.55701
4.42388
21.8317
-0
6.15009
7.10701
-0
-0
-0
-0
-0
-0
-0
13.4117
-0
-0
-0
0.583384
40.7376
32.9517
13.3834
11.3625
-0
-0
-0
-0
-0
-0
-0
-0
-0
12.861
-0
-0
3.74265
-0
-0
-0
10.8863
32.1979
-0
-0
-0
4.91321
-0
-0
-0
-0
-0
-0
20.0898
-0
-0
-0
-0
6.14366
-0
-0
9.09677
-0
-0
-0
-0
11.33
-0
-0
-0
18.882
16.1917
3.32979
-0
-0
19.7747
-0
-0
-0
1.75545
-0
-0
-0
-0
-0
-0
-0
-0
-0
-0
1.14312
-0
-0
-0
-0
-0
12.0713
-0
2.69274
-0
12.2216
-0
-0
-0
-0
-0
-0
18.1745
31.3059
-0
-0
14.1298
-0
-0
-0
-0
-0
8.05054
-0
-0
-0
34.5947
-0
-0
-0
-0
-0
-0
0.947129
10.6857
-0
1.05129
-0
-0
1.87076
-0
6.93366
-0
-0
-0
-0
-0
-0
-0
18.5191
-0
-0
-0
-0
12.0177
23.2311
-0
1.91471
-0
-0
-0
-0
34.2399
-0
2.05576
-0
38.5525
-0
-0
3.79533
-0
-0
-0
-0
6.42139
-0
-0
-0
4.65735
-0
-0
-0
-0
2.17817
29.9957
-0
2.45541
8.14109
-0
-0
-0
-0
9.64707
-0
2.7646
-0
-0
-0
-0
7.4186
20.0754
-0
-0
6.74777
-0
-0
11.6328
-0
2.964
-0
-0
-0
-0
-0
-0
2.3041
-0
-0
-0
-0
-0
-0
-0
-0
-0
-0
-0
3.93235
0.207112
-0
-0
-0
22.542
-0
-0
24.5986
11.754
-0
-0
-0
-0
-0
-0
24.3332
-0
-0
16.5682
8.80181
8.5833
-0
-0
-0
-0
20.1998
-0
-0
-0
7.05635
-0
-0
-0
-0
-0
14.267
42.7174
-0
2.73702
-0
3.04276
-0
3.32477
7.72215
-0
-0
-0
-0
-0
-0
8.15927
4.00987
-0
-0
-0
-0
2.36049
-0
-0
23.8305
-0
-0
-0
-0
-0
-0
-0
-0
-0
-0
15.0487
-0
4.77253
-0
12.1086
-0
0.611473
-0
9.11165
-0
-0
18.1294
-0
3.10912
22.6983
-0
-0
-0
15.6695
-0
-0
-0
-0
-0
-0
-0
-0
-0
-0
-0
-0
-0
-0
-0
-0
-0
-0
-0
-0
-0
39.5494
-0
-0
-0
-0
11.4415
-0
16.7608
-0
-0
-0
20.4624
-0
-0
-0
-0
9.96291
-0
-0
-0
-0
-0
2.50911
5.32927
-0
-0
18.8515
-0
-0
-0
-0
-0
-0
13.3084
28.6192
-0
-0
0.398893
-0
-0
7.4197
-0
-0
-0
-0
-0
-0
7.03492
36.6397
13.8532
-0
-0
-0
-0
-0
8.81469
-0
-0
-0
3.1078
-0
0.996653
-0
-0
-0
32.3288
-0
-0
-0
-0
-0
0.922773
-0
-0
9.60695
-0
-0
-0
-0
-0
-0
-0
-0
-0
-0
-0
-0
25.1621
-0
-0
4.59392
-0
7.56717
-0
-0
-0
11.282
-0
-0
-0
-0
9.14296
-0
-0
1.68508
-0
-0
-0
1.72177
-0
-0
25.308
-0
-0
-0
6.09577
-0
-0
-0
-0
13.5466
-0
9.51989
-0
-0
-0
-0
8.66419
7.80711
-0
-0
-0
-0
-0
-0
-0
-0
-0
9.52328
-0
-0
10.5721
4.19961
-0
-0
-0
-0
-0
-0
-0
-0
-0
-0
22.0494
-0
-0
-0
-0
12.8561
-0
-0
-0
-0
-0
10.286
-0
-0
16.7482
-0
-0
5.27379
-0
-0
-0
31.8071
-0
-0
-0
-0
-0
8.53792
9.85402
-0
-0
9.95131
-0
-0
27.4747
0.220398
-0
0.936338
28.1
15.1135
-0
-0
14.4817
-0
-0
-0
-0
-0
-0
13.8111
-0
-0
-0
16.1946
-0
-0
-0
-0
-0
-0
-0
7.95741
-0
-0
-0
-0
-0
-0
13.2581
-0
-0
27.1824
-0
-0
-0
-0
-0
-0
-0
-0
-0
-0
-0
8.93338
6.09111
-0
-0
36.7564
-0
-0
-0
-0
38.4867
-0
5.00953
-0
0.814767
-0
-0
7.41509
-0
-0
-0
-0
-0
29.5939
-0
-0
-0
-0
-0
-0
9.68607
-0
-0
-0
6.68727
1.92891
16.645
-0
-0
-0
-0
-0
-0
38.4132
-0
-0
-0
11.4736
-0
-0
11.3832
-0
-0
-0
-0
1.51051
-0
-0
-0
0.19516
5.94842
15.8685
8.50938
15.452
-0
-0
8.93468
18.4151
-0
4.18132
18.6133
-0
24.3919
-0
-0
-0
-0
-0
-0
-0
12.194
37.3256
-0
5.46994
-0
32.318
-0
-0
-0
-0
-0
-0
29.0916
2.91345
-0
2.33435
32.6305
13.6778
-0
-0
-0
0.915826
-0
-0
-0
21.1737
15.9866
-0
15.3286
-0
-0
-0
-0
1.67186
-0
0.306105
22.9041
-0
38.9454
-0
9.01887
-0
-0
6.09526
-0
-0
19.5667
16.7809
-0
-0
29.0254
-0
-0
-0
-0
16.6836
-0
-0
-0
-0
-0
-0
10.7842
8.16476
-0
-0
-0
16.8537
-0
-0
-0
-0
-0
-0
-0
4.21468
9.13743
-0
-0
-0
2.48883
-0
-0
-0
-0
-0
7.22589
5.24269
-0
-0
-0
-0
-0
12.9082
-0
-0
-0
-0
-0
-0
15.2838
-0
-0
-0
-0
-0
8.40971
-0
5.95813
2.99786
-0
-0
-0
-0
20.9637
-0
-0
-0
-0
-0
-0
-0
-0
-0
-0
-0
-0
-0
5.18801
4.4696
-0
0.813491
-0
-0
-0
10.4792
-0
33.096
-0
-0
0.248086
-0
3.1704
-0
-0
14.0243
2.15178
-0
2.31594
0.958039
-0
-0
-0
-0
14.3858
21.3762
-0
-0
-0
-0
-0
-0
-0
-0
-0
-0
-0
-0
-0
50.1517
2.20116
-0
-0
-0
-0
-0
-0
5.72403
-0
-0
-0
-0
-0
-0
6.30198
-0
8.99714
-0
24.9228
-0
-0
-0
4.86908
-0
-0
-0
-0
-0
-0
-0
8.57826
-0
-0
-0
2.50561
-0
2.49636
-0
9.90487
-0
-0
-0
-0
-0
17.2983
-0
-0
-0
-0
4.00847
-0
-0
-0
-0
43.2087
-0
-0
-0
-0
-0
-0
-0
-0
-0
-0
-0
3.24473
12.3891
-0
0.112751
11.6322
-0
-0
-0
0.896257
27.5849
-0
-0
-0
-0
-0
-0
-0
1.14419
14.1566
2.84734
-0
-0
4.85723
-0
-0
-0
-0
-0
-0
-0
-0
-0
-0
19.0495
-0
-0
-0
-0
-0
16.4401
17.92
12.421
29.8863
-0
8.80015
-0
-0
-0
-0
53.705
-0
-0
-0
-0
1.09912
-0
12.8037
-0
-0
-0
13.7824
-0
37.0147
-0
-0
-0
-0
14.5444
-0
-0
-0
-0
-0
-0
19.3393
0.379848
-0
14.9865
-0
2.18477
3.32808
-0
-0
2.72196
-0
-0
-0
-0
16.8873
21.5978
3.07857
-0
-0
4.36117
27.1517
-0
-0
-0
-0
19.8442
-0
-0
29.9059
15.8919
-0
7.63486
-0
-0
-0
-0
-0
-0
-0
-0
-0
29.4149
-0
17.8619
-0
-0
-0
-0
22.5184
16.5497
10.8153
16.7888
-0
-0
-0
-0
-0
-0
14.8231
-0
-0
-0
7.93466
-0
-0
-0
-0
-0
-0
-0
5.38243
-0
5.49079
-0
-0
-0
-0
-0
-0
-0
7.99154
-0
-0
-0
-0
-0
15.1168
-0
-0
20.8341
-0
20.22
15.1396
-0
-0
-0
-0
-0
-0
9.2295
22.7091
-0
0.51856
-0
-0
0.117727
6.41393
-0
1.86239
-0
3.88951
-0
-0
-0
19.5027
-0
5.31221
-0
-0
-0
-0
14.4609
-0
-0
-0
7.30149
-0
-0
16.217
-0
-0
-0
-0
5.79321
-0
-0
11.6268
-0
-0
-0
-0
-0
20.3535
-0
24.4219
-0
-0
-0
-0
19.8317
11.7274
11.9818
-0
-0
-0
1.464
-0
-0
6.08126
-0
-0
3.94043
-0
-0
-0
-0
-0
-0
-0
12.4065
-0
-0
-0
13.5577
-0
20.0429
15.4404
1.69561
-0
-0
30.2618
16.6378
-0
-0
-0
16.5017
-0
-0
-0
-0
-0
-0
-0
1.38569
-0
3.48953
9.80629
15.2341
-0
-0
-0
-0
-0
-0
6.82122
-0
-0
-0
-0
-0
1.67032
11.3768
-0
-0
-0
-0
-0
-0
-0
2.08132
-0
-0
-0
-0
0.612093
-0
-0
-0
-0
-0
-0
-0
-0
-0
-0
9.15986
-0
-0
-0
-0
-0
-0
-0
19.6771
-0
-0
-0
-0
-0
-0
-0
0.785122
-0
-0
-0
-0
17.8872
11.4168
14.7443
-0
-0
-0
32.7502
-0
1.64915
-0
-0
-0
-0
-0
18.0495
-0
-0
-0
-0
8.51012
-0
-0
-0
6.79958
4.4777
-0
-0
-0
8.48555
-0
-0
-0
-0
-0
29.6406
23.0307
-0
-0
-0
3.57776
-0
6.87063
-0
-0
-0
9.73461
21.2826
9.34387
-0
15.5977
6.62867
-0
15.0505
3.63504
-0
-0
27.8374
-0
-0
11.6585
11.6154
2.45176
-0
-0
-0
-0
-0
-0
-0
-0
6.26795
-0
-0
-0
7.48957
-0
-0
4.70829
2.20596
-0
25.6027
8.39096
-0
-0
-0
-0
-0
23.983
-0
-0
-0
1.43201
1.35094
-0
1.75717
-0
7.98748
-0
13.7074
-0
-0
1.17763
-0
-0
6.21616
-0
-0
20.4829
39.2245
-0
13.6597
18.5121
-0
-0
17.328
-0
-0
-0
-0
-0
-0
27.0476
-0
7.56124
12.7362
13.0884
12.6321
-0
-0
-0
-0
1.46675
-0
16.3633
-0
-0
-0
-0
0.150275
-0
-0
-0
5.46112
19.6555
26.4168
-0
-0
13.6729
-0
-0
16.2335
-0
-0
7.4346
-0
0.409707
-0
8.03659
3.16854
6.83759
1.77972
-0
20.0831
-0
-0
1.6513
8.00275
-0
2.64294
-0
2.25178
-0
-0
-0
15.6549
-0
-0
-0
-0
10.5108
-0
-0
-0
-0
25.1153
-0
-0
-0
-0
13.5341
-0
-0
-0
-0
-0
-0
23.5418
2.26883
3.51889
-0
-0
13.7425
1.35854
-0
-0
-0
-0
-0
-0
-0
13.3947
-0
-0
-0
-0
-0
0.869739
5.63642
-0
27.2884
-0
-0
-0
-0
11.8927
-0
37.5745
1.80944
-0
-0
-0
-0
-0
4.21027
-0
-0
25.5012
0.481552
-0
-0
2.3538
3.21126
-0
-0
14.463
-0
-0
-0
-0
-0
-0
-0
10.6037
-0
-0
-0
-0
10.7088
12.0747
-0
7.0003
25.0159
-0
-0
3.72082
-0
1.12092
-0
-0
17.3208
26.6299
-0
7.12851
8.04468
-0
-0
-0
-0
-0
-0
10.1723
-0
-0
7.69245
-0
-0
13.6262
-0
-0
-0
-0
-0
18.9928
-0
-0
-0
-0
0.756596
18.1892
-0
-0
-0
-0
-0
-0
0.0637823
-0
3.9171
5.68768
4.47439
-0
-0
-0
-0
-0
-0
4.05061
19.7255
-0
2.1866
23.6563
18.5504
-0
6.53488
-0
-0
5.57363
-0
8.31712
0.918279
-0
-0
-0
24.6899
-0
11.6415
-0
-0
-0
-0
2.05644
1.58834
-0
-0
-0
-0
-0
-0
-0
12.8941
-0
21.8616
-0
-0
-0
-0
-0
-0
-0
-0
-0
13.0857
-0
1.16731
-0
-0
-0
-0
-0
19.3103
-0
-0
-0
-0
8.40294
-0
13.1749
-0
-0
22.5651
-0
-0
-0
7.05223
4.32203
-0
16.7314
-0
-0
-0
-0
28.442
-0
-0
-0
-0
-0
-0
-0
-0
-0
-0
-0
3.47587
-0
-0
-0
-0
-0
6.24773
13.9544
-0
13.845
-0
-0
11.5435
-0
14.4414
13.4133
-0
-0
38.5487
-0
-0
-0
2.68956
-0
-0
-0
-0
-0
15.6472
-0
17.1551
-0
11.257
1.91119
1.6828
10.7573
0.162971
-0
-0
13.8796
9.19719
1.84352
-0
11.017
-0
-0
-0
-0
12.0567
-0
-0
-0
-0
9.26014
-0
-0
13.3711
-0
5.70094
2.97709
-0
-0
-0
-0
-0
13.7716
-0
-0
-0
-0
-0
-0
-0
-0
-0
-0
-0
-0
5.59645
20.8022
-0
-0
-0
-0
5.13641
-0
-0
-0
-0
-0
-0
-0
0.768702
29.4936
4.87712
1.54049
-0
-0
23.1052
-0
-0
-0
0.893794
-0
-0
-0
10.4905
-0
21.523
-0
-0
-0
0.4289
-0
2.36283
38.8791
-0
-0
-0
4.5856
-0
19.2633
-0
-0
-0
-0
-0
-0
10.9157
-0
-0
-0
13.4683
1.48273
-0
-0
2.1268
2.77306
-0
-0
-0
-0
-0
1.51015
-0
-0
24.168
-0
20.2238
-0
-0
7.96181
11.3848
-0
-0
-0
24.4152
-0
-0
-0
24.9928
17.9645
-0
23.7433
-0
-0
-0
-0
-0
-0
-0
-0
6.20131
-0
-0
-0
-0
-0
-0
-0
-0
-0
-0
-0
2.60834
-0
-0
-0
-0
25.4162
14.302
11.6532
19.0929
-0
-0
-0
-0
-0
-0
10.2214
38.1607
1.26222
-0
-0
-0
-0
-0
-0
5.38323
-0
-0
-0
-0
-0
-0
7.2556
-0
-0
-0
-0
17.3392
-0
-0
6.37817
-0
10.1969
-0
-0
-0
-0
-0
-0
-0
3.2373
1.69041
-0
-0
-0
-0
-0
-0
-0
-0
-0
0.0307351
5.56383
-0
-0
-0
-0
18.0261
-0
-0
4.52551
-0
5.1163
19.9107
10.7461
12.1605
-0
8.52813
-0
-0
4.64654
-0
-0
11.9826
19.1245
-0
5.39778
14.1298
8.91901
-0
8.35742
-0
7.94779
-0
-0
-0
6.23893
3.56235
-0
-0
-0
-0
-0
-0
17.5318
6.76738
-0
-0
36.1843
-0
-0
-0
-0
-0
-0
-0
-0
-0
-0
13.9598
-0
12.3926
-0
3.58158
-0
-0
-0
19.5826
-0
-0
-0
-0
-0
-0
5.15585
-0
-0
-0
20.7172
-0
-0
-0
1.7662
34.2739
-0
14.1215
-0
0.485868
-0
-0
-0
-0
-0
-0
2.42599
-0
12.4094
-0
-0
-0
-0
-0
8.23714
-0
-0
-0
-0
-0
-0
-0
-0
-0
-0
-0
-0
-0
-0
-0
-0
-0
4.22754
-0
-0
-0
15.4749
-0
-0
-0
-0
-0
17.7825
8.26985
-0
-0
-0
30.4116
-0
-0
-0
8.81671
25.2014
-0
-0
-0
22.5722
-0
-0
13.4473
-0
-0
-0
-0
-0
-0
11.574
-0
-0
-0
25.9516
-0
-0
-0
-0
37.1045
-0
-0
-0
-0
-0
-0
-0
-0
-0
-0
-0
-0
-0
-0
-0
-0
-0
16.0779
-0
5.29039
-0
-0
11.1656
-0
-0
0.204055
-0
-0
-0
-0
-0
-0
-0
-0
-0
-0
-0
-0
-0
-0
-0
1.83723
-0
-0
-0
-0
-0
-0
-0
19.9161
-0
-0
26.4569
21.8921
-0
-0
-0
-0
-0
-0
-0
-0
-0
-0
0.304856
24.1086
-0
-0
3.20099
14.4673
19.6773
-0
0.0232836
-0
12.0414
-0
-0
-0
-0
-0
-0
14.2749
-0
-0
27.5985
-0
17.5026
-0
23.7508
-0
-0
-0
21.6676
-0
15.4769
-0
-0
-0
-0
-0
-0
-0
-0
-0
5.99414
-0
-0
29.2393
-0
-0
-0
10.5727
-0
16.6814
-0
-0
17.271
-0
14.3384
-0
-0
-0
11.6233
-0
0.746782
21.584
-0
-0
13.0169
12.4826
9.37062
-0
27.5265
-0
-0
-0
-0
-0
0.781128
-0
-0
-0
-0
-0
-0
-0
-0
-0
-0
-0
-0
-0
-0
-0
-0
10.5507
28.424
-0
-0
0.084901
10.8568
-0
-0
-0
-0
0.234232
-0
21.6969
-0
-0
21.5099
3.11472
17.713
0.579965
-0
-0
-0
-0
-0
17.2961
-0
-0
24.1136
16.1532
18.317
-0
-0
-0
-0
28.5208
-0
-0
7.07405
-0
-0
-0
1.88846
-0
-0
31.4285
8.98942
2.45037
-0
-0
-0
1.8176
13.1911
-0
-0
8.92081
-0
-0
-0
13.4421
-0
-0
-0
-0
-0
1.50983
-0
-0
-0
16.0408
3.41043
-0
-0
-0
4.96128
6.07341
-0
-0
15.7296
-0
-0
-0
-0
8.81051
0.162855
-0
-0
-0
-0
16.7031
-0
0.779915
13.6577
-0
-0
-0
-0
-0
-0
14.2317
-0
-0
12.0802
-0
-0
-0
-0
6.14644
19.9575
-0
-0
-0
-0
-0
-0
-0
-0
21.8339
-0
-0
2.39774
8.89592
-0
-0
3.17631
-0
-0
-0
-0
2.73313
-0
-0
-0
-0
-0
-0
14.929
-0
35.1085
-0
-0
18.6752
1.51912
12.2049
-0
-0
-0
-0
11.3286
-0
-0
-0
-0
-0
-0
-0
-0
-0
-0
-0
-0
-0
9.859
-0
-0
25.1336
1.66365
-0
-0
-0
-0
-0
-0
-0
-0
3.29105
-0
-0
-0
-0
-0
-0
13.8244
-0
33.3303
6.0812
13.0724
-0
-0
-0
0.836054
18.9291
-0
0.830375
-0
-0
-0
-0
-0
-0
-0
-0
-0
-0
-0
-0
8.53804
-0
-0
11.8653
-0
-0
-0
-0
-0
-0
12.5519
-0
-0
-0
-0
-0
-0
13.8531
-0
-0
1.76648
36.5634
-0
-0
-0
8.79619
-0
0.228781
-0
-0
-0
-0
-0
28.7704
17.6726
-0
-0
10.661
-0
-0
-0
-0
2.91929
33.3065
8.31655
-0
-0
-0
-0
-0
9.25703
-0
-0
-0
-0
-0
-0
-0
0.755409
5.27411
-0
16.5609
28.3829
-0
-0
-0
-0
-0
-0
-0
8.90896
-0
0.826139
-0
6.72186
-0
6.46701
-0
-0
-0
-0
-0
7.99037
15.573
0.0584033
-0
-0
-0
-0
-0
-0
10.4747
10.4597
-0
13.2943
-0
19.0521
-0
17.7463
4.29335
-0
-0
-0
-0
-0
-0
-0
-0
-0
14.1667
-0
-0
24.8699
-0
-0
-0
40.2678
-0
-0
3.96603
5.55682
-0
-0
-0
-0
1.34058
-0
-0
11.7754
-0
-0
-0
-0
20.7293
-0
-0
4.07925
-0
-0
-0
-0
13.8973
-0
25.5306
-0
21.5147
-0
7.34712
-0
-0
-0
34.239
0.117776
3.92102
0.697993
0.250399
-0
-0
2.96888
-0
-0
-0
-0
-0
-0
-0
-0
-0
-0
-0
-0
-0
-0
28.7817
15.7252
-0
39.167
38.8755
0.439845
-0
17.8803
4.20328
-0
-0
-0
-0
0.920875
-0
6.42699
-0
-0
-0
-0
-0
-0
-0
3.53684
-0
-0
-0
-0
22.7011
-0
-0
-0
12.8305
0.844224
19.6314
-0
-0
-0
-0
7.11567
31.7943
-0
-0
-0
10.9099
-0
-0
19.2845
6.01654
-0
11.6196
-0
-0
-0
-0
-0
-0
-0
-0
9.38995
-0
-0
-0
-0
-0
-0
19.2698
-0
-0
-0
-0
33.9224
-0
-0
-0
0.69428
-0
3.68075
-0
5.43553
16.5144
-0
-0
9.88758
-0
5.7589
1.14715
-0
-0
-0
7.33416
-0
-0
21.3189
-0
-0
-0
-0
7.62854
-0
-0
-0
-0
-0
9.67548
-0
-0
-0
4.85118
1.56189
-0
-0
-0
-0
1.16157
12.6987
1.14919
10.9274
-0
-0
-0
-0
-0
5.47975
-0
-0
-0
2.15695
-0
20.8203
9.2259
-0
-0
-0
-0
8.11286
-0
-0
-0
-0
22.527
-0
-0
10.712
1.25744
5.7491
10.9683
-0
-0
-0
-0
26.3317
-0
5.39491
6.5726
-0
-0
10.022
-0
-0
-0
-0
-0
-0
-0
-0
-0
-0
-0
-0
3.20855
5.44294
-0
-0
-0
19.8055
-0
1.79011
5.37192
-0
-0
-0
-0
-0
-0
20.3454
-0
-0
26.8951
15.4887
-0
-0
-0
-0
-0
-0
-0
-0
-0
-0
9.13004
0.083501
18.5306
-0
-0
-0
-0
-0
-0
-0
-0
-0
-0
-0
40.1958
-0
-0
-0
17.9949
9.25978
12.8629
41.6126
12.8795
-0
6.46391
-0
-0
-0
-0
-0
-0
28.3492
-0
-0
-0
-0
-0
-0
9.06909
-0
-0
-0
13.0679
1.23622
-0
-0
-0
-0
-0
-0
2.54013
-0
-0
-0
-0
-0
5.5036
1.48538
-0
-0
-0
19.9295
18.936
-0
21.975
-0
-0
-0
9.47891
-0
2.17465
-0
-0
-0
-0
-0
-0
-0
-0
26.1207
17.2681
-0
-0
-0
-0
-0
-0
25.3837
14.8423
2.1217
18.2861
-0
-0
-0
-0
-0
25.1079
11.3248
-0
0.120699
-0
-0
-0
-0
17.4834
-0
-0
-0
-0
-0
-0
-0
-0
-0
-0
-0
-0
-0
22.2369
-0
13.6984
38.3733
-0
7.63162
1.36698
-0
-0
-0
-0
-0
-0
7.42431
15.0706
-0
-0
-0
-0
-0
21.6971
-0
-0
-0
-0
23.2949
-0
-0
11.2221
-0
-0
0.138044
-0
-0
-0
16.7439
-0
2.6413
-0
-0
-0
24.7005
-0
-0
-0
5.72359
2.44524
19.1441
-0
-0
-0
-0
-0
-0
13.2316
-0
-0
3.60828
2.36897
-0
-0
4.75425
-0
-0
-0
-0
2.43741
-0
-0
-0
1.09079
-0
-0
-0
20.5763
-0
8.64101
-0
-0
-0
16.7069
-0
-0
-0
19.9837
-0
-0
-0
-0
-0
14.179
-0
-0
-0
-0
-0
-0
-0
-0
-0
5.01805
-0
-0
0.325579
-0
34.0006
-0
-0
-0
-0
-0
-0
-0
-0
-0
-0
14.5472
-0
-0
26.3259
-0
11.3267
38.938
-0
-0
-0
-0
-0
-0
-0
-0
17.7497
-0
-0
8.4079
-0
23.202
-0
-0
-0
23.2095
2.47803
-0
23.7202
-0
-0
-0
-0
19.14
-0
2.9113
38.1843
7.03925
-0
-0
16.8302
-0
-0
-0
-0
-0
15.9446
26.9708
-0
-0
-0
-0
-0
-0
-0
22.3483
-0
-0
16.5936
-0
-0
-0
19.5616
-0
-0
-0
-0
-0
30.4097
-0
16.068
-0
22.5978
-0
-0
1.63586
14.4406
4.83958
-0
-0
-0
-0
4.44525
-0
39.2641
-0
-0
-0
-0
-0
4.01468
-0
-0
-0
-0
-0
1.05898
-0
4.78758
-0
-0
-0
18.744
-0
-0
8.6202
-0
-0
-0
11.8125
-0
-0
9.51155
-0
-0
-0
-0
-0
3.44177
-0
-0
1.60151
4.57783
-0
-0
-0
-0
10.598
-0
-0
-0
-0
14.7512
10.9339
5.49449
-0
13.4653
-0
-0
24.3114
-0
-0
1.94266
-0
-0
41.4633
-0
10.9582
-0
-0
-0
-0
-0
-0
-0
-0
18.914
-0
-0
6.6868
-0
-0
-0
-0
-0
-0
-0
-0
-0
-0
19.8281
13.5292
16.6455
-0
-0
-0
-0
-0
-0
14.8452
2.65931
-0
8.07332
-0
-0
-0
-0
-0
-0
11.2417
13.8838
-0
-0
-0
-0
-0
25.0176
-0
-0
-0
-0
-0
13.0781
1.89063
-0
7.28892
-0
-0
-0
1.19892
-0
-0
-0
2.4278
-0
-0
-0
14.3931
13.2098
-0
-0
-0
1.11331
4.36555
-0
-0
-0
-0
-0
-0
-0
-0
-0
-0
3.05399
13.4308
-0
-0
-0
-0
-0
40.6638
14.037
-0
-0
-0
-0
11.4284
-0
-0
-0
-0
9.67777
-0
-0
-0
-0
30.7915
1.49218
11.7139
-0
15.5868
0.176313
11.4964
17.2099
10.7593
-0
-0
-0
30.0127
-0
-0
-0
4.04036
-0
30.346
-0
10.9037
7.75756
-0
-0
-0
6.94836
-0
28.7049
-0
-0
20.2054
-0
-0
-0
-0
-0
-0
18.9474
-0
-0
-0
-0
-0
-0
4.99238
-0
-0
6.62787
-0
-0
-0
3.01976
11.5065
-0
-0
-0
-0
-0
3.34537
-0
-0
-0
-0
1.08165
-0
-0
-0
6.41962
-0
-0
-0
-0
-0
40.4397
-0
5.22984
-0
-0
-0
-0
-0
-0
-0
15.8569
0.0452441
28.9284
-0
-0
-0
-0
-0
-0
-0
7.10249
-0
-0
-0
-0
6.88333
-0
-0
1.31831
-0
-0
-0
30.6757
8.57275
-0
-0
4.25213
9.33016
14.2446
-0
-0
-0
-0
20.1983
2.51312
-0
-0
4.04875
28.4131
-0
15.4136
-0
-0
-0
-0
-0
-0
-0
-0
2.80185
-0
-0
-0
-0
-0
-0
-0
1.93694
11.7736
-0
-0
-0
-0
4.95129
24.2334
12.1856
-0
-0
-0
21.1886
-0
-0
0.968958
-0
5.36803
-0
-0
-0
-0
10.0696
-0
-0
70.4612
-0
2.88812
-0
-0
1.68771
-0
-0
-0
13.4486
7.14889
-0
28.9313
5.53279
-0
-0
-0
19.4573
-0
-0
-0
-0
6.29202
-0
-0
-0
