1.97877
-0
-0
-0
-0
13.5823
-0
-0
37.9418
-0
12.5674
-0
-0
-0
-0
11.6123
-0
-0
-0
-0
-0
-0
-0
-0
-0
23.4767
-0
-0
-0
-0
-0
-0
-0
-0
5.88115
-0
-0
-0
-0
-0
-0
-0
-0
13.5491
-0
-0
-0
19.0163
-0
9.9638
-0
-0
-0
-0
-0
-0
27.7814
0.9785
29.0925
15.5263
-0
-0
-0
-0
28.2083
-0
12.7454
0.887942
-0
0.178581
-0
-0
7.2755
-0
-0
8.61158
1.70984
-0
-0
-0
-0
30.5277
-0
21.3992
18.9065
-0
-0
-0
-0
-0
-0
-0
-0
-0
-0
-0
9.26917
-0
25.6406
-0
-0
-0
-0
-0
-0
-0
9.78603
-0
-0
-0
-0
-0
-0
-0
-0
31.8394
-0
-0
32.7723
27.2866
20.0692
-0
-0
-0
1.08642
-0
-0
-0
-0
7.96038
-0
13.5686
3.35734
-0
-0
-0
-0
25.0219
-0
23.3864
4.62726
-0
29.1518
-0
9.14034
-0
-0
-0
-0
-0
-0
-0
-0
39.6987
4.1625
-0
15.7433
-0
-0
0.732916
-0
-0
-0
31.3448
-0
8.35334
-0
-0
-0
27.271
-0
13.3459
13.1216
-0
2.38411
-0
-0
-0
3.72718
-0
-0
-0
-0
-0
-0
22.6264
-0
-0
29.7437
3.11466
-0
20.062
51.6389
-0
-0
-0
-0
-0
20.2068
-0
-0
-0
8.39793
-0
-0
-0
-0
1.24786
4.75098
-0
-0
-0
24.4439
-0
-0
-0
-0
4.64898
-0
-0
-0
-0
-0
-0
-0
-0
-0
-0
-0
-0
-0
-0
-0
-0
-0
-0
-0
-0
-0
-0
-0
-0
-0
-0
-0
-0
8.83793
-0
-0
-0
-0
-0
-0
-0
-0
-0
-0
14.3177
-0
-0
10.3805
-0
-0
-0
9.02351
-0
-0
-0
-0
-0
-0
15.6123
24.3406
10.2256
-0
-0
3.02483
-0
-0
-0
-0
5.40553
-0
10.6773
-0
-0
-0
17.5072
-0
-0
-0
15.677
6.43757
-0
7.87012
-0
-0
-0
-0
47.3958
-0
-0
0.185997
14.4147
13.4982
18.5976
-0
-0
-0
-0
3.51184
-0
-0
-0
19.1461
1.8091
-0
-0
-0
-0
-0
-0
-0
1.99331
8.38378
-0
-0
-0
-0
14.876
-0
-0
-0
-0
-0
0.0541669
-0
-0
-0
15.239
-0
-0
-0
17.5138
-0
-0
23.305
9.1773
-0
-0
-0
-0
-0
-0
31.3108
-0
-0
-0
-0
-0
17.1225
-0
-0
-0
6.20905
0.622153
-0
-0
-0
-0
-0
-0
0.366451
20.4414
-0
-0
-0
-0
-0
-0
-0
-0
-0
-0
-0
-0
0.820748
-0
-0
-0
-0
-0
-0
-0
-0
-0
-0
0.74641
-0
-0
-0
-0
-0
-0
-0
-0
-0
-0
-0
-0
-0
-0
-0
-0
-0
9.72647
-0
-0
-0
-0
-0
-0
-0
-0
8.13729
3.44611
-0
12.473
20.7908
-0
-0
-0
-0
-0
-0
-0
-0
-0
-0
-0
-0
-0
17.4582
-0
-0
-0
-0
-0
-0
-0
17.6063
-0
-0
-0
18.4083
-0
-0
16.4309
-0
-0
-0
-0
30.3758
-0
10.4174
-0
-0
-0
16.3073
-0
15.1033
-0
-0
-0
-0
19.3962
30.9761
-0
-0
-0
-0
-0
-0
24.7752
-0
10.0021
-0
-0
-0
61.7636
59.6971
-0
4.5209
21.9142
-0
44.7694
23.0886
-0
-0
-0
-0
-0
5.4148
-0
-0
-0
-0
-0
-0
25.2683
-0
-0
-0
-0
-0
21.7394
17.1629
-0
-0
-0
-0
11.8523
-0
4.17739
-0
-0
23.239
33.4968
-0
-0
-0
-0
-0
-0
-0
-0
13.6264
-0
-0
-0
-0
-0
-0
-0
-0
-0
5.44397
-0
-0
19.4817
2.25799
-0
-0
-0
27.9464
23.6864
-0
-0
-0
1.37825
-0
-0
3.90184
-0
-0
-0
-0
-0
-0
0.452255
-0
37.2679
-0
39.584
3.69026
-0
-0
-0
-0
-0
-0
-0
-0
-0
-0
8.98053
-0
41.789
3.70948
13.1056
-0
-0
1.38317
-0
-0
32.8138
-0
4.32401
57.3099
-0
-0
-0
-0
-0
-0
-0
-0
15.2614
7.09099
42.2714
-0
3.69143
12.6577
9.32167
-0
-0
20.5199
5.53563
-0
2.6104
-0
-0
-0
-0
-0
-0
-0
-0
7.92993
-0
-0
-0
-0
-0
-0
-0
-0
-0
-0
-0
-0
-0
-0
-0
-0
-0
-0
-0
-0
-0
-0
-0
17.9397
-0
-0
0.483057
-0
-0
-0
-0
2.03452
-0
-0
22.0271
1.54171
19.8311
-0
-0
-0
-0
-0
-0
-0
-0
9.45822
10.8327
-0
-0
-0
37.3199
-0
21.6558
-0
-0
-0
-0
-0
-0
14.2999
-0
-0
-0
18.2264
-0
-0
-0
-0
-0
-0
3.17693
25.8456
11.3627
-0
2.89698
-0
-0
-0
-0
-0
-0
-0
-0
-0
-0
-0
-0
41.0579
-0
-0
7.23206
-0
-0
-0
-0
-0
-0
-0
-0
-0
-0
25.9578
-0
-0
15.1436
-0
17.7908
-0
0.705776
-0
-0
-0
3.41822
-0
-0
-0
27.4923
-0
-0
-0
-0
-0
-0
-0
-0
17.902
-0
-0
0.179742
27.4451
-0
-0
-0
-0
-0
4.72739
25.5965
43.6241
-0
-0
-0
-0
-0
-0
-0
-0
-0
-0
-0
-0
28.3705
-0
-0
-0
-0
-0
-0
42.4057
55.844
-0
-0
-0
-0
0.92713
-0
-0
-0
-0
-0
-0
-0
-0
-0
5.56174
-0
-0
5.3193
4.15348
-0
39.4396
7.86298
-0
-0
-0
-0
-0
-0
-0
-0
-0
34.2643
-0
-0
22.8544
-0
-0
-0
-0
11.0349
24.0797
-0
24.9999
-0
10.7994
18.183
-0
-0
-0
34.1668
-0
-0
-0
-0
-0
2.0695
-0
3.16026
-0
-0
-0
12.5148
9.36588
-0
-0
38.38
-0
7.63936
-0
-0
-0
24.9651
-0
3.01581
-0
-0
-0
-0
-0
-0
-0
-0
-0
-0
-0
22.673
-0
-0
0.868824
-0
-0
-0
1.77995
-0
-0
-0
-0
11.7688
22.1986
0.228084
-0
-0
2.66629
-0
-0
-0
-0
-0
6.60645
-0
-0
-0
-0
7.46548
-0
-0
-0
-0
9.24099
-0
-0
-0
9.59088
16.4244
-0
-0
-0
-0
-0
17.8561
-0
22.2054
-0
13.0784
-0
-0
14.2907
-0
-0
-0
-0
-0
-0
-0
5.73809
8.65634
-0
-0
-0
11.6832
-0
-0
-0
-0
-0
9.98891
-0
-0
-0
-0
-0
-0
-0
-0
-0
-0
20.5623
21.259
-0
0.337475
-0
7.1697
-0
-0
32.6232
-0
7.58763
11.17
-0
-0
-0
-0
-0
1.55538
-0
10.7861
-0
-0
-0
8.08373
-0
-0
-0
-0
-0
-0
-0
-0
-0
-0
-0
-0
-0
-0
-0
-0
-0
-0
-0
-0
-0
-0
-0
3.4047
12.2401
-0
-0
-0
-0
-0
-0
1.48395
-0
-0
-0
-0
-0
0.391075
-0
-0
-0
-0
-0
-0
-0
-0
9.24652
3.6377
-0
-0
3.44247
-0
-0
-0
-0
-0
-0
-0
-0
-0
7.78798
3.41621
38.1793
-0
-0
-0
3.33935
5.59309
1.73517
17.4977
-0
-0
-0
-0
1.19882
2.29434
10.095
-0
25.9187
-0
-0
8.66903
-0
-0
2.47855
-0
-0
31.0901
-0
-0
-0
-0
-0
-0
-0
-0
7.14434
30.26
-0
-0
42.7686
-0
-0
-0
-0
-0
-0
-0
-0
34.5482
37.933
2.67164
-0
-0
-0
18.0351
-0
6.15995
-0
0.407189
-0
2.49076
4.18996
-0
35.1114
-0
-0
-0
-0
-0
-0
-0
6.53764
0.982661
-0
-0
-0
-0
-0
34.5666
16.6857
-0
-0
-0
-0
-0
33.4398
-0
-0
-0
-0
0.904176
-0
-0
6.00254
4.78963
-0
-0
-0
-0
-0
-0
-0
-0
-0
-0
16.7131
16.4522
-0
-0
-0
32.7137
-0
-0
-0
-0
-0
7.99932
-0
-0
18.2637
-0
-0
-0
-0
-0
-0
-0
-0
13.0252
-0
-0
-0
45.2946
0.90744
-0
-0
-0
-0
19.3029
-0
0.0204532
-0
13.8021
-0
26.7161
-0
-0
-0
-0
-0
-0
-0
-0
-0
-0
-0
-0
-0
5.7235
-0
29.4636
-0
-0
-0
-0
-0
-0
-0
-0
-0
-0
-0
-0
5.46195
21.6265
-0
24.7072
-0
-0
-0
-0
26.4063
-0
-0
-0
-0
-0
-0
-0
30.0534
-0
-0
17.4836
-0
-0
1.83243
8.60017
-0
-0
-0
-0
-0
-0
-0
-0
-0
-0
-0
-0
-0
1.23436
-0
-0
-0
-0
-0
-0
9.74235
-0
-0
-0
0.263825
-0
18.6927
11.4767
-0
-0
-0
-0
-0
10.2057
11.5326
-0
-0
36.9946
-0
-0
19.4065
-0
-0
-0
-0
-0
-0
-0
-0
-0
-0
21.9445
-0
-0
-0
2.5612
-0
13.4598
-0
30.0164
13.808
12.1973
33.2823
-0
-0
15.8942
-0
-0
-0
-0
66.7269
48.7368
-0
5.10121
13.955
11.2331
-0
-0
-0
17.7991
10.9085
0.12551
-0
35.2385
-0
-0
43.4797
-0
6.10019
-0
-0
-0
-0
-0
-0
20.1705
15.9612
-0
-0
9.15077
-0
-0
-0
-0
7.05424
1.58383
10.156
-0
18.7949
-0
33.4871
-0
-0
-0
20.2991
14.5458
25.4392
-0
-0
-0
-0
-0
-0
-0
-0
-0
7.99433
7.09512
-0
-0
16.6033
-0
-0
9.37293
-0
45.3499
-0
9.4155
0.40867
-0
-0
-0
-0
-0
-0
-0
-0
-0
-0
-0
-0
-0
-0
-0
-0
-0
14.2428
-0
5.20112
-0
-0
-0
-0
-0
-0
-0
-0
-0
-0
4.25101
15.0144
-0
-0
-0
-0
-0
-0
-0
16.1656
42.7947
-0
-0
-0
-0
43.5314
-0
-0
-0
-0
-0
-0
32.8424
-0
-0
-0
-0
13.4249
-0
-0
13.6309
-0
0.998299
-0
-0
-0
2.51869
0.367138
34.4095
-0
-0
-0
-0
15.8809
-0
-0
-0
-0
6.85927
-0
30.4543
-0
-0
-0
-0
-0
6.11456
-0
-0
8.83847
-0
-0
-0
3.95352
-0
19.371
-0
-0
-0
-0
41.5589
-0
-0
-0
-0
-0
-0
-0
-0
-0
-0
-0
-0
-0
-0
6.88195
-0
24.2225
-0
-0
10.7303
-0
-0
-0
-0
-0
-0
-0
3.35709
5.71233
-0
31.123
16.0173
-0
-0
0.496331
0.075305
-0
-0
46.3137
-0
-0
-0
-0
-0
-0
-0
-0
-0
-0
11.7874
-0
-0
-0
-0
22.6946
-0
-0
-0
-0
-0
2.26275
-0
-0
-0
-0
-0
0.764494
1.38717
-0
-0
-0
-0
-0
-0
0.536565
19.7166
-0
-0
-0
-0
-0
-0
-0
7.14679
-0
-0
-0
-0
-0
-0
-0
-0
-0
-0
-0
-0
-0
-0
31.0694
-0
-0
-0
-0
-0
-0
-0
-0
19.1519
-0
-0
-0
0.0834149
-0
-0
-0
39.6119
-0
-0
-0
-0
8.25159
-0
18.758
8.97334
-0
-0
6.10173
-0
9.05922
-0
-0
-0
-0
39.8718
-0
-0
-0
-0
-0
-0
-0
4.39517
-0
-0
-0
3.4679
-0
-0
-0
-0
-0
-0
-0
-0
-0
9.53567
13.6142
1.94097
-0
3.73858
-0
-0
-0
-0
-0
-0
-0
9.28961
-0
22.0567
-0
4.56977
-0
-0
6.63184
-0
-0
-0
-0
-0
-0
8.72748
-0
26.0721
-0
-0
-0
-0
12.1986
18.0871
6.96183
18.1785
3.15565
-0
5.05221
22.9835
-0
-0
-0
-0
-0
-0
23.753
-0
-0
-0
-0
-0
-0
-0
14.5188
-0
-0
-0
-0
-0
13.3577
-0
-0
-0
8.97849
16.8005
-0
9.12267
-0
-0
-0
14.216
-0
20.5803
-0
23.2036
12.595
-0
-0
-0
-0
-0
-0
26.9147
-0
-0
21.6554
-0
-0
-0
39.0315
-0
-0
-0
-0
-0
-0
-0
28.6667
-0
-0
-0
-0
-0
-0
-0
-0
-0
-0
1.34227
-0
-0
4.37673
-0
-0
-0
20.4118
10.3552
-0
-0
-0
-0
-0
-0
-0
13.1942
-0
7.5988
47.5604
-0
-0
-0
-0
0.621183
-0
-0
-0
-0
-0
-0
-0
-0
3.16142
-0
-0
24.2737
-0
-0
-0
-0
18.0709
-0
-0
2.77902
0.674141
-0
-0
9.55298
-0
-0
-0
-0
-0
2.00852
5.53111
14.5639
-0
-0
8.44699
16.228
-0
-0
-0
-0
2.09034
-0
-0
-0
-0
-0
35.2162
-0
-0
-0
-0
-0
-0
-0
-0
-0
-0
-0
-0
-0
-0
-0
-0
-0
-0
-0
-0
-0
-0
-0
-0
-0
-0
-0
13.5779
-0
1.22497
-0
-0
-0
-0
-0
-0
-0
-0
-0
-0
-0
-0
-0
-0
8.61915
-0
26.1914
15.4427
-0
-0
-0
-0
-0
-0
-0
-0
-0
-0
-0
35.3645
6.74627
27.8706
-0
-0
-0
26.9262
-0
-0
1.32103
-0
-0
-0
-0
15.8276
-0
-0
-0
-0
0.302332
-0
-0
-0
-0
1.2263
-0
-0
4.14826
-0
-0
-0
28.6614
-0
-0
20.9459
0.227094
-0
-0
-0
-0
-0
-0
3.87996
-0
-0
55.0848
-0
2.55177
-0
24.1693
-0
-0
33.0402
3.58649
-0
-0
-0
-0
-0
10.7177
-0
1.42265
-0
-0
-0
-0
4.2255
-0
-0
-0
-0
-0
21.8113
-0
-0
47.2096
-0
-0
-0
-0
35.0696
-0
-0
-0
-0
8.24585
-0
0.5324
-0
-0
-0
-0
-0
-0
-0
-0
12.3145
-0
-0
20.8748
-0
4.9174
-0
-0
23.4959
-0
-0
-0
26.4386
-0
33.9415
5.5969
-0
6.86767
17.2862
-0
-0
-0
-0
-0
-0
21.4527
-0
6.2523
5.61206
-0
-0
-0
-0
-0
-0
1.62157
-0
33.8211
-0
43.4057
-0
-0
-0
-0
-0
-0
-0
21.9233
7.19817
-0
-0
-0
-0
-0
46.6325
-0
-0
18.2812
-0
36.6001
-0
9.0591
6.29566
23.7167
-0
-0
14.3116
-0
4.92548
-0
10.7708
-0
11.7155
-0
2.84743
-0
-0
16.742
0.291577
-0
-0
-0
-0
-0
-0
-0
-0
-0
38.3761
-0
-0
-0
-0
4.9991
-0
-0
-0
13.5237
-0
0.652418
-0
15.7126
-0
-0
-0
43.2072
3.66798
-0
-0
-0
-0
-0
-0
-0
-0
-0
-0
-0
-0
-0
1.13245
-0
-0
6.72914
-0
-0
2.01653
-0
11.0101
-0
38.5751
-0
5.16634
-0
-0
-0
-0
-0
-0
-0
-0
-0
-0
-0
-0
16.3338
-0
-0
-0
4.22614
-0
6.17316
29.6194
-0
4.68971
3.01462
10.3735
-0
-0
-0
4.76575
42.3273
-0
20.2758
14.9474
10.2167
24.3293
-0
6.40398
-0
18.5063
3.72808
-0
14.1387
6.5678
-0
-0
14.3037
-0
-0
-0
-0
-0
3.91183
12.8532
-0
-0
11.038
-0
-0
-0
-0
-0
19.7626
-0
-0
14.3747
-0
-0
-0
-0
7.77495
-0
8.22316
-0
-0
-0
-0
-0
12.5761
-0
11.1823
27.5649
-0
-0
-0
-0
-0
-0
-0
-0
-0
-0
25.8683
2.21939
26.3541
3.52517
42.0956
-0
-0
1.82062
-0
6.18251
3.39167
-0
-0
-0
-0
-0
-0
-0
-0
-0
-0
33.9856
-0
-0
-0
-0
-0
-0
-0
5.14844
12.1739
-0
-0
-0
-0
-0
-0
-0
-0
1.36772
18.1498
12.1965
-0
-0
9.61223
2.31305
36.1165
-0
-0
-0
-0
-0
-0
-0
-0
27.2578
-0
-0
-0
6.44669
-0
-0
-0
-0
29.2495
7.93965
-0
41.5154
-0
-0
-0
-0
-0
-0
-0
-0
-0
-0
-0
-0
-0
-0
-0
-0
10.0934
-0
-0
-0
5.99991
-0
-0
-0
-0
1.51074
-0
-0
3.00546
-0
9.27691
51.0894
-0
-0
4.34193
-0
-0
-0
0.126598
4.03813
-0
-0
-0
-0
-0
-0
6.54742
-0
-0
-0
16.0426
18.801
20.1857
19.6486
-0
-0
42.6961
4.18962
-0
-0
-0
-0
-0
-0
13.314
-0
-0
11.7159
-0
-0
-0
-0
-0
-0
-0
-0
-0
-0
-0
-0
-0
-0
-0
-0
-0
-0
-0
12.5202
-0
-0
-0
-0
-0
-0
-0
-0
-0
-0
-0
-0
-0
-0
-0
-0
-0
-0
19.9604
-0
9.62241
21.1867
1.98188
15.5772
-0
-0
30.4699
-0
7.21678
-0
-0
-0
-0
-0
-0
-0
17.8422
2.84159
-0
-0
1.42978
2.28279
-0
8.42497
1.53826
-0
-0
2.7191
0.774661
-0
13.9039
20.5719
6.29333
-0
-0
11.3865
0.388296
-0
-0
-0
16.9267
-0
-0
-0
2.071
4.30412
-0
-0
3.60118
-0
-0
-0
-0
-0
15.4969
-0
-0
-0
-0
-0
39.3471
-0
-0
-0
27.8989
-0
3.98658
-0
45.6776
-0
-0
39.9368
20.6191
-0
-0
-0
-0
-0
-0
0.979579
36.5736
27.6129
-0
-0
-0
-0
-0
-0
-0
-0
-0
-0
-0
0.0114855
-0
-0
-0
32.7481
18.5431
6.87214
-0
-0
-0
-0
-0
-0
-0
-0
2.27211
-0
-0
-0
-0
-0
-0
-0
4.19026
-0
-0
5.14223
-0
-0
-0
-0
-0
-0
-0
-0
-0
-0
13.0537
18.9859
-0
21.9124
-0
-0
-0
-0
-0
-0
-0
-0
-0
-0
-0
-0
-0
-0
-0
-0
-0
-0
-0
5.79854
-0
-0
-0
26.2671
-0
-0
4.57783
-0
-0
-0
-0
-0
14.5134
-0
36.6586
-0
-0
-0
-0
-0
8.87661
-0
0.346084
15.9542
10.4341
-0
-0
-0
-0
-0
-0
-0
-0
1.5116
-0
-0
-0
-0
-0
-0
-0
4.80373
-0
-0
-0
9.36837
-0
-0
-0
-0
-0
-0
-0
-0
-0
-0
-0
-0
-0
33.4687
-0
2.48013
-0
-0
-0
-0
-0
-0
1.61873
-0
-0
18.5712
-0
-0
-0
0.611643
-0
-0
-0
-0
6.93213
-0
-0
-0
0.134181
19.5166
-0
-0
-0
-0
-0
3.07517
-0
-0
-0
-0
-0
-0
-0
16.0527
-0
-0
-0
23.0008
-0
-0
-0
-0
4.16467
-0
-0
-0
-0
-0
-0
-0
-0
-0
-0
-0
-0
-0
-0
-0
-0
-0
-0
-0
8.71413
-0
-0
2.40462
12.1383
-0
27.0218
-0
14.6926
24.8338
-0
-0
-0
45.0539
-0
-0
24.257
-0
-0
-0
-0
-0
-0
35.3075
-0
-0
34.3787
-0
-0
-0
-0
-0
24.3464
-0
-0
-0
-0
5.17413
-0
-0
-0
-0
10.3344
-0
-0
-0
-0
16.9136
-0
-0
-0
-0
4.72345
-0
17.4896
-0
-0
-0
0.282209
-0
-0
-0
-0
-0
-0
-0
31.9789
-0
11.3687
13.182
-0
0.283334
-0
-0
-0
-0
-0
-0
-0
-0
23.9583
14.848
6.36295
19.9391
-0
12.6933
-0
-0
-0
-0
2.18793
-0
-0
-0
-0
-0
-0
-0
-0
-0
-0
-0
10.6969
37.9498
-0
-0
-0
16.4051
-0
-0
-0
-0
-0
-0
-0
-0
-0
4.98901
-0
-0
0.787152
6.57693
-0
-0
-0
26.7613
-0
-0
-0
14.6103
-0
-0
-0
-0
-0
-0
-0
0.139877
-0
-0
18.1795
-0
-0
-0
63.8628
-0
20.3754
-0
-0
-0
-0
-0
-0
-0
-0
-0
-0
-0
-0
-0
-0
-0
22.348
-0
5.50865
9.84015
-0
-0
-0
-0
-0
-0
-0
-0
-0
-0
-0
-0
-0
-0
-0
35.453
-0
-0
-0
-0
-0
2.96249
29.4345
29.4864
-0
-0
-0
-0
-0
-0
-0
-0
24.3586
-0
9.27742
-0
-0
-0
3.92271
-0
-0
-0
-0
-0
-0
-0
-0
4.02132
-0
24.2268
-0
1.74767
-0
-0
14.9114
-0
22.8731
-0
-0
-0
-0
-0
10.8801
-0
-0
1.71043
-0
-0
-0
-0
-0
-0
-0
19.4905
-0
-0
-0
6.11397
4.93618
-0
-0
12.9031
-0
13.479
-0
-0
2.70879
5.24286
-0
-0
-0
-0
-0
-0
-0
-0
-0
-0
-0
-0
-0
-0
-0
-0
10.984
31.4848
-0
-0
5.25856
-0
-0
-0
36.2404
-0
-0
-0
-0
-0
-0
-0
36.2373
-0
-0
18.4607
-0
10.7911
8.00429
-0
37.187
-0
-0
-0
-0
-0
-0
-0
-0
-0
10.456
-0
-0
-0
-0
-0
-0
-0
-0
-0
-0
-0
-0
-0
-0
-0
-0
-0
-0
33.3095
-0
-0
-0
11.7619
26.1301
-0
-0
-0
-0
-0
-0
16.2633
-0
-0
22.5957
-0
8.47398
-0
-0
-0
17.4458
-0
-0
-0
-0
1.11831
-0
14.6903
7.56612
11.9338
-0
-0
-0
-0
-0
-0
-0
4.67953
-0
-0
-0
-0
-0
-0
-0
10.45
-0
10.8247
10.6113
-0
-0
-0
-0
-0
-0
-0
-0
-0
-0
-0
-0
-0
-0
-0
-0
-0
-0
-0
-0
36.6533
12.1178
-0
23.2
-0
-0
-0
-0
-0
-0
-0
-0
-0
-0
-0
-0
-0
2.3063
-0
-0
15.3008
30.2762
-0
-0
-0
-0
-0
-0
-0
-0
-0
-0
-0
4.67392
-0
-0
9.28537
25.6263
28.5554
10.6498
4.08815
-0
23.0089
48.3481
13.9977
-0
-0
-0
-0
-0
37.9168
-0
-0
-0
-0
-0
-0
13.8388
-0
-0
6.35892
20.1072
-0
14.6403
-0
-0
9.75215
-0
-0
0.246163
13.2094
-0
-0
-0
-0
-0
-0
-0
13.9788
-0
-0
-0
19.2556
-0
-0
-0
-0
-0
-0
5.17175
-0
18.6892
-0
5.28692
15.4149
2.45761
-0
-0
-0
-0
-0
-0
-0
-0
-0
-0
-0
-0
-0
-0
-0
1.19931
23.517
-0
-0
-0
5.15648
-0
-0
-0
-0
-0
-0
-0
-0
-0
-0
-0
-0
-0
-0
-0
-0
5.91498
-0
-0
17.5616
-0
21.9221
7.49157
-0
6.40905
-0
9.88497
5.3128
7.0993
-0
10.2089
-0
-0
-0
14.575
-0
14.4527
25.7197
-0
1.7752
-0
-0
-0
-0
-0
-0
-0
-0
-0
14.6937
-0
-0
-0
-0
9.48727
-0
13.562
44.8731
-0
55.5996
34.652
-0
-0
12.2137
35.1011
-0
-0
-0
-0
-0
-0
-0
-0
-0
-0
0.35298
-0
22.691
-0
-0
-0
-0
-0
-0
24.1477
-0
-0
-0
-0
-0
-0
25.3624
-0
-0
-0
-0
17.1001
-0
-0
-0
-0
-0
-0
10.2585
0.0964252
-0
16.2407
-0
11.1933
-0
39.1115
-0
45.0459
-0
-0
14.2951
-0
-0
-0
-0
23.3721
-0
-0
-0
-0
-0
-0
37.505
-0
-0
-0
-0
-0
15.3548
-0
-0
0.544403
-0
-0
1.5348
-0
20.6824
0.384204
8.7497
30.1068
-0
15.2289
-0
9.66787
13.4962
-0
-0
-0
-0
0.907349
-0
-0
-0
-0
-0
21.754
-0
-0
-0
-0
-0
-0
-0
-0
-0
-0
34.6199
-0
8.38513
-0
-0
4.0224
-0
-0
-0
-0
17.2426
-0
20.6175
-0
-0
-0
15.8661
-0
-0
-0
-0
-0
-0
-0
-0
-0
-0
-0
19.3845
-0
-0
2.25231
-0
-0
13.1335
-0
3.58306
-0
-0
18.4337
14.0382
17.5121
17.2994
-0
-0
-0
-0
-0
-0
-0
-0
15.6541
-0
-0
-0
20.5136
-0
-0
-0
5.04346
6.20597
-0
-0
-0
-0
-0
-0
-0
-0
-0
0.650377
-0
-0
-0
-0
7.64523
-0
-0
-0
-0
4.39499
44.9001
-0
-0
-0
-0
-0
20.237
6.33484
-0
-0
-0
-0
3.04899
-0
8.23632
-0
-0
-0
36.7221
-0
-0
-0
-0
-0
14.6602
1.2814
4.987
-0
17.5476
-0
-0
-0
-0
-0
-0
24.0778
-0
-0
-0
-0
-0
-0
20.6373
-0
-0
-0
-0
-0
-0
-0
10.5294
-0
-0
-0
-0
-0
-0
-0
-0
-0
2.0813
2.22795
-0
-0
9.99441
21.2427
7.13164
-0
2.05711
-0
-0
-0
0.931766
-0
-0
16.2486
-0
-0
-0
-0
-0
-0
15.4725
-0
11.4153
-0
12.8631
-0
-0
-0
-0
7.06723
1.5568
-0
-0
-0
-0
0.0940967
-0
-0
4.4004
10.2326
-0
-0
-0
-0
-0
-0
7.08061
-0
-0
-0
-0
21.6931
30.656
-0
-0
-0
-0
-0
-0
-0
16.934
-0
29.0644
-0
-0
-0
-0
-0
-0
-0
-0
-0
-0
-0
43.9006
-0
-0
-0
-0
-0
29.1878
-0
-0
-0
-0
35.3752
8.12603
-0
13.3649
-0
-0
-0
32.5312
-0
0.778908
18.4301
-0
-0
-0
25.532
-0
-0
-0
-0
-0
6.28776
-0
29.1099
-0
-0
-0
-0
-0
-0
-0
-0
-0
-0
-0
3.6604
-0
6.79396
-0
5.7918
-0
-0
0.690011
-0
-0
5.09104
8.99908
-0
-0
-0
-0
-0
-0
-0
-0
-0
20.9851
8.22325
-0
2.21663
41.4678
-0
-0
-0
-0
-0
13.083
-0
-0
-0
5.15083
-0
-0
-0
-0
-0
-0
-0
-0
9.80972
-0
15.6222
-0
-0
-0
-0
-0
-0
-0
-0
-0
-0
2.09759
-0
-0
26.3914
-0
-0
54.9888
-0
-0
-0
36.5142
-0
-0
-0
-0
15.1583
11.3763
-0
-0
-0
39.5753
-0
-0
-0
-0
-0
-0
-0
-0
-0
1.56505
-0
-0
4.04448
15.1947
57.9343
-0
24.0634
-0
1.79944
-0
-0
-0
2.26651
-0
-0
13.1248
-0
-0
-0
-0
-0
-0
-0
-0
-0
-0
34.9375
-0
-0
-0
-0
-0
-0
-0
-0
-0
4.91512
-0
16.0544
-0
6.71141
-0
-0
-0
9.71558
19.752
-0
-0
-0
-0
3.67222
-0
20.4649
-0
-0
-0
-0
-0
-0
-0
-0
-0
-0
-0
-0
-0
1.17158
-0
-0
17.4074
-0
-0
-0
-0
-0
-0
-0
-0
-0
-0
21.7997
-0
-0
20.0216
-0
-0
22.5703
-0
-0
-0
-0
-0
-0
11.761
-0
-0
-0
-0
-0
-0
5.63017
-0
14.8798
-0
23.0616
-0
-0
22.4053
-0
36.2236
-0
-0
-0
-0
24.6534
-0
-0
26.9865
-0
-0
-0
-0
-0
-0
-0
-0
-0
-0
-0
-0
-0
-0
-0
-0
-0
-0
17.0345
-0
-0
-0
9.51406
23.5099
-0
-0
-0
-0
-0
-0
7.25818
-0
-0
-0
-0
-0
-0
37.2303
-0
11.7045
26.1691
-0
-0
8.89026
-0
-0
33.2817
-0
-0
-0
-0
-0
5.61357
7.44007
32.4776
-0
-0
-0
-0
-0
-0
-0
11.0565
-0
-0
-0
-0
-0
-0
-0
-0
-0
-0
0.287491
-0
-0
-0
-0
-0
-0
3.81158
23.6119
-0
-0
-0
24.7163
-0
-0
-0
-0
-0
13.7675
-0
-0
-0
-0
-0
17.7505
-0
-0
-0
-0
3.04848
-0
-0
5.30182
-0
33.8616
-0
3.10854
2.6739
24.5404
-0
-0
-0
-0
-0
-0
-0
34.0254
-0
-0
23.1315
-0
-0
-0
-0
41.2033
-0
-0
-0
-0
-0
-0
35.237
-0
-0
-0
-0
-0
-0
-0
-0
-0
23.5184
-0
-0
-0
-0
-0
-0
-0
-0
-0
0.922732
-0
-0
11.9622
-0
12.0394
32.6459
-0
-0
-0
-0
-0
-0
-0
-0
28.9322
-0
-0
-0
-0
20.3099
18.7679
-0
-0
-0
-0
28.0498
-0
17.175
-0
-0
-0
-0
-0
-0
-0
5.08128
-0
6.34374
-0
-0
-0
23.6064
-0
3.03195
-0
-0
-0
12.6652
-0
-0
23.782
-0
15.3153
-0
30.9235
-0
-0
21.6319
-0
-0
-0
4.63446
-0
11.232
-0
-0
0.812317
-0
33.2786
28.418
-0
-0
2.2343
10.4291
0.632667
47.931
-0
-0
-0
-0
-0
-0
-0
-0
3.24878
15.4369
5.24975
-0
-0
-0
-0
-0
54.8076
9.77593
14.6062
-0
-0
4.09096
4.78521
46.0184
31.2488
-0
-0
-0
49.3041
-0
-0
-0
-0
5.10329
-0
13.6235
-0
-0
6.41955
-0
6.69783
82.9799
-0
-0
-0
-0
1.04477
-0
-0
8.97097
4.2166
0.924832
-0
-0
31.4539
-0
-0
-0
33.9889
-0
-0
-0
-0
3.52592
5.03556
-0
-0
