1.32074
-0
-0
-0
-0
-0
-0
24.8701
15.6576
-0
23.8762
-0
-0
-0
-0
8.23165
21.0432
-0
4.87251
-0
-0
-0
0.799845
-0
-0
27.8733
9.57207
-0
-0
-0
-0
-0
-0
-0
5.38633
-0
-0
-0
5.01041
-0
-0
-0
-0
15.0977
-0
25.7343
-0
18.7945
-0
-0
-0
-0
-0
-0
-0
-0
7.46346
0.533512
8.95497
25.5196
-0
-0
-0
-0
10.3091
-0
3.71762
-0
-0
0.302449
-0
-0
-0
-0
-0
3.65394
1.83305
-0
-0
-0
-0
29.943
-0
-0
20.798
-0
-0
-0
-0
-0
13.1109
-0
-0
-0
6.27776
-0
4.62726
-0
-0
-0
-0
-0
-0
-0
1.30576
-0
20.2484
-0
-0
4.90748
-0
9.61099
-0
-0
-0
-0
-0
-0
35.9847
36.8293
10.4348
-0
-0
10.356
-0
-0
30.2545
-0
-0
-0
-0
19.1905
-0
-0
-0
-0
-0
8.74547
-0
31.0687
1.51814
-0
5.97715
-0
-0
-0
-0
-0
-0
-0
-0
-0
-0
19.5064
19.2361
-0
21.8736
-0
-0
-0
-0
-0
-0
35.2969
2.0582
-0
-0
18.4418
-0
7.06356
-0
7.64026
21.9251
-0
2.30542
-0
-0
-0
9.37695
-0
-0
-0
-0
-0
-0
35.0649
-0
-0
20.7082
-0
33.9933
22.7912
37.736
-0
-0
-0
-0
-0
26.9244
-0
-0
-0
24.612
-0
13.9926
-0
-0
-0
8.29167
-0
1.2053
-0
4.37027
-0
19.0582
12.1197
1.38694
13.9937
-0
-0
-0
-0
0.287615
0.912567
-0
-0
-0
-0
6.93382
-0
-0
-0
-0
-0
-0
20.3943
-0
-0
-0
-0
-0
-0
-0
-0
-0
-0
8.91879
-0
2.5341
-0
-0
24.0725
-0
-0
5.91806
-0
-0
21.4493
-0
-0
-0
23.4201
6.29094
5.40275
8.35671
-0
-0
5.32466
-0
-0
-0
16.4285
5.29433
21.9621
-0
-0
8.2453
-0
-0
-0
26.4569
7.85352
-0
12.5578
-0
-0
-0
-0
-0
-0
-0
-0
19.9418
-0
20.5126
-0
1.53639
12.6017
17.5613
34.7259
-0
2.05966
1.13252
-0
25.1638
15.6029
-0
-0
8.80909
-0
2.03995
-0
6.79231
-0
-0
1.55785
-0
-0
-0
0.654179
-0
-0
-0
29.2817
-0
-0
-0
-0
-0
6.17213
-0
-0
-0
-0
-0
-0
-0
4.20798
-0
22.5375
-0
-0
-0
7.39261
-0
-0
6.68106
37.106
2.44624
9.61188
16.0852
-0
8.63501
-0
20.983
-0
-0
-0
6.32289
-0
20.7039
-0
-0
-0
1.81533
1.32689
-0
-0
7.63925
-0
-0
-0
-0
-0
-0
-0
-0
-0
-0
-0
-0
-0
-0
-0
3.00306
-0
-0
-0
-0
-0
-0
-0
-0
-0
-0
-0
-0
22.7667
-0
30.389
13.1522
-0
-0
-0
-0
-0
-0
-0
-0
-0
5.80653
18.3172
-0
-0
0.454932
27.1125
-0
-0
13.4044
-0
-0
-0
-0
-0
-0
13.8762
6.28248
12.8662
11.1372
-0
-0
3.6761
8.09309
-0
0.158667
-0
7.99923
-0
-0
-0
-0
-0
-0
5.6594
-0
10.0958
-0
-0
-0
-0
5.36933
23.9186
-0
-0
2.89984
-0
8.82176
-0
-0
-0
-0
-0
13.6872
-0
-0
-0
-0
-0
-0
-0
-0
-0
-0
-0
-0
0.592373
4.85073
-0
-0
1.25588
-0
-0
-0
3.36984
-0
11.7837
-0
-0
-0
8.64054
16.1681
-0
-0
10.1836
-0
-0
-0
-0
-0
9.89947
-0
-0
20.1129
-0
-0
-0
-0
-0
-0
13.4073
-0
-0
9.4795
2.56285
-0
0.456465
23.9309
1.20411
-0
-0
-0
6.9108
-0
-0
1.98352
-0
16.002
5.03304
5.33442
-0
-0
-0
-0
-0
1.52806
5.63008
17.776
21.8029
-0
-0
-0
-0
-0
-0
-0
-0
-0
1.42404
-0
4.43213
-0
4.5251
-0
-0
-0
11.4385
-0
-0
1.32549
-0
-0
-0
-0
-0
-0
-0
10.3066
-0
-0
-0
-0
13.9179
-0
18.3468
8.07201
-0
-0
-0
-0
-0
-0
-0
-0
4.52058
2.6187
11.7934
-0
16.4298
5.06098
22.8788
-0
-0
6.83274
-0
-0
18.2439
5.06623
-0
8.16933
-0
19.5353
-0
-0
-0
-0
-0
-0
-0
-0
39.0946
-0
-0
9.34377
-0
-0
-0
-0
4.87108
2.50942
-0
-0
-0
-0
5.7902
-0
-0
-0
-0
-0
-0
-0
-0
-0
-0
-0
-0
19.8532
-0
-0
-0
-0
-0
-0
-0
-0
4.64499
-0
-0
-0
1.03379
-0
-0
-0
-0
10.055
-0
-0
-0
-0
-0
0.921133
-0
-0
44.5369
-0
24.5022
-0
-0
-0
-0
-0
-0
-0
-0
1.24593
-0
-0
-0
-0
12.9247
-0
1.06115
-0
-0
-0
31.3063
-0
-0
12.6654
22.2682
-0
-0
3.01481
7.73163
-0
7.05927
-0
-0
-0
-0
20.6399
-0
-0
-0
5.71322
-0
-0
-0
-0
-0
0.298586
10.9278
-0
-0
-0
7.04131
12.4469
-0
-0
10.803
-0
-0
-0
-0
-0
-0
-0
-0
8.26815
-0
6.88472
-0
-0
4.68773
3.06845
-0
-0
1.24008
-0
-0
-0
-0
0.753249
-0
-0
13.9906
-0
-0
-0
-0
-0
-0
-0
-0
9.76463
28.8299
3.01189
-0
25.1437
-0
0.0971855
-0
-0
-0
-0
8.92356
22.323
-0
-0
-0
-0
-0
-0
-0
35.2052
-0
-0
-0
-0
12.0446
-0
2.00781
11.421
-0
-0
-0
-0
35.3521
-0
-0
-0
-0
-0
-0
7.5399
-0
16.8532
-0
-0
-0
-0
-0
9.46878
-0
-0
-0
12.1551
-0
28.8197
4.06379
5.65472
-0
-0
-0
-0
31.3361
-0
-0
-0
20.2715
-0
-0
0.278211
-0
-0
-0
-0
10.1717
14.1092
-0
13.1537
-0
-0
-0
-0
-0
0.771923
26.9311
-0
14.8421
-0
-0
-0
-0
-0
3.94852
-0
10.874
-0
26.2314
9.05553
-0
8.378
-0
-0
4.23709
35.281
-0
-0
7.47063
-0
4.57762
-0
-0
-0
-0
-0
-0
-0
9.30164
-0
-0
-0
-0
-0
7.79475
-0
-0
-0
-0
4.3737
29.1202
-0
-0
-0
24.2117
15.4443
-0
-0
-0
2.38056
-0
-0
-0
-0
-0
-0
-0
-0
15.2154
17.8232
11.0153
-0
-0
-0
-0
23.0121
-0
-0
-0
4.19094
-0
-0
-0
-0
-0
-0
-0
-0
1.79081
-0
12.5379
-0
-0
5.47313
-0
-0
17.3898
-0
-0
-0
0.525597
-0
4.75097
-0
-0
-0
30.5528
-0
-0
11.537
-0
-0
7.7629
5.56543
-0
-0
-0
-0
-0
-0
-0
-0
-0
11.9235
26.5587
-0
0.934129
-0
-0
-0
-0
13.0732
-0
-0
0.957529
-0
-0
-0
15.2111
-0
-0
-0
-0
-0
-0
-0
8.20058
-0
6.71461
-0
-0
-0
-0
-0
-0
-0
-0
-0
-0
-0
8.39721
-0
-0
-0
6.06984
-0
-0
0.252567
-0
-0
11.6419
13.3003
-0
-0
-0
-0
-0
-0
18.0891
-0
-0
-0
-0
-0
-0
-0
-0
-0
-0
-0
-0
8.22454
-0
34.1529
-0
-0
14.466
3.29696
-0
-0
-0
-0
-0
0.936282
-0
-0
-0
35.7545
0.602956
14.9062
-0
-0
-0
-0
-0
0.256499
13.8696
-0
-0
7.68264
20.9821
1.39786
-0
-0
-0
47.7385
-0
-0
1.18898
-0
-0
8.4029
-0
-0
17.346
-0
4.72766
-0
-0
-0
-0
-0
-0
-0
1.56571
-0
-0
31.0757
-0
-0
-0
-0
-0
-0
-0
-0
19.524
26.4781
-0
-0
-0
2.54677
1.20383
-0
-0
-0
-0
-0
0.0276678
8.19116
-0
-0
-0
-0
-0
-0
-0
-0
-0
26.4743
15.5566
-0
0.737792
-0
-0
-0
-0
13.0414
10.5226
-0
-0
-0
-0
19.6961
-0
-0
-0
-0
22.8229
-0
-0
5.57388
1.19996
-0
-0
-0
-0
-0
4.12343
-0
-0
-0
-0
25.9841
-0
-0
-0
-0
31.6288
-0
-0
-0
-0
2.86881
22.8848
-0
-0
-0
-0
-0
7.52271
-0
0.239974
-0
0.421783
-0
3.66152
-0
-0
-0
31.2768
12.3827
10.4716
4.75872
-0
6.4592
23.0898
-0
0.186208
-0
5.61176
17.257
5.37839
-0
-0
-0
-0
-0
-0
-0
-0
-0
-0
-0
-0
-0
0.961359
-0
27.5435
-0
-0
-0
-0
-0
-0
-0
-0
-0
-0
-0
-0
12.4248
10.5679
-0
8.55508
-0
-0
-0
-0
1.19829
-0
-0
-0
-0
-0
-0
-0
15.088
-0
-0
14.5007
-0
-0
-0
1.23877
12.1578
-0
-0
-0
-0
-0
-0
-0
-0
-0
11.5046
-0
-0
5.23084
-0
-0
0.838653
-0
-0
-0
14.5399
-0
-0
-0
-0
-0
-0
-0
-0
-0
-0
-0
-0
5.90917
-0
-0
-0
31.1449
-0
-0
32.9495
-0
-0
-0
-0
18.5988
-0
-0
-0
-0
-0
22.2118
-0
8.33179
-0
-0
18.9399
11.7812
-0
21.3474
3.70364
0.0457909
56.2992
-0
-0
-0
-0
-0
-0
-0
36.9531
26.4172
-0
1.66848
-0
18.9654
-0
-0
21.7856
-0
-0
-0
17.8564
25.2445
-0
-0
8.69332
-0
27.9738
-0
-0
-0
-0
6.95011
9.27672
15.7821
2.38191
-0
12.6674
-0
-0
-0
-0
-0
23.9332
0.15593
0.15614
-0
22.22
-0
54.0835
-0
-0
28.9662
1.99037
14.3306
34.594
18.1462
-0
-0
12.3424
0.485215
-0
-0
-0
-0
15.8716
-0
11.1078
-0
9.43256
-0
5.5087
-0
-0
23.2269
-0
-0
11.1548
5.81523
-0
-0
-0
-0
-0
18.4241
-0
-0
2.89353
-0
-0
2.31278
-0
-0
-0
-0
15.251
3.63925
9.733
17.1569
18.2482
-0
-0
17.6284
-0
6.51159
-0
-0
-0
-0
20.819
-0
-0
-0
-0
-0
-0
-0
7.90045
42.8821
-0
-0
-0
-0
20.82
-0
-0
-0
-0
-0
-0
-0
-0
-0
-0
-0
1.79924
-0
-0
19.9868
-0
1.00261
-0
-0
-0
23.8347
-0
26.9505
-0
-0
-0
-0
27.1066
-0
-0
-0
-0
-0
7.83644
3.00397
-0
-0
-0
-0
-0
32.4566
-0
-0
1.00658
-0
-0
-0
-0
-0
17.7935
0.102513
-0
-0
-0
49.6777
10.3167
-0
-0
-0
-0
-0
-0
26.4418
-0
-0
-0
-0
-0
0.489697
-0
-0
-0
-0
4.53546
-0
-0
-0
2.1993
-0
-0
-0
1.73657
-0
-0
-0
20.6633
-0
-0
-0
0.810867
-0
7.67453
-0
28.3994
-0
-0
-0
13.0807
-0
-0
-0
-0
-0
-0
4.27014
-0
-0
-0
-0
5.88192
11.8572
-0
-0
-0
-0
-0
-0
-0
-0
-0
-0
-0
4.35947
-0
-0
14.2636
-0
-0
-0
-0
-0
-0
-0
-0
-0
-0
-0
-0
-0
-0
-0
-0
15.9822
-0
-0
-0
-0
-0
-0
-0
-0
-0
11.5664
5.0468
5.62507
-0
-0
-0
-0
-0
-0
-0
-0
10.0844
-0
18.155
-0
-0
-0
-0
34.573
-0
-0
-0
-0
34.9094
-0
11.1704
7.22599
-0
-0
29.2543
-0
9.29127
-0
-0
-0
-0
11.0483
-0
-0
-0
-0
8.3712
-0
-0
-0
-0
24.1382
-0
3.48912
-0
-0
-0
-0
-0
-0
-0
-0
-0
16.3365
26.7109
-0
-0
35.6929
37.567
-0
16.2639
-0
-0
17.189
12.8901
-0
-0
25.3719
-0
16.1077
-0
-0
-0
25.6872
-0
-0
-0
-0
-0
-0
-0
26.1531
-0
-0
-0
-0
21.0465
30.3586
3.77651
10.9989
-0
-0
2.24952
-0
-0
-0
-0
-0
5.09407
-0
0.400721
15.5747
-0
5.21779
-0
-0
-0
-0
9.72587
-0
15.0353
11.7187
-0
-0
-0
-0
-0
9.55842
27.3873
5.88694
-0
-0
-0
-0
-0
-0
-0
6.77811
-0
16.6029
-0
-0
-0
-0
-0
-0
-0
13.07
7.42075
-0
47.9982
0.478524
-0
-0
32.6442
-0
-0
-0
-0
-0
-0
-0
-0
-0
-0
-0
-0
-0
-0
22.5451
-0
-0
-0
26.8881
-0
-0
-0
-0
-0
-0
1.48839
21.2534
-0
-0
13.819
-0
-0
-0
-0
-0
25.8047
-0
33.2022
-0
-0
-0
-0
-0
-0
31.174
-0
-0
-0
-0
-0
-0
2.60514
-0
-0
6.68861
-0
-0
-0
-0
-0
-0
-0
11.5192
2.96952
-0
7.74624
10.4587
-0
13.8218
-0
-0
-0
-0
15.2892
10.5818
-0
-0
-0
-0
-0
3.6679
-0
1.02218
15.9703
-0
4.00417
-0
-0
-0
-0
40.0622
-0
-0
-0
-0
-0
-0
2.49343
-0
-0
-0
-0
-0
-0
3.78472
-0
-0
-0
-0
-0
-0
-0
13.9874
-0
-0
2.51894
-0
13.3062
-0
3.1417
-0
7.65895
1.25416
-0
-0
-0
-0
-0
-0
-0
-0
-0
-0
-0
3.24666
-0
-0
-0
-0
-0
-0
-0
-0
-0
0.280928
-0
-0
-0
-0
0.360283
-0
8.24796
-0
-0
-0
33.3516
-0
24.2614
2.59501
-0
-0
-0
-0
39.9901
-0
0.0176281
-0
-0
8.30243
-0
-0
-0
5.48832
-0
8.39525
-0
-0
17.0513
-0
-0
-0
-0
-0
51.9016
-0
-0
-0
-0
-0
-0
-0
0.277807
-0
-0
23.096
5.49969
5.37891
-0
8.91689
14.8665
0.615138
18.3671
11.7368
-0
-0
21.7448
-0
-0
40.1043
8.42423
1.48771
-0
-0
-0
-0
-0
-0
-0
-0
2.99278
-0
7.64706
-0
-0
17.2555
-0
-0
-0
-0
25.1984
-0
-0
12.9813
-0
-0
-0
15.6466
-0
-0
-0
-0
-0
-0
1.26434
9.08924
11.7984
-0
-0
5.52212
-0
7.08501
-0
-0
21.1261
-0
-0
23.6177
29.4122
-0
28.9436
1.2151
-0
-0
1.68726
-0
-0
-0
-0
-0
-0
23.8855
-0
24.3846
7.15411
-0
12.5135
-0
-0
-0
-0
2.08306
-0
25.3214
-0
12.8145
-0
-0
0.371034
-0
10.9891
-0
12.2576
11.3055
18.2758
-0
-0
-0
-0
7.01227
11.0073
-0
-0
1.57577
-0
21.6067
-0
12.007
7.79025
19.694
-0
-0
12.5682
-0
-0
1.40854
7.05886
20.5893
11.1159
-0
4.05309
-0
-0
-0
15.2508
-0
-0
-0
5.97761
28.1774
-0
-0
0.509562
-0
13.8863
-0
-0
-0
-0
-0
-0
-0
-0
45.9292
-0
2.08712
17.958
-0
-0
-0
-0
22.7703
3.41148
-0
-0
-0
-0
-0
-0
-0
4.7906
-0
-0
-0
-0
23.7236
0.671901
4.05843
-0
5.9292
-0
-0
5.42924
-0
15.1777
-0
12.4996
-0
2.66105
-0
-0
-0
-0
19.9648
-0
-0
21.7681
7.49104
-0
-0
-0
18.4245
15.8047
-0
-0
-0
-0
10.1395
5.13987
-0
9.36155
3.65931
6.55076
-0
-0
-0
-0
17.8375
-0
30.8609
-0
-0
-0
-0
-0
-0
-0
-0
-0
24.9621
25.5386
-0
-0
-0
-0
-0
-0
-0
-0
0.262965
8.72554
-0
-0
36.1025
-0
-0
-0
-0
-0
3.71878
-0
-0
-0
-0
-0
-0
-0
3.69513
-0
-0
-0
2.95055
-0
-0
-0
24.5268
-0
22.7321
35.5891
-0
-0
-0
-0
-0
-0
-0
11.1195
-0
-0
10.9125
6.98946
13.7524
16.4003
36.6747
-0
-0
1.25055
-0
17.1281
0.447051
-0
0.0522104
-0
26.7569
-0
12.0213
-0
-0
-0
-0
-0
-0
-0
-0
-0
-0
-0
-0
12.1971
9.24402
-0
-0
-0
-0
-0
-0
5.98218
-0
2.04927
0.697058
17.0184
-0
-0
14.304
-0
2.83695
-0
-0
-0
-0
-0
-0
0.563702
-0
-0
-0
7.46081
-0
-0
-0
-0
-0
-0
25.517
25.6386
-0
0.357834
-0
-0
-0
-0
10.2007
-0
-0
-0
-0
-0
-0
-0
-0
-0
1.52632
-0
-0
-0
-0
-0
12.5112
-0
-0
7.30479
-0
6.60307
-0
-0
10.8061
-0
2.33325
6.75431
-0
5.90522
27.5019
-0
-0
-0
1.29602
8.82186
-0
-0
-0
-0
30.1529
-0
9.48099
-0
1.12592
10.3283
31.0772
27.1711
6.1982
-0
15.5279
9.94869
-0
-0
-0
-0
-0
-0
-0
-0
5.5217
-0
-0
-0
13.3032
13.5232
-0
-0
9.62987
-0
11.0077
-0
-0
-0
-0
-0
-0
9.11318
-0
-0
-0
-0
-0
1.73865
-0
-0
-0
-0
-0
23.644
-0
-0
-0
-0
-0
-0
-0
-0
-0
-0
-0
-0
-0
-0
-0
9.10571
-0
2.73416
-0
-0
16.4713
-0
10.5989
-0
1.90655
-0
-0
-0
-0
-0
29.688
24.5161
-0
-0
0.941185
-0
14.518
8.78114
-0
-0
-0
12.5507
-0
6.90935
24.7843
-0
-0
-0
-0
15.3356
2.89971
-0
-0
-0
15.9935
8.88743
14.3778
-0
1.57062
-0
-0
-0
-0
-0
-0
-0
-0
-0
28.32
-0
-0
-0
-0
-0
27.1656
-0
-0
-0
-0
-0
-0
-0
8.83357
4.43448
-0
15.2686
36.043
-0
-0
-0
-0
-0
-0
24.662
21.9645
17.0055
-0
-0
-0
-0
-0
-0
-0
-0
-0
-0
2.91254
-0
-0
-0
-0
13.1061
-0
8.35176
-0
-0
-0
-0
-0
-0
-0
10.4756
9.57554
7.64649
-0
-0
-0
-0
-0
-0
2.98144
-0
-0
6.22217
-0
-0
-0
-0
-0
-0
-0
-0
6.28971
5.46133
2.59115
0.0997815
-0
24.1769
-0
-0
11.309
-0
-0
-0
-0
23.8186
-0
-0
-0
-0
8.57906
-0
-0
-0
-0
-0
-0
7.27796
-0
-0
-0
11.1897
29.1846
-0
4.96598
21.138
-0
-0
14.4807
-0
2.93305
-0
11.2823
-0
-0
-0
-0
-0
-0
-0
22.8335
4.0567
-0
-0
-0
15.2419
-0
-0
-0
-0
-0
19.7408
23.2025
-0
3.45077
-0
-0
-0
-0
22.7159
0.578469
-0
-0
-0
-0
-0
-0
-0
-0
-0
-0
-0
-0
-0
12.7827
-0
0.653413
8.62508
-0
-0
-0
9.8972
-0
-0
-0
-0
-0
-0
-0
18.1837
-0
-0
-0
-0
-0
-0
-0
13.0316
44.4238
-0
23.191
-0
-0
-0
-0
-0
-0
-0
3.48112
4.48723
-0
20.5574
-0
11.1176
0.890354
20.0747
-0
-0
-0
-0
-0
11.0213
-0
5.75008
-0
-0
25.1947
-0
-0
-0
-0
-0
16.8197
-0
-0
-0
-0
-0
-0
-0
-0
-0
14.5618
-0
-0
15.9448
8.79618
-0
-0
-0
12.1592
-0
-0
-0
9.51387
42.035
-0
-0
-0
47.4119
-0
22.6985
-0
6.29132
-0
1.14701
-0
31.7002
-0
26.753
-0
-0
-0
7.2696
-0
-0
-0
-0
3.20367
-0
-0
-0
-0
-0
-0
-0
-0
-0
7.85324
-0
-0
-0
-0
1.38627
-0
-0
15.8393
-0
-0
-0
-0
7.46035
-0
2.09596
0.0269427
-0
9.62006
-0
-0
-0
-0
15.3691
15.5869
-0
15.7419
-0
11.4198
1.19188
-0
-0
5.30855
-0
-0
-0
-0
-0
0.455373
5.12771
8.92602
18.0026
-0
28.4401
-0
-0
-0
-0
1.00853
-0
-0
9.85727
18.7494
-0
-0
1.78054
-0
-0
11.6138
-0
35.8331
20.4578
-0
-0
-0
10.2665
-0
-0
-0
-0
-0
-0
16.3032
-0
2.65021
38.6088
-0
-0
-0
25.1249
-0
-0
-0
28.1856
-0
3.80801
-0
9.27822
-0
-0
-0
-0
-0
-0
-0
4.89954
2.52254
-0
10.7122
-0
-0
-0
-0
-0
28.3368
-0
-0
-0
1.75432
5.69062
-0
12.1225
-0
-0
-0
-0
25.3402
-0
-0
-0
11.72
8.83572
-0
38.7572
-0
-0
14.2576
-0
-0
-0
-0
-0
-0
0.276793
-0
-0
-0
-0
-0
32.0469
-0
-0
-0
-0
-0
4.84453
24.8931
17.2569
-0
26.5921
-0
-0
15.5088
-0
-0
-0
3.32529
-0
24.4046
-0
-0
16.5804
-0
-0
21.9795
-0
-0
-0
-0
-0
32.4233
19.4238
-0
9.43047
8.15066
5.84933
-0
-0
-0
-0
18.12
-0
26.2753
31.4723
-0
-0
18.7477
31.3283
-0
-0
-0
9.32525
-0
-0
-0
-0
-0
23.3717
-0
-0
-0
-0
17.312
-0
6.42561
25.6234
-0
1.94292
-0
-0
17.2528
-0
10.4089
-0
27.3382
-0
-0
-0
-0
-0
-0
-0
-0
12.0257
-0
-0
-0
-0
33.8714
30.7784
-0
-0
0.565044
5.21112
-0
-0
7.30357
0.0419707
-0
-0
-0
-0
-0
-0
16.7487
-0
-0
-0
-0
28.0745
-0
-0
22.3095
5.76739
-0
-0
-0
-0
-0
-0
-0
0.9308
-0
-0
-0
-0
-0
-0
-0
27.8556
-0
-0
-0
-0
-0
-0
-0
-0
-0
-0
-0
29.1023
7.26203
12.2951
-0
-0
11.3971
-0
-0
-0
-0
-0
-0
3.49177
-0
-0
-0
-0
-0
9.71357
-0
-0
30.978
-0
-0
-0
-0
4.27076
-0
6.81741
-0
1.67618
-0
8.58258
-0
27.5531
10.6391
-0
-0
28.9283
-0
-0
-0
-0
-0
-0
-0
-0
-0
12.4026
25.3604
-0
-0
-0
-0
15.3948
-0
-0
-0
2.45828
-0
3.15934
-0
-0
-0
-0
-0
4.84723
-0
-0
-0
46.1172
-0
-0
-0
-0
-0
-0
-0
-0
-0
24.2845
-0
0.215542
0.0380473
-0
-0
-0
0.158649
-0
-0
5.83979
21.5457
-0
-0
-0
-0
-0
6.33068
-0
-0
-0
-0
3.8379
30.39
1.39104
-0
-0
40.9068
-0
21.8368
-0
-0
23.9323
39.9513
21.6416
-0
-0
-0
-0
-0
1.67363
-0
-0
-0
-0
-0
10.0144
-0
20.7375
-0
-0
43.2563
3.85526
3.31588
7.77961
-0
-0
-0
-0
-0
-0
-0
-0
-0
-0
-0
13.5763
-0
-0
-0
-0
-0
22.528
-0
-0
-0
3.88213
-0
-0
9.19513
-0
-0
7.49827
-0
3.84624
0.442349
4.49192
-0
-0
1.56791
-0
-0
-0
-0
-0
-0
23.5989
-0
-0
-0
-0
13.6725
-0
-0
-0
-0
22.8296
-0
-0
2.09042
8.18397
-0
-0
-0
-0
-0
-0
-0
-0
-0
16.1814
-0
-0
18.8668
-0
-0
19.1107
-0
-0
4.26038
-0
17.5756
-0
15.9175
-0
7.32254
-0
12.3691
-0
-0
-0
24.734
-0
12.8026
3.35381
8.85418
1.04398
-0
-0
-0
-0
-0
-0
-0
-0
-0
1.88872
-0
-0
-0
-0
13.923
-0
-0
16.7831
-0
34.1484
17.3691
-0
-0
8.55362
18.2151
-0
-0
-0
-0
0.0669628
-0
13.0634
-0
-0
-0
1.13344
-0
-0
-0
-0
-0
-0
-0
-0
6.58974
-0
-0
-0
13.8625
-0
36.8372
-0
-0
-0
-0
-0
-0
-0
4.29133
12.1923
0.435181
-0
-0
20.2987
-0
-0
26.3992
-0
30.988
-0
16.181
-0
13.3302
-0
-0
19.6601
-0
-0
-0
-0
9.45213
-0
-0
-0
-0
19.8385
-0
37.4199
-0
-0
-0
4.55999
-0
-0
-0
-0
0.690795
-0
2.02045
3.19456
-0
33.914
54.263
21.3875
14.3463
-0
9.94128
-0
-0
-0
-0
-0
-0
-0
0.138073
-0
-0
-0
9.40304
-0
3.01479
-0
-0
-0
-0
-0
-0
-0
-0
-0
-0
17.6706
0.031648
-0
-0
-0
-0
-0
23.6059
3.65245
-0
-0
-0
27.8645
-0
3.4989
-0
0.594888
13.6133
-0
-0
-0
-0
-0
-0
-0
18.7202
4.03065
-0
36.6027
-0
7.70396
16.5298
-0
-0
0.299554
-0
9.50988
-0
-0
13.5205
-0
4.53018
36.1305
-0
-0
-0
21.1168
-0
-0
-0
-0
-0
-0
-0
-0
-0
-0
3.67746
-0
1.07952
13.6956
-0
5.04018
3.2778
-0
-0
-0
-0
-0
-0
13.0589
-0
11.1504
10.6505
-0
17.5961
5.22735
-0
-0
-0
18.4009
28.3666
-0
-0
-0
-0
-0
33.6473
-0
-0
-0
-0
-0
-0
-0
11.7649
-0
-0
-0
41.0732
-0
-0
-0
-0
-0
4.07797
27.2279
9.19527
-0
9.26844
-0
-0
-0
-0
-0
-0
4.20287
-0
-0
-0
19.7654
-0
-0
3.5058
-0
-0
-0
-0
-0
-0
-0
7.67543
-0
-0
-0
27.619
-0
-0
-0
11.3037
-0
8.28165
0.98209
36.9455
-0
8.12832
20.7272
-0
-0
-0
-0
16.9463
-0
14.1379
-0
3.56681
-0
-0
-0
12.8443
-0
-0
-0
13.6704
34.9671
17.0489
-0
11.4515
-0
-0
-0
-0
-0
-0
-0
-0
-0
-0
0.179931
-0
-0
37.5981
4.3876
-0
-0
12.2371
-0
-0
-0
10.426
4.59451
-0
-0
-0
-0
9.04089
-0
-0
0.329244
-0
-0
-0
3.30126
4.03228
-0
25.5299
5.07028
-0
-0
-0
7.10759
-0
-0
-0
-0
-0
-0
46.5066
-0
-0
-0
-0
-0
6.59899
-0
-0
3.98519
-0
18.4448
-0
-0
25.0511
-0
-0
-0
15.4256
-0
-0
8.41468
-0
0.836069
-0
-0
-0
11.7132
-0
-0
-0
3.83148
-0
28.8304
-0
-0
-0
-0
-0
-0
-0
-0
-0
-0
4.11185
-0
-0
34.266
-0
25.4492
-0
-0
1.87053
-0
-0
2.27361
10.0521
-0
-0
-0
19.8779
-0
34.7311
-0
-0
6.90689
50.8029
7.82645
-0
-0
20.4794
2.49362
-0
-0
-0
-0
25.6675
-0
-0
-0
-0
20.185
-0
-0
-0
-0
-0
-0
-0
-0
-0
24.4055
-0
-0
9.18137
19.5893
-0
-0
-0
-0
-0
-0
3.65318
-0
-0
22.2001
-0
-0
39.4127
-0
4.61401
-0
18.0625
-0
-0
-0
-0
27.0188
1.28982
-0
3.54994
-0
19.2815
-0
5.37884
-0
19.8822
-0
-0
19.6649
-0
7.91569
-0
-0
23.997
5.23385
-0
32.4672
10.085
0.798347
-0
30.9592
-0
-0
-0
-0
-0
4.06067
52.2348
-0
-0
-0
-0
-0
-0
-0
21.1093
-0
-0
-0
-0
-0
-0
22.4025
-0
-0
-0
-0
-0
19.3949
-0
5.6416
-0
-0
-0
-0
3.79252
-0
6.45747
-0
-0
-0
-0
-0
-0
38.8217
-0
-0
-0
-0
5.52803
-0
-0
-0
-0
-0
-0
-0
-0
-0
-0
-0
30.4047
-0
-0
9.64893
-0
-0
-0
-0
31.8463
-0
-0
18.3151
-0
-0
11.9235
-0
7.98855
-0
-0
-0
-0
13.7598
-0
-0
6.10558
-0
8.18681
-0
-0
-0
-0
22.2572
-0
18.916
-0
-0
-0
-0
8.96353
-0
-0
35.7852
-0
-0
42.8426
13.9531
0.745657
-0
23.5874
-0
4.0578
-0
-0
-0
-0
2.48477
-0
-0
1.03981
-0
-0
-0
-0
-0
-0
-0
-0
-0
-0
-0
2.83713
-0
10.56
-0
-0
-0
5.09919
-0
-0
17.9091
-0
1.10924
-0
-0
0.44291
-0
-0
-0
0.323321
-0
0.762098
-0
17.965
-0
-0
39.4189
-0
17.8711
-0
-0
-0
34.4739
-0
10.0734
4.09117
-0
-0
-0
-0
-0
-0
15.5852
9.09399
-0
-0
-0
31.9363
6.5495
0.809259
-0
-0
-0
-0
-0
-0
-0
-0
-0
-0
-0
-0
-0
-0
19.5001
23.9238
-0
-0
-0
-0
-0
10.5603
20.3083
-0
-0
-0
0.853275
24.7002
-0
-0
-0
-0
4.94057
-0
-0
2.06433
-0
22.0707
-0
20.99
1.18994
-0
11.2415
-0
11.5863
-0
-0
-0
-0
23.0821
-0
-0
-0
-0
-0
8.06682
-0
12.7668
-0
-0
-0
-0
3.98125
1.34613
34.0621
-0
-0
-0
-0
-0
-0
-0
-0
-0
2.78571
-0
-0
-0
-0
-0
-0
5.10381
-0
-0
13.7279
-0
-0
-0
-0
31.3704
-0
9.07553
-0
-0
-0
-0
-0
-0
13.5109
3.50406
-0
-0
9.73984
6.03925
0.310595
6.85542
-0
-0
-0
-0
24.1684
-0
13.4141
21.0016
5.96499
-0
-0
-0
-0
-0
23.5901
-0
-0
-0
-0
-0
0.302461
20.8711
-0
-0
19.7251
-0
18.9263
3.74894
-0
9.96634
-0
-0
-0
20.1615
-0
-0
31.1499
-0
-0
-0
10.1423
0.353602
6.02092
-0
-0
-0
4.70429
24.9819
14.8356
-0
-0
3.48546
-0
-0
12.8179
-0
-0
-0
-0
-0
-0
-0
-0
2.14646
3.18416
0.321116
7.96782
-0
-0
-0
-0
2.02293
10.1074
38.7651
-0
-0
-0
0.289629
19.5235
0.826537
-0
-0
-0
38.2872
-0
-0
-0
-0
-0
-0
-0
-0
-0
-0
-0
14.3188
59.2652
-0
-0
-0
-0
3.78612
-0
-0
-0
17.6318
-0
-0
-0
4.88168
-0
-0
-0
28.8663
-0
-0
-0
-0
14.5586
13.2139
-0
-0
