4.52861
-0
-0
-0
-0
11.8443
-0
1.70957
10.0708
-0
25.9041
-0
-0
-0
-0
5.55583
-0
-0
8.40569
-0
-0
4.88119
-0
-0
-0
-0
6.89266
-0
-0
-0
-0
-0
-0
-0
3.46325
-0
-0
-0
6.73027
-0
-0
-0
-0
7.09099
-0
-0
-0
2.26894
-0
13.3524
-0
-0
-0
-0
-0
-0
6.52605
1.38702
35.2008
7.09878
-0
-0
-0
-0
21.2875
-0
-0
10.0425
-0
0.765137
-0
-0
-0
-0
-0
5.92074
-0
15.0279
-0
-0
-0
53.9328
-0
9.689
6.7995
-0
-0
2.07093
-0
-0
-0
-0
-0
-0
-0
-0
4.51514
-0
-0
-0
-0
-0
-0
20.3928
10.9203
-0
22.301
13.2596
-0
-0
-0
1.73644
-0
-0
1.23039
6.87282
-0
-0
40.9489
17.6755
-0
-0
-0
-0
33.5525
-0
17.292
-0
-0
-0
-0
38.5226
-0
-0
-0
-0
-0
21.7276
-0
20.7434
1.20202
-0
-0
-0
25.5107
-0
-0
-0
-0
-0
-0
10.0524
-0
-0
-0
-0
2.29727
-0
-0
1.4832
-0
-0
-0
16.4883
5.63326
-0
1.54475
-0
-0
24.7776
-0
11.3597
15.5719
-0
-0
-0
-0
-0
-0
-0
-0
-0
-0
-0
-0
9.76378
-0
-0
10.1204
-0
29.2888
19.9555
11.6669
-0
-0
-0
-0
1.64791
-0
-0
-0
-0
35.8741
-0
-0
-0
-0
-0
-0
-0
-0
-0
-0
-0
-0
-0
7.77069
1.03761
-0
-0
1.6642
-0
-0
20.6619
-0
-0
-0
-0
-0
-0
-0
-0
-0
-0
-0
-0
-0
-0
-0
-0
-0
-0
-0
-0
-0
-0
-0
-0
-0
-0
-0
-0
-0
-0
4.4949
-0
-0
8.38116
-0
-0
3.74962
-0
-0
-0
-0
-0
-0
-0
-0
-0
-0
7.37044
-0
9.4761
-0
-0
-0
-0
-0
-0
-0
4.90666
-0
7.68316
-0
-0
-0
-0
-0
-0
2.63985
0.891872
19.5853
-0
11.6946
-0
6.78909
10.6858
7.83531
27.7096
-0
-0
0.842781
3.75961
33.5406
22.5587
-0
-0
12.2321
-0
-0
8.1264
-0
-0
7.85682
1.21584
-0
-0
-0
0.359441
-0
-0
-0
12.9868
10.9067
-0
-0
-0
-0
6.88483
-0
-0
-0
-0
-0
-0
-0
-0
-0
-0
-0
-0
-0
19.4661
-0
-0
-0
-0
10.5537
7.42616
14.6011
-0
-0
-0
30.2436
-0
-0
-0
-0
-0
21.5855
-0
-0
16.4918
1.6033
0.749236
-0
-0
16.4827
-0
-0
-0
0.0192047
30.1056
-0
5.80844
-0
-0
-0
-0
-0
-0
-0
-0
-0
-0
14.0495
-0
-0
-0
-0
-0
-0
-0
-0
-0
-0
-0
-0
-0
-0
5.92029
-0
-0
-0
4.31081
-0
-0
-0
-0
-0
-0
-0
-0
-0
11.9811
-0
-0
-0
-0
-0
-0
-0
-0
0.905945
12.9061
1.34844
17.6226
44.4447
-0
-0
-0
-0
-0
-0
-0
19.8261
-0
-0
-0
-0
-0
-0
6.32855
-0
-0
-0
-0
-0
-0
-0
-0
-0
-0
35.2637
-0
-0
15.1513
-0
-0
-0
-0
1.75245
-0
-0
-0
-0
-0
1.90486
-0
10.2671
-0
-0
-0
-0
13.5361
31.0756
-0
-0
-0
-0
-0
-0
-0
11.2897
-0
-0
6.82401
-0
-0
32.2135
-0
-0
10.2211
-0
-0
-0
-0
-0
19.994
-0
-0
-0
15.1063
-0
-0
-0
-0
-0
22.0812
-0
-0
-0
-0
-0
2.17163
-0
2.83384
-0
-0
-0
-0
-0
11.4957
-0
-0
21.8112
24.8346
24.3385
-0
-0
-0
-0
-0
33.3274
-0
9.19929
38.7117
-0
-0
-0
-0
-0
-0
-0
-0
-0
-0
-0
4.66224
-0
-0
-0
-0
-0
-0
14.2826
-0
0.878652
7.57507
-0
-0
35.7206
-0
-0
-0
-0
-0
-0
9.42912
-0
-0
-0
13.8781
9.66189
-0
-0
-0
-0
2.34355
-0
-0
-0
-0
-0
-0
-0
4.07725
-0
21.641
-0
-0
0.120728
-0
-0
6.28755
-0
5.25497
44.7953
-0
-0
-0
-0
-0
-0
-0
-0
5.73209
-0
17.5894
-0
-0
4.61427
9.32721
-0
-0
-0
-0
-0
-0
-0
-0
-0
-0
-0
-0
-0
-0
5.26997
-0
-0
9.50537
-0
-0
-0
-0
-0
-0
-0
-0
-0
-0
-0
-0
-0
-0
-0
-0
-0
-0
-0
-0
-0
-0
3.18861
-0
8.42504
-0
-0
-0
9.5109
20.9682
8.59164
28.101
-0
14.16
-0
-0
-0
-0
-0
-0
-0
8.30244
20.2856
29.0118
-0
8.86596
0.0647252
40.7164
-0
24.7426
-0
-0
-0
23.1598
-0
-0
19.4769
-0
-0
-0
5.40455
-0
-0
13.6382
-0
-0
-0
-0
21.9952
-0
-0
-0
26.1962
-0
-0
-0
-0
-0
-0
-0
-0
-0
-0
-0
-0
-0
-0
7.10218
-0
-0
-0
-0
-0
-0
-0
-0
4.87096
1.74963
33.4844
1.41254
-0
28.0991
-0
-0
-0
1.93762
21.5059
-0
-0
-0
-0
-0
-0
36.269
-0
-0
2.19419
33.4887
-0
-0
-0
-0
10.7806
-0
-0
3.8096
14.8905
-0
-0
-0
-0
-0
16.9857
23.1417
27.7483
-0
-0
4.29323
-0
-0
-0
-0
5.99274
-0
-0
-0
-0
37.6674
-0
-0
-0
-0
-0
-0
29.4495
27.7573
-0
-0
-0
-0
-0
-0
1.24041
-0
1.9491
-0
-0
-0
-0
-0
6.31185
-0
-0
14.1506
-0
-0
19.3787
-0
-0
-0
-0
-0
-0
17.5412
-0
18.313
-0
23.7779
-0
-0
-0
-0
-0
-0
-0
5.59405
1.31943
-0
21.3918
-0
-0
-0
-0
-0
3.31849
35.7545
-0
-0
-0
-0
-0
-0
-0
29.6918
7.31711
8.14651
-0
14.7098
-0
-0
5.66064
9.2713
-0
-0
7.31484
-0
-0
11.2149
-0
-0
-0
-0
-0
-0
-0
-0
-0
7.04785
-0
-0
-0
-0
-0
48.8858
-0
-0
-0
-0
-0
-0
-0
-0
-0
12.527
20.4831
-0
-0
21.3715
-0
-0
3.30168
4.64817
-0
-0
17.3022
-0
-0
6.61626
-0
24.8269
-0
6.10257
-0
-0
-0
-0
-0
-0
-0
-0
-0
-0
-0
-0
-0
28.6273
-0
-0
-0
30.1488
-0
-0
11.3221
-0
6.06283
16.3573
-0
-0
-0
-0
10.8842
14.8941
-0
-0
-0
17.7193
-0
34.0531
-0
-0
-0
9.18117
-0
-0
-0
-0
-0
-0
-0
-0
-0
-0
6.44196
25.7588
-0
0.398677
-0
-0
-0
-0
13.1229
-0
11.7618
5.05288
-0
-0
-0
11.83
-0
-0
-0
19.4505
-0
-0
-0
-0
-0
-0
-0
-0
-0
-0
-0
-0
-0
-0
-0
-0
-0
0.585538
-0
-0
-0
-0
2.3818
-0
-0
3.45389
-0
11.7509
-0
-0
-0
-0
-0
19.4581
-0
-0
18.1536
-0
-0
19.5603
-0
-0
-0
-0
-0
-0
-0
-0
5.12336
-0
-0
14.5456
-0
-0
4.07832
-0
-0
1.79172
-0
-0
-0
-0
-0
-0
-0
-0
-0
-0
-0
-0
-0
-0
5.24886
5.57607
-0
-0
-0
7.67323
3.58687
-0
-0
-0
21.1758
-0
-0
-0
-0
-0
4.65447
-0
-0
48.5057
-0
-0
-0
-0
-0
-0
-0
-0
-0
10.4469
-0
-0
47.5371
-0
-0
16.0727
-0
-0
-0
-0
-0
14.379
26.0901
-0
-0
-0
-0
-0
-0
-0
-0
-0
-0
-0
2.42711
-0
32.2296
-0
-0
-0
-0
-0
-0
-0
1.20337
5.29884
-0
14.562
-0
-0
-0
-0
-0
-0
-0
-0
-0
-0
19.8208
-0
-0
-0
-0
-0
-0
-0
-0
4.98755
-0
-0
-0
-0
-0
9.61373
-0
-0
-0
-0
14.9031
2.02113
-0
-0
-0
45.4547
-0
-0
-0
-0
-0
-0
-0
-0
39.926
-0
-0
-0
-0
-0
26.5914
15.3652
6.61222
-0
-0
-0
-0
10.6565
-0
-0
-0
10.9517
-0
1.39255
0.471029
-0
-0
50.7174
15.7681
12.0688
16.4052
-0
-0
-0
-0
-0
-0
-0
-0
-0
-0
-0
-0
21.9988
-0
22.4004
-0
-0
-0
-0
-0
17.7965
-0
-0
-0
-0
-0
-0
-0
8.98883
-0
-0
-0
-0
32.2178
-0
4.4651
-0
-0
-0
-0
-0
-0
-0
15.5272
7.9782
-0
23.1232
-0
-0
1.56809
16.9933
33.0923
-0
-0
4.53767
-0
-0
-0
4.49106
-0
-0
-0
-0
-0
34.8647
-0
-0
-0
-0
-0
15.1957
22.1365
-0
-0
-0
-0
9.00479
4.90835
-0
-0
-0
-0
-0
-0
34.1186
29.1155
-0
-0
5.91301
-0
-0
8.33541
-0
-0
-0
-0
-0
-0
-0
-0
-0
-0
20.4083
-0
10.2596
-0
0.759354
22.7093
12.6893
-0
32.2719
21.1028
-0
10.6373
-0
-0
-0
-0
-0
-0
-0
13.4778
56.636
-0
4.41388
8.38327
3.75511
-0
-0
32.2021
-0
-0
-0
5.28662
15.0773
-0
-0
-0
23.5024
22.0096
-0
-0
-0
4.154
-0
-0
5.64183
10.1511
-0
-0
11.0795
-0
-0
-0
-0
3.31816
2.0413
-0
-0
10.7273
-0
34.8419
5.83821
-0
-0
5.88393
-0
42.1997
16.0457
-0
-0
-0
-0
-0
-0
-0
-0
7.23442
4.94842
-0
-0
14.3105
-0
6.09905
19.5196
-0
-0
-0
36.3872
-0
19.7769
-0
-0
-0
-0
-0
-0
1.96377
-0
0.103651
-0
-0
-0
8.84855
-0
-0
-0
22.6267
-0
-0
16.2327
-0
-0
-0
15.0749
-0
-0
2.09476
-0
-0
19.285
48.1153
-0
-0
-0
-0
-0
-0
-0
-0
42.5209
-0
-0
13.4377
-0
7.17007
-0
-0
-0
-0
-0
-0
-0
-0
-0
-0
-0
-0
-0
-0
21.9337
-0
1.30986
6.2266
-0
-0
31.5352
0.433801
19.0313
-0
-0
-0
-0
-0
-0
-0
8.43019
-0
-0
-0
-0
-0
-0
-0
-0
-0
23.3809
-0
-0
-0
-0
-0
-0
20.6687
-0
-0
-0
-0
-0
-0
51.6999
11.569
-0
-0
-0
-0
-0
-0
2.6029
-0
-0
-0
-0
-0
-0
19.6858
-0
-0
-0
28.5593
3.11594
-0
-0
25.0025
-0
-0
-0
-0
-0
-0
-0
1.99393
13.3843
-0
-0
1.64906
-0
2.16428
-0
8.25064
-0
-0
-0
-0
-0
3.77161
-0
-0
-0
-0
-0
-0
-0
-0
-0
49.3912
-0
-0
-0
6.55377
-0
-0
-0
-0
-0
-0
-0
16.7043
-0
-0
-0
13.1663
-0
-0
-0
0.503935
-0
-0
-0
-0
-0
-0
-0
-0
-0
4.89714
13.2765
-0
-0
-0
0.653913
-0
-0
-0
-0
-0
-0
-0
-0
7.31912
-0
-0
-0
-0
-0
-0
15.1146
-0
16.1882
12.3848
-0
8.8474
-0
-0
-0
-0
49.7193
-0
-0
-0
-0
4.18381
-0
4.11733
17.3535
-0
-0
10.9367
-0
-0
-0
-0
-0
-0
35.3167
-0
-0
-0
-0
-0
-0
15.1133
7.35936
-0
14.0452
-0
3.80251
2.88113
-0
-0
-0
-0
-0
-0
-0
4.88005
29.2311
20.521
8.01154
-0
28.1681
38.3627
-0
-0
-0
-0
12.3296
-0
-0
-0
26.8844
-0
9.57347
-0
-0
22.0366
15.6495
-0
-0
-0
-0
-0
32.1903
-0
20.9578
-0
-0
-0
-0
-0
-0
12.4122
17.0883
3.02736
-0
-0
-0
-0
-0
-0
-0
0.604431
-0
18.0373
6.45705
11.0207
-0
-0
-0
-0
-0
2.15279
-0
-0
24.5109
-0
-0
2.77923
-0
-0
-0
1.59461
11.2757
-0
-0
-0
2.6668
-0
25.2107
1.31002
-0
-0
13.1971
-0
-0
-0
-0
-0
-0
-0
24.333
19.366
-0
30.2875
-0
-0
-0
48.4991
-0
-0
-0
-0
-0
-0
-0
-0
-0
-0
-0
-0
-0
-0
-0
-0
-0
-0
21.9086
9.00958
-0
25.6526
-0
-0
-0
0.465149
14.4379
-0
-0
14.8245
-0
-0
-0
-0
-0
13.2703
-0
16.8902
-0
-0
-0
-0
-0
1.09594
-0
-0
-0
-0
-0
-0
-0
0.98255
-0
-0
9.95395
-0
-0
-0
8.79739
-0
-0
-0
5.98748
-0
-0
-0
0.72541
-0
4.95703
-0
-0
-0
12.8253
6.23094
-0
-0
-0
-0
-0
-0
-0
-0
-0
-0
-0
-0
21.955
-0
-0
-0
11.2512
-0
-0
-0
-0
-0
-0
1.05177
-0
-0
-0
-0
-0
-0
12.0026
-0
0.00321126
-0
-0
-0
-0
-0
15.9123
-0
-0
-0
-0
6.80015
-0
-0
-0
-0
-0
-0
-0
29.7919
-0
-0
3.06227
-0
-0
-0
-0
-0
-0
-0
-0
12.2136
-0
-0
-0
-0
-0
-0
0.567993
-0
-0
-0
-0
31.067
19.2177
15.5483
-0
-0
-0
47.6095
-0
16.6667
19.6725
-0
-0
3.78872
-0
42.2089
-0
-0
3.03262
-0
8.52279
-0
-0
-0
17.6717
14.3645
-0
-0
-0
12.0864
-0
-0
1.16311
-0
-0
48.0435
-0
-0
-0
8.02584
-0
-0
-0
-0
-0
-0
29.3768
20.9594
-0
-0
14.756
-0
-0
17.0966
14.3548
-0
-0
9.30717
-0
-0
30.5598
5.90714
1.75334
-0
-0
-0
-0
11.0818
-0
-0
-0
0.838444
-0
21.0249
-0
-0
22.5976
-0
-0
-0
-0
11.0872
-0
-0
-0
-0
7.19495
-0
4.70288
-0
-0
-0
28.2844
13.0567
-0
1.35964
-0
21.2211
-0
-0
18.5105
-0
8.20096
1.36097
-0
-0
-0
-0
66.7453
19.4587
-0
17.6831
-0
27.8776
23.44
30.3926
-0
-0
-0
-0
-0
4.47659
14.062
-0
-0
1.14686
5.65216
-0
-0
-0
-0
-0
1.21116
-0
40.2733
-0
-0
-0
-0
-0
-0
-0
-0
-0
24.7607
41.0542
-0
-0
1.77359
-0
-0
19.7934
-0
6.46389
17.3432
-0
13.9978
-0
-0
-0
6.90428
5.65397
-0
22.927
-0
-0
1.50622
5.17201
10.4121
17.3839
-0
5.53167
-0
-0
38.4915
31.8656
-0
-0
-0
-0
17.2696
-0
-0
-0
-0
-0
-0
-0
-0
-0
12.0081
-0
-0
5.72098
28.208
-0
0.36228
2.68303
12.7138
-0
-0
-0
-0
1.882
-0
-0
-0
-0
-0
-0
-0
-0
-0
-0
-0
0.344101
8.19822
-0
-0
-0
11.3418
-0
-0
-0
-0
19.7501
-0
21.9782
-0
3.07631
-0
-0
-0
-0
-0
-0
-0
-0
5.28337
-0
-0
-0
-0
13.4707
-0
12.4409
-0
-0
4.7025
20.9692
-0
3.29161
-0
18.6701
-0
-0
-0
1.32518
31.3923
-0
10.4217
4.5016
13.1622
17.5196
-0
20.5014
-0
14.802
2.43433
-0
-0
10.018
-0
-0
4.3368
-0
-0
11.9957
-0
-0
-0
20.1406
-0
-0
13.0771
-0
-0
2.1249
-0
-0
-0
-0
-0
14.3497
-0
-0
12.0036
-0
5.12367
12.5042
-0
-0
-0
-0
-0
-0
7.51786
-0
13.0187
2.74564
-0
-0
-0
-0
-0
-0
-0
-0
-0
-0
6.74135
1.71632
18.4477
-0
34.5151
-0
-0
3.73824
-0
-0
2.88007
-0
-0
-0
15.1142
-0
-0
-0
-0
-0
-0
26.1521
-0
-0
-0
6.1401
-0
-0
-0
1.18707
-0
-0
-0
-0
-0
-0
-0
-0
-0
15.5704
-0
10.1996
-0
-0
4.90553
0.962743
-0
-0
-0
-0
-0
-0
-0
27.5798
-0
0.897388
21.1685
15.2598
-0
-0
8.46754
-0
3.47589
-0
41.1237
22.1685
-0
14.4826
-0
-0
-0
-0
33.6083
-0
-0
-0
-0
-0
-0
-0
-0
-0
-0
-0
25.1044
-0
-0
-0
4.39054
-0
-0
-0
-0
0.504761
-0
-0
13.3261
-0
6.77752
20.832
-0
-0
25.2341
-0
-0
-0
1.80848
6.15705
-0
-0
-0
-0
-0
-0
-0
-0
-0
17.8563
-0
20.6683
-0
-0
14.4297
17.6818
36.4158
-0
-0
-0
-0
-0
-0
-0
-0
-0
-0
2.0629
11.6894
2.28957
-0
-0
-0
-0
39.6065
18.6612
-0
-0
-0
-0
-0
10.4393
-0
-0
-0
-0
-0
13.7158
-0
-0
-0
-0
-0
-0
15.4951
-0
-0
-0
-0
-0
-0
-0
-0
-0
-0
-0
-0
-0
31.7028
27.3141
-0
-0
-0
-0
22.1645
-0
-0
-0
-0
-0
13.9368
-0
-0
-0
15.2998
10.5523
-0
-0
0.410554
-0
3.08407
10.1814
11.9499
-0
-0
-0
-0
12.0283
21.6791
-0
-0
-0
5.97864
-0
-0
-0
-0
-0
10.837
-0
-0
-0
-0
-0
-0
-0
-0
-0
-0
-0
-0
-0
21.5372
-0
6.83133
-0
-0
-0
7.35575
-0
-0
-0
7.47836
-0
-0
-0
34.7794
16.9465
-0
-0
11.928
16.438
-0
-0
-0
-0
-0
-0
10.8092
3.81178
-0
-0
-0
-0
-0
-0
-0
-0
-0
-0
-0
-0
-0
-0
-0
30.4082
17.2671
0.0891471
-0
-0
-0
-0
-0
-0
-0
-0
36.9566
-0
-0
-0
-0
-0
-0
-0
2.36325
-0
-0
12.9811
-0
-0
14.3811
-0
-0
10.3003
-0
-0
18.524
-0
-0
-0
-0
31.4005
-0
-0
-0
-0
-0
10.0118
-0
-0
-0
-0
-0
-0
14.8084
-0
-0
-0
-0
-0
-0
5.33121
-0
15.6811
-0
16.2392
-0
-0
-0
-0
-0
-0
-0
16.7468
24.0489
-0
11.755
-0
-0
4.18752
-0
-0
13.7447
-0
-0
28.9359
2.82319
-0
-0
12.9155
12.645
9.22231
-0
-0
0.284435
16.3826
-0
-0
-0
-0
-0
-0
-0
16.8671
-0
-0
-0
19.742
-0
-0
-0
-0
-0
-0
-0
-0
-0
-0
-0
-0
-0
-0
-0
-0
-0
8.36041
-0
-0
-0
-0
-0
-0
-0
-0
-0
-0
-0
17.6965
1.84624
-0
-0
-0
14.0917
-0
-0
-0
-0
-0
-0
-0
-0
-0
-0
2.50726
-0
-0
-0
-0
-0
-0
-0
-0
-0
-0
-0
-0
-0
-0
-0
-0
5.98751
-0
-0
-0
-0
0.367086
-0
-0
-0
0.735597
-0
-0
-0
-0
-0
-0
-0
-0
-0
22.2049
9.04226
-0
-0
-0
-0
-0
8.75098
-0
20.4349
33.0943
-0
-0
-0
41.925
-0
-0
20.3595
-0
-0
14.9008
-0
29.4622
-0
12.808
-0
-0
-0
-0
-0
-0
-0
-0
32.7371
-0
-0
-0
-0
22.5208
-0
-0
-0
-0
7.56714
-0
-0
-0
-0
4.19072
-0
-0
-0
-0
30.8441
-0
-0
15.9372
-0
-0
-0
-0
-0
-0
-0
-0
-0
-0
18.0544
-0
-0
-0
1.4061
-0
-0
-0
5.67018
-0
-0
-0
-0
-0
-0
13.4699
8.89868
3.55454
-0
40.7349
29.3608
-0
-0
-0
-0
-0
-0
-0
-0
-0
-0
0.74183
2.81515
-0
2.02404
-0
17.4152
26.1077
19.2266
-0
-0
37.9421
12.0742
10.9779
-0
-0
-0
-0
0.120499
-0
-0
52.3085
-0
8.65809
-0
43.4089
-0
-0
-0
55.2231
-0
10.0794
-0
2.37191
-0
-0
-0
-0
-0
25.6317
-0
-0
-0
-0
12.3916
-0
-0
-0
10.72
-0
14.3018
5.42767
-0
41.9378
-0
-0
17.3373
-0
-0
1.43998
-0
-0
11.0674
-0
-0
-0
13.3013
-0
18.2298
24.6061
-0
-0
-0
-0
-0
-0
-0
-0
-0
-0
-0
-0
-0
-0
-0
23.2614
-0
-0
-0
-0
-0
-0
17.4592
26.4161
-0
5.86917
-0
-0
-0
-0
-0
-0
6.92855
-0
-0
-0
-0
2.07418
2.06324
-0
0.373037
-0
-0
-0
-0
-0
13.0408
0.921857
-0
7.40047
0.150937
16.0123
-0
-0
8.39563
-0
34.7092
-0
-0
12.3215
-0
-0
-0
32.4172
-0
-0
23.6884
-0
-0
17.9747
-0
-0
-0
18.796
-0
-0
-0
-0
-0
-0
-0
-0
-0
1.46878
-0
-0
0.986579
9.13987
2.01505
-0
-0
8.89463
-0
-0
-0
-0
18.7433
-0
-0
-0
-0
-0
-0
-0
15.6088
40.4784
-0
-0
-0
-0
-0
-0
7.61557
-0
-0
-0
-0
-0
-0
-0
22.6176
-0
-0
31.0149
-0
-0
-0
6.89194
12.4422
11.271
-0
-0
-0
-0
-0
-0
-0
-0
22.1392
-0
-0
-0
0.686442
-0
-0
4.12587
-0
-0
-0
-0
-0
-0
-0
-0
-0
-0
-0
3.94363
-0
-0
-0
-0
20.0135
-0
-0
-0
-0
-0
-0
18.8449
-0
-0
-0
-0
14.6976
-0
-0
-0
36.151
-0
-0
-0
-0
1.40447
-0
32.0476
32.8906
18.7063
-0
-0
-0
0.358
-0
-0
-0
38.4181
1.47927
-0
-0
-0
-0
-0
-0
-0
-0
9.03749
47.9394
-0
-0
-0
-0
-0
0.127463
-0
-0
-0
-0
-0
-0
-0
-0
-0
-0
-0
-0
-0
-0
28.899
-0
-0
-0
-0
-0
-0
-0
-0
-0
-0
-0
-0
-0
-0
11.0783
-0
2.15136
-0
-0
6.82619
38.2004
-0
-0
-0
9.5208
-0
-0
-0
-0
-0
-0
-0
-0
12.011
-0
-0
26.7393
0.649359
4.24749
9.16338
-0
14.8672
51.1142
2.01723
-0
-0
-0
-0
-0
2.16678
-0
-0
-0
-0
-0
-0
-0
9.06324
-0
6.26354
18.8467
-0
6.36322
-0
17.3698
9.4784
-0
3.84981
0.372901
2.98644
-0
-0
-0
-0
-0
19.3169
-0
-0
-0
-0
-0
25.5543
6.90123
-0
-0
-0
-0
-0
-0
-0
31.8098
-0
13.776
4.86199
-0
11.732
-0
4.91959
-0
-0
-0
-0
-0
-0
-0
-0
-0
-0
-0
-0
2.4937
-0
-0
-0
-0
34.9334
-0
-0
0.533785
44.0788
-0
-0
4.39614
-0
-0
-0
-0
-0
-0
-0
-0
-0
26.3579
-0
-0
0.371637
-0
-0
13.2729
-0
3.15596
-0
25.9045
-0
-0
-0
31.7695
-0
-0
-0
34.7836
-0
9.15067
-0
-0
-0
-0
-0
-0
-0
-0
-0
-0
-0
-0
45.4245
-0
-0
-0
-0
32.3275
-0
5.07908
27.3878
-0
26.8905
13.9361
12.8194
-0
9.73866
-0
-0
-0
-0
-0
0.559477
-0
5.23903
-0
-0
-0
-0
-0
8.84111
-0
-0
-0
-0
-0
-0
23.3656
-0
-0
-0
1.48425
-0
3.45712
38.3051
-0
-0
-0
-0
11.4214
-0
-0
-0
-0
-0
-0
2.60624
2.6469
-0
-0
-0
16.5307
-0
-0
-0
41.5906
-0
-0
-0
-0
-0
-0
-0
-0
-0
-0
-0
-0
7.70002
-0
38.2887
-0
-0
-0
-0
-0
8.27611
-0
-0
-0
-0
-0
1.54175
5.43345
8.46055
8.36687
0.653833
40.2315
-0
11.7139
-0
-0
5.25774
-0
-0
-0
-0
-0
-0
-0
-0
-0
-0
5.49897
-0
-0
-0
-0
-0
-0
-0
-0
-0
1.04099
-0
0.0798714
7.92417
-0
-0
-0
-0
-0
-0
11.6316
0.997747
-0
37.2189
-0
-0
18.6039
50.1636
-0
-0
-0
-0
-0
-0
-0
-0
-0
-0
-0
-0
-0
12.3956
17.5768
-0
-0
-0
-0
23.5427
-0
-0
-0
-0
17.5974
27.3138
-0
-0
-0
6.14319
-0
-0
-0
-0
-0
-0
-0
-0
-0
-0
-0
-0
5.40769
-0
-0
-0
-0
-0
-0
-0
4.12188
-0
-0
-0
-0
9.55789
19.0033
4.14544
8.50209
2.57533
-0
-0
-0
-0
-0
-0
-0
-0
-0
-0
49.3346
-0
-0
-0
-0
-0
1.29396
-0
-0
-0
-0
-0
47.7521
-0
-0
-0
-0
-0
10.8427
14.1971
-0
-0
35.3647
-0
-0
-0
-0
-0
-0
13.5769
8.16349
-0
-0
-0
-0
-0
25.8018
-0
-0
0.0994426
-0
-0
-0
-0
14.2625
-0
-0
-0
-0
-0
-0
-0
-0
-0
35.4442
1.65925
22.6255
-0
-0
24.7481
-0
-0
4.42243
-0
-0
-0
2.42467
-0
-0
-0
-0
-0
-0
1.27049
-0
-0
-0
-0
-0
-0
-0
-0
11.4354
-0
-0
22.7575
16.7728
-0
-0
-0
-0
-0
-0
-0
-0
20.7621
-0
-0
-0
-0
-0
-0
-0
-0
-0
-0
-0
19.9504
0.882318
-0
-0
-0
-0
-0
-0
-0
22.504
-0
26.198
25.4662
-0
10.0255
-0
-0
-0
-0
-0
-0
-0
-0
21.6222
-0
-0
-0
-0
-0
-0
-0
-0
-0
-0
-0
-0
-0
22.5915
-0
-0
-0
-0
-0
-0
3.60284
-0
6.17398
-0
-0
-0
7.67292
-0
-0
-0
6.87691
-0
17.4971
3.8145
-0
-0
-0
-0
-0
-0
-0
-0
-0
-0
-0
-0
29.7322
-0
31.8889
-0
-0
3.84466
-0
-0
-0
8.54468
-0
-0
-0
20.5273
-0
6.47433
-0
-0
1.27282
39.3197
9.38501
-0
-0
13.749
-0
-0
-0
-0
-0
57.1823
-0
-0
-0
5.86226
-0
-0
-0
-0
-0
-0
-0
-0
27.4507
-0
7.41657
-0
-0
-0
-0
-0
-0
-0
-0
-0
-0
30.8953
-0
-0
15.5645
-0
1.51175
51.4424
-0
-0
-0
17.5438
-0
-0
-0
-0
28.1476
19.0102
-0
-0
-0
25.7489
15.0628
1.00901
-0
14.1709
-0
-0
-0
2.81699
4.5841
-0
-0
-0
-0
-0
38.0667
-0
-0
-0
36.4151
-0
-0
-0
-0
-0
0.824711
21.1765
-0
-0
-0
-0
-0
-0
-0
16.6886
-0
-0
-0
-0
-0
16.0808
-0
-0
-0
-0
-0
-0
15.7311
-0
14.7141
-0
35.5684
-0
-0
21.5499
29.0069
20.3036
-0
-0
-0
-0
2.63229
-0
25.0385
-0
-0
-0
-0
-0
-0
-0
-0
-0
-0
-0
0.620177
-0
5.28835
-0
-0
9.8584
12.4423
-0
-0
-0
-0
-0
2.08623
5.78775
-0
-0
20.7434
2.1526
-0
6.65333
-0
-0
-0
-0
-0
-0
6.46518
-0
-0
-0
-0
-0
-0
-0
-0
-0
21.4419
-0
16.7026
-0
17.2761
-0
-0
26.1557
-0
12.6146
10.5868
-0
0.558697
30.8
-0
-0
-0
17.2489
-0
6.64666
-0
-0
-0
-0
34.6247
-0
-0
-0
-0
-0
-0
-0
-0
-0
-0
-0
-0
-0
-0
-0
13.5936
13.6001
-0
-0
-0
-0
-0
5.0652
0.688965
-0
-0
-0
-0
-0
-0
-0
-0
16.5802
25.1569
7.80098
-0
22.5938
-0
-0
41.1604
-0
-0
-0
-0
-0
18.8
-0
3.75489
1.65184
-0
-0
-0
-0
-0
-0
-0
-0
-0
-0
-0
2.47349
8.54092
3.20384
-0
-0
-0
1.56565
-0
-0
-0
-0
-0
-0
1.71283
13.1954
-0
-0
1.47555
21.2084
-0
-0
-0
-0
-0
22.837
-0
-0
-0
-0
-0
28.5922
-0
-0
-0
-0
7.85372
-0
-0
21.3152
-0
13.5152
-0
14.7617
-0
12.5393
-0
-0
5.78957
16.9208
-0
-0
-0
28.3256
-0
-0
-0
-0
1.42784
24.9628
-0
7.07267
-0
-0
-0
-0
1.50983
-0
6.82579
-0
-0
-0
-0
-0
-0
-0
-0
-0
-0
-0
-0
-0
-0
-0
0.544127
-0
-0
-0
33.7988
-0
-0
-0
-0
19.581
-0
-0
-0
-0
-0
-0
-0
-0
8.83799
-0
-0
-0
-0
-0
5.73184
3.61038
-0
-0
-0
-0
42.9749
-0
21.9205
-0
-0
-0
-0
-0
-0
-0
-0
-0
16.3606
-0
-0
-0
13.8327
-0
-0
-0
14.6806
-0
13.0028
-0
-0
23.4519
-0
1.16265
-0
16.6168
-0
-0
35.2914
-0
-0
-0
16.8053
3.02482
-0
-0
-0
-0
-0
37.0376
36.2304
18.7556
-0
3.14906
17.2262
0.836571
-0
-0
-0
-0
-0
-0
-0
-0
-0
2.5759
-0
-0
-0
-0
-0
7.06261
-0
4.10352
3.51957
11.6021
-0
-0
17.5776
23.0557
27.0449
-0
-0
-0
-0
34.8067
-0
-0
-0
0.66235
-0
-0
8.69493
-0
-0
-0
-0
-0
51.8106
-0
-0
-0
-0
2.92826
-0
-0
18.6205
20.4305
-0
-0
-0
13.9466
-0
-0
-0
4.63789
-0
-0
10.9004
-0
14.3053
-0
-0
-0
