-0
-0
-0
-0
-0
-0
-0
-0
22.659
-0
-0
-0
-0
-0
-0
4.88768
-0
-0
-0
-0
-0
-0
2.32041
-0
4.58771
9.59643
18.637
-0
-0
-0
-0
-0
-0
-0
11.0274
-0
-0
-0
-0
-0
-0
-0
-0
2.99709
-0
-0
-0
38.421
-0
-0
-0
-0
-0
-0
-0
-0
13.9022
1.64053
20.5427
8.41551
-0
-0
4.29412
-0
12.0537
-0
17.5386
-0
-0
0.879735
-0
-0
-0
-0
-0
7.04751
9.14169
-0
-0
-0
-0
23.2597
22.659
-0
25.8915
-0
-0
-0
-0
-0
-0
-0
-0
-0
-0
-0
2.49066
-0
1.74983
-0
-0
-0
-0
-0
-0
-0
8.92674
-0
-0
-0
-0
-0
0.046229
-0
-0
7.06576
-0
-0
24.0362
21.486
10.6848
-0
-0
2.91245
1.21986
-0
3.44212
-0
-0
-0
-0
13.5562
-0
-0
24.5044
-0
-0
6.03439
-0
22.9086
6.04791
-0
32.516
-0
-0
-0
-0
-0
-0
-0
-0
-0
-0
15.688
12.7662
-0
3.97268
-0
-0
0.572779
2.02573
-0
-0
0.460828
-0
9.07763
-0
-0
-0
28.7692
-0
2.97058
-0
-0
12.5236
-0
-0
-0
-0
-0
-0
-0
-0
-0
-0
35.8988
-0
-0
17.207
-0
-0
22.9615
30.6031
13.1101
-0
-0
-0
8.06288
4.89871
-0
-0
-0
2.88371
-0
-0
-0
-0
6.41585
-0
-0
-0
-0
-0
-0
-0
-0
2.13417
5.93395
-0
-0
-0
-0
9.55577
-0
-0
-0
-0
-0
-0
-0
-0
-0
-0
-0
-0
-0
-0
-0
-0
-0
-0
0.629685
-0
-0
-0
-0
13.3655
-0
-0
-0
-0
-0
-0
-0
-0
-0
-0
21.1025
-0
-0
-0
0.384083
-0
23.0414
9.80239
-0
-0
-0
-0
-0
-0
16.2007
14.2941
7.1344
-0
-0
-0
-0
-0
-0
-0
5.62719
-0
16.5815
-0
-0
-0
16.716
-0
-0
-0
-0
1.7181
-0
4.71703
-0
-0
-0
-0
28.744
-0
-0
1.28133
-0
-0
13.0826
-0
-0
-0
-0
20.4164
-0
-0
-0
-0
1.12748
-0
-0
-0
0.0988943
-0
-0
-0
-0
21.6298
-0
-0
-0
-0
15.3751
-0
-0
-0
-0
-0
0.27117
-0
7.22862
-0
5.79413
-0
-0
-0
-0
-0
-0
2.40832
8.99743
3.57037
7.30589
-0
-0
-0
-0
24.6438
-0
-0
-0
-0
3.65688
10.7596
-0
-0
11.7026
22.7656
0.951478
-0
-0
23.1523
-0
-0
-0
0.705708
-0
-0
-0
-0
-0
-0
-0
-0
-0
0.111754
-0
-0
1.65271
19.5668
-0
-0
-0
-0
-0
-0
-0
-0
10.9263
-0
30.6453
-0
-0
-0
-0
-0
-0
-0
-0
-0
-0
-0
-0
4.54209
1.61147
-0
-0
-0
-0
-0
-0
-0
-0
2.18238
-0
-0
-0
-0
-0
-0
6.70427
6.20161
-0
-0
-0
2.96994
-0
-0
-0
-0
-0
-0
-0
-0
-0
4.06404
-0
-0
-0
-0
-0
-0
-0
10.6865
2.92042
-0
-0
23.1531
3.92916
-0
-0
-0
-0
-0
-0
17.9526
-0
-0
-0
-0
-0
-0
-0
9.12585
-0
-0
-0
-0
16.4191
35.6191
-0
-0
-0
-0
-0
-0
-0
-0
-0
-0
-0
-0
34.471
30.3644
-0
-0
5.68354
-0
22.6397
18.0236
-0
7.07663
8.53949
-0
-0
10.7926
1.90959
-0
-0
12.8743
-0
-0
12.0573
-0
-0
-0
-0
-0
19.9256
-0
-0
-0
-0
6.2167
-0
-0
-0
-0
-0
19.2816
0.974421
-0
-0
-0
-0
-0
-0
-0
-0
-0
-0
-0
-0
-0
-0
-0
-0
-0
-0
-0
-0
-0
21.9411
7.97156
-0
-0
-0
15.0305
11.1213
-0
-0
-0
-0
-0
-0
-0
-0
-0
-0
-0
-0
-0
13.8571
-0
12.2613
-0
22.5415
-0
-0
-0
-0
-0
-0
-0
-0
-0
-0
2.9511
7.56019
-0
3.15445
7.72036
21.1625
-0
-0
16.8387
-0
-0
-0
-0
-0
22.738
-0
-0
-0
-0
-0
-0
-0
-0
10.7882
-0
0.555315
-0
-0
-0
-0
-0
-0
16.8309
-0
-0
15.0137
-0
-0
-0
-0
-0
-0
-0
-0
-0
-0
-0
-0
-0
-0
-0
-0
3.23025
-0
-0
-0
-0
-0
-0
-0
-0
-0
-0
-0
-0
4.39795
-0
-0
-0
-0
-0
0.584502
-0
-0
-0
-0
24.2136
1.52314
-0
38.2824
-0
-0
-0
-0
-0
-0
4.47507
-0
-0
-0
-0
8.72618
-0
-0
0.314172
16.4905
-0
-0
-0
-0
-0
-0
-0
-0
6.21659
-0
-0
-0
-0
-0
-0
-0
-0
-0
-0
-0
15.8222
4.01045
-0
-0
1.72275
-0
-0
-0
17.256
-0
-0
-0
-0
-0
-0
-0
12.571
-0
0.976211
-0
-0
-0
-0
-0
0.893503
-0
-0
-0
-0
-0
11.8479
-0
-0
5.99298
10.4941
4.88447
-0
1.05017
-0
-0
-0
5.97694
-0
-0
-0
24.0682
-0
-0
-0
6.44783
-0
-0
-0
-0
16.1834
-0
-0
4.62802
27.9499
-0
-0
-0
-0
-0
-0
-0
34.5958
-0
-0
-0
-0
-0
-0
-0
-0
-0
-0
-0
-0
27.4288
10.732
-0
-0
-0
-0
-0
-0
14.0862
-0
-0
-0
-0
2.61869
-0
-0
-0
31.4098
-0
-0
-0
-0
-0
2.87637
-0
-0
15.7441
4.13772
-0
22.033
13.258
0.403293
-0
-0
-0
-0
-0
-0
-0
-0
3.55954
-0
-0
-0
-0
-0
-0
-0
10.5725
-0
-0
25.0784
-0
-0
6.80301
-0
-0
-0
-0
-0
-0
-0
-0
-0
-0
-0
1.24759
-0
-0
-0
14.7824
-0
-0
-0
23.4669
-0
16.1878
24.9447
-0
-0
-0
-0
-0
-0
-0
-0
-0
-0
-0
-0
-0
-0
-0
-0
-0
2.49176
2.08935
-0
-0
-0
-0
1.80282
36.9174
-0
-0
-0
22.9886
16.2344
-0
-0
-0
-0
-0
-0
-0
-0
-0
-0
-0
-0
-0
-0
10.6472
-0
-0
-0
-0
4.73621
-0
-0
-0
-0
23.1561
-0
-0
-0
-0
-0
12.7853
-0
37.2084
-0
3.04282
-0
-0
23.0602
-0
-0
-0
-0
-0
-0
24.3017
-0
9.46406
-0
-0
-0
16.2022
-0
3.05008
-0
-0
-0
-0
3.62736
-0
-0
-0
-0
-0
-0
-0
-0
-0
0.46876
30.7394
1.84461
0.465903
-0
-0
-0
-0
13.7479
-0
-0
-0
-0
-0
-0
-0
-0
-0
-0
17.2036
-0
-0
-0
1.41341
-0
-0
-0
-0
-0
-0
-0
-0
-0
-0
-0
-0
-0
-0
-0
-0
-0
14.6084
-0
11.2302
-0
-0
-0
3.73413
-0
-0
-0
-0
-0
-0
-0
14.1282
3.51366
-0
-0
-0
3.56094
-0
-0
-0
-0
-0
-0
-0
-0
12.8063
18.7147
-0
-0
-0
-0
-0
-0
-0
-0
-0
-0
-0
-0
-0
8.38761
13.2582
1.92345
-0
-0
-0
-0
-0
3.3931
-0
-0
-0
4.62009
2.83051
0.377775
-0
-0
-0
3.48617
-0
-0
-0
-0
-0
-0
-0
-0
36.6043
-0
-0
-0
21.3966
-0
-0
-0
-0
-0
25.8028
-0
-0
19.3525
-0
-0
-0
-0
-0
-0
-0
-0
33.1295
38.4735
-0
-0
-0
-0
-0
-0
-0
-0
1.23017
-0
-0
-0
-0
0.011025
-0
-0
-0
-0
-0
-0
-0
-0
-0
-0
12.0069
-0
-0
-0
6.50494
16.2588
-0
-0
-0
-0
-0
20.6919
-0
-0
-0
-0
-0
-0
-0
5.7691
4.67713
-0
-0
-0
-0
-0
-0
-0
-0
-0
-0
20.0017
-0
-0
-0
-0
24.1793
6.46867
3.21945
-0
-0
-0
5.72575
-0
-0
6.41649
-0
-0
22.0396
-0
-0
-0
-0
-0
-0
-0
-0
-0
42.5659
23.0239
-0
-0
-0
-0
-0
-0
0.0152672
-0
22.073
4.17853
12.0101
-0
-0
-0
-0
-0
-0
-0
-0
-0
-0
-0
-0
-0
39.1167
-0
4.87233
-0
-0
-0
-0
-0
13.9287
-0
-0
-0
-0
-0
-0
2.08339
-0
-0
23.3003
-0
-0
-0
-0
33.0948
-0
-0
-0
-0
-0
-0
-0
8.8474
-0
-0
-0
-0
-0
-0
2.13788
-0
-0
-0
-0
3.92874
-0
-0
-0
-0
-0
-0
2.30231
-0
1.23182
-0
-0
-0
-0
-0
-0
4.22766
-0
-0
-0
-0
-0
21.8886
14.8037
-0
-0
-0
-0
-0
-0
14.9619
-0
-0
17.0567
-0
-0
-0
-0
-0
-0
-0
-0
7.49421
-0
-0
-0
-0
15.9602
-0
-0
-0
-0
-0
31.9031
-0
27.2254
28.3452
-0
32.3291
-0
2.17506
25.7836
-0
-0
-0
-0
30.6141
42.1141
-0
5.0253
4.41788
-0
-0
-0
-0
26.5267
11.6936
8.6906
-0
29.2459
-0
-0
4.85982
-0
2.7544
-0
-0
0.760695
-0
11.5845
21.1848
-0
3.77025
-0
4.80809
-0
-0
-0
-0
-0
-0
1.06201
-0
-0
21.1842
-0
8.0339
-0
-0
6.33903
2.32522
24.3878
5.2635
-0
-0
-0
3.4689
-0
-0
-0
-0
-0
-0
-0
-0
-0
8.22464
-0
7.26394
38.6697
-0
25.2781
-0
-0
-0
-0
0.379036
-0
-0
-0
-0
-0
-0
-0
-0
-0
-0
-0
-0
-0
-0
-0
4.59665
-0
1.6237
-0
-0
-0
35.1291
-0
-0
-0
-0
-0
-0
-0
14.7604
-0
-0
-0
-0
-0
-0
-0
-0
40.6897
-0
-0
-0
-0
46.6724
-0
-0
-0
-0
-0
-0
-0
-0
-0
-0
-0
-0
-0
-0
10.8555
-0
1.21619
-0
-0
0.612298
-0
0.308207
33.9208
-0
-0
-0
-0
-0
-0
-0
-0
-0
-0
-0
9.573
-0
-0
-0
-0
-0
-0
-0
-0
-0
-0
-0
-0
-0
-0
2.45054
-0
-0
-0
-0
29.9141
-0
-0
-0
-0
-0
-0
-0
5.8035
-0
-0
-0
-0
-0
4.65265
-0
-0
-0
-0
-0
-0
-0
-0
16.1834
-0
-0
-0
-0
-0
-0
-0
20.4194
6.0147
-0
-0
1.75842
8.21487
-0
-0
-0
-0
-0
-0
17.8635
-0
-0
-0
-0
-0
-0
-0
-0
-0
-0
-0
26.2242
-0
-0
-0
15.382
-0
6.69034
-0
-0
-0
-0
-0
23.417
-0
-0
-0
12.8947
-0
-0
-0
0.523399
-0
-0
-0
-0
-0
-0
-0
-0
21.4072
-0
-0
-0
6.52466
-0
-0
2.2624
-0
-0
-0
-0
-0
-0
-0
25.2776
-0
-0
2.46997
-0
-0
-0
-0
-0
-0
14.1477
-0
-0
-0
-0
-0
-0
3.5356
-0
-0
-0
-0
-0
-0
17.9771
9.89389
-0
-0
8.77876
-0
-0
-0
-0
-0
-0
16.8735
-0
-0
-0
-0
-0
-0
-0
-0
-0
6.78155
-0
1.44075
-0
-0
-0
-0
-0
-0
-0
-0
-0
-0
8.35268
-0
-0
20.816
6.73632
-0
-0
-0
-0
20.5462
-0
8.08972
4.19213
28.8008
-0
-0
-0
-0
15.0377
9.2187
-0
-0
-0
-0
-0
11.683
-0
57.8136
7.64105
-0
-0
-0
13.57
34.9991
9.42138
18.6664
-0
-0
0.296809
3.98028
-0
-0
-0
-0
-0
-0
10.5973
2.12029
-0
-0
-0
-0
-0
-0
-0
-0
-0
-0
-0
-0
3.01889
-0
-0
-0
-0
16.4909
-0
0.355063
-0
-0
-0
18.8193
-0
12.3335
-0
23.9459
-0
-0
-0
-0
-0
-0
-0
-0
-0
-0
21.8173
2.79315
-0
0.0116689
17.6672
-0
-0
-0
-0
-0
-0
-0
-0
-0
-0
-0
-0
-0
-0
-0
-0
-0
-0
-0
-0
-0
-0
-0
-0
-0
-0
-0
-0
-0
-0
-0
-0
-0
-0
-0
27.6328
-0
17.8327
-0
-0
-0
-0
-0
-0
2.0801
-0
-0
-0
-0
-0
-0
1.10854
-0
-0
1.66109
-0
-0
-0
-0
27.434
-0
-0
2.39655
13.4356
-0
-0
29.0848
-0
-0
-0
-0
-0
-0
-0
-0
-0
-0
-0
-0
-0
-0
-0
-0
-0
-0
-0
-0
-0
-0
-0
5.73546
-0
-0
-0
-0
-0
-0
-0
-0
-0
-0
-0
-0
-0
7.76427
-0
-0
-0
-0
-0
-0
-0
-0
-0
-0
3.84218
-0
11.4002
-0
-0
-0
-0
-0
-0
-0
-0
-0
-0
-0
-0
-0
-0
-0
-0
-0
1.32529
-0
2.5843
-0
-0
-0
-0
-0
-0
-0
-0
-0
0.208615
-0
30.6581
2.67417
7.43548
12.0161
-0
-0
0.990365
-0
-0
-0
-0
-0
3.03153
-0
15.2627
-0
-0
-0
-0
-0
-0
-0
-0
16.1427
4.36307
-0
-0
-0
11.2453
-0
-0
11.6829
-0
-0
18.8129
-0
-0
-0
-0
-0
-0
-0
27.8063
-0
-0
30.8197
13.3382
11.2623
-0
4.40456
1.87191
-0
19.0825
11.8459
-0
-0
12.345
-0
-0
2.00541
-0
2.6467
-0
-0
-0
-0
-0
-0
-0
-0
0.124293
-0
12.2076
-0
-0
4.82145
-0
-0
-0
-0
28.6088
0.590455
-0
-0
-0
35.521
-0
15.491
-0
-0
-0
-0
-0
-0
-0
2.76594
10.1429
-0
-0
11.432
-0
-0
-0
-0
12.181
-0
-0
-0
22.5152
-0
26.3741
12.4964
-0
18.3804
7.97245
-0
-0
-0
-0
12.5752
1.37589
27.7195
-0
-0
-0
4.93751
12.3486
-0
-0
-0
-0
1.85997
-0
69.8633
-0
47.3457
-0
0.00727868
-0
-0
-0
-0
-0
10.4457
14.6717
-0
-0
-0
-0
-0
24.6773
-0
-0
-0
-0
26.5405
-0
9.92211
17.8802
17.5005
-0
-0
23.7929
-0
-0
0.639124
3.4562
16.7524
-0
-0
-0
-0
-0
-0
8.44353
-0
-0
-0
-0
6.58846
-0
-0
-0
-0
23.029
-0
-0
-0
-0
-0
-0
-0
-0
42.8201
-0
0.734381
-0
32.9245
2.5111
-0
-0
28.4232
5.89979
-0
-0
-0
-0
-0
-0
-0
4.05469
-0
-0
-0
-0
22.6048
0.307796
-0
-0
13.0258
-0
-0
4.44876
-0
32.276
-0
22.242
-0
11.6313
-0
-0
-0
-0
-0
-0
-0
11.4254
-0
-0
-0
-0
-0
30.6835
2.68956
24.6376
-0
-0
-0
19.3446
-0
-0
26.5986
-0
-0
-0
11.1668
-0
19.3113
-0
10.9674
-0
-0
-0
18.5474
12.5295
-0
2.09123
-0
-0
4.43081
12.9047
-0
9.2363
-0
-0
-0
-0
-0
-0
4.8518
10.9862
-0
-0
-0
-0
-0
-0
-0
18.9918
34.8118
-0
0.179168
-0
-0
-0
-0
-0
7.02787
-0
19.1605
-0
-0
-0
-0
-0
-0
-0
-0
19.8558
-0
-0
-0
-0
-0
-0
-0
-0
-0
-0
0.75542
3.00111
6.5122
-0
4.29496
-0
-0
-0
-0
23.0268
2.67307
-0
-0
-0
4.95946
-0
-0
-0
-0
-0
-0
0.326734
-0
-0
-0
13.4874
-0
-0
-0
8.70653
-0
-0
-0
-0
-0
-0
-0
-0
-0
-0
26.3264
2.77261
-0
-0
10.1518
-0
8.0705
-0
-0
-0
-0
-0
-0
-0
-0
18.4773
3.04945
2.5092
-0
-0
-0
-0
-0
-0
46.3987
-0
-0
26.8583
-0
-0
-0
-0
-0
-0
-0
-0
-0
-0
-0
-0
-0
-0
-0
-0
13.002
-0
-0
-0
9.97979
-0
-0
-0
-0
-0
-0
-0
6.62513
-0
-0
22.3463
-0
-0
-0
-0
-0
-0
0.389408
-0
-0
-0
-0
-0
-0
-0
3.93664
-0
10.6758
-0
12.5675
21.4964
-0
0.105613
-0
-0
15.1557
-0
-0
-0
-0
-0
-0
-0
3.63236
-0
-0
-0
-0
3.66834
-0
-0
-0
-0
0.612391
-0
-0
-0
-0
-0
-0
14.3565
-0
-0
-0
-0
-0
3.97522
-0
-0
-0
-0
-0
4.19692
-0
-0
-0
-0
-0
-0
-0
-0
-0
-0
-0
-0
7.18517
-0
5.42165
-0
0.688087
5.89981
-0
-0
19.9903
-0
14.9677
-0
-0
-0
-0
-0
-0
-0
14.3709
-0
-0
-0
0.467652
3.50837
-0
-0
-0
-0
-0
5.35626
-0
-0
-0
-0
0.786684
-0
-0
0.297522
-0
-0
-0
-0
4.3914
-0
-0
-0
5.85263
-0
-0
-0
-0
-0
-0
-0
-0
-0
32.299
-0
5.28146
-0
-0
-0
-0
-0
-0
-0
-0
-0
-0
-0
39.8008
-0
-0
2.9282
0.601347
13.3023
-0
-0
-0
-0
-0
2.7918
29.7167
32.8746
-0
-0
-0
7.39764
-0
-0
-0
-0
5.56543
-0
-0
-0
-0
-0
-0
10.0756
1.83307
25.9596
-0
9.78089
-0
-0
-0
-0
-0
-0
12.5437
-0
-0
-0
-0
-0
-0
-0
3.31306
-0
-0
6.47587
-0
8.22258
-0
-0
-0
-0
-0
-0
-0
-0
14.7528
-0
7.02017
18.9065
-0
0.0204747
-0
-0
-0
-0
-0
-0
-0
-0
-0
-0
-0
-0
-0
-0
-0
-0
-0
3.78144
-0
-0
-0
26.4534
5.24884
-0
0.562481
2.90954
-0
-0
-0
-0
28.8197
-0
22.6226
-0
-0
-0
-0
-0
17.9122
-0
27.3055
17.7652
7.46384
-0
-0
-0
-0
-0
-0
-0
1.08004
3.46362
-0
3.87694
-0
-0
-0
-0
-0
-0
6.4013
-0
-0
1.80269
-0
-0
-0
-0
-0
-0
-0
-0
-0
-0
-0
-0
-0
27.1396
-0
-0
-0
1.04934
-0
-0
-0
-0
-0
-0
-0
2.82462
-0
-0
-0
-0
-0
-0
-0
-0
22.4209
7.66596
3.18029
-0
-0
-0
-0
-0
-0
-0
-0
3.47026
-0
8.49183
-0
-0
0.458289
-0
-0
9.62941
-0
-0
-0
-0
-0
-0
-0
-0
15.9908
-0
-0
-0
-0
-0
-0
-0
-0
-0
-0
-0
-0
-0
-0
-0
-0
-0
-0
-0
4.26933
-0
-0
-0
-0
-0
12.9228
-0
-0
32.8446
-0
-0
-0
42.3854
-0
5.597
20.0082
-0
-0
-0
-0
11.819
-0
0.632658
-0
-0
8.06826
-0
-0
-0
-0
-0
-0
-0
-0
-0
-0
2.04094
-0
-0
-0
-0
4.13745
-0
-0
-0
-0
-0
-0
-0
-0
-0
-0
5.4101
1.53887
13.877
-0
-0
-0
-0
-0
-0
-0
-0
-0
5.75365
17.4304
-0
26.6065
6.93806
-0
-0
-0
-0
5.58954
-0
-0
-0
-0
-0
-0
4.80964
8.60987
4.60519
-0
-0
-0
-0
-0
-0
-0
-0
-0
-0
-0
-0
-0
1.08319
-0
-0
-0
-0
35.7071
16.4092
8.94781
-0
-0
18.9115
-0
-0
-0
-0
-0
-0
28.6089
-0
-0
13.9033
8.97051
-0
-0
6.73853
-0
-0
-0
12.7765
-0
13.2215
-0
12.7822
-0
-0
-0
-0
-0
-0
-0
-0
-0
-0
-0
-0
-0
-0
32.0863
-0
14.4303
-0
-0
-0
-0
-0
-0
-0
-0
-0
-0
0.163617
-0
-0
-0
-0
4.22443
-0
-0
7.37865
-0
-0
-0
6.28307
-0
-0
-0
-0
-0
-0
-0
-0
-0
-0
-0
10.943
-0
-0
-0
9.8416
12.4168
-0
18.8758
-0
-0
21.7205
-0
-0
-0
-0
-0
-0
-0
-0
20.6623
-0
-0
8.49129
2.45064
-0
-0
-0
-0
-0
-0
-0
7.3875
23.745
-0
10.4486
-0
-0
-0
-0
-0
-0
40.6558
-0
2.82255
19.0459
-0
-0
-0
36.906
-0
13.1208
-0
3.77254
-0
0.687449
-0
-0
-0
30.0797
-0
-0
-0
-0
19.6207
-0
-0
18.8797
-0
11.3936
-0
-0
3.10941
-0
-0
-0
22.0173
14.4856
-0
-0
-0
-0
16.4475
-0
-0
1.31594
-0
-0
-0
-0
25.4446
16.3007
-0
-0
-0
-0
-0
-0
12.9714
7.15677
-0
-0
-0
-0
-0
-0
32.2522
-0
-0
4.77566
-0
10.5422
2.74129
-0
19.889
5.47716
-0
-0
-0
-0
-0
-0
-0
1.73606
43.9148
-0
-0
-0
-0
-0
-0
-0
-0
-0
-0
-0
-0
-0
-0
-0
-0
-0
-0
-0
-0
-0
-0
-0
5.53141
-0
-0
-0
-0
-0
-0
14.659
-0
-0
31.2222
-0
-0
24.3125
-0
-0
11.5959
-0
3.40231
-0
2.69209
-0
-0
-0
-0
26.3276
-0
-0
-0
-0
-0
-0
-0
3.7293
-0
-0
2.13982
-0
-0
-0
-0
-0
-0
8.21374
12.5998
11.9508
-0
-0
-0
-0
-0
-0
-0
-0
-0
20.1975
-0
-0
-0
-0
-0
-0
-0
-0
-0
7.70778
-0
-0
17.3501
-0
-0
-0
-0
-0
-0
-0
-0
-0
-0
-0
-0
-0
-0
-0
-0
15.2844
13.8042
-0
-0
-0
-0
-0
-0
-0
-0
-0
-0
-0
18.0393
5.78344
-0
-0
26.5716
-0
-0
1.19192
-0
-0
16.0076
-0
-0
-0
-0
-0
-0
5.45865
-0
-0
-0
-0
-0
-0
-0
-0
-0
2.527
12.234
-0
-0
-0
-0
7.28194
-0
-0
0.346157
-0
-0
-0
-0
7.48053
-0
-0
-0
-0
-0
-0
-0
35.3299
-0
-0
-0
-0
-0
-0
-0
-0
-0
-0
16.5836
4.87812
6.62259
-0
-0
-0
-0
-0
-0
-0
-0
-0
-0
-0
-0
-0
-0
-0
0.542112
-0
-0
-0
-0
13.8389
-0
-0
0.746174
25.1337
-0
-0
-0
-0
-0
-0
-0
4.7638
-0
5.87795
-0
-0
-0
2.08772
-0
13.5511
-0
2.03365
0.0368838
-0
9.13237
-0
-0
-0
7.22931
-0
-0
-0
-0
-0
17.8684
-0
2.81844
41.4834
-0
9.03948
-0
-0
-0
-0
7.72184
-0
-0
4.71181
-0
1.18534
-0
-0
-0
-0
-0
-0
11.2821
3.26125
-0
46.9442
27.7551
-0
-0
7.10179
7.20042
-0
-0
-0
-0
-0
-0
-0
3.25024
-0
-0
3.96799
-0
-0
-0
-0
-0
-0
-0
-0
17.3351
-0
-0
-0
1.27641
-0
-0
8.97439
-0
-0
-0
-0
5.61175
-0
-0
-0
-0
-0
-0
-0
-0
-0
12.4187
-0
8.7074
-0
8.00132
-0
24.1085
-0
-0
10.5258
-0
-0
-0
-0
12.5899
-0
-0
-0
-0
-0
-0
35.9365
-0
-0
-0
-0
13.0724
0.7682
-0
-0
-0
-0
-0
-0
-0
24.6704
-0
1.96979
22.3629
-0
5.07661
-0
16.9638
-0
-0
-0
-0
-0
-0
-0
-0
-0
-0
-0
19.8862
-0
-0
-0
-0
1.08612
-0
-0
-0
-0
-0
11.9753
-0
1.24414
-0
-0
1.98322
-0
-0
-0
-0
0.216552
-0
13.5442
-0
-0
-0
18.8541
1.46062
6.34355
-0
-0
-0
-0
-0
-0
-0
-0
-0
9.92468
-0
-0
14.3425
-0
-0
1.34961
-0
27.5187
-0
-0
26.7209
10.3123
19.9264
22.0347
-0
-0
-0
-0
6.45867
-0
-0
-0
19.1114
-0
-0
-0
-0
-0
-0
-0
10.9875
-0
-0
-0
-0
-0
-0
-0
-0
-0
-0
-0
-0
-0
22.1602
-0
26.299
2.46226
-0
-0
-0
-0
23.9709
-0
-0
-0
6.70303
-0
21.1572
-0
-0
-0
-0
-0
-0
-0
-0
-0
-0
-0
49.322
-0
-0
-0
3.16335
-0
9.85232
-0
6.09906
-0
6.77912
-0
-0
-0
-0
-0
-0
-0
-0
-0
-0
-0
-0
-0
23.2368
-0
-0
-0
1.92839
-0
-0
-0
28.7377
-0
-0
-0
0.816439
-0
-0
-0
7.99971
-0
0.427377
1.68066
-0
-0
-0
15.9354
-0
-0
0.913775
-0
8.72396
-0
-0
-0
-0
2.30599
-0
-0
-0
-0
-0
-0
9.73797
2.81567
17.6621
-0
24.4911
-0
-0
-0
-0
0.447359
6.33576
-0
-0
-0
-0
-0
-0
-0
9.14264
17.705
-0
-0
-0
-0
-0
-0
14.1817
-0
-0
-0
-0
3.98474
-0
-0
-0
15.9924
-0
-0
-0
-0
-0
-0
15.5
13.2644
-0
-0
-0
-0
-0
-0
-0
-0
-0
-0
19.5219
-0
-0
-0
-0
-0
7.46267
-0
-0
-0
-0
32.6819
0.511888
-0
16.3371
-0
-0
-0
22.7151
-0
-0
0.552196
-0
-0
1.21065
6.49439
-0
-0
-0
-0
-0
6.62287
-0
18.8761
-0
-0
-0
-0
-0
-0
-0
-0
5.49652
2.10523
0.541914
-0
-0
-0
-0
17.8081
-0
-0
1.6741
-0
-0
-0
5.47231
-0
-0
-0
-0
-0
-0
-0
-0
-0
21.726
13.9993
-0
-0
11.5897
-0
-0
-0
-0
-0
18.1537
-0
-0
-0
11.1218
23.2094
-0
-0
-0
-0
7.20604
-0
-0
1.27155
-0
17.1461
-0
-0
-0
-0
-0
-0
-0
-0
-0
-0
-0
-0
-0
25.4253
-0
-0
29.5472
-0
-0
-0
-0
-0
-0
-0
-0
-0
0.455281
-0
3.18125
-0
40.0515
-0
-0
-0
-0
-0
-0
11.0591
-0
14.4269
-0
6.94418
42.5155
-0
-0
46.6019
-0
-0
-0
-0
-0
-0
-0
7.90275
-0
-0
9.4043
-0
-0
-0
-0
-0
-0
-0
15.5048
-0
8.54361
5.30299
-0
-0
-0
1.4683
-0
-0
-0
-0
-0
13.3726
-0
13.3546
-0
-0
-0
-0
-0
26.0368
33.2848
-0
-0
-0
-0
4.58549
-0
2.48522
-0
-0
-0
-0
-0
-0
-0
-0
-0
-0
9.90941
-0
-0
9.7362
-0
-0
16.9845
8.56808
-0
-0
-0
-0
-0
-0
-0
-0
-0
5.0493
-0
-0
-0
-0
-0
7.78107
-0
-0
-0
-0
-0
-0
16.9804
-0
-0
-0
-0
-0
-0
4.0432
-0
4.6321
-0
8.71361
-0
-0
17.5578
-0
25.6134
-0
-0
0.0925356
-0
13.1916
1.39172
-0
15.3637
-0
-0
-0
-0
-0
-0
-0
-0
-0
-0
-0
20.6763
-0
-0
-0
-0
-0
-0
0.971196
-0
12.3902
3.07321
-0
24.6477
-0
-0
-0
-0
-0
-0
-0
-0
-0
-0
-0
14.7045
-0
9.10672
-0
4.82162
15.2673
-0
-0
7.50631
-0
-0
21.5978
-0
7.57244
-0
-0
-0
13.0199
22.1964
16.5493
-0
-0
-0
9.15187
-0
-0
-0
-0
-0
-0
-0
-0
29.592
25.8263
-0
-0
-0
-0
-0
-0
-0
-0
-0
-0
-0
-0
-0
-0
-0
11.5693
31.6582
-0
-0
-0
-0
-0
16.2421
-0
0.771625
-0
-0
-0
23.5527
-0
-0
-0
-0
1.22584
-0
-0
33.768
-0
8.32474
-0
21.1696
8.60733
12.8252
0.401323
-0
-0
3.68213
-0
-0
-0
6.94598
-0
-0
2.55435
-0
-0
15.3945
-0
8.08661
-0
-0
-0
-0
-0
-0
31.5587
-0
-0
-0
-0
-0
-0
-0
-0
-0
-0
-0
-0
-0
-0
-0
-0
-0
-0
-0
-0
-0
-0
-0
0.588527
9.03659
12.5792
-0
-0
-0
-0
2.8457
-0
-0
-0
18.8666
-0
-0
-0
-0
3.52485
37.2453
-0
-0
-0
-0
13.1708
-0
-0
-0
-0
-0
-0
-0
-0
-0
9.65798
-0
11.9525
-0
-0
-0
-0
-0
2.33519
-0
17.5967
-0
6.70293
-0
-0
31.9672
-0
-0
-0
23.3684
-0
9.40826
18.2334
13.9707
-0
-0
34.6371
-0
-0
-0
-0
-0
-0
24.086
24.2176
-0
-0
3.57082
2.97818
-0
6.91548
-0
-0
-0
-0
-0
-0
-0
-0
2.81251
7.98156
-0
1.83721
-0
-0
-0
-0
29.8257
10.392
1.11613
-0
-0
13.6828
-0
29.1594
20.1925
-0
-0
-0
31.0805
-0
-0
-0
15.3387
-0
-0
9.7228
-0
-0
-0
-0
16.267
54.0195
-0
-0
-0
-0
-0
-0
-0
-0
3.96033
-0
-0
-0
31.8751
-0
-0
-0
45.1564
-0
-0
-0
-0
17.004
15.5505
-0
-0
