4.57184
-0
0.0748986
-0
-0
9.11423
-0
2.99258
48.7268
-0
-0
-0
-0
-0
-0
23.6282
-0
-0
-0
-0
-0
-0
-0
-0
12.3969
1.24607
-0
-0
-0
-0
-0
-0
-0
-0
3.0015
-0
-0
-0
2.87346
-0
-0
-0
-0
32.3298
-0
-0
-0
-0
-0
-0
-0
-0
-0
-0
-0
-0
-0
2.12792
-0
10.564
-0
-0
-0
-0
-0
-0
33.2574
18.258
-0
0.998041
-0
-0
-0
-0
-0
7.23759
19.5953
2.81184
-0
-0
-0
77.0299
-0
-0
39.2708
-0
-0
-0
-0
-0
-0
-0
-0
-0
-0
-0
19.7526
-0
-0
-0
-0
-0
-0
-0
18.7384
-0
25.7473
2.68678
-0
20.4026
-0
-0
-0
-0
-0
35.574
-0
-0
41.6193
6.43308
-0
-0
-0
-0
29.5012
-0
22.634
-0
-0
26.1289
-0
18.3489
26.9478
-0
-0
-0
18.7825
17.8777
-0
22.82
6.63334
-0
-0
-0
22.7908
-0
-0
-0
-0
-0
-0
-0
-0
8.95888
22.7373
-0
55.5131
-0
-0
0.682522
5.37305
-0
-0
36.7934
-0
1.06819
18.3509
-0
-0
24.5999
-0
8.40454
0.722142
-0
-0
-0
-0
-0
25.7915
-0
1.40504
-0
-0
-0
-0
32.6591
-0
-0
61.591
3.84538
-0
-0
22.0356
-0
-0
-0
-0
-0
-0
-0
-0
-0
27.6771
-0
-0
-0
-0
-0
6.82516
-0
-0
-0
-0
-0
20.0369
-0
-0
18.0995
-0
-0
3.51865
-0
-0
-0
-0
-0
-0
-0
-0
-0
-0
-0
-0
-0
-0
-0
-0
-0
-0
-0
-0
-0
-0
-0
-0
-0
45.6642
-0
-0
-0
-0
-0
-0
-0
0.325763
-0
-0
15.1897
-0
-0
-0
17.1337
-0
-0
-0
-0
-0
10.8204
-0
-0
-0
19.2786
14.7547
30.6687
-0
-0
-0
-0
-0
-0
10.3019
3.46107
-0
1.20677
-0
-0
-0
9.4139
-0
-0
1.43597
36.0337
41.9713
-0
26.2992
-0
-0
-0
-0
24.9969
-0
-0
4.82842
-0
9.71157
23.6754
-0
-0
13.5618
-0
6.29054
-0
-0
-0
-0
2.16983
-0
-0
-0
1.04777
-0
-0
-0
43.8743
31.4374
-0
-0
-0
-0
35.4884
-0
-0
-0
-0
-0
-0
-0
-0
-0
22.7397
-0
-0
-0
14.5005
-0
17.9585
16.4205
21.8384
-0
-0
4.0756
-0
-0
-0
43.6704
-0
-0
-0
7.15132
-0
37.3157
-0
-0
13.4614
-0
0.644894
-0
-0
-0
-0
-0
2.5073
-0
35.5005
-0
-0
2.06231
-0
-0
-0
-0
-0
-0
-0
-0
5.3699
-0
-0
-0
-0
0.81047
-0
-0
-0
-0
-0
-0
21.3406
-0
33.035
38.3245
-0
-0
-0
-0
-0
-0
-0
-0
9.12285
-0
-0
-0
-0
-0
30.5029
-0
-0
-0
-0
-0
-0
-0
-0
-0
-0
-0
22.6331
23.9585
-0
-0
1.74479
5.06437
-0
35.9266
-0
-0
-0
-0
-0
-0
-0
33.6294
-0
-0
6.69747
-0
31.2339
-0
-0
34.0219
11.8288
-0
8.35546
27.1315
22.182
-0
3.18018
-0
-0
-0
-0
12.3303
-0
10.7251
10.8542
-0
-0
-0
-0
-0
-0
-0
-0
-0
-0
20.9462
-0
-0
-0
-0
-0
-0
-0
-0
-0
-0
30.8489
-0
3.28365
45.2308
2.17153
24.6126
6.46351
-0
4.52965
-0
-0
-0
-0
-0
-0
2.05553
0.213187
-0
-0
-0
-0
-0
0.818322
-0
-0
12.4084
-0
-0
5.37804
7.81762
-0
44.4293
-0
-0
-0
8.2574
-0
-0
-0
0.738248
24.2892
10.1487
-0
-0
1.28712
-0
-0
20.5307
16.6898
-0
13.5809
3.02357
-0
-0
-0
-0
-0
-0
0.0569362
2.17575
-0
-0
31.145
-0
-0
-0
-0
38.2517
35.8847
-0
-0
-0
17.7389
-0
-0
9.96016
-0
-0
-0
-0
-0
-0
-0
-0
6.40853
-0
32.0068
-0
7.11588
-0
-0
6.8318
0.859482
-0
-0
-0
8.44755
-0
-0
-0
2.01944
24.5221
50.1466
-0
-0
-0
-0
-0
0.75565
-0
14.8123
28.6911
-0
12.964
-0
-0
-0
-0
-0
-0
-0
-0
29.6836
-0
-0
6.73337
-0
-0
-0
26.0728
-0
-0
-0
-0
-0
-0
-0
-0
-0
-0
-0
19.4967
-0
-0
10.3302
-0
-0
-0
-0
11.3173
-0
-0
-0
-0
-0
-0
-0
1.38704
-0
-0
-0
0.954923
-0
-0
-0
-0
-0
-0
16.6953
1.18745
-0
-0
-0
12.297
21.153
19.632
6.59529
-0
44.117
13.3289
-0
-0
-0
-0
-0
-0
13.1576
12.2944
21.6669
-0
-0
-0
10.3932
-0
27.9947
6.42735
-0
-0
23.6492
-0
-0
-0
12.4472
-0
-0
-0
-0
-0
17.8676
-0
-0
-0
10.6567
31.8587
-0
-0
18.4242
-0
-0
-0
-0
-0
-0
-0
15.0751
-0
-0
-0
-0
-0
-0
-0
21.4087
-0
24.9114
3.91327
-0
15.0107
-0
-0
-0
-0
-0
4.64951
-0
-0
24.8213
-0
-0
-0
1.00721
1.38712
-0
-0
-0
-0
-0
-0
25.0589
-0
-0
-0
2.70861
6.64707
-0
-0
-0
-0
4.80065
-0
-0
61.0826
-0
0.48234
-0
-0
-0
-0
23.1421
32.2432
-0
-0
1.98338
-0
-0
-0
-0
-0
-0
-0
-0
-0
28.3454
-0
-0
8.51373
-0
-0
-0
32.9147
40.3981
-0
-0
-0
-0
-0
-0
10.4857
-0
-0
-0
-0
-0
-0
-0
13.2668
-0
-0
0.678228
-0
15.5296
27.4423
-0
-0
-0
-0
-0
-0
26.6941
-0
-0
-0
29.6713
-0
-0
10.2253
-0
-0
-0
-0
3.34001
-0
-0
21.2933
1.54548
8.7666
6.04072
-0
-0
15.022
-0
-0
14.3454
-0
-0
-0
-0
-0
9.04499
12.8477
12.0413
12.5708
37.005
-0
-0
-0
23.4098
-0
-0
4.09424
3.94784
-0
19.6614
-0
0.832576
-0
-0
10.65
-0
-0
-0
-0
-0
-0
-0
-0
-0
-0
35.3185
-0
-0
-0
-0
0.347665
-0
-0
-0
-0
17.5266
-0
6.19693
2.11116
-0
3.1449
-0
-0
-0
8.2277
-0
33.6725
-0
-0
39.9366
-0
-0
-0
-0
-0
-0
28.7478
-0
-0
-0
26.8898
-0
-0
-0
-0
-0
-0
22.0115
-0
24.4326
-0
-0
-0
5.07013
20.7817
-0
-0
14.0714
-0
-0
-0
-0
2.21706
-0
-0
-0
-0
-0
-0
7.48532
13.753
0.390546
4.19584
-0
-0
-0
-0
-0
-0
-0
-0
-0
-0
-0
0.150577
-0
-0
-0
-0
-0
-0
-0
8.63356
-0
18.1939
14.0333
-0
-0
-0
70.2672
-0
-0
-0
-0
-0
-0
-0
20.4896
-0
-0
-0
-0
-0
-0
-0
-0
-0
-0
-0
-0
-0
47.5972
9.15641
-0
-0
0.33421
18.312
-0
6.17077
-0
-0
-0
60.7292
-0
-0
-0
-0
12.4965
-0
-0
-0
-0
-0
17.1389
8.9055
5.9952
-0
-0
-0
-0
-0
-0
15.4731
-0
-0
9.80327
-0
-0
7.70397
-0
-0
7.37588
-0
-0
-0
-0
-0
-0
21.7987
20.1582
-0
-0
-0
-0
46.504
0.420561
-0
13.4155
9.34492
-0
-0
22.341
10.8384
-0
-0
-0
21.4711
-0
-0
-0
-0
-0
-0
-0
-0
43.0264
-0
17.2
-0
-0
-0
-0
-0
-0
11.0203
19.0495
-0
-0
21.2626
-0
-0
-0
-0
-0
-0
22.0538
-0
16.524
15.1034
-0
-0
-0
-0
-0
-0
-0
-0
3.5404
-0
-0
12.5913
-0
19.1366
-0
-0
-0
21.6786
-0
-0
-0
1.91723
22.411
-0
7.56784
-0
-0
-0
7.35878
8.92397
-0
-0
-0
-0
-0
20.4887
-0
-0
-0
-0
16.9286
-0
0.42846
9.84714
0.555623
-0
-0
-0
-0
-0
13.8318
-0
-0
-0
-0
16.7709
-0
-0
-0
-0
9.82298
20.7929
-0
-0
-0
39.1012
69.4599
-0
-0
13.047
-0
-0
-0
-0
-0
-0
-0
-0
-0
-0
-0
-0
-0
-0
-0
6.93809
-0
-0
-0
1.28581
-0
2.81203
30.6718
37.2609
23.7565
-0
-0
-0
-0
46.2487
-0
-0
-0
-0
7.35136
-0
-0
-0
-0
-0
8.27786
-0
-0
-0
-0
-0
1.09189
-0
-0
-0
-0
-0
-0
9.33553
-0
-0
18.6439
-0
-0
16.6334
-0
30.5593
-0
-0
-0
-0
28.9273
-0
-0
17.6997
8.10312
-0
23.0949
-0
-0
-0
18.3327
4.57239
-0
25.729
-0
-0
-0
-0
-0
-0
-0
11.6985
-0
-0
42.0686
-0
-0
4.94466
-0
8.45975
-0
-0
-0
-0
-0
-0
-0
-0
-0
-0
-0
-0
-0
-0
42.7644
1.13343
-0
-0
34.5893
-0
-0
-0
-0
-0
-0
-0
-0
-0
-0
-0
-0
-0
7.20463
-0
10.9825
-0
37.8391
28.7071
24.2711
-0
-0
5.55782
-0
4.27748
-0
12.8243
-0
-0
-0
-0
-0
44.1876
16.0996
-0
0.257386
22.3825
-0
-0
-0
-0
-0
-0
-0
-0
36.0502
-0
24.4019
49.9687
17.5024
9.5337
-0
-0
-0
-0
-0
-0
16.7186
3.62051
-0
10.7743
10.6277
-0
-0
-0
4.95454
32.1659
1.58354
-0
-0
3.35509
-0
48.879
1.14757
-0
-0
17.723
-0
44.1968
2.07508
-0
-0
9.57593
-0
-0
-0
-0
-0
21.0439
-0
6.60611
-0
6.31576
-0
-0
17.8176
-0
13.1634
-0
-0
12.9127
-0
-0
-0
-0
-0
-0
-0
-0
-0
-0
-0
6.05626
-0
-0
-0
-0
-0
27.1683
6.69058
22.799
32.6108
2.73601
-0
-0
18.3143
-0
-0
-0
-0
-0
23.691
15.3451
-0
-0
-0
-0
-0
-0
-0
7.03237
45.466
-0
6.21519
-0
-0
13.675
-0
-0
-0
-0
-0
-0
-0
-0
-0
-0
1.72577
10.3569
-0
-0
9.34525
-0
0.514807
19.9799
-0
-0
42.6048
-0
18.4288
-0
-0
-0
-0
18.1058
-0
-0
-0
-0
-0
-0
-0
3.48884
-0
-0
-0
-0
4.68236
-0
-0
-0
-0
-0
-0
-0
-0
-0
5.10321
-0
-0
-0
46.0337
9.10146
-0
-0
0.273573
-0
-0
-0
-0
-0
-0
-0
-0
-0
-0
-0
-0
-0
-0
16.0954
15.5001
12.6501
-0
-0
-0
-0
-0
-0
-0
-0
-0
43.3891
8.24219
-0
-0
2.8691
-0
9.64984
-0
34.5719
-0
-0
-0
-0
-0
-0
-0
-0
0.970686
-0
6.72737
-0
-0
-0
-0
64.3165
35.1277
-0
-0
-0
-0
-0
0.062248
-0
-0
-0
-0
10.3969
-0
-0
-0
26.0008
-0
-0
-0
0.101157
1.07945
-0
-0
-0
-0
-0
-0
2.90288
22.178
-0
15.148
-0
-0
-0
-0
-0
-0
-0
-0
9.15054
-0
-0
0.959747
-0
7.92134
-0
-0
-0
-0
-0
-0
-0
19.1374
1.32357
-0
-0
3.20036
-0
-0
-0
63.504
-0
-0
-0
-0
44.5637
-0
0.626955
11.3748
-0
-0
32.3632
-0
-0
-0
-0
-0
-0
34.3778
-0
-0
-0
-0
-0
-0
5.25084
-0
-0
31.1976
-0
0.523323
3.46125
-0
-0
31.6313
-0
-0
-0
-0
6.84963
14.5874
24.6899
-0
-0
39.6689
2.84454
-0
2.12618
-0
-0
-0
31.8116
-0
-0
2.62766
-0
32.9903
-0
20.8097
3.58237
6.5667
-0
10.8725
-0
-0
-0
18.5081
-0
-0
-0
-0
-0
-0
53.8725
44.1955
32.3806
-0
-0
-0
-0
-0
8.16622
2.71326
-0
-0
-0
-0
-0
6.49973
-0
-0
-0
4.71876
-0
-0
85.5122
-0
-0
32.6692
-0
-0
-0
-0
-0
-0
8.9476
17.8897
-0
17.9203
-0
-0
-0
10.3068
4.14007
-0
-0
-0
4.69618
-0
-0
-0
-0
-0
-0
55.127
25.6729
-0
-0
-0
-0
-0
21.501
-0
6.90427
-0
-0
-0
-0
-0
19.1898
-0
-0
-0
-0
38.4567
-0
20.3252
-0
-0
-0
31.2776
-0
-0
22.6786
-0
-0
20.5296
-0
19.1451
-0
-0
4.84728
-0
-0
-0
-0
3.25148
-0
-0
9.63908
-0
-0
-0
-0
0.648867
-0
10.2212
-0
-0
-0
21.8568
-0
-0
3.56705
-0
-0
47.5233
-0
-0
-0
-0
59.2681
-0
-0
12.9972
1.1682
-0
16.1904
-0
-0
24.8361
20.1587
-0
1.52961
-0
24.132
24.8807
-0
-0
-0
15.9904
-0
-0
-0
-0
-0
-0
1.33814
-0
-0
-0
-0
2.165
-0
-0
-0
-0
-0
-0
7.65584
-0
-0
-0
-0
-0
7.61265
1.94767
-0
36.3374
-0
-0
-0
-0
-0
-0
-0
-0
3.33168
-0
-0
-0
-0
-0
-0
-0
-0
-0
-0
-0
-0
-0
-0
-0
-0
-0
-0
2.54159
-0
31.1292
14.6942
-0
-0
-0
-0
-0
-0
0.3231
-0
-0
-0
-0
41.296
3.31067
34.2425
0.0737598
-0
-0
30.6881
-0
34.5583
-0
-0
-0
-0
-0
48.3292
-0
13.0744
-0
-0
-0
-0
-0
-0
-0
19.5109
-0
-0
-0
23.1003
-0
-0
-0
-0
-0
8.23635
-0
-0
-0
4.67693
-0
-0
-0
-0
-0
-0
30.5731
-0
-0
-0
53.5114
15.3772
-0
42.5089
20.2617
-0
-0
13.8287
-0
11.4704
56.3344
0.481206
-0
-0
-0
-0
-0
10.5465
-0
-0
-0
0.98152
-0
17.2048
-0
-0
-0
-0
-0
-0
-0
22.2517
-0
-0
-0
-0
18.247
-0
20.3982
27.8698
-0
-0
22.4001
16.54
20.9642
-0
-0
5.61103
-0
-0
1.59238
-0
3.55245
2.89577
-0
37.8517
-0
-0
11.1509
-0
-0
48.7723
18.9256
-0
-0
26.2536
-0
-0
-0
-0
-0
-0
31.8679
-0
5.00318
0.586959
-0
31.5297
-0
-0
-0
-0
1.64711
-0
58.2223
-0
27.6364
-0
0.148314
-0
-0
-0
-0
-0
-0
74.7814
60.4666
-0
32.9524
-0
-0
47.1661
-0
-0
29.469
-0
-0
-0
-0
9.87882
19.7913
-0
-0
8.8759
-0
-0
-0
12.0124
-0
-0
-0
11.7521
-0
-0
43.8276
15.6124
-0
-0
-0
-0
16.0213
37.3525
-0
-0
-0
43.5117
-0
-0
22.4336
-0
-0
-0
-0
36.9765
13.6801
-0
3.03788
-0
-0
-0
-0
-0
8.53808
7.83572
-0
-0
-0
-0
-0
-0
-0
7.4346
-0
-0
-0
-0
-0
-0
1.84311
-0
31.9974
-0
-0
-0
-0
0.60666
-0
22.0134
-0
-0
-0
-0
-0
-0
-0
-0
-0
6.58567
-0
-0
-0
-0
19.7735
-0
-0
-0
-0
-0
14.3245
9.27131
-0
-0
-0
31.1809
-0
-0
-0
21.8623
18.5714
-0
7.49782
17.6235
47.1893
-0
-0
-0
-0
24.7574
34.5727
-0
14.1068
27.2172
-0
2.08371
31.6051
-0
-0
-0
-0
-0
-0
28.8059
-0
-0
6.65011
-0
-0
-0
-0
-0
-0
-0
13.2554
6.34432
-0
-0
-0
-0
7.43574
0.272273
-0
-0
24.9002
-0
-0
-0
12.8299
-0
36.7002
45.1792
-0
13.5508
-0
-0
-0
-0
-0
2.02605
-0
-0
-0
4.44011
7.17913
-0
18.1484
-0
-0
30.1593
-0
16.8421
7.16931
-0
-0
-0
15.0992
-0
14.1732
-0
-0
-0
-0
41.225
-0
-0
-0
-0
-0
-0
-0
-0
21.5396
-0
12.1847
-0
-0
1.7254
-0
-0
23.1982
16.6634
-0
-0
-0
-0
-0
12.9042
-0
-0
-0
-0
-0
-0
-0
40.5235
-0
-0
0.24196
23.6359
-0
20.4159
-0
-0
-0
-0
16.1024
17.961
-0
0.787614
5.33657
-0
-0
-0
0.288413
-0
-0
-0
-0
-0
-0
-0
-0
-0
-0
-0
-0
-0
-0
-0
-0
-0
19.7868
-0
-0
0.19061
-0
-0
5.01669
-0
-0
8.07266
-0
-0
35.5353
-0
-0
-0
1.27545
17.8707
9.34153
-0
-0
-0
32.7015
-0
17.2714
-0
-0
-0
52.5132
31.7555
-0
-0
-0
40.0656
18.4538
13.7252
-0
4.71016
-0
-0
-0
-0
12.5663
-0
-0
32.383
13.4648
-0
-0
-0
-0
-0
-0
-0
-0
-0
-0
-0
-0
19.0565
-0
-0
-0
-0
-0
-0
7.04957
-0
-0
-0
-0
-0
28.8152
0.370052
-0
-0
-0
-0
-0
-0
-0
-0
-0
-0
8.72311
-0
16.7026
4.26067
-0
4.45068
16.6219
-0
-0
-0
0.923086
-0
1.33818
-0
-0
-0
15.8972
25.0128
-0
17.7616
-0
6.255
0.327945
-0
11.3725
-0
-0
-0
24.0852
4.67872
-0
19.6648
27.1594
-0
-0
-0
15.8012
15.3352
-0
-0
-0
-0
16.9783
-0
-0
-0
-0
17.2943
-0
-0
-0
-0
-0
-0
-0
-0
19.3274
-0
1.75585
-0
-0
-0
15.1199
-0
-0
-0
-0
-0
21.4137
-0
20.1738
-0
-0
29.234
9.52892
2.26948
-0
-0
-0
5.51536
-0
-0
-0
-0
-0
-0
-0
-0
-0
-0
-0
-0
-0
-0
-0
-0
-0
-0
-0
9.62683
54.454
-0
-0
-0
-0
-0
-0
-0
-0
-0
-0
25.0471
-0
-0
-0
-0
-0
-0
2.63727
-0
-0
43.8414
-0
-0
-0
-0
-0
12.1397
-0
-0
-0
-0
-0
13.5813
-0
-0
-0
-0
-0
-0
-0
4.03433
-0
-0
-0
-0
-0
-0
-0
-0
-0
-0
-0
-0
0.330658
6.26267
-0
-0
-0
1.50259
6.12339
-0
-0
-0
-0
-0
20.4705
18.1561
13.3952
-0
16.6401
-0
-0
-0
-0
-0
-0
-0
-0
13.4021
8.69886
2.47584
-0
18.7801
-0
33.3397
-0
-0
-0
35.6159
27.731
-0
-0
-0
-0
-0
-0
1.58654
7.54322
-0
-0
54.0137
-0
-0
-0
-0
-0
-0
-0
-0
-0
-0
-0
-0
-0
1.63069
-0
-0
-0
-0
-0
-0
-0
-0
-0
-0
-0
7.56608
-0
-0
-0
10.6045
-0
-0
-0
-0
29.3607
-0
33.3582
-0
12.9654
11.8127
-0
-0
-0
20.9474
-0
6.03756
-0
40.3575
-0
-0
0.919195
18.5893
-0
8.47158
-0
-0
-0
15.1137
-0
-0
-0
-0
-0
-0
-0
-0
-0
-0
-0
-0
-0
-0
-0
-0
-0
-0
-0
-0
-0
-0
-0
15.1943
7.21089
-0
-0
-0
16.1665
-0
-0
-0
24.6984
21.3981
-0
-0
-0
6.92307
-0
16.6716
7.47124
-0
-0
0.3244
-0
39.4497
-0
28.9781
-0
-0
-0
15.9881
-0
-0
-0
-0
27.43
-0
23.8904
-0
8.03204
12.6129
-0
-0
-0
-0
35.9516
-0
-0
-0
-0
33.9611
-0
-0
7.46582
-0
-0
-0
11.4983
-0
-0
0.0254319
-0
-0
-0
-0
-0
-0
-0
27.3699
20.4316
-0
-0
-0
36.4553
-0
12.3875
-0
-0
-0
-0
-0
-0
-0
8.14689
39.8077
30.9273
14.267
-0
16.3877
21.0256
-0
10.4477
-0
16.1421
-0
-0
-0
-0
-0
-0
-0
-0
-0
-0
-0
32.0314
41.263
-0
-0
-0
-0
4.40982
-0
22.4482
-0
-0
-0
3.47572
-0
-0
13.3667
-0
3.58888
-0
27.5967
-0
-0
-0
29.365
-0
-0
-0
19.0913
29.3103
-0
-0
-0
-0
6.27349
-0
7.61656
-0
-0
9.3439
-0
-0
-0
-0
-0
15.5871
7.69247
-0
16.093
3.12994
-0
-0
-0
-0
8.3935
-0
-0
22.1433
-0
-0
-0
6.57043
-0
-0
24.3321
-0
-0
-0
-0
-0
-0
-0
-0
-0
-0
-0
-0
-0
-0
-0
34.4261
-0
-0
-0
-0
-0
19.0621
-0
41.7887
-0
19.4631
-0
-0
-0
-0
-0
-0
39.9906
-0
29.8756
-0
-0
-0
-0
-0
8.13463
-0
-0
-0
-0
-0
5.92342
13.5219
-0
-0
6.52304
53.5017
0.771038
-0
38.5391
-0
-0
-0
33.5666
55.6863
-0
-0
-0
15.5324
-0
-0
28.2837
-0
-0
0.546754
-0
-0
-0
-0
-0
-0
-0
-0
-0
-0
-0
4.03228
-0
-0
-0
-0
0.468398
11.204
-0
-0
45.5946
2.16566
-0
-0
-0
-0
-0
-0
-0
1.97605
-0
-0
-0
7.97225
33.0125
-0
-0
-0
-0
-0
28.7167
-0
18.8909
-0
-0
-0
9.06137
-0
-0
1.04479
2.45124
-0
-0
6.2315
-0
27.1989
7.76897
-0
14.3583
25.5662
-0
15.7164
-0
-0
-0
-0
-0
13.6118
7.69674
-0
-0
6.71532
-0
2.93764
-0
36.0221
-0
-0
-0
-0
-0
-0
-0
-0
-0
-0
8.19906
5.07616
-0
3.39291
4.85124
-0
34.8303
1.88065
-0
-0
-0
-0
-0
-0
-0
-0
-0
-0
12.492
-0
-0
-0
44.5113
-0
-0
-0
-0
40.2921
-0
35.5855
-0
26.6905
-0
-0
-0
10.6251
-0
-0
-0
-0
-0
-0
5.77227
-0
-0
-0
-0
13.1275
-0
-0
13.4725
16.0428
-0
-0
-0
25.2457
14.7188
-0
-0
-0
-0
-0
-0
-0
-0
3.5915
-0
-0
-0
-0
-0
13.3261
6.60478
-0
4.35755
-0
6.59456
-0
-0
-0
-0
37.8991
-0
-0
-0
-0
-0
-0
0.981367
-0
-0
3.41698
49.8156
-0
-0
-0
-0
-0
4.91461
-0
-0
-0
-0
17.3781
28.0788
7.55817
-0
-0
44.9957
1.70284
5.17301
-0
-0
25.454
28.1851
0.73955
25.6612
-0
-0
-0
-0
-0
-0
-0
-0
-0
-0
10.9173
35.5724
18.1784
-0
-0
25.9579
3.89108
16.9462
0.193079
-0
-0
16.569
-0
0.439242
-0
-0
-0
-0
-0
-0
-0
-0
17.5484
-0
-0
-0
14.0391
-0
-0
-0
2.44832
-0
-0
-0
-0
31.4086
22.7188
-0
21.2012
-0
2.85562
-0
-0
20.6547
-0
-0
-0
-0
-0
-0
47.1079
21.2525
-0
-0
-0
11.8105
12.6663
16.5422
-0
-0
-0
10.6092
-0
1.61148
-0
-0
-0
-0
-0
-0
-0
-0
18.2592
-0
-0
-0
-0
24.7464
-0
-0
-0
-0
6.19031
44.491
-0
-0
-0
27.4453
5.11454
10.3937
-0
7.71197
-0
-0
-0
18.8783
-0
34.0881
13.1177
17.7914
-0
-0
-0
-0
-0
-0
-0
-0
-0
-0
-0
-0
-0
-0
-0
58.3796
-0
-0
26.774
-0
18.0894
15.0946
-0
-0
9.76685
13.206
-0
-0
-0
-0
1.17525
-0
-0
-0
-0
-0
2.35923
-0
20.8752
-0
4.42854
-0
-0
-0
-0
12.5691
-0
-0
-0
21.3675
-0
4.55737
55.1311
-0
-0
-0
-0
37.6912
-0
-0
-0
-0
-0
-0
28.2388
5.00538
-0
8.64217
15.3417
18.8147
-0
27.1013
-0
67.7366
-0
-0
-0
-0
-0
9.01655
-0
12.3836
-0
7.27756
-0
-0
-0
-0
21.7157
-0
14.4094
-0
7.27165
-0
-0
14.8543
-0
9.69987
-0
-0
3.25397
-0
39.2744
15.4668
11.3835
3.02537
-0
-0
-0
-0
40.3863
-0
-0
-0
-0
6.91849
1.00493
-0
1.95392
0.949224
-0
35.4516
-0
-0
-0
-0
-0
-0
-0
2.91674
-0
5.28514
1.16123
-0
6.98212
-0
-0
13.9064
-0
-0
1.28001
-0
-0
-0
1.37229
-0
-0
29.6139
14.6282
-0
-0
-0
13.2693
-0
-0
-0
-0
17.1073
-0
-0
24.9693
-0
13.8147
12.4654
-0
-0
-0
-0
31.5558
-0
-0
6.97302
25.6822
-0
-0
-0
15.6275
-0
3.50374
-0
-0
-0
-0
-0
-0
-0
6.7431
-0
-0
-0
-0
-0
7.22636
-0
-0
-0
-0
-0
-0
-0
-0
-0
11.7231
2.237
-0
-0
15.9053
-0
-0
-0
-0
-0
-0
-0
-0
-0
13.9948
8.37256
-0
48.5923
-0
-0
-0
-0
-0
7.93126
-0
12.7919
-0
-0
4.23115
11.6836
-0
-0
-0
27.405
-0
11.9946
6.95778
15.8829
-0
55.3078
-0
-0
-0
-0
-0
-0
42.8061
15.0951
-0
-0
1.49011
-0
-0
-0
21.3898
-0
-0
-0
-0
-0
-0
-0
-0
-0
-0
6.48976
-0
-0
-0
10.5739
-0
25.5844
2.18726
13.166
-0
-0
-0
16.1527
-0
15.6674
-0
-0
-0
9.11294
-0
-0
-0
-0
-0
-0
-0
-0
-0
6.20793
4.11347
3.37249
-0
-0
-0
4.12919
-0
-0
17.5631
-0
3.85359
-0
-0
-0
1.03689
-0
-0
44.5568
4.96313
-0
-0
-0
-0
-0
-0
14.3987
13.9078
-0
-0
-0
15.5851
14.4477
-0
8.13666
-0
-0
-0
-0
-0
19.4175
-0
24.0853
14.5951
-0
28.7245
-0
-0
-0
-0
-0
4.50576
-0
-0
59.359
-0
-0
-0
-0
-0
28.9708
-0
-0
-0
-0
-0
-0
-0
20.3425
-0
-0
26.6359
13.7081
16.0199
12.9317
25.5204
-0
16.5469
-0
-0
-0
-0
-0
-0
-0
3.25661
14.4673
31.5666
-0
-0
-0
-0
-0
-0
-0
-0
12.3272
-0
-0
0.2776
-0
44.022
-0
-0
-0
-0
10.2189
-0
-0
-0
8.61064
-0
-0
-0
10.3866
-0
30.8176
52.0812
-0
-0
41.9588
5.20977
-0
-0
7.37079
6.65231
-0
-0
3.24119
-0
12.9019
-0
-0
-0
1.34689
-0
-0
-0
-0
-0
-0
-0
-0
-0
-0
63.9846
-0
-0
-0
-0
-0
-0
-0
-0
-0
-0
-0
-0
-0
18.16
-0
-0
36.4741
-0
-0
-0
20.9443
-0
-0
-0
-0
-0
-0
-0
0.0356989
6.08668
21.1189
5.7461
13.8366
-0
4.73111
47.1615
-0
-0
-0
-0
-0
-0
47.6099
-0
-0
29.1523
0.539376
39.4327
-0
46.2854
-0
-0
-0
-0
-0
-0
17.5743
-0
-0
12.1952
-0
-0
-0
-0
13.8975
-0
-0
48.8486
-0
-0
22.7646
26.3607
-0
-0
-0
-0
-0
21.1618
-0
35.2218
-0
30.7476
-0
-0
-0
-0
-0
-0
-0
-0
-0
3.39668
27.2758
58.9226
-0
-0
-0
-0
-0
-0
-0
-0
-0
-0
-0
0.82416
-0
39.4461
-0
-0
17.5994
-0
-0
-0
-0
-0
-0
-0
34.6179
-0
7.20768
24.094
-0
-0
26.1564
-0
12.8882
21.5291
-0
-0
-0
15.9757
-0
-0
-0
-0
-0
-0
-0
-0
-0
19.0264
-0
15.3724
-0
-0
-0
-0
-0
-0
16.9909
0.094209
-0
2.98281
39.3122
-0
11.2144
-0
6.02142
-0
-0
-0
-0
-0
-0
-0
-0
-0
21.3915
-0
-0
-0
-0
44.0528
-0
-0
-0
-0
-0
-0
3.09291
-0
13.3076
-0
-0
-0
-0
-0
12.6984
5.30132
3.13495
10.7892
-0
-0
-0
-0
2.11142
-0
-0
31.77
-0
-0
26.4766
-0
-0
1.18265
-0
17.2852
-0
-0
4.37298
9.85925
-0
-0
-0
-0
-0
-0
-0
-0
-0
16.6009
-0
-0
-0
-0
25.7269
-0
18.4877
-0
-0
-0
0.0591188
-0
-0
-0
-0
-0
-0
6.09633
36.0276
-0
-0
9.69247
6.55481
-0
-0
-0
-0
-0
30.8025
-0
-0
-0
-0
-0
37.7728
-0
-0
-0
-0
5.40087
-0
-0
19.6528
-0
4.91065
-0
-0
-0
42.4275
-0
-0
-0
-0
-0
-0
-0
34.055
-0
-0
27.0613
2.40641
-0
-0
-0
18.6794
-0
-0
-0
-0
-0
-0
7.12429
-0
-0
-0
-0
-0
-0
-0
-0
-0
19.6881
-0
-0
-0
-0
-0
-0
-0
-0
-0
7.37249
-0
-0
-0
13.8802
36.8705
33.2653
-0
-0
-0
-0
17.9777
-0
-0
12.7881
20.9917
-0
-0
-0
6.38453
-0
-0
-0
-0
-0
-0
32.3525
-0
24.4968
-0
-0
-0
-0
-0
-0
-0
3.99469
-0
-0
-0
-0
-0
7.22858
27.0741
-0
-0
14.4715
-0
-0
10.8231
-0
33.2038
-0
14.0174
-0
39.67
-0
-0
34.6889
18.035
-0
-0
13.9095
14.9476
-0
-0
-0
6.2746
-0
61.9811
29.697
40.8312
-0
4.68053
11.5004
3.19455
10.2869
3.0296
-0
-0
-0
-0
-0
-0
-0
1.42674
-0
-0
-0
-0
-0
-0
-0
-0
5.33134
28.5389
-0
-0
8.59247
11.2499
13.4402
-0
-0
-0
-0
12.9756
-0
-0
-0
-0
-0
-0
-0
14.9999
-0
-0
-0
17.7705
52.645
-0
-0
-0
-0
-0
-0
-0
19.0892
38.2855
19.4353
-0
-0
9.48424
-0
-0
-0
59.6549
-0
-0
-0
-0
-0
16.4401
-0
-0
