3.15372
-0
6.00716
-0
-0
4.47901
-0
74.3049
7.82674
-0
10.6513
-0
30.175
-0
-0
6.32537
5.20341
-0
2.18195
-0
-0
-0
-0
-0
-0
-0
12.7293
-0
-0
-0
-0
-0
-0
-0
5.8659
-0
-0
-0
-0
-0
-0
-0
-0
11.3684
-0
-0
-0
24.2391
-0
-0
-0
-0
-0
-0
-0
-0
-0
2.37506
5.88259
-0
-0
-0
51.3473
-0
-0
-0
10.8535
0.904946
6.05147
0.653781
-0
-0
-0
-0
-0
6.13871
12.2384
-0
-0
-0
-0
36.5165
-0
-0
33.3139
-0
-0
-0
-0
-0
-0
-0
-0
-0
-0
-0
15.4879
1.67352
-0
-0
-0
-0
-0
-0
23.1397
-0
-0
-0
-0
2.08845
-0
-0
-0
-0
10.6457
14.226
-0
-0
38.0149
44.7467
-0
-0
6.51825
1.33233
54.8232
-0
-0
-0
-0
7.98297
-0
22.0875
1.89381
-0
13.716
-0
-0
12.23
-0
17.964
3.47881
-0
-0
-0
7.39722
-0
-0
-0
-0
-0
-0
-0
-0
-0
-0
-0
27.0231
-0
-0
-0
-0
-0
1.42513
46.0244
10.8469
-0
17.5916
-0
-0
22.6306
-0
10.3688
25.3985
-0
-0
-0
12.5598
-0
10.5852
1.19031
-0
-0
-0
-0
-0
58.0068
-0
-0
29.3988
36.5862
2.32018
23.1569
6.7924
12.6112
-0
-0
-0
-0
-0
-0
-0
7.12689
-0
-0
-0
-0
-0
-0
5.74085
-0
-0
-0
-0
-0
-0
0.513592
-0
4.59182
3.08256
-0
6.09749
-0
-0
-0
-0
-0
-0
-0
-0
-0
-0
-0
-0
-0
-0
3.94625
-0
-0
-0
-0
-0
-0
-0
-0
-0
-0
44.9531
-0
-0
-0
-0
-0
-0
-0
12.4089
-0
-0
-0
-0
-0
-0
44.2828
-0
-0
-0
-0
16.0413
-0
-0
-0
-0
0.528563
37.5875
15.8807
-0
-0
-0
-0
-0
-0
-0
7.45052
-0
2.11397
-0
-0
-0
1.24228
-0
-0
8.03725
28.7997
45.5962
-0
-0
-0
3.34457
-0
-0
29.7811
-0
-0
-0
19.2021
22.6026
28.9545
11.074
-0
22.2286
-0
3.55688
-0
-0
-0
5.51292
1.40285
-0
-0
-0
1.45587
-0
-0
-0
29.1267
-0
-0
18.5425
40.6936
-0
3.6491
-0
-0
-0
-0
-0
-0
-0
-0
-0
30.8022
-0
-0
-0
-0
-0
-0
-0
3.1218
21.3984
-0
-0
-0
-0
-0
20.8591
-0
-0
-0
-0
-0
14.1427
-0
-0
-0
10.8786
-0
-0
-0
60.236
-0
-0
-0
0.757588
28.3294
-0
-0
24.0322
-0
-0
-0
-0
13.46
-0
-0
-0
18.7173
-0
-0
-0
-0
16.2693
30.3785
-0
-0
-0
-0
-0
-0
-0
0.656366
14.6049
-0
-0
-0
-0
-0
-0
-0
-0
2.46958
-0
-0
-0
-0
7.53638
25.9345
-0
-0
-0
-0
22.139
-0
-0
-0
-0
-0
-0
26.4777
48.2032
-0
-0
3.47947
4.83799
-0
49.2595
-0
-0
-0
-0
-0
-0
-0
26.1729
-0
-0
2.28781
-0
-0
-0
-0
0.469992
22.1972
-0
27.7374
25.5125
25.6601
-0
26.8168
-0
-0
-0
-0
0.280765
-0
0.810295
29.0296
38.9637
-0
-0
-0
-0
-0
-0
-0
-0
-0
16.478
-0
-0
14.7516
-0
-0
-0
10.2371
-0
-0
-0
-0
-0
-0
38.3153
-0
-0
-0
6.25519
8.36148
18.382
-0
-0
-0
-0
-0
9.58945
-0
-0
-0
-0
-0
-0
-0
-0
-0
23.1149
-0
-0
2.60177
13.3324
-0
32.4618
-0
-0
-0
9.33243
-0
-0
-0
-0
10.1115
-0
7.13385
-0
-0
-0
-0
18.0444
-0
11.6476
11.724
1.26288
-0
-0
-0
-0
-0
-0
0.315315
38.8062
-0
9.24922
11.2837
-0
-0
-0
-0
55.2218
51.2272
-0
-0
16.8773
20.0518
-0
-0
16.4967
-0
-0
-0
-0
-0
-0
-0
-0
-0
-0
19.6775
-0
-0
-0
-0
25.7404
32.8352
15.4723
-0
-0
-0
-0
-0
-0
-0
46.2857
38.1523
-0
-0
5.93333
-0
-0
-0
21.9327
16.2547
-0
-0
4.80211
-0
-0
-0
-0
-0
-0
-0
-0
27.2166
-0
-0
7.18762
-0
-0
2.93162
0.438869
-0
-0
-0
-0
-0
-0
14.9787
-0
-0
-0
-0
-0
-0
-0
-0
-0
-0
-0
-0
-0
-0
-0
-0
-0
-0
-0
-0
-0
-0
-0
-0
22.1827
-0
-0
-0
-0
-0
-0
20.3351
0.789486
-0
-0
-0
-0
-0
26.9051
13.4236
-0
56.7266
-0
-0
-0
-0
21.1872
-0
-0
-0
28.6226
39.184
-0
-0
-0
11.0436
45.315
-0
-0
-0
-0
2.96928
-0
-0
-0
-0
-0
-0
-0
-0
-0
42.4424
-0
-0
-0
16.8469
29.6762
-0
-0
-0
22.4732
-0
-0
-0
-0
-0
-0
54.7178
-0
-0
-0
-0
-0
-0
-0
2.96417
-0
25.3964
-0
-0
28.9423
-0
-0
-0
-0
47.791
31.0903
-0
-0
30.6342
-0
-0
-0
1.18738
5.84417
-0
-0
-0
-0
-0
-0
-0
-0
2.68833
-0
-0
-0
-0
-0
-0
-0
-0
-0
17.5329
34.1421
-0
-0
-0
-0
-0
-0
-0
4.53797
-0
-0
68.9595
-0
-0
-0
-0
-0
-0
-0
-0
-0
59.6302
9.11416
-0
-0
-0
-0
-0
49.1467
80.5849
-0
-0
-0
-0
-0
-0
18.3554
1.7506
-0
-0
-0
-0
39.6163
-0
-0
-0
-0
-0
-0
34.9047
-0
-0
-0
-0
-0
-0
-0
30.0062
-0
-0
-0
58.318
-0
-0
38.5024
-0
-0
-0
-0
5.49177
-0
-0
24.598
-0
-0
-0
-0
-0
46.1879
12.4469
-0
1.10327
-0
-0
-0
-0
-0
20.6622
-0
-0
27.4456
-0
-0
-0
-0
-0
-0
-0
-0
-0
-0
-0
-0
-0
-0
-0
28.6876
-0
-0
-0
-0
-0
-0
-0
-0
-0
-0
19.8434
-0
-0
-0
-0
2.72162
-0
-0
-0
-0
29.3593
-0
-0
46.5357
-0
-0
-0
-0
-0
-0
-0
-0
-0
-0
59.6296
-0
-0
-0
-0
-0
-0
29.4015
-0
-0
-0
13.2957
-0
-0
-0
-0
-0
-0
5.5391
2.08928
13.5337
-0
-0
-0
26.0387
9.38894
-0
-0
26.8403
-0
-0
-0
-0
-0
-0
-0
-0
-0
10.3506
-0
-0
13.5314
0.630966
5.13332
20.5476
-0
-0
-0
-0
-0
-0
-0
9.38121
-0
18.1383
-0
-0
-0
-0
-0
11.1034
-0
-0
28.845
-0
-0
-0
-0
-0
-0
18.4118
-0
52.7645
-0
17.9137
-0
-0
12.4762
-0
9.83023
-0
-0
-0
-0
-0
1.8279
4.25893
-0
-0
-0
-0
-0
15.6015
-0
-0
-0
-0
23.9048
-0
-0
-0
-0
-0
15.9053
-0
-0
-0
-0
2.10498
-0
-0
-0
-0
-0
0.317538
-0
8.14688
-0
7.84646
-0
-0
-0
-0
16.8228
-0
-0
13.7286
-0
-0
1.5114
8.10663
-0
-0
-0
-0
-0
-0
-0
-0
-0
74.0436
-0
-0
-0
-0
36.718
-0
-0
-0
4.8598
-0
25.7772
-0
-0
-0
-0
-0
-0
-0
-0
-0
-0
-0
-0
-0
-0
26.7189
-0
-0
-0
-0
-0
-0
-0
-0
-0
17.4956
-0
-0
25.6659
-0
-0
-0
-0
-0
-0
-0
-0
-0
-0
-0
-0
-0
2.31628
-0
-0
15.4543
-0
32.9145
-0
1.91634
-0
-0
19.2729
4.94297
-0
-0
20.2965
-0
-0
-0
-0
34.7159
-0
-0
-0
-0
-0
-0
5.32251
28.5991
17.4924
-0
-0
-0
7.30148
-0
-0
-0
-0
-0
-0
1.27843
12.8749
0.0798207
-0
-0
-0
-0
-0
-0
0.123877
-0
-0
-0
16.4019
-0
-0
-0
-0
16.933
-0
-0
-0
-0
-0
6.02697
-0
-0
-0
-0
-0
-0
-0
-0
-0
-0
-0
-0
-0
10.1886
-0
24.7912
-0
-0
9.65438
-0
-0
5.94763
9.11686
-0
-0
22.4383
73.6131
28.2285
18.5953
-0
18.844
-0
14.7047
-0
-0
-0
-0
21.0243
-0
-0
-0
1.5936
-0
12.6095
-0
-0
-0
23.0368
-0
-0
-0
-0
-0
-0
6.19863
-0
19.2619
-0
-0
25.3721
-0
-0
-0
-0
15.2685
-0
-0
-0
-0
67.6251
-0
-0
-0
31.4468
-0
47.2431
-0
-0
-0
-0
-0
-0
27.2452
-0
20.228
-0
-0
23.7355
-0
-0
3.58402
25.7263
-0
47.9899
-0
-0
-0
-0
-0
5.19507
-0
-0
-0
-0
24.9986
-0
-0
-0
-0
-0
-0
-0
-0
71.8559
-0
-0
-0
-0
-0
-0
11.4666
-0
2.29197
-0
-0
7.57678
-0
-0
-0
-0
7.22486
13.7373
-0
33.4425
-0
32.8414
-0
-0
-0
16.084
-0
-0
17.237
-0
7.07564
-0
-0
-0
10.9018
-0
26.4481
4.27986
-0
-0
15.6741
22.0628
-0
-0
6.8535
-0
-0
-0
9.41286
19.7637
-0
-0
53.231
46.3194
0.245637
12.1911
-0
-0
-0
-0
-0
10.4036
-0
-0
5.00647
-0
2.85205
-0
-0
13.35
-0
-0
18.5502
-0
27.8813
-0
-0
-0
-0
6.71139
-0
-0
-0
19.3338
-0
-0
25.0467
-0
-0
-0
-0
17.0146
-0
-0
-0
-0
-0
-0
7.77663
26.3348
-0
-0
-0
-0
29.0055
7.86121
-0
-0
-0
-0
-0
-0
-0
-0
-0
-0
9.99662
-0
-0
-0
-0
-0
7.21438
8.42178
37.2586
13.2148
-0
48.7972
9.16502
22.7829
-0
3.9764
-0
-0
-0
-0
3.05657
7.38401
7.81795
-0
-0
-0
-0
-0
30.1475
-0
-0
29.453
7.54194
-0
29.5973
-0
-0
-0
-0
-0
-0
-0
-0
-0
-0
-0
-0
19.4205
12.4981
-0
-0
1.98791
-0
-0
2.61752
11.1192
-0
12.8997
-0
-0
21.6004
-0
23.4474
-0
-0
-0
3.51195
-0
13.9045
-0
-0
-0
-0
-0
-0
16.3644
-0
-0
5.85458
-0
-0
-0
-0
-0
-0
-0
-0
-0
-0
8.54503
-0
-0
-0
-0
-0
-0
-0
29.2944
-0
-0
-0
-0
-0
-0
-0
-0
30.0213
8.55956
61.9309
1.49836
-0
-0
-0
-0
-0
-0
-0
-0
-0
-0
50.9998
0.895558
-0
-0
3.30608
-0
-0
-0
-0
-0
-0
-0
41.3353
-0
-0
-0
-0
-0
-0
10.0069
-0
-0
-0
-0
42.7558
-0
-0
-0
21.2974
-0
-0
-0
-0
-0
-0
-0
-0
-0
-0
38.2185
14.9011
-0
-0
-0
0.401828
17.3662
8.19434
-0
-0
-0
-0
3.74556
-0
7.57747
25.2188
-0
-0
-0
-0
-0
-0
-0
-0
-0
-0
-0
-0
-0
-0
6.66973
-0
-0
-0
-0
-0
-0
36.6557
0.547346
-0
-0
15.7565
-0
-0
-0
-0
11.466
-0
-0
-0
-0
25.5154
-0
26.5742
-0
-0
-0
14.3729
-0
-0
-0
-0
-0
-0
2.23457
-0
-0
-0
-0
46.4668
-0
7.60482
-0
-0
35.551
-0
-0
4.55479
4.55037
-0
-0
-0
-0
-0
-0
-0
26.2475
-0
-0
-0
11.9334
17.0155
-0
-0
-0
-0
14.6323
-0
-0
28.5457
-0
-0
52.0302
-0
-0
-0
-0
-0
42.4661
-0
25.4244
-0
28.3359
-0
-0
-0
4.63403
-0
-0
29.8644
10.1234
17.2532
13.4939
-0
-0
5.39099
-0
23.5722
-0
12.1128
-0
25.3709
-0
36.8938
-0
-0
-0
-0
1.44529
-0
-0
18.657
-0
2.26239
-0
-0
-0
14.7068
-0
-0
-0
-0
-0
-0
-0
-0
-0
-0
-0
-0
-0
-0
1.6915
18.5772
-0
-0
-0
-0
-0
-0
-0
27.4834
6.96529
43.7587
-0
-0
-0
-0
-0
-0
-0
-0
-0
-0
16.0297
-0
-0
-0
-0
-0
30.345
-0
41.9748
-0
-0
5.53176
15.1019
11.1343
-0
21.4617
-0
-0
14.1213
-0
-0
-0
-0
-0
-0
-0
-0
-0
-0
-0
-0
-0
-0
-0
-0
-0
4.23305
17.2014
26.2951
-0
-0
-0
40.1048
-0
-0
3.01254
-0
-0
4.47767
-0
-0
-0
-0
33.1265
-0
-0
-0
-0
-0
19.7873
-0
-0
47.6095
18.8691
-0
2.06292
-0
23.1228
23.6971
26.5468
-0
-0
28.9651
-0
-0
-0
-0
-0
-0
-0
-0
-0
-0
-0
6.31065
-0
-0
-0
-0
-0
-0
-0
-0
-0
-0
-0
-0
-0
-0
-0
46.044
-0
-0
-0
-0
-0
-0
-0
-0
-0
-0
-0
-0
19.6973
0.150743
-0
-0
-0
-0
-0
-0
-0
-0
-0
-0
-0
-0
-0
13.2464
-0
60.3569
-0
-0
-0
-0
-0
-0
-0
1.40953
-0
-0
-0
-0
2.69188
-0
24.2244
-0
-0
-0
-0
-0
-0
-0
-0
-0
-0
-0
42.579
-0
-0
-0
-0
-0
-0
-0
-0
-0
24.8209
-0
-0
-0
19.7378
-0
-0
-0
-0
-0
19.3857
-0
-0
-0
-0
-0
-0
-0
-0
-0
-0
66.445
13.1936
-0
-0
58.7091
-0
27.5704
81.3133
32.3965
-0
-0
24.568
-0
-0
6.60348
-0
2.50126
-0
-0
-0
-0
-0
-0
-0
-0
-0
-0
-0
-0
-0
-0
22.754
-0
-0
-0
8.284
-0
-0
-0
-0
-0
-0
13.9469
19.1438
-0
-0
9.93615
-0
-0
-0
-0
-0
-0
-0
-0
-0
-0
-0
-0
2.69317
-0
-0
0.373785
37.1884
-0
21.1541
14.9249
18.2588
11.6223
33.1504
-0
-0
-0
-0
-0
-0
-0
-0
-0
-0
43.4946
-0
-0
-0
-0
-0
0.993292
-0
30.4669
-0
16.8437
-0
-0
-0
-0
-0
-0
-0
-0
50.0129
-0
-0
32.7538
-0
-0
-0
-0
-0
25.2657
-0
9.83572
-0
-0
-0
50.1383
4.56112
-0
11.4732
-0
-0
0.114168
-0
-0
-0
-0
7.18608
-0
6.30348
9.85899
-0
-0
-0
-0
-0
-0
23.9163
-0
-0
-0
40.1788
-0
-0
31.4807
-0
-0
-0
-0
31.3147
-0
-0
1.64563
-0
-0
-0
-0
-0
-0
9.84028
-0
-0
-0
-0
-0
-0
-0
18.6562
-0
-0
-0
-0
-0
-0
-0
-0
-0
-0
-0
-0
-0
-0
-0
19.9528
7.59616
-0
-0
-0
-0
-0
-0
-0
-0
7.91035
15.9076
-0
-0
5.8865
-0
-0
-0
58.7484
-0
1.14625
-0
29.6182
-0
13.2224
16.274
21.377
-0
1.82978
-0
-0
-0
-0
-0
5.39722
49.6444
-0
-0
-0
-0
-0
6.21975
-0
-0
48.7772
-0
-0
36.4222
-0
-0
-0
-0
-0
-0
-0
20.4003
-0
-0
-0
-0
-0
-0
4.9527
-0
-0
18.4246
-0
-0
-0
1.57042
1.62494
-0
-0
-0
-0
4.95384
-0
-0
-0
2.31678
-0
8.89143
7.02463
-0
0.651531
-0
-0
-0
-0
6.52698
50.296
-0
2.65769
-0
43.8251
-0
1.67523
-0
-0
-0
-0
-0
-0
5.73365
-0
-0
-0
39.4314
-0
2.84215
-0
-0
-0
-0
15.0186
-0
-0
-0
-0
-0
-0
-0
-0
19.5903
-0
68.6599
-0
-0
-0
-0
-0
-0
-0
-0
-0
-0
-0
-0
36.9166
7.81164
-0
-0
-0
62.3785
-0
-0
46.7738
-0
-0
-0
10.0419
-0
16.6823
-0
-0
9.57496
-0
-0
5.96883
-0
-0
20.0106
-0
-0
-0
2.15514
-0
-0
-0
-0
-0
-0
-0
-0
-0
-0
-0
-0
-0
-0
-0
-0
-0
15.1845
-0
-0
0.273113
-0
-0
8.88532
-0
26.8428
-0
-0
-0
-0
-0
-0
-0
2.28005
23.9535
-0
12.732
-0
-0
-0
-0
-0
-0
-0
-0
40.1247
0.917
-0
-0
-0
32.8085
1.72571
-0
-0
-0
-0
-0
2.53922
-0
-0
-0
-0
-0
23.5271
31.5502
-0
-0
8.49766
41.8394
-0
-0
-0
-0
-0
-0
-0
-0
-0
-0
-0
-0
-0
-0
12.742
-0
-0
-0
-0
-0
58.3904
-0
-0
0.270822
-0
-0
-0
-0
-0
-0
-0
-0
11.6584
-0
-0
7.06505
-0
-0
33.7268
-0
4.67831
-0
-0
-0
0.64481
-0
-0
-0
23.7433
19.1551
17.5778
12.8489
-0
-0
0.160126
-0
-0
16.9936
-0
-0
-0
-0
-0
25.7972
15.5667
-0
-0
-0
16.5788
7.35848
-0
-0
-0
-0
8.16805
-0
21.513
-0
-0
-0
-0
-0
21.0174
-0
-0
0.351816
-0
-0
9.13193
-0
-0
-0
-0
-0
3.44689
-0
-0
-0
-0
5.42545
-0
-0
-0
-0
-0
26.7607
20.9297
-0
-0
-0
-0
3.5134
-0
-0
-0
-0
-0
-0
-0
-0
-0
-0
-0
-0
-0
-0
-0
-0
-0
-0
-0
-0
69.3921
-0
18.6388
-0
-0
-0
-0
-0
-0
-0
-0
-0
-0
-0
-0
-0
-0
-0
2.94531
-0
-0
-0
-0
-0
-0
33.2947
-0
-0
-0
-0
40.4823
-0
-0
40.5944
-0
22.2278
-0
-0
-0
-0
-0
-0
-0
-0
-0
-0
-0
-0
-0
-0
-0
-0
-0
-0
-0
6.14295
-0
-0
-0
-0
6.78247
-0
-0
-0
-0
17.6844
67.3374
-0
38.5713
-0
73.3067
-0
-0
-0
-0
-0
-0
-0
-0
28.8236
-0
-0
-0
21.5791
-0
18.6929
-0
-0
-0
-0
-0
-0
19.7858
-0
-0
-0
-0
12.5313
5.09015
-0
-0
37.6093
-0
-0
-0
-0
-0
-0
-0
-0
-0
-0
10.3821
-0
-0
-0
-0
-0
-0
2.46776
-0
14.5953
-0
-0
-0
-0
-0
-0
-0
9.88178
-0
14.7171
-0
-0
-0
-0
27.7159
13.0278
13.691
-0
12.5606
-0
-0
-0
-0
-0
-0
7.68186
-0
37.0022
-0
-0
1.79479
-0
-0
33.6587
-0
-0
-0
-0
-0
6.52754
-0
-0
-0
-0
-0
-0
-0
-0
-0
-0
-0
-0
-0
-0
-0
2.93503
-0
-0
-0
-0
-0
-0
2.58442
-0
-0
-0
-0
-0
-0
-0
17.8722
26.2117
-0
-0
-0
28.2408
-0
-0
7.819
19.8184
-0
-0
-0
36.2975
-0
68.0986
-0
-0
-0
-0
-0
-0
-0
-0
43.6963
-0
-0
-0
-0
-0
-0
-0
-0
-0
-0
-0
-0
-0
-0
-0
-0
-0
-0
-0
-0
-0
15.967
-0
-0
-0
0.571493
-0
-0
-0
-0
-0
-0
-0
4.26169
-0
-0
-0
-0
-0
13.9646
-0
-0
-0
-0
-0
-0
-0
-0
0.0151752
33.6061
-0
-0
-0
49.3712
-0
21.8109
-0
7.1099
-0
-0
10.6212
-0
-0
-0
-0
7.85089
-0
-0
-0
32.3281
-0
-0
-0
-0
-0
-0
-0
7.42012
-0
-0
-0
36.7814
-0
-0
-0
-0
28.5885
-0
24.0184
-0
-0
-0
4.78819
-0
-0
-0
1.7267
1.46054
-0
-0
-0
-0
-0
-0
-0
-0
-0
3.09572
-0
-0
-0
-0
-0
55.4026
3.24813
-0
-0
-0
-0
-0
-0
-0
-0
-0
-0
-0
-0
-0
-0
-0
-0
-0
12.9347
-0
-0
-0
-0
-0
-0
12.7696
-0
-0
-0
-0
2.00498
-0
-0
-0
-0
-0
-0
-0
-0
-0
-0
12.9113
16.9629
-0
22.7128
14.7138
-0
-0
-0
-0
-0
-0
-0
12.194
-0
-0
10.6807
-0
13.2813
4.66295
-0
-0
-0
-0
-0
39.2109
-0
-0
-0
15.1154
21.7719
-0
-0
15.562
-0
-0
-0
19.2421
-0
-0
-0
-0
17.6446
-0
6.11143
28.7927
0.830603
-0
6.36864
-0
-0
-0
12.0329
-0
-0
6.82934
-0
-0
19.2187
6.70775
-0
-0
3.33255
-0
-0
-0
28.1205
46.9286
-0
27.9189
1.60004
-0
-0
-0
-0
-0
11.9441
-0
-0
-0
-0
-0
-0
0.728635
-0
-0
18.1454
-0
-0
2.37768
-0
-0
-0
-0
-0
22.6381
-0
-0
-0
31.3849
-0
-0
28.3305
-0
57.3787
22.9775
24.4746
4.60429
35.1381
-0
17.9356
-0
-0
-0
-0
-0
3.01985
12.367
-0
-0
56.1964
-0
-0
-0
7.65379
-0
-0
-0
-0
-0
-0
-0
-0
-0
-0
20.7622
11.2454
-0
35.678
-0
8.78105
3.39966
-0
9.51202
-0
-0
-0
-0
-0
10.2411
-0
18.0208
-0
-0
-0
-0
-0
-0
-0
-0
-0
-0
23.188
-0
60.7213
-0
4.4794
-0
-0
-0
-0
-0
-0
-0
-0
-0
-0
21.0362
-0
-0
-0
8.6917
14.1591
-0
-0
33.438
12.4544
-0
-0
-0
-0
-0
16.7972
0.0630402
27.028
-0
-0
-0
-0
-0
36.4518
-0
-0
-0
-0
-0
-0
-0
-0
10.0427
0.16788
-0
-0
-0
-0
-0
38.4763
-0
-0
-0
-0
-0
-0
17.5889
-0
-0
24.2202
14.6828
28.8222
-0
-0
-0
-0
34.5573
-0
-0
-0
-0
-0
-0
-0
-0
47.3419
-0
17.6125
-0
-0
-0
-0
38.224
1.59705
12.8592
-0
-0
-0
-0
-0
-0
-0
-0
-0
-0
6.82017
10.3523
-0
28.2255
-0
20.1624
9.15455
-0
15.7264
-0
-0
-0
23.9032
-0
-0
-0
-0
-0
-0
8.98243
-0
-0
22.9642
-0
-0
-0
-0
4.62293
-0
-0
2.47283
-0
-0
-0
-0
9.48712
12.7158
-0
-0
-0
13.027
-0
-0
7.24136
-0
-0
-0
-0
-0
-0
10.0308
12.9889
-0
-0
-0
-0
-0
-0
-0
-0
-0
13.5747
-0
2.13682
-0
-0
-0
-0
28.3338
-0
-0
-0
13.8234
-0
-0
-0
-0
-0
-0
-0
-0
-0
7.76513
8.99047
-0
-0
18.2263
-0
-0
-0
-0
8.16254
-0
-0
-0
49.8334
-0
19.1959
-0
-0
-0
-0
-0
-0
-0
-0
-0
-0
-0
-0
-0
-0
-0
-0
-0
33.2902
-0
5.20138
16.6764
-0
30.2354
28.728
0.829162
7.78989
7.09173
12.4322
-0
-0
-0
-0
2.07728
-0
-0
-0
-0
-0
-0
-0
8.42166
-0
-0
-0
-0
-0
-0
60.7676
-0
-0
-0
-0
34.0734
4.5277
-0
-0
-0
-0
-0
32.0723
-0
-0
-0
-0
6.38911
-0
35.168
-0
-0
34.0838
29.6055
-0
-0
18.2193
-0
46.7304
-0
-0
4.18617
-0
-0
-0
2.16977
-0
-0
0.992225
-0
-0
-0
-0
-0
-0
68.2473
-0
-0
-0
-0
22.1591
-0
42.8802
-0
16.5976
1.11288
-0
47.5068
-0
-0
-0
-0
-0
-0
-0
5.41936
-0
-0
-0
5.83299
-0
-0
-0
-0
-0
-0
12.848
-0
-0
-0
-0
2.55643
-0
-0
-0
-0
2.48703
-0
-0
1.7875
-0
-0
10.8815
-0
-0
2.78162
-0
-0
-0
20.666
-0
20.3683
44.5366
-0
10.4061
-0
-0
49.473
-0
-0
-0
-0
30.4155
-0
-0
8.76312
-0
43.7538
-0
-0
-0
-0
-0
63.5175
-0
6.27774
-0
15.0522
-0
-0
-0
3.29064
-0
1.97329
-0
-0
-0
-0
-0
-0
-0
-0
-0
10.7621
35.7682
-0
-0
0.657569
-0
-0
-0
-0
-0
-0
-0
-0
-0
16.9917
-0
-0
-0
-0
-0
-0
26.0001
-0
-0
-0
-0
-0
-0
-0
0.0527058
-0
33.769
-0
-0
-0
-0
-0
-0
-0
-0
-0
-0
19.0467
48.2607
-0
-0
-0
51.5717
8.68536
2.38298
0.698475
-0
-0
42.4126
-0
-0
-0
-0
-0
-0
28.408
-0
-0
-0
13.328
-0
-0
27.0513
29.8816
-0
6.04663
14.5737
0.397623
31.8941
-0
5.55283
-0
-0
-0
9.54504
-0
1.64526
-0
40.3461
-0
26.2238
0.794942
4.43377
-0
-0
-0
-0
-0
20.2877
-0
-0
-0
16.1968
-0
0.133774
-0
-0
-0
5.67366
8.39069
-0
-0
-0
0.196126
-0
7.55195
-0
-0
14.9458
-0
-0
50.1487
-0
5.43951
-0
-0
-0
-0
-0
-0
18.7893
43.646
-0
0.0320619
-0
-0
-0
-0
5.8954
-0
-0
-0
-0
7.92093
-0
-0
30.6535
-0
-0
-0
-0
-0
42.0839
-0
24.4221
63.8318
-0
-0
17.8667
-0
-0
-0
-0
8.79339
-0
7.06411
13.2557
-0
-0
-0
-0
-0
43.2109
-0
-0
-0
-0
-0
-0
-0
-0
-0
-0
-0
1.07433
0.304108
20.4367
65.5902
-0
21.3563
-0
-0
-0
2.03523
-0
-0
-0
3.47439
-0
1.81931
-0
-0
-0
-0
-0
-0
47.088
-0
11.9848
9.33311
-0
-0
-0
-0
-0
17.8837
-0
-0
13.2378
-0
-0
-0
10.3967
-0
-0
-0
13.281
-0
-0
45.4128
-0
-0
25.7742
-0
-0
-0
22.4367
-0
-0
-0
-0
-0
-0
-0
-0
-0
-0
-0
-0
-0
-0
-0
-0
-0
-0
4.8025
-0
50.6867
-0
-0
-0
-0
-0
-0
-0
-0
-0
-0
-0
-0
7.76367
10.2404
-0
-0
27.9837
-0
-0
-0
0.580554
-0
-0
-0
-0
-0
12.2543
-0
-0
-0
15.0944
24.2618
-0
-0
-0
31.1171
17.0342
18.1467
-0
-0
-0
-0
71.3059
-0
-0
15.7505
12.8076
42.1629
-0
30.5915
-0
-0
-0
33.4067
-0
-0
17.0953
27.4817
-0
12.9907
-0
-0
-0
-0
-0
-0
-0
33.2466
-0
-0
-0
33.4362
-0
-0
-0
-0
-0
-0
-0
46.7268
-0
-0
-0
-0
-0
2.92599
-0
-0
-0
-0
-0
27.4028
36.7807
52.7633
-0
-0
12.8432
-0
-0
21.763
-0
-0
-0
-0
-0
-0
-0
9.49337
-0
-0
10.7503
5.54304
-0
-0
-0
-0
-0
-0
30.9392
35.1743
-0
23.0205
-0
-0
-0
-0
-0
11.9551
-0
-0
-0
34.8507
-0
-0
-0
-0
-0
-0
-0
-0
-0
-0
28.5671
-0
-0
24.1644
-0
-0
-0
-0
-0
-0
-0
4.4019
36.6393
-0
-0
12.5774
-0
-0
-0
16.8915
2.42039
-0
-0
19.8281
-0
-0
33.4269
-0
5.02686
-0
-0
63.4865
-0
-0
-0
-0
-0
34.524
-0
6.05204
-0
-0
-0
-0
-0
28.2322
84.2687
7.19954
-0
-0
-0
-0
0.880621
-0
-0
-0
-0
3.02147
-0
-0
34.4198
-0
-0
-0
-0
-0
-0
-0
12.5446
-0
13.7893
-0
-0
0.649558
-0
-0
-0
-0
-0
10.0987
-0
-0
-0
-0
18.4414
-0
5.6209
-0
-0
-0
-0
-0
-0
-0
-0
-0
-0
-0
-0
-0
-0
21.7503
-0
-0
-0
-0
-0
-0
28.292
-0
1.94673
-0
-0
-0
28.7528
-0
-0
-0
-0
0.407642
-0
-0
28.192
-0
22.8539
-0
9.63912
1.80544
17.1964
-0
-0
-0
4.77325
-0
-0
-0
31.861
-0
-0
18.6291
-0
-0
13.7277
-0
-0
-0
-0
-0
-0
-0
-0
43.3364
-0
-0
-0
-0
-0
-0
-0
-0
-0
55.8152
-0
-0
-0
-0
-0
-0
-0
-0
-0
-0
0.838329
-0
-0
16.8498
55.7432
49.0537
-0
-0
-0
-0
37.8257
-0
-0
-0
-0
-0
-0
-0
-0
-0
-0
18.1126
-0
10.7757
-0
47.1471
-0
-0
-0
-0
-0
-0
-0
-0
-0
-0
5.87242
37.0958
-0
-0
-0
-0
-0
-0
-0
34.8719
-0
-0
-0
-0
48.0681
-0
22.6018
-0
16.4028
-0
22.7199
8.29225
-0
-0
-0
13.686
15.7438
-0
-0
-0
5.3884
7.38435
24.8672
19.1629
-0
-0
4.06607
-0
-0
-0
0.419902
-0
-0
-0
-0
-0
-0
-0
1.06943
6.19834
-0
-0
-0
-0
-0
-0
-0
12.6409
4.87139
-0
-0
-0
-0
-0
-0
-0
-0
-0
3.95068
-0
-0
-0
-0
-0
-0
-0
-0
27.7374
38.6682
-0
6.19353
10.0976
-0
44.4005
-0
-0
-0
-0
-0
-0
17.2935
-0
-0
21.7218
14.9377
-0
-0
-0
72.4491
-0
-0
-0
-0
4.95059
4.30376
11.1215
-0
