2.3243
-0
-0
-0
-0
-0
-0
37.1306
70.8324
-0
-0
-0
-0
-0
-0
12.264
-0
-0
-0
-0
-0
-0
-0
-0
-0
27.708
41.294
-0
-0
-0
-0
-0
-0
-0
3.93116
-0
-0
-0
-0
-0
-0
-0
-0
23.2471
-0
-0
-0
-0
-0
-0
-0
-0
-0
-0
-0
-0
-0
4.47963
54.7979
-0
-0
-0
3.96467
-0
29.4783
-0
58.1073
15.3014
10.7269
2.86845
-0
-0
-0
-0
-0
10.0001
17.8051
16.4592
-0
-0
-0
92.7496
-0
14.0325
24.7604
-0
-0
-0
-0
-0
-0
-0
-0
-0
-0
-0
14.3305
-0
-0
-0
-0
-0
-0
-0
-0
-0
20.7402
-0
-0
1.5249
-0
-0
-0
-0
-0
34.3458
-0
-0
22.371
16.4211
12.381
-0
-0
-0
54.5199
-0
-0
-0
-0
25.4558
35.8027
30.809
-0
-0
6.22931
-0
-0
2.13658
-0
16.6508
3.48966
-0
-0
-0
-0
-0
-0
-0
-0
-0
-0
0.0112314
-0
-0
19.1409
-0
27.8719
-0
-0
0.669718
-0
-0
-0
68.5672
-0
-0
-0
-0
-0
32.3529
-0
5.15074
-0
-0
-0
-0
-0
-0
-0
-0
-0
-0
-0
-0
-0
69.5011
-0
-0
52.1217
-0
-0
7.86416
-0
66.6135
-0
-0
-0
-0
-0
-0
-0
-0
-0
-0
-0
-0
-0
27.5189
-0
-0
-0
-0
2.62298
-0
-0
-0
-0
-0
-0
-0
14.7967
-0
-0
-0
-0
-0
-0
-0
-0
-0
-0
-0
-0
-0
-0
-0
-0
-0
-0
-0
-0
18.641
-0
-0
-0
-0
106.05
-0
-0
-0
-0
-0
-0
7.85047
9.0096
-0
-0
-0
-0
-0
-0
-0
-0
-0
-0
-0
-0
-0
-0
-0
-0
56.6865
50.4131
12.8684
-0
-0
-0
-0
-0
-0
-0
-0
-0
22.3739
-0
-0
-0
17.2586
-0
-0
19.6079
51.5176
21.9417
-0
-0
-0
-0
-0
-0
-0
-0
-0
7.00387
-0
5.45679
39.0879
-0
-0
22.9174
-0
-0
-0
-0
-0
-0
1.47343
-0
-0
-0
-0
-0
-0
37.9569
23.2923
18.6404
-0
-0
-0
-0
-0
-0
-0
-0
-0
-0
-0
-0
-0
-0
13.6559
-0
-0
-0
4.28772
-0
-0
-0
11.166
35.876
-0
4.18328
-0
-0
-0
27.9284
-0
-0
-0
-0
-0
45.8937
-0
-0
21.3226
-0
0.480726
-0
-0
49.287
-0
-0
-0
1.68924
77.9574
-0
-0
0.820307
-0
-0
-0
-0
-0
-0
-0
-0
-0
-0
-0
-0
-0
37.3204
15.3255
-0
-0
-0
-0
-0
-0
-0
-0
-0
-0
-0
-0
-0
-0
-0
-0
-0
22.541
-0
-0
-0
-0
-0
39.6412
-0
-0
-0
-0
33.4568
-0
-0
-0
-0
-0
0.78951
26.8532
6.17849
-0
-0
5.5222
13.9092
-0
30.8009
-0
7.83785
-0
-0
-0
-0
-0
45.7009
-0
-0
-0
-0
30.3283
-0
-0
39.7463
-0
-0
-0
28.9569
54.8361
-0
-0
-0
-0
-0
-0
-0
-0
-0
72.287
21.4955
-0
-0
-0
-0
-0
-0
-0
-0
-0
36.0031
-0
-0
-0
-0
-0
-0
-0
-0
-0
-0
13.9531
-0
-0
47.6879
-0
16.4976
3.56651
-0
13.4637
41.7875
-0
-0
-0
6.5208
-0
17.8093
27.4856
-0
-0
5.12303
-0
-0
-0
-0
-0
37.7498
-0
-0
32.0064
-0
-0
29.8238
-0
50.9349
-0
9.8439
25.4057
-0
-0
-0
32.4021
-0
-0
-0
-0
-0
-0
14.7405
-0
15.6512
12.0209
-0
-0
-0
-0
-0
-0
-0
-0
23.3992
-0
-0
3.49279
-0
-0
-0
-0
60.3473
41.0721
-0
-0
1.31724
10.6348
-0
-0
28.3938
-0
-0
-0
-0
-0
-0
-0
-0
-0
-0
0.84061
-0
11.3529
-0
-0
31.6423
6.22947
-0
-0
-0
-0
-0
-0
-0
-0
17.3095
51.4191
-0
-0
20.6544
-0
-0
-0
-0
11.3764
3.32349
-0
-0
-0
-0
-0
-0
-0
-0
-0
-0
-0
-0
-0
-0
-0
-0
2.78881
33.0881
-0
-0
1.54946
-0
-0
-0
-0
-0
-0
-0
-0
-0
-0
-0
-0
-0
-0
-0
-0
4.66121
-0
-0
5.09305
-0
-0
-0
-0
23.4982
-0
-0
-0
3.7262
-0
-0
-0
-0
-0
-0
12.1083
20.3861
-0
-0
-0
-0
-0
54.0169
-0
-0
59.6161
-0
-0
-0
-0
-0
-0
-0
-0
2.87404
44.3073
-0
-0
0.20833
-0
3.68116
28.9355
-0
-0
-0
-0
-0
-0
-0
-0
-0
-0
-0
-0
-0
23.073
-0
-0
-0
32.6043
7.63082
-0
-0
-0
-0
-0
-0
-0
-0
-0
-0
-0
-0
-0
-0
-0
-0
-0
-0
-0
-0
-0
-0
-0
-0
-0
-0
-0
-0
-0
32.9636
-0
-0
41.1812
-0
-0
-0
1.28442
-0
-0
-0
-0
-0
-0
-0
5.30541
-0
-0
-0
-0
11.3751
-0
-0
-0
-0
-0
-0
-0
22.9538
-0
-0
-0
-0
-0
-0
2.82621
42.5033
9.47332
-0
7.46866
-0
-0
-0
-0
-0
-0
-0
-0
-0
60.3076
0.37139
-0
9.68677
-0
-0
-0
26.405
71.0775
-0
-0
-0
-0
-0
-0
10.0305
-0
-0
-0
10.6891
-0
46.2617
-0
8.58593
-0
-0
13.5337
-0
0.210673
0.0613785
-0
-0
-0
-0
-0
-0
-0
-0
-0
-0
31.2013
-0
-0
0.141527
-0
-0
-0
-0
3.53644
-0
-0
51.3375
-0
26.7289
36.2459
-0
-0
25.841
-0
-0
-0
-0
-0
-0
-0
-0
36.3279
18.5883
-0
1.96448
-0
-0
-0
-0
44.7927
-0
-0
-0
-0
-0
-0
-0
-0
-0
-0
15.9012
-0
-0
-0
-0
-0
-0
-0
-0
-0
-0
53.8271
-0
-0
-0
-0
-0
-0
-0
-0
-0
38.6285
-0
12.435
24.8472
-0
-0
-0
1.47346
-0
-0
-0
5.54739
-0
-0
2.60876
-0
16.9754
-0
-0
-0
-0
12.5153
-0
-0
-0
10.7395
-0
-0
-0
-0
-0
-0
-0
-0
16.1764
-0
-0
-0
-0
11.6333
-0
-0
6.98357
-0
-0
-0
48.5013
-0
-0
-0
-0
-0
-0
-0
-0
-0
6.48872
-0
-0
-0
-0
22.6131
-0
-0
-0
-0
-0
-0
-0
-0
-0
-0
-0
-0
-0
-0
-0
35.7818
-0
-0
-0
-0
-0
-0
70.0897
-0
40.2222
-0
4.57273
-0
-0
21.7653
45.632
-0
-0
-0
-0
-0
-0
-0
-0
-0
-0
-0
-0
-0
53.5738
-0
-0
-0
-0
-0
-0
-0
-0
-0
-0
8.51494
-0
-0
5.3116
-0
29.288
-0
-0
-0
-0
-0
26.143
23.5539
20.8511
-0
-0
-0
-0
-0
-0
15.9626
-0
-0
-0
-0
-0
-0
-0
-0
-0
-0
-0
-0
-0
-0
-0
-0
4.56196
-0
-0
-0
-0
62.2118
-0
-0
6.53179
-0
-0
-0
-0
1.88761
-0
-0
-0
3.95841
-0
-0
-0
-0
-0
6.21363
-0
-0
45.4231
-0
-0
-0
-0
-0
-0
-0
-0
-0
28.2834
-0
-0
-0
-0
-0
-0
-0
-0
-0
-0
-0
6.72868
-0
2.81672
-0
-0
-0
26.5411
-0
-0
-0
45.6672
-0
-0
-0
-0
31.5853
-0
-0
-0
4.12766
-0
-0
-0
-0
20.524
-0
9.65205
-0
-0
-0
33.4286
5.72998
-0
-0
-0
-0
-0
27.9985
-0
-0
-0
-0
-0
-0
-0
11.6599
2.9438
-0
-0
-0
-0
-0
0.65349
-0
-0
-0
-0
18.9498
-0
-0
-0
-0
-0
20.274
-0
-0
-0
97.1455
38.6053
-0
-0
22.0293
15.9241
-0
-0
-0
-0
-0
-0
-0
-0
-0
-0
-0
2.18289
-0
-0
-0
-0
-0
-0
-0
-0
-0
40.2045
69.2113
28.0413
10.8269
-0
-0
-0
12.7015
-0
-0
-0
-0
27.5455
-0
-0
-0
-0
-0
-0
-0
-0
5.84302
-0
-0
-0
-0
-0
-0
-0
-0
-0
8.06821
-0
-0
-0
-0
-0
17.9544
-0
79.2594
-0
-0
-0
-0
52.2283
-0
-0
-0
33.2159
-0
33.9941
-0
-0
-0
-0
-0
-0
31.0933
-0
-0
-0
-0
-0
-0
-0
-0
-0
-0
19.0133
-0
-0
-0
-0
-0
7.54422
-0
-0
-0
-0
69.9232
-0
-0
-0
-0
-0
-0
-0
-0
27.0099
22.7796
-0
-0
40.2869
-0
-0
-0
-0
2.98111
-0
-0
-0
-0
-0
-0
-0
-0
10.6334
-0
32.191
-0
69.9415
-0
23.3946
-0
-0
-0
-0
5.2094
-0
-0
-0
-0
-0
25.4798
-0
43.6795
15.6834
-0
2.17443
65.9181
-0
-0
-0
-0
-0
-0
-0
-0
58.3557
-0
-0
71.5636
44.2847
-0
-0
-0
-0
-0
-0
-0
-0
-0
-0
-0
-0
-0
-0
-0
24.2497
13.9753
-0
-0
-0
37.0008
-0
6.79455
-0
-0
-0
12.7534
-0
16.1738
-0
-0
-0
-0
-0
-0
-0
-0
3.18095
-0
-0
-0
-0
0.624524
-0
25.8547
30.2712
-0
12.9145
-0
-0
56.3096
-0
-0
-0
-0
-0
-0
-0
-0
-0
-0
-0
7.84463
-0
-0
-0
-0
-0
23.9943
-0
14.1547
7.21857
-0
25.1489
55.6887
69.8056
-0
-0
-0
-0
-0
-0
-0
7.44535
-0
-0
-0
-0
-0
-0
-0
18.8435
-0
24.5159
-0
-0
52.9001
-0
-0
-0
-0
-0
-0
-0
-0
-0
-0
3.28133
-0
22.4233
-0
-0
18.0767
0.664133
9.01891
-0
-0
-0
-0
-0
-0
-0
-0
-0
39.8117
-0
-0
-0
6.58162
-0
32.3977
-0
-0
-0
-0
-0
-0
-0
-0
-0
-0
-0
-0
-0
-0
-0
-0
5.04322
-0
-0
-0
20.186
-0
-0
-0
-0
-0
-0
-0
-0
-0
-0
-0
-0
-0
-0
16.2177
-0
-0
-0
22.6445
9.15454
-0
-0
24.5776
-0
-0
-0
-0
-0
27.9291
-0
7.41272
27.0028
-0
-0
2.41024
2.99651
-0
-0
-0
-0
-0
-0
-0
-0
-0
-0
-0
-0
-0
-0
-0
-0
-0
-0
73.1132
-0
-0
-0
-0
-0
-0
0.489557
-0
-0
-0
-0
21.7711
-0
-0
-0
-0
-0
-0
-0
0.566784
23.9891
-0
-0
-0
-0
-0
-0
-0
57.6466
-0
-0
-0
-0
-0
-0
-0
-0
-0
-0
51.1857
-0
-0
5.40843
8.74779
3.07291
-0
-0
-0
-0
-0
-0
-0
35.392
8.84269
-0
-0
9.3466
-0
-0
-0
45.7271
-0
-0
-0
-0
49.5217
-0
-0
-0
-0
-0
12.8118
-0
-0
-0
-0
-0
-0
34.0779
-0
-0
-0
-0
-0
-0
-0
-0
-0
26.6079
-0
0.639618
-0
1.39651
-0
-0
-0
-0
-0
-0
-0
7.63988
-0
-0
-0
-0
-0
-0
-0
-0
-0
-0
-0
-0
-0
-0
-0
66.0406
-0
-0
-0
-0
-0
21.8244
-0
-0
-0
74.0258
-0
-0
-0
-0
-0
-0
1.81495
20.113
41.1909
3.74586
-0
-0
-0
-0
-0
10.135
-0
-0
-0
-0
19.2815
-0
-0
-0
-0
-0
-0
-0
86.4203
-0
-0
-0
-0
-0
37.6365
-0
-0
-0
-0
-0
-0
10.7118
-0
-0
-0
-0
10.4598
2.44844
-0
11.7135
-0
-0
-0
-0
-0
-0
-0
13.7213
34.5905
-0
-0
-0
-0
-0
3.29368
-0
3.44825
-0
-0
-0
-0
-0
19.6748
-0
-0
-0
-0
8.79849
-0
-0
-0
-0
16.3006
-0
-0
-0
31.4164
-0
-0
8.08357
-0
14.9587
-0
-0
-0
-0
-0
-0
-0
-0
-0
18.0574
-0
-0
-0
-0
-0
-0
-0
2.56113
-0
-0
-0
25.3571
-0
-0
5.00959
-0
-0
-0
-0
-0
-0
-0
41.3891
-0
-0
-0
35.0712
-0
-0
-0
-0
16.2381
47.9678
-0
-0
29.0755
6.38985
17.0339
-0
-0
-0
-0
-0
-0
-0
-0
-0
-0
-0
-0
-0
-0
11.1343
-0
-0
-0
-0
-0
-0
-0
-0
-0
-0
-0
-0
-0
-0
-0
-0
86.0744
-0
-0
-0
-0
-0
-0
-0
-0
-0
-0
-0
-0
7.54993
-0
-0
-0
-0
-0
-0
-0
-0
-0
-0
-0
-0
-0
-0
-0
-0
74.7168
21.0317
-0
-0
-0
-0
-0
3.66527
-0
-0
-0
21.1534
-0
52.9423
0.941543
42.1678
-0
-0
-0
-0
-0
-0
-0
-0
-0
-0
-0
40.2113
-0
1.10969
-0
-0
-0
-0
-0
-0
-0
5.9274
-0
-0
-0
10.073
-0
-0
67.0047
-0
-0
-0
7.00848
-0
-0
-0
-0
-0
-0
-0
-0
-0
76.3349
-0
-0
-0
42.6667
-0
-0
83.3687
20.0709
-0
-0
4.20782
-0
2.61653
38.61
-0
0.491416
-0
-0
-0
-0
-0
-0
-0
-0
-0
-0
12.7443
-0
-0
-0
-0
-0
-0
-0
8.86545
-0
-0
-0
-0
11.6574
-0
-0
15.6643
-0
-0
18.887
-0
-0
-0
-0
-0
-0
-0
44.9435
-0
-0
-0
-0
44.2702
-0
-0
-0
-0
-0
40.3068
-0
-0
58.977
34.4969
-0
-0
-0
-0
-0
-0
-0
-0
-0
-0
-0
27.7908
-0
-0
-0
-0
0.133071
-0
52.1665
-0
43.3742
-0
-0
-0
-0
-0
-0
-0
-0
42.7428
10.3925
-0
55.7495
-0
-0
6.25937
-0
-0
-0
-0
12.8925
-0
-0
-0
26.7294
22.1959
-0
53.9636
-0
-0
-0
4.96695
-0
-0
-0
9.54671
-0
-0
31.0162
13.8985
-0
-0
-0
-0
-0
15.3353
-0
-0
-0
39.2003
-0
-0
31.14
-0
-0
-0
-0
56.509
8.21774
-0
2.68519
-0
10.5705
-0
-0
-0
-0
-0
-0
-0
-0
-0
-0
-0
-0
6.16307
-0
-0
-0
-0
-0
-0
-0
-0
23.4098
-0
-0
-0
-0
-0
-0
9.95014
-0
-0
-0
-0
-0
-0
-0
-0
-0
-0
-0
-0
-0
-0
-0
-0
-0
72.3565
-0
-0
-0
-0
-0
-0
0.456813
2.84527
-0
-0
-0
-0
1.40479
-0
-0
-0
80.6033
-0
9.09907
-0
-0
51.0232
-0
-0
-0
70.8991
-0
11.7777
34.9499
-0
-0
9.04141
-0
-0
-0
37.0864
-0
-0
-0
-0
-0
-0
-0
5.19478
15.7556
-0
28.7388
12.8609
-0
-0
-0
-0
8.07434
-0
-0
31.6523
-0
-0
-0
-0
-0
-0
17.2468
-0
-0
43.2137
-0
-0
-0
-0
-0
-0
-0
-0
-0
43.8716
-0
-0
-0
-0
-0
-0
-0
34.7164
10.6592
-0
-0
-0
5.29197
-0
7.55696
-0
-0
-0
-0
38.6745
-0
-0
-0
-0
-0
-0
-0
-0
10.6355
-0
47.3934
-0
10.5741
-0
-0
-0
18.1776
3.16476
-0
-0
-0
-0
-0
28.4558
-0
-0
-0
-0
-0
-0
-0
108.231
-0
-0
-0
12.2304
-0
41.4127
1.18266
-0
-0
-0
27.1666
16.6984
-0
-0
-0
-0
-0
-0
-0
-0
-0
-0
-0
-0
-0
-0
-0
-0
-0
-0
-0
-0
-0
-0
-0
-0
43.1451
-0
-0
-0
-0
-0
-0
-0
-0
2.30471
-0
11.1477
-0
-0
-0
-0
-0
-0
-0
-0
-0
-0
5.08404
-0
-0
-0
-0
-0
34.4551
4.75225
-0
-0
-0
13.4936
-0
-0
-0
-0
-0
-0
-0
-0
-0
-0
-0
72.7154
-0
1.52194
-0
-0
-0
-0
-0
12.1074
-0
-0
-0
-0
-0
-0
-0
-0
-0
-0
-0
-0
23.9391
-0
-0
-0
-0
-0
34.149
-0
-0
0.256252
-0
-0
-0
-0
-0
-0
-0
-0
17.5859
-0
-0
42.4423
-0
-0
44.2881
-0
24.2021
-0
5.53414
-0
-0
-0
-0
-0
25.4926
-0
6.68299
0.97605
-0
-0
0.239861
-0
-0
4.43513
-0
-0
-0
-0
-0
37.0979
27.1419
-0
11.7194
-0
-0
5.39934
-0
-0
-0
-0
-0
-0
-0
-0
-0
-0
-0
-0
25.8929
-0
-0
-0
-0
-0
11.3796
-0
23.0226
-0
-0
-0
-0
-0
-0
-0
-0
-0
30.2018
-0
24.7693
-0
-0
61.9888
-0
9.26792
-0
-0
-0
-0
-0
-0
-0
-0
-0
-0
-0
-0
-0
-0
-0
-0
-0
-0
-0
-0
-0
-0
-0
-0
31.2456
-0
-0
-0
-0
-0
-0
-0
-0
-0
-0
20.4233
-0
-0
-0
-0
-0
-0
3.67402
-0
-0
-0
-0
-0
-0
-0
-0
-0
-0
-0
-0
-0
-0
45.1828
-0
-0
-0
-0
-0
-0
-0
-0
-0
-0
-0
-0
-0
-0
-0
-0
-0
-0
-0
-0
-0
7.08314
-0
-0
-0
22.337
8.20662
-0
-0
-0
-0
14.2169
51.4242
10.386
27.529
-0
50.7629
-0
-0
-0
-0
-0
-0
-0
-0
40.1048
-0
-0
-0
17.7499
-0
15.0819
-0
-0
-0
8.32193
-0
-0
-0
-0
-0
-0
-0
-0
19.3203
-0
-0
-0
-0
-0
-0
-0
-0
-0
-0
-0
-0
-0
-0
-0
-0
-0
-0
15.8407
-0
-0
-0
-0
-0
-0
-0
-0
-0
-0
-0
-0
-0
8.17574
-0
-0
-0
-0
-0
-0
-0
-0
-0
-0
-0
-0
-0
1.18396
-0
8.66736
-0
48.1953
-0
-0
-0
-0
-0
34.6312
-0
-0
-0
1.38913
-0
-0
-0
-0
-0
-0
-0
-0
-0
-0
-0
-0
-0
-0
-0
-0
-0
-0
-0
-0
-0
-0
-0
-0
0.740714
-0
-0
-0
9.27812
-0
-0
-0
-0
-0
-0
-0
-0
6.89071
-0
-0
51.3596
-0
-0
-0
-0
-0
-0
9.4424
-0
-0
-0
-0
-0
-0
-0
-0
29.1664
-0
1.43379
-0
-0
-0
-0
-0
-0
-0
4.82312
-0
-0
-0
-0
-0
-0
-0
-0
-0
-0
-0
4.3838
-0
-0
-0
-0
-0
-0
-0
-0
-0
-0
-0
14.0405
-0
-0
-0
18.5225
-0
16.3427
-0
-0
-0
-0
-0
-0
-0
7.72618
11.0847
26.0577
0.76146
-0
-0
22.5258
-0
12.269
-0
3.14277
-0
-0
-0
-0
12.7607
-0
-0
-0
-0
-0
-0
46.0912
0.848724
-0
-0
-0
-0
34.7277
4.26575
-0
-0
-0
-0
-0
-0
-0
-0
-0
40.3216
-0
46.5816
-0
-0
-0
19.0848
-0
-0
42.9924
-0
24.7299
-0
-0
-0
-0
-0
-0
-0
-0
-0
-0
-0
-0
-0
64.6366
-0
-0
40.381
-0
-0
-0
-0
-0
-0
-0
-0
-0
-0
4.34811
-0
-0
-0
26.2833
-0
-0
25.9431
-0
-0
-0
-0
-0
-0
-0
-0
-0
-0
-0
-0
-0
-0
-0
2.67734
-0
-0
-0
-0
20.0834
10.0385
-0
69.0349
-0
-0
-0
5.26839
-0
-0
-0
6.47346
37.4984
-0
61.9081
-0
-0
-0
-0
23.7822
0.0447798
-0
-0
-0
-0
-0
13.2869
-0
-0
-0
-0
15.141
-0
-0
44.8507
-0
-0
4.71934
9.93155
29.7275
-0
-0
-0
45.4488
-0
28.6612
-0
-0
-0
-0
-0
-0
-0
-0
-0
-0
-0
-0
-0
-0
-0
3.18788
-0
-0
-0
-0
-0
23.745
-0
-0
54.2754
44.466
-0
-0
-0
-0
-0
-0
-0
8.20634
-0
-0
-0
-0
25.4717
-0
-0
25.8524
-0
-0
-0
-0
29.8223
-0
-0
-0
-0
-0
-0
-0
-0
-0
-0
2.3797
-0
30.523
33.9489
-0
-0
-0
-0
25.7121
-0
3.27847
-0
-0
-0
-0
28.5711
-0
-0
13.7111
-0
-0
-0
66.8977
-0
-0
-0
23.1965
-0
-0
-0
-0
-0
-0
16.1186
-0
-0
-0
-0
-0
-0
-0
5.22158
-0
-0
-0
-0
-0
-0
-0
47.3944
-0
-0
-0
-0
-0
-0
-0
-0
-0
-0
-0
21.3896
63.0119
-0
73.6148
-0
-0
-0
-0
-0
-0
-0
-0
-0
-0
41.6485
-0
-0
-0
-0
3.96989
-0
7.89577
28.2216
13.7872
-0
-0
-0
-0
0.810844
36.8084
-0
-0
-0
-0
-0
-0
-0
-0
-0
-0
-0
-0
-0
-0
-0
-0
-0
-0
-0
-0
-0
-0
-0
-0
-0
-0
-0
-0
-0
-0
-0
-0
-0
16.8687
27.9561
52.7853
-0
-0
-0
-0
4.73249
-0
-0
-0
-0
-0
0.131465
-0
-0
-0
-0
24.8898
-0
2.46889
-0
-0
4.14223
-0
20.606
-0
-0
-0
-0
-0
-0
-0
-0
-0
-0
-0
38.1362
-0
-0
-0
-0
-0
-0
-0
-0
-0
-0
-0
0.613505
-0
-0
-0
20.5221
-0
-0
-0
-0
17.7181
-0
-0
13.2702
-0
-0
-0
-0
-0
-0
-0
12.3214
-0
-0
-0
-0
33.4918
-0
10.1998
-0
-0
-0
-0
-0
-0
-0
-0
-0
25.1648
0.785947
-0
-0
-0
-0
-0
-0
-0
-0
-0
-0
-0
2.01073
-0
-0
-0
40.0129
6.86775
-0
-0
-0
27.935
-0
-0
-0
-0
-0
-0
-0
-0
-0
32.4735
12.2022
-0
-0
-0
-0
-0
-0
26.596
-0
-0
-0
-0
9.9118
-0
12.3781
-0
15.0934
-0
-0
-0
-0
-0
-0
-0
-0
1.94448
-0
-0
-0
-0
-0
-0
-0
-0
-0
4.23667
-0
13.1418
32.6203
-0
11.2071
4.10236
-0
-0
-0
-0
-0
1.46149
-0
-0
2.47356
-0
-0
-0
-0
-0
-0
-0
-0
-0
-0
-0
36.9201
-0
-0
-0
-0
38.9289
-0
13.1554
-0
-0
-0
-0
60.6803
-0
-0
-0
-0
-0
-0
14.1494
-0
-0
4.54651
-0
-0
-0
16.2516
-0
81.5977
-0
-0
-0
-0
-0
-0
-0
-0
-0
-0
-0
-0
-0
-0
-0
-0
63.3581
-0
-0
-0
-0
-0
-0
26.6665
-0
37.2175
-0
-0
92.863
-0
1.875
-0
-0
-0
-0
-0
9.5234
-0
-0
-0
-0
-0
8.43781
-0
-0
-0
-0
79.4375
-0
-0
-0
-0
-0
-0
-0
3.17889
-0
3.96472
-0
-0
3.38491
-0
-0
-0
-0
-0
22.4945
-0
8.62948
-0
-0
-0
-0
0.0318958
-0
-0
-0
15.7945
23.6053
-0
-0
-0
-0
22.8244
-0
-0
-0
25.9514
24.5329
-0
-0
-0
-0
-0
34.2401
-0
-0
3.05489
5.55762
-0
-0
-0
-0
-0
3.06489
21.5025
-0
-0
-0
-0
-0
-0
2.72547
-0
-0
12.6253
-0
-0
-0
-0
-0
-0
-0
-0
-0
-0
-0
-0
-0
-0
-0
-0
-0
-0
2.88566
34.5965
6.81814
-0
-0
-0
-0
-0
21.8052
-0
-0
39.9574
2.7039
-0
-0
-0
-0
2.09966
-0
-0
-0
-0
23.2481
44.3313
-0
-0
-0
53.0888
-0
13.2466
2.99986
-0
-0
38.9385
-0
-0
-0
-0
-0
-0
26.6309
-0
12.2162
-0
-0
-0
-0
31.2324
-0
-0
-0
-0
-0
67.1904
-0
-0
-0
-0
-0
-0
-0
-0
-0
-0
-0
30.5853
4.51374
37.8081
-0
-0
-0
-0
-0
3.54472
-0
-0
-0
9.85393
-0
-0
-0
-0
-0
-0
-0
-0
-0
-0
-0
-0
24.4808
-0
-0
2.44959
-0
-0
0.348742
-0
-0
-0
-0
-0
-0
-0
-0
-0
26.0055
-0
-0
-0
-0
-0
-0
54.9484
-0
-0
-0
-0
14.5541
12.3952
-0
14.6103
-0
-0
-0
-0
-0
4.37408
-0
59.5981
-0
-0
-0
-0
-0
-0
-0
-0
-0
-0
-0
51.4791
-0
-0
-0
-0
-0
67.1262
-0
-0
-0
-0
-0
-0
-0
18.7979
-0
-0
-0
-0
22.644
-0
72.6123
-0
38.6679
-0
9.3366
-0
-0
-0
-0
-0
14.2646
11.4379
-0
-0
-0
-0
-0
-0
-0
13.0145
17.1173
6.96197
-0
-0
3.94052
-0
-0
-0
-0
-0
-0
7.71942
-0
-0
-0
13.9619
-0
-0
-0
18.1977
-0
-0
34.2153
-0
1.49181
29.1983
-0
-0
-0
42.2183
-0
-0
5.64677
-0
-0
9.83981
-0
-0
-0
-0
-0
-0
-0
-0
-0
-0
-0
-0
-0
-0
85.2069
-0
-0
-0
-0
-0
-0
-0
-0
-0
-0
-0
-0
-0
15.6076
-0
-0
27.128
-0
-0
-0
18.1054
-0
-0
-0
-0
-0
12.9201
-0
-0
-0
44.3616
12.0315
-0
-0
2.22523
34.6641
-0
-0
-0
-0
-0
-0
106.873
-0
-0
4.81033
-0
25.6623
-0
30.5167
-0
-0
-0
11.8274
-0
-0
-0
24.6337
-0
21.2128
-0
-0
-0
-0
13.2502
-0
-0
107.372
-0
-0
-0
57.9127
-0
-0
-0
-0
-0
-0
-0
45.6191
-0
1.11456
-0
-0
-0
-0
-0
-0
-0
-0
-0
31.1194
18.0409
28.7256
-0
-0
-0
-0
-0
-0
-0
-0
-0
-0
-0
-0
-0
49.2395
-0
-0
-0
-0
-0
-0
-0
-0
-0
-0
-0
-0
54.4115
34.0324
-0
-0
-0
-0
-0
18.8906
14.2116
-0
-0
36.035
-0
-0
-0
-0
-0
-0
-0
-0
-0
-0
2.58556
-0
-0
8.74001
-0
-0
-0
-0
28.6425
-0
-0
-0
16.8454
-0
3.93483
-0
2.50892
-0
-0
22.0666
-0
-0
-0
-0
-0
-0
55.9903
-0
17.3459
-0
-0
82.5809
-0
-0
-0
-0
-0
14.8055
72.1647
-0
45.5363
-0
-0
-0
-0
-0
21.3928
-0
-0
-0
-0
-0
5.95075
-0
21.7851
-0
-0
33.3838
-0
-0
19.547
-0
-0
-0
-0
-0
-0
-0
-0
-0
-0
-0
-0
30.0507
-0
-0
-0
-0
-0
-0
-0
-0
-0
-0
5.89486
-0
-0
-0
-0
-0
-0
-0
-0
-0
-0
-0
-0
-0
59.0481
-0
-0
-0
-0
-0
-0
-0
-0
-0
38.8708
-0
-0
-0
-0
-0
32.4131
-0
-0
-0
-0
3.18846
-0
-0
53.1253
-0
7.01776
-0
-0
-0
59.1954
-0
2.59115
-0
-0
-0
-0
-0
42.9901
-0
-0
37.7434
-0
-0
-0
-0
-0
-0
-0
18.2103
12.3238
-0
-0
53.0723
-0
-0
-0
-0
-0
-0
-0
-0
-0
74.4381
-0
-0
-0
-0
-0
-0
-0
-0
-0
-0
-0
-0
-0
30.5945
37.9929
83.4654
-0
-0
-0
-0
8.31729
-0
-0
-0
35.686
-0
-0
-0
-0
-0
9.05366
-0
-0
-0
-0
23.7146
-0
-0
-0
-0
-0
-0
-0
-0
-0
-0
-0
39.5933
-0
-0
-0
-0
-0
-0
-0
20.4609
-0
-0
-0
-0
73.1415
-0
7.12579
-0
27.5012
-0
31.575
-0
15.515
-0
-0
30.1902
-0
-0
-0
-0
-0
-0
38.7438
87.0931
9.29828
-0
5.58151
22.3119
-0
12.9296
-0
-0
-0
-0
-0
-0
-0
-0
1.85545
-0
-0
-0
-0
-0
-0
-0
-0
8.44642
-0
-0
-0
20.6759
-0
31.7901
-0
-0
-0
-0
-0
-0
-0
-0
-0
26.622
-0
-0
-0
-0
7.29214
-0
50.8952
30.1024
-0
-0
-0
-0
-0
-0
-0
-0
15.3264
4.11546
-0
-0
23.6941
-0
-0
-0
105.94
-0
-0
-0
16.2016
-0
-0
-0
-0
