1.64911
-0
-0
-0
-0
-0
-0
50.4175
55.4327
-0
-0
-0
-0
-0
-0
11.9083
-0
-0
-0
-0
-0
-0
-0
-0
-0
30.2807
37.3753
-0
-0
-0
-0
-0
-0
-0
4.6637
-0
-0
-0
-0
-0
-0
-0
-0
20.6021
-0
13.9652
-0
-0
-0
-0
-0
-0
-0
-0
-0
-0
-0
3.90276
47.2468
-0
-0
-0
-0
-0
26.1089
-0
41.1735
8.87374
16.298
2.34204
-0
-0
-0
-0
-0
9.41938
20.3134
13.5054
-0
-0
-0
90.2068
-0
19.5795
39.5394
-0
-0
-0
-0
-0
-0
-0
-0
-0
-0
-0
19.5705
-0
-0
-0
-0
-0
-0
-0
6.3716
-0
17.1335
-0
-0
4.6217
-0
-0
-0
-0
2.97602
29.1913
-0
-0
28.7308
41.341
-0
-0
-0
-0
44.0623
-0
-0
-0
-0
22.9577
10.3105
44.7877
-0
-0
-0
-0
-0
13.5399
-0
15.7922
1.13083
-0
-0
-0
-0
-0
-0
-0
-0
-0
-0
-0
-0
-0
25.2628
-0
24.2094
-0
-0
0.626074
17.4308
-0
-0
57.3451
-0
-0
-0
-0
-0
22.5652
1.26606
7.3247
-0
-0
-0
-0
-0
-0
2.81315
-0
-0
-0
-0
-0
-0
70.3907
-0
-0
40.9578
-0
-0
15.2424
3.43544
43.5968
-0
-0
-0
-0
-0
-0
-0
-0
-0
-0
-0
-0
-0
12.8659
-0
-0
-0
-0
9.64582
-0
-0
-0
-0
6.34674
-0
-0
2.211
-0
-0
-0
-0
-0
-0
-0
-0
-0
-0
-0
-0
-0
-0
-0
-0
-0
-0
-0
-0
8.08697
-0
-0
-0
-0
115.057
-0
-0
-0
-0
-0
-0
-0
7.6194
-0
-0
-0
7.3285
-0
-0
-0
-0
-0
-0
-0
-0
-0
-0
-0
-0
50.4355
28.3884
11.8125
-0
-0
-0
-0
-0
-0
-0
2.07683
-0
17.5232
-0
-0
-0
8.74462
-0
-0
0.671787
39.1761
17.5726
-0
-0
-0
-0
-0
-0
-0
-0
-0
8.73321
-0
15.9372
40.138
-0
-0
33.3982
-0
-0
-0
-0
-0
-0
1.50698
-0
-0
-0
-0
-0
-0
29.0825
43.3816
10.1453
-0
-0
6.59697
-0
-0
-0
-0
-0
-0
-0
-0
-0
-0
-0
15.1802
-0
-0
-0
-0
-0
-0
-0
20.4712
18.8936
-0
3.73339
-0
-0
-0
24.5467
-0
-0
-0
-0
-0
45.2528
-0
-0
-0
-0
0.132943
-0
-0
40.5767
-0
-0
-0
1.74575
62.2378
-0
-0
-0
-0
-0
-0
-0
-0
-0
-0
-0
2.933
-0
-0
-0
-0
20.54
32.1762
-0
-0
-0
-0
-0
6.86884
-0
-0
-0
-0
-0
-0
-0
-0
-0
-0
-0
2.62164
-0
-0
-0
-0
-0
51.0099
-0
-0
-0
-0
29.5196
-0
-0
-0
-0
-0
0.878368
26.4422
21.7805
-0
-0
4.59896
9.71169
-0
32.5234
-0
-0
-0
-0
-0
-0
-0
36.4136
-0
-0
-0
-0
21.4299
-0
-0
29.8475
4.8991
-0
-0
18.1707
46.7263
-0
-0
-0
-0
-0
-0
-0
-0
-0
51.9417
37.7534
-0
-0
-0
-0
-0
-0
-0
-0
-0
30.0055
-0
-0
0.681927
-0
-0
-0
-0
-0
-0
-0
24.9965
-0
-0
51.5644
-0
-0
7.2201
-0
10.6582
47.4846
-0
-0
-0
-0
-0
38.2173
13.2913
-0
-0
11.761
-0
-0
-0
-0
-0
33.8676
-0
-0
20.4758
-0
-0
30.0988
-0
56.7411
-0
1.95615
22.8868
-0
-0
-0
28.4959
-0
-0
-0
-0
-0
-0
8.68405
-0
20.7067
28.4382
-0
-0
-0
-0
-0
-0
2.2863
-0
42.1257
-0
-0
12.1802
-0
-0
-0
-0
53.3682
56.9538
-0
-0
1.0206
15.9273
-0
-0
21.4297
-0
-0
-0
-0
-0
-0
-0
-0
-0
-0
15.1384
-0
14.2983
-0
-0
16.861
16.6328
-0
-0
-0
-0
-0
-0
-0
-0
10.2306
45.2286
-0
-0
14.2253
-0
-0
1.69862
-0
10.8067
14.0348
-0
-0
-0
-0
-0
-0
-0
-0
-0
-0
-0
-0
-0
-0
-0
-0
-0
11.2793
-0
-0
-0
-0
-0
-0
-0
-0
-0
-0
-0
-0
-0
-0
-0
-0
-0
-0
-0
1.56119
-0
-0
12.4998
-0
-0
-0
-0
17.6493
-0
-0
-0
5.20057
-0
-0
-0
-0
-0
-0
24.8828
14.4117
-0
-0
-0
-0
-0
46.5718
-0
-0
60.471
-0
-0
-0
-0
2.74536
-0
-0
-0
6.13101
38.789
-0
-0
-0
-0
1.472
16.0682
-0
-0
-0
-0
-0
-0
-0
-0
-0
-0
-0
-0
-0
36.9335
-0
-0
-0
59.553
6.20356
-0
-0
-0
-0
-0
-0
-0
-0
-0
-0
6.11865
-0
-0
-0
-0
-0
-0
12.4764
-0
-0
1.62847
-0
-0
-0
-0
-0
-0
-0
0.579731
38.0916
-0
-0
38.0972
-0
-0
-0
1.59626
-0
-0
-0
-0
-0
-0
-0
7.16808
-0
-0
-0
-0
4.88004
-0
-0
-0
-0
-0
-0
-0
40.845
-0
0.0437536
2.52527
-0
-0
-0
4.97874
34.8574
8.93884
-0
3.95651
-0
-0
-0
-0
-0
-0
-0
-0
-0
79.1573
7.78296
-0
7.76383
-0
-0
-0
20.7593
62.6204
-0
-0
-0
-0
-0
-0
-0
-0
-0
-0
12.1208
-0
19.6338
-0
12.9246
-0
-0
7.23549
-0
12.2022
15.3721
-0
-0
-0
-0
-0
-0
-0
-0
-0
-0
27.4171
4.07761
-0
-0
-0
-0
-0
-0
3.46492
-0
-0
56.817
-0
24.8391
56.2795
-0
-0
18.6446
-0
-0
-0
-0
-0
-0
-0
-0
28.2775
-0
-0
4.62876
6.64722
-0
-0
-0
37.9911
-0
-0
-0
-0
-0
-0
-0
-0
-0
-0
25.9568
-0
-0
-0
-0
-0
-0
-0
-0
-0
-0
46.6631
-0
-0
-0
-0
-0
-0
-0
-0
-0
31.459
-0
16.1943
25.1733
-0
-0
-0
-0
-0
-0
-0
3.84002
-0
-0
12.2634
-0
3.913
-0
-0
-0
-0
26.063
-0
-0
-0
7.97907
-0
-0
-0
-0
-0
-0
-0
-0
-0
-0
-0
-0
-0
6.19072
-0
-0
15.0986
-0
-0
-0
45.7987
-0
0.613221
-0
-0
-0
-0
-0
-0
-0
-0
-0
-0
-0
-0
3.13316
-0
-0
-0
-0
-0
-0
-0
-0
-0
-0
-0
-0
-0
-0
-0
27.8278
-0
-0
-0
-0
-0
-0
71.0353
-0
42.3228
-0
1.83368
-0
-0
25.1846
40.9965
-0
-0
-0
-0
-0
-0
-0
-0
-0
-0
-0
-0
-0
52.5846
-0
-0
-0
-0
-0
-0
-0
-0
-0
-0
18.2732
-0
-0
-0
-0
28.0943
-0
-0
-0
-0
-0
11.7371
33.0153
22.6834
-0
-0
-0
-0
-0
-0
13.9455
-0
8.88199
0.00231481
-0
-0
-0
-0
-0
-0
-0
-0
-0
-0
-0
-0
-0
23.6755
-0
-0
-0
-0
56.1182
-0
-0
1.50124
-0
-0
-0
-0
1.20729
-0
-0
-0
20.4321
-0
-0
-0
-0
-0
9.88964
-0
-0
40.1172
-0
11.1434
-0
-0
-0
-0
-0
-0
-0
42.549
-0
-0
-0
-0
-0
-0
-0
-0
-0
-0
-0
7.23437
-0
6.84556
-0
-0
-0
18.7278
-0
-0
-0
46.597
-0
-0
-0
-0
43.0641
-0
-0
-0
5.34775
-0
-0
-0
-0
23.1522
-0
8.84362
-0
-0
-0
9.53101
14.7923
-0
-0
-0
-0
-0
32.8026
-0
-0
-0
-0
8.42553
-0
-0
5.74947
0.310862
-0
-0
-0
-0
-0
2.21402
-0
-0
-0
-0
21.9215
-0
-0
-0
-0
-0
34.4247
-0
-0
-0
90.7782
54.7868
-0
-0
37.5428
3.21095
-0
0.494279
-0
-0
-0
-0
-0
-0
-0
-0
-0
14.15
-0
-0
9.15857
-0
-0
-0
-0
-0
-0
34.8257
69.3683
18.9705
8.74845
-0
-0
-0
12.9626
-0
-0
-0
-0
50.8817
-0
-0
-0
-0
-0
-0
-0
-0
8.63415
-0
-0
-0
-0
-0
-0
-0
-0
-0
2.45838
-0
-0
-0
-0
-0
6.09277
-0
91.3593
-0
-0
-0
-0
47.6078
-0
-0
-0
35.7121
-0
36.5878
-0
-0
-0
-0
-0
-0
40.903
-0
-0
-0
-0
-0
-0
-0
-0
-0
-0
24.6421
-0
-0
-0
-0
-0
15.5736
-0
-0
-0
-0
60.1853
-0
-0
-0
-0
-0
-0
-0
-0
47.174
40.6225
-0
-0
36.8128
-0
-0
-0
-0
-0
-0
-0
-0
-0
-0
-0
-0
-0
30.1046
-0
24.8342
-0
51.2032
-0
29.8574
-0
9.62545
-0
-0
-0
-0
-0
-0
-0
-0
10.0702
-0
28.3773
13.4133
-0
-0
55.9307
-0
-0
-0
-0
-0
-0
-0
-0
48.8511
-0
-0
73.5422
42.4864
-0
-0
4.23637
-0
-0
-0
-0
-0
-0
-0
5.06248
-0
-0
-0
-0
21.1382
26.3898
-0
-0
-0
42.8958
-0
13.8889
-0
-0
-0
11.01
-0
18.2777
-0
-0
-0
-0
-0
-0
-0
-0
-0
-0
-0
4.77548
-0
-0
-0
37.2382
36.236
-0
4.14446
-0
-0
60.3913
-0
-0
-0
-0
-0
-0
-0
-0
-0
-0
-0
24.1713
-0
-0
-0
-0
-0
-0
8.16154
11.7139
8.89758
-0
26.7136
60.7873
54.1279
-0
-0
-0
-0
-0
-0
-0
9.71071
-0
-0
-0
-0
-0
-0
-0
16.2446
-0
28.3222
-0
-0
64.6301
-0
-0
-0
-0
-0
-0
-0
-0
-0
-0
7.92489
-0
22.3801
-0
-0
13.6116
0.896569
-0
-0
-0
-0
-0
-0
-0
-0
-0
-0
27.5462
-0
-0
-0
-0
-0
27.9164
-0
-0
-0
-0
-0
-0
-0
-0
-0
-0
-0
-0
-0
-0
-0
-0
8.04953
-0
-0
-0
28.9
-0
-0
-0
-0
-0
-0
-0
-0
-0
-0
-0
-0
-0
-0
20.2918
-0
-0
-0
27.8689
25.3386
-0
-0
10.0747
12.8218
-0
-0
-0
-0
7.53595
-0
13.5456
12.9496
-0
-0
1.79994
-0
-0
-0
-0
-0
-0
-0
-0
-0
-0
-0
-0
-0
-0
-0
-0
-0
-0
-0
75.0129
-0
-0
-0
-0
-0
-0
0.287069
-0
-0
-0
-0
23.1217
-0
-0
-0
-0
-0
-0
-0
0.329398
31.5248
-0
-0
-0
-0
-0
-0
-0
48.9288
-0
-0
-0
-0
-0
-0
-0
-0
-0
-0
45.2607
-0
-0
9.69869
18.4626
30.4203
-0
-0
-0
-0
-0
-0
-0
31.8096
15.2884
-0
-0
11.6435
-0
-0
-0
37.6289
-0
-0
-0
-0
76.9924
-0
-0
-0
-0
-0
8.22363
-0
-0
-0
-0
-0
-0
32.6284
-0
-0
-0
-0
-0
-0
6.40675
-0
-0
35.7181
-0
-0
1.96043
14.0288
-0
4.03456
-0
-0
-0
-0
-0
24.0058
-0
-0
-0
-0
-0
-0
-0
-0
-0
-0
-0
-0
-0
-0
-0
65.4854
-0
-0
-0
-0
-0
7.31582
-0
-0
-0
66.8015
-0
-0
-0
-0
-0
-0
13.5406
21.9521
45.634
10.6158
-0
-0
-0
-0
-0
11.7714
-0
-0
-0
-0
26.9299
-0
-0
-0
-0
-0
-0
-0
79.8887
-0
-0
-0
-0
-0
20.5357
-0
-0
-0
-0
-0
-0
-0
-0
-0
-0
7.63926
2.85663
0.568704
-0
1.65916
-0
-0
-0
-0
-0
-0
-0
13.1133
28.8177
-0
-0
-0
-0
-0
9.80276
-0
-0
-0
-0
-0
-0
-0
23.1959
-0
-0
-0
-0
23.0983
-0
-0
-0
-0
8.00916
-0
-0
-0
27.4527
-0
-0
8.76282
-0
11.5331
-0
-0
-0
-0
-0
-0
-0
-0
4.02631
23.5634
-0
-0
-0
-0
-0
-0
-0
-0
-0
-0
-0
20.2033
-0
-0
5.84025
-0
-0
-0
-0
-0
-0
-0
36.7914
-0
-0
-0
30.038
-0
-0
-0
-0
15.7736
46.5353
-0
-0
6.19966
17.9057
23.407
17.3478
-0
-0
-0
-0
-0
-0
-0
-0
-0
-0
-0
-0
-0
16.9641
-0
-0
-0
-0
-0
-0
-0
-0
-0
-0
-0
-0
-0
-0
-0
-0
76.7736
-0
-0
-0
-0
-0
-0
-0
-0
-0
-0
-0
-0
-0
-0
-0
-0
-0
-0
-0
-0
-0
-0
-0
-0
-0
-0
-0
-0
-0
62.3945
0.78273
-0
-0
-0
-0
-0
-0
-0
-0
-0
8.3124
-0
44.797
-0
41.0156
-0
-0
-0
7.34967
-0
-0
-0
-0
-0
-0
-0
45.2289
-0
-0
-0
-0
-0
-0
-0
-0
-0
4.00206
-0
-0
-0
9.61149
-0
-0
66.1559
-0
-0
-0
5.56339
-0
-0
-0
-0
-0
-0
-0
-0
-0
79.3221
-0
-0
-0
27.5114
-0
-0
67.5263
19.2444
-0
-0
23.9715
-0
8.04367
42.7522
-0
0.709192
-0
-0
-0
-0
-0
-0
-0
-0
-0
-0
1.82739
-0
-0
-0
-0
-0
-0
-0
8.37135
-0
-0
-0
-0
2.66994
-0
-0
12.3124
-0
-0
41.3086
-0
-0
-0
-0
-0
-0
-0
36.7269
-0
-0
-0
-0
45.3582
-0
-0
-0
-0
-0
49.9538
-0
-0
44.6835
29.7918
-0
-0
-0
-0
-0
-0
2.64963
-0
-0
-0
-0
22.1667
-0
-0
-0
-0
0.850885
-0
44.0481
-0
34.6975
-0
-0
-0
-0
-0
-0
-0
-0
46.4374
9.77655
-0
36.5053
-0
-0
15.5794
-0
-0
-0
-0
10.9842
-0
5.02095
-0
38.236
4.85607
-0
48.9588
-0
-0
-0
-0
-0
-0
-0
6.89129
-0
-0
20.9885
16.6689
-0
-0
-0
-0
-0
9.27303
-0
-0
-0
38.7152
-0
-0
46.4257
-0
-0
-0
-0
44.4088
16.9845
-0
3.14091
-0
-0
-0
-0
-0
-0
-0
-0
-0
-0
-0
-0
-0
-0
3.50506
-0
-0
-0
-0
-0
-0
-0
-0
17.2391
-0
-0
-0
-0
-0
-0
8.66491
-0
-0
-0
-0
-0
-0
-0
-0
-0
-0
-0
-0
-0
-0
-0
-0
-0
60.9561
-0
-0
-0
4.70049
-0
-0
1.54696
-0
-0
-0
-0
-0
-0
-0
17.0528
-0
66.8121
-0
6.17859
-0
-0
42.2745
-0
-0
-0
59.7869
-0
22.438
31.3028
-0
-0
14.1811
-0
-0
-0
26.5374
-0
-0
-0
-0
-0
-0
-0
-0
6.46373
-0
27.741
14.2226
-0
-0
-0
-0
7.48434
-0
-0
31.8692
-0
-0
-0
-0
-0
-0
19.8873
16.3387
-0
36.9268
-0
-0
-0
-0
-0
-0
-0
-0
-0
42.5013
-0
10.2727
16.5152
-0
-0
-0
-0
46.4589
11.3031
-0
-0
-0
2.69611
-0
4.57252
-0
-0
-0
-0
23.4277
-0
-0
-0
-0
-0
-0
-0
-0
22.2828
-0
48.9749
-0
13.4813
-0
-0
-0
19.1028
-0
-0
-0
-0
-0
-0
47.7764
3.08885
-0
-0
-0
6.02944
-0
-0
119.875
-0
3.25465
-0
3.54115
-0
6.9898
-0
-0
-0
-0
24.3191
38.2733
-0
-0
-0
-0
-0
-0
-0
-0
-0
-0
-0
-0
-0
-0
-0
-0
-0
-0
-0
-0
-0
-0
-0
-0
26.9588
-0
-0
-0
-0
-0
2.04921
-0
-0
10.591
-0
14.3324
2.06221
-0
-0
-0
-0
-0
-0
-0
-0
-0
8.17828
-0
-0
-0
-0
-0
21.456
13.7992
-0
-0
-0
10.8273
-0
-0
-0
-0
-0
-0
-0
-0
-0
-0
-0
47.1182
-0
3.97372
-0
-0
-0
-0
-0
-0
-0
-0
-0
-0
-0
-0
-0
-0
-0
-0
-0
-0
21.9418
-0
-0
11.8515
-0
-0
35.1152
-0
-0
0.938576
-0
-0
-0
-0
-0
-0
-0
-0
17.1061
-0
-0
21.7294
-0
-0
38.308
-0
26.3919
-0
-0
-0
0.360757
-0
-0
-0
38.9725
-0
7.12136
-0
-0
-0
0.868116
-0
5.09593
12.8744
-0
-0
-0
-0
-0
50.2921
19.2993
-0
11.6851
-0
-0
-0
-0
-0
-0
-0
0.66295
-0
-0
-0
-0
-0
-0
-0
24.5357
-0
-0
-0
-0
-0
15.83
-0
15.8498
-0
-0
-0
-0
-0
-0
-0
-0
-0
31.0424
-0
12.2255
-0
-0
50.0894
-0
8.05338
-0
7.98342
-0
-0
-0
-0
-0
-0
-0
-0
-0
-0
-0
-0
-0
-0
-0
-0
-0
-0
-0
-0
-0
-0
29.83
-0
-0
-0
-0
-0
-0
-0
-0
-0
-0
5.67883
-0
-0
-0
-0
-0
-0
4.00398
-0
-0
-0
-0
-0
-0
-0
-0
-0
-0
-0
12.1244
-0
-0
51.5411
-0
-0
-0
-0
-0
-0
-0
-0
-0
-0
-0
-0
-0
-0
-0
-0
-0
-0
-0
-0
-0
6.39142
-0
-0
-0
28.9795
13.918
-0
-0
-0
-0
22.4629
54.0458
-0
46.1362
-0
45.0116
-0
-0
-0
-0
-0
-0
-0
-0
33.1924
-0
-0
-0
10.3382
-0
7.53147
-0
-0
-0
4.69775
8.18268
-0
-0
-0
-0
-0
-0
6.333
23.0067
-0
-0
2.90174
-0
-0
-0
-0
-0
-0
-0
-0
-0
-0
-0
-0
-0
-0
-0
8.0533
-0
-0
-0
-0
-0
-0
-0
-0
-0
-0
-0
-0
-0
5.27074
-0
-0
-0
-0
-0
-0
-0
-0
-0
-0
-0
-0
-0
-0
-0
9.33907
-0
56.3333
-0
-0
-0
-0
-0
45.9391
-0
-0
-0
7.37045
-0
-0
-0
-0
-0
-0
-0
-0
-0
-0
-0
-0
-0
-0
-0
-0
-0
-0
-0
-0
-0
-0
-0
-0
1.83484
-0
-0
-0
4.9231
-0
-0
-0
-0
-0
-0
-0
-0
-0
-0
-0
33.8097
-0
-0
-0
-0
1.38536
-0
-0
-0
-0
-0
-0
-0
-0
-0
-0
40.1061
-0
-0
-0
-0
-0
-0
-0
-0
-0
15.46
-0
-0
-0
-0
-0
-0
-0
-0
-0
-0
-0
8.44168
-0
-0
-0
-0
-0
-0
-0
-0
-0
-0
-0
8.73717
-0
-0
-0
10.3606
-0
21.7644
-0
-0
-0
-0
-0
-0
-0
0.840526
12.1654
31.0618
13.8588
-0
-0
29.3978
-0
14.8242
-0
7.45048
-0
-0
-0
-0
12.8168
-0
-0
-0
-0
-0
-0
33.2131
17.2666
-0
-0
-0
-0
22.6575
-0
-0
-0
-0
-0
-0
-0
-0
-0
-0
36.485
-0
58.9592
-0
-0
-0
26.2448
-0
-0
19.3488
3.154
30.5496
-0
-0
-0
-0
-0
-0
-0
-0
-0
-0
-0
-0
-0
49.1352
-0
3.22538
39.0164
-0
12.1428
-0
-0
-0
-0
-0
-0
-0
-0
26.9299
-0
-0
-0
12.8938
-0
-0
34.9657
-0
-0
-0
-0
-0
-0
-0
-0
-0
-0
-0
-0
-0
-0
-0
2.01304
-0
-0
-0
-0
22.968
-0
-0
64.4385
-0
-0
-0
-0
-0
-0
-0
16.7788
34.6501
-0
58.5143
-0
-0
-0
-0
21.5496
1.84392
-0
-0
-0
-0
-0
17.8038
-0
-0
-0
11.9649
19.7402
-0
-0
42.9703
-0
11.2711
5.30146
17.5692
40.4328
-0
-0
-0
43.1695
-0
31.9282
-0
-0
-0
-0
-0
-0
-0
-0
-0
-0
-0
-0
-0
-0
-0
10.2404
-0
-0
-0
-0
-0
26.0598
-0
-0
50.4765
44.9318
-0
-0
-0
-0
-0
-0
-0
17.2733
-0
-0
-0
-0
36.7741
6.22721
-0
25.2068
-0
-0
-0
-0
13.4677
-0
-0
-0
-0
-0
-0
-0
-0
-0
-0
5.2475
-0
36.8361
41.8972
-0
21.0092
-0
-0
28.9188
-0
-0
-0
-0
-0
-0
22.4173
-0
-0
19.4018
2.3558
-0
-0
84.0765
-0
-0
-0
19.521
-0
-0
-0
-0
-0
-0
19.1804
-0
-0
-0
-0
-0
-0
-0
-0
-0
-0
-0
-0
-0
-0
-0
47.9097
-0
-0
-0
-0
-0
-0
-0
-0
-0
-0
-0
24.8176
58.1854
-0
71.2694
-0
-0
-0
-0
-0
-0
-0
-0
-0
-0
37.7933
-0
-0
-0
-0
17.9815
-0
15.2935
46.1966
7.16828
-0
-0
-0
3.47552
22.0432
35.9594
-0
-0
-0
-0
-0
-0
-0
-0
-0
-0
-0
-0
-0
-0
-0
-0
-0
-0
-0
-0
-0
-0
-0
11.0211
-0
-0
-0
-0
-0
-0
-0
-0
-0
19.3915
32.0957
63.1734
-0
-0
-0
-0
-0
-0
-0
-0
-0
-0
-0
-0
-0
-0
8.74298
24.2769
-0
-0
-0
-0
-0
-0
5.34547
-0
-0
-0
-0
-0
-0
-0
-0
-0
-0
-0
34.313
-0
-0
-0
-0
-0
-0
-0
-0
-0
-0
-0
0.276713
-0
-0
-0
22.3746
-0
-0
-0
-0
15.1682
-0
-0
8.68572
-0
-0
-0
-0
4.917
-0
-0
-0
-0
-0
-0
-0
29.4377
-0
4.66285
-0
-0
-0
-0
-0
-0
-0
-0
-0
27.4886
-0
-0
-0
-0
-0
-0
-0
-0
-0
-0
-0
-0
3.11
-0
-0
-0
24.5886
-0
-0
-0
-0
31.4981
-0
-0
-0
-0
-0
-0
-0
-0
-0
36.1025
-0
-0
0.762513
-0
-0
-0
-0
37.6466
-0
-0
-0
-0
2.81696
-0
14.2901
-0
32.8367
0.519484
-0
-0
-0
-0
-0
-0
-0
10.4189
-0
-0
-0
-0
-0
-0
-0
-0
-0
1.99607
-0
11.6215
30.2864
-0
30.0815
3.08225
4.31369
-0
-0
-0
-0
1.74098
-0
-0
-0
-0
-0
-0
-0
-0
-0
-0
-0
-0
-0
-0
42.3459
-0
-0
-0
-0
45.756
-0
3.0097
-0
-0
-0
-0
83.4659
-0
-0
-0
-0
-0
-0
24.8571
-0
-0
-0
-0
-0
-0
25.3353
-0
79.1514
-0
-0
-0
-0
-0
-0
-0
1.96128
-0
-0
-0
-0
-0
-0
-0
-0
50.6794
-0
-0
-0
-0
-0
-0
17.8996
-0
27.6133
-0
-0
75.3215
-0
14.3242
-0
-0
-0
-0
-0
9.53287
-0
-0
-0
-0
-0
2.68896
-0
-0
-0
-0
65.539
-0
-0
-0
-0
-0
-0
-0
-0
-0
2.61306
-0
-0
1.23815
-0
-0
-0
-0
-0
30.6595
-0
-0
-0
-0
-0
-0
-0
-0
-0
-0
2.76127
33.3873
-0
-0
-0
-0
19.859
-0
-0
-0
15.4404
23.9727
-0
-0
-0
-0
-0
58.7654
-0
-0
-0
-0
-0
-0
-0
-0
-0
-0
14.6876
-0
-0
-0
-0
-0
-0
15.4095
-0
-0
12.7427
-0
-0
-0
-0
-0
-0
-0
-0
-0
-0
-0
-0
3.98156
-0
-0
-0
-0
-0
6.46605
41.77
-0
-0
-0
-0
-0
-0
12.4308
-0
-0
59.2467
-0
-0
-0
-0
-0
8.28582
-0
-0
-0
-0
1.93034
52.9817
-0
-0
-0
63.425
-0
7.75373
10.8604
7.69365
-0
36.3137
-0
-0
-0
-0
-0
-0
28.4088
-0
6.2313
-0
-0
-0
-0
48.0796
-0
-0
8.59132
-0
-0
50.0121
-0
-0
-0
-0
-0
-0
-0
-0
-0
-0
-0
18.8946
4.05234
42.7084
-0
-0
-0
-0
-0
15.2633
-0
-0
-0
15.9101
-0
-0
-0
-0
-0
-0
-0
-0
-0
11.5312
-0
-0
17.0128
-0
-0
-0
-0
-0
11.2758
-0
-0
-0
-0
-0
-0
-0
-0
-0
27.7616
-0
-0
-0
-0
-0
-0
60.8767
-0
-0
-0
-0
3.75527
1.77101
-0
18.7348
-0
-0
-0
-0
-0
9.04674
-0
54.4376
30.5417
-0
-0
-0
-0
-0
-0
-0
-0
-0
-0
38.7939
-0
-0
-0
-0
-0
61.0498
-0
-0
-0
-0
-0
-0
-0
32.3267
-0
-0
-0
-0
5.67744
-0
75.7226
-0
33.1993
-0
7.4683
-0
-0
-0
-0
-0
12.8602
18.0396
-0
-0
-0
-0
-0
-0
-0
3.10614
18.8957
7.85745
-0
-0
-0
-0
-0
-0
-0
-0
-0
11.6622
-0
-0
-0
13.2281
-0
-0
-0
24.2195
-0
3.4504
43.5117
-0
4.46059
42.4375
-0
-0
-0
42.1715
-0
-0
-0
-0
-0
-0
-0
-0
-0
-0
10.6387
-0
-0
-0
-0
-0
-0
-0
-0
-0
84.2898
-0
-0
-0
-0
-0
-0
-0
-0
-0
-0
-0
-0
-0
11.2525
-0
-0
14.7486
-0
-0
-0
21.6202
-0
-0
-0
-0
-0
10.0741
-0
-0
-0
35.5089
3.91948
-0
-0
-0
53.578
-0
14.5149
-0
-0
-0
-0
107.827
-0
-0
7.37923
-0
24.4594
-0
32.9039
-0
-0
-0
-0
-0
-0
23.3129
34.5735
-0
34.514
-0
-0
-0
-0
22.601
-0
-0
99.3667
-0
-0
-0
49.9037
-0
-0
-0
-0
-0
-0
-0
17.293
-0
-0
-0
-0
-0
-0
-0
-0
-0
-0
-0
38.8467
24.7172
35.355
-0
-0
-0
-0
-0
-0
-0
-0
-0
16.437
-0
-0
-0
43.9209
-0
-0
-0
-0
-0
-0
-0
-0
-0
-0
16.1747
-0
30.9473
35.8523
9.06899
-0
-0
-0
-0
12.7736
8.80114
-0
-0
14.7123
-0
-0
-0
-0
-0
-0
-0
-0
-0
10.2844
16.8073
-0
-0
4.96853
-0
-0
-0
-0
24.9469
-0
-0
5.94103
33.2737
-0
-0
-0
2.36937
-0
-0
24.7118
-0
-0
-0
-0
-0
-0
59.0597
-0
17.7904
-0
-0
86.1469
-0
-0
-0
-0
-0
2.2033
56.9922
-0
42.7221
-0
-0
-0
-0
-0
22.6347
-0
-0
-0
-0
-0
16.5418
-0
4.9522
-0
-0
34.1481
-0
-0
3.89751
-0
-0
-0
-0
-0
-0
-0
-0
10.8619
-0
-0
-0
17.1558
-0
-0
-0
-0
-0
-0
-0
-0
-0
-0
9.60615
-0
-0
-0
-0
-0
-0
-0
-0
-0
-0
-0
-0
-0
41.0475
-0
-0
-0
-0
-0
-0
-0
-0
-0
48.111
-0
-0
-0
-0
-0
31.0946
-0
-0
-0
-0
0.779282
-0
-0
53.4926
-0
11.5859
-0
-0
-0
65.902
-0
10.0059
-0
-0
-0
-0
-0
38.0171
-0
-0
22.1846
-0
-0
1.81197
-0
-0
-0
-0
18.2727
11.3367
-0
-0
68.8108
-0
-0
-0
-0
-0
-0
-0
-0
-0
54.257
-0
-0
-0
-0
-0
-0
-0
-0
-0
-0
-0
-0
-0
15.4747
31.675
70.3769
-0
-0
-0
-0
-0
-0
-0
-0
36.1827
-0
-0
-0
-0
-0
12.5981
-0
-0
-0
-0
36.0862
-0
-0
-0
-0
-0
-0
-0
-0
-0
-0
-0
67.199
-0
-0
-0
-0
-0
-0
-0
27.5007
-0
-0
-0
-0
76.0196
-0
-0
12.5489
27.3062
-0
23.9725
-0
11.8039
-0
-0
22.9595
-0
-0
-0
-0
-0
-0
42.5867
97.764
-0
-0
5.44543
32.8597
-0
10.5847
-0
-0
-0
-0
-0
-0
-0
-0
2.22758
-0
-0
-0
-0
-0
-0
-0
-0
7.35029
-0
-0
-0
20.8598
-0
48.2118
-0
-0
-0
-0
4.35197
-0
-0
-0
-0
14.1937
-0
-0
-0
-0
9.75087
-0
48.7876
26.0112
-0
-0
-0
-0
-0
-0
-0
-0
17.4509
-0
-0
-0
36.2217
-0
-0
-0
91.347
-0
-0
-0
6.8384
-0
-0
-0
-0
