2.04822
-0
-0
-0
-0
1.57058
-0
12.6874
38.5605
-0
19.8805
-0
-0
-0
-0
15.2938
-0
-0
-0
-0
-0
-0
-0
-0
-0
7.74772
5.45971
-0
-0
-0
-0
-0
-0
-0
2.07424
-0
-0
-0
-0
-0
-0
-0
-0
14.7029
-0
2.30774
-0
8.77136
-0
-0
-0
-0
-0
-0
-0
-0
-0
2.17951
18.0108
-0
-0
-0
3.99452
-0
2.86494
-0
17.4721
7.64753
-0
1.11389
-0
-0
-0
-0
-0
4.93939
9.67825
5.52477
-0
-0
-0
60.18
-0
-0
13.6958
-0
-0
-0
-0
-0
-0
-0
-0
-0
1.83268
-0
7.15586
-0
12.0852
-0
-0
-0
-0
-0
9.83045
-0
9.49068
-0
-0
-0
-0
-0
-0
-0
-0
22.7396
-0
-0
26.9209
17.4369
-0
-0
8.75104
-0
22.0864
-0
-0
-0
-0
12.4157
-0
23.5763
6.69867
-0
-0
-0
-0
14.2891
-0
11.3575
3.35735
-0
2.42012
-0
8.39843
-0
-0
2.2943
-0
-0
-0
-0
-0
-0
3.23248
-0
31.3679
-0
-0
1.02362
-0
-0
-0
27.738
-0
-0
4.62025
3.11385
-0
28.375
-0
9.83086
-0
-0
-0
-0
-0
-0
-0
-0
-0
-0
-0
-0
-0
18.1676
-0
-0
42.5776
15.5584
-0
8.4374
15.0464
1.43111
-0
-0
-0
-0
-0
-0
-0
-0
-0
-0
-0
-0
-0
12.5386
11.5065
-0
-0
-0
-0
-0
-0
-0
-0
1.33808
-0
-0
0.468093
-0
-0
-0
-0
-0
-0
-0
-0
-0
-0
4.62133
-0
-0
-0
-0
-0
-0
-0
-0
-0
4.21585
-0
-0
-0
-0
29.633
-0
-0
-0
-0
-0
-0
-0
24.7506
-0
-0
0.242663
0.439594
-0
-0
3.64594
-0
-0
-0
-0
-0
-0
-0
-0
-0
30.7643
22.1374
24.6668
-0
-0
-0
-0
-0
-0
-0
3.03074
-0
7.957
-0
-0
-0
17.2372
-0
-0
-0
33.7171
10.2154
-0
7.39555
-0
-0
-0
-0
7.31446
-0
-0
3.21618
-0
10.6444
25.5972
-0
-0
19.5318
-0
6.78912
0.630926
-0
-0
3.32538
1.06004
-0
-0
-0
0.249673
-0
-0
15.806
20.4926
12.4468
-0
-0
-0
-0
5.75882
-0
-0
-0
-0
-0
-0
-0
-0
-0
11.4485
-0
-0
-0
11.4105
-0
1.86397
4.87183
7.57814
6.67374
-0
7.88454
-0
-0
-0
26.7748
-0
-0
-0
-0
-0
27.4894
-0
-0
12.2839
-0
0.414719
-0
-0
22.7445
-0
-0
-0
0.872441
34.0067
-0
-0
-0
-0
-0
-0
-0
-0
-0
-0
-0
13.3562
-0
-0
-0
-0
16.6454
10.4475
-0
-0
-0
-0
-0
-0
-0
3.55892
-0
-0
-0
-0
-0
-0
-0
-0
-0
-0
-0
-0
-0
-0
-0
30.3323
-0
-0
-0
-0
21.1672
-0
-0
-0
-0
-0
7.40388
17.224
23.4098
13.6848
-0
12.8173
7.83434
-0
17.5324
-0
-0
-0
-0
-0
-0
-0
20.1978
-0
-0
-0
-0
-0
-0
-0
28.3607
1.1562
-0
-0
26.7561
25.4527
-0
8.55895
-0
-0
-0
-0
3.66736
-0
-0
18.0703
6.63736
-0
-0
-0
-0
-0
-0
-0
-0
-0
15.9532
-0
-0
0.374263
-0
-0
-0
-0
-0
-0
-0
5.50925
-0
3.77271
44.2807
-0
-0
9.15269
-0
18.3137
13.2547
-0
-0
-0
2.89051
-0
7.08547
6.70428
-0
-0
-0
-0
-0
12.906
-0
-0
9.95297
-0
-0
0.0172816
0.241083
-0
17.4112
-0
-0
-0
8.16698
8.05411
-0
-0
-0
24.1529
-0
-0
-0
-0
-0
-0
15.9845
-0
14.483
11.5878
-0
-0
-0
-0
-0
-0
-0
-0
23.5619
-0
-0
5.44697
-0
-0
-0
-0
51.6722
21.0982
-0
-0
-0
4.85675
-0
-0
25.6805
-0
-0
-0
-0
-0
-0
-0
-0
-0
-0
27.9295
-0
4.94123
-0
-0
7.89243
-0
-0
-0
-0
-0
-0
-0
-0
-0
19.2447
31.0996
-0
-0
4.40878
-0
-0
3.70171
-0
1.7324
15.4547
-0
-0
-0
-0
-0
-0
-0
-0
-0
-0
26.5133
-0
-0
-0
-0
-0
-0
17.4011
-0
-0
-0
-0
-0
-0
-0
-0
-0
-0
-0
2.33762
-0
-0
-0
-0
-0
-0
-0
-0
-0
-0
-0
-0
-0
-0
-0
-0
-0
-0
-0
-0
-0
-0
-0
-0
-0
-0
0.674953
2.81834
-0
-0
-0
-0
-0
13.7907
4.15788
-0
30.2504
-0
-0
-0
-0
-0
-0
-0
-0
6.14486
20.8934
-0
-0
-0
12.9656
-0
11.9675
-0
-0
-0
-0
-0
-0
-0
-0
-0
-0
-0
-0
-0
17.0595
-0
-0
-0
10.6209
16.3838
-0
-0
-0
-0
-0
-0
-0
-0
-0
-0
1.31928
-0
-0
-0
-0
-0
-0
7.4272
-0
-0
0.544586
1.77985
-0
4.48854
-0
-0
-0
-0
4.57329
16.1926
-0
-0
21.8148
-0
-0
-0
0.880581
3.27731
-0
-0
-0
-0
-0
-0
20.7726
-0
-0
-0
-0
-0
-0
-0
-0
-0
-0
-0
-0
40.8839
-0
-0
-0
-0
-0
-0
11.4452
33.8941
2.72354
-0
-0
-0
-0
-0
-0
-0
-0
-0
-0
-0
37.6915
-0
-0
2.36229
-0
-0
-0
23.4343
48.3513
-0
-0
-0
-0
-0
-0
1.49935
-0
-0
-0
-0
-0
5.12675
-0
21.4181
-0
-0
-0
-0
-0
16.8468
-0
-0
-0
-0
-0
-0
14.2357
-0
-0
-0
16.8502
-0
-0
14.3244
-0
-0
-0
-0
3.44821
-0
-0
36.311
-0
0.159856
14.3687
-0
-0
16.0296
-0
-0
-0
-0
-0
-0
-0
-0
20.428
8.95499
3.65318
3.53886
-0
-0
-0
-0
18.7171
-0
-0
-0
-0
-0
0.800362
-0
-0
-0
-0
3.46826
-0
-0
-0
-0
-0
-0
-0
-0
6.18218
-0
31.347
-0
-0
-0
-0
0.262145
-0
-0
-0
-0
3.11517
5.91118
-0
9.41488
-0
-0
-0
-0
-0
-0
-0
9.0945
-0
-0
21.7401
-0
4.04799
-0
-0
-0
-0
7.38069
-0
-0
-0
22.0875
-0
-0
-0
-0
-0
-0
16.2728
-0
11.0795
-0
-0
-0
-0
11.4379
-0
-0
-0
-0
-0
-0
9.43956
-0
-0
-0
-0
-0
2.35973
-0
9.06066
2.17107
-0
-0
-0
-0
-0
-0
-0
-0
-0
-0
-0
-0
-0
4.70265
-0
-0
-0
-0
-0
-0
-0
2.9757
-0
16.2928
7.89189
-0
-0
-0
31.3774
-0
22.0774
-0
12.3429
-0
-0
-0
5.60919
-0
-0
-0
-0
-0
-0
-0
-0
-0
-0
-0
-0
-0
18.2615
-0
-0
-0
-0
10.8116
-0
-0
-0
-0
-0
24.4401
-0
-0
1.40536
-0
4.93757
-0
-0
-0
-0
-0
15.7815
23.025
7.6228
-0
-0
-0
-0
-0
-0
9.30294
-0
-0
12.6942
-0
-0
13.5873
-0
-0
-0
-0
-0
-0
-0
-0
-0
-0
18.7883
3.55525
-0
-0
-0
24.3546
-0
-0
9.39977
-0
-0
-0
-0
5.64072
-0
-0
-0
8.26841
-0
-0
-0
-0
-0
-0
-0
-0
28.1558
-0
-0
-0
-0
-0
-0
-0
-0
-0
25.8475
-0
-0
7.38908
-0
-0
-0
-0
-0
-0
-0
-0
20.9612
-0
-0
-0
-0
-0
12.9455
-0
1.64363
-0
15.1274
-0
-0
0.17398
-0
39.6111
-0
-0
-0
5.6683
-0
-0
-0
-0
13.6837
-0
12.7537
-0
-0
-0
-0
8.92655
-0
-0
-0
-0
-0
24.9311
-0
-0
-0
-0
-0
-0
-0
7.15787
3.23021
-0
-0
-0
-0
-0
3.66649
-0
-0
-0
-0
20.827
-0
-0
-0
-0
15.1719
9.17987
-0
-0
-0
22.6163
32.3097
-0
-0
8.34585
-0
-0
-0
-0
-0
-0
0.66523
-0
-0
-0
-0
-0
10.6943
-0
-0
-0
-0
-0
-0
-0
-0
2.98413
17.9285
33.4474
17.9909
1.80571
-0
-0
-0
6.37211
-0
-0
-0
-0
6.5828
-0
-0
-0
5.45118
-0
-0
-0
-0
-0
-0
-0
3.10049
-0
-0
-0
-0
-0
-0
11.4607
4.03771
-0
14.9068
-0
-0
10.1815
-0
38.8339
-0
-0
-0
-0
21.9247
-0
-0
6.69462
8.05272
-0
25.3325
-0
-0
-0
-0
-0
-0
19.9239
-0
7.38045
-0
-0
2.73132
-0
-0
-0
-0
-0
27.076
-0
-0
0.793171
-0
0.943457
4.39998
-0
-0
-0
-0
12.2444
-0
3.38035
-0
-0
-0
-0
-0
-0
27.0155
6.90295
-0
-0
29.0705
-0
-0
-0
-0
-0
-0
-0
-0
-0
-0
-0
-0
-0
20.0208
-0
20.8638
-0
32.3972
5.76056
15.9931
-0
16.4203
-0
-0
9.32245
-0
-0
-0
-0
-0
-0
-0
17.7021
25.6118
-0
0.186891
26.3252
1.18402
-0
-0
0.221238
-0
-0
3.02906
-0
23.7158
-0
-0
38.5586
27.4411
3.7996
-0
-0
-0
-0
-0
-0
29.8786
4.77037
-0
4.45277
0.870637
-0
-0
-0
8.09682
16.1119
0.16298
1.11688
-0
25.4631
-0
27.9295
2.29873
-0
-0
13.5488
-0
30.9951
-0
-0
-0
-0
-0
-0
-0
-0
-0
-0
-0
-0
-0
-0
-0
7.34778
32.8928
-0
10.0048
-0
-0
7.1683
-0
-0
-0
-0
-0
-0
-0
-0
-0
-0
-0
18.557
-0
-0
-0
-0
-0
16.3754
-0
11.3582
8.64473
-0
4.04633
5.28913
31.4568
-0
-0
-0
-0
-0
0.457071
-0
3.45433
-0
-0
-0
-0
-0
-0
7.25692
25.3736
-0
-0
-0
-0
33.3114
-0
-0
-0
-0
-0
-0
-0
-0
-0
-0
-0
-0
-0
-0
-0
-0
0.765224
-0
-0
-0
22.1446
-0
12.1999
-0
-0
-0
-0
-0
-0
-0
-0
-0
-0
-0
-0
-0
-0
-0
-0
-0
-0
-0
-0
-0
-0
-0
-0
-0
-0
-0
-0
-0
-0
-0
23.7314
-0
-0
-0
-0
-0
-0
-0
-0
-0
-0
-0
-0
-0
-0
1.69773
-0
6.20103
-0
22.0533
3.78604
-0
-0
2.4771
-0
-0
-0
-0
-0
14.1338
-0
19.1598
13.2556
-0
-0
2.6694
-0
-0
-0
8.84974
-0
-0
-0
-0
-0
-0
-0
-0
-0
-0
9.23126
-0
-0
-0
-0
39.553
5.6472
-0
-0
-0
-0
-0
0.121817
-0
-0
-0
-0
5.44704
-0
-0
3.86518
6.0395
-0
-0
-0
0.0118528
1.18548
-0
-0
-0
-0
-0
-0
-0
16.4483
-0
7.30185
-0
-0
-0
-0
-0
-0
-0
-0
4.07921
-0
-0
-0
6.57793
-0
-0
-0
-0
-0
-0
1.72953
-0
14.9881
-0
-0
-0
8.60499
-0
-0
-0
50.9671
-0
-0
-0
-0
25.158
-0
0.144753
-0
-0
-0
29.4954
-0
-0
-0
-0
-0
-0
31.3756
-0
-0
-0
-0
-0
-0
5.97205
0.22643
-0
30.0073
-0
1.30407
2.16242
-0
-0
5.45303
-0
-0
-0
-0
-0
14.0565
2.41946
-0
-0
14.352
-0
-0
-0
-0
-0
-0
8.81862
-0
-0
11.706
-0
20.6859
-0
-0
0.059686
9.77495
-0
9.0722
-0
-0
-0
26.6037
-0
-0
-0
-0
-0
-0
18.3632
23.6846
24.7428
20.5605
-0
-0
-0
-0
-0
-0
-0
-0
-0
-0
19.276
-0
-0
-0
-0
-0
-0
-0
41.7518
-0
-0
5.58481
-0
-0
10.8468
-0
-0
-0
-0
9.7706
-0
2.86505
-0
-0
-0
7.93725
7.12009
15.4462
-0
-0
11.0368
-0
-0
-0
-0
-0
-0
13.5232
21.6946
-0
1.58476
-0
-0
-0
15.2791
-0
-0
-0
-0
-0
-0
-0
-0
-0
-0
-0
-0
17.3086
-0
12.1495
-0
-0
5.14059
6.75218
-0
-0
38.6212
-0
-0
6.08513
14.5299
2.0787
-0
-0
-0
-0
-0
-0
-0
3.56331
3.25182
-0
-0
-0
-0
-0
-0
-0
-0
12.6043
-0
-0
-0
6.11487
-0
-0
2.56511
-0
-0
14.7496
-0
-0
-0
-0
33.4935
-0
-0
0.322123
1.75704
-0
6.12278
-0
-0
9.32042
6.82932
-0
-0
2.46068
24.0186
20.151
-0
-0
-0
-0
-0
-0
-0
-0
-0
-0
-0
-0
-0
-0
5.89394
-0
-0
-0
-0
-0
-0
-0
-0
-0
-0
-0
-0
-0
-0
-0
-0
37.2427
-0
-0
-0
-0
-0
-0
-0
-0
-0
-0
-0
-0
-0
-0
-0
-0
-0
-0
-0
-0
-0
-0
-0
-0
-0
-0
-0
2.73698
-0
23.8962
-0
-0
-0
-0
-0
-0
-0
0.0396011
-0
-0
-0
-0
25.1217
2.92951
25.0948
-0
-0
-0
20.2398
-0
5.8028
-0
-0
-0
-0
-0
26.5009
-0
-0
-0
-0
-0
-0
-0
-0
-0
10.1863
-0
-0
-0
-0
-0
-0
5.17614
-0
-0
-0
1.41547
-0
-0
-0
-0
-0
-0
-0
-0
-0
45.3196
-0
15.3754
-0
30.9303
-0
-0
39.97
6.62897
-0
-0
3.9844
-0
-0
17.5019
-0
0.739899
-0
-0
-0
-0
-0
-0
-0
-0
-0
-0
11.4852
-0
-0
-0
-0
-0
-0
-0
7.79942
-0
-0
-0
-0
7.04549
-0
5.31909
-0
-0
-0
26.7661
1.13716
-0
-0
-0
5.30053
-0
-0
24.6459
-0
-0
-0
-0
21.0346
-0
-0
11.9603
13.661
-0
30.894
3.53028
-0
28.5191
22.9418
-0
-0
-0
-0
-0
-0
21.8406
-0
-0
3.09305
-0
17.5128
-0
-0
-0
-0
1.19172
-0
33.1793
-0
9.00244
-0
1.00385
-0
-0
-0
-0
-0
-0
46.7186
7.26028
-0
18.6444
-0
-0
12.8886
-0
-0
-0
-0
1.96922
-0
0.236257
-0
23.9368
-0
-0
17.6911
-0
-0
-0
4.81351
-0
-0
-0
6.7615
-0
-0
21.93
-0
-0
-0
-0
-0
-0
6.54301
-0
-0
-0
42.2148
-0
-0
28.8713
-0
-0
-0
-0
33.3937
11.9149
-0
1.98181
-0
8.19218
-0
-0
-0
15.2726
-0
-0
-0
-0
-0
-0
-0
-0
14.3788
-0
-0
-0
-0
-0
0.402836
-0
-0
15.5782
-0
-0
-0
-0
6.56363
-0
22.8493
-0
-0
-0
-0
-0
-0
-0
-0
-0
-0
-0
-0
-0
-0
-0
-0
-0
20.2443
-0
-0
-0
23.9949
-0
-0
7.1488
9.90041
-0
-0
-0
1.12355
12.4565
-0
6.36217
8.326
22.0784
-0
3.33114
-0
-0
28.3112
18.5314
-0
11.1015
28.3319
-0
-0
20.4671
-0
-0
-0
-0
-0
-0
19.4576
-0
-0
-0
-0
-0
-0
-0
-0
0.859616
-0
4.87514
-0
-0
-0
-0
-0
3.6112
-0
-0
3.62349
1.01435
-0
-0
-0
-0
-0
20.3666
11.744
-0
6.86742
-0
-0
-0
-0
-0
-0
-0
-0
3.94653
1.9212
15.1078
-0
27.6715
-0
-0
1.62139
-0
9.96631
5.16548
-0
-0
-0
9.44235
-0
-0
-0
-0
-0
-0
19.3202
-0
-0
-0
-0
-0
-0
-0
-0
7.67694
-0
31.5505
-0
-0
-0
-0
-0
5.19429
24.2648
-0
-0
-0
-0
-0
16.3243
5.62408
-0
-0
-0
3.74146
-0
-0
52.8922
-0
8.46175
-0
24.3346
-0
11.1839
-0
-0
-0
-0
23.7729
1.87549
-0
-0
6.87553
-0
-0
-0
5.6517
-0
-0
-0
-0
-0
-0
-0
-0
-0
-0
-0
-0
-0
-0
-0
-0
-0
18.4898
-0
-0
1.02555
-0
-0
3.67721
-0
-0
23.6574
-0
-0
8.68062
-0
-0
-0
0.192594
0.320399
-0
-0
-0
-0
-0
-0
-0
-0
-0
-0
24.3792
10.8193
-0
-0
-0
15.603
23.0421
5.91407
-0
-0
-0
-0
-0
-0
0.828588
-0
-0
25.702
3.69833
7.07167
-0
-0
-0
-0
-0
-0
-0
-0
-0
-0
-0
18.0464
-0
-0
-0
-0
-0
-0
1.62333
-0
-0
-0
-0
-0
22.9325
-0
-0
0.174788
-0
-0
-0
-0
-0
-0
-0
-0
31.3217
-0
12.9005
15.1216
-0
-0
-0
-0
12.7074
-0
-0
-0
0.759868
-0
-0
-0
2.33421
8.32173
6.28369
17.7365
-0
12.6951
-0
-0
-0
19.3571
-0
-0
-0
-0
-0
15.9264
21.8457
-0
-0
-0
-0
8.41223
-0
-0
-0
-0
7.64599
-0
-0
-0
-0
0.401931
-0
-0
15.5236
-0
-0
-0
-0
-0
28.9426
-0
15.1443
-0
-0
-0
22.6967
-0
-0
-0
-0
-0
10.8302
-0
17.882
-0
-0
40.0061
23.7334
-0
-0
-0
-0
-0
-0
-0
-0
2.77379
-0
-0
-0
-0
-0
-0
-0
-0
-0
-0
-0
-0
-0
-0
-0
2.42693
35.6984
3.25018
-0
-0
-0
-0
-0
-0
-0
-0
-0
4.86696
-0
-0
-0
-0
-0
-0
2.7434
-0
-0
16.5573
-0
-0
-0
-0
-0
-0
-0
-0
2.61273
-0
-0
17.6931
-0
0.3252
-0
-0
-0
-0
-0
-0
-0
-0
-0
-0
-0
-0
4.33163
-0
-0
-0
-0
-0
-0
4.77703
-0
-0
-0
1.44286
8.44218
-0
-0
-0
-0
-0
32.1697
1.32864
2.51128
-0
32.2922
-0
-0
-0
-0
-0
-0
-0
-0
11.267
0.978945
-0
-0
8.12992
7.09898
10.7503
-0
-0
-0
8.03101
-0
-0
-0
-0
-0
-0
-0
1.56337
-0
-0
-0
8.97174
-0
-0
-0
-0
-0
-0
-0
-0
-0
-0
-0
-0
-0
1.97666
-0
0.470547
-0
0.182351
-0
-0
-0
-0
-0
-0
-0
-0
-0
-0
-0
13.5316
-0
-0
-0
-0
37.7255
-0
1.86424
-0
-0
15.7095
-0
-0
-0
0.192016
-0
4.35058
-0
23.8093
-0
-0
-0
-0
-0
15.9014
-0
-0
-0
2.61675
-0
-0
-0
-0
-0
-0
-0
-0
-0
-0
-0
-0
-0
2.1112
-0
-0
-0
-0
-0
-0
-0
-0
-0
-0
5.7596
-0
-0
-0
0.268432
-0
-0
-0
7.57802
7.43822
-0
-0
-0
13.3865
-0
-0
26.0714
-0
-0
-0
-0
27.0137
-0
24.5408
-0
-0
-0
-0
-0
-0
-0
-0
25.0201
-0
17.2928
-0
1.56591
1.33323
-0
-0
-0
-0
2.74524
-0
-0
-0
-0
-0
-0
-0
3.02598
-0
-0
-0
6.42461
3.71633
-0
-0
-0
-0
-0
-0
-0
-0
-0
-0
9.84591
-0
-0
-0
16.212
-0
12.9001
-0
-0
-0
-0
-0
-0
-0
-0
7.74723
25.8488
-0
-0
9.67768
30.2584
-0
0.235401
-0
8.15735
-0
-0
-0
-0
-0
-0
-0
-0
-0
-0
-0
25.1506
16.7559
-0
-0
-0
-0
14.4734
-0
-0
-0
-0
-0
1.03886
-0
-0
7.48482
-0
7.5242
-0
31.802
-0
-0
-0
11.6874
-0
10.1145
-0
4.18008
32.1378
-0
-0
-0
-0
-0
-0
-0
-0
-0
7.01682
-0
-0
-0
13.3433
-0
18.531
11.8014
-0
13.2342
4.2257
-0
-0
-0
-0
-0
-0
-0
12.3069
-0
-0
-0
16.4921
-0
-0
27.6152
-0
-0
-0
-0
-0
-0
-0
-0
-0
-0
-0
-0
-0
-0
-0
14.0816
-0
-0
-0
-0
-0
-0
1.57151
22.719
-0
-0
-0
2.01282
-0
-0
-0
-0
20.4402
-0
20.0806
-0
-0
2.34071
-0
3.90553
1.49697
-0
-0
-0
-0
-0
3.87784
13.9872
-0
3.0128
16.3783
14.6632
-0
-0
25.3441
-0
2.96901
3.48998
4.73044
37.9988
-0
-0
-0
34.4152
-0
16.7737
5.69026
-0
-0
-0
-0
-0
-0
-0
-0
-0
-0
-0
-0
-0
-0
16.8319
-0
1.33222
-0
-0
-0
10.9772
-0
-0
32.9494
13.501
-0
-0
-0
-0
-0
-0
-0
3.22735
-0
-0
-0
-0
21.1984
-0
-0
0.730994
-0
-0
9.36089
-0
10.4471
1.60954
-0
-0
-0
-0
-0
-0
7.94022
-0
-0
22.8449
-0
17.1252
10.3282
-0
2.36164
6.09249
-0
26.285
-0
-0
-0
-0
-0
-0
12.8279
-0
-0
8.7044
-0
-0
-0
41.877
-0
-0
-0
-0
-0
-0
-0
-0
-0
-0
13.1279
16.3936
-0
8.95199
-0
4.50012
26.2098
-0
3.93915
-0
-0
-0
-0
-0
-0
-0
23.4453
-0
-0
-0
-0
-0
14.6937
-0
-0
-0
-0
12.0319
-0
33.8353
-0
16.9451
-0
-0
-0
-0
-0
-0
-0
-0
-0
-0
15.7365
-0
-0
-0
-0
7.03198
-0
-0
15.9744
8.0935
-0
-0
-0
2.04109
12.8973
-0
-0
-0
-0
-0
-0
-0
-0
-0
-0
-0
-0
-0
-0
3.7482
13.3906
-0
-0
-0
-0
-0
-0
-0
-0
17.8583
-0
-0
-0
-0
-0
-0
3.41412
-0
-0
5.19931
29.7212
14.7653
-0
-0
-0
-0
9.68193
-0
-0
-0
-0
5.37525
8.10427
-0
-0
-0
4.50083
3.62725
2.85136
5.9185
-0
6.42308
18.602
4.08771
8.04885
-0
-0
-0
-0
-0
-0
-0
-0
-0
-0
6.38394
18.8574
3.98703
-0
-0
10.1668
-0
-0
-0
-0
-0
-0
-0
0.496135
-0
-0
-0
1.22482
-0
-0
-0
-0
12.7868
-0
-0
10.0229
-0
-0
-0
-0
-0
-0
-0
-0
-0
20.9672
11.564
-0
22.0532
-0
5.65873
-0
-0
5.33847
-0
-0
-0
-0
-0
-0
-0
0.0934592
-0
-0
-0
11.4988
4.51628
-0
-0
-0
-0
-0
-0
0.503104
-0
-0
-0
-0
-0
-0
-0
-0
8.41772
-0
-0
-0
0.417078
-0
-0
-0
-0
-0
2.41312
21.5911
-0
4.65168
-0
4.2648
6.54881
8.54525
-0
22.3129
-0
-0
-0
19.0653
-0
10.0357
-0
2.64291
-0
-0
-0
-0
-0
-0
-0
-0
-0
-0
-0
-0
-0
-0
-0
10.0737
-0
-0
3.70204
-0
20.4979
20.8148
-0
-0
7.82659
-0
-0
-0
-0
-0
0.778129
-0
-0
-0
-0
-0
-0
-0
2.32878
-0
-0
-0
-0
-0
-0
18.8223
-0
-0
-0
-0
6.72715
-0
11.4062
-0
-0
-0
-0
28.4475
-0
-0
-0
-0
-0
-0
21.8389
-0
-0
10.4566
-0
-0
-0
13.9781
-0
48.9499
-0
-0
6.23722
-0
-0
-0
-0
4.4103
-0
-0
-0
-0
-0
-0
6.77307
-0
12.956
-0
-0
0.783347
-0
-0
-0
20.0269
-0
19.6608
0.885117
-0
33.0684
0.0777893
0.501383
0.467725
-0
-0
-0
-0
11.0739
-0
-0
-0
-0
-0
-0
-0
-0
-0
-0
35.548
-0
-0
-0
-0
-0
-0
-0
-0
-0
2.92226
-0
-0
6.63086
-0
-0
7.96
-0
-0
10.2612
4.76577
3.17014
-0
-0
-0
-0
23.707
11.3347
9.84715
-0
-0
-0
-0
-0
-0
-0
8.83358
-0
-0
-0
2.42463
12.8541
5.968
-0
-0
-0
-0
29.1856
-0
-0
5.71639
16.987
-0
-0
-0
-0
-0
1.88849
-0
-0
4.67945
-0
-0
-0
-0
-0
-0
-0
2.2804
-0
1.26543
-0
-0
-0
-0
-0
-0
-0
-0
-0
-0
15.2966
-0
-0
-0
5.77744
-0
-0
1.31829
-0
-0
-0
-0
-0
-0
1.62858
3.27839
-0
26.9599
5.28611
-0
-0
-0
-0
18.1934
-0
3.98154
-0
-0
1.54841
25.2745
-0
-0
-0
19.9484
-0
12.68
2.15907
-0
-0
25.9006
-0
-0
-0
-0
-0
-0
33.3594
3.97178
-0
-0
-0
-0
-0
11.2075
-0
-0
-0
-0
-0
-0
-0
-0
-0
-0
-0
2.04283
-0
-0
-0
-0
-0
25.2414
2.25285
20.0569
-0
-0
-0
-0
-0
23.4711
-0
-0
-0
-0
-0
-0
-0
-0
-0
1.25601
-0
-0
-0
-0
-0
-0
-0
-0
-0
0.145028
-0
-0
22.2731
-0
1.05011
-0
-0
-0
-0
-0
-0
4.61347
21.7935
-0
-0
-0
-0
-0
-0
16.7659
-0
-0
-0
-0
26.6867
20.3525
-0
13.049
-0
-0
-0
-0
-0
30.064
-0
40.0268
12.8535
-0
6.19392
-0
-0
-0
-0
-0
-0
-0
1.56623
20.552
-0
-0
-0
-0
-0
38.6122
-0
-0
-0
-0
-0
-0
-0
22.3381
-0
-0
-0
-0
10.4296
-0
32.6469
-0
13.2286
-0
6.22405
-0
-0
-0
-0
-0
6.00548
-0
5.73494
-0
-0
-0
-0
-0
-0
-0
-0
21.171
-0
-0
-0
-0
20.5662
-0
-0
-0
-0
3.94984
-0
-0
-0
7.1238
-0
-0
-0
16.0677
-0
1.2444
22.1783
-0
5.55579
18.8219
-0
-0
-0
30.1452
-0
-0
-0
-0
-0
11.3422
-0
-0
-0
-0
-0
-0
-0
-0
-0
-0
-0
-0
-0
-0
42.4273
-0
-0
-0
-0
-0
-0
-0
-0
-0
-0
-0
-0
-0
15.4843
-0
-0
19.1221
-0
-0
-0
22.2733
-0
-0
-0
-0
-0
-0
-0
6.87236
5.96342
27.8807
28.4455
3.23331
-0
4.91136
19.6189
-0
-0
-0
-0
-0
-0
31.8998
-0
-0
22.2906
-0
25.0452
-0
21.6792
-0
-0
-0
4.44673
-0
-0
23.8471
3.57918
-0
6.56065
-0
-0
-0
-0
2.30517
-0
-0
31.0436
-0
-0
-0
33.6381
-0
-0
-0
-0
-0
-0
-0
30.0364
-0
2.58367
-0
-0
-0
-0
-0
-0
-0
-0
-0
16.2734
13.1927
38.3844
-0
-0
-0
-0
-0
-0
-0
-0
-0
-0
-0
3.47032
-0
17.3172
-0
-0
12.0668
-0
-0
-0
-0
-0
-0
-0
14.3441
-0
2.10036
31.2036
-0
9.30282
-0
-0
-0
-0
-0
-0
-0
8.1764
-0
-0
-0
-0
-0
-0
-0
-0
-0
11.7555
-0
-0
-0
16.9776
-0
-0
-0
-0
17.949
-0
-0
-0
13.0211
-0
32.7385
-0
11.6678
-0
-0
1.48636
-0
-0
-0
-0
-0
-0
13.6694
-0
4.15422
-0
-0
44.234
-0
-0
-0
6.74303
-0
6.86827
22.6478
-0
9.30319
-0
-0
-0
-0
-0
15.2019
-0
-0
-0
-0
-0
9.86538
-0
2.38725
-0
-0
29.7503
-0
-0
8.26284
-0
-0
3.25241
-0
-0
-0
-0
-0
6.15944
-0
-0
-0
1.41352
-0
-0
-0
-0
-0
11.3385
-0
-0
-0
-0
12.3563
-0
7.14665
-0
-0
-0
-0
-0
-0
-0
-0
-0
-0
-0
33.246
-0
-0
0.442626
4.00799
-0
-0
-0
-0
-0
17.6952
-0
-0
-0
-0
-0
17.0078
-0
-0
-0
-0
5.95094
-0
-0
25.7811
-0
14.7937
-0
-0
-0
25.7999
-0
-0
-0
-0
-0
-0
-0
23.2779
-0
-0
22.6632
-0
-0
6.76187
-0
4.34228
-0
-0
-0
5.59472
1.71302
-0
24.1793
-0
-0
-0
-0
-0
-0
-0
-0
-0
33.3172
-0
-0
-0
-0
-0
-0
-0
-0
-0
-0
-0
-0
-0
25.767
13.9275
34.1188
-0
-0
-0
-0
4.92349
-0
-0
-0
10.3728
-0
-0
-0
-0
-0
-0
-0
-0
-0
-0
13.4537
-0
-0
-0
-0
-0
-0
-0
-0
-0
-0
-0
14.9768
-0
-0
-0
4.36516
-0
-0
-0
24.2633
-0
-0
-0
-0
42.3773
-0
6.95394
-0
26.3504
-0
-0
14.0756
-0
-0
-0
11.6199
9.13678
0.36425
-0
-0
0.524098
-0
33.7564
43.1626
-0
-0
3.60193
16.7783
-0
2.9144
-0
-0
-0
-0
-0
-0
-0
-0
2.04757
-0
-0
-0
-0
-0
-0
-0
4.23551
3.37673
5.2095
-0
-0
20.0442
-0
17.9199
-0
-0
-0
-0
0.854363
-0
-0
-0
-0
10.8288
-0
-0
-0
-0
2.01686
-0
15.3486
29.8694
-0
-0
-0
-0
-0
-0
-0
12.2571
18.3466
9.9103
-0
1.29497
14.3044
-0
-0
-0
52.0617
-0
-0
-0
-0
1.84138
-0
-0
-0
