2.88916
-0
-0
-0
-0
-0
-0
-0
43.8547
-0
-0
-0
-0
-0
-0
2.41497
-0
-0
2.44373
-0
-0
-0
-0
-0
-0
9.03832
-0
-0
-0
-0
6.46067
-0
-0
-0
14.3588
-0
-0
-0
-0
-0
-0
-0
-0
10.9698
-0
50.1279
-0
9.30318
-0
-0
-0
-0
-0
-0
-0
-0
-0
1.61906
21.2929
19.3979
-0
-0
-0
-0
25.9048
-0
-0
-0
-0
1.79984
-0
-0
17.7693
-0
-0
9.05442
-0
-0
-0
-0
-0
94.8332
-0
-0
8.14067
-0
-0
-0
-0
-0
52.5392
-0
-0
-0
5.31984
-0
8.9121
-0
21.2316
-0
-0
-0
-0
-0
-0
-0
10.4905
-0
-0
-0
-0
-0
-0
-0
-0
5.09952
-0
-0
40.542
20.8216
91.3606
-0
2.19359
18.8557
-0
-0
-0
-0
-0
-0
26.34
-0
-0
-0
-0
-0
-0
29.4909
-0
-0
8.90515
-0
4.87785
-0
-0
-0
-0
-0
-0
-0
-0
-0
-0
82.4531
-0
-0
7.85657
-0
-0
1.2903
-0
-0
-0
11.2311
-0
-0
-0
-0
-0
39.2203
2.90896
-0
-0
-0
-0
-0
-0
-0
12.6434
-0
-0
-0
-0
-0
-0
39.4959
-0
-0
66.7574
-0
-0
71.8526
7.43642
-0
-0
-0
-0
-0
0.434815
-0
-0
-0
11.6117
-0
-0
12.7816
12.5652
-0
11.4823
-0
-0
-0
77.0333
-0
-0
-0
2.6594
-0
-0
-0
-0
-0
-0
-0
-0
-0
-0
-0
-0
-0
-0
-0
-0
-0
-0
-0
-0
-0
-0
-0
-0
6.14685
-0
-0
-0
-0
50.4729
-0
-0
-0
-0
-0
-0
27.7829
-0
-0
-0
-0
-0
-0
-0
5.52455
-0
-0
-0
-0
-0
-0
-0
-0
-0
-0
-0
9.1611
-0
-0
-0
-0
-0
-0
-0
-0
-0
-0
-0
-0
-0
-0
-0
-0
10.017
-0
-0
-0
40.532
-0
0.786394
-0
-0
87.9933
-0
0.130477
5.67646
-0
48.1928
32.8824
28.666
-0
-0
-0
38.7646
-0
-0
-0
-0
2.03799
-0
-0
-0
-0
-0
-0
-0
62.3388
-0
-0
-0
-0
-0
22.6238
-0
-0
-0
-0
-0
-0
-0
-0
-0
36.5511
-0
-0
-0
-0
-0
-0
-0
-0
18.0153
-0
-0
-0
-0
-0
29.5338
-0
-0
-0
-0
-0
-0
-0
-0
15.4924
1.69133
2.01912
-0
-0
-0
-0
-0
-0
0.537554
-0
-0
-0
-0
-0
-0
-0
-0
28.6948
-0
-0
-0
7.91096
-0
-0
-0
-0
-0
0.289899
-0
-0
-0
-0
-0
10.1514
-0
-0
-0
-0
-0
-0
-0
-0
-0
-0
-0
-0
-0
-0
-0
-0
-0
-0
-0
-0
-0
-0
6.56283
-0
-0
-0
-0
-0
-0
12.7091
-0
-0
-0
-0
3.04487
-0
32.9072
-0
-0
-0
-0
-0
-0
-0
-0
-0
-0
-0
-0
-0
-0
-0
17.2175
46.7166
-0
-0
41.8174
36.6481
-0
-0
-0
-0
-0
-0
6.18436
-0
-0
-0
8.01153
-0
-0
-0
-0
4.72114
-0
-0
-0
19.5581
41.647
-0
-0
2.9872
-0
-0
-0
-0
-0
-0
-0
-0
-0
41.8429
27.0453
-0
-0
0.694308
-0
32.6446
108.518
-0
1.40071
59.6236
-0
-0
40.8047
-0
-0
-0
-0
-0
-0
26.6456
-0
-0
9.09923
-0
-0
-0
-0
-0
-0
-0
17.5001
-0
-0
-0
-0
-0
18.8531
-0
-0
-0
-0
-0
-0
-0
31.5441
-0
-0
14.9893
-0
-0
-0
-0
-0
-0
-0
-0
-0
-0
11.0878
6.67905
-0
-0
-0
-0
87.6786
16.1033
-0
-0
42.5273
-0
-0
12.9351
-0
-0
-0
-0
-0
-0
-0
-0
-0
38.889
-0
-0
-0
-0
-0
-0
1.14199
12.2792
-0
-0
-0
-0
-0
8.16061
-0
9.27518
-0
66.1306
-0
-0
-0
-0
-0
-0
-0
26.9139
31.3528
-0
16.4962
-0
-0
-0
-0
-0
-0
38.3945
-0
-0
-0
6.1745
-0
-0
-0
-0
18.2799
-0
-0
-0
-0
-0
-0
54.6582
-0
-0
-0
-0
-0
-0
-0
-0
-0
-0
-0
-0
-0
-0
-0
-0
-0
-0
-0
-0
-0
-0
-0
37.8665
21.3357
-0
-0
-0
-0
-0
-0
2.76231
-0
-0
-0
-0
25.4255
-0
-0
46.7998
-0
44.7215
-0
-0
-0
-0
-0
-0
-0
-0
-0
-0
-0
-0
-0
-0
-0
-0
-0
-0
-0
12.2318
-0
-0
-0
-0
-0
-0
-0
-0
-0
-0
-0
-0
-0
67.6661
3.5039
-0
-0
12.0987
17.295
-0
-0
-0
-0
-0
-0
22.935
-0
-0
-0
-0
72.9995
-0
-0
-0
-0
-0
-0
-0
-0
-0
-0
-0
-0
-0
6.65825
-0
-0
49.7618
-0
-0
-0
1.53162
-0
-0
-0
-0
-0
-0
-0
31.7461
-0
-0
-0
-0
-0
-0
-0
-0
19.2605
-0
-0
-0
69.1173
-0
-0
-0
-0
-0
-0
17.2268
58.2475
-0
-0
-0
-0
-0
-0
-0
-0
-0
-0
-0
-0
33.0926
8.38162
-0
32.9277
-0
-0
-0
49.6329
95.9619
-0
-0
-0
-0
-0
-0
13.6805
-0
-0
-0
29.8005
-0
15.2627
-0
-0
-0
-0
3.76121
-0
-0
-0
-0
7.46589
-0
-0
-0
-0
26.704
-0
-0
-0
32.6337
-0
-0
40.9896
-0
-0
-0
-0
14.8366
-0
-0
63.5617
-0
-0
32.2534
-0
-0
-0
2.51372
-0
-0
-0
-0
-0
-0
-0
3.77379
-0
-0
-0
36.8317
-0
-0
-0
15.3468
-0
18.0634
1.29316
6.28763
-0
-0
-0
-0
-0
-0
19.5441
-0
-0
-0
-0
-0
-0
-0
-0
-0
29.9266
39.0726
-0
-0
-0
-0
-0
0.505931
-0
-0
-0
-0
-0
-0
-0
-0
-0
-0
21.4527
-0
-0
-0
6.59373
-0
-0
-0
-0
-0
-0
-0
-0
-0
11.1264
-0
-0
-0
-0
57.2013
-0
-0
-0
-0
-0
-0
-0
15.7546
-0
-0
-0
-0
59.4706
-0
-0
-0
-0
-0
-0
-0
-0
-0
-0
-0
-0
-0
-0
-0
-0
-0
-0
-0
-0
-0
21.4557
-0
-0
-0
-0
-0
-0
-0
-0
54.4233
-0
1.18513
-0
-0
-0
-0
-0
-0
15.3783
-0
-0
-0
-0
-0
-0
6.82664
-0
15.9555
-0
-0
11.1453
52.2973
-0
-0
-0
-0
-0
-0
-0
-0
-0
-0
-0
-0
-0
-0
-0
-0
-0
-0
-0
-0
-0
16.3521
-0
-0
-0
-0
-0
-0
-0
-0
-0
18.4167
9.09082
-0
-0
-0
-0
14.747
-0
-0
-0
-0
-0
-0
-0
-0
-0
-0
-0
-0
-0
-0
-0
-0
-0
-0
-0
-0
-0
-0
11.5289
2.53929
-0
-0
-0
-0
19.6036
-0
0.181831
-0
-0
-0
17.7861
-0
1.88807
-0
-0
-0
-0
-0
-0
-0
-0
-0
-0
-0
-0
54.9057
-0
-0
-0
-0
-0
-0
-0
-0
-0
46.3717
-0
-0
0.720312
-0
-0
-0
-0
-0
-0
-0
-0
42.6743
53.2492
-0
-0
-0
-0
30.339
20.1964
9.14749
-0
-0
-0
27.6015
-0
-0
-0
-0
-0
-0
-0
-0
-0
-0
-0
15.7398
-0
37.4444
-0
-0
-0
33.6813
36.4696
-0
-0
-0
-0
-0
54.9848
-0
-0
-0
-0
41.7294
-0
-0
10.4912
6.79788
-0
-0
-0
-0
-0
-0
-0
-0
-0
-0
-0
-0
-0
-0
-0
-0
-0
-0
-0
-0
-0
39.3474
-0
-0
-0
-0
-0
-0
-0
-0
-0
32.6069
-0
-0
-0
-0
-0
7.3823
58.1937
3.86335
-0
-0
-0
-0
-0
-0
-0
43.8639
59.3629
1.28358
-0
-0
-0
-0
26.8644
-0
-0
-0
-0
-0
-0
-0
-0
21.3566
-0
16.5021
-0
-0
-0
-0
-0
-0
-0
-0
-0
-0
-0
-0
0.346949
-0
-0
-0
-0
-0
-0
-0
8.2174
-0
-0
-0
-0
-0
-0
-0
46.7076
-0
-0
-0
-0
-0
-0
-0
-0
-0
-0
-0
-0
-0
-0
-0
-0
-0
-0
-0
-0
-0
-0
-0
-0
-0
-0
10.3931
-0
-0
33.3567
-0
-0
-0
-0
-0
-0
-0
-0
-0
-0
-0
-0
-0
-0
-0
-0
-0
-0
-0
4.44125
-0
-0
-0
-0
-0
-0
-0
-0
15.3599
-0
-0
-0
-0
-0
6.39946
-0
12.1246
59.5873
6.45926
99.2565
-0
-0
-0
-0
-0
18.44
-0
49.6387
28.8177
-0
10.117
0.650926
-0
-0
-0
17.8222
23.2849
-0
-0
-0
9.00658
-0
-0
3.62942
-0
-0
-0
8.95403
-0
27.1381
-0
-0
-0
-0
-0
-0
-0
-0
-0
-0
-0
-0
1.58901
16.4601
-0
5.74786
-0
-0
-0
-0
1.68238
12.6827
16.2797
-0
0.108689
-0
-0
-0
-0
-0
-0
-0
-0
-0
-0
-0
-0
-0
-0
-0
20.5487
-0
13.9971
-0
-0
-0
-0
-0
-0
-0
-0
-0
-0
-0
-0
-0
-0
-0
-0
-0
-0
-0
-0
5.81552
-0
25.611
34.0715
-0
35.7231
37.0349
24.3912
-0
62.186
-0
-0
-0
-0
-0
30.1946
-0
-0
-0
-0
-0
-0
-0
23.3073
-0
-0
-0
-0
38.0162
-0
-0
-0
-0
-0
-0
-0
-0
-0
-0
-0
-0
-0
-0
22.5092
-0
0.0949604
-0
-0
-0
-0
2.0718
-0
20.1616
-0
-0
-0
11.953
-0
-0
-0
-0
-0
19.8785
-0
-0
-0
-0
-0
-0
-0
-0
-0
-0
-0
-0
-0
-0
3.59111
7.88103
-0
-0
-0
-0
88.5079
-0
-0
-0
-0
-0
-0
-0
-0
-0
-0
-0
-0
-0
20.2794
9.68973
-0
-0
-0
24.6927
48.2365
-0
-0
-0
-0
-0
-0
-0
0.43785
-0
-0
20.3274
-0
-0
-0
-0
-0
-0
-0
6.17992
-0
-0
-0
12.1145
-0
-0
-0
-0
-0
-0
-0
-0
-0
-0
-0
61.198
43.2219
-0
-0
28.4514
-0
27.8952
-0
-0
-0
-0
-0
77.7569
-0
-0
-0
37.4903
-0
-0
-0
-0
-0
-0
-0
-0
-0
-0
-0
-0
5.17452
-0
-0
-0
-0
-0
-0
-0
-0
-0
-0
-0
-0
-0
-0
19.9758
-0
-0
-0
-0
-0
-0
-0
-0
-0
-0
-0
12.6274
-0
-0
-0
-0
2.32944
-0
-0
-0
-0
107.575
-0
25.9722
-0
-0
-0
-0
-0
-0
-0
-0
-0
-0
-0
-0
-0
-0
-0
-0
-0
-0
-0
-0
21.2472
-0
-0
-0
-0
-0
-0
-0
-0
-0
-0
-0
-0
6.55366
-0
-0
-0
-0
-0
4.72239
-0
-0
-0
-0
-0
-0
-0
-0
23.6461
-0
-0
-0
9.19005
-0
-0
-0
-0
-0
11.3622
-0
-0
-0
-0
-0
-0
53.1095
2.54241
18.8568
18.5822
-0
-0
-0
-0
-0
-0
-0
-0
-0
-0
33.6265
-0
-0
-0
-0
-0
-0
-0
27.4722
-0
-0
40.109
-0
-0
4.92748
-0
-0
-0
-0
-0
-0
-0
-0
-0
-0
-0
30.3535
15.3091
-0
30.3799
-0
-0
-0
-0
-0
-0
-0
32.0465
32.3455
-0
37.7394
-0
-0
-0
-0
-0
-0
-0
-0
-0
-0
-0
4.91773
-0
-0
-0
-0
-0
-0
-0
-0
-0
-0
-0
-0
-0
-0
-0
-0
-0
-0
1.84594
-0
-0
-0
-0
-0
-0
-0
-0
27.4719
1.72851
37.093
-0
-0
-0
-0
-0
-0
-0
-0
-0
-0
-0
-0
-0
2.0739
-0
-0
-0
-0
-0
-0
-0
32.0596
-0
-0
-0
17.9123
-0
-0
-0
-0
-0
-0
-0
-0
44.0491
-0
-0
-0
-0
-0
-0
-0
-0
-0
-0
39.6936
-0
18.9507
-0
-0
-0
-0
-0
-0
-0
-0
-0
-0
-0
-0
-0
-0
-0
-0
-0
-0
-0
-0
39.3738
-0
-0
-0
-0
-0
-0
-0
-0
-0
-0
-0
-0
6.82875
-0
-0
-0
-0
-0
-0
-0
-0
-0
-0
-0
-0
-0
-0
-0
-0
29.2405
9.07745
-0
-0
-0
-0
-0
41.0994
-0
-0
-0
-0
-0
42.9619
-0
31.1415
9.22541
-0
-0
-0
-0
-0
-0
-0
-0
-0
-0
81.4033
-0
-0
-0
-0
-0
-0
-0
-0
0.0805991
54.1071
-0
-0
18.3459
-0
-0
-0
17.7151
-0
-0
27.3272
59.6038
-0
-0
-0
-0
-0
-0
-0
-0
-0
95.6218
-0
0.69034
-0
29.9424
-0
18.661
25.444
20.7015
-0
-0
23.0898
-0
-0
21.1615
-0
0.340524
-0
-0
-0
-0
-0
-0
-0
-0
-0
-0
29.6921
-0
-0
-0
-0
-0
-0
-0
26.2202
-0
-0
-0
-0
-0
-0
30.6193
-0
-0
-0
-0
-0
-0
-0
25.5979
45.4036
-0
-0
62.6024
-0
-0
-0
-0
39.8187
-0
-0
-0
-0
-0
35.5076
23.2917
-0
36.3175
-0
-0
-0
-0
-0
-0
-0
-0
-0
-0
-0
6.15296
27.4027
-0
-0
-0
-0
0.462962
-0
76.5822
-0
23.9181
-0
-0
-0
-0
12.985
-0
9.88576
-0
15.1707
1.01636
-0
5.58192
-0
-0
17.7143
-0
27.4586
-0
-0
43.5512
-0
14.4261
17.0046
70.0753
-0
-0
-0
-0
-0
-0
8.17886
-0
-0
-0
-0
-0
-0
10.0206
-0
-0
-0
-0
-0
-0
-0
-0
-0
-0
14.3136
-0
-0
5.77124
-0
-0
-0
-0
-0
18.1755
-0
2.9501
-0
39.6085
14.1805
-0
-0
36.9221
-0
-0
-0
-0
-0
-0
-0
-0
-0
-0
-0
-0
-0
3.30702
-0
-0
-0
2.4451
-0
-0
-0
-0
40.5226
-0
25.2122
-0
-0
-0
-0
-0
-0
-0
-0
-0
28.608
-0
-0
-0
-0
62.1057
41.5299
14.2601
58.5093
-0
-0
-0
59.719
-0
-0
-0
-0
-0
-0
-0
-0
27.0415
42.5355
-0
37.1805
-0
-0
-0
-0
-0
33.5831
42.7877
-0
3.71376
32.9262
-0
-0
17.6021
-0
-0
6.76068
-0
-0
-0
12.0985
-0
-0
-0
-0
-0
-0
-0
-0
45.218
-0
38.6615
-0
-0
-0
-0
8.93064
5.85243
-0
-0
34.6023
-0
-0
-0
-0
-0
-0
50.1878
46.3624
-0
-0
-0
-0
-0
-0
-0
-0
-0
-0
-0
36.2894
-0
-0
59.5927
-0
-0
-0
-0
35.7269
2.4969
-0
-0
-0
13.2902
-0
-0
-0
-0
-0
-0
59.0703
-0
-0
-0
-0
-0
-0
-0
3.53373
11.1927
-0
-0
-0
-0
-0
-0
-0
29.4469
-0
-0
0.41667
-0
-0
-0
19.802
-0
-0
-0
-0
-0
-0
-0
30.756
-0
35.0723
14.4167
27.3615
-0
-0
-0
-0
-0
-0
61.0974
31.7923
-0
26.4601
-0
-0
-0
-0
-0
-0
-0
-0
-0
-0
-0
-0
-0
-0
-0
-0
-0
-0
-0
-0
-0
-0
-0
-0
-0
-0
-0
-0
7.69123
-0
-0
6.13046
-0
-0
-0
-0
-0
-0
6.1683
-0
-0
-0
-0
-0
-0
-0
-0
-0
28.1459
-0
1.49229
52.2941
-0
7.16132
-0
-0
-0
-0
-0
-0
-0
-0
-0
-0
-0
-0
-0
56.1436
-0
15.5203
-0
-0
28.1295
-0
-0
-0
-0
-0
-0
-0
-0
-0
-0
-0
-0
-0
-0
-0
0.0252991
-0
-0
-0
-0
-0
-0
-0
-0
-0
-0
-0
-0
-0
-0
-0
-0
-0
-0
-0
-0
-0
-0
-0
18.2261
-0
35.9321
-0
14.8331
-0
-0
-0
-0
-0
-0
31.8025
28.6389
-0
-0
-0
1.33081
21.8434
-0
-0
-0
-0
-0
9.32519
33.9384
-0
73.8667
10.8031
-0
-0
-0
-0
-0
-0
-0
-0
6.84652
-0
-0
-0
-0
-0
-0
-0
-0
-0
-0
-0
-0
-0
13.125
-0
-0
-0
-0
-0
-0
-0
-0
-0
-0
-0
-0
-0
-0
-0
12.6774
4.62669
4.95741
2.18646
-0
-0
-0
-0
-0
-0
78.6097
16.8612
-0
-0
-0
-0
-0
-0
-0
-0
-0
-0
-0
-0
-0
-0
-0
27.4978
47.8644
15.9117
-0
6.77928
-0
-0
-0
-0
-0
-0
-0
-0
-0
-0
-0
-0
-0
-0
4.97214
-0
-0
10.5917
-0
-0
-0
-0
-0
-0
-0
-0
-0
-0
-0
25.9128
-0
33.5795
-0
-0
20.9976
-0
-0
19.5811
-0
12.8832
-0
-0
-0
-0
38.5164
-0
-0
-0
-0
-0
-0
11.2901
-0
-0
-0
-0
-0
-0
-0
-0
-0
-0
-0
5.90503
73.0335
-0
-0
-0
-0
-0
-0
-0
14.5615
5.31449
-0
-0
6.22009
-0
-0
-0
-0
12.643
-0
-0
10.1215
-0
-0
18.7
13.231
-0
-0
-0
-0
-0
-0
-0
-0
7.52658
-0
-0
-0
-0
-0
-0
-0
-0
-0
-0
-0
-0
-0
64.7913
-0
-0
-0
-0
-0
-0
-0
-0
-0
-0
-0
-0
-0
-0
-0
-0
-0
-0
-0
-0
-0
66.0036
32.3186
-0
10.8911
13.0149
-0
-0
-0
-0
-0
8.73318
-0
24.2989
-0
-0
1.34327
-0
-0
6.15172
-0
-0
-0
30.7685
-0
-0
-0
-0
17.5827
-0
-0
-0
-0
-0
-0
-0
-0
-0
-0
-0
-0
-0
-0
-0
-0
2.28987
-0
-0
6.39488
-0
-0
-0
-0
-0
32.2341
-0
-0
48.3882
-0
-0
-0
31.8216
-0
10.1144
11.6949
-0
-0
7.33938
-0
74.5609
-0
8.78537
-0
-0
6.353
9.42925
-0
-0
-0
-0
-0
-0
-0
-0
-0
-0
-0
-0
-0
-0
0.775567
-0
-0
-0
-0
-0
-0
-0
11.7626
-0
17.9382
-0
-0
-0
-0
-0
-0
-0
-0
-0
-0
-0
-0
-0
5.40178
-0
13.9055
-0
-0
45.5791
14.5952
-0
-0
-0
-0
-0
-0
-0
5.66293
-0
-0
34.1256
-0
-0
-0
-0
-0
-0
-0
-0
-0
-0
-0
-0
-0
-0
-0
-0
-0
-0
80.5558
27.4742
-0
-0
-0
-0
-0
50.6374
-0
-0
-0
-0
31.7442
-0
-0
-0
-0
6.85195
-0
20.9834
-0
-0
-0
16.7383
-0
-0
29.0805
-0
3.69345
-0
-0
-0
-0
-0
-0
-0
3.11977
-0
-0
-0
-0
-0
35.0953
-0
18.3778
-0
-0
-0
-0
-0
-0
-0
-0
-0
-0
-0
9.64038
-0
-0
-0
-0
-0
-0
45.6689
-0
-0
-0
-0
-0
-0
-0
-0
-0
-0
-0
-0
-0
-0
-0
-0
20.5363
-0
-0
-0
-0
-0
29.6872
-0
-0
-0
-0
6.39846
-0
-0
-0
44.0907
-0
-0
23.2196
-0
-0
-0
-0
-0
-0
-0
-0
-0
-0
-0
-0
6.82369
-0
-0
1.74952
-0
-0
-0
-0
-0
-0
-0
22.6784
23.8017
-0
-0
-0
-0
-0
15.1366
-0
4.53847
-0
7.33039
-0
-0
-0
0.594013
-0
-0
-0
-0
-0
-0
-0
2.94732
-0
9.56893
-0
-0
-0
-0
-0
-0
23.4806
39.294
-0
-0
-0
21.3102
-0
-0
-0
-0
-0
-0
-0
-0
62.6203
17.7404
-0
-0
-0
-0
12.2744
-0
59.7044
3.60054
-0
-0
-0
-0
-0
-0
51.6835
-0
-0
34.7354
-0
54.6832
39.9532
-0
56.677
-0
-0
-0
-0
-0
-0
-0
-0
-0
-0
-0
-0
11.592
-0
-0
-0
12.1742
-0
-0
-0
-0
-0
-0
-0
-0
-0
-0
-0
-0
19.7357
-0
-0
57.3447
1.26375
-0
-0
-0
-0
-0
-0
27.2433
-0
-0
86.0564
-0
-0
41.6377
-0
-0
-0
-0
-0
-0
-0
-0
-0
46.9261
-0
15.896
-0
-0
-0
2.42735
-0
-0
1.7084
-0
-0
-0
-0
-0
-0
-0
-0
-0
-0
-0
28.3562
-0
-0
-0
-0
44.9651
-0
-0
-0
-0
-0
-0
-0
-0
-0
-0
-0
-0
-0
-0
-0
52.3805
40.2545
-0
-0
-0
-0
-0
-0
-0
-0
24.9571
-0
-0
-0
-0
-0
-0
-0
-0
-0
-0
-0
56.5263
-0
-0
-0
-0
14.2073
-0
-0
-0
-0
-0
15.438
13.9193
-0
-0
47.1655
28.7082
14.6297
-0
-0
-0
4.75844
13.5061
-0
-0
-0
-0
-0
-0
-0
-0
-0
-0
-0
15.8601
38.5704
-0
-0
-0
-0
-0
-0
-0
-0
10.1192
-0
-0
1.21772
-0
-0
-0
-0
-0
-0
-0
-0
12.4938
-0
-0
-0
-0
-0
-0
-0
-0
-0
-0
-0
-0
-0
-0
-0
26.6682
-0
37.3907
-0
-0
-0
-0
-0
-0
-0
-0
-0
-0
-0
-0
-0
-0
21.057
-0
-0
-0
-0
-0
5.56694
-0
-0
-0
-0
-0
-0
4.42046
-0
-0
-0
-0
-0
-0
-0
-0
-0
-0
-0
-0
-0
2.96289
23.9797
-0
3.24974
-0
-0
13.7528
-0
4.67376
-0
-0
-0
-0
14.482
-0
-0
6.95641
-0
96.7547
-0
-0
-0
-0
-0
-0
-0
-0
-0
0.738247
-0
-0
-0
-0
32.1094
-0
-0
15.3849
-0
57.3001
29.9143
-0
0.588104
11.0198
2.46022
-0
31.7041
-0
-0
-0
-0
-0
-0
-0
-0
-0
-0
-0
-0
-0
-0
-0
-0
-0
45.6905
-0
-0
-0
-0
2.90782
-0
-0
-0
-0
-0
-0
-0
-0
-0
-0
-0
-0
-0
11.7331
-0
-0
58.9313
3.98997
-0
-0
-0
-0
54.3863
-0
-0
-0
-0
-0
-0
-0
26.3369
-0
-0
-0
-0
-0
-0
37.7901
-0
45.5615
-0
-0
-0
-0
-0
-0
2.65062
-0
-0
-0
-0
-0
-0
-0
3.63422
-0
-0
-0
31.5355
-0
-0
-0
-0
-0
-0
-0
-0
-0
19.7457
-0
18.474
-0
3.91996
-0
-0
-0
-0
-0
-0
-0
1.05958
-0
-0
4.31115
-0
-0
37.1681
-0
-0
-0
-0
-0
-0
11.7146
-0
-0
-0
-0
-0
-0
4.42248
-0
-0
-0
-0
-0
-0
-0
-0
-0
-0
-0
1.45655
-0
-0
1.90636
-0
34.0397
-0
-0
33.9018
-0
1.69904
10.2506
-0
-0
-0
50.1492
9.22126
9.31466
23.7532
-0
30.7959
-0
-0
-0
-0
-0
9.86113
-0
53.3282
54.1749
-0
-0
-0
-0
-0
-0
-0
-0
-0
34.7775
-0
-0
2.80035
16.7789
-0
-0
-0
-0
-0
11.6666
-0
-0
-0
21.3849
14.8923
-0
52.0966
-0
-0
-0
-0
-0
4.04019
-0
57.4012
-0
-0
-0
47.9944
-0
-0
-0
-0
-0
18.558
-0
-0
-0
22.4231
-0
-0
-0
-0
-0
-0
19.2229
-0
-0
-0
-0
-0
-0
-0
-0
29.5721
-0
-0
-0
-0
-0
15.5182
-0
-0
-0
-0
-0
-0
-0
35.7081
-0
-0
1.90852
-0
-0
-0
-0
-0
-0
-0
-0
7.6609
-0
-0
-0
-0
28.0888
-0
-0
-0
-0
-0
-0
0.351153
-0
-0
78.5389
-0
-0
-0
-0
-0
-0
-0
-0
-0
-0
-0
-0
-0
-0
7.29276
92.5872
-0
-0
-0
-0
-0
-0
-0
-0
-0
-0
-0
-0
-0
-0
19.0705
-0
-0
-0
-0
-0
17.182
-0
21.0431
23.5949
-0
16.5067
-0
-0
-0
-0
-0
-0
-0
-0
-0
-0
-0
-0
-0
-0
-0
-0
-0
-0
-0
6.76818
-0
3.29995
32.9711
-0
-0
-0
51.4607
-0
-0
68.4912
-0
-0
-0
17.2004
-0
-0
-0
-0
10.6381
12.3158
-0
11.345
-0
-0
-0
-0
-0
-0
-0
-0
21.6678
-0
-0
10.2434
-0
15.0324
9.03876
-0
-0
-0
0.212814
-0
-0
-0
11.8313
-0
-0
-0
-0
-0
-0
38.4605
-0
-0
57.5645
-0
-0
-0
42.6137
3.9125
-0
-0
-0
-0
40.8109
-0
-0
-0
10.0023
7.54872
-0
-0
-0
-0
0.473889
-0
-0
-0
-0
51.555
-0
-0
-0
-0
-0
13.8702
-0
-0
-0
-0
-0
-0
-0
-0
-0
-0
8.25888
-0
0.648259
-0
1.02837
-0
-0
-0
-0
-0
-0
14.6908
-0
9.65856
36.7485
-0
-0
-0
-0
-0
-0
0.483496
-0
-0
-0
-0
88.489
-0
-0
7.00987
21.3777
23.2506
-0
-0
-0
-0
-0
-0
-0
-0
39.3118
29.8057
-0
-0
-0
-0
-0
-0
-0
-0
-0
34.3223
-0
-0
-0
18.854
-0
-0
-0
-0
-0
-0
-0
75.2268
-0
15.0118
-0
-0
-0
17.0406
43.7948
-0
-0
-0
-0
-0
15.4624
10.0329
-0
-0
-0
-0
9.14505
6.47928
-0
-0
-0
-0
-0
-0
-0
3.3831
-0
-0
45.2128
-0
-0
-0
-0
-0
-0
-0
2.30467
-0
-0
-0
-0
-0
-0
-0
-0
-0
2.35206
-0
-0
-0
-0
22.5118
-0
-0
-0
-0
-0
-0
-0
8.04582
-0
1.04161
-0
39.8621
-0
-0
-0
-0
0.795696
10.3144
-0
-0
12.776
-0
4.34083
-0
34.4758
-0
33.0864
-0
32.8614
-0
-0
-0
-0
-0
7.0113
-0
66.9461
-0
-0
16.7276
-0
-0
-0
-0
-0
42.803
22.2184
-0
25.7641
-0
-0
-0
5.79836
-0
-0
-0
-0
0.337958
-0
-0
-0
-0
30.976
-0
24.5833
36.9655
-0
-0
-0
-0
-0
-0
-0
-0
-0
-0
-0
17.8751
13.5441
25.8152
-0
-0
-0
-0
-0
-0
-0
-0
-0
-0
-0
-0
39.2642
8.37295
14.3607
-0
-0
-0
-0
-0
-0
-0
-0
-0
-0
-0
57.2437
-0
-0
6.76241
18.7231
-0
-0
-0
-0
-0
-0
-0
0.599074
-0
-0
-0
61.4456
-0
-0
-0
-0
-0
-0
-0
-0
-0
40.4592
-0
25.6687
51.6854
-0
-0
6.87574
-0
-0
19.643
-0
-0
19.9641
-0
-0
8.52279
-0
-0
-0
-0
11.6754
-0
-0
-0
76.6468
-0
-0
64.3191
-0
-0
-0
-0
-0
-0
-0
-0
-0
69.8236
-0
-0
-0
-0
-0
-0
-0
-0
-0
-0
-0
-0
-0
3.73343
30.4232
6.06524
-0
-0
-0
-0
-0
-0
-0
-0
43.4399
-0
-0
-0
-0
3.27175
-0
17.0559
-0
-0
-0
-0
-0
-0
-0
-0
-0
-0
-0
-0
-0
-0
-0
28.8507
-0
-0
-0
10.8779
-0
-0
-0
6.93282
-0
-0
-0
-0
69.7294
-0
-0
-0
31.1188
-0
-0
24.847
50.4577
-0
-0
58.5964
-0
-0
-0
-0
12.5147
-0
-0
81.6441
-0
-0
3.65111
24.3946
-0
29.2253
-0
-0
-0
-0
-0
-0
-0
-0
4.7689
-0
-0
7.41788
-0
-0
-0
-0
5.69406
12.1889
-0
-0
-0
-0
-0
8.72819
-0
-0
-0
-0
26.1529
-0
-0
-0
10.2371
-0
-0
-0
-0
-0
-0
-0
7.753
56.0397
-0
-0
-0
-0
-0
-0
-0
34.3941
-0
-0
-0
-0
30.9367
-0
-0
-0
86.3415
-0
-0
-0
-0
-0
-0
-0
-0
