0.686951
-0
-0
-0
-0
-0
-0
-0
9.11643
-0
38.9267
-0
-0
-0
-0
8.90094
-0
13.0118
-0
-0
-0
-0
-0
-0
7.8774
-0
18.7912
25.8657
-0
-0
-0
-0
-0
-0
1.74583
-0
-0
-0
-0
-0
-0
-0
-0
9.21766
-0
2.98518
-0
36.2191
-0
7.43256
-0
-0
-0
-0
-0
-0
13.6522
0.621055
32.21
-0
-0
-0
14.8353
-0
26.5134
-0
11.8293
5.81577
-0
0.690898
-0
-0
7.21408
-0
-0
4.80941
19.99
13.7261
-0
-0
-0
44.2523
-0
-0
-0
-0
-0
-0
-0
-0
-0
-0
-0
-0
-0
-0
1.05332
-0
15.1141
-0
-0
-0
-0
27.8759
16.8179
-0
7.53036
-0
-0
7.79108
-0
-0
-0
-0
9.27292
2.19881
18.2917
-0
27.1859
20.263
8.82235
-0
16.805
-0
24.9846
-0
-0
-0
-0
-0
-0
12.4345
-0
-0
-0
17.1065
-0
-0
-0
15.7376
4.28027
-0
-0
-0
14.0998
-0
-0
0.452152
-0
-0
-0
-0
-0
5.24985
8.57789
-0
39.5225
-0
-0
0.28279
-0
-0
-0
28.6683
1.04251
-0
2.70171
12.3757
-0
23.2567
-0
10.1576
-0
-0
4.71881
-0
-0
-0
12.8884
-0
13.5275
-0
-0
-0
-0
26.1765
-0
-0
38.1645
-0
-0
16.5008
22.5415
-0
-0
-0
-0
6.23896
-0
-0
-0
1.35216
8.89967
-0
15.7647
-0
-0
-0
-0
-0
4.70405
-0
10.4152
-0
-0
-0
3.10162
11.3269
-0
-0
-0
-0
-0
-0
20.9634
0.648388
-0
-0
-0
0.0517797
-0
5.07088
-0
-0
-0
-0
-0
-0
-0
-0
13.7841
11.1844
-0
-0
-0
-0
16.347
-0
-0
-0
-0
-0
-0
-0
-0
-0
4.36891
17.0643
5.09513
-0
-0
3.45693
-0
-0
-0
-0
-0
-0
-0
-0
-0
14.3225
9.95475
31.5021
-0
-0
-0
-0
-0
-0
-0
4.59786
-0
17.4763
-0
-0
-0
-0
-0
-0
1.93911
-0
10.7968
-0
26.579
-0
12.0489
-0
9.84732
36.7221
-0
-0
-0
-0
22.9089
7.4721
-0
-0
8.52209
-0
30.3907
20.8408
-0
-0
-0
1.27549
-0
-0
-0
-0
-0
-0
-0
18.5943
23.1498
-0
-0
-0
-0
34.7212
-0
-0
7.16976
5.94089
-0
0.223476
-0
8.26598
-0
10.8146
-0
4.58924
16.6924
5.1189
-0
12.8254
-0
12.8489
4.14392
-0
18.7966
-0
-0
-0
23.5853
-0
-0
-0
-0
0.182507
14.1843
-0
-0
3.19113
3.89359
1.14037
-0
-0
27.3243
-0
-0
-0
-0
40.5618
-0
-0
4.69039
-0
-0
-0
-0
-0
-0
-0
-0
-0
15.4437
-0
-0
-0
-0
7.69959
-0
-0
-0
-0
-0
-0
-0
-0
2.87456
5.85924
-0
-0
22.8035
6.17012
-0
7.19778
-0
-0
-0
-0
-0
-0
24.2216
15.6667
-0
-0
-0
-0
4.98513
-0
-0
-0
0.9294
-0
21.2036
7.86372
20.5316
26.7255
-0
-0
14.5172
-0
16.332
-0
11.8198
-0
-0
-0
-0
-0
5.27042
-0
-0
-0
-0
-0
-0
-0
-0
7.54084
-0
-0
23.2536
-0
-0
16.1469
-0
-0
-0
-0
-0
-0
-0
3.50601
-0
-0
-0
-0
-0
-0
-0
-0
-0
-0
10.577
-0
-0
-0
-0
-0
-0
20.9119
-0
-0
-0
-0
-0
22.9175
18.2432
-0
2.93974
1.81817
-0
16.8599
-0
-0
-0
2.0217
-0
-0
-0
7.91734
-0
-0
12.1
-0
-0
6.78466
-0
-0
11.9419
-0
-0
14.8935
4.97269
1.06417
-0
-0
-0
34.3639
0.63367
23.0893
-0
-0
5.44234
43.491
6.3782
-0
-0
-0
-0
-0
15.19
13.3621
27.4466
5.79594
-0
-0
-0
-0
-0
-0
-0
-0
-0
-0
-0
-0
2.69189
14.3856
-0
-0
20.3182
4.69524
0.428199
-0
-0
13.1858
-0
-0
22.4522
-0
0.18081
-0
3.0327
-0
-0
26.5143
-0
10.9402
-0
27.5633
-0
-0
-0
-0
40.4145
0.508916
-0
-0
6.18663
-0
-0
17.0687
-0
11.8106
12.5006
25.6921
-0
-0
-0
-0
-0
11.0844
1.03084
22.7058
-0
-0
1.0387
-0
-0
-0
-0
-0
-0
-0
-0
23.7751
-0
-0
6.74285
-0
-0
-0
6.41867
-0
19.3318
11.4518
-0
-0
-0
10.9695
-0
-0
-0
-0
5.48431
-0
-0
3.38876
-0
-0
-0
-0
10.9832
-0
8.79447
-0
-0
-0
-0
-0
-0
5.14168
-0
-0
3.78716
0.957393
-0
-0
5.68238
6.36402
8.23344
-0
-0
-0
-0
-0
-0
22.5006
-0
33.3374
-0
14.2941
-0
-0
-0
-0
7.76336
-0
-0
-0
11.9048
0.348305
-0
4.1745
-0
4.49266
4.12434
-0
10.3457
-0
-0
-0
-0
-0
10.5095
2.8959
-0
-0
4.14192
17.6413
-0
26.4319
-0
-0
-0
-0
27.768
-0
-0
-0
-0
5.48541
-0
-0
-0
-0
-0
13.9392
-0
-0
-0
-0
15.3196
-0
-0
6.39856
-0
5.22378
1.48805
-0
39.6408
-0
-0
-0
8.17986
-0
23.058
-0
-0
16.2497
-0
-0
-0
1.11661
-0
-0
-0
-0
-0
-0
-0
17.3797
-0
-0
13.702
28.9997
-0
-0
-0
-0
23.8891
12.1988
-0
9.96061
49.2033
-0
-0
-0
-0
-0
-0
12.0809
39.7805
9.01232
1.67053
-0
-0
-0
-0
-0
17.3305
-0
-0
-0
-0
-0
-0
1.37576
-0
-0
-0
-0
29.2977
22.9008
-0
31.1352
-0
-0
-0
-0
35.8617
-0
2.18427
-0
-0
-0
-0
-0
13.3763
-0
-0
-0
-0
24.5373
11.1315
-0
-0
-0
-0
-0
-0
46.2692
-0
1.98991
-0
28.6828
-0
-0
17.4757
-0
-0
-0
-0
6.93747
4.0622
1.29026
30.2029
-0
-0
4.39155
-0
-0
-0
29.3896
-0
-0
-0
-0
-0
-0
7.58973
35.5707
13.1963
-0
-0
1.78315
-0
-0
14.4607
12.5943
-0
-0
0.715143
-0
-0
-0
-0
-0
-0
5.90939
-0
-0
-0
-0
-0
3.14483
-0
-0
-0
-0
-0
9.50813
10.4712
-0
-0
-0
5.3625
-0
-0
-0
-0
-0
4.32163
5.84572
-0
-0
-0
-0
-0
-0
-0
-0
5.89147
-0
-0
6.30821
11.9211
12.1334
-0
-0
10.8088
-0
13.9349
-0
-0
-0
38.5624
12.406
-0
-0
-0
-0
-0
39.165
-0
20.4195
-0
3.5697
-0
-0
5.38012
-0
-0
-0
-0
-0
-0
-0
7.67816
4.48079
-0
11.0948
-0
8.29944
-0
10.7733
4.15663
-0
-0
-0
-0
-0
-0
10.4125
-0
6.73223
-0
-0
-0
8.01842
50.1748
-0
13.4496
0.46882
-0
-0
-0
-0
4.0202
-0
0.735578
-0
-0
-0
-0
12.9565
-0
2.77359
-0
34.6214
-0
-0
-0
-0
7.18775
-0
-0
-0
-0
-0
11.6451
-0
-0
-0
-0
-0
-0
33.8031
4.32351
-0
-0
10.9872
-0
-0
-0
8.48025
-0
5.86794
-0
-0
-0
-0
-0
-0
-0
-0
-0
-0
-0
7.05678
-0
-0
-0
-0
-0
-0
-0
-0
7.51587
-0
4.60966
16.8435
-0
8.62828
-0
-0
-0
-0
-0
-0
-0
-0
-0
-0
18.3709
0.937129
-0
-0
-0
-0
13.2812
13.3852
-0
14.4672
15.1564
-0
-0
-0
6.46515
18.2302
-0
-0
-0
-0
-0
-0
-0
-0
10.8839
-0
-0
16.1543
-0
-0
-0
-0
-0
-0
-0
10.8178
1.53571
27.803
-0
-0
-0
-0
-0
-0
-0
-0
-0
-0
-0
28.4003
-0
-0
7.92107
-0
34.8556
0.293172
0.0734988
6.44011
-0
-0
-0
-0
-0
-0
-0
-0
-0
-0
2.26846
-0
-0
-0
-0
8.22536
-0
24.7227
-0
-0
-0
-0
24.4879
-0
-0
-0
-0
3.37049
43.5323
-0
7.98194
-0
-0
11.1909
-0
-0
12.7542
4.93941
-0
-0
-0
-0
-0
-0
-0
-0
-0
-0
26.2395
18.1517
-0
-0
-0
24.0247
-0
-0
-0
-0
1.67005
16.3098
-0
-0
1.10201
-0
-0
3.05693
-0
0.302424
17.0822
3.26274
-0
11.5167
-0
1.45246
-0
15.4753
12.7109
3.21078
-0
-0
-0
-0
-0
0.19565
11.4919
31.3027
28.4869
24.4752
-0
-0
-0
-0
-0
-0
-0
-0
-0
-0
-0
-0
-0
-0
-0
28.7481
-0
-0
1.23468
-0
-0
-0
-0
11.1206
-0
-0
-0
-0
11.4344
-0
-0
29.0586
-0
-0
3.46489
-0
4.57564
-0
-0
-0
-0
6.86583
-0
-0
4.05311
3.41207
-0
3.68308
12.7983
-0
1.26003
12.1021
-0
-0
2.79802
-0
12.3506
-0
-0
11.9547
-0
-0
18.6294
-0
-0
6.98943
-0
-0
-0
-0
7.07372
-0
-0
-0
-0
-0
-0
5.49208
-0
-0
-0
-0
-0
-0
-0
5.17559
-0
-0
-0
11.1924
-0
-0
26.9651
-0
14.2004
-0
-0
-0
-0
-0
-0
-0
-0
6.11706
-0
-0
-0
-0
-0
21.3803
-0
10.3558
-0
-0
51.9734
-0
37.1101
-0
-0
-0
-0
-0
38.513
13.2535
-0
4.34698
3.11367
15.0348
-0
-0
16.3887
-0
-0
0.447366
11.4478
19.6885
-0
4.75987
6.70461
6.1305
1.50691
-0
0.54028
19.9622
10.7538
-0
-0
8.90746
12.7957
-0
5.48715
-0
10.0705
-0
-0
11.0755
-0
1.83755
18.9939
-0
8.00282
-0
36.2712
17.2182
-0
12.263
20.6873
22.1216
23.8634
-0
-0
-0
-0
-0
-0
8.8214
-0
-0
2.3557
-0
-0
-0
8.659
-0
-0
1.72682
-0
-0
-0
-0
3.76425
3.31189
-0
-0
-0
-0
-0
5.65924
9.47977
-0
2.29869
-0
-0
12.8174
-0
-0
-0
-0
19.4844
-0
-0
23.9455
-0
-0
-0
29.0879
-0
-0
-0
-0
-0
-0
18.775
-0
-0
-0
-0
14.4708
-0
-0
0.105935
15.5954
-0
-0
-0
-0
18.7647
-0
-0
-0
-0
-0
-0
28.516
-0
-0
-0
-0
-0
-0
-0
-0
-0
1.17173
-0
-0
8.16544
3.74877
-0
38.9313
6.22947
-0
-0
-0
14.5204
-0
-0
-0
-0
-0
8.18468
-0
-0
-0
-0
-0
-0
-0
-0
3.56522
5.74824
-0
-0
-0
-0
-0
4.57908
-0
-0
-0
-0
26.121
-0
-0
-0
-0
-0
-0
-0
21.0779
-0
-0
-0
-0
-0
-0
-0
-0
-0
-0
-0
-0
-0
-0
4.4493
-0
-0
-0
-0
4.27448
5.27596
-0
3.81066
6.55241
-0
-0
1.86279
-0
3.4078
-0
16.205
-0
-0
-0
5.61878
-0
-0
-0
-0
-0
-0
-0
-0
-0
-0
-0
27.2868
25.4253
-0
-0
2.01158
-0
12.2322
0.0661572
-0
-0
-0
-0
2.5706
-0
-0
-0
19.9795
-0
-0
-0
0.518588
-0
0.216775
5.77059
-0
-0
-0
-0
-0
-0
3.6343
-0
-0
-0
-0
-0
8.13546
-0
-0
-0
-0
-0
-0
21.3885
-0
-0
-0
-0
-0
-0
-0
12.4526
-0
19.6659
-0
-0
0.804124
-0
-0
-0
-0
31.0394
11.5225
-0
-0
-0
-0
-0
40.0548
-0
-0
-0
-0
-0
-0
-0
-0
-0
-0
27.2777
-0
-0
-0
-0
6.91357
-0
2.43539
-0
-0
36.8299
-0
5.68997
-0
-0
-0
-0
-0
-0
1.0316
-0
-0
19.5858
19.6955
3.75266
-0
21.9052
9.98318
-0
-0
-0
-0
4.31081
33.1961
-0
-0
11.3548
-0
13.1995
-0
-0
13.2493
47.6955
-0
7.27707
-0
14.9381
-0
25.0463
-0
7.54426
-0
-0
-0
-0
-0
8.14047
11.7326
12.5428
21.6493
-0
1.51705
-0
-0
-0
0.0936435
2.07079
16.9459
-0
-0
-0
-0
-0
-0
-0
-0
-0
9.47769
-0
-0
-0
-0
-0
25.3461
-0
-0
23.8207
5.97524
12.5196
-0
23.2956
-0
-0
0.519826
-0
42.6499
6.56746
-0
21.9638
11.9659
-0
-0
-0
-0
-0
-0
-0
15.5664
10.2174
44.9437
-0
-0
-0
2.37922
-0
-0
-0
-0
-0
-0
-0
-0
-0
-0
-0
-0
-0
-0
38.1579
-0
-0
-0
-0
-0
-0
5.94546
-0
-0
-0
6.2649
-0
-0
-0
-0
-0
-0
-0
-0
-0
-0
-0
31.3494
-0
-0
5.21993
-0
4.2191
12.3511
24.6902
-0
0.804868
-0
-0
3.14058
-0
0.940865
-0
-0
14.5838
-0
-0
-0
-0
3.19212
-0
-0
0.195607
-0
-0
-0
14.763
-0
13.4226
-0
-0
7.93489
12.422
7.22086
-0
-0
-0
-0
4.19906
-0
-0
-0
-0
8.64623
-0
7.73625
-0
-0
-0
20.5413
-0
-0
-0
-0
-0
-0
-0
16.3672
-0
-0
-0
-0
-0
2.99633
7.50987
-0
36.8882
-0
-0
-0
-0
-0
2.81337
-0
-0
-0
-0
10.2515
-0
-0
11.8761
-0
-0
-0
-0
-0
-0
-0
5.63966
-0
-0
-0
-0
-0
5.86244
-0
1.76792
26.0957
-0
-0
-0
-0
-0
-0
1.2494
-0
-0
5.93001
-0
13.7643
11.9684
15.5344
-0
-0
-0
33.9897
-0
-0
-0
-0
-0
19.1633
-0
41.9857
-0
-0
-0
-0
8.88186
-0
-0
-0
19.9311
3.90948
-0
-0
-0
23.7799
-0
-0
-0
-0
-0
29.527
-0
-0
-0
10.7901
9.64134
-0
-0
-0
-0
-0
-0
3.61393
18.9801
-0
21.0542
0.955936
-0
19.4125
28.22
-0
-0
20.5444
-0
2.72258
21.8665
0.919065
0.776715
-0
-0
-0
-0
-0
-0
-0
-0
-0
-0
-0
-0
-0
-0
-0
-0
-0
-0
23.4675
-0
-0
-0
-0
3.95141
-0
28.9555
-0
-0
-0
17.5579
6.41105
10.2424
-0
13.0058
11.8698
-0
-0
12.0493
-0
-0
9.47288
-0
11.5655
13.1952
-0
6.11296
20.5543
-0
27.1324
0.204866
1.70339
2.26427
41.075
-0
-0
-0
-0
-0
-0
4.21833
-0
-0
-0
-0
20.3581
-0
-0
-0
-0
1.63003
-0
46.6368
-0
9.84658
-0
-0
0.132755
-0
-0
-0
10.1184
6.27829
30.5047
-0
-0
8.11263
-0
15.5921
-0
-0
5.44761
2.59167
-0
-0
-0
17.709
23.3525
17.5028
1.80799
-0
-0
-0
-0
0.039351
9.63715
8.48465
-0
-0
6.2415
-0
-0
14.1147
0.567925
-0
-0
-0
-0
-0
17.5672
-0
-0
-0
0.373886
-0
-0
-0
-0
4.92944
-0
-0
7.69623
2.98166
-0
1.07204
-0
34.1387
-0
-0
-0
-0
0.470829
11.401
-0
-0
-0
-0
-0
-0
37.1975
-0
-0
-0
-0
-0
0.597881
14.1086
-0
8.94951
-0
-0
-0
-0
-0
-0
4.41691
-0
2.89436
-0
-0
-0
-0
15.3719
-0
-0
15.0774
13.4055
-0
-0
-0
14.4152
-0
5.97773
-0
11.4009
-0
6.08268
26.6599
-0
-0
-0
31.9791
-0
5.92339
-0
8.56893
35.6092
-0
10.4496
11.0587
18.3024
9.82939
-0
14.143
-0
46.2108
15.9486
-0
18.5303
23.7752
-0
11.6408
3.01727
-0
-0
-0
-0
-0
-0
5.20923
-0
-0
-0
-0
-0
-0
-0
27.0725
-0
-0
-0
33.9841
-0
-0
-0
-0
2.06893
15.4267
-0
8.56175
5.91635
-0
-0
15.007
-0
-0
14.9396
21.0839
-0
6.76418
-0
-0
-0
-0
-0
1.2546
4.24563
18.2232
1.5303
42.9098
17.1148
-0
-0
8.42736
-0
21.2453
-0
11.5375
-0
-0
-0
-0
7.0582
4.73963
-0
-0
-0
-0
-0
24.2719
-0
-0
-0
5.15462
-0
-0
-0
9.41044
-0
-0
21.5268
-0
-0
-0
-0
-0
-0
31.1251
-0
-0
-0
-0
6.94485
1.40497
0.0865014
-0
-0
7.12066
-0
-0
-0
20.7865
-0
-0
6.05704
20.0111
-0
20.8455
-0
-0
1.82312
-0
7.64452
15.3101
-0
22.0002
-0
-0
-0
-0
18.918
-0
-0
-0
-0
-0
-0
-0
-0
9.23636
-0
-0
12.6332
-0
-0
-0
-0
-0
-0
2.75276
-0
0.0523639
-0
-0
3.66916
-0
-0
17.3639
-0
-0
22.7804
-0
-0
-0
1.51847
10.8281
-0
-0
-0
-0
-0
-0
-0
-0
11.3972
2.40837
47.9938
19.9578
3.08199
-0
-0
16.9934
44.625
-0
-0
-0
-0
0.022277
-0
-0
25.8396
-0
-0
5.6294
4.08732
7.69357
-0
-0
8.698
-0
0.217759
18.1958
-0
-0
-0
-0
-0
4.59259
-0
-0
-0
-0
-0
24.5551
-0
-0
-0
-0
8.51882
-0
10.3603
2.05773
-0
-0
-0
-0
-0
-0
-0
-0
-0
-0
14.7902
-0
3.24235
6.13174
4.93451
-0
-0
-0
5.44123
-0
7.99902
-0
2.31219
-0
-0
-0
-0
9.5304
7.58615
19.9643
-0
-0
0.0206607
15.4053
0.343311
-0
-0
-0
-0
-0
-0
17.2476
25.3387
-0
-0
-0
26.9738
15.3684
9.91507
-0
-0
-0
11.8393
-0
2.71983
-0
0.743057
20.9098
-0
-0
20.1299
-0
-0
-0
-0
-0
13.9907
-0
10.5566
-0
-0
-0
17.4118
-0
-0
-0
1.11936
4.87374
19.5118
-0
41.4247
2.25609
-0
20.8937
42.6888
-0
-0
-0
-0
-0
-0
19.4595
-0
3.68583
-0
-0
-0
-0
0.539175
-0
-0
-0
4.58365
-0
1.1054
1.64168
-0
-0
-0
31.4372
30.0373
8.93287
-0
-0
-0
-0
-0
-0
-0
-0
9.71223
6.35073
-0
-0
-0
-0
-0
-0
2.34168
-0
-0
6.21521
-0
-0
-0
-0
-0
2.62253
-0
-0
10.7675
-0
3.99826
1.9384
-0
41.3968
-0
-0
-0
-0
-0
-0
-0
14.771
-0
-0
-0
-0
-0
-0
-0
-0
-0
-0
-0
8.10214
-0
-0
-0
-0
14.4164
-0
-0
10.7483
-0
-0
3.64112
-0
13.3148
-0
13.8081
0.82412
-0
12.1918
-0
-0
2.26208
-0
5.00379
34.8948
30.9525
-0
-0
1.22162
25.892
12.3368
-0
-0
32.4912
-0
4.73841
-0
-0
-0
-0
-0
-0
-0
1.09579
-0
-0
-0
-0
-0
-0
-0
-0
-0
-0
-0
-0
-0
-0
-0
-0
0.824566
-0
2.16609
-0
0.159287
-0
-0
-0
-0
-0
-0
-0
-0
-0
-0
-0
-0
-0
-0
-0
-0
29.2404
10.0783
12.5614
-0
-0
-0
-0
-0
-0
-0
-0
2.29429
-0
3.32597
-0
-0
1.91475
15.6804
-0
-0
16.6387
-0
-0
18.8513
-0
-0
-0
-0
4.14417
-0
-0
-0
-0
-0
8.89425
-0
-0
-0
-0
-0
-0
-0
-0
-0
-0
-0
-0
5.27416
5.46835
-0
-0
-0
23.9484
-0
-0
-0
22.8362
28.5489
-0
-0
-0
7.74212
-0
-0
24.0449
-0
-0
-0
-0
11.1528
-0
53.7797
-0
-0
3.85366
12.7319
-0
-0
-0
-0
-0
-0
-0
-0
-0
14.2646
-0
-0
-0
-0
21.3111
-0
-0
-0
-0
11.0622
-0
-0
13.5732
-0
14.5189
8.77214
0.799204
9.18008
-0
-0
-0
-0
-0
-0
-0
-0
-0
-0
3.96436
-0
-0
21.3282
-0
-0
8.75854
-0
-0
-0
-0
-0
-0
-0
11.1587
8.28351
5.79337
-0
-0
13.7451
-0
-0
2.79631
-0
-0
-0
-0
-0
-0
-0
-0
-0
14.5329
-0
19.7821
-0
6.43776
0.830145
2.69133
-0
-0
-0
12.4788
-0
-0
-0
-0
-0
16.3262
2.55852
-0
6.80108
-0
11.9931
-0
24.57
-0
-0
-0
4.2094
-0
-0
2.61722
5.63894
-0
-0
-0
-0
-0
-0
-0
-0
-0
-0
12.5404
-0
-0
-0
0.310705
-0
16.0561
-0
-0
-0
3.5247
-0
-0
-0
-0
-0
-0
1.76677
-0
-0
-0
-0
15.9583
1.5664
-0
41.5827
-0
-0
-0
-0
-0
-0
-0
-0
-0
-0
6.63089
-0
-0
-0
-0
24.6231
-0
-0
-0
16.1501
-0
3.62915
-0
-0
-0
20.1897
9.38364
13.6892
-0
-0
-0
-0
-0
-0
18.852
-0
0.566791
3.96963
-0
-0
6.79222
-0
-0
-0
-0
-0
21.637
-0
-0
0.187869
0.363336
-0
-0
-0
-0
-0
5.24807
-0
18.8096
31.2618
-0
-0
15.6487
32.48
-0
-0
9.40593
3.97757
-0
-0
-0
-0
-0
15.6958
-0
-0
-0
-0
5.29477
-0
4.6716
-0
-0
20.2601
-0
-0
6.85208
-0
-0
-0
-0
19.137
-0
-0
-0
8.06039
-0
-0
-0
-0
-0
-0
-0
-0
2.96631
12.5564
1.92257
-0
-0
-0
9.56422
-0
14.1634
14.0195
-0
-0
6.69473
-0
-0
-0
10.291
-0
-0
27.9397
-0
16.7756
-0
-0
4.5226
20.3841
-0
19.4664
-0
-0
-0
-0
-0
12.9482
-0
-0
-0
-0
-0
-0
-0
-0
-0
-0
-0
6.26416
-0
-0
-0
-0
-0
-0
1.26128
45.9288
5.58401
23.8902
-0
-0
24.5386
0.970796
-0
-0
-0
-0
-0
-0
-0
-0
10.5614
-0
-0
5.5231
-0
-0
19.9433
-0
-0
-0
-0
-0
-0
14.1015
3.67779
-0
-0
-0
-0
3.55771
-0
-0
-0
7.6509
0.0577191
-0
-0
-0
-0
-0
-0
4.07861
-0
4.74272
16.778
-0
-0
-0
-0
0.96724
-0
-0
0.477155
2.49205
-0
-0
-0
-0
-0
-0
-0
-0
-0
-0
-0
11.3798
-0
-0
7.97509
5.4144
6.41646
-0
-0
-0
-0
0.480224
-0
-0
-0
-0
-0
-0
17.192
-0
-0
2.1796
23.0545
2.73267
-0
-0
-0
-0
-0
-0
-0
-0
-0
1.84648
34.5291
0.169634
-0
-0
12.3106
11.8935
8.8739
-0
-0
34.4233
34.95
13.073
3.537
-0
-0
-0
-0
16.042
-0
-0
-0
-0
-0
3.90608
11.1882
21.2444
5.51231
11.6413
1.8658
-0
7.65154
-0
-0
3.32497
-0
-0
0.435823
-0
-0
-0
-0
13.8857
-0
-0
-0
6.76321
-0
-0
8.75973
17.2805
-0
-0
-0
-0
-0
2.54131
-0
4.9371
9.1784
-0
19.9765
21.2584
5.07668
19.9219
-0
-0
7.09568
-0
-0
-0
-0
-0
-0
17.8191
20.4737
-0
5.17758
-0
20.7914
20.5941
-0
-0
-0
4.74185
-0
-0
-0
8.17412
-0
-0
-0
-0
-0
-0
-0
-0
-0
41.0266
-0
-0
5.39704
-0
-0
13.4444
-0
-0
33.11
-0
-0
-0
3.14585
-0
15.7284
16.6779
39.4696
-0
-0
-0
38.8444
-0
-0
10.9738
-0
-0
-0
-0
-0
-0
0.293514
-0
-0
-0
-0
-0
-0
-0
-0
-0
26.1969
-0
-0
22.1141
-0
32.8731
32.5546
-0
-0
10.7104
-0
-0
-0
-0
-0
0.465049
-0
-0
-0
7.52807
-0
-0
-0
-0
-0
18.3759
-0
-0
-0
-0
2.68537
-0
-0
-0
-0
-0
2.54803
10.7865
-0
-0
-0
-0
-0
-0
-0
-0
1.29621
-0
-0
24.4116
11.9569
-0
4.43319
30.6724
3.46962
-0
1.04278
-0
25.1223
-0
-0
3.97594
-0
-0
12.6506
-0
6.13505
-0
-0
-0
-0
-0
-0
-0
-0
11.9184
-0
20.676
-0
7.48775
-0
-0
20.9661
-0
6.30894
3.28826
-0
34.4659
-0
26.3449
-0
-0
0.177733
-0
-0
-0
-0
-0
-0
-0
-0
-0
-0
-0
11.2664
-0
6.65852
-0
-0
-0
-0
-0
-0
-0
-0
-0
-0
-0
0.0426691
4.39367
-0
-0
-0
-0
-0
-0
-0
-0
-0
-0
-0
-0
27.402
23.8473
29.9086
9.03755
-0
2.18917
-0
-0
-0
-0
17.4193
-0
-0
0.704648
-0
16.6334
7.4184
-0
-0
-0
-0
7.84482
-0
-0
14.2203
16.3304
-0
31.5707
-0
2.03526
-0
67.5988
-0
-0
-0
-0
-0
-0
-0
-0
-0
-0
2.21063
-0
2.59412
5.40876
-0
-0
-0
-0
-0
-0
-0
-0
-0
21.8503
7.02335
1.7522
-0
4.12962
4.60177
-0
-0
-0
2.874
-0
17.173
-0
-0
-0
-0
-0
10.2437
3.21911
-0
-0
-0
-0
16.4442
-0
10.7602
-0
-0
-0
42.8376
-0
-0
-0
-0
-0
19.8843
7.60004
18.9667
-0
46.5151
-0
-0
-0
-0
-0
-0
20.8008
13.9147
-0
-0
6.92644
-0
-0
20.0128
-0
-0
-0
4.11022
13.0969
-0
-0
16.1705
-0
-0
-0
10.1882
-0
-0
-0
1.81983
-0
22.006
2.04363
-0
-0
-0
-0
18.2924
-0
-0
-0
-0
-0
3.02311
-0
-0
7.1016
-0
-0
-0
3.85449
-0
-0
-0
-0
-0
-0
10.8606
-0
-0
-0
-0
-0
-0
1.83206
-0
-0
-0
4.57533
-0
-0
-0
22.5248
-0
-0
3.84176
-0
-0
3.07443
0.983993
4.1939
-0
-0
-0
-0
17.397
-0
8.03683
-0
-0
-0
-0
3.49894
28.2863
-0
26.7783
-0
-0
21.338
-0
-0
-0
-0
-0
-0
-0
-0
21.5482
-0
-0
-0
-0
-0
17.7369
-0
-0
7.45959
-0
1.88981
-0
-0
11.412
-0
-0
-0
-0
6.07042
-0
-0
-0
2.28489
-0
13.8188
-0
2.74011
-0
-0
5.24635
2.21123
-0
23.6874
-0
-0
-0
-0
11.8797
-0
0.817288
-0
-0
5.79331
3.07718
26.4087
-0
41.0832
-0
36.6742
-0
-0
0.0643601
-0
-0
-0
8.93943
-0
-0
-0
33.9923
-0
-0
-0
-0
2.61189
22.6887
11.3681
-0
-0
5.14215
-0
-0
-0
-0
-0
15.6967
-0
-0
-0
-0
6.41961
-0
-0
-0
7.84193
18.6139
-0
-0
-0
-0
21.9342
-0
-0
-0
19.7661
9.7634
-0
-0
-0
-0
-0
-0
-0
-0
31.4505
-0
4.28505
32.1231
-0
-0
-0
33.4734
-0
-0
-0
-0
20.0059
-0
10.0593
-0
-0
40.5141
47.1404
-0
-0
10.5566
-0
-0
19.2505
-0
-0
-0
-0
11.8604
5.82524
3.86981
22.8168
6.6332
-0
-0
29.0674
-0
-0
-0
35.7054
-0
-0
3.38302
22.5262
-0
-0
-0
-0
-0
-0
6.83395
-0
-0
-0
-0
-0
-0
-0
-0
-0
-0
-0
-0
22.7366
-0
30.0806
-0
33.8845
-0
-0
20.5872
20.2925
-0
-0
-0
-0
-0
-0
-0
25.9172
-0
-0
8.02491
-0
-0
-0
-0
-0
-0
-0
-0
-0
-0
9.39521
-0
-0
33.0664
6.91526
-0
-0
0.196468
-0
-0
-0
3.22812
-0
17.0797
31.0792
-0
15.7979
-0
-0
-0
-0
-0
-0
-0
18.3124
-0
-0
13.6469
-0
-0
-0
-0
-0
-0
12.0518
-0
24.5616
-0
-0
-0
-0
7.14186
-0
5.79704
-0
-0
-0
-0
33.5277
16.0089
-0
12.9021
-0
-0
-0
4.14251
-0
-0
15.6268
-0
-0
17.8901
-0
-0
-0
-0
4.57755
-0
-0
-0
-0
-0
19.8998
-0
-0
-0
-0
-0
-0
-0
-0
-0
-0
-0
5.54332
-0
-0
-0
-0
18.864
-0
1.19937
3.87507
3.21449
-0
16.3193
-0
-0
18.6989
-0
28.9017
-0
-0
13.8253
-0
23.1138
-0
-0
-0
-0
-0
-0
-0
-0
37.5789
-0
-0
-0
-0
-0
30.261
17.0694
-0
-0
-0
1.28368
-0
-0
-0
-0
0.307858
-0
-0
-0
-0
-0
18.5688
-0
-0
-0
-0
-0
-0
-0
3.81427
6.67457
-0
-0
-0
34.736
-0
-0
-0
-0
1.0749
-0
-0
-0
-0
13.8573
-0
-0
-0
-0
-0
-0
8.23213
18.5533
11.9909
-0
-0
-0
-0
-0
6.5898
19.0048
3.24732
3.66073
-0
22.3293
21.7913
-0
-0
10.5813
1.78718
-0
15.8588
-0
-0
-0
-0
-0
-0
-0
-0
-0
21.8997
-0
-0
-0
-0
-0
-0
-0
-0
17.178
13.0365
-0
-0
-0
26.5927
20.676
21.4134
3.36003
-0
-0
-0
-0
-0
-0
16.1804
-0
-0
-0
-0
-0
-0
26.9542
-0
-0
-0
-0
10.2704
-0
-0
-0
2.05679
-0
-0
-0
-0
-0
-0
-0
2.79362
-0
-0
-0
11.8466
-0
-0
-0
25.7199
-0
9.27271
-0
-0
23.5914
-0
19.2557
-0
17.0869
-0
-0
31.2404
5.70182
-0
-0
21.7157
6.13096
24.8563
-0
-0
4.778
-0
10.1237
-0
-0
-0
4.10296
10.0666
-0
9.17899
-0
-0
-0
-0
-0
-0
-0
-0
2.68488
-0
17.9357
-0
-0
-0
-0
-0
30.0257
11.1718
4.59439
-0
-0
-0
-0
15.5394
-0
-0
-0
-0
11.8864
-0
-0
9.6028
-0
12.1487
-0
-0
-0
14.5878
-0
-0
-0
23.7666
-0
-0
-0
-0
-0
-0
3.97493
23.7679
13.7165
23.7676
30.0735
19.3169
30.913
-0
-0
-0
40.1748
-0
-0
-0
-0
-0
-0
-0
-0
