5.20696
-0
-0
-0
-0
3.36791
-0
-0
23.4549
-0
-0
-0
-0
-0
-0
-0
-0
-0
6.46926
-0
-0
2.89739
-0
-0
-0
-0
24.0715
-0
-0
-0
-0
-0
-0
-0
11.2395
-0
-0
-0
-0
-0
-0
-0
-0
15.7144
-0
-0
-0
-0
-0
-0
-0
-0
-0
-0
-0
-0
10.104
4.4727
22.8378
50.3561
-0
-0
-0
-0
18.0494
-0
-0
-0
-0
2.18492
-0
-0
-0
-0
-0
10.8091
-0
4.49232
-0
-0
-0
99.796
-0
3.50932
32.0293
-0
-0
-0
-0
-0
39.4276
-0
-0
-0
-0
-0
14.1402
-0
7.8339
-0
-0
-0
-0
-0
-0
-0
12.035
-0
-0
-0
-0
-0
0.0172473
-0
-0
-0
-0
-0
24.4109
-0
30.497
-0
-0
0.777716
-0
-0
-0
-0
-0
2.25929
50.7043
21.7061
-0
-0
-0
-0
-0
33.906
-0
-0
10.3133
-0
6.07507
-0
-0
-0
-0
-0
-0
-0
-0
-0
-0
63.4208
-0
-0
29.864
-0
-0
2.5138
-0
-0
-0
-0
-0
-0
-0
-0
-0
38.9934
-0
-0
-0
-0
-0
-0
-0
-0
4.2197
12.4111
-0
-0
-0
-0
-0
35.0996
-0
-0
45.7667
-0
23.7541
65.3701
3.09125
-0
-0
-0
-0
-0
-0
-0
-0
-0
-0
-0
-0
-0
30.0617
-0
-0
-0
-0
-0
62.8894
-0
-0
-0
3.93373
-0
-0
-0
-0
-0
-0
-0
-0
-0
-0
-0
-0
2.85903
-0
-0
-0
-0
-0
-0
-0
-0
-0
-0
-0
-0
-0
-0
-0
-0
-0
-0
7.39511
-0
-0
-0
-0
43.419
-0
-0
-0
-0
-0
-0
-0
2.94163
-0
-0
11.4425
-0
8.27102
-0
-0
-0
-0
20.8685
-0
18.295
-0
-0
-0
-0
-0
-0
-0
-0
-0
7.79513
-0
-0
-0
-0
-0
-0
12.9748
-0
21.2976
-0
13.4111
-0
-0
-0
-0
42.7397
-0
-0
0.754178
-0
36.1728
21.756
33.6736
-0
-0
-0
24.3806
-0
-0
-0
-0
1.78192
-0
-0
-0
-0
-0
-0
-0
51.3858
8.9863
-0
-0
-0
-0
4.37204
-0
-0
-0
-0
-0
-0
-0
-0
-0
3.06173
-0
-0
-0
-0
-0
-0
-0
-0
25.2331
-0
-0
-0
-0
-0
21.175
-0
-0
-0
13.7714
-0
-0
-0
-0
17.4721
25.6434
2.21129
-0
-0
-0
-0
-0
-0
0.669155
34.8071
-0
-0
-0
-0
-0
-0
-0
-0
39.8941
-0
-0
-0
-0
-0
-0
-0
-0
-0
-0
-0
-0
-0
-0
21.0131
-0
-0
-0
-0
-0
-0
-0
-0
-0
-0
-0
2.57241
-0
-0
-0
-0
-0
2.94712
-0
-0
-0
-0
16.6373
-0
-0
-0
-0
-0
-0
6.97721
-0
-0
-0
-0
-0
-0
28.1362
-0
-0
-0
-0
-0
-0
-0
-0
-0
-0
-0
-0
-0
-0
-0
-0
-0
-0
-0
38.5013
29.2585
-0
-0
-0
-0
-0
-0
0.456243
-0
7.891
-0
-0
-0
6.4476
-0
-0
-0
-0
-0
-0
-0
34.1052
-0
-0
-0
-0
-0
-0
-0
-0
-0
-0
-0
-0
48.6328
17.6897
-0
-0
11.6094
-0
50.378
68.7438
-0
3.22882
45.3295
-0
-0
30.6736
-0
-0
-0
3.18057
-0
-0
-0
-0
-0
-0
-0
-0
-0
5.96044
-0
-0
-0
38.1837
1.86759
-0
-0
-0
-0
21.6135
-0
-0
-0
-0
-0
-0
-0
23.282
-0
27.6099
5.32436
-0
-0
-0
-0
-0
-0
-0
-0
-0
-0
-0
-0
-0
-0
-0
-0
63.721
13.0302
-0
-0
-0
-0
-0
6.09931
-0
-0
-0
-0
-0
-0
-0
-0
-0
9.58927
-0
-0
-0
-0
-0
-0
8.52733
-0
-0
-0
-0
-0
-0
-0
-0
-0
-0
43.4865
-0
-0
33.2424
-0
-0
-0
-0
39.8404
44.1842
-0
-0
-0
-0
-0
-0
-0
-0
27.1287
-0
6.60874
-0
-0
-0
-0
-0
-0
28.3798
-0
-0
4.44063
-0
-0
-0
13.7773
-0
-0
-0
-0
-0
-0
-0
-0
-0
-0
-0
-0
-0
-0
-0
-0
-0
-0
-0
-0
-0
-0
-0
54.3146
3.21691
2.45171
-0
-0
-0
-0
-0
5.03928
8.02519
-0
-0
-0
-0
29.816
-0
40.4163
-0
-0
-0
-0
-0
-0
-0
-0
-0
18.0626
-0
-0
-0
8.66402
-0
-0
-0
-0
-0
-0
-0
-0
-0
-0
13.8026
-0
-0
-0
-0
-0
-0
-0
-0
-0
-0
50.3746
-0
-0
-0
-0
35.4301
-0
-0
-0
-0
-0
-0
20.4179
-0
-0
-0
9.10339
4.98035
-0
-0
-0
-0
-0
-0
-0
28.8113
-0
-0
-0
-0
-0
17.5129
-0
-0
36.8947
-0
-0
-0
2.15613
-0
-0
-0
-0
-0
-0
-0
31.2925
-0
-0
-0
20.8517
-0
-0
-0
-0
31.3981
-0
-0
-0
28.5746
-0
-0
-0
-0
-0
-0
-0
19.3749
1.13564
-0
-0
-0
-0
-0
-0
-0
-0
-0
-0
-0
34.8637
-0
-0
-0
-0
-0
-0
31.1682
72.2092
-0
-0
-0
-0
-0
-0
50.5484
-0
-0
-0
18.6306
-0
-0
-0
-0
-0
-0
-0
-0
-0
-0
-0
-0
-0
-0
-0
-0
49.6981
-0
-0
-0
31.7469
-0
-0
27.5304
-0
-0
-0
-0
12.8039
-0
-0
64.1744
-0
0.841578
4.9531
-0
-0
-0
19.2786
-0
-0
-0
-0
-0
-0
-0
33.6884
-0
-0
-0
-0
-0
-0
-0
-0
-0
3.19592
-0
-0
-0
3.65162
-0
-0
-0
-0
-0
-0
-0
-0
-0
-0
-0
-0
-0
0.0378902
20.8238
49.3239
-0
-0
-0
-0
-0
-0
-0
-0
-0
-0
-0
-0
-0
32.916
-0
-0
10.4215
-0
-0
-0
35.8033
-0
-0
10.8146
-0
13.2811
-0
-0
-0
-0
3.41725
-0
-0
-0
-0
31.9155
-0
-0
-0
-0
-0
39.5082
-0
27.3317
-0
-0
-0
-0
34.4923
-0
-0
-0
-0
-0
-0
-0
-0
24.6413
-0
-0
-0
-0
-0
-0
10.6552
-0
8.21562
-0
-0
-0
-0
-0
-0
-0
5.54739
-0
-0
-0
0.372548
66.2256
13.2175
1.56066
-0
-0
-0
-0
19.2625
-0
16.5801
-0
-0
-0
-0
-0
-0
11.5777
-0
21.8565
-0
-0
-0
45.9345
-0
-0
-0
-0
-0
-0
-0
2.07233
-0
-0
-0
-0
-0
-0
-0
-0
-0
-0
-0
-0
17.8083
-0
-0
-0
28.5537
-0
-0
32.6121
-0
48.8907
-0
-0
-0
-0
-0
-0
-0
20.8891
-0
-0
-0
-0
-0
-0
12.4205
-0
2.56249
-0
-0
-0
-0
-0
-0
-0
-0
-0
-0
-0
-0
-0
22.5409
3.20223
-0
-0
-0
-0
-0
-0
11.4779
-0
-0
-0
-0
-0
8.14361
-0
15.2842
-0
-0
-0
-0
-0
-0
-0
8.64213
-0
-0
61.6564
-0
-0
-0
1.9531
-0
-0
-0
-0
-0
37.3924
-0
-0
29.3446
-0
-0
2.05377
-0
-0
-0
-0
-0
53.8502
64.0993
-0
-0
-0
2.86953
-0
-0
-0
-0
10.6131
-0
8.52691
-0
-0
-0
-0
-0
-0
6.43456
-0
-0
-0
-0
-0
-0
19.2
-0
-0
-0
25.8377
45.555
-0
-0
-0
-0
-0
18.1453
-0
-0
-0
-0
31.9984
-0
-0
10.3965
0.128713
-0
-0
-0
-0
-0
-0
-0
-0
-0
-0
20.3627
-0
-0
-0
-0
-0
-0
-0
-0
-0
-0
9.03793
-0
-0
25.4684
-0
-0
-0
-0
-0
-0
24.5424
-0
-0
-0
-0
-0
7.53454
28.2896
-0
-0
-0
-0
-0
-0
-0
-0
68.1551
71.0586
4.96258
-0
-0
-0
-0
12.003
-0
-0
-0
-0
-0
-0
-0
-0
29.2502
-0
53.2413
-0
-0
-0
-0
-0
2.44314
-0
-0
-0
-0
-0
-0
-0
-0
-0
-0
-0
-0
-0
-0
-0
-0
-0
-0
-0
24.8872
-0
-0
15.65
-0
-0
-0
-0
-0
-0
3.55777
-0
-0
-0
-0
-0
-0
-0
-0
-0
-0
-0
-0
-0
-0
-0
-0
7.72179
-0
-0
29.7833
-0
-0
-0
-0
18.5632
-0
-0
3.95387
-0
-0
-0
-0
-0
-0
23.1301
-0
-0
4.84154
-0
-0
-0
-0
-0
-0
-0
-0
-0
-0
-0
-0
-0
37.5103
-0
-0
-0
8.15942
4.872
19.3661
-0
35.719
77.629
-0
74.4215
-0
-0
-0
-0
-0
6.74041
-0
49.5338
0.130461
-0
13.1699
-0
-0
-0
-0
-0
8.83735
-0
-0
-0
-0
-0
-0
20.9171
-0
-0
-0
22.5441
-0
27.4239
-0
-0
7.62014
2.21745
-0
-0
-0
-0
-0
-0
-0
-0
2.35328
-0
-0
21.9232
-0
-0
-0
-0
-0
-0
7.36264
-0
8.20979
-0
-0
12.7969
-0
-0
-0
-0
-0
-0
-0
-0
-0
-0
-0
37.3092
22.8483
-0
24.3803
-0
-0
-0
-0
-0
-0
-0
-0
-0
-0
-0
-0
16.8508
-0
-0
-0
-0
-0
-0
-0
-0
-0
-0
-0
-0
12.2527
14.6309
30.78
-0
37.563
-0
-0
-0
-0
62.4331
20.1687
-0
-0
-0
-0
7.17033
-0
-0
36.9905
-0
-0
-0
-0
-0
-0
-0
-0
-0
-0
-0
-0
-0
-0
-0
-0
1.35431
-0
-0
21.9464
-0
0.74961
-0
-0
-0
-0
1.00317
-0
12.4699
-0
-0
-0
23.165
-0
-0
-0
-0
-0
9.52136
-0
-0
-0
-0
-0
-0
5.8341
-0
-0
-0
-0
-0
-0
-0
12.053
-0
-0
-0
-0
-0
100.187
-0
-0
-0
-0
-0
-0
-0
-0
-0
-0
-0
-0
-0
1.34707
5.47598
-0
-0
-0
-0
17.6421
-0
-0
1.79622
-0
-0
-0
-0
1.47056
2.36226
-0
30.4677
-0
-0
-0
0.991302
-0
-0
-0
-0
-0
-0
-0
-0
-0
-0
-0
-0
-0
-0
-0
-0
-0
6.00004
-0
32.2972
22.9429
-0
-0
0.442206
-0
7.53683
0.190383
-0
-0
-0
-0
87.267
-0
-0
-0
40.2587
-0
-0
-0
0.458538
-0
-0
-0
-0
-0
-0
-0
-0
10.0333
-0
-0
-0
-0
-0
-0
-0
-0
-0
-0
-0
-0
-0
-0
33.7399
-0
-0
-0
-0
-0
-0
-0
-0
24.64
-0
-0
2.5932
23.3405
-0
-0
-0
10.5274
-0
-0
-0
-0
56.354
-0
17.0219
-0
-0
-0
7.59751
-0
0.302852
-0
-0
-0
-0
8.30161
-0
-0
-0
-0
-0
-0
-0
-0
-0
-0
-0
1.59649
15.5584
-0
-0
-0
-0
-0
-0
-0
24.2273
11.2979
1.61982
0.229428
-0
3.67759
-0
-0
2.31343
-0
-0
-0
-0
14.4836
-0
-0
-0
30.2698
-0
-0
-0
-0
-0
-0
-0
-0
-0
42.0684
-0
10.2087
-0
-0
-0
-0
55.1465
-0
26.2098
8.3595
-0
-0
-0
-0
-0
9.76908
4.69754
-0
-0
-0
-0
-0
-0
-0
-0
-0
-0
-0
49.8543
-0
-0
42.9465
-0
-0
26.2416
-0
-0
-0
-0
10.2495
-0
-0
-0
-0
-0
-0
16.4243
22.2993
-0
25.5728
-0
-0
-0
-0
-0
-0
-0
12.2406
68.4105
-0
1.35505
-0
-0
-0
-0
-0
-0
-0
-0
-0
-0
-0
-0
-0
-0
-0
-0
-0
-0
-0
-0
-0
-0
-0
-0
-0
-0
-0
-0
-0
-0
-0
-0
-0
-0
-0
-0
-0
-0
11.9738
40.156
-0
51.5552
-0
-0
4.44869
-0
-0
-0
-0
-0
-0
-0
-0
-0
-0
2.45569
-0
-0
-0
-0
-0
-0
-0
19.6443
-0
-0
-0
-0
-0
-0
-0
-0
-0
-0
-0
-0
48.4283
2.88698
-0
-0
-0
-0
-0
-0
-0
-0
-0
-0
-0
-0
-0
-0
-0
-0
-0
-0
-0
-0
-0
-0
-0
16.0137
-0
-0
-0
-0
-0
-0
-0
-0
67.4345
-0
-0
-0
-0
-0
-0
-0
-0
-0
-0
-0
-0
17.8868
-0
-0
-0
-0
-0
-0
-0
-0
-0
-0
-0
-0
-0
-0
-0
-0
-0
26.949
-0
-0
-0
-0
-0
-0
0.688093
-0
-0
7.60976
-0
28.7109
-0
21.6578
4.9317
-0
-0
-0
-0
-0
-0
-0
-0
-0
-0
105.991
-0
-0
-0
-0
-0
-0
-0
-0
32.9665
52.7042
-0
-0
23.6414
5.37316
-0
-0
13.512
-0
-0
4.63261
6.71605
-0
-0
-0
-0
-0
-0
-0
-0
-0
82.5053
-0
4.31772
-0
54.698
-0
-0
5.53644
12.9142
-0
-0
9.96789
-0
-0
33.3305
-0
1.12756
-0
-0
-0
-0
-0
-0
-0
-0
1.1833
-0
55.0065
-0
-0
-0
-0
-0
-0
-0
17.5735
-0
-0
-0
-0
3.48269
-0
35.6058
-0
-0
-0
-0
-0
-0
-0
18.0955
34.6357
-0
-0
60.1225
-0
-0
-0
-0
-0
-0
-0
-0
-0
-0
61.2884
7.62075
-0
-0
-0
-0
-0
-0
-0
-0
42.121
-0
-0
-0
-0
2.37381
45.494
-0
-0
-0
-0
1.67661
-0
71.4991
-0
-0
-0
-0
0.035118
3.56622
-0
-0
21.7936
-0
6.05462
-0
-0
7.70032
-0
-0
21.2923
-0
11.0458
-0
-0
44.4449
-0
-0
-0
20.1639
-0
-0
-0
-0
9.28256
1.24382
15.3656
-0
-0
-0
14.2488
-0
-0
32.2454
-0
-0
-0
-0
-0
-0
-0
-0
12.76
-0
-0
-0
-0
23.4093
-0
-0
-0
-0
-0
2.60238
-0
1.59104
-0
43.9345
-0
-0
-0
2.34338
3.7965
-0
-0
-0
-0
-0
-0
-0
-0
-0
-0
-0
-0
-0
0.0222594
-0
-0
26.349
-0
-0
20.7394
-0
-0
-0
-0
-0
-0
-0
-0
-0
-0
-0
-0
-0
-0
-0
-0
-0
-0
45.6569
35.3092
-0
53.5206
-0
-0
-0
62.4647
-0
-0
-0
4.11749
-0
-0
-0
-0
-0
16.797
9.30551
9.59047
24.4552
-0
14.9155
-0
-0
65.4273
28.3273
-0
-0
34.2995
-0
21.1968
6.11881
-0
-0
-0
-0
-0
-0
-0
-0
-0
-0
-0
-0
-0
-0
-0
33.375
-0
28.6604
1.73066
-0
-0
-0
-0
9.99102
16.95
-0
-0
-0
-0
-0
-0
-0
-0
-0
51.6031
-0
-0
-0
-0
-0
-0
-0
-0
-0
-0
-0
19.4741
-0
-0
40.0826
-0
-0
-0
-0
24.2676
5.71113
-0
-0
-0
4.00438
-0
-0
-0
-0
-0
-0
45.9243
-0
-0
-0
-0
-0
-0
-0
-0
-0
-0
1.41057
-0
-0
-0
-0
-0
-0
-0
-0
-0
-0
-0
-0
-0
0.502453
-0
-0
-0
-0
-0
-0
-0
-0
49.8137
18.3864
22.219
-0
2.45822
-0
-0
-0
-0
41.2418
14.285
-0
19.1128
7.43012
-0
-0
-0
5.70554
-0
-0
-0
-0
-0
-0
-0
-0
-0
-0
-0
-0
-0
-0
-0
-0
-0
-0
-0
-0
-0
-0
-0
-0
-0
-0
34.3932
-0
-0
-0
-0
-0
-0
2.9931
-0
-0
-0
-0
-0
9.11739
-0
-0
-0
6.41873
-0
7.77657
33.2372
-0
21.3005
-0
13.3198
-0
-0
-0
-0
-0
-0
-0
-0
-0
-0
-0
88.9931
-0
-0
-0
-0
-0
-0
-0
-0
-0
-0
-0
-0
-0
8.00055
-0
-0
-0
-0
-0
-0
-0
-0
-0
-0
-0
-0
1.83141
-0
-0
-0
-0
4.42947
-0
-0
-0
-0
-0
-0
-0
-0
-0
-0
-0
27.3159
-0
-0
51.3442
-0
22.5088
-0
-0
-0
-0
-0
-0
-0
14.4159
-0
-0
-0
-0
16.0548
-0
-0
-0
-0
-0
13.9952
3.784
-0
33.9999
32.7381
-0
-0
-0
-0
-0
-0
-0
-0
4.07554
-0
-0
-0
-0
-0
-0
-0
-0
-0
-0
-0
-0
-0
-0
-0
-0
-0
-0
-0
-0
-0
-0
-0
-0
-0
-0
-0
-0
-0
21.6958
11.1016
-0
48.687
-0
-0
-0
-0
-0
-0
17.7975
0.219619
-0
-0
-0
-0
-0
-0
-0
-0
-0
-0
-0
-0
-0
-0
-0
18.2242
16.7181
26.8942
-0
16.8093
-0
-0
-0
-0
-0
-0
13.2478
-0
-0
-0
-0
-0
-0
-0
6.65885
-0
-0
34.6101
-0
-0
-0
-0
-0
-0
-0
-0
-0
-0
-0
10.4514
-0
55.0939
-0
-0
-0
-0
-0
30.5528
-0
-0
8.98607
-0
-0
-0
24.1683
-0
-0
-0
-0
-0
-0
13.962
-0
-0
-0
37.582
-0
-0
15.4225
-0
-0
-0
-0
-0
37.5611
-0
-0
-0
-0
-0
-0
-0
-0
-0
-0
32.4895
5.4496
-0
-0
-0
-0
-0
-0
-0
43.8175
-0
-0
42.9674
4.26155
-0
-0
-0
-0
-0
-0
-0
-0
61.9442
-0
-0
-0
-0
-0
-0
-0
-0
-0
-0
-0
-0
-0
-0
-0
-0
-0
-0
-0
-0
-0
-0
-0
-0
-0
-0
-0
-0
-0
4.72235
-0
-0
-0
-0
-0
46.3866
21.1149
-0
-0
0.0850711
-0
-0
-0
-0
-0
7.25736
-0
0.484519
-0
-0
0.487452
13.7493
-0
10.4345
-0
-0
-0
51.0158
-0
-0
-0
-0
7.82149
-0
-0
-0
-0
-0
-0
-0
-0
-0
-0
-0
-0
-0
-0
-0
-0
-0
-0
-0
6.45463
-0
-0
-0
-0
-0
11.4753
-0
8.16011
29.6821
-0
-0
-0
18.0298
-0
3.12288
16.3115
-0
-0
17.1256
-0
20.7036
-0
5.86917
-0
-0
2.04141
-0
-0
-0
-0
-0
7.11219
-0
-0
-0
-0
-0
-0
-0
-0
-0
6.08664
-0
-0
-0
-0
15.3571
-0
-0
2.42531
-0
7.23913
-0
-0
-0
-0
-0
-0
-0
-0
-0
-0
-0
-0
-0
15.4714
-0
37.9739
-0
-0
28.3296
-0
-0
-0
-0
-0
-0
-0
-0
4.91659
-0
-0
53.2399
-0
20.4463
2.13397
-0
-0
-0
7.89075
-0
-0
-0
-0
-0
-0
0.312107
-0
-0
-0
-0
64.7346
26.5593
-0
-0
-0
-0
-0
33.4356
-0
-0
-0
-0
40.4568
-0
-0
4.05
-0
-0
-0
23.2501
-0
-0
-0
28.586
-0
-0
11.2962
11.6452
-0
-0
-0
-0
-0
-0
-0
5.00436
-0
-0
-0
-0
-0
-0
16.6557
-0
0.594313
-0
-0
-0
-0
-0
-0
-0
-0
-0
-0
-0
-0
-0
-0
-0
15.057
-0
1.24423
56.5423
-0
-0
-0
-0
-0
-0
-0
-0
-0
-0
-0
-0
-0
-0
-0
12.1867
13.161
-0
-0
-0
-0
-0
41.2353
0.582969
-0
-0
-0
8.6067
-0
-0
-0
7.91151
-0
-0
7.53564
-0
-0
-0
-0
-0
-0
-0
-0
-0
-0
-0
25.0876
44.3495
-0
-0
25.3114
-0
8.42086
-0
20.2803
-0
-0
-0
-0
18.1453
-0
-0
-0
-0
-0
19.4362
-0
8.12591
-0
-0
-0
-0
-0
-0
-0
-0
-0
-0
-0
17.4901
-0
-0
-0
22.2116
-0
-0
-0
-0
-0
-0
-0
39.2723
-0
-0
-0
-0
-0
-0
-0
-0
-0
-0
-0
-0
20.8356
37.783
-0
-0
-0
-0
-0
-0
37.0955
7.9317
-0
-0
-0
-0
-0
-0
17.2372
-0
-0
32.4699
-0
11.1971
2.2527
-0
79.2536
20.1749
-0
-0
-0
-0
-0
-0
-0
21.4472
8.53142
-0
-0
-0
-0
-0
-0
19.8215
-0
-0
-0
-0
-0
-0
-0
-0
-0
-0
-0
-0
2.89641
-0
-0
51.6856
4.82799
-0
-0
-0
-0
-0
-0
-0
-0
-0
62.581
-0
-0
31.1267
-0
-0
30.0142
-0
-0
-0
-0
12.9421
-0
12.6045
13.7074
33.6262
-0
-0
-0
7.96588
-0
-0
-0
-0
-0
-0
-0
-0
-0
-0
-0
-0
-0
-0
-0
4.98432
-0
-0
-0
5.26645
33.4945
-0
-0
-0
-0
-0
-0
-0
-0
-0
-0
-0
-0
-0
-0
36.0856
17.056
-0
-0
-0
-0
-0
-0
-0
-0
42.5063
-0
-0
-0
-0
-0
-0
-0
-0
-0
-0
-0
-0
-0
-0
-0
-0
-0
-0
-0
-0
-0
-0
23.3058
-0
-0
13.4235
70.8401
-0
6.22149
-0
-0
-0
11.6378
-0
-0
-0
-0
-0
-0
46.9178
-0
-0
-0
-0
-0
-0
40.4504
-0
-0
-0
14.1619
-0
-0
-0
-0
16.315
-0
-0
1.50037
-0
-0
-0
-0
-0
-0
-0
-0
1.24439
-0
-0
-0
9.53451
-0
-0
-0
-0
-0
-0
-0
-0
-0
-0
-0
9.37433
-0
44.2159
-0
-0
-0
-0
-0
-0
-0
-0
-0
-0
-0
-0
-0
-0
76.6312
-0
-0
-0
-0
6.97579
-0
-0
-0
-0
-0
-0
57.0261
7.55838
-0
-0
-0
-0
-0
-0
-0
19.5074
-0
-0
-0
11.9967
-0
8.56518
14.1539
-0
-0
-0
-0
11.7905
-0
-0
-0
-0
-0
-0
-0
-0
-0
14.5979
9.0118
78.0239
-0
-0
-0
-0
-0
-0
-0
-0
-0
19.9543
-0
-0
-0
-0
32.6218
-0
20.8025
17.6154
-0
66.4503
39.7834
-0
-0
16.0607
-0
-0
23.1919
-0
-0
2.2788
-0
-0
-0
-0
-0
-0
-0
-0
-0
-0
-0
-0
-0
-0
49.0537
-0
-0
-0
-0
4.47087
-0
14.2449
-0
-0
-0
-0
-0
-0
-0
-0
-0
-0
-0
54.2252
-0
-0
38.6678
-0
-0
-0
-0
-0
35.3248
-0
-0
-0
-0
-0
-0
-0
36.7498
-0
-0
-0
-0
-0
-0
63.1262
-0
9.1333
-0
-0
-0
2.66404
-0
-0
-0
-0
-0
-0
-0
34.7152
-0
28.4332
-0
-0
-0
-0
9.00821
-0
-0
-0
-0
-0
-0
-0
-0
-0
-0
-0
12.7252
-0
-0
-0
-0
-0
-0
-0
-0
-0
4.69455
2.37604
-0
-0
-0
-0
0.202683
-0
-0
-0
-0
-0
-0
-0
-0
-0
-0
-0
-0
-0
-0
-0
-0
-0
-0
-0
-0
-0
-0
-0
-0
-0
-0
-0
-0
14.4915
-0
-0
-0
-0
35.6973
-0
-0
46.8141
-0
-0
-0
46.4946
20.331
-0
33.0348
-0
21.3464
-0
-0
-0
-0
-0
-0
-0
48.8061
17.6099
-0
-0
-0
-0
-0
-0
-0
-0
-0
7.04374
-0
13.0755
2.60789
-0
-0
-0
-0
-0
-0
9.23115
-0
-0
-0
10.3676
-0
-0
40.1893
1.53837
-0
-0
-0
-0
2.30708
-0
39.4371
-0
-0
-0
55.5233
-0
-0
-0
-0
-0
11.8774
-0
-0
-0
18.4285
-0
-0
-0
-0
-0
-0
53.3359
-0
-0
-0
-0
-0
-0
-0
-0
40.7571
-0
-0
-0
8.9592
-0
-0
-0
-0
2.34471
-0
-0
-0
-0
4.74666
-0
-0
2.16383
-0
-0
-0
-0
8.81998
-0
-0
-0
17.1597
-0
-0
-0
-0
13.5942
-0
-0
-0
-0
-0
-0
23.5687
-0
-0
-0
6.59919
-0
-0
-0
-0
-0
-0
-0
-0
-0
-0
0.767283
-0
-0
-0
52.6156
-0
-0
-0
-0
-0
-0
-0
-0
-0
-0
-0
-0
-0
-0
29.4952
-0
-0
-0
-0
-0
4.72195
-0
24.4614
7.31987
-0
28.0747
-0
-0
-0
-0
-0
-0
-0
-0
8.65934
-0
-0
-0
-0
-0
13.1983
-0
-0
-0
-0
-0
-0
-0
37.1809
-0
-0
-0
-0
-0
-0
19.1847
-0
-0
-0
37.6788
-0
-0
-0
-0
-0
18.1897
-0
-0
-0
-0
-0
-0
-0
-0
7.71958
-0
-0
-0
-0
14.1384
-0
30.4489
-0
-0
-0
-0
7.63362
-0
-0
-0
2.90932
-0
-0
-0
-0
-0
-0
1.12646
-0
-0
33.1981
7.73023
-0
-0
46.232
-0
-0
-0
-0
-0
89.9312
-0
-0
-0
11.3183
-0
-0
-0
-0
-0
40.5551
-0
-0
-0
-0
7.29692
-0
-0
-0
8.04875
-0
-0
-0
-0
-0
-0
10.4979
-0
-0
30.2477
-0
0.191322
6.61072
-0
-0
-0
-0
-0
-0
-0
-0
-0
-0
19.8846
-0
-0
13.2222
-0
-0
-0
-0
19.195
-0
-0
-0
-0
-0
-0
29.5212
-0
-0
-0
1.65132
-0
-0
-0
-0
-0
-0
-0
-0
-0
-0
22.803
10.0169
-0
-0
-0
-0
-0
21.6233
-0
13.7814
55.7171
-0
-0
-0
0.509019
-0
-0
-0
-0
-0
-0
-0
62.4507
-0
56.6544
-0
-0
-0
35.8865
24.2288
-0
-0
-0
-0
-0
16.2862
-0
-0
-0
-0
-0
5.49046
-0
-0
-0
-0
-0
-0
-0
-0
3.16692
-0
-0
16.5191
-0
-0
-0
-0
-0
-0
-0
-0
-0
1.36305
-0
-0
-0
-0
-0
11.1081
-0
-0
-0
-0
-0
-0
-0
-0
-0
-0
-0
-0
-0
-0
-0
-0
28.8929
-0
36.6882
-0
-0
-0
-0
-0
14.5495
-0
0.85011
-0
-0
15.0931
-0
39.617
-0
1.17687
-0
59.427
-0
-0
-0
-0
-0
6.86723
-0
34.6547
-0
-0
-0
-0
-0
-0
6.81166
-0
-0
-0
-0
35.0648
-0
-0
-0
-0
-0
-0
-0
-0
-0
-0
-0
-0
-0
-0
-0
20.4381
39.6059
11.0075
-0
17.9833
-0
-0
4.40443
-0
-0
-0
-0
-0
19.0675
-0
0.140137
-0
-0
-0
-0
-0
-0
-0
-0
-0
-0
-0
-0
6.1706
6.89186
32.2108
-0
-0
-0
-0
-0
-0
-0
-0
-0
-0
-0
24.9924
-0
-0
-0
52.215
-0
-0
-0
-0
-0
-0
-0
-0
-0
-0
-0
87.7368
-0
-0
-0
-0
-0
-0
-0
-0
-0
-0
-0
-0
17.0486
-0
-0
0.582555
6.2063
-0
-0
-0
-0
-0
-0
-0
-0
-0
-0
-0
-0
-0
-0
-0
-0
61.7771
-0
-0
28.476
-0
-0
-0
-0
-0
-0
-0
-0
-0
23.6743
-0
-0
-0
-0
-0
-0
-0
-0
-0
-0
-0
-0
-0
1.46526
-0
1.95105
-0
-0
-0
-0
-0
-0
-0
-0
58.5101
-0
-0
-0
-0
10.5969
-0
-0
-0
-0
-0
8.91826
-0
-0
-0
8.11088
-0
-0
-0
-0
-0
-0
-0
2.50798
-0
-0
-0
-0
-0
-0
-0
-0
-0
-0
-0
-0
76.4898
-0
-0
-0
20.1137
-0
10.5746
25.0503
13.4662
-0
-0
54.6495
-0
-0
-0
-0
32.0073
-0
-0
82.209
-0
-0
3.96503
16.8452
0.290011
39.9186
-0
-0
-0
-0
-0
-0
-0
-0
5.13734
2.29155
-0
-0
-0
-0
-0
-0
9.50487
19.6258
-0
-0
-0
-0
-0
4.86686
4.53936
-0
-0
-0
37.3545
-0
-0
-0
17.1587
9.09681
-0
-0
-0
-0
-0
-0
-0
45.5593
-0
-0
-0
-0
-0
-0
-0
52.7837
12.3548
-0
12.6937
-0
-0
-0
-0
-0
60.1175
-0
-0
-0
3.09251
-0
-0
-0
-0
