3.81678
-0
-0
-0
-0
10.0577
-0
-0
38.2808
3.68437
22.1259
-0
-0
-0
-0
-0
-0
-0
5.83846
-0
-0
-0
-0
-0
-0
-0
-0
-0
-0
-0
-0
-0
-0
-0
10.1503
-0
-0
-0
-0
-0
-0
-0
-0
12.3818
-0
23.5508
-0
14.2367
-0
-0
-0
-0
-0
-0
-0
-0
15.7537
2.01809
40.4452
20.047
-0
-0
23.6107
-0
22.4321
-0
3.74283
-0
-0
1.15493
-0
-0
-0
-0
-0
5.85336
4.95125
-0
-0
-0
-0
84.8415
-0
-0
22.1579
-0
-0
-0
-0
-0
0.489623
-0
-0
-0
-0
-0
8.68043
-0
22.7979
-0
-0
-0
-0
-0
-0
-0
-0
-0
-0
-0
-0
-0
0.241619
-0
-0
-0
-0
-0
34.2173
14.0762
24.8642
-0
11.0952
0.826212
-0
-0
-0
-0
-0
-0
17.8899
24.7084
14.5304
-0
-0
-0
1.20892
28.4773
-0
-0
16.2946
-0
10.0599
-0
-0
-0
-0
-0
-0
-0
-0
-0
-0
27.7855
-0
-0
10.9303
-0
-0
1.57944
-0
-0
-0
-0
-0
-0
-0
-0
-0
47.3653
-0
2.79581
-0
-0
-0
-0
-0
-0
11.6308
-0
-0
-0
-0
-0
-0
42.7617
-0
-0
64.4659
-0
-0
52.4381
14.641
3.39047
-0
-0
-0
-0
4.12447
-0
-0
-0
-0
-0
-0
-0
-0
-0
-0
-0
-0
-0
26.8403
-0
-0
-0
-0
-0
-0
-0
-0
-0
-0
-0
-0
-0
-0
-0
-0
-0
-0
-0
-0
-0
-0
-0
-0
-0
-0
-0
-0
-0
-0
-0
-0
-0
29.783
-0
-0
-0
-0
-0
-0
-0
-0
-0
-0
13.916
5.12507
-0
-0
5.98149
-0
-0
-0
-0
4.27514
-0
-0
-0
-0
10.3792
-0
13.5017
-0
-0
-0
-0
-0
-0
-0
1.5739
-0
3.00718
-0
-0
-0
-0
-0
-0
-0
-0
29.8121
-0
21.2415
-0
-0
-0
-0
44.3067
-0
-0
1.79629
-0
19.6362
19.0235
-0
-0
-0
-0
26.0611
-0
-0
-0
-0
1.74899
-0
-0
-0
-0
-0
-0
-0
46.5709
26.0605
-0
-0
-0
-0
8.29561
-0
-0
-0
-0
-0
-0
-0
-0
-0
13.8898
-0
-0
-0
-0
-0
-0
-0
-0
-0
-0
-0
-0
-0
-0
40.3038
-0
-0
-0
-0
-0
0.666335
-0
-0
-0
6.67077
1.61418
-0
-0
9.89422
-0
-0
-0
0.673282
19.4278
-0
-0
-0
-0
-0
-0
-0
-0
9.62475
-0
-0
0.305459
-0
-0
-0
-0
-0
-0
-0
-0
-0
-0
-0
15.5163
-0
-0
-0
-0
-0
-0
-0
-0
-0
6.42877
-0
7.78689
-0
-0
-0
-0
-0
10.8166
-0
-0
-0
-0
27.222
-0
-0
-0
-0
-0
-0
12.8453
-0
4.05191
-0
-0
7.51335
-0
33.4281
-0
-0
-0
-0
-0
-0
-0
16.8619
-0
-0
-0
-0
-0
-0
-0
10.4459
-0
-0
-0
30.5777
10.5929
-0
-0
-0
-0
-0
-0
14.4033
-0
-0
-0
-0
-0
-0
-0
-0
-0
-0
-0
-0
-0
45.9906
-0
-0
-0
-0
-0
-0
-0
-0
-0
-0
-0
-0
46.0206
35.7565
-0
-0
3.05206
-0
22.1752
17.3351
-0
5.25597
15.2662
-0
-0
-0
7.89356
-0
-0
-0
-0
-0
21.0585
-0
-0
-0
-0
-0
-0
12.767
-0
3.36981
-0
-0
-0
-0
-0
-0
-0
23.0137
-0
-0
0.103192
-0
-0
-0
-0
25.9488
-0
1.28348
18.7053
-0
-0
-0
-0
-0
-0
-0
-0
0.290185
-0
-0
-0
-0
-0
-0
-0
52.5238
3.63453
-0
-0
3.06522
-0
-0
-0
-0
-0
-0
-0
-0
-0
-0
-0
-0
-0
-0
-0
-0
-0
-0
-0
23.5123
-0
-0
-0
-0
-0
-0
-0
-0
-0
13.4798
42.1344
-0
-0
24.5549
-0
-0
4.47925
-0
24.7664
32.1459
-0
-0
-0
-0
-0
-0
-0
-0
5.62593
-0
17.0394
-0
-0
1.21551
-0
-0
-0
12.5429
-0
-0
-0
-0
-0
-0
8.46993
-0
-0
-0
-0
-0
-0
-0
-0
-0
-0
-0
-0
-0
-0
-0
-0
-0
-0
-0
-0
-0
-0
-0
14.2823
10.5272
1.45436
-0
-0
-0
-0
-0
-0
3.59074
-0
-0
-0
-0
-0
-0
34.5271
-0
15.9101
-0
-0
-0
-0
-0
-0
-0
30.8594
-0
4.94749
-0
-0
0.204689
0.576923
11.6426
5.78715
-0
-0
-0
20.6198
-0
-0
6.92388
-0
-0
-0
-0
-0
-0
-0
-0
-0
-0
6.58246
16.3751
-0
-0
-0
-0
-0
-0
-0
-0
-0
-0
24.8338
-0
-0
-0
-0
28.3038
-0
-0
-0
-0
4.88254
-0
-0
26.9329
-0
-0
-0
-0
3.22556
18.9606
-0
-0
38.03
-0
-0
-0
2.46961
-0
-0
-0
-0
-0
-0
-0
30.4343
-0
-0
-0
8.72616
-0
-0
-0
-0
27.1389
-0
-0
-0
46.3724
-0
-0
-0
-0
-0
-0
-0
25.5298
-0
-0
-0
-0
-0
-0
-0
-0
-0
-0
-0
-0
37.4151
-0
-0
-0
-0
-0
-0
29.3562
45.4195
-0
-0
-0
-0
-0
-0
37.5409
-0
-0
-0
-0
-0
28.767
-0
-0
-0
-0
-0
-0
-0
2.45473
-0
-0
-0
-0
-0
-0
39.066
-0
-0
-0
37.5907
-0
-0
34.8951
-0
-0
-0
-0
10.4273
-0
-0
52.7487
-0
-0
16.9571
-0
-0
28.2215
-0
-0
-0
9.5335
-0
-0
-0
-0
4.97621
6.03226
-0
-0
17.954
-0
-0
-0
8.92823
-0
7.6439
-0
3.19163
-0
1.42082
-0
-0
-0
-0
-0
-0
-0
-0
-0
-0
-0
-0
-0
17.0012
-0
32.9725
-0
-0
-0
-0
-0
-0
-0
-0
-0
12.8626
-0
-0
-0
13.5496
-0
-0
-0
-0
-0
-0
8.65026
-0
-0
24.5915
-0
9.3034
-0
-0
-0
6.04187
-0
-0
-0
-0
9.58623
19.8476
-0
-0
-0
-0
-0
38.9734
-0
26.0247
-0
-0
-0
2.51308
15.1397
-0
-0
-0
-0
-0
-0
-0
-0
31.5325
-0
-0
-0
9.2002
-0
-0
-0
-0
-0
1.7589
-0
-0
10.7196
-0
-0
-0
-0
-0
-0
-0
-0
36.7583
-0
0.884687
-0
-0
-0
-0
28.959
-0
8.15216
-0
-0
-0
-0
-0
-0
5.17212
-0
14.3906
-0
-0
-0
29.7555
-0
-0
-0
-0
-0
-0
-0
-0
-0
-0
-0
-0
-0
-0
-0
-0
-0
4.97678
-0
-0
0.453198
-0
-0
1.79277
10.3564
-0
-0
2.46957
-0
21.427
-0
-0
-0
-0
-0
0.630968
17.4483
9.95043
-0
-0
-0
-0
-0
-0
-0
-0
4.31071
-0
-0
-0
5.17355
-0
-0
-0
-0
-0
-0
-0
-0
-0
1.6939
26.9946
-0
-0
-0
-0
9.11294
-0
-0
-0
-0
-0
-0
2.04948
3.59998
-0
-0
-0
-0
-0
-0
-0
-0
-0
12.8891
-0
-0
61.7962
-0
-0
-0
-0
-0
-0
-0
9.69754
-0
30.1843
-0
-0
3.46994
-0
-0
-0
-0
-0
-0
-0
-0
14.9843
21.904
-0
-0
-0
7.3394
1.68243
-0
-0
-0
-0
-0
-0
-0
-0
9.80764
-0
-0
-0
-0
-0
-0
-0
-0
7.736
-0
29.9438
-0
-0
-0
-0
31.6548
0.301623
-0
-0
-0
19.213
26.3756
-0
-0
-0
-0
-0
-0
-0
14.5295
3.10125
-0
-0
-0
-0
-0
-0
-0
-0
-0
-0
19.2838
-0
-0
-0
-0
10.7332
-0
-0
-0
-0
-0
1.04514
-0
-0
-0
-0
-0
-0
-0
-0
-0
6.17469
-0
-0
-0
-0
-0
32.7583
22.042
14.5682
-0
-0
-0
-0
-0
-0
-0
56.6913
35.5235
15.5374
-0
-0
-0
-0
21.4912
-0
-0
-0
-0
-0
-0
-0
-0
31.8349
-0
12.0453
-0
-0
-0
-0
-0
-0
-0
9.06791
-0
-0
-0
-0
-0
-0
-0
13.5091
-0
-0
-0
-0
27.8098
-0
-0
-0
-0
15.3926
-0
-0
18.5278
-0
-0
5.92725
-0
-0
-0
-0
0.445403
-0
-0
-0
-0
-0
-0
-0
-0
-0
0.869195
-0
-0
20.0893
-0
-0
-0
-0
-0
9.81875
-0
-0
-0
-0
-0
-0
-0
-0
-0
-0
-0
-0
-0
21.0695
-0
-0
-0
-0
-0
-0
-0
-0
0.709912
-0
-0
5.38155
-0
-0
-0
-0
-0
32.7619
-0
-0
-0
6.56177
-0
24.2353
-0
35.1167
37.0545
-0
44.9544
-0
3.81278
-0
-0
-0
23.0369
-0
52.7515
36.4247
-0
6.34985
22.3895
-0
-0
-0
-0
5.42319
-0
-0
-0
7.11626
-0
-0
25.322
10.2027
-0
-0
-0
-0
7.16048
-0
-0
21.0487
5.2219
-0
1.8553
-0
-0
-0
-0
-0
1.06213
2.2894
-0
-0
35.3305
-0
-0
-0
-0
3.15763
17.1255
-0
8.83948
-0
-0
-0
10.6866
-0
-0
-0
-0
-0
-0
-0
-0
-0
-0
-0
38.7352
10.9715
-0
1.12455
-0
-0
-0
3.96141
-0
-0
-0
-0
-0
-0
-0
-0
14.5036
-0
-0
-0
-0
-0
-0
-0
-0
-0
4.26644
13.4569
-0
19.3552
31.9451
39.4713
-0
4.5649
-0
-0
-0
-0
12.4274
-0
-0
-0
-0
-0
-0
-0
-0
50.421
-0
15.122
13.7847
-0
30.4098
-0
-0
-0
-0
-0
-0
-0
-0
-0
-0
-0
-0
-0
-0
-0
-0
0.660056
-0
-0
-0
-0
0.101854
3.61203
0.847016
-0
-0
-0
14.9772
-0
-0
-0
-0
-0
-0
-0
-0
-0
-0
-0
-0
3.03395
-0
-0
-0
-0
-0
-0
-0
13.6131
-0
-0
-0
-0
-0
58.8697
-0
-0
-0
-0
-0
-0
-0
-0
-0
-0
-0
-0
-0
-0
11.3483
-0
-0
-0
-0
24.0577
-0
-0
-0
-0
-0
-0
-0
-0
-0
-0
28.0204
-0
-0
-0
1.93777
-0
9.53446
-0
2.28285
-0
-0
-0
3.30752
-0
-0
-0
-0
-0
-0
-0
-0
-0
-0
-0
57.6167
24.3857
-0
-0
-0
-0
3.78682
0.499294
-0
-0
-0
-0
66.7591
1.92969
-0
-0
19.5963
-0
-0
-0
-0
-0
-0
-0
-0
-0
-0
-0
-0
39.8308
-0
13.5004
-0
-0
-0
-0
-0
-0
-0
-0
-0
-0
-0
-0
31.2751
-0
-0
-0
-0
-0
-0
-0
-0
-0
-0
-0
14.3128
9.86254
-0
-0
-0
41.4178
-0
-0
-0
-0
42.2329
-0
16.5421
0.695999
-0
-0
33.8552
-0
-0
-0
-0
-0
-0
27.3441
-0
-0
-0
-0
-0
-0
-0
-0
-0
-0
-0
1.81309
4.6084
-0
-0
-0
-0
-0
-0
-0
-0
3.63655
-0
-0
-0
14.3016
-0
-0
-0
-0
-0
1.22179
-0
-0
-0
12.4512
-0
39.843
-0
-0
-0
9.19635
-0
-0
-0
-0
-0
30.0979
-0
7.3936
-0
-0
-0
-0
26.5942
36.4209
18.3179
18.6792
-0
-0
-0
-0
-0
-0
-0
-0
-0
-0
20.0732
-0
-0
-0
-0
-0
-0
-0
36.5729
-0
-0
-0
-0
-0
22.1087
-0
-0
-0
-0
5.88329
-0
10.777
-0
-0
-0
-0
17.7206
17.0108
-0
7.6193
-0
-0
-0
-0
-0
-0
-0
10.1866
39.2184
-0
42.3947
-0
-0
-0
-0
-0
-0
-0
-0
-0
-0
-0
-0
-0
-0
-0
-0
-0
-0
18.6981
-0
-0
-0
-0
2.84427
-0
14.3358
-0
-0
4.33403
-0
-0
-0
-0
-0
-0
-0
-0
-0
-0
17.0955
-0
25.0923
-0
-0
-0
-0
-0
-0
2.1461
-0
-0
-0
-0
-0
-0
-0
-0
-0
26.7848
-0
-0
-0
-0
29.8905
-0
-0
-0
-0
-0
-0
-0
-0
-0
-0
-0
-0
29.2719
-0
-0
-0
-0
-0
0.162563
-0
-0
-0
-0
-0
-0
-0
-0
-0
-0
-0
-0
-0
-0
-0
-0
-0
-0
-0
-0
-0
-0
-0
-0
-0
-0
-0
62.7299
-0
-0
-0
-0
-0
-0
-0
-0
-0
-0
0.341071
-0
7.56188
-0
-0
-0
-0
-0
-0
-0
-0
-0
-0
-0
-0
-0
-0
2.51913
-0
23.0542
6.36691
-0
-0
-0
-0
-0
-0
1.89263
-0
-0
-0
-0
18.8396
-0
25.5524
-0
-0
-0
-0
-0
-0
-0
-0
-0
-0
-0
73.5266
-0
-0
-0
-0
-0
-0
-0
-0
1.39668
47.7961
-0
-0
-0
15.8646
-0
-0
18.9534
-0
-0
15.3963
12.9001
-0
-0
-0
-0
-0
-0
-0
-0
-0
81.2809
-0
3.01178
-0
33.4829
-0
-0
45.5623
15.3304
-0
-0
10.9849
-0
-0
3.87351
-0
0.926019
-0
-0
-0
-0
2.68997
-0
-0
-0
-0
-0
7.89577
-0
-0
2.68493
-0
-0
-0
-0
15.0719
-0
-0
-0
-0
8.06258
-0
30.602
-0
-0
-0
-0
-0
-0
-0
-0
24.4615
-0
-0
38.3359
-0
-0
1.99828
-0
39.4148
-0
-0
-0
2.68895
-0
43.3558
19.3326
-0
31.2938
10.8854
-0
-0
-0
-0
-0
-0
-0
-0
-0
-0
12.6799
33.2049
-0
-0
-0
-0
0.904306
-0
64.6755
-0
37.2841
-0
-0
-0
-0
-0
-0
3.74922
-0
53.8689
-0
-0
23.6641
-0
-0
-0
-0
-0
-0
1.95131
39.7575
-0
-0
-0
51.6366
-0
-0
20.7884
-0
-0
0.325756
7.60766
-0
-0
-0
9.32665
-0
-0
30.1636
1.57098
-0
-0
-0
-0
-0
34.6814
-0
-0
-0
23.2519
-0
-0
8.88671
-0
-0
-0
-0
-0
6.41529
-0
0.924181
-0
23.6221
-0
-0
-0
7.71476
3.30758
-0
-0
-0
-0
-0
-0
-0
-0
-0
-0
-0
-0
20.9036
0.307746
-0
-0
8.17737
-0
-0
-0
-0
3.29183
-0
6.42226
-0
-0
-0
-0
-0
-0
-0
-0
-0
-0
-0
-0
-0
-0
8.40563
1.67021
-0
45.7018
-0
-0
-0
51.279
-0
-0
-0
26.8537
-0
-0
-0
-0
-0
23.339
9.75486
-0
23.5133
-0
8.29761
-0
-0
13.7097
28.5658
-0
-0
24.6551
-0
-0
15.8355
-0
-0
-0
-0
-0
-0
18.8629
-0
-0
-0
-0
-0
-0
-0
-0
2.13266
-0
35.6599
-0
-0
-0
-0
-0
6.68493
6.26694
-0
12.892
-0
-0
-0
-0
-0
-0
-0
45.9205
-0
-0
-0
-0
-0
-0
-0
-0
-0
-0
-0
21.9535
21.6548
-0
19.3797
-0
-0
-0
-0
11.5345
3.5204
-0
-0
-0
21.987
-0
-0
-0
-0
-0
-0
32.1521
-0
-0
-0
-0
-0
-0
-0
-0
-0
-0
42.6048
-0
-0
-0
-0
-0
5.05304
5.86037
-0
5.19331
-0
-0
-0
-0
-0
-0
-0
-0
-0
-0
-0
26.3222
-0
21.8196
0.622947
29.9379
-0
7.17028
-0
-0
-0
-0
45.6602
-0
-0
12.8759
-0
-0
-0
-0
1.24891
-0
-0
-0
-0
-0
-0
-0
-0
-0
-0
-0
-0
-0
-0
-0
-0
-0
12.1908
-0
-0
-0
-0
-0
-0
-0
-0
42.8186
-0
-0
1.2466
-0
-0
-0
2.67544
4.59904
-0
-0
-0
-0
-0
-0
-0
-0
6.49818
-0
18.4902
23.8421
-0
4.30523
-0
-0
7.04758
14.7621
-0
-0
-0
-0
-0
-0
-0
-0
-0
40.8427
13.5244
7.23063
-0
-0
4.73461
-0
-0
13.5647
-0
-0
-0
-0
-0
17.2949
-0
-0
-0
-0
-0
-0
0.932871
-0
-0
-0
-0
-0
-0
-0
-0
-0
-0
-0
-0
-0
-0
-0
-0
-0
-0
-0
11.8848
-0
-0
-0
8.34354
-0
31.5936
-0
15.294
-0
-0
-0
-0
-0
-0
-0
27.963
-0
-0
-0
-0
-0
-0
-0
-0
-0
-0
-0
-0
-0
33.9181
-0
14.7869
-0
-0
-0
-0
-0
-0
-0
7.58448
-0
-0
-0
-0
-0
-0
-0
-0
-0
-0
-0
-0
-0
0.607993
-0
5.90039
-0
-0
-0
-0
-0
-0
-0
-0
-0
-0
-0
10.161
-0
-0
19.9351
9.67902
15.2455
-0
-0
-0
-0
-0
-0
33.3699
30.7017
-0
-0
-0
-0
-0
-0
-0
-0
-0
-0
-0
-0
-0
-0
-0
16.6464
34.3807
1.09284
-0
-0
-0
-0
-0
-0
-0
-0
0.484652
-0
-0
-0
-0
-0
-0
-0
3.70102
-0
-0
16.4631
-0
-0
-0
-0
-0
-0
-0
-0
-0
-0
-0
22.3175
-0
25.6287
-0
-0
-0
-0
-0
-0
-0
-0
-0
-0
-0
-0
23.4314
-0
-0
-0
-0
-0
17.6206
8.1949
-0
-0
-0
13.5996
-0
-0
6.17886
-0
-0
6.46124
-0
15.6477
60.8202
-0
4.4256
-0
-0
-0
-0
-0
17.6685
-0
-0
30.8068
11.0017
-0
-0
-0
-0
-0
-0
-0
3.87664
-0
-0
-0
-0
-0
-0
-0
-0
-0
11.1085
-0
-0
28.0725
-0
-0
-0
-0
-0
-0
-0
-0
-0
-0
-0
-0
-0
2.50636
-0
-0
-0
-0
-0
-0
-0
-0
-0
-0
-0
-0
-0
-0
-0
17.5831
-0
-0
-0
-0
8.97481
32.1917
22.7274
-0
-0
14.7857
-0
-0
-0
0.522857
-0
4.88625
-0
22.1772
-0
-0
-0
-0
-0
0.416376
-0
-0
-0
29.4587
-0
7.15658
-0
-0
16.0355
-0
-0
-0
-0
-0
-0
-0
-0
-0
-0
-0
-0
-0
-0
-0
-0
-0
-0
-0
4.61305
-0
-0
-0
-0
-0
10.3286
-0
18.2259
23.3054
-0
-0
-0
31.9328
-0
-0
20.98
-0
-0
-0
-0
40.711
-0
17.4531
-0
-0
-0
4.66137
-0
-0
-0
-0
14.3248
-0
-0
-0
-0
-0
-0
-0
-0
-0
1.961
-0
-0
-0
-0
29.2968
-0
-0
-0
-0
9.48678
-0
-0
2.77985
-0
-0
-0
-0
-0
-0
-0
-0
-0
7.14517
15.3202
-0
10.1768
-0
-0
26.2075
-0
-0
-0
-0
-0
-0
-0
-0
2.04057
2.00985
1.78073
20.0243
-0
-0
25.8386
-0
-0
-0
-0
-0
-0
-0
-0
-0
-0
-0
-0
-0
-0
-0
37.1323
24.9041
-0
-0
-0
11.0272
-0
-0
0.581066
-0
-0
-0
32.521
-0
-0
6.69074
-0
-0
-0
29.9278
-0
-0
-0
26.0726
-0
-0
2.61061
17.2092
12.7727
-0
-0
-0
-0
0.294747
-0
-0
-0
-0
-0
-0
-0
-0
32.8249
-0
22.6507
3.46893
-0
-0
-0
-0
-0
-0
-0
-0
-0
-0
-0
-0
-0
-0
11.7284
-0
-0
31.8742
-0
-0
-0
-0
-0
-0
-0
-0
-0
-0
-0
-0
-0
-0
-0
10.5031
-0
-0
-0
10.0958
-0
-0
18.3336
14.5531
-0
-0
-0
-0
-0
-0
-0
4.40618
-0
-0
7.38734
-0
-0
-0
-0
-0
-0
11.2263
-0
-0
-0
-0
10.5586
27.3754
-0
-0
-0
4.40173
11.3181
-0
18.2445
-0
1.43693
-0
25.6486
41.2971
-0
-0
0.574376
-0
-0
34.9713
-0
8.2597
-0
1.13412
-0
-0
-0
20.6017
-0
-0
-0
-0
-0
28.5868
-0
-0
-0
36.0228
-0
-0
-0
-0
-0
-0
14.8406
20.5122
-0
-0
-0
-0
-0
-0
-0
-0
-0
-0
-0
-0
22.6501
12.795
-0
-0
-0
-0
-0
-0
-0
19.085
-0
-0
10.7098
-0
-0
-0
4.09731
-0
-0
18.7304
-0
6.76968
1.00196
-0
38.9097
33.8166
-0
-0
-0
-0
-0
-0
-0
-0
14.7468
-0
-0
-0
-0
-0
-0
-0
-0
-0
-0
-0
-0
-0
-0
-0
-0
-0
-0
-0
-0
-0
-0
38.9899
4.30312
-0
-0
-0
-0
-0
-0
-0
-0
-0
53.3687
-0
-0
20.6456
-0
-0
36.1282
-0
-0
-0
-0
7.52318
-0
36.0579
-0
37.1677
-0
-0
-0
4.89764
-0
-0
-0
3.19182
-0
-0
-0
-0
-0
-0
-0
-0
-0
-0
-0
12.3743
-0
-0
-0
-0
21.6716
-0
-0
-0
-0
2.58344
-0
-0
-0
-0
-0
-0
-0
-0
-0
15.3927
10.7377
-0
-0
-0
-0
-0
-0
-0
-0
11.963
-0
-0
-0
-0
-0
-0
-0
-0
-0
13.8512
-0
7.96589
-0
-0
-0
-0
-0
-0
-0
-0
-0
-0
7.38291
-0
-0
6.29455
17.6858
3.88015
8.27928
-0
-0
-0
29.4294
-0
-0
-0
-0
-0
-0
-0
-0
-0
-0
-0
-0
-0
30.465
-0
-0
5.89342
24.7104
-0
-0
-0
-0
-0
-0
-0
1.1474
-0
-0
-0
-0
-0
-0
-0
-0
26.3554
-0
-0
-0
-0
-0
-0
-0
11.1191
-0
-0
-0
3.49214
3.52734
8.09352
-0
8.82832
-0
16.6682
-0
-0
-0
-0
-0
-0
-0
-0
-0
-0
-0
-0
-0
-0
17.545
9.45791
-0
-0
-0
23.3842
3.66742
-0
-0
-0
-0
-0
2.72348
7.44946
-0
-0
-0
-0
-0
-0
-0
8.31844
-0
-0
-0
-0
-0
-0
14.007
-0
-0
-0
-0
-0
-0
-0
-0
-0
-0
-0
8.97464
-0
15.3406
26.2388
-0
50.6418
-0
-0
-0
-0
-0
-0
-0
-0
-0
-0
-0
-0
-0
-0
23.4731
-0
14.9756
27.6478
-0
47.0768
24.2123
-0
-0
13.055
-0
-0
1.54956
-0
-0
0.407383
-0
-0
-0
-0
-0
8.81266
-0
-0
-0
7.55488
-0
-0
-0
-0
39.2528
-0
-0
-0
1.35243
-0
-0
28.4442
-0
-0
-0
-0
13.7219
-0
-0
-0
-0
-0
-0
33.8434
-0
-0
22.2403
-0
8.26454
-0
-0
-0
36.1239
-0
-0
6.91864
-0
-0
-0
-0
-0
-0
-0
-0
-0
-0
-0
20.5335
-0
46.5895
-0
-0
2.16078
-0
-0
-0
-0
-0
-0
-0
-0
23.5793
-0
-0
1.79034
-0
-0
-0
-0
-0
-0
-0
-0
-0
-0
-0
-0
-0
3.4856
-0
18.8936
-0
-0
-0
-0
-0
-0
-0
-0
-0
2.98293
-0
-0
1.99762
-0
-0
8.33551
-0
-0
3.87249
-0
-0
-0
-0
-0
-0
-0
-0
-0
-0
-0
12.088
-0
-0
-0
-0
2.02693
-0
-0
9.41667
-0
22.5935
-0
-0
-0
-0
-0
22.3634
-0
-0
20.4792
-0
-0
25.6429
-0
14.0297
-0
10.4679
-0
-0
31.3669
-0
17.2921
-0
-0
-0
-0
-0
-0
-0
23.8261
5.59537
-0
-0
-0
-0
-0
-0
-0
-0
-0
7.41851
-0
-0
4.23234
9.15686
-0
-0
-0
-0
-0
-0
-0
-0
-0
1.55875
-0
-0
58.1444
-0
-0
-0
-0
-0
13.7684
-0
-0
-0
-0
15.0866
59.0153
-0
-0
-0
-0
-0
17.4914
-0
-0
-0
31.5031
-0
-0
-0
-0
-0
-0
20.614
2.68607
-0
-0
-0
-0
-0
22.0918
1.2061
17.6818
-0
-0
-0
-0
-0
39.3989
-0
-0
-0
-0
-0
-0
-0
20.6168
-0
-0
2.33494
3.47703
-0
-0
-0
14.0528
-0
7.23637
-0
-0
-0
-0
-0
-0
0.0695052
-0
-0
-0
-0
-0
-0
-0
-0
-0
34.1022
-0
-0
-0
-0
-0
13.1813
-0
-0
-0
-0
-0
-0
-0
-0
-0
44.2189
-0
-0
-0
-0
-0
-0
-0
-0
-0
-0
-0
-0
-0
-0
18.2385
-0
-0
-0
-0
-0
23.4172
-0
29.1137
21.5245
-0
21.0603
-0
-0
-0
-0
-0
-0
-0
-0
30.8104
-0
-0
-0
-0
-0
-0
-0
-0
-0
-0
7.02351
-0
-0
20.0404
-0
-0
-0
-0
-0
-0
31.6902
-0
-0
-0
6.26918
-0
-0
-0
-0
-0
9.35755
-0
-0
-0
-0
-0
-0
-0
-0
12.5354
-0
-0
-0
-0
14.1305
-0
32.501
-0
-0
-0
-0
7.84589
-0
-0
-0
2.54615
-0
-0
-0
-0
-0
3.82724
35.5825
-0
-0
54.1304
-0
-0
-0
18.0212
21.4284
-0
-0
-0
-0
23.1888
-0
-0
-0
4.93256
-0
-0
-0
-0
-0
13.1547
-0
-0
-0
-0
8.6889
-0
-0
-0
-0
-0
-0
-0
-0
-0
-0
-0
-0
-0
20.2732
-0
-0
19.7505
-0
-0
-0
7.52198
-0
-0
-0
-0
-0
9.52744
18.061
-0
-0
14.8351
17.3488
-0
-0
-0
-0
-0
-0
-0
-0
-0
-0
35.2311
-0
-0
28.9066
8.24185
-0
-0
-0
-0
-0
-0
-0
-0
-0
-0
-0
-0
-0
-0
-0
-0
-0
6.19955
-0
-0
18.7499
-0
-0
0.428753
12.5247
-0
-0
-0
-0
-0
-0
-0
50.0235
-0
40.0517
-0
-0
-0
12.6664
-0
-0
-0
-0
-0
-0
46.9349
20.7558
-0
-0
-0
-0
-0
7.22667
-0
-0
-0
-0
-0
-0
-0
11.5965
-0
-0
43.0182
-0
-0
-0
-0
-0
-0
-0
2.79385
-0
-0
0.0737678
-0
-0
-0
-0
-0
12.6612
-0
-0
-0
9.60039
-0
-0
-0
-0
-0
-0
-0
-0
-0
-0
-0
-0
-0
39.2975
-0
-0
-0
-0
16.6697
0.0298845
-0
-0
13.122
-0
28.7923
-0
29.3384
-0
18.4716
-0
34.921
-0
-0
-0
-0
-0
-0
-0
40.7073
-0
-0
20.4064
-0
-0
-0
21.9295
-0
15.3131
-0
-0
34.2073
-0
-0
-0
-0
-0
33.1641
17.8483
-0
-0
-0
-0
3.06239
-0
12.113
-0
34.2751
41.7821
-0
-0
10.1422
-0
-0
8.99474
-0
-0
-0
-0
-0
16.4002
9.12705
-0
-0
-0
-0
-0
-0
-0
-0
0.311172
-0
-0
-0
-0
8.93654
6.26045
19.4769
-0
-0
-0
-0
-0
-0
-0
-0
-0
-0
-0
13.9501
-0
-0
5.35508
24.4785
-0
-0
-0
-0
-0
0.551616
-0
7.219
-0
-0
-0
54.4719
-0
-0
-0
-0
-0
-0
-0
33.1173
-0
29.933
-0
2.31196
9.47994
-0
-0
7.65918
12.2003
-0
-0
-0
-0
-0
-0
-0
17.2973
-0
-0
8.89781
-0
4.48806
-0
-0
-0
24.9945
-0
-0
17.1832
-0
-0
-0
-0
-0
-0
-0
-0
-0
47.1825
-0
-0
-0
-0
-0
-0
-0
-0
-0
-0
-0
-0
-0
29.9457
20.7306
19.4513
-0
-0
-0
-0
3.79805
-0
-0
-0
18.3199
-0
-0
-0
-0
6.29061
10.1295
-0
-0
-0
-0
36.3987
-0
-0
-0
-0
-0
-0
-0
-0
-0
-0
-0
24.2329
-0
-0
-0
-0
-0
-0
-0
13.4988
-0
-0
-0
-0
63.6911
-0
0.923012
-0
19.2083
-0
-0
29.5968
25.974
-0
-0
42.2773
-0
-0
-0
-0
8.02015
-0
24.2482
68.8631
-0
-0
3.7856
24.7912
5.50979
-0
-0
-0
-0
-0
-0
-0
-0
-0
3.94206
26.0759
-0
-0
-0
-0
-0
-0
27.1072
12.5935
-0
-0
-0
21.4535
-0
2.78969
7.49068
-0
-0
-0
34.2325
-0
-0
-0
8.06883
-0
-0
-0
-0
-0
-0
-0
-0
61.3385
-0
-0
-0
-0
-0
-0
-0
16.6304
6.80347
-0
-0
-0
7.57434
-0
-0
-0
60.9894
-0
-0
0.0112781
-0
-0
-0
-0
-0
