3.6105
-0
-0
-0
-0
2.64438
-0
-0
4.75253
8.75977
1.49979
-0
-0
-0
-0
5.70509
-0
-0
7.56657
-0
-0
-0
-0
-0
-0
-0
-0
-0
-0
-0
-0
-0
-0
-0
6.43978
-0
-0
-0
-0
-0
-0
-0
-0
14.4459
-0
3.29278
-0
-0
-0
-0
-0
-0
-0
-0
-0
-0
27.5738
2.09481
34.3021
6.44871
-0
-0
0.315025
-0
19.0543
-0
10.8157
-0
-0
1.15194
-0
-0
6.81428
-0
-0
7.53011
-0
14.3358
-0
-0
-0
112.844
-0
20.8066
5.07614
-0
-0
13.833
-0
-0
2.22932
0.220327
-0
-0
-0
-0
9.13886
-0
-0
-0
-0
-0
-0
16.0096
-0
-0
4.82546
-0
-0
-0
-0
-0
0.0545583
-0
-0
2.24973
-0
-0
35.9258
6.17524
17.0277
-0
11.3674
-0
15.7514
-0
-0
-0
-0
-0
7.26701
16.5088
1.35556
-0
-0
-0
-0
-0
-0
-0
18.3207
-0
-0
-0
-0
-0
-0
-0
-0
-0
-0
-0
-0
31.7757
-0
-0
29.6821
-0
-0
2.70149
-0
-0
-0
-0
2.16014
-0
-0
-0
-0
79.3411
13.4469
2.64905
-0
-0
-0
-0
-0
-0
-0
-0
-0
-0
-0
-0
-0
5.55976
-0
-0
74.9835
-0
-0
41.2148
5.29414
-0
-0
-0
-0
-0
-0
-0
-0
-0
8.40729
-0
-0
-0
-0
-0
-0
-0
-0
-0
38.8838
-0
-0
-0
4.94814
2.62091
-0
-0
-0
-0
-0
-0
-0
-0
-0
-0
-0
-0
-0
-0
-0
-0
-0
-0
-0
-0
-0
-0
-0
-0
-0
-0
-0
-0
7.22732
-0
4.33001
-0
-0
-0
-0
-0
-0
-0
-0
-0
21.1953
-0
1.73835
-0
-0
-0
-0
-0
-0
-0
-0
-0
-0
20.4121
5.20768
19.293
-0
-0
-0
-0
-0
-0
-0
-0
-0
-0
-0
-0
-0
5.99751
-0
-0
0.342351
-0
-0
-0
34.1425
-0
12.3963
-0
-0
18.8424
-0
-0
6.58483
-0
25.1435
26.0643
-0
-0
46.5633
-0
15.248
-0
-0
-0
-0
2.25273
-0
-0
-0
-0
-0
-0
-0
34.0026
45.0037
-0
-0
-0
-0
-0
-0
-0
-0
-0
-0
-0
-0
-0
-0
-0
-0
-0
-0
-0
-0
-0
12.0758
-0
8.7322
-0
-0
-0
-0
-0
29.3543
-0
-0
-0
-0
-0
11.7706
-0
-0
26.202
9.77852
1.8912
-0
-0
11.639
-0
-0
-0
0.720025
36.1078
-0
-0
-0
-0
-0
-0
-0
-0
-0
-0
-0
19.3257
-0
-0
-0
-0
-0
6.55433
-0
-0
-0
-0
-0
-0
-0
-0
-0
-0
-0
-0
-0
-0
-0
-0
-0
-0
-0
-0
-0
-0
-0
7.75167
-0
-0
-0
-0
20.7918
-0
-0
-0
-0
-0
-0
11.1522
8.1628
5.12289
-0
-0
-0
-0
39.1149
-0
-0
-0
-0
-0
-0
-0
29.8472
-0
-0
-0
-0
-0
-0
-0
5.35692
-0
-0
-0
45.5873
9.91727
-0
12.663
-0
-0
-0
-0
18.739
-0
16.1565
-0
-0
-0
3.13856
-0
-0
-0
-0
-0
-0
3.5076
34.6441
-0
-0
-0
-0
-0
-0
13.6186
-0
-0
-0
10.2938
-0
17.1123
3.72713
-0
-0
-0
-0
42.5265
33.5919
-0
11.313
35.2515
-0
-0
-0
1.16039
-0
-0
-0
-0
-0
6.15967
-0
-0
-0
-0
-0
-0
-0
-0
-0
-0
5.26832
-0
-0
1.6972
-0
-0
3.85368
2.51184
-0
0.516918
-0
-0
-0
-0
23.4204
-0
20.9714
2.12314
-0
-0
-0
-0
-0
-0
-0
-0
-0
-0
-0
-0
-0
-0
-0
-0
70.5508
-0
-0
-0
16.4021
6.2588
-0
-0
19.1127
-0
-0
-0
-0
-0
-0
4.78821
-0
19.9239
-0
-0
-0
-0
-0
-0
25.2068
-0
-0
-0
-0
-0
-0
14.4952
-0
-0
26.18
42.3796
-0
-0
-0
-0
-0
-0
-0
36.9216
3.88332
-0
-0
-0
-0
-0
-0
-0
-0
15.2563
-0
-0
-0
0.811494
-0
-0
-0
-0
15.1729
-0
-0
-0
-0
-0
-0
-0
-0
-0
-0
-0
-0
-0
-0
-0
-0
-0
-0
-0
-0
-0
-0
-0
-0
-0
-0
-0
-0
-0
-0
-0
20.5405
-0
-0
-0
-0
-0
-0
-0
11.996
-0
-0
-0
3.93758
12.5899
16.9624
30.2542
-0
-0
-0
-0
-0
-0
-0
-0
-0
-0
-0
10.8462
-0
9.08853
0.204011
-0
-0
-0
-0
-0
-0
-0
-0
-0
0.0661525
-0
-0
-0
-0
-0
-0
-0
-0
-0
-0
44.5581
0.353723
-0
-0
-0
-0
-0
-0
-0
-0
-0
-0
2.71863
-0
-0
-0
-0
6.89071
-0
-0
3.46043
-0
4.96816
-0
-0
40.6387
-0
-0
-0
-0
13.2437
3.59239
-0
-0
24.6512
-0
-0
-0
1.21335
-0
-0
-0
-0
-0
-0
-0
59.588
-0
-0
-0
12.9075
-0
-0
-0
-0
25.5061
-0
-0
9.45204
62.3722
-0
-0
-0
-0
-0
9.40072
21.8318
30.9165
-0
-0
-0
-0
-0
-0
-0
-0
-0
-0
-0
-0
45.4137
-0
-0
-0
-0
-0
-0
65.0003
36.4519
-0
-0
-0
-0
-0
-0
21.23
-0
-0
-0
14.1308
-0
17.1395
-0
2.5808
-0
-0
3.65112
-0
-0
9.69035
-0
-0
-0
-0
-0
-0
35.3265
-0
-0
-0
41.487
-0
-0
31.8845
-0
-0
-0
-0
9.02338
-0
-0
39.8085
-0
-0
13.3677
-0
-0
-0
10.9924
-0
-0
-0
-0
-0
-0
-0
26.9048
5.27075
-0
4.50181
7.43128
-0
-0
-0
-0
-0
2.13522
-0
5.41764
-0
-0
-0
-0
-0
-0
3.57695
-0
-0
-0
-0
-0
-0
-0
-0
25.6762
-0
43.6617
-0
-0
-0
-0
-0
-0
-0
-0
-0
-0
14.8118
-0
-0
20.5916
-0
-0
-0
-0
-0
-0
25.3957
-0
-0
10.6058
-0
6.93909
-0
-0
-0
10.2288
4.02765
-0
-0
-0
25.3151
33.8267
-0
-0
-0
-0
-0
26.5152
-0
5.42494
-0
-0
-0
-0
20.8535
-0
-0
-0
-0
-0
-0
-0
-0
37.4086
-0
15.4863
-0
-0
-0
-0
21.6279
-0
-0
-0
-0
-0
14.528
8.5631
-0
-0
-0
-0
-0
-0
38.9549
29.3729
-0
0.773169
-0
-0
-0
-0
-0
10.3986
18.7585
-0
-0
-0
-0
-0
-0
4.62313
-0
49.9887
-0
-0
-0
17.1375
-0
-0
-0
-0
-0
-0
9.4102
-0
-0
-0
-0
-0
-0
-0
-0
-0
-0
-0
-0
-0
5.88729
10.3984
-0
2.92057
-0
-0
-0
20.2346
-0
24.6278
-0
-0
-0
-0
-0
-0
29.0554
20.6029
-0
-0
-0
-0
-0
-0
10.5652
-0
1.54679
-0
-0
-0
-0
-0
-0
-0
-0
-0
-0
-0
-0
-0
4.39797
3.19785
-0
-0
-0
-0
15.6213
-0
-0
-0
-0
-0
9.74316
-0
7.91072
-0
-0
-0
-0
-0
-0
-0
-0
-0
32.2511
-0
-0
64.9938
-0
-0
-0
-0
-0
-0
-0
28.3012
-0
5.65553
-0
-0
12.0063
-0
-0
-0
-0
-0
-0
-0
-0
26.2511
10.3144
-0
14.4557
-0
-0
-0
-0
6.36367
-0
-0
-0
-0
-0
-0
14.0756
-0
-0
-0
-0
-0
-0
-0
-0
6.27249
-0
17.7994
-0
-0
-0
1.28765
21.6308
-0
-0
-0
-0
-0
34.1918
-0
-0
-0
-0
-0
-0
-0
3.37795
4.32438
-0
-0
-0
-0
-0
-0
-0
-0
-0
-0
32.8012
13.6714
-0
-0
-0
14.8322
-0
-0
-0
-0
-0
7.69869
-0
-0
48.2693
5.03607
-0
-0
-0
-0
-0
15.2136
-0
-0
-0
-0
-0
-0
28.4234
-0
-0
-0
-0
-0
-0
-0
-0
55.7614
56.2218
19.1645
-0
-0
-0
-0
-0
-0
-0
-0
-0
-0
-0
-0
-0
11.5934
-0
16.6556
-0
-0
-0
-0
-0
20.9639
-0
-0
-0
-0
-0
-0
-0
-0
-0
-0
-0
-0
-0
-0
8.41563
-0
-0
-0
-0
11.6086
-0
-0
14.0523
15.9222
-0
30.7477
-0
-0
-0
9.24199
-0
-0
-0
-0
-0
-0
-0
2.63696
-0
-0
-0
-0
-0
32.7701
-0
-0
-0
-0
-0
13.3243
-0
-0
-0
-0
-0
-0
4.38666
-0
-0
-0
-0
-0
-0
-0
12.9668
-0
-0
-0
-0
-0
-0
-0
8.91601
-0
-0
5.48139
-0
-0
-0
-0
-0
42.1266
-0
-0
-0
3.47321
-0
14.1189
-0
19.8645
23.06
-0
48.0199
-0
20.5396
-0
-0
-0
12.6273
-0
33.6701
48.899
-0
4.95684
14.5943
10.2588
-0
-0
-0
-0
3.51501
-0
-0
-0
-0
-0
7.70295
11.4896
15.4487
-0
-0
-0
12.7583
-0
-0
35.5602
8.48721
-0
-0
-0
-0
-0
-0
-0
-0
1.17824
-0
-0
-0
-0
-0
25.328
-0
-0
24.8294
-0
23.2454
-0
-0
-0
-0
-0
-0
-0
-0
-0
-0
-0
-0
-0
-0
-0
-0
11.497
-0
-0
-0
-0
-0
-0
-0
-0
-0
-0
-0
-0
-0
-0
13.4449
-0
-0
-0
-0
-0
-0
-0
3.34288
-0
-0
-0
-0
-0
-0
47.1066
-0
-0
-0
-0
-0
8.24849
6.86606
-0
-0
-0
-0
-0
0.729953
-0
-0
34.4425
-0
19.0173
-0
-0
20.0893
-0
-0
-0
-0
-0
-0
9.08547
-0
-0
-0
-0
-0
-0
-0
15.1001
-0
1.05921
-0
-0
-0
-0
0.509507
-0
6.20462
-0
-0
-0
-0
-0
-0
-0
-0
-0
-0
-0
-0
-0
-0
-0
-0
-0
-0
-0
-0
-0
-0
-0
-0
16.8473
-0
-0
-0
-0
-0
48.0017
-0
-0
-0
-0
-0
-0
-0
-0
-0
-0
-0
-0
-0
-0
35.9423
-0
-0
2.95857
36.5359
28.9609
-0
-0
1.5022
-0
-0
-0
-0
-0
16.5303
-0
23.4964
-0
-0
-0
2.7506
-0
-0
-0
-0
-0
-0
-0
-0
-0
-0
-0
-0
-0
-0
-0
-0
-0
-0
-0
68.2008
31.4755
-0
-0
-0
-0
9.55354
0.342893
-0
-0
-0
-0
39.9777
-0
-0
10.7916
24.724
-0
-0
-0
0.577222
10.9807
-0
-0
-0
-0
-0
-0
-0
-0
-0
-0
-0
-0
-0
-0
-0
-0
-0
-0
-0
-0
-0
-0
0.473492
-0
-0
-0
-0
-0
-0
10.4775
-0
22.4225
-0
-0
-0
0.71931
-0
-0
-0
31.7798
-0
-0
-0
-0
21.5155
-0
22.2258
-0
-0
-0
13.779
-0
31.0902
-0
-0
-0
-0
46.792
-0
-0
-0
-0
-0
-0
-0
-0
-0
0.00954223
-0
4.16966
-0
-0
-0
-0
-0
-0
-0
-0
3.95179
34.3715
-0
7.13226
-0
-0
-0
-0
-0
-0
-0
-0
-0
-0
1.76294
-0
-0
39.5652
-0
-0
27.6013
9.45629
-0
-0
-0
-0
-0
22.085
-0
-0
-0
-0
-0
-0
7.08882
-0
23.9661
6.3989
15.7966
-0
2.31585
-0
-0
-0
4.84899
-0
-0
-0
-0
-0
-0
-0
-0
-0
-0
-0
11.4397
-0
-0
-0
-0
-0
39.5033
-0
-0
-0
-0
3.9961
-0
-0
-0
-0
-0
3.75754
-0
21.0136
-0
18.6079
-0
-0
-0
-0
-0
-0
-0
0.206458
44.5704
-0
30.5257
-0
-0
-0
-0
-0
-0
-0
-0
-0
-0
-0
-0
-0
-0
-0
-0
-0
-0
-0
-0
-0
-0
-0
22.4297
-0
24.007
-0
-0
36.6174
-0
-0
-0
-0
-0
-0
-0
-0
-0
10.4066
16.2709
-0
18.7164
-0
-0
-0
-0
-0
0.00348687
-0
-0
-0
-0
-0
-0
-0
-0
-0
-0
4.43337
-0
-0
-0
-0
34.7443
-0
-0
-0
-0
-0
-0
-0
-0
-0
10.8511
-0
-0
46.8999
8.31229
-0
-0
-0
-0
-0
-0
-0
-0
-0
-0
-0
-0
-0
-0
-0
-0
-0
-0
-0
-0
-0
-0
-0
-0
-0
-0
-0
-0
-0
0.979419
-0
-0
56.443
-0
-0
-0
-0
-0
-0
-0
1.69644
-0
-0
-0
-0
-0
-0
-0
-0
-0
-0
-0
-0
-0
-0
-0
-0
-0
-0
-0
-0
-0
0.958607
15.831
-0
-0
-0
-0
-0
-0
-0
-0
-0
-0
-0
44.2811
-0
27.1102
-0
-0
-0
0.525839
-0
2.45761
-0
-0
-0
-0
-0
67.9953
-0
-0
-0
-0
-0
-0
-0
-0
34.5596
37.3364
-0
-0
21.2263
8.41891
-0
-0
20.2785
-0
-0
14.5837
-0
-0
-0
-0
-0
-0
-0
-0
-0
-0
60.81
-0
4.41824
-0
34.4289
-0
-0
45.7228
23.1545
-0
-0
6.45165
-0
-0
11.0286
-0
0.28376
-0
-0
-0
-0
-0
-0
-0
-0
-0
-0
-0
-0
-0
2.25579
-0
-0
-0
-0
-0
-0
-0
-0
-0
19.7416
-0
15.9127
-0
-0
-0
7.8244
-0
-0
-0
-0
33.0853
-0
-0
44.4754
-0
-0
-0
-0
8.17539
-0
-0
17.6253
-0
-0
37.8282
15.0808
-0
33.0676
33.2145
-0
-0
-0
-0
-0
-0
-0
-0
-0
0.12036
18.7792
9.86938
-0
-0
-0
-0
0.529192
-0
73.2395
-0
-0
-0
-0
-0
-0
-0
-0
8.85581
5.18316
48.6109
-0
-0
16.0312
-0
-0
-0
-0
5.30984
-0
-0
33.7651
-0
18.5701
-0
61.7075
-0
-0
-0
-0
-0
1.27381
9.98337
-0
-0
-0
11.4319
-0
-0
59.4868
-0
-0
-0
-0
-0
-0
17.9164
-0
-0
-0
-0
-0
-0
-0
-0
-0
-0
-0
-0
-0
-0
1.10638
-0
36.8543
-0
-0
-0
19.2997
-0
-0
-0
-0
-0
-0
-0
-0
-0
-0
-0
-0
-0
-0
-0
-0
-0
4.70194
-0
-0
1.41782
-0
34.2525
-0
8.84994
-0
1.85678
-0
-0
-0
-0
-0
-0
-0
-0
-0
-0
-0
-0
-0
40.5734
20.5804
39.5482
-0
-0
-0
58.7943
-0
-0
-0
30.0068
-0
-0
-0
-0
24.5944
-0
-0
11.3195
-0
-0
-0
-0
-0
44.5866
70.0692
-0
2.2809
29.9459
-0
15.5346
-0
-0
-0
-0
-0
-0
-0
-0
0.320951
-0
-0
-0
-0
-0
-0
-0
-0
-0
26.2979
10.4641
-0
-0
-0
-0
6.29481
38.5047
-0
67.7138
-0
-0
-0
-0
-0
-0
12.4673
25.9572
-0
0.629357
-0
-0
-0
-0
-0
-0
-0
-0
-0
36.4414
17.7055
-0
23.6383
-0
-0
-0
-0
-0
4.40458
-0
-0
-0
18.1323
-0
-0
-0
-0
-0
-0
72.689
-0
-0
-0
-0
-0
-0
-0
-0
-0
-0
5.88908
-0
-0
-0
-0
-0
-0
11.7834
-0
0.654869
-0
-0
-0
-0
-0
-0
-0
3.3593
-0
-0
-0
62.2861
-0
41.0022
21.9152
52.2477
-0
8.58488
-0
-0
-0
-0
36.4632
6.12351
-0
22.9586
-0
-0
-0
-0
-0
-0
-0
-0
-0
-0
-0
-0
-0
-0
-0
-0
2.66589
-0
-0
-0
-0
-0
-0
-0
-0
-0
-0
-0
-0
-0
-0
74.5549
-0
-0
3.13085
-0
-0
-0
4.21506
4.6823
-0
-0
-0
-0
-0
-0
-0
-0
12.3085
-0
20.4382
8.43966
-0
14.7507
-0
-0
28.8605
-0
-0
-0
-0
-0
-0
-0
-0
-0
-0
66.4432
-0
14.5934
-0
-0
-0
-0
-0
2.92095
-0
-0
-0
-0
-0
9.59023
-0
-0
-0
-0
-0
-0
-0
-0
-0
-0
-0
-0
1.92734
-0
-0
-0
-0
-0
-0
-0
-0
-0
-0
-0
18.8216
-0
26.6909
-0
-0
4.07706
-0
-0
20.2299
-0
5.73053
-0
2.06447
-0
-0
-0
-0
10.0467
14.8289
-0
-0
-0
-0
25.6084
-0
-0
-0
-0
-0
-0
24.3996
-0
39.8941
1.15374
-0
-0
6.04577
-0
-0
-0
-0
-0
8.24739
-0
-0
-0
-0
-0
-0
-0
-0
-0
-0
-0
-0
-0
17.325
-0
3.37645
-0
-0
-0
-0
-0
-0
-0
-0
-0
-0
-0
16.5128
-0
7.98061
17.6527
4.37385
38.6277
-0
-0
-0
-0
-0
-0
34.7528
19.3796
-0
-0
-0
-0
-0
-0
-0
-0
-0
-0
-0
-0
-0
-0
-0
31.6942
71.2968
27.6322
-0
-0
-0
-0
-0
-0
-0
-0
-0
-0
-0
-0
-0
-0
-0
-0
4.56515
-0
-0
9.9054
-0
-0
-0
-0
-0
-0
-0
-0
-0
-0
-0
-0
-0
25.5823
-0
-0
-0
-0
-0
20.1448
-0
-0
-0
-0
-0
-0
22.8511
-0
-0
-0
-0
-0
-0
9.41519
-0
-0
-0
15.8842
-0
-0
-0
-0
-0
4.48484
-0
32.0614
50.4112
-0
-0
-0
-0
11.3189
-0
-0
-0
-0
-0
34.6319
12.4498
-0
-0
-0
-0
13.939
-0
-0
12.743
-0
-0
-0
-0
-0
-0
-0
-0
1.41947
-0
-0
-0
25.9222
-0
-0
-0
-0
-0
-0
-0
-0
-0
-0
-0
-0
-0
23.2841
-0
-0
-0
-0
-0
-0
-0
-0
-0
-0
-0
-0
-0
-0
-0
42.8599
-0
-0
-0
-0
21.5667
36.0425
-0
-0
5.7993
-0
-0
-0
-0
-0
-0
4.48443
-0
-0
-0
-0
0.168232
-0
-0
11.4712
-0
-0
-0
22.0105
-0
-0
-0
-0
-0
-0
-0
-0
-0
-0
-0
-0
-0
-0
-0
-0
-0
-0
-0
-0
-0
-0
-0
-0
9.29922
-0
-0
-0
-0
-0
29.3732
-0
26.6001
19.2258
-0
-0
-0
28.2635
-0
-0
29.2976
-0
-0
4.89466
-0
14.6922
-0
31.6368
-0
-0
-0
-0
-0
-0
-0
-0
46.5982
-0
-0
-0
-0
9.98492
-0
-0
-0
-0
22.1929
-0
-0
-0
-0
-0
-0
-0
-0
-0
40.6087
-0
-0
-0
-0
-0
-0
-0
-0
-0
-0
-0
-0
-0
-0
-0
8.40743
-0
-0
24.779
6.09942
-0
-0
-0
-0
-0
-0
-0
-0
8.19322
-0
-0
-0
-0
21.7904
-0
-0
-0
5.62257
-0
-0
-0
-0
-0
-0
-0
16.9946
-0
-0
-0
7.29097
8.19926
-0
-0
-0
-0
-0
18.222
-0
-0
-0
-0
-0
-0
-0
-0
-0
-0
-0
45.3548
-0
-0
-0
23.2499
-0
-0
7.29595
-0
4.20944
-0
-0
-0
-0
-0
-0
-0
10.3993
-0
-0
-0
-0
-0
19.5354
-0
0.0299602
-0
-0
-0
-0
-0
-0
-0
-0
-0
-0
-0
-0
-0
-0
-0
-0
-0
19.7936
35.6509
-0
-0
-0
-0
-0
-0
-0
-0
-0
-0
-0
-0
-0
-0
-0
15.5546
1.60272
-0
-0
2.41135
-0
-0
1.11845
3.00508
-0
-0
-0
7.29572
-0
-0
-0
16.0915
-0
-0
9.70639
-0
-0
-0
-0
-0
-0
-0
-0
-0
-0
-0
7.55834
3.99516
-0
-0
11.3207
-0
17.0669
-0
34.5501
-0
-0
-0
6.55739
23.0234
-0
-0
-0
0.899002
-0
26.2787
-0
4.16362
-0
9.93829
-0
-0
-0
-0
-0
-0
-0
-0
-0
17.3575
-0
-0
-0
28.1642
-0
-0
11.0705
21.234
-0
-0
16.7011
20.5297
-0
-0
-0
4.2882
-0
-0
-0
-0
-0
-0
-0
-0
0.659617
29.5624
-0
-0
-0
-0
-0
-0
21.9244
12.4743
-0
-0
1.44052
-0
-0
-0
27.1881
-0
-0
43.3661
-0
-0
0.684921
-0
46.2221
16.7274
-0
16.107
-0
-0
-0
-0
-0
-0
-0
-0
-0
0.925735
14.1821
-0
-0
-0
-0
-0
-0
-0
-0
-0
-0
-0
-0
-0
-0
-0
-0
-0
-0
35.9908
25.8485
-0
-0
-0
-0
-0
-0
-0
-0
-0
35.03
-0
-0
19.0214
-0
-0
11.0783
-0
-0
-0
-0
-0
-0
45.1614
24.4783
4.76068
-0
-0
-0
-0
-0
-0
-0
-0
-0
-0
-0
-0
-0
-0
-0
-0
-0
-0
6.89045
2.09789
-0
-0
-0
-0
-0
-0
-0
-0
-0
-0
-0
-0
-0
-0
-0
-0
-0
-0
-0
8.23081
13.9164
-0
-0
-0
-0
-0
-0
-0
-0
8.06294
-0
-0
-0
-0
-0
-0
-0
-0
-0
2.71801
1.18858
8.65422
-0
-0
-0
-0
-0
-0
-0
-0
-0
-0
6.8536
-0
-0
13.3183
45.4858
10.0627
-0
10.0779
-0
-0
39.7757
-0
-0
-0
-0
-0
-0
-0
-0
-0
-0
-0
-0
-0
34.906
-0
-0
-0
-0
-0
8.99953
-0
-0
3.09881
-0
-0
1.25675
-0
-0
-0
-0
-0
-0
-0
-0
10.9162
-0
-0
-0
-0
-0
-0
-0
-0
-0
-0
-0
-0
20.2937
-0
-0
31.8433
-0
21.6323
-0
-0
-0
-0
-0
-0
-0
-0
-0
-0
-0
-0
1.442
-0
23.1183
12.9186
-0
-0
-0
-0
15.2767
-0
-0
17.7807
-0
-0
0.0080502
-0
-0
-0
-0
-0
-0
-0
-0
26.7351
-0
10.6974
-0
-0
-0
-0
2.88423
-0
-0
-0
-0
-0
-0
-0
11.323
-0
-0
-0
10.4447
-0
-0
-0
-0
23.9802
-0
-0
-0
-0
-0
-0
-0
-0
-0
36.6546
-0
-0
-0
-0
3.70063
-0
-0
10.5993
-0
52.6753
31.2921
-0
18.0883
11.5179
-0
-0
-0
-0
-0
0.331479
-0
-0
-0
-0
-0
-0
-0
-0
-0
14.3381
-0
-0
-0
-0
32.0364
-0
-0
-0
-0
-0
-0
37.4944
-0
-0
-0
-0
23.9261
-0
-0
-0
-0
-0
-0
42.7865
-0
-0
7.42824
-0
-0
-0
-0
-0
20.0738
-0
-0
-0
-0
-0
-0
-0
12.0988
-0
-0
-0
-0
-0
-0
-0
-0
27.356
-0
-0
-0
8.03709
-0
-0
-0
-0
-0
-0
-0
-0
-0
26.3274
-0
-0
-0
-0
20.6391
-0
-0
-0
-0
-0
-0
-0
-0
-0
-0
-0
18.1063
-0
-0
-0
-0
-0
-0
-0
-0
-0
5.3183
-0
-0
0.520215
-0
-0
-0
-0
-0
-0
-0
-0
-0
-0
-0
-0
-0
7.16511
-0
-0
-0
-0
-0
-0
-0
-0
-0
-0
-0
-0
-0
11.2145
-0
-0
-0
-0
-0
20.484
-0
-0
23.013
38.0944
-0
-0
-0
3.21035
-0
32.1905
21.6631
-0
-0
-0
13.562
-0
-0
-0
-0
-0
-0
-0
17.9722
-0
-0
-0
-0
-0
-0
-0
-0
-0
-0
16.234
-0
4.60567
15.2939
9.00973
-0
-0
-0
-0
12.5383
-0
-0
-0
-0
-0
7.57932
-0
55.7671
-0
-0
-0
-0
-0
21.1607
-0
14.1091
-0
-0
8.1768
41.8471
-0
-0
-0
-0
-0
21.6553
-0
-0
-0
24.593
-0
-0
-0
-0
-0
-0
37.8971
3.12629
-0
-0
-0
-0
-0
23.7863
-0
-0
-0
-0
-0
-0
-0
32.0115
-0
-0
-0
-0
-0
-0
-0
-0
-0
5.43893
2.0137
-0
-0
-0
-0
21.8137
-0
23.3045
-0
-0
-0
-0
-0
-0
9.16267
-0
-0
-0
2.83163
-0
-0
-0
-0
-0
10.1139
-0
-0
-0
-0
-0
3.76718
-0
-0
-0
-0
-0
2.62147
-0
-0
-0
60.9325
-0
-0
-0
-0
-0
-0
-0
-0
-0
-0
-0
-0
-0
-0
14.2523
-0
-0
-0
-0
-0
46.0301
-0
20.0542
17.2016
-0
26.438
-0
-0
-0
-0
-0
-0
-0
-0
-0
-0
-0
-0
-0
-0
10.2194
-0
-0
-0
-0
-0
-0
-0
13.4358
-0
-0
-0
-0
-0
-0
-0
-0
1.42744
-0
50.1512
-0
-0
-0
-0
-0
14.7973
-0
16.9638
-0
-0
-0
-0
-0
-0
0.204133
3.18392
-0
-0
-0
37.8812
-0
25.7667
-0
-0
-0
-0
4.36826
-0
-0
-0
2.57987
-0
-0
-0
1.08319
-0
-0
23.8564
-0
-0
18.9736
-0
-0
-0
28.5129
-0
-0
-0
-0
-0
49.4841
-0
-0
-0
2.38487
-0
-0
-0
-0
-0
15.4845
-0
-0
-0
-0
5.12554
-0
-0
-0
-0
-0
-0
-0
-0
-0
-0
-0
-0
-0
11.4012
-0
-0
12.3542
-0
-0
-0
25.066
-0
-0
-0
-0
-0
-0
23.4474
-0
-0
36.9942
12.293
-0
-0
-0
-0
-0
-0
-0
-0
-0
-0
12.8427
-0
-0
11.2467
1.33591
-0
-0
11.1873
-0
-0
-0
-0
-0
-0
-0
28.7267
42.4098
-0
-0
-0
-0
-0
-0
-0
-0
13.8863
-0
-0
-0
-0
-0
-0
-0
-0
-0
-0
-0
30.5202
-0
30.5835
-0
-0
0.0976453
7.82304
11.264
-0
-0
-0
-0
-0
25.9688
8.70817
-0
-0
-0
-0
1.0528
-0
-0
-0
-0
-0
-0
15.0211
-0
-0
-0
-0
19.9746
-0
-0
-0
-0
-0
-0
-0
-0
-0
3.82736
-0
-0
3.38246
-0
-0
-0
1.04139
-0
5.57902
-0
-0
-0
-0
-0
-0
-0
-0
-0
-0
-0
-0
-0
5.28058
-0
42.7536
-0
-0
-0
-0
1.65798
-0
-0
-0
1.3872
-0
19.4808
-0
24.1195
-0
35.0142
-0
31.5022
-0
-0
-0
-0
-0
-0
-0
39.2444
-0
-0
12.7892
-0
-0
-0
3.49566
-0
22.5108
14.6466
-0
42.8494
-0
-0
-0
-0
-0
-0
-0
-0
-0
-0
-0
-0
-0
27.272
-0
15.0828
61.6883
-0
-0
9.68377
-0
-0
9.44475
-0
-0
-0
-0
-0
10.2878
-0
-0
-0
-0
-0
-0
-0
-0
-0
-0
-0
-0
-0
-0
6.52496
2.36203
41.7919
-0
-0
-0
-0
-0
-0
-0
-0
-0
-0
-0
19.3939
-0
-0
-0
33.2678
-0
-0
-0
-0
-0
22.9931
-0
9.9842
-0
-0
-0
44.7211
-0
-0
-0
-0
-0
-0
-0
16.1964
-0
11.9232
-0
-0
-0
-0
22.5405
-0
3.03391
-0
13.5545
-0
-0
-0
-0
-0
12.9517
-0
-0
10.5137
-0
-0
-0
-0
-0
36.8224
-0
-0
2.30099
-0
-0
-0
-0
-0
-0
-0
-0
-0
51.642
-0
-0
-0
-0
-0
-0
-0
-0
-0
7.10718
-0
-0
-0
55.3518
18.8077
36.6227
11.6269
-0
-0
-0
-0
-0
-0
1.79426
12.5757
-0
-0
-0
-0
-0
8.9998
-0
-0
15.3546
-0
-0
-0
-0
-0
-0
-0
-0
-0
-0
-0
-0
2.76656
21.7919
-0
-0
-0
7.06046
-0
-0
-0
23.5632
-0
-0
-0
-0
90.154
-0
-0
-0
4.01891
-0
17.6814
47.8085
34.5101
-0
-0
45.2303
-0
-0
-0
-0
26.4859
-0
-0
79.562
7.79278
-0
3.53587
25.5286
-0
17.6802
-0
-0
-0
-0
-0
-0
-0
-0
4.12478
-0
-0
-0
-0
-0
-0
-0
22.8752
8.91159
-0
-0
-0
23.4578
-0
-0
-0
-0
-0
-0
5.43816
-0
-0
-0
-0
14.8368
-0
6.2367
-0
-0
-0
-0
-0
40.3384
-0
-0
-0
-0
-0
-0
-0
51.1681
9.34796
-0
1.68066
-0
0.674772
-0
-0
-0
44.4
-0
-0
-0
-0
-0
-0
-0
-0
