3.47171
-0
-0
-0
-0
-0
-0
-0
34.259
31.2771
-0
-0
-0
-0
-0
4.96634
-0
-0
24.516
-0
-0
-0
-0
-0
32.4581
-0
-0
-0
-0
-0
-0
-0
-0
-0
12.485
-0
-0
-0
-0
-0
-0
-0
-0
22.3933
-0
34.359
-0
16.168
-0
-0
-0
-0
-0
-0
-0
-0
14.2429
0.46773
-0
-0
-0
-0
11.6227
-0
8.16374
-0
-0
1.20019
16.6941
1.04818
-0
-0
27.1456
-0
-0
8.85619
6.62099
-0
-0
-0
-0
85.2819
-0
-0
1.65457
-0
-0
11.6385
-0
-0
20.052
0.190439
-0
-0
-0
-0
11.3818
-0
27.13
-0
-0
-0
-0
-0
-0
-0
-0
-0
-0
-0
-0
-0
-0
-0
-0
-0
-0
-0
51.5171
5.84356
76.2628
-0
4.39801
2.67778
-0
-0
-0
-0
-0
-0
17.1498
-0
11.4679
-0
-0
-0
10.7133
-0
-0
-0
12.0401
-0
-0
-0
-0
-0
-0
-0
-0
-0
-0
-0
-0
57.5492
-0
-0
11.7402
-0
-0
1.80029
-0
-0
-0
-0
-0
-0
-0
-0
-0
67.009
6.96604
-0
-0
-0
-0
-0
-0
-0
14.2409
-0
11.7362
-0
-0
-0
-0
22.9559
-0
-0
69.3951
-0
-0
29.0177
-0
10.3717
-0
-0
-0
-0
-0
-0
-0
-0
12.0734
-0
-0
11.2417
-0
2.62367
-0
-0
-0
-0
38.4093
-0
-0
-0
11.2209
-0
-0
-0
-0
-0
-0
6.62968
-0
-0
-0
-0
-0
-0
-0
-0
-0
-0
-0
-0
-0
-0
-0
-0
-0
-0
-0
-0
-0
-0
23.4796
-0
-0
-0
-0
-0
-0
-0
-0
-0
-0
-0
-0
-0
-0
-0
-0
-0
-0
-0
-0
-0
-0
-0
-0
-0
7.70053
8.86799
-0
-0
-0
-0
-0
-0
-0
-0
-0
-0
-0
-0
-0
-0
-0
-0
-0
-0
22.7292
-0
18.925
-0
11.6581
-0
-0
95.6258
-0
-0
5.72986
-0
24.5007
20.2353
-0
-0
-0
-0
39.5407
-0
-0
-0
-0
2.57311
-0
-0
-0
-0
-0
-0
-0
41.7767
46.2588
-0
17.037
-0
-0
0.394442
-0
-0
18.9548
2.24771
-0
-0
-0
-0
-0
34.7637
-0
-0
-0
-0
-0
-0
-0
-0
-0
-0
-0
-0
-0
-0
30.855
-0
-0
-0
-0
-0
-0
-0
-0
30.0309
16.9006
2.04184
-0
-0
-0
-0
-0
-0
0.667313
6.82113
-0
-0
-0
-0
-0
-0
-0
-0
-0
-0
-0
43.0345
-0
-0
-0
-0
-0
4.91017
-0
-0
-0
-0
-0
-0
-0
-0
-0
-0
-0
-0
-0
14.8146
-0
-0
-0
-0
-0
-0
-0
-0
-0
-0
-0
-0
-0
-0
14.1036
-0
-0
-0
-0
-0
-0
19.7605
18.2362
-0
-0
-0
6.69783
-0
42.7224
-0
-0
-0
-0
-0
-0
-0
0.326889
-0
-0
-0
-0
-0
-0
-0
6.06866
18.0689
-0
-0
36.7959
-0
-0
-0
-0
-0
-0
-0
1.58179
-0
-0
-0
26.6664
-0
-0
-0
4.01652
-0
-0
-0
0.772917
21.719
16.371
-0
-0
-0
-0
-0
-0
4.13247
-0
-0
-0
-0
-0
37.2646
8.59054
-0
-0
2.08299
-0
23.7278
59.6764
-0
25.2626
19.7553
-0
-0
11.8567
-0
-0
-0
-0
-0
-0
3.31176
-0
-0
5.88104
-0
-0
-0
-0
-0
7.04017
-0
9.92775
-0
-0
-0
-0
-0
16.1189
-0
-0
12.378
-0
-0
-0
-0
44.4386
-0
-0
27.745
-0
-0
-0
-0
-0
-0
-0
-0
-0
-0
9.15593
-0
-0
-0
-0
-0
99.0089
36.6304
-0
-0
62.314
-0
-0
-0
-0
-0
-0
-0
-0
-0
-0
-0
-0
21.934
-0
-0
-0
-0
-0
-0
11.3247
-0
-0
-0
-0
-0
-0
0.152547
-0
-0
16.1175
69.3113
-0
-0
-0
-0
-0
-0
-0
29.6342
35.7323
-0
17.5856
-0
-0
-0
-0
-0
-0
22.7733
-0
-0
-0
15.7776
-0
-0
-0
-0
36.5483
-0
-0
-0
-0
-0
-0
46.8769
-0
-0
-0
-0
-0
-0
-0
-0
-0
-0
-0
-0
-0
-0
7.39925
-0
-0
-0
-0
-0
-0
-0
-0
-0
6.22255
0.645864
-0
-0
-0
-0
-0
-0
1.8895
-0
-0
-0
8.35628
-0
-0
0.217919
-0
33.1082
-0
-0
-0
-0
-0
-0
-0
-0
-0
-0
-0
-0
-0
-0
-0
-0
-0
-0
-0
31.1732
-0
-0
5.49617
-0
-0
-0
-0
-0
-0
-0
-0
-0
-0
44.9515
-0
-0
-0
-0
-0
-0
-0
-0
-0
-0
-0
-0
-0
-0
-0
-0
49.9464
-0
-0
-0
-0
14.6093
-0
-0
35.8477
-0
-0
-0
-0
16.2147
1.07611
-0
-0
50.3919
-0
-0
-0
1.17156
-0
-0
-0
-0
-0
-0
-0
29.994
-0
-0
-0
4.98694
-0
-0
-0
-0
16.4479
-0
-0
-0
72.6842
-0
-0
-0
-0
-0
-0
12.3542
46.03
-0
-0
-0
-0
-0
-0
-0
-0
-0
-0
-0
-0
69.2375
-0
-0
-0
-0
-0
-0
75.1782
68.5416
-0
-0
-0
-0
-0
-0
-0
-0
-0
-0
7.34009
-0
60.8525
-0
-0
-0
-0
39.5952
-0
-0
-0
-0
-0
-0
-0
-0
-0
27.0952
-0
-0
-0
24.3871
-0
-0
45.0937
-0
-0
-0
-0
8.64143
-0
-0
47.2661
-0
-0
30.3898
-0
-0
15.0173
-0
-0
-0
-0
-0
-0
-0
-0
32.8584
-0
-0
-0
26.2371
-0
-0
-0
4.35976
-0
11.9719
3.88907
31.7368
-0
-0
-0
-0
-0
-0
2.51361
-0
-0
-0
-0
-0
-0
-0
-0
-0
3.42228
56.3816
-0
-0
-0
-0
-0
-0
-0
-0
-0
-0
-0
-0
7.79676
2.85694
-0
-0
-0
-0
-0
-0
12.2894
-0
-0
1.95891
-0
-0
-0
-0
-0
1.8072
12.2781
-0
-0
-0
-0
30.7335
-0
-0
-0
-0
-0
-0
6.82408
20.5943
-0
-0
-0
2.69806
47.2693
-0
-0
-0
-0
-0
-0
-0
-0
-0
-0
5.16339
-0
1.11741
-0
-0
-0
-0
-0
-0
-0
-0
37.0923
-0
-0
-0
-0
-0
-0
-0
10.2038
28.6081
-0
0.386813
-0
-0
-0
-0
-0
16.8892
27.1837
-0
-0
-0
-0
-0
-0
10.0102
-0
22.9753
-0
-0
-0
31.7023
-0
-0
-0
-0
-0
-0
-0
-0
-0
-0
-0
-0
-0
-0
-0
-0
-0
6.58082
-0
-0
-0
25.7794
-0
-0
-0
-0
-0
20.9362
-0
10.6075
-0
-0
9.15766
-0
-0
-0
61.798
9.56029
-0
-0
-0
-0
-0
-0
-0
-0
-0
-0
-0
-0
-0
-0
-0
-0
-0
-0
-0
-0
-0
-0
2.6954
16.6332
-0
-0
-0
-0
32.1583
-0
-0
-0
-0
3.84002
-0
-0
10.2401
-0
32.8236
-0
-0
-0
-0
-0
-0
-0
-0
-0
-0
21.8148
-0
3.88456
-0
-0
-0
-0
-0
15.8109
-0
52.6872
-0
-0
-0
-0
-0
-0
-0
-0
-0
-0
-0
16.7925
40.4353
-0
4.37792
-0
-0
4.55516
4.11768
-0
-0
-0
-0
-0
-0
-0
-0
-0
-0
-0
1.21761
-0
-0
-0
-0
15.9195
-0
20.8075
-0
-0
-0
15.1673
15.1123
-0
-0
-0
-0
-0
54.3224
-0
-0
-0
-0
-0
-0
-0
11.8415
6.8474
-0
-0
-0
-0
-0
-0
-0
-0
-0
-0
0.131075
-0
-0
-0
-0
-0
-0
-0
-0
-0
-0
14.3735
-0
-0
-0
-0
-0
-0
-0
-0
-0
18.8368
-0
-0
-0
-0
-0
1.89439
48.4518
6.74847
-0
-0
-0
-0
-0
-0
0.865179
66.0559
63.8697
-0
3.48528
-0
-0
-0
25.9378
-0
-0
-0
-0
-0
-0
-0
-0
19.2576
-0
11.1084
-0
-0
3.58673
-0
-0
-0
-0
-0
-0
-0
-0
-0
3.14396
-0
-0
25.5764
-0
-0
-0
-0
-0
-0
-0
-0
-0
21.1709
-0
-0
30.5981
-0
-0
-0
-0
-0
-0
-0
-0
-0
-0
-0
-0
-0
-0
-0
-0
-0
-0
-0
-0
17.432
-0
-0
-0
-0
-0
-0
-0
-0
2.33448
-0
-0
-0
-0
-0
-0
-0
-0
-0
-0
24.6739
-0
-0
-0
-0
-0
-0
-0
-0
1.84815
-0
-0
-0
7.28579
-0
-0
-0
-0
18.6131
-0
-0
-0
-0
-0
10.7755
-0
-0
14.9313
-0
48.2518
-0
-0
-0
-0
-0
35.1116
-0
37.5175
54.5946
-0
2.37014
27.2876
-0
-0
-0
13.7592
28.9856
7.07136
-0
-0
19.9191
-0
-0
18.1509
15.6359
11.0634
-0
10.8879
-0
32.4162
-0
-0
23.3542
0.410919
-0
-0
-0
-0
-0
-0
-0
3.50655
1.34649
-0
-0
-0
-0
-0
13.5239
-0
1.51831
13.0598
-0
-0
-0
-0
-0
-0
-0
-0
-0
-0
-0
-0
-0
-0
-0
-0
-0
-0
-0
-0
1.596
-0
-0
-0
0.551757
-0
-0
-0
-0
-0
-0
-0
-0
-0
-0
-0
-0
-0
-0
-0
-0
12.4103
-0
-0
25.9675
-0
27.2144
27.9404
42.78
-0
30.3685
-0
-0
-0
-0
-0
27.1625
-0
-0
-0
-0
-0
-0
-0
40.2799
-0
40.0569
-0
-0
57.4224
-0
-0
-0
-0
-0
-0
-0
-0
-0
-0
-0
-0
-0
-0
-0
-0
-0
-0
-0
-0
-0
0.420603
-0
-0
-0
-0
-0
18.3392
-0
-0
-0
-0
-0
-0
-0
24.9309
-0
-0
-0
-0
-0
-0
-0
-0
-0
-0
-0
-0
29.9908
-0
-0
-0
-0
-0
59.8811
-0
-0
-0
-0
-0
-0
-0
-0
-0
-0
-0
-0
-0
-0
19.4561
-0
1.29299
-0
12.7226
29.6253
-0
-0
-0
-0
-0
-0
-0
1.90967
-0
-0
21.3216
-0
-0
-0
0.0767411
-0
-0
-0
5.93826
-0
-0
-0
3.36076
-0
-0
-0
-0
-0
-0
-0
-0
-0
-0
-0
64.4986
23.4956
-0
-0
29.1262
-0
41.7869
-0
-0
-0
-0
-0
90.5522
-0
-0
25.2445
30.7997
-0
-0
-0
0.205848
12.712
-0
-0
-0
-0
-0
-0
-0
33.3931
-0
-0
-0
-0
-0
-0
-0
-0
-0
-0
-0
-0
-0
-0
4.4595
-0
-0
-0
-0
-0
-0
0.37973
-0
-0
11.5036
-0
2.45341
5.46379
-0
-0
-0
13.4682
-0
-0
-0
-0
83.3704
-0
40.7813
-0
-0
-0
18.6068
-0
-0
-0
-0
-0
-0
24.3679
-0
-0
-0
-0
9.02803
-0
-0
-0
-0
-0
-0
2.28528
-0
-0
-0
-0
-0
-0
-0
-0
-0
-0
-0
-0
-0
-0
-0
-0
-0
-0
-0
-0
-0
-0
-0
-0
-0
38.6524
-0
-0
5.96388
33.9734
-0
18.0335
-0
-0
-0
4.94271
-0
-0
-0
-0
-0
-0
29.4361
-0
17.5447
-0
-0
-0
-0
-0
-0
-0
-0
-0
-0
-0
13.1533
-0
-0
-0
-0
17.8727
-0
-0
34.2622
-0
-0
6.33377
-0
-0
33.9268
-0
-0
-0
-0
2.11501
-0
0.886003
-0
-0
-0
-0
52.4026
7.22971
-0
10.3682
-0
-0
-0
-0
-0
-0
-0
4.47816
18.585
-0
38.8452
-0
-0
-0
-0
-0
-0
-0
-0
-0
-0
-0
-0
-0
-0
-0
-0
-0
-0
3.85347
-0
-0
3.80621
-0
-0
-0
3.77406
-0
-0
-0
-0
17.2365
-0
-0
-0
-0
-0
-0
-0
34.2205
15.5641
10.3954
42.5462
-0
-0
-0
-0
-0
18.2739
-0
-0
-0
-0
-0
5.06751
-0
-0
-0
-0
4.46514
-0
-0
-0
-0
35.7214
-0
-0
-0
14.5668
-0
-0
-0
-0
-0
15.0746
-0
10.834
34.8136
-0
-0
-0
-0
-0
-0
-0
-0
-0
-0
7.74651
-0
10.5711
-0
-0
-0
-0
-0
-0
-0
-0
-0
-0
-0
-0
-0
-0
-0
-0
-0
-0
-0
-0
53.9065
-0
-0
-0
-0
-0
-0
-0
0.117696
-0
-0
1.0297
-0
3.79009
-0
-0
-0
-0
-0
-0
-0
-0
-0
-0
-0
-0
-0
-0
-0
-0
20.6402
5.09414
-0
-0
-0
-0
-0
33.4828
-0
-0
-0
-0
-0
49.0414
-0
29.3579
-0
-0
-0
-0
-0
-0
-0
-0
-0
-0
-0
68.5583
-0
-0
-0
-0
-0
-0
-0
-0
-0
48.7793
-0
-0
4.56178
-0
-0
-0
-0
-0
-0
-0
43.6403
-0
-0
-0
-0
-0
-0
-0
-0
-0
63.133
-0
-0
-0
44.669
-0
-0
39.5623
-0
-0
-0
15.9802
-0
-0
27.2656
-0
-0
-0
-0
-0
-0
-0
-0
-0
-0
-0
-0
30.2219
-0
-0
-0
-0
-0
-0
-0
16.3382
-0
-0
-0
-0
-0
-0
36.7247
-0
-0
-0
-0
-0
-0
-0
-0
35.073
-0
-0
62.4618
-0
-0
-0
-0
19.3556
-0
-0
-0
-0
-0
28.59
22.0505
-0
48.1454
-0
-0
-0
-0
-0
-0
-0
-0
-0
-0
-0
33.2906
41.1403
-0
-0
-0
-0
0.575816
-0
83.6758
-0
38.4519
-0
-0
-0
-0
-0
-0
9.90806
-0
22.7698
26.464
-0
30.1149
-0
-0
10.6249
-0
17.3805
-0
-0
4.48699
-0
4.61434
38.0585
38.4338
-0
-0
-0
-0
-0
-0
15.2869
-0
-0
-0
5.3557
-0
-0
18.4138
15.0849
-0
-0
-0
-0
-0
10.4109
-0
-0
-0
23.3984
-0
-0
-0
-0
-0
-0
-0
-0
29.2798
-0
2.55404
-0
24.1477
-0
-0
-0
0.181063
-0
-0
-0
-0
-0
-0
-0
-0
-0
-0
-0
-0
-0
0.0761882
-0
-0
-0
2.61445
-0
-0
-0
-0
12.8972
-0
17.1708
-0
-0
-0
-0
-0
-0
-0
-0
-0
15.744
-0
-0
-0
-0
29.0613
35.1096
-0
51.2406
-0
-0
-0
43.9062
-0
-0
-0
-0
-0
-0
-0
-0
17.1981
15.3974
-0
20.8182
23.2393
-0
4.43559
-0
-0
31.5613
60.4471
-0
-0
26.4918
-0
-0
34.4917
-0
-0
-0
-0
-0
-0
16.8784
-0
-0
-0
-0
-0
-0
-0
-0
-0
-0
25.7104
-0
-0
-0
-0
-0
7.57169
33.5409
-0
51.538
9.71786
-0
-0
-0
-0
-0
32.8192
53.29
-0
-0
-0
-0
-0
-0
-0
-0
-0
-0
-0
54.2108
1.49305
-0
9.41146
-0
-0
-0
-0
12.2604
2.55795
-0
-0
-0
8.68033
-0
-0
-0
-0
-0
-0
57.8489
-0
-0
-0
-0
-0
-0
-0
9.08531
-0
-0
19.9118
-0
-0
-0
-0
-0
19.0253
-0
-0
11.7547
-0
-0
-0
-0
-0
-0
-0
-0
-0
-0
-0
50.2536
-0
29.2673
-0
40.8549
-0
40.4539
-0
-0
-0
-0
49.8806
-0
-0
36.1826
1.23884
-0
-0
-0
-0
-0
-0
-0
-0
-0
-0
-0
-0
-0
-0
-0
-0
-0
-0
-0
-0
-0
-0
-0
-0
-0
-0
-0
4.46853
-0
-0
49.4378
-0
-0
-0
-0
-0
-0
6.97473
-0
-0
-0
-0
-0
-0
-0
-0
-0
16.4357
-0
9.55906
38.0785
-0
47.7621
-0
-0
29.9635
-0
-0
-0
-0
-0
-0
-0
-0
-0
-0
47.9782
-0
2.88925
-0
-0
15.0807
-0
-0
-0
-0
-0
-0
-0
-0
-0
-0
-0
-0
-0
-0
-0
-0
-0
-0
-0
-0
-0
19.1013
-0
-0
-0
-0
-0
-0
-0
-0
-0
-0
-0
0.243939
-0
16.949
-0
-0
-0
11.0529
-0
15.8892
-0
12.4307
-0
-0
-0
3.28064
-0
-0
37.1554
13.7452
-0
-0
2.66075
0.33367
23.9459
-0
-0
-0
-0
-0
-0
-0
-0
59.9099
-0
-0
-0
-0
-0
-0
-0
-0
-0
3.21057
-0
-0
-0
1.07504
-0
-0
-0
-0
-0
-0
-0
-0
-0
8.04971
-0
-0
-0
-0
-0
-0
-0
-0
-0
-0
-0
-0
-0
8.40203
-0
5.25295
10.7248
-0
-0
-0
-0
-0
-0
-0
-0
44.6974
24.1502
-0
-0
-0
5.93062
-0
-0
-0
-0
-0
-0
-0
-0
-0
-0
-0
31.128
74.2675
10.3435
-0
-0
-0
-0
-0
-0
-0
-0
-0
-0
-0
-0
-0
-0
-0
-0
4.23201
-0
-0
42.4621
-0
-0
-0
-0
-0
-0
-0
-0
-0
-0
-0
23.5196
-0
-0
-0
0.00664918
-0
-0
-0
-0
-0
-0
-0
-0
-0
-0
51.302
-0
-0
-0
-0
-0
3.82883
9.74281
-0
-0
-0
10.4902
-0
-0
-0
-0
-0
7.57278
-0
42.8213
77.0978
-0
10.9985
-0
-0
-0
-0
-0
-0
0.334406
-0
-0
18.1383
-0
-0
-0
-0
9.85425
-0
-0
-0
-0
-0
16.958
6.13735
-0
-0
-0
-0
4.06165
-0
-0
-0
5.03061
-0
-0
-0
-0
-0
-0
-0
-0
-0
-0
-0
-0
-0
62.7365
-0
-0
-0
-0
-0
-0
-0
-0
-0
-0
-0
-0
-0
-0
-0
20.244
0.397354
-0
-0
-0
16.5363
58.589
21.1271
-0
6.64873
12.4453
-0
-0
-0
8.47105
-0
9.71638
-0
-0
-0
-0
1.38874
-0
-0
-0
-0
-0
-0
26.8079
-0
-0
-0
-0
-0
-0
-0
-0
-0
-0
-0
-0
-0
-0
-0
-0
-0
-0
6.21393
-0
-0
18.7658
-0
-0
2.74381
-0
-0
-0
-0
-0
28.0297
-0
21.0772
13.5149
-0
-0
-0
5.76078
-0
-0
2.06506
-0
-0
-0
-0
49.3121
-0
40.7234
-0
-0
-0
23.6802
-0
-0
-0
-0
15.9478
-0
-0
-0
-0
-0
-0
-0
-0
-0
13.3963
-0
-0
-0
-0
-0
-0
-0
-0
-0
37.0615
-0
-0
-0
-0
-0
-0
-0
-0
-0
-0
-0
-0
-0
7.26218
-0
-0
-0
-0
0.982337
-0
-0
-0
-0
-0
-0
-0
-0
13.677
-0
15.3114
-0
-0
-0
-0
-0
-0
-0
12.4126
-0
-0
-0
-0
-0
-0
-0
-0
-0
-0
-0
56.753
5.72343
-0
-0
-0
5.55741
-0
24.1
-0
-0
-0
-0
31.7645
-0
-0
-0
-0
22.7273
-0
6.17299
-0
-0
-0
4.36445
-0
-0
14.94
4.16834
-0
-0
-0
-0
-0
-0
-0
-0
18.6331
-0
-0
-0
-0
-0
27.6731
-0
20.6388
-0
-0
-0
-0
-0
-0
-0
-0
-0
-0
-0
-0
-0
-0
-0
10.5568
-0
-0
23.1618
-0
-0
-0
-0
-0
-0
-0
-0
-0
-0
-0
-0
-0
-0
-0
10.556
2.40116
-0
-0
11.9682
-0
1.31205
36.6278
-0
-0
-0
-0
3.09956
-0
-0
-0
38.2257
1.32628
-0
19.6882
-0
-0
-0
-0
-0
-0
6.15238
-0
-0
-0
-0
-0
-0
-0
-0
-0
-0
4.81478
-0
20.2215
-0
-0
-0
22.7627
28.1555
-0
-0
2.35522
7.66065
-0
33.3299
-0
1.28614
-0
31.5843
-0
-0
-0
-0
-0
-0
-0
-0
-0
-0
-0
0.736486
-0
9.71711
-0
-0
-0
-0
-0
-0
19.5235
29.255
-0
-0
-0
15.4582
-0
-0
-0
-0
-0
-0
-0
-0
30.8289
-0
-0
-0
-0
-0
36.4075
-0
25.785
16.714
-0
-0
-0
-0
-0
-0
72.6533
-0
-0
27.0422
-0
22.6289
22.0941
-0
14.0588
15.324
-0
8.36022
-0
-0
-0
-0
-0
-0
23.8317
-0
-0
-0
-0
-0
-0
-0
-0
-0
-0
-0
-0
-0
-0
-0
-0
-0
-0
-0
-0
-0
14.4815
35.5438
11.782
-0
-0
-0
-0
-0
-0
13.4749
-0
-0
62.6711
-0
-0
8.64644
-0
-0
6.20135
-0
-0
-0
-0
3.33971
-0
68.5885
-0
14.8296
-0
-0
-0
5.6153
-0
-0
-0
8.19279
-0
-0
-0
-0
-0
-0
-0
-0
-0
-0
4.31551
-0
-0
-0
-0
31.9667
5.32047
-0
-0
-0
-0
-0
-0
-0
-0
-0
-0
-0
-0
-0
-0
0.430431
34.6479
-0
-0
-0
-0
-0
-0
-0
-0
-0
-0
-0
-0
-0
-0
-0
-0
-0
-0
-0
0.64406
36.1182
-0
-0
-0
-0
2.13674
-0
-0
-0
-0
-0
7.83586
-0
-0
-0
25.7064
0.107498
-0
-0
-0
-0
31.7636
19.2359
13.507
-0
-0
-0
-0
-0
-0
-0
-0
-0
-0
6.32128
50.6982
-0
-0
1.84713
-0
-0
-0
-0
-0
2.71686
-0
-0
0.965831
-0
-0
-0
-0
-0
-0
-0
-0
14.5535
-0
-0
-0
6.44026
-0
-0
-0
-0
-0
-0
-0
7.3186
8.06423
1.47866
-0
27.1352
-0
20.8104
-0
-0
-0
-0
-0
-0
-0
-0
-0
-0
-0
-0
-0
-0
-0
-0
-0
-0
-0
4.56447
10.1604
-0
0.208566
3.70322
-0
-0
-0
-0
-0
-0
-0
-0
-0
-0
-0
-0
2.39124
-0
-0
-0
-0
7.55418
23.9774
-0
-0
-0
-0
-0
-0
-0
-0
-0
-0
-0
17.16
-0
-0
21.7603
-0
51.9317
-0
-0
-0
-0
0.860293
-0
-0
-0
-0
1.40987
-0
-0
-0
-0
1.65234
-0
-0
10.3966
-0
51.0304
27.8485
-0
-0
8.87428
-0
-0
-0
-0
-0
0.204107
-0
-0
-0
-0
-0
-0
-0
-0
-0
-0
-0
-0
-0
-0
23.0109
-0
-0
-0
8.27776
7.42681
-0
12.4928
-0
-0
-0
-0
46.1101
-0
-0
-0
-0
-0
-0
41.2223
-0
-0
23.0616
22.345
3.88264
-0
-0
-0
13.8095
-0
-0
11.3791
-0
-0
-0
-0
1.03363
-0
-0
-0
-0
-0
-0
28.3754
-0
25.9825
-0
-0
-0
-0
-0
-0
-0
-0
-0
-0
-0
-0
-0
1.57673
22.9809
-0
-0
-0
29.7619
-0
-0
-0
-0
-0
-0
-0
-0
-0
-0
-0
26.1653
-0
9.5197
-0
-0
-0
-0
-0
-0
-0
4.07242
-0
-0
6.55745
-0
-0
49.949
-0
-0
-0
-0
-0
-0
2.72811
-0
-0
-0
-0
-0
12.4421
-0
-0
-0
-0
-0
-0
-0
-0
-0
-0
-0
1.85519
-0
-0
-0
-0
-0
59.953
-0
-0
39.3106
-0
-0
-0
-0
-0
-0
41.6313
39.1242
-0
-0
-0
41.0907
-0
-0
-0
-0
-0
-0
-0
28.273
20.0343
-0
-0
-0
-0
-0
-0
-0
-0
-0
-0
-0
-0
22.9434
2.71064
-0
-0
-0
-0
-0
-0
-0
-0
-0
25.0875
1.2079
-0
37.6487
-0
-0
-0
-0
-0
39.2917
-0
47.9137
-0
-0
-0
30.718
-0
-0
-0
-0
-0
23.1362
-0
-0
-0
20.2567
-0
-0
-0
-0
-0
-0
5.07614
8.04921
2.278
-0
-0
-0
-0
-0
-0
31.445
-0
-0
-0
-0
-0
40.4632
-0
-0
1.85667
-0
-0
-0
-0
15.3381
-0
34.0762
1.61231
-0
-0
-0
-0
32.6724
-0
-0
-0
-0
-0
-0
-0
-0
30.385
-0
-0
-0
-0
-0
-0
-0
-0
-0
58.5923
-0
-0
-0
-0
-0
-0
-0
-0
-0
-0
-0
-0
-0
-0
-0
78.4941
-0
-0
-0
-0
-0
-0
-0
-0
-0
-0
-0
-0
-0
-0
-0
-0
-0
-0
-0
-0
13.7593
-0
39.3444
28.5456
-0
18.8772
-0
-0
-0
-0
-0
-0
-0
-0
-0
-0
-0
-0
-0
-0
4.67894
-0
-0
-0
-0
-0
-0
-0
32.3089
-0
-0
-0
-0
-0
-0
42.892
-0
16.288
-0
27.8049
-0
-0
-0
-0
6.33486
8.3067
-0
7.57068
-0
-0
-0
-0
-0
-0
-0
-0
20.8363
-0
-0
5.90673
-0
38.9473
-0
-0
-0
-0
6.10291
-0
-0
-0
7.90721
-0
-0
-0
-0
-0
-0
61.0016
-0
-0
58.3025
7.06553
-0
-0
15.4029
12.7819
-0
-0
-0
-0
4.47157
-0
-0
-0
2.72817
15.7302
-0
-0
-0
-0
7.26317
-0
-0
-0
-0
26.0029
-0
-0
-0
-0
-0
-0
-0
-0
-0
-0
-0
-0
-0
3.84448
-0
-0
21.7211
-0
-0
-0
25.7275
-0
-0
-0
-0
-0
-0
35.7472
-0
-0
36.992
-0
-0
-0
-0
-0
-0
-0
-0
-0
-0
-0
58.5522
-0
-0
4.21255
9.81103
13.0534
-0
-0
-0
-0
-0
-0
-0
-0
6.09874
15.1263
39.984
12.5893
-0
-0
-0
-0
-0
-0
-0
12.9698
-0
-0
-0
21.2899
-0
-0
-0
-0
-0
-0
-0
72.7237
-0
50.6562
-0
-0
-0
-0
36.2456
-0
-0
-0
-0
-0
55.3953
0.614362
-0
-0
-0
-0
-0
-0
-0
-0
-0
-0
-0
-0
-0
12.3512
-0
-0
22.6766
-0
-0
-0
-0
-0
-0
-0
15.2579
-0
-0
-0
-0
-0
6.32702
-0
-0
-0
-0
-0
-0
-0
-0
-0
-0
-0
-0
-0
-0
-0
-0
-0
-0
-0
-0
67.2261
-0
-0
-0
-0
35.7116
1.10604
-0
-0
20.9168
-0
-0
-0
17.7102
-0
49.9268
13.5882
24.4572
-0
-0
-0
-0
-0
-0
-0
66.3514
-0
-0
36.6609
-0
-0
-0
28.199
-0
50.6317
22.0591
-0
25.5822
-0
-0
-0
-0
-0
4.6272
2.07843
-0
-0
-0
-0
-0
-0
33.2617
-0
14.0653
32.1398
10.6345
-0
-0
-0
-0
-0
-0
10.5998
-0
-0
-0
-0
31.7542
-0
-0
-0
-0
-0
-0
-0
-0
-0
-0
-0
-0
-0
47.9382
-0
30.4383
-0
-0
-0
-0
-0
-0
-0
-0
-0
-0
-0
20.8854
-0
-0
19.1346
15.1309
-0
-0
-0
-0
-0
18.2399
-0
0.934208
-0
-0
-0
62.8323
-0
-0
-0
-0
-0
-0
-0
36.5102
-0
32.6318
-0
17.1212
13.0338
-0
-0
-0
-0
-0
3.42453
-0
-0
13.6239
-0
-0
17.8029
-0
-0
-0
-0
35.0414
-0
-0
-0
45.1506
-0
-0
28.5314
-0
-0
-0
-0
-0
-0
-0
-0
-0
59.401
-0
-0
-0
-0
-0
-0
-0
-0
-0
8.82151
-0
-0
-0
56.4597
30.137
29.9761
-0
-0
-0
-0
13.0452
-0
-0
-0
12.9724
-0
-0
-0
-0
-0
-0
9.08013
-0
-0
-0
-0
-0
-0
-0
-0
-0
-0
-0
-0
-0
-0
-0
35.5838
-0
-0
-0
15.7596
-0
-0
-0
13.2678
-0
-0
-0
-0
75.8353
-0
-0
-0
24.1147
-0
0.0211048
-0
70.354
-0
-0
35.6523
-0
-0
-0
-0
20.9712
-0
16.7834
79.6813
7.13325
-0
3.85306
14.319
-0
7.05475
-0
-0
-0
-0
-0
-0
-0
-0
4.46376
-0
-0
-0
-0
-0
-0
-0
14.3342
7.16116
-0
-0
-0
27.4895
-0
-0
-0
-0
-0
-0
24.2117
-0
-0
-0
44.2013
-0
-0
-0
-0
-0
-0
-0
-0
40.5405
-0
-0
-0
-0
-0
-0
-0
30.5253
-0
-0
-0
-0
23.9596
-0
-0
-0
89.3314
-0
-0
-0
-0
-0
-0
-0
-0
