3.05101
-0
-0
-0
-0
14.7312
-0
-0
41.9961
2.68785
6.73295
-0
-0
-0
-0
9.2216
-0
-0
6.32091
-0
-0
3.76455
-0
-0
-0
8.05198
10.3971
-0
-0
-0
-0
-0
-0
-0
2.02775
-0
-0
-0
-0
-0
-0
-0
-0
20.1868
-0
29.4181
-0
-0
-0
-0
-0
-0
-0
-0
-0
-0
29.5896
2.9671
34.2703
-0
-0
-0
-0
-0
16.2994
-0
-0
14.596
-0
1.44168
-0
-0
-0
-0
-0
2.42841
-0
-0
-0
-0
-0
49.0301
-0
10.154
-0
0.622647
-0
12.8376
-0
-0
21.2951
-0
-0
-0
-0
-0
14.68
-0
15.1439
-0
-0
-0
-0
4.73683
-0
-0
11.6932
-0
-0
-0
-0
-0
-0
-0
-0
-0
-0
-0
60.2302
-0
30.515
-0
12.8817
-0
-0
-0
-0
-0
-0
10.7791
47.5867
36.6026
1.9798
-0
-0
-0
12.7511
14.9774
-0
-0
-0
-0
-0
-0
-0
-0
-0
-0
-0
-0
-0
-0
-0
-0
8.56177
-0
21.341
-0
-0
1.59905
1.15252
-0
-0
23.1363
-0
-0
-0
-0
-0
1.73093
-0
3.83628
-0
-0
-0
-0
-0
-0
-0
-0
-0
-0
-0
-0
-0
3.19164
-0
-0
44.1505
-0
-0
40.8814
-0
22.9093
-0
-0
-0
-0
-0
-0
-0
-0
1.04675
-0
-0
-0
-0
-0
-0
-0
-0
-0
4.71926
-0
-0
-0
-0
-0
-0
-0
-0
-0
-0
21.3188
-0
-0
-0
-0
-0
-0
-0
-0
-0
-0
-0
4.87028
-0
-0
-0
-0
-0
-0
-0
-0
-0
-0
24.1162
-0
-0
-0
-0
-0
-0
-0
-0
-0
-0
4.66065
9.26074
-0
-0
-0
-0
1.12542
-0
-0
-0
-0
-0
-0
-0
-0
7.17035
20.8088
-0
-0
-0
-0
-0
-0
1.53186
-0
-0
-0
-0
-0
-0
3.6998
-0
-0
5.90179
11.7709
36.0648
-0
-0
-0
-0
-0
-0
14.0417
-0
-0
6.68321
-0
31.3327
34.9858
2.26736
-0
8.05848
-0
2.53476
15.93
-0
-0
-0
1.48801
-0
-0
-0
0.000946961
-0
-0
6.15914
55.6987
16.6948
-0
-0
-0
-0
9.82875
-0
-0
-0
-0
-0
-0
-0
-0
-0
11.1724
-0
-0
-0
-0
-0
-0
15.6328
-0
-0
-0
-0
-0
-0
-0
29.6872
-0
-0
-0
8.50802
-0
14.7161
-0
-0
22.3639
2.83219
1.56575
-0
-0
8.19938
-0
-0
0.573457
0.179114
11.81
-0
0.189313
18.4364
-0
-0
-0
-0
-0
-0
-0
-0
-0
-0
-0
-0
-0
-0
-0
-0
-0
-0
-0
-0
-0
-0
-0
-0
-0
-0
-0
-0
-0
-0
-0
-0
9.75147
-0
-0
-0
-0
-0
-0
-0
-0
0.158293
-0
11.8283
-0
-0
-0
-0
22.7836
27.7379
9.04424
-0
-0
-0
0.205333
7.45389
-0
2.67311
-0
-0
-0
-0
-0
-0
-0
-0
-0
-0
-0
-0
12.4386
-0
-0
32.0294
9.80454
-0
-0
56.4647
9.92521
-0
-0
-0
-0
-0
-0
-0
-0
19.1313
-0
12.2716
-0
-0
-0
14.9058
14.1283
-0
-0
-0
2.4058
10.9936
-0
-0
-0
-0
-0
-0
-0
-0
-0
-0
-0
-0
-0
10.3807
-0
-0
18.903
-0
18.1573
10.7261
-0
-0
-0
-0
-0
10.0373
-0
-0
-0
-0
-0
-0
30.855
-0
-0
-0
-0
-0
-0
-0
-0
20.457
-0
13.6232
-0
-0
-0
-0
-0
24.091
2.62723
2.06062
-0
-0
-0
-0
-0
34.1501
-0
-0
52.748
-0
-0
-0
-0
-0
-0
2.65986
-0
-0
-0
-0
-0
-0
-0
-0
-0
50.7654
11.4809
-0
-0
12.6175
4.37685
-0
-0
5.43045
-0
-0
-0
-0
-0
-0
-0
-0
-0
-0
-0
-0
8.80158
-0
-0
5.41782
-0
-0
-0
-0
-0
-0
-0
-0
4.27142
8.59164
54.142
-0
-0
2.67185
-0
-0
-0
-0
18.7929
26.0125
5.65005
1.09815
-0
-0
-0
-0
-0
-0
-0
-0
15.1663
-0
-0
-0
-0
-0
-0
31.7083
-0
-0
-0
-0
-0
-0
20.4779
-0
-0
-0
-0
11.329
-0
-0
-0
-0
-0
-0
-0
-0
-0
-0
-0
-0
-0
-0
-0
-0
-0
-0
3.16327
-0
-0
-0
-0
-0
-0
-0
-0
-0
-0
-0
-0
-0
-0
10.2572
17.6858
-0
32.223
-0
-0
-0
-0
-0
-0
-0
13.2769
-0
-0
-0
-0
-0
13.0903
-0
14.8107
6.22145
7.50542
-0
14.507
-0
-0
9.94224
-0
-0
-0
5.21941
-0
-0
17.3641
-0
-0
-0
3.14665
-0
-0
-0
-0
-0
-0
-0
-0
-0
-0
-0
-0
-0
-0
-0
-0
40.3811
-0
-0
-0
-0
54.3756
0.867545
-0
-0
-0
-0
-0
-0
-0
8.89001
-0
-0
33.6559
-0
-0
-0
1.28826
-0
-0
-0
-0
-0
-0
-0
62.2542
-0
-0
-0
5.18231
-0
-0
-0
-0
-0
-0
-0
-0
45.1963
-0
-0
-0
-0
-0
-0
6.70025
4.25809
11.6639
-0
-0
-0
-0
-0
-0
-0
-0
-0
-0
-0
19.6001
-0
-0
4.38215
-0
-0
-0
59.5098
32.4958
-0
-0
-0
-0
-0
-0
30.5875
-0
-0
-0
7.01818
-0
-0
-0
-0
-0
-0
-0
-0
-0
11.1233
-0
-0
-0
-0
-0
-0
7.77014
-0
30.0346
-0
-0
-0
-0
6.19076
-0
-0
-0
-0
3.54188
-0
-0
29.2672
-0
26.3387
25.0809
-0
-0
23.737
14.0144
-0
-0
-0
-0
-0
-0
-0
15.2898
-0
5.99991
-0
23.4268
-0
-0
-0
21.3822
-0
8.69023
6.56552
-0
-0
7.12689
-0
-0
-0
-0
11.8787
-0
-0
-0
-0
-0
-0
-0
-0
-0
-0
79.8821
-0
-0
-0
-0
-0
-0
-0
-0
-0
-0
-0
-0
-0
-0
-0
-0
-0
-0
-0
-0
0.766412
-0
-0
7.5224
-0
-0
-0
0.668412
-0
-0
-0
-0
-0
-0
-0
-0
-0
-0
-0
-0
-0
18.5766
-0
-0
-0
10.6076
-0
3.83837
10.8027
-0
-0
11.1683
-0
-0
-0
7.1529
-0
0.270548
-0
-0
-0
15.7418
-0
6.60185
-0
-0
-0
-0
-0
-0
3.85818
-0
-0
-0
-0
-0
-0
-0
-0
-0
-0
-0
-0
-0
-0
-0
9.42305
-0
21.9075
-0
-0
-0
-0
17.3942
-0
2.94939
-0
-0
-0
-0
-0
36.9878
-0
-0
-0
-0
-0
-0
-0
-0
-0
-0
-0
-0
-0
-0
-0
-0
-0
-0
-0
-0
-0
21.271
-0
-0
10.4825
-0
-0
30.0299
-0
13.0144
-0
-0
-0
-0
-0
19.5918
22.8337
5.03028
-0
-0
-0
-0
-0
-0
-0
-0
-0
-0
-0
-0
32.4855
-0
-0
-0
-0
-0
-0
-0
-0
-0
7.70225
-0
-0
-0
-0
-0
8.19046
-0
-0
4.16177
-0
-0
-0
16.8567
12.3112
-0
18.2778
-0
19.7019
-0
-0
15.4117
-0
-0
-0
-0
-0
27.5337
-0
-0
-0
-0
-0
-0
-0
2.78718
0.968906
8.35841
-0
-0
-0
-0
-0
-0
-0
-0
-0
-0
-0
-0
32.5816
6.30442
4.82587
-0
-0
20.5914
-0
-0
-0
-0
-0
-0
0.54102
-0
53.5803
-0
-0
-0
6.64317
-0
-0
-0
-0
4.17303
-0
15.6269
-0
-0
-0
14.5492
5.87982
-0
-0
-0
-0
-0
20.3742
-0
-0
-0
-0
2.02627
-0
-0
5.72869
4.02955
-0
-0
-0
-0
-0
13.7606
-0
-0
-0
-0
-0
-0
-0
-0
-0
23.6642
-0
-0
-0
-0
7.59746
24.1148
-0
-0
16.9306
-0
-0
-0
-0
-0
-0
25.7448
-0
-0
-0
-0
-0
-0
25.4861
-0
2.46065
-0
-0
-0
-0
-0
-0
59.8549
32.2919
20.568
13.9688
-0
-0
-0
10.3824
-0
-0
-0
-0
-0
-0
-0
-0
5.31737
-0
-0
-0
-0
11.381
-0
-0
-0
-0
-0
-0
-0
-0
-0
-0
-0
-0
-0
-0
-0
11.1085
-0
12.1949
-0
-0
-0
-0
-0
-0
-0
53.9508
21.4871
-0
19.2724
-0
-0
-0
-0
18.7879
-0
-0
-0
-0
-0
-0
-0
-0
-0
4.44548
-0
-0
37.3187
-0
-0
-0
-0
-0
25.1481
-0
-0
-0
-0
-0
-0
-0
-0
-0
-0
-0
-0
-0
-0
2.43738
-0
-0
17.7599
-0
7.19338
-0
-0
-0
-0
-0
-0
-0
-0
-0
-0
-0
-0
-0
17.1223
-0
19.1224
-0
21.5134
-0
28.5043
0.913869
32.7213
27.3979
-0
-0
-0
-0
-0
31.4611
-0
-0
44.8524
-0
6.21056
6.96312
-0
-0
-0
26.3323
-0
-0
-0
-0
30.6847
-0
-0
53.9235
11.6128
-0
-0
-0
-0
27.7597
-0
-0
-0
-0
-0
4.75755
28.1491
-0
-0
-0
-0
5.30815
-0
-0
-0
16.1676
-0
17.6062
-0
-0
-0
29.4557
12.0941
35.8588
16.7599
-0
-0
-0
-0
-0
-0
-0
-0
-0
-0
15.3681
-0
3.65825
-0
15.5933
7.13
-0
0.887113
-0
26.5051
6.15904
-0
-0
-0
-0
-0
-0
-0
-0
-0
-0
-0
23.8017
-0
-0
-0
-0
-0
12.8277
-0
-0
16.9274
-0
-0
-0
53.2286
-0
46.6756
-0
-0
-0
-0
8.22105
-0
-0
-0
-0
-0
-0
-0
-0
54.9698
-0
21.2228
-0
-0
64.7365
-0
-0
-0
-0
-0
-0
-0
-0
-0
-0
-0
-0
-0
-0
16.268
6.44156
0.298179
-0
-0
-0
-0
-0
-0
19.9102
-0
-0
-0
-0
-0
-0
-0
-0
-0
6.9447
-0
-0
-0
-0
-0
-0
-0
-0
-0
-0
-0
-0
-0
-0
-0
-0
-0
-0
-0
-0
27.1495
-0
-0
-0
-0
-0
-0
-0
-0
-0
-0
-0
-0
-0
-0
-0
-0
-0
-0
16.483
22.2954
-0
-0
-0
-0
-0
-0
-0
20.7386
18.9318
-0
-0
8.49364
-0
-0
-0
-0
-0
-0
23.0618
-0
-0
-0
-0
-0
-0
-0
-0
-0
-0
4.89943
-0
-0
-0
-0
44.5868
36.7624
-0
-0
-0
-0
6.17864
-0
-0
6.29627
-0
-0
61.3571
-0
-0
-0
14.3175
-0
-0
-0
-0
-0
-0
-0
-0
-0
-0
-0
-0
35.9284
-0
0.494332
-0
-0
-0
2.18314
-0
-0
-0
-0
-0
-0
-0
-0
18.253
-0
-0
-0
-0
-0
-0
21.3528
-0
17.8439
-0
-0
-0
16.6684
-0
-0
-0
51.3341
-0
-0
-0
-0
82.4289
-0
-0
8.93505
-0
-0
29.2718
-0
-0
-0
-0
-0
-0
-0
-0
-0
-0
-0
-0
-0
-0
-0
-0
22.9754
-0
3.58845
56.9993
-0
-0
-0
-0
-0
-0
-0
-0
40.2064
6.64072
-0
-0
7.01909
-0
-0
-0
-0
-0
-0
-0
-0
-0
10.5084
-0
31.0961
-0
6.34454
2.55056
4.9331
-0
-0
-0
-0
-0
24.297
-0
-0
-0
-0
-0
-0
-0
15.2343
16.5712
-0
-0
-0
-0
-0
-0
-0
6.45818
-0
-0
-0
2.28254
-0
-0
-0
-0
11.4176
-0
-0
61.5367
-0
-0
42.7593
-0
-0
26.0161
-0
-0
-0
-0
-0
-0
-0
-0
-0
-0
24.9803
14.9852
21.8397
-0
-0
-0
-0
-0
-0
-0
-0
-0
9.23064
4.14237
-0
-0
-0
-0
-0
9.6939
-0
-0
-0
-0
-0
-0
-0
-0
-0
-0
-0
-0
-0
-0
-0
-0
-0
-0
-0
-0
-0
63.377
-0
-0
-0
-0
22.4537
-0
-0
-0
-0
-0
-0
-0
15.0431
7.1909
27.735
24.071
-0
-0
-0
-0
-0
-0
-0
-0
-0
-0
-0
14.3478
-0
1.3001
-0
-0
10.6877
-0
-0
-0
10.9392
0.313201
-0
-0
-0
-0
-0
-0
-0
-0
-0
6.01523
-0
-0
6.87481
-0
13.6322
-0
-0
-0
-0
-0
-0
-0
-0
-0
-0
-0
-0
-0
-0
-0
-0
-0
-0
-0
-0
-0
-0
-0
-0
-0
-0
-0
-0
0.754521
-0
-0
49.5848
-0
-0
-0
-0
-0
-0
-0
-0
-0
-0
-0
-0
-0
-0
-0
-0
-0
-0
4.94241
-0
-0
-0
-0
-0
-0
-0
-0
10.4524
-0
29.8762
8.37239
-0
-0
-0
-0
-0
-0
0.512196
-0
-0
-0
-0
38.8379
6.14132
28.6087
-0
-0
-0
33.7921
-0
14.1805
-0
-0
-0
-0
-0
54.4645
-0
-0
-0
-0
-0
-0
-0
-0
-0
19.3427
-0
-0
-0
-0
-0
-0
30.6573
-0
-0
16.7379
-0
-0
-0
-0
-0
-0
-0
-0
-0
-0
76.9789
-0
-0
-0
10.6168
-0
-0
11.6811
-0
-0
-0
5.64142
-0
-0
57.7103
-0
1.08654
-0
-0
-0
-0
-0
-0
-0
-0
1.84895
-0
46.0368
-0
-0
11.1954
-0
-0
-0
-0
6.91812
-0
-0
-0
-0
20.229
-0
-0
-0
-0
-0
10.8879
16.8938
-0
-0
8.97831
-0
-0
5.08542
58.4452
-0
-0
-0
-0
20.7699
-0
-0
5.03607
-0
-0
45.5636
-0
-0
31.8906
32.1121
-0
-0
-0
-0
15.5593
-0
-0
-0
-0
9.81759
-0
42.8453
-0
-0
-0
-0
0.713755
-0
9.92223
-0
-0
-0
-0
-0
-0
-0
-0
-0
-0
34.8612
7.8131
-0
-0
-0
-0
25.2881
-0
4.13215
16.4391
-0
-0
-0
2.84925
19.1061
30.325
-0
-0
22.9048
-0
-0
-0
12.4581
-0
-0
-0
5.59515
-0
-0
41.8681
-0
-0
-0
-0
-0
-0
-0
-0
-0
-0
14.8829
-0
-0
5.10255
-0
-0
-0
-0
6.84429
41.9455
-0
1.59604
-0
20.4052
-0
-0
-0
-0
-0
2.0171
-0
-0
-0
-0
-0
-0
-0
-0
-0
-0
-0
-0
-0
-0
-0
18.1611
-0
-0
-0
-0
34.5959
-0
11.0643
-0
-0
-0
-0
-0
-0
-0
-0
-0
-0
-0
-0
-0
-0
22.998
34.4567
-0
24.681
-0
-0
-0
44.9803
-0
-0
-0
-0
-0
-0
-0
0.979887
0.40891
-0
44.4956
33.384
20.4974
-0
-0
-0
-0
37.6771
56.3005
-0
-0
17.98
-0
-0
12.3937
-0
-0
28.3054
-0
-0
-0
16.6842
-0
-0
-0
-0
-0
-0
-0
-0
-0
-0
40.4345
-0
-0
-0
-0
-0
0.856938
29.5273
-0
5.68503
-0
-0
-0
-0
-0
-0
27.4699
10.6096
-0
1.26525
-0
-0
-0
-0
-0
-0
-0
-0
-0
27.3064
-0
-0
13.4738
-0
-0
-0
-0
11.5767
2.20399
-0
-0
-0
5.80563
-0
-0
-0
-0
-0
-0
50.2239
-0
-0
-0
-0
-0
-0
-0
-0
5.00527
-0
-0
-0
-0
-0
-0
-0
19.6506
5.89927
-0
9.17649
-0
-0
-0
2.03908
-0
-0
-0
-0
-0
-0
-0
51.0812
-0
9.83431
3.40023
22.6328
-0
7.77808
-0
-0
-0
-0
46.8007
26.9416
-0
18.7631
-0
-0
-0
-0
-0
-0
-0
-0
-0
-0
-0
-0
-0
-0
-0
-0
-0
-0
-0
-0
-0
-0
-0
-0
-0
-0
-0
-0
-0
-0
-0
37.2461
-0
-0
-0
-0
-0
-0
0.642305
4.50147
-0
-0
-0
-0
-0
-0
-0
-0
-0
-0
2.97339
45.4779
-0
17.4903
-0
-0
0.846993
-0
2.37779
-0
-0
-0
-0
-0
-0
-0
-0
52.7297
-0
5.82444
-0
-0
-0
-0
-0
-0
-0
-0
-0
-0
-0
18.84
-0
-0
-0
-0
-0
-0
-0
-0
-0
-0
-0
-0
0.393869
-0
-0
0.501851
-0
-0
-0
-0
-0
-0
-0
-0
15.5154
-0
11.8764
3.55737
-0
-0
16.9318
-0
-0
-0
-0
-0
-0
-0
-0
-0
17.39
30.6789
41.8986
-0
-0
-0
1.37678
-0
-0
0.52301
-0
-0
-0
-0
-0
34.5853
36.0791
3.09214
19.355
-0
-0
-0
-0
-0
-0
-0
5.5452
-0
-0
-0
-0
-0
-0
-0
-0
-0
-0
-0
-0
-0
13.3799
-0
-0
-0
-0
-0
-0
-0
-0
-0
-0
-0
-0
-0
17.8539
-0
-0
-0
23.453
21.5929
-0
-0
-0
-0
-0
-0
-0
-0
-0
-0
-0
20.4245
-0
-0
-0
-0
-0
-0
-0
-0
-0
-0
-0
5.87815
37.657
-0
-0
-0
-0
-0
-0
-0
-0
-0
-0
0.447932
-0
-0
-0
-0
-0
-0
3.16527
-0
-0
35.5964
-0
-0
22.4548
-0
-0
-0
-0
-0
-0
-0
-0
20.0772
-0
-0
-0
-0
23.0575
-0
-0
-0
-0
-0
28.891
-0
-0
-0
39.9961
-0
-0
-0
-0
-0
-0
2.79999
-0
-0
-0
7.73772
-0
-0
-0
-0
-0
-0
11.3245
34.6307
41.4319
-0
2.83228
-0
-0
-0
-0
-0
2.90098
-0
-0
17.3139
-0
-0
-0
-0
2.89556
9.86342
-0
5.85025
-0
-0
1.15338
-0
-0
-0
-0
-0
-0
13.6312
-0
-0
-0
38.832
-0
-0
-0
-0
-0
-0
-0
-0
-0
-0
-0
-0
-0
24.461
-0
1.734
-0
-0
-0
-0
-0
-0
-0
-0
-0
-0
-0
-0
-0
33.4607
-0
-0
-0
-0
21.555
-0
-0
-0
7.55762
-0
-0
-0
-0
-0
-0
10.0423
-0
10.0786
-0
-0
-0
0.0827523
-0
5.37649
-0
-0
-0
36.6619
-0
-0
-0
-0
1.79134
-0
-0
-0
-0
22.599
-0
-0
-0
-0
-0
-0
-0
-0
-0
-0
-0
-0
-0
1.03197
1.99984
-0
-0
-0
-0
-0
31.3897
-0
3.39625
1.45999
-0
-0
-0
13.5607
-0
9.59944
-0
-0
-0
-0
-0
41.4612
-0
-0
-0
-0
-0
14.2968
-0
-0
-0
-0
11.4012
-0
-0
-0
-0
18.0699
-0
-0
-0
-0
-0
-0
-0
-0
-0
2.60223
-0
-0
-0
-0
18.4554
-0
15.2856
-0
-0
-0
-0
-0
-0
-0
-0
-0
-0
8.47001
15.0207
-0
-0
-0
26.1124
-0
-0
-0
6.36539
-0
-0
-0
-0
-0
-0
13.9962
13.8624
27.4781
-0
43.5988
41.9704
-0
13.395
-0
12.3505
-0
-0
-0
-0
-0
-0
-0
3.84604
-0
-0
-0
28.9343
9.40575
-0
-0
-0
3.74486
-0
28.4192
-0
-0
-0
-0
-0
-0
-0
-0
-0
20.6163
-0
42.5575
-0
-0
-0
53.9408
-0
19.548
5.76938
12.7581
-0
-0
-0
-0
-0
-0
-0
-0
-0
-0
-0
-0
-0
-0
-0
-0
9.39282
22.5577
-0
35.9012
-0
-0
-0
-0
-0
-0
-0
-0
8.95319
-0
-0
-0
-0
-0
-0
50.7332
-0
-0
-0
-0
-0
-0
-0
-0
-0
-0
-0
-0
-0
-0
-0
26.8016
-0
-0
-0
3.66291
-0
17.1698
44.9116
16.3478
-0
-0
-0
8.3527
1.83115
-0
-0
7.46167
16.7846
-0
-0
-0
-0
-0
-0
-0
1.21066
1.1994
-0
-0
-0
-0
20.8894
23.8348
-0
-0
12.7422
-0
27.4668
-0
22.249
-0
0.751966
13.5769
30.1648
26.9437
-0
-0
-0
12.5873
-0
-0
-0
-0
-0
-0
-0
-0
-0
-0
-0
-0
-0
-0
-0
-0
-0
-0
-0
-0
-0
-0
-0
-0
-0
-0
28.3208
-0
-0
-0
-0
-0
-0
-0
-0
-0
-0
-0
-0
-0
21.2353
-0
-0
-0
-0
-0
13.4645
-0
46.9243
-0
-0
-0
-0
-0
-0
-0
1.47745
-0
-0
15.7824
-0
-0
16.7167
-0
21.7061
6.05167
-0
15.0607
-0
-0
-0
-0
-0
-0
-0
-0
-0
-0
5.09515
-0
-0
27.9928
-0
-0
-0
12.1892
-0
-0
-0
-0
-0
-0
-0
-0
-0
-0
4.93435
1.5581
14.0328
-0
-0
-0
-0
-0
-0
-0
-0
-0
19.0204
-0
6.63314
-0
-0
-0
20.9454
-0
-0
-0
-0
36.6386
-0
44.6531
-0
7.55831
-0
-0
-0
-0
-0
-0
-0
23.6066
-0
-0
-0
-0
-0
-0
-0
-0
-0
-0
-0
-0
-0
-0
-0
28.0118
27.7184
-0
-0
-0
-0
-0
-0
-0
-0
-0
-0
-0
-0
-0
-0
24.6678
26.3302
-0
-0
-0
-0
-0
-0
-0
-0
4.65772
-0
-0
-0
-0
-0
-0
-0
-0
-0
-0
6.33191
18.5135
-0
-0
2.84043
-0
-0
-0
-0
-0
-0
-0
-0
-0
-0
-0
60.7601
-0
-0
19.4692
-0
0.539229
35.1032
13.8658
-0
-0
-0
-0
-0
-0
-0
-0
-0
-0
-0
3.85038
65.9779
-0
-0
-0
17.7213
-0
-0
-0
10.5106
-0
5.41846
-0
0.774183
-0
-0
-0
-0
-0
-0
-0
-0
1.26752
-0
-0
-0
-0
-0
-0
-0
-0
-0
-0
-0
-0
24.0628
26.3662
-0
24.39
-0
7.58057
-0
-0
-0
-0
-0
-0
-0
-0
-0
4.48069
-0
-0
-0
-0
-0
3.01986
-0
-0
-0
1.25943
-0
-0
1.1988
1.88365
-0
-0
13.0478
-0
8.20328
-0
-0
-0
-0
-0
-0
1.01139
14.4609
-0
-0
-0
-0
-0
26.9589
-0
-0
-0
1.90401
15.2927
-0
-0
5.9796
0.205775
-0
-0
21.1749
-0
18.1059
6.12166
-0
21.9714
-0
-0
-0
-0
-0
-0
-0
-0
-0
12.7743
-0
-0
-0
-0
22.2958
-0
-0
-0
-0
-0
-0
-0
-0
4.13866
5.38904
-0
-0
-0
-0
0.880408
-0
-0
-0
-0
-0
-0
-0
-0
-0
-0
-0
-0
-0
-0
9.54986
-0
-0
-0
0.046411
-0
-0
24.8042
-0
-0
-0
-0
11.0251
-0
-0
-0
-0
-0
-0
27.5592
-0
-0
18.0767
-0
-0
-0
-0
-0
40.6971
-0
-0
19.974
-0
-0
-0
-0
14.1964
-0
-0
-0
-0
-0
-0
31.5002
-0
-0
-0
-0
-0
7.15527
-0
-0
6.81969
-0
9.64058
0.377837
18.2191
0.52105
17.4842
9.63242
35.3211
-0
-0
-0
-0
-0
-0
-0
-0
-0
-0
1.01759
-0
0.291681
6.91748
-0
36.2004
-0
-0
-0
-0
0.408519
-0
-0
-0
-0
4.10625
-0
-0
4.65234
-0
-0
8.8273
-0
0.815834
-0
-0
-0
-0
-0
-0
-0
5.24718
-0
-0
1.88229
12.7473
-0
-0
-0
-0
-0
-0
23.1647
-0
3.1211
-0
-0
-0
-0
-0
-0
-0
41.6026
-0
-0
-0
4.0484
16.0207
-0
-0
-0
-0
-0
8.05218
-0
-0
-0
-0
-0
-0
-0
-0
-0
-0
-0
4.02818
9.89966
-0
-0
-0
-0
-0
-0
-0
18.4513
-0
-0
3.20663
-0
-0
-0
-0
-0
-0
-0
-0
-0
-0
-0
-0
-0
-0
-0
34.9136
-0
-0
-0
-0
-0
-0
-0
29.8869
-0
-0
-0
19.6299
-0
-0
-0
-0
-0
-0
-0
-0
-0
4.0502
-0
-0
-0
-0
-0
-0
22.5465
3.93866
-0
-0
-0
-0
-0
-0
-0
-0
-0
-0
-0
17.0127
-0
20.856
-0
-0
-0
-0
-0
-0
-0
-0
-0
21.8539
1.75493
15.7829
-0
-0
-0
0.0803272
-0
12.2679
-0
-0
-0
-0
-0
2.44029
-0
-0
-0
-0
-0
-0
-0
-0
-0
-0
-0
-0
-0
4.81998
-0
10.5724
13.7237
-0
-0
-0
-0
-0
-0
-0
-0
-0
40.9724
-0
-0
-0
-0
-0
-0
-0
-0
-0
-0
-0
12.8928
10.5697
-0
13.3782
-0
-0
-0
-0
-0
3.42906
-0
60.9333
40.878
-0
-0
-0
-0
-0
-0
-0
-0
-0
-0
40.0309
-0
-0
-0
-0
-0
23.4451
-0
-0
-0
-0
-0
-0
-0
31.7765
-0
-0
-0
-0
17.8232
-0
41.4338
-0
8.24204
-0
25.2508
-0
-0
-0
-0
-0
6.69078
-0
-0
5.2903
-0
-0
-0
-0
-0
-0
-0
14.4094
-0
-0
4.45233
-0
10.0383
-0
-0
-0
-0
4.7811
-0
-0
16.2595
12.4246
-0
-0
-0
10.6984
-0
-0
41.1293
-0
-0
38.9194
-0
-0
-0
20.4889
-0
-0
12.9849
-0
-0
39.7651
-0
-0
-0
-0
-0
-0
-0
-0
-0
-0
-0
-0
22.8025
-0
23.7806
-0
-0
-0
-0
-0
-0
-0
-0
-0
-0
7.00309
-0
-0
2.08573
-0
-0
8.61734
-0
-0
-0
39.4074
-0
-0
-0
-0
-0
8.04837
-0
13.0038
-0
14.3928
16.9928
-0
-0
-0
-0
-0
-0
-0
-0
-0
-0
-0
-0
-0
40.253
6.47153
34.8677
-0
14.6537
-0
-0
-0
-0
-0
-0
37.3208
-0
43.8915
-0
-0
-0
-0
-0
-0
-0
-0
16.7376
-0
-0
24.6394
30.4965
-0
-0
-0
-0
-0
-0
-0
26.3311
-0
64.6777
-0
-0
-0
7.00883
6.70068
-0
-0
-0
-0
-0
20.8341
34.862
-0
-0
-0
-0
-0
-0
-0
-0
-0
-0
-0
-0
-0
28.6806
-0
-0
7.22994
-0
-0
-0
-0
-0
-0
-0
13.5523
-0
-0
-0
-0
-0
3.35573
-0
-0
-0
-0
-0
-0
-0
-0
-0
8.64133
-0
-0
-0
-0
-0
-0
18.0409
-0
-0
-0
23.3626
-0
-0
-0
-0
42.6726
18.4929
-0
-0
27.6173
-0
14.6335
-0
24.8905
-0
21.9446
-0
15.3466
-0
-0
14.4922
-0
-0
-0
-0
8.92429
-0
-0
23.5701
-0
-0
-0
-0
-0
-0
40.2055
-0
18.8906
-0
-0
-0
-0
-0
-0
-0
-0
-0
-0
-0
-0
-0
20.1251
-0
32.0319
45.6267
3.32008
-0
-0
-0
-0
6.64717
-0
-0
-0
-0
-0
17.265
-0
-0
-0
13.3518
-0
-0
-0
-0
-0
-0
-0
-0
-0
-0
24.2461
-0
-0
-0
-0
-0
-0
-0
-0
-0
-0
-0
-0
0.564269
62.5989
-0
-0
24.4103
10.5052
-0
-0
-0
-0
-0
-0
-0
-0
-0
-0
-0
38.8003
-0
-0
-0
-0
3.63044
-0
-0
28.6522
-0
38.5676
-0
-0
19.5036
-0
-0
-0
7.79074
5.04134
-0
-0
-0
12.9256
-0
-0
-0
-0
-0
3.63218
-0
-0
-0
-0
-0
8.68892
0.565178
-0
3.62192
-0
-0
-0
-0
-0
-0
-0
-0
-0
40.8772
-0
-0
-0
-0
-0
-0
-0
-0
-0
-0
-0
-0
-0
43.6526
-0
4.505
6.16793
-0
-0
-0
-0
-0
-0
-0
13.1896
-0
-0
-0
-0
-0
-0
-0
-0
-0
-0
-0
-0
-0
-0
-0
-0
-0
-0
-0
-0
-0
-0
21.9165
-0
-0
-0
-0
-0
-0
-0
19.185
-0
-0
-0
-0
36.5488
-0
-0
-0
15.8365
-0
-0
1.19389
-0
-0
-0
18.8398
-0
-0
-0
-0
11.7607
-0
25.9141
81.1081
28.8434
-0
4.4399
18.9301
-0
6.65442
-0
-0
-0
-0
-0
-0
-0
-0
3.24639
-0
-0
-0
-0
-0
-0
7.08125
-0
11.187
7.53156
-0
-0
8.62516
-0
26.0373
32.0056
-0
-0
-0
17.4923
-0
-0
-0
12.0656
-0
-0
-0
-0
-0
-0
-0
-0
11.824
-0
9.32759
-0
-0
-0
-0
-0
5.31406
17.0606
-0
-0
-0
9.45277
-0
-0
-0
64.8447
-0
-0
-0
-0
9.84393
-0
4.9519
-0
