0.251517
-0
-0
-0
-0
-0
-0
17.9284
14.8539
-0
9.79604
-0
-0
-0
-0
11.6866
2.20894
-0
-0
-0
-0
-0
-0
-0
18.1719
12.6285
-0
-0
-0
-0
-0
-0
-0
-0
9.18987
-0
-0
-0
-0
-0
-0
-0
14.3575
14.9099
2.39536
-0
-0
22.0465
-0
16.639
-0
-0
-0
-0
-0
-0
35.8894
0.931976
-0
-0
-0
-0
-0
8.72377
13.7106
-0
24.2841
0.579268
-0
0.126271
-0
-0
6.57282
-0
-0
10.1593
5.01285
-0
-0
-0
-0
26.2146
-0
-0
7.62595
-0
-0
-0
-0
-0
0.646378
-0
-0
-0
3.99814
-0
16.268
15.1725
11.5156
-0
-0
-0
-0
-0
22.42
-0
0.162897
7.92441
-0
20.9627
16.2986
-0
0.0457385
-0
20.6927
20.5001
27.2589
-0
45.3714
42.8248
1.75874
25.1931
-0
-0
13.3622
-0
14.6674
-0
-0
-0
-0
-0
-0
-0
-0
0.118513
-0
-0
-0
5.08189
11.1021
-0
-0
-0
61.0434
-0
6.60026
8.93396
-0
-0
14.2578
-0
-0
27.3901
21.6446
-0
31.0949
-0
-0
0.44418
9.02571
-0
-0
21.5581
-0
32.0727
11.9071
-0
-0
35.5195
-0
11.2279
20.3173
-0
0.604059
-0
-0
-0
15.4346
-0
-0
-0
-0
-0
-0
29.6069
-0
-0
-0
57.1382
-0
0.68845
88.8978
9.02779
18.7254
-0
-0
26.7228
13.341
-0
5.43385
-0
33.2115
-0
-0
-0
-0
-0
20.4333
-0
-0
-0
6.3045
-0
6.14033
7.10838
-0
29.4965
-0
-0
-0
-0
-0
-0
-0
-0
-0
-0
13.7433
14.5622
-0
12.8956
-0
-0
-0
-0
-0
-0
-0
-0
-0
-0
6.89517
-0
-0
-0
-0
-0
6.23552
-0
-0
-0
-0
-0
8.15702
-0
-0
15.6511
-0
-0
-0
4.46807
-0
-0
-0
-0
-0
10.6432
-0
-0
-0
16.2002
27.0963
24.123
-0
-0
7.07187
-0
-0
-0
-0
5.78481
-0
30.1305
-0
-0
-0
18.5685
-0
-0
-0
16.8142
-0
-0
3.74733
-0
-0
-0
-0
14.5658
-0
-0
5.35846
1.93856
-0
11.3008
-0
-0
24.2595
-0
14.8575
26.853
-0
-0
-0
2.39072
-0
-0
-0
0.998569
-0
-0
-0
-0
23.6809
-0
-0
-0
-0
5.28626
-0
-0
-0
-0
-0
0.51648
-0
10.6643
-0
6.9287
-0
-0
-0
15.1118
-0
-0
7.2867
8.6328
-0
-0
4.43103
-0
10.0948
-0
17.9594
-0
-0
-0
-0
4.85727
35.1025
-0
-0
9.62876
30.2092
0.951776
-0
-0
-0
-0
-0
-0
0.22759
27.133
-0
-0
2.40139
-0
-0
-0
-0
-0
-0
-0
-0
2.10397
12.901
-0
-0
-0
1.52209
-0
-0
-0
-0
24.496
-0
-0
-0
9.88223
21.8905
-0
-0
-0
-0
-0
-0
-0
-0
-0
-0
-0
-0
-0
41.701
1.69281
-0
-0
-0
-0
-0
-0
-0
-0
16.6646
6.69013
-0
21.2436
27.2819
2.81934
-0
-0
-0
21.9359
-0
-0
4.1293
-0
-0
-0
-0
-0
27.2503
-0
-0
-0
-0
0.317554
-0
-0
8.49694
-0
-0
-0
9.20529
-0
9.15968
39.8929
-0
-0
-0
-0
48.2691
-0
16.4367
-0
-0
-0
33.9481
-0
-0
-0
-0
-0
0.0475816
-0
6.38089
-0
-0
-0
-0
-0
-0
-0
8.22139
6.80288
-0
-0
-0
5.52128
10.9139
-0
7.57319
10.8764
-0
20.3118
-0
-0
-0
17.657
-0
-0
-0
-0
15.1387
-0
7.54513
-0
-0
-0
-0
-0
-0
-0
-0
8.96659
-0
-0
1.0887
-0
-0
-0
-0
1.04251
-0
-0
-0
44.5461
14.0362
-0
-0
-0
-0
-0
23.7478
-0
17.1513
-0
-0
-0
-0
-0
-0
-0
-0
-0
-0
33.4722
-0
34.8275
-0
-0
-0
-0
16.1508
-0
-0
-0
-0
28.5239
-0
-0
7.96996
-0
-0
-0
-0
-0
-0
22.8358
-0
52.5013
7.74641
42.9355
31.3731
-0
-0
-0
-0
-0
6.59849
-0
-0
-0
16.6721
41.055
-0
10.6925
41.0795
18.4711
-0
-0
-0
-0
-0
16.1281
-0
-0
37.5681
-0
-0
-0
-0
-0
-0
-0
-0
-0
20.2012
32.2574
-0
-0
11.0983
-0
-0
-0
26.3294
40.6542
-0
3.76722
-0
-0
-0
-0
-0
-0
-0
-0
34.0158
-0
-0
-0
-0
-0
-0
-0
-0
-0
-0
-0
-0
-0
-0
-0
-0
10.6909
-0
-0
-0
-0
-0
-0
-0
-0
-0
3.38435
4.40796
3.35619
-0
9.47839
31.0919
-0
-0
6.23644
-0
-0
-0
-0
-0
-0
15.2217
-0
14.0521
-0
39.1731
11.3742
-0
-0
-0
50.9107
-0
17.089
-0
-0
-0
-0
-0
-0
-0
-0
-0
-0
14.892
-0
-0
-0
11.9207
-0
-0
7.88323
9.78165
-0
-0
-0
27.595
-0
-0
-0
22.8524
-0
-0
-0
-0
44.3858
-0
-0
-0
-0
-0
38.8438
-0
-0
-0
-0
-0
-0
-0
-0
16.7542
-0
-0
4.80202
-0
-0
1.87881
11.533
-0
1.31473
10.0538
-0
-0
-0
-0
-0
-0
30.0971
-0
20.4227
-0
12.153
-0
-0
-0
-0
1.42633
-0
49.5724
3.46301
35.1009
-0
-0
16.147
-0
-0
14.397
17.8266
28.1111
-0
-0
-0
-0
-0
-0
0.943053
3.31356
0.62233
-0
-0
-0
18.0791
-0
-0
-0
-0
17.6829
-0
-0
28.584
-0
-0
-0
-0
53.8756
-0
-0
-0
14.5059
-0
-0
-0
-0
-0
6.6983
-0
-0
-0
-0
16.9815
27.8395
-0
-0
-0
-0
-0
-0
-0
-0
-0
-0
37.0368
-0
-0
9.51259
-0
-0
-0
-0
10.5892
9.84847
-0
26.6217
-0
8.99236
-0
-0
-0
10.1255
37.9797
-0
-0
-0
-0
-0
-0
-0
-0
-0
17.604
-0
12.2771
11.9385
-0
-0
1.22336
-0
7.5687
11.6284
-0
-0
-0
-0
-0
-0
-0
-0
-0
-0
-0
-0
-0
-0
-0
0.272131
2.62963
-0
-0
15.7218
-0
-0
-0
4.60253
27.7493
-0
6.84621
-0
18.1508
34.4832
26.1512
-0
-0
-0
-0
-0
-0
-0
-0
35.0983
-0
-0
22.6593
-0
7.70151
-0
-0
-0
-0
51.1373
-0
-0
-0
4.82533
23.9793
-0
-0
-0
-0
0.518685
16.3396
-0
10.4486
2.29639
-0
-0
-0
10.9706
-0
-0
-0
-0
-0
-0
-0
-0
-0
-0
-0
-0
-0
-0
9.98857
37.9785
14.0066
-0
12.784
19.0483
-0
-0
-0
-0
-0
2.66906
-0
4.46896
-0
-0
15.6663
-0
1.16071
-0
0.969205
-0
-0
34.1741
-0
5.10108
34.6622
-0
-0
-0
1.97018
-0
-0
-0
17.9846
-0
-0
-0
-0
-0
-0
-0
-0
-0
-0
11.9269
-0
-0
-0
-0
-0
-0
12.324
3.01621
-0
-0
22.8632
-0
14.0916
-0
-0
-0
13.2078
2.38617
-0
-0
-0
-0
-0
-0
3.23479
0.0533283
-0
-0
-0
1.36867
12.7989
-0
-0
-0
-0
-0
-0
27.1216
8.87971
38.4357
-0
-0
8.00377
-0
-0
-0
-0
-0
-0
17.6145
-0
-0
-0
15.3689
-0
20.8291
-0
-0
-0
-0
30.5199
-0
11.0308
10.9516
5.99828
-0
31.8663
6.82097
-0
2.08962
-0
-0
-0
-0
-0
-0
-0
18.0774
-0
-0
29.9239
-0
-0
-0
-0
-0
-0
-0
-0
14.4729
21.6544
-0
-0
51.4616
-0
-0
-0
-0
-0
-0
-0
-0
11.2172
48.131
-0
0.746709
-0
-0
-0
-0
22.3552
-0
-0
-0
13.2479
-0
-0
22.7088
-0
-0
-0
10.6225
-0
-0
-0
2.72624
2.12538
-0
-0
-0
-0
-0
0.572957
27.9661
-0
-0
2.43291
-0
-0
-0
-0
-0
-0
-0
10.0471
-0
3.83082
-0
4.22796
-0
-0
-0
-0
-0
10.0311
0.489942
-0
-0
-0
42.6291
-0
-0
-0
-0
34.7936
28.7066
-0
-0
-0
-0
31.6984
-0
-0
36.2553
-0
-0
39.0632
-0
-0
-0
-0
-0
-0
-0
-0
-0
42.1635
-0
-0
-0
-0
-0
-0
-0
-0
-0
-0
7.00952
46.5815
-0
-0
35.7103
-0
-0
-0
-0
-0
-0
-0
-0
-0
-0
10.2754
-0
42.3619
-0
-0
-0
-0
-0
35.3831
-0
-0
-0
-0
-0
-0
28.0641
33.8872
1.85453
23.7887
-0
-0
-0
-0
4.96425
-0
-0
-0
-0
-0
-0
-0
24.0035
-0
-0
31.9164
-0
-0
2.0567
9.68829
-0
-0
16.6823
-0
28.1874
-0
-0
-0
-0
-0
4.05973
-0
-0
25.08
-0
-0
11.8074
-0
-0
-0
34.8301
-0
-0
-0
20.1558
-0
-0
12.1354
-0
-0
-0
-0
-0
5.95094
-0
-0
-0
11.6424
-0
-0
3.36991
-0
0.537973
-0
-0
-0
30.9205
-0
-0
-0
-0
54.6986
-0
9.90771
-0
-0
-0
8.99093
-0
50.0292
27.888
-0
27.7787
-0
14.3461
11.4112
-0
-0
-0
7.45659
48.5526
49.9968
-0
1.14802
27.1507
12.0673
-0
-0
-0
-0
-0
1.70252
-0
17.8277
-0
-0
44.3407
-0
23.8197
-0
-0
29.814
-0
-0
10.5008
-0
-0
-0
9.38361
-0
-0
-0
-0
0.367536
23.4019
0.73964
25.5337
-0
3.1209
-0
60.1515
-0
-0
7.06651
-0
-0
-0
15.8152
-0
-0
1.23031
-0
-0
5.5578
-0
-0
2.89659
17.6897
-0
-0
26.1304
-0
-0
27.9252
-0
27.4628
-0
0.657683
-0
2.67708
-0
-0
-0
-0
-0
5.15589
7.24413
-0
-0
-0
-0
-0
-0
-0
-0
-0
18.6489
-0
20.3672
-0
-0
-0
-0
-0
-0
-0
-0
-0
-0
26.7117
51.9996
-0
-0
-0
-0
-0
-0
-0
9.43309
49.0906
-0
-0
-0
-0
11.1294
-0
-0
-0
-0
-0
-0
7.00574
1.90624
-0
-0
-0
-0
-0
-0
36.1372
-0
1.84747
28.7411
-0
-0
13.5567
0.0130107
39.0258
-0
-0
-0
-0
-0
-0
-0
-0
-0
17.9103
-0
22.2486
-0
-0
-0
-0
-0
-0
-0
-0
-0
-0
-0
-0
3.19713
-0
-0
15.056
-0
-0
-0
72.357
-0
-0
-0
11.4116
-0
-0
-0
3.88164
-0
-0
-0
-0
-0
-0
18.8397
-0
10.5722
17.0862
41.261
-0
-0
-0
12.4906
-0
-0
-0
-0
-0
15.9071
-0
40.5589
9.96335
-0
-0
5.56826
17.439
-0
-0
26.4943
-0
-0
-0
0.436164
-0
14.4204
-0
-0
-0
-0
8.31619
-0
-0
-0
-0
24.8524
-0
-0
-0
-0
-0
-0
-0
-0
-0
-0
-0
-0
-0
-0
-0
-0
-0
-0
-0
0.437033
19.0764
-0
-0
-0
-0
-0
-0
-0
1.05953
-0
-0
2.59694
17.4027
-0
-0
-0
18.4572
-0
-0
-0
-0
-0
-0
-0
-0
-0
6.25938
-0
-0
-0
3.29625
-0
45.6422
3.96762
-0
-0
-0
-0
-0
-0
59.6728
-0
-0
14.0989
-0
-0
-0
17.5907
26.9457
-0
-0
14.926
-0
30.6055
-0
-0
-0
-0
55.0531
-0
-0
-0
-0
4.64093
-0
14.937
-0
-0
-0
-0
5.02125
-0
-0
-0
-0
-0
-0
-0
-0
10.0397
24.0588
28.1415
-0
-0
18.4686
16.4944
-0
-0
8.46425
-0
-0
-0
30.3779
20.1911
32.4234
-0
9.62644
-0
-0
18.5922
-0
-0
-0
-0
-0
-0
1.97299
-0
49.4726
4.90998
-0
-0
-0
60.5372
18.2121
26.9064
20.0752
24.7161
-0
26.2071
3.4808
8.10603
10.7864
-0
-0
-0
-0
-0
-0
-0
-0
-0
-0
-0
-0
14.7818
-0
-0
-0
-0
-0
9.10276
-0
-0
-0
24.0471
21.4564
-0
5.13479
-0
-0
-0
27.9718
-0
5.21348
-0
20.0938
4.62053
-0
-0
-0
-0
-0
-0
-0
5.29059
0.143574
30.9898
-0
-0
0.134067
32.3162
-0
-0
6.08102
-0
-0
-0
-0
-0
-0
-0
-0
-0
-0
-0
-0
-0
-0
-0
16.6563
-0
-0
-0
-0
9.03894
32.3518
22.6137
-0
-0
-0
-0
-0
-0
-0
-0
2.36931
25.1337
-0
-0
-0
-0
-0
-0
12.3802
6.27174
15.6089
-0
-0
-0
-0
-0
-0
1.52798
-0
-0
8.7886
-0
-0
-0
-0
4.14626
-0
-0
25.3142
2.26828
-0
11.4389
18.4076
-0
1.42227
-0
-0
-0
0.40063
20.2024
29.3103
-0
-0
15.5052
0.86378
-0
-0
-0
-0
-0
-0
-0
-0
-0
4.55205
24.3125
26.1601
-0
-0
-0
-0
-0
-0
14.5918
-0
-0
-0
-0
-0
17.2333
5.00872
-0
-0
-0
-0
-0
-0
-0
33.0785
-0
-0
-0
-0
0.37121
-0
7.35536
-0
32.4332
-0
-0
-0
5.08113
-0
-0
-0
-0
-0
-0
-0
-0
-0
5.19051
-0
12.6931
-0
-0
-0
-0
-0
-0
-0
-0
-0
-0
-0
33.8808
18.5326
24.9457
-0
-0
-0
61.9716
-0
4.49294
-0
-0
-0
-0
-0
6.27544
-0
-0
-0
-0
10.0778
-0
-0
-0
17.5462
-0
4.97483
-0
30.891
29.3081
-0
-0
22.9958
-0
-0
6.6172
-0
-0
-0
-0
-0
-0
12.1042
29.4188
-0
-0
34.5688
12.8278
40.7702
-0
7.96363
47.8444
-0
29.6075
13.1617
-0
-0
13.0403
-0
-0
-0
9.79996
2.27724
-0
-0
-0
4.67945
9.87263
-0
-0
-0
-0
-0
-0
-0
-0
20.7931
-0
-0
10.6446
-0
31.1975
21.9752
-0
12.6318
-0
40.0568
-0
15.762
3.48362
-0
-0
-0
-0
-0
-0
-0
-0
-0
-0
-0
-0
9.25984
-0
-0
3.87734
3.3533
-0
17.6167
10.1851
-0
40.9229
25.9167
-0
-0
18.341
-0
-0
-0
-0
1.6833
-0
28.4421
-0
0.124004
8.8373
9.78695
3.5791
-0
-0
-0
-0
2.57153
-0
51.1239
-0
26.8735
-0
-0
-0
8.57487
-0
-0
-0
10.4951
21.7585
-0
-0
-0
-0
-0
25.5326
-0
-0
-0
-0
35.0147
-0
9.77661
22.691
25.5743
-0
-0
-0
-0
-0
2.86851
17.0538
5.98636
35.9759
-0
7.80547
-0
-0
28.3049
5.95362
-0
-0
-0
-0
-0
1.75123
-0
-0
-0
37.0638
-0
-0
-0
-0
7.08427
-0
-0
13.8426
15.1376
-0
3.51822
27.6939
-0
-0
-0
-0
8.73013
9.69527
-0
-0
-0
-0
-0
-0
-0
-0
-0
-0
-0
-0
23.2153
1.67538
-0
-0
5.50039
-0
-0
-0
-0
-0
-0
9.12589
-0
30.2101
-0
-0
-0
-0
22.8147
-0
-0
2.70805
7.23851
-0
-0
-0
8.22005
18.5201
-0
1.15514
3.36438
-0
4.52297
10.4281
-0
-0
19.6699
2.70088
-0
7.24007
14.0867
21.5578
14.5773
-0
-0
-0
-0
18.9964
-0
11.5535
-0
6.31795
11.7045
-0
6.95077
-0
-0
12.8791
-0
-0
-0
-0
-0
-0
30.5751
-0
-0
-0
18.8206
-0
-0
-0
-0
-0
-0
-0
18.3743
36.9231
-0
-0
-0
-0
13.7735
-0
-0
-0
1.91076
-0
-0
0.00664029
20.437
-0
32.0744
-0
-0
-0
-0
-0
-0
-0
2.60134
-0
8.92012
-0
39.0488
16.4005
12.4972
0.142446
31.1875
-0
-0
25.1925
-0
-0
5.06874
-0
-0
-0
-0
-0
11.1191
-0
-0
-0
-0
37.0953
-0
-0
1.21013
20.5929
-0
-0
-0
-0
13.8192
-0
-0
-0
-0
-0
-0
-0
-0
25.5614
25.3459
-0
-0
-0
-0
-0
63.3947
-0
-0
-0
14.8282
-0
-0
-0
-0
-0
0.119721
33.5617
-0
-0
-0
-0
-0
-0
27.9271
25.348
-0
-0
-0
-0
-0
-0
19.4665
-0
-0
-0
-0
-0
-0
-0
-0
-0
-0
-0
0.82185
-0
-0
-0
18.9066
-0
-0
-0
-0
1.93381
-0
-0
13.5578
-0
-0
39.5457
-0
14.8443
3.49803
-0
-0
-0
-0
10.6712
-0
19.8202
-0
-0
-0
-0
1.07153
-0
3.20418
17.1244
34.7516
-0
27.2122
-0
7.00662
16.661
28.8559
18.8076
-0
-0
-0
15.3612
-0
-0
32.6882
-0
-0
-0
9.05118
7.14909
-0
-0
-0
-0
-0
10.0064
-0
-0
-0
-0
-0
-0
-0
-0
-0
-0
-0
10.5578
-0
-0
-0
0.693883
-0
7.91363
-0
-0
-0
-0
-0
-0
-0
-0
-0
-0
-0
-0
-0
-0
20.7472
-0
21.6387
31.6565
-0
9.11138
29.886
-0
17.8074
-0
4.59947
-0
-0
-0
-0
2.42028
0.579204
9.44337
-0
-0
1.32046
-0
3.01074
10.704
10.8824
-0
-0
-0
4.67568
13.2847
-0
0.457849
-0
-0
-0
-0
-0
-0
-0
-0
20.2315
-0
19.0672
-0
1.62963
9.55629
-0
-0
-0
-0
-0
-0
-0
30.0859
30.0765
-0
-0
-0
-0
-0
39.4759
-0
-0
-0
53.6321
-0
8.53915
-0
45.4455
-0
-0
8.67959
25.4967
-0
-0
-0
-0
4.83646
-0
32.8579
40.9901
35.1325
-0
-0
-0
-0
-0
-0
-0
-0
-0
-0
-0
-0
35.616
-0
-0
11.2711
11.6886
43.8561
1.01767
-0
-0
-0
-0
-0
14.9825
-0
20.0358
0.941468
-0
-0
-0
-0
-0
-0
6.0111
-0
-0
11.3066
-0
-0
-0
-0
-0
-0
-0
-0
-0
-0
12.2415
-0
-0
46.9294
-0
-0
1.33675
-0
-0
4.8863
-0
-0
-0
1.12096
-0
-0
-0
-0
-0
-0
-0
-0
-0
11.1344
-0
-0
-0
31.913
24.3397
-0
4.00865
-0
-0
-0
1.91866
0.508775
4.59627
-0
46.111
-0
-0
-0
-0
-0
-0
-0
22.3613
37.0954
16.1913
5.57308
-0
-0
8.62467
4.70185
-0
-0
-0
-0
-0
-0
-0
-0
-0
-0
-0
6.6102
4.80768
-0
-0
11.6964
-0
-0
-0
-0
-0
23.2999
-0
-0
-0
-0
6.91796
-0
7.14342
6.87078
7.65529
-0
-0
39.705
-0
16.7156
-0
-0
3.66134
-0
-0
14.8205
-0
-0
-0
6.34775
-0
-0
-0
0.0364983
63.5503
-0
-0
-0
24.8548
-0
-0
-0
-0
-0
-0
2.49611
-0
-0
-0
-0
1.78218
-0
-0
53.678
-0
-0
1.51859
-0
-0
-0
-0
-0
10.3605
-0
-0
-0
-0
-0
-0
-0
-0
-0
-0
-0
-0
5.72979
-0
0.162488
-0
-0
-0
3.26973
14.4555
-0
-0
-0
-0
-0
7.97175
-0
29.4791
36.4962
-0
-0
-0
24.2161
-0
-0
36.7986
-0
-0
-0
2.96254
-0
-0
40.6254
-0
-0
-0
-0
-0
-0
-0
-0
30.0136
-0
5.64647
-0
2.61025
31.7121
-0
-0
-0
-0
37.3179
-0
-0
-0
-0
-0
-0
-0
-0
-0
-0
-0
1.15589
-0
-0
-0
0.357065
-0
-0
-0
-0
-0
-0
7.76085
-0
-0
24.8177
-0
-0
8.22243
-0
-0
-0
-0
-0
3.02856
-0
-0
-0
3.80538
3.34728
-0
-0
9.20712
-0
-0
-0
-0
17.3448
-0
-0
-0
-0
-0
-0
2.75389
2.99495
-0
-0
-0
-0
47.1391
11.6151
-0
-0
-0
-0
-0
-0
-0
-0
-0
-0
-0
-0
-0
33.7041
-0
-0
16.1802
-0
-0
-0
22.7403
-0
-0
-0
13.5211
-0
-0
-0
-0
-0
14.588
-0
35.959
15.9647
-0
55.7251
-0
-0
-0
37.3701
-0
4.53072
-0
-0
-0
-0
-0
-0
2.3766
-0
-0
-0
-0
-0
-0
-0
-0
26.3228
-0
-0
16.7822
-0
-0
-0
-0
-0
-0
-0
-0
-0
-0
-0
-0
-0
9.30665
-0
43.2788
-0
-0
-0
-0
12.1783
23.3493
21.4489
12.6624
-0
10.342
24.348
-0
-0
-0
9.14902
-0
1.58235
-0
13.8007
-0
3.96758
19.7583
18.9237
-0
7.84452
-0
-0
-0
-0
-0
9.27848
0.471809
-0
34.1644
-0
15.0365
9.0907
-0
37.3621
-0
52.1322
-0
12.4072
-0
-0
-0
-0
30.7158
-0
-0
28.6478
11.5658
-0
-0
-0
-0
4.68492
18.5184
-0
-0
-0
-0
-0
-0
3.13015
36.2915
6.95272
18.2604
-0
-0
22.7231
1.23419
-0
-0
11.0628
-0
-0
-0
-0
-0
-0
-0
-0
25.9382
-0
-0
-0
-0
-0
19.9652
-0
-0
0.0110905
7.83268
-0
-0
25.928
-0
-0
-0
-0
-0
-0
-0
41.8062
-0
-0
16.3144
-0
1.20728
-0
1.87114
23.3892
3.3168
-0
36.1391
-0
-0
-0
-0
-0
12.0804
30.6869
-0
-0
1.98274
1.75959
-0
-0
6.36047
-0
-0
-0
-0
-0
-0
-0
-0
-0
-0
-0
56.5633
-0
-0
18.5913
-0
35.8626
-0
-0
-0
-0
-0
-0
2.96089
-0
-0
-0
-0
22.6278
11.2538
-0
-0
6.57427
-0
-0
-0
-0
-0
-0
-0
23.2879
-0
-0
-0
-0
-0
-0
-0
-0
-0
-0
-0
-0
-0
-0
-0
-0
-0
-0
35.0963
14.7083
1.59561
-0
-0
-0
-0
-0
-0
-0
-0
-0
15.5276
-0
-0
-0
-0
-0
24.1158
-0
-0
-0
32.3324
-0
0.512673
38.7854
-0
-0
-0
-0
-0
-0
-0
-0
-0
-0
-0
6.6763
-0
1.63267
-0
-0
1.71775
61.9851
-0
-0
-0
0.933484
4.8436
-0
-0
-0
-0
-0
15.7452
19.4407
-0
-0
6.25773
18.3735
-0
12.3441
-0
-0
59.0408
47.2838
7.23613
-0
-0
-0
-0
-0
50.8831
-0
-0
-0
-0
-0
10.0113
-0
5.80186
2.06508
4.25034
4.70174
-0
25.6741
-0
15.8831
19.8827
-0
-0
0.162338
-0
-0
-0
-0
29.8666
-0
-0
-0
6.33193
-0
-0
26.1895
21.2984
-0
-0
-0
-0
-0
-0
6.84136
-0
11.9564
-0
-0
2.55978
1.43295
13.0043
-0
-0
8.24457
-0
-0
-0
-0
-0
-0
19.903
9.16724
-0
-0
-0
8.90215
16.7525
-0
-0
-0
-0
-0
-0
2.03817
-0
-0
-0
-0
-0
-0
-0
-0
5.30496
-0
-0
-0
2.10147
10.8839
8.09884
-0
15.3038
-0
42.8101
-0
-0
22.3728
-0
-0
-0
16.7898
-0
3.48005
-0
-0
-0
12.2657
-0
8.26329
35.0643
-0
-0
-0
-0
-0
-0
-0
-0
-0
-0
-0
10.957
-0
-0
-0
-0
17.503
-0
12.0542
49.3885
-0
54.7291
2.81941
-0
0.478676
10.0542
2.22664
-0
-0
-0
-0
1.072
-0
-0
-0
-0
-0
-0
-0
-0
-0
-0
-0
-0
-0
-0
30.5307
-0
-0
-0
-0
-0
12.8329
20.7188
-0
-0
-0
5.7462
24.6096
-0
15.2349
-0
-0
-0
-0
8.24166
3.89922
-0
22.3068
-0
-0
-0
13.8437
-0
8.98272
-0
-0
-0
-0
-0
-0
2.02768
15.0882
-0
-0
-0
-0
-0
-0
11.5009
-0
-0
-0
-0
23.0195
16.6158
-0
-0
-0
-0
-0
2.68111
-0
37.978
-0
17.5486
16.2213
-0
6.23105
-0
27.6208
-0
31.7065
-0
-0
-0
27.9275
26.9346
-0
3.0631
-0
-0
-0
-0
-0
-0
11.277
-0
-0
-0
15.6735
-0
1.58802
34.0191
-0
-0
-0
-0
-0
-0
-0
6.71652
6.30374
28.1966
-0
65.1454
-0
9.69496
-0
20.3833
19.3886
12.8484
-0
-0
-0
-0
-0
-0
-0
-0
-0
28.1277
-0
-0
21.0957
-0
-0
-0
-0
-0
13.8353
-0
3.61498
33.7136
13.446
12.4879
-0
-0
-0
36.7174
7.79635
-0
-0
-0
1.2397
-0
-0
-0
10.1267
-0
-0
-0
21.7645
4.21167
-0
7.18159
-0
-0
-0
-0
-0
-0
-0
-0
7.58824
-0
5.73807
-0
29.2395
-0
-0
14.3697
23.6753
26.4497
28.7891
-0
-0
-0
20.5102
-0
35.1472
1.49529
-0
-0
-0
-0
-0
-0
-0
-0
-0
-0
30.8588
-0
-0
-0
-0
-0
18.9506
20.8906
33.0621
-0
-0
-0
-0
-0
-0
-0
-0
48.8552
-0
-0
-0
-0
-0
-0
32.4124
36.6598
-0
-0
24.7543
18.0134
-0
-0
7.22446
-0
-0
-0
32.9948
-0
-0
-0
-0
-0
29.0825
2.02821
-0
-0
-0
13.0109
-0
-0
14.3537
-0
-0
-0
-0
-0
6.69776
11.5567
-0
-0
-0
-0
-0
-0
-0
1.49452
9.81484
-0
35.2802
-0
-0
-0
-0
11.4451
26.3181
-0
-0
-0
-0
6.48937
-0
-0
-0
7.10078
-0
-0
-0
-0
-0
-0
6.56364
0.554877
-0
-0
-0
27.6915
17.5878
-0
-0
42.2713
-0
-0
-0
-0
9.50632
-0
8.19734
4.87191
-0
18.2146
-0
13.7147
-0
-0
-0
-0
-0
9.87095
1.19058
-0
-0
-0
-0
-0
39.3392
-0
-0
-0
-0
10.7797
-0
-0
7.18527
-0
-0
-0
25.235
-0
-0
-0
-0
6.94143
-0
21.5702
-0
-0
-0
-0
-0
9.18354
-0
35.4356
-0
-0
-0
-0
-0
-0
-0
-0
-0
-0
1.37015
7.72627
-0
-0
-0
25.5999
-0
-0
5.38051
-0
-0
12.2408
13.3174
-0
-0
-0
-0
-0
7.54116
-0
-0
-0
11.1901
5.07331
-0
12.7486
27.2647
-0
-0
9.15429
-0
-0
12.3952
-0
-0
-0
0.0398273
11.7832
-0
-0
-0
-0
-0
-0
-0
6.70923
-0
4.10826
-0
-0
-0
-0
-0
-0
-0
-0
-0
-0
-0
-0
-0
19.0504
-0
-0
40.282
-0
-0
-0
33.5413
-0
-0
-0
-0
27.6814
-0
-0
-0
-0
36.4303
10.973
-0
-0
3.477
-0
-0
3.2798
9.89511
-0
-0
-0
10.964
18.6936
10.0536
47.8967
-0
18.8803
-0
12.29
-0
-0
-0
-0
-0
-0
19.1567
16.3098
-0
-0
-0
0.636144
-0
-0
6.77405
-0
-0
21.2708
-0
-0
-0
24.2545
-0
-0
-0
-0
-0
35.8169
-0
17.1099
-0
-0
-0
-0
-0
19.2461
1.37522
-0
-0
-0
-0
29.2575
-0
33.3508
-0
-0
-0
-0
13.6501
8.35555
-0
-0
-0
-0
-0
3.19924
-0
15.3544
-0
8.53732
3.58317
4.78482
19.854
19.9823
-0
-0
-0
-0
-0
-0
6.3876
34.5348
3.99495
24.5096
37.6144
-0
19.2336
47.452
-0
-0
-0
18.8102
-0
-0
17.859
-0
-0
-0
-0
-0
-0
12.5739
-0
19.1007
4.53747
22.9528
-0
-0
10.5734
-0
19.5786
-0
-0
3.37207
-0
33.0871
-0
-0
-0
-0
3.35233
-0
-0
-0
-0
5.03947
-0
-0
-0
-0
-0
-0
-0
-0
-0
-0
-0
-0
-0
16.2659
-0
9.98483
22.1169
-0
-0
-0
-0
-0
-0
-0
2.61906
-0
-0
-0
1.4437
-0
25.3503
-0
-0
23.9091
16.7585
-0
35.29
-0
-0
16.6757
-0
31.5045
-0
-0
10.8386
10.3103
-0
22.9895
-0
-0
-0
-0
-0
-0
-0
8.32549
1.50978
-0
-0
-0
42.9585
9.78681
8.36284
-0
-0
-0
-0
-0
-0
-0
-0
3.42471
-0
27.9263
11.3053
-0
-0
16.0468
44.2204
-0
-0
-0
-0
-0
26.5958
-0
-0
-0
-0
2.55297
40.1265
-0
-0
-0
-0
16.182
-0
-0
17.2027
-0
19.1791
-0
18.893
-0
31.8873
27.7819
-0
-0
-0
13.0621
-0
-0
20.0118
-0
-0
11.3515
19.3397
-0
-0
-0
30.1879
-0
-0
-0
-0
3.20741
-0
31.2814
-0
-0
6.76199
-0
-0
-0
-0
-0
-0
23.103
-0
-0
-0
-0
-0
-0
-0
-0
7.861
17.2066
-0
-0
-0
-0
-0
5.50711
10.0995
-0
-0
-0
-0
-0
-0
7.50597
3.48358
-0
-0
15.3995
7.01038
-0
30.4138
-0
-0
-0
-0
18.127
-0
4.93095
13.1114
-0
-0
-0
-0
-0
-0
30.8633
3.21678
3.17487
-0
-0
-0
-0
-0
-0
-0
26.476
-0
43.979
-0
-0
28.5591
-0
-0
-0
-0
-0
20.2662
17.8559
-0
-0
-0
19.0099
21.2962
2.57596
18.9361
-0
7.1318
-0
-0
-0
-0
-0
3.76195
13.3698
-0
33.9715
-0
-0
-0
-0
-0
-0
-0
-0
1.34248
-0
-0
-0
-0
-0
12.5944
-0
23.7902
5.43375
22.7262
-0
-0
33.3332
12.3959
10.2623
36.5911
-0
-0
-0
25.7625
-0
-0
-0
-0
4.8686
-0
28.9893
-0
-0
32.3039
-0
16.2631
57.1395
-0
-0
-0
-0
23.0651
-0
9.25222
24.4091
20.2644
-0
10.9227
13.1468
11.2262
-0
-0
-0
36.8083
-0
-0
-0
1.7797
34.6791
20.4273
-0
-0
