2.55443
-0
-0
-0
-0
1.37924
-0
-0
37.6529
-0
34.8594
-0
-0
-0
-0
21.6934
-0
-0
-0
-0
-0
-0
-0
10.3689
4.48461
-0
33.1144
-0
-0
-0
-0
-0
-0
-0
4.48592
-0
-0
-0
-0
-0
-0
-0
-0
35.2064
-0
14.5164
-0
8.27697
-0
-0
-0
-0
-0
-0
-0
6.07862
-0
3.19431
10.4078
-0
-0
-0
-0
-0
5.04495
-0
-0
29.3784
-0
0.670872
-0
-0
-0
-0
-0
4.66383
3.96691
-0
-0
-0
-0
51.0328
-0
9.72676
11.9376
-0
-0
-0
-0
-0
-0
0.11391
-0
-0
15.9368
-0
6.5372
-0
6.91463
-0
-0
-0
-0
4.74465
33.0141
-0
31.6426
-0
-0
-0
13.3505
-0
-0
-0
-0
-0
-0
-0
26.2633
18.4077
-0
-0
23.7091
11.7237
29.9713
-0
-0
-0
-0
0.327246
4.47499
23.056
0.812708
-0
-0
-0
-0
-0
-0
19.4831
-0
-0
6.54844
-0
-0
-0
-0
-0
-0
-0
-0
-0
-0
-0
-0
-0
18.0028
-0
-0
0.753298
-0
-0
-0
29.6547
-0
-0
-0
1.72449
-0
3.91666
3.10675
7.63452
-0
-0
-0
-0
-0
-0
-0
-0
-0
-0
-0
-0
-0
-0
-0
-0
35.224
-0
-0
33.3715
17.1673
16.5806
-0
-0
-0
-0
-0
-0
-0
-0
3.76596
-0
-0
-0
-0
-0
27.2333
-0
-0
-0
28.0654
-0
-0
-0
-0
-0
-0
-0
-0
-0
-0
12.4634
-0
-0
-0
-0
-0
-0
-0
-0
-0
-0
-0
-0
-0
-0
-0
-0
-0
8.29255
-0
-0
-0
-0
-0
-0
-0
-0
-0
-0
-0
-0
20.1258
-0
-0
0.737148
10.0562
-0
-0
-0
-0
19.5501
-0
-0
-0
-0
-0
-0
-0
37.0487
20.0799
27.4644
-0
-0
-0
-0
-0
-0
-0
0.179171
-0
8.57512
-0
-0
-0
44.4443
-0
-0
-0
6.92402
-0
-0
-0
-0
-0
-0
-0
5.22924
-0
-0
7.67718
-0
10.3933
34.4904
-0
-0
45.004
-0
-0
24.6363
-0
-0
22.8937
0.843585
-0
-0
-0
-0
-0
-0
-0
1.48009
10.9298
-0
-0
-0
-0
-0
-0
-0
-0
-0
-0
-0
-0
-0
-0
12.2137
0.914142
-0
-0
36.7662
-0
5.67649
-0
9.763
-0
-0
-0
-0
-0
-0
17.2488
-0
-0
-0
-0
-0
17.7618
-0
-0
34.7024
8.365
1.01694
-0
-0
17.7621
-0
-0
-0
1.51593
38.8277
-0
-0
-0
-0
3.59985
-0
-0
-0
-0
-0
-0
7.15984
-0
-0
-0
-0
-0
30.8946
-0
-0
-0
-0
-0
-0
-0
2.50829
-0
-0
-0
-0
-0
-0
-0
-0
-0
-0
-0
-0
-0
-0
-0
29.7448
-0
-0
-0
-0
22.5629
-0
-0
-0
-0
13.3452
20.7937
15.8134
29.5774
4.34537
-0
25.2499
22.764
-0
7.05117
-0
18.7627
-0
-0
-0
-0
8.99748
-0
-0
-0
-0
-0
-0
-0
-0
21.7349
28.1219
-0
-0
37.9429
31.8055
-0
-0
-0
-0
-0
-0
-0
-0
-0
-0
2.1827
-0
7.03725
-0
0.218381
0.164985
-0
-0
-0
-0
1.14369
-0
-0
-0
-0
-0
-0
-0
-0
-0
-0
-0
-0
-0
22.9886
-0
-0
-0
-0
2.58581
30.408
-0
-0
-0
-0
-0
12.1357
-0
-0
-0
24.7435
-0
-0
7.63057
-0
-0
6.91874
-0
-0
-0
-0
1.36409
12.1258
-0
5.08243
-0
-0
18.7882
-0
-0
-0
11.1236
-0
-0
-0
-0
-0
-0
17.8412
-0
10.6493
31.9362
-0
-0
-0
-0
-0
-0
-0
-0
19.1569
3.28247
-0
3.93477
-0
-0
-0
-0
47.847
17.8934
-0
-0
14.4702
-0
-0
-0
39.9661
-0
-0
-0
-0
-0
-0
9.45406
-0
2.71657
-0
7.35863
19.02
4.29843
-0
-0
11.722
-0
-0
-0
-0
17.7309
-0
-0
-0
-0
25.9159
54.6502
-0
-0
-0
-0
-0
-0
-0
15.3003
10.7139
3.4868
-0
-0
-0
-0
-0
-0
-0
-0
-0
8.26595
-0
-0
-0
-0
-0
-0
38.49
-0
-0
-0
-0
-0
-0
9.24666
-0
-0
-0
-0
-0
-0
-0
-0
-0
-0
-0
-0
-0
-0
-0
-0
-0
-0
-0
-0
-0
-0
-0
-0
-0
-0
-0
-0
14.7299
-0
-0
-0
-0
-0
-0
-0
5.11529
-0
9.92488
5.15906
-0
29.5817
-0
-0
-0
-0
2.76648
-0
-0
-0
-0
2.31139
-0
-0
-0
-0
-0
-0
9.126
-0
-0
0.876896
-0
-0
-0
-0
-0
-0
3.64755
-0
-0
10.3805
-0
-0
-0
-0
-0
-0
-0
-0
10.1363
-0
-0
-0
-0
-0
-0
-0
-0
-0
-0
-0
3.03907
-0
-0
-0
-0
1.45274
-0
-0
-0
-0
-0
-0
11.5215
0.340642
18.1433
-0
-0
21.4823
-0
-0
-0
1.1915
-0
-0
-0
-0
-0
-0
-0
19.3943
-0
-0
-0
6.88917
5.4239
-0
-0
-0
-0
-0
-0
-0
33.5607
-0
-0
-0
-0
-0
-0
11.3855
27.282
-0
-0
-0
-0
-0
-0
-0
-0
-0
-0
-0
-0
40.2196
-0
-0
11.0782
-0
-0
-0
23.9186
61.0172
-0
-0
-0
-0
-0
-0
-0
-0
-0
-0
-0
-0
0.16597
-0
5.85267
-0
-0
12.2208
-0
-0
3.20491
-0
-0
-0
-0
-0
-0
7.76387
-0
12.0926
-0
19.3893
-0
-0
-0
-0
-0
-0
5.01809
2.80199
-0
-0
12.8787
-0
8.61287
23.3504
-0
-0
-0
15.6352
-0
-0
-0
-0
-0
-0
-0
16.0309
-0
3.98018
-0
-0
-0
-0
38.2907
13.591
-0
8.26249
21.789
-0
-0
-0
-0
-0
-0
-0
0.102197
-0
-0
-0
-0
-0
-0
-0
-0
-0
-0
55.0182
-0
-0
-0
-0
-0
8.36125
-0
-0
-0
3.912
21.1452
0.837659
5.18033
-0
-0
-0
-0
-0
-0
-0
12.5754
-0
-0
12.9242
-0
5.8723
-0
0.346712
-0
-0
10.852
-0
-0
-0
17.3918
-0
-0
-0
-0
-0
-0
-0
8.7393
10.5666
-0
-0
-0
-0
18.0558
-0
-0
3.70392
-0
-0
-0
29.033
-0
-0
-0
-0
-0
-0
-0
7.50077
8.40572
16.5955
-0
-0
-0
-0
20.3395
-0
-0
-0
-0
-0
-0
-0
-0
13.1911
-0
-0
-0
-0
-0
-0
-0
3.77865
17.075
21.7643
-0
-0
-0
36.2532
-0
9.49397
-0
4.05875
-0
-0
-0
2.46357
-0
-0
-0
-0
-0
-0
-0
-0
-0
-0
-0
-0
-0
20.2623
-0
-0
-0
5.31036
7.19536
-0
-0
-0
-0
-0
-0
-0
-0
-0
-0
46.075
-0
-0
-0
-0
-0
4.32561
14.6596
14.3409
-0
-0
-0
-0
-0
-0
-0
-0
-0
15.8171
-0
-0
18.9751
-0
-0
-0
-0
-0
-0
-0
-0
-0
-0
-0
39.7671
-0
-0
-0
5.82318
-0
-0
-0
-0
-0
-0
-0
8.95705
-0
-0
-0
31.875
-0
-0
-0
-0
-0
-0
-0
-0
4.39507
-0
-0
-0
-0
-0
-0
-0
-0
-0
18.1103
-0
-0
-0
-0
-0
-0
-0
-0
-0
-0
-0
44.1505
7.78073
23.9573
1.3081
-0
-0
-0
-0
12.3088
-0
-0
-0
-0
-0
-0
35.4724
-0
-0
-0
10.5009
-0
-0
-0
-0
21.2945
-0
13.5815
-0
-0
-0
-0
37.6148
-0
-0
-0
-0
-0
11.3464
-0
-0
-0
-0
-0
-0
-0
4.75943
6.19686
-0
-0
-0
-0
-0
12.6313
-0
-0
-0
-0
18.263
-0
-0
-0
-0
5.29607
28.7551
-0
-0
-0
-0
20.665
-0
-0
24.759
-0
-0
-0
-0
-0
-0
15.0899
-0
-0
-0
-0
-0
-0
-0
-0
-0
-0
-0
-0
-0
-0
-0
8.88775
30.274
3.69185
-0
-0
7.82141
-0
3.16886
-0
-0
-0
-0
-0
-0
-0
-0
30.1798
-0
-0
-0
-0
6.74281
16.2732
-0
1.11061
-0
-0
-0
-0
-0
-0
8.69962
-0
-0
0.103662
-0
-0
24.1247
-0
37.103
-0
-0
-0
-0
9.69084
-0
-0
34.2246
-0
-0
34.7204
-0
-0
-0
-0
-0
-0
31.466
-0
-0
3.60824
-0
15.1611
-0
-0
-0
1.49032
-0
69.3871
-0
-0
-0
-0
-0
-0
-0
-0
-0
-0
7.67222
-0
5.08986
-0
-0
-0
-0
-0
-0
20.1605
-0
-0
-0
-0
-0
-0
-0
-0
-0
-0
-0
-0
20.3136
-0
-0
-0
-0
8.28097
-0
25.7931
-0
30.7359
-0
12.4088
-0
33.3483
-0
7.30788
24.8279
-0
-0
-0
-0
-0
-0
-0
-0
36.6708
-0
4.66624
20.2476
3.96135
-0
-0
9.36929
-0
-0
-0
-0
8.33956
-0
-0
43.7532
10.9609
7.16583
-0
-0
-0
-0
-0
18.3766
22.7942
-0
-0
12.1222
33.7795
-0
-0
-0
-0
-0
-0
30.7299
-0
4.6272
-0
6.59872
25.0299
-0
-0
-0
-0
46.5879
0.112224
-0
-0
-0
1.22489
-0
-0
-0
-0
-0
2.86589
-0
-0
-0
-0
-0
43.7935
-0
-0
-0
13.1386
-0
4.8391
-0
-0
-0
-0
-0
-0
-0
-0
-0
-0
14.0738
7.80039
-0
-0
-0
-0
33.8682
-0
-0
-0
5.86975
9.49598
-0
18.1428
-0
10.6004
-0
-0
-0
0.52413
-0
-0
-0
-0
-0
-0
-0
-0
11.1359
27.5214
-0
0.0136267
-0
-0
52.5631
-0
-0
-0
-0
-0
-0
-0
-0
-0
-0
-0
-0
-0
1.58546
4.49415
-0
1.55321
-0
-0
-0
1.89172
-0
5.95778
-0
-0
-0
-0
-0
-0
-0
-0
-0
-0
-0
-0
-0
-0
-0
-0
-0
-0
-0
-0
-0
-0
-0
-0
-0
-0
-0
-0
-0
-0
-0
7.02134
-0
-0
-0
-0
-0
-0
-0
6.2163
-0
-0
-0
-0
-0
-0
15.2926
-0
-0
-0
29.07
8.37553
-0
-0
4.82644
-0
-0
-0
-0
-0
8.56145
-0
-0
7.68467
-0
-0
3.48176
4.4535
-0
-0
-0
-0
-0
-0
-0
-0
-0
-0
-0
-0
-0
18.6247
-0
-0
-0
-0
30.2009
4.31322
-0
-0
1.97483
-0
0.98548
-0
-0
-0
-0
-0
14.3039
7.3729
-0
2.42377
14.1057
-0
-0
-0
1.55432
-0
-0
-0
-0
-0
-0
-0
-0
14.7304
7.04708
-0
-0
-0
-0
-0
-0
-0
-0
-0
-0
-0
-0
-0
-0
-0
-0
-0
-0
-0
-0
30.5727
3.32607
51.7305
13.9834
-0
-0
24.8285
3.58742
-0
-0
45.2751
-0
-0
-0
-0
55.2971
-0
-0
-0
-0
-0
15.02
-0
-0
-0
-0
-0
-0
24.7199
-0
-0
-0
-0
-0
-0
-0
-0
-0
39.1866
-0
1.01913
11.2002
-0
-0
-0
-0
-0
-0
-0
11.6205
11.5459
39.6082
-0
-0
-0
7.06864
-0
-0
-0
-0
-0
-0
-0
3.7653
-0
-0
13.3218
-0
-0
27.1842
22.8381
-0
26.3488
-0
-0
-0
34.0426
-0
-0
-0
-0
-0
-0
-0
15.36
18.5176
36.7696
-0
-0
-0
-0
-0
4.77177
-0
-0
22.9749
-0
5.36382
-0
-0
-0
-0
-0
-0
-0
40.2733
-0
-0
0.183777
-0
-0
31.4575
-0
-0
-0
-0
-0
-0
-0
-0
17.7891
-0
6.64251
23.9532
6.94118
-0
0.719145
4.28053
-0
-0
-0
-0
-0
-0
4.9729
8.75422
-0
-0
-0
-0
-0
9.27789
-0
-0
-0
3.93739
-0
-0
-0
-0
-0
-0
-0
-0
14.2931
-0
-0
-0
-0
-0
-0
-0
-0
65.4743
-0
-0
-0
6.21908
27.3732
-0
-0
-0
-0
-0
-0
-0
25.4699
33.3829
5.70286
7.10333
-0
-0
-0
-0
1.44106
-0
3.95559
-0
-0
-0
-0
-0
-0
0.480278
-0
-0
-0
-0
-0
-0
-0
15.8541
-0
-0
4.85033
2.12226
-0
-0
-0
-0
11.6939
16.651
-0
2.24063
-0
-0
15.6934
-0
-0
-0
21.0286
-0
-0
-0
-0
-0
-0
-0
-0
-0
-0
0.377316
5.69625
-0
-0
-0
-0
-0
-0
-0
-0
-0
-0
-0
-0
14.0158
15.5663
-0
-0
-0
-0
-0
-0
-0
-0
-0
-0
-0
-0
-0
-0
8.7648
-0
-0
-0
-0
-0
-0
-0
-0
-0
-0
-0
-0
-0
-0
-0
-0
5.06456
-0
-0
-0
-0
-0
-0
-0
-0
-0
-0
34.896
-0
28.4558
10.2671
19.5358
14.0134
-0
-0
29.7491
-0
23.1299
7.59077
-0
-0
-0
-0
46.0037
-0
-0
-0
12.5494
-0
-0
-0
-0
0.883439
-0
-0
-0
-0
2.89332
-0
-0
11.0355
-0
-0
-0
0.602672
4.47158
-0
-0
-0
-0
9.24651
-0
-0
-0
11.1828
19.6293
19.3553
-0
45.1506
-0
-0
32.3166
17.9313
-0
-0
31.6271
-0
-0
26.3578
-0
1.68156
-0
-0
-0
-0
-0
-0
-0
-0
0.0929559
-0
33.049
-0
-0
-0
-0
-0
-0
-0
10.0041
-0
-0
1.08155
-0
-0
-0
1.95204
-0
-0
-0
40.8509
1.49126
-0
-0
-0
-0
-0
7.98315
32.2304
-0
3.33566
-0
-0
-0
-0
-0
44.328
1.8874
-0
20.591
26.2647
-0
28.9365
23.9805
-0
-0
-0
-0
9.19565
-0
20.8765
-0
-0
9.6148
-0
44.5619
-0
-0
4.86743
-0
1.66206
-0
23.5786
-0
-0
-0
-0
0.0490919
-0
-0
-0
24.0644
21.0007
21.9924
-0
-0
0.90473
-0
-0
16.2823
-0
3.05674
0.0262259
-0
0.498457
-0
13.911
-0
19.6584
4.48433
-0
20.9989
-0
-0
-0
9.99664
23.5626
-0
-0
6.77593
-0
-0
13.0059
6.59188
-0
-0
-0
-0
-0
-0
-0
-0
-0
35.8384
-0
-0
44.7497
-0
-0
-0
-0
22.8578
47.0353
-0
3.22445
10.6166
31.2105
-0
-0
-0
-0
-0
-0
-0
-0
-0
-0
-0
-0
16.3284
-0
-0
-0
-0
-0
0.532618
-0
-0
35.4948
-0
-0
-0
-0
19.2067
-0
28.5564
11.2932
-0
-0
-0
-0
-0
-0
-0
-0
-0
-0
-0
-0
-0
-0
45.1845
-0
16.959
-0
-0
-0
5.70972
-0
-0
-0
-0
-0
-0
7.25724
-0
8.88714
-0
-0
0.0287495
33.3409
-0
2.53882
-0
-0
55.7826
5.02848
-0
-0
37.2929
-0
-0
21.5451
-0
-0
-0
-0
-0
-0
0.788625
-0
-0
-0
-0
-0
-0
-0
-0
-0
-0
-0
8.08101
-0
-0
-0
-0
2.62245
-0
-0
12.7402
-0
-0
-0
-0
-0
-0
19.2641
1.06373
-0
5.16412
-0
-0
-0
-0
-0
-0
-0
-0
3.57647
0.97458
5.98418
-0
15.6015
-0
-0
-0
-0
17.8153
3.97524
-0
-0
-0
-0
-0
-0
-0
-0
-0
-0
21.3506
-0
-0
-0
-0
-0
-0
-0
-0
11.0448
-0
6.7288
-0
0.899482
-0
-0
-0
-0
27.5973
-0
-0
-0
-0
-0
-0
-0
-0
-0
-0
-0
-0
-0
44.0544
-0
2.11061
-0
20.4686
-0
0.219295
5.11649
-0
-0
-0
15.2435
-0
-0
36.2303
-0
-0
-0
-0
3.8
-0
-0
-0
-0
-0
-0
-0
-0
-0
-0
-0
1.2904
-0
-0
-0
-0
-0
-0
-0
-0
-0
-0
-0
12.1607
-0
-0
11.4598
-0
-0
-0
-0
-0
-0
2.3413
-0
-0
-0
-0
-0
-0
-0
-0
-0
20.3358
-0
4.5468
19.1814
-0
-0
9.24684
8.74054
16.7871
-0
-0
-0
-0
-0
-0
-0
-0
-0
-0
5.88593
-0
16.8681
7.58197
-0
-0
-0
6.82524
-0
-0
-0
-0
-0
-0
18.1196
-0
-0
-0
-0
-0
-0
1.70854
-0
-0
-0
-0
-0
12.4714
-0
-0
0.846743
-0
-0
-0
-0
-0
-0
-0
-0
11.5261
-0
20.8948
24.2675
-0
-0
-0
-0
12.225
-0
3.51919
-0
-0
-0
-0
-0
17.7415
32.0852
3.23457
-0
-0
-0
0.322231
11.0131
2.56549
22.4293
-0
-0
-0
-0
-0
26.4734
37.7928
-0
-0
-0
-0
15.0408
-0
-0
-0
-0
5.51745
-0
-0
-0
-0
-0
-0
-0
2.26894
1.72272
-0
-0
-0
-0
48.0614
-0
16.2273
-0
-0
-0
16.2642
-0
-0
-0
-0
3.18836
-0
-0
29.6535
-0
2.55908
24.3216
13.4734
10.4173
-0
-0
-0
-0
-0
-0
11.3944
8.79868
-0
-0
-0
25.2784
-0
-0
-0
-0
-0
-0
-0
-0
-0
-0
-0
-0
31.6664
29.8541
7.85107
-0
-0
-0
-0
-0
-0
-0
-0
-0
-0
-0
-0
-0
-0
-0
3.74204
-0
-0
34.8232
-0
-0
-0
-0
-0
-0
-0
-0
32.5776
-0
-0
-0
-0
-0
-0
-0
-0
-0
-0
-0
-0
-0
1.33196
-0
-0
-0
7.95206
-0
-0
-0
-0
-0
-0
2.91575
-0
-0
-0
8.41279
1.14336
-0
-0
-0
-0
-0
21.6509
-0
-0
-0
36.5523
-0
-0
-0
-0
-0
7.8806
-0
-0
24.2673
-0
-0
-0
-0
23.4318
21.4799
-0
-0
3.48968
23.9287
-0
-0
-0
-0
-0
-0
-0
21.5899
-0
-0
-0
-0
-0
-0
-0
-0
-0
-0
-0
-0
-0
-0
-0
-0
-0
4.85964
-0
10.8979
-0
13.0114
-0
-0
-0
-0
-0
-0
-0
-0
-0
-0
-0
24.0404
-0
-0
-0
-0
64.5528
-0
6.62411
-0
-0
-0
-0
-0
-0
-0
-0
8.45613
-0
0.611878
-0
-0
-0
-0
-0
9.74829
-0
-0
-0
-0
-0
-0
-0
-0
-0
-0
-0
-0
-0
-0
-0
-0
-0
10.7042
-0
-0
-0
-0
-0
-0
-0
-0
-0
-0
10.6202
-0
-0
-0
0.674837
-0
15.2044
-0
3.37143
0.804702
-0
-0
-0
19.6727
-0
6.38008
-0
-0
-0
-0
-0
19.5045
-0
1.28488
-0
-0
-0
6.09494
-0
-0
-0
-0
34.7125
-0
10.732
-0
-0
19.8352
-0
-0
-0
-0
-0
-0
-0
-0
-0
-0
-0
-0
-0
-0
-0
-0
7.96707
-0
-0
-0
-0
-0
-0
-0
-0
-0
-0
-0
-0
-0
-0
-0
22.6524
-0
-0
-0
11.5056
-0
-0
-0
-0
-0
-0
-0
4.42485
-0
-0
36.3027
33.4026
-0
13.0759
-0
13.3626
-0
-0
-0
-0
-0
2.0242
-0
-0
-0
-0
9.89163
51.6204
-0
-0
-0
-0
-0
12.8754
12.8769
-0
-0
-0
-0
2.37283
-0
-0
6.56133
-0
33.0213
-0
48.9932
-0
-0
-0
15.7104
-0
26.177
-0
9.33739
24.8589
-0
-0
-0
-0
-0
-0
-0
12.0002
-0
15.3201
-0
-0
-0
-0
-0
18.3207
-0
-0
26.125
-0
-0
-0
-0
-0
11.5778
-0
-0
26.428
-0
-0
-0
12.6483
-0
7.41998
39.1271
-0
-0
-0
-0
-0
-0
-0
-0
-0
-0
-0
-0
-0
-0
-0
22.618
3.31389
-0
-0
-0
-0
-0
29.3243
25.9474
-0
-0
-0
10.7132
-0
-0
-0
2.96516
11.3619
-0
61.4386
-0
-0
-0
-0
-0
-0
10.4721
-0
-0
-0
-0
3.32362
8.6885
-0
11.8841
11.2135
15.5615
-0
-0
29.924
-0
23.9068
25.8851
4.7627
42.2853
-0
-0
-0
36.5464
-0
-0
14.5193
-0
-0
9.44862
-0
-0
6.37281
-0
-0
-0
-0
-0
-0
-0
-0
15.3025
-0
-0
-0
-0
-0
0.0648209
-0
-0
7.33023
-0
-0
-0
-0
-0
-0
-0
-0
19.8982
-0
-0
-0
-0
2.47236
-0
-0
4.94148
-0
-0
31.5547
-0
13.716
18.4882
-0
-0
-0
-0
-0
-0
37.5473
-0
-0
32.4244
-0
4.47225
-0
8.33745
-0
-0
-0
8.13698
-0
-0
-0
-0
-0
-0
55.5032
-0
-0
-0
4.5961
-0
-0
45.5182
-0
-0
-0
8.32913
-0
-0
-0
-0
-0
-0
16.4443
4.53919
-0
17.7701
-0
16.4126
32.7354
-0
-0
-0
-0
-0
-0
-0
-0
-0
36.3038
-0
-0
-0
-0
-0
24.3219
-0
-0
-0
-0
10.146
6.71586
45.4158
-0
26.5405
-0
-0
-0
-0
-0
-0
-0
-0
-0
-0
-0
-0
-0
-0
-0
-0
-0
19.1022
19.1426
4.08309
-0
-0
-0
34.435
37.801
-0
-0
-0
-0
-0
-0
-0
-0
-0
-0
-0
-0
-0
-0
-0
8.78643
-0
-0
-0
-0
-0
-0
-0
-0
16.877
-0
-0
-0
-0
-0
-0
-0
-0
-0
-0
42.9939
6.83866
-0
-0
-0
13.1124
-0
-0
-0
-0
-0
10.2359
16.1337
-0
-0
-0
6.2744
-0
-0
10.0844
-0
-0
39.7747
-0
-0
-0
-0
-0
-0
0.838073
-0
-0
-0
-0
-0
0.0523921
19.1271
-0
-0
-0
25.2624
-0
-0
-0
-0
-0
-0
-0
0.0501865
-0
-0
-0
1.3209
4.77219
-0
-0
-0
-0
-0
-0
20.8137
3.80691
-0
-0
-0
-0
-0
-0
-0
-0
7.99597
4.2966
-0
65.1039
-0
-0
-0
-0
-0
-0
-0
-0
-0
-0
-0
-0
6.22317
-0
1.54694
-0
15.5877
-0
-0
-0
-0
20.3181
-0
-0
2.48967
-0
-0
-0
-0
-0
-0
-0
-0
19.5234
-0
-0
-0
8.3002
-0
-0
-0
-0
-0
6.41398
19.1591
-0
3.79377
-0
7.8484
-0
-0
-0
4.4719
-0
-0
-0
51.6339
-0
8.52113
-0
-0
-0
-0
-0
-0
-0
-0
-0
-0
-0
-0
-0
-0
-0
-0
-0
-0
-0
-0
-0
-0
22.7883
6.44792
-0
-0
5.30711
-0
-0
-0
-0
-0
1.05442
-0
-0
-0
-0
-0
-0
-0
-0
-0
-0
-0
-0
-0
-0
6.06118
-0
-0
-0
-0
5.05571
-0
-0
-0
-0
-0
-0
37.7826
-0
-0
-0
-0
-0
-0
12.3885
-0
-0
35.5089
-0
-0
-0
-0
-0
41.0926
-0
-0
23.3415
-0
-0
-0
-0
-0
-0
-0
-0
-0
-0
-0
61.587
-0
-0
-0
-0
-0
-0
-0
-0
29.3397
-0
15.1588
-0
-0
16.8682
1.85345
-0
-0
-0
-0
-0
-0
-0
-0
-0
-0
-0
-0
10.2592
-0
-0
-0
-0
48.6761
-0
-0
-0
-0
0.461318
-0
-0
-0
-0
3.14196
-0
-0
3.16406
-0
-0
-0
-0
23.34
3.85317
1.8887
-0
-0
6.70952
-0
-0
6.25753
-0
-0
16.646
18.7341
4.57339
-0
-0
-0
-0
2.1606
10.8845
-0
-0
-0
14.1606
9.60135
-0
-0
-0
-0
33.4456
-0
-0
7.99328
20.0088
-0
-0
-0
-0
-0
-0
20.6603
-0
-0
-0
-0
-0
-0
-0
-0
-0
-0
-0
14.9543
-0
-0
-0
-0
-0
-0
-0
-0
15.0099
-0
6.56581
-0
-0
16.5401
-0
-0
11.5364
-0
-0
-0
-0
-0
-0
-0
14.1773
14.9917
-0
9.77579
-0
-0
-0
-0
-0
20.3952
-0
14.0351
-0
-0
-0
19.4583
-0
-0
-0
10.4353
-0
8.77258
9.63472
-0
-0
4.8849
-0
-0
-0
-0
-0
-0
26.1704
19.6154
32.5886
-0
-0
-0
-0
17.9261
-0
-0
-0
18.5706
-0
13.562
-0
-0
-0
-0
-0
3.61877
-0
-0
-0
-0
-0
42.6864
1.87407
-0
-0
-0
11.7458
-0
-0
41.646
-0
-0
-0
23.9918
-0
3.40604
-0
-0
-0
-0
-0
-0
-0
-0
3.04426
11.0873
-0
-0
-0
-0
-0
-0
5.72788
0.530487
0.983438
-0
-0
-0
-0
-0
-0
3.40764
26.2332
-0
-0
-0
-0
-0
-0
14.2306
-0
-0
-0
-0
38.3041
-0
-0
28.388
-0
-0
-0
-0
-0
27.9629
-0
55.6888
29.8752
-0
11.8431
-0
-0
-0
-0
-0
-0
-0
0.866875
1.65799
-0
-0
-0
-0
8.10227
34.4202
-0
-0
-0
-0
26.2058
-0
-0
20.1585
-0
-0
15.5832
-0
-0
-0
27.5099
-0
31.6082
-0
21.7908
-0
-0
-0
-0
-0
10.2694
-0
6.96802
-0
-0
-0
-0
-0
-0
-0
-0
29.4085
-0
0.657545
-0
-0
19.1168
-0
-0
-0
-0
5.45399
-0
-0
-0
9.95527
-0
-0
-0
-0
-0
8.04681
5.65184
-0
4.59958
-0
-0
-0
-0
23.8537
-0
-0
7.69396
-0
-0
27.3794
-0
-0
-0
-0
-0
-0
-0
-0
-0
0.162724
-0
-0
-0
-0
58.7241
-0
-0
-0
-0
-0
-0
-0
-0
-0
-0
-0
-0
-0
15.3796
-0
-0
18.2605
-0
-0
-0
-0
-0
-0
-0
-0
-0
-0
-0
8.81878
-0
33.0349
-0
13.7717
-0
-0
11.7281
-0
-0
-0
-0
-0
-0
31.0325
2.71022
-0
45.564
-0
20.0963
-0
12.6758
-0
-0
-0
3.61203
-0
-0
24.2568
4.56289
3.25535
-0
-0
-0
-0
-0
-0
-0
-0
9.99241
-0
-0
8.02471
53.3545
-0
-0
-0
-0
-0
6.48142
-0
32.3736
-0
25.3958
-0
-0
-0
-0
4.94898
-0
-0
-0
-0
7.70532
8.29638
59.5938
-0
-0
-0
-0
-0
-0
-0
-0
-0
-0
-0
-0
-0
16.2825
-0
-0
10.0368
-0
-0
-0
-0
-0
-0
-0
23.5085
-0
-0
0.833681
-0
8.60263
-0
-0
-0
-0
7.71289
-0
-0
14.0496
-0
-0
16.7566
-0
-0
-0
-0
-0
-0
-0
1.08691
-0
-0
9.40257
-0
-0
4.94861
-0
20.3815
-0
-0
2.27253
18.775
-0
38.3982
-0
-0
-0
7.95223
4.93202
-0
-0
-0
-0
-0
-0
5.11387
-0
38.4556
-0
-0
60.0194
-0
-0
-0
-0
-0
22.3172
48.0784
9.32852
-0
-0
-0
-0
-0
-0
-0
-0
-0
-0
-0
-0
6.81525
-0
-0
-0
7.83858
34.3076
22.6988
-0
-0
-0
-0
-0
-0
0.669859
-0
-0
-0
22.7312
-0
-0
-0
-0
-0
-0
-0
-0
-0
-0
-0
-0
-0
-0
26.9056
-0
6.1958
-0
-0
-0
-0
-0
-0
-0
3.47212
-0
-0
-0
15.2705
-0
-0
0.893308
11.5488
-0
-0
-0
-0
-0
28.3344
-0
-0
-0
-0
-0
13.8032
-0
-0
-0
-0
15.3479
-0
-0
25.3011
-0
18.9656
-0
-0
-0
33.3006
-0
-0
-0
9.91826
-0
-0
-0
19.0357
-0
-0
4.44371
-0
-0
4.37085
-0
9.21163
-0
-0
14.4919
-0
3.11327
-0
20.9185
-0
-0
0.676531
-0
-0
-0
-0
-0
-0
25.6575
-0
-0
-0
-0
-0
-0
-0
-0
-0
-0
-0
-0
-0
38.8176
-0
6.41649
43.6814
-0
-0
-0
-0
-0
-0
-0
23.0349
-0
-0
-0
-0
-0
-0
-0
-0
-0
-0
-0
-0
-0
-0
-0
-0
-0
-0
-0
-0
-0
-0
41.6952
-0
-0
-0
10.0264
-0
-0
-0
26.9361
-0
-0
-0
-0
13.0645
-0
-0
-0
22.9269
-0
-0
4.07664
-0
-0
-0
18.482
14.991
7.35925
-0
-0
4.79276
-0
21.1108
37.4862
13.894
-0
3.74966
36.2139
-0
4.80837
-0
-0
-0
-0
-0
-0
-0
-0
2.21264
-0
-0
-0
-0
-0
-0
-0
-0
7.00526
-0
-0
-0
19.3473
-0
22.0623
-0
-0
-0
-0
-0
-0
-0
-0
-0
16.0989
-0
-0
-0
-0
11.3184
-0
4.89269
39.0577
-0
1.45872
-0
-0
-0
-0
-0
23.5398
32.9352
-0
-0
-0
0.36728
-0
-0
-0
66.0151
-0
-0
-0
9.94219
19.6345
-0
-0
-0
