3.31047
-0
-0
-0
-0
-0
-0
-0
39.0542
-0
55.6216
-0
-0
-0
-0
22.4785
-0
-0
-0
-0
-0
-0
-0
-0
24.4563
-0
16.0373
-0
-0
-0
-0
-0
-0
-0
4.22044
-0
-0
-0
-0
-0
-0
-0
-0
28.3349
-0
2.11629
-0
4.36381
-0
-0
-0
-0
-0
-0
-0
-0
-0
2.42192
15.9666
-0
-0
-0
-0
7.03083
19.7038
-0
19.7363
24.1618
5.74256
0.686514
-0
-0
-0
-0
-0
3.09193
1.75008
-0
-0
-0
-0
41.0056
-0
1.05707
22.6258
-0
-0
0.647487
-0
-0
2.91766
-0
-0
-0
-0
-0
7.00296
-0
5.05391
-0
-0
-0
-0
12.9838
10.8621
-0
24.9097
-0
-0
7.81701
-0
-0
-0
-0
-0
-0
4.03991
-0
42.8059
30.6696
-0
-0
12.8866
14.5783
24.6996
-0
0.10774
3.16681
-0
-0
11.5294
24.153
14.0938
-0
-0
12.9324
11.133
3.62472
-0
27.9845
2.4283
-0
3.51551
-0
14.4051
-0
-0
-0
-0
-0
-0
-0
-0
-0
43.4535
-0
40.5065
-0
-0
0.597098
12.2142
-0
-0
29.9007
-0
-0
20.1162
11.8775
-0
10.2009
0.53526
13.3192
-0
-0
-0
-0
-0
-0
19.6451
-0
-0
-0
-0
-0
-0
18.577
-0
-0
18.9351
1.24594
-0
11.9175
19.6301
15.1854
-0
-0
-0
-0
-0
-0
-0
11.3497
-0
-0
-0
-0
-0
8.08801
2.66279
-0
-0
-0
20.8108
-0
-0
4.8329
-0
20.0159
-0
-0
12.9012
-0
-0
27.3596
-0
-0
-0
-0
-0
-0
-0
19.4017
-0
-0
-0
-0
-0
-0
-0
-0
-0
11.2232
-0
-0
-0
-0
4.97396
-0
-0
-0
-0
-0
-0
-0
18.3268
-0
-0
14.3994
-0
-0
-0
-0
-0
0.169168
-0
-0
-0
13.4187
-0
-0
0.551614
20.9332
15.6721
29.8511
-0
-0
-0
-0
-0
-0
3.95819
3.08761
-0
17.4737
-0
-0
-0
16.0695
-0
-0
-0
9.12855
36.8285
-0
26.9893
-0
-0
9.97609
-0
27.7045
-0
-0
3.97578
-0
-0
24.6866
-0
-0
14.0775
-0
9.1635
7.40765
-0
-0
25.7162
0.902112
-0
-0
-0
0.850226
-0
-0
-0
24.806
12.7544
-0
-0
-0
-0
41.7189
-0
-0
-0
-0
-0
-0
-0
2.10949
-0
10.4858
-0
-0
-0
15.7039
-0
15.5233
2.42403
28.0557
-0
-0
-0
-0
-0
-0
25.7211
-0
-0
-0
4.16739
-0
43.1852
-0
-0
9.59836
0.491141
1.54334
-0
-0
34.3228
-0
-0
5.89545
0.672962
33.0967
-0
11.1393
-0
-0
-0
-0
-0
-0
-0
-0
-0
-0
-0
-0
-0
-0
4.46928
1.07027
-0
-0
-0
9.65228
-0
12.1635
-0
26.7965
15.3374
-0
-0
-0
9.46379
-0
-0
14.4617
-0
-0
-0
-0
-0
-0
-0
33.1201
-0
-0
3.05731
-0
21.0069
-0
-0
-0
-0
8.98655
33.4655
13.8872
14.4311
-0
-0
33.2922
14.1309
-0
23.4165
-0
27.1563
-0
-0
-0
-0
-0
-0
-0
-0
-0
-0
-0
-0
-0
22.7559
29.4331
-0
-0
30.4716
15.8753
-0
6.28486
-0
-0
-0
-0
9.24874
-0
5.59416
-0
-0
-0
1.56803
-0
12.1283
3.43603
-0
-0
-0
-0
6.97407
-0
-0
-0
-0
-0
-0
-0
-0
-0
-0
-0
-0
-0
29.0698
-0
-0
-0
-0
-0
-0
-0
-0
-0
0.0556688
-0
-0
-0
-0
-0
19.9926
-0
-0
-0
-0
-0
1.6273
-0
-0
-0
4.03752
-0
22.9421
-0
-0
-0
-0
7.91511
-0
-0
-0
9.36921
10.0361
3.80245
-0
-0
-0
-0
6.46336
19.2743
-0
28.012
4.54549
-0
-0
-0
-0
-0
-0
-0
-0
-0
-0
25.1625
-0
2.33264
-0
-0
20.34
13.0462
-0
-0
12.6923
-0
-0
-0
19.031
-0
-0
-0
-0
-0
-0
3.03552
-0
21.0856
-0
34.2462
24.292
-0
-0
-0
1.5779
-0
-0
-0
-0
7.07474
-0
-0
-0
4.22062
8.98104
52.4111
-0
-0
1.06602
-0
-0
-0
-0
15.39
-0
-0
12.8698
-0
-0
-0
-0
-0
-0
-0
-0
48.0182
-0
-0
6.40656
-0
-0
-0
39.4132
-0
-0
-0
-0
-0
-0
-0
-0
-0
-0
-0
17.6894
-0
-0
-0
-0
-0
-0
-0
11.8674
-0
-0
-0
-0
-0
-0
-0
-0
-0
-0
-0
-0
-0
-0
-0
-0
-0
-0
-0
12.1248
-0
-0
-0
9.89888
12.7158
-0
14.1914
-0
22.0938
-0
-0
-0
-0
-0
-0
-0
9.98639
12.1569
1.62181
-0
-0
-0
24.1879
12.2581
12.0602
11.7683
-0
-0
-0
-0
-0
-0
17.0809
-0
-0
-0
-0
-0
20.6441
-0
-0
-0
-0
15.8753
-0
-0
8.52249
2.56498
-0
-0
-0
-0
-0
-0
9.86737
-0
-0
-0
-0
9.54919
-0
-0
-0
-0
7.16875
-0
-0
-0
-0
-0
-0
17.3564
12.8957
29.2389
-0
-0
14.906
-0
-0
-0
0.612045
4.10801
-0
-0
-0
-0
-0
-0
9.58836
-0
-0
-0
26.3755
15.8077
-0
-0
-0
-0
-0
-0
-0
42.8949
-0
-0
-0
-0
-0
-0
9.32466
18.9904
-0
-0
-0
-0
-0
-0
-0
-0
-0
-0
-0
-0
3.74022
-0
5.5158
-0
-0
-0
-0
16.2682
12.416
-0
-0
-0
-0
-0
-0
17.0645
-0
-0
-0
-0
-0
-0
-0
24.2602
-0
-0
9.53676
-0
24.813
0.319696
-0
-0
-0
-0
-0
-0
20.3604
-0
-0
-0
18.0185
-0
-0
-0
-0
-0
-0
-0
3.51132
-0
-0
7.60924
-0
22.4991
7.99362
-0
-0
7.39834
1.61432
-0
3.58185
1.20807
-0
-0
-0
-0
-0
0.368938
4.38992
-0
19.1465
-0
-0
11.3981
-0
-0
-0
15.104
-0
-0
-0
-0
-0
-0
-0
12.7972
-0
-0
-0
-0
-0
-0
-0
-0
-0
-0
43.0603
-0
-0
-0
-0
0.754038
18.123
-0
-0
-0
32.4579
13.8202
-0
8.99007
-0
5.8849
-0
-0
-0
-0
-0
20.4315
-0
-0
21.0322
9.41377
20.0162
-0
0.277899
-0
-0
6.91343
-0
-0
-0
22.6327
-0
-0
-0
-0
-0
-0
21.6107
15.1513
16.5047
-0
8.53633
-0
5.25613
6.76546
-0
-0
3.4097
-0
-0
-0
4.52448
-0
-0
-0
-0
-0
25.2872
-0
-0
17.4314
-0
-0
4.88166
-0
-0
17.0074
-0
-0
-0
-0
-0
0.589189
-0
-0
-0
-0
0.17095
-0
-0
-0
-0
-0
-0
24.174
3.38504
-0
-0
-0
34.5945
-0
-0
-0
-0
-0
-0
-0
10.7458
6.90726
-0
-0
-0
-0
-0
-0
-0
-0
-0
-0
-0
-0
9.36416
-0
-0
-0
13.3153
0.877591
-0
1.79416
5.02678
-0
-0
12.8487
-0
-0
-0
-0
4.15929
-0
-0
-0
-0
-0
12.7711
-0
6.36577
-0
-0
-0
-0
-0
-0
-0
-0
2.14002
25.2473
-0
-0
3.94168
7.88929
-0
-0
-0
-0
-0
-0
-0
-0
20.2119
-0
10.3377
-0
-0
-0
-0
7.07302
-0
18.0421
-0
-0
-0
20.6182
8.9161
-0
-0
-0
15.9299
-0
-0
11.9239
-0
-0
-0
-0
-0
7.29212
-0
-0
-0
-0
-0
-0
-0
-0
-0
14.7752
-0
-0
-0
-0
-0
-0
-0
-0
-0
-0
-0
31.5029
4.84866
14.5715
4.65896
-0
-0
-0
3.62708
-0
-0
-0
-0
-0
11.6873
-0
20.6589
-0
-0
-0
15.0964
-0
-0
-0
-0
22.8058
-0
8.87572
-0
-0
-0
-0
29.5425
-0
-0
-0
-0
-0
21.2407
-0
-0
-0
-0
2.67375
-0
0.0760332
10.1615
4.36285
-0
-0
-0
-0
-0
3.51406
-0
-0
-0
-0
19.5144
-0
-0
-0
-0
31.7605
1.81666
-0
-0
-0
-0
35.9444
-0
-0
18.8654
-0
-0
0.278649
-0
-0
6.85551
11.3225
-0
-0
-0
-0
-0
4.60261
10.9609
16.5107
0.770487
-0
5.8375
-0
-0
-0
9.20818
13.9915
1.2974
20.3399
8.26597
-0
-0
-0
26.2291
-0
-0
-0
-0
0.663806
-0
-0
-0
21.9295
-0
-0
-0
-0
9.76043
5.83232
-0
1.76093
-0
-0
-0
-0
-0
-0
-0
-0
-0
0.918743
-0
-0
17.2424
-0
22.3795
-0
-0
-0
-0
5.33864
-0
-0
23.0558
2.0359
-0
19.3051
6.22991
-0
-0
6.53403
-0
-0
19.2135
-0
4.95193
-0
-0
15.3036
-0
-0
11.8272
0.83563
-0
39.9085
-0
-0
3.61652
-0
15.1771
4.24919
-0
-0
-0
-0
-0
-0
-0
-0
-0
-0
-0
-0
-0
11.0124
-0
-0
-0
19.8223
-0
7.43053
4.28556
-0
-0
-0
-0
-0
19.8888
-0
-0
-0
-0
-0
-0
24.9951
-0
17.4349
-0
26.7445
-0
18.7939
9.7275
1.0447
17.2809
-0
-0
-0
-0
-0
-0
-0
1.18883
27.7493
-0
3.82203
16.1462
-0
-0
-0
12.8693
-0
-0
-0
-0
32.377
-0
16.1403
30.5479
5.43282
22.7214
-0
-0
-0
5.48238
16.9123
-0
16.3935
-0
-0
11.6022
24.7095
-0
-0
-0
-0
7.7424
-0
10.9615
-0
25.6676
-0
30.8275
-0
-0
7.72816
4.09849
-0
35.2282
9.29668
-0
-0
-0
2.52308
-0
6.49071
-0
5.1774
15.5043
11.7585
1.68496
-0
15.485
-0
1.71998
1.75754
-0
3.41102
-0
10.2948
15.1676
9.32077
-0
-0
-0
-0
-0
-0
-0
-0
-0
-0
8.4494
-0
-0
-0
-0
-0
27.142
6.84103
20.8592
14.9805
4.97446
-0
-0
15.4642
-0
14.5473
-0
-0
-0
-0
0.515979
-0
-0
-0
-0
-0
-0
-0
8.13721
41.8778
-0
0.188519
-0
-0
25.4995
-0
-0
-0
-0
-0
-0
-0
-0
-0
-0
-0
-0
-0
-0
3.08103
-0
0.858349
-0
-0
-0
7.86752
-0
31.9055
4.6727
-0
-0
-0
-0
-0
-0
-0
-0
-0
-0
-0
-0
-0
-0
-0
-0
-0
-0
-0
-0
-0
-0
-0
-0
-0
-0
-0
-0
-0
-0
23.9664
5.743
-0
-0
-0
-0
-0
-0
12.6463
-0
-0
-0
-0
-0
-0
12.794
-0
-0
6.73774
21.5411
-0
-0
-0
9.30401
-0
-0
-0
-0
-0
-0
-0
3.73718
-0
-0
-0
2.89716
15.227
-0
-0
27.9399
-0
-0
-0
6.53844
-0
-0
-0
-0
-0
-0
11.4451
-0
-0
-0
-0
38.1576
36.6526
-0
5.00448
-0
-0
-0
-0
-0
1.37479
-0
-0
-0
-0
-0
-0
8.53043
-0
-0
-0
0.270336
-0
-0
-0
-0
-0
-0
-0
1.55505
32.4149
-0
-0
-0
-0
-0
-0
-0
-0
-0
-0
-0
-0
-0
-0
-0
-0
-0
-0
-0
-0
-0
27.3372
-0
12.2112
-0
-0
-0
-0
-0
-0
-0
40.8757
-0
-0
-0
-0
21.6283
-0
-0
-0
-0
-0
18.9994
-0
7.49176
-0
-0
-0
-0
22.5265
-0
-0
-0
-0
0.0223121
-0
8.21929
-0
-0
57.6618
-0
1.63112
19.9677
-0
-0
11.2871
-0
-0
2.73521
-0
6.3565
15.4902
34.6024
-0
-0
21.165
5.29262
-0
-0
-0
-0
-0
38.5359
-0
-0
16.7761
-0
6.34585
-0
-0
17.2849
26.9513
-0
36.2839
-0
-0
-0
20.3104
-0
-0
-0
-0
-0
-0
5.59709
36.6838
17.4527
4.78759
-0
-0
-0
-0
-0
4.19764
-0
-0
2.09602
-0
4.22802
-0
-0
-0
-0
-0
-0
-0
56.9288
-0
-0
3.04897
-0
-0
9.36438
-0
-0
-0
12.5608
9.28876
-0
15.114
-0
13.2315
-0
10.5567
0.448309
9.38123
-0
14.0667
1.16997
-0
-0
-0
-0
-0
-0
26.0534
5.37964
-0
10.1331
9.11865
-0
-0
9.00226
-0
4.4973
-0
-0
-0
-0
-0
-0
-0
2.51806
-0
-0
26.9162
-0
27.3972
-0
-0
-0
15.5184
-0
-0
55.1208
-0
14.277
-0
18.8328
22.9682
-0
-0
-0
-0
-0
-0
-0
3.34061
15.3769
2.85471
2.46305
-0
-0
-0
-0
-0
-0
26.6866
-0
17.4495
-0
-0
18.0432
-0
1.11519
-0
-0
13.7751
-0
-0
-0
-0
16.1726
-0
-0
9.86077
-0
-0
-0
3.29068
-0
16.2561
16.1344
-0
0.892232
-0
10.8328
20.8983
-0
-0
-0
12.5187
-0
-0
-0
-0
-0
-0
-0
-0
-0
-0
11.9713
10.0665
-0
-0
-0
-0
-0
-0
-0
-0
-0
-0
-0
-0
8.5356
24.957
-0
20.4264
-0
-0
-0
-0
-0
-0
-0
-0
1.22351
-0
-0
-0
6.07231
-0
-0
-0
-0
-0
-0
-0
-0
-0
-0
-0
-0
-0
-0
15.851
-0
23.9941
14.404
-0
-0
-0
-0
-0
-0
0.534413
-0
-0
18.2078
-0
20.6861
15.4397
19.9256
9.31033
-0
-0
31.4238
-0
33.2989
20.4162
-0
-0
10.4215
-0
30.2902
-0
12.4979
-0
-0
-0
-0
-0
-0
1.00284
-0
-0
-0
-0
24.706
-0
-0
-0
-0
-0
28.7733
10.8867
-0
-0
1.4104
-0
-0
14.7839
-0
-0
-0
17.0217
8.17728
6.2481
-0
33.2456
-0
-0
15.9957
-0
-0
-0
12.0975
-0
-0
28.6842
-0
1.35635
-0
-0
-0
-0
-0
-0
-0
-0
1.57419
-0
10.5064
-0
-0
-0
-0
-0
-0
-0
19.4268
0.99113
-0
-0
-0
5.59381
-0
10.0118
-0
-0
-0
32.0591
20.1913
0.380202
-0
-0
2.30015
-0
-0
10.0768
-0
6.6163
-0
-0
13.778
-0
-0
28.3862
17.9107
-0
17.9265
13.1312
-0
27.1043
42.8511
-0
-0
-0
-0
11.9787
-0
30.536
-0
7.56787
13.6079
0.587651
24.7375
-0
-0
4.11174
-0
1.94317
-0
37.1906
-0
6.79855
-0
-0
-0
-0
-0
-0
12.3426
-0
23.4388
19.8854
-0
0.488624
-0
-0
23.9567
-0
-0
-0
-0
-0
-0
-0
5.33795
26.2341
3.7949
-0
18.3071
-0
-0
-0
7.21185
-0
-0
-0
7.93807
-0
-0
16.7301
21.2333
-0
-0
-0
-0
-0
2.63025
-0
-0
-0
31.4348
-0
-0
4.36388
-0
-0
-0
-0
25.9549
27.4955
-0
3.21908
-0
28.9358
-0
-0
-0
-0
-0
-0
-0
-0
-0
-0
-0
-0
34.6287
-0
-0
-0
-0
-0
0.284526
12.691
-0
18.2707
-0
-0
-0
-0
21.0937
-0
17.7912
9.85939
-0
-0
-0
-0
-0
-0
-0
-0
-0
-0
-0
-0
-0
1.87511
22.8874
-0
7.48544
-0
-0
-0
21.1418
-0
-0
23.2887
11.7484
-0
1.49927
40.4944
0.878363
15.7998
-0
16.566
-0
3.33312
-0
-0
-0
-0
12.3441
4.2886
-0
-0
29.8222
-0
4.17241
18.137
-0
-0
3.38176
-0
-0
-0
19.8241
-0
-0
3.78398
-0
-0
14.5975
-0
-0
-0
-0
14.4357
1.58592
-0
-0
16.1655
-0
1.82368
14.3157
-0
-0
-0
-0
-0
4.31938
22.1381
-0
45.8397
23.7967
-0
17.331
-0
-0
-0
-0
-0
-0
-0
-0
19.9783
8.77541
21.5245
-0
29.7313
-0
-0
0.597486
-0
20.0191
1.65367
-0
-0
-0
4.66989
-0
-0
-0
-0
-0
-0
29.4646
-0
-0
-0
6.13724
-0
-0
-0
-0
13.2999
-0
18.572
-0
-0
-0
-0
-0
5.95709
42.9251
-0
-0
-0
-0
-0
13.0677
-0
-0
-0
-0
-0
-0
-0
18.0057
-0
-0
-0
22.5301
-0
-0
-0
-0
-0
-0
4.19904
-0
-0
12.9067
4.24343
-0
-0
-0
-0
-0
-0
-0
-0
-0
-0
-0
-0
-0
-0
-0
-0
-0
-0
-0
-0
-0
13.6065
-0
-0
1.67395
-0
-0
9.97898
-0
-0
7.0237
-0
-0
4.06343
-0
-0
-0
2.70612
9.16655
-0
-0
-0
-0
10.6741
-0
0.920337
-0
22.9598
-0
26.6125
19.8267
-0
-0
11.4318
8.95119
33.3209
-0
-0
2.67777
-0
-0
-0
-0
-0
-0
-0
-0
3.4421
17.8896
-0
-0
-0
-0
23.6397
-0
-0
-0
-0
-0
-0
31.9023
-0
-0
-0
-0
-0
-0
12.9183
-0
-0
-0
-0
-0
7.9134
-0
-0
-0
-0
-0
0.256322
-0
-0
-0
-0
-0
8.25449
-0
22.0688
23.7598
-0
-0
-0
-0
-0
-0
-0
-0
1.35545
-0
-0
-0
18.872
54.9421
32.0198
21.4444
-0
0.247473
1.1343
6.92822
4.68674
0.44849
-0
-0
-0
-0
-0
21.3983
22.12
-0
-0
-0
4.30751
2.75557
5.49093
-0
-0
-0
11.1504
-0
-0
-0
-0
10.1621
-0
-0
0.166596
6.4752
-0
-0
-0
-0
7.71529
-0
-0
-0
-0
-0
27.1589
-0
-0
-0
-0
-0
3.52739
-0
19.0203
-0
-0
27.8358
58.4114
6.5777
-0
-0
-0
-0
-0
-0
10.8327
-0
-0
-0
-0
22.2761
-0
-0
-0
-0
-0
-0
-0
-0
-0
-0
-0
-0
30.9266
12.7946
-0
-0
-0
-0
-0
-0
9.10491
-0
-0
22.117
-0
-0
-0
-0
-0
-0
2.05312
-0
-0
28.7419
-0
-0
4.54825
-0
-0
-0
-0
-0
15.8656
-0
-0
-0
-0
-0
-0
0.275605
-0
-0
-0
-0
-0
-0
17.7128
-0
-0
-0
11.8942
-0
-0
-0
-0
-0
-0
5.33606
-0
-0
-0
7.33704
13.9839
-0
-0
-0
-0
-0
24.3569
17.3238
-0
-0
46.4113
-0
-0
1.11283
-0
-0
4.1768
-0
5.46622
35.6084
4.32941
-0
-0
2.83907
33.3091
10.0966
-0
-0
-0
12.351
0.433965
-0
-0
-0
-0
-0
-0
13.6812
-0
-0
-0
-0
-0
-0
-0
-0
-0
-0
-0
-0
-0
-0
-0
-0
-0
0.851726
-0
4.15728
-0
11.7584
-0
-0
-0
-0
-0
-0
-0
-0
-0
-0
-0
-0
-0
-0
-0
-0
54.8671
-0
22.5006
-0
1.75551
-0
-0
-0
-0
-0
-0
5.35933
-0
17.1471
-0
-0
0.923832
-0
-0
4.7285
11.6562
-0
-0
2.10964
-0
-0
-0
-0
9.81896
-0
-0
-0
-0
-0
4.12182
-0
-0
-0
-0
-0
-0
-0
-0
-0
-0
-0
-0
-0
9.7289
-0
-0
-0
22.9107
-0
-0
-0
13.2984
24.8835
-0
-0
-0
26.2828
-0
9.99419
-0
-0
-0
-0
-0
30.7391
-0
24.4219
-0
-0
-0
18.346
-0
-0
-0
-0
19.4696
-0
11.3625
-0
3.64398
4.43182
-0
-0
-0
-0
4.76595
-0
-0
-0
-0
0.315487
-0
-0
14.4461
-0
0.188394
-0
-0
10.3757
-0
-0
-0
-0
-0
-0
-0
-0
-0
7.33043
17.7578
-0
-0
-0
30.3465
-0
-0
-0
10.5893
-0
-0
-0
-0
-0
5.22799
14.3913
17.0717
-0
-0
8.81186
7.34845
-0
3.19302
-0
10.3596
-0
-0
-0
-0
-0
-0
-0
-0
-0
15.2844
-0
19.0422
-0
9.45681
-0
-0
3.67843
-0
-0
-0
-0
0.753484
-0
2.54466
-0
-0
-0
-0
20.0663
-0
23.7804
-0
-0
-0
32.8242
-0
20.5808
-0
9.86037
11.177
-0
-0
-0
-0
-0
-0
-0
2.14295
-0
14.9974
-0
-0
-0
-0
-0
27.4552
-0
-0
11.6787
-0
3.11064
-0
15.1659
-0
18.2549
-0
-0
14.6195
-0
-0
-0
-0
-0
-0
41.4033
-0
-0
-0
-0
-0
-0
-0
-0
-0
-0
-0
-0
-0
-0
-0
20.8795
11.1249
-0
-0
-0
-0
-0
11.6158
3.23805
-0
2.32089
-0
11.0871
-0
-0
-0
2.37413
6.29408
-0
49.0758
-0
-0
-0
-0
-0
4.64884
1.74653
-0
-0
-0
-0
15.1189
-0
-0
15.7834
5.73968
41.3132
-0
-0
17.3852
-0
25.1377
7.12592
34.4148
38.2364
-0
-0
-0
40.9875
-0
-0
14.3209
-0
-0
12.64
-0
-0
3.39076
-0
-0
-0
-0
-0
10.753
-0
-0
14.9809
-0
-0
-0
-0
-0
-0
-0
-0
34.6143
-0
-0
-0
-0
-0
3.13639
-0
-0
33.2947
-0
-0
-0
-0
18.4377
0.933228
-0
-0
-0
-0
5.6261
-0
19.3361
4.93619
-0
-0
-0
-0
-0
-0
7.47268
-0
-0
-0
-0
27.0265
2.25883
9.74256
-0
12.4979
-0
14.6872
-0
-0
-0
-0
-0
20.2078
13.1341
-0
-0
5.75157
-0
-0
-0
45.1735
-0
-0
-0
3.31049
-0
-0
-0
-0
-0
-0
2.19193
12.8854
-0
-0
-0
-0
29.3177
-0
-0
-0
-0
-0
-0
-0
-0
-0
23.0517
-0
-0
-0
-0
-0
23.2543
-0
-0
-0
-0
20.9816
-0
18.9723
-0
16.5645
-0
-0
-0
-0
-0
-0
-0
-0
-0
-0
-0
-0
-0
-0
-0
-0
-0
12.283
20.3759
-0
-0
-0
-0
23.9349
15.4374
-0
-0
-0
-0
-0
-0
-0
-0
-0
-0
-0
-0
-0
-0
25.7996
5.11075
-0
6.02418
-0
-0
-0
-0
15.925
-0
7.70549
-0
-0
-0
-0
-0
-0
5.66646
-0
-0
-0
38.4588
-0
-0
-0
0.403322
7.47379
7.65711
-0
-0
-0
-0
-0
28.3876
3.34561
-0
-0
12.8437
-0
-0
-0
-0
25.3584
15.3091
25.5233
-0
-0
-0
-0
-0
-0
-0
-0
-0
-0
-0
17.7529
7.33758
8.31911
-0
-0
15.5944
-0
-0
5.16728
-0
-0
16.903
-0
0.0301787
-0
-0
-0
-0
12.2773
-0
21.8396
-0
-0
-0
-0
5.57276
18.2316
11.3889
-0
-0
-0
-0
-0
-0
-0
5.15187
6.9309
0.496158
16.0938
-0
-0
-0
-0
12.1379
-0
-0
-0
-0
-0
-0
-0
2.02898
-0
-0
-0
11.0631
2.49472
-0
-0
-0
10.9713
-0
-0
2.46858
7.91685
-0
-0
-0
-0
-0
-0
-0
8.27317
-0
8.09388
-0
12.6179
-0
-0
-0
-0
-0
7.78044
39.6841
-0
-0
-0
15.0616
-0
11.5752
4.24049
11.1619
1.03827
-0
-0
46.9536
-0
17.6162
4.10749
3.83521
-0
-0
1.89952
-0
-0
-0
-0
-0
-0
-0
-0
-0
-0
-0
-0
16.6383
-0
-0
4.32133
-0
6.68064
9.95661
8.32527
-0
5.0781
2.36664
-0
-0
-0
-0
0.365193
-0
-0
-0
-0
-0
-0
-0
-0
-0
-0
-0
-0
-0
-0
-0
-0
-0
-0
13.4833
1.76672
9.70207
19.5332
-0
-0
-0
0.672411
-0
-0
-0
-0
-0
1.51809
-0
14.8565
-0
-0
37.3132
-0
0.533076
-0
7.89789
-0
28.9228
-0
-0
19.2769
-0
-0
-0
-0
-0
-0
-0
-0
-0
-0
-0
20.9917
-0
-0
-0
-0
-0
-0
-0
-0
23.9185
-0
17.0092
5.38051
0.124741
22.9122
9.68957
8.23735
6.72457
-0
4.89076
-0
-0
-0
5.5069
-0
-0
-0
-0
18.0545
-0
-0
3.18395
-0
41.9876
-0
-0
-0
-0
7.03337
-0
-0
-0
-0
3.35542
-0
-0
1.71801
-0
-0
-0
-0
36.5877
9.59717
-0
-0
-0
2.40835
-0
6.33286
15.1352
1.58936
16.3054
10.3461
-0
15.2346
-0
-0
-0
-0
0.799874
32.1511
-0
2.75123
-0
8.88562
19.394
-0
-0
-0
-0
36.0186
-0
-0
-0
19.8768
1.79031
-0
-0
-0
-0
13.6958
-0
-0
-0
-0
-0
-0
-0
2.86653
-0
7.45114
-0
-0
3.2627
3.11765
-0
-0
-0
-0
-0
-0
-0
-0
-0
-0
-0
-0
-0
11.2633
-0
-0
-0
-0
-0
-0
4.17173
-0
-0
2.69791
20.6938
-0
33.4983
1.93685
-0
-0
-0
-0
-0
-0
-0
-0
-0
-0
15.0111
-0
-0
-0
4.39636
-0
4.49193
33.3647
5.794
-0
27.4869
-0
-0
-0
-0
-0
-0
19.555
16.5719
24.5223
-0
-0
-0
-0
14.8881
-0
-0
-0
6.79045
-0
-0
-0
10.5664
-0
-0
-0
11.4378
-0
-0
-0
1.22136
-0
35.9846
1.95617
0.677038
-0
-0
-0
5.97294
-0
23.7803
-0
5.77987
-0
28.4081
-0
4.04104
-0
-0
-0
-0
-0
-0
-0
1.631
17.0159
11.4262
-0
8.38196
-0
0.073316
-0
7.5246
5.75664
-0
1.8012
-0
-0
-0
0.5567
-0
-0
16.1311
3.73563
-0
-0
-0
-0
-0
-0
31.9641
-0
-0
-0
-0
29.8803
16.2317
-0
8.7653
-0
-0
-0
-0
-0
11.5504
-0
47.4509
19.9343
-0
3.85706
-0
-0
-0
-0
-0
-0
-0
15.3002
21.2095
-0
-0
-0
-0
-0
33.3279
-0
-0
-0
-0
20.1576
-0
-0
26.295
-0
-0
3.45466
-0
15.2899
-0
15.8126
-0
6.50395
-0
-0
-0
-0
-0
-0
-0
4.94725
-0
25.1962
-0
-0
-0
-0
-0
-0
-0
-0
38.3946
-0
-0
14.4605
-0
18.9785
-0
4.91587
-0
-0
2.64231
-0
-0
-0
11.8552
-0
-0
-0
16.5272
-0
12.4004
34.9652
-0
11.3152
31.4048
-0
-0
-0
2.46224
1.36436
-0
2.50547
-0
-0
20.3831
-0
-0
-0
-0
10.1506
-0
-0
-0
17.5382
-0
-0
-0
9.35647
-0
34.8548
-0
-0
-0
6.18704
-0
-0
-0
-0
-0
-0
-0
-0
-0
18.0206
-0
-0
27.1491
-0
-0
-0
31.8789
-0
-0
-0
-0
4.00847
15.4355
-0
12.6045
-0
33.6746
18.8576
2.42073
-0
7.58828
-0
-0
-0
-0
-0
-0
-0
12.133
6.14669
-0
27.6101
29.5428
2.35117
-0
9.44305
-0
-0
-0
7.52548
-0
-0
30.8406
-0
-0
-0
-0
-0
-0
-0
-0
-0
-0
17.5143
-0
-0
25.0619
34.6335
-0
-0
-0
-0
-0
21.7314
-0
17.7379
-0
26.8032
-0
-0
-0
12.124
-0
-0
-0
-0
-0
13.5255
20.5403
56.2573
-0
-0
-0
-0
-0
-0
-0
-0
-0
-0
-0
-0
-0
18.4784
-0
6.30922
11.8998
-0
-0
-0
-0
-0
-0
-0
20.909
-0
17.4843
24.8205
10.9805
0.649518
7.65439
-0
-0
-0
-0
-0
-0
26.2041
-0
-0
3.29936
-0
-0
-0
-0
-0
-0
16.2786
1.95894
10.5881
-0
-0
-0
-0
-0
-0
21.0782
-0
-0
0.150736
15.7833
1.9202
30.2856
-0
20.2594
-0
3.98821
-0
-0
-0
-0
-0
-0
-0
8.71572
-0
3.45362
-0
-0
16.408
-0
-0
-0
-0
-0
1.54772
44.7254
-0
5.73744
-0
-0
-0
-0
-0
-0
-0
-0
-0
-0
-0
7.34702
-0
-0
-0
-0
26.2513
1.11321
-0
-0
-0
-0
9.561
-0
11.7489
-0
-0
3.27007
12.9415
-0
-0
-0
-0
-0
1.09411
-0
-0
-0
15.0977
-0
-0
-0
-0
26.833
8.12109
19.7569
-0
-0
-0
-0
-0
-0
-0
0.180279
4.5424
-0
-0
19.7392
-0
-0
9.22894
1.68846
-0
-0
-0
-0
-0
3.75703
-0
0.548776
-0
-0
-0
22.9795
-0
-0
-0
-0
16.6863
-0
-0
9.44441
-0
16.7933
-0
-0
2.5058
17.6804
-0
-0
-0
14.3938
-0
-0
-0
26.65
-0
-0
21.9092
4.79926
4.05826
4.70427
-0
29.5886
3.70516
-0
-0
-0
5.06579
-0
5.79885
-0
-0
-0
-0
-0
-0
-0
-0
-0
17.352
-0
-0
-0
-0
-0
-0
-0
-0
-0
8.40005
-0
-0
-0
33.1576
-0
12.5374
13.6548
-0
-0
-0
14.4891
-0
-0
2.17103
-0
-0
-0
1.96836
0.979337
-0
-0
5.84495
-0
-0
-0
7.24513
-0
-0
-0
-0
-0
-0
-0
-0
-0
-0
-0
-0
-0
-0
-0
-0
10.5698
-0
-0
31.473
-0
9.10571
-0
-0
7.49975
-0
-0
-0
6.14448
-0
-0
12.0065
-0
-0
-0
23.8737
11.3013
9.52947
12.25
-0
-0
-0
33.2655
3.50125
18.219
-0
4.56648
17.1577
-0
-0
1.23349
-0
-0
-0
-0
-0
-0
-0
2.21436
-0
-0
-0
-0
-0
-0
-0
-0
9.38664
11.6158
-0
-0
-0
-0
15.606
2.81025
-0
-0
-0
4.13792
-0
-0
-0
2.90725
2.73282
-0
-0
-0
-0
-0
-0
-0
46.8237
-0
-0
-0
-0
-0
-0
-0
-0
36.2997
24.0006
-0
12.5254
15.9945
-0
-0
-0
45.2874
-0
-0
-0
-0
17.5206
10.1589
-0
-0
