-0
-0
-0
-0
-0
-0
-0
-0
-0
-0
54.1822
-0
-0
-0
-0
12.4226
-0
-0
-0
-0
-0
30.1403
-0
32.3965
-0
-0
-0
8.73222
-0
-0
-0
-0
-0
12.8947
4.22729
-0
-0
-0
-0
-0
-0
-0
-0
-0
-0
-0
-0
34.9027
-0
27.677
-0
-0
-0
-0
-0
-0
-0
-0
32.6128
6.90538
-0
-0
15.1316
-0
-0
-0
27.9178
-0
-0
-0
-0
-0
-0
-0
-0
2.65728
-0
-0
-0
-0
-0
14.3053
-0
-0
-0
-0
-0
2.37073
-0
-0
-0
0.247644
-0
-0
1.68531
-0
-0
-0
4.47857
-0
-0
-0
-0
23.9743
27.9119
-0
-0
-0
-0
24.7246
-0
-0
0.222619
-0
-0
15.3032
17.8943
-0
33.608
10.2886
-0
-0
6.56432
-0
28.1422
-0
30.6089
-0
-0
-0
-0
8.64408
-0
-0
-0
-0
35.2006
-0
-0
73.7789
-0
-0
-0
36.3631
-0
-0
-0
22.3349
-0
-0
-0
-0
-0
-0
-0
-0
37.0507
-0
-0
-0
1.59155
0.206745
-0
85.2783
33.0693
7.75424
-0
9.22558
-0
28.3693
-0
16.4708
-0
-0
4.63495
-0
-0
-0
-0
-0
-0
-0
-0
-0
-0
22.1437
-0
-0
-0
-0
5.53367
4.6335
40.6352
-0
-0
-0
-0
-0
25.3458
-0
-0
-0
18.9068
-0
6.43717
12.0864
-0
-0
-0
-0
19.6678
47.273
29.4293
-0
-0
-0
27.8291
-0
-0
-0
-0
-0
-0
10.0161
-0
-0
-0
-0
-0
-0
-0
-0
-0
-0
-0
-0
-0
-0
-0
-0
0.588907
-0
-0
-0
-0
-0
-0
-0
-0
-0
-0
-0
-0
-0
-0
-0
-0
15.8983
0.907538
-0
-0
-0
-0
5.50494
-0
-0
10.2053
-0
-0
-0
-0
0.52729
-0
23.3612
-0
-0
-0
-0
-0
-0
-0
2.5881
-0
-0
-0
-0
-0
16.0116
-0
-0
-0
1.76974
0.116725
-0
47.1055
-0
25.042
-0
-0
-0
-0
-0
3.55408
1.86267
2.16223
20.7494
-0
-0
24.4082
-0
45.8388
67.0916
-0
-0
-0
1.77042
-0
-0
-0
0.673138
-0
-0
-0
-0
48.151
-0
-0
-0
-0
7.76124
-0
-0
11.6024
44.8799
-0
-0
-0
25.351
-0
7.5023
-0
-0
18.4897
0.935187
-0
8.18796
61.0044
-0
3.24479
17.5156
43.8087
-0
-0
-0
-0
-0
-0
-0
-0
-0
-0
-0
-0
46.0168
2.86365
0.830966
-0
-0
10.9171
-0
-0
-0
0.48914
18.5003
-0
-0
-0
-0
-0
-0
-0
-0
-0
-0
-0
-0
41.656
12.4019
-0
-0
33.3383
-0
-0
-0
-0
0.697975
-0
5.85638
-0
-0
4.74782
27.8708
-0
-0
26.7252
0.716556
-0
-0
-0
-0
-0
-0
-0
-0
-0
2.98384
-0
-0
-0
-0
-0
-0
-0
-0
-0
20.4855
57.3418
16.3226
-0
7.53721
-0
19.2139
28.2701
-0
3.02068
-0
-0
-0
-0
-0
-0
-0
39.5519
27.4264
9.52069
-0
-0
-0
-0
-0
5.30408
-0
-0
-0
48.7155
18.7178
-0
-0
-0
-0
-0
-0
-0
-0
-0
-0
-0
-0
18.3627
-0
1.66633
-0
12.1943
-0
-0
40.4852
-0
-0
-0
-0
4.03423
-0
-0
57.2395
-0
-0
-0
24.2596
-0
1.57691
10.1684
-0
22.9163
31.5841
2.27858
12.9146
-0
-0
-0
-0
-0
-0
-0
-0
-0
-0
-0
8.96682
-0
4.63289
-0
-0
-0
29.527
-0
0.397687
11.055
-0
-0
-0
2.25706
-0
-0
51.2811
-0
-0
-0
33.8853
-0
-0
-0
-0
-0
-0
0.936459
-0
22.5583
30.1346
-0
-0
-0
-0
-0
-0
-0
-0
-0
0.0460315
-0
10.5245
-0
1.36253
23.2791
-0
7.29736
-0
47.1283
27.2544
4.48297
11.2275
-0
-0
9.37272
-0
-0
-0
-0
-0
0.21752
34.8691
-0
5.57637
5.13767
-0
-0
38.0063
-0
-0
15.7172
23.6784
-0
-0
-0
-0
1.28351
50.8536
-0
38.671
40.1813
15.7687
-0
-0
-0
-0
-0
-0
15.3948
5.0786
-0
10.441
3.197
-0
-0
-0
-0
-0
-0
-0
-0
14.5138
-0
-0
-0
-0
-0
-0
47.9031
-0
46.3443
-0
-0
-0
-0
-0
-0
-0
-0
-0
29.4186
-0
-0
-0
-0
-0
-0
-0
-0
-0
30.7031
-0
-0
-0
-0
-0
-0
-0
11.1253
-0
17.8733
-0
-0
-0
-0
-0
-0
-0
-0
-0
-0
-0
22.3375
34.8695
-0
1.14486
-0
25.2923
-0
-0
-0
-0
-0
-0
-0
-0
2.67883
33.2578
-0
-0
-0
9.00458
-0
-0
-0
-0
-0
34.5604
-0
-0
4.41995
-0
-0
-0
23.5299
-0
-0
4.31188
-0
35.4587
-0
-0
-0
-0
-0
-0
33.3731
-0
-0
-0
-0
-0
-0
-0
-0
-0
-0
-0
-0
-0
-0
14.9924
-0
-0
-0
-0
21.067
-0
-0
-0
61.3861
53.4497
-0
-0
-0
-0
-0
11.8289
-0
1.76965
-0
-0
-0
-0
-0
-0
-0
63.0063
-0
-0
-0
57.4642
43.4788
-0
-0
-0
11.2203
-0
-0
12.7959
69.9153
-0
-0
-0
-0
6.17145
-0
32.0201
28.4778
-0
-0
-0
-0
-0
8.73352
-0
-0
-0
-0
-0
-0
-0
-0
-0
-0
-0
-0
-0
31.4135
11.5029
-0
14.4412
-0
-0
-0
-0
-0
-0
-0
-0
-0
-0
-0
-0
-0
-0
-0
57.8628
-0
6.30843
-0
51.6867
-0
-0
-0
-0
-0
-0
-0
18.1541
-0
-0
-0
-0
14.7916
-0
-0
-0
-0
9.74812
-0
16.4353
6.40651
-0
-0
-0
-0
-0
-0
54.1675
-0
-0
-0
20.6657
9.50958
-0
-0
87.6743
19.4504
-0
17.7729
53.8459
-0
-0
0.482472
34.9285
-0
30.4567
32.9047
-0
-0
27.0291
-0
3.96219
-0
41.8349
6.85663
-0
-0
-0
-0
-0
-0
-0
-0
20.2803
-0
-0
-0
-0
-0
-0
4.37563
42.5704
-0
-0
-0
-0
40.6355
-0
-0
-0
-0
-0
-0
-0
-0
-0
-0
-0
-0
20.8348
-0
21.9128
-0
-0
0.828068
7.97411
10.6131
-0
-0
-0
59.8503
-0
-0
-0
-0
-0
-0
-0
-0
-0
-0
16.6316
-0
14.0747
21.3649
9.3509
2.34293
26.5244
-0
-0
-0
-0
11.1786
-0
-0
-0
13.2123
35.7877
-0
-0
-0
20.0681
-0
4.18896
-0
-0
47.9271
-0
-0
-0
-0
-0
-0
-0
69.5135
-0
0.413407
0.238075
-0
-0
-0
-0
-0
28.6116
0.878447
-0
-0
-0
-0
22.436
-0
-0
-0
37.2047
-0
-0
-0
2.5504
4.6759
7.53872
-0
-0
-0
-0
-0
-0
-0
-0
-0
-0
1.91776
-0
4.88371
-0
-0
39.5678
-0
-0
-0
35.5242
-0
30.1665
14.6545
-0
-0
-0
-0
-0
-0
24.3655
4.20054
-0
0.389422
44.1496
40.5092
5.06731
-0
-0
-0
-0
18.6428
-0
-0
-0
-0
-0
-0
15.6608
11.033
-0
-0
6.66226
5.8055
-0
-0
14.4905
-0
-0
35.634
-0
0.0875239
-0
-0
-0
20.7887
-0
-0
65.5129
-0
-0
-0
-0
11.9794
-0
21.4485
-0
39.0347
-0
-0
-0
-0
-0
10.6264
-0
-0
27.2629
-0
-0
-0
-0
-0
-0
-0
-0
41.2312
-0
-0
-0
-0
-0
-0
-0
25.8003
-0
-0
-0
-0
39.3173
-0
-0
-0
-0
-0
2.41972
-0
-0
-0
-0
-0
-0
27.9081
-0
3.32423
-0
-0
-0
-0
-0
-0
-0
-0
43.4041
-0
17.1849
-0
-0
-0
7.79539
-0
-0
-0
-0
-0
2.93028
45.4005
-0
5.91562
-0
-0
-0
-0
-0
3.61842
7.94299
-0
-0
-0
-0
-0
23.6291
-0
18.348
-0
-0
25.0131
-0
-0
-0
-0
17.5048
-0
23.9827
-0
-0
-0
31.3
-0
-0
-0
16.8264
-0
-0
-0
-0
-0
-0
-0
17.9833
-0
-0
-0
-0
21.0977
9.44321
-0
-0
-0
14.2623
23.6765
-0
1.68072
27.8862
-0
51.0024
0.9207
-0
-0
-0
-0
-0
-0
-0
-0
-0
-0
-0
-0
-0
-0
34.227
-0
-0
-0
4.85482
-0
-0
-0
7.1299
-0
18.5636
-0
-0
58.3748
-0
29.6659
23.6825
-0
-0
50.7776
-0
17.3496
-0
-0
-0
-0
-0
-0
10.7565
15.7702
23.2263
-0
17.2822
-0
-0
-0
11.5805
13.8452
-0
-0
-0
-0
-0
-0
10.0064
-0
-0
17.8902
-0
-0
37.446
-0
0.71956
-0
-0
-0
1.19585
-0
-0
26.2096
-0
-0
-0
-0
-0
-0
-0
-0
-0
-0
39.9562
-0
-0
-0
14.615
-0
-0
-0
-0
31.0451
-0
-0
-0
-0
-0
-0
-0
-0
-0
-0
-0
-0
-0
-0
-0
53.719
-0
-0
-0
-0
-0
-0
-0
-0
-0
9.95617
-0
-0
70.7808
-0
9.58969
-0
-0
-0
-0
34.2907
-0
-0
-0
13.109
54.5114
-0
-0
23.6888
4.38912
13.0548
-0
-0
-0
-0
14.3324
24.4654
-0
-0
-0
5.43102
-0
18.316
-0
-0
-0
-0
0.900448
21.3487
-0
-0
-0
28.2206
49.5883
-0
26.6406
-0
43.7299
44.4572
40.8591
-0
-0
-0
-0
-0
-0
-0
-0
-0
4.16457
-0
-0
22.3288
-0
-0
14.6204
-0
-0
-0
3.06264
20.9045
-0
-0
-0
-0
-0
-0
-0
-0
-0
-0
-0
-0
40.7665
-0
-0
-0
-0
33.1178
-0
-0
37.6234
-0
-0
-0
14.3016
-0
-0
32.8784
-0
-0
12.9311
11.8507
-0
-0
-0
-0
-0
-0
-0
46.9019
51.9037
-0
-0
-0
-0
3.25769
-0
-0
-0
-0
-0
-0
16.4158
-0
-0
-0
2.43848
1.84056
-0
-0
0.0612271
-0
2.4
-0
-0
0.210168
13.9497
0.634089
33.0412
-0
-0
-0
-0
-0
-0
-0
-0
-0
23.0728
-0
5.85616
-0
-0
-0
-0
7.70071
14.3833
-0
-0
3.78376
-0
-0
-0
-0
-0
-0
-0
-0
-0
-0
-0
-0
-0
-0
8.21263
-0
-0
-0
9.03807
-0
-0
-0
-0
-0
-0
22.6948
-0
0.830653
19.3777
28.1282
-0
-0
-0
12.5093
-0
-0
-0
-0
34.27
-0
0.288002
15.4948
36.5879
-0
-0
5.87949
41.1673
-0
-0
-0
-0
-0
-0
-0
-0
22.205
-0
-0
-0
15.3816
4.60316
-0
-0
-0
-0
19.9909
23.6218
-0
-0
-0
-0
40.8246
-0
-0
1.08782
-0
-0
-0
1.19892
-0
-0
25.3853
-0
-0
-0
0.0333141
-0
-0
-0
-0
2.93887
-0
-0
-0
-0
14.9568
-0
-0
-0
1.10485
21.6553
-0
-0
-0
-0
-0
-0
-0
-0
35.3932
-0
-0
-0
-0
-0
-0
19.2157
-0
28.1567
-0
-0
45.2798
-0
16.3919
-0
-0
-0
16.2371
-0
-0
-0
-0
-0
-0
25.8882
-0
-0
22.3599
-0
-0
-0
-0
3.66791
-0
47.9329
-0
-0
-0
-0
8.07935
-0
-0
7.58188
-0
24.0495
-0
8.11667
-0
-0
-0
-0
-0
-0
31.3675
-0
-0
-0
24.0141
1.46112
-0
3.33126
27.4977
-0
15.9378
-0
24.2161
-0
13.117
-0
-0
22.1339
-0
-0
-0
-0
71.4211
19.6892
-0
11.6355
-0
-0
-0
-0
-0
-0
1.85289
-0
-0
-0
-0
7.0919
2.31312
-0
-0
-0
-0
-0
-0
-0
12.8243
7.94819
11.1126
-0
-0
-0
4.84849
-0
-0
-0
-0
-0
20.5878
-0
-0
-0
-0
-0
18.5673
-0
-0
20.3117
-0
5.99952
-0
-0
-0
46.8715
-0
24.2424
9.91853
-0
-0
11.275
5.26076
-0
-0
-0
-0
-0
-0
7.82856
-0
30.6621
58.7063
11.48
-0
0.513094
12.0668
-0
-0
-0
-0
-0
-0
-0
-0
-0
-0
-0
-0
48.3984
-0
14.2329
-0
-0
-0
-0
5.61899
-0
8.76259
-0
26.2331
42.0291
28.8067
2.13391
-0
-0
-0
-0
-0
-0
-0
26.5504
-0
-0
-0
-0
-0
27.8698
-0
4.3623
-0
7.69619
-0
-0
-0
-0
25.1562
-0
-0
-0
-0
-0
-0
-0
-0
-0
8.4481
-0
-0
6.27258
19.1776
-0
8.92284
9.73846
-0
-0
11.3854
-0
15.2733
-0
-0
-0
-0
-0
0.739865
31.1938
-0
-0
-0
-0
16.3849
-0
-0
12.5776
-0
-0
-0
-0
-0
-0
-0
-0
-0
-0
-0
-0
-0
-0
-0
-0
3.00573
10.3196
-0
-0
-0
-0
-0
-0
-0
-0
-0
-0
24.4073
-0
20.5695
-0
-0
5.81603
-0
-0
-0
-0
27.0314
-0
-0
-0
-0
-0
-0
-0
-0
19.3919
-0
-0
18.3196
-0
-0
-0
-0
-0
-0
0.0277554
-0
-0
-0
-0
39.3882
4.52575
3.17824
43.5781
-0
-0
-0
-0
41.8173
-0
-0
-0
14.4153
-0
16.922
-0
-0
-0
-0
-0
-0
-0
-0
11.3898
-0
-0
-0
-0
13.624
-0
-0
-0
-0
-0
-0
-0
-0
-0
28.8138
5.35783
-0
-0
39.7273
-0
-0
-0
12.5931
-0
-0
12.2062
10.5909
-0
31.5916
47.6725
-0
-0
-0
-0
59.8178
-0
-0
-0
-0
-0
-0
-0
-0
-0
-0
-0
-0
-0
60.1401
-0
21.264
37.0143
-0
-0
-0
-0
34.6113
-0
-0
-0
-0
-0
11.6253
-0
-0
-0
-0
70.3009
28.1201
9.71024
-0
-0
-0
13.2411
-0
-0
-0
33.7605
-0
-0
-0
14.2246
-0
67.9295
32.9673
-0
16.2138
5.11031
-0
8.31285
5.64824
-0
-0
-0
-0
-0
17.622
5.03643
-0
15.8221
14.1295
-0
13.6217
-0
-0
-0
-0
-0
-0
25.1391
-0
-0
-0
25.7233
0.265978
-0
-0
-0
12.0434
15.2438
15.5914
-0
6.60413
14.6483
-0
-0
-0
-0
26.1263
23.099
-0
-0
-0
46.2183
17.5142
43.4237
-0
-0
17.6254
-0
-0
-0
12.2914
27.2656
-0
-0
3.05295
-0
1.88669
34.4254
-0
-0
-0
-0
-0
11.5957
-0
-0
-0
-0
-0
-0
-0
-0
-0
-0
-0
-0
0.100999
75.6349
-0
0.265228
5.11205
19.8457
-0
-0
-0
-0
-0
-0
-0
-0
-0
-0
10.373
-0
-0
-0
-0
-0
-0
5.80587
1.8134
1.25841
-0
7.69987
-0
-0
-0
-0
14.5384
-0
22.4969
-0
2.59297
-0
-0
-0
-0
-0
-0
-0
24.1941
-0
-0
-0
-0
-0
30.6915
-0
-0
-0
-0
-0
-0
-0
20.0883
-0
-0
-0
-0
-0
27.5686
48.4538
12.207
2.21432
54.1551
-0
5.53471
-0
12.0615
-0
48.4903
23.8525
-0
-0
40.7974
-0
-0
-0
-0
-0
-0
-0
-0
-0
-0
-0
-0
-0
-0
-0
-0
-0
-0
-0
-0
21.8018
0.23212
-0
-0
0.198568
-0
-0
14.2718
-0
34.2711
-0
-0
-0
20.9252
12.5151
-0
-0
-0
-0
45.1233
-0
-0
-0
-0
-0
-0
17.6138
39.4437
27.7133
12.2973
10.9314
-0
-0
-0
-0
-0
-0
0.765506
-0
-0
-0
-0
-0
-0
-0
-0
-0
-0
-0
3.71678
-0
-0
-0
28.22
-0
-0
-0
4.67946
-0
-0
-0
-0
-0
-0
-0
-0
-0
59.0831
-0
-0
-0
-0
11.2596
-0
-0
-0
-0
37.7706
-0
-0
-0
65.2817
-0
21.0653
22.2202
18.2847
-0
32.9465
-0
-0
1.91709
-0
15.341
-0
-0
-0
-0
-0
-0
-0
16.1178
-0
-0
-0
-0
-0
-0
-0
-0
4.4824
-0
-0
20.7024
12.3181
-0
-0
-0
-0
-0
4.40185
-0
-0
-0
-0
8.93659
17.1305
13.0587
10.9439
-0
-0
16.0445
-0
-0
-0
3.66716
5.14515
9.47059
2.35033
-0
-0
-0
-0
-0
-0
-0
11.9587
12.8245
48.6161
-0
11.8151
-0
-0
80.0723
-0
-0
-0
-0
-0
14.2927
-0
-0
-0
-0
-0
-0
-0
-0
-0
-0
0.636044
5.5261
8.50847
-0
-0
-0
-0
-0
20.4596
-0
-0
-0
-0
-0
36.699
-0
-0
4.35572
-0
-0
4.16692
18.0429
-0
-0
-0
-0
-0
41.2081
-0
-0
-0
-0
-0
56.8041
-0
68.1373
56.778
12.4659
-0
-0
1.46515
-0
-0
-0
-0
4.14871
-0
1.80818
-0
-0
45.0457
18.628
43.6165
-0
-0
-0
25.0524
11.8906
-0
-0
-0
-0
-0
7.75853
-0
56.5993
-0
-0
-0
57.6386
-0
29.6301
-0
-0
-0
13.8073
-0
-0
-0
0.176198
-0
-0
-0
-0
-0
-0
-0
-0
1.58804
39.4827
-0
-0
-0
-0
9.44884
33.2271
-0
25.1193
-0
-0
7.83424
18.9963
-0
33.244
23.9426
-0
25.8509
104.46
-0
-0
-0
-0
0.156772
-0
59.2532
35.7186
27.2324
-0
-0
-0
-0
-0
-0
-0
-0
30.3107
-0
-0
-0
1.42031
-0
-0
44.921
65.4064
0.03231
1.97649
-0
-0
-0
-0
-0
-0
-0
-0
29.4339
-0
-0
-0
-0
-0
-0
1.07509
-0
-0
35.1953
-0
-0
-0
-0
-0
-0
-0
-0
-0
11.4034
-0
-0
51.0376
17.3879
-0
0.00257594
33.9004
-0
-0
-0
-0
-0
-0
-0
-0
-0
6.9667
-0
-0
-0
-0
-0
-0
1.96155
-0
-0
-0
-0
-0
-0
-0
-0
-0
-0
20.7716
-0
-0
-0
13.1267
-0
-0
-0
-0
-0
4.91633
-0
-0
17.513
-0
-0
-0
-0
14.8804
12.5868
-0
-0
-0
25.3969
-0
-0
-0
-0
-0
-0
-0
40.8887
-0
-0
-0
-0
-0
-0
-0
-0
-0
24.2892
-0
-0
-0
-0
-0
-0
-0
17.5402
-0
6.39909
-0
33.213
-0
-0
-0
-0
-0
-0
-0
-0
-0
-0
-0
6.12044
-0
-0
-0
-0
51.7345
-0
-0
-0
1.62312
-0
-0
-0
-0
-0
-0
4.2767
-0
-0
-0
-0
0.638338
-0
-0
-0
21.8789
-0
-0
-0
-0
-0
-0
-0
2.93628
-0
-0
20.5217
-0
-0
39.1854
-0
-0
-0
-0
-0
-0
-0
-0
-0
11.8456
0.0799805
-0
-0
8.53165
-0
-0
-0
3.66205
-0
-0
-0
25.3905
9.75328
-0
-0
-0
85.4241
18.5234
-0
-0
-0
-0
36.0598
-0
16.3014
-0
49.9885
-0
-0
-0
-0
-0
-0
-0
-0
-0
-0
31.5592
-0
10.7102
51.2864
-0
-0
-0
-0
-0
-0
-0
-0
-0
-0
-0
-0
0.0497351
-0
11.1963
-0
-0
-0
-0
-0
-0
-0
-0
-0
-0
-0
-0
10.9281
8.50007
-0
-0
-0
18.4452
-0
-0
-0
-0
-0
-0
-0
-0
-0
-0
19.1763
8.31175
-0
-0
-0
14.8645
-0
-0
-0
-0
-0
-0
-0
-0
-0
22.4237
-0
-0
-0
6.56691
-0
19.1193
-0
-0
-0
-0
-0
4.82593
28.0588
-0
-0
-0
-0
-0
-0
-0
46.1451
-0
10.9625
-0
21.9829
-0
22.0079
-0
24.598
-0
50.9379
16.7464
7.7612
-0
-0
-0
-0
-0
-0
-0
-0
1.43601
-0
16.7595
-0
-0
-0
-0
-0
10.8272
34.9665
-0
5.85339
-0
-0
32.4683
-0
-0
-0
-0
27.2655
18.6252
-0
-0
-0
-0
-0
2.83645
16.0181
-0
-0
49.2173
-0
-0
-0
-0
-0
-0
-0
-0
-0
-0
-0
-0
35.7554
-0
-0
-0
-0
-0
-0
-0
-0
-0
16.6206
12.8237
0.282315
22.7725
-0
3.01312
11.0397
-0
-0
14.9224
-0
-0
-0
-0
-0
20.9711
9.08298
-0
-0
-0
-0
31.7482
50.3948
-0
31.7675
-0
-0
0.0336508
0.125759
6.40854
-0
3.36598
6.30495
-0
6.54012
-0
-0
-0
43.1104
-0
-0
-0
-0
-0
30.5049
-0
-0
16.1214
14.0225
-0
-0
-0
-0
-0
-0
4.16823
13.6783
8.72473
-0
-0
-0
7.12837
4.98097
-0
-0
-0
-0
-0
-0
-0
-0
-0
-0
-0
-0
-0
-0
-0
-0
6.86051
30.2791
-0
12.7553
-0
-0
29.6916
-0
9.7732
1.2543
-0
-0
-0
-0
-0
-0
64.7212
0.544824
-0
26.6789
-0
-0
10.3315
21.2822
-0
-0
-0
-0
-0
17.3521
-0
-0
-0
-0
-0
-0
-0
-0
-0
-0
-0
-0
-0
-0
-0
6.41101
-0
-0
-0
-0
-0
-0
28.6388
68.4165
-0
21.7256
-0
-0
29.9417
-0
8.9419
-0
-0
-0
-0
17.9809
-0
-0
-0
-0
-0
-0
-0
43.3847
3.1061
-0
3.17919
-0
-0
0.5877
-0
39.2077
8.02366
-0
-0
-0
-0
16.6403
-0
-0
-0
23.5455
-0
-0
-0
-0
-0
-0
-0
-0
-0
-0
11.6047
-0
-0
-0
-0
7.07204
-0
-0
-0
16.4455
-0
-0
-0
-0
-0
-0
-0
7.09464
-0
-0
-0
-0
-0
-0
-0
-0
-0
-0
-0
-0
-0
-0
-0
7.71629
-0
-0
13.786
-0
16.0776
-0
-0
9.86846
-0
5.5708
-0
-0
-0
-0
-0
-0
-0
-0
-0
0.811261
-0
-0
-0
-0
-0
20.7213
-0
6.23468
-0
31.4872
37.7879
7.73589
-0
-0
-0
-0
-0
-0
-0
-0
-0
-0
-0
26.346
-0
7.95804
-0
5.65397
47.347
0.575181
37.6459
8.64559
-0
-0
25.9483
37.3388
0.129369
-0
-0
-0
-0
-0
-0
6.96376
-0
-0
-0
-0
-0
16.3567
-0
-0
-0
-0
-0
-0
-0
-0
-0
0.397486
19.7596
39.733
1.91043
1.69117
-0
-0
0.49654
-0
-0
-0
-0
-0
-0
1.26953
12.1267
-0
20.3428
-0
0.143083
5.15436
35.8234
-0
-0
-0
-0
-0
-0
5.39144
-0
-0
-0
-0
-0
-0
-0
-0
-0
45.5528
-0
0.769097
-0
-0
-0
-0
-0
-0
6.08472
-0
-0
-0
-0
-0
-0
16.83
-0
-0
-0
-0
40.672
-0
-0
-0
-0
-0
-0
-0
-0
-0
29.6978
-0
-0
-0
-0
28.0062
-0
-0
-0
-0
-0
-0
-0
-0
-0
29.058
-0
-0
7.23954
0.734459
31.5175
-0
-0
-0
-0
0.353648
-0
42.2826
-0
-0
-0
-0
10.9234
2.16943
-0
-0
-0
-0
-0
-0
-0
-0
-0
-0
-0
-0
14.3782
44.1707
-0
-0
-0
-0
-0
-0
-0
-0
-0
-0
-0
-0
3.83039
-0
6.98071
-0
11.6631
-0
-0
-0
71.453
-0
-0
-0
-0
-0
11.8467
-0
29.8835
-0
-0
-0
-0
-0
-0
27.2382
-0
-0
-0
-0
9.45422
52.1173
-0
-0
-0
-0
-0
4.85023
-0
-0
-0
23.0575
34.1856
-0
-0
-0
-0
-0
-0
-0
-0
-0
-0
-0
-0
-0
23.6556
-0
70.3782
-0
10.3364
-0
-0
-0
-0
-0
-0
-0
-0
-0
-0
3.53201
-0
-0
-0
-0
8.40952
-0
-0
23.312
-0
32.4538
-0
-0
25.5118
45.4972
11.6844
12.8152
7.11063
-0
-0
-0
-0
-0
-0
11.9633
-0
-0
-0
22.2631
-0
-0
-0
-0
-0
15.732
-0
-0
4.66084
30.1999
-0
19.9597
-0
-0
-0
33.3786
-0
-0
-0
-0
-0
-0
-0
-0
-0
-0
-0
-0
-0
-0
-0
18.0516
-0
-0
-0
-0
21.233
-0
-0
-0
29.2677
-0
-0
-0
-0
-0
-0
-0
-0
-0
0.814461
10.4323
-0
-0
23.9573
-0
17.4019
18.7107
-0
-0
-0
-0
47.9833
-0
13.5246
-0
-0
-0
-0
-0
-0
11.6227
-0
-0
13.7402
-0
-0
-0
38.8306
-0
-0
-0
-0
-0
-0
23.1604
2.51008
-0
-0
-0
-0
-0
22.7767
-0
-0
-0
-0
-0
-0
-0
43.3255
-0
-0
-0
-0
-0
-0
-0
-0
-0
-0
1.45864
51.2649
-0
3.85351
56.9136
18.8472
-0
-0
-0
-0
-0
-0
-0
-0
-0
-0
-0
-0
-0
-0
-0
-0
-0
-0
-0
2.7871
-0
-0
-0
-0
-0
2.38874
-0
-0
-0
-0
-0
-0
-0
-0
14.5177
-0
-0
3.72016
-0
-0
-0
-0
-0
-0
-0
-0
18.3374
32.4178
-0
-0
-0
-0
-0
-0
-0
42.4917
-0
23.2435
10.2664
-0
-0
-0
-0
-0
-0
-0
21.2949
-0
-0
69.1804
-0
-0
-0
-0
-0
29.2533
-0
-0
-0
-0
12.2343
-0
-0
-0
-0
-0
1.83073
10.7706
-0
-0
-0
-0
11.0425
7.38097
54.4362
-0
-0
-0
-0
34.7105
4.24004
-0
11.5334
-0
-0
-0
-0
-0
-0
-0
-0
-0
-0
-0
-0
-0
41.0033
-0
-0
-0
-0
-0
-0
-0
-0
15.1119
-0
-0
-0
-0
-0
-0
-0
-0
-0
-0
19.4862
-0
20.9845
0.0341249
-0
-0
9.9205
2.37789
-0
42.4603
-0
-0
-0
-0
-0
-0
-0
-0
-0
-0
-0
-0
11.5062
-0
-0
6.89497
6.33975
-0
20.3748
-0
-0
-0
-0
-0
-0
-0
-0
3.13744
40.2293
-0
-0
25.0515
-0
-0
-0
33.3155
-0
-0
-0
-0
19.4403
-0
-0
-0
-0
37.4196
13.4559
21.8164
-0
14.0594
-0
-0
36.5893
1.14841
-0
-0
-0
18.5834
34.2699
16.3812
47.3534
12.5261
-0
-0
8.31133
-0
-0
-0
12.6388
-0
-0
-0
-0
-0
-0
-0
-0
-0
-0
-0
-0
-0
-0
-0
-0
35.9631
-0
-0
-0
-0
-0
-0
-0
-0
-0
-0
-0
-0
-0
13.8847
30.9163
-0
-0
-0
-0
-0
-0
-0
8.74754
-0
-0
-0
-0
-0
-0
-0
-0
-0
-0
-0
5.22976
-0
4.92544
-0
-0
23.4098
-0
-0
30.5905
-0
-0
-0
-0
2.20369
-0
11.1677
-0
-0
45.0577
18.9949
-0
-0
-0
-0
-0
-0
51.6138
-0
-0
7.75143
-0
-0
-0
-0
-0
-0
7.54797
-0
-0
17.324
-0
-0
-0
20.647
-0
28.3224
25.7743
-0
-0
-0
4.25288
-0
-0
15.1866
-0
18.4987
-0
5.1386
-0
-0
2.17658
-0
-0
-0
-0
-0
-0
-0
54.1659
-0
-0
-0
-0
-0
20.5217
61.0269
12.2009
26.4438
-0
-0
-0
-0
-0
-0
-0
18.3772
-0
-0
-0
-0
-0
16.5965
-0
-0
14.4319
15.9687
-0
21.4915
-0
-0
53.1708
-0
36.8568
-0
-0
-0
-0
-0
-0
-0
-0
-0
16.8997
-0
-0
-0
-0
3.61318
-0
-0
-0
52.8178
-0
-0
-0
-0
-0
0.255626
-0
-0
-0
-0
-0
-0
-0
3.76051
-0
-0
6.59464
8.68013
-0
-0
-0
-0
-0
-0
-0
0.137117
17.5516
-0
-0
24.6713
-0
-0
-0
-0
11.9549
-0
-0
35.2676
-0
-0
-0
2.03987
-0
52.3458
-0
-0
-0
16.6691
-0
-0
-0
7.68105
-0
-0
24.9421
-0
41.4317
4.70543
-0
73.0927
-0
-0
10.9888
-0
5.12298
-0
28.2374
-0
30.6596
-0
-0
-0
-0
-0
-0
-0
22.6085
-0
-0
-0
-0
-0
23.2247
-0
-0
-0
-0
-0
-0
-0
54.2277
0.98384
18.453
44.0115
-0
-0
-0
-0
-0
-0
-0
-0
-0
-0
24.7698
-0
-0
5.80477
-0
-0
-0
-0
-0
-0
27.4108
-0
4.8366
-0
-0
-0
-0
-0
9.27198
0.0107067
-0
-0
-0
-0
1.24804
1.99206
-0
-0
32.0079
-0
55.0417
-0
-0
-0
-0
-0
-0
32.4634
-0
-0
53.6098
14.2509
-0
-0
-0
-0
-0
10.1725
-0
-0
16.1799
40.2873
6.8494
-0
-0
4.13144
12.555
0.670846
-0
-0
-0
-0
-0
-0
-0
-0
-0
4.10598
-0
23.0981
-0
-0
-0
-0
-0
10.5796
10.8366
28.1153
-0
-0
27.519
-0
-0
-0
-0
-0
-0
-0
-0
-0
-0
8.51657
-0
-0
-0
-0
-0
-0
-0
-0
29.7382
-0
-0
-0
-0
-0
-0
14.7797
43.4119
7.54881
-0
53.1336
-0
28.9874
-0
-0
-0
68.1014
-0
-0
-0
-0
30.8209
-0
-0
-0
