0.781011
-0
-0
-0
-0
1.7293
-0
-0
-0
-0
14.3357
-0
-0
-0
-0
-0
-0
0.828527
6.30119
-0
-0
2.32851
-0
-0
-0
-0
4.15833
-0
-0
-0
-0
-0
-0
-0
1.39634
-0
-0
-0
-0
-0
-0
-0
-0
-0
-0
39.5785
-0
31.8803
-0
10.7715
-0
-0
-0
-0
0.122218
-0
-0
0.82962
34.0241
7.97618
-0
-0
26.6777
28.0052
32.3373
-0
15.6293
-0
-0
0.294976
-0
-0
-0
-0
-0
1.7121
-0
17.7021
-0
-0
-0
50.8804
-0
9.74374
-0
-0
-0
19.378
-0
-0
-0
0.0197466
-0
-0
-0
-0
-0
-0
20.953
-0
-0
-0
-0
24.4611
21.1203
-0
6.75607
-0
-0
1.3171
-0
-0
-0
-0
-0
-0
17.6402
-0
53.537
53.4393
-0
-0
6.69592
-0
21.7138
-0
-0
-0
-0
-0
7.22978
-0
15.6791
-0
-0
-0
14.6092
-0
-0
25.4083
-0
-0
-0
2.28782
14.2318
-0
-0
9.68187
-0
-0
0.00418746
-0
-0
21.9272
-0
-0
13.4226
-0
-0
0.526685
-0
-0
-0
31.6362
18.3596
-0
-0
-0
-0
21.8025
3.45731
14.377
-0
-0
0.397827
-0
-0
-0
6.39821
-0
10.5147
-0
-0
-0
-0
21.5775
-0
-0
-0
-0
7.50843
-0
12.3345
-0
-0
-0
-0
7.59775
-0
-0
-0
15.8448
-0
-0
-0
-0
-0
-0
-0
-0
49.9558
-0
31.3369
-0
-0
-0
-0
-0
-0
-0
-0
-0
-0
-0
-0
-0
-0
-0
-0
-0
-0
2.72335
-0
-0
-0
-0
-0
-0
-0
-0
-0
-0
-0
-0
-0
-0
3.83732
-0
6.9775
-0
-0
-0
-0
-0
-0
-0
-0
8.72891
-0
-0
-0
-0
-0
-0
-0
-0
2.77961
-0
-0
-0
-0
-0
-0
19.1656
-0
-0
-0
-0
-0
-0
-0
5.40026
-0
-0
-0
-0
-0
-0
-0
-0
16.8859
-0
12.0313
-0
-0
-0
13.9235
-0
-0
37.4669
-0
-0
-0
-0
20.239
16.786
-0
-0
37.2879
-0
42.4433
50.8924
-0
-0
16.678
0.352422
-0
-0
-0
0.200189
-0
-0
-0
18.7018
45.9548
-0
-0
-0
-0
33.0067
-0
-0
-0
21.344
-0
-0
-0
13.6601
-0
15.2623
-0
-0
10.5873
-0
-0
12.7975
25.629
-0
6.29848
-0
29.1236
-0
-0
-0
-0
-0
-0
-0
-0
-0
3.59874
-0
-0
16.0044
14.8932
0.0503054
-0
-0
12.1193
-0
-0
-0
0.40508
39.9476
-0
-0
4.03453
-0
-0
-0
-0
6.21391
3.83145
-0
-0
-0
37.5272
-0
-0
-0
-0
-0
-0
-0
-0
-0
-0
-0
-0
-0
0.660682
50.0577
-0
-0
17.0788
-0
-0
29.2184
3.82412
16.508
-0
-0
-0
-0
30.2979
-0
-0
-0
-0
-0
21.9562
-0
-0
-0
9.48163
-0
22.6421
3.41174
7.28092
24.486
-0
28.2681
7.35488
-0
23.9865
-0
-0
-0
-0
-0
-0
-0
23.6761
-0
-0
-0
-0
-0
-0
-0
-0
-0
-0
-0
26.4991
-0
-0
-0
-0
-0
-0
-0
2.0902
-0
-0
-0
15.2174
-0
-0
-0
-0
-0
-0
-0
-0
3.25176
-0
-0
-0
-0
-0
-0
-0
11.0113
-0
-0
-0
7.89683
-0
4.19831
0.579736
-0
-0
18.4432
2.14924
-0
-0
-0
-0
-0
-0
-0
24.5028
-0
-0
-0
-0
-0
-0
-0
-0
-0
-0
-0
-0
12.0205
16.2953
-0
2.37993
-0
-0
1.01882
-0
52.3093
-0
-0
-0
27.7401
-0
-0
-0
-0
-0
-0
12.7658
2.78001
30.243
41.0677
-0
-0
-0
-0
-0
-0
-0
-0
0.312329
-0
18.971
4.44468
-0
-0
-0
-0
20.7523
-0
-0
13.5215
11.4993
-0
-0
-0
22.2552
-0
1.02389
-0
-0
-0
-0
-0
-0
-0
-0
3.74714
-0
11.7187
-0
-0
10.9501
27.63
-0
-0
-0
-0
-0
-0
-0
26.4528
14.0724
19.9556
-0
-0
-0
15.797
-0
7.22623
-0
60.1206
11.3162
15.7433
-0
-0
-0
-0
-0
-0
-0
2.76857
-0
26.6314
-0
3.30956
-0
-0
-0
-0
47.1227
-0
-0
-0
-0
-0
-0
19.4154
-0
-0
-0
-0
-0
-0
-0
-0
-0
-0
-0
-0
-0
-0
-0
-0
-0
-0
-0
-0
-0
-0
3.87972
-0
27.3614
-0
-0
-0
-0
-0
16.6643
-0
-0
-0
-0
-0
12.2373
-0
22.1446
-0
-0
16.688
-0
-0
-0
-0
-0
-0
-0
-0
14.9612
16.4098
-0
-0
-0
26.7773
-0
-0
-0
-0
-0
45.6713
-0
-0
-0
-0
-0
-0
4.32975
-0
-0
-0
-0
-0
-0
-0
-0
-0
-0
-0
18.3163
21.5512
-0
-0
-0
-0
-0
15.0591
-0
-0
-0
-0
32.9705
-0
-0
-0
-0
18.4025
-0
-0
26.0086
-0
-0
-0
23.4499
40.9121
41.4461
45.1728
-0
19.4356
-0
-0
-0
2.45824
-0
-0
-0
-0
20.7613
-0
-0
50.1726
-0
-0
5.69651
44.1101
3.34982
-0
-0
-0
-0
-0
0.201878
-0
38.4165
-0
0.561113
-0
-0
-0
-0
9.70592
20.9336
-0
0.812196
7.47369
-0
-0
-0
-0
-0
-0
-0
6.96986
-0
13.7146
-0
-0
-0
-0
-0
-0
41.6353
20.7543
-0
27.5737
-0
-0
-0
-0
8.42196
-0
-0
-0
-0
-0
-0
-0
1.50866
-0
-0
18.5231
-0
24.0075
-0
4.66372
-0
-0
-0
-0
-0
25.3766
-0
19.38
-0
-0
-0
-0
44.331
-0
6.05469
-0
-0
5.5793
-0
5.51408
32.3612
-0
24.3365
2.46422
-0
-0
-0
30.0637
-0
-0
-0
-0
-0
-0
-0
64.207
-0
-0
6.92313
-0
-0
-0
-0
-0
-0
-0
-0
-0
-0
-0
-0
5.3056
-0
10.1704
6.14264
-0
-0
-0
-0
-0
-0
-0
-0
-0
-0
4.02267
-0
-0
-0
-0
-0
-0
-0
-0
-0
-0
-0
-0
-0
7.06359
-0
-0
16.3664
-0
-0
3.70537
19.2513
-0
-0
24.0164
-0
30.0933
-0
-0
18.7385
-0
13.0671
-0
-0
-0
25.6463
8.47833
-0
-0
-0
-0
-0
14.9533
-0
-0
-0
28.3802
-0
-0
18.166
14.3966
1.06508
-0
-0
-0
-0
-0
3.54732
38.1674
-0
-0
-0
39.5747
-0
26.409
-0
-0
-0
16.7186
11.5392
-0
12.1214
16.801
-0
-0
-0
-0
-0
-0
44.0522
-0
-0
0.000919811
-0
5.13149
-0
-0
-0
0.00371373
-0
-0
-0
-0
-0
-0
-0
-0
-0
37.408
-0
-0
9.1659
11.6433
-0
0.861216
-0
-0
-0
-0
-0
-0
-0
-0
-0
-0
-0
17.7123
-0
-0
-0
-0
-0
-0
3.40671
43.3805
-0
-0
-0
-0
-0
17.764
-0
-0
-0
-0
3.50743
-0
-0
20.1009
13.9031
-0
-0
-0
-0
-0
-0
-0
-0
-0
6.73029
1.4383
-0
0.142791
-0
9.27437
-0
-0
-0
-0
-0
-0
-0
-0
20.7591
-0
4.40086
-0
-0
-0
31.5914
-0
-0
8.8368
-0
-0
-0
-0
0.593659
10.6402
9.61278
-0
-0
-0
-0
-0
-0
-0
23.0753
-0
-0
12.366
-0
-0
-0
-0
-0
-0
-0
-0
5.67107
38.1267
-0
-0
6.00259
-0
-0
0.809354
-0
-0
-0
-0
-0
39.514
6.66831
-0
-0
-0
11.7114
-0
21.3305
-0
-0
-0
-0
-0
-0
-0
11.358
-0
-0
-0
-0
-0
-0
-0
-0
28.4338
-0
30.2361
-0
-0
-0
-0
-0
2.57164
-0
-0
-0
-0
55.6056
-0
13.767
-0
-0
-0
-0
-0
3.39794
8.35213
-0
-0
-0
-0
-0
-0
-0
-0
-0
-0
9.89426
-0
-0
-0
-0
39.2153
-0
-0
-0
-0
-0
22.3607
-0
-0
-0
4.61364
-0
9.31803
-0
-0
7.56096
15.1454
-0
2.83657
-0
-0
-0
19.4611
9.6652
13.2033
4.11627
-0
2.96017
-0
-0
-0
11.3223
43.2756
-0
25.6382
32.0857
-0
-0
-0
-0
-0
-0
-0
-0
-0
-0
-0
-0
-0
-0
8.56704
-0
-0
-0
-0
-0
9.19632
-0
21.4915
-0
-0
-0
-0
-0
3.74125
-0
1.00807
-0
-0
36.8909
-0
16.5684
-0
-0
-0
-0
-0
-0
-0
-0
5.91306
-0
4.35278
11.0006
-0
-0
4.70728
2.91147
-0
-0
-0
-0
-0
-0
-0
-0
-0
-0
-0
-0
-0
-0
-0
-0
-0
25.2826
38.3522
-0
-0
1.97108
-0
-0
-0
-0
-0
-0
-0
-0
-0
-0
49.377
35.1643
-0
-0
-0
-0
-0
4.10452
-0
-0
-0
-0
19.2386
-0
-0
-0
0.657072
-0
-0
-0
22.4989
-0
-0
1.31789
9.51574
-0
11.8676
-0
-0
27.3182
-0
-0
-0
-0
-0
27.2207
-0
13.6404
7.98384
-0
7.69697
5.09802
-0
-0
-0
26.7537
-0
-0
-0
-0
7.45952
-0
-0
26.9291
-0
9.40829
-0
-0
-0
6.11074
45.2159
-0
-0
9.57056
-0
7.72289
-0
11.2579
-0
-0
-0
-0
0.739121
10.5686
-0
-0
-0
28.2468
33.7601
-0
10.1829
-0
23.4643
-0
22.4944
-0
-0
-0
-0
-0
7.0687
-0
-0
-0
39.9854
-0
-0
-0
-0
-0
-0
-0
-0
-0
-0
-0
27.5373
-0
-0
-0
-0
-0
-0
-0
-0
18.0671
-0
-0
-0
-0
-0
-0
-0
0.267229
-0
3.54568
35.6987
-0
2.84524
-0
21.1817
-0
-0
-0
-0
-0
-0
-0
-0
-0
-0
-0
-0
16.7421
-0
-0
14.6278
-0
6.0979
18.6166
-0
-0
-0
-0
-0
-0
-0
-0
-0
-0
-0
-0
8.87159
-0
-0
-0
-0
-0
2.18354
-0
-0
-0
1.41701
1.0474
39.2755
21.8081
-0
-0
-0
12.3019
-0
-0
-0
-0
30.829
0.855879
30.4523
-0
-0
-0
-0
-0
-0
-0
-0
8.27286
-0
-0
-0
-0
1.47744
-0
-0
-0
-0
-0
-0
-0
-0
-0
20.6724
-0
-0
-0
-0
-0
-0
-0
-0
-0
8.97981
-0
-0
-0
-0
21.0765
-0
-0
-0
-0
-0
-0
-0
-0
7.69067
-0
-0
6.04245
2.62669
-0
-0
4.28594
-0
-0
-0
-0
-0
-0
-0
-0
-0
-0
-0
-0
-0
6.04075
-0
-0
-0
-0
-0
44.2995
27.0242
-0
-0
20.5732
-0
-0
-0
-0
-0
-0
-0
27.6821
-0
-0
-0
-0
-0
-0
-0
0.0172875
-0
-0
-0
-0
-0
-0
-0
-0
-0
-0
-0
-0
-0
-0
35.6663
-0
-0
-0
-0
-0
-0
-0
7.24641
33.5289
-0
-0
-0
-0
-0
-0
4.78999
-0
41.3344
-0
-0
44.3381
2.69923
-0
-0
-0
16.2985
1.34092
-0
-0
-0
-0
-0
-0
-0
-0
-0
34.7584
-0
-0
-0
-0
-0
-0
16.407
-0
-0
-0
-0
3.8668
-0
-0
-0
-0
10.1275
-0
5.07816
-0
-0
-0
-0
-0
-0
2.51238
-0
-0
12.6426
39.664
6.84968
-0
-0
26.8947
-0
2.53349
19.6008
-0
3.21144
26.8891
-0
-0
39.684
-0
7.30569
-0
-0
61.3452
27.9548
-0
9.09292
-0
-0
-0
11.1908
-0
-0
-0
-0
-0
-0
-0
-0
1.13499
-0
-0
-0
3.81806
-0
-0
-0
34.1506
-0
-0
-0
6.5357
-0
7.94143
-0
-0
-0
-0
-0
67.1817
-0
-0
-0
-0
-0
49.2884
-0
-0
20.1654
-0
6.05696
-0
-0
-0
15.7593
-0
23.0799
15.3936
-0
-0
10.7827
2.93809
-0
-0
-0
-0
-0
-0
-0
-0
-0
45.7219
-0
-0
-0
-0
-0
-0
11.1661
6.22376
-0
-0
-0
-0
-0
2.88178
1.57261
-0
-0
-0
30.3925
-0
-0
22.6617
7.02113
-0
-0
20.1622
-0
-0
34.416
-0
-0
-0
-0
-0
-0
-0
-0
-0
-0
1.05135
-0
-0
-0
-0
-0
-0
-0
8.49511
-0
-0
-0
-0
-0
16.117
-0
-0
-0
-0
10.8253
-0
-0
-0
-0
-0
-0
-0
1.88218
26.3687
-0
-0
14.2334
-0
-0
1.84987
-0
10.3857
9.55215
-0
-0
-0
-0
-0
-0
-0
-0
-0
-0
17.0271
-0
-0
13.6583
-0
-0
26.7562
-0
-0
-0
-0
-0
-0
-0
8.08549
-0
-0
-0
-0
-0
-0
-0
-0
27.0336
-0
-0
-0
-0
-0
-0
-0
-0
15.9823
-0
-0
-0
11.9268
-0
-0
-0
-0
-0
-0
-0
-0
20.6479
-0
-0
-0
-0
-0
18.213
-0
27.583
19.317
-0
-0
-0
-0
-0
-0
1.13151
-0
-0
11.7507
-0
19.383
29.5936
5.19438
-0
-0
-0
-0
-0
-0
7.28633
-0
-0
11.1965
-0
51.7967
-0
-0
-0
-0
-0
-0
-0
-0
51.256
12.164
-0
-0
-0
7.43354
-0
-0
-0
-0
-0
21.3252
4.14802
-0
-0
16.6541
14.812
-0
2.62296
6.03419
-0
-0
21.1253
-0
-0
-0
9.6822
-0
-0
10.2529
19.4569
-0
4.02797
-0
-0
12.6869
-0
-0
-0
-0
-0
-0
-0
15.827
-0
-0
-0
-0
-0
48.3607
-0
-0
-0
-0
-0
-0
-0
6.10164
-0
-0
-0
-0
-0
-0
-0
-0
-0
-0
6.69172
9.13511
2.03517
1.0869
31.1457
18.5671
33.2488
-0
23.4701
-0
6.89417
-0
-0
-0
28.3788
-0
5.31772
9.92596
-0
12.9476
3.68736
-0
9.41022
-0
-0
-0
-0
-0
-0
18.2024
11.6128
-0
-0
2.94204
20.5017
-0
-0
-0
-0
-0
-0
-0
16.3109
-0
-0
-0
12.7786
0.424
-0
-0
-0
-0
-0
24.8726
-0
-0
-0
-0
-0
-0
-0
25.0748
-0
-0
-0
-0
24.8423
0.264077
13.7614
3.13325
-0
-0
-0
-0
-0
3.68482
5.54113
-0
-0
-0
-0
-0
57.5078
26.9572
-0
-0
-0
-0
-0
-0
-0
-0
-0
-0
-0
-0
-0
-0
-0
-0
-0
26.1826
9.42591
-0
-0
-0
25.7035
1.99976
-0
-0
-0
-0
-0
-0
-0
-0
-0
-0
-0
11.1116
-0
-0
-0
-0
21.179
-0
7.8067
-0
-0
-0
-0
-0
-0
2.62133
-0
-0
-0
-0
-0
-0
-0
-0
-0
-0
-0
-0
1.70606
-0
-0
-0
-0
-0
-0
-0
-0
-0
-0
12.0925
-0
19.706
-0
-0
-0
-0
-0
8.85024
35.3733
3.06662
27.0633
14.3848
0.305415
-0
5.93649
-0
-0
41.7603
-0
-0
-0
-0
-0
-0
0.340775
-0
-0
15.3578
-0
-0
-0
0.744983
7.36273
-0
-0
-0
-0
-0
-0
-0
-0
-0
23.7975
9.31905
-0
-0
30.2627
-0
-0
-0
-0
4.03386
-0
-0
-0
5.86841
-0
-0
4.66803
-0
-0
44.3875
-0
-0
-0
-0
-0
-0
-0
19.9196
-0
22.3599
-0
-0
-0
-0
-0
-0
-0
-0
1.41692
-0
-0
-0
-0
-0
-0
-0
-0
-0
-0
-0
-0
-0
-0
33.4737
-0
-0
-0
1.45172
-0
-0
5.8138
-0
-0
-0
-0
-0
-0
29.0644
-0
-0
-0
-0
27.4062
-0
-0
-0
-0
50.9473
-0
-0
-0
54.3575
-0
15.8266
15.5169
12.5349
-0
7.05324
-0
-0
17.3261
-0
3.13158
-0
-0
-0
-0
-0
-0
-0
30.9463
-0
-0
-0
-0
-0
-0
-0
-0
8.53102
-0
-0
5.66028
-0
-0
-0
-0
-0
-0
-0
-0
-0
-0
-0
-0
-0
6.10974
42.8145
-0
-0
5.67341
-0
-0
-0
5.77789
1.94653
-0
-0
-0
-0
6.37406
-0
-0
-0
-0
26.9462
18.6308
51.278
13.0554
11.7015
-0
3.87711
45.1369
-0
-0
-0
-0
-0
5.04289
-0
-0
-0
-0
-0
6.60813
-0
1.06282
-0
-0
-0
21.8394
22.7435
-0
-0
-0
-0
-0
-0
-0
-0
-0
-0
-0
26.4763
-0
-0
-0
-0
-0
-0
5.79333
-0
-0
-0
-0
-0
2.20006
-0
-0
-0
-0
-0
24.7386
-0
53.4788
5.30201
-0
-0
0.668313
-0
-0
-0
-0
-0
1.78955
-0
0.981515
3.10548
1.80815
33.4301
41.2539
9.7018
-0
-0
-0
-0
-0
-0
-0
-0
-0
-0
16.6987
-0
30.8549
-0
3.93805
-0
26.758
-0
19.9482
-0
-0
-0
7.35915
-0
-0
-0
-0
-0
-0
-0
8.83072
-0
-0
-0
-0
-0
-0
-0
-0
-0
-0
-0
-0
-0
1.09911
-0
-0
2.68171
1.83871
-0
44.2307
-0
-0
6.0424
64.0681
-0
-0
-0
-0
-0
-0
2.87505
-0
11.9015
-0
-0
-0
3.41809
-0
-0
-0
-0
-0
-0
-0
-0
-0
-0
-0
19.7931
49.617
-0
-0
-0
-0
-0
-0
-0
20.1457
-0
-0
-0
-0
-0
-0
-0
-0
-0
0.731902
-0
-0
42.1587
-0
-0
14.3719
-0
-0
4.15674
-0
-0
1.2254
-0
16.9707
33.7754
-0
41.3633
-0
-0
-0
-0
-0
-0
-0
0.742403
-0
-0
-0
-0
22.579
-0
-0
-0
20.1424
-0
-0
-0
-0
-0
-0
4.57818
-0
-0
-0
-0
-0
-0
3.96962
1.00445
48.3554
-0
23.5708
-0
-0
-0
-0
-0
7.58788
-0
-0
35.8706
9.65965
-0
-0
-0
23.8835
3.04311
-0
-0
25.191
-0
-0
-0
-0
-0
-0
-0
-0
26.1028
-0
-0
-0
-0
-0
-0
-0
-0
-0
-0
-0
-0
-0
-0
14.3283
-0
-0
-0
-0
-0
-0
-0
-0
-0
-0
-0
-0
-0
-0
-0
-0
-0
-0
22.3704
1.7911
-0
-0
-0
17.4372
20.5977
5.14353
-0
-0
-0
-0
-0
-0
-0
-0
2.1913
-0
-0
-0
-0
-0
-0
-0
35.9745
5.7748
-0
1.9649
-0
-0
-0
-0
-0
-0
-0
-0
-0
-0
0.138068
-0
-0
-0
-0
-0
-0
-0
-0
-0
-0
-0
-0
-0
-0
-0
-0
-0
-0
-0
-0
40.0617
-0
30.0012
13.3188
-0
-0
-0
39.9588
9.0598
-0
5.04892
-0
-0
-0
-0
5.68787
-0
49.5675
-0
-0
-0
-0
-0
-0
-0
-0
-0
-0
3.76648
-0
-0
15.0065
-0
-0
-0
-0
-0
-0
-0
-0
-0
-0
-0
-0
1.12176
-0
21.6206
3.57103
-0
-0
-0
-0
-0
-0
-0
-0
-0
-0
-0
13.4559
1.08195
-0
-0
-0
-0
-0
9.91906
-0
8.61297
-0
-0
-0
-0
-0
-0
-0
25.3058
-0
-0
-0
-0
-0
-0
-0
-0
-0
-0
-0
-0
-0
-0
-0
-0
-0
10.0429
-0
8.60494
-0
-0
-0
-0
-0
3.35945
-0
-0
-0
-0
-0
-0
-0
-0
-0
-0
38.0364
-0
15.029
-0
1.10951
-0
-0
-0
9.77689
-0
-0
-0
-0
-0
-0
-0
5.70186
-0
7.93356
-0
-0
13.8183
-0
-0
-0
3.02722
-0
14.7451
23.4961
-0
-0
-0
-0
26.9397
-0
-0
6.59143
-0
-0
-0
-0
-0
-0
6.148
-0
-0
52.1201
-0
-0
-0
-0
-0
-0
-0
-0
-0
-0
-0
-0
-0
-0
-0
7.14808
-0
-0
-0
-0
-0
-0
-0
-0
-0
3.87088
-0
-0
-0
-0
-0
23.5248
-0
-0
-0
-0
-0
-0
-0
-0
10.9165
6.89662
-0
-0
-0
-0
33.2847
11.2364
-0
-0
-0
-0
-0
-0
8.47359
-0
9.18731
-0
9.11341
30.4328
-0
-0
2.90396
34.8769
-0
-0
5.2436
8.25036
-0
20.6105
-0
-0
-0
17.6189
-0
-0
-0
-0
11.0917
-0
0.113364
-0
-0
7.92239
-0
-0
-0
-0
6.61203
-0
-0
8.09172
-0
-0
-0
-0
-0
-0
-0
-0
-0
-0
-0
-0
11.3344
31.0124
4.55215
8.46193
-0
-0
-0
-0
15.9377
-0
-0
-0
1.49889
-0
-0
-0
27.9842
-0
-0
-0
-0
-0
22.0865
2.36022
-0
-0
-0
13.9142
-0
14.1903
-0
-0
-0
-0
-0
-0
-0
-0
-0
-0
-0
-0
-0
-0
-0
16.4684
-0
-0
-0
-0
-0
-0
-0
8.29612
-0
-0
-0
-0
9.22468
-0
-0
-0
-0
-0
-0
5.96051
-0
-0
13.4046
-0
-0
2.38399
-0
-0
24.0489
-0
-0
-0
-0
0.391222
-0
5.9871
7.86541
11.8114
-0
-0
-0
2.1259
-0
-0
-0
29.5259
-0
-0
-0
-0
-0
-0
-0
-0
-0
-0
26.721
-0
-0
-0
-0
16.7093
-0
-0
-0
-0
-0
-0
-0
-0
-0
-0
-0
-0
-0
-0
-0
32.3498
-0
-0
-0
-0
-0
-0
-0
-0
-0
-0
-0
2.86736
-0
-0
-0
-0
13.0919
-0
-0
10.0923
-0
27.3609
-0
-0
-0
-0
-0
-0
-0
-0
-0
-0
-0
-0
-0
-0
-0
16.7193
28.3009
-0
-0
5.671
43.2769
34.8071
-0
-0
-0
-0
-0
-0
-0
-0
-0
-0
-0
8.64591
19.708
2.53876
1.95283
11.9581
4.96643
-0
29.6795
-0
-0
-0
7.57302
11.4977
0.148569
-0
-0
-0
-0
6.81527
4.35116
-0
-0
-0
-0
-0
-0
-0
-0
-0
-0
-0
-0
-0
-0
-0
10.3519
37.153
19.2971
12.1136
-0
27.7218
-0
-0
10.6938
-0
-0
-0
-0
-0
-0
-0
3.62136
-0
11.67
-0
-0
-0
5.12305
-0
-0
19.5639
-0
-0
-0
-0
-0
-0
-0
-0
-0
-0
-0
-0
-0
32.3144
-0
-0
-0
-0
-0
-0
-0
4.15364
7.26834
-0
-0
-0
-0
-0
-0
42.429
-0
-0
-0
-0
33.3456
-0
-0
-0
-0
-0
-0
-0
-0
-0
3.21598
-0
-0
-0
-0
22.7167
-0
-0
-0
-0
9.44524
-0
-0
17.3758
-0
22.6699
-0
15.988
16.8963
8.38124
8.28321
-0
-0
-0
-0
1.16037
-0
7.07311
-0
-0
-0
-0
-0
-0
-0
2.92758
-0
-0
-0
-0
11.574
-0
-0
-0
-0
-0
-0
25.0175
-0
-0
-0
-0
-0
-0
-0
-0
-0
-0
-0
8.00492
14.5707
-0
-0
12.6706
-0
-0
19.7132
-0
36.9916
-0
-0
6.19652
-0
-0
9.27222
-0
-0
-0
-0
-0
-0
-0
-0
-0
-0
20.5499
-0
-0
26.0926
-0
-0
-0
-0
-0
-0
0.147293
23.7312
-0
-0
30.329
40.0687
-0
-0
-0
-0
-0
-0
-0
-0
-0
-0
-0
-0
-0
19.9254
-0
21.5488
-0
17.7796
-0
-0
-0
-0
-0
-0
-0
-0
-0
0.153636
1.9457
-0
-0
-0
-0
0.0147029
-0
-0
-0
-0
7.48049
-0
-0
2.14528
20.01
21.5142
4.61876
-0
-0
-0
-0
-0
-0
-0
-0
-0
-0
19.1621
27.6378
-0
-0
-0
-0
-0
8.36525
-0
-0
2.08632
-0
-0
36.2808
-0
-0
-0
23.6501
13.6878
-0
-0
-0
-0
-0
-0
-0
-0
-0
-0
-0
1.92311
7.90151
-0
3.67133
-0
-0
-0
-0
1.79368
-0
-0
-0
43.3972
-0
-0
-0
-0
3.14234
-0
-0
10.5797
-0
-0
-0
-0
-0
26.7508
-0
22.5792
4.3636
-0
-0
-0
2.1003
42.6027
-0
2.6659
4.37273
-0
-0
49.1509
-0
-0
-0
-0
-0
22.2035
-0
8.01784
-0
55.9273
-0
-0
-0
-0
-0
-0
9.83069
-0
-0
-0
-0
-0
-0
31.5361
-0
-0
-0
-0
-0
-0
-0
37.0158
-0
-0
-0
-0
-0
5.99139
-0
-0
-0
35.0657
1.67901
25.847
-0
-0
32.5866
52.9972
-0
-0
-0
-0
-0
0.818384
-0
-0
3.47535
-0
-0
-0
-0
-0
-0
-0
-0
-0
-0
8.42055
-0
-0
-0
-0
19.5258
28.5751
-0
-0
-0
-0
-0
-0
-0
-0
14.653
-0
-0
-0
-0
-0
5.32586
-0
-0
-0
-0
-0
-0
25.1795
-0
-0
-0
-0
-0
-0
-0
11.6702
-0
32.0619
12.1021
-0
-0
4.93473
-0
-0
-0
-0
-0
-0
-0
5.83523
-0
-0
-0
-0
23.696
19.8704
-0
-0
-0
-0
-0
-0
9.64773
-0
-0
-0
-0
-0
15.2217
-0
36.22
-0
10.5238
-0
24.9007
-0
-0
-0
-0
19.3263
3.69879
13.2994
18.6653
-0
-0
-0
-0
-0
-0
-0
-0
5.08788
0.423385
-0
2.32739
-0
52.409
-0
16.9138
-0
-0
-0
-0
-0
-0
15.195
-0
-0
-0
0.949171
35.4425
-0
7.41276
-0
11.0877
38.4519
16.3523
-0
-0
7.21832
-0
-0
-0
-0
-0
30.9624
-0
-0
-0
4.16052
-0
-0
-0
-0
-0
6.26164
-0
-0
-0
-0
-0
1.62201
9.09217
-0
8.00292
-0
-0
-0
-0
-0
-0
22.5395
-0
-0
25.4984
-0
-0
0.268181
-0
-0
-0
34.5889
-0
-0
-0
-0
-0
40.9772
-0
-0
-0
33.925
40.4837
-0
-0
5.65308
-0
-0
38.5451
-0
-0
8.30161
-0
21.2352
-0
-0
-0
5.60638
-0
-0
2.59325
-0
-0
-0
-0
-0
-0
-0
-0
-0
-0
-0
-0
-0
-0
8.36677
-0
-0
7.86816
-0
-0
18.214
-0
-0
-0
-0
-0
-0
-0
-0
33.2521
-0
-0
-0
-0
19.5078
24.5428
-0
-0
-0
-0
-0
0.139352
11.9337
-0
-0
-0
-0
-0
-0
-0
-0
-0
-0
-0
-0
-0
-0
31.1646
-0
-0
15.5865
19.1742
-0
-0
-0
-0
-0
-0
4.59782
-0
10.7824
24.4571
-0
-0
-0
0.511427
-0
-0
-0
-0
-0
30.9269
-0
-0
-0
-0
-0
-0
-0
-0
-0
2.55485
11.2506
29.8796
-0
1.44762
-0
-0
-0
-0
14.424
37.6033
-0
-0
20.5842
14.7306
-0
9.22692
53.8597
-0
6.94132
-0
46.4516
-0
-0
27.5858
-0
-0
-0
-0
-0
-0
-0
48.7897
-0
-0
-0
-0
-0
22.6184
15.7158
13.2731
12.525
-0
-0
-0
-0
-0
3.68493
-0
-0
-0
-0
-0
6.91579
-0
22.1126
-0
5.26959
-0
1.70618
-0
-0
-0
-0
13.2591
-0
-0
-0
-0
-0
-0
-0
-0
-0
-0
-0
13.2423
-0
-0
-0
2.01326
-0
-0
-0
-0
-0
12.4212
-0
-0
-0
-0
1.48754
-0
-0
-0
-0
7.72969
-0
-0
4.25958
-0
-0
20.2966
-0
-0
-0
-0
-0
-0
-0
6.11773
10.9399
11.1212
-0
-0
32.4204
-0
-0
-0
-0
11.745
-0
-0
59.8821
-0
-0
-0
-0
22.398
13.2808
-0
-0
-0
7.27039
-0
-0
-0
-0
-0
-0
0.143897
-0
26.9107
-0
-0
16.1215
-0
-0
-0
11.7048
7.36125
-0
2.95362
-0
-0
-0
-0
-0
-0
-0
-0
-0
-0
-0
-0
-0
-0
-0
3.82933
-0
-0
-0
4.55861
-0
-0
-0
52.4428
-0
39.0294
0.375425
-0
-0
-0
-0
-0
-0
-0
-0
-0
-0
-0
-0
-0
7.51058
-0
-0
8.37721
-0
-0
-0
-0
-0
-0
-0
-0
-0
-0
-0
-0
38.3905
34.8687
-0
-0
-0
-0
-0
-0
-0
-0
-0
-0
-0
-0
23.534
-0
-0
-0
23.1418
-0
-0
23.7279
11.6528
-0
-0
2.95797
-0
22.1304
-0
-0
19.4341
-0
5.6257
26.2594
-0
-0
3.48182
-0
1.08299
-0
-0
-0
-0
-0
-0
-0
-0
-0
4.91218
-0
-0
-0
-0
-0
-0
7.50114
28.18
15.3018
6.88487
-0
-0
23.5975
-0
-0
4.06734
-0
-0
-0
-0
-0
-0
-0
-0
-0
-0
10.0304
-0
-0
-0
-0
-0
17.4603
-0
-0
-0
-0
-0
-0
18.8216
8.77761
20.4598
-0
18.4893
-0
31.662
-0
-0
-0
43.2183
-0
-0
-0
-0
12.8247
-0
-0
-0
