1.25002
-0
-0
-0
-0
9.1579
-0
-0
13.4333
-0
22.0451
-0
-0
-0
-0
-0
-0
-0
-0
-0
-0
34.5761
-0
2.52794
-0
-0
-0
-0
-0
-0
-0
-0
-0
-0
4.18231
-0
-0
-0
37.3319
-0
-0
-0
-0
-0
-0
5.44325
-0
17.5923
-0
-0
-0
-0
-0
-0
-0
-0
-0
0.0812565
-0
-0
-0
-0
6.94473
0.98906
-0
-0
-0
12.7355
-0
-0
-0
-0
-0
-0
-0
0.829441
33.8381
-0
-0
-0
-0
24.6137
-0
2.28589
-0
-0
-0
1.82624
-0
3.21426
5.5636
-0
7.04846
-0
13.5849
-0
8.10937
24.3083
30.6239
-0
1.09993
-0
-0
-0
2.53865
-0
6.50856
18.1255
-0
-0
-0
12.1043
-0
-0
1.08687
1.2954
1.65254
-0
1.61508
34.3447
-0
-0
14.993
16.7098
13.9125
-0
20.0981
34.1012
-0
-0
13.1389
-0
36.8897
-0
1.68872
-0
13.8
-0
-0
-0
-0
-0
-0
36.9379
-0
-0
-0
-0
-0
-0
-0
-0
-0
-0
-0
-0
-0
1.79242
-0
-0
-0
0.704917
-0
26.2801
-0
-0
24.9057
-0
-0
-0
22.3171
1.62297
-0
-0
-0
-0
24.9126
-0
-0
-0
1.26882
-0
-0
-0
-0
16.3135
-0
-0
-0
-0
0.350074
32.5513
28.3326
12.6365
-0
-0
-0
-0
-0
-0
-0
24.4961
9.0879
-0
-0
-0
3.39801
-0
-0
-0
-0
-0
-0
-0
-0
-0
-0
-0
2.7435
-0
1.40887
-0
-0
-0
-0
12.8038
-0
-0
-0
-0
-0
10.7374
-0
-0
-0
-0
-0
-0
-0
-0
-0
-0
-0
-0
-0
-0
-0
-0
-0
-0
-0
-0
-0
-0
26.6466
-0
-0
25.0643
-0
-0
-0
7.49636
-0
-0
-0
-0
-0
-0
-0
-0
-0
14.7304
15.7802
-0
-0
-0
-0
-0
-0
-0
3.95226
2.81355
-0
2.88773
-0
-0
-0
16.3428
-0
-0
-0
22.119
-0
-0
35.081
-0
-0
-0
-0
21.6274
-0
-0
2.52312
-0
40.0361
2.46497
-0
-0
49.9893
-0
4.3983
-0
-0
-0
31.6574
1.80338
-0
-0
-0
0.740773
-0
-0
5.27281
31.6429
4.986
-0
-0
-0
-0
0.693574
-0
-0
14.0521
1.8568
-0
-0
-0
-0
14.7685
23.6957
4.67857
-0
-0
64.0455
-0
16.8909
-0
-0
27.2865
-0
-0
-0
-0
-0
14.1496
-0
-0
-0
7.2377
-0
-0
-0
-0
18.3242
-0
0.328346
-0
-0
3.24245
-0
-0
8.75393
-0
21.5846
-0
18.2583
16.0318
21.7572
19.5733
-0
-0
-0
-0
-0
-0
-0
-0
7.59539
-0
-0
-0
1.02117
2.0288
-0
-0
6.10177
-0
-0
-0
-0
42.0934
-0
-0
-0
-0
18.9371
-0
4.37714
-0
-0
-0
-0
-0
-0
30.6017
-0
-0
-0
-0
-0
7.93759
-0
-0
-0
-0
-0
18.787
15.9121
39.2815
35.0628
-0
62.1094
64.5972
-0
20.0129
-0
-0
-0
-0
-0
-0
22.8402
-0
-0
7.24878
-0
-0
-0
-0
-0
7.71955
25.9525
-0
-0
-0
0.334236
-0
-0
-0
-0
-0
-0
-0
-0
-0
36.3174
-0
-0
-0
-0
-0
-0
-0
-0
-0
-0
15.0622
-0
-0
-0
-0
-0
-0
23.2005
-0
-0
-0
-0
-0
3.09783
46.5815
-0
-0
-0
-0
-0
6.09865
-0
-0
-0
-0
-0
-0
-0
-0
-0
7.55678
-0
-0
-0
-0
-0
7.99939
6.04217
-0
-0
-0
18.654
13.8688
-0
-0
-0
-0
-0
-0
-0
8.03956
-0
10.0448
-0
-0
-0
-0
-0
22.5995
31.8863
2.74816
29.9605
11.032
-0
-0
-0
-0
-0
-0
-0
15.9396
-0
-0
2.85082
5.41824
0.538191
19.2788
-0
9.38111
-0
-0
-0
20.6868
1.71877
-0
-0
22.9023
-0
-0
-0
-0
-0
-0
1.55713
-0
-0
12.4139
3.68798
-0
-0
-0
-0
18.3555
-0
-0
-0
-0
28.1138
-0
-0
-0
-0
25.652
35.4422
-0
-0
-0
-0
-0
-0
-0
8.58623
-0
-0
24.9401
-0
-0
-0
-0
-0
-0
24.6435
-0
5.28416
-0
-0
11.515
-0
-0
-0
7.92149
-0
8.24424
-0
31.5296
-0
-0
16.1147
-0
-0
-0
-0
-0
-0
-0
40.7638
-0
-0
-0
-0
-0
-0
-0
1.18273
-0
-0
-0
-0
13.4282
6.19078
-0
-0
-0
0.842926
-0
-0
19.7258
-0
42.6435
-0
-0
-0
-0
10.3307
-0
-0
31.3014
-0
-0
24.7906
13.1447
-0
-0
-0
18.5773
-0
-0
28.8354
8.62932
22.8832
-0
-0
-0
10.0254
12.3381
20.3673
-0
-0
-0
22.6387
-0
-0
-0
-0
-0
-0
-0
-0
5.90529
-0
-0
6.64614
-0
-0
20.1409
-0
20.0924
-0
21.6114
2.77224
-0
-0
-0
-0
-0
16.7584
-0
-0
-0
-0
6.64159
-0
1.10426
8.5618
-0
-0
50.4869
-0
0.417083
-0
5.73374
-0
23.718
-0
15.4048
-0
-0
29.7357
-0
-0
-0
0.336998
-0
-0
-0
-0
0.168017
-0
-0
-0
-0
-0
9.20165
12.5831
-0
-0
-0
-0
-0
20.4812
7.21632
-0
34.8231
-0
-0
-0
-0
3.61805
-0
17.8878
13.8
-0
-0
-0
-0
-0
7.60598
-0
-0
-0
-0
-0
-0
18.9278
2.59006
12.5874
28.6049
-0
-0
-0
5.91701
31.1354
3.81144
3.77645
-0
-0
-0
-0
-0
-0
-0
-0
-0
-0
-0
-0
11.3974
-0
-0
1.11695
-0
10.115
-0
11.9064
-0
-0
-0
-0
-0
-0
-0
8.26259
-0
22.7555
-0
-0
-0
6.85605
-0
-0
20.8687
1.84783
-0
15.8222
-0
17.9449
-0
17.3137
-0
-0
-0
11.1297
-0
-0
9.64779
-0
-0
-0
-0
23.6506
-0
-0
-0
5.55992
-0
-0
27.1409
16.1291
-0
1.07339
-0
-0
-0
12.0998
-0
-0
-0
12.1747
-0
-0
-0
-0
-0
-0
-0
-0
-0
18.4819
-0
15.6414
20.1567
-0
-0
-0
-0
-0
-0
-0
-0
18.1351
16.2123
-0
26.0018
49.7068
-0
-0
15.0336
15.812
18.0815
-0
-0
-0
-0
46.9991
-0
-0
-0
-0
2.921
-0
-0
-0
-0
-0
16.3963
-0
-0
-0
-0
-0
-0
15.9137
-0
35.459
8.38185
3.84484
-0
13.9722
1.16628
-0
0.907808
9.05825
-0
-0
-0
22.8301
11.0809
-0
-0
-0
4.00675
-0
-0
40.2714
20.0848
4.32787
4.59016
-0
-0
-0
-0
-0
-0
-0
-0
-0
8.39371
3.64295
12.833
-0
-0
-0
-0
-0
-0
-0
-0
35.3824
-0
-0
-0
-0
-0
23.8605
-0
2.35146
-0
-0
-0
-0
-0
-0
-0
-0
-0
-0
-0
-0
-0
-0
-0
-0
-0
-0
-0
28.3338
-0
-0
-0
6.18023
21.4603
-0
-0
27.0873
-0
4.17619
-0
15.3632
-0
-0
-0
30.9231
-0
-0
31.6756
-0
-0
16.8807
-0
4.93317
-0
6.97872
-0
6.23922
-0
10.2574
14.9643
-0
10.1325
-0
-0
-0
4.45764
-0
-0
18.0527
19.8061
-0
-0
-0
-0
-0
-0
7.72919
13.6649
-0
-0
-0
23.5507
-0
-0
-0
2.42236
5.84508
-0
19.1341
-0
7.75063
-0
-0
23.6208
-0
-0
-0
-0
-0
21.3365
2.08687
-0
-0
-0
-0
-0
-0
-0
-0
-0
-0
-0
1.55796
-0
-0
4.7549
-0
-0
-0
-0
6.70672
-0
-0
-0
-0
-0
-0
-0
-0
16.7073
-0
-0
-0
-0
-0
-0
-0
-0
-0
-0
-0
-0
-0
-0
-0
-0
-0
-0
40.0062
-0
27.3663
-0
-0
-0
-0
4.42394
-0
-0
6.95742
-0
-0
-0
-0
-0
-0
-0
20.1396
-0
0.121665
0.00888735
5.78974
-0
24.2241
-0
-0
-0
-0
0.443485
19.0601
-0
-0
-0
-0
-0
-0
-0
31.6388
-0
4.4041
-0
-0
3.60915
-0
-0
-0
-0
-0
-0
11.5047
-0
-0
-0
17.0294
-0
-0
-0
-0
-0
14.1853
-0
-0
10.6143
-0
2.27457
-0
-0
-0
3.53735
17.8497
-0
11.1186
-0
-0
-0
-0
23.2017
-0
-0
-0
-0
8.46636
-0
-0
-0
6.66266
-0
-0
-0
-0
-0
31.9917
-0
1.26421
-0
13.3612
-0
-0
-0
-0
-0
-0
-0
3.05012
-0
-0
11.9612
-0
15.7496
-0
-0
-0
-0
22.8699
-0
-0
-0
-0
-0
31.176
1.05836
-0
-0
5.65525
19.3714
-0
23.701
-0
-0
-0
-0
-0
-0
-0
-0
22.0032
-0
10.3589
-0
-0
-0
8.7013
-0
-0
-0
-0
-0
-0
-0
26.1936
-0
9.38215
-0
38.5607
-0
-0
-0
54.3265
-0
-0
-0
-0
-0
2.46113
-0
-0
-0
-0
-0
4.0865
-0
-0
-0
-0
-0
-0
-0
11.2294
12.4506
-0
-0
30.8268
-0
-0
6.81626
-0
4.43967
-0
-0
1.07977
-0
-0
1.73948
-0
-0
-0
-0
3.2078
13.4962
-0
-0
-0
5.15609
-0
-0
-0
15.9338
-0
-0
-0
-0
-0
-0
-0
7.77517
10.484
30.3715
-0
-0
1.92863
0.907431
-0
16.0053
-0
10.9202
-0
-0
-0
-0
1.50064
25.0854
-0
-0
-0
-0
28.5729
-0
-0
-0
-0
-0
-0
-0
-0
6.93178
-0
-0
-0
-0
-0
-0
-0
-0
-0
-0
-0
-0
-0
-0
-0
-0
9.866
16.1699
6.49626
3.8246
-0
-0
-0
-0
4.88825
-0
5.82325
-0
-0
14.9842
-0
6.02541
-0
-0
-0
-0
-0
10.6788
30.5697
-0
-0
-0
-0
-0
-0
-0
-0
-0
-0
12.7065
-0
-0
-0
-0
-0
-0
-0
16.6318
3.15981
-0
11.4163
-0
-0
14.5853
-0
-0
-0
-0
-0
-0
-0
17.8765
-0
-0
-0
13.0813
-0
1.04144
18.6726
-0
1.73233
25.1961
-0
-0
11.1569
-0
-0
-0
-0
-0
-0
-0
-0
-0
-0
-0
-0
8.20828
-0
-0
-0
-0
3.05735
-0
-0
-0
18.2423
16.1787
-0
-0
-0
14.3952
-0
-0
-0
-0
-0
-0
-0
-0
-0
2.17846
23.5293
-0
-0
-0
-0
-0
-0
-0
-0
-0
-0
1.9542
-0
-0
-0
28.0936
6.2276
-0
-0
-0
-0
-0
-0
4.42516
-0
-0
-0
-0
-0
-0
-0
2.10036
-0
-0
-0
-0
-0
-0
-0
-0
-0
-0
-0
-0
-0
6.12959
-0
-0
-0
-0
-0
24.2703
2.64151
-0
-0
27.3579
-0
3.46926
-0
-0
-0
-0
-0
3.4199
-0
-0
-0
-0
-0
-0
-0
-0
-0
-0
-0
-0
-0
-0
13.2785
8.61546
-0
38.8305
-0
-0
-0
-0
-0
-0
-0
-0
-0
-0
-0
-0
6.97009
-0
-0
-0
-0
-0
-0
-0
-0
-0
9.41976
-0
-0
1.38414
-0
27.7788
13.1169
-0
18.6738
-0
-0
-0
-0
13.6841
-0
-0
6.45329
-0
-0
18.3262
-0
-0
-0
-0
-0
-0
7.58888
-0
-0
-0
-0
-0
-0
16.7415
3.43677
-0
20.8424
-0
-0
-0
10.3943
-0
-0
-0
-0
-0
10.4255
-0
1.02507
5.71282
-0
-0
9.87231
30.0993
-0
-0
-0
-0
-0
-0
-0
12.5102
-0
-0
12.4397
-0
23.1725
58.4549
21.6796
-0
19.6736
-0
-0
-0
19.8304
-0
-0
-0
-0
-0
-0
-0
33.0516
-0
26.0378
-0
-0
-0
-0
17.3493
-0
11.6025
-0
33.9545
-0
-0
17.4572
-0
-0
-0
-0
-0
-0
30.2144
-0
-0
30.877
-0
-0
-0
-0
-0
26.4858
-0
14.8959
-0
3.47752
-0
-0
0.891478
-0
21.3297
-0
-0
-0
11.3353
-0
-0
-0
-0
-0
-0
-0
-0
1.53272
-0
3.72108
-0
-0
-0
-0
30.1126
-0
7.92232
-0
-0
2.7713
-0
-0
-0
-0
-0
-0
-0
74.8381
-0
-0
-0
7.6199
-0
-0
18.5775
-0
-0
-0
-0
30.1659
-0
-0
3.85848
-0
-0
-0
-0
-0
17.4614
-0
-0
-0
-0
-0
-0
-0
-0
8.80525
-0
11.0582
-0
-0
-0
-0
0.685555
-0
-0
3.9024
-0
-0
-0
4.44159
20.7944
-0
-0
-0
-0
-0
11.3454
19.3509
-0
-0
-0
-0
7.85858
-0
13.0374
7.69602
1.11452
-0
-0
41.0894
-0
-0
-0
-0
-0
-0
24.7414
-0
-0
1.18437
28.5069
-0
-0
-0
-0
-0
-0
-0
-0
-0
-0
-0
-0
-0
0.10448
-0
-0
-0
-0
-0
-0
-0
-0
-0
-0
-0
9.86463
-0
-0
-0
-0
-0
-0
-0
23.7665
-0
-0
-0
-0
-0
-0
-0
-0
-0
-0
-0
-0
5.2006
-0
-0
-0
-0
-0
-0
-0
-0
-0
13.7972
40.4257
-0
6.07849
24.6456
5.39061
-0
-0
-0
-0
-0
-0
-0
-0
-0
-0
-0
32.0051
21.7857
-0
-0
-0
-0
-0
-0
-0
-0
-0
-0
-0
-0
21.1886
-0
-0
-0
-0
-0
4.3319
3.81199
5.50756
-0
6.37579
-0
-0
10.2085
0.0543792
-0
-0
-0
8.58254
-0
-0
51.6513
9.98007
32.4647
56.1217
39.0881
15.2684
-0
40.1162
-0
-0
13.5339
24.7258
-0
-0
-0
-0
-0
-0
-0
-0
-0
-0
-0
15.669
-0
-0
-0
-0
-0
-0
-0
12.4963
8.6593
-0
-0
-0
-0
-0
14.5221
35.9597
-0
3.20253
-0
9.1704
19.3861
2.21653
-0
20.7755
9.76285
20.4809
-0
-0
-0
-0
-0
-0
14.2281
-0
-0
16.5432
-0
-0
32.3379
16.3804
-0
7.60194
-0
-0
-0
-0
-0
-0
-0
-0
4.43558
-0
14.7489
3.04197
-0
-0
9.68403
-0
0.0531674
-0
19.2415
28.9041
-0
-0
0.21469
0.558968
0.551559
-0
-0
-0
2.32783
12.6355
-0
18.5047
8.73472
-0
-0
-0
-0
23.7058
-0
-0
-0
-0
16.4666
19.9233
7.23966
16.4476
-0
-0
-0
-0
-0
-0
21.2205
-0
-0
0.0273016
-0
0.927989
-0
35.0775
-0
-0
-0
-0
-0
-0
-0
-0
-0
21.8833
-0
-0
0.514209
-0
-0
-0
-0
33.6413
-0
-0
2.07227
15.5125
-0
76.8556
18.3877
-0
-0
-0
-0
-0
-0
-0
-0
4.52981
-0
11.5602
-0
-0
-0
-0
-0
-0
14.8443
-0
21.3959
-0
-0
9.34207
-0
10.8725
-0
-0
-0
8.96113
-0
-0
-0
-0
5.69373
-0
-0
-0
14.8616
-0
-0
-0
-0
8.74314
-0
2.19032
18.5344
4.3174
20.99
-0
-0
12.7767
-0
22.093
-0
37.1337
-0
-0
-0
8.33571
-0
-0
24.57
-0
-0
-0
-0
19.1218
-0
-0
-0
9.88683
-0
-0
29.5958
-0
4.98266
-0
-0
-0
-0
13.047
-0
-0
-0
-0
-0
-0
-0
-0
-0
-0
15.8805
-0
-0
-0
-0
-0
-0
-0
-0
4.61215
-0
-0
-0
-0
-0
2.19858
-0
-0
-0
8.72328
-0
-0
7.92077
-0
-0
5.36578
18.0642
15.6635
-0
-0
13.8897
24.1698
-0
-0
-0
19.5708
-0
-0
2.62812
-0
-0
-0
-0
-0
4.73633
-0
-0
-0
-0
-0
-0
-0
-0
-0
-0
-0
-0
21.4569
-0
-0
19.7354
-0
10.7802
-0
-0
-0
7.01481
9.95236
-0
-0
-0
-0
3.936
-0
-0
-0
-0
-0
-0
-0
-0
-0
-0
-0
-0
-0
-0
5.9692
1.23391
-0
31.5211
-0
-0
-0
-0
44.9508
-0
-0
-0
-0
-0
-0
-0
-0
-0
-0
-0
-0
-0
-0
14.4237
-0
7.07202
-0
-0
-0
-0
-0
20.6949
-0
-0
-0
-0
-0
0.141185
9.7504
16.8308
22.7002
-0
-0
25.4194
-0
5.24531
-0
3.29569
-0
13.9112
35.4451
-0
-0
2.22785
-0
-0
-0
9.26019
-0
1.01734
14.1431
-0
-0
3.96226
4.3439
3.19352
-0
-0
-0
-0
14.5933
22.4267
-0
-0
-0
-0
-0
46.4194
1.76192
12.5451
-0
-0
-0
43.385
30.4865
-0
-0
-0
4.622
-0
9.94478
-0
-0
-0
-0
-0
-0
-0
-0
15.1509
-0
-0
-0
10.4838
28.3088
-0
-0
-0
-0
-0
-0
-0
-0
-0
-0
0.811432
-0
20.508
11.3797
-0
-0
29.6302
-0
-0
16.8877
1.40507
-0
0.309686
-0
-0
-0
-0
17.3057
5.56801
-0
-0
-0
-0
-0
-0
23.2211
15.4967
-0
3.26901
3.47824
21.7653
1.04419
40.5925
-0
-0
10.1952
37.857
-0
-0
-0
3.59875
-0
5.9771
-0
2.12962
-0
1.73621
26.2656
-0
-0
12.5473
-0
-0
-0
-0
-0
10.3056
-0
28.5353
-0
-0
10.038
-0
-0
1.67913
-0
-0
-0
-0
-0
19.7543
-0
-0
-0
16.7615
-0
-0
-0
-0
-0
-0
-0
4.16352
-0
-0
-0
-0
1.62294
-0
-0
-0
-0
3.00697
-0
19.4593
0.789824
-0
-0
-0
-0
32.6147
11.8004
8.17031
1.51419
-0
-0
-0
-0
-0
16.732
-0
-0
-0
-0
-0
-0
-0
-0
-0
-0
-0
-0
-0
-0
7.04377
7.75861
-0
10.079
-0
-0
20.2443
-0
-0
-0
-0
-0
-0
-0
5.68544
-0
-0
40.4433
-0
-0
15.763
-0
-0
-0
-0
3.54762
-0
-0
-0
-0
-0
0.739509
-0
-0
-0
-0
-0
-0
-0
3.64971
-0
-0
-0
-0
7.13374
-0
12.1022
-0
-0
-0
-0
0.471388
30.2727
-0
4.35039
13.482
-0
0.0404822
-0
22.3111
12.1269
15.0838
-0
-0
12.8155
10.2312
-0
-0
13.4008
-0
-0
-0
-0
-0
33.0751
-0
-0
14.5869
-0
-0
-0
-0
-0
26.5596
-0
-0
-0
-0
-0
-0
-0
-0
-0
-0
-0
-0
0.625902
0.543316
-0
-0
-0
-0
-0
-0
-0
10.5151
-0
38.5888
34.7514
-0
-0
-0
13.9681
9.95139
58.6006
-0
-0
16.575
-0
-0
-0
-0
-0
5.82722
-0
-0
-0
-0
0.493761
-0
-0
-0
-0
-0
-0
18.7944
-0
20.3151
-0
-0
-0
-0
-0
-0
-0
-0
6.44706
-0
-0
19.7597
1.14049
-0
-0
14.1277
3.94751
-0
-0
-0
-0
-0
0.476144
-0
2.15372
-0
22.0692
-0
-0
-0
12.6088
16.872
-0
-0
-0
26.0857
-0
-0
-0
-0
-0
22.0562
-0
57.0561
-0
5.4814
-0
-0
17.9453
11.7004
-0
-0
-0
-0
-0
-0
-0
-0
-0
22.1633
-0
-0
2.1727
-0
7.19743
-0
-0
-0
-0
-0
-0
15.5563
-0
-0
-0
-0
-0
30.4377
-0
25.9541
-0
-0
19.4084
-0
-0
-0
-0
-0
-0
-0
-0
-0
6.82831
-0
23.0181
-0
-0
-0
-0
-0
-0
-0
-0
-0
28.7518
-0
-0
-0
-0
-0
-0
-0
3.57317
-0
-0
-0
0.31975
-0
8.27275
-0
-0
-0
8.92938
16.809
41.1886
-0
-0
-0
-0
-0
19.9209
-0
33.9359
-0
-0
-0
-0
1.05428
-0
-0
-0
9.05882
-0
9.72765
-0
37.3818
-0
-0
-0
21.5
-0
3.5491
4.70941
-0
-0
-0
-0
8.12347
-0
-0
2.57982
-0
-0
-0
-0
-0
-0
-0
0.804134
-0
-0
-0
21.3102
11.7134
-0
-0
-0
12.8604
-0
9.17431
31.1767
-0
15.1766
-0
-0
-0
2.68894
65.3603
-0
-0
-0
-0
-0
0.937278
-0
-0
-0
-0
24.6212
-0
-0
-0
-0
-0
-0
-0
-0
-0
24.7629
-0
-0
16.2765
-0
41.4346
-0
-0
20.4986
-0
-0
-0
12.5329
-0
20.2369
-0
-0
-0
4.20042
-0
5.3803
0.700949
0.648633
-0
-0
-0
-0
-0
-0
-0
-0
-0
-0
0.197168
4.76194
-0
-0
-0
19.8974
10.8145
-0
-0
18.8902
44.4192
-0
-0
41.6338
-0
-0
31.7296
-0
-0
-0
-0
-0
-0
3.62491
-0
-0
5.69401
-0
-0
-0
-0
-0
-0
-0
-0
8.32196
-0
-0
18.3191
-0
-0
-0
-0
-0
-0
-0
-0
-0
-0
-0
-0
19.2468
-0
2.42078
1.64301
-0
-0
19.4172
-0
-0
-0
-0
-0
13.9577
-0
-0
-0
0.771142
-0
-0
13.3604
-0
0.977172
-0
5.26215
-0
10.8569
-0
-0
-0
-0
-0
-0
-0
-0
37.8382
-0
-0
10.9867
-0
0.403231
-0
6.55602
-0
-0
-0
-0
-0
-0
-0
-0
-0
-0
-0
19.7694
-0
31.2653
-0
-0
12.4036
1.00657
-0
-0
6.84912
-0
-0
-0
2.98447
-0
13.4177
-0
-0
28.2344
-0
-0
22.8144
-0
41.1402
-0
-0
10.1319
-0
56.9705
-0
15.6158
-0
0.650865
-0
-0
8.01691
-0
-0
-0
-0
-0
23.1731
-0
-0
-0
-0
-0
-0
-0
-0
5.52344
-0
-0
-0
16.0398
-0
-0
0.383985
5.013
-0
-0
-0
-0
-0
11.8906
-0
-0
-0
1.96295
-0
-0
-0
-0
-0
-0
5.09213
-0
-0
-0
-0
-0
-0
-0
-0
-0
-0
-0
1.88836
-0
-0
35.1741
-0
8.26288
-0
-0
-0
-0
26.1921
-0
-0
-0
-0
-0
2.62627
-0
-0
-0
-0
-0
22.3974
5.6971
-0
-0
28.1049
-0
37.7348
-0
-0
-0
-0
-0
-0
-0
-0
-0
-0
13.8655
3.64049
3.40868
-0
4.55875
-0
37.4236
-0
-0
-0
-0
17.2176
-0
-0
-0
-0
-0
-0
-0
10.7492
-0
-0
-0
-0
-0
-0
-0
20.2709
-0
-0
7.58099
-0
-0
-0
-0
27.6739
14.6624
-0
16.5732
-0
-0
-0
-0
15.6429
-0
-0
-0
-0
-0
-0
-0
45.2231
-0
-0
-0
-0
-0
-0
-0
-0
35.701
-0
-0
1.33626
28.4161
3.04743
-0
-0
5.27727
-0
-0
-0
5.2418
-0
-0
-0
-0
-0
-0
-0
3.14961
-0
25.6757
-0
-0
-0
-0
-0
-0
-0
7.98006
8.20463
-0
-0
-0
42.4283
-0
2.21219
-0
-0
-0
-0
9.00197
-0
-0
-0
-0
-0
11.4447
22.511
-0
-0
-0
-0
-0
21.1163
-0
4.77703
-0
-0
24.935
-0
-0
-0
6.35959
-0
-0
-0
-0
-0
0.796422
-0
16.2814
-0
7.96
-0
17.2087
0.653834
4.83386
-0
-0
-0
-0
-0
3.03695
-0
-0
-0
-0
-0
-0
-0
-0
-0
-0
-0
3.7122
-0
-0
-0
-0
12.5394
23.7429
-0
41.3173
15.8126
-0
-0
34.4557
-0
-0
4.06836
-0
1.22689
-0
-0
10.2768
-0
-0
-0
-0
-0
-0
8.1928
-0
-0
-0
-0
6.63159
-0
40.9507
-0
9.62164
28.9515
3.3664
-0
-0
-0
-0
-0
0.00152552
3.04273
-0
-0
-0
17.6402
-0
26.4913
-0
-0
-0
-0
-0
-0
-0
1.5816
0.330609
-0
-0
-0
-0
-0
-0
-0
-0
-0
3.03038
-0
-0
-0
-0
0.730792
-0
0.209974
3.1189
-0
-0
-0
-0
-0
24.4838
11.155
-0
-0
0.949489
-0
-0
52.4918
38.0324
-0
23.1934
-0
16.5554
-0
-0
-0
-0
-0
-0
-0
3.51978
39.5419
40.2044
47.2826
5.40659
-0
-0
-0
26.0398
-0
12.7947
-0
23.4402
-0
-0
-0
6.50951
-0
7.6149
-0
0.341985
-0
-0
-0
-0
3.00388
-0
-0
-0
-0
-0
9.48955
-0
-0
16.5433
-0
-0
-0
-0
-0
-0
-0
28.1972
-0
-0
14.7981
-0
-0
0.571594
-0
14.101
-0
-0
-0
-0
-0
12.437
39.5482
-0
-0
17.2085
-0
-0
-0
-0
5.46871
-0
-0
24.8454
-0
-0
39.1866
-0
-0
11.1926
7.61039
29.1535
0.406094
-0
-0
-0
15.8931
-0
10.394
-0
-0
-0
-0
17.5127
13.4702
18.8146
-0
-0
-0
-0
-0
-0
19.7372
6.65526
7.66547
-0
-0
-0
5.63721
-0
-0
0.111442
-0
-0
25.0613
-0
3.93725
-0
57.5009
-0
22.8676
-0
12.6534
0.374129
-0
-0
28.4863
-0
45.9571
-0
-0
-0
-0
-0
-0
-0
20.2252
5.33474
-0
2.21542
-0
29.058
-0
10.4766
-0
-0
47.0159
-0
13.858
-0
1.49836
4.37623
-0
-0
-0
3.02948
-0
-0
16.0431
2.3232
-0
0.0526882
-0
-0
-0
-0
13.3454
32.5423
-0
-0
-0
14.977
26.3169
-0
4.30187
-0
-0
-0
-0
20.1814
-0
-0
28.9653
4.60585
-0
-0
-0
-0
-0
-0
-0
0.208445
-0
-0
-0
-0
-0
-0
-0
3.69595
-0
-0
-0
-0
-0
-0
-0
0.660289
-0
-0
-0
11.4972
-0
17.08
-0
6.31553
-0
-0
18.862
-0
-0
-0
-0
-0
-0
1.42584
-0
-0
-0
-0
-0
-0
-0
-0
-0
-0
39.2442
3.08245
6.36857
16.1122
-0
27.8388
-0
-0
-0
-0
3.50371
-0
-0
-0
-0
-0
-0
-0
-0
8.48399
-0
20.7547
-0
22.9717
-0
-0
-0
-0
-0
3.5637
-0
-0
26.706
-0
21.5365
-0
-0
-0
-0
-0
-0
13.9028
-0
-0
20.2691
-0
10.9848
16.6596
-0
22.0095
27.1761
11.7715
4.4774
-0
-0
-0
-0
-0
-0
-0
-0
-0
-0
14.5599
-0
-0
-0
-0
1.39045
-0
-0
7.84485
-0
-0
-0
-0
-0
-0
20.6216
-0
10.6222
27.7633
-0
-0
8.68955
18.8945
-0
28.7335
-0
5.83049
-0
-0
33.5546
-0
-0
-0
5.5749
-0
-0
-0
-0
-0
-0
13.3586
-0
12.9554
7.1183
-0
-0
-0
-0
-0
-0
-0
-0
-0
-0
21.8027
-0
-0
47.7156
-0
-0
-0
-0
-0
-0
6.82383
-0
42.6278
-0
-0
-0
-0
2.73243
35.0031
6.9125
-0
-0
-0
-0
-0
-0
21.5249
-0
-0
4.81674
-0
-0
-0
-0
-0
20.5389
-0
20.5278
-0
-0
4.71541
-0
-0
23.4835
9.6009
-0
-0
14.5195
-0
-0
-0
-0
4.81616
-0
19.909
-0
18.8046
-0
2.23438
-0
-0
-0
2.47771
-0
12.4042
-0
-0
1.65505
-0
-0
-0
-0
-0
-0
-0
-0
1.14177
-0
-0
-0
-0
-0
-0
-0
7.28092
-0
0.0867509
37.5018
1.06339
6.19687
2.58648
-0
-0
-0
7.27174
-0
-0
-0
14.4705
-0
-0
14.7158
-0
32.1792
-0
-0
60.8775
-0
-0
-0
-0
-0
28.9182
37.1919
22.0689
0.894228
-0
-0
-0
-0
14.0571
6.09831
-0
-0
-0
-0
-0
30.3862
-0
-0
-0
-0
0.39582
16.4829
4.92362
-0
-0
-0
-0
-0
-0
-0
-0
2.00492
-0
-0
12.3823
-0
-0
-0
12.0198
2.37856
-0
-0
14.7414
3.68133
-0
-0
-0
6.81366
36.566
-0
-0
-0
-0
-0
-0
-0
-0
9.74216
-0
-0
-0
1.68993
-0
-0
15.425
20.5125
-0
-0
-0
-0
-0
16.7618
-0
-0
7.70632
-0
-0
3.9067
-0
-0
-0
-0
-0
-0
-0
28.5882
-0
23.9498
-0
18.0458
-0
26.9759
-0
-0
-0
9.46495
-0
-0
-0
-0
-0
-0
16.5599
-0
-0
43.6444
-0
-0
-0
-0
-0
-0
8.6958
-0
-0
-0
-0
10.9301
-0
-0
-0
-0
-0
-0
0.795598
-0
-0
-0
9.67533
-0
-0
1.71023
-0
-0
-0
-0
-0
-0
55.9815
16.4928
-0
3.73604
-0
-0
-0
14.2271
-0
-0
-0
-0
-0
-0
1.95132
8.97167
-0
1.78901
25.3781
-0
-0
-0
-0
-0
-0
-0
-0
-0
-0
-0
-0
-0
-0
16.4978
4.57651
-0
-0
-0
34.049
19.4981
-0
-0
-0
-0
-0
-0
-0
2.59773
-0
9.00169
34.0294
20.7408
-0
-0
-0
23.9571
-0
-0
19.6115
40.2124
5.10314
-0
-0
-0
-0
19.7709
-0
7.1946
-0
3.47672
-0
-0
-0
-0
-0
-0
-0
-0
-0
-0
-0
1.64489
-0
16.4411
-0
7.881
-0
-0
-0
9.78634
6.16693
-0
-0
-0
-0
-0
-0
-0
-0
-0
-0
-0
-0
-0
-0
-0
-0
-0
-0
-0
-0
11.1122
-0
-0
47.5627
-0
13.2263
-0
-0
-0
-0
9.07838
-0
-0
7.991
-0
31.5993
-0
-0
-0
-0
14.9118
-0
-0
-0
-0
-0
-0
30.1214
-0
