0.284096
-0
-0
-0
-0
15.1134
-0
-0
58.0766
-0
-0
-0
-0
-0
-0
3.90526
-0
-0
-0
-0
-0
25.514
-0
-0
-0
7.66323
-0
19.4332
-0
-0
-0
-0
-0
-0
13.3901
-0
-0
-0
-0
-0
-0
-0
6.86595
-0
-0
64.7618
-0
59.2222
-0
-0
-0
-0
-0
-0
-0
-0
-0
-0
-0
32.273
-0
-0
-0
0.0394099
1.83679
-0
-0
-0
-0
-0
-0
-0
27.2251
-0
-0
11.3259
34.2473
-0
-0
-0
-0
54.8855
7.78516
-0
-0
-0
-0
-0
-0
0.576937
-0
0.922835
-0
-0
28.25
-0
-0
-0
58.1153
-0
-0
-0
-0
-0
-0
-0
-0
-0
-0
-0
-0
-0
-0
-0
-0
0.356862
36.7684
-0
-0
33.4234
76.4134
-0
10.6911
-0
-0
-0
35.235
-0
-0
5.16594
37.1956
5.48751
26.514
-0
-0
-0
40.123
5.63365
-0
34.9301
-0
-0
20.0837
1.82837
-0
-0
-0
-0
-0
-0
-0
-0
-0
28.2154
-0
-0
14.8211
-0
-0
0.239035
-0
-0
-0
15.3632
-0
-0
-0
-0
-0
37.5308
-0
1.63993
-0
-0
11.1411
-0
39.7581
-0
35.5284
-0
-0
-0
-0
-0
-0
11.5058
-0
-0
40.5384
-0
-0
-0
4.82961
-0
5.26845
-0
-0
-0
7.28736
-0
-0
14.7532
32.3494
-0
2.05865
-0
-0
31.763
-0
-0
-0
-0
5.34003
-0
-0
-0
-0
-0
-0
-0
-0
-0
-0
-0
-0
-0
-0
-0
-0
2.01612
-0
-0
-0
-0
-0
-0
-0
-0
-0
-0
-0
-0
-0
-0
-0
-0
15.5412
-0
10.5916
-0
-0
-0
-0
-0
-0
-0
-0
9.48382
-0
-0
26.0256
8.8893
0.0350353
-0
-0
-0
-0
-0
-0
-0
21.4767
15.7929
14.3556
22.0855
-0
-0
-0
-0
-0
-0
-0
2.49313
-0
-0
-0
-0
-0
1.16381
-0
-0
-0
25.6124
-0
-0
16.9612
-0
18.4047
-0
-0
24.4966
-0
-0
2.66221
0.506605
53.2531
11.2033
-0
-0
4.56172
-0
22.6727
13.8508
-0
-0
-0
1.14289
-0
-0
-0
-0
-0
-0
3.07374
58.086
41.9915
-0
4.24104
-0
-0
-0
-0
-0
14.2389
33.3949
-0
-0
-0
-0
-0
35.7305
-0
-0
36.7514
27.4062
-0
34.6636
64.216
-0
7.84168
-0
-0
-0
-0
-0
7.95357
-0
-0
-0
-0
-0
4.46015
-0
-0
47.9481
13.7606
0.261612
-0
-0
-0
-0
-0
-0
0.861363
6.21684
-0
-0
-0
-0
-0
-0
-0
46.968
-0
-0
-0
33.8241
8.41883
24.7139
-0
-0
-0
-0
6.40143
-0
-0
-0
-0
-0
-0
-0
11.6479
-0
-0
-0
-0
20.4328
-0
-0
5.84759
-0
7.41586
-0
-0
-0
-0
14.4196
-0
-0
-0
-0
-0
-0
-0
-0
13.9182
-0
-0
19.245
-0
13.1703
-0
-0
-0
-0
55.9403
-0
-0
-0
-0
-0
-0
-0
7.57324
-0
-0
-0
-0
-0
-0
-0
-0
4.63939
-0
-0
8.99226
-0
-0
-0
-0
-0
-0
-0
23.6689
-0
-0
-0
36.2554
-0
-0
-0
-0
0.806691
-0
-0
-0
83.4135
3.68532
-0
-0
-0
-0
-0
-0
86.6907
-0
7.32057
-0
-0
-0
74.4866
38.707
-0
23.21
45.7798
-0
43.8073
-0
-0
3.07817
-0
11.9992
-0
1.69152
-0
-0
-0
-0
-0
-0
20.2934
-0
-0
-0
-0
-0
-0
38.0424
-0
-0
-0
-0
-0
-0
-0
-0
-0
19.4781
57.977
-0
-0
-0
-0
-0
-0
-0
-0
-0
36.7211
-0
-0
-0
-0
-0
-0
-0
-0
-0
-0
23.2351
-0
-0
-0
-0
-0
57.8906
-0
-0
-0
26.4992
-0
-0
-0
20.3483
-0
-0
-0
-0
-0
-0
-0
-0
-0
-0
1.42217
-0
48.0307
-0
-0
-0
-0
-0
-0
-0
-0
-0
44.5529
-0
43.2437
25.829
28.6632
-0
-0
-0
-0
-0
-0
-0
27.0052
43.592
-0
23.052
-0
-0
-0
-0
-0
-0
42.0019
-0
3.81242
-0
41.3945
-0
-0
-0
-0
35.474
-0
17.3336
-0
-0
-0
-0
-0
-0
-0
-0
-0
-0
-0
-0
-0
-0
-0
-0
-0
-0
-0
38.1573
-0
-0
-0
-0
-0
-0
37.1529
-0
-0
19.8771
-0
-0
-0
6.57589
-0
-0
-0
-0
-0
-0
-0
66.0602
-0
-0
-0
-0
38.0367
-0
-0
-0
-0
-0
-0
-0
13.904
-0
9.73678
-0
-0
-0
23.5539
-0
-0
0.265017
-0
-0
37.3036
-0
-0
-0
-0
-0
-0
-0
-0
-0
-0
-0
-0
-0
-0
-0
1.76129
-0
-0
-0
-0
-0
-0
-0
-0
-0
-0
-0
-0
-0
-0
72.8579
-0
-0
7.20102
-0
-0
-0
-0
27.4439
-0
-0
-0
32.3859
43.6752
-0
-0
-0
11.7658
27.6205
-0
-0
0.361633
-0
-0
-0
15.6406
31.2564
-0
-0
29.5882
-0
-0
-0
-0
-0
-0
-0
-0
10.6767
-0
-0
-0
94.8175
-0
-0
-0
-0
-0
-0
35.9484
71.444
-0
-0
-0
-0
-0
-0
-0
-0
-0
-0
-0
-0
-0
3.15684
4.63225
-0
-0
-0
-0
15.4419
18.9661
-0
25.8051
-0
0.978119
-0
-0
-0
-0
-0
-0
-0
-0
-0
-0
8.74162
-0
-0
28.7855
-0
-0
7.32984
54.6593
-0
-0
-0
-0
-0
-0
-0
0.810476
-0
13.373
-0
-0
61.9511
-0
-0
-0
-0
5.48019
2.32579
-0
18.1257
5.97086
-0
15.0895
-0
-0
-0
39.9411
-0
-0
-0
-0
1.06873
5.95571
1.03133
83.748
-0
-0
-0
8.42056
-0
-0
-0
44.9232
-0
51.5747
3.42421
39.25
-0
53.7923
-0
9.09187
-0
18.3085
-0
-0
-0
-0
-0
-0
-0
-0
-0
5.16695
58.5276
-0
-0
-0
-0
-0
0.0760713
37.3113
-0
-0
-0
-0
-0
-0
-0
-0
26.6288
-0
-0
-0
-0
-0
9.0456
-0
-0
12.1736
-0
-0
-0
-0
-0
-0
16.2252
-0
-0
-0
63.7972
1.22811
-0
-0
-0
-0
-0
-0
-0
29.3619
-0
36.8638
-0
-0
53.4216
-0
-0
-0
-0
-0
-0
-0
-0
19.7798
-0
-0
-0
33.8402
-0
-0
-0
7.09789
-0
-0
9.03868
-0
41.2348
-0
-0
-0
-0
-0
-0
-0
66.8186
-0
-0
-0
-0
24.6186
-0
-0
-0
22.0925
9.26102
-0
-0
-0
-0
-0
-0
-0
-0
-0
-0
-0
-0
2.91535
-0
-0
-0
-0
-0
-0
-0
-0
-0
-0
-0
-0
-0
-0
-0
-0
-0
-0
-0
-0
-0
0.481268
-0
-0
-0
-0
-0
0.0454614
-0
-0
-0
11.5754
-0
-0
-0
35.0148
102.149
-0
-0
-0
-0
-0
19.1044
-0
-0
-0
3.04288
-0
-0
14.4716
-0
-0
-0
2.51841
-0
-0
-0
-0
-0
-0
34.8782
-0
37.2076
-0
-0
-0
24.7954
17.7828
-0
37.0164
-0
-0
1.82491
-0
3.13845
-0
38.3789
-0
18.3144
-0
-0
-0
-0
-0
-0
-0
-0
15.3374
-0
6.55696
-0
30.8957
-0
-0
-0
-0
23.8919
22.7018
-0
-0
7.86152
-0
-0
13.3872
-0
-0
-0
13.7791
-0
25.2991
-0
-0
0.939149
-0
17.3545
71.1654
5.4345
-0
-0
-0
-0
-0
8.44569
-0
24.2351
-0
-0
-0
-0
-0
-0
-0
-0
80.298
-0
21.3249
-0
-0
-0
38.4937
-0
-0
-0
-0
-0
5.98585
84.3719
-0
-0
-0
-0
-0
-0
-0
5.15463
10.6473
-0
6.52595
-0
-0
-0
17.4149
-0
18.4552
-0
-0
-0
55.7106
-0
-0
-0
-0
-0
-0
-0
-0
14.4723
19.7329
-0
-0
-0
-0
-0
-0
-0
-0
-0
9.27837
-0
25.4188
-0
-0
-0
47.9998
14.5012
-0
-0
-0
-0
7.34606
-0
-0
2.85118
16.533
-0
20.8447
13.61
-0
-0
-0
-0
-0
-0
-0
-0
-0
-0
-0
1.26625
15.7809
-0
25.162
-0
-0
1.6763
-0
-0
-0
-0
7.5021
-0
55.8662
-0
-0
78.8272
-0
9.13084
70.8259
-0
-0
38.8085
-0
55.4766
-0
-0
-0
-0
-0
-0
16.2584
22.4557
-0
-0
-0
-0
-0
-0
6.23368
-0
-0
-0
-0
-0
-0
-0
-0
-0
-0
0.569775
-0
-0
-0
-0
-0
-0
-0
-0
-0
-0
15.0283
-0
-0
-0
-0
19.7718
-0
-0
-0
-0
-0
-0
6.59346
-0
-0
-0
29.1295
-0
-0
-0
-0
14.6055
-0
-0
-0
-0
-0
-0
-0
-0
-0
-0
-0
-0
-0
19.6451
-0
26.1654
-0
-0
16.8586
73.4719
-0
-0
-0
-0
-0
13.1675
-0
43.3742
65.7385
-0
13.1372
-0
-0
-0
-0
24.4317
23.3335
-0
37.8016
-0
39.5087
-0
39.9818
44.6789
-0
-0
-0
-0
-0
6.51402
40.0982
8.54609
36.1145
17.4053
-0
-0
-0
-0
-0
-0
-0
19.3379
4.43299
39.2006
-0
-0
-0
-0
53.3736
-0
22.5676
-0
29.3938
37.1392
-0
-0
-0
-0
-0
-0
-0
-0
-0
-0
-0
36.3972
-0
7.05941
-0
-0
-0
-0
-0
-0
-0
-0
-0
-0
-0
-0
-0
-0
-0
-0
-0
-0
-0
-0
-0
-0
-0
-0
-0
11.4318
-0
-0
34.5729
-0
-0
4.92915
13.827
-0
-0
-0
-0
-0
-0
-0
10.7289
-0
-0
-0
-0
34.6572
-0
6.89687
77.8144
-0
9.4975
-0
-0
40.1074
-0
-0
-0
-0
-0
-0
-0
-0
-0
-0
-0
-0
-0
-0
-0
-0
1.03059
-0
-0
-0
-0
2.18866
23.8236
-0
-0
-0
-0
28.9012
-0
-0
-0
-0
14.2981
-0
23.2141
-0
-0
-0
-0
51.5091
-0
-0
2.86412
-0
-0
-0
-0
5.2215
4.62605
3.08137
-0
-0
-0
-0
-0
-0
-0
-0
-0
-0
-0
-0
-0
-0
-0
-0
-0
-0
-0
-0
-0
39.1397
-0
-0
-0
-0
-0
-0
-0
-0
-0
-0
51.1284
-0
-0
53.7125
18.5004
-0
-0
1.58246
-0
-0
-0
6.77032
-0
-0
-0
-0
-0
-0
-0
-0
-0
22.9499
-0
-0
-0
-0
-0
74.1561
-0
-0
-0
-0
-0
74.6296
-0
-0
-0
-0
-0
44.7239
14.9939
-0
-0
-0
-0
-0
-0
0.683417
2.0151
-0
-0
-0
28.1531
-0
-0
-0
9.69968
-0
-0
-0
-0
-0
-0
-0
-0
-0
-0
-0
-0
-0
-0
14.1048
-0
-0
-0
-0
-0
-0
-0
-0
0.683913
-0
-0
-0
-0
1.19861
-0
-0
-0
9.40246
-0
-0
-0
19.9393
-0
42.8934
-0
-0
-0
65.4173
-0
-0
-0
-0
-0
-0
52.7193
-0
-0
-0
-0
-0
-0
-0
-0
-0
2.6897
-0
4.87167
-0
-0
-0
-0
-0
-0
7.01952
-0
-0
-0
8.58933
-0
-0
28.6275
-0
-0
13.4031
-0
-0
-0
18.9315
-0
-0
15.7305
-0
18.7296
-0
-0
70.3222
57.3123
-0
21.9168
-0
-0
-0
-0
-0
-0
-0
-0
-0
-0
-0
-0
-0
-0
-0
-0
15.4884
-0
-0
-0
24.9571
-0
-0
-0
-0
-0
-0
-0
-0
-0
-0
-0
63.0268
-0
-0
-0
-0
-0
24.9328
-0
-0
21.4274
-0
4.33402
-0
15.0628
-0
-0
24.3688
-0
41.2807
-0
-0
12.533
13.1079
-0
-0
-0
-0
-0
-0
1.67406
-0
-0
53.8065
11.298
-0
-0
11.0578
-0
-0
-0
10.5515
-0
-0
-0
17.881
-0
-0
-0
-0
15.9642
-0
28.3921
-0
-0
44.2592
-0
-0
-0
5.72882
-0
-0
32.9941
36.3317
30.2748
-0
-0
-0
-0
-0
-0
-0
43.4529
-0
8.24732
3.9582
-0
-0
42.9677
-0
5.75726
6.44062
10.5056
-0
-0
-0
-0
-0
-0
-0
-0
-0
-0
-0
-0
-0
-0
8.38744
-0
-0
12.5781
23.5211
-0
-0
-0
-0
-0
11.7409
-0
43.359
28.8983
-0
-0
-0
-0
-0
77.1565
-0
-0
-0
-0
-0
-0
13.9634
-0
-0
-0
-0
-0
-0
-0
-0
-0
-0
-0
43.0485
-0
-0
-0
-0
-0
-0
-0
-0
-0
-0
-0
-0
-0
-0
-0
-0
-0
41.2466
-0
36.7117
-0
10.155
-0
5.32126
12.095
15.6329
-0
-0
-0
-0
-0
-0
-0
-0
-0
-0
20.0633
-0
61.6374
0.63986
-0
-0
-0
-0
-0
-0
-0
-0
-0
2.22156
-0
44.7793
-0
18.9744
-0
-0
-0
-0
-0
13.5319
-0
-0
-0
-0
-0
13.711
-0
-0
-0
-0
-0
-0
-0
-0
23.0497
0.418791
-0
-0
-0
-0
-0
-0
14.3313
-0
-0
8.6238
9.92078
-0
-0
20.8273
26.5405
-0
-0
25.0614
-0
-0
52.506
-0
-0
-0
31.775
-0
-0
12.747
20.3833
-0
-0
-0
-0
-0
-0
-0
-0
-0
-0
-0
-0
-0
-0
-0
-0
-0
-0
97.1323
0.755643
-0
17.2832
-0
-0
-0
-0
33.6605
-0
-0
-0
-0
-0
-0
3.02461
-0
-0
-0
-0
7.97701
-0
-0
3.72953
50.0854
19.696
-0
42.658
-0
-0
-0
-0
36.9208
3.12742
-0
-0
-0
-0
25.0691
50.8208
-0
-0
-0
-0
-0
-0
-0
-0
-0
55.3051
-0
32.7421
-0
6.18441
-0
-0
-0
-0
-0
-0
-0
9.2131
-0
17.613
-0
16.1318
0.286303
-0
7.76436
-0
21.8665
7.83741
-0
-0
-0
-0
-0
-0
-0
-0
16.6769
17.7323
-0
11.87
-0
43.9503
22.1925
25.088
1.99539
-0
-0
-0
-0
-0
20.2375
-0
-0
-0
-0
-0
-0
28.8999
7.74031
-0
-0
-0
-0
-0
-0
-0
-0
-0
5.88864
-0
-0
-0
-0
-0
-0
-0
-0
65.3959
-0
-0
-0
26.9688
12.7623
-0
-0
53.0293
-0
5.11846
-0
-0
-0
-0
-0
-0
9.60387
-0
-0
-0
-0
44.2655
1.03985
8.426
-0
-0
-0
10.8055
14.1124
-0
18.567
-0
37.657
6.86307
33.0236
-0
-0
-0
-0
-0
-0
-0
38.3725
-0
-0
-0
-0
-0
-0
-0
-0
-0
-0
13.3904
-0
-0
-0
-0
-0
-0
-0
-0
31.0965
27.7645
18.5209
-0
53.9742
24.4164
-0
3.06836
-0
-0
67.66
30.6024
-0
20.9839
-0
-0
-0
1.58666
-0
-0
-0
-0
-0
7.27305
21.1835
-0
-0
-0
-0
-0
-0
-0
-0
17.2213
-0
-0
-0
-0
-0
-0
-0
8.07578
-0
-0
17.4455
12.4521
-0
-0
-0
-0
-0
-0
12.7286
-0
-0
-0
-0
-0
-0
-0
-0
-0
-0
-0
-0
12.293
7.25127
-0
-0
-0
18.3927
-0
-0
5.21146
-0
-0
-0
-0
-0
-0
-0
-0
-0
-0
-0
-0
-0
-0
7.85204
-0
-0
-0
11.6085
-0
-0
-0
-0
-0
-0
-0
-0
18.2727
29.4047
4.53241
13.0765
-0
-0
21.8912
2.23688
7.83784
-0
-0
15.6165
-0
-0
-0
16.3642
-0
45.2075
6.85651
31.0926
-0
-0
7.84573
-0
-0
-0
1.22043
-0
-0
7.38275
-0
-0
-0
-0
-0
-0
-0
-0
-0
-0
-0
-0
-0
24.9502
-0
-0
14.6355
-0
-0
-0
-0
-0
-0
-0
-0
-0
-0
-0
-0
35.6439
14.9236
64.7681
-0
-0
9.59905
-0
-0
-0
7.92694
-0
-0
-0
-0
-0
-0
-0
15.0252
-0
-0
-0
56.1772
46.1595
2.36417
99.145
-0
-0
99.8546
-0
10.2583
-0
-0
-0
-0
-0
16.7656
-0
-0
9.18485
-0
-0
-0
-0
-0
-0
13.6158
28.6568
-0
-0
-0
-0
-0
11.3781
-0
-0
-0
-0
-0
6.8149
-0
-0
5.97235
-0
-0
20.889
4.43484
-0
-0
-0
-0
-0
-0
-0
-0
-0
-0
-0
60.9372
-0
80.6078
-0
-0
-0
-0
2.6592
-0
-0
35.8707
-0
-0
-0
-0
-0
-0
-0
34.9507
22.073
-0
6.69811
-0
35.432
-0
-0
-0
-0
-0
-0
48.6958
-0
38.2937
4.48076
6.36042
-0
17.5952
-0
-0
-0
-0
-0
17.6285
-0
-0
-0
4.95815
-0
-0
-0
-0
-0
-0
-0
-0
3.71946
54.0385
-0
-0
-0
-0
6.99633
-0
-0
19.3423
-0
-0
-0
-0
-0
3.91305
-0
-0
29.9433
39.2091
3.57655
-0
-0
-0
-0
-0
46.0082
43.1924
-0
-0
-0
-0
-0
-0
-0
-0
-0
19.4628
-0
-0
-0
-0
-0
-0
78.7736
34.7055
35.5217
-0
-0
-0
-0
-0
-0
11.8376
2.26687
-0
-0
-0
-0
-0
-0
-0
-0
1.97163
-0
-0
21.6182
-0
-0
-0
-0
-0
-0
-0
-0
-0
-0
-0
4.99151
-0
41.2308
-0
-0
11.2863
-0
-0
-0
-0
-0
-0
-0
-0
-0
6.61258
-0
-0
-0
-0
-0
-0
-0
-0
-0
-0
-0
-0
-0
-0
-0
-0
16.6013
-0
23.2694
13.5545
-0
-0
-0
-0
-0
-0
-0
11.8937
-0
7.22326
-0
20.8099
-0
-0
-0
-0
3.31416
-0
37.6907
10.4134
12.6106
-0
-0
-0
-0
-0
-0
-0
14.514
-0
20.0941
14.2351
1.01466
-0
-0
-0
-0
-0
21.4247
-0
-0
-0
-0
-0
-0
1.23778
105.009
-0
-0
-0
9.64778
-0
-0
-0
-0
-0
-0
-0
23.8256
-0
-0
-0
51.7104
-0
-0
-0
-0
81.5862
33.0286
19.762
-0
20.6895
-0
-0
-0
-0
-0
-0
5.32508
-0
-0
-0
-0
1.84512
-0
-0
1.19511
-0
-0
-0
56.8489
-0
-0
-0
-0
-0
-0
-0
-0
-0
29.3744
15.8405
-0
-0
-0
-0
-0
-0
-0
41.4718
-0
-0
2.78385
-0
-0
0.300594
-0
12.7428
-0
-0
-0
22.3849
-0
29.0937
16.8414
-0
-0
-0
53.3683
-0
-0
54.6535
-0
-0
1.173
26.2101
27.0458
-0
74.679
-0
-0
-0
-0
-0
-0
-0
-0
-0
-0
1.68789
-0
-0
19.2435
-0
-0
-0
-0
-0
-0
-0
-0
-0
-0
-0
-0
3.36953
-0
-0
17.0275
-0
-0
-0
-0
-0
-0
-0
-0
-0
-0
-0
-0
26.2914
-0
10.5343
5.54837
-0
-0
-0
-0
17.4118
-0
-0
4.94339
-0
-0
-0
30.5333
0.976897
2.43431
-0
-0
-0
-0
-0
-0
-0
-0
-0
-0
-0
-0
-0
-0
-0
-0
-0
-0
96.1108
26.3301
-0
-0
-0
-0
-0
-0
-0
-0
-0
-0
-0
-0
-0
-0
-0
14.5548
-0
-0
-0
14.9187
-0
-0
-0
24.282
25.4317
20.8146
1.1227
-0
-0
-0
-0
-0
-0
-0
43.6462
-0
-0
-0
-0
-0
40.5131
-0
31.8344
1.60903
-0
-0
23.3646
-0
-0
-0
-0
-0
-0
32.269
40.8712
-0
-0
-0
-0
-0
-0
49.3968
-0
-0
2.22022
-0
-0
-0
-0
-0
-0
-0
-0
-0
-0
-0
-0
37.9649
-0
-0
-0
-0
-0
8.38138
-0
-0
-0
-0
-0
-0
-0
-0
7.8362
37.6883
30.8129
-0
16.4979
-0
-0
6.98898
-0
-0
-0
-0
38.2974
-0
-0
-0
-0
-0
-0
4.19075
-0
-0
6.43444
-0
63.201
-0
-0
-0
-0
-0
-0
-0
10.2312
11.0149
-0
-0
-0
-0
-0
-0
-0
-0
-0
4.40781
-0
-0
-0
-0
-0
-0
-0
59.2121
-0
-0
-0
-0
-0
-0
-0
-0
-0
35.5835
-0
-0
-0
16.2434
-0
-0
-0
-0
-0
-0
-0
-0
18.9873
6.04563
-0
-0
-0
-0
38.769
2.82298
66.4672
-0
-0
-0
-0
-0
-0
10.829
99.1574
5.58611
-0
4.30103
-0
-0
65.3513
0.27012
-0
-0
-0
-0
-0
4.01469
-0
-0
-0
-0
31.3807
-0
-0
-0
-0
-0
-0
-0
-0
-0
-0
-0
-0
-0
-0
-0
-0
-0
-0
36.3807
-0
38.8035
-0
15.2134
15.5991
-0
-0
-0
-0
-0
-0
12.4469
-0
-0
1.71069
-0
-0
24.4994
-0
-0
-0
-0
9.79676
-0
-0
22.173
-0
24.3398
6.59822
27.0137
-0
5.52123
-0
-0
-0
-0
-0
-0
-0
-0
-0
-0
-0
-0
-0
15.0388
-0
-0
-0
-0
-0
-0
-0
4.83908
-0
-0
-0
-0
-0
-0
-0
-0
-0
-0
-0
13.3885
-0
-0
-0
58.0411
-0
-0
13.3799
-0
-0
-0
-0
-0
-0
-0
-0
-0
-0
-0
-0
-0
3.53273
-0
-0
67.1679
-0
52.6464
-0
-0
-0
-0
-0
-0
-0
-0
-0
15.5006
1.75104
-0
-0
-0
26.2063
18.0072
-0
18.1124
-0
-0
6.06994
-0
-0
-0
-0
-0
-0
-0
-0
-0
-0
-0
-0
21.007
15.9887
-0
-0
14.7511
9.78224
-0
71.496
3.23354
6.18109
-0
12.4153
7.87069
0.119918
-0
-0
-0
-0
13.3749
-0
-0
-0
-0
-0
-0
-0
5.16094
-0
-0
-0
-0
-0
-0
10.2223
-0
-0
18.0864
-0
30.4845
5.96031
6.53175
-0
-0
14.2856
-0
-0
-0
8.78684
-0
-0
6.27229
50.5697
-0
2.6761
-0
-0
-0
4.6374
-0
-0
-0
-0
-0
-0
-0
-0
-0
-0
-0
1.3664
-0
-0
-0
-0
27.1224
-0
19.8802
-0
2.78235
-0
-0
-0
13.3172
35.3834
-0
11.7915
-0
-0
10.8281
-0
-0
-0
-0
-0
-0
15.681
-0
-0
-0
-0
-0
-0
-0
-0
-0
20.1175
-0
-0
-0
-0
7.13917
-0
-0
-0
-0
14.8201
-0
-0
27.3304
-0
69.2998
25.1474
-0
43.9592
9.49178
4.31647
-0
-0
-0
-0
-0
-0
33.1408
-0
-0
-0
4.43882
-0
-0
-0
-0
-0
-0
-0
-0
-0
-0
-0
-0
-0
-0
2.90291
15.2713
-0
-0
-0
-0
13.6329
-0
-0
-0
33.1962
-0
-0
23.934
5.77416
-0
15.5261
23.7906
-0
-0
50.558
-0
46.1566
-0
-0
37.3956
-0
-0
-0
-0
49.63
-0
-0
-0
-0
-0
-0
35.6025
-0
-0
-0
29.9489
-0
21.3911
3.02289
-0
-0
-0
-0
-0
-0
2.75336
-0
32.5019
24.3973
-0
-0
-0
29.4568
-0
-0
-0
-0
-0
-0
-0
-0
-0
-0
-0
26.7149
-0
-0
-0
-0
-0
-0
-0
-0
-0
-0
9.84278
-0
12.7928
-0
-0
39.6483
-0
-0
-0
25.6148
-0
-0
0.804947
-0
-0
-0
14.9248
-0
-0
-0
-0
-0
-0
-0
-0
-0
10.4135
-0
17.5143
-0
-0
-0
-0
-0
3.02809
-0
4.42464
-0
-0
47.7357
-0
-0
20.7088
-0
-0
-0
13.1073
23.9381
-0
-0
-0
31.5719
-0
-0
-0
22.4908
-0
-0
-0
-0
-0
-0
21.6676
-0
-0
-0
-0
-0
-0
-0
-0
33.0192
-0
-0
-0
-0
-0
-0
-0
-0
-0
36.9873
-0
-0
10.1781
20.5591
-0
12.7279
54.9058
-0
-0
-0
-0
51.8006
-0
67.7105
-0
-0
-0
-0
-0
53.8656
17.2331
-0
-0
34.6077
-0
-0
-0
37.1034
3.39186
-0
-0
-0
-0
-0
26.1704
-0
-0
-0
-0
-0
-0
-0
-0
-0
-0
-0
-0
-0
-0
26.013
-0
-0
-0
-0
-0
-0
-0
-0
-0
-0
2.06267
-0
-0
10.3711
55.2397
50.2318
-0
4.85071
-0
-0
-0
-0
-0
-0
37.7348
-0
-0
-0
-0
-0
-0
-0
-0
16.8692
-0
-0
-0
-0
-0
33.8366
17.9978
17.9299
-0
-0
-0
-0
-0
-0
-0
-0
-0
-0
-0
4.83266
-0
-0
-0
10.5583
-0
-0
-0
-0
20.6668
33.0396
-0
-0
-0
-0
-0
-0
-0
12.9277
-0
4.70645
-0
-0
-0
-0
-0
-0
-0
-0
-0
-0
-0
65.9985
-0
-0
-0
-0
-0
33.4092
-0
-0
2.43239
-0
21.3691
-0
-0
-0
-0
-0
-0
10.3749
-0
-0
23.2855
-0
58.1415
13.137
3.87852
-0
-0
-0
-0
23.2034
6.49471
-0
19.5078
-0
-0
-0
-0
25.1124
-0
-0
-0
27.3862
2.51806
-0
-0
-0
55.9616
-0
-0
-0
-0
-0
-0
-0
40.1349
14.9845
-0
-0
10.1862
-0
14.0473
-0
-0
-0
37.8279
33.7555
25.546
-0
-0
19.6955
-0
-0
-0
-0
-0
23.4695
-0
-0
-0
-0
-0
-0
-0
-0
-0
6.023
-0
-0
-0
-0
-0
37.5175
-0
-0
-0
-0
-0
-0
-0
-0
-0
-0
-0
-0
19.6256
-0
-0
-0
-0
10.6386
-0
28.1553
-0
-0
-0
-0
0.415236
-0
-0
-0
14.8233
48.401
-0
-0
-0
2.45856
-0
-0
-0
-0
18.2643
17.6822
-0
9.74445
-0
35.2979
64.6904
14.4028
54.9037
-0
-0
-0
-0
-0
10.1692
-0
-0
-0
-0
-0
-0
-0
-0
-0
-0
4.28159
-0
-0
12.1242
-0
-0
-0
-0
-0
-0
-0
-0
-0
-0
-0
37.0053
-0
-0
-0
-0
6.89106
6.71878
-0
-0
-0
-0
-0
-0
-0
9.15312
-0
-0
-0
-0
-0
-0
-0
-0
-0
-0
-0
-0
-0
16.7255
-0
-0
42.4136
-0
-0
15.7807
11.2061
-0
-0
-0
-0
-0
-0
0.161038
-0
40.5221
11.8136
-0
31.3257
-0
3.97252
-0
-0
9.26868
-0
-0
26.4461
-0
-0
-0
-0
-0
-0
44.4406
-0
-0
12.5233
54.6113
-0
-0
-0
-0
62.1583
-0
-0
-0
-0
-0
14.4554
-0
29.1134
-0
23.6806
-0
1.79217
-0
-0
-0
-0
-0
-0
-0
-0
-0
-0
46.3278
-0
-0
-0
47.712
-0
-0
11.6989
41.4127
14.928
-0
-0
-0
-0
-0
-0
5.1075
-0
3.54308
-0
-0
-0
-0
69.5199
-0
-0
5.26907
29.4096
-0
-0
-0
-0
29.9788
-0
26.1176
-0
-0
-0
-0
36.326
-0
-0
-0
-0
-0
-0
-0
-0
-0
24.6044
-0
-0
-0
14.3725
-0
-0
-0
-0
-0
-0
-0
-0
-0
-0
-0
-0
16.1695
20.209
-0
-0
-0
5.91431
-0
-0
-0
-0
-0
26.6747
-0
-0
-0
-0
-0
18.1213
-0
-0
-0
-0
18.6582
-0
-0
61.3188
-0
11.4318
-0
12.2868
12.6526
74.8165
-0
-0
-0
-0
-0
-0
-0
22.3419
-0
-0
36.0044
-0
-0
-0
-0
65.5419
-0
-0
7.60775
-0
1.63891
-0
13.0785
-0
4.13817
-0
-0
-0
-0
-0
-0
-0
3.35851
-0
-0
-0
-0
-0
-0
-0
-0
-0
-0
-0
-0
20.4979
68.1724
16.5904
53.5711
6.25874
-0
-0
-0
11.6628
-0
-0
6.44738
28.0204
-0
-0
2.37044
48.1164
-0
-0
-0
-0
0.491497
-0
-0
-0
8.25807
-0
-0
-0
-0
-0
-0
-0
9.42195
12.0516
1.84297
-0
-0
-0
29.9377
-0
4.63172
-0
-0
-0
33.8132
-0
-0
24.0345
-0
-0
11.4888
101.008
-0
-0
19.0302
59.0693
-0
-0
-0
-0
-0
-0
-0
30.5127
39.0489
43.2681
95.7196
-0
-0
3.53813
15.5987
-0
31.4478
-0
-0
-0
-0
-0
-0
-0
-0
4.73659
-0
32.4279
20.7745
-0
-0
-0
-0
50.2499
19.8764
17.7356
-0
-0
47.2036
-0
5.91696
-0
-0
-0
-0
-0
-0
-0
-0
7.10183
-0
-0
17.3469
-0
-0
-0
-0
43.0723
70.6382
-0
-0
-0
-0
-0
-0
14.4216
-0
-0
-0
24.2691
-0
62.1785
-0
-0
-0
51.1603
-0
-0
-0
-0
-0
-0
-0
-0
