4.03679
-0
-0
-0
-0
13.0829
-0
1.44929
0.678062
3.85703
34.1543
-0
-0
-0
-0
8.51743
-0
-0
-0
-0
-0
15.3497
-0
12.5817
-0
-0
-0
-0
-0
-0
-0
-0
-0
-0
8.82034
-0
-0
-0
-0
-0
-0
-0
-0
-0
-0
-0
-0
37.4259
-0
-0
-0
-0
-0
-0
-0
-0
-0
0.164797
24.57
1.84519
-0
-0
26.3075
-0
5.98084
-0
33.2866
-0
-0
0.180953
-0
-0
-0
-0
-0
1.84674
-0
16.7239
-0
-0
-0
38.8348
25.8723
-0
-0
-0
-0
-0
-0
-0
-0
-0
-0
-0
-0
-0
0.225463
-0
-0
-0
0.763723
-0
-0
26.9354
-0
-0
-0
-0
-0
-0
5.92227
11.6331
0.206325
-0
-0
-0
15.3199
-0
41.4244
14.7292
16.7993
-0
40.4947
-0
31.8904
-0
6.19959
1.18507
-0
-0
-0
10.259
-0
-0
30.0993
-0
-0
-0
-0
14.9263
2.54491
-0
-0
16.6875
-0
-0
-0
-0
-0
-0
-0
-0
-0
-0
-0
-0
28.13
12.1005
-0
0.910621
-0
-0
-0
4.93607
28.5547
-0
-0
11.7715
-0
35.3171
2.17613
8.69768
-0
-0
-0
-0
4.23623
-0
-0
-0
-0
-0
-0
-0
-0
2.73577
-0
-0
2.87663
-0
2.3404
5.978
29.7033
-0
-0
-0
-0
-0
-0
-0
-0
-0
1.90787
-0
9.49297
-0
-0
-0
-0
-0
-0
5.03406
42.8856
-0
-0
-0
18.8956
-0
-0
-0
-0
-0
-0
-0
-0
5.33323
-0
-0
-0
-0
-0
-0
-0
-0
-0
-0
-0
-0
-0
-0
-0
-0
-0
-0
-0
-0
0.63633
-0
17.4827
-0
-0
-0
-0
-0
-0
-0
-0
18.2747
-0
-0
-0
-0
-0
-0
-0
-0
27.8751
-0
-0
-0
-0
13.3801
-0
35.2521
-0
-0
-0
-0
-0
-0
-0
4.46168
-0
-0
-0
-0
-0
35.0761
-0
-0
4.60685
33.2123
19.4357
-0
25.7572
-0
-0
-0
-0
14.1973
-0
-0
-0
-0
10.4806
20.8657
-0
-0
51.7931
-0
39.3684
20.3327
1.8401
-0
-0
1.58137
-0
-0
-0
0.451128
-0
-0
-0
16.0326
28.0482
-0
-0
-0
-0
-0
-0
-0
2.13935
9.70609
-0
-0
-0
0.858487
-0
13.0434
-0
-0
-0
7.11254
-0
2.81029
-0
-0
-0
-0
20.0415
-0
-0
-0
7.44334
-0
-0
-0
11.7156
-0
-0
-0
-0
7.93543
3.44136
0.789361
-0
-0
47.2225
-0
-0
-0
0.236931
-0
-0
-0
-0
-0
-0
-0
-0
-0
-0
-0
-0
7.32234
17.2044
-0
-0
-0
19.8735
-0
-0
-0
-0
18.5802
-0
3.814
-0
-0
10.808
-0
-0
-0
6.02401
-0
-0
5.75504
8.60419
0.0923847
-0
-0
-0
-0
-0
2.61355
-0
-0
-0
-0
11.7703
-0
-0
-0
-0
-0
3.94058
12.2903
-0
22.5877
-0
28.0743
29.447
-0
40.1
-0
-0
-0
-0
-0
-0
-0
33.328
-0
-0
-0
-0
-0
-0
-0
16.8334
11.6581
-0
-0
41.6961
19.0742
-0
9.77904
-0
-0
-0
-0
-0
-0
-0
-0
-0
-0
-0
-0
7.65766
3.00313
-0
-0
-0
0.50846
15.974
-0
-0
-0
0.789457
-0
-0
24.8918
-0
-0
-0
-0
-0
-0
10.6891
-0
-0
18.1433
1.28633
-0
-0
-0
-0
8.41467
-0
-0
0.916496
-0
-0
-0
-0
-0
-0
-0
-0
-0
-0
15.9766
-0
9.96485
4.24627
-0
7.46943
-0
5.25568
-0
-0
2.94901
-0
-0
-0
7.69346
8.15885
-0
-0
-0
-0
-0
10.8501
13.1467
45.7192
13.1055
-0
-0
-0
-0
-0
-0
-0
-0
-0
-0
-0
-0
6.05052
-0
16.3648
-0
4.94685
-0
-0
-0
4.23719
16.457
-0
-0
24.874
-0
-0
-0
-0
-0
-0
10.8037
-0
-0
-0
13.6377
-0
-0
-0
-0
8.08633
-0
-0
-0
-0
-0
-0
30.8491
-0
-0
39.3457
7.59002
3.70627
-0
37.5972
-0
-0
-0
4.64664
24.6078
3.61192
9.34386
-0
-0
-0
-0
-0
-0
-0
-0
-0
19.6865
-0
-0
11.3257
-0
-0
-0
38.6821
-0
-0
-0
-0
-0
-0
-0
-0
-0
-0
-0
-0
-0
-0
-0
-0
-0
-0
-0
-0
-0
11.3046
-0
-0
-0
-0
-0
-0
-0
-0
-0
-0
-0
-0
-0
-0
-0
-0
-0
2.21733
12.9512
-0
-0
5.28456
18.1729
11.8966
23.7539
-0
-0
-0
-0
-0
-0
18.1713
-0
-0
10.9508
0.491241
3.29933
-0
-0
-0
0.486493
-0
-0
-0
14.5107
-0
11.2646
-0
-0
7.1297
-0
-0
-0
-0
-0
-0
-0
-0
-0
-0
-0
6.05982
-0
-0
-0
20.6948
6.78227
-0
-0
17.1374
-0
-0
-0
-0
-0
-0
-0
16.0977
-0
1.61169
1.38615
6.92392
18.5137
-0
-0
31.0853
-0
-0
-0
8.5192
37.8028
16.4806
11.1466
-0
16.6806
15.4251
23.1936
-0
1.5379
-0
-0
-0
-0
-0
-0
-0
39.7675
-0
-0
0.0337803
11.2321
10.6411
-0
-0
-0
-0
-0
-0
8.15824
27.3323
-0
-0
-0
-0
-0
-0
10.8773
-0
-0
-0
18.9189
-0
-0
2.92664
-0
-0
-0
-0
-0
-0
21.3477
-0
-0
-0
-0
-0
-0
49.3955
34.0024
-0
8.94022
-0
-0
-0
-0
37.7565
4.84783
8.31827
-0
-0
-0
7.38375
-0
5.81561
-0
-0
42.5241
-0
9.68278
-0
23.2574
-0
-0
-0
-0
-0
-0
-0
5.50788
-0
-0
-0
-0
16.6023
-0
-0
-0
-0
8.32269
7.33021
-0
1.49733
-0
-0
-0
-0
-0
-0
11.4096
-0
-0
2.82088
-0
-0
-0
-0
31.0766
17.3111
-0
-0
2.85271
-0
-0
6.18546
-0
-0
17.2744
-0
-0
-0
-0
-0
1.4307
-0
-0
-0
-0
-0
-0
-0
10.2607
0.0530912
-0
-0
9.55278
-0
1.04774
7.32091
-0
-0
-0
0.388193
-0
-0
-0
-0
-0
2.66132
-0
-0
16.9534
-0
-0
-0
-0
-0
-0
-0
-0
-0
26.5132
-0
19.3548
-0
-0
9.74063
27.9123
8.79121
-0
-0
-0
17.8648
5.40959
-0
-0
-0
-0
-0
16.0716
-0
10.8992
5.8871
-0
-0
28.2719
17.2299
-0
30.4623
6.25296
-0
-0
-0
-0
-0
32.0009
-0
-0
-0
30.0789
-0
16.3485
-0
7.70506
-0
10.5337
-0
-0
10.4808
-0
-0
-0
-0
4.82516
-0
-0
6.3025
-0
-0
1.23039
-0
-0
-0
-0
15.765
11.4424
-0
-0
-0
-0
-0
-0
-0
-0
-0
31.4712
-0
-0
-0
-0
13.9347
0.697239
-0
-0
-0
-0
-0
-0
-0
-0
-0
-0
-0
23.4743
-0
-0
-0
33.7592
2.26605
-0
-0
48.5041
-0
18.2185
35.2933
-0
-0
13.8825
-0
-0
-0
5.55438
21.6039
-0
5.05974
15.1458
38.5392
13.0882
-0
-0
-0
5.0634
-0
-0
-0
-0
15.4463
8.37214
-0
-0
5.06787
6.70193
-0
9.52701
-0
-0
-0
-0
-0
-0
6.05272
-0
-0
-0
-0
-0
16.5894
-0
-0
18.1941
2.80397
-0
-0
10.0255
4.33464
9.79556
-0
-0
-0
-0
-0
-0
-0
-0
14.2136
-0
-0
43.8526
-0
-0
-0
2.69023
-0
-0
-0
-0
-0
21.3377
-0
-0
16.9207
-0
-0
7.18093
41.9182
-0
-0
-0
-0
30.6572
11.842
18.786
6.28011
-0
-0
-0
-0
-0
-0
-0
-0
-0
-0
-0
38.1842
-0
-0
-0
6.53632
-0
-0
-0
-0
-0
-0
15.9401
-0
-0
-0
-0
5.99841
-0
-0
-0
-0
7.85738
32.956
-0
7.83839
-0
-0
-0
-0
-0
7.44869
3.05852
-0
-0
-0
-0
-0
0.840059
-0
11.5546
-0
-0
26.035
-0
-0
-0
-0
17.6217
-0
12.2485
-0
-0
-0
-0
-0
-0
-0
-0
-0
-0
-0
-0
-0
-0
-0
16.287
-0
-0
-0
-0
17.1971
22.9542
-0
3.21825
-0
-0
-0
-0
-0
25.8423
-0
28.2966
26.0413
-0
3.87867
-0
-0
-0
-0
-0
-0
-0
-0
-0
-0
23.5406
-0
32.1827
-0
-0
-0
-0
-0
5.42128
-0
24.6718
-0
-0
-0
-0
-0
15.825
-0
16.1657
-0
-0
15.2023
-0
18.677
-0
-0
-0
-0
-0
-0
4.07356
-0
22.6601
-0
17.6253
-0
-0
10.7254
14.3437
-0
-0
-0
-0
19.5529
-0
-0
22.6441
-0
-0
3.27523
-0
-0
18.3495
-0
24.4268
22.9798
-0
-0
41.3785
-0
-0
-0
-0
1.5248
6.81655
-0
-0
-0
-0
-0
-0
-0
33.5085
-0
-0
-0
5.68952
-0
-0
6.26632
-0
-0
-0
-0
-0
-0
-0
-0
0.132075
-0
15.0553
-0
43.7953
-0
13.7023
-0
7.56874
-0
10.1114
19.1938
-0
9.36158
-0
26.536
-0
-0
-0
23.8793
-0
-0
30.0385
-0
5.62064
9.25434
-0
-0
-0
-0
-0
-0
-0
3.94842
19.5141
-0
-0
36.6918
-0
-0
-0
-0
-0
1.44006
-0
0.695055
0.703354
-0
-0
6.48293
-0
16.3564
-0
-0
-0
-0
0.893705
-0
-0
10.7622
-0
-0
0.902707
-0
-0
-0
1.26637
7.36811
10.2076
-0
-0
-0
-0
-0
-0
-0
-0
-0
-0
-0
-0
-0
-0
12.2554
-0
-0
-0
-0
5.74278
-0
0.627566
-0
-0
-0
-0
-0
-0
-0
-0
30.4429
-0
-0
-0
14.7788
-0
-0
-0
-0
-0
10.4886
25.2919
-0
-0
-0
18.0576
-0
-0
-0
-0
-0
-0
32.9748
-0
6.79742
-0
-0
-0
17.6031
-0
9.25235
10.9316
-0
-0
-0
-0
12.0631
-0
-0
-0
-0
-0
-0
-0
-0
-0
-0
16.1862
-0
-0
10.6948
-0
-0
2.3368
-0
-0
45.2914
-0
0.0657476
3.26772
-0
-0
-0
-0
-0
-0
-0
9.36409
-0
-0
-0
-0
-0
-0
-0
-0
-0
-0
-0
-0
14.8237
-0
-0
-0
12.0901
-0
-0
-0
-0
-0
-0
3.03571
-0
-0
-0
7.45848
-0
-0
-0
-0
-0
-0
-0
-0
-0
2.67522
-0
-0
-0
-0
38.3279
-0
-0
-0
21.9997
-0
-0
-0
-0
0.651121
-0
-0
27.4869
17.0804
-0
-0
4.35979
-0
1.82691
-0
-0
-0
-0
-0
-0
-0
-0
-0
-0
-0
-0
-0
-0
-0
-0
-0
2.15742
10.6922
-0
-0
11.5232
-0
20.4001
0.0857897
-0
7.41908
-0
-0
-0
-0
-0
2.97653
8.61185
-0
-0
-0
0.598042
-0
-0
-0
-0
11.782
-0
-0
-0
4.96936
32.0093
-0
-0
-0
-0
3.42395
-0
-0
-0
-0
-0
-0
-0
-0
3.00716
-0
-0
-0
-0
-0
-0
15.8534
4.72743
21.0587
-0
-0
14.2315
3.85443
-0
-0
-0
30.5236
22.3256
-0
-0
-0
-0
-0
0.420486
16.8233
-0
-0
22.2775
-0
-0
-0
-0
-0
-0
35.7323
-0
-0
-0
-0
18.3677
-0
-0
-0
-0
10.6509
-0
3.75775
-0
-0
-0
-0
-0
-0
-0
-0
-0
-0
3.22565
13.4535
-0
11.834
15.633
-0
1.2256
-0
-0
-0
16.9869
-0
7.31371
30.5716
-0
-0
-0
-0
30.281
15.1874
-0
13.5437
-0
1.03186
-0
0.544607
-0
-0
-0
-0
-0
-0
-0
22.1918
12.3105
-0
-0
-0
13.1832
-0
13.2008
-0
17.2963
-0
3.83837
-0
9.48671
-0
-0
-0
-0
-0
-0
-0
18.0271
-0
-0
-0
-0
-0
13.7682
-0
-0
11.0591
-0
29.4105
-0
-0
-0
12.8798
-0
41.6674
35.3429
-0
-0
18.6952
10.7174
-0
-0
-0
-0
-0
-0
-0
19.6089
-0
49.2313
-0
-0
-0
-0
-0
6.63201
13.2954
1.63245
-0
-0
-0
-0
-0
10.5432
4.02605
-0
-0
-0
-0
-0
-0
-0
17.0056
-0
-0
34.5707
-0
-0
20.9113
11.8287
38.1802
-0
-0
-0
-0
-0
-0
-0
-0
-0
-0
-0
-0
-0
0.780189
-0
-0
4.5434
-0
-0
-0
-0
-0
34.063
-0
0.454698
-0
-0
5.53814
-0
-0
-0
6.60806
14.056
-0
-0
-0
12.2917
-0
-0
12.9861
-0
-0
-0
-0
2.01231
-0
-0
-0
-0
-0
-0
-0
-0
-0
-0
-0
-0
-0
-0
11.7142
-0
-0
-0
-0
-0
-0
-0
1.27394
-0
-0
-0
-0
-0
1.45168
-0
-0
-0
-0
-0
45.1245
-0
-0
-0
-0
-0
0.0526541
-0
-0
2.62301
-0
1.21972
-0
9.72828
-0
-0
-0
-0
-0
-0
-0
-0
19.5941
-0
-0
-0
-0
-0
27.6003
-0
-0
-0
-0
-0
-0
-0
-0
-0
0.236574
-0
-0
-0
-0
43.6005
11.8917
3.95149
10.9498
-0
-0
-0
-0
-0
-0
-0
-0
2.35878
2.86797
56.563
-0
-0
-0
32.9406
-0
-0
-0
-0
-0
15.9641
-0
-0
-0
20.1952
-0
-0
-0
-0
-0
19.2788
-0
-0
-0
12.3407
-0
-0
7.71753
14.6238
-0
-0
20.6968
-0
5.57935
-0
34.4251
13.0779
-0
11.3246
-0
-0
-0
13.2503
-0
7.72505
-0
-0
0.466964
-0
-0
-0
-0
-0
-0
-0
-0
1.07599
-0
24.8517
-0
-0
-0
-0
-0
-0
-0
9.02941
-0
-0
-0
-0
-0
10.1008
0.444352
9.20727
-0
-0
16.4323
9.4098
11.237
1.34698
-0
6.48888
-0
-0
-0
-0
11.3961
3.53551
-0
0.654136
6.68681
-0
27.4489
40.405
-0
20.3143
4.81158
16.675
33.8453
2.44969
-0
-0
-0
-0
-0
-0
11.2203
-0
-0
0.501749
8.51245
25.7189
-0
-0
-0
-0
-0
-0
27.3572
-0
8.70399
-0
1.61076
0.0139047
-0
-0
-0
-0
-0
21.4096
-0
7.52902
31.5839
-0
-0
-0
-0
26.3034
-0
-0
0.0305018
-0
3.00451
16.8131
23.7255
-0
-0
-0
-0
22.6297
0.00714014
-0
4.67095
-0
-0
3.49636
-0
27.5346
13.0944
-0
-0
-0
-0
-0
-0
5.62582
-0
-0
-0
30.9477
-0
-0
20.4436
-0
-0
-0
-0
32.9673
16.1821
-0
1.95179
22.4079
23.1147
-0
-0
-0
2.50931
-0
-0
-0
-0
-0
-0
-0
-0
2.47987
-0
-0
-0
-0
38.4197
0.535929
-0
-0
15.0613
-0
-0
-0
-0
7.45904
-0
29.0529
-0
6.02246
-0
-0
-0
-0
-0
-0
-0
-0
-0
-0
-0
4.17126
-0
1.99494
2.78328
6.79916
11.4579
23.5033
4.36102
-0
-0
-0
4.75935
20.876
-0
-0
1.41028
15.9048
19.7747
-0
18.397
13.9132
-0
0.767451
23.7252
23.9721
-0
6.52609
-0
-0
-0
7.535
-0
-0
-0
2.90192
-0
3.48086
-0
-0
-0
-0
-0
-0
-0
-0
-0
-0
-0
-0
-0
-0
-0
-0
-0
-0
-0
-0
-0
-0
0.523231
1.36256
-0
-0
-0
-0
16.5696
-0
2.78285
3.72815
15.735
24.8609
-0
-0
-0
-0
-0
-0
-0
32.5496
8.72805
-0
25.36
-0
-0
-0
-0
-0
-0
3.59161
1.01864
-0
-0
-0
26.7017
-0
-0
-0
-0
-0
-0
13.9316
-0
-0
-0
-0
-0
-0
-0
0.568383
-0
-0
26.1697
-0
-0
-0
-0
-0
6.47483
47.2697
-0
-0
-0
-0
8.48232
-0
-0
-0
-0
23.1811
-0
-0
-0
22.1716
-0
-0
9.85557
12.4293
-0
25.4389
-0
-0
-0
-0
23.8498
-0
-0
-0
4.32828
-0
-0
-0
24.2922
-0
-0
-0
-0
-0
-0
-0
-0
-0
-0
-0
6.27959
24.8573
-0
-0
-0
-0
4.25292
8.283
-0
2.41933
-0
-0
4.73997
-0
5.55274
18.7387
-0
-0
-0
-0
-0
-0
0.861898
2.51034
6.72889
9.58717
-0
-0
-0
-0
-0
-0
-0
-0
27.8118
13.4662
-0
8.36964
-0
-0
25.6517
-0
-0
-0
-0
-0
4.12175
-0
-0
-0
-0
1.80341
16.0506
-0
-0
-0
-0
7.96291
29.6273
9.31759
-0
-0
-0
-0
-0
12.8508
-0
-0
-0
-0
-0
22.2862
-0
-0
-0
-0
-0
-0
14.2127
-0
-0
-0
-0
-0
-0
-0
-0
-0
-0
-0
36.3654
-0
18.5433
35.5788
-0
24.2961
-0
-0
-0
-0
12.3971
-0
2.0731
5.48033
-0
-0
-0
23.9613
7.09486
6.78261
5.76748
-0
-0
23.9618
-0
-0
-0
-0
-0
-0
9.72834
-0
26.3559
-0
-0
-0
37.3261
-0
40.9984
-0
-0
-0
9.83717
-0
-0
-0
4.22511
-0
-0
-0
-0
-0
-0
-0
-0
-0
16.5046
-0
-0
-0
-0
-0
-0
-0
-0
-0
-0
3.22105
-0
-0
36.1786
15.2669
-0
32.5714
52.9289
-0
-0
-0
-0
17.4037
-0
-0
-0
4.87718
-0
-0
-0
-0
-0
-0
-0
-0
19.9694
-0
-0
-0
-0
-0
-0
-0
42.4519
-0
-0
-0
-0
-0
-0
-0
12.2236
-0
-0
-0
-0
-0
-0
-0
-0
-0
1.71666
-0
-0
40.5038
-0
-0
-0
-0
-0
23.9128
-0
-0
-0
-0
18.0133
20.8203
6.65882
14.9987
-0
-0
10.7007
-0
-0
-0
-0
-0
1.00226
-0
-0
-0
8.48983
-0
-0
-0
14.7464
-0
-0
3.59962
-0
-0
-0
-0
-0
-0
-0
-0
-0
-0
18.7662
-0
26.467
-0
39.8348
-0
-0
-0
-0
-0
6.41689
-0
8.72111
30.8592
4.30774
-0
-0
-0
-0
-0
-0
-0
10.0726
0.19526
-0
-0
-0
-0
-0
-0
-0
20.1258
-0
-0
-0
16.6878
-0
-0
-0
-0
-0
-0
-0
-0
-0
-0
0.599228
-0
-0
-0
-0
-0
-0
-0
-0
-0
-0
-0
-0
-0
-0
-0
-0
-0
-0
-0
-0
-0
-0
-0
21.2056
3.92534
1.83253
-0
-0
-0
-0
-0
-0
-0
-0
6.50977
-0
-0
-0
-0
-0
-0
-0
10.8495
22.5326
-0
-0
-0
-0
3.01556
-0
-0
28.3422
-0
-0
-0
-0
-0
-0
-0
-0
-0
-0
-0
-0
-0
-0
-0
-0
-0
-0
-0
5.44184
-0
-0
-0
12.5773
-0
1.813
-0
4.33587
22.4321
-0
-0
-0
53.4732
-0
-0
-0
-0
-0
10.161
-0
0.483317
-0
28.3439
-0
-0
-0
-0
-0
-0
-0
-0
-0
-0
16.6952
-0
-0
19.6947
-0
-0
-0
-0
-0
-0
-0
-0
-0
15.7665
-0
-0
-0
-0
-0
-0
7.91481
-0
-0
-0
-0
-0
-0
-0
-0
-0
-0
8.0837
16.8961
-0
-0
-0
-0
8.21057
0.502865
-0
-0
-0
-0
-0
-0
-0
-0
-0
-0
-0
-0
-0
11.851
-0
-0
-0
3.09159
-0
-0
-0
-0
-0
-0
-0
-0
-0
9.51163
0.396104
40.907
-0
2.35726
-0
-0
6.16229
-0
14.7805
-0
-0
-0
-0
12.4814
-0
-0
30.7713
-0
20.0838
-0
25.8796
-0
-0
-0
-0
-0
18.7196
-0
16.3741
3.65519
-0
-0
-0
-0
-0
-0
-0
0.81869
-0
15.8566
-0
-0
-0
-0
-0
13.1527
28.0806
-0
15.3325
13.5464
-0
-0
-0
-0
-0
-0
18.1389
-0
-0
-0
-0
11.1498
-0
5.04674
30.3812
-0
3.67042
19.8814
-0
-0
-0
-0
-0
-0
-0
4.20592
-0
-0
-0
-0
12.5296
17.2303
-0
-0
-0
-0
-0
-0
-0
-0
31.3462
19.7276
-0
-0
-0
-0
-0
-0
-0
4.07858
-0
-0
7.07991
-0
-0
12.7365
8.80483
-0
-0
-0
-0
25.7797
20.4735
-0
6.15796
-0
-0
-0
0.0134124
-0
-0
12.1354
-0
4.26967
36.4319
-0
-0
-0
44.7086
-0
2.14821
2.56624
10.9494
-0
-0
-0
-0
-0
14.9738
-0
-0
-0
-0
25.8837
10.1821
-0
-0
-0
2.67065
-0
-0
32.6601
-0
-0
-0
-0
1.83395
-0
-0
-0
-0
-0
-0
-0
-0
-0
-0
-0
-0
-0
-0
-0
-0
-0
-0
-0
-0
-0
9.70259
-0
-0
4.78022
-0
-0
-0
-0
-0
-0
38.1744
-0
-0
10.1244
-0
14.8185
19.7418
-0
-0
-0
5.56371
-0
-0
-0
-0
15.7074
-0
-0
7.73061
-0
12.7579
-0
-0
-0
-0
-0
3.01439
-0
-0
-0
-0
-0
-0
22.0167
12.2725
9.73748
-0
-0
-0
29.676
-0
-0
-0
0.140851
-0
-0
-0
-0
-0
-0
-0
-0
0.946504
-0
12.6386
36.0885
-0
2.0022
-0
-0
30.5819
-0
7.67042
-0
-0
-0
-0
-0
-0
3.43006
-0
-0
-0
0.109849
-0
5.46655
-0
-0
-0
-0
-0
-0
-0
-0
-0
-0
-0
-0
-0
-0
-0
-0
-0
-0
-0
-0
-0
-0
-0
-0
-0
-0
-0
-0
-0
14.4907
-0
-0
-0
-0
-0
-0
-0
-0
1.88407
-0
-0
-0
-0
5.29115
-0
8.29384
-0
-0
8.6125
-0
-0
-0
-0
-0
-0
6.64008
-0
-0
-0
-0
-0
2.16824
-0
-0
-0
-0
-0
-0
6.50088
-0
15.612
53.8426
24.4006
-0
-0
-0
-0
-0
-0
-0
-0
-0
-0
-0
23.5724
-0
1.14176
-0
2.57308
32.1829
-0
-0
-0
-0
-0
24.9726
7.44311
0.213704
-0
-0
-0
-0
-0
-0
-0
-0
1.33983
-0
-0
-0
7.91386
-0
-0
-0
-0
-0
-0
-0
-0
-0
-0
9.88093
6.36883
-0
0.793784
-0
-0
4.70572
-0
-0
-0
-0
-0
-0
-0
7.46728
-0
-0
-0
-0
-0
-0
-0
-0
4.66515
20.9419
-0
-0
3.60166
5.02387
-0
-0
-0
-0
-0
-0
-0
-0
14.5168
-0
-0
-0
-0
-0
7.97842
-0
-0
-0
-0
-0
-0
-0
-0
0.630113
13.0378
22.2801
-0
-0
-0
22.7729
-0
1.57549
-0
-0
-0
-0
-0
-0
-0
0.259816
-0
-0
-0
-0
2.15325
-0
-0
-0
-0
-0
-0
-0
-0
-0
22.7648
3.84924
-0
-0
6.5044
-0
-0
13.2334
-0
-0
-0
-0
-0
-0
-0
-0
-0
19.2314
2.83868
-0
6.16113
-0
-0
-0
-0
25.2903
-0
-0
-0
-0
-0
-0
32.1932
-0
-0
-0
-0
-0
-0
-0
-0
9.9732
0.746913
-0
-0
10.3324
-0
16.6561
-0
-0
-0
-0
-0
56.958
-0
-0
-0
-0
-0
19.8669
4.20249
-0
-0
-0
-0
-0
-0
-0
-0
-0
10.5911
-0
-0
-0
18.2948
-0
-0
-0
-0
16.1385
3.61416
-0
-0
-0
-0
-0
-0
-0
-0
-0
-0
-0
-0
-0
-0
-0
-0
-0
-0
-0
-0
14.3961
-0
19.3756
-0
-0
-0
-0
-0
-0
-0
1.67011
-0
-0
1.53011
-0
-0
-0
-0
16.2769
9.47418
-0
5.739
-0
0.398058
-0
-0
26.4144
53.429
-0
-0
-0
-0
-0
-0
-0
-0
-0
-0
-0
-0
-0
60.5603
18.3921
-0
-0
-0
-0
10.0861
-0
-0
-0
20.0454
11.0899
33.6707
-0
-0
-0
31.6225
-0
-0
-0
-0
-0
-0
-0
-0
-0
-0
-0
-0
-0
2.95126
-0
-0
-0
-0
-0
-0
-0
-0
-0
-0
1.77201
10.4669
-0
-0
-0
-0
-0
-0
12.7003
-0
-0
-0
-0
8.41674
18.8892
-0
9.59645
23.415
-0
-0
-0
-0
11.2692
-0
-0
8.71245
-0
-0
42.905
-0
-0
-0
4.01739
-0
18.7971
-0
11.5313
-0
23.3789
-0
2.14303
-0
-0
-0
-0
-0
11.8813
-0
-0
-0
-0
-0
-0
-0
-0
-0
-0
-0
-0
-0
21.1912
-0
-0
-0
18.1529
-0
-0
-0
-0
-0
24.7573
0.937398
21.9774
-0
18.6063
-0
12.2555
-0
-0
-0
0.0417067
-0
-0
-0
-0
-0
-0
-0
22.9535
4.81488
-0
-0
-0
-0
-0
-0
-0
-0
3.2748
-0
-0
1.43882
-0
-0
-0
-0
-0
-0
-0
-0
-0
9.14394
-0
-0
-0
-0
-0
-0
-0
-0
-0
-0
-0
9.76616
-0
-0
-0
20.4278
-0
-0
-0
-0
32.7897
-0
26.8491
1.35758
-0
-0
9.08174
0.814128
-0
-0
-0
5.61667
-0
-0
23.8117
-0
-0
-0
-0
17.1478
21.5769
-0
-0
-0
-0
-0
-0
0.881832
-0
-0
-0
-0
-0
-0
-0
-0
-0
-0
-0
33.318
-0
-0
-0
-0
12.7243
6.09001
-0
4.51161
-0
-0
-0
-0
-0
-0
-0
-0
2.48823
3.28118
2.89913
0.233221
-0
-0
-0
29.2947
-0
-0
4.97626
-0
-0
2.68724
7.47142
-0
-0
-0
-0
-0
1.96025
0.522919
-0
-0
-0
-0
-0
11.9032
-0
-0
-0
-0
-0
-0
34.1976
-0
-0
-0
8.74178
-0
-0
-0
-0
-0
6.86316
-0
-0
21.4223
-0
-0
-0
-0
0.366192
4.54325
-0
-0
-0
-0
-0
-0
19.3404
-0
-0
27.5689
-0
-0
-0
-0
-0
-0
24.5563
-0
-0
-0
-0
-0
5.31843
10.7364
-0
-0
30.2954
58.8375
20.7934
-0
-0
-0
-0
18.5008
-0
-0
-0
-0
15.8469
8.99605
-0
26.0176
5.80946
0.692355
-0
18.1876
-0
-0
-0
17.4753
-0
-0
-0
8.97213
-0
-0
-0
-0
-0
-0
10.2593
-0
-0
-0
-0
-0
39.9223
-0
-0
-0
-0
-0
-0
9.09646
-0
24.0708
-0
-0
-0
-0
13.0075
20.0643
16.6055
-0
-0
-0
-0
-0
-0
8.21768
-0
-0
-0
-0
7.46667
2.59808
-0
-0
7.74781
-0
5.69172
3.54489
-0
9.08697
-0
-0
9.70644
-0
-0
-0
-0
-0
-0
-0
29.9948
-0
1.83478
-0
-0
10.5315
-0
-0
-0
-0
-0
-0
-0
24.9173
-0
-0
-0
-0
-0
-0
-0
-0
3.28357
-0
-0
-0
5.26144
-0
-0
-0
-0
-0
-0
10.913
-0
-0
27.5977
32.1931
11.0317
-0
45.7328
-0
-0
-0
6.81752
-0
-0
39.7674
-0
0.0634592
6.27396
-0
-0
-0
-0
35.3026
-0
-0
-0
-0
-0
23.3588
1.68865
-0
25.4035
-0
-0
-0
-0
17.2495
33.8674
-0
-0
-0
-0
-0
33.4301
-0
-0
-0
-0
13.0036
4.5617
-0
22.4996
-0
-0
9.97044
-0
11.3304
-0
-0
-0
-0
6.52108
-0
-0
-0
-0
20.5376
-0
-0
-0
18.9019
-0
-0
-0
-0
47.862
13.5928
-0
-0
-0
-0
0.681055
-0
-0
-0
-0
-0
-0
-0
5.57163
-0
-0
10.5426
12.6007
-0
-0
-0
-0
-0
-0
1.78149
9.35914
-0
-0
-0
25.5725
-0
-0
-0
-0
2.18982
-0
-0
26.8205
-0
-0
-0
12.6064
10.3548
7.08558
-0
-0
-0
11.2014
-0
-0
-0
-0
-0
-0
39.4777
-0
28.4604
17.425
-0
17.1116
-0
-0
-0
1.80669
5.03887
-0
12.5575
-0
-0
-0
-0
-0
-0
-0
-0
-0
-0
-0
-0
-0
-0
-0
-0
-0
-0
-0
-0
-0
-0
-0
65.0099
-0
37.5374
-0
-0
-0
0.328868
-0
-0
-0
14.701
-0
-0
-0
-0
2.76083
-0
11.8096
-0
-0
-0
-0
12.2993
-0
5.69043
-0
-0
-0
-0
-0
-0
-0
-0
-0
-0
-0
-0
-0
17.0991
-0
1.03376
-0
41.9405
-0
0.13989
-0
-0
30.036
-0
-0
-0
-0
-0
-0
26.7785
8.9231
-0
-0
2.04571
-0
5.02504
-0
-0
15.7202
-0
24.5567
18.8037
-0
-0
3.56513
4.24584
28.7862
-0
-0
-0
-0
-0
-0
-0
-0
-0
3.36691
-0
10.9116
-0
-0
-0
-0
-0
6.00155
12.9749
12.851
-0
-0
20.8217
-0
-0
6.18102
-0
-0
-0
-0
-0
-0
-0
8.68065
-0
-0
-0
-0
-0
5.35348
-0
-0
30.392
-0
-0
-0
-0
-0
-0
19.3804
38.8685
-0
10.9354
17.0556
-0
-0
-0
-0
-0
49.6869
-0
-0
11.8486
-0
14.2981
-0
-0
-0
