2.46678
-0
-0
-0
-0
-0
-0
-0
18.2786
-0
17.3665
-0
-0
-0
-0
-0
-0
12.5356
-0
-0
-0
4.82633
0.194781
4.67778
-0
-0
-0
-0
-0
-0
-0
-0
-0
26.7846
4.60523
-0
-0
-0
-0
-0
-0
-0
-0
5.56005
-0
57.0559
-0
74.1116
-0
-0
-0
-0
-0
-0
-0
-0
-0
1.16736
41.6446
-0
-0
-0
-0
-0
25.0748
-0
7.53667
-0
-0
0.390962
-0
-0
-0
-0
-0
3.84858
10.1175
6.78024
-0
-0
-0
26.9394
-0
13.85
-0
-0
-0
20.2159
-0
20.6512
-0
0.468015
-0
-0
-0
-0
-0
-0
20.3839
-0
-0
-0
-0
25.9533
11.6667
-0
-0
-0
-0
-0
-0
-0
-0
-0
-0
-0
25.8478
-0
8.61047
14.308
1.02533
-0
25.8888
-0
12.8308
-0
45.9477
-0
-0
-0
-0
25.123
-0
-0
-0
4.32283
8.93692
6.52889
-0
13.4183
-0
-0
-0
12.8526
-0
-0
-0
-0
-0
-0
0.763366
-0
-0
-0
-0
-0
43.7855
2.97275
-0
1.17674
-0
-0
-0
43.5463
6.5453
-0
-0
21.8982
-0
-0
3.40917
2.48298
-0
-0
2.62403
-0
-0
-0
-0
-0
-0
-0
-0
-0
-0
37.6085
-0
-0
-0
-0
-0
18.201
32.5425
-0
-0
-0
-0
-0
12.6789
-0
-0
12.4827
-0
-0
-0
-0
-0
7.69729
8.58182
-0
-0
0.19862
1.59259
-0
-0
-0
-0
1.38748
-0
-0
-0
-0
7.40856
13.3564
-0
8.27458
-0
-0
-0
-0
-0
18.9801
-0
-0
-0
-0
-0
-0
-0
-0
-0
-0
-0
-0
-0
-0
-0
-0
14.6561
-0
-0
-0
-0
-0
10.7534
-0
-0
13.7894
20.0059
-0
-0
9.69445
-0
21.8616
-0
-0
-0
-0
-0
-0
-0
-0
0.989434
31.8728
-0
-0
-0
-0
-0
-0
-0
3.07459
-0
-0
-0
-0
-0
-0
-0
-0
-0
13.2958
-0
-0
35.3368
-0
-0
-0
-0
-0
-0
-0
1.50508
-0
42.908
13.1385
-0
-0
7.54195
-0
50.9545
8.43418
-0
-0
-0
1.58583
-0
-0
-0
-0
-0
-0
-0
44.6165
1.00842
-0
-0
-0
-0
-0
-0
-0
17.6397
16.0729
-0
-0
-0
7.25832
-0
-0
-0
-0
-0
15.402
-0
51.1786
20.0635
-0
-0
-0
5.36149
-0
-0
-0
2.36154
-0
-0
-0
10.5948
-0
-0
-0
-0
24.8838
12.9486
0.419686
-0
-0
19.035
-0
-0
-0
0.647486
13.2599
-0
-0
0.0440068
2.78333
-0
-0
-0
5.79652
-0
-0
-0
-0
22.6796
8.49827
-0
-0
3.2242
1.83491
11.6356
-0
-0
2.1197
-0
10.4898
-0
-0
45.0664
42.609
-0
-0
-0
10.753
-0
9.80085
-0
-0
2.67209
-0
-0
-0
29.624
35.9936
-0
-0
-0
-0
-0
-0
-0
-0
-0
-0
16.5919
16.3604
12.202
52.8858
-0
3.6426
17.6997
-0
30.924
-0
-0
-0
-0
-0
-0
-0
1.38067
-0
-0
-0
-0
-0
-0
-0
-0
30.3371
-0
-0
17.6056
-0
-0
-0
-0
-0
-0
-0
18.0874
-0
-0
-0
15.6192
-0
-0
-0
-0
-0
-0
-0
-0
9.38382
28.1217
-0
-0
-0
-0
-0
7.96804
40.0831
-0
-0
-0
-0
-0
4.97965
7.43512
-0
10.8243
9.36717
-0
-0
-0
-0
-0
-0
-0
-0
-0
-0
-0
-0
-0
8.99575
-0
-0
-0
-0
-0
29.528
-0
3.27513
31.4402
-0
-0
-0
-0
-0
-0
9.37145
-0
-0
-0
34.0745
-0
-0
-0
-0
-0
-0
-0
16.4251
36.676
38.2338
4.2221
-0
-0
-0
-0
-0
5.17935
-0
26.9263
-0
25.556
-0
6.84359
19.313
12.1288
-0
20.7932
-0
9.42841
7.43248
30.6146
-0
-0
-0
63.1597
-0
-0
-0
-0
-0
-0
16.6102
-0
-0
-0
23.0388
-0
6.75905
-0
-0
38.7702
-0
5.82313
-0
-0
-0
14.9241
0.131387
-0
-0
14.1353
30.9471
-0
-0
5.57107
-0
-0
-0
-0
0.264659
0.247394
8.09618
34.7915
-0
-0
-0
-0
-0
-0
-0
-0
10.8397
-0
-0
7.67956
-0
-0
-0
10.0464
-0
6.75804
-0
-0
-0
-0
2.97209
-0
-0
-0
-0
-0
-0
-0
-0
-0
-0
-0
-0
7.40489
-0
16.6896
-0
-0
-0
-0
-0
-0
26.606
6.97268
1.76287
3.05993
-0
-0
-0
-0
2.75373
20.9769
-0
-0
-0
-0
-0
20.6297
-0
-0
28.7148
-0
6.30061
-0
-0
-0
-0
-0
-0
10.0618
11.7419
-0
8.44291
-0
-0
-0
-0
-0
-0
-0
-0
-0
10.6413
-0
-0
-0
-0
-0
-0
-0
-0
-0
-0
-0
3.60671
-0
-0
7.01057
-0
-0
-0
-0
-0
-0
-0
-0
-0
-0
-0
-0
-0
-0
-0
57.6106
-0
-0
6.30456
-0
17.6681
-0
-0
-0
-0
-0
-0
21.8035
59.8837
10.1461
-0
-0
21.8581
-0
-0
-0
1.60426
-0
-0
-0
-0
11.5414
-0
-0
15.1782
-0
-0
-0
1.33064
1.55568
-0
-0
-0
6.06178
-0
1.5754
-0
66.2106
-0
-0
-0
-0
-0
-0
8.73236
7.16078
-0
-0
-0
-0
-0
-0
-0
-0
-0
-0
-0
-0
10.8451
10.3367
0.480798
12.4374
10.4545
-0
-0
36.7644
30.8924
-0
23.621
-0
-0
-0
-0
2.11755
-0
4.35703
-0
13.5271
-0
2.31036
-0
32.1477
-0
-0
31.0634
-0
-0
-0
22.5056
-0
-0
-0
-0
-0
3.54509
-0
17.4457
-0
-0
-0
-0
0.782773
-0
-0
-0
9.38768
4.31567
16.2597
-0
13.9499
2.76632
-0
-0
-0
-0
-0
18.568
-0
-0
3.75599
9.18086
32.125
-0
25.8402
42.3846
8.12201
-0
27.989
26.0826
-0
-0
2.12475
-0
-0
11.5255
16.6285
-0
-0
7.69969
-0
-0
-0
14.6198
-0
-0
-0
-0
-0
-0
-0
-0
-0
0.132242
0.113273
3.17962
5.0017
-0
-0
-0
8.22943
8.94766
-0
9.23856
-0
-0
19.3513
-0
-0
-0
-0
-0
-0
-0
-0
4.96497
-0
-0
-0
8.01905
-0
12.9924
-0
-0
-0
-0
-0
-0
-0
-0
41.8991
3.97309
-0
-0
-0
-0
-0
11.0418
1.47697
7.09437
-0
3.40912
-0
-0
22.335
-0
-0
-0
-0
-0
-0
-0
-0
12.144
-0
-0
-0
14.9029
-0
-0
-0
-0
-0
-0
-0
-0
7.03452
-0
-0
-0
-0
12.9434
-0
-0
52.8254
5.94625
2.51923
0.526654
-0
1.86799
-0
-0
-0
15.0745
13.791
-0
-0
-0
-0
-0
-0
11.0777
-0
33.2423
-0
-0
-0
3.92861
-0
22.9708
-0
-0
-0
-0
-0
-0
-0
-0
-0
-0
-0
-0
-0
-0
-0
-0
-0
-0
-0
19.7019
-0
-0
-0
-0
-0
20.8819
-0
-0
-0
20.8335
-0
-0
-0
5.26138
31.1554
0.880915
-0
-0
-0
-0
-0
-0
-0
-0
33.924
15.2003
-0
-0
-0
-0
-0
-0
23.0522
-0
-0
11.1143
-0
-0
31.8144
-0
29.2186
-0
-0
-0
-0
2.33736
-0
56.5792
6.40162
-0
25.7774
-0
4.21626
-0
14.7092
-0
30.9608
-0
-0
-0
-0
-0
7.58189
-0
-0
2.60423
-0
-0
-0
-0
-0
-0
-0
-0
24.01
5.56103
-0
-0
-0
-0
-0
-0
1.26975
-0
-0
-0
-0
22.1748
-0
4.66057
12.1683
-0
22.1355
9.49958
5.14498
-0
-0
-0
-0
-0
17.2838
-0
5.72908
-0
-0
-0
-0
-0
-0
-0
-0
56.3683
-0
25.6502
-0
-0
-0
-0
6.90813
-0
-0
-0
-0
19.6299
40.2114
-0
-0
-0
-0
13.0109
-0
-0
6.83418
2.8273
-0
17.7204
-0
-0
-0
-0
-0
29.2455
-0
-0
17.6444
19.6115
-0
-0
-0
21.7364
-0
-0
-0
-0
-0
5.41418
-0
-0
-0
-0
-0
-0
-0
-0
-0
5.01043
-0
7.24949
-0
-0
-0
17.1703
31.3702
-0
-0
-0
-0
22.5999
-0
-0
1.80907
16.8561
-0
26.8936
4.00967
-0
-0
-0
-0
-0
-0
-0
-0
-0
-0
-0
1.1647
8.89675
-0
39.104
-0
-0
-0
-0
-0
-0
-0
28.1349
-0
-0
-0
-0
37.5164
-0
-0
22.9027
-0
-0
35.425
-0
48.4795
-0
-0
-0
-0
-0
-0
0.72575
5.56916
4.80912
-0
-0
6.71955
-0
21.8755
18.6497
-0
-0
0.319831
9.56592
-0
6.50764
-0
14.3298
-0
-0
-0
2.38517
-0
14.3184
-0
-0
-0
23.7915
-0
25.759
-0
-0
-0
-0
-0
-0
-0
-0
-0
-0
-0
-0
-0
3.25345
16.7071
-0
-0
-0
-0
-0
36.7013
-0
14.5749
-0
-0
-0
-0
-0
-0
-0
-0
-0
-0
-0
-0
-0
-0
-0
-0
-0
-0
-0
28.5209
-0
-0
-0
-0
-0
-0
-0
2.17363
25.8669
-0
7.25814
5.97093
-0
-0
-0
43.9666
-0
-0
21.9692
-0
52.3553
-0
20.7998
25.0263
-0
11.2169
24.0001
2.09589
-0
15.8105
12.6074
-0
-0
6.42092
-0
-0
11.9335
-0
-0
-0
-0
20.3559
1.33211
27.7987
-0
1.61074
-0
38.7852
-0
-0
3.27267
-0
17.2391
9.01152
15.4257
-0
-0
-0
-0
-0
-0
-0
-0
-0
-0
23.4931
-0
-0
-0
28.1258
6.51744
-0
-0
-0
-0
-0
-0
-0
-0
-0
-0
-0
-0
-0
-0
15.753
-0
-0
23.9644
-0
-0
-0
-0
11.0663
-0
-0
27.0261
-0
-0
-0
26.0699
-0
-0
-0
-0
-0
-0
-0
-0
-0
-0
-0
14.9026
36.9768
-0
-0
31.7401
-0
-0
-0
-0
46.4534
-0
-0
-0
-0
-0
-0
-0
-0
-0
-0
0.36551
3.51842
-0
-0
-0
-0
1.53248
-0
-0
-0
7.8077
0.379158
-0
-0
-0
-0
-0
-0
-0
-0
-0
-0
-0
-0
15.1378
-0
-0
-0
-0
21.6022
-0
-0
10.4307
9.23513
-0
-0
-0
-0
8.0259
6.22969
-0
-0
-0
-0
-0
-0
-0
-0
4.61729
-0
-0
-0
14.515
-0
-0
-0
-0
-0
-0
-0
-0
-0
13.8324
9.35405
-0
-0
-0
7.46776
4.27394
-0
-0
-0
-0
-0
-0
20.1849
14.3149
-0
-0
3.71141
2.16609
-0
-0
-0
-0
-0
-0
7.4868
-0
-0
-0
-0
-0
23.7148
-0
-0
-0
-0
-0
15.6545
24.1588
-0
-0
-0
-0
27.2534
-0
-0
-0
-0
-0
28.8467
17.4999
-0
-0
0.216291
-0
-0
-0
0.638457
-0
-0
-0
-0
-0
-0
-0
-0
-0
-0
-0
-0
-0
-0
-0
-0
-0
-0
-0
-0
-0
-0
-0
-0
-0
-0
-0
-0
-0
-0
12.1959
1.09212
34.5593
-0
-0
2.16152
-0
-0
-0
-0
28.3989
1.84012
-0
-0
-0
22.0124
-0
12.8994
-0
-0
-0
33.0345
-0
19.5089
-0
-0
6.71727
-0
22.009
-0
-0
-0
-0
8.65044
-0
-0
10.5614
-0
62.8176
-0
5.66325
-0
-0
-0
-0
-0
-0
-0
-0
-0
4.45906
38.849
8.29718
-0
15.8623
37.2247
-0
22.0136
-0
-0
-0
29.1413
-0
4.73204
13.0356
-0
5.47315
-0
-0
44.9327
27.4145
-0
25.1494
-0
23.4047
-0
3.45478
-0
-0
-0
-0
-0
-0
-0
8.44592
-0
11.8433
-0
-0
-0
-0
-0
-0
25.9702
-0
5.68889
-0
-0
-0
-0
-0
-0
-0
-0
-0
31.7056
-0
-0
-0
-0
-0
-0
-0
-0
36.7271
12.8917
25.5825
-0
-0
-0
53.5573
10.1887
16.684
39.5021
-0
-0
6.89134
-0
-0
-0
-0
-0
-0
-0
-0
-0
6.81151
50.4534
-0
-0
-0
-0
-0
-0
-0
36.2682
-0
-0
-0
-0
-0
-0
-0
-0
1.48775
-0
49.0135
-0
-0
19.1238
6.76035
-0
-0
15.3133
-0
-0
-0
17.1273
14.4919
-0
-0
-0
-0
-0
-0
-0
-0
-0
-0
-0
-0
-0
34.8251
-0
-0
-0
13.4537
-0
0.707299
-0
-0
-0
-0
-0
-0
-0
6.58816
-0
-0
-0
-0
5.56641
-0
-0
-0
3.01517
-0
-0
-0
-0
-0
-0
-0
5.37342
5.58647
-0
-0
-0
-0
-0
27.8095
-0
-0
-0
-0
-0
-0
-0
26.5612
-0
-0
-0
-0
-0
-0
-0
-0
-0
-0
-0
-0
-0
-0
-0
-0
-0
-0
-0
-0
-0
-0
-0
-0
-0
-0
-0
-0
-0
-0
4.8782
-0
3.3894
-0
-0
-0
8.90532
-0
-0
-0
-0
-0
-0
-0
-0
-0
-0
24.3384
-0
-0
-0
-0
-0
-0
-0
-0
-0
0.18932
-0
-0
-0
4.10741
44.9718
-0
10.4557
-0
-0
-0
9.08601
-0
32.0287
-0
-0
-0
-0
-0
42.6586
-0
-0
-0
0.625553
4.35042
-0
-0
-0
30.055
-0
-0
-0
-0
1.14042
-0
-0
-0
-0
-0
37.2155
-0
5.68517
-0
-0
2.44377
-0
-0
21.524
-0
-0
15.7384
-0
-0
-0
-0
5.22618
5.17037
-0
20.9519
-0
-0
0.978748
-0
23.5149
-0
24.4116
-0
-0
-0
-0
-0
-0
-0
-0
-0
-0
-0
31.6576
-0
-0
-0
-0
-0
-0
-0
12.5317
-0
-0
-0
-0
-0
0.340914
-0
-0
-0
-0
17.4762
-0
-0
-0
-0
16.8777
3.81845
-0
8.32769
-0
-0
5.93219
-0
17.9957
21.1558
-0
35.2814
36.1594
-0
50.3703
13.0888
-0
6.29928
-0
-0
-0
-0
-0
-0
-0
35.1936
-0
11.5438
-0
13.7375
-0
-0
-0
-0
-0
0.105613
-0
5.96866
-0
-0
-0
3.36197
0.216937
-0
-0
-0
2.556
10.512
14.256
-0
15.4081
-0
-0
-0
4.70191
-0
25.0855
-0
-0
18.5148
-0
8.98697
31.225
30.6384
-0
-0
-0
-0
-0
-0
5.34904
9.64412
-0
-0
4.05357
-0
-0
-0
22.2516
-0
-0
-0
-0
-0
-0
-0
-0
-0
13.8257
-0
-0
5.4279
-0
-0
-0
-0
10.6114
25.1512
-0
1.36613
9.44959
19.7308
-0
-0
-0
-0
-0
-0
-0
-0
-0
-0
-0
-0
34.3177
-0
-0
-0
-0
12.1068
0.593815
20.0239
-0
11.6713
-0
-0
-0
-0
12.3083
-0
47.8119
26.8623
8.9986
-0
-0
-0
-0
-0
19.9513
-0
-0
-0
-0
-0
-0
-0
10.2866
0.948883
-0
2.90575
-0
39.8601
-0
-0
23.3076
-0
36.945
-0
10.8602
-0
1.6096
28.5016
-0
-0
15.0972
-0
-0
-0
16.3791
-0
45.5194
3.1472
-0
20.3628
38.0957
-0
7.20958
-0
-0
-0
-0
-0
-0
-0
28.2526
5.61285
-0
2.76217
-0
-0
-0
-0
-0
-0
-0
-0
-0
-0
-0
2.56827
-0
0.819768
8.15273
-0
-0
-0
-0
-0
23.2979
10.8764
-0
5.70907
-0
-0
5.0782
-0
-0
-0
-0
20.6297
-0
-0
17.7035
-0
5.49911
23.165
-0
3.48842
-0
-0
-0
-0
-0
2.08092
-0
-0
-0
-0
-0
-0
-0
-0
-0
-0
-0
-0
-0
-0
-0
-0
-0
-0
4.59815
-0
-0
17.4422
-0
-0
-0
-0
-0
9.4114
11.7967
-0
23.2652
-0
-0
12.7877
8.31489
-0
-0
-0
23.9787
-0
-0
-0
21.5858
-0
-0
-0
5.84685
-0
-0
-0
-0
-0
-0
15.5881
7.53891
-0
7.7149
-0
-0
-0
-0
-0
-0
-0
-0
-0
-0
-0
-0
-0
17.8999
4.83476
-0
5.96334
3.51754
-0
-0
-0
-0
15.6484
-0
-0
-0
-0
-0
9.38952
28.4244
-0
28.5471
-0
-0
6.32785
-0
-0
-0
2.47075
-0
7.23899
1.56948
-0
-0
-0
-0
-0
-0
5.03515
-0
35.3177
31.1825
1.27832
30.2173
1.17348
-0
28.2586
-0
-0
-0
-0
-0
19.155
-0
2.35409
-0
20.6011
1.20912
1.15589
-0
25.4644
-0
-0
-0
25.4117
34.5565
-0
-0
-0
12.3363
-0
28.7851
-0
-0
-0
-0
-0
18.3165
-0
-0
-0
-0
-0
4.42884
21.2154
15.8932
-0
-0
-0
-0
-0
-0
-0
-0
-0
-0
25.8967
-0
45.8693
-0
-0
-0
-0
-0
-0
-0
46.9346
-0
3.32719
7.10673
-0
-0
-0
2.17337
0.729642
41.1367
-0
-0
-0
-0
-0
-0
-0
-0
-0
-0
9.40218
-0
21.1797
-0
-0
-0
-0
-0
16.2555
-0
-0
-0
15.615
-0
-0
-0
2.70317
8.07679
-0
-0
-0
-0
-0
11.4386
-0
5.80347
27.6005
-0
22.5334
-0
-0
6.13014
14.0639
-0
-0
-0
-0
-0
7.86025
-0
10.5695
-0
-0
7.32489
55.8227
5.00406
-0
-0
-0
-0
-0
30.7611
-0
4.96672
-0
-0
-0
9.13258
17.8205
-0
-0
-0
14.9499
-0
14.0905
0.454926
-0
-0
-0
19.8415
12.7728
9.30844
-0
13.9139
-0
-0
-0
-0
-0
-0
-0
-0
-0
-0
-0
-0
-0
-0
0.875367
-0
-0
26.3316
-0
-0
-0
-0
-0
-0
-0
-0
-0
-0
4.86643
6.58785
-0
25.1948
-0
-0
9.86646
-0
-0
8.30521
-0
5.35206
8.43024
-0
-0
-0
14.0065
-0
-0
-0
-0
-0
8.9269
5.14923
-0
-0
-0
-0
-0
-0
-0
-0
-0
-0
6.79449
14.6317
13.65
-0
-0
2.434
-0
-0
-0
-0
11.8509
-0
12.1294
14.6591
4.93198
-0
-0
-0
-0
-0
-0
-0
41.3061
7.34715
-0
-0
-0
-0
-0
-0
-0
21.9765
-0
-0
-0
4.90872
-0
-0
-0
-0
-0
-0
-0
-0
-0
-0
-0
-0
-0
0.327794
-0
-0
-0
3.35634
-0
9.305
-0
-0
-0
-0
-0
0.332743
-0
30.0677
-0
36.3336
-0
-0
-0
-0
48.7777
-0
37.1416
-0
14.7511
-0
-0
-0
-0
-0
-0
4.37688
-0
17.3761
-0
-0
3.3298
-0
-0
-0
38.061
-0
-0
8.55464
-0
3.53609
-0
-0
3.58973
-0
-0
-0
-0
-0
20.385
-0
-0
0.596492
-0
-0
-0
-0
14.3147
-0
4.05812
2.42606
-0
-0
10.2209
-0
-0
-0
-0
-0
-0
-0
-0
17.7081
-0
-0
-0
24.8834
-0
-0
21.3164
-0
-0
-0
35.4911
35.8512
-0
35.3007
-0
-0
-0
-0
-0
-0
-0
-0
7.7654
-0
24.0025
-0
-0
19.0887
-0
-0
-0
-0
8.32786
-0
-0
-0
-0
-0
-0
19.8384
-0
-0
-0
1.53324
18.1218
-0
-0
-0
-0
-0
-0
-0
-0
-0
-0
-0
10.3995
-0
4.68103
-0
21.3906
-0
-0
-0
31.2521
-0
-0
-0
-0
-0
-0
11.9482
3.3694
-0
-0
-0
11.891
-0
-0
-0
7.45315
-0
-0
-0
-0
-0
0.527217
-0
-0
-0
-0
-0
54.449
-0
-0
-0
-0
-0
4.77592
23.6611
-0
-0
-0
-0
3.67753
-0
-0
-0
-0
6.60601
-0
14.9806
-0
0.110451
-0
-0
-0
49.7689
-0
12.4633
2.84242
-0
-0
-0
-0
-0
-0
-0
-0
-0
22.9925
-0
-0
-0
-0
-0
18.6593
20.4962
-0
17.4169
35.5954
-0
-0
-0
-0
-0
-0
5.17166
63.432
-0
-0
-0
-0
-0
-0
40.4291
-0
-0
-0
-0
-0
-0
-0
-0
-0
-0
-0
-0
-0
-0
-0
25.3853
-0
-0
-0
-0
-0
-0
-0
-0
-0
19.9378
3.01763
-0
8.99365
-0
-0
6.53783
-0
-0
25.2173
-0
-0
21.4161
-0
-0
-0
7.42883
0.502333
-0
-0
-0
37.1211
5.23155
-0
2.06351
-0
-0
-0
-0
10.4218
-0
19.3703
9.81504
3.66801
28.7408
-0
-0
7.09713
21.8353
-0
-0
18.2641
-0
-0
-0
-0
-0
-0
16.1753
-0
-0
-0
-0
11.7065
-0
-0
22.8897
-0
-0
-0
-0
27.8192
-0
15.3183
-0
3.16323
9.52773
-0
-0
-0
-0
-0
-0
-0
-0
-0
-0
-0
-0
5.02428
21.4684
-0
10.6745
-0
-0
31.4698
-0
-0
58.5009
-0
-0
18.4033
-0
-0
-0
25.2242
-0
-0
44.4892
-0
-0
3.67035
8.76638
-0
6.57198
-0
8.03937
-0
-0
-0
-0
-0
12.485
-0
-0
-0
-0
0.22948
-0
-0
-0
-0
-0
-0
13.6026
-0
-0
-0
-0
-0
-0
-0
46.5589
-0
25.8147
-0
-0
10.4047
0.0443988
-0
-0
-0
-0
-0
-0
-0
-0
9.24311
-0
-0
6.66136
-0
31.5235
20.1557
-0
-0
-0
-0
-0
-0
-0
19.0998
22.8633
-0
20.703
-0
-0
10.5723
-0
-0
0.514288
-0
-0
-0
-0
-0
-0
-0
-0
-0
-0
-0
-0
-0
-0
-0
-0
-0
-0
-0
14.4193
-0
-0
-0
-0
-0
1.73069
-0
-0
-0
-0
-0
8.44068
3.70209
-0
1.30993
-0
12.925
-0
-0
-0
-0
-0
-0
-0
1.69381
-0
-0
-0
12.0275
-0
-0
24.4725
-0
-0
-0
-0
-0
-0
6.41666
-0
-0
-0
-0
-0
-0
-0
-0
-0
4.32074
0.752416
15.0982
1.53302
-0
12.9772
17.6963
-0
-0
-0
-0
-0
-0
8.1123
-0
-0
-0
-0
-0
16.4077
-0
37.9693
-0
10.7114
30.115
-0
21.9025
11.5873
-0
-0
25.3073
40.6286
-0
-0
-0
7.15415
-0
15.86
-0
-0
-0
4.71799
-0
-0
-0
9.57457
-0
-0
-0
-0
-0
4.592
-0
4.82769
-0
36.7061
-0
28.7018
-0
4.94674
-0
-0
17.4154
-0
-0
-0
-0
-0
-0
3.54833
35.7605
-0
11.3353
-0
17.5307
-0
25.4964
-0
-0
13.6442
-0
-0
-0
-0
15.1223
-0
-0
-0
-0
-0
-0
-0
-0
34.4563
-0
32.1376
-0
4.05249
-0
-0
-0
-0
25.9416
-0
18.8244
-0
15.3481
10.2425
29.3798
-0
11.7773
-0
-0
-0
49.0057
-0
-0
-0
-0
-0
-0
15.8109
-0
-0
33.6935
-0
-0
-0
-0
7.35448
-0
-0
-0
-0
6.0778
-0
-0
3.01076
-0
43.189
14.9723
-0
-0
5.28905
-0
-0
12.6975
-0
-0
0.657511
-0
24.7966
-0
-0
-0
-0
-0
-0
-0
20.4305
-0
-0
-0
-0
-0
-0
-0
-0
-0
26.8681
15.3483
-0
-0
-0
-0
-0
-0
-0
-0
-0
23.2196
-0
-0
27.9692
11.2629
-0
7.18074
25.0035
2.11256
-0
24.3276
-0
28.0826
-0
-0
28.7297
-0
-0
-0
-0
4.79445
-0
-0
-0
-0
-0
-0
15.9196
-0
-0
-0
25.1871
-0
-0
-0
-0
19.6622
-0
18.7633
2.21624
-0
-0
0.326053
45.1836
-0
-0
-0
-0
-0
-0
-0
-0
-0
-0
-0
-0
-0
-0
20.3686
-0
12.4332
-0
1.61705
-0
-0
-0
-0
-0
-0
-0
-0
-0
-0
5.12358
-0
-0
0.803867
-0
39.3232
-0
20.3644
-0
-0
-0
-0
-0
-0
30.878
2.28422
-0
-0
-0
-0
-0
-0
-0
-0
33.7503
-0
-0
-0
51.087
7.42062
-0
-0
-0
-0
10.6288
-0
-0
23.3058
1.62155
1.68476
45.4016
-0
-0
-0
42.1887
-0
-0
-0
-0
-0
-0
-0
-0
-0
-0
-0
-0
9.83114
-0
-0
-0
-0
-0
-0
-0
-0
-0
-0
-0
8.05742
12.2929
-0
-0
-0
-0
-0
-0
4.69931
-0
14.6622
-0
-0
4.83679
21.1829
-0
18.8904
12.9062
-0
-0
-0
-0
60.6948
-0
21.4185
16.7438
-0
-0
7.08819
-0
-0
-0
-0
-0
8.31923
-0
-0
-0
4.11581
-0
-0
-0
-0
-0
-0
-0
-0
11.3167
-0
-0
-0
-0
24.0249
-0
2.67341
-0
-0
-0
-0
-0
23.7408
-0
-0
-0
14.0087
-0
-0
-0
3.33755
-0
16.7701
-0
13.7735
-0
-0
7.95714
5.25447
-0
10.8975
-0
-0
-0
16.4524
-0
-0
9.1031
-0
-0
8.72024
-0
-0
-0
-0
-0
2.79743
-0
-0
-0
-0
-0
15.6731
5.65787
-0
-0
-0
-0
-0
-0
-0
-0
19.7535
-0
-0
-0
-0
-0
-0
-0
-0
-0
-0
-0
-0
20.7189
19.3061
-0
-0
19.4551
1.05111
-0
-0
19.2398
18.0382
-0
-0
4.16045
-0
-0
-0
-0
-0
-0
-0
-0
-0
18.3173
32.2348
-0
-0
-0
-0
-0
10.1361
-0
-0
-0
-0
-0
-0
-0
-0
-0
-0
-0
1.46609
-0
-0
-0
-0
4.9316
9.58878
3.37078
-0
-0
-0
-0
-0
7.98846
3.23163
48.4159
-0
-0
-0
-0
-0
-0
-0
-0
28.966
22.1975
-0
20.0125
-0
55.4993
-0
6.53426
-0
-0
-0
-0
-0
-0
10.1496
-0
-0
-0
-0
10.6509
-0
-0
-0
5.92225
8.14451
0.995984
-0
-0
11.2075
-0
-0
-0
11.0809
-0
23.8576
-0
-0
-0
-0
-0
-0
-0
-0
-0
10.9083
-0
-0
-0
-0
8.39849
23.9725
-0
-0
17.3044
-0
-0
-0
-0
-0
11.4065
-0
-0
-0
4.09521
-0
-0
0.277309
-0
-0
-0
33.0805
-0
-0
-0
-0
2.91195
22.1025
-0
-0
-0
27.7259
43.7665
3.74456
-0
-0
-0
-0
7.64917
-0
21.6848
-0
-0
15.5724
2.39233
-0
-0
11.4009
-0
-0
-0
-0
-0
-0
21.9242
-0
-0
26.6426
-0
-0
-0
-0
-0
-0
-0
0.730327
-0
-0
-0
-0
-0
19.2035
-0
-0
-0
-0
-0
-0
-0
-0
24.0705
-0
-0
-0
-0
24.8731
21.2159
0.0409293
-0
-0
-0
-0
-0
18.1648
35.9333
-0
-0
4.07978
-0
-0
-0
-0
15.9478
1.20058
-0
15.1468
4.86296
-0
41.1351
-0
-0
57.1125
-0
-0
-0
-0
-0
-0
-0
32.7812
15.9884
8.85031
1.10243
-0
15.7121
-0
-0
4.19885
-0
-0
-0
-0
31.7159
-0
-0
-0
-0
-0
-0
-0
-0
6.1298
-0
-0
3.89941
2.21766
-0
-0
-0
-0
-0
10.1041
5.78643
-0
-0
1.21262
16.5367
53.1615
-0
18.2244
-0
-0
-0
-0
-0
-0
16.8143
-0
-0
-0
-0
-0
-0
-0
36.4339
-0
2.08772
-0
-0
-0
7.92196
35.2025
33.845
-0
-0
-0
-0
-0
10.5484
-0
-0
-0
-0
-0
-0
-0
-0
5.12208
-0
-0
-0
49.8223
-0
-0
-0
-0
30.301
-0
20.3156
-0
-0
-0
40.604
11.4181
-0
-0
-0
-0
-0
-0
-0
-0
21.1175
-0
-0
-0
-0
38.5743
1.08543
-0
-0
-0
-0
-0
-0
-0
-0
0.064926
-0
-0
-0
-0
-0
-0
3.36274
-0
-0
-0
-0
-0
-0
-0
-0
-0
18.1121
-0
-0
15.2568
-0
-0
-0
-0
2.16191
-0
-0
18.8333
-0
18.2609
-0
1.20234
2.67384
9.85585
-0
-0
-0
27.5995
-0
-0
-0
-0
-0
-0
9.23689
9.47148
32.7928
0.81583
-0
2.66452
-0
-0
31.8894
13.251
4.68107
-0
13.5185
-0
20.7458
-0
-0
-0
-0
-0
-0
-0
-0
-0
-0
-0
-0
-0
-0
-0
-0
-0
-0
-0
-0
-0
60.169
26.0231
37.4601
8.80238
-0
-0
-0
-0
-0
-0
19.6695
6.58842
-0
-0
28.7485
22.7099
-0
-0
-0
-0
30.7131
-0
-0
-0
-0
-0
-0
-0
-0
-0
-0
-0
4.51569
-0
5.48551
-0
-0
-0
-0
-0
1.13852
-0
12.2049
-0
2.96269
-0
-0
33.2107
-0
-0
50.3996
41.6692
-0
-0
22.3296
-0
-0
-0
-0
-0
16.5936
-0
-0
10.7339
5.54943
16.3991
24.582
-0
-0
3.54991
-0
-0
-0
-0
-0
-0
-0
-0
-0
-0
-0
3.54169
-0
37.9908
-0
-0
-0
-0
-0
40.6902
8.30785
2.02735
-0
-0
-0
-0
-0
-0
-0
-0
-0
-0
-0
-0
-0
14.7426
-0
-0
-0
11.9534
-0
-0
-0
-0
35.7139
-0
-0
-0
-0
-0
-0
-0
21.6717
-0
0.489416
29.5557
-0
26.8639
-0
-0
-0
55.8267
-0
-0
-0
12.5467
-0
13.5772
13.3173
-0
