-0
-0
-0
-0
-0
23.5463
-0
-0
-0
-0
6.37443
-0
-0
-0
-0
9.94435
-0
2.35849
-0
-0
-0
3.82615
-0
10.7272
-0
-0
-0
2.56413
-0
-0
-0
-0
-0
-0
4.54781
-0
-0
2.7619
-0
-0
-0
-0
-0
-0
-0
24.7469
-0
53.5589
-0
-0
-0
-0
-0
-0
0.0351653
-0
29.9307
1.34508
45.5768
3.46681
-0
-0
18.2706
-0
11.3882
-0
25.8681
-0
-0
-0
-0
-0
-0
-0
-0
2.94329
-0
-0
-0
-0
-0
25.7799
-0
20.7334
-0
-0
-0
7.85093
-0
-0
1.0768
0.214048
-0
-0
-0
-0
-0
-0
-0
-0
8.46235
-0
-0
29.6117
22.9163
-0
-0
-0
-0
16.0255
24.4686
-0
-0
-0
-0
-0
34.4765
-0
20.4529
15.7053
22.1709
-0
3.47822
-0
8.82277
-0
15.7178
-0
-0
-0
-0
-0
-0
-0
-0
5.26085
14.4185
-0
-0
19.8247
3.85249
-0
-0
-0
17.4659
-0
-0
7.18573
-0
-0
-0
-0
-0
-0
-0
-0
47.5813
0.779277
-0
0.677023
-0
0.152724
-0
23.8736
25.2862
-0
-0
9.93225
-0
19.5142
-0
1.56327
-0
-0
12.4248
-0
-0
-0
-0
3.45696
-0
-0
1.97464
-0
-0
3.39395
-0
-0
-0
-0
-0
17.9055
23.6106
-0
0.739306
-0
-0
-0
28.3498
-0
-0
-0
16.8428
-0
-0
-0
-0
-0
3.65672
-0
12.2929
-0
24.4859
-0
1.0753
-0
12.3778
0.35607
-0
-0
-0
-0
14.2138
-0
-0
3.92264
-0
-0
-0
-0
-0
-0
-0
-0
-0
-0
-0
-0
-0
-0
-0
-0
-0
-0
-0
-0
14.5278
-0
-0
-0
-0
-0
-0
-0
6.18553
-0
-0
6.90635
25.0273
-0
-0
-0
-0
11.9274
-0
-0
-0
-0
-0
-0
-0
-0
-0
37.9675
-0
-0
-0
-0
-0
-0
-0
2.67617
-0
-0
-0
-0
-0
12.5392
-0
-0
-0
1.88095
-0
-0
17.7387
-0
-0
-0
-0
8.19074
-0
-0
0.453112
-0
3.74249
10.3352
-0
-0
24.6094
-0
36.0544
15.1703
-0
-0
-0
0.482617
-0
-0
-0
-0
-0
-0
0.962956
13.8176
36.1086
-0
-0
-0
-0
9.22227
-0
-0
4.37523
8.78435
-0
0.0260771
-0
9.96393
-0
-0
-0
11.0144
-0
-0
-0
35.6435
37.1967
-0
-0
-0
9.07733
-0
-0
-0
1.91486
-0
-0
-0
-0
-0
-0
-0
-0
34.9812
26.1063
0.306477
-0
-0
-0
-0
-0
-0
0.513121
4.10935
-0
-0
-0
-0
-0
-0
-0
-0
-0
-0
-0
-0
4.31917
-0
-0
-0
2.72092
-0
-0
-0
-0
0.7806
-0
11.3908
-0
-0
12.5346
12.429
-0
-0
20.2084
2.08372
-0
2.0319
26.4788
-0
-0
-0
-0
-0
23.048
3.42254
-0
-0
-0
-0
-0
-0
-0
-0
-0
-0
-0
12.075
-0
35.5293
-0
-0
17.9656
-0
21.6601
-0
-0
-0
-0
-0
-0
-0
38.3392
-0
-0
-0
-0
-0
-0
-0
-0
-0
-0
-0
40.0525
11.5931
-0
-0
-0
-0
-0
-0
23.9018
-0
-0
-0
12.5205
-0
-0
-0
-0
-0
-0
-0
-0
-0
13.2179
-0
-0
-0
4.58898
-0
8.88387
45.4898
-0
0.19819
-0
-0
-0
5.00602
-0
-0
12.805
-0
8.44012
14.8384
-0
-0
0.635144
-0
-0
-0
-0
12.3686
-0
-0
-0
16.7403
-0
-0
-0
-0
-0
10.6943
-0
14.9689
8.80905
-0
0.720913
-0
5.2761
1.08538
-0
23.6809
-0
-0
-0
25.0528
-0
-0
-0
-0
-0
-0
17.707
-0
26.721
6.95068
2.90808
-0
-0
-0
-0
-0
-0
-0
4.63441
-0
-0
-0
-0
-0
10.9023
-0
7.4089
-0
2.55623
11.3548
23.5255
-0
-0
-0
4.19539
-0
-0
-0
-0
-0
-0
-0
-0
2.64435
3.40712
15.4659
-0
-0
-0
-0
16.304
7.35388
-0
-0
-0
-0
17.344
12.4749
-0
3.74034
-0
11.3519
-0
-0
7.7362
-0
-0
-0
14.3005
7.69086
16.1134
17.2546
11.7852
-0
-0
-0
-0
-0
-0
-0
-0
5.98964
-0
-0
3.72655
-0
-0
-0
22.2514
-0
4.72477
-0
-0
-0
-0
-0
-0
-0
-0
-0
-0
-0
-0
-0
-0
-0
-0
-0
-0
-0
23.137
-0
5.92511
-0
-0
-0
-0
5.29798
1.3603
-0
-0
-0
-0
-0
3.33902
-0
0.0125345
-0
-0
-0
-0
-0
16.7639
-0
-0
27.5617
-0
-0
-0
-0
-0
-0
-0
-0
0.20988
-0
-0
4.84676
-0
5.80414
-0
-0
-0
-0
0.182747
-0
-0
13.3268
-0
-0
-0
-0
-0
-0
-0
-0
-0
-0
-0
-0
-0
-0
2.7009
-0
-0
-0
0.10427
-0
-0
-0
-0
-0
-0
-0
-0
-0
-0
-0
32.2575
-0
-0
5.18382
13.9914
19.637
3.2456
-0
25.0897
-0
-0
-0
7.23979
37.2272
-0
-0
-0
14.6541
-0
-0
-0
1.77082
-0
-0
-0
-0
16.441
-0
-0
19.3666
-0
-0
-0
8.5807
-0
-0
-0
-0
3.04961
-0
3.99407
14.4162
58.8908
-0
-0
-0
-0
3.22395
-0
5.46219
35.1171
-0
-0
-0
-0
-0
-0
0.897374
-0
-0
-0
-0
-0
16.8339
-0
-0
-0
-0
9.36203
-0
31.942
28.3247
-0
19.4864
-0
-0
-0
-0
9.82657
-0
13.4207
-0
-0
-0
-0
-0
4.1744
-0
-0
41.9032
-0
-0
-0
9.16706
-0
-0
-0
-0
-0
12.982
-0
-0
-0
-0
-0
-0
8.25657
-0
-0
-0
-0
8.38242
22.8661
-0
32.4133
-0
-0
-0
-0
-0
-0
35.6579
-0
-0
-0
-0
-0
11.2256
4.82977
41.8444
3.81818
-0
13.2713
15.5917
-0
-0
-0
1.91458
-0
29.9077
1.95397
-0
-0
7.82121
-0
-0
-0
9.82449
-0
-0
4.16929
-0
-0
-0
-0
-0
-0
9.95495
1.99534
-0
-0
-0
-0
-0
2.96615
-0
-0
14.6181
-0
-0
15.6784
-0
-0
12.6473
-0
-0
-0
-0
-0
2.41045
10.0873
-0
-0
16.7399
-0
17.0869
-0
-0
16.0613
27.083
6.5881
-0
-0
-0
28.859
38.407
-0
-0
-0
-0
-0
-0
1.67573
9.98676
-0
-0
-0
-0
20.4956
-0
12.7195
-0
-0
-0
-0
-0
-0
25.1731
-0
13.3695
-0
3.69396
-0
-0
-0
-0
-0
5.63927
11.9404
-0
-0
9.7115
-0
-0
-0
-0
-0
-0
40.8828
12.9577
0.0521931
1.13203
-0
-0
-0
-0
2.73419
19.5589
-0
-0
-0
-0
-0
10.7406
-0
1.55937
-0
39.4787
-0
2.51675
-0
20.9557
0.451398
-0
-0
-0
-0
-0
-0
-0
-0
-0
-0
-0
-0
-0
-0
-0
-0
20.7704
-0
12.0878
-0
9.9734
-0
9.18784
2.32263
-0
-0
17.4242
-0
-0
-0
2.25395
-0
-0
-0
-0
19.6493
5.41236
-0
-0
-0
-0
8.11603
-0
-0
-0
15.8811
5.54494
-0
-0
-0
-0
-0
1.71151
-0
-0
-0
-0
-0
-0
45.6984
2.18542
9.20195
-0
-0
-0
-0
1.50965
-0
40.9363
3.09705
-0
2.53415
-0
3.40509
-0
9.61706
-0
-0
-0
-0
-0
-0
-0
23.688
-0
-0
25.5068
-0
3.14591
-0
-0
-0
-0
-0
9.40179
44.3399
4.79161
-0
-0
-0
-0
-0
-0
13.2272
-0
-0
-0
-0
26.6256
4.12629
-0
19.558
-0
27.2302
-0
0.709183
-0
-0
-0
-0
-0
-0
-0
18.7538
-0
-0
0.790894
-0
-0
-0
-0
-0
9.62507
-0
11.7292
-0
-0
-0
6.81947
20.2688
-0
-0
-0
-0
17.8534
40.0539
-0
1.18493
-0
-0
-0
-0
-0
14.2871
2.26145
-0
-0
-0
-0
-0
0.825487
-0
11.4784
-0
-0
21.0997
11.6903
-0
-0
-0
11.1352
13.8392
-0
-0
-0
-0
20.3672
-0
-0
-0
-0
-0
-0
-0
-0
-0
-0
-0
28.9251
-0
-0
-0
15.5639
28.3212
8.64329
-0
-0
0.286088
7.25212
23.383
-0
-0
2.03107
-0
22.6468
-0
-0
5.09565
-0
-0
-0
-0
-0
-0
-0
-0
-0
1.92747
18.2052
-0
18.2997
-0
-0
-0
-0
-0
-0
-0
30.3516
-0
4.60102
-0
-0
15.8497
-0
-0
23.7121
-0
-0
13.6766
-0
2.47913
-0
-0
-0
-0
-0
-0
9.45516
8.80236
6.62545
-0
16.8183
-0
-0
22.7627
7.85238
-0
-0
4.02491
-0
19.8062
12.0881
-0
23.7993
-0
-0
0.743371
-0
-0
11.047
-0
3.83479
-0
20.8172
6.7862
11.9459
-0
-0
10.1842
-0
-0
-0
-0
-0
-0
-0
-0
-0
-0
8.57448
-0
-0
-0
-0
-0
-0
17.4227
-0
16.435
-0
-0
-0
8.95956
-0
-0
1.17123
-0
-0
-0
-0
-0
-0
-0
11.9876
17.7403
6.57426
-0
-0
18.0748
-0
12.0135
-0
-0
-0
2.58006
-0
1.93515
19.0572
-0
8.84647
-0
-0
-0
-0
31.2404
-0
-0
22.4536
-0
23.0439
-0
-0
25.5936
-0
0.942829
-0
-0
-0
10.351
-0
-0
2.07322
11.5258
-0
0.121541
0.599231
-0
-0
-0
-0
1.49463
0.413025
3.08761
-0
5.67872
-0
42.3355
0.314084
-0
-0
-0
22.2695
-0
3.00071
-0
-0
-0
-0
-0
19.1612
-0
-0
-0
-0
-0
-0
-0
-0
-0
2.49528
-0
-0
-0
-0
-0
-0
-0
-0
-0
-0
-0
-0
-0
-0
14.6149
-0
-0
18.2282
-0
-0
-0
-0
10.1373
-0
-0
31.4844
-0
-0
-0
3.51143
-0
-0
-0
-0
-0
-0
-0
-0
1.52978
-0
-0
1.31221
18.7385
-0
5.41153
14.379
-0
1.00747
-0
-0
12.0858
-0
-0
-0
-0
-0
-0
-0
-0
-0
-0
20.0899
5.0044
-0
-0
1.98099
-0
1.18048
-0
-0
-0
-0
0.717177
26.1658
-0
-0
-0
-0
-0
-0
-0
-0
-0
3.09824
-0
26.9706
3.44313
-0
-0
-0
-0
-0
0.995025
-0
4.84006
-0
-0
-0
-0
-0
3.70997
-0
-0
-0
-0
2.29145
-0
-0
-0
0.734911
-0
-0
-0
19.6044
-0
-0
-0
-0
-0
9.66512
-0
-0
-0
13.1302
3.88311
6.0562
-0
-0
6.12038
-0
-0
-0
-0
9.71606
-0
5.38105
15.3221
-0
-0
-0
3.27451
-0
-0
-0
-0
-0
-0
-0
-0
-0
-0
-0
-0
-0
16.8833
-0
-0
-0
-0
-0
26.1801
15.2881
-0
-0
-0
-0
13.8487
0.359155
-0
11.4558
-0
-0
5.70129
22.8088
-0
-0
8.6407
-0
-0
-0
0.565547
-0
-0
-0
-0
6.89131
-0
-0
-0
2.47704
-0
-0
-0
-0
-0
-0
-0
-0
-0
-0
-0
-0
-0
-0
-0
-0
-0
-0
-0
-0
-0
0.0517621
-0
38.0162
-0
-0
2.72884
6.86164
1.58512
-0
-0
4.94864
0.328932
-0
-0
-0
-0
-0
30.4939
1.32001
-0
-0
8.24054
-0
7.25554
-0
-0
-0
-0
24.5207
-0
-0
-0
-0
5.08648
-0
-0
-0
-0
16.8561
-0
6.21513
-0
-0
-0
-0
-0
-0
-0
-0
-0
-0
15.6987
9.50834
-0
-0
35.6584
-0
-0
15.0996
-0
-0
9.93075
-0
2.28992
10.3259
-0
6.98916
-0
-0
18.0657
15.9247
-0
13.3202
-0
14.6169
-0
-0
-0
-0
-0
-0
-0
-0
-0
4.39207
4.62995
-0
0.765153
-0
24.3347
-0
-0
7.19578
-0
-0
-0
-0
-0
-0
17.0326
-0
-0
-0
-0
-0
9.46352
-0
-0
-0
-0
-0
-0
-0
-0
31.3358
-0
8.0935
-0
10.9225
-0
5.28485
17.5419
8.43915
9.29484
-0
-0
9.77465
10.9014
-0
-0
-0
-0
-0
-0
-0
0.0892893
8.49685
45.1255
-0
-0
0.232292
-0
-0
-0
-0
19.6849
-0
-0
-0
-0
-0
3.74789
-0
-0
4.78986
-0
14.8018
-0
-0
1.94579
-0
-0
-0
1.01359
-0
-0
3.93362
4.11175
9.143
-0
-0
-0
-0
-0
-0
-0
16.7032
-0
-0
-0
-0
-0
13.5693
-0
-0
-0
-0
-0
19.7038
-0
-0
-0
-0
0.24157
-0
-0
-0
-0
-0
-0
-0
33.0678
-0
7.41134
-0
24.0999
-0
18.2102
-0
-0
-0
1.22312
-0
30.1082
-0
-0
-0
-0
-0
-0
19.3856
-0
-0
-0
-0
3.06487
-0
-0
-0
-0
-0
-0
-0
-0
-0
-0
-0
-0
-0
5.6519
-0
-0
-0
-0
-0
1.31945
-0
-0
2.46708
-0
-0
-0
-0
-0
-0
-0
-0
-0
-0
22.8023
-0
-0
13.4324
-0
-0
-0
-0
-0
-0
-0
-0
-0
-0
-0
-0
-0
23.5902
-0
-0
10.5083
-0
-0
-0
-0
-0
-0
0.439643
-0
-0
-0
7.40329
31.2214
-0
10.8486
1.34541
-0
-0
-0
-0
6.49627
-0
-0
-0
16.9793
-0
28.3312
-0
-0
-0
27.3822
-0
-0
-0
-0
19.5317
10.4571
-0
-0
10.1345
3.50413
-0
-0
-0
-0
-0
-0
-0
-0
-0
-0
16.0152
-0
-0
7.55229
-0
-0
4.84615
-0
30.4921
-0
15.1144
19.1129
-0
17.9072
12.0266
-0
-0
2.12348
-0
38.3664
-0
-0
-0
-0
-0
-0
-0
-0
-0
-0
-0
-0
-0
2.93585
-0
-0
3.47589
-0
-0
-0
-0
16.6321
-0
-0
-0
-0
2.96779
-0
2.82788
10.6552
-0
-0
22.6905
5.56074
2.70671
-0
-0
10.7548
-0
-0
12.1419
-0
6.20091
5.92077
-0
11.3826
31.6933
-0
23.2248
0.719249
-0
28.1797
18.0084
-0
6.06231
-0
-0
-0
-0
-0
-0
-0
23.5897
-0
-0
2.91048
-0
36.6149
-0
-0
-0
-0
0.754633
-0
35.5594
-0
5.48306
-0
43.5646
0.12675
-0
-0
-0
-0
-0
2.60179
-0
21.3146
-0
-0
-0
0.561086
-0
40.4391
3.9794
-0
-0
-0
15.755
-0
36.4276
-0
-0
-0
-0
-0
-0
6.53478
5.56017
-0
-0
4.61619
-0
-0
13.1221
2.21851
-0
-0
-0
-0
-0
2.79126
-0
-0
-0
0.729456
-0
-0
-0
-0
-0
-0
-0
-0
16.2053
-0
0.509732
-0
10.0375
-0
-0
-0
-0
-0
-0
-0
-0
-0
-0
-0
-0
5.80199
-0
-0
-0
-0
4.41717
0.938117
8.49044
-0
4.74325
-0
-0
-0
-0
-0
-0
35.3157
7.35262
14.9538
-0
-0
-0
-0
-0
-0
-0
19.8305
-0
-0
-0
-0
-0
-0
-0
-0
8.77106
-0
1.97954
-0
-0
-0
-0
27.492
-0
2.39837
-0
8.5955
28.9009
-0
0.887702
31.1761
-0
-0
24.6781
11.9235
-0
40.458
29.5928
-0
29.9069
7.07307
-0
4.46272
-0
-0
-0
-0
-0
-0
-0
-0
6.56357
-0
-0
-0
-0
-0
-0
-0
2.32186
-0
1.19653
0.173406
-0
-0
-0
-0
-0
-0
-0
7.24672
-0
-0
-0
17.0646
25.3223
-0
2.9782
1.54287
-0
-0
-0
-0
-0
-0
-0
-0
-0
19.2131
-0
21.9713
22.528
-0
-0
0.423314
-0
-0
-0
3.19839
1.30308
-0
-0
-0
-0
-0
-0
-0
-0
-0
-0
7.7712
-0
-0
-0
-0
-0
-0
-0
8.11873
-0
-0
7.45782
-0
-0
-0
-0
-0
4.72019
46.2276
-0
-0
-0
-0
20.9678
0.714345
-0
-0
-0
16.7583
-0
-0
-0
26.6696
-0
-0
17.1148
18.1432
-0
15.5921
-0
-0
-0
-0
18.6634
-0
-0
-0
-0
-0
-0
-0
3.1905
-0
-0
-0
-0
-0
-0
-0
-0
30.6928
-0
-0
6.82939
-0
-0
-0
-0
-0
-0
2.80222
-0
-0
-0
-0
7.51521
10.1441
-0
28.3212
-0
-0
-0
-0
-0
-0
2.36988
-0
2.6744
-0
-0
3.88482
-0
-0
-0
-0
6.46223
13.4062
8.48974
22.7318
1.04591
14.204
-0
-0
23.6111
30.564
-0
-0
-0
-0
-0
-0
-0
-0
-0
10.3552
-0
-0
-0
-0
1.43202
-0
-0
15.4656
-0
-0
-0
-0
-0
16.0389
-0
-0
-0
-0
-0
32.6657
-0
-0
-0
-0
-0
-0
0.79781
4.19294
-0
-0
-0
-0
-0
-0
-0
-0
-0
-0
22.3054
-0
38.8803
-0
-0
1.6318
-0
-0
-0
-0
14.4225
-0
2.79744
-0
-0
-0
-0
1.90326
-0
23.7858
-0
-0
-0
19.4352
-0
-0
-0
-0
-0
-0
13.6116
-0
17.9478
-0
-0
-0
16.0385
5.74333
5.89759
-0
-0
-0
11.9714
-0
-0
-0
2.91285
-0
-0
-0
-0
-0
-0
-0
-0
11.5801
26.2816
-0
2.42064
-0
-0
-0
-0
-0
-0
-0
-0
-0
14.9117
-0
17.0684
2.00048
-0
12.5902
57.564
-0
-0
-0
-0
13.2028
-0
13.7255
0.333903
13.0462
-0
-0
-0
11.9052
37.5568
-0
-0
-0
7.94141
-0
1.61039
3.04004
7.96173
-0
-0
38.8827
49.0716
22.3306
-0
-0
-0
-0
-0
-0
-0
-0
-0
-0
-0
-0
-0
-0
-0
-0
2.23219
-0
-0
13.2011
-0
-0
-0
-0
-0
-0
-0
-0
-0
-0
15.666
-0
5.21637
39.8883
-0
-0
7.48832
-0
-0
-0
-0
-0
-0
-0
-0
-0
13.4914
-0
-0
-0
-0
-0
17.9672
6.07639
-0
-0
-0
-0
-0
-0
-0
-0
-0
-0
9.93253
-0
30.154
-0
-0
-0
-0
-0
-0
-0
-0
-0
14.1491
34.3356
24.1061
-0
-0
-0
-0
14.9498
-0
1.52913
14.7944
0.549589
-0
-0
-0
-0
-0
-0
-0
1.18044
-0
-0
-0
-0
-0
-0
-0
-0
-0
13.3228
-0
-0
-0
-0
13.6223
-0
-0
11.4927
-0
-0
-0
15.6417
-0
11.2823
-0
-0
-0
-0
8.44284
-0
-0
-0
-0
6.71319
-0
-0
-0
-0
37.5448
6.98974
34.056
-0
11.4311
7.26558
-0
-0
-0
8.38745
10.3721
1.91657
-0
6.39844
-0
-0
2.37305
14.3664
-0
-0
18.2078
-0
10.8159
19.4259
-0
-0
-0
-0
-0
-0
-0
14.5936
-0
-0
9.19331
-0
-0
-0
-0
-0
-0
-0
-0
-0
-0
20.8638
-0
-0
11.4806
-0
-0
-0
0.498168
-0
26.2973
-0
-0
12.2247
-0
-0
-0
26.6558
-0
-0
19.2053
-0
-0
-0
12.5604
-0
-0
38.6875
-0
-0
-0
-0
-0
-0
-0
-0
10.1274
-0
8.97436
-0
8.50208
24.1924
-0
-0
-0
-0
16.933
-0
-0
-0
-0
3.98977
-0
-0
17.2603
-0
-0
-0
25.2426
-0
-0
-0
-0
-0
0.874029
-0
-0
-0
-0
13.2973
20.6976
-0
15.8638
1.43804
13.7798
15.6209
19.7384
-0
-0
-0
-0
-0
-0
-0
-0
14.8085
6.80478
-0
-0
-0
6.69392
-0
-0
-0
0.532884
-0
-0
-0
-0
-0
3.20349
-0
-0
-0
-0
-0
-0
-0
2.72432
-0
-0
-0
-0
7.63583
-0
-0
-0
-0
14.7231
-0
-0
11.9427
-0
-0
-0
20.3389
-0
2.07954
-0
-0
-0
10.1202
-0
4.41955
-0
-0
-0
-0
-0
-0
-0
7.2984
-0
-0
13.1318
-0
-0
-0
12.2974
-0
5.40587
5.71009
-0
-0
8.29307
-0
3.39998
-0
-0
-0
-0
21.361
4.51163
-0
-0
-0
2.81858
-0
-0
-0
-0
-0
4.13557
-0
-0
-0
-0
-0
-0
-0
-0
-0
-0
-0
-0
4.42562
19.4054
-0
-0
-0
-0
-0
-0
-0
-0
12.6822
-0
10.8421
2.86203
-0
12.7323
-0
-0
-0
19.735
-0
10.2081
11.8087
-0
-0
19.08
14.053
7.08777
-0
-0
-0
34.7495
11.9278
-0
-0
-0
-0
12.407
-0
24.695
-0
11.614
-0
-0
41.4053
-0
-0
-0
-0
-0
3.24455
10.7804
5.33497
-0
10.8936
-0
-0
-0
28.011
-0
-0
-0
-0
6.18044
-0
2.61789
6.13507
16.0942
13.7106
-0
-0
13.3329
-0
-0
-0
-0
11.2753
-0
-0
-0
-0
-0
-0
-0
-0
-0
-0
-0
-0
5.71752
8.45265
-0
-0
-0
-0
31.4383
-0
-0
32.4595
-0
-0
-0
-0
-0
-0
32.3981
-0
-0
33.9532
-0
-0
-0
-0
11.5424
1.14583
-0
20.9943
-0
4.1776
-0
-0
-0
-0
-0
-0
-0
-0
-0
1.91945
-0
-0
-0
-0
-0
7.66058
-0
-0
-0
-0
-0
-0
-0
52.1631
-0
10.2678
-0
-0
13.5897
-0
-0
-0
-0
-0
-0
-0
-0
-0
-0
-0
-0
1.51124
-0
19.1555
34.8187
-0
-0
-0
-0
-0
-0
2.80396
-0
2.12998
-0
-0
-0
6.41328
-0
-0
-0
-0
-0
-0
-0
-0
-0
-0
-0
-0
-0
-0
-0
10.0171
-0
-0
-0
2.36423
-0
-0
0.00452508
-0
-0
-0
-0
-0
-0
-0
-0
2.79017
-0
-0
-0
-0
-0
-0
-0
-0
-0
-0
-0
-0
-0
-0
-0
-0
-0
-0
-0
-0
14.7916
-0
-0
8.75513
-0
-0
-0
-0
-0
-0
-0
-0
-0
-0
-0
-0
6.11949
-0
-0
-0
0.575947
-0
-0
-0
-0
18.9069
3.17295
4.43492
-0
-0
-0
-0
-0
29.3629
-0
-0
-0
-0
-0
2.47734
-0
11.7355
-0
2.17067
-0
-0
14.3975
-0
-0
-0
15.1672
40.1206
-0
-0
-0
-0
-0
9.93117
-0
-0
-0
4.21758
-0
-0
-0
12.8116
-0
-0
-0
-0
-0
11.4328
-0
7.59676
-0
3.31619
24.2051
38.829
-0
2.90961
-0
-0
6.95507
-0
-0
-0
-0
-0
-0
-0
5.03146
-0
5.96259
-0
18.1511
11.8261
-0
-0
-0
4.82334
0.888189
-0
-0
-0
12.4748
-0
-0
-0
12.2643
-0
-0
-0
-0
31.7372
-0
13.2114
-0
4.03184
-0
-0
-0
-0
4.7719
-0
4.75442
-0
-0
10.6447
27.9932
0.880869
0.262079
-0
-0
-0
13.8052
-0
-0
15.8132
2.21056
-0
-0
-0
-0
-0
25.7659
-0
-0
-0
-0
23.6342
-0
-0
-0
-0
-0
-0
-0
-0
-0
28.1012
32.7157
-0
-0
11.0318
-0
-0
-0
-0
-0
0.5092
-0
1.7341
-0
-0
-0
-0
-0
-0
-0
12.3326
-0
-0
-0
6.35877
-0
-0
-0
-0
-0
16.5004
-0
-0
-0
-0
-0
-0
-0
-0
0.656318
-0
19.7776
-0
-0
15.5217
5.41392
-0
-0
15.2216
-0
-0
10.7868
-0
43.8348
-0
-0
21.806
-0
-0
-0
-0
17.0083
-0
-0
-0
-0
-0
-0
-0
-0
1.24469
-0
7.14776
-0
-0
-0
-0
12.2676
-0
-0
3.76511
-0
12.9115
-0
26.2702
-0
-0
-0
-0
7.78519
-0
-0
-0
-0
-0
-0
-0
-0
-0
10.5378
-0
-0
-0
11.9839
-0
-0
-0
-0
-0
-0
-0
0.402512
-0
-0
1.98555
-0
-0
-0
-0
16.237
3.6286
-0
-0
-0
-0
-0
-0
-0
15.1978
-0
0.975384
-0
-0
-0
-0
-0
-0
4.1386
-0
-0
-0
-0
8.88546
-0
-0
-0
-0
-0
-0
-0
-0
20.9696
-0
-0
2.08718
-0
-0
-0
15.8114
-0
-0
-0
-0
-0
-0
-0
-0
-0
-0
-0
-0
-0
-0
-0
8.71072
-0
-0
-0
-0
-0
-0
-0
-0
21.5356
0.643757
-0
-0
-0
-0
-0
-0
15.9626
-0
11.0485
-0
-0
-0
21.9085
-0
5.72095
18.3091
-0
-0
-0
-0
31.0014
-0
23.7434
-0
-0
-0
13.4745
0.555808
-0
7.22073
-0
-0
11.0388
-0
13.4626
-0
18.0349
-0
-0
-0
-0
-0
-0
6.66549
-0
-0
-0
-0
-0
-0
12.8465
-0
17.2578
-0
-0
-0
-0
-0
37.764
-0
-0
-0
18.1944
-0
-0
-0
-0
-0
8.26084
1.39584
17.8349
-0
-0
-0
16.9407
-0
5.6394
-0
-0
-0
7.70122
-0
-0
2.45159
-0
-0
-0
-0
-0
-0
-0
-0
-0
-0
11.8107
-0
-0
-0
-0
16.9213
-0
-0
-0
-0
-0
-0
-0
-0
4.00072
-0
-0
-0
-0
-0
-0
1.49879
-0
-0
-0
-0
-0
-0
-0
-0
-0
7.01996
-0
-0
-0
-0
18.6399
-0
13.3569
-0
-0
-0
-0
-0
-0
-0
-0
-0
-0
10.1397
21.1055
-0
-0
-0
-0
12.6536
5.18917
-0
-0
-0
-0
-0
-0
-0
-0
-0
-0
5.46013
12.3317
8.72156
-0
12.6628
-0
-0
11.0986
47.621
-0
-0
-0
-0
10.7991
6.13482
6.46534
33.9326
-0
-0
-0
-0
-0
-0
-0
-0
1.72908
22.7897
-0
36.7575
-0
40.5745
-0
-0
-0
-0
-0
-0
-0
4.47176
2.76338
-0
-0
-0
-0
-0
-0
-0
-0
-0
1.89222
10.2814
-0
3.59813
-0
-0
-0
-0
-0
-0
8.35515
-0
-0
-0
3.40316
2.52146
-0
-0
-0
-0
12.3509
-0
-0
-0
-0
-0
6.05077
-0
-0
23.9665
-0
-0
-0
-0
-0
-0
-0
-0
0.335053
31.2636
-0
-0
-0
-0
-0
-0
28.7902
-0
-0
-0
-0
14.8579
-0
17.4855
-0
-0
17.1297
35.3488
9.64202
-0
-0
-0
-0
23.8766
0.148017
15.8087
-0
1.41204
27.044
5.928
-0
17.7034
-0
2.94816
-0
-0
-0
-0
-0
20.8701
-0
-0
-0
-0
3.28252
-0
-0
-0
-0
-0
-0
-0
-0
-0
-0
-0
11.2392
-0
-0
-0
-0
-0
-0
-0
-0
1.93493
-0
-0
-0
-0
26.2604
15.1809
-0
-0
-0
-0
-0
0.210037
-0
14.1313
-0
-0
-0
-0
9.15341
-0
-0
11.5123
-0
-0
15.1556
-0
-0
17.6761
-0
-0
31.8335
-0
-0
3.46949
-0
-0
-0
-0
-0
-0
-0
-0
-0
23.289
-0
-0
7.08777
-0
-0
1.12425
-0
25.9683
-0
-0
13.7381
-0
14.4949
-0
-0
-0
-0
-0
-0
-0
16.195
16.4197
-0
-0
-0
-0
10.2667
-0
-0
-0
-0
20.8428
45.2748
5.98895
23.4894
-0
9.97113
-0
-0
-0
-0
13.7879
-0
0.931496
-0
-0
-0
-0
-0
18.0851
-0
-0
-0
12.4772
-0
1.62805
10.5514
29.5639
-0
-0
-0
-0
-0
-0
-0
-0
-0
-0
-0
-0
-0
-0
10.39
-0
-0
-0
-0
-0
-0
-0
-0
22.828
-0
12.0842
-0
-0
-0
-0
15.2185
-0
-0
-0
-0
-0
-0
-0
-0
2.65926
-0
-0
-0
-0
30.65
-0
-0
-0
-0
-0
1.09375
-0
-0
-0
-0
25.8525
-0
-0
-0
-0
-0
9.71052
5.75307
-0
-0
-0
-0
-0
-0
-0
9.70743
1.49547
-0
-0
23.155
-0
-0
-0
-0
6.87533
-0
-0
44.8475
-0
20.4167
-0
-0
12.7546
-0
-0
-0
-0
29.5587
16.8648
-0
-0
-0
-0
-0
27.3798
-0
5.92464
-0
-0
0.668491
-0
-0
7.67296
-0
0.0302848
-0
16.5091
-0
7.59074
1.53686
-0
-0
-0
-0
-0
-0
13.454
4.43476
-0
-0
-0
-0
-0
-0
-0
-0
-0
-0
-0
-0
33.4942
18.9865
29.6938
19.2823
-0
-0
1.92099
-0
-0
-0
11.8894
21.8569
-0
-0
10.6162
1.27906
-0
33.3418
-0
-0
9.27323
-0
-0
-0
-0
-0
-0
-0
-0
-0
-0
-0
7.70502
4.55153
8.14545
-0
-0
-0
13.5499
-0
-0
-0
33.5598
-0
13.0544
-0
-0
22.1306
-0
-0
9.55223
26.2737
-0
10.4091
26.1684
-0
-0
-0
-0
-0
11.8254
-0
-0
15.2548
-0
20.9809
-0
-0
-0
3.88909
15.4849
-0
-0
1.23375
-0
-0
-0
-0
-0
-0
-0
2.40059
-0
10.3367
-0
-0
-0
-0
4.16371
33.8463
19.4334
-0
-0
-0
23.1621
-0
-0
-0
-0
-0
-0
-0
-0
-0
-0
-0
-0
-0
-0
-0
-0
-0
-0
-0
12.2219
-0
-0
-0
-0
-0
-0
15.1105
27.6371
-0
-0
31.3825
-0
32.0698
-0
-0
-0
50.3864
-0
-0
10.1194
-0
5.03327
-0
-0
-0
