-0
-0
-0
-0
-0
40.5019
-0
-0
-0
31.2272
-0
-0
-0
-0
-0
-0
-0
27.0186
-0
-0
-0
50.9194
-0
2.91293
-0
-0
12.8337
-0
-0
-0
6.6002
-0
-0
-0
6.7671
-0
-0
-0
-0
-0
-0
-0
8.16996
-0
-0
-0
-0
22.6991
-0
7.4691
-0
-0
-0
8.95491
-0
-0
-0
0.232955
-0
-0
-0
-0
29.0156
-0
-0
-0
-0
8.24178
-0
0.0805929
-0
29.0228
-0
-0
-0
3.61326
42.5988
-0
-0
-0
-0
15.1103
-0
-0
-0
-0
-0
4.42225
-0
-0
13.6137
-0
-0
-0
34.2652
-0
8.95266
15.6398
-0
-0
28.0844
-0
-0
-0
-0
-0
9.69285
11.2351
-0
-0
-0
22.6544
0.2017
-0
-0
15.6442
21.0787
-0
26.0315
40.8918
-0
5.14122
-0
-0
13.8413
-0
25.5832
9.76667
-0
3.96586
33.6508
-0
71.9326
-0
7.00826
-0
20.2072
2.9958
35.3457
-0
-0
-0
-0
27.8458
-0
-0
-0
32.6556
-0
-0
0.347543
-0
-0
-0
-0
-0
-0
37.4195
-0
0.213395
16.466
0.148636
-0
-0
14.2369
-0
13.413
-0
-0
17.2454
-0
-0
-0
-0
-0
-0
29.4946
-0
-0
-0
-0
-0
-0
-0
-0
7.23128
-0
-0
7.59489
-0
-0
19.2372
37.7951
9.40748
-0
-0
-0
28.2118
-0
-0
9.00676
-0
-0
-0
-0
-0
30.8098
-0
-0
-0
-0
19.4315
9.19776
-0
-0
-0
-0
-0
-0
-0
18.6821
-0
-0
-0
-0
-0
-0
0.125938
6.94979
-0
-0
-0
-0
-0
-0
1.34399
-0
-0
-0
53.1176
-0
-0
-0
-0
-0
-0
6.93658
-0
-0
-0
-0
-0
-0
-0
12.2039
-0
5.03067
29.2901
-0
-0
10.5106
-0
15.9698
14.0079
5.83844
-0
-0
-0
-0
-0
-0
41.717
-0
10.6684
-0
-0
-0
-0
23.0885
-0
-0
5.77646
-0
-0
-0
-0
-0
24.7
-0
-0
-0
-0
-0
-0
0.625223
-0
-0
-0
51.4666
36.9677
-0
-0
2.8308
-0
51.7629
-0
-0
-0
45.2092
-0
-0
-0
-0
-0
28.5191
1.67679
-0
-0
-0
0.371922
-0
-0
-0
17.0603
39.8055
-0
-0
-0
-0
-0
-0
-0
46.9831
-0
-0
-0
-0
4.98306
18.4655
28.9393
0.368401
-0
2.36801
97.764
-0
39.3714
-0
-0
-0
-0
-0
-0
-0
-0
24.6805
-0
-0
-0
35.7998
-0
-0
-0
-0
15.2628
-0
1.45583
-0
-0
-0
-0
-0
12.1328
-0
1.24578
-0
-0
14.0882
38.7418
14.595
-0
-0
-0
-0
-0
-0
-0
-0
-0
-0
-0
-0
-0
-0
-0
-0
36.8001
-0
-0
-0
-0
7.73082
-0
-0
-0
1.24804
8.34062
-0
-0
7.52969
17.2537
-0
2.10532
-0
-0
50.6634
-0
-0
-0
-0
-0
16.7405
-0
-0
-0
36.1227
-0
-0
13.2556
20.7316
67.7447
-0
25.4903
7.59517
-0
0.650168
-0
-0
-0
-0
-0
-0
6.78309
-0
-0
7.07966
-0
-0
-0
-0
-0
26.5406
-0
-0
-0
-0
8.26764
-0
-0
-0
-0
4.94386
-0
-0
-0
-0
33.3316
-0
-0
-0
-0
-0
-0
-0
-0
-0
1.94127
-0
-0
-0
-0
-0
-0
-0
11.7854
-0
-0
-0
-0
-0
19.8121
7.3464
-0
-0
-0
-0
-0
-0
-0
-0
-0
-0
-0
-0
-0
-0
-0
8.67694
-0
-0
-0
-0
-0
0.771289
-0
-0
5.17006
-0
11.2179
6.03369
-0
32.307
24.2511
20.2476
17.8976
-0
-0
-0
1.59073
-0
-0
-0
-0
-0
-0
26.5027
-0
16.5715
12.9695
0.0919297
-0
-0
-0
-0
-0
-0
-0
19.7631
18.0784
-0
-0
-0
-0
-0
-0
28.3851
-0
-0
-0
13.8388
35.0617
-0
-0
11.7675
-0
-0
-0
30.6709
-0
-0
23.5419
-0
7.74826
23.3507
-0
2.06246
-0
-0
-0
38.3497
-0
18.6186
-0
33.7185
-0
-0
-0
-0
-0
16.9872
29.3959
37.1868
-0
-0
-0
-0
-0
-0
26.8387
-0
43.0145
-0
-0
-0
-0
-0
8.57552
-0
7.70788
-0
-0
-0
-0
13.0346
-0
-0
-0
8.52714
42.6285
-0
-0
15.9841
-0
-0
12.9543
-0
-0
-0
-0
-0
-0
-0
23.4712
-0
-0
-0
-0
-0
-0
-0
7.43756
-0
-0
-0
-0
30.895
-0
-0
-0
-0
4.94009
-0
-0
21.2724
-0
4.89065
-0
-0
-0
-0
16.8954
-0
-0
37.4976
-0
14.4052
-0
-0
-0
-0
-0
13.8274
-0
-0
-0
-0
-0
18.7849
-0
-0
41.6887
-0
-0
16.8609
-0
-0
24.2212
-0
-0
-0
-0
-0
-0
10.7081
-0
-0
-0
-0
-0
-0
-0
-0
-0
-0
-0
17.7318
-0
-0
-0
-0
-0
-0
4.2662
-0
22.8438
-0
-0
-0
-0
-0
-0
-0
-0
-0
-0
3.62063
-0
7.50962
-0
27.1319
-0
-0
-0
-0
-0
3.351
-0
-0
1.40529
-0
-0
-0
1.38402
-0
-0
-0
-0
-0
-0
-0
9.31662
-0
-0
-0
-0
8.92926
10.959
30.4222
-0
-0
-0
-0
-0
-0
9.79825
-0
19.8647
-0
-0
3.60662
10.5503
-0
-0
56.7818
-0
-0
-0
-0
-0
-0
22.3774
-0
13.8826
11.274
-0
-0
-0
-0
30.5676
4.90422
19.6009
-0
-0
-0
-0
14.9499
8.4992
-0
-0
-0
-0
-0
-0
2.33192
-0
-0
-0
-0
1.57955
7.08218
-0
-0
-0
-0
-0
-0
3.41181
-0
32.0372
-0
-0
-0
-0
-0
-0
-0
-0
9.94229
2.26633
-0
14.0157
-0
-0
0.921872
-0
-0
-0
-0
13.6047
-0
-0
12.4
-0
-0
-0
-0
27.2896
-0
-0
-0
-0
-0
-0
17.181
27.3308
-0
4.45487
60.013
18.7282
-0
14.3273
-0
-0
-0
-0
-0
-0
-0
-0
-0
-0
-0
-0
-0
22.3422
-0
-0
-0
-0
-0
-0
-0
18.3993
-0
-0
-0
-0
6.95926
25.277
6.65178
35.4555
-0
-0
-0
23.5526
27.1417
-0
4.70183
-0
-0
39.8638
4.1847
-0
-0
9.83647
65.4317
-0
2.84568
-0
-0
-0
4.41447
-0
-0
-0
-0
-0
-0
4.80763
-0
45.3497
15.6165
-0
-0
12.066
5.26009
-0
-0
-0
-0
-0
-0
5.08642
3.05098
41.1662
-0
-0
25.4108
1.37942
-0
12.2263
33.9353
-0
-0
-0
-0
-0
-0
-0
-0
-0
1.6903
-0
-0
-0
-0
-0
-0
0.398967
-0
-0
-0
-0
-0
30.17
-0
45.7854
-0
-0
-0
11.7742
-0
-0
-0
-0
-0
-0
-0
-0
-0
-0
-0
-0
-0
-0
-0
-0
-0
-0
-0
-0
-0
42.0107
-0
-0
-0
4.54319
-0
-0
-0
20.7015
-0
2.49424
0.93603
4.1089
-0
15.5296
-0
-0
-0
-0
7.6593
-0
-0
-0
46.2515
7.95435
-0
-0
-0
1.05526
-0
-0
9.95535
-0
3.3898
-0
-0
-0
-0
-0
-0
-0
-0
-0
-0
-0
-0
-0
0.0946193
52.9209
38.6145
-0
-0
-0
36.4385
29.8226
-0
-0
24.8774
-0
-0
21.7525
6.82798
-0
3.11718
-0
42.7666
-0
-0
-0
-0
-0
11.7446
-0
-0
-0
-0
-0
-0
32.2416
-0
-0
-0
-0
15.5808
15.8296
-0
-0
1.2458
-0
-0
-0
-0
-0
-0
-0
-0
-0
16.1983
-0
-0
-0
22.0884
-0
-0
-0
-0
-0
-0
-0
-0
-0
-0
27.7872
-0
1.98838
6.61137
-0
-0
-0
4.04852
17.2585
-0
19.1851
-0
-0
-0
-0
-0
-0
-0
16.5385
-0
-0
-0
-0
-0
-0
-0
-0
-0
7.14447
-0
7.26288
-0
1.02327
-0
-0
-0
-0
1.07363
-0
-0
-0
17.1463
15.9637
-0
-0
-0
-0
1.37863
-0
-0
-0
4.73705
-0
-0
-0
-0
-0
-0
-0
-0
-0
-0
-0
-0
4.11255
-0
-0
-0
1.10862
-0
-0
9.00121
-0
31.2753
-0
-0
-0
-0
12.2878
5.29539
5.4824
-0
-0
-0
-0
15.6964
-0
-0
-0
-0
-0
-0
-0
-0
26.6057
-0
12.431
-0
-0
-0
8.11135
-0
30.8097
-0
-0
-0
2.99151
-0
-0
-0
10.8618
-0
42.8353
7.26698
-0
36.6716
-0
3.32667
-0
-0
-0
-0
34.8341
-0
9.38377
31.9503
-0
-0
58.5854
24.0272
-0
-0
19.0572
-0
-0
4.19142
-0
-0
20.2082
-0
-0
-0
-0
-0
38.817
-0
-0
-0
-0
6.89646
22.3693
-0
-0
12.68
-0
-0
-0
11.0195
22.7974
17.2754
-0
-0
26.6731
-0
-0
-0
52.9829
-0
-0
-0
-0
-0
19.0387
-0
-0
-0
-0
-0
6.2497
-0
-0
-0
-0
-0
1.09226
-0
4.9363
3.25792
5.62241
26.6996
42.7642
-0
27.2777
0.493766
-0
26.0298
-0
-0
19.2173
-0
-0
-0
-0
-0
-0
-0
3.08121
10.0579
-0
-0
-0
-0
17.6472
-0
-0
-0
2.32126
-0
-0
24.4989
-0
-0
-0
24.9778
18.5381
6.95002
-0
-0
13.3254
-0
-0
26.7633
-0
-0
-0
-0
-0
20.7164
-0
2.7047
-0
-0
-0
-0
65.015
-0
-0
-0
-0
11.4689
-0
-0
-0
-0
-0
-0
-0
-0
-0
-0
-0
-0
-0
15.2458
-0
-0
-0
-0
-0
-0
-0
-0
21.3988
28.2156
-0
-0
-0
-0
17.7197
-0
10.6275
-0
-0
-0
-0
-0
-0
-0
-0
-0
-0
15.8563
31.1078
-0
-0
-0
13.5103
-0
-0
-0
-0
-0
-0
21.9842
4.20781
-0
-0
-0
-0
22.2791
-0
37.2032
-0
-0
-0
-0
-0
12.7561
-0
-0
-0
-0
-0
-0
-0
38.6993
-0
-0
-0
22.0676
-0
9.51826
37.9351
-0
2.14728
27.3759
-0
44.106
43.8553
-0
19.2086
-0
-0
-0
-0
1.44682
-0
-0
-0
-0
2.39345
-0
-0
-0
-0
-0
1.31783
-0
-0
-0
0.457333
20.118
-0
-0
26.2683
33.2773
-0
-0
-0
-0
-0
-0
-0
-0
-0
8.58754
51.393
-0
-0
-0
-0
-0
-0
-0
-0
-0
6.32122
-0
-0
23.0715
-0
-0
-0
-0
-0
-0
-0
-0
-0
6.85002
36.8303
-0
-0
15.7322
-0
-0
-0
3.95103
-0
-0
-0
-0
-0
-0
-0
-0
-0
-0
-0
-0
-0
-0
7.44061
-0
-0
-0
-0
4.021
-0
-0
-0
48.4506
-0
2.55521
-0
-0
-0
-0
-0
-0
14.9029
-0
-0
-0
-0
-0
-0
0.585712
-0
-0
-0
-0
-0
-0
22.9433
-0
-0
40.1414
-0
4.15174
-0
9.25738
-0
6.28565
-0
-0
-0
-0
-0
-0
1.64586
-0
55.7902
-0
-0
-0
-0
-0
-0
-0
-0
-0
-0
-0
-0
12.2753
-0
-0
-0
-0
-0
-0
-0
-0
-0
-0
6.71409
-0
-0
26.6286
-0
-0
-0
-0
-0
-0
22.2725
-0
-0
-0
-0
-0
-0
-0
2.35673
-0
-0
-0
-0
19.854
35.9844
-0
-0
-0
-0
-0
5.98502
-0
18.9354
8.61313
-0
-0
20.8007
54.2098
-0
-0
15.5137
-0
-0
-0
-0
63.7164
8.70173
-0
-0
-0
19.1965
58.7008
43.0314
-0
12.56
-0
1.30053
-0
-0
-0
-0
31.3116
-0
-0
-0
-0
9.60425
13.122
-0
28.8833
-0
25.1238
-0
20.2819
-0
-0
3.99153
-0
-0
-0
30.2431
13.6583
-0
-0
2.43329
-0
-0
46.98
-0
-0
12.389
-0
-0
14.2137
-0
-0
19.9553
1.80917
-0
-0
-0
-0
-0
4.34017
14.5901
15.7703
-0
-0
-0
-0
-0
-0
-0
43.3651
-0
-0
8.47458
-0
-0
-0
-0
-0
-0
-0
-0
-0
7.59221
-0
-0
-0
2.45874
12.0732
-0
8.39249
-0
-0
-0
-0
70.8695
-0
-0
7.23515
23.0208
-0
-0
-0
-0
-0
-0
-0
26.6064
-0
-0
3.90448
-0
-0
-0
-0
-0
28.756
-0
19.6792
-0
-0
-0
-0
-0
-0
-0
-0
0.52704
-0
-0
-0
-0
4.03771
-0
-0
1.22332
-0
-0
-0
-0
66.7258
-0
-0
13.6732
7.14646
-0
15.1628
5.5576
-0
-0
-0
-0
2.17532
-0
16.2563
1.83367
-0
-0
-0
0.613682
-0
-0
-0
-0
-0
-0
-0
5.97406
-0
16.5337
19.4129
-0
-0
-0
-0
-0
-0
-0
0.260228
-0
-0
-0
-0
-0
7.22476
-0
-0
0.601978
-0
-0
-0
-0
-0
-0
-0
-0
25.0566
-0
-0
-0
-0
-0
-0
-0
-0
-0
-0
-0
-0
42.6293
-0
-0
-0
-0
-0
-0
-0
-0
-0
-0
-0
-0
-0
-0
-0
-0
-0
-0
2.45494
-0
5.09156
-0
14.0136
-0
-0
-0
9.16087
-0
-0
-0
-0
-0
-0
17.4956
45.0261
-0
-0
-0
9.49182
-0
-0
-0
-0
-0
-0
-0
-0
-0
8.5126
-0
-0
5.39431
-0
-0
-0
-0
-0
-0
-0
16.2157
-0
63.6101
-0
-0
-0
-0
-0
-0
-0
28.8354
8.1123
-0
-0
43.8383
-0
-0
42.14
-0
-0
16.9527
0.531372
-0
-0
-0
-0
-0
-0
-0
-0
-0
-0
-0
2.3674
-0
-0
-0
-0
-0
-0
-0
24.2332
6.76814
-0
-0
-0
-0
-0
8.97136
-0
-0
-0
-0
15.5863
48.5835
-0
-0
-0
-0
-0
20.289
-0
-0
-0
-0
-0
46.0414
-0
-0
-0
-0
-0
4.41956
35.0556
-0
-0
-0
-0
-0
-0
-0
-0
30.2137
-0
-0
-0
36.5103
32.3553
-0
-0
-0
-0
0.862333
-0
-0
11.0335
-0
-0
-0
0.34308
33.8182
6.81385
-0
-0
-0
-0
-0
-0
-0
-0
33.0624
16.0113
-0
8.45248
-0
-0
-0
-0
23.5556
4.62119
-0
34.0984
-0
-0
-0
-0
-0
6.56013
36.2862
-0
-0
6.61555
-0
-0
7.89401
5.79564
-0
-0
-0
-0
-0
18.1466
-0
-0
-0
2.18175
-0
-0
-0
-0
-0
-0
-0
38.9097
-0
-0
2.90072
15.3418
-0
67.3743
-0
-0
-0
8.81165
-0
-0
-0
-0
-0
13.8565
-0
-0
-0
-0
-0
-0
12.6408
-0
13.1908
-0
3.39408
-0
-0
-0
-0
-0
-0
-0
-0
-0
-0
-0
-0
-0
0.355826
-0
-0
-0
2.12901
-0
-0
-0
-0
-0
-0
-0
19.2842
-0
-0
-0
-0
-0
-0
6.31538
0.299376
23.189
-0
-0
-0
2.49671
15.3977
3.14049
41.4564
20.2393
28.1875
-0
-0
48.9226
9.05424
-0
-0
-0
-0
-0
-0
-0
-0
-0
-0
-0
-0
-0
-0
-0
-0
-0
-0
-0
-0
-0
-0
-0
-0
-0
-0
-0
-0
-0
2.54316
-0
7.32682
18.1514
-0
-0
-0
-0
-0
-0
-0
-0
-0
-0
-0
-0
2.65446
-0
-0
-0
23.0867
-0
-0
26.7512
9.65195
27.415
-0
-0
-0
-0
-0
-0
2.81894
-0
-0
-0
-0
-0
12.6175
-0
-0
-0
-0
-0
-0
-0
-0
-0
-0
-0
-0
-0
-0
-0
-0
-0
-0
-0
-0
-0
24.0465
5.48703
-0
-0
-0
-0
-0
-0
-0
-0
-0
8.28526
-0
-0
-0
-0
-0
-0
-0
-0
-0
35.1335
35.3006
-0
6.1184
-0
-0
-0
-0
32.4809
-0
-0
-0
-0
32.3178
-0
-0
-0
-0
-0
-0
-0
-0
35.722
-0
-0
-0
-0
-0
-0
-0
-0
-0
38.0612
-0
-0
-0
-0
3.76869
-0
-0
33.6951
-0
4.52973
11.4985
-0
-0
-0
2.12338
-0
5.97627
24.2003
-0
-0
18.237
-0
-0
-0
23.4564
-0
31.2923
25.8052
-0
18.2149
0.26523
31.4552
-0
10.6216
-0
0.613236
-0
5.37959
-0
-0
-0
-0
6.95112
-0
41.8879
-0
-0
-0
-0
-0
6.29011
20.0383
-0
-0
-0
18.7081
-0
-0
-0
-0
-0
-0
-0
-0
-0
-0
-0
-0
-0
-0
-0
32.9779
-0
-0
-0
-0
-0
-0
-0
-0
-0
-0
-0
-0
38.6737
-0
-0
6.69133
-0
-0
-0
6.8647
1.46141
-0
-0
18.2873
-0
26.6718
-0
4.55643
-0
-0
1.90492
-0
-0
-0
19.9347
13.5312
0.111363
-0
1.49885
-0
-0
-0
-0
8.12347
-0
-0
32.7281
-0
-0
-0
-0
-0
8.48448
-0
11.1337
-0
-0
36.8807
-0
-0
-0
-0
-0
22.0375
-0
-0
2.92395
-0
5.39458
-0
-0
35.4246
-0
-0
4.17509
22.2606
31.187
-0
-0
-0
38.926
-0
-0
-0
7.23032
-0
-0
-0
-0
6.93671
-0
12.4686
-0
-0
-0
-0
-0
-0
-0
-0
-0
-0
-0
-0
-0
6.51628
-0
-0
-0
-0
71.5899
-0
-0
-0
-0
-0
-0
-0
-0
13.6755
23.5468
-0
-0
-0
-0
-0
-0
-0
1.82425
-0
-0
8.94073
-0
-0
5.15459
-0
-0
2.34367
-0
-0
34.1718
-0
56.2255
0.275638
-0
27.5385
-0
-0
-0
-0
-0
-0
-0
-0
33.5087
-0
-0
-0
8.45839
-0
-0
-0
-0
-0
-0
5.56561
-0
9.92257
-0
-0
1.71682
-0
-0
-0
-0
-0
-0
-0
8.01725
-0
-0
0.165843
-0
-0
-0
0.330143
31.8764
-0
-0
11.4579
-0
0.83567
-0
44.5944
-0
-0
-0
-0
19.6743
0.816088
8.48609
4.33352
-0
-0
-0
-0
-0
-0
22.4719
34.2582
-0
35.7211
-0
-0
-0
-0
-0
40.2425
-0
-0
-0
-0
-0
-0
2.50012
-0
-0
2.97693
-0
-0
-0
-0
-0
-0
4.22242
-0
-0
11.4624
-0
-0
-0
69.2874
20.5311
-0
-0
-0
39.9201
-0
43.8161
-0
-0
-0
-0
-0
-0
-0
-0
6.21537
-0
-0
-0
-0
-0
-0
-0
-0
-0
-0
-0
37.5806
-0
27.2339
-0
-0
-0
-0
-0
-0
-0
-0
-0
-0
-0
24.9156
4.72154
-0
-0
7.18659
15.1531
-0
-0
11.6242
-0
-0
-0
-0
1.81796
-0
4.89773
-0
16.344
-0
5.25955
18.4018
-0
-0
-0
11.3621
-0
-0
-0
-0
-0
0.1015
26.843
36.8135
-0
2.40801
-0
-0
-0
39.7055
-0
-0
-0
-0
-0
-0
20.0071
-0
-0
-0
-0
-0
-0
-0
-0
-0
-0
-0
-0
-0
-0
-0
-0
-0
-0
-0
-0
-0
-0
4.17408
-0
-0
-0
-0
-0
-0
-0
9.63818
-0
-0
4.37736
-0
8.39228
-0
20.9437
-0
-0
-0
-0
-0
-0
-0
10.3001
-0
-0
-0
-0
-0
-0
-0
-0
-0
5.18683
-0
-0
-0
-0
5.16522
-0
-0
-0
-0
2.37138
41.879
55.994
-0
-0
-0
-0
-0
35.4031
-0
-0
-0
-0
-0
-0
-0
-0
2.34246
10.4919
30.1616
-0
-0
-0
13.1458
-0
-0
-0
-0
-0
17.4809
-0
-0
-0
-0
-0
0.385683
-0
-0
40.8106
-0
9.03168
11.8883
3.4591
-0
-0
-0
9.14042
12.9889
-0
-0
3.34636
-0
-0
-0
-0
-0
-0
32.3848
25.8292
-0
-0
-0
22.5215
-0
-0
55.5068
-0
-0
-0
-0
-0
-0
-0
-0
-0
-0
13.0064
-0
-0
-0
-0
-0
1.02336
-0
-0
4.99412
-0
42.6124
-0
-0
-0
18.8632
-0
-0
30.7871
-0
-0
-0
12.5156
-0
5.79488
-0
-0
-0
-0
2.08133
0.40086
16.6386
8.18289
-0
-0
14.6939
7.09137
-0
-0
-0
0.0265794
30.6401
-0
-0
40.453
-0
17.4792
-0
15.7534
2.36595
-0
-0
27.9623
27.5656
-0
12.9238
52.4439
5.85326
-0
4.45333
-0
-0
12.848
-0
-0
-0
-0
-0
-0
-0
-0
-0
-0
-0
-0
-0
-0
-0
-0
-0
-0
-0
-0
-0
-0
-0
-0
-0
-0
19.3074
-0
-0
-0
-0
-0
-0
-0
5.3698
-0
6.54141
15.2281
-0
-0
0.565592
-0
-0
23.2939
-0
-0
-0
20.0661
19.7419
-0
30.7665
-0
-0
-0
14.0445
-0
3.78284
-0
-0
-0
-0
-0
-0
-0
-0
2.50613
-0
-0
-0
1.09341
7.83231
-0
22.3035
-0
-0
-0
-0
-0
-0
-0
-0
-0
-0
16.7156
10.7984
18.621
-0
-0
3.32965
12.6351
-0
-0
-0
-0
-0
-0
-0
-0
-0
-0
-0
17.239
1.66434
-0
-0
19.8651
-0
28.0051
-0
-0
-0
-0
1.4132
-0
-0
-0
-0
5.60426
27.4747
18.5604
-0
14.5082
-0
-0
-0
39.9702
-0
-0
-0
-0
-0
-0
35.3604
-0
50.6558
-0
-0
-0
-0
-0
-0
-0
-0
-0
-0
-0
-0
-0
-0
-0
41.2145
-0
-0
-0
3.52195
-0
-0
-0
-0
3.4145
-0
-0
-0
-0
-0
-0
-0
-0
-0
28.1133
-0
-0
-0
-0
54.6001
25.7813
-0
-0
-0
-0
-0
-0
-0
-0
-0
-0
-0
16.303
-0
-0
-0
-0
-0
22.4733
19.0329
-0
-0
36.6772
-0
11.6202
-0
-0
2.81886
-0
-0
-0
-0
-0
-0
-0
14.8659
6.63468
3.51546
-0
-0
-0
29.2359
-0
-0
4.7703
-0
13.1002
2.92467
-0
-0
-0
-0
-0
7.75134
14.9036
-0
-0
-0
-0
-0
21.9564
-0
5.36423
-0
-0
2.2432
-0
-0
-0
-0
-0
7.04615
2.67216
-0
-0
-0
-0
-0
27.3968
-0
-0
-0
-0
-0
-0
-0
14.2399
-0
9.4498
-0
-0
-0
-0
-0
-0
12.4544
2.06724
-0
7.44645
14.2585
-0
-0
-0
-0
-0
-0
-0
20.9599
-0
9.81536
-0
-0
-0
-0
-0
23.915
-0
19.1002
-0
-0
-0
-0
-0
-0
-0
41.4487
-0
2.34531
-0
-0
6.76489
-0
-0
-0
-0
-0
-0
36.9524
-0
-0
-0
-0
-0
-0
6.76577
10.7536
-0
-0
-0
-0
9.22765
-0
-0
23.87
-0
34.018
8.32229
29.7637
-0
11.6954
-0
-0
-0
-0
-0
1.21193
-0
-0
-0
-0
-0
6.6871
3.32406
-0
-0
5.45417
-0
-0
-0
-0
-0
2.39406
-0
-0
-0
-0
-0
-0
-0
-0
-0
-0
-0
-0
2.98844
-0
11.5979
-0
-0
2.36782
14.0995
-0
-0
6.57163
-0
-0
-0
-0
-0
-0
-0
22.1078
-0
-0
-0
-0
-0
-0
26.4595
-0
-0
-0
-0
1.53644
-0
23.4768
-0
33.5537
12.0187
-0
-0
-0
-0
-0
-0
1.28903
11.5182
21.2603
42.2801
-0
-0
-0
-0
-0
-0
13.0309
-0
-0
-0
4.12535
16.5146
17.004
-0
-0
-0
-0
-0
-0
-0
-0
40.9629
-0
-0
-0
-0
18.4954
3.31307
5.68204
-0
-0
-0
-0
-0
-0
-0
4.61747
25.5892
18.3429
-0
20.5746
-0
-0
18.4545
20.9166
-0
-0
-0
-0
-0
-0
-0
-0
-0
-0
-0
18.1896
-0
14.6285
-0
-0
-0
-0
18.2236
-0
-0
-0
-0
49.0271
-0
-0
-0
28.0172
-0
-0
-0
-0
-0
-0
-0
-0
-0
-0
56.5889
-0
-0
-0
8.22727
-0
-0
61.2105
-0
-0
-0
-0
-0
-0
-0
-0
-0
-0
-0
-0
4.00505
-0
-0
47.1625
9.48524
-0
-0
-0
-0
26.9536
43.3668
-0
18.0214
30.3811
-0
-0
-0
-0
26.3466
-0
-0
42.72
-0
-0
45.6553
-0
-0
6.23456
-0
8.81341
10.1576
-0
25.0839
-0
-0
-0
-0
-0
-0
-0
-0
54.1172
-0
-0
-0
30.2446
-0
-0
-0
-0
49.3349
-0
38.4462
12.9705
-0
-0
10.9432
-0
-0
44.1438
-0
-0
9.2379
-0
16.3543
-0
64.1963
1.05386
-0
-0
-0
1.35337
14.3698
-0
33.9232
-0
23.4892
-0
-0
-0
-0
-0
-0
-0
10.9138
4.34007
-0
-0
-0
-0
-0
32.4287
9.70691
-0
28.8543
-0
33.89
-0
10.7838
9.25543
-0
-0
-0
2.03487
-0
-0
14.6075
-0
-0
-0
-0
-0
-0
-0
-0
8.04975
-0
-0
-0
42.6814
4.07064
-0
-0
-0
-0
-0
-0
-0
-0
-0
-0
-0
-0
-0
-0
-0
-0
-0
-0
21.6357
-0
-0
-0
-0
-0
-0
-0
8.44207
-0
-0
-0
-0
-0
8.6346
-0
10.683
-0
-0
-0
-0
-0
20.119
-0
-0
-0
-0
29.1294
17.4321
-0
-0
-0
-0
-0
6.12371
-0
-0
10.1601
-0
-0
-0
11.5734
-0
-0
-0
-0
2.83436
-0
16.2665
34.9884
23.2448
-0
1.44653
-0
-0
14.0969
-0
-0
-0
-0
-0
-0
-0
-0
-0
-0
-0
-0
-0
-0
-0
-0
-0
-0
-0
-0
-0
9.46527
22.2234
-0
-0
-0
-0
2.50385
-0
-0
23.9139
-0
-0
65.5003
-0
29.2159
-0
-0
15.4892
12.4493
-0
-0
-0
11.056
6.73191
-0
-0
-0
-0
3.06916
-0
-0
18.3555
-0
-0
-0
-0
-0
-0
-0
-0
-0
-0
-0
-0
-0
-0
7.69569
-0
19.0895
27.6517
-0
-0
39.4311
26.5656
-0
12.779
-0
-0
10.2057
-0
-0
-0
-0
-0
30.6764
2.20307
-0
-0
-0
-0
-0
55.4063
-0
26.0994
-0
-0
-0
-0
-0
-0
-0
-0
74.4573
-0
-0
54.8834
-0
-0
36.2285
-0
-0
-0
-0
-0
-0
-0
-0
16.6024
-0
-0
-0
-0
-0
24.7386
18.2237
-0
-0
-0
-0
-0
2.77795
2.10225
-0
-0
-0
-0
50.3147
-0
-0
6.89064
17.2888
-0
-0
-0
-0
14.1235
-0
-0
-0
-0
-0
-0
-0
-0
-0
-0
-0
-0
-0
-0
-0
16.3403
-0
-0
22.382
-0
-0
25.4533
-0
-0
-0
-0
38.6205
-0
-0
-0
-0
-0
-0
-0
-0
-0
-0
-0
-0
-0
-0
-0
-0
-0
-0
1.97567
38.0994
35.7852
-0
-0
-0
-0
-0
-0
-0
-0
-0
-0
-0
-0
13.0162
-0
-0
-0
-0
55.2132
-0
0.654098
16.0708
-0
-0
-0
-0
20.5816
20.9742
2.22175
-0
-0
-0
-0
-0
-0
-0
-0
-0
-0
23.6377
-0
-0
-0
-0
-0
11.0088
34.7401
14.4565
-0
-0
-0
-0
1.02405
-0
-0
19.0016
-0
12.139
-0
-0
-0
-0
-0
-0
-0
-0
27.3383
15.8979
-0
-0
-0
6.20015
27.9283
-0
-0
-0
-0
-0
6.86625
-0
-0
-0
27.3331
-0
-0
-0
-0
-0
13.395
7.32512
-0
-0
-0
-0
-0
6.35624
28.9401
-0
-0
-0
-0
20.2017
-0
-0
-0
-0
25.9168
-0
-0
39.2573
-0
27.1317
-0
-0
-0
59.716
-0
-0
-0
26.4401
-0
-0
0.494091
27.2367
-0
-0
21.0877
-0
-0
21.312
-0
3.84379
4.13847
-0
-0
-0
6.57353
-0
-0
-0
-0
10.7083
-0
-0
-0
-0
-0
-0
-0
-0
-0
-0
42.7798
-0
-0
-0
-0
-0
-0
-0
-0
-0
46.2132
-0
34.8455
14.8222
-0
-0
-0
26.2005
-0
-0
-0
25.4818
-0
-0
17.5229
35.1007
-0
5.48525
-0
-0
34.4232
-0
-0
-0
-0
-0
-0
-0
-0
-0
-0
-0
-0
61.5487
-0
-0
10.7331
-0
36.9223
2.3699
1.41107
-0
-0
-0
-0
2.1193
-0
8.1185
-0
4.59059
30.2393
-0
-0
-0
-0
24.3671
-0
-0
20.849
12.6862
-0
-0
-0
16.2414
-0
33.7082
-0
4.20801
-0
5.10609
-0
-0
11.7345
-0
-0
-0
-0
-0
-0
-0
-0
-0
-0
34.7405
3.09926
5.62488
-0
-0
-0
50.5046
14.1552
5.3146
-0
-0
38.057
-0
-0
7.51905
41.0505
-0
-0
-0
-0
-0
6.03973
-0
-0
-0
23.9931
-0
-0
-0
-0
-0
4.56769
-0
-0
-0
-0
-0
-0
9.68017
-0
-0
-0
-0
-0
-0
-0
-0
-0
19.6847
-0
-0
2.40796
-0
-0
-0
26.6143
-0
