-0
-0
-0
-0
-0
17.3128
-0
-0
-0
-0
-0
-0
-0
-0
-0
13.3549
-0
16.4519
-0
-0
-0
40.0723
-0
-0
-0
1.95768
23.6036
26.7226
-0
-0
-0
-0
-0
-0
13.4614
-0
-0
-0
-0
-0
-0
-0
13.5082
5.04519
-0
12.5641
-0
8.2995
-0
15.0073
-0
-0
-0
-0
-0
-0
-0
-0
-0
-0
-0
-0
16.6068
-0
-0
-0
25.2201
-0
-0
-0
-0
8.8953
-0
-0
-0
11.6922
19.2878
-0
-0
-0
-0
39.631
1.23172
-0
-0
-0
-0
-0
-0
-0
-0
-0
-0
-0
9.68773
-0
-0
-0
38.5929
-0
-0
-0
-0
-0
-0
-0
-0
-0
-0
17.4481
-0
11.345
0.216337
-0
-0
11.0086
36.5838
-0
19.6632
37.4222
8.64586
-0
27.1938
-0
12.09
-0
24.6166
-0
-0
15.2342
12.0721
-0
47.236
-0
3.46748
-0
18.8297
-0
-0
50.5883
2.56113
-0
-0
8.60242
-0
-0
-0
56.3555
-0
-0
-0
-0
-0
-0
-0
-0
60.9872
-0
-0
0.880356
-0
-0
-0
20.2967
20.8863
-0
-0
-0
-0
64.2936
-0
5.60535
-0
-0
15.5451
-0
26.7457
-0
4.80397
-0
-0
-0
-0
-0
-0
-0
-0
-0
13.5645
17.0449
-0
-0
24.4967
-0
-0
-0
-0
-0
-0
-0
-0
14.1967
-0
-0
-0
11.6587
-0
-0
-0
-0
-0
-0
5.90865
-0
-0
6.74465
23.8647
12.6438
-0
-0
-0
-0
-0
-0
-0
-0
-0
-0
-0
-0
-0
-0
-0
-0
-0
-0
-0
-0
-0
-0
14.3619
-0
-0
-0
-0
-0
-0
-0
22.5475
-0
-0
-0
-0
-0
-0
-0
-0
4.6148
-0
-0
18.1769
7.92329
32.5245
8.32262
-0
-0
-0
-0
-0
-0
6.90083
43.7089
-0
52.5347
-0
-0
-0
-0
-0
-0
-0
4.56596
-0
-0
-0
-0
-0
28.6444
-0
-0
-0
-0
-0
-0
25.6341
-0
35.2643
-0
-0
27.8578
-0
-0
1.026
16.0224
65.2455
14.2116
-0
-0
42.3045
-0
19.7734
45.6355
-0
-0
-0
-0
-0
-0
-0
-0
-0
-0
-0
19.8706
42.1497
-0
-0
-0
-0
-0
-0
-0
34.4891
46.0864
-0
-0
-0
10.7247
-0
36.0672
-0
13.3058
-0
44.0159
-0
32.6561
30.8248
-0
-0
-0
35.5067
-0
-0
-0
17.6562
-0
-0
-0
-0
-0
-0
-0
-0
24.3298
20.1076
0.801973
-0
-0
-0
-0
-0
-0
0.762324
5.67807
-0
-0
13.4901
-0
3.28613
-0
-0
-0
-0
-0
-0
-0
7.92965
-0
-0
-0
4.64348
3.0557
-0
-0
-0
-0
-0
-0
-0
-0
11.1472
-0
-0
-0
-0
30.9779
-0
1.79732
5.88494
16.8185
-0
-0
-0
-0
2.8628
-0
-0
-0
-0
-0
3.42938
-0
-0
-0
36.7931
-0
-0
2.04405
8.62443
43.9748
-0
-0
-0
-0
19.3548
-0
-0
-0
-0
-0
-0
-0
35.3507
-0
-0
7.355
-0
-0
-0
-0
-0
-0
-0
-0
32.2634
-0
-0
-0
-0
-0
-0
-0
11.912
-0
1.04499
-0
6.66878
-0
12.6922
-0
-0
-0
-0
-0
-0
55.2664
-0
-0
-0
2.1576
-0
-0
-0
84.2223
-0
-0
-0
-0
-0
78.4803
2.89387
-0
11.4299
22.8122
-0
41.0722
-0
-0
-0
1.20692
-0
-0
-0
-0
-0
-0
-0
2.27461
-0
15.7632
-0
-0
-0
-0
-0
24.9187
-0
-0
-0
-0
32.2474
24.1095
18.548
-0
-0
-0
-0
61.0618
-0
-0
-0
-0
-0
-0
16.935
-0
25.0041
5.93693
-0
-0
-0
-0
-0
-0
-0
-0
29.4041
-0
-0
2.99495
-0
-0
-0
-0
61.5172
-0
-0
-0
-0
8.67902
-0
-0
20.6861
-0
-0
-0
-0
-0
-0
7.39631
-0
-0
-0
-0
-0
19.8284
-0
-0
22.1244
-0
14.9904
-0
11.2021
-0
-0
35.3771
-0
3.9943
24.9793
7.8549
-0
-0
-0
19.9442
-0
0.657502
-0
26.6839
40.4264
34.4097
-0
-0
-0
-0
-0
-0
-0
27.722
-0
-0
-0
-0
-0
-0
-0
-0
18.306
-0
35.1204
-0
-0
-0
-0
-0
-0
-0
-0
-0
3.73327
-0
-0
-0
-0
-0
-0
-0
-0
-0
26.854
-0
-0
-0
-0
-0
-0
-0
-0
-0
11.0292
-0
-0
-0
7.56714
-0
-0
-0
-0
-0
-0
-0
12.3085
-0
-0
-0
-0
7.56756
-0
-0
-0
-0
32.655
-0
-0
-0
-0
12.8067
2.46512
-0
-0
8.61777
-0
-0
-0
-0
-0
13.3467
-0
-0
31.9888
-0
-0
-0
-0
-0
-0
-0
3.94717
-0
-0
-0
-0
-0
-0
-0
-0
-0
-0
-0
-0
-0
-0
15.4522
-0
-0
-0
-0
13.5232
-0
-0
-0
-0
-0
-0
-0
78.6288
-0
-0
-0
18.3521
48.6645
-0
-0
-0
16.3417
56.4397
12.6996
-0
0.76118
2.1679
-0
-0
-0
9.22905
-0
-0
48.5611
-0
-0
-0
9.60352
-0
-0
-0
-0
12.44
-0
15.1953
18.7946
50.9653
-0
1.42452
-0
-0
-0
4.74844
34.1409
53.0475
-0
-0
-0
-0
-0
23.8849
-0
-0
-0
-0
-0
-0
52.1464
-0
-0
-0
-0
-0
-0
6.00656
8.73817
-0
47.517
-0
-0
-0
-0
35.7103
9.4002
10.7457
-0
-0
-0
13.7618
-0
-0
-0
-0
21.3875
-0
-0
1.53596
44.0517
-0
-0
-0
-0
-0
16.7557
-0
11.4914
-0
-0
-0
-0
49.4395
-0
4.27629
-0
-0
5.16719
8.3798
-0
-0
20.965
-0
-0
-0
-0
-0
38.9455
-0
-0
-0
-0
-0
-0
1.13099
94.2397
15.2717
-0
11.4799
-0
-0
-0
-0
14.8282
-0
-0
12.0468
55.5685
-0
32.5245
-0
4.1761
-0
6.91252
-0
-0
-0
-0
-0
-0
-0
-0
-0
13.4786
-0
-0
-0
-0
-0
-0
-0
-0
-0
-0
-0
-0
-0
-0
3.73919
5.75593
-0
-0
-0
-0
-0
-0
45.1414
-0
-0
48.5759
-0
-0
-0
-0
48.105
-0
37.1852
-0
-0
-0
28.3552
6.07959
-0
-0
-0
-0
-0
15.5732
-0
4.20628
-0
16.799
-0
26.3675
37.0933
7.9444
-0
15.9868
-0
-0
-0
-0
9.02629
60.3593
-0
-0
-0
-0
-0
-0
23.2546
-0
-0
-0
31.3776
-0
-0
-0
-0
-0
-0
-0
-0
-0
62.9687
-0
-0
-0
-0
8.9863
-0
-0
2.35106
-0
-0
-0
-0
-0
-0
-0
-0
-0
-0
6.56396
-0
-0
-0
-0
-0
-0
-0
-0
-0
-0
-0
-0
-0
-0
-0
-0
-0
-0
-0
-0
-0
-0
-0
-0
-0
13.8622
-0
23.1888
30.9546
-0
-0
20.414
-0
-0
-0
3.86438
-0
-0
-0
10.2199
90.7481
2.70906
-0
-0
-0
-0
20.5568
-0
-0
-0
9.85422
14.6587
-0
-0
-0
-0
-0
-0
-0
-0
-0
-0
-0
-0
3.98165
16.6853
13.3922
-0
-0
-0
32.5664
25.8496
-0
2.19916
-0
-0
4.92094
-0
1.81502
-0
34.734
-0
-0
-0
-0
-0
-0
-0
38.1705
-0
-0
7.81966
-0
-0
-0
7.96971
-0
-0
-0
-0
-0
15.7557
-0
-0
32.4974
-0
-0
41.2488
-0
-0
-0
-0
-0
35.1099
1.77873
-0
-0
-0
37.8298
29.6277
-0
6.04607
-0
30.1433
-0
-0
-0
-0
-0
-0
-0
-0
-0
-0
-0
-0
8.20532
2.12615
-0
23.0613
-0
-0
-0
-0
-0
-0
-0
-0
-0
-0
65.5807
-0
1.55887
-0
-0
-0
-0
-0
-0
7.75883
-0
-0
-0
-0
-0
17.4758
-0
0.751532
-0
-0
16.5221
84.7508
-0
-0
-0
-0
2.55764
-0
-0
-0
-0
39.0927
-0
-0
-0
-0
-0
-0
-0
-0
-0
-0
-0
-0
-0
-0
-0
24.5741
-0
-0
-0
5.92007
7.55259
-0
0.7807
-0
-0
16.233
2.85393
20.0677
19.9869
-0
-0
-0
-0
-0
-0
-0
-0
-0
-0
-0
-0
22.3958
-0
39.4462
-0
-0
-0
-0
-0
33.0385
-0
16.7955
-0
22.232
-0
-0
19.0976
-0
9.45509
56.3571
-0
-0
21.4387
-0
17.2505
-0
-0
-0
-0
17.4125
-0
9.2731
15.9881
-0
-0
38.0847
16.7048
-0
-0
16.4923
-0
-0
-0
-0
0.0630561
-0
-0
3.7776
-0
-0
9.82723
-0
-0
0.49472
-0
-0
18.0119
4.34179
0.539596
3.65588
-0
20.3596
25.9337
-0
-0
-0
16.1849
-0
-0
-0
-0
-0
-0
33.2053
-0
-0
-0
40.7329
-0
11.5674
-0
-0
11.6294
-0
-0
-0
2.89337
-0
-0
-0
-0
5.3006
-0
-0
-0
19.4099
6.31919
11.0114
-0
-0
-0
-0
51.5906
-0
-0
-0
-0
-0
-0
-0
-0
19.3159
-0
10.1024
9.93593
-0
-0
-0
-0
28.4756
-0
-0
-0
28.5586
-0
39.617
50.5781
5.98026
3.12809
-0
-0
-0
-0
1.37757
-0
32.6176
16.3744
-0
1.3093
-0
-0
-0
-0
-0
27.6711
3.05936
14.0826
-0
-0
-0
-0
36.5543
-0
-0
-0
24.2079
12.848
1.91327
-0
-0
-0
-0
-0
-0
-0
-0
3.65778
-0
-0
-0
-0
-0
-0
-0
-0
-0
-0
-0
-0
-0
3.60596
-0
-0
-0
-0
-0
-0
-0
-0
-0
-0
-0
-0
-0
-0
-0
6.10197
-0
-0
28.051
-0
-0
-0
38.7173
-0
-0
-0
-0
-0
-0
11.139
-0
-0
-0
-0
8.0865
24.3438
-0
21.1099
14.551
-0
-0
25.1618
-0
20.3566
-0
-0
-0
-0
-0
-0
-0
-0
-0
-0
25.3081
-0
-0
15.2852
37.4456
-0
1.80362
-0
-0
12.6522
36.4327
1.25828
70.1292
-0
-0
-0
-0
-0
-0
-0
-0
-0
32.9347
-0
20.6291
-0
-0
-0
-0
15.1324
8.56915
-0
23.9328
13.2244
-0
-0
-0
29.022
-0
-0
-0
-0
-0
-0
-0
-0
-0
-0
49.3228
-0
-0
-0
-0
-0
-0
-0
-0
-0
5.0691
-0
-0
19.2719
-0
-0
-0
15.5308
-0
-0
-0
-0
-0
-0
22.8007
-0
18.7566
36.75
5.75182
-0
-0
0.684399
-0
-0
-0
-0
-0
-0
-0
-0
-0
7.40586
-0
-0
-0
29.455
-0
-0
-0
-0
-0
47.1269
0.94799
-0
-0
28.5826
-0
47.5044
-0
-0
-0
-0
-0
1.67646
51.9941
-0
-0
19.216
-0
-0
-0
0.899729
12.6562
-0
-0
-0
12.7836
-0
-0
-0
-0
17.7165
8.68196
-0
-0
34.3889
-0
-0
-0
-0
-0
-0
-0
-0
15.5622
-0
14.8509
-0
-0
-0
-0
-0
-0
-0
18.4339
-0
-0
-0
-0
-0
-0
-0
13.4762
-0
-0
-0
-0
-0
-0
12.3577
-0
-0
-0
33.2056
-0
0.804343
-0
-0
-0
-0
82.2896
-0
-0
-0
-0
31.8277
-0
-0
-0
-0
-0
-0
3.22146
-0
2.99258
-0
-0
-0
-0
6.76223
-0
-0
28.9393
-0
11.0404
-0
10.9069
21.5944
-0
10.1713
-0
-0
4.02028
12.2686
-0
3.838
46.728
-0
-0
-0
-0
67.5685
47.2073
-0
13.844
-0
13.7177
-0
-0
-0
-0
-0
-0
-0
-0
-0
-0
21.1462
-0
4.05108
-0
18.8889
-0
-0
-0
3.33056
-0
-0
-0
14.263
-0
-0
-0
-0
-0
-0
-0
11.2954
-0
-0
-0
-0
-0
23.8676
-0
-0
21.8098
-0
32.5473
-0
39.9893
-0
-0
41.0698
33.1831
47.8156
-0
-0
12.3616
31.9712
-0
-0
-0
20.1245
-0
-0
-0
17.5875
-0
9.3866
-0
-0
-0
11.8938
-0
-0
26.8716
-0
-0
-0
-0
-0
-0
-0
-0
-0
-0
-0
15.1797
-0
-0
5.32435
-0
-0
-0
-0
-0
-0
27.491
9.75651
-0
-0
-0
-0
-0
-0
-0
-0
-0
-0
-0
0.335782
-0
-0
-0
-0
1.65202
19.0158
-0
-0
-0
-0
-0
-0
-0
-0
-0
-0
-0
-0
-0
-0
-0
41.0066
-0
-0
9.10626
9.69055
-0
-0
-0
-0
-0
19.0472
-0
36.7467
-0
5.48962
-0
-0
-0
-0
25.7418
-0
-0
-0
-0
-0
-0
-0
-0
-0
-0
-0
-0
-0
-0
-0
-0
-0
-0
31.7619
-0
-0
-0
-0
-0
-0
-0
-0
14.365
-0
-0
-0
-0
-0
6.78369
-0
-0
5.1672
-0
51.1671
-0
0.02238
18.1978
2.26645
19.0285
-0
-0
-0
-0
-0
-0
-0
-0
-0
-0
-0
12.0562
-0
-0
-0
-0
-0
-0
-0
-0
-0
-0
-0
4.00975
-0
12.2907
42.802
-0
14.3363
-0
-0
-0
-0
-0
9.85833
-0
-0
-0
-0
2.94106
49.062
-0
-0
-0
-0
-0
-0
-0
-0
-0
-0
-0
-0
-0
-0
-0
-0
0.60483
-0
-0
-0
-0
-0
-0
13.0989
24.662
-0
-0
-0
-0
-0
32.1751
-0
-0
-0
-0
18.0329
-0
-0
31.6184
-0
32.5635
4.18521
-0
24.8124
-0
-0
-0
-0
-0
-0
-0
-0
-0
-0
-0
-0
-0
38.4244
10.2581
-0
4.94071
-0
-0
-0
-0
14.012
-0
-0
-0
-0
-0
-0
0.252083
5.51053
-0
-0
3.16967
19.7285
4.75512
-0
10.2212
27.4451
-0
-0
11.1042
-0
-0
-0
-0
-0
61.1544
-0
-0
14.3771
-0
16.6146
15.3512
5.72556
-0
-0
-0
-0
-0
-0
-0
-0
26.4981
-0
-0
-0
-0
0.0323839
-0
-0
-0
-0
-0
-0
44.5957
-0
-0
-0
-0
-0
-0
-0
-0
-0
22.9906
11.5611
-0
-0
-0
-0
-0
-0
-0
6.65805
2.59004
-0
-0
-0
23.861
19.0584
-0
-0
-0
2.26682
-0
-0
-0
6.97493
-0
-0
-0
1.08409
-0
12.1491
-0
-0
-0
-0
-0
-0
-0
1.02866
-0
-0
-0
-0
-0
-0
-0
-0
-0
-0
-0
-0
3.89472
-0
-0
-0
35.1301
-0
-0
-0
-0
5.1714
1.85551
-0
-0
-0
-0
-0
-0
-0
-0
-0
-0
-0
15.3433
1.8072
-0
-0
4.14511
-0
-0
-0
-0
-0
-0
4.11478
-0
10.7937
-0
-0
-0
-0
-0
-0
-0
19.7901
-0
-0
-0
-0
-0
-0
-0
-0
14.5604
-0
-0
-0
-0
-0
-0
3.93156
-0
1.70157
-0
33.848
17.3461
41.8887
5.15477
12.4003
22.0474
-0
27.7047
-0
-0
69.8296
6.9073
-0
19.1454
-0
-0
-0
-0
-0
-0
0.147525
-0
-0
5.43179
-0
-0
-0
-0
-0
-0
-0
-0
-0
-0
-0
-0
30.7747
-0
-0
-0
-0
7.43864
-0
-0
16.0645
-0
-0
-0
-0
-0
-0
-0
-0
-0
-0
-0
-0
-0
-0
-0
34.5198
-0
-0
28.1485
25.3431
32.594
-0
6.90824
-0
-0
5.43227
-0
3.23183
3.94136
-0
-0
-0
-0
-0
-0
-0
-0
-0
-0
14.917
-0
-0
-0
20.9139
-0
-0
-0
2.2339
-0
-0
23.9473
-0
-0
-0
-0
-0
14.1615
12.9313
-0
55.0096
-0
-0
13.4515
19.3052
36.9998
-0
-0
23.1874
-0
-0
-0
-0
-0
20.9346
38.5886
30.1376
-0
25.0662
11.4928
-0
23.7226
-0
18.737
-0
-0
-0
-0
-0
-0
-0
9.51009
-0
-0
-0
-0
-0
-0
-0
-0
32.6158
-0
-0
-0
-0
-0
-0
-0
-0
-0
-0
-0
2.57795
-0
-0
2.15577
1.56711
-0
56.7152
-0
-0
23.8862
-0
-0
-0
4.32982
-0
-0
-0
-0
-0
0.943891
-0
-0
-0
-0
26.0715
52.7381
34.4869
25.5156
35.1934
-0
30.4645
64.8918
3.90102
-0
-0
-0
-0
-0
-0
4.35699
-0
-0
23.5614
-0
12.0309
-0
-0
-0
-0
-0
29.3449
-0
-0
-0
-0
-0
-0
-0
-0
-0
-0
-0
31.0811
-0
-0
-0
-0
-0
24.2414
20.9947
18.6238
-0
-0
-0
-0
-0
-0
-0
-0
-0
-0
45.5409
-0
28.023
-0
-0
-0
-0
-0
-0
-0
-0
-0
-0
-0
-0
4.93602
-0
-0
28.3515
-0
-0
9.4495
-0
21.531
-0
-0
-0
-0
-0
-0
-0
-0
8.60534
15.3816
-0
-0
59.8289
-0
18.3196
-0
-0
-0
12.0163
-0
-0
-0
-0
-0
-0
-0
18.6757
-0
-0
13.176
-0
-0
41.5642
-0
-0
-0
-0
11.4442
-0
-0
24.4643
-0
5.82854
-0
44.589
-0
21.7487
-0
-0
67.44
13.2411
-0
-0
-0
-0
26.2465
-0
24.3062
18.1661
17.5667
-0
-0
-0
-0
-0
-0
-0
-0
16.0735
-0
-0
3.14367
-0
-0
-0
65.8334
84.4699
22.0059
-0
-0
-0
-0
-0
-0
4.32617
13.4673
-0
-0
-0
-0
-0
-0
-0
-0
3.15929
-0
-0
20.5694
-0
-0
-0
-0
-0
-0
-0
-0
-0
-0
43.6955
4.11399
-0
37.2086
-0
-0
-0
-0
-0
-0
-0
-0
-0
-0
-0
-0
-0
-0
-0
-0
-0
-0
8.4086
-0
-0
10.9977
-0
6.36405
-0
-0
-0
-0
-0
16.8958
-0
-0
7.0552
-0
-0
-0
-0
-0
-0
-0
13.1638
-0
-0
45.0838
17.6761
-0
-0
3.14013
-0
-0
-0
-0
27.4006
5.08447
-0
-0
-0
-0
-0
-0
-0
-0
-0
5.30348
27.8092
43.4895
-0
-0
-0
-0
-0
11.305
-0
-0
-0
-0
-0
-0
0.213452
66.613
-0
1.80109
-0
12.6104
-0
-0
-0
-0
12.1103
-0
-0
18.2404
-0
-0
-0
36.6255
-0
-0
-0
-0
51.1724
14.6791
12.6617
-0
8.34723
-0
-0
-0
-0
-0
-0
5.16392
-0
-0
-0
-0
-0
-0
-0
-0
-0
-0
-0
16.2231
-0
-0
-0
-0
-0
-0
-0
-0
-0
-0
10.4135
-0
-0
-0
9.61576
-0
-0
9.82518
5.49006
32.8763
-0
-0
-0
-0
-0
-0
20.3824
-0
-0
-0
-0
-0
8.8091
8.45574
-0
-0
-0
46.5036
-0
-0
30.4123
-0
-0
-0
29.9415
14.1205
-0
60.8642
-0
-0
-0
-0
-0
-0
-0
-0
2.44876
-0
3.18021
-0
-0
-0
-0
-0
-0
-0
0.621059
-0
-0
-0
-0
-0
-0
-0
-0
-0
-0
11.3562
-0
-0
-0
-0
-0
-0
-0
-0
-0
-0
-0
0.319842
-0
-0
17.2558
-0
-0
-0
9.68648
-0
-0
-0
-0
-0
-0
-0
-0
33.2734
1.82498
-0
-0
-0
18.7764
-0
-0
-0
-0
-0
-0
15.9168
-0
-0
-0
-0
-0
-0
-0
-0
53.1417
-0
0.682489
-0
-0
-0
19.3172
-0
-0
-0
-0
-0
12.5288
-0
-0
-0
-0
9.69452
-0
-0
-0
7.30818
-0
-0
-0
-0
-0
16.8103
-0
-0
-0
-0
-0
-0
-0
23.0036
30.008
-0
32.3156
-0
-0
-0
-0
-0
50.5285
10.8629
-0
-0
9.51064
-0
0.917619
-0
-0
-0
-0
24.457
-0
-0
-0
5.89026
31.2159
-0
-0
52.1024
-0
-0
-0
-0
-0
-0
-0
-0
-0
-0
1.20961
-0
-0
-0
-0
27.2805
-0
-0
-0
-0
-0
26.3914
-0
-0
-0
26.7264
-0
25.1653
-0
-0
-0
15.6598
20.1373
-0
27.427
-0
-0
-0
20.2436
-0
-0
4.19338
-0
-0
-0
-0
-0
40.3267
-0
4.7842
5.62588
-0
-0
-0
56.8458
-0
8.25676
-0
-0
2.05934
-0
-0
28.1422
26.0244
-0
9.5728
19.8663
4.74605
-0
3.57949
-0
-0
-0
-0
-0
-0
-0
-0
-0
-0
-0
5.03822
-0
1.70534
-0
-0
32.3689
33.5911
-0
-0
-0
39.5426
15.1569
-0
-0
-0
-0
-0
-0
-0
-0
-0
-0
-0
-0
-0
-0
6.36472
-0
-0
49.9211
-0
-0
-0
-0
-0
11.9852
-0
-0
-0
45.7388
-0
-0
32.4716
-0
-0
20.3574
-0
-0
5.31212
-0
-0
-0
7.24272
-0
-0
-0
1.71373
21.9088
-0
-0
-0
-0
8.96646
-0
-0
2.13729
-0
-0
-0
-0
-0
-0
-0
-0
-0
-0
18.6945
-0
22.6602
-0
13.13
29.2443
-0
-0
-0
-0
-0
-0
3.74482
-0
-0
-0
-0
-0
-0
-0
1.86741
14.7851
-0
1.83828
-0
-0
-0
-0
-0
4.1588
10.4882
-0
4.87791
-0
-0
-0
-0
-0
4.70114
-0
-0
13.7752
-0
-0
-0
-0
-0
-0
-0
-0
21.2596
-0
-0
-0
-0
-0
-0
-0
-0
-0
-0
-0
-0
-0
-0
-0
15.7904
-0
-0
-0
24.6185
-0
-0
26.7665
-0
-0
-0
-0
-0
-0
-0
-0
-0
-0
-0
22.7374
-0
6.5902
-0
-0
71.4374
-0
5.42898
-0
-0
-0
-0
-0
-0
-0
-0
-0
22.174
9.75894
-0
-0
-0
22.8821
-0
20.8465
18.9329
-0
19.1638
46.3563
13.3187
-0
-0
-0
-0
-0
-0
-0
-0
-0
-0
-0
17.4765
9.00919
17.3892
-0
6.87695
13.3896
5.29642
24.048
9.01982
4.13749
-0
2.22483
55.1155
0.38035
-0
-0
-0
-0
-0
-0
-0
-0
-0
-0
-0
-0
2.67023
-0
-0
-0
-0
-0
-0
-0
12.046
8.20507
16.5893
0.509114
0.861805
3.58935
-0
-0
-0
13.241
-0
-0
-0
-0
-0
-0
2.70542
14.2064
-0
34.4808
-0
-0
-0
2.63724
-0
-0
24.7426
-0
-0
0.912442
-0
-0
-0
-0
-0
0.836136
-0
-0
6.07862
-0
48.4097
-0
44.5452
-0
11.5197
-0
1.22118
-0
20.7556
-0
-0
-0
-0
-0
-0
-0
20.8388
28.1106
-0
-0
-0
2.74951
-0
-0
-0
-0
-0
-0
-0
-0
-0
-0
-0
-0
-0
-0
36.0264
-0
-0
-0
-0
-0
-0
-0
25.6843
-0
66.3835
30.392
-0
24.8946
14.7396
5.00003
-0
-0
-0
-0
-0
-0
26.1243
-0
-0
-0
10.6794
-0
-0
-0
-0
-0
-0
-0
-0
-0
-0
-0
-0
-0
-0
5.93971
9.19468
-0
-0
-0
-0
1.62489
-0
-0
-0
-0
-0
-0
51.6777
22.4623
-0
-0
-0
9.41228
-0
-0
-0
47.1271
-0
-0
6.25483
-0
-0
3.91965
-0
14.5931
-0
-0
-0
-0
-0
-0
11.2555
-0
2.17248
-0
34.1223
-0
20.1224
21.2791
-0
-0
-0
-0
0.639935
-0
10.7842
-0
48.0863
12.7652
-0
-0
-0
-0
-0
-0
-0
-0
-0
-0
-0
-0
-0
-0
-0
-0
-0
-0
-0
-0
-0
-0
-0
-0
6.42798
-0
10.6485
-0
6.0469
-0
-0
11.7224
-0
-0
-0
-0
28.3045
-0
4.50824
-0
-0
31.2676
53.3789
23.412
15.7124
-0
-0
-0
-0
-0
-0
-0
-0
-0
51.2994
-0
14.2909
-0
-0
-0
-0
-0
34.1298
-0
-0
20.3627
51.7422
6.90811
42.343
-0
0.365651
-0
-0
10.5171
-0
-0
-0
14.8462
-0
-0
4.35527
7.02667
-0
-0
-0
18.0037
4.65087
-0
42.776
-0
-0
-0
-0
2.5325
-0
-0
0.290432
42.2663
5.35987
-0
-0
-0
-0
-0
11.5392
49.0499
-0
-0
-0
-0
13.6983
15.4955
-0
22.2731
47.597
-0
-0
-0
-0
16.3467
-0
-0
-0
-0
4.90607
48.5181
-0
-0
1.83598
2.20243
4.89857
43.9679
17.7535
45.6444
-0
16.8188
-0
-0
-0
-0
-0
-0
42.2824
-0
-0
-0
10.0526
-0
-0
-0
49.1399
8.75618
-0
-0
-0
-0
-0
23.4372
-0
-0
14.9964
-0
-0
-0
-0
7.01446
-0
11.4697
1.42656
1.86169
-0
-0
17.4736
55.673
-0
5.20016
-0
-0
-0
-0
-0
-0
10.2789
-0
-0
-0
53.2744
-0
-0
-0
-0
-0
16.3022
14.9953
-0
-0
-0
2.34898
12.1274
25.3566
-0
-0
-0
-0
-0
-0
-0
-0
2.73244
-0
-0
-0
-0
-0
-0
8.02276
-0
-0
-0
-0
2.25291
28.5177
-0
-0
-0
-0
-0
-0
-0
11.7039
-0
-0
-0
-0
17.8155
-0
-0
-0
-0
-0
16.6354
-0
-0
33.6817
-0
-0
-0
-0
-0
47.1288
-0
-0
-0
-0
-0
-0
-0
-0
-0
-0
-0
10.1999
10.1197
-0
-0
-0
8.82239
-0
55.6063
-0
-0
-0
-0
-0
10.2559
1.25154
-0
-0
-0
-0
-0
38.2174
-0
-0
2.77489
-0
-0
-0
-0
-0
10.7804
-0
-0
-0
-0
8.57065
-0
-0
26.0005
4.62935
-0
-0
-0
-0
8.46309
-0
-0
-0
-0
6.8452
13.2229
-0
-0
-0
-0
-0
-0
-0
11.1949
-0
-0
-0
-0
9.57292
-0
-0
29.7991
-0
-0
37.8616
-0
-0
-0
-0
12.1758
-0
-0
-0
-0
4.32994
-0
-0
-0
-0
-0
-0
-0
-0
26.0111
-0
-0
-0
-0
-0
-0
3.45865
-0
-0
-0
-0
-0
-0
11.9705
-0
-0
49.328
23.2997
1.96044
-0
34.0167
-0
-0
6.2579
-0
-0
18.4562
-0
21.3455
27.9787
5.95701
21.9153
38.832
4.16242
-0
-0
-0
-0
-0
27.718
-0
-0
-0
-0
-0
-0
-0
-0
-0
-0
16.0482
-0
-0
-0
-0
-0
0.536082
3.49097
-0
-0
-0
-0
-0
-0
-0
-0
-0
-0
-0
-0
9.59117
21.0975
-0
-0
-0
-0
-0
15.4784
-0
-0
-0
-0
-0
-0
40.69
-0
-0
-0
3.20536
-0
-0
63.6508
-0
-0
-0
-0
14.5517
3.49693
-0
0.158581
15.7726
-0
-0
-0
-0
8.71653
8.23635
-0
-0
31.8372
-0
-0
7.3963
-0
-0
-0
9.07282
-0
-0
-0
10.692
-0
-0
-0
-0
-0
-0
17.8638
-0
-0
3.53153
12.1726
-0
-0
13.1716
-0
-0
9.38544
-0
-0
37.3512
1.1192
-0
-0
2.83524
-0
5.78247
-0
11.6184
-0
-0
18.9451
-0
7.76576
-0
-0
-0
-0
-0
67.42
-0
-0
-0
37.6801
-0
7.76973
-0
34.6977
44.6086
-0
-0
-0
-0
15.563
6.97518
-0
-0
-0
-0
-0
-0
-0
65.029
-0
3.06897
3.61564
33.733
-0
7.65729
-0
-0
33.0871
-0
29.4198
-0
-0
-0
-0
23.4587
-0
-0
-0
-0
-0
-0
-0
-0
23.8781
-0
-0
-0
-0
0.225739
-0
-0
-0
-0
-0
1.67322
-0
-0
-0
-0
-0
-0
15.7087
-0
-0
-0
9.54221
18.3425
-0
-0
-0
-0
-0
49.755
0.686856
1.37084
-0
-0
-0
32.454
-0
-0
-0
-0
22.5821
-0
-0
53.4767
-0
-0
-0
1.73676
-0
42.2187
28.7991
4.58034
-0
26.5182
2.89521
-0
-0
-0
-0
-0
12.0986
-0
-0
-0
-0
34.4155
1.28488
-0
-0
-0
3.63286
-0
-0
-0
-0
-0
-0
-0
-0
-0
-0
-0
-0
-0
-0
-0
-0
-0
-0
-0
-0
1.88523
-0
-0
-0
2.64328
63.8074
6.22419
50.8263
6.44264
-0
-0
-0
-0
-0
-0
-0
2.77369
-0
-0
31.1557
30.0403
-0
9.31274
-0
-0
40.6082
-0
9.07915
-0
7.73803
-0
-0
-0
-0
-0
-0
-0
-0
48.3551
-0
-0
12.1353
-0
3.25277
-0
0.51099
-0
-0
-0
22.8215
8.26203
-0
43.2067
-0
16.4111
-0
39.3407
-0
-0
31.4071
44.7619
-0
-0
4.6905
-0
16.3622
-0
-0
28.7102
-0
25.2954
57.9708
-0
-0
3.49134
0.0062952
-0
22.5193
-0
-0
-0
-0
-0
-0
-0
-0
5.39878
-0
32.7052
-0
-0
-0
-0
-0
36.2651
19.6682
17.6966
-0
-0
50.7869
-0
-0
-0
2.67567
-0
-0
-0
-0
-0
-0
-0
-0
-0
52.0809
-0
-0
-0
-0
11.3027
31.1877
-0
-0
-0
-0
-0
-0
38.3783
19.5251
9.58858
-0
54.309
-0
47.5241
-0
-0
-0
51.1819
-0
-0
-0
-0
-0
-0
-0
-0
