-0
-0
-0
-0
-0
3.98358
-0
-0
17.7526
-0
20.3352
-0
-0
-0
-0
-0
17.8422
-0
-0
-0
-0
16.1179
-0
-0
17.0754
23.2332
-0
-0
-0
-0
-0
-0
-0
-0
6.53148
-0
-0
-0
-0
-0
-0
-0
-0
0.596333
-0
-0
-0
-0
-0
-0
-0
-0
-0
-0
-0
-0
-0
2.24342
16.2555
9.28983
-0
-0
20.3158
-0
7.13092
-0
-0
-0
0.902545
0.168175
-0
-0
6.57838
-0
-0
1.34975
37.0854
-0
-0
-0
-0
44.7945
-0
-0
-0
8.96696
-0
14.3623
-0
-0
80.0983
-0
-0
-0
16.2135
-0
17.2067
-0
0.062538
-0
-0
-0
-0
17.214
-0
-0
26.0895
26.5623
-0
-0
-0
-0
0.549049
-0
-0
12.3564
-0
-0
5.02004
49.8648
18.0829
-0
8.36457
29.3959
-0
-0
-0
-0
-0
-0
-0
-0
21.9843
-0
-0
-0
14.3192
8.47985
-0
-0
5.67266
2.89959
20.7241
-0
-0
-0
-0
-0
-0
-0
-0
-0
-0
-0
4.64178
-0
-0
-0
-0
-0
4.28834
-0
-0
-0
-0
-0
17.5982
-0
-0
14.3923
23.4529
-0
10.8946
-0
2.89297
-0
-0
-0
-0
-0
-0
-0
-0
-0
-0
19.3623
-0
-0
17.0708
-0
-0
61.5519
43.4812
2.86554
-0
-0
12.2199
7.84629
-0
-0
-0
0.789658
26.1658
-0
-0
-0
26.8334
-0
-0
-0
-0
-0
-0
-0
-0
5.17961
3.22139
-0
-0
-0
15.2648
-0
-0
-0
-0
-0
-0
-0
-0
20.9347
-0
-0
-0
-0
-0
-0
-0
-0
-0
13.4644
-0
-0
-0
-0
-0
-0
24.8583
-0
-0
-0
-0
-0
-0
7.99173
25.4989
-0
-0
12.8823
-0
-0
-0
-0
5.22932
14.1113
19.9254
-0
-0
-0
-0
-0
-0
27.5479
14.2067
19.2191
-0
-0
-0
-0
-0
-0
20.4529
0.487542
-0
17.6267
-0
-0
33.3975
-0
-0
-0
-0
-0
-0
-0
27.6275
-0
-0
-0
0.137773
59.8526
-0
-0
5.60139
-0
20.8856
-0
-0
-0
17.0287
-0
-0
-0
-0
-0
9.59612
1.56468
-0
-0
-0
-0
-0
-0
27.2901
16.3029
-0
-0
-0
-0
-0
-0
-0
-0
-0
-0
-0
-0
-0
-0
-0
22.1856
-0
-0
2.34969
-0
-0
-0
-0
0.460096
29.9894
-0
-0
-0
2.34018
-0
36.9304
-0
-0
-0
-0
0.0556793
1.79552
-0
-0
7.47126
-0
1.17194
-0
-0
-0
-0
-0
-0
0.0885825
-0
-0
6.21342
11.5061
-0
-0
-0
-0
-0
29.6767
-0
-0
-0
-0
-0
-0
-0
-0
-0
-0
-0
-0
-0
-0
-0
-0
3.44115
-0
-0
-0
-0
-0
-0
-0
-0
-0
-0
-0
-0
-0
-0
8.00935
-0
-0
-0
-0
-0
42.0784
-0
-0
-0
-0
4.94747
-0
16.2762
31.7796
-0
-0
-0
20.7313
-0
-0
-0
12.4117
-0
-0
7.88104
-0
5.56815
-0
-0
-0
-0
-0
3.90551
-0
-0
13.0011
-0
-0
-0
16.6512
46.2284
-0
5.42881
-0
-0
-0
-0
-0
-0
-0
-0
-0
-0
6.49961
-0
-0
-0
-0
-0
-0
-0
1.5579
-0
-0
-0
-0
-0
-0
-0
-0
-0
-0
-0
-0
-0
44.4652
-0
-0
-0
-0
4.18777
40.4229
-0
-0
5.59045
-0
-0
-0
-0
-0
-0
45.346
-0
-0
-0
-0
-0
34.5514
-0
-0
-0
-0
11.177
-0
-0
-0
-0
-0
-0
-0
-0
17.1981
-0
-0
-0
-0
-0
-0
-0
40.2812
-0
-0
2.50071
1.53698
-0
-0
-0
-0
-0
-0
-0
6.90958
-0
-0
9.83306
-0
-0
-0
-0
16.8786
3.46737
-0
-0
7.73291
-0
-0
-0
1.65134
-0
-0
-0
-0
-0
-0
-0
-0
0.19854
8.53516
-0
25.8818
-0
-0
-0
-0
-0
-0
-0
-0
-0
-0
-0
-0
0.597303
-0
28.132
-0
-0
-0
-0
-0
14.2652
-0
-0
-0
0.758563
-0
-0
-0
-0
-0
-0
-0
-0
-0
4.94749
-0
-0
5.91432
-0
-0
-0
-0
1.34702
-0
-0
-0
-0
-0
9.92209
-0
-0
-0
-0
-0
-0
-0
27.9489
-0
-0
-0
-0
-0
-0
-0
-0
-0
-0
-0
-0
-0
-0
-0
14.1134
-0
-0
-0
-0
-0
-0
12.8436
-0
-0
-0
-0
-0
-0
-0
1.87043
30.66
3.7381
14.7387
0.294005
-0
-0
-0
0.983236
-0
-0
-0
7.48803
-0
-0
-0
0.0365036
20.2475
-0
11.4816
3.19085
-0
-0
13.5407
-0
-0
-0
-0
-0
-0
-0
-0
-0
-0
-0
-0
-0
-0
43.3918
-0
-0
8.82903
37.9546
-0
-0
-0
-0
-0
-0
-0
-0
2.25378
-0
13.2912
-0
-0
-0
-0
-0
-0
20.2809
-0
-0
-0
-0
-0
-0
-0
-0
-0
-0
15.1469
-0
-0
-0
1.65513
-0
-0
-0
-0
-0
-0
-0
10.2745
-0
-0
-0
28.6204
9.70494
-0
-0
-0
30.0743
4.18769
-0
-0
20.96
-0
-0
-0
-0
2.67683
-0
8.23929
21.4338
-0
-0
-0
-0
-0
-0
10.5525
-0
-0
-0
-0
-0
-0
-0
-0
-0
-0
-0
-0
-0
32.4422
-0
-0
-0
-0
19.1796
-0
52.8837
-0
-0
-0
19.9828
-0
-0
-0
-0
-0
-0
-0
-0
3.39253
30.3275
-0
-0
-0
-0
-0
-0
29.0764
-0
-0
-0
9.62157
-0
-0
-0
-0
-0
-0
15.6722
9.6069
-0
-0
12.4625
-0
1.94128
27.6985
-0
-0
-0
41.5562
-0
-0
9.3313
-0
-0
-0
-0
2.82413
-0
-0
-0
12.9158
-0
-0
5.48257
-0
-0
-0
26.7046
-0
-0
12.865
-0
-0
-0
-0
-0
-0
-0
-0
-0
-0
-0
-0
-0
8.93934
10.561
13.6616
-0
-0
-0
-0
1.84556
20.7711
-0
-0
-0
3.43796
11.3177
21.1086
13.72
22.8659
-0
-0
7.33638
-0
-0
-0
-0
-0
-0
22.8462
7.74586
4.94784
-0
-0
22.0446
-0
-0
-0
-0
-0
-0
21.1517
-0
-0
-0
-0
0.921399
20.6719
-0
28.4076
-0
-0
-0
-0
-0
-0
-0
-0
-0
-0
-0
30.5257
-0
7.46451
-0
-0
-0
-0
-0
22.7239
28.6401
-0
-0
-0
-0
-0
-0
-0
-0
-0
-0
-0
-0
-0
5.19572
25.322
-0
1.28
-0
-0
-0
-0
10.7783
7.3527
-0
33.6867
-0
-0
-0
24.6293
-0
-0
-0
-0
-0
-0
-0
20.7094
-0
-0
-0
-0
-0
-0
-0
-0
-0
-0
-0
-0
-0
-0
-0
-0
-0
25.3687
-0
-0
-0
19.1508
-0
-0
-0
-0
-0
-0
-0
29.2441
-0
-0
11.5838
-0
-0
-0
-0
10.2129
-0
-0
-0
-0
-0
-0
-0
4.75204
10.8427
-0
-0
-0
-0
-0
-0
-0
-0
-0
-0
-0
-0
-0
-0
15.1788
22.8497
-0
-0
-0
-0
-0
6.6868
-0
-0
-0
-0
0.771846
0.40031
-0
-0
-0
25.866
-0
-0
-0
-0
-0
5.8769
24.6744
-0
23.8968
-0
-0
-0
-0
-0
-0
-0
-0
5.26423
-0
-0
-0
-0
-0
-0
-0
-0
12.8003
-0
-0
-0
-0
27.0062
-0
-0
-0
7.65662
-0
18.5182
-0
-0
-0
-0
6.53805
-0
-0
-0
-0
-0
-0
-0
-0
-0
-0
-0
-0
-0
15.591
-0
-0
-0
-0
46.2528
-0
-0
-0
-0
-0
-0
-0
-0
-0
-0
5.71143
-0
1.9301
-0
5.53422
-0
-0
-0
-0
-0
-0
0.39535
-0
-0
-0
16.1481
-0
-0
-0
-0
13.0826
9.63619
-0
-0
-0
-0
-0
-0
-0
27.0201
-0
-0
1.97187
-0
0.0963216
-0
7.04617
-0
-0
-0
-0
-0
22.5316
-0
0.81707
-0
-0
-0
-0
-0
0.0161632
-0
36.882
42.2564
23.8999
-0
-0
-0
-0
-0
-0
-0
-0
-0
-0
-0
-0
-0
16.7334
-0
-0
-0
-0
11.9935
-0
-0
13.3641
-0
-0
-0
-0
-0
-0
-0
18.3047
-0
-0
-0
-0
-0
-0
-0
-0
-0
-0
-0
-0
-0
-0
1.00874
-0
-0
32.9097
-0
-0
-0
-0
15.4822
-0
-0
-0
-0
-0
-0
-0
-0
-0
-0
-0
-0
12.1876
-0
-0
-0
-0
-0
-0
18.8932
-0
-0
-0
27.5692
-0
-0
1.69227
-0
6.81261
-0
-0
-0
13.8122
-0
-0
-0
7.99836
-0
-0
-0
-0
9.39009
-0
-0
-0
17.9885
-0
-0
-0
-0
23.7465
-0
6.83549
-0
-0
25.1058
50.9261
-0
25.0934
35.1569
-0
81.2641
-0
-0
-0
-0
-0
-0
-0
7.1153
-0
-0
9.47051
9.02363
15.0942
-0
-0
36.5784
-0
0.357885
-0
0.674127
-0
-0
-0
-0
-0
1.15646
-0
16.7291
34.3896
8.76543
-0
-0
-0
8.03706
-0
12.7002
-0
-0
-0
-0
-0
17.2392
-0
-0
-0
0.0447106
-0
22.0632
34.0075
-0
-0
3.30672
24.394
7.42952
7.40782
-0
-0
-0
-0
-0
1.64512
-0
-0
-0
-0
-0
-0
-0
-0
-0
-0
-0
-0
-0
-0
2.34874
41.0553
-0
-0
-0
-0
-0
4.99226
-0
21.3934
-0
-0
10.9469
-0
-0
-0
-0
-0
8.34365
-0
36.9617
7.40155
-0
-0
9.75938
14.5753
-0
43.8135
-0
-0
-0
-0
35.8792
0.183532
-0
-0
-0
-0
-0
-0
-0
6.47016
-0
-0
-0
-0
13.4766
-0
-0
-0
-0
-0
-0
-0
6.39753
-0
-0
-0
7.57049
-0
-0
3.53015
-0
0.483769
5.20252
-0
-0
-0
-0
-0
1.63376
-0
-0
-0
7.2318
-0
-0
-0
1.41618
-0
64.8339
-0
-0
-0
-0
-0
-0
-0
-0
-0
-0
-0
-0
-0
-0
-0
-0
-0
-0
-0
-0
70.7953
-0
-0
-0
-0
-0
-0
-0
-0
-0
-0
-0
-0
-0
-0
16.2421
-0
-0
-0
4.85197
4.47191
-0
-0
-0
-0
-0
-0
-0
7.73624
-0
-0
-0
-0
-0
-0
1.96202
-0
-0
-0
17.273
-0
-0
-0
-0
-0
-0
-0
-0
-0
-0
0.91581
-0
-0
-0
-0
47.7087
5.64511
-0
-0
7.31315
-0
-0
-0
-0
-0
-0
-0
9.7079
-0
-0
-0
-0
-0
-0
-0
0.473557
-0
-0
-0
-0
-0
-0
3.12463
-0
-0
-0
-0
-0
-0
-0
-0
-0
19.8886
-0
-0
21.1093
-0
-0
6.85168
-0
-0
-0
-0
-0
-0
-0
-0
-0
-0
-0
-0
-0
12.2593
-0
-0
-0
12.8016
-0
-0
-0
-0
18.061
-0
-0
3.58524
-0
-0
6.55191
-0
-0
-0
-0
-0
-0
-0
-0
-0
-0
-0
-0
-0
-0
-0
-0
29.7479
-0
2.16302
41.8306
-0
-0
-0
-0
-0
-0
18.244
9.94987
34.8387
10.1644
-0
-0
-0
22.5106
-0
-0
-0
-0
-0
-0
-0
13.2645
-0
-0
-0
-0
-0
5.42069
28.9522
-0
-0
-0
-0
-0
27.2143
-0
9.67076
-0
-0
-0
-0
29.0679
17.45
7.36002
33.835
46.0331
-0
17.1811
-0
2.19107
-0
-0
-0
22.4107
-0
10.7727
15.1849
-0
2.98651
-0
-0
-0
-0
-0
-0
-0
19.7896
-0
-0
-0
-0
-0
-0
-0
-0
-0
-0
-0
-0
-0
-0
-0
22.3413
-0
-0
-0
-0
-0
-0
-0
-0
-0
1.83374
15.8448
-0
-0
1.27989
-0
-0
-0
-0
-0
-0
-0
-0
-0
-0
7.94768
-0
-0
-0
-0
-0
-0
33.865
-0
-0
-0
-0
-0
-0
-0
-0
-0
-0
-0
19.9245
-0
-0
24.1695
-0
-0
-0
-0
-0
41.2316
-0
23.6645
-0
-0
-0
-0
-0
-0
-0
-0
0.575104
-0
24.8999
-0
-0
3.47958
-0
-0
-0
-0
-0
-0
7.64074
35.1081
-0
-0
4.18342
-0
-0
2.01487
4.93466
-0
-0
-0
-0
-0
-0
42.6823
44.7803
-0
-0
-0
-0
-0
-0
-0
-0
-0
-0
6.47372
-0
-0
-0
3.96352
-0
-0
1.129
-0
-0
-0
-0
0.151578
-0
-0
-0
-0
-0
18.3998
6.46644
-0
0.856633
-0
-0
-0
-0
-0
-0
-0
5.53422
-0
-0
13.1819
-0
-0
-0
-0
-0
-0
-0
-0
-0
-0
-0
-0
-0
-0
-0
-0
-0
-0
-0
-0
-0
-0
-0
-0
-0
5.67572
-0
-0
-0
-0
-0
12.7766
14.1492
17.9063
5.29195
-0
-0
18.8248
-0
-0
-0
-0
-0
0.255957
-0
41.4741
-0
12.4986
-0
-0
-0
-0
-0
-0
22.2146
30.0861
-0
-0
-0
4.08196
-0
-0
9.6917
-0
-0
9.88883
0.407957
-0
-0
-0
15.8056
-0
28.7791
-0
-0
-0
-0
-0
17.7651
-0
36.4494
-0
7.17307
24.2742
24.0846
1.8864
-0
29.3113
-0
-0
35.4428
-0
0.0914627
-0
-0
-0
1.42591
-0
-0
-0
-0
-0
-0
-0
-0
-0
-0
11.9788
-0
-0
-0
19.6443
9.74841
-0
11.0978
-0
-0
-0
25.2606
-0
-0
-0
1.78401
1.07122
-0
-0
9.75901
8.37365
-0
17.967
25.4777
-0
-0
-0
-0
-0
-0
-0
-0
9.7718
-0
7.69669
5.06657
-0
-0
48.5704
-0
-0
-0
-0
0.956727
-0
-0
-0
-0
-0
13.9343
44.148
-0
-0
-0
-0
2.2825
-0
29.1253
-0
-0
-0
-0
0.25307
16.0602
14.9043
-0
33.6445
-0
-0
0.996277
-0
18.6362
-0
31.374
-0
-0
20.4474
-0
-0
-0
-0
22.6048
9.54369
19.0523
0.577796
-0
-0
-0
-0
0.0390098
9.86518
41.597
-0
-0
1.64073
-0
-0
16.7681
26.0707
-0
-0
-0
-0
8.03609
-0
-0
6.03514
-0
-0
-0
-0
18.4503
-0
-0
-0
-0
4.27419
-0
-0
2.68759
-0
-0
54.8599
-0
-0
-0
0.0189358
-0
-0
-0
-0
-0
-0
-0
25.8548
-0
-0
-0
-0
11.8078
-0
1.53271
-0
0.687516
-0
-0
-0
-0
-0
-0
-0
-0
-0
-0
-0
-0
-0
41.18
-0
-0
-0
10.0728
-0
-0
-0
9.15338
13.7032
-0
10.121
-0
-0
1.38904
53.1409
-0
7.73398
-0
-0
-0
9.61227
0.562788
-0
6.95761
-0
-0
-0
1.02037
-0
-0
-0
-0
2.74078
1.2112
-0
-0
16.4985
-0
18.6284
0.714072
-0
-0
17.5112
-0
-0
-0
1.18873
-0
-0
-0
-0
-0
-0
-0
-0
-0
-0
37.6013
-0
-0
-0
-0
-0
1.01589
-0
-0
3.506
-0
-0
-0
-0
2.59482
-0
22.0735
8.33421
-0
-0
-0
-0
-0
-0
-0
-0
10.746
12.7309
-0
46.182
-0
18.1388
-0
-0
-0
6.82655
-0
3.50698
0.340828
-0
-0
-0
9.37629
-0
7.39363
-0
-0
-0
-0
15.2792
7.94601
-0
-0
-0
-0
-0
-0
3.03639
16.6469
-0
-0
-0
-0
-0
-0
-0
-0
-0
0.761884
-0
-0
-0
-0
-0
-0
-0
-0
-0
-0
-0
-0
1.94495
-0
4.59609
1.01123
8.03023
-0
8.80625
-0
-0
-0
-0
4.94594
17.3273
-0
19.0125
-0
-0
-0
-0
8.6594
-0
-0
-0
-0
-0
-0
-0
-0
-0
-0
-0
-0
-0
-0
-0
6.43015
-0
2.34299
16.4054
-0
-0
-0
-0
9.68068
-0
-0
15.0945
-0
-0
24.4793
-0
-0
-0
0.720275
-0
-0
8.88577
-0
-0
15.2879
-0
-0
-0
28.3212
1.16514
1.02571
27.977
-0
-0
-0
3.35434
-0
11.2342
-0
-0
-0
2.08429
-0
-0
-0
-0
-0
-0
21.4711
-0
-0
-0
39.7319
-0
-0
5.1763
-0
-0
-0
-0
-0
32.1831
-0
-0
-0
-0
-0
-0
17.9925
-0
-0
-0
-0
-0
-0
-0
-0
-0
-0
-0
-0
-0
-0
-0
-0
-0
-0
-0
-0
-0
-0
1.43934
2.97689
-0
33.6466
-0
-0
-0
1.03624
-0
-0
-0
-0
-0
17.1055
-0
-0
-0
-0
-0
0.874899
23.2039
25.3502
-0
-0
19.307
9.11152
24.5406
-0
-0
-0
1.18601
-0
8.24232
-0
-0
-0
-0
1.64359
-0
-0
-0
-0
-0
-0
-0
-0
-0
-0
-0
-0
-0
16.886
-0
-0
-0
-0
-0
-0
-0
-0
-0
-0
-0
-0
-0
11.0117
-0
-0
-0
26.0546
-0
-0
11.6536
-0
-0
-0
-0
30.2689
-0
-0
-0
-0
-0
-0
-0
-0
-0
-0
-0
-0
3.96682
-0
-0
-0
7.64806
17.7433
42.5016
-0
22.2244
-0
-0
-0
-0
-0
-0
40.298
-0
-0
-0
-0
-0
-0
-0
3.17702
-0
-0
-0
-0
-0
18.3613
-0
-0
-0
-0
-0
20.0763
-0
11.4942
-0
-0
34.7789
-0
-0
27.9535
-0
-0
8.88324
-0
-0
11.5925
-0
-0
-0
15.9632
-0
-0
-0
-0
-0
-0
9.29169
-0
-0
-0
25.4597
27.5087
-0
-0
-0
-0
-0
1.51487
0.658704
8.47441
-0
9.09548
-0
-0
3.54893
-0
0.311154
30.5621
10.851
9.06734
17.8082
-0
-0
-0
16.1396
-0
-0
-0
-0
21.9333
-0
24.4602
34.5732
27.6307
-0
-0
-0
-0
-0
10.366
-0
0.526039
6.28486
-0
-0
-0
-0
-0
27.2708
-0
-0
-0
-0
-0
-0
-0
16.0955
-0
5.79654
-0
-0
-0
-0
-0
-0
-0
-0
-0
-0
-0
-0
-0
2.04627
13.6844
-0
-0
-0
38.6728
36.4333
19.6082
-0
-0
-0
-0
-0
-0
-0
-0
2.69403
-0
17.3623
-0
-0
-0
6.37129
-0
-0
-0
-0
-0
27.9368
-0
45.9086
-0
-0
16.1695
-0
-0
-0
-0
-0
-0
-0
-0
-0
5.56506
-0
-0
-0
-0
-0
-0
-0
-0
-0
3.78089
-0
-0
-0
3.32638
-0
-0
-0
5.0413
34.9822
-0
-0
-0
5.3384
-0
24.3542
39.1231
-0
-0
25.0937
-0
43.1141
-0
3.29525
-0
-0
9.30585
46.3848
-0
3.35845
-0
-0
-0
-0
-0
-0
6.09856
-0
-0
-0
-0
-0
2.2832
-0
-0
-0
-0
-0
-0
-0
35.281
-0
-0
-0
14.2833
32.5831
-0
-0
-0
-0
15.2581
-0
-0
-0
-0
1.40093
1.61906
-0
-0
-0
-0
0.596705
5.3892
-0
9.89159
-0
-0
-0
-0
-0
-0
-0
-0
25.9712
-0
13.7103
-0
-0
-0
-0
1.37802
-0
-0
-0
-0
-0
-0
-0
11.7826
-0
-0
-0
14.5274
20.493
-0
-0
-0
0.304908
8.58624
-0
-0
-0
-0
-0
5.25965
-0
-0
9.42849
22.5636
17.889
-0
23.6443
-0
0.957266
-0
12.4213
-0
-0
-0
-0
-0
-0
-0
-0
-0
-0
-0
-0
-0
-0
-0
-0
-0
-0
-0
-0
-0
-0
-0
-0
-0
11.0826
-0
-0
-0
-0
-0
13.016
4.89398
-0
-0
-0
17.1359
-0
-0
54.126
-0
-0
-0
-0
-0
-0
-0
-0
-0
-0
-0
-0
-0
-0
-0
-0
-0
-0
13.5258
5.7937
-0
9.35817
17.1563
3.2121
-0
9.37898
-0
24.7654
0.855216
-0
-0
-0
-0
-0
25.6459
-0
-0
0.809488
-0
-0
15.1628
-0
-0
-0
-0
-0
-0
9.09449
-0
-0
-0
-0
-0
-0
-0
-0
14.2931
-0
25.6492
30.3164
-0
-0
2.8845
7.30211
-0
-0
15.702
12.3883
-0
24.0175
-0
-0
-0
3.58742
-0
-0
-0
-0
11.487
-0
0.218771
-0
-0
-0
-0
-0
-0
-0
-0
-0
26.7492
22.1603
-0
-0
-0
3.21123
-0
-0
-0
2.91489
-0
-0
-0
-0
33.1881
-0
-0
-0
-0
-0
9.53937
-0
38.1483
-0
-0
-0
-0
-0
-0
-0
-0
-0
-0
41.9825
-0
11.6628
-0
-0
64.2114
-0
-0
-0
-0
-0
-0
-0
-0
24.8141
22.9775
-0
-0
25.1481
-0
-0
-0
33.4838
-0
-0
-0
-0
-0
-0
-0
-0
-0
-0
-0
8.83641
-0
-0
-0
2.73519
-0
-0
-0
-0
-0
-0
-0
19.9659
-0
-0
20.6755
-0
-0
21.1073
-0
-0
4.71243
-0
-0
-0
-0
-0
-0
27.9145
-0
-0
-0
-0
-0
7.23012
-0
-0
-0
-0
-0
-0
-0
-0
-0
-0
-0
-0
-0
13.7061
29.486
10.0095
-0
-0
-0
21.439
-0
-0
-0
5.38803
-0
-0
-0
-0
-0
-0
-0
1.91652
-0
-0
-0
19.6152
-0
-0
-0
-0
-0
-0
-0
-0
-0
-0
-0
-0
7.48685
-0
5.56231
-0
-0
-0
-0
24.6726
28.4322
-0
-0
-0
-0
-0
9.18649
-0
-0
-0
-0
-0
41.832
8.52504
-0
-0
-0
-0
48.0765
13.1358
-0
-0
2.69626
-0
28.7183
-0
-0
-0
-0
3.38206
-0
-0
-0
-0
-0
-0
-0
1.44374
-0
8.6047
-0
-0
-0
-0
-0
7.092
-0
-0
0.0255276
-0
-0
-0
-0
2.09726
1.6441
-0
-0
11.968
-0
-0
17.7691
-0
-0
-0
-0
35.2439
-0
-0
-0
-0
7.8611
-0
6.29667
-0
-0
-0
-0
5.2355
-0
-0
-0
-0
-0
-0
-0
1.43106
-0
-0
7.25776
-0
-0
-0
-0
-0
-0
13.407
18.9895
-0
4.19529
34.3699
-0
-0
-0
-0
-0
-0
-0
-0
-0
-0
-0
-0
36.2488
-0
-0
-0
-0
-0
0.385574
-0
-0
-0
-0
-0
-0
-0
-0
0.0382923
-0
-0
27.5133
-0
6.03158
25.3383
-0
47.6144
-0
-0
-0
-0
-0
-0
-0
-0
0.208918
14.7682
-0
-0
-0
-0
53.7941
-0
25.1152
20.1893
-0
28.1352
8.80556
-0
-0
11.3185
-0
-0
-0
-0
-0
0.839872
-0
-0
-0
-0
-0
-0
-0
-0
-0
-0
-0
-0
-0
-0
20.2628
6.25701
-0
-0
-0
-0
-0
-0
-0
-0
-0
4.74493
-0
-0
3.17825
-0
-0
-0
-0
12.1239
-0
-0
1.78189
2.10266
-0
-0
11.5569
-0
-0
-0
-0
35.6701
-0
-0
-0
-0
-0
-0
33.1927
-0
-0
4.12899
-0
33.6775
-0
18.1611
-0
7.49691
45.1019
6.36963
-0
-0
-0
-0
-0
-0
-0
-0
7.72661
-0
17.7261
-0
-0
-0
1.83151
-0
-0
-0
-0
13.4035
-0
1.1545
-0
-0
-0
-0
-0
-0
-0
-0
2.87499
-0
-0
-0
-0
-0
-0
3.32892
0.300201
-0
-0
-0
-0
-0
-0
19.2548
-0
-0
-0
2.33109
-0
-0
19.1073
-0
-0
22.8112
-0
8.60655
-0
-0
-0
-0
-0
-0
-0
-0
4.48371
-0
-0
-0
-0
-0
-0
-0
6.03913
-0
-0
-0
-0
-0
-0
5.44399
-0
13.7354
-0
-0
-0
-0
-0
-0
-0
-0
33.3482
-0
-0
-0
45.6064
1.85732
-0
18.3217
-0
-0
-0
-0
-0
-0
-0
4.06658
-0
-0
25.976
9.53933
11.3714
31.747
-0
5.71285
16.9524
4.65915
8.46359
-0
-0
-0
3.91471
-0
32.1646
-0
-0
-0
-0
-0
11.8092
-0
15.6289
-0
-0
-0
68.6144
-0
-0
-0
-0
-0
-0
-0
-0
-0
31.7275
-0
-0
-0
-0
-0
-0
28.861
-0
13.9717
-0
-0
-0
-0
8.02362
2.77753
31.4748
-0
-0
-0
-0
-0
13.2119
-0
-0
-0
5.7667
-0
-0
-0
18.0377
-0
33.0871
2.00343
18.5789
-0
-0
-0
-0
-0
18.1835
-0
21.6961
-0
-0
-0
18.2514
-0
-0
-0
-0
-0
-0
-0
15.1292
39.0166
-0
18.1269
7.78679
-0
19.6683
-0
-0
-0
-0
7.89544
-0
-0
-0
9.14367
-0
-0
11.6728
3.79771
-0
-0
19.0696
-0
-0
-0
18.8597
24.5946
-0
-0
-0
-0
-0
-0
32.0022
-0
-0
-0
-0
-0
7.28895
-0
51.0811
15.6646
-0
19.0733
-0
-0
-0
-0
-0
-0
-0
-0
9.69864
-0
-0
-0
-0
6.19247
-0
-0
-0
-0
-0
-0
-0
6.63234
25.7271
-0
-0
-0
-0
7.98319
-0
15.1048
-0
-0
-0
-0
-0
-0
-0
-0
-0
10.875
1.54602
9.49357
-0
-0
-0
-0
-0
-0
15.7201
-0
-0
-0
1.79563
-0
-0
5.87733
7.93622
-0
-0
-0
5.30193
-0
-0
-0
1.70175
-0
-0
-0
0.270367
-0
-0
9.46164
-0
18.3282
10.1668
-0
-0
-0
-0
-0
-0
-0
-0
-0
23.8617
-0
-0
-0
-0
2.99622
-0
-0
-0
-0
18.7353
-0
12.4584
-0
-0
36.64
-0
-0
-0
-0
-0
-0
-0
-0
-0
-0
-0
-0
-0
23.31
-0
4.23741
-0
-0
13.2498
-0
15.5999
-0
-0
-0
-0
23.5766
-0
-0
7.37445
0.628854
5.98657
7.14097
-0
-0
-0
16.2652
-0
10.4206
2.63755
-0
-0
-0
28.0298
-0
1.50164
-0
10.7445
-0
-0
11.3879
-0
-0
-0
-0
-0
-0
35.2727
-0
-0
-0
-0
-0
-0
-0
-0
-0
-0
35.2204
-0
-0
-0
16.0557
-0
-0
-0
-0
-0
-0
-0
37.0847
-0
24.8515
-0
-0
-0
37.6627
-0
-0
-0
-0
-0
-0
-0
26.7131
-0
-0
1.21946
-0
-0
31.2125
-0
-0
-0
-0
-0
-0
-0
8.69348
-0
-0
14.7417
-0
-0
-0
-0
-0
-0
-0
-0
-0
-0
1.04652
-0
-0
-0
-0
1.67073
-0
-0
11.2747
-0
-0
-0
-0
13.6631
-0
-0
-0
6.56007
-0
-0
-0
-0
36.5893
-0
10.2357
-0
-0
-0
-0
-0
-0
-0
-0
4.00199
-0
8.81437
-0
-0
-0
-0
11.4161
3.521
-0
-0
-0
-0
-0
10.6365
-0
17.4254
-0
-0
7.72125
-0
-0
-0
-0
-0
-0
17.8883
-0
11.7732
-0
-0
-0
-0
-0
-0
-0
-0
14.4339
-0
-0
34.3219
-0
-0
-0
35.3853
17.0927
-0
9.12597
-0
-0
-0
-0
-0
-0
-0
-0
2.15344
14.5458
8.90577
18.9358
1.76724
-0
-0
-0
-0
-0
-0
-0
-0
-0
-0
-0
35.531
38.8103
1.65011
-0
-0
-0
-0
-0
-0
-0
6.36269
-0
-0
-0
8.55513
-0
-0
21.3808
58.9987
-0
-0
-0
-0
-0
0.321637
11.2124
-0
-0
-0
-0
37.0583
-0
-0
-0
-0
7.51306
-0
9.74409
12.6034
-0
39.0825
-0
-0
-0
-0
-0
-0
5.57572
17.0083
29.3869
-0
-0
8.78135
-0
-0
-0
-0
-0
21.4418
-0
-0
-0
-0
-0
-0
2.2343
-0
-0
-0
-0
19.5905
-0
-0
-0
-0
-0
-0
25.1066
-0
-0
-0
-0
-0
-0
-0
-0
-0
-0
-0
-0
-0
-0
-0
-0
23.0186
-0
-0
-0
23.0977
-0
-0
-0
12.2188
-0
-0
-0
-0
20.1367
31.3826
-0
-0
-0
-0
-0
-0
-0
-0
-0
-0
-0
-0
-0
-0
-0
-0
28.1359
-0
-0
-0
5.16604
8.43182
-0
-0
5.55266
-0
-0
-0
-0
21.9987
-0
3.12375
-0
-0
-0
-0
-0
39.8831
-0
-0
64.0801
27.0651
-0
-0
-0
0.403317
-0
-0
6.51423
11.1606
-0
4.19127
5.62877
-0
5.40387
-0
-0
-0
-0
-0
-0
-0
-0
0.984224
-0
-0
-0
-0
-0
-0
-0
-0
15.6422
0.402064
-0
-0
6.28345
-0
-0
1.80453
-0
-0
-0
16.0599
-0
-0
-0
-0
-0
-0
4.32699
-0
-0
12.3624
-0
3.39591
25.6232
-0
-0
-0
-0
-0
-0
-0
-0
-0
-0
-0
14.2508
-0
-0
-0
-0
27.9566
-0
-0
-0
-0
-0
-0
-0
-0
