-0
-0
-0
-0
-0
6.29741
-0
-0
23.8376
-0
11.8087
-0
-0
-0
-0
-0
28.1814
-0
-0
-0
-0
15.0081
-0
-0
-0
38.0864
-0
-0
-0
-0
-0
-0
-0
-0
7.62832
-0
-0
-0
-0
-0
-0
-0
0.384106
-0
-0
18.5415
-0
15.0684
-0
-0
-0
-0
-0
0.812757
-0
-0
-0
0.426606
28.7763
20.3697
-0
-0
14.6388
-0
3.92967
-0
-0
-0
-0
0.273474
-0
-0
-0
-0
-0
2.91283
54.8325
-0
-0
4.4445
-0
53.3565
-0
-0
21.2361
-0
-0
5.11535
-0
-0
71.8303
-0
-0
-0
25.1422
-0
20.4893
-0
7.28664
-0
-0
-0
-0
-0
-0
-0
18.4248
18.6444
-0
-0
-0
-0
0.460066
-0
-0
8.45474
-0
-0
27.6802
51.435
15.509
-0
-0
45.8443
-0
-0
-0
4.93123
-0
-0
13.955
-0
17.6905
-0
-0
-0
5.39826
14.1603
-0
-0
8.33135
-0
21.7166
-0
-0
-0
-0
-0
-0
-0
-0
-0
-0
9.30022
2.80821
-0
-0
-0
-0
0.0713638
0.804591
-0
-0
-0
-0
-0
13.7167
-0
-0
7.01202
28.4474
-0
-0
-0
-0
-0
-0
-0
-0
-0
-0
-0
-0
-0
-0
29.2443
-0
-0
29.2341
-0
7.81621
77.2825
69.1195
3.70217
-0
-0
1.01146
13.5917
-0
-0
-0
-0
29.7543
-0
-0
-0
18.4657
-0
-0
-0
-0
-0
6.87418
-0
-0
15.6774
-0
-0
-0
-0
7.49718
-0
-0
-0
-0
-0
-0
-0
-0
1.10654
-0
0.632842
-0
-0
-0
-0
-0
-0
-0
-0
-0
-0
-0
-0
-0
-0
45.5431
-0
-0
-0
-0
-0
-0
-0
20.3636
-0
-0
23.7714
-0
-0
-0
-0
0.388169
-0
17.3265
-0
-0
-0
-0
-0
-0
30.5572
31.8782
-0
-0
-0
-0
-0
-0
-0
6.49771
3.96787
-0
23.1522
-0
-0
13.4959
-0
-0
-0
-0
6.02824
17.5294
-0
24.5646
-0
-0
-0
21.4396
49.8939
-0
-0
3.87269
-0
23.2007
0.381703
-0
-0
12.7641
-0
11.0902
-0
-0
-0
1.91169
2.74838
-0
-0
-0
-0
-0
-0
11.0049
30.2444
5.96226
-0
-0
-0
-0
12.0062
-0
-0
-0
-0
-0
-0
-0
-0
-0
27.5696
9.65634
-0
-0
6.23328
-0
-0
-0
-0
48.6593
-0
-0
-0
-0
-0
40.5863
-0
-0
-0
-0
-0
-0
-0
-0
23.3012
-0
2.62654
-0
-0
-0
-0
-0
1.50266
-0
-0
-0
-0
16.6803
-0
-0
-0
-0
-0
19.2166
-0
-0
-0
-0
-0
-0
-0
-0
-0
-0
-0
-0
4.26346
-0
-0
-0
8.48987
-0
-0
-0
-0
-0
-0
-0
-0
-0
-0
-0
1.54313
-0
-0
16.1027
-0
-0
6.57564
-0
-0
53.7438
-0
-0
-0
-0
10.329
-0
15.4992
45.1082
4.26081
-0
19.6562
18.6277
-0
-0
-0
1.80267
-0
-0
-0
-0
-0
-0
-0
-0
-0
-0
-0
-0
-0
30.9366
0.129717
-0
-0
0.145112
32.2546
-0
-0
-0
-0
-0
-0
15.418
-0
-0
-0
-0
-0
-0
-0
-0
-0
-0
-0
-0
-0
10.8474
-0
-0
-0
-0
-0
-0
-0
-0
-0
-0
-0
-0
9.32992
53.4289
-0
-0
-0
-0
-0
52.4384
-0
-0
15.6193
-0
-0
8.66968
-0
-0
-0
26.3036
-0
-0
-0
-0
-0
15.6259
-0
-0
-0
-0
9.84068
-0
-0
-0
-0
-0
-0
-0
-0
17.7052
-0
1.80187
-0
-0
-0
-0
-0
39.7533
-0
-0
22.9985
-0
-0
-0
-0
-0
-0
-0
-0
-0
-0
-0
-0
10.9028
-0
-0
-0
32.3615
2.51457
-0
-0
1.94179
-0
-0
-0
-0
-0
-0
-0
-0
-0
-0
-0
-0
21.7233
-0
-0
-0
-0
-0
-0
-0
-0
-0
-0
-0
13.2485
-0
-0
-0
-0
-0
44.6908
-0
-0
-0
-0
-0
7.87919
-0
16.4487
9.88028
-0
-0
-0
-0
-0
-0
-0
-0
24.8573
-0
-0
-0
-0
7.62537
-0
-0
-0
7.90357
24.1684
-0
-0
-0
-0
-0
35.4694
-0
-0
-0
-0
-0
-0
-0
16.9894
-0
-0
-0
-0
-0
-0
-0
-0
4.952
-0
-0
-0
-0
-0
-0
6.1811
8.292
-0
-0
-0
-0
-0
44.9995
-0
-0
-0
-0
-0
-0
-0
-0
46.004
-0
18.0425
-0
-0
-0
-0
-0
-0
-0
-0
11.6766
6.4901
-0
-0
0.394695
37.3194
-0
3.3335
5.16621
-0
-0
30.2637
-0
-0
-0
-0
-0
-0
-0
-0
-0
-0
-0
-0
-0
-0
43.4281
-0
-0
11.8151
16.1943
-0
-0
-0
9.06969
-0
-0
4.20976
-0
-0
-0
-0
26.1516
-0
-0
-0
-0
-0
5.92546
-0
-0
-0
-0
-0
10.4453
-0
-0
9.80278
-0
13.4869
-0
-0
-0
1.90603
-0
-0
-0
-0
-0
-0
-0
38.3105
-0
-0
-0
19.9544
-0
-0
-0
-0
12.5277
-0
-0
-0
45.9533
-0
-0
-0
-0
-0
-0
10.3429
24.4056
-0
-0
-0
-0
-0
-0
-0
-0
-0
-0
-0
-0
-0
-0
-0
33.4934
-0
-0
-0
-0
57.9464
-0
-0
-0
-0
31.0967
-0
15.9046
-0
-0
-0
-0
-0
-0
-0
-0
-0
-0
-0
-0
-0
51.0425
-0
10.7197
-0
-0
-0
-0
27.8804
-0
-0
-0
5.80959
-0
-0
0.68958
-0
-0
-0
16.1667
13.3302
-0
3.8216
48.2648
-0
-0
28.1206
-0
-0
-0
44.3661
-0
-0
-0
-0
-0
-0
-0
-0
-0
-0
-0
16.9281
-0
-0
-0
16.6628
-0
5.77986
61.7
-0
-0
17.9997
-0
-0
-0
-0
-0
-0
-0
-0
-0
-0
-0
-0
-0
-0
11.586
27.6531
-0
-0
-0
-0
3.50056
41.1768
-0
-0
-0
21.4811
26.4118
17.6701
11.0105
18.0164
-0
-0
22.9578
-0
6.04497
-0
-0
-0
-0
31.3636
8.84174
-0
-0
-0
-0
-0
-0
-0
-0
-0
-0
32.1186
-0
-0
-0
-0
16.438
28.2829
-0
59.5853
7.02584
-0
-0
-0
8.64886
-0
-0
-0
-0
-0
-0
48.5784
-0
-0
-0
1.22016
-0
-0
-0
30.0514
11.9773
-0
-0
-0
-0
-0
-0
-0
-0
-0
-0
-0
-0
-0
20.0643
28.3942
-0
1.2388
-0
-0
-0
-0
15.2701
-0
-0
22.2236
-0
-0
-0
22.9576
-0
-0
-0
-0
-0
-0
-0
14.4062
-0
-0
-0
-0
-0
-0
0.367217
-0
-0
-0
-0
-0
-0
-0
-0
-0
4.67678
19.1665
17.2111
-0
-0
10.9569
-0
-0
-0
-0
-0
-0
-0
25.6813
-0
0.130144
14.8582
-0
-0
-0
-0
4.05351
-0
-0
-0
-0
-0
-0
6.73048
28.904
40.3091
-0
-0
3.08575
0.866723
-0
-0
-0
2.00474
-0
-0
-0
-0
-0
11.7335
25.8652
36.8549
-0
-0
-0
-0
-0
10.8946
-0
-0
-0
2.72621
16.2288
-0
-0
-0
-0
45.3452
-0
-0
-0
-0
-0
4.76939
9.17971
-0
37.4897
-0
-0
-0
-0
-0
-0
-0
-0
19.3733
-0
-0
-0
6.5749
-0
-0
-0
-0
2.71308
-0
-0
-0
8.94117
64.7691
-0
-0
-0
1.78355
-0
-0
-0
-0
-0
-0
22.1196
-0
-0
-0
-0
-0
-0
-0
-0
-0
-0
-0
10.7761
-0
18.7961
-0
-0
-0
7.62008
52.1227
-0
-0
-0
-0
-0
-0
-0
-0
-0
-0
41.0269
-0
3.28034
5.82003
7.78588
-0
-0
-0
-0
-0
-0
0.215388
-0
-0
-0
17.2456
-0
-0
-0
-0
54.5984
11.4031
-0
-0
-0
-0
8.35953
-0
-0
11.5882
-0
-0
24.8055
-0
-0
-0
25.5801
-0
-0
-0
-0
-0
40.5039
1.94462
-0
-0
-0
-0
-0
-0
-0
-0
50.1667
32.4512
38.1051
-0
-0
-0
-0
-0
-0
-0
-0
-0
-0
-0
-0
-0
-0
-0
-0
-0
-0
1.51641
-0
-0
10.6208
-0
-0
-0
-0
-0
-0
-0
-0
-0
-0
-0
-0
-0
-0
-0
-0
-0
-0
-0
-0
-0
-0
-0
-0
-0
1.02912
-0
-0
-0
-0
13.1416
-0
-0
-0
-0
-0
-0
-0
-0
-0
-0
-0
-0
-0
-0
-0
-0
-0
-0
7.76622
2.65691
-0
-0
-0
20.4487
11.1943
-0
8.70489
-0
-0
-0
-0
-0
10.7188
-0
-0
-0
-0
-0
-0
-0
-0
-0
-0
-0
-0
39.5839
-0
-0
-0
-0
18.4118
-0
12.3425
-0
-0
5.75917
49.5715
-0
15.8037
37.4372
14.4994
90.9363
-0
-0
-0
-0
-0
-0
-0
40.7101
22.7697
-0
4.8169
6.70197
9.72339
-0
-0
42.7975
-0
-0
-0
9.93881
-0
-0
-0
-0
-0
19.6963
-0
12.5878
39.9986
23.0987
-0
10.9308
-0
6.31878
-0
17.7797
-0
-0
-0
-0
-0
18.1094
-0
1.97317
-0
-0
-0
6.70046
16.7142
-0
-0
10.8784
22.1461
-0
-0
-0
-0
-0
-0
-0
-0
-0
-0
-0
-0
-0
-0
-0
-0
-0
-0
-0
-0
-0
-0
-0
36.6671
-0
-0
-0
-0
-0
17.7831
-0
7.93799
-0
-0
-0
-0
-0
-0
-0
-0
-0
-0
42.7035
11.1012
-0
-0
31.7193
26.3281
-0
42.9808
-0
-0
-0
-0
25.8697
-0
-0
-0
-0
-0
-0
-0
-0
29.1898
-0
-0
-0
-0
33.3731
-0
-0
-0
-0
-0
-0
-0
11.5665
-0
-0
-0
3.69089
-0
-0
35.7708
-0
0.295458
-0
-0
1.37985
-0
-0
0.990194
4.48026
-0
-0
-0
14.0394
-0
-0
-0
-0
-0
47.1125
-0
-0
-0
-0
-0
-0
-0
-0
-0
-0
-0
-0
-0
-0
-0
-0
-0
-0
-0
-0
89.6525
-0
-0
-0
-0
-0
-0
-0
-0
-0
-0
-0
-0
-0
20.9468
-0
-0
-0
-0
34.206
17.851
-0
-0
-0
-0
-0
5.57932
-0
-0
-0
-0
-0
-0
-0
-0
0.754795
-0
-0
-0
8.62853
-0
-0
-0
12.5622
-0
-0
-0
-0
-0
-0
13.8388
-0
-0
-0
-0
30.0707
-0
-0
-0
36.4717
-0
-0
-0
-0
-0
-0
-0
22.795
12.9248
-0
-0
-0
-0
-0
-0
-0
7.39348
-0
-0
-0
-0
-0
10.9711
-0
-0
-0
-0
-0
-0
-0
-0
-0
13.6042
-0
-0
7.64636
-0
-0
3.57816
13.0651
-0
-0
-0
-0
-0
-0
-0
-0
-0
-0
-0
18.5912
10.2254
-0
8.57638
-0
8.00384
-0
-0
-0
-0
42.2515
-0
-0
7.7828
-0
-0
11.9841
-0
9.56068
-0
-0
-0
-0
-0
-0
-0
-0
-0
-0
-0
-0
-0
-0
33.7367
-0
1.9119
-0
-0
-0
-0
-0
-0
-0
8.15548
25.596
24.1714
2.3885
-0
-0
5.64027
39.8789
-0
-0
18.6674
-0
30.1464
-0
-0
27.9394
2.82434
-0
27.6984
-0
-0
24.1718
6.58699
-0
-0
-0
-0
-0
33.552
-0
26.575
-0
-0
-0
-0
20.0496
10.4878
-0
53.0148
26.0112
-0
9.26845
-0
3.23629
-0
-0
-0
5.51293
-0
13.3336
13.8445
-0
3.05048
-0
-0
-0
-0
-0
-0
0.0254945
41.4411
-0
-0
-0
-0
-0
-0
3.94792
-0
-0
-0
-0
-0
-0
-0
6.67455
33.0182
-0
-0
-0
-0
-0
-0
-0
-0
-0
-0
-0
-0
-0
-0
-0
-0
-0
-0
-0
-0
-0
-0
-0
-0
4.00198
-0
-0
-0
-0
-0
-0
52.1363
-0
-0
-0
0.285724
-0
-0
-0
-0
-0
-0
-0
26.9983
-0
-0
-0
-0
-0
-0
-0
-0
73.2832
-0
47.27
-0
-0
-0
-0
-0
-0
-0
-0
-0
-0
6.62304
-0
-0
4.57018
-0
-0
1.23607
-0
-0
-0
2.95785
30.7887
-0
-0
-0
13.5685
-0
-0
37.7864
-0
-0
-0
-0
-0
3.95058
43.2501
40.5326
-0
-0
-0
6.05823
-0
-0
-0
-0
13.2323
-0
23.0248
-0
-0
3.44302
8.42406
7.23875
-0
-0
-0
-0
-0
-0
-0
-0
-0
-0
-0
-0
14.2267
-0
-0
6.62734
-0
-0
-0
-0
-0
-0
-0
-0
-0
-0
-0
-0
-0
-0
-0
-0
-0
-0
-0
-0
-0
-0
-0
-0
-0
-0
-0
-0
-0
4.64999
-0
-0
-0
-0
-0
-0
43.0146
-0
-0
-0
13.3465
-0
5.50386
15.742
23.0486
-0
-0
-0
14.1865
-0
-0
-0
-0
-0
2.26423
-0
52.1245
-0
-0
-0
-0
-0
-0
-0
-0
13.9399
15.431
-0
-0
-0
5.91727
-0
-0
21.0487
-0
-0
46.604
26.039
-0
-0
-0
-0
-0
22.0422
-0
-0
-0
9.44506
-0
20.6384
1.377
46.6399
15.0738
20.2552
55.1648
27.6499
-0
-0
32.4387
-0
-0
34.2523
14.8187
0.755865
-0
-0
-0
10.2294
-0
-0
-0
-0
2.06658
-0
-0
-0
-0
-0
2.75989
-0
-0
-0
33.1779
16.9926
-0
15.1028
-0
-0
-0
40.8901
-0
-0
-0
-0
-0
-0
-0
10.4987
6.0654
-0
0.406324
21.6151
-0
-0
-0
-0
-0
-0
-0
-0
4.74927
-0
0.262131
14.5245
-0
-0
1.99902
-0
-0
-0
-0
0.248111
-0
-0
-0
5.59551
-0
27.9073
45.1737
-0
-0
-0
-0
2.76554
-0
46.1843
-0
20.2808
-0
-0
0.45194
14.4519
-0
-0
-0
-0
-0
-0
-0
12.1119
-0
17.1058
13.5131
-0
2.51531
-0
-0
37.7938
-0
15.4386
38.7434
31.1024
-0
-0
-0
-0
-0
-0
11.9962
64.2119
-0
-0
0.114113
-0
-0
26.6275
28.3418
-0
-0
-0
4.41463
7.18544
-0
-0
3.56019
-0
-0
-0
-0
-0
-0
-0
-0
-0
-0
-0
-0
2.21731
-0
-0
71.459
-0
-0
-0
2.67126
-0
-0
-0
-0
-0
-0
-0
1.78178
-0
-0
-0
-0
29.6954
-0
-0
-0
6.62915
-0
-0
-0
-0
16.0287
-0
-0
-0
-0
-0
-0
-0
-0
47.2471
-0
-0
-0
24.9111
-0
-0
-0
20.9095
21.5119
-0
34.6007
-0
-0
-0
47.8737
-0
14.7836
-0
-0
-0
25.5837
-0
-0
4.73602
4.85292
-0
-0
-0
-0
-0
-0
-0
5.38391
14.008
-0
-0
-0
-0
7.34918
-0
-0
-0
-0
-0
-0
-0
-0
-0
-0
-0
-0
-0
-0
-0
-0
30.0981
-0
43.1706
-0
-0
-0
-0
-0
-0
-0
-0
-0
-0
-0
-0
-0
19.5369
-0
34.8667
23.054
-0
-0
-0
-0
-0
-0
-0
-0
-0
4.48956
-0
46.5231
-0
13.1594
0.423924
-0
-0
-0
-0
4.64233
-0
-0
-0
-0
17.9864
-0
13.7369
-0
-0
-0
-0
15.2251
14.4246
-0
-0
-0
-0
-0
-0
15.7831
13.865
-0
-0
-0
-0
-0
-0
-0
-0
-0
40.8963
-0
0.944975
-0
-0
-0
-0
-0
-0
-0
-0
-0
-0
1.07937
-0
7.59289
-0
-0
-0
5.47474
-0
-0
-0
-0
28.9519
20.5903
-0
51.0047
-0
-0
-0
-0
-0
-0
-0
-0
-0
-0
-0
-0
-0
-0
8.71398
-0
-0
-0
-0
-0
36.9813
-0
4.74886
9.85837
-0
2.26693
-0
-0
-0
-0
-0
6.50625
-0
-0
11.3274
-0
-0
-0
1.06187
0.128295
-0
27.7543
-0
-0
8.79861
-0
1.71078
-0
34.6404
15.5065
5.6263
11.4975
-0
-0
4.82861
6.61279
-0
-0
-0
-0
-0
-0
-0
-0
-0
-0
-0
-0
27.2872
15.6802
-0
-0
29.5439
-0
1.65652
9.17964
-0
-0
-0
-0
-0
22.9272
-0
-0
-0
-0
-0
-0
-0
-0
-0
-0
-0
-0
-0
1.1537
-0
-0
-0
-0
-0
-0
-0
-0
-0
-0
-0
-0
-0
-0
-0
8.75287
3.10842
-0
35.1861
-0
0.230119
-0
-0
-0
-0
-0
-0
-0
40.0334
-0
-0
-0
1.37768
-0
-0
36.6743
29.9788
-0
-0
20.7958
26.3925
8.21144
20.5181
-0
-0
2.34492
-0
-0
-0
-0
-0
-0
9.09652
-0
-0
-0
3.09958
-0
-0
-0
-0
-0
-0
-0
-0
-0
4.51581
-0
-0
-0
-0
-0
-0
-0
-0
-0
-0
-0
-0
-0
40.4578
-0
-0
-0
13.5518
-0
-0
-0
-0
-0
-0
-0
49.0456
10.6108
-0
-0
-0
-0
-0
-0
-0
-0
-0
-0
-0
-0
-0
-0
-0
4.32362
23.7209
58.9087
-0
35.4977
-0
-0
-0
-0
-0
-0
43.0826
-0
-0
-0
-0
-0
-0
-0
3.71144
-0
-0
-0
-0
2.32439
13.1511
-0
-0
-0
-0
-0
-0
-0
-0
9.67262
-0
47.5778
-0
0.0132401
0.780928
-0
-0
23.6449
-0
2.61406
-0
-0
-0
-0
7.94674
-0
-0
-0
-0
-0
-0
9.13485
-0
-0
-0
21.2698
37.438
-0
-0
11.8961
-0
-0
-0
7.51435
28.8266
-0
-0
-0
-0
5.10024
-0
0.654764
8.85608
14.4929
16.3677
23.0035
1.44006
-0
-0
16.136
-0
-0
-0
-0
37.6932
-0
18.0686
32.6175
28.9766
-0
-0
-0
-0
-0
21.4788
-0
11.303
-0
-0
-0
-0
-0
-0
21.4102
-0
-0
-0
-0
-0
-0
-0
23.434
-0
4.83417
-0
-0
-0
-0
-0
-0
-0
-0
-0
-0
-0
-0
-0
18.4777
6.81679
-0
-0
-0
31.2856
57.1568
47.4189
-0
-0
-0
-0
-0
-0
-0
-0
4.98062
-0
8.1005
-0
-0
2.75153
-0
-0
4.73342
-0
-0
-0
41.5335
-0
30.963
-0
-0
24.1872
-0
-0
-0
-0
-0
-0
-0
-0
-0
-0
-0
-0
4.65972
-0
-0
-0
-0
-0
3.67417
1.27897
-0
-0
-0
-0
-0
22.1029
-0
-0
65.5648
-0
-0
-0
28.5104
-0
11.6611
29.2033
-0
-0
37.8605
-0
69.2344
-0
9.93242
-0
-0
21.2078
56.2506
-0
-0
-0
-0
-0
-0
-0
-0
-0
-0
-0
-0
-0
-0
-0
-0
-0
-0
-0
-0
-0
-0
4.54156
-0
-0
-0
-0
44.4196
-0
-0
-0
-0
20.9942
-0
-0
-0
-0
23.4734
-0
-0
25.6356
-0
-0
20.5988
2.41424
-0
-0
-0
-0
-0
-0
-0
0.291852
-0
4.51193
22.4043
-0
15.7675
-0
-0
-0
-0
-0
-0
-0
-0
2.30315
-0
-0
3.95752
3.70674
-0
-0
-0
45.164
39.4906
-0
-0
-0
-0
6.09146
-0
11.5256
-0
-0
-0
8.97843
-0
-0
-0
33.1125
13.8864
-0
8.28011
-0
11.5717
-0
11.5268
-0
-0
5.63234
4.69402
-0
-0
-0
-0
-0
-0
-0
-0
-0
-0
-0
-0
-0
-0
-0
-0
-0
-0
-0
-0
-0
8.59136
-0
-0
-0
-0
-0
8.34133
9.2536
-0
-0
-0
-0
-0
-0
72.1799
-0
-0
-0
23.358
-0
-0
-0
-0
-0
-0
-0
-0
-0
-0
-0
-0
-0
-0
-0
-0
13.3072
5.61129
68.5787
22.4496
-0
12.5117
-0
-0
14.7953
-0
-0
-0
-0
-0
5.18613
-0
-0
2.13561
12.592
-0
13.7229
-0
5.15955
-0
-0
-0
15.3307
-0
-0
-0
-0
-0
-0
-0
-0
-0
-0
-0
24.8973
15.7634
-0
-0
22.4267
14.6041
-0
2.80026
1.84174
17.7834
-0
28.2808
-0
-0
-0
37.5333
-0
-0
7.4908
-0
-0
-0
1.28899
-0
-0
18.934
-0
-0
-0
-0
-0
-0
25.5618
28.4973
-0
-0
-0
37.3988
-0
-0
-0
7.963
-0
-0
-0
-0
32.5433
-0
0.889858
-0
-0
-0
-0
-0
61.2291
-0
-0
-0
-0
-0
-0
-0
6.44464
-0
-0
21.8881
-0
-0
-0
-0
63.743
-0
-0
-0
-0
-0
-0
-0
-0
29.0399
16.7234
-0
-0
2.69973
-0
-0
-0
7.04942
-0
-0
-0
-0
-0
-0
-0
-0
-0
-0
-0
-0
7.19452
-0
-0
28.7845
-0
-0
-0
-0
2.92036
-0
-0
24.0468
-0
-0
48.9519
-0
-0
66.4067
-0
-0
23.1475
-0
-0
-0
-0
-0
-0
34.8476
-0
-0
-0
-0
-0
40.1938
-0
-0
-0
9.51188
-0
-0
1.44096
-0
-0
-0
-0
-0
-0
3.99366
20.2036
37.0534
-0
-0
-0
21.3066
-0
-0
-0
-0
-0
12.2756
-0
-0
-0
-0
-0
-0
-0
-0
-0
45.2151
-0
-0
-0
4.77657
-0
-0
-0
-0
-0
-0
-0
-0
6.45687
-0
-0
-0
-0
-0
-0
35.1453
25.4108
7.30835
-0
-0
-0
-0
8.12148
-0
-0
-0
-0
-0
26.3426
24.4273
-0
-0
17.8195
-0
41.6839
-0
-0
-0
24.7927
-0
5.93515
-0
-0
-0
-0
5.34195
-0
-0
-0
-0
-0
-0
-0
-0
-0
19.9735
-0
7.7245
-0
-0
-0
0.351761
-0
-0
0.0313142
-0
-0
-0
-0
-0
-0
-0
-0
19.0735
-0
-0
26.547
-0
-0
-0
-0
20.067
-0
-0
-0
-0
12.8844
-0
-0
18.2346
-0
4.88633
-0
-0
-0
-0
-0
-0
-0
-0
-0
-0
-0
-0
3.59522
-0
5.71526
-0
-0
-0
-0
18.7135
20.7224
-0
4.90067
20.799
0.379515
-0
-0
-0
-0
-0
-0
2.39068
-0
-0
-0
-0
39.3351
-0
-0
-0
-0
23.7265
4.24614
-0
14.185
-0
-0
-0
-0
-0
-0
-0
-0
-0
45.7786
-0
10.5761
43.4426
-0
49.2758
-0
-0
-0
-0
-0
-0
-0
-0
-0
18.0683
-0
-0
-0
-0
59.2248
-0
56.2045
17.3771
-0
34.3284
-0
-0
-0
14.1857
2.74744
-0
-0
-0
-0
0.406571
-0
-0
-0
11.9268
-0
-0
-0
-0
-0
-0
-0
-0
-0
-0
23.2813
-0
-0
-0
-0
-0
-0
-0
-0
-0
-0
-0
-0
-0
4.57154
-0
5.12412
6.75729
-0
-0
-0
-0
9.31541
-0
11.0369
-0
15.3196
-0
-0
-0
-0
38.4409
-0
-0
-0
-0
-0
-0
62.2393
-0
-0
-0
-0
44.5515
-0
42.2629
-0
3.87583
60.861
-0
-0
-0
-0
-0
-0
-0
-0
14.7632
26.1381
-0
20.984
-0
2.92916
-0
12.8825
-0
-0
-0
-0
6.40456
0.327622
20.9618
-0
-0
-0
-0
-0
-0
-0
-0
-0
-0
-0
-0
-0
-0
-0
9.47685
0.060662
-0
-0
-0
-0
-0
-0
7.63175
-0
-0
-0
40.1766
-0
-0
-0
-0
-0
40.2117
-0
-0
-0
-0
-0
-0
-0
-0
-0
-0
24.3497
-0
38.0343
-0
-0
6.18952
-0
6.59418
13.2527
-0
8.95897
3.98108
-0
12.5875
-0
-0
-0
30.8576
-0
16.0552
-0
-0
-0
-0
-0
-0
28.8473
-0
-0
-0
48.6534
46.4918
-0
43.7879
-0
-0
-0
-0
-0
-0
-0
13.2222
-0
-0
23.1634
-0
-0
16.8234
-0
17.2193
8.76208
15.5596
17.9733
-0
-0
-0
28.3905
-0
7.05858
-0
-0
-0
-0
-0
9.37587
-0
8.81761
-0
-0
-0
93.5245
-0
-0
-0
-0
-0
-0
-0
0.392073
-0
18.913
-0
-0
-0
-0
-0
-0
25.4559
-0
-0
-0
-0
-0
-0
17.5871
-0
41.5017
-0
-0
-0
-0
-0
19.7178
-0
-0
-0
22.1035
-0
9.11399
-0
33.4498
-0
39.7055
1.46045
19.764
-0
10.8604
9.80422
-0
-0
36.9039
-0
27.955
-0
-0
-0
1.16109
16.8422
-0
-0
-0
-0
-0
-0
35.0424
50.9463
-0
34.6944
5.50855
-0
-0
-0
-0
-0
21.4107
4.67588
-0
-0
-0
2.22776
-0
-0
35.882
36.1601
-0
-0
23.2161
-0
-0
-0
4.8573
-0
-0
-0
-0
-0
-0
-0
22.7488
-0
-0
-0
-0
-0
-0
-0
50.6878
23.1822
-0
3.45821
-0
-0
-0
-0
-0
-0
-0
-0
22.1911
-0
-0
-0
-0
-0
-0
-0
-0
-0
-0
20.9546
-0
17.5936
22.2337
-0
-0
-0
3.61905
-0
-0
50.2871
-0
-0
-0
-0
-0
20.3063
-0
-0
-0
4.83366
-0
31.8372
-0
-0
-0
-0
-0
-0
17.5412
-0
10.775
-0
2.72462
13.9988
-0
35.2614
8.64586
-0
-0
-0
1.26033
-0
-0
-0
2.97159
-0
-0
-0
-0
-0
-0
16.472
-0
8.81593
32.269
-0
-0
-0
-0
17.4451
-0
-0
2.42088
-0
31.1841
-0
-0
-0
-0
8.78705
-0
-0
-0
-0
16.2718
-0
1.56878
-0
-0
29.4573
-0
-0
-0
-0
-0
38.4071
-0
-0
-0
-0
8.68343
-0
-0
32.477
-0
-0
19.2797
-0
8.80498
-0
1.94141
-0
-0
-0
-0
-0
-0
-0
14.3199
-0
4.24846
-0
-0
-0
-0
-0
-0
32.5063
-0
-0
-0
16.1692
54.1698
-0
-0
-0
-0
-0
-0
-0
-0
-0
-0
-0
-0
1.42824
41.5032
-0
-0
-0
-0
-0
-0
-0
20.7236
-0
-0
60.3317
-0
-0
17.9894
-0
-0
-0
-0
-0
-0
-0
-0
53.209
-0
-0
-0
-0
-0
46.3123
24.0522
-0
-0
-0
-0
-0
-0
27.0256
-0
-0
11.592
-0
-0
-0
-0
-0
-0
-0
-0
-0
-0
10.0111
-0
-0
29.8265
-0
-0
-0
-0
-0
-0
-0
-0
-0
-0
4.90802
-0
-0
-0
-0
13.3696
-0
-0
-0
-0
-0
-0
-0
15.8318
-0
-0
-0
6.49148
-0
-0
-0
-0
35.3851
-0
-0
-0
-0
4.59187
-0
-0
15.5592
-0
-0
-0
1.29723
3.08658
15.0931
-0
-0
-0
-0
27.8517
-0
-0
-0
-0
-0
21.8776
-0
36.6559
-0
-0
-0
-0
-0
-0
-0
-0
-0
30.7748
-0
8.86875
-0
-0
-0
-0
-0
-0
2.15931
-0
0.0190309
-0
-0
49.9138
-0
19.4793
-0
25.573
26.7309
-0
27.7267
21.6806
-0
-0
-0
-0
-0
-0
-0
-0
22.2178
25.5506
30.5854
-0
-0
-0
0.854469
5.32145
-0
-0
-0
-0
-0
-0
-0
33.6852
58.0336
-0
-0
-0
-0
-0
-0
-0
-0
-0
-0
-0
-0
28.4065
-0
-0
35.7607
61.1161
-0
-0
-0
-0
-0
12.9535
-0
-0
-0
-0
-0
44.1208
-0
-0
-0
-0
-0
-0
-0
35.7224
-0
46.707
-0
25.3323
18.4085
-0
-0
-0
-0
8.86148
19.9544
-0
-0
2.57189
-0
-0
-0
-0
-0
42.4819
-0
-0
-0
-0
-0
11.1198
4.10684
-0
2.37477
-0
-0
20.101
-0
-0
-0
-0
-0
-0
43.4554
-0
-0
-0
-0
-0
-0
-0
-0
-0
-0
-0
-0
-0
-0
-0
-0
25.641
-0
-0
-0
36.6313
-0
-0
-0
33.7417
-0
-0
-0
-0
9.74376
39.8649
5.8777
-0
-0
-0
-0
-0
-0
6.28082
-0
-0
-0
-0
-0
-0
-0
-0
35.9374
-0
-0
-0
8.77649
-0
-0
-0
-0
-0
-0
-0
-0
40.3207
-0
-0
6.44486
-0
-0
-0
-0
40.096
-0
-0
70.1827
26.531
-0
3.11874
-0
-0
-0
-0
17.722
-0
0.751999
5.13077
-0
-0
20.1217
-0
-0
-0
-0
-0
-0
-0
-0
2.9549
5.01858
-0
42.8779
-0
-0
-0
4.18321
18.1389
18.3421
-0
-0
-0
9.79556
-0
0.433625
18.3517
-0
-0
-0
36.8753
-0
-0
-0
-0
-0
-0
12.3685
-0
-0
-0
-0
5.23511
31.8929
-0
-0
-0
-0
-0
-0
-0
-0
-0
-0
-0
-0
-0
-0
-0
-0
40.0592
-0
-0
0.705222
-0
-0
-0
-0
-0
