-0
-0
-0
-0
-0
-0
-0
-0
1.61829
9.46993
-0
-0
-0
-0
-0
0.784733
29.0512
-0
-0
-0
-0
-0
-0
-0
6.96791
27.775
4.5024
-0
-0
-0
-0
-0
-0
-0
11.6374
-0
-0
-0
-0
-0
-0
-0
-0
-0
-0
9.84789
-0
8.8561
-0
-0
-0
-0
-0
-0
-0
-0
18.3986
1.31734
9.00523
9.98955
-0
-0
11.2488
-0
-0
-0
-0
-0
-0
-0
-0
-0
-0
-0
-0
6.61556
43.9991
-0
-0
-0
-0
55.7963
-0
-0
11.9602
-0
-0
3.8079
-0
-0
28.1152
-0
-0
-0
42.3414
-0
24.4229
2.7048
-0
-0
1.3577
-0
-0
-0
-0
-0
17.4468
20.4877
-0
-0
-0
-0
0.387343
-0
-0
50.5639
-0
-0
28.5045
61.0106
-0
11.8724
4.03005
23.4976
-0
-0
-0
2.50183
-0
-0
-0
-0
18.0585
-0
-0
-0
15.7144
1.38198
-0
-0
3.21635
-0
26.2014
-0
-0
-0
-0
-0
-0
-0
-0
-0
-0
-0
-0
-0
-0
2.78083
-0
-0
43.843
-0
-0
-0
-0
-0
-0
-0
-0
-0
22.5981
-0
-0
-0
-0
-0
-0
-0
-0
-0
-0
-0
-0
-0
-0
54.4149
-0
-0
35.0575
1.87785
-0
76.712
44.2276
-0
-0
-0
6.52907
6.92389
-0
-0
-0
-0
15.9277
-0
-0
-0
-0
-0
-0
-0
-0
-0
-0
-0
-0
12.5381
-0
-0
-0
-0
18.6994
-0
-0
-0
-0
-0
-0
-0
-0
18.693
-0
-0
-0
-0
-0
13.7824
-0
-0
-0
-0
-0
-0
-0
-0
-0
-0
46.0705
-0
-0
-0
-0
5.20663
-0
-0
12.5335
-0
-0
13.4775
-0
-0
-0
-0
1.06017
40.8998
19.7807
-0
-0
-0
-0
-0
-0
14.8035
15.4606
28.0245
-0
-0
-0
-0
-0
-0
19.8659
5.65385
-0
13.7801
-0
-0
34.6792
-0
-0
-0
-0
-0
5.49379
-0
17.2339
-0
-0
-0
3.37845
59.8299
-0
-0
3.51379
-0
45.9978
5.35273
-0
-0
38.0818
-0
12.1504
-0
-0
-0
8.48653
2.10744
-0
-0
-0
-0
-0
-0
-0
24.6718
30.6504
-0
-0
-0
-0
2.97198
-0
-0
-0
-0
-0
-0
-0
7.17307
-0
46.2321
-0
-0
-0
-0
-0
-0
5.05848
-0
48.0088
-0
-0
-0
12.4741
-0
27.2557
-0
-0
-0
-0
-0
-0
-0
-0
2.79014
9.40089
1.58049
-0
-0
-0
-0
-0
-0
0.781346
2.42967
-0
-0
-0
-0
-0
-0
-0
-0
29.6684
-0
-0
-0
-0
-0
-0
-0
-0
0.588139
-0
-0
-0
-0
-0
-0
-0
-0
-0
-0
-0
-0
-0
-0
-0
-0
-0
-0
-0
-0
-0
-0
14.0209
-0
-0
-0
-0
-0
54.7697
-0
-0
-0
-0
-0
-0
13.0659
34.6211
0.797023
-0
-0
3.88278
-0
-0
-0
-0
-0
-0
-0
-0
-0
-0
-0
-0
-0
-0
-0
-0
-0
34.8947
9.77073
-0
-0
-0
46.374
-0
-0
-0
-0
-0
-0
26.9025
-0
-0
-0
-0
-0
-0
-0
-0
-0
-0
-0
-0
-0
-0
-0
-0
-0
-0
-0
-0
-0
-0
-0
-0
-0
-0
12.4893
40.7804
-0
-0
0.933604
19.8414
-0
54.2681
-0
-0
15.3
-0
-0
2.11119
-0
-0
-0
48.4989
-0
-0
18.7746
-0
-0
19.5588
-0
-0
-0
-0
24.6441
3.89963
-0
7.67082
-0
-0
-0
-0
-0
22.1097
-0
-0
-0
-0
-0
-0
-0
17.0528
-0
-0
29.4301
-0
-0
-0
-0
-0
-0
-0
-0
-0
2.09853
-0
-0
-0
-0
-0
-0
44.9608
33.1447
-0
-0
10.2853
-0
-0
-0
-0
-0
-0
-0
-0
-0
-0
3.43635
-0
-0
-0
-0
4.38163
-0
-0
-0
1.13558
-0
-0
-0
-0
6.83035
-0
-0
-0
5.64175
-0
45.5069
-0
-0
-0
3.12559
-0
25.0588
-0
-0
10.2606
-0
-0
-0
-0
-0
-0
-0
-0
5.02547
-0
-0
-0
-0
-0
-0
-0
-0
-0
9.62955
-0
-0
-0
-0
-0
39.5105
-0
-0
-0
-0
-0
-0
-0
8.60292
-0
-0
-0
-0
-0
-0
-0
-0
-0
-0
-0
-0
-0
-0
-0
-0
-0
-0
-0
-0
-0
5.36216
26.7586
-0
-0
-0
-0
-0
-0
-0
9.51633
27.0195
-0
20.4819
11.6498
-0
-0
-0
5.05655
-0
-0
-0
8.05501
23.1701
-0
-0
-0
21.5084
-0
6.59622
-0
-0
-0
30.0597
-0
-0
25.9981
-0
-0
-0
-0
13.873
-0
-0
-0
-0
-0
16.2939
28.456
-0
-0
-0
58.4081
-0
-0
-0
1.09473
-0
-0
20.0666
-0
-0
-0
10.3018
-0
-0
-0
-0
-0
-0
-0
-0
11.6321
-0
-0
-0
3.20483
-0
-0
-0
-0
7.0956
-0
-0
-0
2.19181
-0
-0
-0
-0
-0
-0
-0
37.8054
-0
-0
-0
24.8304
-0
-0
-0
-0
22.5387
24.5246
-0
-0
24.9559
-0
-0
-0
-0
-0
-0
4.55103
34.0919
-0
-0
-0
-0
-0
-0
-0
-0
-0
-0
-0
-0
37.1917
-0
10.1255
-0
-0
-0
-0
-0
56.0866
-0
-0
-0
-0
29.6524
-0
20.2288
-0
6.2982
-0
-0
-0
-0
-0
4.7006
-0
-0
-0
-0
-0
73.5023
-0
-0
-0
-0
-0
-0
24.3235
-0
-0
-0
16.413
-0
-0
5.69908
-0
-0
-0
-0
10.2524
-0
15.7843
21.7807
-0
-0
13.7663
-0
-0
-0
28.0624
-0
-0
6.13571
-0
-0
-0
-0
2.17581
-0
-0
-0
43.9346
-0
-0
-0
5.65001
-0
11.1801
69.8109
-0
-0
-0
-0
-0
-0
-0
15.334
-0
-0
-0
-0
-0
-0
-0
-0
-0
3.44305
5.47585
-0
-0
-0
-0
2.9422
44.1992
-0
-0
-0
11.953
5.33919
9.27225
24.4432
12.3175
-0
-0
-0
-0
-0
-0
13.4394
-0
-0
45.737
31.1079
-0
-0
-0
-0
-0
-0
-0
-0
-0
-0
25.0625
-0
-0
-0
-0
-0
11.4476
-0
14.5631
5.8439
-0
-0
-0
8.18762
-0
-0
-0
-0
-0
-0
41.0463
-0
14.7038
-0
-0
-0
-0
-0
22.0631
30.1819
-0
-0
-0
19.2408
-0
-0
14.4442
-0
-0
-0
-0
-0
-0
3.68579
12.0162
-0
0.596537
-0
-0
-0
-0
-0
-0
-0
11.9838
-0
-0
-0
32.2939
-0
-0
-0
-0
-0
-0
-0
2.53385
-0
-0
-0
-0
-0
-0
6.44182
-0
-0
-0
-0
-0
-0
-0
-0
-0
-0
20.9396
8.24564
-0
-0
16.437
-0
-0
-0
-0
-0
-0
-0
43.796
-0
15.0937
2.54324
-0
-0
-0
-0
8.40623
-0
-0
-0
-0
-0
-0
6.63917
-0
37.7162
-0
-0
3.2173
-0
-0
-0
-0
-0
-0
-0
-0
-0
-0
-0
4.28145
29.3477
-0
-0
-0
-0
-0
-0
-0
-0
-0
0.608312
1.94093
-0
-0
-0
-0
48.6497
-0
-0
-0
-0
-0
20.3932
0.615486
-0
29.1049
-0
1.19783
-0
-0
-0
-0
-0
-0
11.2954
-0
-0
-0
6.39412
-0
-0
-0
-0
-0
-0
-0
-0
-0
31.5052
-0
-0
-0
-0
-0
6.65529
-0
-0
-0
-0
23.0058
-0
-0
-0
-0
-0
-0
-0
-0
-0
-0
-0
-0
-0
24.8689
-0
-0
-0
-0
59.8308
-0
-0
-0
-0
-0
-0
-0
-0
-0
-0
17.3463
-0
8.01804
-0
5.64963
-0
-0
-0
-0
-0
-0
0.679532
-0
-0
-0
35.9115
-0
-0
-0
-0
18.1236
17.9912
-0
-0
-0
-0
11.1524
-0
-0
18.0225
-0
-0
50.9842
-0
0.245216
-0
-0
-0
-0
-0
-0
-0
36.0442
-0
-0
-0
-0
-0
-0
-0
-0
-0
66.6028
67.4015
4.3261
-0
-0
-0
-0
-0
-0
-0
-0
-0
-0
-0
-0
-0
4.05824
-0
13.5277
-0
-0
13.9338
-0
-0
0.300323
-0
-0
-0
-0
-0
-0
-0
-0
-0
-0
-0
-0
-0
-0
21.9541
-0
-0
-0
-0
-0
-0
-0
15.6969
-0
-0
35.2183
-0
-0
-0
-0
16.1223
-0
5.21793
-0
-0
-0
-0
-0
-0
-0
-0
-0
-0
-0
-0
-0
-0
-0
-0
-0
-0
-0
-0
-0
-0
16.9314
-0
5.17221
-0
7.17332
-0
-0
-0
36.8022
-0
-0
-0
27.1017
-0
-0
-0
-0
-0
-0
-0
6.22159
39.314
-0
-0
-0
-0
35.3913
-0
15.6196
-0
-0
-0
61.8729
-0
13.9062
12.3581
-0
84.7123
-0
-0
19.796
-0
-0
-0
-0
25.9782
-0
-0
4.34867
10.0818
9.82484
-0
-0
18.9159
15.4345
-0
-0
-0
8.41895
-0
-0
7.2111
-0
8.78315
-0
11.2116
38.3028
6.19417
7.29836
-0
-0
-0
-0
30.018
-0
-0
-0
-0
-0
2.79087
-0
-0
-0
-0
-0
16.0084
55.6214
-0
-0
10.7677
20.7347
33.5683
-0
-0
-0
-0
-0
-0
-0
-0
-0
-0
-0
-0
-0
-0
-0
-0
-0
-0
-0
-0
-0
-0
22.5927
-0
-0
-0
-0
-0
17.9838
-0
33.1034
-0
-0
-0
-0
-0
-0
-0
-0
8.67516
-0
44.5217
18.4197
-0
-0
1.89007
10.3162
-0
42.5358
-0
-0
-0
-0
57.5859
0.918212
-0
-0
-0
-0
-0
-0
16.8335
18.0814
-0
-0
-0
-0
57.1888
-0
-0
-0
-0
-0
-0
-0
1.37813
-0
-0
-0
0.551232
-0
10.9178
42.5222
-0
0.965758
7.64008
-0
-0
-0
-0
21.8755
-0
-0
-0
-0
-0
-0
-0
-0
-0
-0
54.0363
-0
-0
-0
-0
-0
-0
9.35424
-0
-0
-0
-0
-0
-0
-0
-0
14.401
-0
-0
-0
-0
46.2273
-0
-0
-0
-0
-0
-0
-0
-0
-0
-0
-0
-0
-0
7.40801
11.618
-0
-0
-0
7.94078
-0
-0
-0
-0
-0
-0
-0
-0
11.7881
-0
-0
4.88024
-0
-0
-0
2.36635
-0
-0
-0
-0
-0
-0
-0
-0
-0
-0
-0
-0
-0
-0
36.8865
-0
-0
-0
-0
52.3055
-0
-0
-0
26.0037
-0
-0
-0
-0
-0
-0
-0
4.7248
8.31692
-0
-0
6.41194
-0
-0
-0
-0
26.6357
-0
-0
-0
-0
-0
-0
-0
-0
-0
-0
-0
-0
-0
-0
-0
-0
-0
-0
-0
-0
-0
-0
9.98118
12.9254
-0
-0
-0
-0
-0
-0
-0
-0
0.636972
-0
8.98212
1.43495
-0
-0
-0
13.7926
-0
-0
-0
-0
11.0971
-0
-0
8.62735
-0
-0
24.4303
-0
-0
-0
-0
-0
-0
-0
-0
-0
-0
-0
5.85832
-0
-0
-0
-0
32.9648
-0
0.803033
4.28777
-0
-0
-0
-0
-0
-0
12.4507
6.68354
47.3917
-0
-0
-0
6.9371
29.5385
-0
-0
-0
-0
44.1265
-0
-0
42.839
1.00286
-0
24.4428
-0
-0
6.41499
5.70603
-0
-0
-0
-0
-0
19.954
-0
37.2593
-0
-0
-0
-0
47.0853
4.49778
6.84383
21.0122
14.8758
-0
16.7632
-0
1.26547
-0
-0
-0
41.8503
-0
30.0701
-0
-0
-0
-0
-0
-0
-0
18.9379
-0
-0
25.8004
-0
-0
-0
-0
-0
-0
-0
-0
-0
-0
-0
-0
-0
-0
-0
20.6257
-0
-0
-0
-0
-0
-0
-0
-0
-0
-0
9.93076
-0
-0
-0
-0
-0
-0
-0
-0
-0
-0
-0
-0
-0
-0
-0
-0
-0
-0
-0
-0
68.1139
-0
-0
-0
-0
-0
-0
-0
-0
-0
-0
-0
15.8935
-0
-0
-0
-0
-0
-0
-0
-0
27.2713
-0
38.7875
-0
-0
-0
-0
-0
-0
-0
-0
-0
-0
40.9559
-0
-0
4.4103
-0
-0
-0
-0
-0
-0
-0
46.2436
-0
-0
8.09892
-0
-0
0.154736
-0
-0
-0
-0
-0
-0
-0
16.4765
29.9891
-0
-0
-0
-0
-0
-0
-0
-0
-0
-0
-0
-0
-0
-0
-0
-0
-0
-0
-0
-0
-0
-0
-0
-0
-0
-0
-0
-0
7.49799
0.930701
-0
-0
-0
-0
-0
-0
-0
-0
-0
-0
25.196
-0
8.41398
-0
-0
-0
-0
-0
-0
-0
-0
-0
-0
-0
-0
-0
-0
-0
-0
-0
-0
-0
-0
-0
-0
-0
-0
-0
-0
0.268274
-0
-0
-0
-0
-0
9.92526
19.1009
-0
-0
-0
22.0366
-0
-0
-0
-0
-0
-0
-0
52.1207
-0
-0
-0
-0
-0
-0
-0
-0
37.1592
12.5652
-0
-0
-0
7.19509
-0
-0
33.6494
-0
-0
11.1061
-0
-0
-0
-0
-0
-0
19.114
-0
-0
-0
30.8701
5.13689
3.75233
-0
32.2256
30.9941
25.2965
48.742
58.5486
-0
-0
53.2754
-0
-0
-0
-0
1.59064
-0
-0
-0
-0
-0
-0
-0
-0
-0
-0
-0
-0
-0
-0
11.0918
-0
-0
-0
29.8183
-0
-0
-0
-0
-0
-0
30.0315
-0
-0
-0
-0
-0
-0
-0
13.1835
-0
-0
11.1778
22.9218
-0
-0
-0
-0
-0
-0
-0
-0
-0
-0
16.3311
19.5011
11.9441
-0
33.8625
-0
-0
-0
-0
-0
-0
-0
-0
-0
-0
27.3733
22.9973
-0
-0
-0
-0
3.26029
-0
70.2403
-0
4.98377
-0
-0
0.312713
10.9028
12.3163
-0
15.7629
-0
8.79056
-0
-0
38.947
-0
36.3853
-0
-0
-0
-0
-0
16.2677
-0
14.4831
23.686
56.905
4.38342
-0
9.63613
-0
-0
-0
12.6439
67.4717
-0
-0
-0
-0
-0
32.2851
10.5874
-0
-0
-0
-0
-0
-0
-0
-0
-0
-0
-0
-0
-0
-0
-0
-0
-0
-0
0.241515
-0
3.26157
-0
-0
33.8198
-0
-0
-0
11.5801
-0
-0
-0
-0
-0
-0
-0
-0
-0
-0
-0
-0
20.8306
-0
-0
-0
-0
-0
-0
5.56997
-0
5.33587
-0
-0
-0
-0
-0
-0
-0
-0
37.1917
-0
-0
-0
45.0682
-0
-0
-0
-0
53.086
-0
1.33077
-0
-0
-0
82.9092
-0
5.6194
-0
-0
-0
19.6164
8.53842
-0
-0
-0
18.8982
-0
16.3838
-0
-0
-0
-0
2.76786
30.7769
-0
-0
8.24125
-0
-0
-0
-0
-0
-0
-0
-0
-0
2.83754
-0
-0
-0
-0
-0
-0
-0
-0
8.11665
-0
47.626
-0
-0
-0
-0
-0
1.17563
-0
-0
-0
-0
-0
-0
-0
11.865
-0
2.27071
45.5224
-0
-0
-0
-0
-0
-0
-0
-0
-0
0.879923
-0
60.2776
-0
41.3118
-0
-0
-0
-0
-0
-0
2.28169
-0
-0
-0
15.5507
-0
-0
-0
-0
-0
-0
1.27154
-0
-0
-0
-0
-0
-0
-0
10.6426
40.0307
-0
-0
-0
-0
-0
-0
-0
-0
-0
12.1065
-0
-0
-0
-0
-0
18.1399
-0
-0
-0
-0
-0
-0
4.08352
-0
-0
2.21325
-0
-0
8.65488
-0
-0
-0
-0
46.8469
14.4173
-0
22.4415
-0
-0
-0
-0
0.298673
-0
-0
-0
-0
-0
-0
-0
-0
-0
-0
-0
-0
-0
-0
-0
22.7972
-0
-0
15.0026
-0
-0
-0
-0
4.71424
-0
-0
19.8808
-0
-0
37.2862
-0
-0
1.67321
1.78685
-0
-0
22.1756
-0
-0
21.268
-0
-0
-0
20.0813
13.7354
36.0211
47.8911
-0
-0
-0
27.5858
-0
-0
-0
-0
-0
1.70137
-0
-0
-0
-0
-0
-0
49.8091
8.64662
-0
-0
15.5357
-0
-0
-0
-0
-0
-0
-0
-0
-0
-0
-0
-0
-0
-0
-0
-0
-0
-0
-0
-0
-0
-0
2.35912
-0
-0
-0
-0
-0
-0
-0
-0
-0
-0
-0
-0
-0
-0
-0
-0
26.2217
-0
16.6797
-0
-0
-0
0.991533
-0
-0
-0
-0
14.1019
36.9743
-0
-0
-0
0.187095
-0
2.80434
37.6911
-0
-0
-0
-0
2.2103
0.640854
-0
-0
-0
4.6252
-0
1.65593
-0
-0
-0
-0
3.65954
-0
-0
-0
0.458444
-0
-0
-0
-0
-0
-0
-0
-0
-0
25.6043
-0
-0
-0
-0
-0
-0
-0
-0
-0
-0
-0
-0
-0
18.3845
-0
-0
-0
0.331002
-0
-0
-0
-0
-0
-0
-0
66.9942
1.97337
-0
-0
-0
-0
-0
-0
-0
-0
-0
-0
-0
3.17041
-0
-0
-0
-0
48.395
48.7452
-0
0.610973
-0
-0
-0
-0
-0
-0
29.5357
-0
-0
-0
-0
-0
-0
-0
3.49864
-0
-0
-0
-0
-0
-0
-0
-0
-0
-0
-0
5.98163
-0
-0
9.41902
-0
35.9808
-0
-0
24.3356
-0
-0
4.5997
-0
2.62439
-0
-0
-0
-0
16.6241
-0
-0
-0
-0
-0
-0
8.1436
-0
-0
-0
17.7883
17.9765
-0
-0
-0
-0
-0
-0
-0
50.5973
-0
11.3727
-0
-0
-0
-0
0.520305
27.261
-0
31.6008
25.2466
-0
-0
-0
14.6913
-0
5.35508
-0
-0
4.32499
1.0243
8.58763
26.6844
22.8961
-0
-0
-0
-0
-0
17.0912
2.25371
11.7228
18.4675
-0
-0
-0
-0
-0
42.178
-0
-0
-0
-0
-0
-0
17.4876
46.9217
-0
1.32841
-0
-0
-0
-0
-0
-0
-0
-0
-0
19.0746
-0
-0
-0
19.5546
-0
-0
-0
-0
43.0621
67.9996
16.2206
-0
-0
-0
-0
-0
-0
-0
-0
5.01776
-0
12.795
-0
-0
0.189306
28.4853
-0
7.75778
-0
-0
-0
41.6394
-0
18.173
-0
-0
21.3377
-0
-0
-0
-0
-0
-0
-0
-0
-0
-0
-0
-0
1.50077
-0
-0
-0
-0
-0
-0
-0
-0
-0
-0
10.7214
-0
14.8769
-0
10.6585
45.4107
-0
-0
-0
19.63
-0
29.0317
22.797
-0
-0
35.2559
-0
92.0371
-0
25.3657
-0
-0
-0
60.1562
-0
-0
-0
-0
-0
-0
-0
-0
-0
18.8411
-0
-0
-0
-0
-0
-0
-0
-0
-0
-0
-0
-0
1.76201
-0
-0
-0
0.277231
29.6003
-0
-0
-0
-0
9.90439
-0
-0
-0
-0
18.4385
-0
-0
27.0085
-0
-0
-0
6.8882
-0
-0
-0
-0
-0
-0
-0
3.06176
-0
-0
32.725
-0
11.3443
-0
-0
-0
-0
-0
-0
-0
-0
-0
-0
-0
0.715721
-0
-0
-0
-0
41.7799
19.987
-0
-0
-0
-0
1.01334
-0
2.09486
-0
-0
-0
18.3405
-0
-0
22.4688
21.4451
29.5405
15.3075
58.2144
-0
1.55932
-0
-0
-0
-0
-0
3.12868
-0
-0
-0
-0
-0
-0
-0
-0
2.28499
-0
-0
-0
-0
-0
-0
-0
-0
-0
-0
-0
-0
-0
-0
-0
-0
4.88172
-0
7.44031
-0
-0
-0
-0
-0
-0
-0
80.579
-0
-0
-0
-0
-0
-0
-0
-0
-0
-0
-0
-0
-0
-0
-0
-0
0.984797
-0
31.3559
-0
-0
28.5649
41.0424
-0
-0
19.0296
-0
29.5216
5.78521
-0
-0
7.37846
-0
-0
32.5865
-0
-0
-0
-0
-0
26.1688
-0
-0
-0
-0
-0
22.424
8.20832
-0
-0
3.27238
-0
-0
-0
-0
-0
-0
-0
37.0052
5.43144
-0
-0
6.54893
31.9958
-0
25.7986
1.71663
21.8853
-0
34.9425
-0
-0
-0
19.7174
-0
-0
-0
-0
-0
-0
-0
-0
-0
0.853583
-0
-0
-0
-0
28.9293
-0
6.46173
10.1507
-0
-0
-0
5.02799
-0
-0
-0
-0
-0
-0
-0
-0
34.0071
0.987926
-0
-0
-0
-0
3.29113
-0
26.3177
-0
-0
-0
-0
-0
-0
-0
13.5785
-0
-0
7.85989
-0
23.6865
17.1404
-0
73.0276
-0
-0
-0
-0
-0
-0
-0
-0
27.4756
11.2723
-0
-0
11.7887
-0
-0
-0
30.5348
-0
-0
-0
-0
-0
-0
-0
-0
-0
-0
-0
-0
-0
-0
-0
15.663
-0
-0
-0
-0
-0
-0
-0
44.7339
-0
-0
19.4039
-0
-0
13.0058
-0
-0
7.74826
-0
-0
-0
-0
-0
-0
40.2651
-0
30.9105
-0
-0
-0
38.1506
-0
-0
12.1918
16.4565
-0
-0
40.162
6.26297
-0
-0
-0
-0
-0
17.8402
17.2635
64.1589
-0
-0
-0
14.3636
-0
-0
-0
-0
-0
-0
-0
-0
-0
-0
-0
12.3073
-0
-0
-0
41.1848
-0
-0
-0
-0
-0
-0
-0
-0
-0
-0
-0
-0
-0
-0
-0
-0
-0
-0
-0
37.9014
50.516
33.1296
-0
-0
-0
-0
-0
-0
-0
-0
-0
-0
24.7804
1.47527
-0
-0
33.2104
-0
33.4993
-0
-0
-0
20.5758
-0
-0
-0
-0
-0
-0
-0
-0
-0
-0
-0
-0
0.691942
9.35775
-0
5.16868
-0
-0
-0
-0
-0
7.44923
-0
-0
-0
-0
-0
-0
-0
-0
-0
-0
-0
-0
3.296
-0
-0
15.2044
-0
-0
-0
-0
50.672
-0
-0
-0
-0
-0
-0
-0
-0
-0
-0
-0
-0
-0
-0
-0
-0
-0
-0
-0
-0
-0
-0
-0
-0
-0
-0
-0
-0
-0
2.90787
3.54732
-0
5.21407
22.2873
-0
-0
-0
-0
-0
-0
-0
5.54174
-0
-0
-0
-0
26.4481
-0
-0
4.89727
-0
-0
-0
-0
13.6473
2.64068
-0
-0
-0
-0
-0
-0
-0
-0
29.9921
-0
-0
20.7043
-0
50.3367
-0
-0
-0
-0
-0
-0
-0
-0
-0
27.1767
-0
-0
-0
-0
55.8065
-0
21.0575
15.1062
7.08262
35.0699
-0
-0
-0
11.794
16.0074
-0
-0
-0
-0
0.482431
-0
-0
-0
-0
-0
-0
-0
-0
-0
-0
-0
-0
-0
-0
23.3375
-0
-0
-0
-0
-0
-0
-0
-0
-0
-0
0.843601
11.0114
-0
6.44954
-0
-0
-0
-0
47.2098
-0
-0
-0
4.02114
8.97153
-0
-0
-0
-0
-0
-0
39.5145
-0
-0
-0
-0
-0
-0
25.3956
-0
-0
-0
-0
15.6288
-0
15.7483
-0
15.7425
46.2962
-0
-0
-0
3.48712
-0
-0
-0
-0
32.6027
33.232
-0
2.82221
-0
-0
-0
5.17238
-0
-0
-0
-0
4.47818
-0
-0
-0
-0
-0
-0
-0
-0
-0
-0
4.25835
-0
-0
-0
-0
-0
-0
22.6972
0.3258
-0
-0
-0
-0
-0
-0
-0
-0
-0
-0
24.8807
-0
-0
7.42757
-0
-0
15.9481
-0
-0
-0
-0
-0
-0
-0
-0
-0
3.82977
0.60917
-0
-0
-0
-0
-0
-0
16.7651
-0
-0
-0
22.2783
-0
-0
-0
0.811857
-0
17.315
-0
-0
-0
-0
-0
-0
-0
-0
36.3586
-0
-0
-0
54.1258
0.611595
-0
17.0704
-0
-0
-0
-0
-0
-0
-0
0.541567
-0
-0
36.1034
-0
9.95457
29.5193
-0
2.71657
13.7266
3.25212
17.1181
-0
-0
-0
6.81184
-0
57.285
-0
-0
-0
-0
-0
24.5953
-0
23.6664
-0
-0
-0
69.0098
-0
-0
0.691388
12.81
-0
-0
-0
6.30247
-0
42.1066
-0
-0
-0
-0
-0
-0
56.7911
-0
-0
-0
-0
-0
-0
-0
23.5772
22.3114
-0
-0
-0
-0
-0
2.54582
-0
-0
-0
14.9154
-0
-0
-0
26.3214
-0
14.5313
2.6976
26.0011
-0
-0
-0
-0
-0
13.2536
-0
30.9629
-0
-0
-0
6.91217
-0
-0
-0
-0
-0
-0
-0
14.7142
48.8964
-0
21.949
-0
-0
-0
-0
-0
5.89931
25.5952
1.41601
-0
-0
-0
4.1125
-0
-0
8.37974
43.6897
-0
-0
-0
-0
-0
-0
-0
4.6812
-0
-0
-0
-0
-0
-0
22.8762
-0
-0
-0
-0
-0
2.61769
-0
51.6448
47.0847
-0
15.1193
-0
-0
-0
-0
-0
-0
-0
-0
20.5722
-0
-0
-0
-0
-0
-0
-0
-0
-0
-0
-0
-0
-0
15.422
-0
-0
-0
15.0426
-0
-0
30.3239
-0
-0
-0
-0
-0
3.88868
-0
-0
-0
8.98421
13.393
15.6923
-0
-0
-0
-0
-0
-0
8.41277
-0
-0
-0
2.26976
-0
-0
18.5888
-0
-0
-0
-0
9.70351
-0
-0
-0
2.4091
-0
-0
-0
10.482
-0
-0
45.6137
-0
-0
49.0329
-0
-0
-0
-0
-0
-0
-0
-0
-0
7.68975
-0
-0
-0
3.06511
-0
-0
-0
-0
-0
14.3484
-0
-0
-0
-0
41.0173
-0
-0
-0
-0
-0
1.92368
-0
-0
-0
-0
-0
-0
-0
30.7312
-0
-0
7.63994
-0
12.2118
-0
-0
-0
-0
-0
-0
-0
-0
-0
14.6077
-0
17.6964
-0
-0
-0
-0
33.4361
-0
39.6477
-0
-0
-0
-0
57.0369
-0
-0
-0
-0
-0
-0
-0
-0
-0
-0
-0
-0
-0
42.4926
-0
-0
-0
-0
-0
-0
-0
-0
-0
-0
67.916
-0
-0
-0
3.31887
-0
-0
-0
-0
-0
-0
-0
42.5449
-0
17.0867
-0
-0
-0
50.0146
-0
-0
-0
-0
-0
3.10938
-0
0.342005
-0
-0
12.6119
-0
-0
-0
-0
-0
-0
-0
-0
-0
-0
3.77861
-0
-0
24.5859
-0
-0
-0
-0
-0
-0
-0
-0
-0
-0
-0
-0
-0
-0
-0
14.3532
-0
-0
-0
-0
2.30939
-0
-0
4.80469
-0
-0
-0
3.62488
-0
-0
-0
-0
12.1368
-0
10.3009
-0
-0
-0
-0
-0
8.76562
-0
-0
10.6954
-0
-0
24.8364
-0
-0
-0
-0
30.2855
-0
-0
-0
-0
-0
17.1364
-0
30.8776
-0
-0
17.4004
-0
-0
-0
-0
-0
-0
8.62532
-0
10.2899
-0
-0
-0
-0
-0
-0
-0
-0
-0
-0
-0
45.9378
-0
-0
-0
18.5047
36.0832
-0
-0
20.3215
-0
-0
-0
-0
-0
-0
-0
-0
-0
33.4356
-0
-0
-0
-0
-0
-0
-0
-0
2.18096
-0
-0
-0
-0
37.1161
50.9746
-0
-0
-0
-0
-0
-0
-0
-0
-0
-0
-0
-0
-0
-0
-0
37.7606
75.3875
-0
-0
-0
-0
-0
23.698
5.73536
-0
-0
-0
-0
60.0837
-0
-0
-0
-0
7.87517
-0
-0
31.4563
-0
28.8059
-0
30.7235
-0
8.40538
1.87206
-0
-0
-0
49.018
-0
-0
8.01471
-0
-0
-0
-0
-0
36.4905
-0
-0
-0
-0
-0
-0
2.75569
-0
-0
-0
-0
16.7626
-0
-0
-0
-0
-0
-0
29.0729
-0
-0
-0
-0
-0
-0
-0
-0
-0
-0
-0
-0
-0
-0
11.912
-0
41.4449
-0
-0
-0
27.8303
-0
-0
-0
28.3434
-0
-0
-0
-0
6.00191
51.3924
7.78258
-0
-0
-0
9.95217
-0
-0
24.7535
-0
-0
-0
-0
-0
-0
-0
1.94713
24.4852
-0
-0
-0
-0
-0
-0
-0
0.782029
-0
-0
-0
-0
52.5652
-0
18.6242
-0
5.99787
-0
-0
-0
52.5101
-0
-0
63.955
44.6255
-0
-0
-0
-0
-0
-0
40.7183
-0
-0
5.05165
-0
-0
31.2267
-0
-0
-0
-0
-0
-0
-0
-0
0.78092
-0
-0
39.7619
-0
-0
-0
-0
9.55893
23.4434
-0
-0
-0
16.9149
-0
0.0914475
3.11632
-0
-0
-0
32.4194
-0
-0
-0
-0
1.87728
-0
-0
-0
-0
14.864
-0
35.1309
38.1644
-0
-0
-0
-0
-0
-0
-0
-0
-0
-0
-0
8.71528
19.6074
-0
-0
-0
37.5696
-0
-0
-0
-0
-0
-0
-0
-0
