-0
-0
-0
-0
-0
-0
-0
-0
8.1293
-0
-0
-0
-0
-0
-0
-0
0.980974
-0
-0
-0
-0
3.07279
-0
-0
12.9509
-0
-0
-0
-0
-0
-0
-0
-0
-0
11.672
-0
-0
-0
-0
-0
-0
-0
-0
-0
-0
5.89222
-0
13.0432
-0
-0
-0
-0
-0
-0
-0
-0
-0
1.35595
-0
-0
-0
-0
17.1586
-0
0.359217
-0
-0
-0
-0
-0
-0
-0
-0
-0
-0
3.52873
57.5141
-0
-0
-0
-0
82.9984
-0
-0
-0
-0
-0
6.26363
-0
-0
46.0855
-0
-0
-0
24.6295
-0
22.1237
-0
-0
-0
3.41343
-0
-0
2.75429
-0
-0
11.7672
18.7852
-0
-0
-0
-0
0.13083
-0
-0
18.8447
-0
-0
31.6045
64.0781
-0
16.7613
-0
12.5176
-0
-0
-0
7.30225
-0
-0
11.0336
-0
37.5797
-0
-0
-0
33.1701
11.2509
-0
-0
8.9735
-0
4.90016
9.20381
0.291339
-0
-0
-0
-0
-0
13.1932
-0
-0
-0
-0
-0
-0
10.3095
-0
-0
16.0705
-0
-0
-0
-0
-0
25.5012
-0
-0
42.1254
9.80178
-0
-0
-0
-0
-0
11.5297
-0
-0
-0
10.9726
-0
-0
-0
-0
36.9088
-0
-0
23.9399
-0
0.170209
57.5689
34.1012
-0
-0
-0
-0
13.3144
-0
-0
-0
10.6393
30.2668
-0
-0
-0
27.1836
-0
-0
-0
-0
-0
15.4105
-0
-0
-0
-0
-0
-0
-0
-0
-0
-0
-0
-0
-0
-0
0.952492
-0
15.8059
-0
3.00511
-0
-0
-0
-0
-0
-0
-0
3.31357
-0
-0
-0
-0
-0
-0
15.5209
-0
7.41754
-0
-0
-0
-0
-0
21.4625
-0
-0
13.8147
-0
-0
-0
-0
-0
-0
2.68619
-0
-0
-0
-0
-0
-0
26.1887
8.07219
9.48752
-0
-0
-0
-0
-0
-0
14.6793
-0
-0
6.54246
-0
-0
33.5719
6.54863
-0
-0
-0
6.86387
-0
-0
46.2352
-0
15.9981
-0
5.47441
74.658
-0
-0
5.37134
-0
31.2696
4.38528
-0
-0
52.6295
-0
18.5754
-0
-0
-0
-0
2.65586
-0
-0
-0
0.294378
-0
-0
-0
57.4251
24.712
-0
-0
16.7773
-0
20.1421
-0
-0
-0
-0
-0
-0
-0
0.170808
-0
29.252
11.4899
-0
15.9337
7.11864
-0
-0
-0
-0
23.6091
-0
-0
-0
-0
-0
36.1269
-0
-0
-0
3.64252
-0
3.35144
-0
-0
-0
8.30675
0.815413
-0
-0
-0
-0
-0
7.24269
0.241377
13.065
-0
-0
3.69814
16.2675
-0
-0
-0
-0
2.13989
-0
-0
7.05219
-0
-0
-0
-0
-0
-0
4.1967
-0
-0
-0
-0
-0
-0
-0
12.2964
-0
-0
-0
-0
-0
-0
-0
-0
-0
-0
4.83208
-0
-0
38.6088
-0
-0
-0
-0
-0
42.3699
-0
-0
-0
-0
-0
-0
25.1336
42.0382
22.0069
-0
-0
17.3399
-0
-0
-0
-0
-0
-0
-0
-0
-0
-0
-0
-0
-0
-0
4.02361
-0
-0
16.9729
9.77025
-0
-0
-0
28.0057
-0
-0
-0
-0
-0
-0
21.7425
-0
-0
-0
-0
-0
-0
-0
-0
-0
-0
-0
-0
-0
-0
-0
-0
-0
-0
-0
-0
-0
-0
-0
-0
-0
-0
15.3662
22.4202
-0
-0
-0
-0
-0
28.6065
-0
-0
27.8633
-0
-0
-0
-0
-0
-0
46.7399
-0
-0
-0
-0
-0
15.1352
-0
-0
-0
5.04065
23.6927
-0
-0
-0
-0
-0
-0
-0
-0
-0
-0
-0
-0
-0
-0
-0
-0
39.839
-0
18.8226
11.9339
-0
-0
-0
-0
-0
-0
-0
-0
16.5421
1.10394
-0
-0
-0
-0
-0
-0
54.3129
-0
-0
-0
17.4338
3.31588
-0
-0
35.7345
-0
-0
-0
-0
-0
-0
2.22804
-0
17.6315
25.4051
4.56361
4.05702
-0
-0
-0
22.4625
-0
-0
-0
7.04674
-0
-0
-0
-0
-0
12.9421
50.3687
-0
-0
-0
-0
-0
7.52736
-0
19.6051
-0
-0
8.20545
-0
-0
-0
-0
-0
-0
11.8929
-0
-0
-0
6.85438
3.94239
-0
-0
-0
8.89251
15.4934
-0
-0
-0
-0
-0
22.2031
-0
-0
-0
-0
-0
-0
-0
23.8247
-0
-0
-0
-0
-0
-0
-0
-0
-0
-0
-0
-0
-0
-0
-0
2.20724
-0
0.0463295
-0
-0
-0
-0
25.4504
-0
-0
-0
-0
-0
19.849
-0
16.5188
6.62917
-0
10.71
-0
-0
-0
-0
12.7961
-0
-0
-0
30.9161
-0
-0
-0
-0
52.5376
0.738086
7.10491
-0
-0
-0
26.9284
-0
-0
-0
-0
-0
-0
-0
-0
-0
-0
-0
-0
-0
-0
22.3182
-0
-0
10.7633
18.1667
-0
-0
-0
-0
-0
-0
22.0933
-0
15.3587
-0
-0
-0
-0
-0
-0
-0
-0
-0
-0
-0
-0
-0
-0
-0
-0
-0
-0
-0
22.121
-0
-0
-0
1.72735
-0
-0
-0
-0
-0
-0
-0
-0
-0
-0
-0
22.4038
-0
-0
-0
-0
20.4363
6.06344
6.24104
-0
22.3822
-0
-0
-0
-0
9.1497
-0
26.2646
14.2057
-0
-0
-0
-0
-0
-0
-0
-0
-0
-0
-0
-0
20.7105
10.8025
-0
-0
-0
-0
-0
7.68952
33.6427
-0
-0
-0
-0
19.0777
-0
31.6517
1.81387
-0
-0
-0
-0
-0
-0
-0
-0
-0
-0
-0
25.9094
6.08812
-0
-0
-0
-0
-0
-0
40.0749
-0
-0
-0
16.4901
-0
-0
-0
-0
-0
-0
14.4562
6.69714
-0
0.823323
35.1309
-0
-0
19.0897
-0
-0
-0
22.9771
-0
4.66977
2.40349
-0
-0
-0
-0
-0
-0
-0
-0
17.66
-0
-0
-0
14.1774
-0
12.4378
32.7817
-0
-0
26.2437
-0
-0
-0
-0
5.42438
-0
-0
-0
-0
-0
-0
-0
-0
27.2747
-0
11.9051
14.7957
-0
-0
-0
3.461
40.7527
-0
-0
-0
22.2572
-0
19.9713
6.24559
15.7985
-0
-0
27.6362
0.379715
-0
0.478599
9.65455
-0
-0
40.0453
16.5884
-0
-0
-0
8.7775
-0
6.01018
-0
-0
-0
4.21089
29.9661
-0
-0
-0
-0
2.49142
10.2542
-0
36.0945
8.23431
-0
-0
-0
13.5625
-0
-0
-0
-0
-0
-0
5.87252
1.2521
16.5146
-0
-0
-0
-0
-0
31.2876
44.4343
-0
-0
-0
12.8582
-0
-0
-0
-0
-0
-0
-0
-0
-0
-0
2.24394
-0
0.803345
-0
-0
-0
-0
-0
13.6742
15.0322
25.4448
-0
-0
-0
31.3915
-0
-0
-0
-0
-0
-0
-0
-0
-0
-0
-0
-0
-0
-0
-0
9.00101
-0
-0
-0
-0
-0
22.8091
-0
-0
-0
35.8801
16.3204
-0
-0
40.4371
-0
-0
-0
2.90858
-0
-0
-0
20.6211
-0
4.61894
50.4643
-0
-0
-0
-0
18.9652
-0
-0
-0
-0
-0
-0
23.2801
-0
12.2829
-0
-0
-0
-0
-0
-0
5.53525
-0
-0
-0
-0
-0
-0
-0
33.743
27.8109
-0
-0
-0
13.1479
-0
-0
-0
-0
-0
-0
11.9312
-0
-0
-0
-0
16.1593
-0
-0
-0
-0
-0
27.7902
19.5308
-0
24.1507
-0
-0
-0
4.23696
-0
-0
-0
-0
19.5658
-0
-0
-0
-0
-0
-0
-0
-0
-0
-0
-0
-0
-0
39.4808
-0
-0
-0
-0
-0
25.9363
12.9037
-0
-0
-0
11.2759
-0
-0
-0
-0
-0
-0
-0
-0
-0
-0
-0
8.30459
-0
16.554
-0
-0
-0
-0
31.2335
-0
-0
-0
-0
-0
-0
-0
-0
-0
-0
-0
-0
4.27659
-0
6.62769
-0
5.86154
-0
-0
-0
-0
0.764387
-0
-0
-0
15.1993
-0
-0
-0
-0
57.3984
14.0747
-0
-0
-0
-0
-0
-0
-0
16.0669
-0
-0
31.0162
-0
0.0502583
-0
8.87347
-0
1.24256
-0
-0
-0
33.8944
1.01365
-0
-0
-0
-0
6.97694
-0
-0
-0
45.206
44.6269
20.0622
-0
-0
-0
-0
8.87441
-0
-0
-0
-0
5.31242
-0
-0
-0
15.6846
-0
9.18666
-0
-0
-0
-0
-0
37.7713
-0
-0
-0
-0
-0
-0
6.11633
9.61308
-0
2.07879
-0
-0
-0
-0
-0
-0
-0
-0
-0
34.3228
-0
-0
10.0274
-0
-0
36.7097
-0
-0
-0
-0
-0
-0
5.44455
-0
-0
-0
-0
-0
-0
-0
-0
-0
-0
-0
-0
-0
-0
-0
-0
-0
4.00503
-0
-0
-0
15.7826
13.9035
-0
11.1995
-0
-0
-0
-0
-0
45.4862
-0
-0
-0
-0
-0
-0
-0
-0
10.5716
-0
-0
8.39369
17.3627
-0
-0
-0
-0
19.5849
-0
-0
-0
-0
0.0906627
68.8941
-0
15.3914
24.5681
-0
70.8076
-0
-0
-0
-0
-0
-0
-0
30.1923
-0
-0
3.53289
-0
8.90128
-0
-0
11.6929
-0
-0
-0
-0
-0
-0
-0
-0
1.87497
-0
-0
13.2862
44.4598
-0
-0
1.46507
-0
0.820014
-0
17.0128
-0
-0
-0
-0
-0
17.6295
0.993054
1.45725
-0
-0
-0
1.2487
32.6464
-0
-0
18.1539
-0
24.5371
-0
-0
-0
-0
-0
-0
-0
-0
-0
5.44206
-0
-0
-0
-0
-0
-0
-0
-0
-0
-0
-0
-0
33.1317
5.2065
-0
-0
-0
-0
23.5927
0.171263
-0
-0
-0
-0
-0
-0
-0
-0
-0
-0
-0
62.3652
15.455
-0
-0
-0
-0
-0
-0
-0
-0
-0
-0
37.1087
-0
13.9033
-0
-0
-0
6.45987
-0
-0
-0
-0
-0
-0
-0
11.9805
-0
-0
-0
-0
-0
-0
-0
27.5709
-0
-0
-0
8.31683
-0
29.058
48.1832
-0
1.67294
50.1776
-0
21.4856
33.681
-0
-0
-0
-0
-0
-0
-0
-0
-0
-0
-0
-0
18.796
-0
-0
-0
-0
-0
-0
-0
-0
-0
9.26465
-0
-0
-0
-0
-0
-0
12.7995
-0
-0
-0
60.3267
-0
-0
-0
4.90519
-0
-0
-0
-0
-0
-0
-0
-0
-0
-0
4.74642
-0
-0
-0
18.4518
-0
-0
-0
-0
-0
-0
-0
-0
-0
-0
-0
28.6997
-0
-0
-0
2.70749
-0
-0
-0
2.26533
-0
-0
-0
-0
-0
-0
-0
-0
-0
-0
-0
-0
-0
-0
-0
43.225
-0
-0
-0
28.8062
-0
-0
-0
-0
-0
-0
-0
13.2166
-0
-0
-0
-0
-0
-0
-0
0.405202
6.00742
-0
-0
-0
-0
-0
-0
-0
-0
17.9271
-0
-0
-0
-0
-0
-0
3.40287
-0
-0
-0
-0
-0
-0
-0
-0
-0
-0
-0
-0
-0
-0
-0
-0
-0
-0
-0
-0
-0
-0
-0
-0
-0
-0
-0
-0
8.86779
-0
-0
-0
-0
-0
29.2638
-0
0.25283
-0
-0
-0
-0
18.4977
-0
-0
-0
-0
20.7923
-0
-0
-0
-0
28.8608
-0
0.226422
6.31948
-0
-0
-0
-0
-0
-0
-0
20.2157
22.9867
6.38463
-0
-0
7.00047
44.4152
-0
-0
-0
-0
-0
-0
-0
28.2478
-0
-0
21.6466
-0
-0
61.2706
32.5511
-0
0.342438
-0
-0
-0
3.94778
-0
20.0351
6.05088
-0
-0
-0
33.7337
28.1204
7.18179
49.4141
13.7413
-0
23.341
-0
14.6567
-0
-0
-0
33.7442
-0
-0
16.6625
-0
-0
-0
-0
-0
-0
-0
-0
-0
15.2877
-0
-0
-0
-0
-0
-0
-0
-0
-0
-0
-0
-0
-0
-0
-0
-0
-0
-0
-0
-0
-0
-0
-0
-0
-0
6.41695
39.0208
-0
1.3972
-0
-0
-0
-0
-0
-0
-0
-0
-0
-0
-0
3.66431
-0
-0
-0
-0
-0
-0
61.9208
-0
-0
-0
12.1037
-0
-0
-0
-0
-0
-0
-0
8.7626
-0
-0
15.4811
-0
-0
-0
-0
-0
59.1423
-0
6.20433
-0
-0
-0
-0
-0
-0
15.6801
-0
-0
-0
-0
-0
-0
2.53493
-0
-0
-0
-0
-0
-0
-0
37.3334
-0
-0
9.09855
-0
-0
-0
7.76374
-0
-0
-0
-0
-0
-0
34.6845
16.908
-0
-0
-0
5.40335
-0
-0
-0
-0
-0
-0
5.34477
-0
-0
-0
23.7097
-0
-0
-0
-0
-0
-0
-0
9.96009
-0
-0
-0
-0
-0
9.36289
-0
-0
13.5979
-0
-0
-0
-0
-0
-0
-0
-0
2.61196
-0
-0
-0
-0
-0
-0
-0
-0
-0
-0
-0
-0
-0
-0
-0
-0
-0
-0
-0
-0
-0
-0
-0
-0
-0
-0
-0
4.16519
-0
-0
0.431308
-0
-0
22.0287
-0
20.3485
-0
-0
-0
7.63463
-0
-0
-0
-0
-0
-0
-0
33.5699
-0
-0
-0
-0
-0
-0
-0
-0
12.4349
35.9055
-0
-0
-0
9.99575
-0
-0
1.96907
-0
-0
15.6936
-0
-0
-0
-0
4.31982
-0
26.8712
-0
-0
-0
5.26192
-0
3.09438
-0
68.8415
12.0407
11.7023
28.8579
47.4609
3.71422
-0
32.8028
-0
-0
8.38101
-0
-0
-0
-0
-0
-0
-0
-0
-0
-0
-0
-0
-0
-0
-0
-0
21.2246
-0
-0
-0
19.3466
2.16007
-0
-0
-0
-0
-0
39.4483
9.90596
-0
-0
-0
-0
-0
-0
-0
-0
-0
-0
6.29774
-0
-0
-0
-0
-0
3.19571
-0
-0
24.4541
-0
24.6117
30.2553
-0
-0
11.8051
-0
-0
-0
-0
-0
-0
-0
-0
-0
-0
27.5716
12.8144
-0
-0
0.108555
-0
1.76742
-0
58.7576
-0
11.9159
-0
-0
0.277935
13.4533
10.8958
-0
28.7445
-0
35.2381
-0
-0
5.41971
-0
-0
-0
-0
-0
-0
-0
18.0251
-0
12.1213
20.65
57.2236
11.3259
-0
-0
-0
-0
0.170965
12.7975
55.0049
-0
-0
2.3161
-0
-0
25.7068
15.5839
-0
-0
-0
-0
-0
16.2316
-0
10.3289
-0
13.456
-0
-0
16.0895
-0
-0
-0
-0
-0
-0
-0
4.20871
-0
-0
51.0092
-0
-0
-0
8.53739
-0
-0
-0
-0
-0
-0
-0
-0
-0
-0
-0
-0
45.6135
-0
-0
-0
-0
-0
-0
9.34762
-0
17.5047
-0
-0
-0
-0
-0
-0
-0
-0
67.1426
-0
-0
-0
9.44044
-0
-0
-0
-0
35.1683
-0
17.0286
1.52922
-0
32.7252
62.096
-0
14.9392
1.56304
6.44683
-0
50.1646
1.00917
-0
8.91881
18.1742
-0
-0
3.63022
1.58701
-0
-0
-0
13.1247
1.10899
-0
-0
16.3044
-0
10.8015
6.8261
-0
-0
-0
-0
-0
-0
-0
-0
-0
-0
-0
-0
-0
-0
-0
-0
-0
50.5112
-0
-0
-0
-0
-0
7.17952
-0
-0
40.4346
15.3962
-0
-0
-0
-0
12.4015
15.3822
18.9424
-0
-0
-0
-0
-0
-0
-0
-0
-0
20.3818
-0
56.6457
-0
30.9381
-0
-0
-0
5.48225
-0
-0
3.71869
-0
-0
-0
7.05041
-0
8.55325
-0
-0
-0
-0
16.7582
-0
-0
-0
-0
-0
-0
-0
13.905
6.48502
-0
12.6691
-0
-0
-0
-0
-0
4.83657
-0
-0
-0
-0
-0
-0
-0
-0
-0
-0
-0
-0
-0
-0
12.4794
-0
-0
-0
-0
-0
-0
-0
-0
-0
-0
-0
-0
-0
45.1467
-0
-0
-0
-0
7.1991
-0
-0
-0
-0
-0
-0
-0
-0
5.61663
-0
-0
-0
-0
-0
-0
-0
-0
0.287875
-0
-0
-0
-0
-0
4.67739
-0
-0
37.8063
-0
-0
25.5426
-0
-0
-0
4.35602
-0
-0
21.4298
-0
-0
17.3265
-0
-0
-0
24.2381
-0
20.3944
18.065
-0
-0
14.453
18.2054
-0
5.76469
-0
-0
-0
-0
-0
-0
-0
-0
-0
-0
49.5878
-0
0.579727
-0
21.05
-0
12.4937
31.4618
-0
-0
-0
-0
-0
-0
-0
-0
-0
-0
-0
4.39175
-0
-0
-0
-0
-0
-0
-0
-0
-0
-0
-0
-0
-0
-0
-0
-0
-0
-0
-0
-0
-0
-0
-0
-0
15.0468
-0
5.82881
-0
-0
-0
2.74705
-0
-0
-0
-0
15.5011
2.13082
-0
-0
-0
0.129566
-0
-0
15.3566
10.7191
-0
-0
0.903918
46.1716
9.54425
-0
-0
-0
-0
30.8828
-0
-0
-0
-0
-0
5.71193
-0
-0
-0
-0
4.44158
-0
-0
-0
-0
-0
-0
-0
-0
12.9497
-0
-0
-0
-0
-0
-0
-0
-0
-0
-0
-0
-0
-0
20.8507
-0
-0
-0
45.1756
-0
-0
-0
-0
-0
-0
4.91959
57.5797
5.97073
-0
-0
-0
-0
-0
-0
-0
-0
-0
-0
-0
6.4785
-0
-0
-0
-0
54.3821
31.1489
0.16854
13.1424
-0
-0
-0
-0
-0
-0
33.4545
-0
-0
-0
-0
-0
-0
-0
3.04565
-0
-0
-0
-0
-0
-0
-0
-0
-0
-0
-0
-0
-0
12.1421
23.7027
-0
46.2797
-0
-0
7.21507
-0
-0
28.8423
-0
5.27287
4.55991
-0
-0
-0
4.698
-0
-0
-0
-0
-0
-0
13.8719
-0
-0
-0
8.37984
31.5576
-0
-0
-0
-0
12.4973
-0
-0
24.4022
-0
37.6786
-0
-0
-0
-0
0.222589
46.6888
-0
11.2863
0.283596
11.5122
-0
-0
45.1898
-0
16.2544
-0
-0
30.4402
-0
11.3318
10.4097
-0
-0
-0
-0
-0
-0
21.9559
20.1049
6.67953
9.62523
-0
-0
-0
-0
-0
35.9958
-0
-0
-0
-0
-0
-0
10.128
1.20431
-0
-0
-0
-0
-0
-0
-0
-0
-0
-0
-0
7.36243
-0
-0
-0
62.1131
-0
-0
-0
-0
47.4663
44.1177
47.3617
-0
-0
-0
-0
-0
-0
-0
-0
7.54464
-0
-0
-0
-0
-0
-0
-0
24.9209
-0
-0
-0
46.7075
-0
69.3052
-0
-0
-0
-0
-0
-0
-0
-0
-0
-0
-0
7.01489
-0
-0
-0
5.72761
-0
-0
-0
-0
-0
-0
0.936513
-0
-0
-0
-0
-0
-0
-0
25.0478
38.6367
-0
-0
-0
27.5832
-0
9.32898
22.3501
-0
-0
28.964
-0
59.9759
-0
44.5152
-0
-0
-0
46.1746
-0
-0
-0
-0
-0
-0
-0
-0
-0
-0
-0
-0
-0
-0
-0
-0
-0
-0
-0
-0
-0
-0
-0
-0
-0
-0
4.28687
15.1747
-0
-0
-0
-0
5.68937
-0
-0
-0
-0
19.9649
-0
-0
-0
-0
-0
5.92368
26.2534
-0
-0
-0
-0
-0
-0
-0
2.19331
-0
13.1518
19.5143
-0
-0
-0
-0
-0
-0
11.3575
-0
-0
-0
-0
-0
-0
0.781798
-0
-0
-0
-0
26.3158
8.04369
-0
-0
-0
-0
15.5346
-0
-0
-0
-0
-0
17.4519
-0
-0
4.9442
15.2005
18.5891
-0
32.4055
-0
12.0482
-0
-0
-0
-0
-0
2.1141
-0
-0
-0
-0
-0
-0
-0
-0
29.9705
-0
-0
-0
-0
-0
-0
-0
10.9895
-0
-0
-0
-0
-0
-0
-0
-0
-0
-0
22.8251
18.7894
-0
-0
-0
-0
-0
-0
54.0171
-0
-0
-0
-0
-0
-0
-0
-0
-0
-0
-0
-0
-0
-0
-0
-0
-0
-0
-0
-0
-0
-0
-0
-0
-0
19.1659
17.0003
-0
13.15
-0
-0
17.5492
-0
-0
18.238
-0
-0
-0
-0
-0
10.1107
-0
9.66974
-0
-0
-0
-0
6.40109
-0
-0
-0
-0
-0
-0
0.418117
-0
18.9894
-0
29.7567
15.4804
-0
-0
-0
48.4592
-0
10.7639
24.6563
18.5304
-0
42.9235
-0
-0
-0
8.74459
-0
-0
-0
-0
-0
-0
-0
6.19335
-0
14.9478
-0
-0
-0
-0
-0
-0
29.3318
28.2003
-0
-0
-0
5.19841
-0
-0
-0
6.64577
-0
-0
-0
-0
14.5087
-0
-0
3.01684
-0
-0
-0
-0
10.8441
-0
-0
-0
-0
-0
-0
-0
21.5117
9.30684
-0
38.4515
-0
12.3765
26.1199
12.4657
16.855
5.72382
-0
-0
-0
-0
-0
-0
-0
15.5852
21.397
-0
-0
13.5743
-0
-0
-0
18.7595
-0
-0
-0
-0
-0
-0
-0
-0
-0
-0
-0
-0
13.4312
-0
-0
8.44042
-0
-0
-0
-0
-0
-0
-0
43.0363
-0
-0
35.5411
-0
-0
45.4992
-0
-0
-0
-0
-0
-0
-0
-0
-0
32.9265
-0
-0
-0
-0
-0
37.6685
4.61919
-0
17.8995
-0
-0
-0
-0
-0
-0
-0
17.4473
-0
-0
18.0318
26.2614
35.1986
-0
-0
-0
14.64
-0
-0
-0
14.2641
-0
-0
-0
-0
-0
-0
-0
28.0631
-0
-0
-0
49.8561
-0
-0
-0
-0
-0
-0
-0
-0
-0
-0
-0
-0
-0
-0
-0
-0
-0
-0
-0
37.4157
43.9005
-0
-0
-0
-0
-0
35.1789
-0
-0
-0
-0
-0
41.8302
-0
-0
-0
-0
-0
46.0483
-0
-0
-0
25.4611
-0
0.793822
-0
-0
-0
-0
-0
-0
-0
-0
-0
-0
10.4841
-0
16.954
4.69635
0.791569
-0
12.5326
-0
-0
6.61295
-0
-0
-0
-0
-0
-0
-0
-0
8.70727
34.1673
-0
-0
14.3965
-0
-0
3.27943
-0
-0
-0
-0
46.3577
-0
-0
-0
-0
25.8368
-0
3.14981
-0
-0
-0
-0
-0
-0
-0
-0
-0
-0
-0
-0
-0
22.2685
-0
-0
-0
-0
-0
-0
-0
-0
-0
-0
-0
5.27161
43.4806
-0
-0
-0
-0
-0
-0
-0
5.77336
-0
-0
-0
-0
9.49619
-0
-0
-0
-0
12.5106
-0
-0
-0
25.1762
-0
-0
-0
30.1088
-0
0.042211
-0
-0
37.3044
-0
-0
20.7188
-0
16.4098
-0
7.3179
-0
-0
-0
-0
-0
-0
-0
33.2211
-0
-0
-0
-0
55.0924
-0
22.7151
54.5404
-0
57.2285
-0
-0
4.57282
10.1986
-0
-0
-0
-0
-0
1.84337
-0
-0
-0
-0
-0
-0
-0
-0
-0
-0
-0
-0
-0
-0
29.2021
-0
-0
-0
-0
-0
-0
-0
-0
-0
-0
2.11579
15.6728
-0
5.4162
-0
-0
-0
-0
10.2702
-0
-0
16.3436
19.224
-0
-0
9.23367
-0
-0
-0
-0
20.4552
-0
-0
-0
-0
-0
-0
62.5039
-0
-0
-0
-0
25.2126
-0
47.2665
-0
11.6429
50.5744
-0
-0
-0
-0
-0
-0
-0
-0
4.50442
18.8834
-0
4.69937
-0
0.751262
-0
7.01076
-0
-0
-0
-0
-0
18.6365
16.0519
-0
-0
-0
-0
-0
-0
-0
-0
9.59148
-0
-0
-0
-0
-0
1.90909
-0
-0
-0
-0
-0
-0
-0
-0
40.4528
-0
-0
-0
26.9362
-0
-0
9.39516
8.41539
-0
11.9655
-0
4.88655
-0
-0
-0
-0
-0
-0
-0
6.83795
16.8063
12.219
-0
-0
-0
-0
-0
3.17357
12.4856
-0
-0
35.4216
-0
15.1663
-0
7.47778
-0
45.7763
-0
-0
-0
-0
-0
-0
-0
-0
7.55735
-0
-0
-0
50.8454
25.6759
-0
25.2278
-0
-0
-0
-0
-0
-0
-0
3.51803
-0
-0
16.9793
-0
12.2149
20.7196
-0
20.7255
15.445
27.4347
-0
-0
-0
20.2846
46.5151
-0
78.3017
-0
-0
-0
-0
-0
29.0231
-0
2.72042
-0
-0
-0
67.5865
-0
-0
3.08951
12.7264
-0
4.90655
-0
-0
-0
48.7573
-0
21.8093
-0
-0
-0
-0
43.8623
-0
1.36119
-0
-0
-0
-0
4.56525
6.53142
40.8596
-0
11.135
-0
-0
-0
21.5879
-0
-0
-0
12.3583
-0
21.4101
-0
28.658
-0
55.6016
0.724178
26.1038
-0
-0
-0
-0
-0
18.4226
-0
11.0765
-0
-0
-0
-0
0.1191
-0
-0
9.81542
-0
-0
-0
6.69416
20.8584
-0
34.6224
1.7939
-0
4.44214
-0
-0
-0
5.72583
5.5716
-0
-0
-0
3.97887
-0
-0
33.517
10.3756
-0
-0
-0
-0
-0
-0
0.186476
9.9308
-0
-0
-0
-0
-0
-0
20.8804
-0
-0
-0
-0
-0
-0
-0
19.7361
22.8102
-0
22.4238
-0
-0
-0
-0
-0
-0
-0
-0
-0
-0
-0
-0
-0
-0
-0
-0
-0
-0
-0
-0
-0
12.6606
-0
-0
-0
-0
26.2446
-0
-0
14.797
-0
-0
-0
-0
-0
-0
-0
-0
-0
10.3429
-0
24.3476
-0
-0
-0
-0
6.87831
-0
9.43578
-0
-0
-0
-0
28.1434
-0
25.8583
-0
-0
-0
-0
14.0037
-0
-0
-0
3.13908
-0
-0
-0
-0
1.3716
-0
41.421
-0
6.73176
32.2044
-0
-0
-0
-0
-0
-0
-0
0.617426
-0
23.9302
-0
-0
-0
3.8917
-0
-0
-0
-0
-0
21.2742
-0
-0
-0
-0
28.8813
-0
-0
-0
-0
-0
23.272
-0
-0
-0
2.01711
-0
-0
-0
19.5274
-0
-0
6.14895
-0
3.9992
-0
-0
-0
-0
-0
-0
-0
-0
-0
-0
-0
9.11707
4.01288
-0
-0
-0
-0
-0
35.8193
-0
-0
-0
-0
39.3209
-0
-0
1.62496
9.1146
-0
-0
5.81137
-0
-0
-0
1.73409
-0
14.3329
17.3655
-0
-0
-0
-0
-0
-0
-0
33.2105
-0
-0
62.0635
-0
-0
14.8138
-0
-0
-0
-0
-0
-0
-0
-0
36.0844
-0
8.84888
-0
-0
-0
53.9679
-0
-0
-0
-0
-0
-0
1.75061
20.1461
-0
-0
-0
-0
-0
31.382
-0
-0
-0
-0
-0
-0
-0
37.5054
-0
-0
35.2086
-0
-0
-0
-0
-0
-0
-0
-0
-0
-0
-0
-0
-0
-0
-0
-0
-0
-0
-0
-0
5.19867
-0
-0
5.92657
-0
-0
-0
-0
-0
-0
-0
-0
27.1449
-0
-0
-0
-0
-0
-0
-0
3.47925
-0
-0
13.5574
19.4629
-0
-0
-0
-0
-0
-0
37.9253
-0
-0
3.72448
-0
-0
22.9051
-0
25.3955
-0
-0
31.8882
-0
-0
-0
-0
-0
20.1047
5.45693
-0
-0
-0
-0
-0
-0
-0
-0
-0
-0
-0
-0
-0
47.0415
-0
10.0056
-0
4.31609
36.2725
-0
15.1884
16.1359
-0
-0
-0
-0
24.9101
-0
-0
-0
11.1374
17.0568
27.2712
-0
-0
-0
-0
1.63518
-0
-0
2.41037
6.94477
-0
-0
-0
45.2492
47.0035
19.6472
-0
-0
-0
-0
-0
-0
-0
-0
-0
-0
-0
8.25531
-0
-0
27.3174
45.2519
-0
-0
-0
-0
-0
-0
12.1658
-0
-0
-0
-0
50.9545
-0
-0
-0
-0
3.77328
-0
-0
43.8519
-0
32.0946
-0
24.4123
-0
17.1755
11.3931
-0
-0
-0
18.8912
-0
-0
27.6375
-0
-0
2.86611
-0
-0
33.7574
-0
-0
-0
-0
-0
-0
5.69494
-0
4.1592
-0
-0
13.6763
-0
-0
-0
-0
-0
-0
26.0977
-0
-0
-0
-0
-0
-0
-0
-0
-0
-0
-0
-0
-0
-0
16.2279
2.45644
9.61535
-0
-0
-0
16.0206
-0
-0
-0
-0
-0
-0
-0
8.87729
-0
19.5181
25.5572
-0
-0
-0
19.8315
-0
-0
-0
-0
-0
-0
-0
-0
-0
-0
32.3027
18.226
-0
-0
-0
25.6064
-0
-0
-0
-0
-0
-0
-0
-0
63.4169
-0
2.33715
0.698874
13.9416
-0
-0
-0
46.4435
-0
-0
48.3815
31.3194
-0
28.4834
-0
19.9602
-0
6.55481
36.7471
-0
-0
4.18992
-0
-0
8.06183
-0
-0
-0
-0
-0
-0
-0
-0
1.47806
-0
-0
31.9567
-0
-0
-0
-0
22.2145
16.3834
-0
-0
-0
10.8387
-0
-0
13.0736
-0
-0
-0
17.7777
-0
-0
0.497117
-0
-0
-0
18.2265
-0
-0
12.9222
-0
1.91061
25.6721
-0
10.7474
-0
-0
-0
-0
-0
-0
14.3117
-0
-0
-0
-0
-0
-0
-0
31.0565
-0
-0
-0
-0
-0
-0
-0
-0
