0.577624
-0
-0
-0
-0
18.8937
-0
-0
19.2738
-0
22.8504
-0
-0
-0
-0
9.67562
9.7912
-0
-0
-0
-0
3.37571
-0
-0
28.8943
-0
-0
-0
-0
-0
-0
-0
-0
-0
1.99665
-0
-0
-0
-0
-0
-0
-0
-0
11.9994
-0
13.6399
-0
23.4695
-0
-0
-0
-0
-0
6.7533
-0
-0
-0
1.44007
14.3952
-0
-0
-0
9.67873
-0
-0
-0
22.5528
18.6723
10.4384
-0
-0
-0
-0
-0
-0
4.24425
11.862
-0
-0
-0
-0
34.5611
-0
12.7657
3.28099
-0
-0
-0
-0
-0
-0
-0
3.16375
-0
-0
-0
7.32553
5.47764
3.03135
-0
8.48715
-0
-0
-0
18.4984
-0
32.9232
12.3161
-0
-0
-0
-0
-0
-0
1.46553
20.8868
17.2846
-0
30.8218
2.89987
-0
-0
4.01211
13.5774
20.8153
-0
-0
13.6728
-0
-0
-0
-0
14.6678
-0
-0
17.3941
-0
-0
-0
1.75653
2.63793
-0
-0
12.8771
20.9375
-0
-0
6.99208
-0
-0
-0
-0
-0
-0
18.2728
-0
-0
18.1401
-0
0.161207
2.09789
-0
-0
17.7922
-0
-0
32.3212
0.31395
-0
5.4294
25.0429
3.987
-0
-0
-0
-0
-0
-0
-0
-0
1.88382
-0
-0
0.466226
-0
37.6703
-0
-0
25.5634
21.0409
-0
34.6192
38.5567
17.1513
-0
-0
-0
-0
-0
-0
-0
-0
14.3325
-0
-0
-0
2.04039
2.30723
-0
-0
-0
-0
11.0662
-0
0.683792
-0
-0
11.0073
-0
-0
10.9257
-0
-0
-0
-0
0.265486
-0
-0
-0
-0
-0
18.8814
-0
-0
-0
-0
-0
-0
-0
-0
-0
16.2325
-0
-0
-0
-0
9.2591
-0
-0
-0
-0
-0
-0
-0
34.4201
-0
-0
16.8535
-0
-0
-0
1.12862
-0
-0
-0
-0
-0
5.93334
-0
-0
-0
13.526
22.5922
14.6303
-0
-0
-0
-0
-0
-0
-0
3.14689
-0
23.2631
-0
-0
-0
13.8446
-0
-0
-0
24.7191
22.8907
-0
18.4496
-0
-0
-0
-0
21.1864
-0
-0
1.47228
-0
15.8985
10.9664
-0
-0
39.8929
-0
18.9644
-0
-0
-0
11.2624
1.5144
-0
-0
-0
-0
-0
-0
7.4532
7.8619
30.2269
-0
3.90268
-0
-0
37.4811
-0
-0
43.2365
-0
-0
-0
-0
10.235
-0
10.7866
-0
-0
-0
38.8876
-0
25.8581
-0
6.16947
22.7524
-0
-0
-0
-0
-0
7.38488
-0
-0
-0
-0
-0
17.4149
-0
-0
23.918
3.937
0.934833
-0
-0
14.0524
-0
-0
2.95677
0.422627
53.1849
-0
2.85473
-0
-0
-0
-0
-0
-0
-0
-0
-0
-0
-0
-0
-0
-0
1.62642
8.33266
-0
-0
-0
11.2806
-0
-0
-0
17.5428
-0
-0
-0
-0
13.3086
-0
-0
14.7924
-0
-0
-0
-0
-0
-0
24.9084
-0
-0
-0
-0
-0
28.9028
-0
-0
-0
-0
-0
20.2921
13.6574
43.1996
22.8683
-0
49.443
28.6885
-0
8.94617
-0
16.5434
-0
-0
-0
-0
6.42652
-0
-0
-0
-0
-0
-0
-0
-0
30.1818
18.7924
-0
-0
10.612
27.8189
-0
15.512
-0
-0
-0
-0
-0
-0
-0
13.9084
-0
-0
-0
-0
-0
-0
-0
-0
2.01768
-0
-0
-0
-0
-0
-0
-0
-0
2.02755
-0
-0
-0
-0
-0
-0
37.129
4.28384
-0
-0
-0
-0
-0
-0
-0
1.86482
-0
-0
-0
4.07512
-0
-0
20.183
-0
-0
-0
-0
-0
9.70509
-0
-0
-0
4.96928
15.9856
20.0695
-0
-0
3.06841
7.03076
-0
-0
-0
-0
-0
26.6144
-0
-0
-0
-0
-0
26.3338
25.3077
2.01511
3.51154
8.14708
-0
-0
-0
-0
-0
-0
-0
4.62028
-0
-0
-0
2.96367
6.01725
3.30493
-0
14.2196
14.4387
-0
-0
12.9019
14.0619
-0
-0
6.56453
-0
-0
-0
-0
-0
-0
4.18231
-0
13.3929
12.3348
14.082
10.3201
-0
-0
-0
39.4887
-0
-0
-0
-0
18.9703
-0
-0
-0
-0
9.93978
38.4393
-0
-0
-0
-0
-0
3.3978
9.74793
12.0775
-0
3.18315
19.8481
-0
-0
-0
-0
-0
-0
-0
-0
38.5869
-0
-0
11.0158
-0
-0
13.0809
20.6168
-0
-0
-0
25.2863
-0
-0
16.6353
-0
-0
-0
-0
-0
-0
-0
18.7111
-0
-0
-0
-0
-0
-0
-0
-0
-0
-0
-0
-0
-0
-0
-0
-0
-0
1.96006
-0
-0
3.51795
9.69942
11.8544
-0
2.10287
-0
-0
-0
-0
0.439252
11.8467
-0
-0
1.62888
-0
-0
-0
-0
-0
-0
-0
-0
4.78766
5.56553
-0
-0
-0
17.8383
-0
6.35657
-0
-0
-0
-0
-0
-0
-0
-0
-0
-0
3.82287
19.9185
-0
0.351979
-0
-0
-0
-0
6.11153
-0
-0
-0
30.0273
-0
-0
-0
-0
-0
-0
22.5146
-0
-0
-0
-0
4.53055
-0
-0
8.02919
-0
-0
4.52545
-0
8.00788
-0
-0
7.12568
11.8471
2.43862
-0
7.78665
-0
4.27631
-0
4.13974
-0
1.14087
-0
-0
-0
-0
-0
-0
-0
13.6779
-0
-0
3.91829
19.0091
4.59573
-0
-0
-0
-0
-0
1.822
6.48863
28.8732
-0
-0
-0
-0
-0
-0
13.0059
36.865
-0
-0
-0
-0
-0
-0
-0
-0
-0
-0
-0
-0
20.343
-0
6.33267
19.8727
-0
-0
-0
17.2549
46.4365
-0
-0
-0
-0
8.53435
-0
-0
-0
-0
-0
-0
-0
-0
-0
26.6073
-0
-0
5.28419
-0
16.0497
17.6146
-0
1.48485
-0
-0
-0
-0
21.9106
-0
0.756905
-0
13.928
-0
-0
0.486064
-0
-0
-0
-0
3.72714
-0
6.84267
24.9953
-0
-0
13.0721
-0
-0
-0
9.16469
-0
-0
8.15134
-0
-0
-0
-0
-0
-0
4.83142
-0
11.4707
-0
-0
8.10294
11.7343
-0
22.9047
19.1232
-0
-0
-0
-0
-0
-0
6.9824
16.0845
-0
-0
-0
-0
-0
-0
-0
-0
-0
-0
21.0604
10.6717
-0
-0
-0
1.53938
-0
-0
-0
-0
5.12105
19.0068
-0
38.1908
-0
9.70002
-0
6.06324
3.11764
3.45636
-0
18.5415
-0
-0
32.9457
10.7378
18.2448
-0
-0
1.17274
-0
-0
-0
-0
-0
23.556
0.419978
-0
-0
-0
-0
10.6643
31.6531
-0
27.1807
3.80674
-0
-0
13.2866
5.80765
-0
11.1398
-0
-0
-0
-0
32.6018
-0
-0
-0
-0
-0
12.6778
-0
10.3788
17.2553
-0
-0
-0
-0
-0
-0
-0
-0
-0
-0
-0
3.02812
7.08335
2.36754
-0
-0
0.223797
-0
-0
-0
-0
-0
-0
-0
10.7355
-0
-0
-0
49.5782
-0
8.46386
-0
11.7708
-0
-0
-0
2.36712
-0
-0
-0
-0
-0
-0
17.1385
-0
-0
-0
-0
-0
-0
19.7848
-0
-0
-0
22.6274
-0
-0
-0
13.8306
-0
3.48933
7.28891
-0
-0
6.43
-0
21.5874
-0
-0
-0
-0
-0
6.55304
-0
12.8906
-0
-0
-0
2.44775
-0
-0
-0
-0
18.6022
-0
-0
0.0917833
6.57813
-0
-0
-0
-0
-0
-0
-0
-0
-0
13.521
6.7101
37.2145
-0
-0
-0
12.5707
0.252711
-0
-0
31.5805
3.0038
-0
5.34384
2.16736
17.2609
-0
-0
28.4723
-0
-0
15.116
-0
-0
14.7739
32.2427
-0
5.41342
-0
10.7502
-0
-0
-0
-0
-0
-0
33.833
25.4689
-0
-0
-0
-0
-0
-0
-0
-0
-0
-0
-0
5.43167
2.95788
-0
15.3827
-0
8.13595
-0
-0
-0
-0
-0
-0
-0
-0
-0
10.6592
-0
-0
-0
6.11131
-0
-0
-0
-0
23.2496
-0
14.9589
-0
-0
-0
-0
22.5508
-0
-0
-0
-0
-0
-0
-0
-0
-0
-0
10.1575
-0
10.3611
1.05758
5.77053
-0
-0
-0
-0
-0
-0
0.0512637
-0
11.7727
-0
27.2432
-0
-0
-0
-0
25.3949
6.79913
-0
-0
-0
6.44797
17.5033
-0
-0
-0
-0
-0
12.1326
-0
-0
25.1591
-0
-0
13.5722
-0
-0
-0
12.2311
-0
-0
-0
-0
-0
-0
-0
-0
12.8777
34.5918
21.6511
27.646
-0
-0
-0
-0
17.746
-0
-0
-0
-0
6.9266
-0
-0
0.248361
-0
-0
-0
-0
-0
11.2235
18.2907
-0
5.52949
-0
7.57695
-0
-0
-0
-0
-0
6.89076
-0
10.123
-0
-0
7.19799
-0
-0
-0
-0
-0
-0
34.0808
-0
-0
5.02644
4.43176
-0
23.9174
-0
-0
-0
14.9933
-0
6.82225
22.5877
-0
-0
11.1965
-0
-0
-0
-0
-0
5.87795
-0
15.2481
-0
-0
-0
16.4651
-0
-0
-0
-0
-0
-0
-0
6.7461
-0
-0
-0
4.58382
-0
-0
-0
24.6917
-0
-0
-0
5.39273
-0
4.53628
19.0183
-0
-0
-0
-0
-0
8.19918
-0
-0
-0
-0
-0
-0
16.6146
-0
-0
-0
40.2565
-0
-0
10.1359
-0
13.1654
-0
-0
1.11962
-0
-0
-0
-0
34.1076
5.33939
-0
-0
9.70912
-0
-0
-0
15.1525
-0
-0
13.1156
4.27103
10.261
-0
-0
0.997873
-0
5.4944
-0
11.6108
14.9901
19.4591
-0
-0
1.76933
-0
-0
17.3665
-0
21.6105
-0
-0
-0
-0
0.836745
2.67383
-0
-0
-0
8.10097
16.8513
-0
-0
-0
-0
25.4762
-0
-0
-0
-0
-0
-0
0.826706
-0
-0
-0
-0
-0
-0
-0
-0
-0
-0
-0
-0
-0
-0
29.8048
37.7629
-0
-0
-0
-0
-0
11.786
4.45317
-0
-0
-0
-0
-0
-0
-0
-0
-0
29.9549
-0
30.9166
14.8472
-0
-0
-0
4.07411
-0
17.5513
-0
-0
-0
5.97208
-0
-0
-0
-0
-0
-0
-0
-0
11.8443
22.5847
-0
-0
-0
-0
48.2939
-0
-0
-0
-0
-0
-0
-0
-0
-0
-0
-0
-0
-0
-0
0.650939
-0
1.37645
23.1807
-0
0.187224
-0
-0
2.41659
-0
-0
-0
-0
0.566284
-0
-0
-0
-0
-0
-0
-0
-0
-0
-0
-0
-0
-0
-0
-0
-0
-0
-0
-0
-0
-0
-0
3.60008
-0
-0
-0
20.6251
-0
-0
-0
-0
-0
-0
-0
-0
-0
-0
-0
-0
-0
-0
5.4979
-0
-0
1.32188
41.8133
5.6292
-0
-0
5.97667
-0
-0
-0
-0
-0
0.318342
-0
-0
-0
-0
-0
3.72175
-0
-0
-0
0.613387
-0
-0
-0
2.00475
-0
-0
-0
-0
-0
-0
30.5033
-0
-0
-0
-0
27.4195
12.1612
-0
-0
-0
-0
-0
-0
-0
-0
-0
-0
-0
1.15996
-0
0.182869
-0
-0
-0
-0
0.229549
3.10272
-0
-0
-0
-0
-0
21.3617
-0
-0
14.539
-0
-0
-0
-0
-0
-0
1.24214
-0
-0
-0
-0
-0
-0
-0
-0
-0
-0
-0
-0
-0
7.12224
7.6752
33.256
-0
-0
6.25906
-0
-0
-0
-0
36.3124
-0
-0
-0
-0
-0
-0
-0
-0
-0
-0
28.3151
-0
-0
-0
-0
-0
-0
9.95824
-0
-0
-0
-0
1.39202
-0
5.8075
1.70264
-0
39.453
-0
1.38226
-0
-0
-0
-0
-0
-0
-0
0.128003
16.9703
15.5535
10.072
0.328871
-0
10.1054
24.9931
-0
-0
-0
-0
1.74397
1.76627
-0
31.8284
-0
-0
16.4854
-0
-0
15.315
-0
-0
35.5777
-0
2.15268
-0
16.8923
-0
-0
-0
-0
-0
-0
13.0904
43.4956
16.1198
11.8966
4.17903
-0
7.08595
-0
-0
-0
-0
-0
22.5446
-0
5.17274
-0
-0
-0
-0
9.43978
-0
-0
41.7344
-0
-0
20.5774
-0
-0
11.0923
-0
-0
12.1808
-0
-0
-0
7.17534
-0
7.49447
-0
-0
15.2311
14.5331
-0
8.09095
-0
-0
-0
-0
-0
-0
-0
-0
-0
7.69629
-0
-0
-0
-0
-0
-0
16.4315
6.16653
14.9075
-0
-0
-0
-0
-0
-0
-0
-0
-0
-0
50.7411
-0
-0
-0
-0
-0
-0
36.677
-0
-0
-0
6.16063
14.2485
-0
-0
-0
-0
-0
-0
-0
-0
34.9117
-0
4.16232
-0
-0
-0
-0
-0
-0
10.5269
-0
8.7569
-0
-0
3.7877
-0
2.82202
-0
-0
19.2217
-0
-0
-0
-0
26.4394
-0
-0
2.04051
-0
-0
4.04002
5.79954
-0
15.908
-0
-0
-0
-0
8.32687
24.5056
-0
-0
-0
24.4739
-0
-0
-0
-0
9.36768
-0
5.57726
-0
-0
-0
23.1143
-0
-0
2.61562
-0
-0
-0
-0
-0
-0
-0
-0
-0
-0
15.8987
15.135
-0
30.571
-0
-0
-0
-0
-0
-0
-0
0.237319
38.276
-0
-0
-0
-0
-0
-0
-0
-0
-0
-0
-0
-0
6.63708
-0
-0
-0
-0
-0
8.82277
-0
2.7297
-0
-0
-0
-0
-0
-0
5.5399
-0
-0
-0
24.9593
-0
4.1224
16.7381
15.0357
-0
-0
-0
15.8543
-0
11.2122
-0
-0
-0
-0
-0
34.2672
-0
-0
-0
-0
-0
-0
-0
-0
40.9139
22.697
-0
-0
-0
22.2983
-0
-0
-0
-0
-0
8.24166
-0
17.482
-0
-0
-0
-0
15.009
-0
-0
-0
-0
0.862871
27.744
-0
53.7153
7.03961
2.37978
52.7639
20.7777
6.85951
-0
30.5142
-0
-0
5.47618
9.67915
0.194574
-0
-0
-0
-0
-0
-0
-0
-0
0.24023
-0
-0
-0
-0
-0
7.42529
-0
-0
-0
20.4572
9.05403
-0
-0
-0
-0
-0
26.7046
13.8726
-0
-0
-0
-0
40.342
-0
-0
-0
-0
-0
31.0396
-0
-0
2.07345
-0
-0
18.1483
-0
17.028
1.91305
-0
4.77078
21.4277
-0
16.2329
19.4448
-0
-0
-0
-0
-0
-0
-0
-0
-0
-0
11.1676
43.4703
-0
-0
17.6962
-0
1.50468
-0
62.7021
-0
20.1588
-0
31.7586
0.182664
12.2221
-0
-0
16.4124
-0
12.9752
9.71652
15.3788
11.162
-0
17.5628
13.5876
-0
11.2699
-0
-0
-0
-0
-0
22.7542
8.16641
-0
-0
-0
-0
-0
-0
6.33034
8.21282
-0
-0
5.91796
-0
-0
28.6855
26.8696
-0
-0
-0
-0
-0
18.6221
-0
-0
-0
3.8089
-0
-0
13.6506
-0
-0
-0
-0
46.2874
-0
-0
2.45758
-0
5.80387
28.5847
-0
-0
-0
-0
-0
-0
-0
-0
-0
-0
-0
30.0659
-0
-0
-0
-0
-0
-0
17.3313
-0
9.85145
-0
-0
-0
-0
8.13364
-0
10.3499
1.71735
-0
-0
-0
-0
-0
1.7811
-0
-0
-0
15.7478
-0
-0
-0
-0
18.4272
-0
-0
-0
-0
-0
30.7059
-0
11.7989
-0
24.5732
-0
45.2724
-0
-0
5.22485
-0
-0
-0
3.10489
-0
7.93163
-0
-0
24.8735
32.225
5.50101
-0
7.63385
-0
4.29445
0.283055
-0
-0
-0
-0
-0
-0
28.3552
3.59238
-0
-0
-0
-0
8.09628
-0
1.0381
-0
-0
29.634
-0
-0
-0
-0
-0
-0
13.5796
-0
-0
-0
-0
-0
-0
36.4285
-0
22.2238
15.4498
-0
19.9386
-0
-0
2.83291
-0
-0
-0
25.7221
17.5667
7.73178
17.01
8.98066
-0
7.16052
3.39323
-0
20.1207
-0
-0
4.31361
-0
-0
-0
0.0200463
-0
-0
-0
-0
-0
-0
15.7319
-0
-0
-0
-0
-0
-0
-0
18.2841
-0
-0
8.01327
-0
-0
-0
-0
12.0214
-0
40.8173
-0
-0
-0
-0
-0
-0
-0
-0
-0
-0
-0
-0
-0
24.5878
-0
-0
-0
16.4671
-0
29.641
-0
-0
1.87394
-0
6.33128
-0
-0
53.8695
9.58108
-0
-0
-0
-0
-0
-0
-0
-0
-0
-0
-0
-0
-0
-0
-0
16.4721
-0
-0
-0
-0
-0
13.0737
22.4489
-0
0.103884
-0
-0
-0
-0
-0
23.8256
-0
-0
19.2192
-0
-0
11.8654
1.90289
1.1653
21.679
26.9325
-0
1.27609
-0
-0
-0
-0
32.9181
-0
25.2651
-0
-0
-0
10.5825
11.2146
-0
11.9116
-0
3.28423
-0
22.2363
-0
-0
-0
-0
-0
0.183765
23.8581
9.55931
-0
-0
14.1487
5.76169
1.12426
-0
-0
-0
-0
-0
-0
10.5746
-0
-0
-0
-0
-0
-0
-0
-0
-0
-0
-0
-0
-0
28.4968
-0
-0
-0
-0
-0
-0
-0
-0
-0
-0
16.7282
-0
25.4717
-0
-0
-0
7.26957
-0
2.04074
-0
3.89474
-0
2.0192
-0
-0
-0
-0
50.1355
-0
16.7318
-0
-0
0.49988
15.7085
10.2484
28.4793
6.4723
-0
7.45129
-0
-0
-0
35.7913
-0
-0
-0
34.7188
27.9459
-0
-0
-0
-0
12.3096
-0
-0
-0
0.90291
25.8712
-0
-0
-0
-0
-0
-0
-0
-0
12.9249
-0
-0
-0
-0
24.2481
15.3179
-0
-0
-0
-0
-0
-0
-0
9.2949
-0
-0
-0
36.9678
-0
-0
-0
-0
-0
-0
5.08235
14.3915
-0
-0
-0
-0
0.7972
13.7342
-0
-0
-0
-0
-0
0.686827
-0
-0
-0
-0
-0
72.401
18.885
-0
-0
-0
-0
-0
-0
-0
-0
2.21459
24.0752
-0
-0
-0
-0
-0
-0
0.579603
-0
-0
-0
-0
-0
-0
-0
-0
27.8366
-0
-0
28.9594
-0
-0
-0
-0
31.5774
-0
-0
-0
-0
-0
23.2051
-0
-0
-0
-0
-0
-0
26.8219
-0
-0
-0
-0
-0
-0
5.98864
-0
-0
-0
-0
4.63857
-0
-0
-0
-0
-0
-0
3.20804
13.7982
-0
20.2953
2.36306
-0
5.93058
-0
0.17088
-0
-0
17.9901
12.8495
6.7107
-0
-0
15.6999
17.3878
16.7607
-0
-0
-0
-0
-0
11.0639
25.561
-0
-0
-0
2.48138
-0
18.0988
0.87921
-0
-0
-0
-0
-0
-0
-0
8.78892
-0
-0
-0
-0
-0
-0
-0
7.69509
-0
1.76167
-0
-0
-0
-0
-0
-0
-0
-0
-0
-0
-0
-0
-0
12.5181
-0
-0
-0
-0
39.8122
27.919
17.6429
-0
-0
-0
-0
-0
-0
9.6476
-0
4.65522
-0
1.02443
-0
-0
2.11347
6.05124
-0
-0
4.09532
-0
-0
21.2075
-0
-0
-0
-0
17.3898
-0
-0
-0
-0
-0
-0
-0
-0
5.09728
-0
-0
-0
-0
1.65273
-0
-0
-0
-0
1.92495
4.99508
-0
-0
-0
30.9123
-0
9.55137
-0
14.6461
34.5667
-0
-0
-0
5.69495
-0
-0
7.36781
-0
-0
-0
-0
54.9495
-0
36.1384
-0
-0
11.1677
20.646
-0
-0
-0
-0
-0
-0
20.6763
-0
17.7349
46.6509
-0
-0
-0
-0
9.19781
-0
-0
-0
-0
-0
-0
-0
13.5865
-0
-0
-0
-0
42.6666
-0
10.9367
-0
-0
24.3671
-0
-0
-0
-0
11.6406
-0
-0
-0
0.0487335
18.0396
-0
-0
-0
-0
-0
-0
-0
-0
-0
17.7971
-0
25.7128
-0
-0
-0
-0
-0
-0
-0
3.99282
-0
-0
-0
-0
-0
-0
0.00330988
-0
-0
-0
0.917076
8.25856
29.3764
3.19382
-0
-0
-0
10.0659
0.38158
13.6414
-0
-0
-0
7.23879
11.3958
-0
-0
-0
16.1348
-0
18.2947
-0
-0
-0
-0
-0
15.6898
4.62246
-0
16.7504
-0
-0
-0
-0
-0
-0
-0
12.0732
-0
-0
-0
-0
-0
-0
-0
-0
-0
-0
-0
3.93076
9.0465
-0
-0
-0
23.4142
-0
7.57074
-0
-0
-0
-0
-0
-0
7.32922
45.8441
-0
-0
-0
-0
-0
0.069424
-0
-0
-0
-0
-0
-0
-0
-0
-0
-0
-0
-0
-0
-0
9.53811
6.47831
-0
21.9379
-0
8.11016
-0
19.5775
21.9406
-0
-0
2.54926
29.6957
-0
14.3118
-0
-0
-0
-0
-0
15.247
-0
-0
-0
-0
16.0086
34.1076
-0
-0
11.1762
-0
22.6042
-0
-0
-0
-0
-0
-0
23.8273
21.3844
-0
-0
9.14226
22.3634
-0
-0
38.3133
0.245133
-0
14.131
-0
-0
-0
-0
-0
-0
-0
-0
-0
-0
-0
-0
-0
8.06017
-0
-0
-0
-0
12.7223
-0
0.752879
15.0187
-0
-0
-0
-0
-0
-0
-0
22.6307
-0
-0
-0
7.82288
25.618
-0
19.2469
-0
2.24301
-0
3.96156
-0
1.63024
7.74769
-0
-0
9.35685
-0
-0
10.2107
6.77696
-0
-0
12.4472
-0
28.1981
-0
-0
7.02071
20.1057
-0
26.9588
-0
-0
-0
-0
-0
18.1878
-0
-0
-0
11.0279
-0
1.80695
-0
25.9257
-0
-0
-0
-0
-0
-0
-0
3.3477
-0
-0
8.3321
37.7806
-0
-0
0.949564
-0
15.4524
2.27378
-0
-0
-0
-0
-0
-0
-0
-0
11.6263
-0
-0
0.498314
-0
-0
23.8097
-0
0.777403
-0
-0
0.335283
-0
34.1102
-0
-0
-0
-0
11.3688
-0
-0
-0
-0
-0
-0
-0
20.0025
-0
-0
-0
-0
-0
-0
20.3395
6.86816
24.6592
-0
-0
-0
5.35369
15.1894
-0
-0
12.254
-0
-0
-0
-0
-0
-0
-0
-0
-0
-0
-0
14.15
-0
-0
-0
3.42958
5.41786
-0
-0
-0
-0
-0
-0
-0
1.44801
-0
-0
-0
10.4849
-0
-0
-0
36.9732
2.8952
-0
-0
-0
18.8435
3.45256
-0
-0
-0
-0
0.343202
22.7017
-0
-0
-0
-0
-0
6.99295
6.68386
-0
-0
17.5169
-0
24.2626
-0
-0
-0
-0
-0
-0
-0
-0
-0
-0
7.32145
17.3215
0.117257
-0
-0
-0
14.1291
-0
-0
-0
-0
8.24981
-0
-0
-0
-0
-0
-0
9.44311
-0
-0
-0
4.71012
-0
-0
36.2958
-0
0.810501
-0
-0
9.24459
-0
-0
-0
-0
28.5589
-0
-0
11.478
-0
3.0979
-0
-0
8.95356
-0
-0
-0
-0
-0
-0
-0
26.5404
-0
-0
-0
-0
27.6385
-0
-0
-0
-0
12.0436
-0
2.2036
2.8111
7.6249
-0
-0
-0
-0
-0
-0
8.95255
-0
17.6535
22.5339
-0
17.4757
-0
-0
-0
-0
5.40854
29.6372
-0
-0
-0
6.39478
-0
19.4725
-0
20.4963
-0
-0
-0
35.7018
-0
-0
20.477
-0
-0
-0
-0
-0
-0
-0
-0
-0
-0
9.75741
-0
-0
-0
-0
-0
40.4641
-0
6.62021
8.50468
-0
11.01
-0
-0
-0
9.25938
-0
-0
-0
-0
-0
0.890325
-0
-0
-0
9.36759
-0
-0
26.8023
-0
-0
-0
-0
-0
-0
-0
4.91738
-0
-0
-0
-0
-0
-0
-0
-0
-0
-0
-0
-0
-0
2.4747
-0
14.9814
23.8326
-0
7.16253
-0
-0
14.4855
30.8788
-0
-0
6.76859
-0
-0
-0
-0
26.1359
-0
-0
-0
-0
-0
-0
14.1764
-0
-0
-0
-0
-0
-0
22.3909
-0
22.3736
27.9028
-0
-0
-0
11.5402
-0
-0
1.97326
-0
5.18295
11.2721
-0
-0
-0
1.04189
-0
7.60352
24.0115
-0
-0
-0
14.5106
7.27395
-0
-0
-0
-0
-0
24.9257
-0
10.9241
-0
-0
0.0809844
-0
-0
-0
-0
3.61271
-0
-0
-0
-0
-0
3.87209
-0
-0
-0
-0
-0
-0
21.5713
-0
-0
38.59
8.38277
-0
11.2903
-0
11.2092
-0
-0
-0
-0
-0
-0
-0
-0
24.2086
22.8493
26.2815
-0
-0
-0
-0
12.6131
-0
-0
-0
33.2338
-0
-0
-0
-0
-0
17.1435
-0
-0
-0
-0
-0
-0
-0
-0
-0
12.2574
-0
-0
-0
11.3235
-0
2.83963
-0
-0
-0
-0
-0
-0
-0
24.7286
-0
-0
-0
7.37672
-0
-0
-0
13.6409
-0
-0
7.26432
-0
-0
-0
37.8365
-0
8.09083
-0
-0
-0
-0
-0
9.3276
-0
-0
20.7231
-0
-0
23.9458
-0
-0
-0
-0
-0
2.34765
-0
6.49047
-0
30.3656
-0
1.27855
-0
-0
-0
-0
29.9524
5.71705
10.7919
-0
-0
-0
-0
-0
-0
5.4137
-0
8.63245
-0
-0
-0
5.50014
-0
-0
-0
10.6427
-0
-0
-0
-0
-0
36.6263
1.19571
29.1839
-0
-0
-0
1.41021
-0
34.6467
-0
42.5523
-0
19.7843
-0
-0
-0
-0
-0
-0
-0
-0
-0
-0
2.20395
-0
-0
-0
-0
5.15752
-0
-0
-0
3.33134
5.06189
-0
-0
-0
9.46852
-0
-0
17.0826
8.69549
-0
-0
-0
-0
-0
-0
-0
8.07802
-0
-0
-0
19.0444
19.2973
-0
18.6681
-0
-0
-0
-0
-0
13.4517
-0
46.3914
4.66839
-0
-0
-0
-0
-0
-0
-0
-0
-0
17.6686
5.99431
-0
-0
-0
-0
2.03976
-0
-0
-0
-0
-0
4.13761
-0
-0
-0
-0
-0
-0
-0
12.6649
9.31178
20.3199
-0
2.93924
3.00736
1.97793
-0
21.0457
-0
-0
-0
4.21194
-0
17.4943
-0
-0
-0
-0
-0
-0
8.09344
-0
35.5777
9.34841
4.81008
20.9091
-0
7.71263
-0
-0
-0
-0
1.29236
-0
-0
-0
1.26901
-0
-0
-0
9.81359
-0
-0
19.7132
-0
-0
18.3174
-0
-0
-0
-0
8.57314
-0
-0
6.63942
-0
1.66849
-0
-0
-0
-0
-0
-0
-0
-0
25.7409
19.6159
-0
-0
-0
-0
20.8189
7.73228
7.52816
-0
-0
-0
-0
-0
-0
-0
-0
-0
-0
-0
13.0022
-0
-0
18.2569
-0
-0
-0
19.3012
-0
-0
-0
-0
2.73007
-0
-0
9.52942
-0
18.4274
39.7743
6.88038
-0
11.5582
34.4996
-0
7.90192
-0
-0
-0
-0
21.7481
-0
-0
-0
9.31917
-0
-0
-0
-0
-0
-0
39.2481
-0
4.56029
29.0282
-0
-0
-0
-0
-0
-0
-0
-0
-0
-0
40.8186
-0
-0
24.6533
-0
-0
-0
-0
-0
-0
4.93909
-0
53.5085
-0
0.574324
-0
-0
-0
17.7945
3.03978
-0
-0
-0
-0
-0
6.39651
36.2875
-0
-0
5.59369
-0
-0
21.6292
-0
-0
-0
-0
7.76796
1.95563
-0
12.8236
-0
-0
2.04046
-0
-0
-0
-0
-0
-0
-0
-0
-0
-0
24.8009
1.56535
-0
-0
-0
-0
-0
-0
0.245082
-0
21.9532
-0
-0
14.7996
-0
6.23093
-0
-0
-0
-0
-0
-0
-0
-0
-0
-0
-0
0.717843
-0
16.4293
-0
-0
6.93191
-0
12.2465
27.3753
-0
-0
-0
-0
13.7169
-0
-0
-0
-0
-0
-0
17.7172
-0
5.7053
-0
-0
35.5819
-0
-0
-0
-0
-0
15.5198
32.0063
-0
-0
-0
-0
-0
-0
5.3314
-0
-0
-0
-0
-0
-0
22.6903
-0
-0
-0
-0
25.3721
-0
10.4341
-0
-0
-0
-0
-0
13.0996
-0
-0
18.5529
-0
19.0757
-0
1.02839
-0
-0
-0
-0
-0
-0
17.7837
3.93815
-0
-0
-0
25.0666
29.7859
3.33357
-0
10.1245
-0
-0
-0
-0
-0
-0
-0
-0
-0
25.2645
-0
-0
12.7631
-0
-0
-0
-0
-0
-0
-0
-0
4.91569
-0
-0
-0
22.5434
-0
-0
-0
-0
0.082566
-0
-0
2.63175
-0
25.8891
-0
-0
-0
4.20352
-0
-0
-0
17.5012
6.53778
-0
-0
-0
-0
-0
32.6511
-0
-0
36.4576
-0
5.10758
-0
-0
-0
2.73522
4.76846
-0
-0
-0
-0
7.46181
-0
-0
-0
-0
-0
-0
9.54991
6.15603
-0
-0
-0
-0
-0
-0
-0
-0
-0
-0
-0
0.876403
32.4754
0.332383
18.9605
22.7667
-0
-0
0.0778377
29.4903
-0
-0
-0
14.869
-0
-0
-0
-0
-0
19.1057
22.714
-0
1.35578
-0
-0
-0
-0
-0
-0
-0
-0
-0
-0
-0
-0
4.69696
-0
-0
-0
-0
25.7306
1.29938
-0
-0
19.3255
-0
-0
-0
-0
20.382
-0
14.5691
-0
8.10349
-0
-0
-0
19.6098
-0
-0
32.5017
46.6702
4.53621
-0
-0
-0
-0
17.6509
-0
15.0119
-0
3.62353
0.354611
-0
7.79599
-0
-0
-0
-0
-0
-0
-0
-0
0.727878
-0
8.99281
14.1205
-0
-0
-0
-0
20.9061
12.8474
-0
-0
-0
-0
-0
-0
-0
-0
-0
-0
2.5159
-0
-0
4.54455
-0
5.28329
-0
-0
-0
-0
11.645
-0
-0
15.4392
-0
-0
-0
-0
-0
-0
-0
28.0488
12.427
32.8128
1.85056
37.5503
5.61359
-0
-0
-0
24.516
-0
-0
-0
0.528649
-0
0.512009
-0
-0
