0.528659
-0
-0
-0
-0
14.7461
-0
-0
16.9736
-0
13.204
-0
-0
-0
-0
5.66751
6.21965
-0
-0
-0
-0
14.178
-0
1.00444
27.2957
-0
6.46575
-0
-0
-0
-0
-0
-0
-0
3.32568
-0
-0
-0
1.07613
-0
-0
-0
-0
-0
-0
-0
-0
34.0578
-0
-0
-0
-0
-0
0.311556
-0
-0
-0
2.01161
10.7647
-0
-0
-0
18.7137
-0
-0
-0
19.7132
20.5986
-0
0.66774
-0
-0
-0
-0
-0
3.14462
28.1039
-0
-0
-0
-0
19.4891
-0
-0
1.21765
-0
-0
-0
-0
-0
6.8225
-0
2.26931
-0
-0
-0
10.2672
-0
12.2517
-0
-0
-0
-0
-0
14.7405
-0
24.7151
-0
-0
-0
-0
-0
0.00436147
-0
-0
17.4257
-0
-0
18.055
0.960645
-0
-0
-0
7.87666
-0
-0
16.6151
4.09393
-0
-0
-0
-0
29.6376
-0
-0
-0
8.45156
7.17699
-0
0.841536
-0
-0
-0
13.8566
-0
-0
-0
-0
7.04295
-0
-0
-0
-0
-0
25.1762
-0
4.22985
8.74173
-0
0.314723
2.15978
0.140476
-0
27.4533
-0
-0
17.9734
-0
-0
-0
-0
5.09263
-0
-0
-0
-0
-0
-0
-0
-0
5.18248
-0
-0
-0
-0
46.08
-0
-0
28.2928
-0
-0
17.8558
36.8781
-0
-0
-0
-0
-0
-0
-0
-0
-0
7.91289
-0
-0
-0
6.56144
6.36975
-0
-0
-0
-0
-0
-0
8.09766
-0
0.0780302
-0
-0
-0
7.11642
-0
-0
3.33008
-0
-0
-0
-0
-0
-0
-0
-0
-0
-0
-0
-0
-0
-0
-0
-0
-0
-0
-0
-0
-0
-0
15.3664
-0
-0
-0
-0
-0
-0
-0
16.5388
-0
12.9663
24.5797
-0
-0
-0
-0
-0
-0
-0
-0
-0
4.53579
-0
-0
-0
19.3414
31.2189
20.1032
-0
-0
-0
-0
-0
-0
8.98377
3.74863
-0
24.2366
-0
-0
-0
25.7955
-0
-0
-0
32.2406
33.1712
-0
18.4865
-0
-0
-0
11.5479
28.1573
-0
-0
2.80995
-0
11.3173
9.42905
-0
-0
9.19368
-0
16.2768
-0
-0
-0
8.36998
1.56198
-0
-0
-0
0.538373
-0
-0
-0
0.894863
31.0533
-0
1.16006
-0
-0
36.411
-0
-0
30.1088
-0
-0
-0
-0
1.90159
-0
10.8473
6.45843
-0
-0
16.1754
-0
8.53001
-0
-0
16.3917
-0
-0
-0
-0
-0
17.9711
-0
-0
-0
-0
-0
6.46625
-0
-0
18.5998
3.49777
1.024
-0
-0
-0
-0
-0
4.54283
0.257761
28.6602
-0
5.90578
1.975
-0
-0
-0
-0
-0
-0
-0
-0
-0
-0
-0
-0
-0
8.63417
3.12049
-0
-0
-0
24.2807
-0
-0
-0
18.1969
14.4263
-0
-0
-0
-0
-0
-0
10.639
-0
-0
-0
-0
-0
-0
12.3351
0.915787
-0
-0
1.89674
-0
1.02045
-0
-0
-0
3.24911
-0
10.328
18.1182
32.518
10.0546
-0
35.9231
32.7265
-0
-0
-0
-0
-0
-0
-0
-0
7.59405
-0
-0
-0
-0
-0
7.31267
-0
-0
27.8695
3.14673
-0
-0
3.01864
15.6124
-0
-0
-0
-0
-0
-0
-0
-0
-0
7.56314
-0
-0
-0
-0
2.07885
-0
-0
-0
-0
-0
0.10585
-0
-0
-0
-0
-0
-0
1.56798
-0
-0
-0
-0
-0
4.16664
41.1289
-0
14.3598
-0
-0
-0
-0
-0
-0
2.21991
-0
-0
-0
1.61089
-0
-0
9.16318
-0
-0
-0
-0
-0
8.84266
-0
-0
3.00377
-0
11.2829
27.3889
-0
3.48574
-0
0.616719
-0
-0
-0
1.32807
-0
3.56716
-0
-0
-0
-0
-0
16.4439
29.5482
0.162721
8.50748
-0
-0
-0
-0
-0
-0
-0
0.973457
10.7336
14.6703
-0
6.88964
2.23827
29.233
-0
-0
24.7221
4.01567
4.05767
-0
-0
-0
-0
-0
6.00147
-0
-0
-0
-0
-0
-0
-0
-0
2.59198
15.2333
14.6868
3.51939
-0
-0
-0
21.4361
-0
-0
-0
-0
2.38083
-0
-0
-0
-0
15.3195
34.7211
-0
-0
-0
-0
-0
-0
-0
1.57743
-0
0.338396
20.3745
-0
-0
-0
-0
-0
-0
5.32039
-0
24.1821
-0
-0
13.5993
-0
-0
-0
17.2708
-0
6.55499
-0
11.7276
-0
-0
11.3151
-0
-0
-0
-0
-0
-0
-0
6.90892
-0
-0
-0
-0
11.7861
-0
-0
9.18529
-0
-0
-0
-0
-0
3.95979
-0
-0
8.32942
6.74308
-0
-0
4.0982
-0
1.10257
12.4031
9.48506
-0
-0
-0
4.69859
-0
8.20169
5.43137
-0
3.93473
-0
-0
-0
-0
8.1723
-0
-0
11.3775
3.02993
6.83408
-0
-0
-0
19.1929
-0
-0
-0
-0
-0
10.4059
-0
-0
-0
5.76224
-0
-0
16.4221
11.0747
-0
-0
-0
10.0698
-0
-0
5.35916
-0
-0
14.7875
16.7441
-0
-0
-0
-0
-0
-0
12.4946
-0
-0
-0
-0
17.4755
-0
-0
1.87415
-0
-0
15.6845
-0
-0
-0
-0
-0
15.7417
-0
-0
-0
-0
0.163555
-0
16.1194
-0
1.13805
-0
-0
-0
-0
-0
-0
-0
3.9357
-0
-0
-0
1.26067
-0
-0
-0
-0
-0
-0
-0
18.8851
13.8628
-0
-0
-0
-0
9.05322
-0
22.1912
12.9717
-0
-0
10.1576
-0
-0
6.1412
-0
-0
-0
-0
-0
-0
1.39732
-0
6.77633
17.6028
-0
-0
-0
13.107
34.4015
-0
-0
-0
-0
5.19333
-0
11.1111
-0
-0
-0
-0
-0
-0
-0
10.8527
-0
10.1423
9.96357
-0
19.8939
27.1159
-0
0.307076
-0
-0
-0
-0
19.4735
-0
2.38499
-0
14.5967
-0
-0
-0
-0
-0
-0
9.88199
3.30247
2.47755
2.61253
2.41439
-0
-0
23.3726
-0
-0
-0
3.2575
-0
-0
0.222042
-0
-0
-0
-0
-0
-0
8.68975
-0
9.85019
-0
-0
10.0993
26.9626
-0
11.9898
35.2672
-0
-0
-0
-0
-0
-0
-0
12.0568
-0
-0
-0
-0
-0
-0
-0
-0
-0
-0
8.54678
-0
-0
-0
-0
4.14892
24.7552
-0
-0
-0
8.76141
16.7628
-0
9.74259
-0
8.32397
-0
14.4999
-0
3.36785
-0
10.8424
-0
-0
24.2163
1.28726
6.69235
-0
-0
-0
-0
-0
-0
-0
-0
21.8914
-0
-0
-0
-0
-0
5.17822
17.3056
-0
38.6532
14.2452
-0
-0
16.8715
7.01453
-0
-0
-0
-0
-0
-0
39.0193
6.99268
-0
-0
-0
-0
6.02304
-0
14.7737
29.596
-0
-0
-0
-0
-0
-0
-0
-0
-0
-0
-0
-0
-0
1.33377
-0
16.0602
0.262471
-0
-0
-0
-0
12.5734
-0
-0
1.01355
-0
-0
-0
41.3317
-0
-0
-0
-0
-0
-0
-0
-0
-0
-0
-0
-0
-0
-0
-0
-0
-0
-0
-0
-0
-0
30.5483
-0
-0
-0
38.9599
-0
-0
-0
5.90709
-0
-0
20.4855
21.1746
-0
-0
-0
5.38894
-0
-0
6.6109
-0
-0
11.7514
-0
9.76663
-0
-0
-0
-0
-0
-0
18.9465
-0
-0
-0
-0
12.4563
-0
-0
-0
-0
0.734865
-0
-0
-0
-0
-0
17.0337
17.3182
20.0305
-0
-0
-0
12.8134
-0
-0
-0
16.642
-0
-0
12.9084
6.05861
15.0071
-0
-0
43.9469
-0
-0
-0
-0
-0
-0
-0
-0
-0
-0
-0
-0
-0
-0
-0
-0
-0
33.0513
15.9794
-0
-0
-0
-0
-0
-0
-0
-0
-0
-0
-0
16.4989
12.9697
-0
1.35889
-0
-0
-0
-0
-0
-0
-0
-0
-0
-0
-0
-0
-0
-0
-0
13.7325
-0
-0
-0
-0
24.6251
-0
7.83363
-0
-0
-0
-0
7.03084
-0
-0
-0
-0
-0
-0
-0
-0
-0
-0
33.4387
-0
10.4074
3.15614
4.53771
-0
-0
-0
-0
-0
-0
0.387998
-0
-0
-0
11.3062
-0
-0
-0
-0
25.2649
7.23695
-0
-0
-0
21.0121
24.9441
-0
-0
-0
-0
-0
-0
-0
-0
-0
-0
-0
3.91589
-0
-0
-0
22.3818
-0
-0
8.64759
-0
-0
-0
-0
-0
22.222
21.588
26.8811
27.9337
-0
-0
-0
-0
39.7057
-0
-0
-0
-0
13.3985
-0
-0
-0
2.14324
-0
1.24217
-0
-0
-0
17.0745
-0
15.2864
-0
-0
-0
-0
14.4168
-0
3.37581
0.47174
-0
12.6294
-0
-0
5.33264
-0
8.3412
-0
-0
-0
-0
20.4272
-0
-0
11.8918
-0
-0
19.2845
-0
-0
-0
8.74277
-0
-0
34.0241
-0
-0
-0
-0
-0
-0
-0
2.62004
13.9657
-0
6.03796
-0
-0
-0
6.31518
-0
-0
-0
-0
-0
-0
1.32807
-0
-0
-0
-0
-0
-0
-0
-0
29.7715
-0
-0
-0
10.1902
-0
5.87864
8.93415
-0
9.82736
-0
-0
-0
-0
-0
-0
-0
-0
-0
-0
0.961775
-0
-0
-0
46.6973
-0
15.9417
28.747
-0
11.0529
-0
-0
5.06096
-0
-0
-0
-0
17.2999
2.26265
-0
2.32137
-0
9.72464
-0
-0
12.4506
-0
-0
17.2274
11.1473
22.0146
-0
-0
5.18182
-0
-0
-0
21.4056
23.0071
-0
-0
-0
-0
-0
-0
17.727
-0
-0
-0
-0
-0
11.7945
0.0522258
1.18516
-0
-0
-0
8.33531
4.22328
-0
-0
-0
-0
28.3686
-0
-0
-0
15.9054
-0
-0
-0
-0
-0
-0
-0
-0
-0
-0
-0
-0
-0
-0
6.78472
-0
8.25175
20.2058
-0
-0
-0
-0
-0
-0
8.44376
-0
-0
-0
-0
-0
-0
-0
-0
-0
-0
20.5391
-0
9.46225
12.5387
-0
-0
-0
7.50064
-0
-0
7.18261
-0
-0
0.0426778
18.9311
-0
-0
-0
-0
-0
3.84881
-0
30.967
18.5782
-0
-0
-0
-0
33.8219
-0
-0
-0
-0
-0
-0
-0
16.2072
-0
-0
-0
1.47644
-0
-0
9.28821
-0
1.37528
11.4308
-0
-0
4.27706
-0
-0
-0
-0
6.93008
-0
-0
-0
-0
-0
2.29829
-0
-0
-0
-0
-0
-0
-0
-0
-0
-0
-0
-0
-0
-0
22.5767
-0
-0
-0
15.5171
-0
-0
-0
23.529
-0
-0
11.1841
3.28815
-0
-0
-0
-0
-0
-0
-0
-0
-0
-0
-0
-0
-0
-0
24.8612
-0
-0
-0
-0
-0
-0
-0
-0
0.835505
6.23855
-0
9.46375
-0
-0
-0
3.35817
-0
-0
-0
15.9792
-0
-0
-0
-0
-0
-0
-0
-0
-0
-0
16.245
-0
-0
-0
-0
6.57865
19.6324
-0
-0
-0
-0
-0
-0
-0
-0
-0
-0
-0
-0
-0
-0
-0
-0
-0
-0
0.178088
-0
-0
-0
-0
-0
-0
14.7973
3.01944
-0
17.1006
-0
-0
-0
-0
-0
-0
-0
-0
-0
13.2254
-0
-0
3.39599
-0
3.55538
-0
-0
-0
-0
-0
-0
1.33973
7.72314
-0
-0
1.92826
-0
-0
-0
-0
16.431
-0
-0
8.27664
-0
-0
-0
-0
4.91918
-0
-0
15.9558
-0
4.82123
-0
-0
-0
-0
-0
-0
-0
-0
-0
0.405209
-0
-0
2.45549
-0
17.6558
-0
1.08719
-0
-0
-0
-0
-0
-0
-0
-0
-0
-0
25.807
-0
-0
5.93915
21.506
-0
-0
-0
-0
-0
-0
-0
16.1495
2.83032
-0
11.0549
-0
17.171
36.1013
11.1065
-0
18.1429
-0
-0
-0
10.8605
-0
4.08622
-0
-0
-0
-0
4.70857
36.6995
3.83061
15.3423
-0
-0
-0
-0
9.94076
-0
-0
-0
22.9414
-0
-0
13.8237
-0
-0
-0
-0
-0
-0
32.4286
-0
4.30659
30.7273
-0
-0
-0
-0
-0
15.1535
9.11764
4.49879
-0
-0
-0
2.21256
-0
-0
14.8337
13.0393
-0
-0
-0
-0
-0
-0
-0
-0
-0
8.49275
-0
1.31378
-0
9.57083
-0
-0
-0
-0
13.455
-0
-0
-0
-0
-0
30.7326
-0
-0
-0
-0
-0
-0
49.5793
-0
-0
-0
12.8862
-0
-0
7.94909
-0
-0
-0
-0
8.77693
-0
-0
-0
-0
-0
-0
-0
-0
30.7673
-0
-0
-0
-0
-0
-0
-0
-0
15.7216
-0
0.035236
-0
-0
-0
-0
5.92232
-0
-0
17.7099
-0
-0
-0
-0
31.8818
-0
-0
5.20688
10.452
-0
4.78958
15.7266
-0
23.4964
-0
-0
-0
-0
13.317
38.3791
-0
-0
1.27039
12.8278
-0
0.415124
-0
-0
1.00548
-0
-0
-0
-0
-0
22.1209
8.4684
-0
-0
-0
-0
-0
-0
-0
-0
-0
-0
-0
-0
20.378
11.4553
-0
13.7499
-0
-0
-0
-0
-0
-0
-0
-0
26.119
-0
-0
-0
-0
-0
-0
-0
-0
-0
-0
-0
-0
-0
-0
-0
-0
0.00133737
-0
-0
-0
9.98566
-0
-0
-0
-0
-0
-0
4.52893
-0
-0
-0
7.0779
-0
12.4845
5.34736
20.4541
1.38311
-0
-0
11.8754
-0
22.9388
-0
-0
-0
5.53239
-0
25.3149
1.67896
5.32027
-0
-0
-0
-0
-0
-0
-0
-0
-0
-0
-0
25.159
-0
-0
-0
-0
-0
1.56731
-0
-0
-0
-0
-0
-0
5.42551
15.1658
-0
-0
-0
2.53377
7.50714
-0
36.273
21.4048
-0
39.51
11.9415
-0
-0
30.7452
-0
-0
47.381
22.7042
0.824956
-0
-0
-0
-0
-0
-0
-0
-0
0.845056
-0
-0
-0
-0
-0
6.45778
-0
-0
-0
30.3094
18.1973
-0
1.09156
-0
-0
-0
17.0726
14.8691
-0
-0
14.5439
-0
24.3092
-0
-0
-0
-0
-0
21.7534
-0
-0
-0
-0
8.17588
-0
-0
12.6421
9.61559
-0
6.93647
11.8167
-0
-0
2.88754
-0
-0
-0
-0
-0
-0
14.7714
-0
6.82342
-0
1.64388
43.2782
-0
-0
15.1174
-0
1.96562
-0
31.3468
-0
24.9626
-0
1.5177
0.274655
12.7407
-0
-0
4.51314
-0
8.00933
7.46716
14.0624
-0
-0
24.5462
37.4262
-0
-0
8.6939
-0
-0
-0
0.53091
27.5155
2.46178
-0
-0
-0
-0
-0
-0
5.9251
30.3366
-0
-0
1.92637
-0
-0
16.1016
19.0226
-0
-0
-0
-0
1.36841
-0
-0
-0
-0
17.2119
-0
-0
7.46598
-0
-0
-0
-0
27.1727
-0
-0
2.43128
8.44806
-0
44.9561
-0
-0
1.80806
-0
-0
-0
-0
-0
-0
10.5028
-0
10.5607
-0
-0
-0
-0
-0
-0
11.7954
-0
24.2203
-0
-0
-0
-0
26.5613
-0
6.17802
-0
-0
-0
-0
-0
-0
7.56149
-0
-0
-0
-0
-0
-0
-0
-0
18.5234
-0
13.8772
3.14615
-0
-0
1.00255
-0
16.2914
0.878033
6.05171
-0
20.5002
3.4876
-0
12.598
-0
-0
-0
2.46697
-0
8.63008
-0
-0
13.3723
10.8955
-0
13.574
11.5093
-0
0.0533717
0.111407
-0
-0
-0
-0
-0
-0
28.1454
-0
-0
-0
-0
-0
1.7927
-0
-0
-0
-0
0.529741
-0
-0
-0
-0
-0
-0
10.9511
-0
-0
-0
-0
-0
-0
28.5306
-0
26.4173
4.81465
-0
7.90121
-0
-0
-0
-0
-0
-0
8.56774
17.3618
-0
6.01591
4.21997
-0
-0
-0
-0
17.2059
-0
10.7041
2.12077
-0
-0
-0
-0
-0
-0
-0
-0
-0
-0
16.0145
-0
-0
-0
-0
-0
-0
-0
0.882438
-0
-0
-0
-0
-0
-0
-0
-0
-0
19.389
-0
-0
-0
-0
-0
-0
-0
-0
-0
-0
-0
-0
-0
-0
-0
-0
-0
-0
-0
34.1914
-0
-0
3.09183
-0
2.62833
-0
-0
58.3487
6.41354
-0
-0
-0
8.12138
-0
-0
-0
-0
-0
-0
-0
-0
-0
1.45056
-0
4.44493
-0
-0
-0
-0
-0
1.1644
16.9154
-0
-0
-0
-0
4.21261
10.1212
-0
18.9888
-0
-0
24.866
-0
-0
0.014888
1.71568
-0
16.5408
13.5589
-0
-0
-0
-0
11.1558
-0
17.2251
-0
21.4571
12.0579
-0
-0
2.74003
4.60649
-0
11.9795
-0
6.37706
-0
-0
-0
-0
2.69073
-0
-0
-0
5.87249
-0
2.39785
-0
-0
-0
4.92259
-0
-0
-0
-0
1.65547
-0
21.1183
-0
-0
-0
-0
-0
-0
-0
-0
-0
-0
-0
-0
-0
9.10035
-0
-0
-0
-0
-0
-0
-0
-0
-0
-0
2.0619
-0
26.4753
-0
-0
8.21
-0
-0
-0
-0
16.2902
-0
1.04617
-0
-0
-0
-0
18.4314
-0
19.3764
-0
-0
0.335937
0.665905
10.6306
15.9221
19.6456
-0
-0
12.3796
1.67499
1.72846
18.9074
-0
-0
-0
26.7387
32.8248
-0
-0
-0
-0
12.6118
-0
-0
-0
1.35316
26.0104
-0
-0
-0
4.83859
-0
-0
-0
-0
23.5839
-0
3.29959
-0
-0
2.1078
11.8078
-0
-0
-0
-0
-0
-0
-0
24.0636
-0
-0
1.03333
32.4924
-0
-0
-0
-0
-0
-0
0.924049
3.1584
-0
-0
-0
-0
6.83671
-0
-0
-0
-0
-0
-0
-0
-0
-0
-0
-0
-0
39.2988
-0
13.6434
-0
-0
-0
-0
-0
-0
-0
-0
24.34
-0
-0
-0
-0
-0
-0
2.35149
-0
-0
6.18959
-0
-0
-0
-0
-0
-0
-0
-0
-0
-0
-0
-0
-0
-0
-0
-0
3.88589
-0
-0
20.7045
-0
-0
-0
-0
-0
-0
5.4515
-0
-0
-0
-0
-0
-0
6.23034
-0
-0
-0
-0
-0
-0
-0
-0
-0
-0
-0
-0
0.242195
-0
19.2866
0.631169
-0
-0
-0
0.206973
4.22731
1.70904
16.3622
-0
-0
0.120337
-0
23.4009
-0
4.77164
-0
-0
-0
12.3175
1.48217
-0
17.3263
-0
-0
-0
-0
-0
4.76585
4.36567
-0
17.5519
-0
-0
-0
-0
-0
18.5908
-0
-0
-0
-0
-0
-0
-0
-0
-0
4.89186
-0
-0
-0
-0
-0
6.35771
-0
-0
-0
-0
-0
-0
-0
9.12265
-0
-0
-0
-0
43.9311
0.1786
22.1711
-0
-0
-0
-0
-0
-0
-0
-0
6.32016
-0
3.5436
-0
-0
1.61093
2.84593
-0
-0
8.39777
-0
-0
20.2663
-0
-0
-0
-0
-0
-0
-0
-0
-0
-0
-0
-0
-0
8.8665
-0
-0
-0
6.14184
-0
-0
-0
-0
-0
2.1776
0.657775
-0
-0
-0
15.7661
-0
-0
-0
-0
18.5844
-0
-0
-0
21.9311
-0
8.19668
2.02614
-0
-0
8.25799
-0
47.728
-0
24.3791
-0
-0
9.41805
30.7713
-0
-0
-0
-0
-0
-0
9.68992
-0
-0
14.3064
-0
-0
-0
-0
1.66054
-0
-0
-0
-0
-0
-0
2.41417
-0
-0
-0
-0
-0
15.577
-0
-0
-0
-0
13.087
-0
-0
-0
-0
-0
-0
-0
0.372771
-0
27.2149
-0
1.86782
-0
-0
-0
-0
-0
-0
-0
6.13543
-0
31.3787
-0
-0
11.6987
-0
-0
10.1762
-0
11.5117
-0
-0
-0
1.07939
6.78637
-0
-0
-0
-0
-0
0.672914
39.0424
14.3487
-0
-0
-0
-0
21.2317
-0
-0
-0
-0
-0
8.37719
15.4443
-0
8.48559
0.345432
16.2116
-0
2.90026
-0
21.9252
-0
13.4643
-0
18.4147
-0
1.16959
16.2269
-0
-0
-0
-0
-0
-0
-0
16.6917
-0
1.18078
-0
-0
-0
-0
-0
-0
0.244736
-0
-0
7.14784
10.3537
-0
-0
-0
7.81134
-0
8.06456
14.6665
-0
-0
-0
-0
-0
-0
44.3157
-0
-0
-0
-0
-0
-0
-0
-0
-0
-0
-0
-0
-0
-0
-0
-0
-0
-0
-0
-0
14.7922
4.84936
-0
8.57521
-0
29.8598
-0
7.18251
24.3212
-0
-0
-0
19.1459
-0
10.4961
-0
-0
-0
-0
-0
24.7715
13.0853
-0
-0
-0
-0
14.4274
-0
-0
-0
-0
23.1273
-0
-0
-0
-0
-0
-0
20.1199
12.3579
-0
-0
5.49536
15.9017
-0
-0
16.1903
2.21745
-0
10.2114
-0
-0
-0
4.17368
-0
-0
-0
-0
1.43635
-0
-0
-0
-0
-0
-0
-0
-0
-0
-0
-0
10.5752
8.68295
-0
-0
-0
-0
-0
-0
-0
33.452
-0
-0
-0
-0
11.3045
-0
3.07205
-0
-0
-0
9.85031
-0
-0
-0
-0
-0
-0
-0
-0
-0
-0
-0
-0
20.9828
-0
32.8185
-0
-0
-0
3.29015
-0
5.369
-0
-0
-0
-0
-0
6.43604
-0
-0
-0
-0
-0
-0
-0
4.15023
-0
-0
-0
-0
-0
-0
-0
3.41628
-0
-0
-0
27.4726
0.906188
2.14239
-0
-0
12.1243
-0
-0
-0
-0
-0
-0
-0
-0
-0
12.9183
-0
6.25107
8.80523
-0
-0
7.41125
-0
11.4171
-0
-0
18.5295
-0
39.7157
-0
-0
-0
-0
-0
5.15172
-0
-0
-0
-0
-0
-0
-0
-0
-0
-0
3.93172
-0
-0
20.2272
3.98962
26.6011
-0
-0
-0
-0
-0
-0
0.155545
3.32021
-0
3.20055
-0
-0
-0
-0
-0
-0
-0
-0
-0
12.3191
-0
-0
-0
-0
-0
-0
-0
15.6733
-0
5.37931
-0
-0
4.95451
-0
-0
-0
0.547688
-0
-0
16.3069
29.8342
-0
-0
-0
-0
-0
2.71098
-0
-0
-0
-0
0.807494
26.7688
-0
-0
-0
13.404
-0
7.61907
1.91807
-0
-0
15.7748
-0
40.0703
-0
-0
0.667974
-0
-0
-0
-0
-0
-0
-0
11.2673
4.62057
14.4398
-0
-0
-0
22.1773
-0
-0
-0
-0
19.3245
-0
-0
-0
-0
8.40424
-0
3.73345
-0
-0
-0
-0
-0
-0
18.7124
18.6001
-0
-0
-0
-0
-0
-0
-0
-0
18.3927
8.12772
16.7967
17.1628
-0
-0
-0
-0
9.30909
-0
-0
-0
-0
-0
-0
-0
27.0466
-0
-0
-0
-0
20.4893
-0
-0
-0
-0
3.708
-0
3.85475
23.8237
9.02457
-0
-0
-0
-0
-0
-0
6.44419
-0
4.4492
6.95794
-0
-0
-0
-0
20.6815
-0
15.3623
8.13905
-0
-0
-0
9.18268
-0
1.12844
1.86249
-0
-0
-0
-0
38.6102
-0
12.7698
15.1894
-0
-0
-0
-0
-0
-0
-0
-0
-0
2.44992
-0
-0
-0
-0
-0
-0
32.1558
-0
17.3409
-0
-0
16.347
3.03061
-0
-0
6.77587
-0
-0
-0
-0
-0
1.63941
-0
6.82078
-0
8.76999
-0
0.272297
2.54778
11.631
-0
-0
-0
-0
-0
-0
17.3951
-0
-0
-0
-0
-0
2.05066
-0
-0
-0
-0
1.71215
-0
-0
0.304824
-0
8.96935
23.1371
-0
5.87023
-0
-0
5.79277
-0
3.46457
-0
11.0693
-0
-0
-0
-0
18.0867
-0
-0
-0
-0
-0
-0
6.65323
-0
-0
-0
-0
19.1048
-0
3.68485
-0
23.1167
30.3023
-0
-0
-0
10.1527
-0
-0
1.84527
-0
28.0922
6.21517
-0
-0
-0
11.2783
-0
7.56759
30.7387
0.300709
-0
-0
-0
15.6319
25.4045
-0
-0
-0
-0
18.6579
-0
-0
-0
-0
23.4767
-0
-0
3.55938
-0
3.4523
-0
-0
-0
-0
-0
2.60147
-0
-0
4.61207
-0
-0
-0
5.92627
-0
-0
28.9822
14.5144
-0
4.43745
-0
5.89779
-0
-0
-0
-0
-0
-0
-0
-0
17.2322
9.29855
40.2416
-0
-0
-0
-0
17.124
-0
-0
11.7644
38.7646
-0
-0
-0
-0
-0
7.60279
-0
-0
-0
-0
-0
-0
-0
-0
-0
-0
-0
-0
-0
13.5678
-0
10.4867
-0
-0
-0
-0
-0
-0
-0
3.04393
-0
-0
-0
-0
-0
-0
-0
5.34099
-0
-0
17.8251
-0
-0
14.5237
22.9618
-0
15.8441
-0
-0
-0
-0
-0
14.402
-0
-0
-0
-0
-0
37.7732
-0
-0
-0
-0
-0
1.13163
-0
1.19206
-0
19.9467
-0
-0
-0
-0
-0
-0
24.9249
-0
13.6429
-0
5.31542
-0
-0
7.56751
-0
-0
-0
44.2701
-0
-0
-0
3.92375
-0
-0
-0
4.43537
-0
-0
-0
-0
-0
16.5697
1.28875
32.7824
-0
1.15614
7.50961
6.17329
-0
42.5114
-0
40.2705
-0
6.79482
-0
-0
-0
-0
-0
4.05896
-0
-0
-0
-0
12.0715
-0
-0
-0
-0
17.7438
-0
4.86981
-0
-0
6.49644
-0
-0
-0
1.25433
-0
-0
28.9931
-0
-0
-0
-0
-0
-0
-0
1.688
19.4849
-0
-0
-0
17.1212
29.1219
-0
-0
-0
-0
-0
-0
-0
-0
-0
19.7343
5.92926
-0
-0
-0
-0
-0
-0
-0
-0
-0
1.30955
29.3006
-0
-0
-0
-0
-0
-0
-0
-0
-0
-0
11.379
-0
-0
-0
-0
-0
3.39013
-0
5.07017
16.8758
27.3685
-0
-0
14.6139
-0
-0
8.13829
-0
-0
-0
2.01262
-0
8.28431
-0
-0
-0
-0
-0
-0
-0
-0
18.5114
3.21389
2.27145
25.8723
-0
21.1116
-0
-0
-0
-0
3.72017
-0
-0
-0
3.10236
-0
-0
-0
9.33558
-0
-0
-0
-0
-0
3.9176
6.46264
-0
-0
-0
4.927
-0
-0
-0
-0
4.89845
-0
-0
-0
-0
21.483
-0
-0
-0
-0
10.9491
-0
-0
3.98163
-0
36.05
-0
10.7457
-0
-0
-0
-0
-0
-0
-0
-0
-0
-0
-0
19.9572
-0
-0
35.2437
-0
-0
-0
-0
-0
-0
-0
-0
12.4867
-0
-0
19.0312
-0
19.1033
17.9895
-0
-0
3.175
24.7548
-0
23.4764
-0
8.25428
-0
-0
37.1574
-0
-0
12.0638
19.5859
1.6079
-0
15.0295
-0
-0
-0
41.4022
-0
1.77631
21.5431
-0
-0
-0
-0
-0
-0
-0
22.037
-0
-0
38.1101
-0
-0
25.6733
5.12299
-0
-0
-0
-0
-0
10.4242
-0
27.5236
-0
-0
-0
-0
-0
25.9654
22.8131
-0
-0
-0
-0
-0
-0
38.3088
-0
-0
-0
-0
-0
-0
-0
-0
-0
-0
11.4186
-0
-0
17.6367
-0
-0
10.7632
-0
-0
-0
-0
-0
-0
-0
-0
-0
-0
5.11027
-0
7.193
-0
-0
-0
-0
-0
3.05147
-0
12.0078
-0
-0
5.03513
-0
1.12551
-0
-0
-0
-0
-0
4.21678
3.74497
-0
-0
-0
-0
-0
-0
1.30789
3.96541
-0
3.69587
2.92957
19.8424
27.1377
-0
-0
-0
-0
-0
-0
-0
-0
4.71047
-0
-0
29.4371
-0
11.3328
-0
-0
27.2411
-0
-0
-0
-0
-0
17.672
17.4369
-0
-0
-0
-0
-0
-0
23.7974
-0
-0
-0
14.7496
-0
-0
12.0568
-0
-0
-0
-0
37.6906
-0
5.01621
8.20662
-0
-0
-0
-0
23.9798
-0
-0
14.2124
3.31413
22.5673
17.2443
-0
-0
-0
27.0024
1.87452
-0
-0
12.159
7.4501
-0
-0
-0
21.1086
26.9984
-0
-0
-0
-0
-0
-0
-0
-0
-0
-0
-0
-0
29.1495
-0
-0
17.5336
3.25755
-0
-0
-0
-0
-0
-0
-0
-0
-0
-0
-0
16.323
-0
-0
-0
-0
3.35798
-0
-0
4.97955
-0
14.5581
0.396659
-0
-0
27.2697
-0
-0
-0
3.25055
-0
-0
-0
17.4158
-0
-0
33.0729
-0
-0
25.4364
-0
12.4836
-0
-0
-0
-0
4.56124
-0
3.31038
-0
-0
9.14674
-0
-0
-0
-0
-0
-0
9.79876
-0
-0
-0
-0
-0
-0
-0
-0
-0
-0
-0
-0
-0
29.4118
-0
22.5725
7.68804
-0
-0
-0
24.5914
-0
-0
-0
21.6493
-0
-0
6.78646
-0
-0
-0
16.6235
-0
5.93424
-0
7.27295
-0
-0
-0
-0
-0
-0
-0
-0
-0
-0
0.609
-0
-0
-0
-0
6.10996
11.1607
-0
-0
19.4069
-0
-0
-0
-0
7.12622
-0
8.37402
3.60431
5.55718
-0
-0
13.0783
24.0786
-0
-0
16.9831
20.3131
3.4602
8.48232
-0
-0
6.25149
40.4034
-0
5.99381
-0
4.14716
-0
1.62207
-0
-0
-0
-0
-0
-0
-0
-0
-0
0.849224
-0
14.5339
1.97914
-0
-0
-0
-0
-0
7.92233
-0
-0
-0
-0
-0
-0
-0
-0
-0
-0
15.7524
-0
-0
0.300032
-0
3.29482
-0
-0
-0
-0
-0
-0
-0
27.9488
-0
9.87191
-0
-0
-0
-0
-0
20.2834
18.9631
10.4866
-0
-0
12.2175
-0
-0
-0
31.8523
-0
-0
-0
14.9607
-0
-0
0.195292
-0
