0.753874
-0
-0
-0
-0
25.6908
-0
-0
16.1028
-0
-0
-0
2.38734
-0
-0
8.61275
-0
-0
-0
-0
-0
-0
-0
-0
10.3958
22.4532
-0
-0
-0
-0
-0
-0
-0
-0
1.08139
-0
-0
-0
-0
-0
-0
-0
-0
-0
-0
21.0809
-0
-0
-0
10.8046
-0
-0
-0
-0
-0
-0
-0
5.74131
30.9691
-0
-0
-0
-0
-0
39.1187
-0
10.2344
26.0274
-0
0.594589
-0
-0
-0
-0
-0
6.99169
8.37695
4.04542
-0
-0
-0
44.7658
-0
36.4009
-0
-0
-0
-0
-0
-0
5.22068
-0
23.7912
-0
-0
-0
16.6083
-0
-0
-0
-0
-0
-0
-0
18.7681
-0
45.4243
-0
-0
2.84495
-0
-0
-0
-0
-0
66.3274
-0
-0
45.9045
3.24877
42.4428
-0
-0
1.11719
12.1257
-0
-0
-0
-0
2.74678
-0
-0
15.3957
-0
-0
0.0243199
-0
-0
-0
0.766497
-0
-0
-0
-0
21.4755
-0
-0
-0
-0
-0
-0
-0
-0
-0
39.2541
-0
-0
-0
-0
-0
0.261298
-0
-0
59.1341
-0
-0
-0
-0
-0
6.58616
-0
-0
-0
-0
-0
-0
-0
-0
-0
-0
-0
-0
-0
-0
-0
67.5802
-0
-0
53.4881
-0
-0
73.3193
11.1724
17.3285
-0
-0
-0
16.0823
-0
-0
-0
-0
-0
-0
-0
-0
17.3203
-0
-0
-0
-0
-0
15.8141
-0
-0
-0
-0
-0
8.40464
-0
16.0905
-0
-0
-0
-0
-0
-0
-0
-0
-0
-0
-0
-0
-0
-0
-0
-0
-0
-0
-0
-0
21.8559
-0
-0
-0
-0
79.3613
-0
-0
-0
-0
-0
-0
-0
14.3977
-0
6.83868
-0
-0
-0
-0
-0
5.33863
-0
-0
-0
-0
-0
-0
-0
-0
-0
72.6857
-0
-0
-0
-0
-0
-0
-0
-0
1.97101
-0
13.7937
-0
-0
-0
-0
-0
-0
21.5169
15.2927
-0
-0
-0
-0
-0
-0
-0
42.1638
-0
-0
1.44094
-0
20.8542
30.8473
-0
-0
23.5721
-0
-0
-0
-0
-0
19.8385
1.25513
-0
-0
-0
-0
-0
-0
-0
5.07167
12.8587
-0
-0
-0
-0
61.6616
-0
-0
10.6688
-0
-0
-0
-0
-0
-0
15.5967
-0
-0
-0
9.96658
-0
-0
-0
-0
55.332
-0
-0
-0
-0
-0
11.6449
-0
-0
-0
-0
-0
43.1399
-0
-0
10.3736
-0
1.29034
-0
-0
7.98895
-0
-0
-0
0.548494
68.7431
-0
-0
5.48722
-0
-0
-0
-0
-0
-0
-0
-0
-0
-0
-0
-0
-0
11.9163
17.578
-0
-0
-0
-0
-0
-0
-0
-0
-0
4.99612
-0
-0
21.9612
-0
-0
-0
-0
-0
-0
-0
-0
-0
15.6117
-0
-0
-0
-0
-0
7.95362
-0
-0
-0
-0
-0
-0
14.1727
49.9981
-0
-0
26.1156
3.75117
-0
0.243968
-0
30.3923
-0
-0
-0
-0
-0
-0
-0
-0
-0
-0
-0
-0
-0
44.4656
21.3031
-0
-0
16.8881
44.254
-0
-0
-0
-0
-0
-0
-0
-0
-0
25.3983
-0
-0
-0
-0
4.70657
-0
-0
-0
-0
-0
-0
-0
-0
-0
-0
-0
-0
34.0163
-0
-0
-0
-0
-0
-0
56.3918
-0
-0
-0
-0
-0
52.9711
-0
-0
-0
-0
-0
-0
30.1257
-0
-0
40.0287
-0
-0
-0
-0
-0
4.42612
-0
-0
7.49068
-0
-0
29.531
-0
-0
-0
-0
23.7234
-0
-0
6.08944
-0
-0
-0
-0
-0
-0
-0
44.7198
-0
-0
-0
-0
-0
-0
-0
-0
-0
-0
-0
24.0643
11.0867
8.69106
13.7936
-0
-0
-0
-0
45.1786
8.3553
0.718997
-0
20.295
18.0181
-0
8.96605
13.1272
-0
-0
-0
-0
-0
-0
-0
-0
8.81746
24.5196
-0
-0
-0
-0
-0
39.1987
23.4444
-0
-0
-0
11.783
-0
-0
-0
17.7891
11.8476
50.948
-0
-0
-0
-0
-0
26.7154
-0
16.5068
-0
0.685411
24.2311
-0
-0
-0
-0
13.8241
-0
-0
-0
27.1353
-0
-0
2.14829
-0
-0
30.8167
55.0725
-0
-0
-0
-0
-0
-0
51.6892
-0
-0
-0
-0
-0
-0
-0
2.09815
-0
-0
-0
-0
-0
-0
-0
-0
-0
-0
-0
-0
-0
-0
-0
-0
30.3897
-0
-0
-0
1.79517
-0
-0
24.425
-0
-0
-0
-0
-0
-0
22.3223
-0
-0
51.3822
-0
-0
-0
-0
-0
-0
-0
-0
-0
18.4125
-0
-0
0.0051135
28.3235
-0
-0
10.4749
-0
-0
-0
-0
-0
-0
-0
-0
-0
6.99091
3.39405
-0
-0
-0
-0
-0
-0
-0
-0
-0
0.079272
70.3618
4.95672
-0
-0
-0
-0
-0
34.5768
-0
-0
-0
5.75543
28.3526
-0
-0
-0
-0
-0
26.2035
-0
-0
-0
-0
-0
12.981
-0
4.20874
-0
-0
6.83881
-0
14.4863
-0
1.28859
-0
-0
-0
-0
-0
-0
-0
-0
-0
-0
-0
16.9927
-0
-0
-0
-0
-0
-0
4.59703
23.8887
10.6414
-0
-0
-0
-0
-0
-0
14.0659
37.4293
-0
-0
3.08949
-0
-0
-0
-0
-0
-0
-0
-0
-0
30.0336
-0
2.63895
39.4776
-0
-0
-0
35.5506
61.5162
-0
-0
-0
-0
-0
-0
19.1596
-0
-0
-0
-0
-0
-0
-0
-0
-0
0.895569
-0
-0
0.641128
10.0106
-0
-0
-0
-0
-0
-0
10.805
-0
-0
-0
57.3734
-0
-0
-0
-0
-0
-0
-0
9.86611
-0
3.45717
32.0537
-0
-0
1.32606
-0
-0
-0
47.0538
-0
-0
5.7627
-0
-0
-0
-0
5.86044
-0
0.486201
11.8297
-0
-0
-0
-0
72.1111
-0
-0
14.4942
-0
-0
-0
-0
-0
-0
-0
39.1302
-0
-0
-0
-0
-0
-0
-0
-0
-0
9.27046
25.0971
-0
-0
-0
-0
-0
18.7439
-0
-0
-0
20.8998
4.96822
-0
1.68732
-0
-0
-0
46.4156
-0
-0
-0
2.47312
-0
-0
28.1338
-0
15.1742
-0
-0
-0
-0
-0
-0
-0
-0
0.301219
28.644
-0
-0
-0
-0
-0
0.0805446
-0
49.0816
10.6831
-0
-0
2.10164
16.6104
-0
-0
0.275909
-0
-0
-0
24.2771
-0
-0
-0
-0
17.0076
7.98174
-0
28.2048
46.7241
-0
-0
-0
-0
-0
-0
-0
-0
-0
-0
-0
-0
-0
-0
10.967
-0
-0
-0
-0
-0
-0
-0
-0
-0
-0
-0
-0
-0
80.1343
-0
11.871
-0
16.4158
4.22286
-0
14.1654
14.9378
-0
-0
-0
-0
-0
-0
-0
-0
-0
-0
-0
-0
-0
23.7462
-0
-0
-0
9.34034
3.58806
-0
-0
-0
-0
-0
-0
12.9587
-0
-0
-0
25.7258
-0
-0
12.4756
-0
-0
-0
-0
12.844
-0
-0
-0
5.1079
-0
-0
10.4921
-0
17.8424
-0
-0
14.0465
-0
-0
-0
-0
-0
-0
-0
-0
-0
-0
16.7822
-0
25.7304
-0
-0
-0
59.956
-0
-0
-0
-0
-0
-0
-0
2.47054
21.3566
-0
-0
23.1151
-0
-0
2.06096
-0
-0
31.1734
11.231
-0
29.1778
-0
9.64618
-0
-0
-0
-0
-0
-0
91.8904
33.9541
-0
-0
13.4899
-0
-0
-0
-0
-0
-0
-0
-0
1.8077
33.3107
-0
17.2179
-0
-0
-0
-0
-0
-0
11.5781
-0
8.40859
-0
-0
32.6765
-0
-0
-0
-0
-0
-0
-0
-0
40.3142
-0
20.6787
-0
-0
-0
10.9597
35.4169
-0
21.3852
-0
-0
-0
9.59893
-0
-0
-0
-0
12.0616
-0
16.0033
5.32075
11.8534
-0
-0
-0
-0
-0
-0
0.0844914
-0
-0
-0
23.2429
-0
-0
-0
-0
-0
-0
-0
-0
-0
31.594
32.103
-0
-0
-0
17.2718
-0
-0
-0
-0
-0
-0
-0
-0
-0
-0
-0
12.2114
-0
-0
-0
-0
-0
-0
-0
-0
13.2173
1.49633
43.5234
3.01206
-0
-0
-0
-0
4.96681
-0
-0
-0
-0
22.6341
-0
-0
-0
-0
-0
-0
-0
-0
10.9671
10.5152
-0
-0
-0
-0
-0
-0
-0
-0
-0
0.883858
-0
-0
-0
-0
18.8433
-0
14.9043
-0
-0
-0
-0
39.0511
-0
-0
17.5552
10.6773
-0
44.6261
-0
-0
-0
3.38157
-0
-0
38.5743
-0
-0
-0
-0
-0
-0
-0
-0
11.3372
-0
-0
-0
-0
-0
-0
-0
-0
-0
-0
-0
-0
28.2007
-0
-0
-0
-0
-0
-0
-0
-0
50.3706
-0
-0
-0
-0
-0
-0
4.82441
-0
21.2643
-0
-0
-0
-0
-0
-0
-0
-0
4.8216
-0
4.26619
-0
3.41979
-0
75.5272
-0
18.8076
30.0872
-0
29.8917
-0
-0
-0
-0
-0
-0
-0
53.06
6.73846
-0
5.45489
33.2416
-0
-0
-0
28.3326
-0
-0
-0
-0
16.8042
-0
-0
-0
-0
-0
-0
27.4779
-0
12.5442
-0
-0
-0
-0
-0
1.06571
-0
15.3455
-0
-0
-0
5.48552
-0
23.9586
-0
-0
-0
7.08355
32.7352
-0
-0
7.93788
-0
-0
-0
-0
-0
-0
-0
-0
-0
-0
-0
-0
-0
-0
-0
-0
-0
-0
-0
-0
-0
-0
-0
44.6151
13.8939
-0
-0
-0
-0
-0
1.71518
3.40374
-0
-0
-0
-0
-0
-0
-0
-0
-0
47.2555
-0
50.4986
33.051
-0
-0
-0
-0
-0
13.7425
-0
-0
-0
11.0291
-0
24.9185
-0
-0
-0
-0
-0
-0
5.93391
-0
-0
-0
-0
-0
14.7829
-0
-0
-0
-0
-0
-0
-0
4.17367
-0
-0
-0
-0
21.6243
-0
6.64346
-0
1.57691
34.9234
-0
-0
-0
-0
-0
32.5015
-0
-0
-0
31.2931
-0
-0
-0
14.8434
-0
12.3964
-0
-0
-0
-0
-0
-0
-0
-0
-0
-0
-0
-0
-0
-0
-0
-0
16.3639
-0
-0
-0
-0
-0
-0
-0
-0
-0
-0
-0
-0
-0
-0
-0
-0
-0
-0
-0
-0
-0
-0
26.194
16.6055
-0
-0
-0
-0
-0
-0
-0
12.0648
20.0216
-0
1.57683
0.416266
-0
-0
3.05538
-0
-0
-0
-0
-0
-0
-0
4.81822
-0
-0
-0
-0
-0
-0
16.6353
-0
-0
-0
-0
47.8752
-0
-0
-0
-0
-0
-0
-0
-0
-0
-0
-0
-0
-0
-0
-0
-0
-0
-0
-0
0.344874
-0
-0
-0
-0
-0
-0
1.69821
-0
-0
38.2988
-0
-0
-0
-0
-0
-0
-0
-0
-0
-0
-0
-0
8.6002
-0
-0
-0
-0
-0
-0
-0
-0
-0
26.1218
-0
-0
2.54113
-0
-0
-0
-0
13.4609
-0
-0
-0
-0
9.67012
-0
9.97361
-0
-0
-0
22.6627
-0
-0
-0
-0
-0
-0
1.6095
-0
-0
-0
-0
-0
-0
-0
-0
-0
30.9431
-0
-0
-0
-0
-0
-0
-0
-0
-0
18.4881
11.7016
6.33635
3.58612
-0
-0
-0
15.96
-0
-0
-0
-0
-0
-0
-0
24.9874
-0
-0
43.0828
-0
-0
17.435
-0
-0
21.2021
-0
-0
-0
49.4444
-0
-0
-0
-0
-0
-0
1.09459
35.8891
21.2927
16.5699
-0
-0
-0
-0
16.1401
-0
-0
-0
24.2795
-0
17.6852
-0
-0
-0
-0
24.0047
-0
-0
44.0361
-0
23.8651
15.6686
-0
-0
46.3407
-0
-0
-0
-0
-0
-0
-0
-0
-0
-0
-0
-0
2.84703
-0
-0
-0
-0
-0
-0
-0
-0
-0
9.59491
19.6775
-0
-0
-0
-0
-0
-0
-0
-0
-0
-0
-0
-0
-0
67.8652
-0
-0
-0
-0
-0
-0
32.7129
-0
-0
-0
-0
-0
-0
4.99297
-0
-0
-0
-0
-0
-0
-0
-0
-0
-0
-0
-0
-0
38.7555
-0
-0
-0
-0
-0
-0
-0
-0
-0
-0
1.7443
-0
5.05465
-0
-0
8.43935
-0
-0
-0
-0
-0
-0
-0
30.4553
-0
-0
0.197587
-0
-0
-0
-0
-0
12.1847
-0
-0
-0
-0
-0
85.0234
-0
-0
-0
13.468
-0
-0
-0
-0
50.6943
-0
-0
-0
-0
-0
17.7105
-0
-0
-0
-0
-0
-0
-0
-0
-0
-0
-0
-0
-0
14.9698
17.3741
-0
35.9559
-0
-0
-0
-0
-0
-0
-0
0.32215
38.6251
-0
-0
-0
-0
-0
-0
-0
-0
-0
-0
-0
-0
6.23093
-0
-0
-0
-0
-0
17.6218
-0
19.1417
5.88752
-0
-0
-0
-0
-0
45.9394
0.0834416
-0
-0
16.4763
-0
17.3448
-0
32.5613
-0
-0
-0
-0
-0
-0
-0
-0
-0
-0
-0
30.3195
1.47113
-0
-0
-0
-0
-0
-0
-0
38.4862
23.1953
-0
-0
-0
5.27635
-0
-0
26.9577
-0
-0
-0
-0
28.7443
-0
-0
-0
-0
1.5392
3.16439
-0
-0
36.3855
18.3579
19.5842
-0
57.5509
-0
4.51061
81.3746
62.6058
-0
-0
6.89637
-0
-0
50.583
8.91452
1.83384
-0
-0
-0
-0
-0
-0
-0
-0
-0
-0
-0
-0
5.2206
-0
45.9073
-0
-0
-0
21.834
-0
-0
-0
-0
-0
-0
13.7019
20.9086
-0
-0
-0
-0
31.4676
-0
-0
-0
-0
-0
67.1147
-0
-0
-0
-0
39.886
-0
-0
3.22618
-0
-0
4.59346
12.8238
-0
23.8633
47.2206
-0
-0
-0
-0
-0
-0
-0
-0
-0
-0
13.6867
33.5287
-0
-0
12.9068
-0
1.89672
-0
74.0439
-0
21.5682
-0
-0
0.262545
33.8318
-0
-0
-0
-0
2.70511
-0
-0
-0
-0
-0
5.64581
-0
18.552
26.7371
-0
-0
-0
5.91265
11.6379
28.9799
23.7249
-0
-0
-0
-0
-0
8.01847
11.1666
-0
-0
-0
-0
-0
57.7538
-0
-0
-0
-0
4.18206
-0
13.3467
-0
-0
-0
-0
-0
-0
8.82595
-0
-0
-0
-0
46.2284
-0
-0
1.80852
-0
43.8928
63.9381
-0
-0
-0
-0
-0
-0
-0
-0
-0
-0
-0
27.4775
-0
-0
-0
-0
-0
-0
12.3875
-0
8.56719
-0
-0
-0
-0
12.3063
-0
35.6037
-0
-0
-0
-0
-0
-0
-0
-0
-0
-0
-0
-0
-0
-0
-0
5.13073
-0
17.2511
-0
-0
-0
26.0777
-0
-0
-0
-0
-0
26.0559
-0
-0
0.774548
-0
-0
6.29325
26.6035
-0
-0
-0
-0
53.9983
27.4067
-0
-0
36.1964
-0
-0
16.4391
-0
-0
12.9709
-0
-0
-0
15.1165
9.47561
-0
-0
-0
-0
-0
-0
11.7676
4.54802
-0
36.2394
-0
-0
-0
-0
-0
-0
18.1563
-0
23.2151
7.5713
-0
-0
-0
1.80867
-0
28.6091
5.77915
-0
29.3922
-0
-0
-0
-0
-0
-0
7.82144
26.4766
-0
57.8035
-0
-0
-0
19.351
-0
-0
-0
1.64927
4.70687
-0
-0
-0
-0
-0
-0
-0
-0
-0
-0
38.7504
12.0516
-0
-0
-0
-0
-0
-0
-0
-0
-0
-0
-0
-0
-0
-0
17.6784
-0
15.0364
16.4251
-0
-0
-0
-0
9.27549
-0
-0
-0
-0
-0
-0
-0
31.477
-0
-0
-0
-0
-0
23.7067
-0
-0
7.94237
-0
18.3292
15.1933
-0
68.4794
-0
-0
-0
-0
-0
-0
-0
-0
-0
-0
-0
-0
-0
-0
-0
-0
18.868
-0
-0
-0
-0
-0
-0
29.6516
-0
-0
-0
-0
-0
-0
-0
15.0204
-0
-0
16.8646
-0
-0
-0
0.329146
-0
2.63979
18.1888
-0
-0
12.3063
-0
-0
-0
21.2996
-0
42.8606
24.443
7.08438
-0
-0
22.1044
-0
26.3119
-0
-0
-0
-0
-0
-0
-0
-0
-0
3.11764
-0
9.06708
-0
-0
-0
-0
-0
20.9455
-0
-0
-0
1.80658
-0
20.119
-0
-0
-0
-0
-0
-0
-0
-0
-0
-0
-0
-0
-0
-0
-0
2.57296
-0
-0
-0
-0
-0
-0
-0
-0
10.8286
-0
40.0885
-0
-0
6.52326
4.89688
-0
-0
-0
-0
-0
0.434367
-0
-0
-0
-0
40.1441
-0
-0
-0
-0
0.613492
18.8567
13.0588
28.5866
-0
-0
-0
-0
9.78638
25.8038
58.2838
-0
-0
-0
10.8135
29.7909
-0
-0
-0
-0
4.65351
-0
5.63836
-0
-0
12.4838
-0
-0
0.0892427
11.2108
-0
-0
-0
-0
-0
-0
0.378286
-0
-0
11.7762
-0
-0
0.499509
-0
-0
-0
-0
-0
25.1792
-0
-0
-0
19.9143
-0
-0
-0
-0
-0
-0
-0
39.882
-0
-0
-0
-0
-0
-0
-0
-0
-0
-0
-0
-0
-0
-0
-0
-0
-0
96.8237
-0
-0
-0
-0
-0
-0
-0
-0
-0
-0
42.7533
-0
-0
-0
-0
-0
-0
1.73944
-0
-0
-0
-0
-0
-0
-0
-0
-0
-0
-0
23.1337
-0
-0
10.1572
0.809676
26.3648
-0
-0
5.23097
-0
-0
19.1465
-0
-0
-0
-0
-0
-0
49.7277
-0
-0
-0
-0
-0
-0
8.30577
-0
-0
-0
-0
-0
-0
-0
-0
-0
-0
-0
-0
46.2353
-0
19.2386
-0
-0
-0
-0
0.00719435
-0
-0
-0
26.9978
-0
-0
-0
42.0227
-0
59.6429
-0
-0
-0
-0
-0
19.1564
23.1359
-0
-0
-0
-0
-0
8.63902
-0
-0
-0
-0
-0
-0
-0
-0
-0
-0
-0
-0
-0
-0
-0
-0
5.26324
-0
19.1087
-0
-0
-0
-0
-0
-0
-0
-0
-0
-0
-0
-0
-0
37.0225
-0
-0
-0
-0
-0
53.6581
-0
-0
-0
-0
-0
-0
-0
-0
-0
5.69406
-0
-0
-0
-0
0.0747959
-0
-0
20.4146
-0
-0
-0
21.1362
-0
-0
-0
-0
5.41668
-0
-0
-0
-0
-0
-0
-0
-0
-0
-0
-0
-0
-0
-0
-0
-0
-0
-0
-0
-0
-0
-0
-0
10.4421
-0
36.0754
-0
10.4857
62.9592
-0
-0
-0
11.1406
22.6786
-0
16.3705
-0
-0
1.52347
-0
51.0602
-0
31.2817
-0
-0
24.5635
16.1631
-0
-0
-0
-0
11.0938
-0
-0
-0
-0
48.4709
-0
-0
2.51873
-0
2.75914
-0
-0
-0
-0
-0
-0
-0
20.8704
-0
-0
-0
9.96526
-0
-0
-0
0.014686
-0
0.108178
-0
-0
-0
-0
-0
-0
-0
-0
-0
-0
-0
50.9582
-0
-0
-0
-0
-0
-0
-0
52.869
-0
43.5183
-0
-0
-0
-0
-0
-0
-0
-0
-0
-0
-0
-0
8.51224
-0
-0
-0
-0
-0
-0
31.9659
19.1161
-0
-0
-0
-0
3.05179
-0
-0
-0
-0
-0
-0
6.17541
-0
-0
10.0987
41.7429
-0
17.1427
-0
-0
-0
24.9922
-0
-0
22.0155
-0
-0
-0
-0
-0
-0
-0
-0
-0
-0
-0
-0
-0
-0
-0
-0
-0
-0
-0
-0
-0
-0
-0
-0
-0
-0
2.50361
-0
-0
-0
-0
-0
-0
15.7441
-0
-0
41.585
-0
-0
-0
-0
-0
-0
-0
-0
-0
-0
-0
-0
-0
-0
-0
-0
16.9914
-0
-0
-0
-0
4.39105
-0
46.4224
-0
-0
6.58781
17.4292
30.0783
-0
-0
11.936
24.6397
-0
26.8411
-0
18.4201
-0
-0
-0
24.2052
-0
-0
-0
-0
-0
39.5225
-0
-0
-0
13.4853
25.653
-0
-0
-0
-0
-0
-0
32.1659
-0
-0
-0
-0
10.6119
-0
0.898486
-0
-0
-0
19.4724
-0
-0
18.7892
-0
-0
-0
-0
-0
-0
-0
0.940528
-0
-0
-0
-0
-0
-0
-0
-0
-0
-0
32.7802
-0
-0
-0
12.1068
-0
-0
-0
2.707
-0
-0
-0
-0
38.4113
-0
4.3452
-0
0.781903
-0
-0
-0
37.2399
-0
-0
-0
-0
-0
-0
-0
20.781
-0
-0
12.0848
-0
55.3497
-0
12.5013
27.3841
-0
-0
0.00516719
-0
-0
-0
-0
-0
-0
-0
-0
-0
42.1816
-0
-0
-0
37.6258
-0
-0
-0
31.3965
-0
-0
-0
-0
-0
-0
-0
-0
-0
-0
-0
-0
14.2769
-0
-0
-0
-0
-0
-0
-0
-0
-0
54.4724
-0
-0
2.00829
-0
-0
-0
-0
-0
-0
-0
-0
-0
73.848
-0
8.30063
-0
-0
-0
-0
-0
-0
-0
-0
-0
-0
27.6457
26.8411
-0
-0
2.65323
-0
-0
48.8051
31.7078
29.8964
-0
-0
-0
-0
-0
-0
-0
-0
-0
-0
-0
-0
-0
-0
-0
-0
-0
-0
-0
10.7378
-0
-0
-0
-0
-0
-0
-0
-0
-0
-0
-0
-0
-0
-0
-0
-0
-0
-0
-0
-0
41.8178
50.3286
-0
-0
-0
-0
18.2953
-0
-0
-0
-0
-0
5.42066
-0
-0
-0
9.88195
40.8257
4.12786
1.80897
-0
-0
-0
-0
18.6569
-0
-0
-0
-0
18.9253
-0
-0
-0
-0
-0
-0
18.7443
-0
-0
-0
-0
2.93385
-0
-0
-0
-0
-0
-0
-0
-0
-0
-0
-0
-0
-0
-0
-0
-0
-0
-0
35.0845
-0
-0
-0
-0
6.19885
-0
-0
13.1019
-0
28.8408
-0
-0
15.2978
-0
20.2913
-0
-0
-0
-0
-0
-0
-0
-0
-0
-0
-0
-0
-0
-0
-0
17.555
-0
-0
-0
-0
-0
-0
5.46728
-0
-0
-0
-0
-0
-0
-0
-0
16.4016
-0
-0
22.8517
-0
-0
-0
-0
-0
-0
-0
-0
-0
-0
-0
-0
-0
-0
41.6764
13.2356
-0
-0
-0
38.428
-0
-0
4.63333
-0
-0
-0
-0
-0
-0
-0
-0
-0
-0
6.55202
-0
-0
-0
-0
-0
56.8411
-0
0.731253
17.787
-0
6.81981
6.78392
-0
-0
7.83783
-0
-0
-0
-0
-0
2.30873
-0
-0
-0
-0
-0
-0
-0
9.51854
-0
-0
-0
-0
-0
-0
11.7056
5.21975
-0
-0
-0
-0
-0
-0
-0
-0
-0
-0
-0
-0
-0
-0
-0
33.6865
-0
12.662
-0
-0
18.8693
22.578
-0
-0
10.051
-0
28.2935
-0
-0
5.97017
-0
-0
-0
-0
-0
-0
67.0154
-0
-0
-0
-0
-0
-0
52.2291
-0
-0
64.1913
-0
-0
-0
34.3964
-0
-0
-0
-0
38.5515
-0
-0
-0
-0
-0
-0
17.471
28.8744
-0
-0
-0
8.76122
-0
23.9923
-0
-0
-0
-0
26.7951
-0
-0
-0
-0
14.0488
-0
-0
20.9751
-0
4.23092
-0
-0
-0
-0
-0
-0
-0
-0
5.28409
-0
-0
-0
-0
-0
-0
18.5432
-0
-0
20.7226
-0
-0
-0
-0
-0
-0
-0
-0
-0
-0
21.4612
22.5587
31.3079
-0
-0
1.2349
-0
27.5195
-0
-0
10.0971
41.5618
-0
-0
-0
16.0949
-0
1.1535
-0
-0
-0
-0
-0
-0
-0
-0
15.5619
-0
-0
-0
-0
18.9529
-0
35.1463
-0
-0
-0
-0
-0
-0
-0
36.5646
19.026
-0
-0
-0
-0
27.2811
1.64795
-0
-0
3.65592
21.2628
-0
-0
-0
38.8725
-0
37.2561
-0
-0
-0
-0
-0
-0
-0
-0
-0
-0
-0
37.7083
11.0558
-0
-0
-0
-0
5.98456
-0
-0
-0
53.5475
-0
10.6915
-0
-0
-0
-0
62.8052
-0
-0
-0
-0
-0
-0
11.3432
-0
-0
-0
1.87031
-0
23.7645
-0
8.8183
-0
-0
-0
-0
-0
-0
-0
-0
-0
9.63785
2.9531
-0
-0
-0
7.78727
-0
-0
4.9359
-0
48.5457
-0
-0
-0
3.56933
-0
-0
-0
-0
-0
-0
-0
-0
0.959249
-0
24.9822
-0
-0
11.0176
-0
-0
-0
9.5645
1.43555
-0
-0
-0
-0
-0
-0
9.86867
48.8767
-0
-0
6.21408
-0
-0
-0
-0
9.79508
-0
-0
-0
-0
11.1722
-0
26.3809
-0
-0
-0
-0
-0
-0
-0
48.0865
-0
-0
-0
-0
-0
-0
-0
-0
-0
-0
-0
8.10567
-0
-0
-0
-0
-0
-0
-0
-0
-0
-0
-0
-0
-0
-0
-0
-0
-0
-0
-0
-0
54.1212
-0
-0
-0
4.77786
-0
7.5298
-0
-0
31.5996
8.98127
-0
-0
-0
-0
-0
-0
-0
-0
44.7908
-0
23.8683
-0
-0
52.5143
-0
-0
-0
9.14211
-0
-0
-0
-0
-0
-0
6.4501
-0
-0
-0
10.3425
-0
-0
24.4981
-0
-0
-0
-0
-0
-0
-0
-0
-0
-0
-0
-0
12.4074
-0
-0
-0
-0
-0
-0
-0
-0
-0
4.69711
-0
-0
-0
-0
67.5734
-0
11.2613
-0
-0
-0
-0
-0
-0
-0
-0
-0
-0
-0
20.9992
-0
-0
54.7942
-0
-0
-0
-0
-0
-0
-0
-0
11.2639
-0
-0
-0
-0
34.2343
-0
-0
-0
-0
28.444
-0
18.9168
-0
-0
-0
-0
41.7729
-0
-0
11.0841
3.86178
-0
-0
-0
-0
-0
-0
33.8238
-0
-0
10.703
32.3134
-0
-0
-0
-0
-0
-0
-0
-0
-0
83.2267
-0
-0
-0
24.2725
-0
-0
-0
-0
-0
-0
-0
86.3762
-0
-0
-0
-0
-0
35.2148
11.2068
-0
-0
-0
-0
-0
-0
22.9574
-0
-0
-0
-0
-0
-0
-0
-0
-0
-0
-0
-0
-0
12.8556
-0
-0
-0
-0
-0
-0
-0
-0
-0
-0
-0
-0
-0
0.511486
-0
-0
-0
-0
4.82809
-0
-0
-0
-0
52.2515
-0
-0
23.0792
-0
-0
-0
-0
-0
-0
-0
5.74582
20.0865
-0
-0
-0
-0
-0
-0
20.302
-0
-0
3.80724
-0
6.50132
7.84941
-0
-0
-0
1.47912
-0
-0
-0
-0
-0
-0
-0
26.5195
-0
19.0017
-0
-0
22.3429
-0
-0
-0
-0
-0
56.6778
45.3031
23.7838
-0
-0
-0
-0
-0
-0
-0
1.28593
-0
13.43
-0
-0
11.6031
-0
2.19007
-0
-0
26.3977
-0
-0
10.2886
-0
-0
-0
-0
-0
-0
-0
1.64766
-0
-0
50.9893
-0
-0
-0
-0
-0
-0
-0
-0
6.31868
-0
-0
-0
3.12293
36.3303
-0
-0
-0
-0
-0
-0
-0
-0
-0
-0
-0
-0
32.306
-0
-0
9.53692
-0
-0
-0
-0
-0
-0
-0
-0
10.9824
-0
-0
-0
34.3416
-0
-0
-0
-0
-0
-0
-0
-0
-0
34.1889
-0
17.4423
-0
20.9471
-0
-0
-0
-0
24.5116
-0
-0
28.0104
-0
-0
59.9885
-0
-0
-0
-0
14.0643
-0
-0
-0
0.695486
2.76348
-0
14.9238
-0
-0
5.69882
-0
-0
-0
-0
-0
-0
64.5463
-0
-0
-0
-0
-0
-0
-0
-0
-0
-0
-0
-0
-0
-0
-0
41.9352
3.13071
-0
-0
-0
6.19454
-0
-0
-0
22.3636
-0
-0
-0
-0
-0
4.41664
12.1216
-0
-0
-0
-0
-0
-0
-0
-0
-0
-0
-0
-0
-0
-0
8.63708
40.6662
-0
-0
-0
25.0238
-0
-0
-0
28.7781
-0
-0
-0
-0
30.4817
-0
11.3793
-0
18.7885
-0
-0
-0
34.1408
-0
-0
55.863
41.5182
15.0271
37.719
-0
-0
8.83319
21.0188
4.4922
9.67219
-0
4.9826
6.05337
-0
-0
-0
-0
-0
-0
-0
-0
-0
-0
-0
-0
-0
9.35404
-0
-0
-0
-0
17.7568
18.8024
-0
-0
-0
-0
-0
-0
-0
-0
-0
-0
11.8586
-0
-0
-0
-0
22.8997
-0
-0
-0
-0
0.566851
-0
17.2089
18.8759
-0
9.45367
-0
-0
-0
-0
-0
19.8178
25.8046
3.47506
-0
11.1301
20.1494
-0
-0
-0
53.4215
-0
-0
-0
40.7464
-0
-0
-0
-0
