0.494936
-0
-0
-0
-0
15.1136
-0
-0
19.3146
-0
-0
-0
-0
-0
-0
2.9059
15.7451
-0
-0
-0
-0
-0
-0
-0
29.089
-0
8.34038
-0
-0
-0
-0
-0
-0
-0
1.65799
-0
-0
-0
-0
-0
-0
-0
-0
-0
-0
-0
-0
35.4997
-0
-0
-0
-0
-0
-0
-0
-0
-0
4.67172
52.5114
-0
-0
-0
20.6872
-0
17.0654
-0
19.1858
4.43429
23.1127
1.14974
-0
-0
-0
-0
-0
3.25102
5.68891
-0
-0
-0
-0
16.717
-0
47.6432
-0
-0
-0
-0
-0
-0
-0
-0
-0
-0
-0
-0
17.3961
-0
1.46161
-0
-0
-0
-0
-0
-0
-0
36.5765
-0
-0
-0
-0
-0
-0
-0
-0
34.8267
-0
-0
19.9589
4.59342
-0
-0
-0
12.7201
10.3019
-0
-0
-0
-0
-0
-0
-0
15.1529
-0
-0
-0
-0
5.27849
-0
-0
-0
-0
6.86147
-0
3.78758
-0
-0
-0
-0
-0
-0
-0
-0
-0
17.7944
-0
-0
7.45704
-0
0.671463
14.3622
-0
-0
59.9908
-0
-0
7.5569
-0
-0
-0
-0
-0
-0
-0
-0
-0
-0
-0
-0
-0
0.336938
-0
-0
-0
-0
73.5837
-0
-0
32.5866
4.99121
-0
56.6287
11.8909
36.0808
-0
-0
-0
18.1214
-0
-0
-0
-0
-0
-0
-0
4.56303
18.3546
26.0283
-0
-0
-0
-0
-0
-0
-0
-0
-0
-0
5.70364
-0
24.3334
-0
-0
18.7097
-0
-0
-0
-0
-0
-0
-0
-0
-0
-0
-0
-0
-0
-0
-0
-0
-0
7.28339
-0
-0
-0
-0
39.4162
-0
-0
-0
-0
-0
-0
-0
35.5666
-0
-0
5.04222
-0
-0
-0
-0
-0
-0
-0
-0
-0
-0
-0
-0
-0
-0
59.147
15.0578
-0
-0
-0
-0
-0
-0
-0
0.0473059
-0
57.7926
-0
-0
-0
4.76493
-0
-0
-0
20.9188
33.4928
-0
2.09957
-0
-0
-0
-0
21.1801
-0
-0
0.4318
-0
11.3713
23.6456
-0
-0
21.5881
-0
12.754
-0
-0
-0
13.4509
1.64866
-0
-0
-0
0.0316611
-0
-0
-0
-0
23.9736
-0
-0
-0
-0
60.0721
-0
-0
9.89758
-0
-0
-0
-0
1.9489
-0
2.67319
-0
-0
-0
-0
-0
-0
-0
-0
22.8713
-0
-0
-0
-0
-0
20.0063
-0
-0
-0
-0
-0
11.5142
-0
-0
13.044
5.68548
0.719565
-0
-0
-0
-0
-0
-0
1.24177
65.6424
-0
-0
-0
-0
-0
-0
-0
-0
13.2122
-0
-0
-0
-0
-0
-0
-0
5.35844
14.63
-0
-0
-0
23.8246
-0
-0
-0
13.9405
-0
-0
-0
-0
2.78025
-0
-0
-0
-0
-0
-0
-0
-0
-0
12.4861
-0
-0
-0
-0
-0
17.6046
-0
-0
-0
-0
-0
-0
14.5804
44.1773
18.5324
-0
38.1121
14.8123
-0
-0
-0
32.0114
-0
-0
-0
-0
-0
-0
-0
-0
-0
-0
13.1807
-0
-0
37.507
11.4297
-0
-0
5.72258
35.6396
-0
-0
-0
-0
-0
-0
-0
-0
-0
3.82036
-0
-0
-0
-0
5.93364
-0
-0
-0
12.9997
-0
-0
-0
-0
-0
-0
-0
-0
-0
-0
-0
-0
-0
-0
-0
38.9078
-0
-0
4.02772
12.6578
7.49264
29.4687
-0
-0
1.80681
-0
-0
8.48519
29.5732
-0
-0
36.6167
-0
-0
-0
-0
-0
1.53875
-0
-0
10.4501
-0
8.82938
14.6423
-0
14.5023
-0
-0
14.4834
-0
-0
-0
-0
-0
-0
-0
-0
-0
-0
17.9018
-0
1.19192
0.540199
-0
-0
-0
-0
-0
-0
-0
-0
31.4103
14.9526
2.7964
17.1725
-0
4.90583
-0
-0
68.5258
18.0735
-0
-0
14.8719
-0
-0
6.48387
22.7564
-0
-0
-0
-0
-0
-0
4.74413
-0
-0
-0
-0
-0
-0
-0
-0
34.6515
-0
-0
-0
-0
11.1092
-0
3.55735
-0
2.37688
-0
51.4257
-0
-0
-0
-0
-0
6.25059
-0
-0
-0
26.5771
14.8587
-0
-0
-0
-0
-0
-0
-0
-0
27.6489
-0
25.4706
-0
-0
-0
7.63312
23.3145
-0
-0
-0
5.74718
-0
-0
29.1462
-0
-0
-0
-0
-0
-0
-0
4.03652
-0
-0
-0
-0
-0
-0
-0
-0
-0
-0
-0
-0
-0
-0
-0
-0
6.67721
5.98222
-0
-0
-0
-0
-0
10.3757
15.6741
-0
-0
-0
-0
-0
19.2911
-0
-0
31.4017
-0
-0
-0
-0
-0
-0
-0
-0
-0
-0
-0
-0
-0
12.0937
-0
-0
-0
-0
-0
-0
-0
-0
-0
2.80759
-0
-0
-0
15.3332
-0
-0
-0
-0
-0
-0
3.74177
-0
-0
6.11625
73.2421
-0
-0
-0
-0
-0
-0
37.0016
-0
-0
-0
2.51347
14.864
-0
-0
-0
-0
-0
-0
-0
-0
-0
-0
-0
-0
-0
-0
18.4829
-0
7.12482
-0
-0
-0
1.52158
-0
-0
-0
-0
-0
-0
-0
-0
-0
-0
-0
-0
-0
-0
-0
-0
0.0133864
-0
20.9178
52.2682
-0
-0
-0
-0
-0
5.22271
-0
10.9966
46.2255
-0
-0
13.2204
-0
-0
-0
-0
-0
-0
-0
-0
-0
7.38393
-0
-0
-0
-0
-0
-0
0.353869
48.4737
-0
-0
-0
-0
-0
-0
11.9376
-0
-0
-0
-0
-0
-0
-0
-0
-0
-0
12.9162
-0
-0
35.8901
-0
22.9311
-0
-0
-0
-0
18.8793
-0
-0
-0
43.4453
-0
-0
-0
-0
-0
-0
-0
6.91578
-0
-0
24.385
-0
-0
31.291
-0
-0
0.72507
11.6718
-0
-0
-0
-0
-0
-0
-0
5.02649
-0
-0
-0
-0
-0
-0
-0
44.1182
-0
-0
38.682
-0
-0
-0
-0
-0
-0
-0
30.353
-0
-0
-0
-0
-0
-0
-0
-0
-0
-0
42.6281
-0
-0
-0
-0
6.70641
29.135
-0
-0
-0
14.4075
17.5045
-0
10.1492
-0
-0
-0
50.3641
-0
-0
-0
14.3516
-0
-0
14.7979
-0
15.2306
-0
-0
-0
-0
-0
-0
-0
-0
-0
10.7783
-0
-0
-0
-0
17.0666
13.6348
-0
30.474
-0
-0
-0
25.5658
-0
-0
-0
-0
-0
-0
-0
49.2699
-0
-0
-0
-0
-0
10.3075
-0
6.7074
34.5092
-0
-0
-0
-0
-0
-0
-0
-0
-0
-0
-0
-0
-0
-0
-0
-0
-0
-0
-0
-0
-0
-0
-0
-0
-0
-0
-0
-0
50.127
-0
23.2561
-0
7.36022
-0
-0
3.46618
3.49747
-0
-0
-0
-0
-0
-0
-0
-0
-0
-0
-0
-0
13.0259
13.9519
-0
-0
-0
47.0068
-0
-0
-0
-0
-0
-0
-0
28.0999
-0
-0
-0
32.6197
-0
-0
6.92348
-0
-0
-0
-0
11.3035
-0
-0
-0
-0
-0
-0
9.27653
-0
5.42686
-0
-0
3.47423
-0
-0
-0
-0
-0
-0
-0
-0
-0
-0
0.885795
16.1176
19.6029
-0
-0
-0
21.133
-0
-0
-0
14.295
-0
-0
-0
4.29155
18.0442
-0
-0
18.5063
-0
-0
12.6014
-0
-0
18.5744
7.28282
-0
-0
-0
5.59196
-0
-0
-0
-0
-0
-0
52.6036
27.6609
-0
-0
-0
-0
-0
-0
-0
-0
-0
-0
-0
-0
5.97064
-0
13.7342
-0
-0
-0
-0
-0
-0
-0
-0
28.6017
-0
-0
0.582231
-0
-0
-0
-0
-0
-0
-0
-0
68.3305
-0
18.2561
-0
-0
-0
-0
8.37485
-0
7.5999
-0
-0
-0
4.07738
-0
-0
-0
-0
46.9604
-0
18.1651
-0
8.42104
-0
-0
-0
-0
-0
-0
0.534173
-0
-0
-0
28.1208
-0
-0
-0
-0
14.2879
-0
-0
-0
-0
3.74537
26.8139
-0
-0
-0
29.3606
-0
14.0312
-0
-0
18.4965
-0
-0
-0
-0
-0
-0
7.60962
-0
-0
-0
-0
-0
-0
-0
-0
15.7648
21.0487
62.1859
11.8767
-0
-0
-0
-0
8.40537
-0
-0
-0
-0
37.5378
-0
-0
-0
-0
-0
-0
-0
-0
-0
-0
-0
24.5998
-0
-0
-0
-0
6.89198
-0
-0
-0
-0
-0
-0
-0
12.9678
-0
8.37478
-0
-0
-0
-0
54.337
-0
-0
15.4716
-0
-0
18.5356
-0
-0
-0
-0
-0
-0
49.4848
-0
-0
-0
-0
-0
-0
-0
-0
46.0843
-0
-0
-0
-0
-0
-0
-0
-0
-0
-0
-0
-0
18.1446
12.968
-0
-0
-0
-0
-0
-0
-0
37.7848
-0
-0
-0
7.81474
-0
15.5052
3.82526
-0
27.5322
-0
-0
-0
4.00772
-0
-0
-0
-0
-0
-0
8.62288
-0
-0
-0
62.5613
-0
25.2948
6.25059
-0
31.6305
-0
-0
-0
-0
-0
-0
-0
50.1365
5.80784
-0
5.99911
42.7192
25.4054
-0
-0
26.6838
3.68251
-0
2.91164
-0
27.9533
-0
-0
0.0898029
-0
-0
-0
10.2018
19.8403
-0
-0
-0
-0
-0
-0
5.67709
-0
6.20831
-0
-0
-0
-0
-0
14.1352
-0
-0
-0
11.316
23.348
-0
-0
-0
12.5557
32.655
-0
-0
-0
-0
-0
-0
-0
-0
0.661374
-0
-0
-0
-0
-0
-0
-0
2.77021
-0
-0
-0
-0
39.3722
20.7785
-0
-0
-0
-0
-0
13.341
-0
-0
-0
-0
-0
-0
-0
-0
-0
-0
38.3553
-0
33.271
-0
-0
5.49517
24.0568
20.4731
-0
8.23702
-0
-0
-0
-0
-0
-0
-0
-0
-0
-0
-0
-0
10.3179
2.90439
-0
-0
-0
-0
66.3998
-0
-0
-0
-0
-0
-0
-0
19.6376
-0
-0
-0
-0
-0
7.61265
44.0847
-0
2.38994
24.659
-0
-0
-0
-0
-0
25.114
-0
0.204809
-0
-0
-0
-0
-0
-0
-0
18.7129
-0
-0
-0
-0
-0
-0
-0
-0
-0
-0
-0
-0
-0
-0
-0
9.42056
36.8068
-0
-0
-0
9.43143
-0
-0
1.44275
-0
-0
-0
-0
-0
-0
-0
-0
-0
-0
2.18099
-0
-0
-0
-0
25.9641
-0
-0
-0
-0
-0
-0
13.758
-0
-0
8.43203
-0
-0
-0
-0
-0
3.67419
-0
-0
-0
-0
-0
-0
-0
-0
-0
-0
-0
-0
-0
-0
7.58862
-0
-0
-0
-0
-0
-0
-0
-0
9.92725
-0
-0
-0
-0
-0
-0
-0
-0
-0
-0
-0
11.4185
-0
-0
-0
0.397971
-0
-0
-0
-0
-0
-0
9.76506
-0
-0
11.4107
-0
-0
-0
-0
-0
-0
-0
-0
-0
29.4541
-0
-0
-0
9.27481
-0
-0
-0
-0
-0
-0
-0
13.246
0.107899
-0
-0
-0
-0
-0
-0
-0
31.0874
-0
-0
-0
-0
-0
-0
-0
-0
-0
-0
36.3031
-0
-0
-0
-0
-0
-0
-0
-0
-0
-0
-0
11.2716
-0
-0
-0
-0
22.2598
-0
-0
-0
-0
-0
-0
-0
-0
-0
-0
-0
18.6442
-0
-0
-0
-0
36.6878
-0
-0
-0
-0
25.377
-0
-0
61.0349
0.470983
-0
55.3636
-0
-0
13.5857
-0
-0
46.3224
-0
-0
-0
74.833
-0
-0
-0
-0
-0
-0
6.85341
20.2881
-0
24.8612
-0
-0
-0
-0
16.4734
-0
-0
-0
28.9281
-0
14.6386
-0
-0
-0
-0
-0
-0
-0
19.3481
-0
26.9762
12.5055
-0
-0
10.5841
-0
-0
-0
-0
-0
-0
-0
-0
-0
-0
-0
5.5132
8.0512
-0
-0
-0
-0
-0
-0
-0
-0
-0
6.15352
-0
-0
-0
-0
-0
-0
-0
-0
-0
-0
-0
-0
-0
-0
34.2328
-0
-0
-0
-0
-0
-0
25.7099
-0
-0
-0
-0
-0
-0
-0
-0
-0
-0
-0
1.26204
-0
-0
-0
-0
-0
-0
-0
-0
59.5392
-0
-0
-0
-0
-0
-0
-0
-0
-0
-0
-0
-0
-0
-0
-0
8.155
-0
-0
-0
-0
-0
-0
-0
25.3956
-0
-0
-0
-0
-0
-0
14.1985
-0
6.09976
-0
-0
-0
-0
-0
74.3652
-0
-0
-0
-0
-0
-0
-0
-0
22.374
-0
-0
-0
-0
-0
14.6044
3.78965
-0
-0
-0
-0
-0
-0
-0
-0
-0
-0
-0
-0
13.2777
10.548
-0
35.7697
-0
-0
-0
-0
-0
-0
-0
1.15799
38.1735
-0
-0
-0
-0
-0
-0
-0
-0
-0
-0
-0
-0
-0
-0
-0
-0
-0
-0
-0
-0
11.1533
-0
-0
-0
-0
-0
-0
12.2795
0.632511
-0
-0
24.7337
-0
7.65736
-0
29.2095
-0
-0
-0
9.85309
-0
-0
-0
-0
-0
-0
-0
29.3943
-0
4.22284
-0
-0
-0
-0
-0
-0
71.1001
19.6533
-0
-0
-0
4.41212
-0
-0
-0
-0
-0
4.92587
-0
6.58843
-0
-0
-0
-0
-0
-0
-0
-0
26.0319
-0
4.1066
-0
28.1553
3.91599
-0
59.5993
33.1325
-0
-0
21.9031
-0
-0
33.2523
1.82003
2.24613
-0
-0
-0
-0
-0
-0
-0
-0
-0
-0
-0
-0
-0
-0
24.0178
-0
-0
-0
18.8908
-0
-0
-0
-0
-0
-0
4.02463
2.31016
-0
-0
2.9192
-0
45.0134
-0
-0
-0
-0
-0
62.2151
-0
-0
-0
-0
14.7787
-0
-0
20.4113
-0
-0
-0
7.9405
-0
16.755
11.4227
-0
-0
-0
-0
-0
-0
-0
-0
-0
-0
24.8801
37.859
-0
-0
21.171
-0
2.50699
-0
63.2854
-0
27.6441
-0
-0
0.210977
23.3017
-0
-0
5.51224
-0
16.2249
-0
1.44892
-0
-0
-0
-0
-0
-0
-0
-0
17.3923
-0
-0
9.05742
38.263
-0
-0
50.8135
-0
-0
-0
4.61575
20.0001
-0
-0
-0
-0
-0
47.8424
1.92044
-0
-0
-0
-0
-0
-0
-0
-0
-0
12.4566
-0
-0
22.001
-0
-0
-0
-0
32.1183
-0
-0
1.67586
-0
-0
38.3347
-0
-0
-0
-0
-0
-0
-0
-0
-0
-0
-0
0.764671
-0
-0
-0
-0
-0
-0
5.50518
-0
18.1796
-0
-0
0.984558
-0
38.1771
-0
-0
-0
-0
-0
-0
-0
-0
-0
-0
-0
-0
9.87208
-0
-0
-0
-0
17.7918
-0
51.921
-0
-0
-0
29.0048
-0
15.4718
-0
14.5591
-0
27.5578
-0
-0
3.27301
-0
-0
-0
-0
-0
4.09184
-0
-0
-0
24.1711
-0
4.48228
43.2143
-0
-0
10.013
-0
-0
13.4092
-0
-0
-0
61.0578
0.0774837
-0
-0
-0
-0
-0
-0
25.1013
11.5467
-0
13.0124
-0
-0
-0
-0
-0
-0
13.1513
-0
1.66215
-0
-0
-0
-0
25.1904
-0
20.601
-0
-0
2.85513
-0
-0
-0
-0
-0
-0
-0
25.7322
-0
43.8452
-0
-0
-0
-0
-0
-0
-0
21.4708
4.41632
-0
-0
-0
7.3052
-0
-0
-0
-0
-0
-0
18.7367
-0
-0
-0
-0
-0
-0
-0
-0
-0
-0
22.7051
-0
-0
-0
-0
-0
-0
-0
-0
-0
14.1072
-0
-0
-0
-0
-0
-0
-0
-0
-0
-0
21.1507
-0
-0
-0
-0
-0
24.3126
-0
-0
1.12756
-0
0.246713
-0
-0
74.8251
-0
-0
-0
-0
-0
-0
-0
-0
-0
-0
-0
-0
-0
-0
-0
-0
13.5827
-0
-0
-0
-0
-0
-0
21.4027
-0
-0
-0
-0
1.2936
1.06423
-0
13.7682
-0
-0
9.98483
-0
-0
-0
3.354
-0
-0
15.3603
-0
-0
-0
-0
-0
-0
1.35357
-0
1.652
-0
-0
-0
-0
-0
-0
3.31487
-0
-0
-0
-0
-0
-0
-0
-0
-0
-0
12.2117
6.43279
-0
-0
-0
-0
-0
-0
-0
-0
-0
-0
-0
8.48072
-0
-0
-0
-0
-0
-0
-0
-0
-0
9.21209
2.09616
-0
-0
-0
-0
1.84454
-0
-0
2.53621
-0
-0
-0
-0
-0
2.96786
-0
37.2441
-0
-0
6.22514
-0
-0
-0
-0
4.38181
-0
0.0242527
-0
-0
-0
-0
32.4517
-0
3.34935
-0
-0
0.417139
5.3691
-0
34.2593
-0
-0
-0
2.33663
-0
-0
31.1756
-0
-0
-0
12.8883
31.3285
-0
-0
-0
-0
4.38956
-0
8.53799
-0
7.00711
4.15794
-0
-0
-0
-0
-0
-0
-0
-0
7.58753
-0
-0
-0
-0
21.1888
8.58783
-0
-0
-0
-0
-0
-0
-0
13.4036
-0
-0
-0
12.6141
-0
-0
-0
-0
-0
-0
4.10628
23.8005
-0
-0
-0
-0
-0
-0
-0
-0
-0
-0
-0
-0
-0
-0
-0
-0
-0
115.89
1.19097
6.38769
-0
-0
-0
-0
-0
-0
-0
-0
27.2602
-0
-0
-0
-0
-0
-0
0.991651
-0
-0
-0
-0
-0
-0
6.66049
-0
-0
-0
-0
20.4797
-0
-0
5.35356
-0
28.2768
-0
-0
-0
-0
-0
30.3407
-0
-0
-0
-0
-0
-0
40.0151
-0
-0
-0
-0
-0
-0
7.34646
-0
-0
-0
2.05585
-0
-0
-0
-0
-0
-0
-0
-0
33.1361
-0
54.6318
-0
-0
-0
-0
0.13738
-0
3.2127
12.3447
2.07598
-0
-0
-0
33.8024
-0
49.6954
-0
-0
-0
-0
-0
-0
43.6315
-0
-0
-0
-0
-0
4.15301
-0
-0
-0
-0
-0
-0
-0
-0
-0
-0
-0
-0
-0
-0
-0
-0
8.04034
-0
5.48927
-0
-0
-0
-0
-0
16.0519
-0
-0
-0
-0
-0
-0
-0
7.74718
-0
-0
-0
-0
8.66536
54.6079
-0
-0
-0
-0
-0
-0
-0
16.5248
-0
6.80707
-0
-0
-0
-0
0.75323
-0
-0
-0
-0
-0
-0
0.554243
-0
-0
-0
-0
-0
-0
-0
-0
-0
-0
-0
-0
-0
-0
-0
-0
-0
-0
-0
-0
-0
-0
-0
-0
-0
-0
-0
-0
27.7063
-0
4.75265
-0
-0
12.9824
-0
-0
-0
28.6389
-0
-0
25.6022
-0
-0
-0
-0
26.9645
-0
22.5994
-0
-0
-0
13.0635
-0
-0
-0
-0
0.118337
-0
-0
-0
-0
29.0861
-0
-0
-0
-0
-0
-0
-0
-0
-0
-0
-0
-0
6.93428
-0
-0
-0
16.3335
9.29203
-0
-0
-0
-0
21.815
-0
-0
-0
-0
-0
-0
-0
4.53659
-0
-0
-0
8.21514
-0
-0
-0
-0
-0
-0
-0
60.5455
-0
-0
-0
-0
8.63906
-0
-0
-0
-0
-0
-0
-0
-0
-0
8.81899
-0
-0
-0
-0
-0
-0
19.6037
28.1724
-0
-0
-0
-0
42.8924
-0
-0
-0
-0
-0
4.70078
18.4543
-0
-0
-0
27.2231
-0
43.7129
-0
-0
-0
22.5691
-0
23.3301
-0
-0
-0
-0
-0
-0
-0
-0
-0
-0
-0
-0
-0
-0
-0
-0
-0
-0
-0
-0
-0
-0
-0
-0
-0
-0
-0
32.4932
-0
-0
8.86341
-0
-0
-0
-0
-0
-0
66.7348
-0
-0
-0
-0
-0
-0
-0
-0
-0
-0
-0
-0
-0
-0
-0
-0
-0
-0
-0
-0
13.2786
-0
-0
38.3935
-0
7.42519
-0
44.2388
5.33322
-0
-0
21.9546
-0
-0
15.1754
-0
34.2479
-0
-0
14.6784
23.1621
-0
-0
-0
-0
-0
43.6666
-0
-0
-0
28.472
11.15
-0
-0
-0
-0
-0
-0
20.0998
-0
-0
-0
-0
28.889
-0
17.8044
15.072
-0
-0
33.509
-0
-0
-0
-0
-0
-0
-0
-0
22.1646
-0
-0
-0
-0
-0
-0
-0
-0
-0
26.6573
-0
-0
20.6509
-0
-0
-0
-0
-0
-0
-0
31.8233
-0
-0
-0
-0
27.3788
-0
-0
-0
-0
-0
-0
-0
1.38038
-0
-0
-0
-0
-0
-0
-0
-0
-0
-0
11.9108
-0
40.89
-0
18.8523
25.1602
-0
-0
30.001
-0
-0
-0
-0
-0
-0
-0
-0
-0
25.3518
1.1956
-0
-0
18.8466
-0
-0
-0
-0
-0
-0
-0
-0
-0
-0
-0
-0
-0
-0
-0
8.16587
3.7112
-0
-0
-0
-0
-0
-0
-0
-0
-0
71.9402
-0
9.98138
-0
-0
-0
-0
-0
-0
-0
-0
-0
-0
30.4027
-0
22.1893
-0
-0
-0
-0
-0
-0
-0
-0
-0
-0
27.1878
-0
-0
-0
29.6599
-0
-0
23.0109
40.3392
21.802
-0
-0
-0
-0
8.94296
2.25475
-0
2.64995
-0
-0
-0
-0
-0
-0
-0
-0
-0
-0
-0
37.3312
-0
-0
-0
-0
-0
-0
-0
-0
-0
-0
-0
-0
-0
-0
-0
-0
-0
-0
-0
27.2478
32.3623
33.6664
-0
-0
-0
7.20364
-0
-0
-0
-0
-0
-0
-0
-0
-0
-0
17.0723
35.4823
-0
5.05958
-0
-0
-0
-0
-0
-0
-0
-0
-0
-0
-0
-0
-0
-0
-0
4.61651
-0
7.33982
3.23799
-0
-0
-0
-0
-0
40.0962
-0
-0
-0
-0
-0
-0
-0
-0
-0
-0
-0
-0
-0
-0
-0
45.4662
-0
-0
-0
-0
11.4295
-0
-0
-0
-0
29.0172
-0
2.32066
-0
-0
-0
-0
-0
-0
-0
-0
-0
-0
-0
-0
-0
0.0784657
-0
-0
-0
-0
27.2941
-0
-0
-0
-0
-0
-0
2.10599
42.7855
-0
-0
-0
-0
-0
-0
-0
4.13245
-0
-0
25.0598
-0
-0
-0
-0
19.7943
-0
1.41627
3.42683
-0
-0
-0
-0
-0
13.2715
20.9891
-0
-0
-0
-0
40.7145
-0
-0
-0
-0
-0
-0
-0
-0
-0
-0
-0
-0
-0
-0
-0
-0
-0
-0
-0
37.2358
-0
20.4781
-0
-0
4.52284
-0
-0
-0
5.87228
-0
-0
-0
-0
-0
2.71921
-0
-0
-0
-0
-0
-0
-0
13.6428
-0
-0
-0
-0
-0
-0
28.7374
8.7176
-0
-0
-0
-0
-0
-0
-0
-0
-0
9.24753
-0
-0
-0
-0
-0
45.6225
-0
15.1989
-0
-0
11.0505
-0
-0
-0
9.04362
-0
-0
-0
-0
1.18958
-0
-0
-0
-0
-0
-0
20.1839
-0
-0
-0
-0
-0
-0
14.1609
-0
16.1403
35.4292
-0
-0
-0
0.194884
-0
-0
-0
-0
-0
-0
-0
1.89305
-0
8.6159
-0
11.3517
32.4678
-0
-0
-0
-0
5.42536
22.0499
-0
-0
-0
-0
59.915
-0
-0
-0
-0
4.40545
-0
-0
-0
-0
4.17783
-0
-0
-0
-0
-0
4.51929
-0
-0
-0
-0
-0
-0
11.9512
-0
-0
-0
-0
-0
4.56283
-0
14.3807
-0
-0
-0
-0
-0
-0
-0
-0
26.8716
27.1659
26.7813
-0
-0
3.85867
-0
60.4046
-0
-0
21.7232
9.42789
-0
-0
-0
-0
-0
-0
-0
-0
-0
-0
-0
-0
-0
-0
-0
11.3212
-0
-0
5.4245
-0
-0
6.06865
-0
-0
-0
-0
-0
-0
-0
-0
-0
-0
-0
-0
-0
0.950685
-0
23.0126
8.71166
14.4402
21.9089
-0
-0
-0
14.769
-0
56.6315
-0
-0
-0
-0
-0
11.0718
-0
-0
-0
-0
-0
47.0863
-0
-0
-0
3.91787
-0
7.36708
-0
-0
-0
36.577
-0
1.67295
-0
-0
-0
-0
18.5766
-0
9.3047
-0
-0
-0
-0
34.1976
-0
-0
-0
27.4146
-0
24.9282
-0
-0
-0
-0
-0
-0
-0
6.05682
-0
-0
-0
-0
2.55831
37.0285
-0
-0
-0
-0
-0
63.006
-0
67.1353
-0
11.5177
-0
-0
-0
-0
-0
2.42859
-0
-0
-0
-0
24.3307
-0
-0
-0
-0
15.4931
-0
-0
-0
-0
2.06897
-0
-0
-0
-0
-0
-0
23.2333
28.9576
-0
0.0775993
-0
-0
-0
-0
-0
-0
-0
-0
-0
-0
0.0218179
-0
9.78358
-0
-0
-0
-0
-0
-0
-0
7.22766
26.581
-0
-0
-0
-0
-0
-0
-0
-0
-0
-0
28.7803
-0
-0
-0
-0
-0
-0
-0
-0
-0
-0
-0
-0
-0
-0
-0
-0
-0
-0
3.05865
1.11583
37.0232
-0
-0
-0
2.32413
-0
15.0308
-0
-0
-0
6.40012
-0
-0
-0
-0
-0
-0
-0
-0
42.3898
-0
26.5097
-0
-0
44.0162
-0
-0
-0
-0
-0
-0
0.0276339
-0
-0
-0
2.63891
-0
-0
-0
18.1123
-0
-0
37.4579
-0
-0
33.6443
1.74014
-0
-0
-0
-0
-0
-0
-0
-0
7.87372
-0
-0
-0
-0
-0
-0
-0
-0
-0
-0
-0
-0
-0
-0
42.37
-0
7.93335
-0
-0
-0
-0
-0
-0
-0
-0
-0
-0
-0
9.7294
-0
-0
72.2117
-0
-0
-0
-0
-0
-0
-0
-0
6.11486
-0
-0
-0
-0
37.407
-0
-0
-0
-0
26.374
-0
22.9658
-0
-0
-0
-0
78.6637
-0
-0
-0
3.31524
-0
-0
-0
-0
-0
-0
30.6891
-0
-0
39.4005
13.7701
-0
-0
-0
-0
-0
-0
6.99124
-0
-0
66.7874
-0
-0
25.2572
9.09466
-0
-0
-0
-0
-0
-0
-0
37.1244
-0
6.23764
-0
-0
-0
21.1631
20.067
-0
-0
-0
-0
13.7989
5.81388
9.75398
-0
-0
-0
-0
-0
5.16283
-0
-0
-0
-0
13.9717
-0
-0
30.0431
-0
-0
-0
-0
-0
-0
-0
-0
-0
-0
-0
-0
-0
27.9624
-0
-0
-0
-0
-0
-0
14.8636
-0
-0
31.2196
-0
-0
-0
8.71878
-0
-0
-0
-0
-0
-0
-0
-0
-0
-0
-0
-0
-0
-0
17.159
-0
-0
10.6072
-0
8.6759
23.5211
3.24892
-0
-0
-0
-0
-0
-0
-0
13.7083
-0
-0
45.4836
-0
28.9657
-0
-0
29.223
-0
-0
-0
-0
-0
33.1695
50.224
11.1349
-0
-0
-0
-0
-0
36.3796
-0
-0
-0
15.8404
-0
-0
30.022
-0
-0
-0
-0
61.174
-0
-0
-0
-0
-0
-0
-0
-0
-0
-0
-0
-0
45.2452
47.1833
-0
-0
-0
13.5787
-0
-0
-0
-0
-0
-0
-0
-0
29.2839
48.7033
-0
-0
-0
-0
-0
-0
-0
-0
-0
-0
-0
-0
18.1489
-0
-0
16.5415
-0
-0
-0
-0
-0
-0
-0
-0
13.1141
-0
-0
-0
21.8755
-0
-0
-0
-0
-0
-0
-0
-0
-0
30.6749
-0
28.5974
-0
29.1038
-0
-0
-0
-0
22.5407
-0
-0
-0
-0
-0
37.2763
-0
-0
49.3244
-0
-0
-0
-0
-0
1.17112
3.2314
-0
35.0003
-0
-0
4.49632
-0
-0
-0
-0
-0
-0
33.6229
-0
-0
-0
-0
-0
-0
-0
-0
-0
-0
-0
-0
-0
-0
7.13178
26.8943
-0
-0
-0
-0
23.7171
-0
-0
-0
8.10912
-0
-0
-0
-0
-0
21.2447
24.1167
-0
-0
-0
-0
-0
-0
-0
-0
-0
-0
-0
-0
-0
-0
0.61444
29.89
-0
-0
-0
-0
-0
-0
-0
29.2934
-0
-0
-0
-0
55.492
-0
35.6653
5.598
-0
-0
-0
1.59243
32.314
-0
-0
37.8537
35.4694
2.24869
44.5988
-0
-0
-0
8.70411
-0
1.48067
-0
3.73248
-0
-0
-0
-0
-0
-0
-0
-0
-0
-0
-0
0.961113
-0
-0
29.5096
-0
-0
-0
-0
-0
8.20189
-0
-0
-0
-0
-0
5.64141
-0
-0
-0
-0
36.5103
-0
-0
-0
0.257733
26.9185
-0
-0
-0
-0
-0
-0
7.23711
26.2038
-0
31.2955
-0
-0
-0
-0
-0
8.62553
33.722
-0
-0
-0
45.6544
-0
-0
-0
20.1438
-0
-0
-0
22.0536
-0
-0
-0
-0
