0.796983
-0
-0
-0
-0
21.3358
-0
-0
8.6649
-0
41.464
-0
-0
-0
-0
2.78139
-0
-0
4.77315
-0
-0
-0
-0
14.5098
29.5563
-0
-0
-0
-0
-0
-0
-0
-0
0.132776
0.92074
-0
-0
-0
-0
-0
-0
-0
-0
5.88594
-0
12.6457
-0
22.2359
-0
22.1253
-0
-0
-0
-0
-0
-0
-0
1.82828
17.5079
-0
-0
-0
24.7476
-0
-0
-0
-0
23.2846
-0
0.385264
-0
-0
-0
-0
-0
2.67977
10.5439
-0
-0
-0
-0
30.7811
-0
14.6557
-0
-0
-0
23.3563
-0
-0
-0
0.0458108
-0
-0
11.6487
-0
11.6237
-0
-0
-0
-0
-0
-0
2.66124
4.29338
-0
29.5471
-0
-0
8.30578
-0
-0
-0
-0
-0
24.057
-0
-0
36.7406
25.5029
-0
-0
4.58376
-0
45.9461
-0
-0
2.19886
-0
-0
-0
-0
27.973
-0
-0
-0
16.5781
-0
-0
2.647
-0
-0
-0
-0
19.6641
-0
-0
-0
-0
-0
-0
-0
-0
-0
-0
-0
-0
-0
-0
-0
-0
0.12777
-0
35.4886
5.35826
-0
4.74785
-0
-0
8.00546
3.01018
5.31825
-0
-0
-0
-0
-0
-0
-0
-0
5.67113
-0
-0
-0
-0
29.7841
-0
-0
27.4501
14.5107
-0
59.2785
29.0993
47.0348
-0
-0
-0
-0
-0
-0
-0
-0
-0
-0
-0
-0
6.7908
-0
-0
-0
-0
-0
-0
-0
-0
10.3938
-0
-0
-0
-0
8.06747
-0
-0
21.8006
-0
-0
-0
-0
-0
-0
-0
-0
-0
-0
-0
-0
-0
-0
-0
-0
-0
-0
-0
-0
-0
-0
15.1712
-0
-0
-0
-0
-0
-0
-0
16.0698
-0
-0
9.21002
-0
-0
-0
-0
-0
-0
-0
-0
-0
-0
-0
-0
-0
-0
29.1408
5.48827
-0
-0
-0
-0
-0
-0
-0
4.61145
-0
1.85542
-0
-0
-0
9.5161
-0
-0
-0
-0
0.907252
-0
11.8193
-0
-0
-0
3.9366
32.0873
-0
-0
3.79495
-0
24.3248
16.4573
-0
-0
61.303
-0
0.836146
-0
-0
-0
11.722
1.42357
-0
-0
-0
-0
-0
-0
-0
5.84635
22.9428
-0
-0
-0
-0
28.9114
-0
-0
21.4619
0.550779
-0
-0
-0
3.03536
-0
10.7817
8.25048
-0
-0
37.233
-0
-0
-0
-0
14.9714
-0
-0
-0
-0
-0
23.4097
-0
-0
-0
-0
-0
1.34977
-0
-0
27.6045
-0
0.766094
-0
-0
19.9546
-0
-0
-0
0.0761431
59.1777
-0
0.633428
2.78013
1.32644
9.16709
-0
-0
-0
-0
-0
-0
-0
-0
-0
-0
-0
8.4435
4.94801
-0
-0
-0
21.604
-0
-0
-0
26.801
-0
10.9592
-0
-0
31.3987
-0
-0
-0
-0
-0
-0
-0
-0
-0
27.6229
-0
-0
-0
-0
-0
11.2932
-0
-0
-0
-0
1.71809
12.768
16.4279
67.559
32.5427
-0
43.8943
28.7003
-0
-0
-0
43.2329
-0
-0
-0
-0
5.263
-0
-0
0.975409
-0
-0
-0
-0
-0
34.7353
31.4811
-0
-0
16.4164
20.5564
-0
-0
-0
-0
-0
-0
-0
-0
-0
11.3326
-0
-0
-0
-0
14.6956
-0
-0
-0
-0
-0
-0
-0
-0
-0
-0
-0
-0
19.5021
-0
-0
-0
0.506979
-0
-0
45.7151
-0
5.6012
-0
8.51773
-0
13.7365
-0
-0
-0
-0
-0
-0
-0
-0
-0
42.9648
-0
-0
-0
-0
-0
-0
-0
-0
-0
-0
24.4169
11.4647
-0
-0
-0
-0
40.6569
-0
-0
5.66294
-0
6.38921
-0
-0
-0
-0
-0
48.3773
-0
13.2746
-0
0.859949
-0
-0
-0
-0
-0
-0
-0
10.9368
8.7116
12.5823
1.29248
-0
-0
-0
-0
41.2592
-0
-0
-0
44.2914
19.3314
-0
-0
27.5864
-0
-0
-0
-0
-0
-0
24.1691
-0
25.3467
22.9119
11.7807
10.0425
-0
-0
-0
60.8464
1.43989
-0
-0
-0
24.5389
-0
-0
-0
-0
39.4124
45.7849
-0
-0
-0
-0
-0
-0
-0
29.2601
-0
5.01614
24.4837
-0
-0
-0
-0
-0
-0
-0
-0
21.5987
-0
-0
12.9167
-0
-0
-0
16.6666
7.02679
-0
-0
10.3546
-0
-0
21.9784
-0
-0
-0
-0
-0
-0
-0
4.32439
-0
-0
-0
-0
-0
-0
-0
-0
-0
-0
-0
-0
-0
-0
-0
-0
-0
-0
-0
-0
24.1331
-0
22.8929
-0
-0
-0
-0
-0
-0
-0
38.2246
-0
-0
47.8356
-0
-0
-0
-0
-0
-0
-0
-0
-0
10.2193
-0
-0
-0
25.419
6.94272
6.92572
7.13663
-0
-0
1.30398
-0
-0
-0
-0
-0
-0
15.9549
13.7625
-0
-0
-0
-0
-0
-0
8.29316
-0
-0
-0
55.6695
-0
-0
-0
-0
-0
-0
11.1501
-0
-0
-0
-0
12.2836
-0
-0
-0
-0
-0
16.2626
-0
-0
-0
-0
-0
25.7235
-0
11.8006
5.19359
-0
9.57888
-0
-0
-0
1.73343
-0
-0
-0
-0
-0
-0
-0
-0
-0
-0
23.3898
39.5654
22.6297
-0
-0
-0
-0
-0
-0
3.7091
28.3468
-0
-0
-0
-0
2.598
-0
20.4704
37.1959
-0
-0
19.3795
-0
-0
-0
-0
-0
-0
-0
-0
-0
37.4829
-0
2.07812
-0
-0
-0
-0
28.7387
69.3544
21.2961
-0
-0
-0
-0
-0
2.27972
-0
-0
-0
-0
-0
-0
-0
14.3909
-0
-0
9.94745
-0
9.67257
-0
-0
-0
-0
-0
-0
-0
27.8593
-0
8.44764
-0
30.948
-0
-0
-0
-0
-0
-0
-0
4.03728
-0
13.6652
19.4322
-0
-0
-0
-0
-0
-0
46.1582
-0
-0
4.81316
-0
-0
-0
-0
-0
-0
10.8218
-0
9.93423
-0
-0
35.6027
27.06
-0
-0
18.1806
-0
-0
-0
-0
-0
-0
18.0654
24.9352
-0
-0
-0
-0
-0
-0
-0
-0
-0
-0
39.2068
-0
-0
-0
-0
0.535146
2.57466
-0
-0
-0
10.9159
26.6617
-0
25.5365
18.3446
-0
-0
20.8292
7.44054
-0
-0
-0
-0
-0
35.2106
-0
2.21346
-0
-0
12.9922
-0
-0
-0
-0
-0
21.8332
9.37297
-0
-0
-0
-0
0.144738
28.51
-0
33.2869
11.4496
-0
-0
10.7078
6.14524
-0
9.4025
25.7659
-0
-0
-0
30.9592
7.66902
-0
-0
-0
19.1681
-0
-0
21.8176
21.0927
-0
-0
6.47031
-0
-0
-0
-0
-0
-0
-0
-0
4.90677
5.97127
2.57782
-0
-0
0.252022
-0
-0
-0
-0
-0
6.01694
-0
-0
-0
-0
-0
77.8346
-0
6.02476
-0
29.0782
-0
-0
-0
4.71365
-0
-0
-0
-0
-0
-0
-0
-0
-0
-0
-0
-0
-0
14.5998
-0
-0
-0
54.3758
8.29286
-0
-0
22.9385
-0
-0
-0
17.0277
-0
-0
-0
25.6714
-0
-0
27.6125
-0
-0
-0
-0
11.2014
-0
-0
-0
-0
-0
-0
16.4177
-0
-0
-0
-0
0.328422
-0
-0
-0
-0
-0
-0
-0
-0
-0
-0
-0
2.0678
17.1723
-0
-0
-0
52.0861
-0
-0
-0
29.7677
-0
-0
-0
4.79464
11.0383
-0
-0
29.7237
-0
-0
-0
-0
-0
17.7889
-0
-0
15.3973
-0
-0
-0
-0
-0
-0
-0
-0
36.5177
16.438
-0
-0
-0
-0
-0
-0
-0
-0
-0
-0
-0
-0
30.8177
-0
-0
-0
-0
-0
-0
-0
-0
-0
-0
-0
-0
-0
3.51971
-0
-0
-0
-0
-0
-0
-0
-0
39.827
-0
13.643
-0
-0
-0
-0
8.32775
-0
-0
6.36604
-0
-0
-0
-0
-0
-0
-0
14.858
-0
7.91261
-0
8.4872
-0
-0
-0
-0
-0
-0
-0
-0
-0
-0
17.5786
-0
-0
-0
-0
41.1285
-0
-0
-0
-0
-0
-0
-0
-0
-0
16.5215
-0
0.541422
-0
-0
4.05045
20.9622
-0
-0
-0
-0
-0
-0
-0
-0
-0
-0
-0
-0
-0
-0
-0
25.953
44.7706
22.5611
-0
-0
-0
-0
-0
-0
-0
-0
-0
-0
-0
-0
-0
4.00884
-0
-0
-0
-0
2.19112
14.0457
-0
-0
-0
-0
-0
-0
-0
-0
-0
0.311891
-0
6.16063
-0
-0
29.4069
-0
-0
-0
-0
-0
-0
31.7509
-0
-0
9.25178
30.212
-0
45.9325
-0
-0
-0
-0
-0
-0
33.8019
-0
-0
-0
-0
-0
-0
-0
-0
26.658
-0
23.7003
-0
-0
-0
-0
-0
-0
12.8249
-0
-0
-0
3.99076
23.0092
-0
-0
-0
11.3417
-0
-0
-0
58.1173
-0
-0
-0
-0
-0
-0
-0
-0
4.13653
-0
-0
-0
-0
-0
-0
-0
-0
-0
-0
3.92019
-0
-0
-0
50.4685
-0
37.7749
5.27792
-0
5.69613
-0
-0
-0
-0
-0
-0
-0
10.1271
43.9463
-0
0.391099
21.9396
23.1359
-0
-0
40.04
-0
-0
-0
2.0494
15.2179
-0
-0
0.796648
-0
-0
-0
-0
-0
14.5999
-0
-0
2.09814
-0
-0
12.274
-0
12.4681
-0
-0
-0
-0
-0
23.8445
-0
-0
-0
5.74227
39.3581
-0
-0
-0
-0
17.4699
-0
-0
-0
-0
-0
-0
-0
-0
-0
-0
11.7482
-0
-0
-0
-0
-0
-0
-0
-0
-0
-0
22.092
39.217
-0
-0
-0
-0
-0
7.75245
4.39737
-0
-0
-0
6.02274
-0
-0
-0
-0
-0
28.5972
-0
48.3843
27.345
-0
-0
-0
2.80326
-0
9.00784
-0
-0
-0
-0
9.8084
-0
-0
-0
-0
-0
-0
-0
20.8033
-0
-0
14.6075
-0
-0
39.7907
-0
-0
-0
-0
-0
-0
-0
3.06346
-0
-0
-0
-0
-0
-0
25.4829
-0
2.18593
26.5215
-0
-0
8.24073
-0
1.40283
-0
-0
-0
-0
0.781181
-0
-0
-0
2.69423
-0
-0
-0
-0
-0
-0
-0
-0
-0
-0
-0
-0
-0
-0
-0
-0
-0
-0
9.56856
-0
-0
-0
-0
-0
-0
-0
-0
-0
-0
-0
-0
-0
-0
-0
-0
-0
-0
15.468
-0
-0
6.14698
20.5025
5.70798
-0
-0
-0
-0
-0
-0
-0
-0
-0
-0
-0
-0
-0
-0
4.48155
-0
-0
-0
-0
-0
-0
-0
-0
-0
-0
-0
-0
-0
-0
21.0532
-0
-0
-0
-0
38.1753
-0
-0
-0
32.4828
-0
-0
-0
-0
-0
-0
-0
-0
-0
-0
-0
-0
-0
-0
-0
0.936995
13.3463
-0
-0
-0
-0
-0
-0
-0
-0
26.1248
-0
-0
-0
-0
-0
-0
-0
-0
-0
-0
-0
-0
2.11528
-0
-0
-0
-0
-0
-0
-0
5.46221
-0
18.5798
-0
-0
3.6102
3.45824
-0
7.07902
-0
32.4213
-0
-0
-0
-0
5.11722
-0
-0
-0
-0
-0
-0
-0
-0
-0
-0
-0
-0
24.0019
-0
-0
-0
-0
-0
-0
12.4664
4.05164
-0
43.977
-0
-0
-0
-0
-0
-0
-0
-0
-0
3.8811
-0
20.0753
20.1194
-0
-0
-0
57.2617
-0
-0
4.93013
-0
-0
-0
-0
34.3495
-0
-0
47.9769
-0
-0
29.9163
2.81462
-0
37.4228
-0
-0
-0
44.4049
-0
-0
-0
-0
-0
-0
-0
33.8298
12.0676
29.5625
-0
-0
-0
-0
7.11954
-0
-0
-0
33.5
-0
24.9106
-0
-0
-0
-0
3.03826
-0
-0
4.81602
-0
-0
9.30298
-0
-0
36.5484
-0
-0
-0
-0
-0
-0
-0
-0
26.0189
-0
-0
11.2062
-0
-0
-0
-0
-0
-0
-0
-0
-0
-0
10.7595
-0
0.091701
-0
-0
-0
-0
-0
-0
-0
-0
0.674342
-0
-0
-0
10.2289
-0
-0
-0
-0
-0
-0
66.2141
-0
-0
-0
-0
-0
-0
36.7596
-0
-0
-0
-0
11.8017
-0
-0
10.739
-0
-0
-0
-0
-0
23.1655
-0
-0
-0
-0
-0
-0
-0
-0
-0
-0
4.2259
-0
9.24809
-0
-0
2.37357
-0
-0
-0
-0
-0
-0
-0
36.6027
-0
-0
2.75755
-0
-0
-0
-0
-0
20.4434
-0
-0
-0
-0
0.722502
32.3145
-0
-0
-0
19.9058
-0
-0
-0
-0
16.2682
-0
-0
3.56824
-0
-0
11.8968
-0
-0
-0
-0
-0
-0
-0
-0
-0
-0
-0
-0
-0
24.0211
14.508
-0
24.9523
-0
-0
-0
-0
-0
-0
-0
-0
16.4733
-0
-0
-0
-0
-0
-0
-0
-0
-0
-0
-0
-0
-0
-0
-0
-0
0.106903
-0
-0
-0
-0
-0
-0
-0
-0
-0
-0
6.33788
-0
-0
-0
18.7887
-0
12.4767
4.58189
18.5762
-0
-0
-0
18.8565
-0
-0
-0
-0
-0
-0
-0
23.4512
-0
-0
-0
5.54858
-0
-0
-0
-0
14.3182
5.69887
-0
-0
-0
19.679
-0
-0
-0
-0
-0
7.42094
-0
32.1216
-0
-0
-0
-0
37.8066
5.17884
-0
-0
-0
27.0121
-0
-0
52.2009
-0
0.750419
70.8002
54.2863
17.4685
-0
37.8244
-0
-0
23.3389
14.5067
1.55932
-0
-0
-0
-0
-0
-0
-0
-0
-0
-0
-0
-0
2.09164
-0
8.48942
-0
-0
-0
20.6519
3.48779
-0
-0
-0
-0
-0
3.40783
-0
-0
-0
26.5859
-0
25.6698
-0
-0
-0
-0
-0
18.1005
-0
-0
-0
-0
-0
2.02411
-0
28.5818
9.33161
-0
24.0021
37.419
15.7309
38.1665
40.4926
-0
-0
-0
-0
13.5804
-0
-0
-0
-0
-0
28.1133
38.79
-0
-0
20.8915
-0
1.21416
-0
68.2099
-0
9.3229
-0
-0
0.375111
-0
-0
-0
7.17829
-0
2.62254
-0
-0
-0
-0
-0
-0
-0
7.45276
16.4821
-0
-0
-0
24.1531
4.16207
25.038
29.1322
-0
11.0614
-0
-0
-0
3.8815
19.1507
-0
-0
3.00017
-0
-0
24.9831
19.8157
-0
-0
-0
1.75113
-0
11.7313
-0
-0
-0
-0
-0
-0
10.3562
-0
-0
-0
-0
35.321
-0
-0
1.86054
14.3137
-0
21.7635
-0
-0
-0
-0
-0
-0
-0
-0
-0
-0
-0
-0
-0
-0
-0
-0
-0
-0
4.00439
-0
-0
-0
-0
-0
-0
14.3639
-0
7.20352
-0
-0
-0
-0
-0
-0
-0
-0
-0
-0
38.1407
-0
-0
-0
-0
25.3595
-0
7.55994
-0
-0
-0
29.4072
-0
17.6229
-0
15.103
-0
20.2827
-0
-0
26.6749
-0
-0
-0
11.0949
-0
-0
-0
-0
23.0336
27.9895
-0
-0
23.2554
-0
-0
26.2927
-0
-0
-0
-0
-0
-0
-0
1.95339
-0
-0
-0
-0
-0
-0
22.0209
-0
-0
26.8681
-0
-0
-0
18.1077
-0
-0
7.11773
-0
25.9571
17.3774
-0
-0
-0
14.8981
-0
17.276
-0
-0
7.12492
-0
-0
-0
-0
-0
-0
20.4204
14.8018
-0
43.3757
-0
-0
8.33508
8.66986
-0
11.5656
-0
-0
3.14934
-0
-0
-0
10.6479
7.75843
-0
-0
-0
-0
-0
38.2657
-0
-0
-0
-0
-0
-0
-0
1.97424
-0
-0
-0
-0
16.0728
-0
-0
-0
-0
29.9447
-0
-0
-0
-0
-0
-0
-0
-0
-0
-0
-0
-0
-0
34.7652
-0
-0
-0
4.7743
-0
28.766
3.5574
-0
2.12942
-0
-0
-0
-0
68.3823
-0
-0
-0
-0
-0
-0
-0
-0
-0
-0
-0
-0
-0
-0
6.25522
-0
14.0707
-0
-0
-0
-0
-0
3.23528
27.9218
-0
-0
-0
-0
3.84689
-0
-0
25.3002
-0
-0
13.8029
-0
-0
-0
3.32566
-0
5.46759
9.24798
-0
-0
-0
-0
-0
-0
26.3724
-0
-0
4.02853
-0
-0
-0
1.8252
-0
10.5921
-0
-0
-0
-0
-0
-0
-0
-0
-0
-0
15.5734
43.1468
1.74793
-0
1.27569
9.371
-0
20.5165
-0
-0
-0
-0
-0
16.1786
-0
-0
-0
-0
-0
1.56092
-0
-0
-0
-0
0.503388
-0
-0
-0
-0
0.742826
-0
-0
13.6846
-0
-0
-0
-0
-0
-0
-0
34.7776
0.955706
-0
-0
5.74892
-0
-0
-0
1.97706
-0
1.6843
-0
-0
-0
-0
48.2291
5.22911
10.8121
-0
-0
-0
13.9422
7.6272
35.462
-0
-0
-0
-0
-0
26.0226
42.2092
-0
-0
-0
24.8187
5.52093
-0
-0
-0
-0
9.64584
-0
29.8252
-0
-0
27.3973
-0
-0
-0
-0
-0
-0
-0
-0
21.5631
-0
30.7639
-0
-0
15.8155
18.5952
-0
-0
-0
-0
16.5912
-0
-0
19.6724
-0
-0
-0
38.8861
-0
-0
-0
-0
-0
-0
12.0989
17.2167
-0
-0
-0
-0
-0
-0
-0
-0
-0
-0
-0
-0
-0
-0
-0
-0
3.32756
98.8413
0.967392
24.0437
-0
-0
-0
-0
-0
-0
-0
-0
24.9328
-0
-0
-0
-0
-0
-0
1.1025
-0
-0
-0
-0
-0
3.10825
0.24546
-0
10.153
-0
-0
10.0265
-0
-0
-0
-0
12.5108
-0
-0
3.6704
-0
-0
5.76722
-0
-0
-0
-0
-0
-0
36.5556
-0
-0
-0
-0
-0
-0
6.08777
-0
-0
-0
-0
1.32183
-0
-0
-0
-0
-0
16.0276
8.15669
22.282
-0
43.6525
-0
-0
-0
-0
0.0953885
11.7211
-0
-0
6.19019
-0
-0
-0
33.5023
1.67335
31.3089
-0
-0
-0
-0
2.16467
6.06103
21.1514
-0
-0
-0
-0
-0
25.8976
-0
-0
-0
-0
-0
-0
-0
-0
8.87956
-0
-0
-0
-0
-0
-0
-0
-0
-0
12.9976
-0
-0
-0
-0
-0
-0
-0
-0
-0
-0
-0
-0
-0
42.2939
4.04399
-0
-0
-0
34.1233
47.7652
12.3292
-0
-0
-0
-0
-0
-0
-0
-0
5.75316
-0
3.09304
-0
-0
-0
-0
-0
-0
-0
-0
-0
-0
-0
-0
-0
-0
20.6109
-0
-0
-0
-0
-0
-0
-0
-0
-0
-0
-0
-0
-0
-0
-0
-0
9.01524
-0
-0
5.13647
-0
-0
-0
20.7437
-0
42.7728
-0
16.2964
20.1396
-0
-0
-0
17.2515
9.52446
-0
-0
-0
-0
13.0849
-0
44.1004
-0
37.0004
-0
-0
-0
10.0799
-0
-0
-0
-0
27.4392
-0
-0
-0
-0
30.3336
-0
-0
-0
-0
-0
-0
-0
-0
-0
-0
-0
-0
4.52451
-0
-0
-0
4.73627
28.688
-0
-0
-0
-0
-0
-0
-0
-0
-0
-0
-0
-0
-0
-0
31.697
-0
22.8114
-0
-0
-0
-0
-0
-0
-0
30.7748
-0
22.3026
-0
-0
6.23224
3.17034
-0
-0
-0
-0
-0
-0
-0
-0
4.08622
19.8017
-0
15.1222
-0
-0
2.79113
2.08673
5.51464
-0
-0
-0
-0
23.4352
-0
-0
-0
-0
-0
8.62648
32.071
-0
1.5656
-0
22.6091
-0
35.7131
-0
10.0358
-0
9.88799
-0
-0
-0
-0
-0
-0
-0
-0
-0
-0
-0
-0
4.83713
-0
-0
-0
-0
-0
-0
-0
12.5493
-0
-0
-0
-0
-0
-0
-0
-0
23.8058
-0
-0
-0
-0
-0
-0
-0
-0
28.6794
48.8954
-0
-0
-0
-0
-0
-0
-0
-0
-0
-0
-0
-0
-0
-0
-0
-0
-0
-0
-0
-0
10.4565
-0
2.61781
46.4523
-0
-0
9.23594
16.5997
62.3467
-0
-0
17.7989
11.1897
-0
40.0322
-0
-0
-0
-0
-0
14.343
8.83934
-0
-0
-0
-0
4.59928
-0
-0
-0
0.425497
32.4598
-0
-0
-0
-0
-0
-0
47.2598
4.20274
-0
-0
19.1057
36.6414
-0
1.98076
42.8818
-0
-0
24.3516
-0
-0
35.2043
-0
-0
-0
-0
-0
-0
-0
-0
-0
-0
-0
-0
-0
-0
-0
11.6575
-0
-0
0.490301
-0
-0
-0
-0
-0
-0
-0
-0
-0
-0
-0
-0
32.2509
-0
-0
8.51296
4.29809
-0
6.00197
-0
9.58933
-0
-0
-0
-0
-0
-0
-0
47.5402
-0
-0
48.8788
-0
31.7908
-0
15.6611
2.05787
3.21415
-0
12.4612
-0
-0
-0
-0
-0
-0
-0
-0
-0
7.53176
-0
-0
-0
-0
-0
-0
-0
-0
-0
-0
-0
-0
-0
-0
-0
31.2902
-0
17.331
2.78535
8.87701
26.0951
3.51656
-0
-0
5.44153
-0
-0
3.9286
-0
-0
14.195
-0
-0
1.12661
-0
-0
10.8349
-0
-0
-0
-0
-0
-0
72.8887
-0
-0
-0
-0
-0
8.57064
-0
-0
-0
-0
-0
-0
30.9594
5.84192
-0
-0
9.25852
-0
-0
28.7403
25.9397
11.5066
-0
-0
-0
11.5747
-0
1.77564
-0
18.0682
-0
-0
-0
-0
-0
-0
-0
-0
-0
-0
-0
-0
-0
-0
-0
-0
-0
-0
-0
-0
-0
-0
-0
-0
-0
-0
-0
-0
-0
-0
-0
18.0918
23.2476
26.2446
-0
-0
-0
-0
33.221
-0
-0
-0
-0
-0
5.8208
-0
-0
-0
-0
6.17236
5.38897
-0
-0
-0
46.5116
-0
26.6895
-0
-0
-0
-0
-0
-0
-0
-0
-0
-0
7.83212
14.7539
0.898655
-0
2.8154
-0
29.807
-0
-0
-0
-0
-0
-0
-0
-0
-0
-0
-0
-0
11.5924
-0
-0
0.0337322
-0
-0
23.261
-0
-0
-0
-0
-0
-0
-0
-0
-0
43.2294
-0
-0
22.4523
-0
2.35793
-0
6.97005
-0
-0
-0
-0
-0
-0
-0
-0
-0
-0
14.725
-0
-0
-0
-0
-0
-0
-0
-0
-0
3.38807
31.2907
-0
-0
-0
-0
-0
-0
-0
7.50033
-0
-0
38.4376
-0
-0
-0
-0
-0
-0
-0
-0
-0
-0
-0
-0
-0
-0
20.4732
19.3759
-0
-0
-0
60.1419
-0
-0
13.5307
-0
-0
-0
-0
-0
-0
-0
-0
-0
10.6643
17.2005
-0
-0
-0
-0
-0
57.631
-0
-0
6.13261
-0
9.0355
-0
-0
-0
8.62059
-0
-0
-0
-0
-0
1.93258
-0
-0
-0
-0
-0
-0
16.9743
0.386648
-0
-0
-0
-0
-0
-0
-0
-0
-0
-0
-0
-0
5.76201
-0
-0
-0
-0
-0
3.23496
-0
-0
-0
6.51842
3.5104
-0
-0
-0
-0
18.6136
8.21258
-0
-0
-0
-0
18.3893
-0
-0
26.7304
-0
-0
-0
-0
-0
-0
20.1585
-0
-0
-0
-0
8.3781
-0
46.0002
-0
10.6245
27.2501
-0
-0
-0
4.78816
-0
-0
2.18223
-0
4.4399
-0
-0
11.0907
-0
17.2915
-0
2.2406
0.605156
-0
-0
-0
4.17264
3.88641
10.2085
-0
-0
-0
-0
14.3904
-0
12.9504
-0
-0
7.76154
-0
-0
3.56905
-0
3.51696
-0
-0
-0
-0
-0
-0
-0
-0
2.34785
-0
-0
-0
9.54051
-0
-0
17.8785
2.059
-0
18.5522
-0
-0
-0
-0
-0
-0
-0
-0
-0
-0
30.7347
38.8932
20.4234
-0
-0
-0
-0
40.4111
-0
9.38603
-0
25.4835
-0
-0
-0
26.6136
-0
15.1505
-0
-0
-0
-0
-0
-0
-0
-0
3.29634
-0
-0
-0
-0
-0
-0
25.9766
-0
-0
-0
-0
-0
-0
-0
17.4911
-0
-0
-0
-0
12.5582
28.4916
-0
-0
-0
-0
0.342737
-0
-0
-0
32.2045
-0
18.8028
-0
-0
-0
-0
-0
29.2133
-0
-0
23.7673
-0
-0
31.5958
-0
-0
-0
0.0657699
0.9524
5.53599
-0
-0
-0
22.4762
-0
12.4655
-0
-0
-0
-0
45.3118
5.41827
24.5718
-0
2.23688
-0
-0
35.1105
-0
4.45313
-0
10.2549
-0
-0
-0
19.5669
-0
-0
-0
2.40482
-0
1.32325
-0
-0
-0
53.8023
0.503036
27.7589
-0
-0
17.0233
-0
-0
26.9657
-0
39.6682
-0
5.07446
-0
-0
-0
-0
-0
5.41666
-0
-0
-0
-0
19.5019
-0
0.0121176
-0
-0
20.3804
-0
-0
-0
4.61092
5.87387
-0
-0
-0
-0
-0
-0
17.0423
51.7905
-0
-0
-0
-0
-0
-0
-0
19.0124
-0
-0
-0
5.36804
9.17584
-0
26.0917
-0
-0
-0
-0
-0
32.1381
-0
46.8025
7.63204
-0
-0
-0
-0
-0
-0
-0
-0
-0
4.00031
-0
-0
-0
-0
-0
5.05228
-0
-0
-0
-0
-0
14.9283
-0
-0
-0
-0
-0
7.59951
-0
1.66049
-0
32.6637
-0
3.34033
-0
5.66056
-0
18.2171
-0
-0
4.31757
5.75887
-0
10.1191
-0
-0
-0
-0
-0
-0
9.05595
-0
19.3719
4.59524
2.47134
36.4893
-0
14.0808
-0
7.78727
-0
-0
6.80208
-0
-0
-0
5.70255
-0
-0
-0
14.1471
-0
-0
22.0377
-0
-0
-0
-0
-0
-0
-0
-0
-0
0.141941
-0
-0
-0
-0
-0
-0
-0
-0
-0
-0
-0
-0
13.1939
-0
-0
44.2814
-0
45.8024
-0
16.2732
-0
-0
4.91815
-0
-0
-0
-0
-0
-0
-0
-0
11.5194
-0
-0
40.3309
-0
-0
-0
5.53966
-0
-0
-0
-0
7.08117
-0
-0
23.8198
-0
21.869
29.9037
-0
-0
19.2882
11.4481
-0
7.39656
-0
-0
-0
-0
32.306
-0
-0
1.92974
23.6175
-0
-0
5.79246
-0
-0
-0
25.4726
-0
10.6834
32.6064
1.13206
-0
-0
-0
-0
-0
-0
-0
-0
-0
26.8453
-0
-0
46.4906
13.4342
-0
-0
-0
-0
-0
-0
-0
54.6429
-0
4.82444
-0
-0
-0
38.0057
9.61691
-0
-0
-0
-0
6.493
9.60147
60.0692
-0
-0
-0
-0
-0
0.340428
-0
-0
-0
-0
-0
-0
-0
1.43486
-0
-0
13.1358
-0
-0
-0
-0
-0
-0
-0
-0
-0
-0
15.63
-0
23.7364
-0
-0
-0
4.70508
-0
-0
-0
49.7174
-0
-0
0.70849
9.3427
-0
-0
-0
-0
-0
-0
13.6035
-0
-0
-0
-0
-0
12.9736
-0
3.89004
-0
-0
-0
1.28703
22.0664
-0
5.9393
-0
-0
-0
-0
-0
-0
-0
19.7299
-0
-0
12.45
-0
36.1626
-0
-0
49.6841
-0
-0
-0
-0
-0
39.4633
49.0102
24.9302
-0
-0
-0
-0
-0
5.82123
-0
-0
-0
-0
-0
-0
9.91544
-0
-0
-0
-0
16.7616
15.7663
16.0967
-0
-0
-0
-0
-0
-0
-0
-0
-0
9.03239
10.8514
7.99441
1.20571
-0
-0
-0
-0
-0
-0
19.1265
2.31915
-0
-0
-0
16.1049
23.4019
8.78531
-0
5.15135
-0
-0
-0
-0
-0
-0
-0
-0
-0
20.9693
-0
-0
18.6401
5.84847
-0
-0
-0
-0
-0
-0
-0
-0
-0
-0
-0
14.0165
-0
-0
-0
-0
0.759852
-0
-0
5.78788
-0
35.7335
-0
17.9301
-0
30.6673
-0
-0
-0
4.66085
29.9762
-0
-0
11.0942
-0
-0
26.175
-0
0.699114
27.8235
-0
0.653668
-0
-0
-0
-0
6.40736
-0
-0
-0
-0
9.68951
-0
-0
-0
-0
-0
-0
37.7499
-0
-0
-0
-0
-0
-0
-0
-0
-0
-0
-0
-0
-0
43.1025
-0
-0
24.1891
-0
-0
-0
11.1747
-0
-0
-0
-0
-0
-0
6.45065
-0
-0
28.0156
14.4643
-0
17.8179
-0
1.76987
-0
-0
-0
-0
-0
-0
-0
-0
-0
-0
3.16012
22.9547
-0
-0
-0
49.1861
13.2116
-0
-0
31.5988
-0
-0
-0
-0
34.4968
-0
9.86811
-0
-0
-0
-0
-0
18.1187
-0
-0
39.5577
61.798
6.85045
31.2341
-0
-0
-0
29.3173
-0
20.5831
-0
4.13666
-0
-0
-0
-0
-0
-0
-0
-0
-0
-0
-0
0.160495
-0
14.8321
-0
-0
-0
-0
-0
14.9
8.79231
-0
-0
-0
-0
-0
-0
-0
-0
-0
-0
4.61783
-0
-0
-0
-0
7.50595
-0
-0
-0
-0
-0
-0
-0
30.5398
-0
15.0892
-0
-0
-0
-0
-0
14.7781
10.3883
21.0894
-0
8.33067
2.52567
-0
-0
-0
31.1956
-0
-0
2.01964
18.8855
5.08953
-0
-0
-0
