-0
-0
-0
-0
-0
21.6384
-0
-0
26.98
-0
-0
-0
-0
-0
-0
4.61755
11.4908
-0
-0
-0
-0
17.1419
-0
-0
19.2613
-0
13.4845
-0
-0
-0
-0
-0
-0
1.49746
-0
-0
-0
-0
-0
-0
-0
-0
-0
-0
-0
10.471
-0
38.3544
-0
-0
-0
-0
-0
-0
-0
-0
-0
3.82461
42.3131
-0
-0
-0
21.91
-0
14.3914
-0
22.2483
26.8891
12.0783
1.79949
-0
-0
-0
-0
-0
4.64713
15.2224
9.23584
-0
-0
-0
31.4987
-0
12.1587
-0
-0
-0
-0
-0
-0
8.77768
0.0874698
-0
-0
-0
-0
8.93805
-0
-0
-0
-0
-0
-0
-0
-0
-0
57.1588
-0
-0
-0
-0
-0
-0
-0
-0
36.3004
-0
-0
23.2288
-0
-0
-0
-0
9.85598
5.05759
-0
-0
-0
-0
-0
-0
-0
5.06723
-0
1.88156
0.216922
-0
11.4962
-0
-0
-0
-0
11.0854
-0
-0
-0
-0
-0
12.5148
-0
-0
-0
-0
-0
36.7129
-0
-0
-0
-0
-0
-0
-0
-0
49.4708
-0
-0
-0
-0
-0
2.32863
1.05046
-0
-0
-0
-0
-0
-0
-0
-0
-0
11.709
-0
-0
-0
-0
51.4426
-0
-0
57.125
-0
-0
56.2343
24.1397
30.189
-0
-0
-0
8.1654
-0
-0
-0
-0
5.5571
-0
-0
-0
21.5196
23.3328
0.736964
-0
-0
-0
-0
-0
-0
-0
2.84295
-0
4.01942
-0
27.3744
-0
-0
32.8706
-0
-0
-0
-0
-0
-0
-0
-0
-0
-0
-0
-0
-0
-0
-0
-0
-0
11.6278
-0
-0
-0
-0
56.179
-0
-0
-0
-0
-0
-0
17.262
37.1193
-0
-0
8.51758
-0
-0
-0
-0
-0
-0
-0
-0
-0
-0
-0
-0
-0
-0
30.4272
11.6045
-0
-0
-0
-0
-0
-0
-0
1.87812
-0
21.6778
-0
-0
4.56807
0.849882
-0
-0
-0
14.6265
33.294
-0
7.61268
-0
-0
-0
2.5869
41.8283
-0
-0
-0
-0
11.0808
16.4971
-0
-0
9.03181
-0
24.9678
-0
-0
-0
0.695519
1.30189
-0
-0
-0
-0
-0
-0
-0
-0
38.0776
-0
-0
1.66242
-0
74.5952
-0
-0
28.1202
-0
-0
-0
-0
-0
-0
0.901249
-0
-0
-0
1.29096
-0
-0
-0
-0
32.5108
-0
-0
-0
-0
-0
16.2175
-0
-0
-0
-0
-0
14.3293
-0
-0
19.6994
-0
1.66591
-0
-0
6.13205
-0
-0
-0
0.505602
52.5112
-0
-0
-0
1.16024
-0
-0
-0
-0
12.8307
-0
-0
-0
-0
-0
-0
-0
18.9737
-0
-0
-0
-0
26.6808
-0
-0
-0
21.5527
-0
-0
-0
-0
0.131198
-0
-0
-0
-0
-0
-0
-0
-0
-0
23.6757
-0
-0
-0
1.93181
-0
15.6569
-0
-0
-0
-0
16.3674
16.0177
4.80871
30.3019
-0
-0
49.43
27.1768
-0
-0
-0
5.6854
-0
-0
-0
-0
-0
-0
-0
-0
-0
-0
3.87232
-0
-0
24.8473
17.9387
-0
-0
10.8557
41.0653
-0
-0
-0
-0
-0
-0
-0
-0
-0
16.7845
-0
-0
-0
-0
3.36263
-0
-0
-0
-0
-0
-0
-0
-0
-0
-0
-0
-0
8.58825
-0
-0
-0
-0
-0
-0
57.9639
-0
20.0487
-0
-0
1.81651
48.8196
-0
-0
25.4936
-0
-0
-0
43.3492
-0
-0
43.9543
-0
-0
-0
-0
-0
2.28034
-0
-0
4.94712
-0
2.7322
18.8406
-0
15.8863
-0
-0
7.42574
-0
-0
11.4019
-0
-0
-0
-0
-0
-0
-0
38.6968
-0
-0
4.54089
-0
-0
-0
-0
-0
-0
-0
-0
-0
0.75833
-0
15.9712
-0
13.4692
-0
-0
56.1566
-0
-0
-0
23.1211
0.758249
-0
22.345
-0
-0
-0
-0
-0
-0
-0
16.5458
-0
-0
5.91458
-0
-0
-0
-0
-0
67.7841
-0
-0
-0
-0
21.642
-0
-0
-0
11.7488
-0
50.7756
-0
-0
-0
-0
-0
-0
-0
-0
-0
36.9862
30.2111
-0
-0
-0
-0
-0
-0
-0
-0
21.4376
-0
-0
-0
-0
-0
6.10944
12.9525
-0
3.42559
-0
11.6128
-0
-0
53.1693
-0
-0
-0
-0
-0
-0
-0
14.401
-0
-0
-0
-0
14.2337
-0
-0
-0
-0
-0
-0
-0
-0
-0
-0
-0
3.34885
7.75288
-0
-0
-0
-0
12.2105
4.36463
14.0372
-0
-0
-0
11.0639
-0
6.43524
15.5603
-0
10.6757
-0
-0
-0
-0
-0
-0
-0
-0
-0
-0
-0
-0
0.218826
-0
-0
-0
9.19365
-0
-0
-0
-0
-0
-0
-0
-0
-0
7.84223
39.4216
-0
-0
-0
-0
-0
-0
5.86002
-0
-0
16.0127
47.9714
-0
-0
-0
-0
-0
-0
31.9479
-0
-0
-0
3.13649
24.1076
-0
-0
-0
-0
-0
2.95709
-0
-0
-0
-0
3.07198
27.6333
-0
-0
-0
-0
4.37018
-0
11.33
-0
0.974716
-0
-0
-0
-0
-0
-0
-0
9.66391
-0
-0
-0
28.5968
-0
-0
-0
-0
-0
-0
-0
21.1457
0.732517
-0
-0
-0
-0
11.6304
-0
16.9808
36.7424
-0
-0
-0
-0
-0
-0
-0
-0
-0
-0
-0
-0
12.1836
-0
5.22078
13.3235
-0
-0
-0
9.74964
51.2181
-0
-0
-0
-0
-0
-0
19.4644
-0
-0
-0
-0
-0
-0
-0
9.31041
-0
-0
-0
-0
15.7171
19.3726
-0
29.034
-0
-0
-0
-0
24.8038
-0
-0
-0
19.9098
-0
-0
-0
-0
-0
-0
-0
6.0012
0.651533
12.8432
26.1615
-0
-0
17.4762
-0
-0
-0
0.502991
-0
-0
12.6288
-0
-0
-0
-0
-0
-0
0.690097
8.4521
30.6353
-0
-0
-0
38.7885
-0
2.6023
44.1865
-0
-0
-0
-0
-0
-0
-0
19.5283
-0
-0
-0
-0
-0
-0
-0
-0
-0
25.4185
43.2668
-0
-0
-0
-0
4.16521
44.6433
-0
-0
-0
-0
16.3205
-0
3.88023
-0
-0
-0
44.784
-0
-0
-0
6.76348
-0
-0
9.60935
-0
8.69129
-0
-0
-0
-0
-0
-0
-0
-0
11.6514
7.96127
-0
-0
-0
-0
22.96
37.8232
-0
33.7062
-0
-0
-0
18.1792
9.30135
-0
-0
-0
-0
-0
-0
81.7077
-0
-0
-0
-0
7.71293
18.5833
1.42537
11.5822
27.392
-0
-0
-0
-0
-0
-0
-0
-0
-0
-0
-0
-0
-0
-0
-0
12.3171
-0
-0
-0
-0
-0
-0
-0
-0
-0
-0
-0
-0
49.0326
-0
-0
-0
-0
-0
-0
-0
26.3608
-0
-0
-0
-0
-0
-0
-0
-0
-0
-0
-0
-0
14.7833
11.3235
-0
-0
-0
54.472
-0
-0
-0
4.47406
-0
-0
-0
28.4655
-0
-0
-0
30.7322
-0
-0
2.25917
-0
-0
-0
-0
6.50416
-0
-0
-0
0.643695
-0
-0
-0
-0
-0
-0
-0
-0
-0
-0
-0
-0
25.0391
-0
-0
-0
-0
-0
-0
10.9691
12.748
-0
-0
-0
25.1522
-0
-0
-0
32.5818
-0
-0
-0
1.21927
39.8871
-0
-0
36.455
-0
-0
-0
-0
-0
-0
1.63541
-0
1.78498
-0
1.63024
-0
-0
-0
-0
-0
-0
45.0994
31.8599
-0
-0
-0
-0
-0
-0
-0
-0
-0
-0
-0
4.27459
15.3532
-0
9.30873
-0
-0
14.8239
-0
-0
-0
-0
-0
-0
-0
-0
-0
-0
-0
-0
-0
-0
-0
-0
-0
46.8525
-0
29.2795
-0
-0
-0
-0
5.50066
-0
-0
-0
-0
-0
0.535441
-0
-0
-0
-0
55.1695
-0
14.06
2.18631
10.9748
-0
-0
-0
-0
-0
-0
-0
-0
-0
-0
11.0047
-0
-0
-0
-0
30.979
-0
-0
-0
-0
21.7063
35.3764
-0
-0
-0
6.31493
-0
-0
-0
-0
2.7583
-0
-0
-0
-0
-0
-0
-0
-0
-0
-0
-0
-0
-0
-0
-0
12.5666
29.3172
45.5784
26.3535
-0
-0
-0
-0
36.5142
-0
-0
-0
-0
33.1223
-0
-0
-0
-0
-0
-0
-0
-0
12.7699
11.3838
-0
16.0447
-0
-0
-0
-0
-0
-0
-0
-0
-0
-0
-0
-0
-0
-0
5.27153
-0
-0
-0
-0
30.3768
-0
-0
19.09
-0
-0
14.0012
-0
-0
-0
11.8457
-0
-0
18.4719
-0
-0
-0
-0
-0
-0
-0
-0
25.8505
-0
-0
-0
-0
-0
-0
-0
-0
-0
-0
-0
-0
6.3838
-0
-0
13.1728
-0
-0
-0
-0
-0
15.533
-0
-0
-0
-0
-0
-0
-0
-0
29.7646
-0
-0
-0
-0
-0
-0
-0
9.10082
-0
-0
-0
-0
-0
-0
67.1531
-0
13.5108
50.4347
-0
32.6505
-0
-0
7.80812
-0
-0
-0
-0
30.2111
11.0423
-0
8.07987
10.6457
-0
-0
-0
35.6428
-0
-0
-0
-0
10.3322
-0
-0
-0
-0
-0
-0
17.0163
17.9775
-0
-0
-0
-0
-0
-0
4.31547
-0
16.9109
-0
-0
-0
-0
-0
-0
-0
-0
-0
-0
11.1106
-0
-0
-0
15.3341
9.10027
-0
-0
-0
-0
-0
-0
-0
-0
-0
-0
-0
-0
-0
-0
-0
-0
16.0026
-0
-0
-0
-0
47.8801
-0
-0
-0
-0
-0
-0
13.5363
-0
-0
-0
-0
-0
-0
-0
-0
-0
-0
33.9263
-0
30.7832
13.2767
-0
-0
-0
10.1765
-0
18.2963
3.62154
-0
-0
4.94261
-0
-0
-0
-0
-0
-0
-0
-0
13.3054
5.38902
-0
-0
-0
-0
45.5608
-0
-0
-0
-0
-0
-0
-0
8.46096
-0
-0
-0
-0
-0
-0
17.8637
-0
1.47159
17.1173
-0
-0
-0
-0
-0
-0
-0
21.0528
-0
0.785388
-0
-0
-0
0.457107
-0
14.6546
-0
-0
-0
-0
-0
-0
-0
-0
-0
-0
-0
-0
9.38043
-0
-0
14.8833
17.5144
-0
-0
-0
-0
-0
-0
14.9104
-0
-0
-0
-0
-0
-0
-0
-0
-0
-0
10.3463
-0
-0
-0
-0
33.9055
14.0405
-0
-0
-0
-0
-0
-0
-0
5.57967
-0
-0
-0
-0
-0
-0
1.28568
-0
-0
-0
1.63693
-0
-0
-0
-0
-0
-0
-0
-0
-0
-0
15.9979
-0
-0
-0
-0
21.5217
1.8725
-0
-0
4.47702
-0
4.06244
-0
-0
-0
-0
-0
19.647
-0
-0
-0
5.16908
-0
-0
-0
0.30015
-0
-0
-0
-0
-0
-0
5.27232
-0
-0
27.1798
-0
-0
-0
-0
-0
-0
-0
-0
-0
-0
-0
-0
0.70361
-0
-0
-0
-0
-0
-0
-0
-0
2.298
-0
-0
-0
12.6237
-0
-0
-0
-0
0.0706449
-0
-0
2.18948
-0
-0
-0
-0
-0
-0
-0
19.1943
-0
-0
-0
-0
-0
-0
-0
-0
-0
-0
-0
-0
-0
-0
-0
-0
26.3719
-0
-0
-0
-0
-0
-0
-0
-0
-0
25.8497
6.33746
0.257911
14.0531
-0
-0
-0
21.1408
-0
-0
-0
-0
11.0492
-0
-0
55.1444
-0
-0
38.5897
-0
8.30481
14.5913
-0
-0
11.8623
-0
-0
-0
48.0535
-0
-0
-0
-0
-0
-0
3.39546
25.4584
-0
17.718
-0
-0
-0
-0
0.839324
-0
-0
-0
36.9614
-0
-0
-0
-0
-0
-0
23.8824
-0
-0
7.37977
-0
3.40089
51.7827
-0
-0
3.16607
-0
-0
15.4108
-0
-0
-0
-0
-0
-0
-0
-0
5.32783
23.2282
-0
0.765715
-0
-0
-0
-0
-0
-0
-0
1.00085
-0
-0
-0
-0
-0
-0
-0
-0
2.69192
-0
-0
-0
-0
-0
37.7632
-0
1.09359
-0
-0
-0
-0
56.9837
-0
-0
-0
-0
-0
-0
-0
-0
-0
-0
-0
-0
-0
-0
-0
-0
-0
-0
-0
-0
53.8363
-0
-0
-0
-0
-0
-0
-0
-0
16.7154
-0
-0
-0
-0
-0
-0
5.26073
-0
-0
-0
-0
-0
-0
7.41389
32.771
-0
-0
-0
-0
-0
-0
13.7474
-0
25.0097
-0
-0
-0
-0
-0
32.9234
-0
-0
-0
1.73874
-0
-0
-0
-0
38.2164
-0
-0
-0
-0
-0
-0
-0
-0
-0
-0
-0
-0
-0
-0
-0
-0
-0
-0
-0
9.99287
29.7479
-0
55.2564
-0
-0
-0
-0
-0
-0
-0
-0
37.8724
-0
-0
-0
-0
-0
-0
-0
-0
-0
-0
-0
-0
-0
-0
-0
-0
-0
-0
3.3747
-0
3.87987
-0
-0
-0
-0
-0
-0
47.9707
0.522529
-0
-0
19.8158
-0
5.41225
-0
24.5051
-0
-0
-0
-0
-0
-0
-0
-0
-0
-0
-0
22.0903
-0
-0
-0
-0
-0
-0
-0
-0
35.4111
9.64125
-0
-0
-0
27.9163
-0
-0
-0
-0
-0
9.32058
-0
-0
-0
-0
-0
-0
-0
8.07461
-0
-0
-0
12.9056
2.36415
-0
51.6074
-0
8.40053
53.4981
23.2374
-0
-0
41.149
-0
-0
41.4475
2.49791
1.93843
-0
-0
-0
-0
-0
-0
-0
-0
-0
-0
-0
-0
-0
-0
16.2963
-0
-0
-0
26.4403
-0
-0
-0
-0
-0
-0
10.2021
-0
-0
-0
8.28033
-0
45.7213
-0
6.7075
-0
-0
-0
59.78
-0
-0
-0
-0
11.4283
-0
-0
12.6461
8.35129
-0
-0
6.72083
-0
24.3459
16.8061
-0
-0
-0
-0
4.75158
-0
-0
-0
-0
-0
11.6751
65.4511
-0
-0
22.0268
-0
1.61269
-0
75.9058
-0
16.7355
-0
-0
0.206588
12.5848
-0
-0
5.94789
-0
10.924
-0
-0
-0
-0
11.6039
20.3626
-0
5.05782
-0
-0
-0
-0
-0
25.2079
4.36738
-0
-0
18.0707
-0
-0
-0
4.86156
34.3152
-0
-0
-0
-0
-0
34.5425
22.6117
-0
-0
-0
-0
-0
-0
-0
-0
-0
-0
-0
-0
10.5253
-0
-0
-0
-0
23.8012
-0
-0
1.45985
-0
22.3086
66.3384
-0
-0
-0
-0
-0
-0
-0
-0
-0
0.10183
-0
8.72569
-0
-0
-0
-0
-0
-0
6.82149
-0
14.0486
-0
-0
-0
-0
39.5252
-0
7.2189
-0
-0
-0
-0
-0
-0
-0
-0
-0
-0
-0
-0
-0
-0
-0
24.4848
-0
34.8687
-0
-0
-0
29.3646
-0
-0
-0
-0
-0
17.9424
-0
-0
-0
-0
-0
-0
-0
-0
1.88787
-0
-0
20.745
39.5855
-0
-0
52.3489
-0
-0
-0
-0
-0
-0
-0
-0
-0
52.9906
2.38438
-0
-0
-0
-0
-0
-0
11.4998
13.2383
-0
33.7167
-0
-0
-0
-0
-0
-0
29.2508
-0
7.04102
-0
-0
-0
-0
-0
-0
10.8428
-0
-0
8.85739
-0
-0
-0
-0
-0
-0
21.9056
14.6317
-0
37.3214
-0
-0
-0
1.34972
-0
-0
-0
0.195379
3.94182
-0
-0
-0
7.06851
-0
-0
-0
-0
-0
-0
37.18
-0
-0
-0
-0
-0
-0
-0
-0
-0
-0
-0
-0
-0
-0
-0
4.55126
-0
-0
7.18838
-0
-0
-0
-0
-0
-0
-0
-0
-0
-0
-0
-0
0.380775
-0
-0
-0
9.62677
-0
17.7751
-0
-0
19.632
-0
19.2817
7.05168
-0
91.1628
-0
-0
-0
-0
-0
-0
-0
-0
-0
-0
-0
-0
-0
-0
-0
-0
15.7785
-0
-0
-0
-0
-0
-0
23.1014
-0
-0
-0
-0
-0
-0
-0
8.97572
-0
-0
11.4954
-0
-0
2.03076
2.37357
-0
0.569405
26.6048
-0
-0
-0
-0
6.06288
-0
35.0566
-0
13.0314
5.71382
-0
-0
-0
9.44561
-0
2.42135
-0
-0
-0
-0
-0
-0
-0
-0
-0
24.7115
-0
9.94056
-0
-0
-0
-0
-0
4.96175
-0
-0
-0
-0
-0
19.9029
-0
-0
-0
-0
-0
-0
-0
-0
-0
-0
-0
-0
-0
-0
-0
0.553726
-0
-0
2.93079
-0
-0
-0
-0
-0
-0
-0
17.7013
-0
-0
-0
1.76891
-0
-0
-0
16.1211
-0
-0
-0
-0
-0
-0
38.1831
0.875325
-0
-0
-0
0.102963
12.4053
13.9157
26.9896
3.19714
-0
-0
3.40482
-0
-0
41.465
-0
-0
-0
27.5765
32.5947
-0
-0
-0
-0
3.60821
-0
-0
-0
2.70212
-0
-0
-0
-0
22.6362
-0
-0
-0
-0
6.88145
-0
4.42844
-0
-0
28.3666
-0
-0
-0
-0
-0
-0
-0
-0
34.4258
-0
-0
-0
17.9093
-0
-0
-0
-0
-0
-0
-0
3.8783
-0
-0
-0
-0
-0
-0
-0
-0
-0
-0
-0
-0
-0
-0
-0
-0
-0
92.3831
5.81913
2.10416
-0
-0
-0
-0
-0
-0
-0
-0
32.4359
-0
-0
-0
-0
-0
-0
1.67915
-0
-0
-0
-0
-0
-0
-0
-0
-0
-0
-0
8.71231
-0
-0
5.87584
-0
1.14898
-0
-0
9.31149
-0
-0
21.9194
-0
-0
-0
-0
-0
-0
29.1708
-0
-0
-0
-0
-0
-0
7.40385
-0
-0
-0
-0
-0
-0
-0
-0
-0
-0
-0
8.93659
24.7167
-0
29.6359
2.38003
-0
-0
-0
0.35986
24.377
1.5348
12.6334
6.11515
-0
-0
-0
27.9124
-0
40.4052
-0
-0
-0
-0
-0
-0
19.4156
-0
-0
-0
-0
-0
18.3538
8.29923
-0
-0
-0
-0
-0
-0
-0
-0
-0
-0
-0
-0
-0
-0
-0
2.82592
-0
13.9817
-0
-0
1.18719
-0
-0
-0
14.8261
-0
-0
-0
-0
-0
-0
3.85875
-0
-0
-0
-0
1.86022
42.4562
7.48698
-0
-0
-0
-0
-0
-0
-0
-0
5.7697
-0
-0
-0
-0
0.58011
-0
-0
-0
0.542328
-0
-0
17.4979
-0
-0
-0
-0
15.4272
-0
-0
-0
-0
-0
-0
-0
-0
-0
-0
-0
-0
0.539382
-0
-0
-0
-0
-0
-0
-0
-0
-0
-0
28.3765
-0
-0
-0
-0
45.4599
-0
-0
-0
34.5435
-0
18.56
22.4297
-0
-0
6.21291
-0
69.295
-0
-0
-0
-0
21.0878
43.5726
-0
-0
-0
3.51284
-0
-0
-0
-0
-0
53.2453
-0
-0
-0
-0
-0
-0
-0
-0
-0
-0
-0
-0
16.6583
-0
-0
-0
8.21997
39.7225
-0
2.5099
-0
-0
25.5722
-0
-0
-0
-0
0.920641
-0
-0
-0
-0
-0
-0
8.37191
-0
-0
-0
-0
-0
17.7484
-0
63.8504
-0
22.8946
-0
-0
3.69494
-0
-0
-0
-0
-0
-0
-0
-0
-0
5.54126
-0
-0
-0
-0
-0
21.5916
50.8327
-0
-0
-0
-0
-0
33.4559
12.9503
-0
-0
-0
-0
2.35679
19.7031
-0
-0
-0
12.6297
-0
12.0802
-0
7.1624
-0
29.6245
-0
26.3321
17.0662
-0
-0
-0
-0
-0
-0
-0
-0
-0
-0
-0
-0
-0
-0
-0
-0
-0
-0
-0
-0
-0
-0
4.30061
-0
-0
-0
34.3142
-0
-0
7.10923
-0
-0
-0
-0
-0
-0
64.2162
-0
-0
-0
-0
-0
-0
-0
-0
-0
-0
-0
-0
-0
-0
-0
-0
-0
-0
-0
-0
10.1578
-0
-0
11.8077
-0
22.5849
-0
32.2194
26.5527
-0
-0
13.1534
11.5356
-0
21.8531
-0
24.9206
-0
-0
-0
43.2934
7.86754
-0
-0
-0
-0
60.8438
-0
-0
-0
0.235522
29.6581
-0
-0
-0
-0
-0
-0
15.1267
-0
-0
-0
-0
30.2539
-0
-0
-0
-0
-0
20.5893
-0
-0
-0
7.0305
-0
-0
-0
-0
-0
-0
-0
-0
-0
-0
-0
-0
-0
-0
-0
-0
1.20501
22.324
-0
-0
-0
3.32907
-0
33.622
-0
17.5598
-0
-0
-0
-0
31.3502
-0
17.52
4.18246
-0
-0
-0
-0
25.178
-0
-0
-0
-0
-0
-0
-0
1.83568
-0
-0
26.1782
-0
48.9243
-0
6.26264
23.8124
-0
-0
6.63705
-0
-0
-0
-0
-0
1.34977
-0
-0
-0
-0
-0
-0
-0
4.84605
-0
-0
-0
19.0507
-0
-0
-0
-0
-0
-0
-0
-0
1.75106
-0
-0
2.33369
1.42099
-0
-0
-0
-0
-0
-0
-0
-0
-0
63.0976
-0
0.404774
2.12853
-0
-0
-0
-0
-0
-0
-0
-0
-0
52.2974
-0
-0
-0
-0
-0
13.1696
-0
-0
-0
-0
-0
-0
-0
-0
-0
-0
19.2043
-0
-0
27.8097
12.6003
34.0274
-0
-0
-0
-0
-0
-0
-0
-0
-0
-0
-0
-0
-0
-0
-0
-0
-0
-0
-0
10.5399
-0
-0
-0
9.9659
-0
-0
-0
-0
-0
-0
-0
-0
-0
-0
-0
-0
-0
-0
-0
12.3241
30.4762
22.0785
-0
-0
-0
0.673061
13.8432
-0
-0
-0
-0
-0
13.1847
-0
-0
-0
20.7218
7.31216
-0
10.5023
-0
-0
-0
-0
21.6263
-0
-0
-0
-0
-0
-0
-0
-0
-0
-0
2.38194
11.6932
-0
-0
5.50832
-0
-0
-0
-0
5.07437
-0
-0
-0
-0
-0
-0
-0
-0
-0
14.0508
-0
-0
-0
-0
-0
26.9551
14.8148
-0
-0
-0
-0
-0
-0
-0
-0
26.6857
-0
7.30476
10.9588
-0
-0
-0
-0
-0
-0
-0
-0
-0
-0
-0
-0
8.56167
-0
-0
-0
-0
35.3042
-0
-0
-0
-0
6.01745
-0
3.82552
52.7409
0.45347
-0
-0
-0
-0
-0
-0
16.9256
-0
-0
25.964
-0
2.20084
-0
-0
30.3397
-0
-0
12.0813
-0
-0
-0
-0
-0
-0
25.4743
-0
-0
-0
-0
57.4113
-0
-0
29.5602
-0
-0
-0
-0
-0
-0
-0
-0
-0
-0
-0
-0
-0
-0
-0
-0
51.883
-0
11.3404
-0
-0
4.73159
1.54406
-0
-0
4.27215
-0
-0
-0
-0
-0
1.93758
-0
-0
-0
12.413
-0
-0
2.42723
25.6557
-0
-0
-0
-0
-0
-0
17.2783
2.76492
-0
-0
-0
-0
-0
-0
-0
-0
-0
4.4821
-0
-0
-0
-0
2.57294
32.0043
-0
5.4788
-0
-0
31.4559
-0
-0
-0
9.60414
-0
-0
-0
-0
-0
-0
-0
-0
-0
-0
-0
5.15167
-0
-0
-0
-0
15.1417
-0
35.9463
-0
21.6442
38.4397
-0
-0
-0
17.0404
-0
-0
-0
-0
14.5796
-0
-0
-0
-0
-0
-0
17.2386
19.9897
-0
-0
-0
18.859
0.561096
11.3165
-0
-0
-0
-0
46.38
-0
1.41573
-0
-0
15.1421
-0
-0
-0
-0
3.09106
-0
-0
-0
-0
-0
12.8826
-0
-0
-0
-0
-0
-0
12.2892
-0
-0
-0
-0
-0
22.8112
19.5706
15.8818
-0
-0
-0
-0
-0
-0
-0
-0
39.931
31.2154
41.2231
-0
-0
3.08176
-0
31.8381
-0
-0
27.9439
19.7104
-0
-0
-0
-0
-0
6.19956
-0
-0
-0
-0
-0
-0
-0
-0
-0
-0
-0
-0
-0
22.4174
-0
13.0951
-0
-0
-0
-0
-0
-0
-0
5.19802
-0
-0
-0
-0
-0
16.4719
-0
4.90771
1.34402
25.3815
19.4952
-0
-0
17.1655
15.3768
-0
38.3838
-0
-0
-0
-0
-0
-0
-0
-0
-0
-0
-0
32.4122
-0
-0
-0
10.2577
-0
4.13017
-0
-0
-0
37.5159
-0
7.63083
-0
-0
-0
-0
21.4211
-0
25.0263
-0
-0
-0
-0
17.5737
-0
-0
-0
12.5553
-0
-0
-0
1.59254
-0
-0
-0
-0
-0
-0
-0
-0
-0
13.8422
2.25067
33.3209
-0
-0
-0
-0
-0
32.4176
-0
67.6593
-0
-0
-0
-0
-0
-0
-0
-0
-0
-0
-0
-0
16.6312
-0
3.48848
-0
-0
21.0696
-0
-0
-0
-0
2.23683
-0
-0
-0
-0
-0
-0
49.3086
29.8636
-0
-0
-0
-0
-0
-0
11.6284
5.03865
-0
-0
-0
7.67334
9.83407
-0
16.3183
-0
-0
-0
-0
-0
-0
-0
46.5055
6.67316
-0
-0
-0
-0
-0
-0
-0
-0
-0
-0
43.2809
-0
-0
-0
-0
-0
-0
-0
-0
-0
-0
17.4293
-0
-0
-0
-0
-0
-0
-0
5.17557
0.874847
51.9656
-0
-0
-0
16.9027
-0
9.57957
-0
-0
-0
3.97164
-0
-0
-0
-0
-0
-0
-0
-0
22.4487
-0
18.1117
3.91516
0.0225889
41.6295
-0
9.51072
-0
-0
-0
-0
-0
-0
-0
-0
3.72283
-0
-0
-0
22.4518
-0
-0
13.1504
-0
-0
19.3377
11.5775
-0
-0
-0
-0
-0
-0
-0
-0
12.0697
-0
-0
-0
-0
-0
-0
-0
-0
-0
27.6668
-0
-0
13.9352
-0
58.3564
-0
17.1791
-0
-0
-0
-0
-0
-0
-0
-0
-0
-0
-0
18.9539
-0
-0
43.2209
-0
-0
-0
-0
-0
-0
-0
-0
-0
-0
-0
24.5791
-0
35.1165
4.55682
-0
-0
6.94913
-0
-0
21.5212
-0
-0
-0
-0
56.4509
-0
-0
-0
37.4665
-0
-0
-0
-0
-0
-0
51.0579
-0
-0
16.3762
-0
-0
-0
-0
-0
-0
-0
9.1242
-0
-0
53.5677
-0
-0
26.8202
21.3486
-0
-0
-0
-0
-0
-0
-0
45.4672
-0
-0
-0
-0
-0
42.9797
27.0899
-0
-0
-0
-0
-0
13.1491
21.4917
-0
-0
-0
-0
-0
-0
-0
-0
-0
-0
1.34777
-0
-0
18.114
-0
-0
-0
-0
-0
-0
-0
-0
-0
-0
-0
-0
-0
-0
-0
-0
-0
-0
-0
-0
6.40239
-0
-0
37.2336
-0
-0
3.05308
9.72864
-0
-0
-0
-0
-0
-0
-0
19.4498
-0
-0
-0
-0
-0
-0
1.98388
-0
-0
0.713379
-0
3.946
35.733
2.67872
-0
-0
-0
-0
-0
-0
-0
14.8919
-0
-0
40.2483
-0
40.7131
-0
-0
49.6749
-0
-0
-0
-0
-0
48.8371
61.0648
13.7897
-0
-0
-0
-0
-0
16.1134
-0
-0
-0
25.3272
-0
-0
24.5068
-0
3.62963
-0
-0
56.7924
-0
-0
-0
-0
-0
-0
-0
14.0264
-0
-0
2.76851
-0
31.4947
20.6187
-0
-0
-0
29.2503
1.37992
-0
-0
-0
-0
-0
-0
-0
30.6473
56.6797
6.75081
-0
-0
-0
-0
-0
-0
-0
-0
-0
-0
-0
38.8802
-0
-0
5.61197
-0
-0
-0
-0
-0
-0
-0
-0
6.12846
-0
-0
-0
9.61962
-0
-0
-0
-0
-0
-0
-0
-0
-0
17.8824
-0
-0
-0
21.8617
-0
-0
-0
3.29549
29.5019
-0
-0
9.45962
-0
-0
28.2625
-0
-0
43.2674
-0
-0
-0
-0
-0
26.3698
0.371561
-0
8.05736
-0
-0
6.5119
-0
-0
-0
-0
-0
-0
44.9897
-0
-0
-0
-0
-0
-0
-0
-0
-0
-0
-0
-0
-0
18.7928
2.63819
17.7997
18.523
-0
-0
-0
17.7393
-0
-0
-0
4.53986
-0
-0
-0
-0
-0
10.6774
25.139
-0
-0
-0
-0
-0
-0
-0
-0
-0
-0
-0
-0
-0
-0
-0
20.6445
-0
-0
-0
8.99723
-0
-0
-0
13.2124
-0
-0
-0
-0
37.9015
-0
15.8258
-0
-0
-0
-0
5.05968
35.8568
-0
-0
57.7548
4.09365
16.1735
20.1257
-0
-0
-0
36.3261
-0
17.8846
-0
3.83349
-0
-0
-0
-0
-0
-0
-0
-0
-0
-0
-0
0.846209
-0
-0
19.2323
-0
-0
-0
-0
18.6796
7.65941
-0
-0
-0
-0
-0
-0
-0
-0
-0
-0
24.5348
-0
-0
-0
1.13743
3.14899
-0
-0
-0
-0
-0
-0
-0
12.3658
-0
12.5278
-0
-0
-0
-0
-0
11.3223
18.9122
1.91114
-0
-0
35.7363
-0
-0
-0
30.4676
-0
-0
-0
16.9634
-0
-0
-0
-0
