-0
-0
-0
-0
-0
20.4819
-0
-0
22.1434
-0
-0
-0
-0
-0
-0
4.37516
3.48628
-0
-0
-0
-0
-0
-0
-0
28.7746
-0
20.9801
-0
-0
-0
-0
-0
-0
-0
2.58872
-0
-0
-0
-0
-0
-0
-0
-0
4.38168
-0
-0
-0
34.7336
-0
-0
-0
-0
-0
-0
-0
-0
-0
4.07127
40.3523
-0
-0
-0
25.4679
-0
14.3767
-0
17.2992
19.5031
35.3075
1.4672
-0
-0
-0
-0
-0
5.29269
24.8553
-0
-0
-0
-0
31.6527
-0
38.5656
1.13877
-0
-0
-0
-0
-0
-0
-0
-0
-0
-0
-0
19.1706
-0
-0
-0
-0
-0
-0
-0
-0
-0
46.7806
-0
-0
-0
-0
-0
-0
-0
-0
32.4951
-0
-0
31.3998
1.0236
-0
-0
-0
-0
2.47907
-0
-0
1.50206
-0
-0
2.22833
-0
34.8208
-0
-0
-0
-0
28.5366
-0
-0
-0
-0
10.0321
-0
-0
-0
-0
-0
-0
-0
-0
-0
-0
-0
35.7957
-0
-0
9.45551
-0
0.474083
22.821
-0
-0
45.6452
-0
-0
11.7458
-0
-0
4.41135
6.29718
-0
-0
-0
-0
-0
-0
-0
-0
-0
-0
-0
-0
-0
-0
62.8759
-0
-0
57.6335
-0
-0
53.2061
-0
33.3918
-0
-0
-0
7.1004
-0
-0
-0
-0
-0
-0
-0
-0
3.66382
23.0507
-0
-0
-0
-0
-0
-0
-0
-0
-0
3.69375
0.964988
-0
36.5469
-0
-0
29.9269
-0
-0
-0
-0
-0
-0
-0
-0
-0
-0
-0
-0
-0
-0
-0
-0
-0
0.0455358
-0
-0
-0
-0
50.3003
-0
-0
-0
-0
-0
-0
11.4248
47.5297
-0
-0
3.90926
-0
-0
-0
-0
-0
-0
-0
-0
-0
-0
-0
-0
-0
15.6795
43.948
11.9883
-0
-0
-0
-0
-0
-0
-0
1.42204
-0
44.0091
-0
-0
-0
17.5839
-0
-0
-0
25.7904
34.2327
-0
-0
-0
-0
-0
-0
34.5368
-0
-0
0.308743
-0
13.7977
19.7203
-0
-0
19.625
-0
-0
-0
-0
-0
26.1806
2.1344
-0
-0
-0
-0
-0
-0
-0
-0
28.6837
-0
4.75608
-0
-0
51.896
-0
-0
10.1834
-0
-0
-0
-0
-0
4.23597
-0
-0
-0
-0
6.05662
-0
-0
-0
-0
30.0735
-0
-0
-0
-0
-0
28.7423
-0
-0
-0
-0
-0
15.2263
-0
-0
10.6695
-0
1.59383
-0
-0
19.2601
-0
-0
-0
0.756625
57.1774
-0
-0
-0
0.625168
-0
-0
-0
-0
17.5383
-0
-0
-0
-0
-0
-0
-0
14.2827
12.2461
-0
-0
-0
18.1861
-0
-0
-0
5.69941
-0
-0
-0
-0
-0
-0
-0
-0
-0
6.05335
-0
-0
-0
-0
2.65876
-0
-0
-0
-0
-0
42.9364
-0
-0
-0
-0
-0
-0
11.8611
48.7518
9.82754
-0
52.6217
10.8047
-0
-0
-0
9.2324
-0
-0
-0
-0
-0
-0
-0
-0
-0
-0
17.2962
-0
-0
30.4461
-0
-0
-0
10.9806
44.7992
-0
-0
-0
-0
-0
-0
-0
-0
-0
30.2751
-0
-0
-0
-0
6.19213
-0
-0
-0
1.32342
-0
-0
-0
-0
-0
-0
-0
-0
-0
-0
-0
-0
-0
-0
-0
66.1054
-0
-0
-0
14.0742
9.6141
57.104
-0
-0
2.78977
-0
-0
-0
21.3172
-0
-0
39.0398
-0
-0
-0
-0
-0
17.5743
-0
-0
-0
-0
22.7033
33.1034
-0
24.3423
-0
-0
1.3188
-0
-0
-0
-0
-0
-0
-0
-0
-0
-0
9.42246
-0
-0
13.618
-0
-0
-0
-0
-0
-0
-0
-0
35.0577
1.88234
4.24529
23.6118
-0
-0
-0
-0
63.3301
26.2765
-0
-0
20.1055
-0
-0
13.8526
7.60395
-0
-0
-0
-0
-0
-0
21.3215
-0
-0
-0
-0
-0
-0
-0
-0
26.6659
-0
-0
-0
-0
18.199
-0
-0
-0
-0
-0
49.8444
-0
-0
-0
-0
-0
-0
-0
-0
-0
18.915
15.7914
-0
-0
-0
-0
1.27033
-0
-0
-0
20.1411
-0
-0
-0
-0
-0
20.1514
2.56205
-0
-0
-0
6.4597
-0
-0
48.0064
-0
-0
-0
-0
-0
-0
-0
9.09083
-0
-0
-0
-0
-0
-0
-0
-0
-0
-0
-0
-0
19.2975
-0
-0
-0
4.85766
2.68616
-0
-0
-0
-0
0.771391
1.60909
18.3997
-0
-0
-0
-0
-0
29.0671
-0
-0
15.8949
-0
-0
-0
-0
-0
-0
-0
-0
-0
8.19838
-0
-0
0.154083
15.0553
-0
-0
-0
-0
-0
-0
-0
-0
-0
-0
-0
-0
-0
10.703
-0
-0
-0
-0
-0
-0
1.16963
-0
-0
7.76793
38.3597
-0
-0
-0
-0
-0
-0
19.9884
-0
-0
-0
-0
2.18007
-0
-0
-0
-0
-0
-0
-0
-0
-0
-0
-0
1.35981
-0
-0
5.42783
-0
11.9358
-0
-0
-0
1.14818
-0
-0
-0
-0
-0
-0
-0
-0
-0
-0
-0
-0
-0
-0
-0
-0
-0
-0
-0
17.6605
4.64891
-0
-0
-0
-0
5.17579
-0
9.60344
23.0152
1.21755
-0
14.2309
-0
-0
-0
-0
-0
-0
-0
-0
-0
47.5571
-0
-0
-0
-0
-0
-0
3.33908
40.0634
-0
-0
-0
-0
1.93203
-0
12.2492
-0
-0
-0
-0
-0
-0
-0
-0
-0
-0
-0
-0
2.9583
50.0142
-0
-0
-0
-0
-0
-0
2.80656
-0
-0
-0
31.9427
-0
-0
-0
-0
-0
-0
-0
3.47958
-0
11.3056
5.36519
-0
-0
39.0573
-0
-0
-0
-0
-0
-0
5.72473
-0
-0
-0
-0
-0
-0
-0
-0
-0
-0
-0
-0
23.0447
-0
-0
34.0757
-0
-0
-0
-0
-0
-0
-0
24.1333
-0
-0
-0
-0
-0
-0
-0
-0
-0
-0
47.9676
-0
-0
-0
-0
2.89396
27.1474
-0
-0
-0
-0
-0
-0
25.1621
-0
-0
-0
33.7199
-0
-0
-0
1.3698
-0
-0
27.3392
-0
16.1386
-0
-0
-0
-0
-0
-0
-0
-0
-0
-0
-0
-0
-0
-0
11.0965
20.8034
-0
45.6597
5.25357
-0
-0
27.6382
-0
-0
-0
-0
-0
-0
-0
66.4183
-0
-0
-0
-0
8.96227
17.1857
-0
-0
26.7042
-0
-0
-0
-0
-0
-0
-0
-0
-0
-0
-0
-0
-0
-0
-0
-0
-0
-0
-0
-0
-0
-0
-0
-0
-0
-0
-0
-0
58.7647
-0
27.2805
-0
1.0806
-0
-0
-0
3.21987
-0
-0
-0
-0
-0
-0
-0
-0
-0
-0
-0
-0
-0
20.9277
-0
-0
-0
34.9105
-0
-0
-0
-0
-0
-0
2.4838
2.097
-0
-0
-0
29.2977
-0
-0
-0
-0
-0
-0
9.19753
14.8283
-0
-0
-0
-0
-0
-0
10.4045
-0
-0
-0
-0
-0
-0
-0
-0
-0
-0
-0
-0
-0
-0
-0
-0
38.8553
12.9557
-0
-0
-0
43.7907
-0
-0
-0
8.12017
-0
-0
-0
1.38143
5.97168
-0
-0
40.4047
-0
-0
9.29472
-0
-0
-0
-0
-0
-0
-0
-0
-0
0.91001
-0
-0
-0
-0
37.0278
30.3013
-0
-0
-0
-0
-0
-0
-0
-0
-0
-0
-0
-0
-0
-0
-0
-0
-0
0.0312566
-0
-0
-0
-0
-0
20.9897
-0
-0
-0
-0
-0
-0
5.41649
-0
-0
-0
-0
58.9002
-0
16.7807
-0
-0
-0
-0
29.5238
-0
-0
-0
-0
-0
8.61651
-0
-0
-0
-0
22.194
-0
16.5767
-0
8.12319
-0
-0
-0
-0
-0
-0
0.565645
-0
-0
-0
26.5541
-0
-0
-0
-0
15.9353
-0
-0
-0
-0
26.4629
23.8593
-0
-0
-0
26.3367
-0
-0
-0
-0
2.67529
-0
-0
-0
-0
-0
-0
-0
0.169639
-0
-0
-0
-0
-0
-0
-0
9.15418
47.7855
73.5423
28.1611
-0
-0
-0
-0
35.8386
-0
-0
-0
-0
32.5377
-0
-0
-0
-0
-0
-0
-0
-0
6.8067
5.23978
-0
26.1003
-0
-0
-0
-0
-0
-0
-0
-0
-0
-0
-0
-0
-0
-0
9.77783
-0
-0
-0
-0
49.9159
-0
-0
6.42348
1.93535
-0
41.1004
-0
-0
-0
-0
-0
-0
35.2172
-0
-0
9.55115
-0
-0
-0
-0
-0
49.6498
-0
-0
-0
-0
-0
-0
-0
-0
-0
-0
-0
-0
25.814
0.818717
1.34417
0.151699
-0
-0
-0
-0
-0
29.6667
-0
-0
-0
2.53272
-0
27.5652
-0
-0
18.0695
-0
-0
-0
-0
-0
-0
-0
3.5309
-0
-0
14.6475
-0
-0
-0
68.325
-0
14.6189
22.427
-0
19.7934
-0
-0
18.6578
-0
-0
-0
-0
28.5935
-0
-0
1.96842
30.7871
-0
-0
-0
18.6085
25.8598
-0
-0
-0
5.70275
-0
-0
-0
-0
-0
-0
11.1088
10.6564
-0
-0
-0
-0
-0
-0
9.64651
-0
-0
-0
-0
-0
-0
-0
-0
-0
10.2806
-0
-0
34.3461
-0
-0
-0
-0
38.5243
-0
-0
-0
6.22264
-0
-0
-0
-0
-0
-0
-0
-0
-0
-0
-0
-0
7.30039
-0
-0
-0
-0
35.4
10.4852
-0
-0
-0
-0
-0
-0
-0
-0
-0
-0
-0
-0
-0
-0
-0
-0
21.6655
-0
18.9962
-0
-0
-0
20.6922
15.3314
-0
32.7777
-0
-0
-0
-0
5.07442
18.6649
-0
-0
-0
-0
-0
-0
6.54336
8.05537
-0
-0
-0
-0
71.061
-0
-0
-0
-0
-0
-0
-0
7.07748
-0
-0
-0
-0
-0
12.7625
11.5333
-0
1.22447
27.4174
-0
-0
-0
-0
-0
19.7672
-0
-0
-0
5.50393
-0
-0
-0
1.02065
-0
15.207
-0
-0
-0
-0
-0
-0
-0
-0
-0
-0
-0
-0
-0
-0
-0
4.18147
7.50888
-0
-0
-0
-0
-0
-0
17.1815
-0
-0
-0
-0
-0
-0
-0
-0
-0
-0
-0
-0
-0
-0
-0
35.2037
4.38759
-0
-0
-0
-0
-0
-0
-0
-0
11.9863
-0
-0
-0
-0
-0
1.93819
-0
-0
-0
-0
-0
-0
-0
-0
-0
-0
-0
-0
-0
-0
2.42088
-0
-0
-0
-0
13.674
-0
-0
-0
0.0254588
-0
-0
-0
-0
-0
-0
-0
7.58653
-0
-0
-0
5.71789
-0
-0
-0
1.00163
-0
-0
-0
-0
-0
-0
23.9324
-0
-0
27.4554
-0
-0
-0
-0
-0
1.09701
-0
-0
-0
21.1979
-0
-0
-0
10.1339
-0
-0
-0
-0
-0
-0
3.12377
15.3538
5.48839
-0
-0
-0
-0
-0
-0
-0
18.2885
-0
-0
11.6702
-0
-0
-0
-0
-0
-0
-0
44.3034
-0
-0
-0
-0
-0
-0
-0
-0
-0
-0
-0
-0
-0
-0
-0
-0
35.7071
-0
-0
6.68261
-0
-0
-0
-0
-0
-0
4.9333
-0
21.4076
-0
-0
-0
-0
11.1463
-0
-0
-0
-0
4.97946
-0
-0
67.1813
-0
-0
49.5508
-0
1.6281
5.11494
-0
-0
33.074
-0
-0
-0
69.948
-0
-0
-0
-0
-0
-0
0.498246
27.4213
6.37823
27.5383
-0
-0
5.57281
-0
6.57536
-0
-0
-0
24.1136
-0
26.8485
-0
-0
-0
-0
39.427
-0
-0
35.0666
-0
9.14535
16.9475
-0
-0
2.47632
-0
-0
-0
-0
-0
-0
-0
-0
-0
-0
-0
0.326839
25.6897
-0
-0
-0
-0
-0
-0
-0
-0
-0
-0
-0
-0
-0
-0
-0
-0
-0
-0
4.1127
-0
-0
-0
-0
-0
25.4472
-0
-0
-0
-0
-0
-0
59.4487
-0
-0
-0
-0
-0
-0
17.5167
-0
-0
-0
-0
-0
-0
-0
-0
-0
-0
-0
-0
-0
59.8432
-0
-0
-0
-0
-0
-0
-0
-0
8.68392
-0
-0
-0
-0
-0
-0
7.13381
-0
-0
-0
-0
-0
-0
-0
42.947
-0
-0
-0
11.9271
-0
-0
4.60089
-0
19.5932
-0
-0
-0
-0
-0
72.3275
-0
-0
-0
-0
-0
-0
-0
-0
-0
-0
-0
-0
-0
-0
6.26735
-0
-0
-0
-0
-0
-0
-0
-0
-0
-0
-0
-0
-0
-0
7.9692
-0
46.164
-0
-0
-0
-0
-0
-0
-0
18.6544
38.6652
-0
-0
-0
-0
-0
-0
-0
-0
-0
-0
-0
-0
-0
-0
-0
-0
-0
-0
-0
-0
27.8103
-0
-0
-0
-0
-0
-0
32.4712
0.396413
-0
-0
23.5407
-0
-0
-0
32.1567
-0
-0
-0
15.1488
-0
-0
-0
-0
-0
-0
-0
25.0322
-0
-0
-0
-0
-0
-0
-0
-0
59.2197
23.1888
-0
-0
-0
13.7268
-0
-0
15.039
-0
-0
-0
-0
-0
-0
-0
-0
-0
-0
-0
-0
-0
12.3247
-0
-0
-0
33.5805
-0
0.997582
62.955
28.8136
-0
-0
29.0945
-0
-0
31.1544
-0
1.63963
-0
-0
-0
-0
-0
-0
-0
-0
-0
-0
-0
-0
-0
-0
28.2888
-0
-0
-0
20.3555
-0
-0
-0
-0
-0
-0
1.49132
-0
-0
-0
-0
-0
39.5243
-0
-0
-0
-0
2.37903
64.7067
-0
-0
-0
-0
17.9163
-0
-0
2.89586
1.71646
-0
-0
-0
-0
33.861
20.2217
-0
-0
-0
-0
-0
-0
-0
-0
-0
-0
12.7076
68.0882
-0
-0
36.9107
-0
2.41066
-0
47.5039
-0
2.48754
-0
-0
-0
2.75195
-0
-0
10.5814
-0
13.199
-0
-0
-0
-0
-0
17.3957
-0
-0
-0
1.01766
1.3298
-0
-0
-0
7.65023
-0
-0
32.4961
-0
-0
-0
1.28167
23.0981
-0
-0
-0
-0
-0
53.1221
24.8363
-0
-0
-0
-0
-0
-0
-0
-0
-0
7.69177
-0
-0
10.6222
-0
-0
-0
-0
44.5524
-0
-0
2.31793
-0
13.7881
71.1001
-0
-0
13.4203
-0
-0
-0
-0
-0
-0
-0
-0
5.02587
-0
-0
-0
-0
-0
-0
14.4216
-0
13.0403
-0
-0
-0
-0
36.4479
-0
5.51644
-0
-0
-0
-0
-0
-0
-0
-0
-0
-0
-0
-0
-0
-0
-0
27.5207
-0
49.0443
-0
-0
-0
42.4932
-0
-0
-0
16.3268
-0
11.3712
-0
-0
-0
-0
-0
-0
-0
-0
6.26826
-0
-0
4.22183
32.7792
-0
-0
41.5706
-0
-0
30.2258
-0
-0
21.6729
-0
-0
-0
61.6339
13.247
-0
-0
-0
-0
-0
-0
25.4899
16.7227
-0
16.8168
-0
-0
-0
-0
-0
-0
29.8218
-0
10.2059
-0
-0
-0
-0
0.301967
-0
13.8153
-0
-0
0.174304
-0
-0
-0
-0
-0
-0
-0
-0
-0
17.0022
-0
-0
-0
-0
-0
-0
-0
21.965
6.41775
-0
-0
-0
4.2887
-0
-0
-0
-0
-0
-0
16.7243
-0
-0
-0
-0
-0
-0
-0
-0
-0
-0
27.0744
-0
-0
-0
-0
-0
-0
-0
-0
0.432463
-0
-0
-0
-0
-0
-0
-0
-0
-0
-0
-0
18.9454
-0
-0
-0
-0
-0
23.9818
-0
-0
-0
-0
5.66733
5.11575
-0
77.5212
-0
-0
-0
-0
-0
-0
-0
-0
-0
-0
-0
-0
-0
-0
-0
-0
5.80215
-0
-0
-0
-0
-0
-0
11.5783
-0
-0
-0
-0
-0
-0
-0
38.1382
-0
-0
4.14567
-0
-0
5.2387
1.24783
-0
-0
8.51565
-0
-0
-0
-0
-0
-0
16.9562
-0
18.2259
-0
-0
-0
-0
5.89392
-0
-0
-0
-0
-0
-0
-0
-0
-0
-0
-0
-0
-0
-0
-0
-0
-0
-0
-0
-0
-0
-0
-0
-0
-0
17.8472
-0
-0
-0
-0
-0
-0
-0
-0
-0
-0
-0
-0
-0
13.9877
-0
1.19014
-0
-0
-0
-0
-0
-0
-0
-0
0.964199
-0
31.9512
-0
-0
-0
-0
-0
-0
-0
-0
-0
-0
-0
-0
-0
-0
29.8973
-0
-0
-0
-0
-0
-0
-0
39.1535
-0
-0
8.58973
1.52519
-0
9.237
7.20117
-0
-0
-0
-0
39.0207
-0
-0
-0
-0
-0
-0
-0
-0
1.74822
-0
-0
-0
-0
5.10225
-0
-0
-0
-0
15.0939
-0
-0
-0
-0
13.0253
-0
-0
-0
-0
-0
-0
-0
-0
23.0204
-0
-0
-0
4.28197
-0
-0
-0
-0
-0
-0
-0
11.905
-0
-0
-0
-0
-0
-0
-0
-0
-0
-0
-0
-0
-0
-0
-0
-0
-0
102.03
-0
-0
-0
-0
-0
-0
-0
-0
-0
11.3163
18.626
-0
-0
-0
-0
-0
-0
2.08273
-0
-0
-0
-0
-0
-0
5.04435
-0
-0
-0
-0
9.5387
-0
-0
-0
-0
12.0853
-0
-0
-0
-0
-0
10.3235
-0
-0
12.3398
-0
-0
-0
31.9137
-0
-0
-0
-0
-0
-0
7.05874
-0
-0
-0
-0
-0
-0
-0
-0
-0
-0
5.79169
-0
21.3444
-0
32.5298
-0
-0
0.927119
-0
0.284446
20.9693
-0
5.20895
19.5789
-0
-0
-0
29.1283
-0
28.353
-0
-0
-0
-0
-0
-0
16.2199
-0
-0
-0
-0
-0
3.48492
3.55918
-0
7.02717
-0
-0
-0
-0
-0
-0
-0
-0
-0
-0
-0
-0
-0
5.41898
-0
9.028
-0
-0
-0
-0
-0
-0
-0
-0
-0
-0
-0
-0
-0
32.8624
-0
-0
-0
-0
4.03844
39.1177
5.92328
-0
-0
-0
-0
-0
-0
20.0266
-0
7.60477
-0
7.74583
-0
-0
0.142749
-0
-0
-0
-0
-0
-0
21.2908
-0
-0
-0
-0
-0
-0
-0
-0
-0
-0
-0
-0
-0
7.2689
-0
-0
-0
-0
-0
-0
-0
-0
-0
-0
-0
-0
-0
-0
22.6723
-0
-0
-0
-0
16.9632
-0
-0
-0
7.11441
-0
14.7602
32.9097
-0
-0
-0
-0
73.0317
-0
7.56296
-0
-0
-0
35.2973
-0
-0
-0
-0
-0
-0
-0
-0
-0
20.4833
-0
-0
-0
-0
-0
-0
-0
-0
-0
-0
-0
-0
-0
-0
-0
-0
1.98793
8.91227
-0
-0
-0
-0
5.2231
-0
-0
-0
-0
-0
-0
-0
-0
-0
-0
-0
3.83843
-0
-0
-0
-0
-0
6.58014
-0
36.7013
-0
24.8371
-0
-0
0.938239
-0
-0
-0
-0
-0
-0
-0
-0
-0
12.5488
-0
-0
-0
-0
-0
22.5896
15.1074
23.2854
-0
-0
-0
-0
40.8637
6.81447
-0
-0
-0
-0
6.54596
15.4648
-0
-0
-0
37.0953
-0
16.0986
-0
-0
-0
12.9308
-0
45.2235
-0
-0
-0
-0
-0
-0
-0
-0
-0
-0
-0
-0
-0
12.0654
-0
-0
-0
-0
-0
-0
-0
-0
-0
-0
-0
-0
-0
32.3655
-0
-0
17.2365
-0
-0
-0
-0
-0
-0
70.7346
-0
-0
-0
-0
-0
-0
-0
-0
-0
-0
-0
-0
-0
-0
-0
-0
-0
-0
-0
3.10229
-0
-0
-0
21.2502
-0
-0
-0
35.3307
-0
-0
-0
25.4624
0.475023
-0
12.078
-0
13.5587
-0
-0
23.9061
24.4942
7.66151
-0
-0
-0
-0
37.3921
-0
-0
-0
16.8773
20.034
-0
-0
-0
-0
-0
-0
13.2779
-0
-0
-0
-0
29.999
-0
9.09194
3.01898
-0
-0
19.0493
-0
-0
-0
-0
-0
-0
-0
-0
7.42182
-0
-0
-0
-0
-0
-0
-0
-0
-0
23.6947
-0
11.3082
29.0908
-0
-0
-0
-0
-0
56.058
-0
36.4629
-0
-0
-0
-0
20.6507
-0
-0
8.89636
-0
-0
-0
-0
-0
-0
-0
-0
11.9706
-0
-0
-0
-0
-0
-0
22.3076
-0
35.0327
-0
-0
19.1046
-0
-0
34.0047
-0
-0
-0
-0
-0
9.56389
-0
-0
-0
0.582542
21.1582
-0
-0
38.486
-0
-0
-0
15.7911
-0
-0
-0
-0
-0
-0
-0
-0
-0
-0
-0
13.1907
-0
-0
-0
-0
-0
-0
-0
-0
-0
-0
73.3716
-0
1.94841
-0
-0
-0
-0
-0
4.72162
-0
-0
-0
0.0118074
62.8337
-0
23.247
-0
-0
-0
-0
-0
-0
-0
-0
-0
-0
16.1715
-0
-0
-0
12.2215
-0
-0
25.4781
13.5962
34.2954
-0
-0
-0
-0
20.2442
12.3652
-0
-0
-0
-0
-0
-0
-0
-0
-0
-0
-0
-0
-0
-0
-0
-0
-0
-0
-0
-0
-0
-0
-0
-0
-0
-0
-0
-0
-0
-0
-0
-0
-0
34.0325
40.3075
43.3466
-0
-0
-0
-0
6.36338
-0
-0
-0
-0
-0
6.94179
-0
-0
-0
11.3569
12.7789
-0
25.0337
-0
-0
-0
-0
12.8489
-0
-0
-0
-0
-0
-0
-0
-0
-0
-0
0.823209
14.015
-0
-0
-0
-0
-0
-0
-0
12.2616
-0
-0
-0
-0
-0
-0
-0
-0
-0
-0
-0
-0
-0
-0
-0
35.2422
-0
-0
-0
-0
-0
-0
-0
-0
-0
21.9873
-0
0.470538
-0
-0
-0
-0
-0
-0
-0
-0
-0
-0
-0
-0
-0
8.12623
-0
-0
-0
-0
14.7966
-0
-0
-0
-0
-0
-0
4.7784
52.6013
-0
-0
-0
-0
-0
-0
-0
21.1727
-0
-0
37.2039
-0
-0
-0
-0
1.13789
-0
11.5313
6.19848
-0
-0
-0
-0
-0
-0
15.8481
-0
-0
-0
-0
50.0248
-0
-0
0.920053
-0
-0
-0
-0
-0
-0
-0
-0
-0
-0
2.82102
-0
-0
-0
-0
-0
41.182
-0
18.997
-0
-0
-0
2.38424
-0
-0
5.70986
-0
-0
-0
-0
-0
2.095
-0
-0
-0
-0
-0
-0
-0
-0
-0
-0
-0
-0
-0
-0
28.2311
-0
-0
-0
-0
-0
-0
-0
-0
-0
-0
1.73079
-0
-0
-0
-0
-0
34.1202
-0
18.8783
-0
-0
9.63743
-0
-0
-0
1.3145
-0
-0
-0
-0
13.0288
-0
-0
-0
-0
-0
-0
14.3029
-0
-0
-0
-0
-0
-0
38.4642
-0
-0
38.0347
-0
-0
-0
18.9409
-0
-0
-0
-0
16.465
-0
-0
-0
-0
-0
-0
-0
30.7591
-0
-0
-0
-0
-0
18.7977
-0
-0
-0
-0
70.3898
-0
-0
-0
-0
12.8202
-0
-0
3.06601
-0
4.41311
-0
-0
-0
-0
-0
6.2861
-0
-0
-0
-0
-0
-0
6.22679
-0
-0
7.66395
-0
-0
-0
20.8068
19.7242
-0
-0
-0
-0
-0
-0
-0
-0
53.1173
23.1131
31.5568
-0
-0
-0
-0
44.9131
-0
-0
19.4496
21.4422
-0
-0
-0
-0
-0
-0
-0
-0
-0
-0
-0
-0
-0
-0
-0
-0
-0
-0
-0
-0
-0
-0
-0
-0
-0
-0
-0
-0
-0
-0
-0
-0
-0
-0
-0
9.1326
-0
19.8986
-0
1.51955
0.664585
-0
-0
16.1345
-0
-0
53.2646
-0
-0
-0
-0
-0
1.81633
-0
-0
-0
-0
-0
49.85
-0
-0
-0
53.8268
-0
2.61584
-0
-0
-0
24.9091
-0
-0
-0
-0
-0
-0
39.7987
-0
25.7266
-0
-0
-0
-0
30.5284
-0
-0
-0
36.9487
-0
13.1391
-0
-0
-0
-0
-0
-0
-0
3.03438
-0
-0
-0
3.79321
2.41866
28.9495
-0
-0
-0
-0
-0
77.9819
-0
58.9484
-0
3.90735
-0
-0
-0
-0
-0
-0
-0
-0
-0
-0
10.3656
-0
-0
-0
-0
38.4847
-0
19.0215
-0
-0
4.13395
-0
-0
-0
-0
-0
-0
29.6048
29.5511
-0
-0
-0
-0
-0
-0
7.87861
-0
-0
-0
-0
4.74708
-0
-0
11.8044
-0
-0
-0
-0
-0
-0
-0
40.7246
10.3561
-0
-0
-0
-0
-0
-0
-0
-0
-0
-0
35.2658
-0
-0
-0
-0
-0
-0
-0
-0
-0
-0
-0
-0
-0
-0
-0
-0
-0
-0
1.05645
7.01341
49.3226
-0
-0
-0
5.35356
-0
0.868636
-0
-0
-0
9.0024
-0
-0
-0
-0
-0
-0
-0
-0
30.1305
-0
15.0575
-0
-0
7.36554
-0
-0
-0
-0
-0
-0
4.68688
-0
-0
-0
-0
-0
-0
-0
31.04
-0
-0
31.6739
-0
-0
22.7433
-0
-0
-0
-0
-0
-0
-0
-0
-0
7.58712
-0
-0
-0
-0
-0
-0
-0
-0
-0
17.9159
-0
-0
11.8068
-0
46.5087
-0
11.176
-0
-0
-0
-0
-0
-0
-0
-0
-0
-0
-0
7.40731
-0
-0
45.5522
-0
-0
-0
-0
-0
-0
-0
-0
-0
-0
-0
17.7498
-0
34.7354
19.3379
-0
-0
-0
30.8915
-0
-0
-0
-0
-0
-0
65.6451
-0
-0
-0
16.8196
-0
-0
-0
-0
-0
-0
28.4711
-0
-0
19.6624
-0
-0
-0
-0
-0
-0
-0
9.39252
-0
-0
89.5719
-0
-0
6.35522
22.119
-0
-0
-0
-0
-0
-0
-0
34.4251
-0
4.3454
-0
-0
-0
13.8921
19.3892
-0
-0
-0
-0
0.732034
22.0981
4.31763
-0
-0
-0
-0
-0
-0
-0
-0
-0
-0
4.21406
-0
-0
20.9447
-0
-0
-0
-0
-0
-0
-0
-0
-0
-0
-0
-0
-0
30.8176
-0
-0
-0
-0
-0
-0
-0
-0
-0
16.5916
-0
-0
-0
7.56815
-0
-0
-0
-0
-0
-0
-0
-0
-0
-0
-0
-0
-0
-0
5.94312
-0
-0
5.49059
-0
-0
35.0019
-0
-0
-0
-0
9.07542
-0
-0
-0
-0
-0
-0
59.9467
-0
33.2242
-0
-0
56.2742
-0
-0
-0
-0
-0
32.0147
53.9921
2.73156
-0
-0
-0
-0
-0
40.1217
-0
-0
-0
-0
-0
-0
37.4237
-0
-0
-0
-0
64.4878
-0
-0
-0
-0
-0
-0
-0
-0
-0
-0
0.555645
-0
30.8542
1.11347
-0
-0
-0
10.973
-0
-0
-0
-0
-0
-0
-0
-0
6.69074
46.4458
-0
-0
-0
-0
-0
-0
-0
-0
-0
-0
-0
-0
27.3183
-0
-0
4.81342
-0
-0
-0
-0
-0
-0
-0
-0
1.0171
-0
-0
-0
9.88903
-0
-0
-0
-0
-0
-0
-0
-0
-0
34.1452
-0
-0
-0
31.8362
-0
-0
-0
-0
-0
-0
-0
15.4959
-0
-0
29.9621
-0
-0
57.9984
-0
-0
-0
-0
-0
25.288
1.06767
-0
16.4836
-0
-0
-0
-0
-0
-0
-0
-0
-0
35.3347
-0
-0
-0
-0
-0
-0
-0
-0
-0
-0
-0
-0
-0
25.5062
-0
36.2393
-0
-0
-0
-0
29.5816
-0
-0
-0
14.578
-0
-0
-0
-0
-0
12.2256
15.036
-0
18.1859
-0
5.8723
-0
-0
-0
-0
-0
-0
-0
-0
-0
-0
-0
34.0939
-0
-0
-0
-0
-0
-0
-0
26.5785
-0
-0
-0
-0
45.7511
-0
15.9402
-0
-0
-0
-0
-0
33.0499
-0
-0
42.1206
20.5039
-0
23.0046
-0
-0
-0
28.2919
29.5089
15.7124
-0
3.89262
-0
-0
-0
-0
-0
-0
-0
-0
-0
-0
-0
-0
-0
-0
31.9718
-0
-0
-0
-0
3.53169
9.64723
-0
-0
-0
-0
-0
-0
-0
-0
-0
-0
39.9864
-0
-0
-0
8.66125
19.7362
-0
-0
-0
-0
-0
-0
-0
19.7939
-0
18.4767
-0
-0
-0
-0
-0
1.40105
27.0771
2.76593
-0
-0
27.0796
-0
-0
-0
17.3884
-0
-0
-0
5.03257
-0
-0
-0
-0
