-0
-0
-0
-0
-0
36.8182
-0
-0
16.8722
-0
-0
-0
6.12368
-0
-0
11.8507
-0
-0
-0
-0
-0
22.4347
-0
-0
2.13577
17.5533
-0
-0
-0
-0
-0
-0
-0
-0
-0
-0
-0
-0
-0
-0
-0
-0
-0
-0
-0
10.0414
-0
13.4763
-0
3.18716
-0
-0
-0
-0
-0
-0
-0
6.22444
55.4069
-0
-0
-0
20.1899
-0
30.8596
-0
33.0906
23.1337
-0
0.434703
-0
-0
-0
-0
-0
6.20477
6.26583
20.5264
-0
-0
-0
43.5203
-0
40.2824
-0
-0
-0
-0
-0
-0
-0
-0
30.5297
-0
0.738344
-0
7.28684
-0
-0
-0
-0
-0
-0
-0
39.8997
-0
48.0987
-0
-0
0.693136
-0
-0
0.0839709
-0
-0
67.3931
-0
-0
44.261
-0
50.1188
-0
-0
12.741
23.6735
-0
-0
-0
-0
-0
-0
-0
-0
-0
4.73278
17.2698
-0
-0
-0
-0
-0
-0
-0
-0
38.6829
-0
-0
-0
7.90776
-0
-0
-0
-0
-0
24.6915
-0
-0
-0
-0
-0
-0
-0
-0
82.6686
15.0578
-0
-0
-0
-0
0.754644
-0
-0
-0
-0
-0
-0
-0
-0
-0
-0
-0
-0
-0
-0
-0
80.3289
2.49452
-0
64.0503
-0
-0
67.9081
20.0858
5.46059
-0
-0
-0
15.8547
-0
-0
-0
11.4021
-0
-0
-0
-0
39.5518
-0
-0
-0
-0
-0
20.8388
-0
-0
-0
-0
-0
18.8339
-0
35.0922
-0
-0
-0
-0
-0
-0
-0
-0
-0
-0
-0
-0
-0
-0
-0
-0
-0
-0
-0
-0
27.2933
-0
-0
-0
-0
82.1085
-0
-0
-0
-0
-0
-0
8.44291
36.6755
-0
33.3328
-0
-0
-0
-0
-0
13.8663
-0
-0
-0
-0
-0
-0
-0
-0
-0
80.4594
-0
-0
-0
-0
-0
-0
-0
-0
1.69305
-0
-0
-0
-0
-0
-0
-0
-0
29.2649
6.37376
-0
-0
-0
-0
-0
-0
-0
48.2379
-0
-0
-0
-0
16.8569
23.3388
-0
-0
28.1696
-0
-0
-0
-0
-0
23.505
1.71941
-0
-0
-0
-0
-0
-0
-0
5.64797
11.4448
-0
-0
-0
-0
61.0331
-0
-0
26.0789
-0
-0
-0
-0
1.40963
-0
18.0338
-0
-0
-0
24.3413
-0
-0
-0
-0
93.5578
-0
-0
-0
-0
-0
7.96853
-0
-0
-0
-0
-0
29.7917
-0
-0
12.2908
-0
0.695346
-0
-0
10.753
-0
-0
-0
0.433428
91.2664
-0
-0
-0
-0
-0
-0
-0
-0
2.47829
-0
-0
-0
-0
-0
-0
-0
17.4373
8.37151
-0
-0
-0
-0
-0
-0
-0
-0
-0
11.9152
-0
-0
41.3485
7.35499
-0
-0
1.18742
-0
-0
-0
-0
-0
11.9456
-0
-0
-0
-0
-0
11.0609
-0
-0
-0
-0
-0
-0
19.1647
39.7976
-0
-0
47.3852
20.9094
-0
-0
-0
20.9641
-0
-0
-0
-0
15.3672
-0
-0
-0
-0
-0
-0
-0
-0
47.2169
11.0189
-0
-0
18.4472
66.4581
-0
-0
-0
-0
-0
-0
-0
-0
-0
37.9222
-0
-0
-0
-0
2.51378
-0
-0
-0
-0
-0
-0
-0
-0
-0
-0
-0
-0
50.807
-0
-0
-0
-0
-0
-0
54.5797
-0
8.41092
-0
-0
-0
48.8728
-0
-0
-0
-0
-0
-0
37.8942
-0
-0
49.5005
-0
-0
-0
-0
-0
0.605302
-0
-0
27.489
-0
-0
25.7827
-0
-0
13.7077
-0
13.004
-0
-0
17.356
0.032917
-0
-0
-0
-0
-0
-0
59.642
-0
-0
-0
0.502976
-0
-0
-0
-0
-0
-0
-0
4.72187
0.373654
-0
-0
-0
2.27926
-0
-0
42.8318
-0
17.558
-0
20.8159
20.4275
-0
3.38909
13.3778
-0
-0
-0
-0
-0
-0
-0
-0
1.75717
55.8685
-0
-0
-0
-0
-0
49.5203
49.4194
-0
-0
-0
2.33788
-0
-0
-0
30.2036
0.353756
45.7821
-0
-0
-0
-0
-0
29.4785
-0
40.7101
-0
11.4211
28.7563
-0
-0
-0
-0
-0
-0
-0
-0
35.8661
-0
-0
2.33221
-0
-0
45.9509
68.8974
-0
11.9423
-0
2.62407
-0
-0
67.1707
-0
-0
-0
-0
-0
-0
-0
5.02828
-0
-0
-0
-0
-0
-0
-0
-0
-0
-0
-0
-0
-0
-0
-0
-0
45.2282
-0
-0
-0
21.3671
3.73338
-0
5.77601
-0
-0
-0
-0
-0
-0
27.0081
-0
-0
46.6186
-0
-0
-0
-0
-0
-0
-0
-0
-0
17.7501
-0
-0
0.0518283
21.476
-0
-0
6.8739
-0
-0
11.3694
-0
-0
-0
-0
-0
-0
2.84941
9.4849
-0
-0
-0
-0
-0
-0
-0
-0
-0
-0
94.7216
27.9368
-0
-0
-0
-0
-0
23.5079
-0
-0
-0
8.52927
23.0634
-0
-0
3.03447
-0
-0
58.0067
-0
-0
-0
-0
-0
7.61548
-0
13.6771
15.3547
-0
1.3762
-0
23.7972
-0
1.58243
-0
-0
-0
-0
-0
-0
-0
14.751
-0
-0
15.8661
24.261
-0
-0
-0
-0
7.51326
-0
5.17211
12.9268
21.1321
-0
-0
-0
-0
0.0399796
-0
12.6515
40.2651
-0
-0
0.167535
-0
-0
-0
-0
-0
-0
-0
-0
-0
21.547
-0
0.321221
73.2824
-0
-0
-0
39.587
86.7815
-0
-0
-0
-0
-0
-0
36.4915
-0
-0
-0
-0
-0
-0
-0
-0
-0
-0
2.14443
-0
-0
0.16144
-0
-0
-0
-0
-0
-0
21.2596
-0
-0
-0
64.9607
-0
-0
3.74962
-0
-0
-0
-0
10.7545
-0
-0
62.07
-0
3.24894
13.4471
-0
-0
-0
44.9864
-0
-0
-0
-0
-0
-0
-0
34.2956
-0
-0
19.0966
-0
-0
-0
5.36433
80.4008
-0
6.05826
1.50508
-0
-0
-0
-0
-0
-0
-0
29.0342
-0
-0
-0
-0
-0
-0
-0
-0
-0
20.9856
12.5989
-0
-0
-0
-0
-0
-0
-0
-0
-0
5.7199
21.5324
-0
4.68502
-0
-0
-0
36.9001
-0
-0
-0
-0
-0
-0
21.6348
-0
23.7827
-0
-0
23.4762
-0
-0
-0
-0
-0
10.3745
45.7494
-0
-0
-0
-0
10.3529
-0
-0
44.2818
4.07448
-0
-0
-0
20.5433
-0
20.7161
-0
-0
-0
-0
34.8462
-0
-0
-0
-0
2.61399
8.3147
-0
40.1154
42.6156
-0
-0
-0
-0
-0
-0
0.801618
-0
-0
-0
-0
-0
-0
23.363
3.51912
-0
-0
-0
-0
-0
-0
-0
-0
-0
1.63048
-0
-0
-0
89.632
-0
14.039
-0
36.0131
11.639
-0
37.651
36.008
-0
-0
-0
-0
-0
-0
-0
-0
-0
-0
-0
-0
-0
20.4033
-0
-0
-0
-0
-0
-0
-0
21.0139
-0
-0
-0
14.5728
-0
1.29836
-0
36.6659
-0
-0
-0
-0
-0
12.1616
-0
16.6923
-0
-0
-0
13.4414
-0
-0
2.73145
-0
15.961
-0
-0
9.96151
-0
13.3246
-0
-0
8.16311
-0
-0
-0
-0
-0
23.6692
-0
15.2278
-0
-0
-0
64.6996
-0
0.288865
-0
-0
-0
-0
-0
0.242408
47.3864
2.00927
-0
7.76803
-0
-0
8.69168
-0
-0
24.9803
30.6906
-0
20.2726
-0
14.5798
-0
-0
-0
-0
-0
-0
102.635
42.3849
-0
-0
-0
-0
-0
-0
-0
-0
-0
-0
-0
20.0225
25.1104
-0
31.5749
-0
-0
-0
-0
-0
-0
19.1875
-0
-0
-0
-0
21.2511
-0
-0
-0
-0
-0
-0
-0
-0
28.3821
-0
24.5035
-0
-0
-0
-0
27.7057
-0
22.7051
-0
-0
-0
1.67461
-0
-0
-0
-0
-0
-0
13.6304
10.6558
13.6578
-0
-0
-0
-0
-0
-0
-0
-0
-0
-0
25.6982
-0
-0
-0
-0
-0
-0
-0
-0
-0
18.7049
9.05332
3.07589
-0
-0
11.9479
-0
-0
-0
-0
4.7621
-0
-0
-0
-0
-0
-0
16.177
-0
-0
-0
-0
-0
-0
-0
-0
25.8627
11.2995
22.1188
13.5178
-0
-0
-0
-0
-0
-0
-0
-0
-0
27.2798
-0
-0
10.3018
-0
-0
-0
-0
-0
16.8483
17.8424
-0
-0
-0
-0
-0
-0
-0
-0
9.39819
0.0713327
-0
6.4964
-0
-0
19.7892
-0
24.8501
-0
-0
-0
-0
50.1592
-0
-0
4.4712
-0
-0
43.12
5.64338
-0
-0
14.5638
-0
-0
27.403
-0
-0
-0
-0
-0
-0
-0
-0
-0
-0
-0
-0
-0
-0
-0
15.967
-0
-0
-0
-0
-0
44.7131
-0
-0
8.50639
-0
-0
-0
-0
-0
49.9849
-0
-0
-0
-0
-0
-0
10.3068
-0
38.6286
-0
-0
-0
-0
-0
-0
-0
-0
-0
-0
11.6132
-0
14.808
-0
63.1114
-0
8.10341
25.9444
-0
34.912
-0
-0
4.30696
-0
-0
-0
-0
66.2562
-0
-0
9.47944
33.6169
-0
-0
-0
22.4264
-0
-0
6.97525
-0
30.5692
-0
-0
-0
-0
-0
-0
33.1033
8.06696
14.7764
-0
-0
-0
1.78984
-0
3.0929
-0
37.0471
-0
-0
-0
0.906735
-0
16.2613
-0
-0
-0
-0
46.3098
-0
-0
10.4224
18.9416
-0
-0
-0
-0
-0
-0
-0
-0
-0
-0
-0
0.548669
-0
-0
-0
-0
-0
0.192096
-0
-0
-0
-0
66.151
27.5903
-0
-0
-0
-0
-0
-0
16.4563
-0
-0
-0
-0
-0
-0
-0
-0
-0
59.4727
-0
41.2326
39.0071
-0
-0
-0
20.7545
-0
26.5644
-0
-0
-0
15.9784
-0
19.3358
-0
-0
-0
-0
3.61294
-0
7.7263
-0
-0
-0
-0
-0
10.638
-0
-0
-0
-0
-0
-0
-0
-0
-0
-0
-0
-0
31.091
-0
-0
-0
1.74978
24.5694
-0
-0
-0
-0
-0
24.8742
-0
-0
-0
56.3139
-0
-0
-0
-0
-0
39.9023
-0
-0
-0
-0
-0
-0
-0
-0
-0
-0
-0
-0
-0
-0
-0
-0
14.0926
-0
-0
-0
-0
-0
-0
-0
-0
-0
-0
-0
-0
-0
-0
-0
-0
-0
6.6824
-0
-0
-0
-0
23.1799
8.75161
-0
-0
-0
-0
-0
-0
-0
32.5346
30.9614
-0
-0
-0
-0
-0
3.76023
-0
-0
-0
-0
-0
-0
-0
-0
-0
-0
-0
-0
-0
-0
19.5969
-0
-0
-0
-0
45.9343
-0
-0
-0
11.6364
-0
-0
-0
-0
15.6596
-0
-0
7.56947
-0
-0
-0
-0
-0
-0
-0
0.030806
-0
-0
-0
-0
-0
-0
3.34738
-0
-0
37.5937
-0
-0
-0
-0
-0
-0
5.1036
-0
-0
12.8363
-0
-0
14.7298
-0
-0
-0
-0
-0
-0
-0
-0
-0
34.6186
-0
-0
19.3076
-0
-0
-0
-0
-0
3.79887
-0
-0
-0
-0
-0
14.8308
-0
-0
-0
12.1881
-0
-0
-0
-0
-0
-0
7.65665
-0
-0
-0
-0
-0
-0
-0
-0
-0
26.9493
-0
0.373051
-0
-0
-0
-0
-0
-0
-0
46.2105
10.2784
-0
3.27757
-0
-0
-0
14.3114
-0
-0
9.56007
-0
-0
-0
-0
24.7889
-0
-0
38.7
-0
-0
16.3147
-0
-0
21.6362
-0
-0
-0
28.2101
-0
-0
-0
-0
-0
-0
-0
20.2024
15.9948
21.0233
-0
-0
3.90294
-0
-0
-0
-0
-0
39.1618
-0
26.7605
-0
-0
-0
-0
21.5782
-0
-0
34.7019
-0
7.57623
30.7385
-0
-0
54.6589
-0
-0
-0
-0
-0
-0
-0
-0
-0
-0
-0
-0
21.0582
-0
13.089
-0
-0
-0
-0
-0
-0
-0
-0
31.2832
-0
-0
-0
-0
-0
-0
-0
-0
-0
-0
-0
-0
-0
74.4997
-0
-0
-0
-0
-0
-0
31.887
-0
-0
-0
-0
-0
-0
-0
-0
-0
-0
-0
-0
-0
-0
-0
-0
-0
-0
-0
-0
29.7411
-0
-0
-0
-0
-0
-0
-0
-0
-0
-0
6.61228
-0
10.2929
0.554639
-0
7.72049
-0
-0
-0
-0
-0
-0
-0
54.0937
-0
-0
-0
16.3899
-0
-0
6.06518
-0
22.0097
-0
-0
-0
-0
-0
71.3076
-0
-0
-0
19.7108
-0
-0
-0
-0
67.4733
-0
-0
-0
-0
-0
33.8107
-0
-0
-0
-0
-0
-0
-0
-0
-0
-0
-0
-0
-0
21.131
15.7199
-0
29.9885
-0
-0
-0
-0
-0
-0
-0
5.45236
33.4713
-0
-0
-0
9.10466
-0
-0
-0
-0
-0
-0
-0
-0
20.4286
-0
-0
-0
-0
-0
13.8605
-0
22.2316
26.858
-0
-0
-0
-0
-0
47.2022
0.248032
-0
-0
43.8666
-0
8.51877
-0
38.0618
0.0533057
-0
-0
-0
-0
-0
-0
-0
-0
-0
-0
51.3276
-0
-0
-0
-0
-0
-0
-0
-0
52.1598
21.2653
-0
-0
-0
12.217
-0
-0
15.6887
-0
-0
-0
-0
27.3296
-0
-0
0.265027
-0
-0
-0
-0
-0
28.9629
22.7
32.0603
-0
60.3962
-0
8.26468
93.3712
83.6752
-0
-0
24.0178
-0
-0
52.7087
2.2847
-0
-0
-0
-0
-0
-0
-0
-0
-0
-0
-0
-0
-0
2.76477
-0
58.8062
-0
-0
-0
24.165
-0
-0
-0
-0
-0
-0
23.723
38.8943
-0
-0
-0
-0
35.1117
-0
-0
-0
2.56754
-0
77.1091
-0
-0
-0
-0
33.0597
1.40556
-0
-0
-0
-0
-0
-0
-0
25.2539
48.7196
-0
-0
-0
-0
-0
-0
-0
-0
-0
-0
11.5873
32.8222
-0
-0
6.39032
-0
1.59478
-0
88.2863
-0
13.7223
-0
13.175
0.4968
58.3752
-0
-0
13.0376
-0
-0
-0
30.0826
10.0432
-0
-0
-0
-0
53.9593
27.5077
-0
15.7656
-0
-0
5.44298
27.137
16.5609
-0
-0
-0
-0
-0
8.05862
22.4678
-0
-0
1.75286
-0
-0
67.633
-0
-0
-0
-0
2.63239
-0
14.4396
-0
-0
-0
-0
-0
-0
19.615
-0
-0
-0
-0
65.7807
-0
-0
1.73617
-0
56.5993
70.3605
-0
-0
-0
-0
1.92685
-0
-0
-0
-0
-0
-0
53.2518
-0
-0
-0
-0
-0
-0
21.8944
-0
10.6308
-0
-0
19.5766
-0
2.39017
-0
39.6644
-0
-0
-0
-0
-0
-0
-0
-0
-0
5.94967
-0
-0
-0
-0
-0
-0
-0
15.7239
-0
-0
-0
36.9899
-0
-0
-0
2.96427
-0
34.8552
-0
-0
19.9744
-0
-0
29.9075
41.8896
-0
15.2471
-0
-0
66.7033
13.7959
-0
-0
31.0996
-0
-0
8.96996
-0
-0
-0
-0
-0
-0
1.21015
37.8708
-0
-0
-0
-0
-0
-0
-0
15.1076
-0
50.1076
-0
-0
-0
-0
-0
-0
16.0692
-0
12.4875
10.5884
-0
-0
-0
-0
-0
17.1758
-0
-0
42.0664
-0
-0
-0
-0
-0
-0
27.3834
52.3987
-0
59.5086
-0
-0
-0
44.9258
-0
-0
-0
-0
3.57811
-0
-0
-0
-0
-0
-0
-0
-0
-0
-0
40.8563
27.908
-0
-0
-0
-0
-0
-0
-0
-0
-0
-0
-0
-0
-0
-0
31.3026
-0
42.0017
7.67546
-0
-0
-0
-0
19.0478
-0
-0
-0
-0
-0
-0
-0
39.5552
-0
-0
-0
-0
-0
51.4033
-0
-0
29.9043
-0
18.8551
5.99159
-0
79.3391
8.15378
-0
-0
-0
-0
-0
-0
-0
-0
-0
-0
-0
-0
-0
-0
-0
21.1842
-0
-0
-0
-0
-0
-0
49.0926
-0
-0
-0
-0
-0
-0
-0
8.7664
-0
-0
7.73311
-0
-0
-0
-0
-0
6.96376
15.1833
-0
-0
9.40414
-0
-0
-0
31.6066
-0
44.9087
25.7491
10.687
-0
-0
17.1642
-0
27.7209
-0
-0
-0
-0
-0
-0
-0
-0
-0
24.5712
-0
2.98103
-0
-0
4.63726
-0
-0
32.375
-0
-0
-0
26.5556
-0
5.31688
-0
-0
-0
-0
-0
-0
-0
-0
-0
-0
-0
-0
-0
-0
-0
0.616827
-0
-0
-0
14.2863
-0
-0
-0
-0
28.1425
-0
32.8391
-0
-0
-0
19.2012
-0
-0
-0
-0
-0
0.504834
-0
-0
-0
-0
28.0234
-0
-0
-0
-0
-0
57.013
11.8971
32.6607
-0
-0
-0
-0
35.3953
13.559
88.2466
-0
-0
-0
34.6615
51.888
-0
-0
-0
-0
7.10455
-0
8.35426
-0
0.873057
21.0941
-0
-0
23.6658
2.55949
-0
-0
-0
-0
-0
-0
-0
-0
-0
-0
-0
-0
17.6333
-0
-0
-0
-0
-0
26.3291
-0
-0
-0
36.7134
-0
-0
-0
-0
-0
-0
-0
32.1438
-0
-0
-0
-0
-0
-0
-0
-0
-0
-0
-0
-0
-0
-0
-0
-0
-0
106.128
2.96422
-0
-0
-0
-0
-0
-0
-0
-0
-0
55.3718
-0
-0
-0
-0
-0
-0
1.29079
-0
-0
-0
-0
-0
6.99609
-0
-0
-0
-0
-0
34.9561
-0
-0
24.3667
-0
51.6308
-0
-0
15.1097
-0
-0
28.5499
-0
-0
-0
-0
-0
-0
46.19
-0
-0
-0
-0
-0
-0
10.0158
-0
-0
-0
-0
-0
-0
-0
-0
-0
-0
-0
-0
44.2975
-0
11.829
3.44137
-0
-0
-0
0.0895354
-0
-0
2.78821
25.6421
3.33429
-0
-0
38.9528
-0
77.1225
-0
-0
-0
-0
-0
21.5534
39.1227
-0
-0
-0
-0
-0
16.1825
-0
-0
-0
-0
-0
-0
-0
-0
-0
-0
-0
-0
-0
-0
-0
-0
-0
-0
27.9898
-0
-0
-0
-0
-0
-0
-0
-0
-0
-0
-0
-0
-0
34.4342
-0
-0
-0
-0
-0
70.5065
-0
-0
-0
-0
-0
-0
-0
-0
-0
4.76286
-0
-0
-0
-0
1.65038
-0
-0
0.275557
-0
-0
-0
31.1247
-0
-0
-0
-0
17.129
-0
-0
-0
-0
-0
-0
-0
-0
2.27153
-0
-0
-0
-0
-0
-0
-0
-0
-0
-0
1.20301
-0
-0
-0
19.2444
-0
36.0748
-0
6.29289
83.7631
-0
-0
-0
27.5487
30.2364
-0
27.8089
-0
-0
6.96008
-0
50.4046
-0
22.0424
-0
-0
19.7891
41.5079
-0
-0
-0
-0
-0
-0
-0
-0
-0
55.6859
-0
-0
3.98426
-0
-0
-0
-0
-0
-0
-0
-0
-0
42.9939
-0
-0
-0
16.9992
2.62145
-0
-0
0.103979
-0
-0
-0
-0
-0
-0
-0
-0
-0
-0
5.47655
-0
-0
51.3008
-0
-0
-0
-0
-0
-0
-0
49.0034
-0
35.8039
-0
-0
-0
-0
-0
-0
-0
-0
-0
-0
-0
-0
-0
-0
-0
-0
-0
-0
-0
35.4657
13.3779
-0
-0
-0
-0
18.8823
-0
-0
-0
-0
-0
-0
1.51413
-0
-0
26.2655
57.7401
-0
15.8753
-0
-0
-0
11.3458
-0
-0
62.6714
-0
-0
-0
-0
-0
-0
-0
-0
-0
-0
-0
-0
-0
-0
-0
13.752
-0
-0
-0
-0
-0
-0
-0
-0
-0
-0
-0
-0
-0
-0
-0
-0
-0
46.0572
-0
-0
35.9025
-0
-0
-0
-0
-0
-0
-0
-0
-0
-0
-0
-0
-0
-0
-0
-0
20.6587
-0
16.5156
-0
-0
8.61848
-0
50.9852
-0
-0
19.7887
22.0935
33.3488
-0
-0
-0
19.9895
-0
33.1914
-0
29.4448
-0
-0
-0
29.8877
-0
-0
-0
-0
-0
61.1128
-0
-0
-0
2.82696
-0
-0
-0
-0
-0
-0
-0
22.8511
-0
-0
-0
-0
10.3965
-0
5.76369
-0
-0
-0
17.401
-0
-0
9.41798
-0
-0
-0
-0
-0
-0
-0
3.0605
-0
-0
-0
-0
-0
-0
-0
-0
-0
-0
50.1824
-0
-0
-0
29.8207
-0
-0
-0
-0
-0
-0
-0
-0
29.8868
-0
28.0267
-0
-0
-0
-0
-0
44.7362
-0
-0
-0
-0
-0
-0
-0
15.3305
-0
-0
30.657
-0
83.6465
-0
8.0361
20.4652
-0
-0
5.84511
-0
-0
-0
-0
-0
-0
-0
-0
-0
40.801
-0
-0
-0
35.2415
-0
-0
-0
48.7626
-0
-0
-0
-0
-0
-0
1.86879
-0
-0
6.84332
-0
0.466505
9.74835
-0
-0
-0
3.78164
-0
-0
-0
-0
-0
52.7905
-0
3.78671
10.8683
-0
-0
-0
-0
-0
-0
-0
-0
12.6607
93.7708
-0
-0
-0
-0
-0
-0
-0
-0
-0
-0
-0
-0
12.1371
33.3452
-0
-0
-0
-0
-0
41.8065
31.1165
41.7347
-0
-0
-0
-0
-0
5.84156
-0
0.924685
-0
-0
-0
-0
-0
-0
-0
-0
-0
-0
-0
-0
-0
-0
-0
3.43249
-0
-0
-0
-0
-0
-0
-0
-0
-0
-0
-0
-0
8.48933
-0
-0
-0
35.4871
30.1605
-0
-0
-0
-0
12.7208
-0
-0
-0
-0
-0
31.0952
-0
-0
-0
-0
49.4221
1.66315
5.48473
-0
-0
1.58832
-0
58.1096
-0
-0
-0
-0
21.0941
-0
-0
-0
-0
-0
-0
17.2881
-0
-0
-0
-0
22.9131
-0
-0
-0
-0
-0
-0
-0
-0
-0
-0
-0
-0
-0
-0
-0
-0
-0
-0
39.3992
-0
-0
-0
-0
-0
-0
-0
32.6902
-0
10.6085
-0
-0
29.4415
4.93471
31.6799
-0
2.59275
-0
-0
-0
-0
-0
-0
-0
-0
9.8642
-0
-0
-0
3.182
35.707
-0
-0
-0
-0
2.24607
-0
4.48599
-0
-0
-0
-0
-0
-0
-0
-0
12.0555
-0
-0
1.74159
-0
-0
-0
-0
-0
-0
4.18446
9.6652
-0
-0
-0
-0
-0
-0
29.8206
15.2894
-0
-0
-0
40.988
-0
-0
15.1372
-0
-0
-0
-0
-0
-0
-0
-0
-0
-0
10.1308
-0
-0
-0
-0
-0
47.2577
-0
-0
13.6309
-0
17.0039
28.2689
-0
-0
10.551
-0
-0
-0
-0
-0
2.55134
-0
-0
-0
-0
-0
-0
-0
11.9945
-0
-0
-0
-0
-0
-0
10.0682
23.5834
-0
-0
-0
-0
-0
-0
-0
-0
-0
-0
-0
-0
-0
-0
-0
38.661
-0
-0
-0
-0
-0
38.902
-0
-0
14.7137
-0
45.0365
-0
-0
-0
-0
-0
-0
-0
-0
-0
75.2346
-0
-0
-0
-0
-0
-0
86.9096
-0
-0
62.3846
-0
-0
-0
40.3448
-0
-0
-0
-0
51.616
-0
-0
-0
-0
-0
-0
22.2608
20.3441
-0
-0
-0
31.0745
-0
4.5641
-0
-0
-0
-0
31.5174
-0
6.41158
-0
-0
-0
-0
-0
11.5021
-0
2.84596
-0
-0
-0
-0
-0
-0
-0
-0
7.4159
-0
-0
-0
-0
-0
-0
46.3819
-0
-0
30.2549
-0
-0
-0
-0
-0
-0
-0
-0
-0
-0
32.0446
16.3814
39.3114
-0
-0
12.8612
-0
3.354
-0
-0
21.1471
51.2879
-0
-0
-0
24.091
-0
11.385
-0
-0
-0
-0
-0
-0
-0
-0
39.3109
-0
-0
-0
0.590452
26.0572
-0
35.8621
-0
-0
-0
-0
-0
-0
-0
37.6987
0.660592
-0
-0
7.03214
-0
34.3911
12.734
-0
5.74639
-0
44.9037
-0
-0
0.23081
31.5687
-0
12.6556
-0
-0
-0
-0
-0
0.318134
-0
-0
20.9373
-0
-0
52.5637
21.3598
-0
-0
-0
-0
11.2854
-0
-0
-0
86.6348
-0
36.7752
-0
-0
-0
-0
60.9735
-0
-0
-0
-0
-0
-0
3.86046
-0
0.254432
-0
-0
-0
22.0279
-0
2.23297
-0
-0
-0
-0
-0
-0
-0
-0
-0
21.2115
3.91567
-0
-0
-0
-0
-0
-0
-0
-0
36.2588
-0
-0
-0
0.715255
-0
-0
-0
-0
-0
-0
-0
-0
-0
-0
9.36714
-0
-0
22.9378
-0
-0
-0
5.71751
1.80811
-0
-0
-0
-0
-0
-0
-0
46.9933
-0
0.0417318
24.5708
-0
-0
-0
3.98521
4.66154
-0
-0
-0
-0
22.4455
-0
50.5812
-0
-0
-0
-0
-0
-0
-0
63.5237
-0
-0
-0
-0
-0
-0
-0
-0
-0
-0
-0
18.897
-0
-0
-0
-0
-0
-0
-0
-0
-0
-0
-0
-0
-0
-0
-0
-0
15.9636
-0
6.8794
-0
53.9954
-0
-0
-0
19.8249
-0
13.5672
-0
-0
37.8536
10.8403
2.67254
-0
-0
-0
-0
-0
9.03518
-0
54.1118
-0
18.5603
-0
-0
86.1706
-0
-0
-0
22.5994
-0
-0
-0
-0
-0
-0
5.83349
-0
-0
-0
-0
-0
-0
6.82954
-0
-0
-0
-0
-0
-0
-0
-0
-0
-0
-0
-0
11.3128
-0
-0
-0
-0
-0
-0
-0
-0
-0
15.3338
-0
-0
-0
-0
63.1832
-0
9.38253
0.681334
-0
-0
-0
-0
-0
-0
-0
-0
-0
-0
31.8546
-0
-0
33.9807
-0
-0
-0
-0
-0
-0
-0
-0
2.77911
-0
-0
-0
-0
45.4851
-0
-0
-0
-0
17.8407
-0
41.7781
-0
-0
-0
8.74018
40.1536
-0
-0
4.13859
-0
-0
-0
-0
-0
-0
-0
61.4396
-0
-0
-0
40.2236
12.3072
-0
-0
-0
-0
-0
-0
-0
-0
92.2137
-0
-0
-0
14.3149
-0
-0
-0
-0
-0
-0
-0
106.346
-0
-0
-0
-0
14.9484
33.1406
5.63431
-0
-0
-0
-0
-0
-0
-0
-0
-0
-0
-0
-0
-0
-0
-0
-0
-0
2.02382
-0
-0
17.6763
-0
-0
-0
-0
-0
-0
-0
-0
-0
-0
-0
-0
-0
-0
-0
-0
-0
-0
28.196
-0
16.016
-0
-0
64.543
-0
-0
54.8254
-0
-0
-0
-0
-0
-0
-0
0.697409
29.5021
-0
-0
-0
-0
3.02524
-0
15.6112
-0
-0
3.11814
-0
18.5812
31.0384
28.1567
-0
-0
0.6262
6.39968
-0
-0
-0
-0
-0
-0
28.0753
-0
25.0979
-0
-0
32.6055
-0
-0
-0
-0
-0
74.5512
36.5551
19.9587
-0
-0
-0
-0
-0
-0
-0
-0
-0
31.2045
-0
-0
-0
-0
-0
-0
-0
12.0635
-0
-0
17.791
-0
-0
-0
-0
-0
-0
-0
10.046
-0
13.628
36.2213
-0
-0
-0
-0
-0
-0
-0
-0
2.62104
-0
-0
-0
20.208
45.2874
-0
-0
-0
-0
-0
-0
-0
-0
-0
-0
-0
-0
35.138
-0
-0
3.34324
-0
-0
-0
-0
-0
-0
-0
-0
17.0693
-0
-0
-0
42.4931
-0
-0
-0
-0
-0
-0
-0
-0
-0
34.976
-0
21.4682
4.59264
0.621219
-0
-0
-0
-0
41.5712
-0
-0
24.0899
-0
-0
63.2726
-0
-0
1.79128
-0
1.10746
-0
-0
-0
-0
2.21721
-0
5.55539
-0
-0
12.758
-0
-0
-0
-0
-0
-0
54.4804
-0
-0
-0
-0
-0
-0
-0
-0
-0
-0
-0
-0
-0
-0
6.79076
57.6354
-0
-0
-0
-0
16.149
-0
-0
-0
21.9154
-0
-0
-0
-0
-0
5.77927
30.4416
-0
-0
-0
-0
-0
-0
-0
-0
-0
-0
-0
-0
-0
-0
20.2653
22.9625
-0
-0
-0
36.1687
-0
-0
-0
26.6391
-0
-0
-0
-0
35.2433
-0
39.1638
-0
5.39844
-0
-0
-0
36.6632
-0
-0
57.0261
52.2293
26.0569
14.4939
-0
-0
32.5103
18.6367
-0
2.25474
-0
5.26734
29.6595
-0
-0
-0
-0
-0
-0
-0
-0
-0
-0
-0
-0
-0
2.66582
-0
-0
-0
3.98486
35.9882
25.5122
-0
-0
-0
0.86722
-0
-0
-0
-0
-0
-0
-0
-0
-0
-0
-0
41.1756
-0
-0
-0
-0
-0
-0
13.924
-0
-0
14.0294
-0
-0
-0
-0
-0
27.9204
4.53869
-0
2.1215
18.5132
32.1355
-0
-0
-0
66.134
-0
-0
-0
59.2183
-0
-0
-0
-0
