1.8759
-0
-0
-0
-0
15.1381
-0
-0
8.24776
-0
-0
-0
11.3234
-0
-0
2.34786
3.08878
-0
-0
-0
-0
-0
-0
-0
6.56536
-0
19.328
-0
-0
-0
-0
-0
-0
-0
3.38284
-0
-0
-0
-0
-0
-0
-0
-0
8.59466
-0
-0
-0
26.1639
-0
-0
-0
-0
-0
-0
-0
-0
9.62891
3.62534
24.5979
-0
-0
-0
7.37806
-0
9.59452
-0
-0
-0
17.9017
0.707376
-0
-0
-0
-0
-0
4.30182
21.0576
-0
-0
-0
-0
58.0639
-0
55.2954
-0
-0
-0
1.41161
-0
-0
15.8796
-0
-0
-0
-0
-0
7.61967
3.22916
21.2227
-0
-0
-0
-0
6.05728
-0
-0
29.7869
-0
-0
-0
-0
-0
0.367832
-0
-0
19.9682
-0
-0
30.3948
42.2592
-0
3.91615
13.8
14.2699
-0
-0
-0
-0
-0
-0
5.6733
-0
9.05037
-0
1.36829
1.76256
-0
4.29803
-0
-0
3.14818
-0
-0
-0
5.41749
-0
-0
-0
-0
-0
-0
-0
-0
-0
0.115033
-0
-0
1.64106
-0
1.23653
-0
-0
-0
35.8714
7.84749
-0
2.92788
-0
-0
19.0403
-0
-0
-0
-0
0.767961
-0
-0
-0
-0
-0
-0
-0
-0
-0
-0
77.372
-0
-0
38.6109
-0
18.5925
35.9974
7.33104
5.99095
-0
-0
-0
12.722
-0
-0
-0
0.110777
10.6181
-0
-0
-0
24.5456
-0
-0
-0
-0
-0
3.16467
-0
-0
-0
-0
-0
-0
-0
22.703
-0
-0
-0
-0
0.34621
-0
-0
-0
-0
-0
-0
-0
-0
-0
-0
-0
-0
-0
-0
-0
15.3599
-0
-0
-0
-0
10.5742
-0
-0
-0
-0
-0
-0
15.1319
10.1232
3.02855
-0
6.09251
-0
-0
-0
-0
-0
-0
0.0310942
-0
-0
-0
-0
-0
-0
-0
34.6021
12.5265
-0
-0
-0
-0
-0
-0
-0
0.817842
-0
29.3668
-0
-0
-0
-0
-0
-0
-0
-0
11.2723
-0
12.5623
-0
-0
-0
-0
29.2609
-0
-0
-0
-0
27.2639
29.8261
-0
-0
24.2328
-0
-0
-0
-0
-0
11.8564
1.62623
-0
-0
-0
-0
-0
-0
-0
-0
7.69195
-0
-0
-0
-0
33.4835
-0
-0
3.14803
-0
-0
0.237407
-0
2.20906
-0
22.592
-0
-0
15.9512
19.5016
-0
-0
-0
-0
34.6982
-0
-0
-0
-0
-0
0.343967
-0
-0
-0
-0
-0
7.40131
-0
-0
6.66612
-0
0.947117
-0
-0
12.9902
-0
-0
-0
0.258859
48.2239
-0
-0
-0
0.842108
-0
-0
-0
-0
0.43247
-0
-0
1.17379
-0
-0
-0
-0
-0
16.7159
-0
-0
-0
5.61214
-0
-0
-0
10.6261
21.6187
-0
-0
-0
7.85206
-0
-0
-0
-0
-0
-0
-0
-0
-0
45.3401
-0
-0
-0
-0
-0
22.9969
-0
-0
-0
5.11171
-0
-0
14.9631
30.247
-0
-0
37.6111
29.3685
-0
14.098
-0
25.8793
-0
-0
-0
-0
-0
-0
-0
-0
-0
-0
2.02391
-0
-0
29.5193
15.7287
-0
-0
20.4945
29.4799
-0
-0
-0
-0
-0
-0
-0
-0
-0
-0
-0
-0
7.56193
-0
-0
-0
-0
-0
-0
-0
-0
-0
-0
-0
-0
-0
-0
15.3913
-0
-0
-0
-0
-0
-0
13.8922
-0
-0
2.60138
-0
5.01002
15.7142
-0
-0
24.7739
-0
-0
-0
11.4197
-0
-0
36.5921
-0
-0
-0
-0
-0
-0
0.553037
-0
-0
-0
18.6908
30.9124
-0
-0
7.06599
-0
10.1361
-0
-0
0.757291
-0
-0
-0
-0
-0
-0
-0
18.7175
-0
3.99506
7.9526
-0
-0
-0
-0
-0
-0
-0
-0
20.537
9.05423
-0
-0
-0
19.5697
-0
-0
53.2364
18.7802
-0
-0
-0
3.8842
-0
8.54997
13.6047
-0
0.669588
-0
-0
-0
-0
-0
-0
-0
3.5841
-0
-0
-0
-0
-0
38.392
7.82339
-0
-0
-0
-0
-0
-0
-0
-0
-0
56.2211
-0
-0
-0
-0
-0
46.1502
-0
13.4636
-0
-0
25.0853
-0
-0
-0
-0
-0
-0
16.9468
-0
25.2682
-0
25.8653
7.29271
-0
-0
-0
55.3859
-0
-0
-0
-0
-0
-0
58.7498
-0
-0
-0
-0
-0
-0
-0
33.6717
-0
-0
-0
-0
-0
-0
-0
-0
-0
-0
-0
-0
-0
-0
-0
-0
18.6113
0.654868
-0
-0
-0
-0
-0
-0
0.292016
-0
-0
-0
9.02875
-0
13.8238
19.9288
-0
33.6658
-0
-0
-0
-0
0.403713
-0
-0
-0
40.068
-0
-0
-0
0.353935
14.8631
-0
-0
-0
-0
-0
11.8533
-0
-0
-0
-0
-0
-0
6.72476
-0
-0
-0
-0
-0
-0
-0
-0
-0
-0
-0
73.8532
-0
-0
-0
-0
-0
-0
67.5398
-0
-0
-0
-0
18.3555
-0
-0
-0
-0
-0
-0
-0
3.89754
-0
-0
-0
-0
-0
-0
19.7347
-0
23.1574
-0
-0
-0
1.78643
-0
-0
-0
-0
-0
-0
-0
2.11871
-0
-0
-0
-0
-0
-0
-0
-0
-0
-0
18.2324
-0
-0
-0
-0
-0
-0
1.73374
-0
17.5922
47.318
-0
-0
7.44438
-0
-0
-0
-0
-0
-0
-0
-0
-0
15.5713
-0
-0
-0
-0
-0
-0
45.5724
77.329
-0
-0
-0
-0
-0
-0
30.496
-0
-0
-0
25.1594
-0
-0
-0
-0
-0
-0
-0
-0
-0
12.9449
-0
2.74788
-0
-0
-0
-0
34.5487
-0
-0
-0
44.2058
-0
-0
-0
-0
-0
-0
-0
10.4441
-0
-0
46.3911
-0
1.69442
44.3637
-0
-0
-0
38.8334
-0
-0
-0
-0
-0
-0
-0
15.2549
-0
-0
-0
-0
-0
-0
25.8495
45.1339
-0
2.2767
-0
-0
-0
-0
-0
-0
-0
-0
21.4023
-0
-0
-0
-0
-0
-0
-0
-0
17.6395
-0
30.7589
-0
-0
-0
-0
4.035
-0
-0
-0
-0
30.0306
1.94434
-0
4.03427
5.36889
-0
-0
14.256
1.64578
-0
-0
14.8884
-0
-0
26.8082
5.8509
37.1576
-0
-0
13.5325
-0
9.70957
-0
-0
-0
20.9453
16.8395
-0
-0
-0
-0
-0
-0
-0
9.52689
2.92836
-0
-0
9.16921
5.27523
-0
-0
-0
-0
-0
-0
-0
-0
-0
-0
-0
-0
-0
-0
33.2595
10.9033
-0
-0
-0
-0
-0
-0
-0
-0
-0
-0
-0
-0
-0
11.019
12.9192
-0
0.377497
-0
-0
-0
-0
-0
-0
-0
-0
-0
-0
-0
7.30567
-0
31.1833
-0
-0
-0
-0
-0
10.1152
-0
-0
-0
-0
-0
-0
13.3709
-0
-0
-0
-0
-0
-0
13.3896
-0
-0
-0
-0
-0
-0
-0
1.15695
-0
-0
-0
-0
-0
-0
-0
26.164
-0
-0
-0
-0
-0
11.013
-0
11.0479
-0
-0
-0
-0
-0
-0
13.2618
-0
5.58656
-0
-0
-0
-0
2.94063
-0
-0
-0
-0
-0
-0
-0
-0
-0
20.205
-0
-0
-0
-0
36.2075
-0
8.06567
-0
-0
20.7256
-0
-0
3.79985
22.8401
-0
-0
-0
-0
-0
5.10368
-0
-0
18.5171
4.86632
-0
-0
-0
-0
-0
-0
-0
-0
-0
-0
38.1003
14.4125
-0
-0
18.3147
-0
-0
-0
-0
-0
-0
-0
-0
-0
5.92735
-0
32.1423
-0
6.58128
-0
-0
-0
-0
-0
-0
25.838
-0
-0
8.55009
-0
-0
-0
2.3336
-0
-0
-0
-0
59.8225
-0
14.0083
-0
-0
-0
-0
26.1276
-0
-0
-0
-0
-0
-0
-0
-0
-0
-0
33.7492
-0
2.00306
7.45248
6.76339
-0
-0
-0
-0
-0
-0
-0
-0
-0
-0
22.4441
-0
-0
-0
-0
3.9391
-0
-0
-0
-0
-0
-0
-0
-0
16.5381
-0
-0
19.6046
-0
-0
4.86252
0.343359
-0
-0
-0
-0
-0
2.30634
-0
-0
-0
-0
36.4372
-0
-0
-0
-0
20.4721
59.0282
28.9544
-0
-0
-0
-0
-0
-0
-0
-0
-0
32.7272
-0
-0
-0
-0
-0
4.00268
-0
-0
-0
0.805667
-0
18.5709
-0
-0
-0
-0
-0
-0
29.9111
-0
-0
-0
-0
-0
0.105628
-0
-0
-0
-0
-0
-0
56.622
-0
-0
0.961823
-0
-0
29.2491
-0
-0
4.05427
5.99003
-0
-0
21.8692
-0
-0
-0
-0
-0
-0
-0
0.318915
-0
-0
20.4967
-0
-0
-0
10.4439
-0
-0
-0
-0
-0
-0
22.3121
28.544
-0
-0
-0
-0
-0
-0
-0
54.3116
-0
-0
-0
-0
-0
6.68295
-0
-0
22.5082
-0
-0
5.69457
-0
-0
-0
-0
-0
36.1654
-0
15.3606
-0
-0
0.461336
36.0349
-0
34.2991
42.4705
-0
50.2481
-0
-0
-0
-0
-0
-0
-0
61.888
-0
-0
5.63954
23.8906
22.9577
-0
-0
9.57783
-0
-0
-0
-0
-0
-0
-0
21.0553
-0
-0
-0
14.701
14.4089
34.6944
-0
-0
5.25722
5.18197
-0
0.867858
-0
-0
-0
-0
-0
-0
0.182923
41.3791
-0
-0
-0
21.2134
33.5278
-0
-0
-0
0.829646
1.08107
-0
-0
-0
-0
-0
-0
-0
-0
-0
-0
-0
-0
-0
-0
-0
-0
-0
-0
-0
-0
-0
7.61629
3.27056
-0
-0
-0
-0
-0
3.68443
-0
-0
5.30272
-0
-0
-0
2.68853
-0
-0
-0
23.1962
-0
2.17411
-0
-0
-0
2.53278
39.0212
-0
25.5566
-0
-0
-0
-0
8.38499
8.34146
-0
-0
-0
-0
17.6731
-0
-0
25.6828
-0
-0
-0
-0
20.4683
-0
-0
-0
-0
-0
-0
-0
-0
-0
-0
-0
16.8313
1.03536
8.85847
23.9629
-0
1.28513
10.691
-0
-0
-0
-0
-0
21.1118
-0
-0
-0
14.3913
-0
-0
-0
-0
-0
33.3648
-0
-0
-0
-0
-0
-0
-0
-0
-0
-0
-0
-0
-0
-0
15.1274
-0
2.28719
-0
-0
-0
53.4679
-0
-0
-0
-0
-0
-0
-0
-0
-0
-0
-0
-0
-0
7.22018
-0
-0
-0
-0
65.6503
-0
-0
-0
-0
-0
-0
-0
-0
2.37332
31.8383
-0
-0
-0
-0
-0
2.00648
-0
-0
-0
-0
-0
-0
-0
2.06981
-0
-0
-0
-0
-0
-0
31.5188
-0
-0
-0
-0
23.1089
-0
-0
-0
8.61293
-0
-0
-0
-0
-0
-0
-0
16.8597
-0
-0
-0
6.55417
-0
-0
-0
0.343903
10.5382
-0
-0
-0
-0
-0
22.5356
-0
2.16098
12.7475
-0
1.30042
-0
-0
-0
-0
22.7094
-0
-0
9.61262
-0
-0
-0
-0
-0
-0
-0
-0
-0
-0
6.04169
22.11
26.9231
-0
-0
-0
-0
-0
-0
-0
20.3271
-0
-0
-0
-0
4.42
-0
22.4948
-0
-0
-0
41.7195
-0
-0
-0
-0
-0
-0
-0
-0
-0
-0
-0
19.7365
-0
-0
-0
-0
37.4586
-0
4.80044
6.15641
-0
-0
-0
-0
-0
-0
-0
14.4022
50.0505
-0
0.883623
-0
-0
15.0522
-0
-0
-0
-0
-0
-0
-0
39.5204
-0
-0
21.5155
-0
3.4841
27.7367
-0
-0
-0
-0
16.1769
-0
48.0171
-0
-0
-0
-0
-0
-0
6.99477
-0
11.0239
56.8004
-0
-0
29.9692
-0
30.7174
-0
-0
-0
-0
-0
16.7594
-0
-0
-0
-0
-0
-0
-0
33.3318
-0
6.81661
10.6183
-0
-0
25.6431
-0
-0
-0
-0
15.9857
-0
-0
-0
-0
-0
-0
-0
23.0061
-0
20.8089
-0
-0
-0
-0
-0
-0
-0
-0
50.3778
-0
-0
-0
-0
-0
-0
-0
-0
-0
-0
-0
-0
2.18103
10.2585
-0
-0
-0
-0
-0
-0
17.5837
-0
-0
-0
-0
-0
-0
-0
-0
-0
0.713407
-0
-0
-0
-0
-0
-0
-0
-0
-0
8.32199
30.9943
-0
-0
-0
-0
-0
-0
8.13021
-0
-0
-0
-0
-0
-0
-0
-0
6.5199
-0
-0
-0
-0
-0
-0
-0
7.4125
-0
-0
-0
-0
-0
-0
22.3251
-0
-0
-0
-0
-0
-0
21.2757
39.0361
-0
-0
-0
23.2846
-0
3.22917
-0
-0
28.1526
-0
-0
-0
-0
-0
65.5114
-0
-0
-0
-0
-0
-0
-0
-0
-0
-0
-0
-0
-0
6.6221
-0
-0
19.7873
-0
-0
-0
-0
-0
-0
-0
-0
13.3488
-0
-0
-0
-0
-0
-0
-0
-0
-0
-0
-0
-0
6.61737
-0
-0
-0
-0
-0
4.23054
-0
26.4237
-0
-0
-0
-0
-0
-0
-0
1.47117
-0
-0
18.0784
-0
5.36869
0.064491
30.2517
2.73108
-0
-0
0.125013
-0
-0
-0
-0
-0
-0
-0
78.4575
-0
-0
-0
-0
-0
-0
-0
-0
57.2508
27.463
-0
-0
-0
6.54189
-0
-0
9.69097
-0
-0
20.4162
-0
4.38053
-0
-0
11.2667
-0
20.268
-0
-0
-0
39.3272
-0
15.5178
-0
46.3341
-0
-0
59.9325
60.677
-0
-0
6.77194
-0
-0
45.0375
-0
1.35661
-0
-0
-0
-0
-0
-0
-0
-0
-0
-0
13.3461
-0
-0
-0
38.3611
-0
-0
-0
23.8656
-0
-0
-0
-0
-0
-0
34.3283
23.4768
-0
-0
-0
-0
-0
-0
-0
-0
-0
-0
51.5897
-0
-0
-0
-0
-0
-0
-0
-0
-0
-0
31.7839
13.4873
-0
-0
15.8096
-0
-0
-0
-0
-0
-0
4.19528
-0
-0
-0
22.9496
17.6812
-0
-0
16.0886
-0
1.11899
-0
40.2148
-0
8.87375
-0
-0
0.408592
35.1665
-0
-0
36.9217
-0
22.1034
-0
29.1651
-0
-0
-0
18.3047
-0
21.2454
-0
-0
39.6758
-0
0.555079
5.17661
33.4734
6.02606
-0
-0
-0
-0
-0
16.9647
-0
-0
-0
7.87399
-0
-0
47.2403
-0
-0
-0
-0
-0
-0
11.2496
-0
9.26888
-0
20.8652
-0
-0
40.6062
-0
-0
-0
-0
20.9069
-0
-0
-0
-0
22.154
19.9862
-0
-0
-0
-0
8.12666
-0
-0
-0
-0
-0
-0
27.9205
-0
-0
-0
-0
-0
-0
17.2404
-0
14.663
-0
-0
28.0578
-0
12.1468
-0
-0
-0
-0
-0
-0
-0
-0
2.26143
-0
-0
-0
-0
-0
-0
-0
-0
14.687
-0
50.3544
-0
-0
13.7902
52.4405
-0
19.371
-0
44.7198
-0
28.3202
-0
-0
-0
7.57334
-0
10.3421
5.54437
-0
2.78123
-0
-0
19.2192
23.3023
-0
0.176978
24.9215
-0
-0
27.0275
-0
-0
-0
-0
-0
-0
5.6603
36.5086
-0
-0
-0
-0
-0
-0
4.49427
22.7309
-0
12.2435
-0
-0
-0
-0
-0
-0
18.8497
-0
-0
-0
-0
-0
-0
-0
-0
33.5457
2.04315
-0
-0
-0
-0
-0
-0
-0
-0
-0
20.9264
-0
51.0238
-0
22.9534
-0
18.9948
-0
-0
-0
-0
2.37698
-0
-0
-0
3.58529
-0
-0
-0
-0
-0
-0
15.1838
-0
-0
-0
-0
-0
-0
-0
-0
-0
-0
41.2497
-0
-0
-0
-0
-0
-0
0.999646
-0
-0
-0
-0
-0
-0
6.93727
-0
-0
-0
-0
-0
-0
4.87027
-0
20.1046
-0
7.01175
-0
33.3928
-0
-0
9.04132
-0
-0
2.92566
-0
61.583
24.0225
-0
-0
-0
-0
-0
-0
-0
-0
-0
-0
-0
-0
-0
-0
-0
2.24694
-0
-0
-0
-0
-0
-0
22.2305
-0
-0
-0
-0
-0
-0
-0
28.2122
-0
-0
33.6517
-0
-0
-0
3.90515
-0
-0
14.002
-0
-0
15.0356
-0
-0
-0
-0
-0
2.45325
-0
4.18766
-0
-0
13.4948
-0
8.94166
-0
-0
-0
-0
-0
-0
-0
-0
-0
10.0671
16.1619
12.2413
-0
-0
-0
-0
-0
-0
-0
-0
-0
-0
-0
-0
-0
-0
-0
-0
-0
-0
-0
-0
-0
-0
2.7189
-0
18.0013
8.13127
-0
-0
-0
-0
-0
-0
-0
-0
-0
-0
25.0881
-0
31.2006
-0
-0
6.71942
-0
-0
20.3772
-0
-0
-0
1.5785
-0
-0
-0
-0
-0
-0
-0
-0
-0
-0
7.77803
-0
35.6941
8.92676
-0
-0
2.38873
35.7166
-0
30.791
4.5319
-0
-0
-0
17.653
-0
-0
12.07
-0
11.4283
-0
15.4921
-0
1.50952
11.7037
-0
-0
-0
-0
-0
-0
-0
-0
1.77515
-0
-0
-0
-0
-0
-0
-0
-0
-0
8.04879
-0
-0
-0
16.322
-0
-0
-0
2.02898
-0
-0
-0
-0
-0
-0
-0
15.3373
-0
-0
-0
-0
0.797422
-0
-0
-0
-0
-0
-0
-0
1.99492
-0
-0
-0
5.33899
80.1967
27.429
0.700655
-0
-0
-0
-0
-0
-0
-0
26.8664
5.15253
-0
-0
-0
-0
-0
-0
3.10773
-0
-0
-0
-0
-0
-0
-0
-0
-0
-0
-0
33.8193
-0
-0
-0
-0
71.4422
-0
-0
-0
-0
-0
49.9828
-0
-0
2.567
-0
-0
-0
15.6178
-0
-0
-0
-0
-0
-0
6.69675
-0
-0
-0
-0
-0
-0
9.03122
-0
-0
-0
-0
1.70792
29.6391
-0
41.2065
-0
-0
9.91509
-0
-0
-0
-0
-0
28.9037
11.4111
-0
-0
10.0855
-0
30.1466
-0
-0
22.1639
-0
-0
2.39783
28.1444
-0
-0
-0
-0
-0
-0
-0
-0
1.71276
-0
-0
-0
-0
-0
-0
-0
-0
-0
-0
-0
-0
-0
-0
-0
6.77305
-0
-0
-0
-0
-0
-0
-0
-0
-0
-0
-0
-0
-0
20.4313
-0
-0
-0
-0
20.0668
47.9026
35.5491
-0
-0
11.4213
-0
-0
-0
-0
-0
5.97717
-0
-0
-0
-0
1.299
-0
-0
36.213
-0
-0
-0
17.8302
-0
-0
-0
-0
-0
-0
-0
-0
-0
-0
-0
-0
-0
10.6363
-0
-0
-0
-0
-0
-0
-0
-0
-0
-0
-0
-0
-0
-0
-0
-0
18.115
-0
6.83499
49.0714
-0
-0
-0
20.6185
-0
-0
22.8831
-0
-0
8.1203
-0
19.07
-0
42.1135
-0
-0
12.0743
25.7247
-0
-0
-0
-0
6.79651
-0
-0
-0
-0
2.69235
-0
-0
-0
-0
-0
-0
-0
-0
-0
-0
-0
-0
7.87299
-0
-0
-0
-0
-0
-0
-0
-0
-0
8.07161
-0
-0
-0
-0
-0
-0
-0
-0
-0
-0
-0
41.5394
-0
-0
-0
-0
-0
-0
-0
7.13567
-0
-0
-0
-0
6.71383
-0
-0
-0
-0
-0
-0
-0
-0
-0
-0
-0
0.749493
11.861
-0
-0
-0
10.9444
33.9221
-0
-0
-0
-0
31.9195
3.36943
-0
-0
-0
-0
10.2205
-0
-0
-0
-0
45.2104
-0
27.0591
-0
-0
-0
-0
-0
-0
-0
-0
-0
-0
-0
-0
-0
-0
-0
-0
-0
-0
-0
-0
-0
-0
1.64121
-0
3.74896
-0
-0
-0
-0
1.39508
-0
-0
-0
0.968944
-0
-0
-0
-0
-0
-0
8.96674
-0
-0
42.2861
-0
-0
-0
-0
-0
-0
-0
-0
-0
-0
-0
-0
-0
-0
-0
17.9297
-0
-0
-0
-0
-0
-0
20.6882
27.0708
-0
-0
1.10665
44.7595
-0
-0
-0
-0
26.4041
-0
14.2676
-0
5.41653
4.4629
-0
1.98287
4.82981
6.97663
19.2723
-0
-0
-0
69.425
-0
-0
-0
25.5472
-0
-0
-0
25.3987
-0
-0
-0
5.59208
-0
-0
-0
4.99481
1.15829
-0
4.0753
27.3634
-0
-0
37.1634
-0
-0
-0
5.07309
-0
-0
-0
-0
1.18323
-0
0.745722
-0
-0
-0
-0
-0
-0
-0
-0
-0
-0
39.9316
-0
-0
-0
-0
-0
-0
-0
21.8644
-0
-0
-0
-0
5.95879
-0
-0
-0
-0
-0
3.17326
-0
12.9638
-0
-0
-0
-0
-0
-0
-0
20.8409
-0
-0
30.6212
-0
53.8973
6.38287
-0
21.3077
13.8553
-0
42.1592
-0
-0
-0
-0
-0
2.87751
-0
-0
-0
59.8201
-0
-0
-0
32.0126
-0
-0
-0
-0
-0
-0
-0
-0
-0
-0
-0
11.3781
-0
-0
-0
44.684
3.15242
-0
-0
-0
-0
-0
-0
-0
-0
-0
40.1776
-0
12.7035
17.6485
-0
-0
4.63162
-0
0.182485
-0
-0
3.97073
-0
30.7845
-0
3.90867
-0
-0
-0
-0
-0
-0
-0
-0
-0
-0
-0
-0
-0
-0
-0
-0
-0
11.3547
25.7687
24.5481
-0
-0
-0
-0
22.0271
-0
-0
4.76204
-0
-0
-0
-0
-0
-0
-0
-0
-0
-0
-0
18.4875
-0
-0
-0
-0
-0
-0
-0
-0
-0
-0
-0
-0
-0
-0
-0
-0
7.50635
-0
-0
-0
24.4896
-0
-0
-0
-0
-0
-0
-0
-0
-0
-0
-0
18.5197
-0
-0
-0
26.0045
30.8335
4.75224
-0
-0
-0
12.168
-0
7.03028
-0
-0
-0
-0
-0
-0
-0
-0
-0
-0
-0
18.9842
5.56225
14.8645
-0
-0
26.4936
-0
-0
-0
-0
-0
-0
0.0797318
-0
-0
-0
-0
-0
-0
-0
-0
8.81442
-0
-0
24.6862
-0
-0
-0
-0
18.9251
-0
-0
-0
-0
15.1385
-0
-0
7.49129
-0
13.4111
-0
6.94659
-0
-0
-0
-0
-0
-0
-0
-0
45.0572
-0
-0
-0
-0
36.6018
-0
-0
-0
3.5667
-0
-0
0.897861
-0
-0
-0
-0
-0
-0
-0
-0
-0
-0
-0
-0
-0
-0
-0
-0
3.72223
-0
14.0158
-0
-0
-0
-0
-0
-0
-0
-0
-0
-0
-0
-0
30.4357
-0
-0
-0
-0
-0
-0
-0
-0
-0
-0
-0
-0
-0
-0
-0
-0
-0
-0
-0
47.8025
-0
5.18402
7.76673
-0
41.7053
-0
-0
-0
17.4816
-0
-0
-0
-0
-0
3.18242
-0
-0
-0
-0
-0
-0
-0
-0
-0
-0
-0
-0
-0
-0
54.4846
-0
-0
-0
-0
-0
-0
-0
-0
-0
-0
7.40863
4.46909
-0
-0
-0
-0
27.3822
-0
61.0725
-0
-0
11.2603
33.8698
-0
-0
0.702905
-0
-0
-0
-0
0.187083
-0
-0
-0
-0
-0
-0
17.3526
-0
-0
-0
-0
-0
-0
35.8242
-0
24.4694
16.4921
-0
-0
-0
4.96701
-0
-0
-0
-0
19.2378
-0
20.7069
-0
-0
20.0532
-0
1.64435
-0
-0
-0
-0
-0
-0
24.2902
-0
-0
-0
-0
49.9401
-0
-0
-0
-0
-0
-0
-0
-0
-0
4.40995
-0
-0
-0
-0
-0
-0
-0
-0
42.1037
-0
-0
-0
-0
-0
-0
24.5172
-0
-0
-0
-0
21.9685
-0
-0
-0
-0
-0
-0
-0
-0
2.50331
6.29592
16.3103
-0
-0
-0
-0
21.0656
-0
-0
20.1796
34.3607
-0
-0
-0
-0
-0
41.6429
-0
-0
-0
-0
-0
-0
-0
-0
14.6325
5.73856
-0
-0
27.5673
17.0104
-0
-0
-0
-0
-0
-0
-0
-0
-0
15.8013
-0
-0
-0
-0
-0
-0
14.6343
-0
0.919029
-0
4.25542
-0
-0
5.60327
21.5119
-0
23.6964
-0
-0
-0
-0
-0
17.7327
-0
-0
-0
-0
17.1075
67.3733
-0
-0
-0
-0
-0
9.02993
-0
-0
-0
27.3824
-0
-0
-0
-0
-0
-0
46.1507
-0
-0
-0
-0
-0
-0
26.0584
-0
2.86622
3.6507
40.8514
-0
6.24962
-0
-0
-0
-0
-0
-0
-0
-0
-0
4.79851
-0
9.32786
2.71911
-0
-0
-0
-0
-0
-0
27.5052
-0
32.427
-0
4.66226
-0
-0
17.4224
-0
-0
-0
-0
-0
-0
-0
7.94715
-0
-0
-0
-0
29.1261
-0
-0
-0
-0
1.98564
-0
-0
-0
6.934
-0
-0
-0
26.3065
-0
0.108718
2.89982
-0
-0
-0
-0
-0
-0
-0
-0
-0
7.55218
-0
40.5247
-0
-0
-0
-0
-0
-0
-0
37.7418
23.699
-0
-0
-0
-0
-0
-0
-0
-0
-0
-0
-0
-0
-0
-0
-0
-0
-0
-0
-0
-0
-0
-0
-0
-0
-0
-0
-0
16.8899
-0
-0
-0
37.6299
-0
-0
-0
-0
-0
31.2475
-0
-0
-0
11.3724
-0
-0
-0
-0
-0
-0
-0
-0
45.5359
-0
12.8298
-0
-0
54.7842
-0
11.3475
-0
-0
-0
-0
-0
-0
-0
-0
-0
-0
-0
-0
8.73664
-0
-0
43.8067
-0
-0
-0
6.14044
-0
-0
11.2283
-0
-0
-0
4.60574
-0
44.4999
-0
-0
-0
-0
-0
-0
-0
-0
-0
10.6056
-0
-0
-0
-0
23.2916
-0
-0
-0
-0
-0
-0
-0
-0
-0
-0
-0
-0
-0
25.2132
-0
-0
33.1726
-0
-0
-0
0.526812
-0
-0
-0
-0
2.96437
-0
-0
-0
-0
32.6215
-0
-0
-0
-0
39.4024
-0
22.4279
-0
-0
-0
-0
74.3407
-0
-0
16.8855
-0
-0
-0
10.3633
-0
-0
-0
15.5373
-0
-0
18.0606
22.9091
18.7236
-0
-0
-0
-0
-0
0.275322
-0
-0
61.8198
-0
-0
-0
12.3944
-0
-0
-0
-0
-0
-0
-0
52.6499
-0
37.7543
-0
-0
0.300129
48.2516
-0
-0
-0
-0
-0
-0
12.1248
24.5368
-0
-0
-0
-0
-0
17.0367
-0
-0
-0
-0
-0
-0
-0
27.8864
-0
11.2956
20.0505
12.5593
-0
-0
-0
-0
-0
-0
-0
-0
-0
16.8618
-0
-0
-0
-0
-0
-0
28.011
-0
-0
26.8727
-0
-0
-0
-0
-0
-0
-0
-0
-0
-0
-0
19.4065
-0
14.0227
-0
-0
-0
-0
-0
-0
-0
10.4607
9.07786
-0
7.68554
1.21186
-0
-0
-0
-0
-0
-0
-0
7.48644
-0
-0
36.888
-0
13.3289
-0
-0
1.79598
-0
-0
-0
-0
-0
38.6974
-0
23.9913
0.7903
-0
-0
-0
-0
29.9602
-0
-0
-0
22.8114
-0
-0
15.3566
-0
-0
-0
-0
30.9682
-0
-0
-0
-0
-0
-0
-0
-0
-0
-0
-0
7.56474
0.59557
32.9967
-0
-0
-0
-0
-0
-0
-0
-0
-0
-0
-0
-0
24.8938
36.612
17.3487
-0
-0
-0
-0
-0
-0
-0
-0
-0
-0
-0
-0
-0
-0
12.465
-0
-0
-0
-0
-0
-0
-0
-0
20.4618
-0
-0
-0
50.9293
-0
-0
-0
-0
1.99842
-0
-0
-0
-0
19.8771
-0
18.6794
-0
-0
-0
-0
-0
11.8501
-0
-0
-0
10.7446
-0
-0
16.9145
-0
-0
31.6444
-0
-0
-0
-0
-0
-0
1.74657
-0
18.5061
-0
-0
9.70168
-0
-0
-0
-0
-0
-0
57.6434
-0
-0
-0
-0
-0
-0
-0
-0
-0
-0
-0
-0
-0
0.294239
1.08875
13.9721
-0
-0
-0
-0
25.857
-0
-0
-0
-0
-0
-0
-0
-0
-0
-0
26.1272
-0
-0
-0
-0
-0
-0
-0
-0
-0
-0
-0
-0
-0
-0
21.4345
38.8376
-0
-0
-0
-0
-0
-0
-0
5.25434
-0
-0
-0
-0
61.8132
-0
32.0148
-0
16.0559
-0
-0
12.7874
26.5855
-0
-0
36.6404
46.4309
1.33661
15.6154
-0
15.7336
-0
-0
41.4343
-0
-0
3.29469
-0
-0
4.38485
-0
-0
-0
-0
-0
-0
-0
-0
2.00077
-0
-0
-0
-0
-0
-0
-0
-0
24.9763
-0
-0
-0
-0
-0
-0
-0
-0
-0
-0
16.5973
-0
-0
-0
-0
48.9637
-0
-0
-0
-0
25.2696
-0
-0
2.58364
-0
31.0582
-0
-0
-0
-0
-0
7.91754
28.7204
-0
-0
-0
2.95624
-0
-0
-0
27.5468
-0
-0
-0
19.7975
-0
-0
9.46291
-0
