0.0128406
-0
-0
-0
-0
20.5734
-0
-0
0.658541
-0
-0
-0
-0
-0
-0
8.56938
-0
-0
4.55526
-0
-0
26.295
-0
-0
3.3272
2.66383
5.04155
3.66316
-0
-0
-0
-0
-0
-0
3.7348
-0
-0
-0
-0
-0
-0
-0
1.90269
-0
-0
-0
-0
23.713
-0
-0
-0
-0
-0
-0
-0
-0
12.6533
3.08507
33.1245
-0
-0
-0
21.2021
-0
-0
-0
4.91522
0.0793724
-0
0.723252
-0
-0
-0
-0
-0
5.18507
4.4758
-0
-0
-0
-0
21.2194
-0
22.3969
-0
-0
-0
-0
-0
-0
-0
0.176079
-0
-0
1.88776
-0
11.506
-0
9.6242
-0
-0
-0
-0
-0
18.701
-0
21.2512
-0
-0
-0
-0
-0
0.349733
-0
-0
45.5437
8.7931
-0
34.1058
-0
7.16725
-0
16.0363
25.6379
1.55026
-0
-0
-0
-0
1.41291
-0
-0
2.79791
-0
-0
9.0165
2.12132
-0
-0
-0
-0
-0
-0
-0
26.3688
-0
-0
13.6863
-0
-0
-0
-0
-0
4.59895
-0
-0
-0
20.2
-0
0.392355
-0
-0
-0
41.4977
7.41957
-0
-0
-0
-0
6.4249
-0
-0
-0
-0
-0
-0
3.22869
-0
-0
-0
-0
-0
-0
-0
-0
56.5791
-0
-0
23.5693
-0
-0
26.2025
22.3482
-0
-0
-0
-0
-0
-0
-0
-0
23.8973
-0
-0
-0
-0
37.5386
-0
-0
-0
-0
-0
-0
-0
-0
-0
-0
-0
9.3584
-0
32.9173
-0
-0
8.77303
-0
-0
-0
-0
-0
1.21558
-0
12.5046
-0
-0
-0
-0
-0
-0
-0
-0
17.9665
11.325
-0
-0
-0
-0
4.91756
-0
-0
-0
-0
-0
-0
-0
25.0802
-0
28.1427
5.73299
-0
-0
-0
-0
5.52558
-0
-0
-0
-0
-0
-0
-0
-0
8.00085
51.4998
3.75709
-0
-0
-0
-0
-0
-0
-0
3.07959
-0
-0
-0
-0
-0
-0
-0
-0
1.28776
-0
13.6869
-0
-0
-0
-0
-0
-0
40.6685
-0
-0
-0
-0
9.98898
19.1374
-0
-0
10.9424
-0
-0
-0
-0
-0
11.0498
0.75364
-0
-0
-0
0.622507
-0
-0
-0
9.51266
2.98153
-0
-0
-0
-0
57.0919
-0
-0
14.368
-0
-0
0.0569846
-0
3.88549
-0
25.7134
-0
-0
-0
24.8614
-0
4.42486
-0
-0
37.7384
-0
-0
-0
-0
-0
11.4325
-0
-0
-0
4.67276
-0
7.18696
-0
-0
28.0058
-0
1.3916
-0
-0
24.7372
-0
-0
-0
0.344191
59.4471
-0
-0
-0
9.9695
-0
-0
-0
-0
-0
-0
-0
-0
-0
-0
-0
-0
-0
7.61345
-0
-0
-0
-0
-0
-0
-0
5.7389
-0
1.83957
-0
-0
21.3208
-0
-0
13.1982
-0
-0
-0
-0
-0
-0
41.6484
-0
-0
-0
-0
-0
25.1913
-0
-0
-0
5.60831
-0
-0
5.4714
18.8065
15.6735
-0
47.9252
17.3601
-0
19.393
-0
19.3797
-0
-0
-0
-0
-0
-0
-0
0.780042
-0
-0
-0
-0
-0
46.2625
-0
-0
7.07165
-0
56.697
-0
-0
-0
-0
-0
-0
-0
-0
-0
-0
-0
-0
-0
-0
-0
-0
-0
-0
-0
-0
-0
-0
-0
-0
-0
-0
-0
24.5557
-0
-0
-0
-0
-0
-0
23.3715
-0
-0
-0
-0
22.6498
9.07727
-0
-0
9.11681
-0
-0
-0
31.3631
-0
-0
31.6083
-0
-0
-0
-0
-0
-0
-0
-0
15.9338
-0
-0
22.6729
-0
-0
-0
8.13728
-0
-0
-0
-0
-0
-0
-0
-0
-0
-0
-0
43.4649
8.68394
-0
-0
-0
-0
-0
-0
-0
-0
-0
-0
24.0418
-0
-0
-0
-0
14.2723
-0
-0
57.5253
17.9131
8.4181
-0
22.7947
9.02768
-0
0.99544
34.7638
-0
0.729577
-0
-0
-0
-0
-0
-0
-0
38.1473
-0
-0
-0
-0
-0
64.2263
20.134
11.4055
-0
-0
-0
-0
8.77907
-0
-0
-0
63.1256
2.51952
-0
-0
-0
-0
21.1178
-0
27.0502
-0
-0
37.6362
-0
-0
-0
-0
4.0932
-0
-0
-0
26.6777
-0
9.23392
11.0894
-0
-0
0.508606
62.1549
-0
7.61053
-0
21.4621
-0
-0
58.8722
-0
-0
-0
-0
-0
-0
-0
9.59202
-0
-0
-0
-0
-0
-0
-0
-0
-0
-0
-0
-0
-0
8.45139
-0
-0
21.2064
-0
-0
-0
-0
14.868
-0
-0
13.8627
-0
-0
-0
28.7313
-0
13.9161
7.59591
-0
29.0177
-0
-0
-0
-0
-0
-0
-0
-0
42.5322
-0
-0
-0
-0
14.7417
-0
-0
10.2144
-0
-0
8.63764
-0
-0
-0
-0
-0
-0
5.35137
36.821
-0
-0
-0
-0
-0
-0
-0
-0
-0
-0
70.1359
0.253478
-0
-0
-0
-0
-0
55.4152
-0
-0
-0
-0
9.00632
-0
-0
7.82101
-0
-0
21.8955
-0
23.6683
-0
-0
-0
15.1402
-0
-0
14.8172
-0
-0
-0
-0
-0
1.34198
-0
-0
-0
-0
-0
-0
-0
35.692
-0
-0
-0
33.0088
-0
-0
-0
-0
2.18789
-0
33.1325
2.09259
4.17344
-0
-0
-0
-0
-0
-0
26.6845
51.0469
-0
-0
-0
-0
-0
-0
-0
-0
-0
-0
-0
-0
-0
-0
-0
-0
-0
-0
-0
15.1828
90.8516
-0
7.39958
-0
-0
15.9683
-0
25.0979
-0
-0
-0
-0
-0
-0
-0
-0
-0
-0
-0
-0
-0
28.9929
-0
18.2825
-0
-0
-0
-0
29.4061
-0
-0
-0
26.185
-0
-0
25.0239
-0
-0
-0
-0
10.0088
-0
-0
27.1426
-0
10.9192
2.6719
-0
-0
-0
32.9699
-0
-0
-0
-0
-0
-0
-0
26.7013
-0
-0
35.9012
-0
-0
-0
9.26344
35.1676
-0
42.6187
18.1292
-0
-0
-0
-0
-0
-0
-0
18.7441
-0
-0
-0
-0
-0
-0
-0
-0
-0
12.7719
7.19655
-0
-0
-0
-0
2.49429
-0
-0
15.8633
-0
10.8661
19.7187
-0
34.8971
-0
-0
-0
33.993
10.7338
-0
-0
2.83384
-0
-0
31.6204
-0
43.3951
-0
-0
30.377
-0
-0
-0
-0
-0
23.9496
31.0399
-0
-0
-0
-0
9.507
1.76317
-0
52.6347
-0
-0
-0
10.4658
14.7373
-0
-0
-0
-0
-0
-0
11.758
3.28416
-0
-0
-0
-0
-0
-0
13.3585
15.3448
-0
-0
-0
-0
-0
-0
2.8375
-0
-0
-0
-0
8.77256
-0
32.6033
-0
5.3461
0.079117
-0
-0
-0
-0
-0
-0
-0
4.728
-0
-0
-0
37.4992
-0
15.4938
-0
17.4922
-0
-0
-0
9.5105
-0
-0
-0
-0
-0
-0
22.8664
-0
-0
-0
-0
-0
-0
8.82249
-0
-0
-0
-0
15.3876
-0
-0
16.0608
-0
-0
11.3514
-0
-0
0.82717
-0
23.4822
-0
-0
-0
-0
-0
-0
-0
3.89004
-0
-0
-0
-0
-0
-0
1.6971
-0
-0
-0
-0
2.82187
-0
-0
-0
8.70425
-0
-0
-0
-0
-0
-0
-0
15.7105
-0
-0
-0
-0
28.195
-0
6.40506
-0
8.42845
-0
8.77963
-0
-0
55.7745
20.4737
-0
-0
-0
-0
9.75385
-0
-0
31.3982
42.5861
-0
-0
-0
-0
-0
-0
-0
-0
-0
-0
64.4022
6.41342
-0
-0
1.14617
-0
-0
-0
-0
-0
-0
-0
-0
24.228
-0
-0
33.4935
-0
-0
-0
-0
-0
-0
1.625
-0
3.38085
-0
-0
18.7525
-0
-0
-0
-0
-0
-0
-0
-0
47.6461
-0
28.3471
-0
-0
-0
-0
18.5366
-0
7.3347
-0
-0
-0
-0
-0
-0
-0
-0
26.8095
-0
14.682
8.63668
12.5475
-0
-0
-0
-0
-0
-0
-0
-0
-0
-0
28.0739
-0
-0
-0
-0
-0
7.02683
-0
-0
-0
13.4167
2.79873
-0
-0
-0
10.0929
-0
9.78881
-0
-0
41.6665
-0
-0
8.02315
-0
-0
-0
12.1963
-0
-0
-0
-0
-0
-0
-0
-0
7.02607
2.59557
31.7635
0.963974
-0
-0
-0
-0
-0
-0
-0
-0
-0
19.4607
-0
-0
15.588
-0
-0
-0
-0
-0
5.19936
10.9497
-0
3.92396
-0
1.68494
-0
-0
-0
-0
19.2923
-0
-0
20.0532
-0
-0
19.4052
-0
-0
-0
-0
-0
-0
72.2644
-0
-0
-0
-0
-0
9.17011
-0
-0
-0
19.3198
-0
-0
21.8333
-0
-0
-0
-0
-0
-0
-0
-0
-0
-0
-0
-0
-0
-0
-0
-0
-0
-0
-0
-0
-0
17.0657
31.101
-0
4.42822
-0
-0
-0
-0
-0
52.3106
-0
-0
-0
-0
-0
-0
-0
-0
17.0401
-0
-0
-0
7.58757
-0
-0
-0
-0
-0
-0
23.5485
-0
30.314
-0
20.3411
-0
-0
24.6755
-0
55.7441
-0
-0
-0
-0
-0
-0
-0
70.1857
-0
-0
4.96396
44.2409
-0
-0
-0
13.6009
23.6063
-0
1.65355
4.68768
8.32153
-0
-0
28.098
-0
-0
-0
27.7796
15.1087
7.32449
0.120266
-0
-0
-0
-0
8.38825
-0
14.7523
-0
-0
-0
-0
-0
12.3812
-0
-0
-0
-0
51.1059
-0
-0
-0
23.2494
-0
-0
-0
-0
-0
-0
-0
-0
-0
1.18662
-0
4.74851
-0
-0
-0
-0
-0
-0
-0
-0
-0
-0
34.8389
23.5056
-0
-0
-0
-0
-0
10.4529
0.649075
-0
-0
-0
-0
-0
-0
-0
-0
-0
41.028
-0
26.5555
0.631219
-0
-0
-0
44.3975
-0
0.522203
-0
-0
-0
-0
32.0964
6.65419
-0
-0
-0
-0
-0
-0
9.47826
1.20696
-0
-0
-0
-0
9.4534
-0
-0
-0
-0
-0
-0
-0
11.229
-0
-0
-0
-0
-0
-0
9.72472
-0
1.92787
29.4097
-0
-0
-0
-0
-0
-0
-0
1.37552
-0
9.69842
-0
-0
-0
-0
-0
-0
-0
-0
-0
-0
-0
-0
-0
-0
-0
-0
-0
-0
-0
-0
-0
-0
-0
-0
-0
-0
30.0266
-0
-0
-0
-0
-0
-0
-0
-0
-0
-0
-0
-0
-0
-0
-0
-0
-0
-0
50.6532
-0
-0
-0
3.25259
-0
-0
-0
-0
5.01824
9.63569
-0
23.6886
-0
-0
-0
4.1798
-0
-0
-0
-0
-0
-0
-0
-0
-0
-0
-0
-0
-0
-0
32.7672
-0
-0
-0
-0
40.8607
-0
-0
-0
-0
-0
-0
0.00374036
-0
0.714333
-0
-0
-0
-0
-0
17.0726
-0
-0
-0
-0
0.146698
9.81394
-0
-0
-0
-0
-0
45.9479
-0
-0
12.9988
-0
-0
-0
-0
-0
-0
-0
-0
-0
6.52099
-0
-0
-0
-0
-0
-0
-0
-0
-0
-0
-0
26.6467
25.5811
-0
-0
6.06176
-0
-0
-0
-0
7.7381
0.28234
-0
-0
-0
-0
-0
7.28471
-0
-0
-0
41.7494
-0
-0
-0
-0
-0
-0
4.94801
-0
-0
-0
-0
16.1606
-0
-0
-0
-0
12.954
-0
2.52301
-0
-0
-0
-0
-0
-0
-0
-0
28.1686
-0
-0
-0
-0
-0
33.582
-0
-0
-0
-0
-0
-0
-0
46.6028
-0
-0
34.6997
-0
-0
22.631
-0
-0
35.1102
-0
9.94073
-0
-0
-0
-0
-0
-0
-0
-0
-0
-0
14.5072
22.9889
-0
-0
-0
-0
36.0156
-0
-0
-0
28.8351
-0
7.47959
-0
-0
-0
-0
3.41157
-0
-0
40.7054
-0
-0
23.8477
-0
-0
61.474
-0
-0
4.80186
-0
-0
-0
1.23249
-0
-0
-0
-0
-0
16.293
-0
15.0256
-0
-0
-0
-0
-0
-0
-0
-0
23.6861
-0
-0
-0
-0
-0
-0
-0
-0
-0
-0
-0
17.2348
-0
33.6524
-0
-0
-0
-0
-0
-0
44.7529
-0
-0
-0
-0
-0
-0
-0
-0
-0
0.694513
-0
1.41947
-0
-0
-0
-0
-0
-0
-0
-0
37.1317
-0
-0
-0
-0
-0
-0
-0
-0
-0
-0
-0
-0
-0
0.706785
-0
2.55524
-0
-0
-0
-0
-0
-0
-0
40.8663
-0
-0
-0
-0
-0
-0
-0
-0
-0
-0
-0
-0
-0
32.7023
37.6802
2.03361
-0
-0
16.5973
-0
-0
-0
-0
25.1167
-0
-0
-0
-0
-0
31.9922
-0
-0
-0
-0
-0
-0
-0
-0
-0
-0
-0
-0
-0
34.1914
-0
-0
-0
-0
-0
-0
-0
-0
-0
-0
-0
35.4761
-0
-0
-0
12.0965
-0
-0
-0
-0
-0
-0
-0
-0
16.1637
-0
-0
-0
-0
-0
4.74319
-0
35.4183
-0
-0
-0
-0
-0
-0
17.8071
0.32199
-0
-0
3.35988
-0
39.0561
5.88444
24.8934
-0
-0
-0
-0
-0
-0
-0
-0
-0
-0
-0
46.9251
6.92729
8.33828
-0
-0
-0
-0
-0
-0
46.3539
14.1741
-0
-0
-0
-0
-0
-0
-0
-0
-0
-0
-0
5.20688
-0
-0
15.957
-0
-0
-0
-0
-0
34.5702
4.74309
0.151838
-0
70.3164
-0
-0
60.5318
38.3654
-0
-0
3.26933
-0
-0
27.7522
34.1268
0.944679
-0
-0
-0
-0
-0
-0
-0
-0
-0
-0
-0
-0
-0
-0
68.5774
-0
-0
-0
17.5742
-0
-0
-0
-0
-0
-0
21.1396
27.7025
-0
-0
-0
-0
8.22806
-0
2.76341
-0
15.0649
-0
48.1721
0.144752
-0
-0
-0
-0
-0
-0
-0
-0
-0
2.15954
30.124
-0
-0
19.9727
-0
-0
-0
-0
-0
-0
-0
-0
-0
-0
31.0996
-0
-0
-0
29.6866
-0
0.425022
-0
31.9056
-0
13.4679
-0
14.1105
0.39951
62.5244
-0
-0
26.8527
-0
9.52434
-0
43.3539
20.5263
-0
9.88673
2.91279
-0
39.3442
-0
-0
23.9157
-0
-0
30.5504
8.66587
-0
-0
-0
-0
-0
-0
8.10704
29.5278
-0
-0
1.2109
-0
-0
53.7633
-0
-0
-0
-0
-0
-0
7.91047
-0
-0
-0
21.8047
-0
-0
31.8651
-0
-0
-0
-0
71.867
-0
-0
-0
-0
32.3413
67.8116
-0
-0
-0
-0
-0
-0
-0
-0
-0
-0
-0
27.8491
-0
-0
-0
-0
-0
-0
15.1845
-0
20.8174
-0
-0
-0
-0
22.9972
-0
15.7025
-0
-0
-0
-0
-0
-0
17.5524
-0
-0
-0
22.9013
-0
-0
-0
-0
3.04626
-0
27.6652
-0
-0
-0
47.2365
-0
19.0322
-0
30.4426
-0
74.9236
-0
-0
-0
-0
-0
10.3177
-0
-0
-0
-0
-0
25.8793
29.4296
-0
-0
20.2051
-0
-0
5.89379
-0
-0
0.198018
-0
-0
-0
24.373
28.2763
-0
-0
-0
-0
-0
-0
-0
25.492
-0
31.1278
-0
-0
-0
-0
-0
-0
-0
-0
-0
-0
-0
-0
-0
5.11066
-0
33.4094
8.26849
-0
26.8536
-0
-0
-0
-0
-0
-0
2.27732
26.5937
-0
37.563
-0
-0
-0
34.9296
-0
9.30769
-0
-0
2.31021
-0
-0
-0
-0
-0
-0
-0
-0
-0
-0
-0
-0
-0
-0
-0
-0
-0
-0
-0
-0
-0
6.14627
-0
-0
-0
-0
-0
-0
16.0864
-0
-0
-0
-0
-0
-0
-0
-0
-0
-0
-0
-0
-0
22.2568
-0
8.71341
-0
21.5322
-0
46.8789
-0
-0
9.55565
-0
-0
-0
-0
29.8036
52.6903
-0
-0
-0
-0
-0
1.8788
-0
-0
-0
-0
-0
-0
-0
-0
-0
13.0736
-0
-0
-0
-0
-0
-0
31.4423
-0
-0
-0
-0
0.520141
6.43056
-0
-0
-0
-0
17.0935
-0
-0
-0
2.40284
-0
25.8992
23.7778
-0
-0
6.24608
-0
-0
-0
15.9751
-0
27.3187
-0
2.44615
-0
-0
39.0975
-0
12.4509
-0
-0
-0
22.2371
-0
-0
-0
-0
-0
-0
0.294432
-0
-0
-0
6.8473
-0
-0
18.8908
-0
-0
-0
7.8814
-0
-0
-0
-0
-0
-0
-0
-0
-0
-0
-0
-0
27.6264
-0
31.1016
-0
-0
1.34007
-0
-0
-0
-0
-0
-0
-0
-0
41.4022
-0
46.9967
-0
-0
-0
-0
-0
-0
-0
12.0534
-0
1.88228
-0
-0
-0
-0
13.9193
-0
7.7554
-0
-0
-0
33.144
1.2964
12.2457
28.3011
-0
-0
-0
36.7137
-0
63.3948
-0
-0
-0
-0
16.2281
-0
-0
-0
-0
16.6485
-0
28.305
-0
8.24696
42.1388
-0
-0
19.1422
-0
-0
-0
-0
-0
-0
-0
1.42427
-0
-0
20.147
-0
-0
38.4454
-0
-0
-0
-0
-0
14.955
-0
1.02498
-0
22.1585
-0
-0
-0
-0
-0
-0
-0
21.5952
-0
-0
-0
-0
-0
-0
-0
-0
-0
-0
-0
9.65845
-0
-0
-0
-0
0.915195
88.9763
26.3658
-0
-0
-0
-0
-0
-0
-0
-0
-0
10.4286
-0
-0
-0
-0
-0
-0
2.0953
-0
-0
-0
-0
-0
-0
4.65191
-0
-0
-0
-0
28.6809
-0
-0
-0
-0
53.394
-0
-0
-0
-0
-0
40.8851
-0
-0
-0
-0
-0
-0
-0
-0
-0
-0
-0
-0
-0
0.470514
-0
-0
-0
-0
-0
-0
-0
-0
-0
-0
-0
17.9587
7.80994
-0
2.6733
3.29237
-0
-0
-0
0.337475
-0
-0
-0
3.0694
9.12874
-0
-0
19.1207
-0
49.9731
-0
-0
18.9048
-0
-0
1.64269
6.90659
-0
-0
-0
-0
-0
-0
-0
-0
-0
-0
-0
-0
-0
-0
1.06285
-0
-0
-0
-0
-0
-0
-0
9.05673
-0
14.6867
-0
10.493
-0
2.28834
-0
-0
-0
-0
-0
-0
-0
-0
-0
21.843
-0
-0
-0
-0
38.3497
57.5325
-0
-0
-0
-0
-0
-0
-0
-0
-0
4.18327
-0
-0
-0
-0
2.35269
-0
-0
29.7821
-0
-0
-0
20.8689
-0
-0
-0
-0
5.0572
-0
-0
-0
-0
-0
-0
-0
-0
14.2082
-0
-0
-0
4.7625
-0
-0
-0
-0
-0
-0
1.07956
-0
-0
-0
8.45833
-0
-0
-0
20.9913
62.1425
-0
-0
-0
42.0976
-0
-0
18.1154
-0
-0
9.51449
-0
30.3373
-0
66.0195
-0
-0
2.42691
34.224
-0
-0
-0
-0
13.6584
-0
-0
-0
-0
45.1156
-0
-0
-0
-0
-0
-0
-0
-0
-0
-0
-0
-0
46.1745
-0
-0
-0
9.96247
-0
-0
-0
-0
-0
-0
-0
-0
-0
-0
5.65942
-0
-0
6.09927
-0
-0
-0
2.57365
-0
-0
-0
-0
-0
-0
-0
27.5001
-0
12.642
-0
-0
-0
-0
-0
-0
-0
-0
-0
-0
-0
-0
-0
-0
0.19281
6.44528
-0
-0
-0
49.7302
20.0591
-0
-0
-0
-0
44.9492
-0
-0
-0
-0
-0
-0
14.2939
-0
-0
10.9157
52.2235
-0
2.15298
5.01292
-0
-0
-0
-0
-0
25.0259
-0
-0
-0
-0
-0
-0
-0
-0
-0
-0
-0
-0
-0
-0
-0
-0
-0
-0
2.03532
-0
-0
-0
-0
-0
-0
-0
-0
-0
-0
-0
-0
-0
-0
-0
-0
-0
33.6146
-0
-0
-0
-0
-0
-0
-0
-0
-0
-0
-0
9.45083
-0
-0
-0
-0
20.6576
-0
9.36237
-0
-0
5.88178
-0
25.0311
-0
-0
-0
18.8207
22.1526
-0
-0
8.27917
-0
-0
23.8449
-0
-0
-0
-0
-0
-0
8.74119
10.8264
-0
-0
-0
76.1582
-0
-0
-0
10.6292
0.700556
-0
-0
25.5893
-0
-0
-0
2.21896
-0
-0
-0
-0
-0
-0
2.6646
2.81032
2.85038
-0
11.4846
-0
-0
-0
-0
-0
-0
-0
-0
-0
-0
3.17128
7.48979
-0
-0
-0
-0
-0
-0
-0
-0
-0
67.4319
-0
-0
-0
-0
-0
-0
-0
2.27566
-0
-0
-0
-0
-0
-0
42.0633
-0
2.15123
-0
-0
-0
43.1448
-0
-0
-0
-0
-0
-0
24.9303
13.8412
-0
-0
32.7493
-0
40.4987
-0
-0
14.1311
-0
-0
7.43354
-0
-0
-0
-0
-0
8.232
-0
-0
-0
52.1615
-0
-0
-0
25.5697
-0
-0
-0
10.2803
-0
-0
-0
-0
-0
-0
-0
12.4239
-0
3.65403
-0
36.5683
3.62904
-0
-0
-0
-0
-0
-0
-0
-0
-0
31.8519
-0
25.4416
18.2917
-0
-0
-0
-0
7.95589
-0
-0
-0
-0
24.5743
-0
-0
-0
-0
-0
-0
-0
-0
-0
-0
-0
-0
12.4434
11.7104
-0
-0
-0
2.00366
-0
13.7667
23.7684
54.8924
-0
-0
-0
-0
-0
-0
-0
25.1089
-0
-0
-0
-0
-0
-0
-0
10.9404
-0
-0
-0
29.901
-0
-0
-0
8.79494
-0
-0
-0
-0
-0
-0
-0
-0
-0
-0
-0
-0
9.31166
-0
-0
-0
18.4812
-0
-0
-0
-0
-0
-0
-0
-0
-0
-0
6.80282
31.9228
-0
-0
-0
6.46253
38.5902
-0
4.32598
-0
-0
4.82235
-0
10.6124
-0
-0
-0
-0
-0
-0
-0
-0
-0
-0
-0
-0
-0
1.79158
-0
-0
31.5269
-0
-0
-0
-0
-0
-0
0.0233576
-0
-0
-0
-0
-0
-0
-0
-0
-0
-0
-0
33.2051
-0
-0
-0
-0
-0
-0
-0
15.6232
-0
2.06635
-0
-0
-0
-0
12.1816
-0
-0
-0
-0
-0
-0
-0
-0
-0
-0
37.8734
-0
-0
-0
-0
32.5651
-0
-0
-0
-0
0.758861
-0
2.81072
-0
-0
-0
-0
-0
-0
-0
-0
-0
-0
20.5036
2.47304
-0
-0
-0
-0
-0
-0
17.9237
28.349
-0
-0
-0
-0
-0
-0
-0
-0
-0
-0
-0
32.0629
-0
-0
-0
-0
-0
-0
-0
-0
-0
-0
-0
-0
-0
-0
-0
-0
-0
-0
-0
58.7799
-0
-0
4.39848
-0
21.9731
-0
-0
-0
13.8349
-0
-0
-0
-0
-0
2.47665
-0
-0
-0
-0
-0
-0
14.3186
-0
-0
-0
-0
-0
-0
-0
18.6576
14.8605
-0
-0
-0
-0
-0
-0
-0
-0
-0
-0
-0
-0
0.963402
-0
10.6523
6.86489
-0
41.4481
11.4747
-0
17.8122
53.4324
-0
-0
6.33053
-0
9.88924
-0
-0
40.7076
-0
-0
-0
-0
-0
-0
64.3463
-0
-0
-0
-0
-0
-0
38.7503
-0
35.3417
10.6328
1.82245
-0
-0
4.21578
-0
-0
0.0685245
-0
18.97
-0
-0
-0
-0
-0
-0
-0
16.662
-0
-0
-0
-0
-0
-0
-0
-0
-0
-0
32.6893
-0
-0
-0
-0
-0
-0
-0
-0
16.6018
4.09212
-0
-0
-0
-0
-0
15.7145
-0
-0
-0
-0
-0
-0
-0
-0
-0
13.5239
-0
-0
-0
-0
2.35787
-0
-0
-0
-0
-0
-0
-0
-0
18.3759
19.608
16.0699
-0
-0
-0
-0
14.4378
-0
-0
16.8075
66.9002
-0
-0
-0
-0
-0
18.1951
-0
-0
-0
-0
-0
-0
-0
-0
2.87297
-0
12.5294
-0
3.10766
8.46124
-0
13.5429
-0
-0
-0
-0
-0
-0
-0
23.5081
3.09881
-0
-0
18.8702
-0
-0
16.2451
12.1026
18.4777
-0
9.36135
-0
-0
-0
38.9903
-0
-0
-0
-0
-0
-0
-0
23.6447
-0
-0
-0
-0
5.85241
52.9281
-0
-0
-0
-0
-0
12.6731
-0
-0
-0
47.8036
-0
5.83226
-0
-0
-0
-0
55.8786
-0
4.52465
-0
-0
-0
-0
-0
-0
-0
-0
16.663
5.56807
-0
-0
-0
-0
-0
-0
9.74728
-0
-0
-0
-0
-0
17.3383
2.61114
-0
-0
-0
-0
-0
-0
40.4026
-0
32.8932
-0
-0
-0
1.23696
8.90963
-0
-0
-0
-0
-0
-0
-0
2.45564
-0
-0
-0
-0
13.8416
-0
-0
-0
11.7243
-0
-0
-0
-0
4.53161
-0
-0
-0
36.2722
-0
0.046639
7.55633
-0
-0
-0
-0
-0
-0
-0
-0
27.488
12.2815
-0
32.4446
-0
-0
-0
-0
-0
-0
-0
9.12181
5.91741
-0
-0
-0
-0
-0
-0
-0
-0
-0
1.71357
18.1122
-0
-0
-0
-0
-0
-0
-0
-0
-0
-0
-0
-0
-0
-0
-0
-0
-0
-0
-0
-0
26.7121
-0
13.9651
-0
-0
-0
33.8524
-0
-0
-0
7.25873
16.3256
6.84409
-0
-0
-0
-0
9.79776
-0
54.4561
-0
9.37782
-0
0.0266286
58.5201
-0
-0
-0
4.46229
-0
-0
-0
-0
-0
-0
0.695767
-0
-0
-0
-0
-0
-0
35.3832
-0
-0
-0
6.17313
-0
-0
-0
-0
-0
-0
-0
-0
2.28644
-0
-0
-0
-0
-0
-0
-0
-0
-0
15.6037
-0
-0
-0
-0
36.8355
0.45311
-0
-0
-0
-0
-0
-0
-0
-0
-0
-0
-0
-0
20.128
-0
-0
4.94809
-0
3.44939
-0
-0
-0
-0
-0
-0
-0
-0
-0
-0
-0
49.8264
-0
-0
-0
-0
22.0517
-0
54.9386
-0
-0
-0
-0
21.6585
-0
-0
-0
-0
11.8412
-0
-0
-0
-0
-0
53.3502
-0
-0
-0
8.86477
13.422
-0
-0
-0
-0
-0
-0
-0
-0
54.3791
-0
-0
17.7078
15.9259
-0
-0
-0
-0
-0
-0
-0
89.2453
-0
-0
-0
-0
9.50136
59.6189
11.6996
-0
-0
-0
-0
-0
1.17136
4.66151
-0
-0
-0
-0
-0
10.0409
-0
-0
-0
-0
-0
4.49529
-0
36.5022
-0
-0
-0
-0
-0
-0
-0
-0
-0
-0
-0
-0
-0
17.5386
-0
-0
-0
-0
19.9965
-0
22.8023
-0
-0
39.4247
-0
-0
-0
-0
-0
-0
-0
-0
-0
-0
-0
24.2484
-0
-0
-0
-0
-0
-0
7.62399
-0
-0
7.83613
-0
4.44774
5.02838
4.84148
-0
-0
-0
10.7229
1.23369
-0
-0
10.4603
-0
-0
19.7099
-0
-0
-0
-0
49.4438
-0
-0
-0
-0
-0
33.9557
10.1287
27.7255
-0
-0
-0
-0
-0
-0
-0
-0
-0
32.2117
-0
-0
-0
-0
0.61852
-0
-0
20.6206
-0
-0
27.098
-0
-0
-0
-0
-0
-0
-0
-0
-0
31.937
34.2041
-0
-0
-0
-0
2.51129
-0
-0
8.42845
11.8931
-0
-0
-0
17.4572
51.3199
-0
-0
-0
-0
-0
-0
-0
-0
-0
-0
-0
-0
5.96237
-0
-0
6.60145
-0
-0
-0
-0
-0
-0
-0
-0
14.3735
-0
-0
-0
46.6697
-0
-0
-0
-0
-0
-0
-0
-0
-0
14.0535
-0
12.9702
-0
-0
-0
-0
-0
13.7746
15.5966
-0
-0
15.4058
-0
-0
47.7879
-0
-0
2.17733
-0
-0
-0
-0
-0
-0
5.07194
-0
3.32482
-0
-0
14.768
-0
-0
-0
-0
-0
-0
35.9801
-0
-0
-0
-0
-0
-0
-0
-0
-0
-0
-0
-0
-0
1.419
-0
41.0164
21.0718
-0
-0
-0
69.7388
-0
-0
-0
10.8559
-0
-0
-0
-0
-0
-0
47.7166
-0
-0
-0
-0
-0
-0
-0
-0
-0
-0
-0
-0
-0
-0
45.8541
36.5734
-0
-0
-0
15.0008
-0
-0
-0
-0
-0
-0
-0
-0
36.0263
-0
30.4418
-0
30.3243
-0
-0
39.6434
36.7126
-0
-0
43.0364
52.5216
-0
17.4305
-0
6.6567
6.0337
8.40606
-0
-0
-0
3.51024
21.3024
-0
-0
-0
-0
-0
-0
-0
-0
-0
-0
1.36748
-0
6.94599
-0
-0
-0
-0
-0
-0
21.1385
-0
-0
-0
4.21457
-0
-0
-0
-0
-0
-0
-0
-0
-0
-0
-0
60.4893
-0
-0
15.384
-0
4.4926
-0
24.1999
-0
-0
-0
-0
-0
-0
-0
4.19409
36.8761
8.23617
-0
18.758
30.3034
27.3565
-0
-0
-0
35.1362
-0
-0
-0
25.7706
-0
-0
20.6502
-0
