1.74893
-0
-0
-0
-0
22.4916
-0
-0
7.23448
-0
9.53473
-0
-0
-0
-0
20.2832
-0
-0
-0
-0
-0
33.8928
-0
-0
5.88667
0.869042
-0
-0
-0
-0
-0
-0
-0
-0
1.97932
-0
-0
-0
-0
-0
-0
-0
-0
29.8843
-0
21.9049
-0
13.6205
-0
-0
-0
-0
-0
13.4447
-0
-0
-0
1.53565
8.2907
-0
-0
-0
-0
-0
-0
-0
25.9441
18.9301
12.9229
0.0326898
-0
-0
-0
-0
-0
1.90586
14.9898
7.35633
-0
-0
-0
28.726
-0
12.3379
-0
-0
-0
-0
-0
-0
-0
-0
5.78196
-0
-0
-0
2.8222
28.4066
4.5616
-0
10.165
-0
-0
-0
16.9863
-0
22.0838
18.4287
-0
10.9833
-0
-0
0.225578
-0
20.2639
35.2164
26.3407
-0
39.7376
21.2577
-0
20.0635
-0
-0
-0
-0
-0
-0
-0
-0
-0
-0
26.6184
-0
-0
11.5904
7.23634
-0
-0
4.25553
0.542129
4.5315
-0
12.7305
14.6815
-0
-0
37.1598
-0
-0
-0
-0
-0
-0
11.475
-0
7.09306
3.43945
-0
0.183173
-0
-0
-0
24.9648
-0
-0
41.84
0.818656
-0
13.5215
21.2315
13.2346
20.4972
-0
-0
-0
-0
-0
-0
-0
7.8914
-0
-0
-0
-0
27.4966
-0
-0
28.7148
7.62201
-0
39.4768
52.6818
18.3317
-0
-0
-0
-0
-0
-0
-0
0.0259009
26.0912
-0
-0
-0
-0
3.69433
-0
-0
-0
-0
-0
-0
-0
3.8048
-0
17.6143
-0
-0
-0
-0
-0
-0
-0
17.8221
-0
-0
-0
-0
-0
35.7014
-0
-0
-0
0.911103
-0
-0
-0
-0
2.04633
14.2923
-0
-0
-0
-0
0.0773294
-0
-0
-0
-0
-0
-0
-0
19.27
-0
-0
24.9834
6.40469
-0
-0
-0
-0
-0
1.19941
-0
-0
11.8829
-0
-0
-0
33.2965
10.0489
23.3878
-0
-0
-0
-0
-0
-0
-0
7.59391
-0
26.5671
-0
-0
6.77327
19.1496
-0
-0
-0
28.0264
10.122
-0
9.34302
-0
-0
-0
25.7153
21.9033
-0
-0
2.13738
-0
38.6066
29.0853
-0
-0
47.8709
-0
1.70203
11.021
-0
-0
24.3136
1.77833
-0
-0
-0
0.615569
-0
-0
2.61538
-0
21.7415
-0
-0
-0
-0
25.9677
-0
-0
44.4788
-0
-0
-0
-0
11.2994
-0
10.8497
-0
-0
-0
41.9017
-0
23.7023
17.0432
16.8751
3.62286
-0
-0
-0
-0
-0
11.4406
-0
-0
-0
-0
-0
19.2928
-0
-0
23.3606
1.75142
0.292601
-0
6.01924
8.97076
-0
-0
7.04887
-0
43.2832
-0
-0
2.98903
-0
-0
-0
-0
-0
-0
-0
-0
1.58177
-0
-0
-0
-0
-0
15.1438
-0
-0
-0
9.52613
-0
-0
-0
23.5519
16.9966
-0
-0
-0
25.1756
9.6222
-0
17.3799
6.20655
-0
-0
-0
-0
-0
43.7759
-0
-0
-0
-0
-0
8.64462
-0
-0
-0
24.9242
-0
5.33908
15.5493
55.2013
12.2542
-0
16.1126
19.5812
-0
22.1039
-0
17.9798
-0
-0
-0
-0
-0
-0
-0
-0
16.5804
-0
3.29895
-0
-0
26.7294
9.16873
-0
-0
17.1457
0.65295
-0
19.9097
-0
-0
-0
-0
-0
-0
-0
12.8298
-0
-0
7.1711
-0
-0
-0
-0
-0
-0
-0
-0
-0
-0
-0
-0
-0
-0
20.5103
-0
5.63091
-0
1.36015
-0
-0
39.1511
-0
-0
18.8866
-0
-0
4.83153
-0
-0
-0
-0
-0
-0
-0
-0
-0
4.17353
-0
-0
-0
-0
-0
-0
-0
-0
-0
-0
8.52021
25.4564
-0
-0
2.10899
0.762704
20.4756
-0
-0
-0
1.85511
13.508
1.49667
-0
-0
-0
-0
13.5236
9.41485
-0
19.9116
12.3327
-0
-0
-0
-0
-0
-0
0.143864
39.2696
-0
0.584017
0.345485
1.28036
-0
14.8105
-0
6.26885
16.901
5.03869
-0
-0
17.5263
-0
-0
27.6909
-0
-0
-0
-0
-0
4.85136
-0
-0
12.0366
-0
25.6861
5.93487
-0
-0
-0
44.8256
-0
-0
-0
-0
5.75892
-0
15.7063
-0
6.64112
26.9326
35.9515
1.99595
-0
-0
-0
-0
6.62734
1.29388
14.2152
8.90192
6.05621
5.36622
-0
-0
-0
-0
2.64667
-0
6.41952
-0
48.9234
-0
7.92122
17.1042
-0
-0
-0
11.419
-0
-0
-0
9.82665
-0
-0
26.9884
-0
-0
-0
-0
-0
-0
-0
36.398
-0
-0
-0
-0
-0
-0
-0
-0
-0
-0
-0
-0
-0
2.80066
-0
-0
13.2334
1.12097
-0
-0
11.2777
9.35022
31.3485
-0
-0
-0
-0
-0
17.8315
-0
25.869
12.1521
-0
9.49112
19.8278
-0
-0
-0
-0
-0
-0
5.25096
24.2909
17.905
-0
-0
-0
22.8735
-0
1.84482
-0
-0
-0
-0
-0
-0
-0
-0
-0
-0
19.5263
13.3068
-0
3.2762
-0
-0
-0
-0
13.058
-0
-0
-0
25.5145
-0
-0
-0
-0
-0
-0
37.0085
-0
-0
-0
5.08796
15.731
-0
-0
10.4071
-0
-0
-0
-0
11.4492
-0
-0
-0
26.4524
5.85615
-0
7.56361
-0
10.8817
-0
-0
-0
1.36041
-0
-0
-0
-0
12.2326
-0
-0
24.3144
-0
-0
3.36854
-0
-0
-0
-0
-0
-0
-0
11.3349
2.56249
19.9888
-0
-0
-0
-0
3.8591
-0
23.5161
33.7627
-0
-0
-0
-0
-0
-0
-0
-0
-0
-0
-0
-0
23.3099
-0
9.40774
2.60356
-0
-0
-0
21.6039
43.8293
7.48792
-0
-0
-0
-0
-0
-0
-0
6.88867
-0
-0
-0
-0
-0
50.8442
-0
-0
-0
-0
33.6522
21.9654
-0
-0
-0
-0
-0
-0
7.78523
-0
1.23636
-0
24.667
-0
-0
4.99905
-0
-0
-0
-0
3.86169
3.38041
-0
-0
-0
-0
0.0923729
-0
-0
-0
22.5557
-0
2.08858
8.75762
-0
-0
-0
-0
17.2676
-0
7.03045
-0
-0
-0
-0
7.98048
16.5491
-0
22.2784
0.239595
-0
-0
1.2861
-0
0.105909
-0
20.2518
23.6614
-0
-0
-0
-0
-0
-0
-0
-0
-0
-0
4.29626
-0
-0
-0
-0
1.10411
-0
-0
-0
-0
19.2256
29.8391
-0
45.1336
-0
23.8025
-0
-0
10.3302
12.1302
-0
32.8301
-0
-0
31.1887
0.659427
28.6048
-0
-0
-0
-0
20.0764
-0
-0
-0
47.7373
-0
-0
-0
-0
-0
7.57972
42.2061
-0
8.76975
9.33293
-0
-0
15.2824
-0
-0
-0
-0
-0
-0
-0
-0
10.0936
11.2549
-0
-0
-0
15.2557
-0
5.46626
28.1682
-0
-0
-0
-0
-0
-0
-0
-0
-0
-0
-0
-0
1.87691
3.2922
-0
-0
-0
-0
-0
-0
-0
-0
-0
-0
27.7155
-0
-0
-0
20.4889
-0
13.9341
-0
17.5013
-0
-0
-0
-0
-0
-0
-0
-0
-0
-0
14.8567
-0
-0
-0
-0
-0
-0
30.5812
-0
-0
-0
9.1015
-0
-0
-0
-0
-0
-0
1.10629
-0
-0
14.9069
-0
14.2745
-0
-0
-0
-0
-0
1.45063
24.2267
13.6429
-0
-0
-0
-0
-0
-0
4.19934
-0
26.2045
0.483419
-0
1.24598
8.07698
-0
-0
-0
-0
-0
-0
-0
-0
-0
-0
8.89602
29.0065
-0
-0
-0
15.0324
17.9334
-0
-0
31.8056
2.32519
-0
1.62727
1.33027
0.531578
-0
-0
23.4125
-0
-0
11.907
-0
-0
23.0996
27.537
-0
-0
-0
3.15434
-0
1.40639
-0
-0
-0
-0
37.1343
26.3517
-0
-0
5.05044
-0
-0
-0
-0
2.95796
-0
-0
-0
-0
9.06692
-0
12.1521
-0
10.2096
-0
-0
5.61547
-0
-0
-0
-0
-0
-0
27.5638
-0
-0
-0
9.40295
-0
-0
-0
-0
32.8405
-0
8.09953
-0
-0
-0
-0
27.4446
-0
-0
-0
-0
-0
15.7345
-0
-0
-0
-0
29.8162
-0
7.13699
2.33437
3.45025
-0
-0
-0
-0
-0
-0
-0
-0
-0
-0
28.2007
-0
-0
-0
-0
35.0516
-0
-0
-0
-0
10.1072
10.361
-0
-0
14.174
-0
-0
9.51653
-0
-0
17.0552
-0
-0
15.0977
-0
-0
-0
21.9459
-0
-0
-0
-0
10.0082
-0
-0
-0
-0
30.0755
38.1353
59.6969
-0
-0
-0
-0
9.74017
-0
-0
-0
-0
3.76763
-0
-0
-0
1.3111
-0
0.170108
-0
-0
-0
37.4921
-0
12.5028
-0
-0
-0
-0
-0
-0
-0
12.7064
8.24471
23.292
-0
-0
12.5833
-0
8.44971
-0
-0
-0
-0
34.0534
-0
8.74909
10.401
-0
-0
22.508
-0
-0
-0
13.8754
-0
-0
12.9041
-0
-0
10.0768
-0
6.61948
-0
-0
6.21542
17.2835
-0
21.3344
-0
-0
7.44955
26.1526
-0
1.56133
-0
1.44166
-0
-0
-0
5.14343
11.2136
-0
-0
16.0709
-0
-0
-0
33.59
-0
-0
-0
7.802
-0
19.6562
7.32706
-0
-0
-0
-0
-0
8.94552
-0
-0
-0
-0
28.6606
-0
6.33814
-0
0.797608
6.9414
32.2902
-0
8.48737
11.273
-0
6.47623
-0
21.1038
-0
-0
-0
-0
-0
25.5847
44.5619
-0
-0
21.8538
1.15323
-0
-0
-0
-0
-0
13.1641
11.4484
-0
0.49891
-0
20.4999
-0
5.51043
-0
13.4215
20.5353
25.0384
7.43275
-0
-0
-0
-0
19.7345
-0
11.1159
-0
-0
-0
11.1866
-0
29.7175
-0
-0
-0
37.3511
25.8446
-0
10.4556
-0
-0
31.6071
-0
-0
-0
-0
-0
-0
-0
-0
-0
-0
8.55106
-0
-0
10.496
-0
-0
-0
-0
-0
-0
-0
2.69534
25.4123
-0
-0
-0
-0
-0
7.79786
1.02301
-0
17.2216
-0
-0
-0
-0
-0
-0
-0
38.276
-0
18.6011
10.5465
-0
-0
-0
8.23847
-0
-0
-0
-0
-0
-0
-0
-0
2.1863
-0
-0
-0
2.78737
-0
19.9658
37.0945
-0
-0
-0
-0
40.9975
-0
-0
-0
-0
-0
-0
-0
12.4675
-0
-0
-0
-0
-0
7.33316
-0
-0
1.25194
8.99442
-0
0.875216
8.62932
-0
19.4542
-0
-0
-0
-0
-0
-0
-0
-0
-0
-0
-0
-0
-0
-0
-0
-0
-0
-0
-0
8.75671
-0
-0
-0
-0
-0
-0
-0
-0
-0
-0
-0
22.8651
7.76685
-0
-0
14.0001
-0
-0
-0
-0
-0
-0
-0
-0
-0
-0
-0
-0
-0
2.28634
52.4108
1.18317
-0
-0
7.23696
-0
-0
-0
-0
2.24393
32.7449
-0
-0
-0
-0
-0
3.89724
-0
-0
-0
-0
-0
-0
-0
-0
-0
-0
-0
-0
-0
9.18472
12.7186
-0
-0
-0
-0
20.3998
2.85041
-0
-0
-0
-0
-0
-0
-0
-0
-0
-0
-0
18.173
-0
-0
-0
-0
-0
-0
0.108375
21.4863
5.57215
-0
-0
-0
-0
15.8988
-0
-0
12.9328
-0
-0
-0
-0
-0
-0
-0
-0
-0
-0
-0
-0
-0
-0
21.1046
-0
-0
-0
-0
-0
27.4849
1.91017
36.5831
-0
-0
-0
-0
-0
1.24522
-0
44.745
-0
-0
-0
-0
-0
-0
-0
20.7284
-0
-0
30.2608
-0
-0
-0
-0
-0
-0
13.7471
-0
-0
-0
-0
2.33601
-0
5.81219
-0
-0
43.2186
-0
2.80656
-0
-0
-0
-0
-0
-0
-0
-0
24.9186
33.4692
20.3924
2.79743
-0
14.1913
23.6594
-0
-0
-0
-0
20.2337
25.7398
-0
30.8076
4.91236
-0
11.7604
-0
-0
34.7146
2.4453
-0
10.5588
-0
2.02195
-0
29.3093
-0
-0
-0
-0
-0
-0
6.64331
27.0573
17.3331
28.6036
17.2519
-0
11.2611
-0
3.99002
-0
-0
-0
5.90273
-0
2.22607
-0
-0
-0
-0
6.29966
-0
-0
40.5422
-0
4.85539
23.6439
-0
-0
9.33901
-0
-0
11.4207
2.27091
4.04713
-0
13.649
-0
21.6291
-0
-0
3.12867
5.99429
-0
12.2635
11.9908
-0
-0
-0
-0
-0
-0
1.89611
11.0671
-0
-0
-0
-0
-0
8.91682
-0
7.92001
4.97614
12.5754
-0
-0
7.30379
7.96167
-0
-0
-0
-0
-0
-0
45.6471
-0
-0
-0
15.4373
-0
-0
47.385
-0
-0
6.37245
5.84937
-0
-0
-0
11.1801
-0
-0
-0
-0
-0
14.8051
-0
0.478912
-0
-0
-0
-0
5.80913
2.85048
15.4062
-0
-0
-0
-0
-0
-0
4.39224
-0
-0
24.1354
-0
-0
-0
-0
16.6886
-0
-0
18.0823
-0
-0
-0
-0
-0
11.901
-0
-0
-0
-0
19.7398
18.9511
-0
-0
-0
43.0462
-0
-0
-0
-0
-0
-0
-0
-0
-0
3.1518
26.5529
-0
-0
10.8856
-0
-0
-0
-0
-0
-0
-0
-0
-0
-0
4.02933
19.0891
-0
4.34633
-0
-0
-0
-0
-0
-0
-0
-0
25.2694
-0
-0
-0
-0
16.2114
-0
-0
-0
-0
-0
-0
-0
16.9574
-0
-0
-0
-0
-0
9.48828
-0
14.4985
-0
-0
-0
-0
-0
-0
-0
0.382727
-0
4.33657
-0
-0
7.2432
38.9495
20.2855
-0
-0
-0
12.9262
-0
16.6201
-0
-0
-0
-0
-0
21.1269
-0
-0
-0
-0
-0
-0
-0
-0
27.3379
-0
-0
-0
-0
14.7929
-0
-0
-0
-0
-0
34.2055
-0
15.1561
-0
9.02678
14.8648
-0
16.8658
-0
-0
-0
9.10742
3.64152
24.2764
-0
33.4604
12.6428
-0
43.6421
25.312
2.95085
-0
35.2125
-0
15.4042
9.12592
3.69547
0.463012
-0
-0
-0
-0
0.220091
-0
-0
-0
0.44632
-0
-0
-0
17.1534
-0
-0
-0
-0
-0
23.6749
1.45783
-0
-0
-0
-0
-0
18.1099
11.4809
-0
-0
-0
4.60708
24.3312
1.00041
-0
-0
-0
-0
21.2363
-0
-0
-0
-0
-0
16.5351
-0
20.4318
15.7835
-0
25.7318
21.7869
8.55511
-0
24.19
-0
-0
-0
-0
-0
-0
4.02946
-0
6.68213
7.80502
11.2855
15.7729
-0
-0
-0
-0
0.944525
-0
52.4967
-0
11.0561
-0
0.689854
0.310122
27.8871
-0
-0
-0
6.19346
28.9944
-0
8.12335
-0
-0
3.92078
7.90344
-0
10.2236
12.7749
-0
-0
-0
0.357397
9.45318
2.75105
-0
-0
-0
-0
-0
-0
6.594
-0
-0
-0
7.93724
-0
-0
19.8518
30.9856
-0
-0
-0
6.29665
-0
3.21383
-0
-0
-0
-0
-0
-0
-0
-0
-0
-0
-0
35.9223
-0
-0
0.948806
-0
-0
40.4563
-0
-0
5.82061
-0
5.35955
-0
-0
-0
-0
-0
-0
11.234
-0
-0
-0
-0
-0
-0
18.5326
-0
22.4155
-0
-0
-0
-0
18.309
-0
10.1457
2.00392
-0
-0
-0
-0
-0
10.5347
-0
-0
-0
8.63486
-0
-0
6.35385
-0
15.2343
-0
9.3555
-0
6.14697
-0
25.1065
-0
26.5359
-0
37.6165
-0
39.041
-0
1.11786
1.37559
-0
-0
-0
6.85638
-0
17.66
-0
-0
31.6378
25.62
7.39984
9.31856
-0
-0
-0
-0
-0
-0
0.442699
-0
-0
-0
22.9469
-0
-0
-0
-0
-0
-0
-0
25.6443
-0
-0
1.57521
16.6568
-0
-0
-0
-0
-0
-0
-0
-0
-0
-0
-0
-0
18.7574
-0
8.64802
8.44434
-0
3.83838
-0
-0
-0
-0
-0
-0
17.945
22.3065
22.6121
15.8874
-0
-0
35.0729
7.81638
-0
25.532
-0
-0
4.3377
-0
-0
-0
6.57903
1.46931
-0
-0
-0
-0
-0
3.47707
-0
-0
-0
0.62516
-0
-0
-0
7.899
0.0219671
-0
24.1214
-0
-0
-0
-0
8.27116
-0
40.2601
-0
-0
-0
-0
20.7399
-0
15.5693
-0
-0
2.3456
-0
-0
-0
15.6588
-0
-0
-0
9.55724
-0
21.8809
-0
-0
19.1712
-0
8.61944
3.79093
-0
52.7622
15.635
-0
-0
-0
-0
-0
-0
-0
-0
-0
-0
-0
-0
-0
-0
-0
7.94045
-0
-0
-0
-0
-0
-0
18.1341
-0
1.82699
-0
-0
3.13983
6.73209
7.22205
32.942
-0
-0
43.7433
-0
-0
-0
3.09884
9.37877
17.1266
14.6384
-0
1.92958
-0
-0
-0
-0
-0
-0
21.5961
-0
-0
-0
5.55242
21.1548
15.2692
-0
-0
6.21185
-0
12.1377
-0
-0
-0
-0
-0
15.1242
27.4889
25.8384
-0
-0
-0
5.42536
1.9723
3.20975
-0
-0
-0
-0
-0
-0
-0
-0
-0
-0
-0
-0
-0
-0
-0
-0
-0
-0
-0
33.9873
-0
-0
-0
-0
3.16058
-0
-0
-0
-0
-0
23.1793
-0
34.6136
-0
-0
2.7615
-0
-0
4.84171
1.53732
-0
-0
1.93627
5.85009
-0
-0
3.95844
20.6626
-0
-0
-0
-0
-0
-0
18.7841
34.9187
7.32296
-0
6.70287
-0
-0
14.7148
37.9681
-0
-0
-0
2.68452
14.9541
-0
-0
-0
-0
15.9162
-0
10.2516
-0
0.19088
37.1268
-0
-0
-0
-0
-0
2.5892
-0
-0
34.8128
-0
-0
-0
-0
29.8852
22.5586
-0
17.4569
-0
5.73572
-0
-0
-0
9.18135
-0
-0
6.6731
18.3055
-0
-0
-0
-0
-0
-0
3.7615
2.8603
-0
-0
-0
-0
-0
19.5335
-0
-0
-0
-0
-0
11.263
-0
-0
-0
-0
-0
66.425
29.8676
-0
-0
-0
-0
-0
-0
-0
-0
23.2439
41.7664
-0
-0
-0
-0
-0
-0
0.463117
-0
-0
-0
-0
-0
-0
-0
-0
11.8828
-0
-0
16.8049
-0
-0
10.7507
-0
37.0851
-0
-0
-0
-0
-0
29.3175
-0
1.83688
-0
-0
-0
-0
5.43606
-0
-0
-0
8.66912
-0
-0
2.82174
-0
-0
-0
-0
15.7279
-0
-0
-0
-0
-0
-0
-0
24.5555
-0
9.09851
1.23013
-0
-0
-0
-0
0.357217
-0
18.2539
17.9404
15.997
-0
-0
-0
0.00655007
0.896457
-0
-0
-0
-0
-0
10.8339
13.8318
-0
-0
-0
-0
3.44292
-0
0.589749
-0
3.20167
-0
-0
-0
-0
-0
6.75539
-0
-0
-0
-0
-0
-0
-0
2.54134
-0
2.16484
-0
-0
3.11354
-0
-0
-0
-0
-0
-0
-0
-0
-0
-0
12.0616
-0
-0
-0
-0
37.9742
29.1925
32.1686
-0
-0
-0
-0
-0
-0
-0
-0
4.05325
-0
8.77625
-0
-0
1.47626
26.6533
-0
-0
-0
-0
-0
12.4056
-0
0.252456
-0
-0
9.41478
-0
-0
-0
-0
0.51164
-0
-0
-0
24.0581
-0
-0
-0
-0
-0
-0
-0
-0
-0
16.1051
1.38592
-0
-0
-0
31.1139
-0
15.5987
-0
8.96408
17.6626
-0
-0
-0
7.71372
1.12721
-0
12.6464
-0
-0
-0
-0
28.475
-0
30.1407
-0
-0
16.0854
-0
-0
-0
-0
-0
10.1298
-0
26.6817
-0
14.7696
32.202
-0
-0
-0
-0
12.6596
-0
-0
-0
-0
-0
-0
1.44678
13.8699
-0
8.10836
-0
-0
25.4591
-0
10.8604
-0
-0
7.93686
-0
-0
-0
-0
13.1261
-0
-0
-0
-0
23.9493
-0
-0
-0
1.07009
-0
-0
1.32597
-0
-0
5.61224
5.8206
-0
-0
-0
14.3252
5.86398
-0
-0
-0
0.0310663
-0
-0
-0
-0
10.2182
20.4806
0.145651
1.44816
-0
27.3396
-0
-0
12.4455
4.18839
-0
-0
-0
-0
-0
17.0258
-0
-0
-0
-0
-0
-0
10.0619
-0
30.2112
-0
29.7981
4.11871
19.9778
-0
4.0027
-0
8.96581
-0
-0
20.4026
-0
-0
-0
-0
10.3873
-0
-0
20.7304
-0
35.4718
-0
-0
-0
-0
-0
1.64129
2.78238
-0
-0
14.894
24.9234
-0
-0
-0
5.07938
-0
0.883228
8.88511
-0
-0
-0
-0
-0
0.466166
44.221
-0
-0
-0
-0
-0
-0
-0
-0
-0
-0
9.69417
-0
-0
-0
-0
9.46397
-0
-0
-0
-0
0.127737
5.88326
4.52897
29.666
-0
-0
-0
13.4967
23.6757
-0
-0
-0
48.1739
-0
7.49775
-0
-0
4.73312
-0
13.8746
14.9689
1.26493
-0
-0
-0
10.4571
38.6991
-0
-0
13.5407
9.08224
18.3525
-0
-0
4.02382
-0
-0
-0
21.9855
23.7473
-0
-0
17.1286
11.2351
-0
-0
52.9361
-0
-0
7.94409
-0
-0
7.90429
0.42705
-0
-0
-0
-0
-0
-0
-0
-0
6.51969
5.43355
-0
-0
0.96612
-0
19.4917
-0
-0
20.4788
-0
-0
-0
1.07292
-0
-0
-0
21.6672
-0
-0
-0
10.6114
35.0195
-0
-0
-0
8.31343
-0
2.75365
-0
3.56124
-0
-0
-0
15.179
-0
-0
-0
12.6467
-0
-0
21.2835
-0
22.4842
-0
-0
21.548
29.9674
-0
27.4382
-0
-0
-0
-0
-0
25.3512
-0
-0
-0
-0
-0
1.35551
-0
31.6397
-0
-0
-0
-0
-0
-0
-0
-0
-0
-0
5.37938
21.9481
-0
21.7323
-0
-0
23.8844
3.58681
-0
-0
-0
-0
-0
-0
-0
-0
-0
-0
7.61452
0.467123
-0
-0
32.3245
-0
26.4512
-0
-0
20.2834
-0
28.6222
6.32146
11.4469
-0
-0
6.3952
-0
-0
-0
9.30692
-0
0.720301
-0
12.1837
-0
-0
-0
-0
0.353323
-0
22.7819
-0
16.1278
-0
-0
-0
8.90322
18.9996
-0
-0
-0
-0
-0
-0
-0
-0
-0
-0
-0
-0
-0
-0
20.1831
-0
-0
0.850386
-0
2.669
-0
-0
-0
-0
2.0699
-0
-0
-0
-0
-0
-0
13.1637
-0
-0
26.6008
46.2397
11.1338
-0
-0
-0
30.99
-0
-0
-0
-0
-0
-0
6.05753
-0
-0
-0
2.1562
12.883
25.8138
18.9678
-0
-0
23.6401
-0
8.07901
-0
-0
-0
-0
-0
-0
-0
-0
-0
-0
10.278
22.9847
2.99259
0.974616
-0
-0
-0
-0
-0
8.40093
-0
13.5763
10.9258
-0
-0
-0
-0
-0
13.2552
-0
-0
-0
8.03715
-0
-0
5.54576
-0
6.11353
-0
-0
16.6164
-0
-0
-0
-0
38.4344
-0
-0
31.7786
-0
-0
-0
-0
31.1372
-0
-0
-0
-0
-0
-0
-0
32.3356
-0
-0
-0
-0
19.176
-0
-0
-0
1.21848
1.26983
-0
1.19277
15.0177
-0
-0
3.13606
-0
-0
-0
-0
18.9174
-0
32.1933
15.8962
13.3826
10.7983
-0
-0
1.98083
-0
34.061
19.9818
-0
-0
-0
22.2447
-0
23.4461
-0
19.5745
0.602656
-0
-0
50.6266
-0
-0
-0
-0
-0
-0
-0
-0
1.00239
-0
-0
-0
-0
20.1207
-0
-0
-0
-0
-0
36.549
-0
-0
29.343
-0
21.0981
1.60326
1.05041
-0
13.6919
-0
-0
-0
-0
-0
0.755358
-0
7.98966
-0
5.49825
-0
-0
6.21483
-0
-0
-0
-0
-0
-0
-0
19.1503
-0
-0
-0
-0
-0
-0
6.55063
-0
-0
-0
13.1954
3.94839
-0
1.88032
-0
12.8944
16.7024
-0
32.2869
2.99542
-0
14.028
35.6224
-0
-0
4.84538
-0
-0
-0
-0
22.0476
-0
-0
-0
-0
-0
-0
14.7387
-0
-0
-0
-0
-0
-0
5.48225
-0
9.17434
16.1565
7.43535
-0
-0
-0
-0
-0
3.67342
-0
-0
-0
17.4575
0.186129
-0
28.9257
-0
-0
28.5046
-0
-0
-0
-0
5.59713
-0
-0
-0
-0
-0
20.565
-0
-0
-0
-0
-0
-0
-0
14.9169
-0
4.02467
-0
0.249055
1.19816
-0
-0
-0
-0
-0
-0
-0
-0
-0
33.8364
-0
-0
33.7076
18.9409
-0
-0
-0
7.70505
-0
-0
-0
-0
-0
-0
-0
-0
31.9673
30.3658
17.1798
-0
-0
-0
-0
23.0274
-0
-0
-0
27.4332
-0
-0
-0
-0
-0
2.93362
-0
-0
-0
-0
-0
-0
-0
-0
13.7064
7.27522
-0
-0
-0
13.8012
-0
0.22883
-0
-0
-0
-0
-0
4.25422
-0
13.6795
5.6031
-0
-0
-0
18.4093
-0
-0
21.8467
8.61173
-0
-0
-0
-0
-0
9.29207
-0
14.7553
9.64035
-0
-0
-0
-0
19.8091
-0
-0
-0
-0
-0
30.3981
-0
-0
1.32492
-0
-0
5.64402
12.5981
-0
-0
6.4382
-0
-0
-0
-0
-0
-0
54.483
0.422553
-0
-0
19.426
-0
-0
24.7957
-0
-0
-0
39.9913
9.64569
-0
-0
0.845609
-0
-0
-0
-0
-0
-0
-0
-0
-0
9.76154
1.71187
6.50775
-0
0.992698
2.59753
8.84071
-0
46.1717
-0
11.1959
-0
18.1626
-0
-0
-0
-0
-0
12.9508
1.87617
-0
-0
-0
11.9553
-0
-0
-0
-0
-0
-0
10.5577
2.19148
31.2145
5.50889
-0
-0
-0
12.5876
-0
-0
13.0744
-0
-0
0.0574334
7.501
-0
-0
-0
3.12773
16.0166
-0
-0
-0
3.59522
33.0697
-0
9.70152
-0
-0
-0
-0
-0
30.9122
-0
25.124
10.2031
-0
-0
-0
-0
-0
-0
-0
-0
-0
13.0423
-0
-0
-0
-0
-0
17.149
2.43223
-0
-0
-0
-0
13.7667
-0
-0
-0
-0
-0
13.525
-0
29.7329
8.59338
21.3815
-0
27.5853
-0
10.4993
-0
27.5252
-0
-0
-0
2.97784
-0
17.7484
-0
-0
-0
-0
-0
-0
-0
-0
18.5017
4.57088
4.44474
-0
-0
-0
-0
-0
-0
-0
2.12681
-0
-0
-0
2.67688
-0
-0
-0
23.3256
5.83044
2.70192
4.99848
-0
-0
29.968
-0
-0
-0
-0
-0
-0
-0
19.613
-0
-0
-0
-0
-0
-0
-0
-0
11.6196
4.00948
11.0778
16.9333
-0
-0
-0
-0
1.98292
2.43147
14.2828
4.63707
-0
-0
-0
-0
-0
-0
-0
-0
-0
-0
22.5378
-0
-0
22.0706
-0
5.33857
-0
44.5498
-0
-0
1.09116
-0
-0
-0
-0
1.9394
-0
25.9197
51.1468
18.264
-0
16.6223
45.9545
-0
-0
-0
-0
-0
-0
21.6293
-0
-0
-0
-0
-0
-0
7.64191
-0
-0
-0
22.1979
-0
31.4788
22.1615
-0
-0
-0
-0
-0
-0
-0
-0
-0
-0
25.4358
-0
-0
0.973654
22.0299
-0
-0
-0
-0
-0
-0
-0
44.3415
-0
17.2956
-0
-0
-0
34.2472
2.38844
-0
-0
-0
-0
24.4651
1.31802
41.1056
8.05925
-0
-0
-0
-0
21.4514
-0
-0
-0
-0
-0
21.0945
-0
14.0843
-0
7.26471
-0
19.5116
-0
-0
7.55885
-0
-0
-0
-0
3.64081
-0
26.1944
-0
10.3913
-0
-0
-0
-0
-0
-0
-0
-0
-0
-0
-0
-0
4.08436
-0
-0
-0
-0
19.3006
9.23988
-0
-0
-0
-0
-0
-0
-0
-0
-0
-0
15.3784
-0
13.9431
13.8889
-0
-0
-0
-0
-0
-0
-0
-0
-0
-0
-0
21.1773
-0
6.17443
-0
-0
15.9838
-0
-0
-0
-0
-0
12.3813
19.9868
32.1019
15.765
-0
-0
-0
-0
9.37289
-0
-0
-0
-0
-0
-0
23.6756
-0
-0
-0
-0
36.6314
-0
-0
-0
-0
-0
-0
-0
-0
-0
-0
8.00928
-0
13.6706
7.77533
-0
-0
-0
-0
0.0931287
-0
-0
19.5101
11.5097
-0
-0
-0
-0
27.7603
-0
-0
-0
-0
-0
-0
-0
-0
-0
13.0876
-0
2.92175
17.4981
-0
-0
5.06397
-0
-0
-0
-0
-0
-0
7.44042
-0
9.21767
-0
-0
-0
6.0579
-0
-0
-0
-0
12.1126
-0
-0
-0
-0
5.71414
-0
-0
-0
21.9628
2.24712
-0
-0
11.2166
-0
-0
-0
0.213304
-0
-0
19.6562
-0
4.78621
20.2175
-0
7.02426
-0
-0
-0
-0
7.9632
-0
-0
-0
-0
13.3259
-0
-0
-0
-0
-0
-0
8.99874
-0
-0
-0
-0
-0
-0
-0
-0
-0
-0
-0
-0
-0
30.882
12.4931
21.3049
12.8599
-0
-0
4.45775
47.2992
-0
-0
-0
16.9414
-0
-0
4.82573
-0
-0
6.59523
10.4838
-0
17.5002
-0
-0
-0
-0
-0
-0
-0
-0
-0
-0
-0
-0
-0
30.3478
-0
-0
-0
14.6918
-0
-0
-0
8.32518
-0
-0
-0
-0
30.8776
-0
18.7833
7.22543
13.7988
-0
-0
13.5413
19.3355
-0
-0
10.7553
18.8959
24.3712
-0
-0
11.6013
-0
12.8856
20.5281
-0
-0
3.83663
-0
-0
28.4486
-0
-0
-0
-0
-0
-0
-0
-0
1.49987
-0
10.2122
20.3637
-0
-0
-0
-0
34.1903
11.6332
2.74834
-0
-0
-0
17.6048
-0
-0
8.37022
-0
-0
19.5494
-0
-0
13.3557
-0
11.2279
-0
-0
6.36363
-0
4.8892
-0
-0
40.8552
-0
-0
-0
-0
7.89155
-0
3.08225
22.1196
19.9488
43.948
6.9417
29.7425
9.02838
-0
-0
-0
4.00215
-0
-0
-0
-0
-0
9.77238
-0
-0
